{
  "X": [
    [23, 94, 133, 166, 22],
    [0, 81, 23, 35, 5],
    [6, 64, 36, 92, 7],
    [2, 51, 13, 52, 2],
    [24, 284, 216, 416, 33],
    [5, 57, 36, 73, 11],
    [5, 49, 46, 186, 7],
    [3, 17, 20, 141, 13],
    [84, 360, 346, 908, 116],
    [74, 281, 377, 671, 126],
    [2, 73, 12, 40, 4],
    [1, 14, 16, 12, 2],
    [5, 28, 71, 91, 12],
    [1, 30, 30, 131, 8],
    [9, 92, 40, 63, 7],
    [0, 12, 13, 8, 1],
    [1, 3, 4, 2, 2],
    [3, 17, 17, 69, 7],
    [8, 18, 22, 107, 6],
    [33, 82, 203, 478, 46],
    [16, 70, 53, 176, 13],
    [44, 176, 279, 592, 73],
    [2, 52, 17, 42, 8],
    [35, 182, 358, 474, 66],
    [24, 132, 228, 285, 41],
    [18, 45, 76, 109, 19],
    [40, 154, 93, 337, 53],
    [10, 59, 105, 310, 19],
    [3, 56, 45, 159, 7],
    [22, 238, 203, 351, 31],
    [3, 74, 91, 93, 15],
    [71, 256, 200, 626, 79],
    [20, 70, 66, 219, 32],
    [6, 125, 159, 231, 22],
    [1, 29, 9, 26, 2],
    [16, 196, 245, 282, 34],
    [12, 94, 145, 207, 15],
    [20, 251, 265, 245, 41],
    [12, 91, 118, 126, 15],
    [16, 88, 126, 202, 15],
    [9, 187, 306, 369, 31],
    [8, 62, 117, 234, 18],
    [19, 115, 171, 184, 33],
    [64, 315, 457, 452, 77],
    [28, 157, 220, 206, 38],
    [36, 218, 368, 394, 56],
    [4, 96, 60, 88, 14],
    [2, 19, 80, 155, 5],
    [15, 96, 66, 131, 14],
    [48, 509, 707, 773, 95],
    [1, 40, 22, 75, 3],
    [10, 33, 57, 46, 9],
    [22, 143, 131, 219, 32],
    [26, 219, 278, 515, 66],
    [8, 25, 108, 97, 43],
    [40, 322, 410, 811, 90],
    [5, 78, 59, 85, 7],
    [83, 851, 540, 918, 171],
    [5, 94, 36, 121, 14]
  ],
  "W": [
    [16, 33, 158, 59, 104, 48, 20],
    [3, 56, 35, 24, 12, 3, 11],
    [16, 29, 61, 45, 37, 11, 6],
    [4, 31, 23, 25, 29, 4, 4],
    [43, 140, 314, 199, 166, 58, 53],
    [12, 32, 57, 43, 22, 6, 10],
    [20, 20, 58, 114, 50, 12, 19],
    [21, 5, 32, 85, 31, 15, 5],
    [167, 149, 447, 443, 346, 171, 91],
    [98, 107, 458, 366, 325, 108, 67],
    [3, 38, 39, 21, 17, 6, 7],
    [1, 7, 20, 6, 3, 4, 4],
    [9, 12, 68, 43, 53, 3, 19],
    [26, 15, 36, 71, 34, 10, 8],
    [12, 60, 64, 37, 17, 12, 9],
    [1, 8, 12, 1, 9, 1, 2],
    [0, 1, 3, 0, 7, 1, 0],
    [21, 4, 34, 28, 20, 4, 2],
    [10, 6, 39, 63, 24, 15, 4],
    [58, 29, 274, 270, 133, 45, 33],
    [30, 25, 68, 96, 75, 15, 19],
    [77, 49, 333, 314, 270, 69, 52],
    [5, 25, 39, 20, 24, 3, 5],
    [47, 66, 429, 237, 208, 78, 50],
    [24, 50, 288, 143, 112, 59, 34],
    [17, 14, 98, 57, 38, 30, 13],
    [100, 54, 158, 164, 127, 44, 30],
    [38, 23, 138, 180, 71, 35, 18],
    [27, 21, 85, 88, 37, 8, 4],
    [59, 78, 338, 160, 145, 36, 29],
    [10, 39, 120, 38, 47, 11, 11],
    [126, 80, 278, 308, 258, 130, 52],
    [38, 41, 76, 112, 77, 42, 21],
    [21, 52, 224, 95, 95, 25, 31],
    [8, 15, 21, 13, 7, 2, 1],
    [31, 74, 361, 140, 92, 38, 37],
    [14, 40, 200, 97, 82, 23, 17],
    [27, 117, 358, 125, 98, 52, 45],
    [9, 33, 167, 52, 58, 22, 21],
    [17, 27, 185, 98, 54, 48, 18],
    [58, 67, 414, 164, 122, 42, 35],
    [19, 23, 146, 132, 60, 26, 33],
    [14, 40, 216, 97, 83, 36, 36],
    [50, 118, 583, 232, 220, 96, 66],
    [25, 66, 281, 92, 98, 46, 41],
    [37, 61, 458, 216, 188, 74, 38],
    [20, 46, 86, 46, 30, 12, 22],
    [12, 8, 60, 111, 46, 17, 7],
    [21, 50, 92, 63, 57, 27, 12],
    [95, 159, 912, 407, 388, 93, 78],
    [11, 25, 34, 41, 13, 14, 3],
    [7, 15, 65, 24, 23, 15, 6],
    [47, 51, 206, 113, 76, 22, 32],
    [97, 101, 366, 240, 191, 59, 50],
    [4, 16, 114, 80, 37, 10, 20],
    [145, 129, 532, 446, 260, 93, 68],
    [7, 42, 75, 51, 35, 12, 12],
    [169, 411, 812, 499, 353, 144, 175],
    [21, 56, 71, 87, 18, 6, 11]
  ],
  "method": "mvn_pdf",
  "cond_prob": [
    [
      [0.058813866552, 0.091961367881, 0.00010349624306, 0.78736629213, 0.06175497719],
      [0.00017324941855, 0.98982976109, 0.0012613891314, 0.007014920571, 0.001720679793],
      [0.0021721210265, 0.21994557223, 0.64737283563, 0.11590940115, 0.014600069962],
      [0.0035969651392, 0.015990926766, 0.026615483244, 0.90567714394, 0.048119480912],
      [0.053625699001, 0.13577394163, 0.20130721683, 0.52257585054, 0.086717292002],
      [0.32743364146, 0.052235520196, 0.091002780855, 0.4723338586, 0.056994198887],
      [0.010197867629, 0.37707880035, 0.18987063237, 0.22010482019, 0.20274787946]
    ],
    [
      [0, 0.17853403317, 0.00053421859079, 0.74811148827, 0.072820259965],
      [0, 0.98509277103, 0.0073442782757, 0.0045984761006, 0.0029644745954],
      [0, 0.39227485991, 0.51447436767, 0.079878103683, 0.013372668732],
      [0, 0.030059856956, 0.027648661782, 0.88790779933, 0.054383681929],
      [0, 0.28557947834, 0.18584755466, 0.44175964984, 0.086813317161],
      [0, 0.2333066329, 0.12648805001, 0.56243465967, 0.07777065741],
      [0, 0.61102476547, 0.11884656396, 0.12765548033, 0.14247319024]
    ],
    [
      [0.046192009895, 0.11646911029, 0.00085279986616, 0.7931475222, 0.043338557749],
      [0.00062131987425, 0.99561042968, 0.00081555151721, 0.002203684318, 0.00074901460696],
      [0.0029570736846, 0.35735616834, 0.48017119688, 0.14660527615, 0.01291028495],
      [0.0036560357274, 0.015125102447, 0.014519421888, 0.93159867887, 0.035100761064],
      [0.046678444442, 0.18488990434, 0.12600026481, 0.5753896221, 0.06704176431],
      [0.28362819072, 0.07953891129, 0.063139649751, 0.53028647106, 0.043406777172],
      [0.0084989867539, 0.5114302352, 0.11039021142, 0.20971720092, 0.15996336571]
    ],
    [
      [0.029772536323, 0.12486270952, 0.00021886696987, 0.82168172394, 0.023464163245],
      [5.3748054539e-06, 0.98702839224, 0.0013605462168, 0.011378075705, 0.00022761102944],
      [0.0018862865307, 0.4401080684, 0.39643014152, 0.15667857723, 0.0048969263169],
      [0.0025178161862, 0.027635320942, 0.012063785309, 0.9408432935, 0.016939784063],
      [0.032629902281, 0.216313299, 0.10300641307, 0.61613448695, 0.031915898699],
      [0.20196057213, 0.10961251631, 0.054587879403, 0.60758767829, 0.026251353866],
      [0.0050759465492, 0.59444116734, 0.08298055375, 0.23440307724, 0.083099255129]
    ],
    [
      [0.040891926974, 0.087494135749, 0.00019014846076, 0.82892972251, 0.042494066303],
      [3.7623624874e-06, 0.99684227903, 0.00055959356447, 0.0019311174104, 0.00066324763231],
      [0.0014315773125, 0.27691927296, 0.55914304067, 0.15227542243, 0.010230686622],
      [0.0022736946893, 0.01488932734, 0.016768738113, 0.93464641909, 0.031421820768],
      [0.039806603865, 0.14629161767, 0.15002203411, 0.60071662609, 0.063163118268],
      [0.2467223576, 0.063822090323, 0.077374606575, 0.56939717985, 0.042683765656],
      [0.0079499416562, 0.42977576371, 0.14366418902, 0.2553311149, 0.16327899071]
    ],
    [
      [0.063384838819, 0.099671072915, 0.0013484101397, 0.75794700349, 0.07764867464],
      [0.00030513137467, 0.99689816556, 0, 0.00012349764649, 0.0026732054173],
      [0.0036489330633, 0.28487100461, 0.54166273509, 0.14442459113, 0.025392736107],
      [0.0045704174808, 0.01433024175, 0.014490453293, 0.90323095702, 0.063377930458],
      [0.063976037625, 0.13759897237, 0.13467713708, 0.54352824018, 0.12021961275],
      [0.3841240394, 0.036631536134, 0.056165100037, 0.44867435158, 0.074404972844],
      [0.011288352974, 0.38023915603, 0.11860660704, 0.21798837939, 0.27187750457]
    ],
    [
      [0.02936132047, 0.064060406258, 0.0013457616302, 0.88218461129, 0.023047900353],
      [1.8328716604e-05, 0.97671078432, 0.0020692709149, 0.020700710107, 0.00050090593892],
      [0.0012209626987, 0.23104235042, 0.57735513528, 0.18496725843, 0.0054142931655],
      [0.0015215619039, 0.01157758927, 0.015019878061, 0.95969814887, 0.012182821896],
      [0.031063798399, 0.10889812681, 0.13683988094, 0.68421454627, 0.038983647577],
      [0.20586223803, 0.047151691827, 0.071543165112, 0.64683303919, 0.028609865843],
      [0.0076103340207, 0.39229200234, 0.15959596712, 0.30715156992, 0.1333501266]
    ],
    [
      [0.01826888327, 0.039905208531, 0.0002881308679, 0.87661763854, 0.064920138788],
      [7.9805155664e-06, 0.98643122813, 0.00050003465493, 0.0091437588183, 0.0039169978849],
      [0.00052315087735, 0.21331070104, 0.49208839373, 0.26015590477, 0.033921849579],
      [0.00045656119545, 0.0025952245146, 0.0060011687113, 0.94104984906, 0.049897196518],
      [0.014095825185, 0.0790374537, 0.083910319689, 0.71048648774, 0.11246991368],
      [0.13997559041, 0.032056222061, 0.044571057635, 0.70628587803, 0.07711125187],
      [0.0048321164406, 0.2504587135, 0.092947072774, 0.32234307663, 0.32941902066]
    ],
    [
      [0.054785282419, 0.078977201324, 5.0351827316e-05, 0.79688040269, 0.069306761738],
      [9.9586354936e-05, 0.98998730257, 0.00048240385022, 0.0071718498189, 0.0022588574103],
      [0.0021410833095, 0.24521177756, 0.58470040261, 0.14659631579, 0.021350420737],
      [0.0032960840278, 0.013111374674, 0.017045137444, 0.91227002396, 0.054277379892],
      [0.053110169577, 0.12441790151, 0.15017485089, 0.56856425766, 0.10373282036],
      [0.31052281583, 0.049472159776, 0.071840163918, 0.50202435441, 0.066140506062],
      [0.010365602464, 0.35578420331, 0.14024693166, 0.23756918244, 0.25603408013]
    ],
    [
      [0.075975868128, 0.080024135541, 0.0010279146403, 0.74486310844, 0.098108973251],
      [3.4964044291e-05, 0.99144876192, 0.0016911088749, 0.0043009957223, 0.0025241694409],
      [0.0018856790114, 0.21428127586, 0.63702587442, 0.12279425106, 0.024012919656],
      [0.0041124401513, 0.01332511388, 0.022828737525, 0.88063984209, 0.079093866356],
      [0.069474552812, 0.11740890158, 0.17711961172, 0.49627744462, 0.13971948927],
      [0.37740008796, 0.044663642949, 0.080425710947, 0.41491504657, 0.082595511576],
      [0.012587918285, 0.31452589132, 0.15455666727, 0.19236216581, 0.32596735731]
    ],
    [
      [0.031391217552, 0.16747420219, 0.00035449603456, 0.74629983278, 0.054480251449],
      [0.0016062701863, 0.96945711426, 0.0037943965587, 0.021524132614, 0.0036180863839],
      [0.0025339707813, 0.59743425178, 0.25181623379, 0.13311607715, 0.0150994665],
      [0.0026922394543, 0.025636128184, 0.011103866874, 0.91921170942, 0.041356056067],
      [0.027473785479, 0.34161331869, 0.072376109221, 0.49040923299, 0.068127553623],
      [0.19943349763, 0.18766134626, 0.042350287057, 0.52004131545, 0.050513553606],
      [0.0036815503323, 0.69807400643, 0.045177077339, 0.14157224319, 0.11149512271]
    ],
    [
      [0.023944392748, 0.11749643801, 0.010945177912, 0.78621578256, 0.061398208777],
      [4.9462250072e-06, 0.99483597533, 0.001110456858, 0.00097001988372, 0.0030786017044],
      [0.0042291863763, 0.21869354723, 0.68457663309, 0.07628206666, 0.016218566637],
      [0.0023539566619, 0.023721338929, 0.035400866058, 0.89186873213, 0.046655106221],
      [0.022455789015, 0.14588957874, 0.23602046109, 0.50576120113, 0.089872970024],
      [0.1983324372, 0.070043745066, 0.13437131323, 0.53203807951, 0.065214424997],
      [0.0041541000858, 0.42115225999, 0.20794928243, 0.17117610771, 0.19556824979]
    ],
    [
      [0.053389395501, 0.05014463228, 0.00040823215671, 0.8443969628, 0.051660777265],
      [0.0003911949727, 0.9556691315, 0.014483460483, 0.026445025606, 0.0030111874364],
      [0.003451467313, 0.10541446862, 0.74997961888, 0.12785014635, 0.013304298841],
      [0.0035259371895, 0.0044769195006, 0.040329129197, 0.91101645327, 0.040651560841],
      [0.050844623887, 0.067941323871, 0.24626610359, 0.55821470605, 0.076733242593],
      [0.40015579517, 0.021246469828, 0.065829707235, 0.44942494814, 0.063343079628],
      [0.012276503834, 0.26607093433, 0.25474553333, 0.2253639642, 0.2415430643]
    ],
    [
      [0.0034710890212, 0.058566080695, 0.003328825622, 0.89203766215, 0.042596342508],
      [1.9569780666e-06, 0.98785900008, 0.00092115499725, 0.0096082157022, 0.001609672246],
      [0.00014403473445, 0.19690585605, 0.61164870715, 0.17683761155, 0.014463790519],
      [0.00017221901983, 0.0034904732311, 0.015130201241, 0.95208235015, 0.029124756354],
      [0.0037614376344, 0.097224895355, 0.14093621454, 0.69184088366, 0.066236568804],
      [0.074600468725, 0.057573818845, 0.080684968532, 0.73729815117, 0.049842592727],
      [0.0023019953889, 0.30519723164, 0.15091931043, 0.35041563945, 0.19116582309]
    ],
    [
      [0.10089333937, 0.14313677072, 0.0022818471923, 0.69864024726, 0.055047795466],
      [0, 0.99406493069, 0.0020467925808, 0.0019453681026, 0.0019429086224],
      [0.001431788416, 0.33650589825, 0.53721103032, 0.11002547086, 0.014825812154],
      [0.0033225557603, 0.023672441906, 0.021519628973, 0.90294172689, 0.048543646466],
      [0.10027166559, 0.16622500653, 0.16102431927, 0.48745881565, 0.08502019297],
      [0.47739266811, 0.070791757357, 0.063046310644, 0.34764686166, 0.04112240223],
      [0.015708952618, 0.50565320801, 0.13090099009, 0.17672874564, 0.17100810364]
    ],
    [
      [0, 0.12448123234, 0.0031371713566, 0.8403412402, 0.032040356098],
      [0, 0.9941620241, 0, 0.0029498553109, 0.0028881205847],
      [0, 0.15642420982, 0.76525690449, 0.069465011083, 0.0088538746146],
      [0, 0.0090552005168, 0.019681623842, 0.93573970783, 0.035523467814],
      [0, 0.12131334616, 0.31946169957, 0.49924835391, 0.059976600367],
      [0, 0.17018838514, 0.27907954583, 0.51450999923, 0.036222069796],
      [0, 0.38703417795, 0.31993175453, 0.17949744605, 0.11353662147]
    ],
    [
      ["NaN", "NaN", "NaN", "NaN", "NaN"],
      [0.0087861549453, 0.77219297679, 0.11338043259, 0.064000000119, 0.041640435549],
      [0.015867070045, 0.23481078876, 0.66082691385, 0.047578843838, 0.04091638351],
      ["NaN", "NaN", "NaN", "NaN", "NaN"],
      [0.090794465189, 0.19813729708, 0.23719820777, 0.23000823653, 0.24386179343],
      [0.3080513786, 0.13641357738, 0.24375137149, 0.18320581263, 0.12857785991],
      ["NaN", "NaN", "NaN", "NaN", "NaN"]
    ],
    [
      [0.042455022925, 0.053960122736, 0, 0.82767630131, 0.075908553031],
      [0.00020321050664, 0.98269137646, 0, 0.01401014505, 0.0030952679811],
      [0.0052117304643, 0.26350105019, 0.43876838082, 0.25993273687, 0.032586101653],
      [0.0037247759589, 0.012441441203, 0.0077562627438, 0.92802814245, 0.04804937764],
      [0.039773208535, 0.092195719943, 0.076976549457, 0.68900761219, 0.10204690987],
      [0.25302019324, 0.037941943001, 0.038282299524, 0.603161919, 0.067593645235],
      [0.0092970851205, 0.31649684277, 0.086019754107, 0.27372806503, 0.31445825298]
    ],
    [
      [0.058236652533, 0.038210359062, 0, 0.86464293137, 0.038910057035],
      [0.00032755943034, 0.98419602467, 0.00046168827441, 0.012773821032, 0.0022409065936],
      [0.0052996975356, 0.21145652155, 0.48253862232, 0.28069970127, 0.020005457324],
      [0.0057715092719, 0.0053530737441, 0.005682418143, 0.95511619122, 0.028076807619],
      [0.067196027518, 0.070036553848, 0.079901228003, 0.71567696396, 0.067189226677],
      [0.34433587452, 0.024537433583, 0.033622052743, 0.56123686329, 0.036267775863],
      [0.016908012976, 0.26993336972, 0.099567748403, 0.39062981985, 0.22296104906]
    ],
    [
      [0.067930940286, 0.033194223165, 0.0017297599041, 0.8394526821, 0.057692394543],
      [7.443219343e-05, 0.98615118619, 0.0022070472639, 0.0073292932403, 0.0042380411144],
      [0.0054881002063, 0.13064004035, 0.6320831359, 0.20793964245, 0.023849081097],
      [0.0018215014547, 0.0019258176136, 0.01615123217, 0.93608327299, 0.044018175771],
      [0.071850884763, 0.055277065039, 0.13378145929, 0.64594855404, 0.093142036863],
      [0.37634708566, 0.01959528142, 0.054093133452, 0.49698123826, 0.052983261209],
      [0.017288350077, 0.20992034944, 0.15324038007, 0.33654350864, 0.28300741177]
    ],
    [
      [0.083026561129, 0.095580932799, 0.00089708083333, 0.78138940378, 0.039106021459],
      [0.00012270774347, 0.98136477558, 0.0018774638929, 0.015982789478, 0.00065226330449],
      [0.0019269282484, 0.29706177994, 0.547219193, 0.14287742205, 0.010914676755],
      [0.0033146336081, 0.017209989141, 0.016961616128, 0.93146073463, 0.031053026489],
      [0.082100686272, 0.15233890368, 0.14188407274, 0.56296549063, 0.06071084667],
      [0.43937723141, 0.050028554623, 0.057675381236, 0.41824119351, 0.034677639226],
      [0.0162468202, 0.45106560723, 0.13581550163, 0.23825385396, 0.15861821698]
    ],
    [
      [0.057710406035, 0.076217624167, 0.00047987629868, 0.79823397172, 0.067358121779],
      [3.4116886286e-05, 0.9959845624, 0.00049811137532, 0.0011855181747, 0.0022976911616],
      [0.0021501014582, 0.20406898861, 0.63370922014, 0.14072812503, 0.019343564757],
      [0.0034804178079, 0.010943618339, 0.020612321391, 0.91226989567, 0.052693746788],
      [0.056277545123, 0.1109234004, 0.17417709961, 0.55749913457, 0.1011228203],
      [0.3184548778, 0.044089539084, 0.082794531531, 0.4922718037, 0.062389247887],
      [0.011105159213, 0.32586987906, 0.16731852445, 0.24367615619, 0.25203028109]
    ],
    [
      [0.034488609627, 0.14968550255, 0.00053082585676, 0.72696260092, 0.088332461042],
      [0.0012230595136, 0.98810378347, 0.00066715313751, 0.0065608399297, 0.0034451639519],
      [0.0031614646689, 0.46094392102, 0.36212842231, 0.14368729194, 0.030078900065],
      [0.0030561288145, 0.021534570696, 0.011341932908, 0.88971684313, 0.074350524454],
      [0.034905089029, 0.22191080931, 0.090271270287, 0.51754452363, 0.13536830774],
      [0.24980760344, 0.077246186403, 0.048048202822, 0.52472542197, 0.10017258537],
      [0.0050831637267, 0.51677511685, 0.064032963729, 0.16155598321, 0.25255277248]
    ],
    [
      [0.049824129189, 0.066166447315, 0.00028080844383, 0.80743521215, 0.076293402902],
      [4.9860960241e-05, 0.99295134928, 0.0007476770825, 0.0034344124236, 0.0028167002546],
      [0.0016898786098, 0.16950223473, 0.6821590945, 0.12742217771, 0.019226614451],
      [0.002854525482, 0.008968324152, 0.024503720731, 0.90736215836, 0.056311271272],
      [0.045185283812, 0.098588487523, 0.20116476002, 0.54981733757, 0.10524413108],
      [0.27439621557, 0.041902064458, 0.10202328171, 0.51206720251, 0.069611235752],
      [0.0090410158863, 0.29477339933, 0.1936747181, 0.23623360064, 0.26627726604]
    ],
    [
      [0.051009691462, 0.069345575457, 0.00019573216747, 0.79925210323, 0.080196897687],
      [7.5195240925e-05, 0.99129147112, 0.00060703385682, 0.005360334854, 0.0026659649326],
      [0.0017854031295, 0.18718379542, 0.66310132725, 0.12819910791, 0.019730366288],
      [0.0028950000147, 0.011100861339, 0.024595337837, 0.9044424858, 0.056966315011],
      [0.0450258688, 0.10746713342, 0.19354755502, 0.54769565616, 0.10626378659],
      [0.27964655298, 0.044601111671, 0.094456471298, 0.50974114497, 0.071554719084],
      [0.0088759590648, 0.31197034848, 0.18306991789, 0.23166685847, 0.26441691609]
    ],
    [
      [0.087286820242, 0.075091962746, 0.0036435179064, 0.74610508359, 0.087872615517],
      [0, 0.99529221527, 0.00055479037187, 0.0012609192429, 0.0028920751148],
      [0.0012985091519, 0.20195343061, 0.6493852124, 0.12321899337, 0.024143854458],
      [0.0035363865576, 0.012702224336, 0.022455185433, 0.88894180892, 0.07236439475],
      [0.080904505896, 0.10976041826, 0.17725472295, 0.50407379875, 0.12800655414],
      [0.43049818361, 0.037657558697, 0.071464436077, 0.38907280074, 0.071307020884],
      [0.015229184077, 0.30563538287, 0.16392186084, 0.20972522122, 0.30548835099]
    ],
    [
      [0.093888259923, 0.091519561554, 0, 0.72113457115, 0.093457607375],
      [0.00012788716518, 0.98566926485, 0, 0.012145760805, 0.0020570871762],
      [0.0017316694049, 0.34199982206, 0.46236910761, 0.16509816369, 0.028801237236],
      [0.0038525710054, 0.021057895415, 0.011779132343, 0.89314676674, 0.070163634501],
      [0.082903716975, 0.15486039377, 0.10511428075, 0.53170374645, 0.12541786206],
      [0.4255403348, 0.055558445896, 0.044288467337, 0.40638496387, 0.068227788098],
      [0.014876530091, 0.40068650603, 0.090523235815, 0.20872593286, 0.28518779521]
    ],
    [
      [0.027784965896, 0.043966411206, 0.0018249201222, 0.88539811423, 0.041025588542],
      [9.7631098464e-06, 0.99071400875, 0.0017009845071, 0.0054864959764, 0.0020887476555],
      [0.0005655913703, 0.16419915631, 0.62236655606, 0.19862805758, 0.014240638684],
      [0.00070879605979, 0.002866108182, 0.017211107656, 0.94993244325, 0.029281544854],
      [0.029115763028, 0.075868392807, 0.14509654516, 0.68176491952, 0.068154379487],
      [0.18699681051, 0.032619326416, 0.07545581269, 0.65909362219, 0.045834428189],
      [0.0070113500892, 0.26884104531, 0.1646743404, 0.35314358104, 0.20632968316]
    ],
    [
      [0.022500093063, 0.070636058924, 5.6526785705e-05, 0.87486957601, 0.031937745221],
      [7.6635413002e-06, 0.98499168929, 0.0010735969757, 0.013284632355, 0.0006424178398],
      [0.00047902765031, 0.29821563892, 0.46674650852, 0.22293337317, 0.011625451738],
      [0.00053901689412, 0.013401482005, 0.0091865115605, 0.95400452548, 0.022868464059],
      [0.023718633665, 0.12510631591, 0.098156307495, 0.6978366116, 0.055182131325],
      [0.1751785529, 0.051985658802, 0.051044350606, 0.67969785313, 0.042093584558],
      [0.0062919617929, 0.4588805625, 0.11348095411, 0.23506793811, 0.18627858348]
    ],
    [
      [0.049006453146, 0.11012657148, 0.0013503626619, 0.79175800919, 0.047758603518],
      [0.00012348159426, 0.99526095343, 0.00098824977886, 0.0026908483313, 0.00093646686653],
      [0.0022255264028, 0.32517591568, 0.51535217232, 0.1435882255, 0.013658160097],
      [0.0031156991319, 0.016689473208, 0.01659122139, 0.9250369578, 0.038566648471],
      [0.048240847658, 0.17237512661, 0.13833572291, 0.56837996237, 0.072668340455],
      [0.29423164496, 0.069702086008, 0.067060072994, 0.52075650126, 0.048249694783],
      [0.0089995098594, 0.47547359476, 0.12161286227, 0.21983893896, 0.17407509415]
    ],
    [
      [0.024785722573, 0.076327366219, 0.0001369051722, 0.81889075628, 0.07985924976],
      [3.5804708013e-06, 0.99459565378, 0.00040582533856, 0.0021935701198, 0.002801370288],
      [0.00032067436093, 0.20087191863, 0.65087352125, 0.12683780592, 0.021096079839],
      [0.00085636753262, 0.011276001638, 0.020513591035, 0.90754757165, 0.059806468139],
      [0.018671211976, 0.12059924507, 0.19064307681, 0.55619368091, 0.11389278523],
      [0.15976700983, 0.058565133782, 0.11247438875, 0.5849861109, 0.084207356742],
      [0.004181470489, 0.32745423199, 0.17282016954, 0.22202259515, 0.27352153283]
    ],
    [
      [0.063316197124, 0.1028690261, 0, 0.76418232486, 0.069632451915],
      [7.5376468137e-05, 0.9906490888, 0.00017021289108, 0.0072892060963, 0.0018161157407],
      [0.0022748442566, 0.31262672043, 0.52306063354, 0.14102291223, 0.021014889545],
      [0.0038116248124, 0.017001769043, 0.016215583248, 0.90688334197, 0.056087680926],
      [0.060502696089, 0.16028301302, 0.13633138888, 0.54012153763, 0.10276136438],
      [0.34640556772, 0.062044048061, 0.063630714045, 0.46406924929, 0.063850420883],
      [0.010910048159, 0.42732805489, 0.11799300093, 0.21009793339, 0.23367096263]
    ],
    [
      [0.053104825508, 0.050937157098, 0.00097255730007, 0.81498015236, 0.080005307736],
      [0.00034662170025, 0.98993279313, 0.0014985686232, 0.0045098515972, 0.0037121649541],
      [0.0027298509627, 0.18360927752, 0.62452491568, 0.16076322612, 0.028372729721],
      [0.003867872243, 0.0055432833626, 0.016387754801, 0.91229226513, 0.061908824467],
      [0.053579130646, 0.081590270012, 0.14145131572, 0.59861629879, 0.12476298483],
      [0.3087932909, 0.03137062279, 0.066741348891, 0.51523064837, 0.077864089048],
      [0.011058261868, 0.2524749398, 0.13844721026, 0.27228424655, 0.32573534151]
    ],
    [
      [0.022391226625, 0.064734209665, 0.00027292336538, 0.86449847624, 0.048103164103],
      [5.7421026373e-06, 0.99050275055, 0.00081282160887, 0.007065138278, 0.0016135474594],
      [0.0003470221537, 0.21484796972, 0.60433686101, 0.16607083334, 0.014397313776],
      [0.00050486385465, 0.010575353117, 0.017396030771, 0.93708542141, 0.034438330842],
      [0.016133124837, 0.11509932226, 0.15575222448, 0.64039476055, 0.072620567879],
      [0.14925190361, 0.052585233549, 0.088457451919, 0.65701381933, 0.052691591591],
      [0.0045111668789, 0.34692801133, 0.15871046687, 0.29007468938, 0.19977566554]
    ],
    [
      [0.031823573109, 0.12358268834, 0.0022076343001, 0.79047590613, 0.051910198119],
      [0.0017316320073, 0.98322488512, 0.0040885647633, 0.0076461969047, 0.0033087212002],
      [0.0033080793132, 0.47843235842, 0.37062079772, 0.1322841686, 0.015354595954],
      [0.0031547791705, 0.031863893364, 0.016378356701, 0.91090232809, 0.037700642671],
      [0.028246547056, 0.26880218605, 0.10368030878, 0.53213249023, 0.067138467882],
      [0.20310617658, 0.14087793737, 0.057861557237, 0.55080100829, 0.047353320524],
      [0.005016957683, 0.63828389878, 0.08356978906, 0.11527254341, 0.15785681107]
    ],
    [
      [0.043179785476, 0.087646008105, 0.00011337535709, 0.80597841007, 0.063082420995],
      [3.5995096407e-05, 0.98753024511, 0.0027576637695, 0.0078528801225, 0.0018232158991],
      [0.0014552068371, 0.2466073192, 0.60185808152, 0.13287860593, 0.01720078651],
      [0.002461226702, 0.015554910646, 0.021458178924, 0.91267530551, 0.047850378221],
      [0.041500187808, 0.13572090085, 0.166688152, 0.56351404299, 0.092576716354],
      [0.25482821083, 0.060047045825, 0.088892446604, 0.5347323339, 0.061499962846],
      [0.0077668193722, 0.38472149375, 0.15687250843, 0.23045178388, 0.22018739456]
    ],
    [
      [0.05056693805, 0.053183921402, 0.00026263883467, 0.85075116889, 0.045235332821],
      [0.00018777455353, 0.98746944821, 0.00089786257065, 0.010134545905, 0.0013103687592],
      [0.0025706478042, 0.1925407542, 0.62607556334, 0.16752803725, 0.011284997403],
      [0.0029436813158, 0.0095984371325, 0.020149945068, 0.93765193753, 0.029655998949],
      [0.047548628905, 0.096312444347, 0.15930763112, 0.63415190582, 0.062679389811],
      [0.27839016728, 0.039347671605, 0.077487867327, 0.56496784938, 0.039806444404],
      [0.010760224641, 0.32440182622, 0.17325320667, 0.30773762331, 0.18384711916]
    ],
    [
      [0.047315759473, 0.10277830454, 0.00020839786553, 0.76757751662, 0.082120021503],
      [5.8055086419e-05, 0.9959786062, 0.00049370277094, 0.0016507409332, 0.0018188950085],
      [0.0013030563581, 0.25247619796, 0.6339640714, 0.095244297004, 0.017012377279],
      [0.0027746527229, 0.020778830828, 0.029059775385, 0.88426062401, 0.063126117053],
      [0.040326497762, 0.16427404872, 0.21025905443, 0.47862821789, 0.1065121812],
      [0.26238379697, 0.074028815261, 0.11310776959, 0.47545332934, 0.07502628884],
      [0.0068089346541, 0.41696224359, 0.17462242658, 0.17384656788, 0.2277598273]
    ],
    [
      [0.065072095535, 0.071786024256, 0.00010700771272, 0.80300414794, 0.06003072456],
      [0.0001630003138, 0.98975324102, 0.00029025236482, 0.0082470862553, 0.0015464200453],
      [0.0025757168044, 0.23929380505, 0.60894311089, 0.13452184655, 0.014665520704],
      [0.0036399945636, 0.015116142542, 0.021718994325, 0.91805090415, 0.041473964422],
      [0.05742947886, 0.13177808069, 0.17055715228, 0.56187011942, 0.078365168755],
      [0.3280983068, 0.054125234841, 0.084094044149, 0.48596670873, 0.04771570548],
      [0.01145119917, 0.38619429171, 0.1630565512, 0.23891804356, 0.20037991437]
    ],
    [
      [0.040547626691, 0.072424575969, 0.00016528330122, 0.84275391673, 0.044108597306],
      [8.3001384362e-05, 0.99149660174, 0.00046401455581, 0.0067552865804, 0.0012010957366],
      [0.0018474128619, 0.23376827022, 0.59172894083, 0.16083157935, 0.011823796736],
      [0.0024387470732, 0.013907781133, 0.02101986242, 0.9312112355, 0.031422373879],
      [0.039995840359, 0.1197906932, 0.15337070164, 0.62055774257, 0.066285022228],
      [0.25867408994, 0.047526266704, 0.06910859402, 0.57864889259, 0.046042156744],
      [0.0084193899884, 0.36879573253, 0.1586461566, 0.28849902641, 0.17563969448]
    ],
    [
      [0.021590948325, 0.076929804974, 0.0021063363465, 0.85202154898, 0.047351361371],
      [4.8836591648e-06, 0.99045003448, 0.0028252342956, 0.0053160371017, 0.0014038104639],
      [0.00027626348936, 0.20229058212, 0.64703594543, 0.13861767451, 0.011779534442],
      [0.00048582310618, 0.011253687912, 0.02114199891, 0.93138291275, 0.03573557732],
      [0.010985682127, 0.12784710426, 0.18961961421, 0.60033762561, 0.071209973787],
      [0.14449275893, 0.057549233101, 0.11039906617, 0.63432664264, 0.053232299158],
      [0.0041257320939, 0.35913139074, 0.18794339573, 0.26311861192, 0.18568086952]
    ],
    [
      [0.031091158802, 0.04809742889, 0.00059603786221, 0.87885146739, 0.041363907057],
      [2.3689396024e-05, 0.97597010598, 0.0011634757623, 0.021020140169, 0.0018225886901],
      [0.00068833942783, 0.15467774258, 0.65338227149, 0.17970436282, 0.011547283689],
      [0.0011968013732, 0.0042740627987, 0.021247781238, 0.94491601155, 0.02836534304],
      [0.030702472245, 0.078756617366, 0.16842834269, 0.65931882448, 0.062793743213],
      [0.19437695315, 0.034898601265, 0.089727362551, 0.63855200708, 0.042445075957],
      [0.0077060203761, 0.2987560313, 0.19166013909, 0.29367050746, 0.20820730177]
    ],
    [
      [0.070055997696, 0.084077492265, 0.00014708997708, 0.75417475704, 0.091544663019],
      [0.00010310698619, 0.99299061526, 0.00038716798533, 0.0042298117254, 0.0022892980422],
      [0.0021832726864, 0.21584518841, 0.65424968031, 0.10854402925, 0.019177829338],
      [0.0039631550124, 0.016077156159, 0.02777922555, 0.88775323491, 0.06442722837],
      [0.057010976058, 0.13245847868, 0.20497492299, 0.49479897822, 0.11075664405],
      [0.33458758323, 0.054343384609, 0.10057653806, 0.44051572684, 0.069976767261],
      [0.01061152242, 0.36030083547, 0.17600733937, 0.18855292969, 0.26452737305]
    ],
    [
      [0.091516911537, 0.094667404674, 0.00022177099691, 0.72998875808, 0.083605154711],
      [2.2712574225e-05, 0.99421033648, 0.00055574985601, 0.0030519539971, 0.0021592470915],
      [0.001101260896, 0.22187236564, 0.65819085843, 0.10031086915, 0.018524645877],
      [0.0044767215218, 0.01740670456, 0.028441976408, 0.88352814686, 0.066146450648],
      [0.07750853053, 0.13768459376, 0.20780187913, 0.46861666484, 0.10838833174],
      [0.41410255933, 0.051111771616, 0.091953228571, 0.38018366075, 0.062648779733],
      [0.014168445938, 0.3691291626, 0.18266061552, 0.18314192481, 0.25089985113]
    ],
    [
      [0.079520035465, 0.086665211645, 0.00017825784561, 0.75292207422, 0.080714420829],
      [3.3372398965e-05, 0.99239321564, 0.00049483612466, 0.0046929822037, 0.0023855936285],
      [0.0017110489558, 0.20988047691, 0.66216112417, 0.10700035335, 0.019246996609],
      [0.0045283661873, 0.014400005859, 0.02552524191, 0.89111783641, 0.064428549633],
      [0.069932762275, 0.12692865477, 0.20310641106, 0.49054959711, 0.10948257478],
      [0.38526869835, 0.04853249555, 0.092630115643, 0.40877898727, 0.064789703188],
      [0.013088079567, 0.35030975521, 0.18004567359, 0.19364822307, 0.26290826856]
    ],
    [
      [0.05955142969, 0.10441826415, 0.00016136969916, 0.75571692649, 0.080152009972],
      [5.7917424811e-05, 0.99715471078, 0.00039572913268, 0.00063428582842, 0.0017573568294],
      [0.0018229060447, 0.22339357372, 0.66280284085, 0.095917221487, 0.016063457895],
      [0.0035717457649, 0.017890631372, 0.030190374012, 0.88812681857, 0.060220430277],
      [0.049526217911, 0.1471654, 0.22418066727, 0.47886438353, 0.10026333129],
      [0.3045442431, 0.063054324511, 0.11464951303, 0.45053931896, 0.0672126004],
      [0.0089335033669, 0.38942996086, 0.19092206679, 0.18073390329, 0.2299805657]
    ],
    [
      [0.031759607166, 0.14580332498, 0.00091687130924, 0.74877142544, 0.072748771109],
      [7.1285941876e-06, 0.99160798205, 0.0025451307482, 0.0037175306538, 0.0021222279528],
      [0.00037213232385, 0.32135718533, 0.56473754557, 0.096651546821, 0.016881589954],
      [0.0011956734063, 0.025431945224, 0.026785051619, 0.88731557116, 0.059271758595],
      [0.027639802686, 0.2106422527, 0.18767280339, 0.47575627261, 0.098288868611],
      [0.19616141398, 0.11113935512, 0.11053989726, 0.50931112765, 0.072848205984],
      [0.0042883880211, 0.50047450294, 0.14129010896, 0.15184518506, 0.20210181502]
    ],
    [
      [0.01700684241, 0.058238163981, 0.0019451798733, 0.89404956959, 0.028760244145],
      [6.2099530849e-06, 0.96737843357, 0.0077252945203, 0.024168627287, 0.00072143467151],
      [0.00010495158457, 0.076749760858, 0.8516131375, 0.069653809774, 0.0018783402795],
      [0.00030447233064, 0.0028403525155, 0.0391145867, 0.94195748836, 0.015783100098],
      [0.005130874677, 0.069940623416, 0.38008158503, 0.51090428102, 0.033942635863],
      [0.08826141448, 0.042165333629, 0.24503519538, 0.59585011353, 0.028687942979],
      [0.0027586294837, 0.24396720488, 0.40385669694, 0.24435678515, 0.10506068355]
    ],
    [
      [0.063906719223, 0.10980829317, 0.001236324223, 0.76931164551, 0.05573701788],
      [0.00019409506979, 0.99719309487, 0.00042596602024, 0.00068724307219, 0.0014996009637],
      [0.0024437923535, 0.28976134805, 0.56589122678, 0.12621042244, 0.01569321038],
      [0.0040590541283, 0.016405459968, 0.018719349131, 0.91497519422, 0.045840942551],
      [0.061300019639, 0.16098023754, 0.158560657, 0.53645903441, 0.082700051408],
      [0.35325562466, 0.06162126701, 0.073423581834, 0.4609240232, 0.050775503298],
      [0.011308487586, 0.44192794605, 0.14091940606, 0.21101530019, 0.19482886012]
    ],
    [
      [0.047467765135, 0.11952909742, 0.00022585299584, 0.76693659234, 0.065840692108],
      [1.0400542779e-05, 0.99756738327, 0.00045209708136, 0.00062651978039, 0.0013435993215],
      [0.0012101480593, 0.24771955057, 0.64152329223, 0.096127532514, 0.013419476628],
      [0.0028021586702, 0.019783399471, 0.029257040954, 0.8960414607, 0.052115940201],
      [0.041091194899, 0.16611636874, 0.21862066147, 0.48661836589, 0.087553409],
      [0.26596095294, 0.074192596846, 0.11610726651, 0.48180609023, 0.061933093467],
      [0.0072695227293, 0.43213314771, 0.183423204, 0.1803632124, 0.19681091316]
    ],
    [
      [0.0094124785195, 0.087288851292, 0.0031690888067, 0.87308350905, 0.027046072334],
      [6.4461993321e-07, 0.99464008274, 0.0011541673698, 0.0037393816053, 0.00046572366866],
      [0.00010828380397, 0.27442524372, 0.531116219, 0.18704207821, 0.0073081752675],
      [0.00015086751313, 0.013351596233, 0.01501003652, 0.9514178658, 0.020069633931],
      [0.0096867487041, 0.13420255418, 0.1351033913, 0.67117264172, 0.049834664094],
      [0.053875367844, 0.088330438156, 0.078031254139, 0.73966438299, 0.040098556868],
      [0.0021321734816, 0.43822916559, 0.13804708357, 0.28482933303, 0.13676224432]
    ],
    [
      [0.10546627753, 0.095647398435, 0.0076766208955, 0.70065132547, 0.090558377667],
      [0, 0.99616917833, 0.00072760676412, 0.00021168778152, 0.0028915271265],
      [0.0010355136318, 0.17683766325, 0.72778485847, 0.07499613798, 0.019345826666],
      [0.0034169454477, 0.01803666005, 0.035196128155, 0.86672998753, 0.076620278818],
      [0.085944993482, 0.12379256183, 0.25618176783, 0.41808050316, 0.1160001737],
      [0.46951737212, 0.042070473712, 0.10238037874, 0.32167339299, 0.064358382433],
      [0.015487591423, 0.33038609266, 0.2261233891, 0.162507378, 0.26549554881]
    ],
    [
      [0.091513490917, 0.095352787291, 0.00014559188524, 0.74002045036, 0.072967679547],
      [2.5459211065e-05, 0.99350877577, 0.00031696442901, 0.0041107704489, 0.0020380301437],
      [0.0014398684719, 0.29271137471, 0.54791141803, 0.13589936936, 0.02203796943],
      [0.0033455236612, 0.01887834761, 0.018701257872, 0.89950313131, 0.059571739548],
      [0.085531635629, 0.15002503788, 0.14215072479, 0.51680791887, 0.10548468282],
      [0.45566662931, 0.044144366993, 0.052368901578, 0.38805454912, 0.059765552999],
      [0.015557508608, 0.40764362533, 0.1262008382, 0.20486449061, 0.24573353725]
    ],
    [
      [0.038977265487, 0.064264583236, 0.00037740162058, 0.82508864306, 0.071292106595],
      [7.2141926025e-06, 0.99379058225, 0.00072748684968, 0.0027182429533, 0.0027564737563],
      [0.00099336134662, 0.19852249715, 0.62609118717, 0.15275707003, 0.021635884298],
      [0.001904726864, 0.009331149044, 0.018457594685, 0.9166275478, 0.053678981605],
      [0.037404763124, 0.10235592156, 0.16413783497, 0.59032654395, 0.10577493639],
      [0.23517518498, 0.044571185147, 0.084945212848, 0.56351868231, 0.071789734714],
      [0.0075625248734, 0.30630191898, 0.15897249205, 0.25584375663, 0.27131930747]
    ],
    [
      [0.10962817855, 0.032506839133, 0.0011783399105, 0.51197503974, 0.34471160267],
      [0.00053523092798, 0.9762363173, 0.0050128404682, 0.006860737032, 0.011354874269],
      [0.0010021188283, 0.048807725698, 0.7965673786, 0.13099409603, 0.022628680848],
      [0.013495480005, 0.0063920264416, 0.052335682467, 0.75979992415, 0.16797688694],
      [0.062280933315, 0.035425458896, 0.23085816331, 0.36434014141, 0.30709530307],
      [0.38647279259, 0.014480609979, 0.087633610933, 0.30994139954, 0.20147158695],
      [0.0094960592773, 0.085960032141, 0.17507286416, 0.12725039711, 0.60222064731]
    ],
    [
      [0.040531292876, 0.079545882852, 0.0001741338222, 0.81280222733, 0.066946463117],
      [9.0475220989e-06, 0.99370876957, 0.00046321413507, 0.0036991641041, 0.0021198046735],
      [0.000889936349, 0.21824364827, 0.62848656894, 0.13424268517, 0.01813716126],
      [0.0019419873774, 0.012478157485, 0.020484255178, 0.9141647644, 0.050930835556],
      [0.038050797513, 0.12206879148, 0.17836945052, 0.56469649778, 0.096814462712],
      [0.24068572408, 0.053661113505, 0.093519281154, 0.54573012904, 0.066403752216],
      [0.0074300470798, 0.35114951842, 0.16692372356, 0.23467500012, 0.23982171082]
    ],
    [
      [0.044786432791, 0.11972860598, 0.00026181021791, 0.78603453037, 0.049188620645],
      [0, 0.99762790005, 0.00082937819855, 0.0010529633009, 0.00048975845066],
      [0.0020145506112, 0.2755260608, 0.6199799385, 0.095285829129, 0.0071936209644],
      [0.0029989788723, 0.020220153357, 0.027088783208, 0.91406109171, 0.035630992854],
      [0.037373260511, 0.18954302711, 0.21437669301, 0.49780660852, 0.060900410858],
      [0.24972704494, 0.090424576362, 0.11787093162, 0.49879828082, 0.043179166256],
      [0.0064722579191, 0.48722872582, 0.18047288989, 0.19009752491, 0.13572860146]
    ],
    [
      [0.061300530149, 0.12510638318, 0.0007648908662, 0.72505911205, 0.08776908376],
      [0.00015478595876, 0.99461964783, 0.0014864927504, 0.0022163311009, 0.0015227423643],
      [0.002170113198, 0.31907738716, 0.54258618926, 0.11400682775, 0.022159482635],
      [0.0039348545521, 0.019746395356, 0.021187835196, 0.88159525835, 0.073535656549],
      [0.056041734139, 0.18114751473, 0.1569606941, 0.48160852166, 0.12424153537],
      [0.32955570681, 0.075694461521, 0.077467405048, 0.43741030716, 0.079872119463],
      [0.0092126577486, 0.44159417813, 0.12311221795, 0.16611215744, 0.25996878874]
    ],
    [
      [0.050983457573, 0.11918203618, 0.0021899299026, 0.75690022598, 0.070744350363],
      [0.00055038726789, 0.99552715657, 0.0001380474, 0.0013311509177, 0.002453257845],
      [0.0028604412665, 0.36940400841, 0.44365940515, 0.15947786812, 0.024598277052],
      [0.0041894407103, 0.017897692451, 0.012144284575, 0.90579919244, 0.059969389823],
      [0.059275203314, 0.15456992981, 0.11677205229, 0.54207237867, 0.12731043591],
      [0.36120113484, 0.035010449334, 0.0516887984, 0.46973428096, 0.082365336465],
      [0.0087993239633, 0.45186829085, 0.088898232961, 0.21158035653, 0.23885379569]
    ]
  ],
  "expected_outcome": [
    [
