{
  "Z_true": {},
  "V_true": [
    [1092, 582, 2401, 184, 77],
    [414, 2704, 2028, 267, 166],
    [499, 185, 8125, 14268, 358],
    [155, 280, 1020, 1116, 433]
  ],
  "p_true": [
    [0.2518, 0.1342, 0.5537, 0.0424, 0.0178],
    [0.0742, 0.4847, 0.3635, 0.0479, 0.0298],
    [0.0213, 0.0079, 0.3467, 0.6088, 0.0153],
    [0.0516, 0.0932, 0.3395, 0.3715, 0.1441]
  ],
  "Z_est": [
    [
      [3.5175, 6.6832, 0, 0.9544, 6.8741, 48.3167, 40.1463, 16.1643, 60.8541, 25.2551, 38.9286, 13.7239, 27.4185, 20.093, 2.634, 9.9729, 2.26, 0, 0.9978, 34.3209, 30.2322, 3.1838, 34.1799, 17.299, 79.2008, 11.9352, 53.692, 1.0156, 50.3504, 58.5715, 35.3422, 4.3767, 9.9871, 5.0538, 19.371, 16.4904, 7.1017, 25.4274, 16.4507, 42.84, 43.7469, 4.7048, 3.9052, 0, 6.4411, 142.9334, 5.8216, 37.9861, 206.7338, 60.9579],
      [0.7069, 0.435, 0.0898, 0.7261, 1.7146, 6.2186, 5.6064, 2.253, 9.1189, 3.7003, 6.3199, 2.1151, 5.0312, 3.3503, 0.1868, 0.3229, 0, 0.0083, 1.0466, 3.2031, 3.2901, 0.314, 6.5889, 2.8928, 11.8208, 2.3982, 7.6974, 0.1243, 6.2434, 0, 3.3864, 0, 0.9443, 0.4726, 3.1117, 3.1107, 0.6845, 3.0989, 2.219, 3.4773, 4.5321, 0.9679, 0.6211, 0.0435, 1.6127, 20.3058, 1.1793, 7.2047, 24.6104, 10.3055],
      [8.7634, 13.7023, 2.8328, 4.2855, 20.2391, 83.9737, 62.7974, 39.4604, 83.303, 52.686, 102.9356, 23.9513, 55.3523, 38.172, 4.1792, 12.7041, 1.7326, 0.9917, 3.4085, 61.8194, 50.1523, 7.4606, 91.6261, 48.5922, 181.1156, 32.5358, 125.9412, 1.8503, 106.9898, 121.6885, 81.0396, 8.3496, 16.0117, 8.4599, 35.2537, 40.1397, 21.0641, 59.0794, 32.0823, 84.8618, 85.0321, 16.2467, 10.4498, 0.9553, 23.8205, 286.2364, 9.9738, 59.3849, 298.1403, 116.4881],
      [0, 0.0394, 0.0774, 0, 0, 0.0811, 0, 0.0023, 0.1938, 0, 0.276, 0, 0, 0.0194, 0, 0, 0, 0, 0.3331, 0.4742, 0, 0.0286, 0, 0.0942, 0, 0.0789, 0, 0, 0, 0.3223, 0, 0.2737, 0.021, 0, 0.0649, 0.0473, 0.0923, 0.1688, 0.0842, 0.5482, 0.4049, 0, 0, 0.0012, 0, 0, 0, 0, 0, 0],
      [0.0122, 0.14, 0, 0.034, 0.1722, 0.4099, 0.4498, 0.1201, 0.5303, 0.3585, 0.54, 0.2098, 0.198, 0.3653, 0, 0, 0.0074, 0, 0.214, 0.1824, 0.3255, 0.0131, 0.605, 0.1219, 0.8629, 0.0519, 0.6694, 0.0098, 0.4164, 0.4178, 0.2318, 0, 0.0359, 0.0137, 0.1987, 0.2119, 0.0573, 0.2255, 0.1638, 0.2727, 0.284, 0.0806, 0.0239, 0, 0.1257, 1.5244, 0.0253, 0.4242, 2.5154, 0.2485]
    ],
    [
      [0.988, 1.1511, 0, 0.0402, 1.565, 13.3898, 23.6536, 7.8262, 26.2061, 10.5121, 11.7178, 4.7706, 5.9835, 8.2524, 0.573, 3.5288, 0.7574, 0, 0.0022, 15.4417, 10.0123, 1.7751, 8.7158, 4.5811, 25.3142, 3.2823, 14.266, 0.3131, 15.3454, 13.5754, 7.5263, 0.521, 3.5991, 1.8202, 6.056, 6.9565, 3.5277, 11.6459, 5.2552, 18.9329, 16.2978, 1.5871, 0.9246, 0, 1.3619, 41.897, 2.3044, 7.2816, 51.9395, 12.5585],
      [13.0251, 7.1194, 2.7532, 2.3042, 31.3613, 92.0941, 180.3905, 58.8881, 209.866, 82.0754, 104.0185, 43.9148, 56.4648, 73.9546, 2.7704, 10.7518, 0.9206, 1.7786, 0.841, 63.7447, 58.3565, 8.5304, 97.721, 42.2129, 203.9864, 35.464, 111.3222, 2.9674, 102.2233, 79.3643, 48.8524, 2.6744, 18.8377, 9.6868, 52.6132, 70.8264, 13.0862, 46.1949, 38.7356, 58.3368, 59.3038, 18.1982, 8.5353, 1.7914, 18.9827, 313.5439, 31.3385, 72.4305, 312.8123, 108.2308],
      [6.6153, 4.7994, 2.0291, 0.5068, 15.9207, 45.1451, 75.591, 37.1073, 69.8935, 42.6243, 60.5465, 20.8133, 25.7883, 30.671, 1.6565, 7.7437, 0.9957, 2.2214, 0.0511, 43.7905, 35.0953, 6.9451, 57.5831, 25.102, 119.9808, 17.7071, 69.2912, 1.3889, 63.4162, 58.1796, 33.9679, 1.7593, 11.2984, 6.033, 21.545, 33.045, 21.6989, 37.4499, 19.9897, 69.7825, 52.2278, 10.8601, 5.0317, 2.1896, 10.4607, 162.1779, 10.2766, 24.7357, 155.3008, 48.8],
      [0, 0.0308, 0.2176, 0, 0, 0.2074, 0, 0.0594, 1.0031, 0.0275, 0.5669, 0, 0, 0.1277, 0, 0, 0, 0, 0.0095, 0.9049, 0, 0.0869, 0, 0.157, 0, 0.1523, 0, 0, 0, 0.3828, 0.0398, 0.0453, 0.0595, 0.0032, 0.188, 0.236, 0.2208, 0.3077, 0.2055, 0.9281, 0.5381, 0.0103, 0, 0.019, 0, 0.1737, 0, 0, 0, 0],
      [0.3716, 1.8993, 0, 0.1488, 4.153, 10.1635, 23.3649, 5.1191, 21.0312, 12.7607, 14.1502, 6.5013, 3.7633, 12.9943, 0, 0.9756, 0.3262, 0, 0.0963, 7.1182, 8.5359, 0.6625, 11.98, 2.947, 22.7186, 1.3942, 14.1206, 0.3306, 11.0151, 9.4979, 4.6136, 0, 1.2053, 0.4566, 5.5979, 7.9361, 2.4663, 6.4017, 4.814, 10.0197, 7.6325, 2.3444, 0.5085, 0, 2.1947, 38.2075, 1.0805, 6.5523, 47.9474, 4.4108]
    ],
    [
      [1.2345, 0.0389, 0, 0, 3.1748, 6.2297, 11.7601, 3.8533, 6.3655, 5.681, 3.0431, 4.1761, 4.4649, 2.9775, 0.793, 1.0861, 0.8844, 4.1633e-17, 0, 0, 10.2583, 0, 8.6947, 1.6367, 14.6274, 0.4176, 9.1933, 0.65, 9.1474, 2.2306, 4.6125, 0, 3.3839, 2.6516, 2.3804, 3.237, 0, 0, 0, 0, 0, 0.5272, 0.9231, 0, 1.0323, 26.7868, 3.428, 12.3039, 70.4754, 13.6503],
      [0.9315, 0, 0, 0.2926, 3.5353, 3.1945, 16.1537, 0.697, 12.8169, 4.9616, 0.2226, 2.6439, 3.9952, 5.5551, 0.0428, 0.2343, 0, 0.1319, 0.0065, 0, 3.9964, 0, 3.954, 0.2465, 7.8516, 0.7794, 3.3898, 0.8125, 2.166, 0, 0, 0, 0, 0.3846, 3.0385, 3.0046, 0, 0, 0, 0, 0, 0.6046, 0.5918, 0, 2.1455, 20.001, 7.9002, 21.168, 43.0528, 13.8361],
      [13.7493, 3.6932, 1.661, 2.1101, 37.1347, 205.992, 241.517, 153.1058, 280.9275, 229.4859, 242.9859, 34.839, 61.8777, 167.7189, 6.1643, 6.6735, 7.1245, 0.9679, 0.3386, 115.8997, 103.646, 16.219, 90.8078, 96.6737, 271.025, 30.7416, 155.1631, 13.1339, 241.8367, 468.2577, 169.5552, 4.0628, 119.2337, 62.4719, 131.0583, 217.533, 90.7889, 293.5465, 200.875, 283.2901, 333.1237, 45.1112, 30.5121, 9.3459, 51.4737, 947.4381, 41.7108, 147.4301, 654.0982, 213.5025],
      [16.9734, 8.0678, 5.339, 5.5009, 41.3629, 471.5273, 542.2096, 268.5393, 920.703, 479.8341, 504.8486, 56.6123, 109.3665, 442.1857, 7, 10.9253, 10.8027, 0.9002, 2.5556, 265.1453, 145.2103, 29.6184, 117.523, 179.981, 434.9001, 61.7508, 238.5684, 12.9291, 423.168, 980.6316, 290.9428, 10.9372, 267.0475, 106.9117, 351.1181, 521.3136, 210.1392, 713.7079, 613.2843, 734.5868, 914.6701, 78.3268, 44.5446, 21.6541, 77.6207, 1961.3622, 66.2261, 254.4372, 1018.9892, 365.259],
      [0.1113, 0.2001, 0, 0.0964, 1.7923, 6.0565, 11.3595, 2.8046, 10.187, 10.0374, 7.8997, 1.7287, 1.2957, 10.5627, 0, 0.0808, 0.1884, 0, 0.0994, 1.955, 3.889, 0.1626, 3.0206, 1.4622, 7.5959, 0.3107, 4.6853, 0.4744, 5.6819, 8.8801, 2.8895, 0, 1.3349, 0.5802, 4.4048, 6.9118, 1.0719, 5.7455, 4.8406, 4.1231, 5.2061, 1.4302, 0.4283, 0, 1.7277, 31.412, 0.7349, 6.6609, 32.3845, 2.7522]
    ],
    [
      [0.2599, 0.1268, 0, 0.0054, 0.3862, 2.0638, 3.44, 1.1561, 4.5743, 1.5517, 2.3105, 0.3294, 1.133, 1.677, 0, 0.4122, 0.0982, 0, 0, 1.2374, 1.4972, 0.0411, 1.4095, 0.4833, 2.8576, 0.3649, 1.8487, 0.0214, 2.1568, 2.6225, 1.5189, 0.1023, 2.03, 0.4744, 1.1927, 1.3161, 0.3705, 1.9267, 4.2941, 2.2271, 2.9553, 0.181, 0.2471, 0, 0.1646, 7.3828, 0.4459, 1.4284, 7.8513, 1.8333],
      [1.3366, 0.4457, 0.1569, 0.6772, 2.3888, 8.4927, 14.8494, 5.1619, 22.1982, 7.2627, 12.4389, 1.3263, 5.5088, 9.1399, 0, 0.6909, 0.0794, 0.0812, 0.106, 4.0522, 4.357, 0.1556, 6.7361, 2.6478, 12.3412, 2.3583, 7.5906, 0.0957, 8.3673, 9.6357, 5.7612, 0.3256, 3.218, 1.456, 6.2366, 8.0583, 1.2292, 7.7062, 4.0455, 6.1859, 10.1641, 1.2293, 1.2518, 0.165, 1.2591, 33.1493, 2.5821, 7.1968, 24.5245, 8.6275],
      [7.8719, 3.805, 1.4771, 2.0976, 13.7055, 48.8892, 72.0945, 38.3266, 86.876, 44.2038, 85.532, 7.3964, 28.9817, 44.4381, 0, 5.8787, 1.1472, 1.819, 0.2019, 30.4904, 30.1065, 1.3753, 44.983, 18.6322, 83.8787, 14.0155, 54.6045, 0.6268, 60.7573, 82.8742, 47.4374, 2.8283, 28.4561, 11.0352, 30.143, 44.2822, 15.448, 61.9241, 50.0529, 61.0656, 79.6163, 8.7821, 9.0064, 1.5092, 8.245, 200.1476, 10.0388, 28.4493, 139.4607, 45.2095],
      [1.0266, 0.862, 0.366, 0.4991, 1.6371, 12.1841, 17.7904, 7.3991, 30.1001, 10.1384, 19.3085, 1.3877, 5.6335, 12.6672, 0, 1.0747, 0.1973, 0.0998, 0.1018, 7.4756, 4.7897, 0.2661, 6.477, 3.7679, 15.0999, 3.0181, 9.4316, 0.0709, 11.832, 18.6633, 9.0174, 0.7438, 6.872, 2.0851, 8.6291, 11.4031, 3.5477, 15.8156, 15.4259, 15.937, 22.3869, 1.6629, 1.4554, 0.3257, 1.3793, 45.4641, 1.7739, 5.5628, 25.0108, 8.741],
      [0.505, 1.7605, 0, 0.7208, 3.8825, 12.3702, 24.8258, 5.9562, 29.2515, 14.8434, 22.4101, 2.5602, 4.743, 21.0778, 0, 0.9436, 0.4779, 0, 0.5904, 5.7444, 8.2496, 0.1619, 10.3944, 2.4689, 17.8226, 1.2432, 12.5247, 0.1852, 11.8867, 15.2043, 7.2651, 0, 3.4239, 0.9494, 8.7986, 11.9403, 2.4045, 12.6272, 13.1815, 11.5845, 14.8773, 2.1448, 1.0394, 0, 1.952, 52.8561, 1.1592, 8.3626, 48.1527, 4.5886]
    ]
  ],
  "V_est": [
    [1394.4479, 185.4122, 2738.3123, 3.7269, 14.1008],
    [435.5333, 3086.1976, 1687.8307, 6.9087, 362.5297],
    [258.0112, 194.3395, 7347.6327, 15417.7595, 217.2571],
    [72.0075, 285.0508, 1800.2243, 406.6049, 440.1124]
  ],
  "p_est": [
    [0.3216, 0.0428, 0.6315, 0.0009, 0.0033],
    [0.0781, 0.5532, 0.3025, 0.0012, 0.065],
    [0.011, 0.0083, 0.3135, 0.6579, 0.0093],
    [0.024, 0.0949, 0.5993, 0.1354, 0.1465]
  ],
  "EI_Z": {},
  "EI_V": 8.779,
  "MAE_Z": {},
  "MAE_V": 319.1507,
  "MAE_p": 0.0568,
  "runtime": 0.004
}
