{
  "X": [
    [39, 17, 29, 13, 2],
    [36, 16, 33, 10, 5],
    [53, 15, 20, 6, 6],
    [42, 21, 29, 7, 1],
    [43, 17, 28, 7, 5],
    [40, 16, 27, 8, 9],
    [41, 16, 29, 6, 8],
    [56, 18, 17, 4, 5],
    [40, 21, 24, 12, 3],
    [40, 21, 27, 8, 4],
    [46, 13, 26, 8, 7],
    [42, 17, 31, 6, 4],
    [42, 15, 32, 9, 2],
    [43, 22, 21, 10, 4],
    [43, 19, 26, 8, 4],
    [45, 14, 25, 10, 6],
    [43, 16, 29, 11, 1],
    [35, 9, 28, 21, 7],
    [29, 11, 30, 25, 5],
    [34, 13, 31, 20, 2],
    [36, 8, 33, 21, 2],
    [44, 11, 22, 16, 7],
    [36, 7, 37, 16, 4],
    [43, 3, 25, 21, 8],
    [39, 9, 24, 28, 0],
    [36, 6, 29, 23, 6],
    [39, 13, 29, 15, 4],
    [39, 7, 31, 19, 4],
    [39, 10, 37, 12, 2],
    [30, 7, 36, 25, 2],
    [44, 5, 22, 22, 7],
    [40, 7, 39, 13, 1],
    [33, 9, 31, 22, 5],
    [37, 15, 25, 18, 5],
    [32, 20, 24, 20, 4],
    [34, 18, 25, 17, 6],
    [34, 18, 19, 21, 8],
    [34, 24, 23, 15, 4],
    [25, 26, 22, 21, 6],
    [30, 29, 22, 17, 2],
    [30, 19, 23, 19, 9],
    [28, 17, 26, 21, 8],
    [40, 14, 24, 13, 9],
    [34, 19, 27, 18, 2],
    [38, 21, 24, 15, 2],
    [30, 22, 26, 21, 1],
    [28, 21, 20, 24, 7],
    [36, 23, 17, 18, 6],
    [39, 20, 23, 12, 6],
    [24, 24, 23, 23, 6]
  ],
  "W": [
    [71, 19, 10],
    [70, 13, 17],
    [69, 18, 13],
    [74, 15, 11],
    [68, 16, 16],
    [65, 19, 16],
    [61, 21, 18],
    [58, 22, 20],
    [64, 19, 17],
    [67, 17, 16],
    [69, 18, 13],
    [73, 12, 15],
    [59, 23, 18],
    [72, 16, 12],
    [70, 13, 17],
    [67, 19, 14],
    [51, 32, 17],
    [13, 63, 24],
    [13, 69, 18],
    [14, 68, 18],
    [13, 68, 19],
    [18, 68, 14],
    [24, 61, 15],
    [14, 63, 23],
    [14, 68, 18],
    [19, 67, 14],
    [18, 68, 14],
    [12, 73, 15],
    [13, 71, 16],
    [20, 68, 12],
    [17, 65, 18],
    [10, 74, 16],
    [24, 62, 14],
    [19, 32, 49],
    [16, 12, 72],
    [18, 13, 69],
    [20, 16, 64],
    [15, 21, 64],
    [8, 18, 74],
    [16, 15, 69],
    [17, 19, 64],
    [20, 15, 65],
    [11, 23, 66],
    [18, 21, 61],
    [17, 15, 68],
    [16, 11, 73],
    [18, 11, 71],
    [15, 16, 69],
    [21, 12, 67],
    [18, 9, 73]
  ],
  "method": "mvn_cdf",
  "mvncdf_method": "genz",
  "mvncdf_samples": 5000,
  "mvncdf_error": 1e-06,
  "cond_prob": [
    [
      [0.47150645791, 0.18877169749, 0.28425726103, 0.035948589257, 0.019515994322],
      [0.2605094914, 0.010564690558, 0.30621915389, 0.40627331295, 0.016433351211],
      [0.12509482923, 0.19468784825, 0.19374844341, 0.44969654167, 0.036772337441]
    ],
    [
      [0.42556052035, 0.17130942143, 0.34615634495, 0.021448828432, 0.035524884839],
      [0.26309724492, 0.015021529899, 0.38054510191, 0.3104608953, 0.030875227968],
      [0.21709117032, 0.21470064766, 0.24555300707, 0.26424129088, 0.058413884073]
    ],
    [
      [0.58164875207, 0.16014179039, 0.19540449187, 0.011475093796, 0.051329871877],
      [0.4637639466, 0.017267348823, 0.34023924223, 0.13635312572, 0.042376336634],
      [0.33223735854, 0.23849646515, 0.14942110361, 0.19192337932, 0.087921693386]
    ],
    [
      [0.45027202051, 0.24015456997, 0.2760640368, 0.014501253163, 0.019008119566],
      [0.34427756797, 0.02395830452, 0.38773341742, 0.22904769748, 0.014983012609],
      [0.25275310923, 0.30210600718, 0.22015242861, 0.19593931862, 0.029049136353]
    ],
    [
      [0.48354472126, 0.18653091285, 0.2739963057, 0.012948185063, 0.042979875126],
      [0.3719293582, 0.019062503424, 0.37327380642, 0.19982528316, 0.035909048795],
      [0.29981053574, 0.24255782878, 0.21771252138, 0.17265111027, 0.067268003836]
    ],
    [
      [0.36522039852, 0.20196032456, 0.30000969773, 0.017220606342, 0.11558897285],
      [0.39803327737, 0.019968920826, 0.25168151682, 0.23695121025, 0.093365074735],
      [0.27698101101, 0.22910393538, 0.19995725256, 0.14325390193, 0.15070389912]
    ],
    [
      [0.45010271802, 0.17556197568, 0.29260795532, 0.0097711894117, 0.071956161564],
      [0.2472961557, 0.012346446627, 0.47973492778, 0.18091713797, 0.079705331919],
      [0.26123947887, 0.15714652692, 0.25679307033, 0.1830282739, 0.14179264997]
    ],
    [
      [0.64533698836, 0.1685697718, 0.14672005834, 0.0048190447885, 0.034554136711],
      [0.55616704662, 0.019463867228, 0.25386280078, 0.13915214196, 0.031354143407],
      [0.3932199703, 0.28927004254, 0.14776084638, 0.10347007108, 0.066279069685]
    ],
    [
      [0.46742546018, 0.24316591454, 0.23824771555, 0.021595211482, 0.029565698252],
      [0.33503140219, 0.022704670756, 0.30004978526, 0.31934846657, 0.022865675218],
      [0.22308958817, 0.28104072849, 0.16481854923, 0.28929874972, 0.041752384379]
    ],
    [
      [0.44956404084, 0.23674266287, 0.26039169653, 0.014315905657, 0.038985694099],
      [0.35483969635, 0.024309897746, 0.3653787181, 0.22565911451, 0.0298125733],
      [0.25493919866, 0.29966060837, 0.20855741603, 0.18450615412, 0.05233662282]
    ],
    [
      [0.48999862788, 0.14102862588, 0.29037717022, 0.014472603609, 0.064122972412],
      [0.38017232128, 0.014282110831, 0.32510251646, 0.22777043445, 0.052672616981],
      [0.29979368948, 0.20128182732, 0.20087077613, 0.19192640336, 0.10612730371]
    ],
    [
      [0.46480589288, 0.17805864342, 0.30989616297, 0.01263725325, 0.034602047471],
      [0.35112270457, 0.017299859466, 0.41714301836, 0.19101827683, 0.023416140781],
      [0.27494005936, 0.23908440421, 0.25250980837, 0.17008560575, 0.063380122315]
    ],
    [
      [0.48030250145, 0.17426529912, 0.3090654969, 0.013702938184, 0.022663764336],
      [0.3551989145, 0.016780784416, 0.4043478356, 0.20560969662, 0.018062768861],
      [0.28799214407, 0.24048757085, 0.2512839209, 0.18361858425, 0.036617779932]
    ],
    [
      [0.4664514471, 0.24748520943, 0.23089346979, 0.019706427648, 0.035463446036],
      [0.36422993845, 0.024376908209, 0.26392232296, 0.31799173951, 0.029479090878],
      [0.24866343036, 0.29253281551, 0.14577454228, 0.25940894607, 0.053620265779]
    ],
    [
      [0.48135287824, 0.20014549485, 0.26829784693, 0.015560815999, 0.034642963979],
      [0.36756840572, 0.019877891101, 0.34364123558, 0.24049821497, 0.02841425263],
      [0.27654759124, 0.26322707358, 0.20318067072, 0.20248665313, 0.05455801133]
    ],
    [
      [0.51511943028, 0.16352700445, 0.24756427634, 0.018869694643, 0.054919594287],
      [0.3590788977, 0.015480962956, 0.31035227944, 0.27308122854, 0.042006631359],
      [0.28299347125, 0.202181861, 0.18659921311, 0.24561779411, 0.082607660528]
    ],
    [
      [0.50006312592, 0.20267471821, 0.27117302762, 0.013733815985, 0.012355312262],
      [0.37816400699, 0.020774321715, 0.37410769866, 0.21024367282, 0.016710299812],
      [0.27281122521, 0.24685403166, 0.19565161756, 0.25800981199, 0.026673313574]
    ],
    [
      [0.48058418592, 0.18032638574, 0.25106656383, 0.016933467063, 0.07108939744],
      [0.35143381852, 0.017335458824, 0.3243564571, 0.24958617909, 0.057288086467],
      [0.26359546089, 0.22793499686, 0.1890370929, 0.21319171972, 0.10624072962]
    ],
    [
      [0.40396487656, 0.27226643215, 0.25462530622, 0.01994073272, 0.049202652351],
      [0.27555683836, 0.026060721453, 0.36304982203, 0.29521523782, 0.040117380327],
      [0.19628300636, 0.31741647112, 0.18285892455, 0.23525419535, 0.068187402623]
    ],
    [
      [0.40714150024, 0.3085462297, 0.24703402356, 0.014672230518, 0.022606015976],
      [0.35070430689, 0.034430364153, 0.36460624225, 0.23706941413, 0.013189672574],
      [0.22739210126, 0.38320429625, 0.17381099679, 0.18267853537, 0.032914070329]
    ],
    [
      [0.49762575272, 0.17345185322, 0.28722943959, 0.016887624966, 0.024805329506],
      [0.35829920892, 0.016389585131, 0.3662144749, 0.23979203764, 0.019304693408],
      [0.28664463183, 0.22893602858, 0.22712137125, 0.22018892885, 0.037109039484]
    ],
    [
      [0.29265454629, 0.38051856751, 0.22482327192, 0.012010235957, 0.089993378327],
      [0.36441227218, 0.034926404508, 0.30190630638, 0.22394877605, 0.074806240888],
      [0.3934657046, 0.27063098753, 0.11199346107, 0.164784257, 0.059125589805]
    ],
    [
      [0.47480557421, 0.1430840179, 0.32870066638, 0.015090152518, 0.038319588986],
      [0.33571826414, 0.013309180879, 0.41856273326, 0.20272182891, 0.029687992814],
      [0.29448984262, 0.18097808109, 0.26736868217, 0.18875385287, 0.068409541247]
    ],
    [
      [0.63656906206, 0.13454370534, 0.12733389622, 0.029433211489, 0.072120124891],
      [0.38407880681, 0.0092857559017, 0.30221196456, 0.23569540395, 0.068728068779],
      [0.43788377697, 0.08286085873, 0.26112737217, 0.12631057923, 0.091817412905]
    ],
    [
      [0.51692394026, 0.19320428032, 0.2484387937, 0.031145871675, 0.010287114053],
      [0.45248186229, 0.020066094479, 0.26827638914, 0.24924460755, 0.0099310465357],
      [0.21769531929, 0.200741226, 0.22763323496, 0.32156692325, 0.032363296496]
    ],
    [
      [0.50871386353, 0.13550033009, 0.26793284351, 0.021655955917, 0.06619700695],
      [0.33480176816, 0.012668677919, 0.31830016072, 0.28714466677, 0.04708472644],
      [0.2674973305, 0.17441878826, 0.19591019562, 0.26604721291, 0.096126472698]
    ],
    [
      [0.4434079961, 0.30264612479, 0.21066393035, 0.010666213523, 0.032615735242],
      [0.40142640305, 0.036144271549, 0.32735418552, 0.20095274016, 0.034122399719],
      [0.2547353046, 0.40251132475, 0.1540304195, 0.14062002716, 0.048102923996]
    ],
    [
      [0.52823778224, 0.16889026319, 0.25016787859, 0.015056743884, 0.037647332092],
      [0.39097336578, 0.016954454677, 0.3427561425, 0.21839568505, 0.030920352001],
      [0.30459245311, 0.23228910184, 0.20661436352, 0.1958235106, 0.060680570937]
    ],
    [
      [0.43626880223, 0.21590549112, 0.31246931928, 0.01079182028, 0.024564567097],
      [0.40616304807, 0.021553048879, 0.40507769358, 0.14394768349, 0.02325852597],
      [0.3022264968, 0.27706566668, 0.23965131861, 0.13530719297, 0.045749324941]
    ],
    [
      [0.38836071096, 0.15180904427, 0.41315541797, 0.023057046182, 0.023617780616],
      [0.18303039474, 0.019003688177, 0.41793671819, 0.35924085811, 0.020788340777],
      [0.24635094126, 0.18317708179, 0.23197155826, 0.29475476143, 0.043745657256]
    ],
    [
      [0.46339897599, 0.16213944522, 0.24872803203, 0.022636426982, 0.10309711978],
      [0.37515285034, 0.013657919108, 0.2312053787, 0.30682092311, 0.073162928749],
      [0.20112048953, 0.20676731272, 0.23129305105, 0.21386712048, 0.14695202622]
    ],
    [
      [0.4678972954, 0.24119191795, 0.26348286853, 0.011533616526, 0.015894301595],
      [0.42601492973, 0.015597512394, 0.38975818942, 0.15624998057, 0.012379387885],
      [0.29440584213, 0.21347074304, 0.32682532432, 0.12631998612, 0.038978104382]
    ],
    [
      [0.4508836945, 0.18768250734, 0.28922646516, 0.021089921636, 0.051117411365],
      [0.3115938634, 0.017017912652, 0.34485748402, 0.2884031629, 0.038127577022],
      [0.23652956445, 0.23159434049, 0.20473219652, 0.25316075636, 0.073983142173]
    ],
    [
      [0.52136837939, 0.17220815544, 0.25220914467, 0.01575328321, 0.038461037288],
      [0.38875282931, 0.017160022293, 0.33070247484, 0.23216363643, 0.031221037131],
      [0.30227568747, 0.22789996403, 0.19877199892, 0.21096289094, 0.060089458637]
    ],
    [
      [0.4888577948, 0.18555850815, 0.27767195091, 0.018006946776, 0.029904799366],
      [0.35267647831, 0.017191464167, 0.3507522383, 0.25611419313, 0.023265626105],
      [0.27928539736, 0.2302411294, 0.2159055881, 0.22934476267, 0.045223122473]
    ],
    [
      [0.5020991059, 0.16750252326, 0.2743177067, 0.015010095542, 0.041070568594],
      [0.36864035847, 0.015871860954, 0.3670041277, 0.21590418829, 0.032579464581],
      [0.29088598959, 0.21755065214, 0.22315635297, 0.20346135111, 0.064945654193]
    ],
    [
      [0.5164288407, 0.18206202161, 0.21900757848, 0.020254217891, 0.062247341311],
      [0.36452630419, 0.016484428925, 0.28119435797, 0.28935011022, 0.048444798693],
      [0.28069112583, 0.22753199114, 0.15448574359, 0.25746173869, 0.079829400746]
    ],
    [
      [0.50026432828, 0.23311779898, 0.22562986968, 0.013268726038, 0.027719277021],
      [0.38963320942, 0.025937886041, 0.35229618193, 0.20503394088, 0.027098781727],
      [0.2814896295, 0.32014811742, 0.18476118269, 0.15563397663, 0.05796709375]
    ],
    [
      [0.42318172159, 0.26769041732, 0.24586849486, 0.017341614606, 0.045917751618],
      [0.31146068801, 0.028085854683, 0.35306502976, 0.2702373986, 0.037151028949],
      [0.22143099136, 0.32149266027, 0.18116410986, 0.21793387566, 0.057978362847]
    ],
    [
      [0.44392730563, 0.24685330753, 0.26865181094, 0.014929188337, 0.025638387557],
      [0.36632398463, 0.028882551691, 0.43728087243, 0.15477365545, 0.012738935806],
      [0.26102193617, 0.32548545675, 0.21367391827, 0.17648036987, 0.023338318947]
    ],
    [
      [0.46328046959, 0.19657882667, 0.24964165662, 0.016819439287, 0.073679607835],
      [0.33724806947, 0.018435551847, 0.32952291177, 0.25575334626, 0.059040120657],
      [0.24906555409, 0.24979289765, 0.20798276454, 0.18245920157, 0.11069958216]
    ],
    [
      [0.40712451394, 0.18861791942, 0.31471219837, 0.020537662576, 0.069007705698],
      [0.30296921131, 0.016570875196, 0.37204206062, 0.26248546404, 0.04593238883],
      [0.232331323, 0.23086318777, 0.19652763589, 0.25009943203, 0.090178421303]
    ],
    [
      [0.54306640324, 0.15758378728, 0.22550386454, 0.013991926461, 0.059854018476],
      [0.43121745772, 0.018260735562, 0.31153534848, 0.18492972824, 0.054056730002],
      [0.36500071017, 0.13913842465, 0.23533032002, 0.11119066115, 0.14933988401]
    ],
    [
      [0.49393544901, 0.18642429904, 0.28208604253, 0.016007262405, 0.021546947019],
      [0.3606470647, 0.01848997079, 0.36600403644, 0.23724227582, 0.01761665224],
      [0.28639415302, 0.24567979862, 0.22890999472, 0.20673362296, 0.032282430675]
    ],
    [
      [0.51522206666, 0.20423623639, 0.24812479781, 0.012495107101, 0.019921792045],
      [0.40365702401, 0.020314106272, 0.36196744609, 0.19583106447, 0.018230359157],
      [0.33714163353, 0.25684001247, 0.19251181447, 0.18816597986, 0.025340559668]
    ],
    [
      [0.46883531689, 0.19844278999, 0.2931652149, 0.020067548352, 0.019489129868],
      [0.33114769396, 0.023675250309, 0.41410321939, 0.21871083295, 0.012363003389],
      [0.19011964977, 0.24545842808, 0.30822241448, 0.23902530745, 0.017174200231]
    ],
    [
      [0.4673161196, 0.20536039029, 0.2499667574, 0.024952814567, 0.052403918147],
      [0.32433499905, 0.019606199351, 0.27983042313, 0.33963334542, 0.036595033053],
      [0.21119767383, 0.25644137504, 0.1640829057, 0.29549752017, 0.072780525262]
    ],
    [
      [0.53844911864, 0.21812728719, 0.1855987441, 0.015610697684, 0.042214152387],
      [0.4366484453, 0.022135693706, 0.27143978514, 0.23388002626, 0.035896049597],
      [0.29803974779, 0.28643174667, 0.15259663329, 0.20011725401, 0.062814618242]
    ],
    [
      [0.54261581949, 0.16818127537, 0.23948910476, 0.0099037753906, 0.039810024977],
      [0.40797963342, 0.018914112996, 0.35805852163, 0.17865983437, 0.036387897594],
      [0.35199642834, 0.19676820101, 0.21352833841, 0.16994338277, 0.067763649478]
    ],
    [
      [0.44016163357, 0.22577491393, 0.25939565754, 0.02361707476, 0.051050720197],
      [0.27074458695, 0.020013500078, 0.3483637572, 0.32248766675, 0.038390489019],
      [0.20558213611, 0.26656959821, 0.19958415208, 0.26684306922, 0.061421044377]
    ]
  ],
  "expected_outcome": [
    [
      [33.4769585113, 29.7892364247, 40.1337638926, 33.3201295174, 32.8810410458, 23.7393259038, 27.4562657994, 37.4295453248, 29.9152294514, 30.1207907365, 33.809905324, 33.9308301804, 28.3378475857, 33.5845041914, 33.6947014765, 34.5130018287, 25.503219422, 6.247594417, 5.2515433952, 5.6999810034, 6.4691347854, 5.2677818332, 11.3953337811, 8.9119668688, 7.2369351636, 9.6655634071, 7.9813439298, 6.3388533869, 5.671494429, 7.7672142193, 7.8777825919, 4.678972954, 10.8212086681, 9.9059992085, 7.8217247168, 9.0377839062, 10.3285768141, 7.5039649242, 3.3854537727, 7.1028368901, 7.875767983, 8.1424902788, 5.9737304357, 8.8908380821, 8.7587751333, 7.5013650702, 8.4116901528, 8.0767367796, 11.3949322094, 7.9229094043],
      [13.4027905217, 11.9916595, 11.0497835367, 17.7714381777, 12.6841020736, 13.1274210963, 10.7092805165, 9.7770467645, 15.5626185304, 15.8617584125, 9.7309751856, 12.9982809698, 10.2816526484, 17.8189350786, 14.0101846397, 10.9563092983, 10.3364106287, 2.3442430146, 3.539463618, 4.3196472159, 2.2548740918, 6.8493342151, 3.4340164297, 1.8836118748, 2.7048599245, 2.5745062717, 5.4476302462, 2.0266831583, 2.8067713845, 3.0361808853, 2.7563705687, 2.4119191795, 4.5043801761, 3.2719549534, 2.9689361303, 3.0150454187, 3.6412404322, 3.4967669847, 2.1415233386, 3.9496529205, 3.3418400533, 3.7723583884, 1.7334216601, 3.3556373826, 3.4720160186, 3.1750846399, 3.6964870252, 3.2719093078, 3.5318067828, 4.0639484507],
      [20.1822655329, 24.2309441464, 13.4829099393, 20.428738723, 18.6317487877, 19.5006303525, 17.8490852745, 8.5097633837, 15.2478537952, 17.4462436673, 20.0360247449, 22.6224198972, 18.2348643172, 16.6243298247, 18.7808492852, 16.5868065147, 13.8298244088, 3.2638653298, 3.3101289808, 3.4584763298, 3.7339827147, 4.0468188946, 7.8888159931, 1.782674547, 3.4781431117, 5.0907240267, 3.7919507463, 3.0020145431, 4.0621011506, 8.2631083595, 4.2283765444, 2.6348286853, 6.9414351637, 4.7919737486, 4.4427512146, 4.9377187207, 4.3801515697, 3.3844480453, 1.9669479589, 4.298428975, 4.2439081626, 6.2942439673, 2.48054251, 5.0775487656, 4.2181215627, 4.6906434384, 4.4994016332, 2.7839811615, 5.0292712001, 4.6691218357],
      [2.5523498372, 1.5014179902, 0.79178147195, 1.073092734, 0.88047658431, 1.1193394122, 0.59604255412, 0.27950459773, 1.3820935349, 0.95916567901, 0.99860964901, 0.92251948728, 0.80847335286, 1.4188627907, 1.0892571199, 1.2642695411, 0.70042461521, 0.22013507182, 0.25922952535, 0.20541122725, 0.21953912456, 0.21618424723, 0.36216366044, 0.41206496085, 0.43604220345, 0.41146316242, 0.19199184341, 0.18068092661, 0.14029366364, 0.46114092364, 0.38481925869, 0.11533616526, 0.50615811927, 0.29931238098, 0.28811114841, 0.27018171976, 0.40508435782, 0.19903089056, 0.13873291685, 0.23886701339, 0.28593046788, 0.41075325152, 0.15391119107, 0.28813072329, 0.21241682071, 0.32108077364, 0.4491506622, 0.23416046527, 0.2079792832, 0.42510734569],
      [1.3856355968, 2.4867419387, 3.5417611595, 1.4066008479, 2.9226315085, 7.5132832352, 4.3893258554, 2.0041399293, 1.8922046881, 2.6120415046, 4.4244850964, 2.5259494654, 1.3371620958, 2.5533681146, 2.4250074785, 3.6796128172, 0.63012092536, 0.92416216672, 0.63963448056, 0.31648422366, 0.32246928358, 1.6198808099, 0.91967013565, 1.0096817485, 0.14401959675, 1.2577431321, 0.58708323435, 0.4517679851, 0.31933937226, 0.47235561231, 1.7526510362, 0.15894301595, 1.2268178728, 0.73075970847, 0.47847678986, 0.73927023469, 1.2449468262, 0.41578915532, 0.36734201294, 0.41021420092, 1.2525533332, 1.380154114, 0.65839420324, 0.38784504634, 0.33867046476, 0.31182607789, 0.94327052665, 0.6332122858, 0.83601052453, 0.91891296355]
    ],
    [
      [4.9496803365, 3.4202641839, 8.3477510387, 5.1641635196, 5.9508697312, 7.56263227, 5.1932192697, 12.2356750257, 6.3655966417, 6.0322748379, 6.843101783, 4.2134724548, 8.1695750335, 5.8276790152, 4.7783892744, 6.8224990563, 12.1012482238, 22.1403305669, 19.013421847, 23.8478928687, 24.3643462068, 24.7800345082, 20.4788141124, 24.1969648293, 30.7687666357, 22.4317184664, 27.2969954075, 28.541055702, 28.8375764132, 12.4460668423, 24.3849352721, 31.5251048, 19.318819531, 12.4400905378, 4.2321177397, 4.7923246601, 5.832420867, 8.1822973979, 5.6062923842, 5.4948597694, 6.4077133199, 4.5445381697, 9.9180015275, 7.5735883587, 6.0548553601, 3.6426246336, 3.5676849895, 6.9863751248, 4.895755601, 2.4367012826],
      [0.20072912061, 0.19527988868, 0.31081227882, 0.3593745678, 0.30500005478, 0.37940949569, 0.25927537916, 0.42820507902, 0.43138874436, 0.41326826169, 0.25707799496, 0.20759831359, 0.38595804157, 0.39003053135, 0.25841258431, 0.29413829616, 0.6647782949, 1.0921339059, 1.7981897803, 2.3412647624, 1.1144917889, 2.3749955066, 0.81186003359, 0.58500262181, 1.3644944245, 0.84880142057, 2.4578104653, 1.2376751914, 1.5302664704, 1.292250796, 0.88776474204, 1.1542159172, 1.0551105844, 0.54912071338, 0.20629757, 0.2063341924, 0.2637508628, 0.54469560686, 0.5055453843, 0.43323827537, 0.35027548509, 0.24856312795, 0.41999691793, 0.38828938659, 0.30471159408, 0.2604277534, 0.21566819286, 0.35417109929, 0.22696935595, 0.18012150071],
      [5.8181639239, 4.9470863249, 6.1243063601, 5.8160012613, 5.9723809027, 4.7819488196, 10.0744334835, 5.5849816173, 5.70094592, 6.2114382076, 5.8518452963, 5.0057162203, 9.3000002188, 4.2227571673, 4.4673360625, 5.8966933093, 11.9714463572, 20.434456797, 25.0504377204, 24.793224473, 24.9025842931, 20.5296288337, 25.5323267289, 19.0393537673, 18.2427944616, 21.326110768, 22.2600846157, 25.0211984022, 28.7605162445, 28.4196968372, 15.0283496153, 28.8421060174, 21.3811640091, 10.5824791949, 4.2090268595, 4.7710536602, 4.4991097275, 7.3982198205, 6.3551705357, 6.5592130865, 6.2609353236, 5.5806309093, 7.165313015, 7.6860847653, 5.4295116913, 4.5551354133, 3.0781346544, 4.3430365623, 4.2967022595, 3.1352738148],
      [7.719192946, 4.0359916389, 2.454356263, 3.4357154622, 3.1972045306, 4.5020729948, 3.7992598974, 3.0613471231, 6.0676208648, 3.8362049467, 4.0998678201, 2.2922193219, 4.7290230223, 5.0878678321, 3.1264767946, 5.1885433423, 6.7277975301, 15.7239292828, 20.3698514098, 16.1207201609, 16.3058585595, 15.2285167712, 12.3660315635, 14.8488104486, 16.9486333136, 19.2386926736, 13.6647863305, 15.9428850084, 10.220285528, 24.4283783516, 19.9433600019, 11.5624985619, 17.8809961001, 7.4292363657, 3.0733703175, 2.8067544478, 4.6296017636, 4.3057127585, 4.8642731747, 2.3216048317, 4.8593135789, 3.9372819607, 4.2533837496, 4.9820877923, 2.9374659671, 2.4058191625, 3.7359667997, 3.7420804201, 2.1439180124, 2.9023890008],
      [0.312233673, 0.40137796359, 0.76277405941, 0.22474518914, 0.57454478072, 1.77393642, 1.6738119703, 0.68979115496, 0.43444782915, 0.50681374609, 0.94810710566, 0.28099368937, 0.4154436838, 0.47166545405, 0.36938528419, 0.79812599583, 0.53472959399, 3.6091494474, 2.7680992426, 0.89689773502, 1.3127191518, 5.0868243804, 1.8109675617, 4.3298683331, 0.67531116443, 3.1546766715, 2.3203231809, 2.2571856961, 1.6513553439, 1.4136071729, 4.7555903687, 0.91607470352, 2.3639097754, 0.99907318818, 0.27918751326, 0.42353303955, 0.77511677909, 0.56907441626, 0.66871852108, 0.19108403709, 1.1217622925, 0.68898583246, 1.24330479, 0.36994969703, 0.27345538736, 0.13599303727, 0.40254536358, 0.57433679355, 0.43665477113, 0.34551440117]
    ],
    [
      [1.2509482923, 3.6905498955, 4.319085661, 2.7802842016, 4.7969685718, 4.4316961761, 4.7023106196, 7.8643994061, 3.792522999, 4.0790271786, 3.8973179632, 4.1241008904, 5.1838585932, 2.9839611643, 4.7013090511, 3.9619085975, 4.6377908286, 6.3262910615, 3.5330941144, 4.0930578226, 5.4462480049, 5.5085198644, 4.4173476392, 10.0713268702, 3.9185157471, 3.744962627, 3.5662942644, 4.5688867966, 4.8356239487, 2.9562112951, 3.6201688116, 4.710493474, 3.3114139023, 14.8115086859, 20.1085486096, 20.0711332815, 17.9642320533, 18.0153362882, 16.3858933608, 18.0105135955, 15.9401954615, 15.101535995, 24.0900468715, 17.4700433344, 22.92563108, 13.8787344329, 14.9950348421, 20.5647425974, 23.5837606985, 15.0074959362],
      [1.9468784825, 3.6499110102, 3.100454047, 3.323166079, 3.8809252605, 3.6656629661, 2.8286374846, 5.7854008509, 4.7776923844, 4.7945697339, 2.6166637552, 3.5862660631, 4.3287762753, 3.5103937862, 4.4748602508, 2.830546054, 4.1965185382, 5.4704399246, 5.7134964802, 6.8976773325, 4.3497845431, 3.7888338254, 2.7146712164, 1.9057997508, 3.613342068, 2.4418630357, 5.6351585465, 3.4843365276, 4.433050667, 2.1981249815, 3.7218116289, 3.4155318887, 3.2423207669, 11.1670982373, 16.5773613169, 15.0109949979, 14.5620474329, 20.4894795151, 23.7904568602, 22.4584965156, 15.9867454494, 15.0061072052, 9.1831360268, 14.9864677158, 17.465120848, 17.9184652495, 18.2073376276, 19.7637905202, 13.1834694677, 19.4595806693],
      [1.9374844341, 4.1744011201, 1.9424743469, 2.4216767148, 3.483400342, 3.199316041, 4.622275266, 2.9552169276, 2.801915337, 3.3369186565, 2.6113200897, 3.7876471255, 4.5231105762, 1.7492945074, 3.4540714023, 2.6123889835, 3.3260774986, 4.5368902297, 3.2914606419, 3.1285979423, 4.3153060537, 1.567908455, 4.0105302326, 6.0059295598, 4.0973982294, 2.7427427387, 2.156425873, 3.0992154528, 3.8344210977, 2.7836586992, 4.1632749189, 5.2292051892, 2.8662507513, 9.7398279472, 15.5452023433, 15.3977883549, 9.8870875897, 11.8247156921, 13.4061441298, 14.7435003609, 13.3108969305, 12.7742963329, 15.5318011212, 13.9635096782, 13.0908033841, 22.5002362571, 11.6498863049, 10.5291676971, 14.3063986732, 14.5696431019],
      [4.4969654167, 4.4921019449, 2.4950039312, 2.1553325048, 2.7624177643, 2.2920624308, 3.2945089303, 2.0694014217, 4.9180787452, 2.952098466, 2.4950432437, 2.5512840862, 3.3051345165, 3.1129073529, 3.4422731031, 3.4386491175, 4.3861668038, 5.1166012734, 4.2345755163, 3.2882136367, 4.1835896482, 2.3069795979, 2.8313077931, 2.9051433223, 5.7882046186, 3.7246609808, 1.9686803802, 2.9373526589, 2.1649150876, 3.5370571372, 3.8496081686, 2.021119778, 3.5442505891, 10.3371816563, 16.5128229122, 14.0388332264, 16.4775512764, 9.9605745045, 16.1271067985, 12.1771455207, 11.6773889003, 16.2564630822, 7.3385836359, 12.6107510005, 12.7952866304, 17.4488474437, 20.9803239317, 13.8080905267, 11.3862066455, 19.4795440531],
      [0.36772337441, 0.99303602925, 1.142982014, 0.31954049988, 1.0762880614, 2.411262386, 2.5522676995, 1.3255813937, 0.70979053444, 0.83738596513, 1.3796549482, 0.95070183473, 0.65912003878, 0.64344318935, 0.92748619262, 1.1565072474, 0.45344633075, 2.5497775109, 1.2273732472, 0.59245326592, 0.70507175019, 0.82775825727, 1.0261431187, 2.1118004968, 0.58253933692, 1.3457706178, 0.67344093594, 0.91020856406, 0.73198919905, 0.52494788708, 2.645136472, 0.62364967011, 1.0357639904, 2.9443834732, 3.256064818, 4.4812501393, 5.1090816478, 3.709894, 4.2903988507, 1.6103440074, 7.0847732583, 5.8615973847, 9.8564323446, 1.9692282712, 1.7231580574, 1.2537166168, 5.1674172936, 4.3342086587, 4.5401645151, 4.4837362395]
    ]
  ],
  "prob": [
    [0.48740199782, 0.19526286398, 0.25824974056, 0.016383777454, 0.042701620183],
    [0.36472225687, 0.019360288719, 0.34082247756, 0.24051359915, 0.034581377701],
    [0.27680615649, 0.24914602192, 0.20045081343, 0.20872686, 0.064870148163]
  ],
  "iterations": 999,
  "time": 26.15004,
  "message": "Maximum iterations reached",
  "status": 2,
  "miniter": 0,
  "maxiter": 1000,
  "maxtime": 3600,
  "param_threshold": 0.001,
  "ll_threshold": "-Inf",
  "initial_prob": "group_proportional",
  "ballotbox_id": ["1", "2", "3", "4", "5", "6", "7", "8", "9", "10", "11", "12", "13", "14", "15", "16", "17", "18", "19", "20", "21", "22", "23", "24", "25", "26", "27", "28", "29", "30", "31", "32", "33", "34", "35", "36", "37", "38", "39", "40", "41", "42", "43", "44", "45", "46", "47", "48", "49", "50"],
  "candidates_id": ["1", "2", "3", "4", "5"],
  "group_id": ["1", "2", "3"]
}
