{
  "X": [
    [42, 8, 15, 15, 20],
    [44, 7, 8, 13, 28],
    [34, 4, 18, 15, 29],
    [40, 11, 13, 12, 24],
    [43, 9, 14, 15, 19],
    [42, 10, 23, 9, 16],
    [34, 5, 14, 22, 25],
    [34, 9, 21, 16, 20],
    [35, 5, 14, 20, 26],
    [33, 7, 12, 25, 23],
    [38, 1, 13, 23, 25],
    [40, 9, 12, 15, 24],
    [37, 8, 12, 17, 26],
    [32, 8, 13, 22, 25],
    [35, 7, 15, 15, 28],
    [43, 8, 6, 20, 23],
    [30, 14, 8, 27, 21],
    [24, 27, 10, 23, 16],
    [31, 24, 6, 24, 15],
    [25, 16, 12, 23, 24],
    [29, 19, 12, 22, 18],
    [32, 25, 5, 24, 14],
    [29, 20, 10, 27, 14],
    [34, 18, 6, 27, 15],
    [30, 20, 10, 25, 15],
    [23, 19, 10, 27, 21],
    [29, 17, 11, 26, 17],
    [31, 17, 8, 34, 10],
    [23, 20, 13, 32, 12],
    [20, 22, 15, 33, 10],
    [22, 14, 11, 32, 21],
    [22, 17, 5, 37, 19],
    [29, 22, 7, 26, 16],
    [32, 12, 12, 20, 24],
    [24, 6, 13, 11, 46],
    [24, 8, 9, 11, 48],
    [27, 5, 17, 13, 38],
    [33, 11, 11, 12, 33],
    [23, 12, 13, 7, 45],
    [22, 6, 10, 13, 49],
    [27, 8, 17, 7, 41],
    [25, 11, 16, 7, 41],
    [28, 10, 11, 8, 43],
    [32, 7, 17, 7, 37],
    [29, 6, 14, 7, 44],
    [29, 5, 14, 11, 41],
    [28, 11, 13, 10, 38],
    [26, 9, 16, 16, 33],
    [18, 10, 9, 15, 48],
    [38, 6, 19, 7, 30]
  ],
  "W": [
    [61, 19, 20],
    [61, 19, 20],
    [66, 18, 16],
    [66, 12, 22],
    [63, 21, 16],
    [68, 16, 16],
    [62, 25, 13],
    [76, 15, 9],
    [71, 17, 12],
    [59, 23, 18],
    [72, 12, 16],
    [71, 13, 16],
    [70, 18, 12],
    [66, 17, 17],
    [61, 15, 24],
    [63, 22, 15],
    [51, 33, 16],
    [18, 64, 18],
    [19, 66, 15],
    [16, 63, 21],
    [15, 62, 23],
    [22, 63, 15],
    [22, 68, 10],
    [21, 65, 14],
    [20, 67, 13],
    [20, 57, 23],
    [26, 57, 17],
    [16, 71, 13],
    [17, 64, 19],
    [11, 74, 15],
    [16, 66, 18],
    [20, 66, 14],
    [15, 63, 22],
    [17, 40, 43],
    [20, 19, 61],
    [12, 21, 67],
    [15, 20, 65],
    [14, 25, 61],
    [11, 13, 76],
    [12, 18, 70],
    [17, 21, 62],
    [17, 16, 67],
    [17, 13, 70],
    [12, 13, 75],
    [19, 12, 69],
    [15, 15, 70],
    [21, 14, 65],
    [11, 24, 65],
    [13, 18, 69],
    [23, 14, 63]
  ],
  "method": "mvn_cdf",
  "mvncdf_method": "genz",
  "mvncdf_samples": 5000,
  "mvncdf_error": 1e-06,
  "cond_prob": [
    [
      [0.51950404559, 0.024287801524, 0.16322297057, 0.12868676785, 0.16429841447],
      [0.27183580382, 0.27657252973, 0.072647238797, 0.34595604769, 0.032988379959],
      [0.30043134347, 0.045531220602, 0.1678554577, 0.012542701721, 0.4736392765]
    ],
    [
      [0.49898670128, 0.019077712447, 0.10896205534, 0.10702293384, 0.2659505971],
      [0.31098986799, 0.2763501105, 0.050720477919, 0.30361854445, 0.058320999132],
      [0.25426403798, 0.031826894822, 0.085835099264, 0.0098409933605, 0.61823297458]
    ],
    [
      [0.40816064867, 0.012924262789, 0.18612673022, 0.11645331118, 0.27633504714],
      [0.25326071751, 0.1801831509, 0.101482551, 0.39868607949, 0.066387501107],
      [0.17316635947, 0.022745031501, 0.17855373095, 0.0093569085815, 0.61617796949]
    ],
    [
      [0.47701418161, 0.060899275717, 0.14256183369, 0.13199090764, 0.18753380134],
      [0.17976120904, 0.49885248299, 0.044327029228, 0.24847127525, 0.028588003487],
      [0.25933780737, 0.10082751643, 0.13135359639, 0.011026224131, 0.49745485568]
    ],
    [
      [0.52619630026, 0.026646464967, 0.15348009341, 0.12480136037, 0.168875781],
      [0.26856482925, 0.28836573607, 0.068119934812, 0.3376457551, 0.037303744767],
      [0.29630195176, 0.048110828597, 0.16130078847, 0.011353560501, 0.48293287067]
    ],
    [
      [0.47789607424, 0.03183317782, 0.26713732813, 0.086087630158, 0.13704578965],
      [0.21295993284, 0.41228852042, 0.11850009238, 0.23117288782, 0.025078566533],
      [0.28510541552, 0.066945311088, 0.2925496431, 0.0081893885471, 0.34721024175]
    ],
    [
      [0.40851956125, 0.015118602464, 0.15433789894, 0.16180203204, 0.2602219053],
      [0.22287435901, 0.1742350289, 0.074290915092, 0.47642366519, 0.052176031801],
      [0.20886345169, 0.024476792683, 0.15169212762, 0.013179272902, 0.6017883551]
    ],
    [
      [0.39031993749, 0.034571995911, 0.25643454323, 0.13272405498, 0.18594946838],
      [0.18008093981, 0.37327524182, 0.093500434556, 0.31834276378, 0.034800620033],
      [0.19238193455, 0.065710253367, 0.23885336629, 0.011883053277, 0.49117139252]
    ],
    [
      [0.41442946059, 0.018100593312, 0.15451940594, 0.16141807821, 0.25153246196],
      [0.22266160224, 0.19281434655, 0.07107021564, 0.460954273, 0.052499562565],
      [0.20704657189, 0.028305397627, 0.13704829301, 0.013820843017, 0.61377889446]
    ],
    [
      [0.3981333212, 0.021829085114, 0.13354660964, 0.23439457564, 0.21209640841],
      [0.17854989036, 0.20796906866, 0.052160652873, 0.52023327612, 0.041087111984],
      [0.24612668897, 0.040213323158, 0.13480097111, 0.020547851278, 0.55831116549]
    ],
    [
      [0.43850691582, 0.01008565056, 0.13159027197, 0.22309971762, 0.19671744404],
      [0.20112282614, 0.10077931226, 0.056066455057, 0.5997297801, 0.042301626435],
      [0.23848658045, 0.018021324817, 0.14346432319, 0.021293736559, 0.57873403499]
    ],
    [
      [0.47397470129, 0.04169488502, 0.13154021113, 0.14436725952, 0.20842294304],
      [0.20694310547, 0.38865774702, 0.0476744831, 0.32121846625, 0.035506198162],
      [0.25092306267, 0.070092135031, 0.12453603608, 0.012870601145, 0.54157816507]
    ],
    [
      [0.43117277122, 0.027804159272, 0.13464233584, 0.14831490045, 0.25806583322],
      [0.22351154681, 0.29362220703, 0.058300557539, 0.3736011153, 0.050964573322],
      [0.22288872751, 0.042495506977, 0.11889843512, 0.011478007344, 0.60423932305]
    ],
    [
      [0.38113850929, 0.030379321586, 0.14541928768, 0.21083484926, 0.23222803218],
      [0.16035939488, 0.28170485504, 0.049034877608, 0.47183308848, 0.037067783995],
      [0.20863498206, 0.053681047892, 0.14194439583, 0.018873493532, 0.57686608069]
    ],
    [
      [0.43636446998, 0.026024360578, 0.16528907521, 0.14626622921, 0.22605586503],
      [0.2242541112, 0.28239851756, 0.071270547439, 0.37663329921, 0.045443524581],
      [0.2262725508, 0.042090896851, 0.15234176309, 0.012249726889, 0.56704506237]
    ],
    [
      [0.53184360192, 0.023504742543, 0.081658228172, 0.16355059128, 0.19944283609],
      [0.25922228257, 0.25119683481, 0.035871513729, 0.41364915004, 0.040060218846],
      [0.2969195617, 0.043661093586, 0.086872990555, 0.015726603361, 0.5568197508]
    ],
    [
      [0.43252991329, 0.039575281227, 0.10081354044, 0.21903021271, 0.20805105234],
      [0.14747598689, 0.31541850799, 0.036439728754, 0.47079822212, 0.029867554248],
      [0.24021036945, 0.075709731099, 0.11288817019, 0.0233393089, 0.54785242036]
    ],
    [
      [0.42891944216, 0.047752811555, 0.16566524565, 0.14060904164, 0.21705345899],
      [0.18454236494, 0.39889877242, 0.059490180418, 0.32201468876, 0.035053993461],
      [0.2225076221, 0.075486991616, 0.1468965317, 0.01177378422, 0.54333507037]
    ],
    [
      [0.52403810674, 0.036072495715, 0.1057189029, 0.12700481692, 0.20716567773],
      [0.26451117818, 0.34812643135, 0.042501976277, 0.30553035929, 0.0393300549],
      [0.29288261447, 0.057216383152, 0.10538419131, 0.011246932717, 0.53326987835]
    ],
    [
      [0.35486026274, 0.019988220502, 0.15589187287, 0.088725496762, 0.38053414712],
      [0.19542097306, 0.23772512727, 0.096063706091, 0.38184051213, 0.088949681453],
      [0.19454618733, 0.029487514418, 0.1336942899, 0.007776203581, 0.63449580477]
    ],
    [
      [0.46947137606, 0.025904584491, 0.17693466094, 0.11794385423, 0.20974552428],
      [0.26337036112, 0.28250612298, 0.084394709251, 0.32581566832, 0.043913138327],
      [0.25136619868, 0.04097581037, 0.17269348887, 0.0097031022915, 0.52526139979]
    ],
    [
      [0.53467698011, 0.041284967348, 0.093584618659, 0.14473177739, 0.18572165649],
      [0.23717022978, 0.3729610181, 0.036075477268, 0.32277486487, 0.031018409986],
      [0.3234983535, 0.072920349919, 0.097444164299, 0.013652982291, 0.49248414999]
    ],
    [
      [0.47234022197, 0.026404238655, 0.14180196347, 0.13675952022, 0.22269405568],
      [0.24555176546, 0.27893586415, 0.071249109472, 0.35647146157, 0.047791799353],
      [0.23490765517, 0.040673993926, 0.1459553362, 0.010809402023, 0.56765361268]
    ],
    [
      [0.54127898734, 0.024403481489, 0.098661217886, 0.13863354958, 0.1970227637],
      [0.29495684001, 0.26196256305, 0.047106364575, 0.35275911289, 0.043215119471],
      [0.30118573665, 0.040373559784, 0.095709278611, 0.012089682704, 0.55064174225]
    ],
    [
      [0.48004624144, 0.02445029819, 0.15294823964, 0.12419933052, 0.21835589021],
      [0.25676902176, 0.2814372082, 0.072016831029, 0.34133103394, 0.048445905073],
      [0.25160539878, 0.040578267129, 0.14331446789, 0.010165049522, 0.55433681669]
    ],
    [
      [0.40030694399, 0.03178822925, 0.1530936057, 0.17116459389, 0.24364662717],
      [0.18577656821, 0.30067249744, 0.059291423565, 0.41090279552, 0.043356715255],
      [0.20402995583, 0.049859243797, 0.13983262959, 0.0140792663, 0.59219890448]
    ],
    [
      [0.45244760528, 0.025847061226, 0.15937323532, 0.15012742918, 0.21220466899],
      [0.23226924867, 0.27323133362, 0.068901082958, 0.38479883132, 0.04079950343],
      [0.24395466609, 0.043213714523, 0.1550415805, 0.012945383193, 0.5448446557]
    ],
    [
      [0.5140737668, 0.020212039777, 0.12065643195, 0.19656837874, 0.14848938274],
      [0.2342694024, 0.23644811828, 0.050829616425, 0.45367240939, 0.0247804535],
      [0.31922520236, 0.043725974823, 0.14507127939, 0.019562793937, 0.47241474948]
    ],
    [
      [0.38972887547, 0.033469314542, 0.22154946836, 0.20924927703, 0.14600306459],
      [0.16016478339, 0.30743398923, 0.073800287463, 0.43438627906, 0.024214660853],
      [0.26639651064, 0.067054749961, 0.21603026106, 0.022847828302, 0.42767065003]
    ],
    [
      [0.31128033685, 0.029709482715, 0.31570545975, 0.18973336946, 0.15357135122],
      [0.15452462807, 0.23792027757, 0.11453747687, 0.46199820695, 0.031019410541],
      [0.20740947809, 0.052417073799, 0.34607832106, 0.017248829934, 0.37684629712]
    ],
    [
      [0.32712763636, 0.018492916218, 0.19225996063, 0.15439882764, 0.30772065916],
      [0.2311428702, 0.18640494556, 0.077417523861, 0.44368156891, 0.061353091464],
      [0.13860288016, 0.023836643311, 0.12401192868, 0.011113406071, 0.70243514178]
    ],
    [
      [0.38213935103, 0.024447729927, 0.10433545428, 0.18471525421, 0.30436221056],
      [0.17926661612, 0.22455233437, 0.039522303156, 0.50658159438, 0.050077151981],
      [0.19292642742, 0.032635850379, 0.075691356438, 0.017635054614, 0.68111131115]
    ],
    [
      [0.50899444909, 0.032928470006, 0.11600332555, 0.15698232691, 0.18509142844],
      [0.23236256884, 0.32355147251, 0.041911541608, 0.36991185295, 0.032262564087],
      [0.29637158728, 0.062286189379, 0.12000018222, 0.014785011132, 0.50655702999]
    ],
    [
      [0.51144996204, 0.023625123783, 0.14307399822, 0.16232676254, 0.15952415342],
      [0.25184375337, 0.25368909419, 0.05918820376, 0.40416292461, 0.031116024078],
      [0.32376630813, 0.04333442921, 0.15527867613, 0.014872062575, 0.46274852395]
    ],
    [
      [0.38250199152, 0.021592267434, 0.16604493743, 0.15213224619, 0.27772855743],
      [0.22731499631, 0.21704194225, 0.084672559144, 0.40609145502, 0.064879047282],
      [0.19251682649, 0.028132689931, 0.12580781803, 0.0096686133461, 0.6438740522]
    ],
    [
      [0.44546003682, 0.023803644998, 0.11630947907, 0.14670204201, 0.2677247971],
      [0.23055113515, 0.25658482757, 0.0581850842, 0.39746602012, 0.057212932952],
      [0.19016612082, 0.034126661266, 0.090164703585, 0.010693061773, 0.67484945256]
    ],
    [
      [0.4301537927, 0.016199348992, 0.18891627276, 0.16747896022, 0.19725162533],
      [0.23032257002, 0.17883758155, 0.083985424157, 0.46552194951, 0.041332474771],
      [0.24146234866, 0.027410199687, 0.19515092679, 0.014626811925, 0.52134971294]
    ],
    [
      [0.53076842802, 0.028382149587, 0.123368846, 0.14206707782, 0.17541349857],
      [0.26406288039, 0.2900801628, 0.05327107134, 0.35822574611, 0.034360139367],
      [0.31918329694, 0.051734331542, 0.12994158763, 0.013417344509, 0.48572343939]
    ],
    [
      [0.41863039862, 0.052160456657, 0.14843529261, 0.15216384858, 0.22861000353],
      [0.16416652663, 0.44596222922, 0.049412377399, 0.3060284468, 0.034430419947],
      [0.21242099285, 0.086014813357, 0.13659258862, 0.012458112304, 0.55251349287]
    ],
    [
      [0.37744388576, 0.020165677097, 0.12129579457, 0.21357647432, 0.26751816825],
      [0.18307417034, 0.19751617763, 0.047363740521, 0.52377128683, 0.048274624677],
      [0.19267831152, 0.032869801439, 0.10754766889, 0.017844735697, 0.64905948245]
    ],
    [
      [0.45938787727, 0.017449966534, 0.20191515388, 0.085738522648, 0.23550847967],
      [0.27506965177, 0.25962772618, 0.12299175055, 0.27143555446, 0.070875317044],
      [0.20554102941, 0.029077966801, 0.20088380527, 0.0065019678974, 0.55799523063]
    ],
    [
      [0.42573886786, 0.040456582824, 0.18782489815, 0.11589037876, 0.23008927241],
      [0.20907655365, 0.39120127836, 0.077235462786, 0.28057037708, 0.041916328121],
      [0.21367807735, 0.060056776085, 0.16974234249, 0.0095038911676, 0.54701891291]
    ],
    [
      [0.46802845563, 0.040438029063, 0.12413793797, 0.14866243697, 0.21873314037],
      [0.20827353566, 0.37232252541, 0.047682828088, 0.33335419245, 0.038366918396],
      [0.24708786843, 0.064389145765, 0.11754023888, 0.01258425084, 0.55839849609]
    ],
    [
      [0.51835695028, 0.022351756054, 0.17212833579, 0.12207966235, 0.16508329553],
      [0.27054811345, 0.26236388042, 0.079860982989, 0.35131135543, 0.035915667713],
      [0.29951287913, 0.040272925495, 0.17879264061, 0.011611539395, 0.46981001537]
    ],
    [
      [0.47714993175, 0.021364050125, 0.15504262819, 0.11555119063, 0.23089219931],
      [0.26161132754, 0.25225933125, 0.073191134499, 0.36120920911, 0.051728997603],
      [0.24428415433, 0.03438382572, 0.14465591038, 0.0094627429881, 0.56721336657]
    ],
    [
      [0.46929663665, 0.017721964073, 0.13750737279, 0.17511142871, 0.20036259778],
      [0.2343432775, 0.1852685411, 0.065100568924, 0.475442482, 0.039845130472],
      [0.26029071604, 0.03006572086, 0.14913325563, 0.015589082668, 0.5449212248]
    ],
    [
      [0.43709390373, 0.045332972814, 0.14746696012, 0.17863111002, 0.19147505332],
      [0.17533623348, 0.38683036522, 0.047070170651, 0.36053222982, 0.030231000827],
      [0.2392533141, 0.073732374684, 0.13497978301, 0.014990671698, 0.53704385651]
    ],
    [
      [0.41503696977, 0.025466150077, 0.16064496297, 0.23225388458, 0.1665980326],
      [0.17520309942, 0.22522671001, 0.058680516458, 0.51439400313, 0.026495670979],
      [0.24591296637, 0.052522939274, 0.18857888579, 0.022290409641, 0.49069479893]
    ],
    [
      [0.32201354809, 0.035509841769, 0.1073257921, 0.2921029753, 0.24304784275],
      [0.11427380295, 0.25593189466, 0.031805991166, 0.56466370953, 0.033324601701],
      [0.18203294551, 0.060618448854, 0.10739413649, 0.025588721448, 0.6243657477]
    ],
    [
      [0.54143843415, 0.018101698052, 0.20189553308, 0.096728233056, 0.14183610166],
      [0.32777601617, 0.22830342586, 0.10399561454, 0.30292289484, 0.037002048589],
      [0.32896636867, 0.032467729935, 0.20934991013, 0.0091058482508, 0.42011014302]
    ]
  ],
  "expected_outcome": [
    [
      [31.6897467809, 30.4381887781, 26.9386028122, 31.4829359862, 33.1503669164, 32.4969330484, 25.3282127975, 29.6643152496, 29.4244917016, 23.4898659509, 31.5724979388, 33.6522037917, 30.1820939851, 25.1551416133, 26.6182326686, 33.5061469207, 22.0590255776, 7.7205499589, 9.9567240281, 5.6777642038, 7.0420706409, 11.7628935624, 10.3914848834, 11.3668587341, 9.6009248288, 8.0061388797, 11.7636377372, 8.2251802688, 6.625390883, 3.4240837054, 5.2340421817, 7.6427870207, 7.6349167364, 8.6946493547, 7.6500398304, 5.3455204418, 6.4523068906, 7.4307579922, 4.6049343849, 4.5293266292, 7.8095939136, 7.2375607536, 7.9564837458, 6.2202834034, 9.0658487032, 7.0394495498, 9.1789719784, 4.5654066675, 4.1861761251, 12.4530839854],
      [1.481555893, 1.1637404592, 0.8530013441, 4.0193521973, 1.6787272929, 2.1646560918, 0.93735335278, 2.6274716892, 1.2851421252, 1.2879160217, 0.72616684033, 2.9603368364, 1.946291149, 2.0050352247, 1.5874859953, 1.4807987802, 2.0183393426, 0.859550608, 0.68537741859, 0.31981152804, 0.38856876736, 0.90826928167, 0.58089325041, 0.51247311127, 0.48900596379, 0.635764585, 0.67202359187, 0.32339263643, 0.56897834722, 0.32680430986, 0.29588665948, 0.48895459853, 0.49392705009, 0.4016271043, 0.43184534868, 0.28564373997, 0.24299023488, 0.39735009422, 0.57376502323, 0.24198812517, 0.29664943108, 0.68776190801, 0.68744649407, 0.26822107264, 0.40591695238, 0.2658294611, 0.95199242909, 0.28012765084, 0.461627943, 0.4163390552],
      [9.956601205, 6.6466853755, 12.2843641947, 9.4090810238, 9.6692458845, 18.165338313, 9.5689497346, 19.4890252858, 10.9708778215, 7.8792499687, 9.4744995816, 9.3393549903, 9.4249635091, 9.5976729868, 10.0826335876, 5.1444683748, 5.1414905625, 2.9819744217, 2.0086591551, 2.494269966, 2.654019914, 2.0588616105, 3.1196431963, 2.0718855756, 3.0589647928, 3.061872114, 4.1437041184, 1.9305029111, 3.7663409621, 3.4727600573, 3.0761593701, 2.0867090855, 1.7400498833, 2.4322579698, 3.3208987485, 1.3957137488, 2.8337440914, 1.7271638441, 1.6327882187, 1.4555495349, 3.4325576159, 3.1930232685, 2.1103449454, 2.0655400294, 2.9458099355, 2.0626105918, 3.0968061625, 1.7670945927, 1.3952352973, 4.6435972609],
      [7.8498928386, 6.5283989643, 7.6859185379, 8.7113999045, 7.8624857034, 5.8539588507, 10.0317259866, 10.0870281787, 11.4606835529, 13.8292799626, 16.0631796686, 10.250075426, 10.3820430315, 13.9151000512, 8.9222399819, 10.3036872506, 11.1705408482, 2.5309627496, 2.4130915214, 1.4196079482, 1.7691578135, 3.1840991026, 3.0087094449, 2.9113045413, 2.4839866104, 3.4232918778, 3.9033131587, 3.1450940599, 3.5572377096, 2.087067064, 2.4703812422, 3.6943050841, 2.3547349036, 2.7595549631, 3.0426449238, 1.7604245042, 2.5121844032, 1.9889390895, 1.6738023344, 2.5629176918, 1.457554885, 1.9701364389, 2.5272614285, 1.4649559482, 2.1954726221, 2.6266714306, 3.7512533104, 2.5547927304, 3.7973386788, 2.2247493603],
      [10.0222032825, 16.222986423, 18.2381131112, 12.3772308881, 10.6391742028, 9.3191136961, 16.1337581285, 14.1321595967, 17.8588047989, 12.5136880961, 14.1636559707, 14.7980289555, 18.0646083252, 15.3270501239, 13.7894077666, 12.5648986737, 10.6106036691, 3.9069622618, 3.9361478768, 6.088546354, 3.1461828642, 4.0858764428, 4.899269225, 4.1374780378, 4.3671178041, 4.8729325435, 5.5173213938, 2.3758301238, 2.482052098, 1.6892848635, 4.9235305465, 6.0872442111, 2.7763714266, 2.7119106081, 5.5545711486, 3.2126975652, 2.9587743799, 2.45578898, 2.5147100388, 3.210218019, 4.0036441544, 3.911517631, 3.7184633862, 1.9809995463, 4.3869517868, 3.0054389666, 4.0209761196, 1.8325783586, 3.1596219557, 3.2622303382]
    ],
    [
      [5.1648802727, 5.9088074919, 4.5586929151, 2.1571345085, 5.6398614143, 3.4073589255, 5.5718589754, 2.7012140971, 3.7852472381, 4.1066474784, 2.4134739137, 2.6902603711, 4.0232078425, 2.7261097129, 3.363811668, 5.7028902165, 4.8667075672, 11.8107113564, 17.45773776, 12.311521303, 16.3289623895, 14.941724476, 16.6975200512, 19.1721946004, 17.2035244576, 10.5892643881, 13.239347174, 16.6331275706, 10.2505461367, 11.4348224772, 15.255429433, 11.8315966637, 14.6388418371, 10.0737501348, 4.3189849298, 4.8415738382, 4.6064514004, 6.6015720098, 2.1341648462, 3.2953350661, 5.7764626872, 3.3452248584, 2.7075559636, 3.5171254748, 3.1393359305, 3.5151491625, 2.4547072688, 4.2048743861, 2.056928453, 4.5888642264],
      [5.2548780649, 5.2506520996, 3.2432967161, 5.9862297959, 6.0556804575, 6.5966163268, 4.3558757226, 5.5991286274, 3.2778438914, 4.7832885791, 1.2093517471, 5.0525507113, 5.2851997265, 4.7889825356, 4.2359777634, 5.5263303659, 10.4088107636, 25.5295214347, 22.9763444689, 14.9766830177, 17.5153796248, 23.4965441403, 18.9676387622, 17.0275665985, 18.8562929496, 17.1383323543, 15.5741860165, 16.7878163982, 19.6757753109, 17.6061005402, 12.3027264072, 14.8204540681, 20.3837427684, 10.1475637674, 4.1237969027, 5.388281379, 3.576751631, 7.2520040699, 5.7975089799, 3.5552911974, 5.4521822498, 6.2592204537, 4.8401928303, 3.4107304455, 3.027111975, 2.7790281165, 5.415625113, 5.4054410404, 4.6067741039, 3.196247962],
      [1.3802975371, 0.96368908046, 1.826685918, 0.53192435074, 1.4305186311, 1.896001478, 1.8572728773, 1.4025065183, 1.2081936659, 1.1996950161, 0.67279746069, 0.6197682803, 1.0494100357, 0.83359291933, 1.0690582116, 0.78917330204, 1.2025110489, 3.8073715467, 2.8051304343, 6.0520134837, 5.2324719735, 2.2727550679, 4.8449394441, 3.0619136974, 4.825127679, 3.3796111432, 3.9273617286, 3.6089027662, 4.7232183977, 8.4757732882, 5.1095565748, 2.6084720083, 2.6404271213, 2.3675281504, 1.6087786237, 1.2218867682, 1.6797084831, 1.3317767835, 0.64236090619, 0.85254732938, 2.5828267615, 1.2357674046, 0.61987676514, 1.0381927789, 0.87829361399, 0.97650853386, 0.65898238911, 1.408332395, 0.57250784098, 1.4559386036],
      [6.5731649061, 5.7687523446, 7.1763494308, 2.981655303, 7.0905608571, 3.6987662052, 11.9105916297, 4.7751414567, 7.836222641, 11.9653653508, 7.1967573612, 4.1758400612, 6.7248200755, 8.0211625042, 5.6494994882, 9.1002813009, 15.53634133, 20.6089400806, 20.1650037134, 24.055952264, 20.2005714359, 20.3348164867, 24.2400593864, 22.9293423381, 22.869179274, 23.4214593448, 21.9335333854, 32.2107410666, 27.8007218601, 34.1878673144, 29.2829835484, 33.4343852292, 23.3044467356, 16.1665169843, 7.7157376454, 8.3467864226, 9.3104389901, 8.9556436527, 3.9783698084, 9.4278831629, 5.7001466436, 4.4891260333, 4.3336045018, 4.5670476206, 4.3345105093, 7.13163723, 5.0474512175, 12.3454560751, 10.1639467715, 4.2409205277],
      [0.62677921922, 1.1080989835, 1.1949750199, 0.34305604184, 0.7833786401, 0.40125706453, 1.304400795, 0.5220093005, 0.8924925636, 0.94500357564, 0.50761951722, 0.4615805761, 0.91736231979, 0.63015232792, 0.68165286872, 0.88132481461, 0.9856292902, 2.2434555815, 2.5957836234, 5.6038299315, 2.7226145763, 1.9541598291, 3.249842356, 2.8089827656, 3.2458756399, 2.4713327696, 2.3255716955, 1.7594121985, 1.5497382946, 2.29543638, 4.0493040366, 3.3050920307, 2.0325415375, 1.2446409631, 1.2327018984, 1.201471592, 0.82664949542, 0.85900348418, 0.44759545931, 0.86894324419, 1.4883816579, 0.67066124993, 0.49876993915, 0.46690368027, 0.62074797123, 0.59767695707, 0.42323401157, 0.63589610351, 0.59984283062, 0.51802868025]
    ],
    [
      [6.0086268695, 5.0852807596, 2.7706617516, 5.7054317621, 4.7408312282, 4.5616866483, 2.715224872, 1.7314374109, 2.4845588627, 4.4302804014, 3.8157852872, 4.0147690027, 2.6746647301, 3.5467946949, 5.4305412192, 4.4537934255, 3.8433659112, 4.0051371979, 4.393239217, 4.085469934, 5.7814225696, 4.8524753025, 2.3490765517, 4.2166003131, 3.2708701841, 4.6926889842, 4.1472293235, 4.1499276307, 5.0615337021, 3.1111421713, 2.4948518429, 2.7009699838, 6.5201749201, 13.9219512495, 11.7435264157, 12.7411300948, 15.6950526628, 19.4701811132, 16.1439954563, 13.4874818062, 12.7435438232, 14.3164311824, 17.2961507899, 22.463465935, 16.8556066491, 18.2203501227, 15.5514654164, 15.9843428142, 12.5602732401, 20.724881226],
      [0.91062441205, 0.63653789644, 0.36392050401, 2.2182053615, 0.76977325756, 1.0711249774, 0.31819830487, 0.59139228031, 0.33966477153, 0.72383981684, 0.28834119707, 1.1214741605, 0.50994608372, 0.91257781416, 1.0101815244, 0.65491640379, 1.2113556976, 1.3587658491, 0.85824574728, 0.61923780277, 0.9424436385, 1.0938052488, 0.40673993926, 0.56522983698, 0.52751747267, 1.1467626073, 0.7346331469, 0.5684376727, 1.2740402493, 0.78625610699, 0.42905957959, 0.4569019053, 1.3702961663, 1.863380456, 1.7160940858, 2.2864863048, 1.7816629796, 3.1557942241, 6.5371258151, 2.3008861007, 1.8028339417, 4.0238039977, 4.5072402036, 3.0204694121, 2.3724839747, 2.1046004602, 4.7926043544, 3.4139910528, 4.1826729709, 2.0454669859],
      [3.3571091541, 1.7167019853, 2.8568596952, 2.8897791206, 2.5808126155, 4.6807942896, 1.9719976591, 2.1496802966, 1.6445795161, 2.42641748, 2.295429171, 1.9925765773, 1.4267812214, 2.4130547292, 3.6562023142, 1.3030948583, 1.8062107231, 2.6441375705, 1.5807628697, 2.8075800879, 3.9719502441, 1.4616624645, 1.459553362, 1.3399299006, 1.8630880825, 3.2161504806, 2.6357068684, 1.8859266321, 4.1045749602, 5.1911748159, 2.2322147162, 1.0596789901, 2.6400040089, 6.6769830737, 7.6742769001, 6.0410351402, 12.6848102412, 7.9264368452, 10.3810367353, 7.5283368225, 12.4547959267, 11.372736947, 8.2278167218, 13.4094480454, 9.9812578166, 10.4393278941, 8.7736858957, 12.2576275761, 7.4101954175, 13.1890443381],
      [0.25085403442, 0.19681986721, 0.1497105373, 0.24257693089, 0.18165696801, 0.13103021675, 0.17133054772, 0.10694747949, 0.1658501162, 0.369861323, 0.34069978494, 0.20592961831, 0.13773608813, 0.32084939004, 0.29399344534, 0.23589905042, 0.3734289424, 0.21192811596, 0.16870399076, 0.1633002752, 0.2231713527, 0.20479473436, 0.10809402023, 0.16925555786, 0.13214564379, 0.3238231249, 0.22007151428, 0.25431632119, 0.43410873774, 0.25873244901, 0.20004130928, 0.24689076459, 0.3252702449, 0.63949869071, 0.58978541411, 0.71643513882, 0.95074277512, 0.81845801506, 0.94681653511, 1.2491314988, 0.40312200964, 0.63676070823, 0.88089755879, 0.87086545464, 0.65292926618, 1.0912357868, 0.97439366038, 1.4488766266, 1.7656217799, 0.5736684398],
      [9.47278553, 12.3646594915, 9.8588475119, 10.944006825, 7.7269259307, 5.555363868, 7.8232486163, 4.4205425327, 7.3653467335, 10.0496009787, 9.2597445598, 8.6652506412, 7.2508718766, 9.8067233717, 13.6090814968, 8.3522962619, 8.7656387257, 9.7800312666, 7.9990481752, 13.3244119001, 12.0810121951, 7.3872622499, 5.6765361268, 7.7089843915, 7.2063786169, 13.6205748029, 9.2623591469, 6.1413917433, 8.1257423506, 5.6526944568, 12.643832552, 9.5355583561, 11.1442546598, 19.89818653, 39.2763171844, 45.2149133214, 33.8877313413, 29.6291298025, 41.9910254582, 45.4341637718, 34.5957042988, 36.6502671647, 39.087894726, 35.2357511529, 39.1377222935, 38.1444857362, 34.907850673, 31.8951619303, 43.0812365916, 26.4669390102]
    ]
  ],
  "prob": [
    [0.45130522551, 0.027767098387, 0.1529333227, 0.15438606093, 0.21360829247],
    [0.22661181409, 0.2793774901, 0.065316189554, 0.38668138374, 0.042013122523],
    [0.24552448593, 0.046920890947, 0.14960296325, 0.01364018641, 0.54431147346]
  ],
  "iterations": 999,
  "time": 3.307302,
  "message": "Maximum iterations reached",
  "status": 2,
  "miniter": 0,
  "maxiter": 1000,
  "maxtime": 3600,
  "param_threshold": 0.001,
  "ll_threshold": "-Inf",
  "initial_prob": "group_proportional",
  "ballotbox_id": ["1", "2", "3", "4", "5", "6", "7", "8", "9", "10", "11", "12", "13", "14", "15", "16", "17", "18", "19", "20", "21", "22", "23", "24", "25", "26", "27", "28", "29", "30", "31", "32", "33", "34", "35", "36", "37", "38", "39", "40", "41", "42", "43", "44", "45", "46", "47", "48", "49", "50"],
  "candidates_id": ["1", "2", "3", "4", "5"],
  "group_id": ["1", "2", "3"]
}
