{
  "Z_true": {},
  "V_true": [
    [53, 771, 100, 87, 1018, 27],
    [173, 63, 304, 1451, 430, 172],
    [199, 62, 429, 3793, 125, 57],
    [421, 297, 609, 293, 19110, 194],
    [277, 97, 2973, 787, 807, 83],
    [158, 32, 127, 228, 245, 140]
  ],
  "p_true": [
    [0.0258, 0.375, 0.0486, 0.0423, 0.4951, 0.0131],
    [0.0667, 0.0243, 0.1172, 0.5596, 0.1658, 0.0663],
    [0.0427, 0.0133, 0.092, 0.8131, 0.0268, 0.0122],
    [0.0201, 0.0142, 0.0291, 0.014, 0.9133, 0.0093],
    [0.0551, 0.0193, 0.5918, 0.1566, 0.1606, 0.0165],
    [0.1699, 0.0344, 0.1366, 0.2452, 0.2634, 0.1505]
  ],
  "Z_est": [
    [
      [0.0663, 0.2567, 0.1325, 0, 0.0448, 0.2141, 0.353, 0.3627, 0.3117, 0, 0.1081, 0.1527, 0.017, 0.8209, 0, 0.2971, 0.094, 0.4111, 0.1109, 0.2201, 0.2113, 0.3257, 0.5968, 0.46, 0.1761, 0.2979, 0.0663, 0.9837, 0.0724, 0.1062, 0, 0.0262, 0.0569, 0.0277, 0.0555, 0, 0.0647, 0.2879, 0.3939, 0.1031, 0.4757, 0.402, 0.4693, 0.168, 4.6424, 0.2251, 0.6679, 0.1477],
      [5.3324, 5.1104, 8.2429, 0, 1.5048, 12.0161, 17.0538, 16.9439, 17.6627, 0, 4.4269, 8.7662, 0.5233, 0.5433, 0, 21.1305, 4.5144, 23.1382, 4.7652, 9.7565, 14.5004, 16.0276, 31.6418, 22.7657, 9.1144, 7.5017, 5.0805, 1.2107, 4.2742, 10.3138, 0, 1.57, 1.57, 1.7227, 4.7434, 0, 3.7508, 15.6365, 24.643, 8.0902, 37.8769, 21.4155, 36.2642, 10.4889, 279.0232, 14.8934, 41.0821, 11.3177],
      [0.0054, 0.021, 0.1464, 0, 0.1008, 0.4122, 0.6051, 0.4944, 0.471, 0, 0.1702, 0.3712, 0.0169, 0.028, 0.0134, 0.3932, 0.1394, 0.408, 0.1412, 0.2801, 0.3748, 0.4704, 1.0795, 0.6179, 0.2867, 0.312, 0.1276, 0.0421, 0.1451, 0.4022, 0, 0.0344, 0.0303, 0.0146, 0.0048, 0, 0.0956, 0.2575, 0.5837, 0.2029, 0.6609, 0.3567, 0.594, 0.2146, 7.288, 0.4593, 0.9975, 0.1064],
      [0.0138, 0.2754, 0.3996, 0, 0.4714, 1.0024, 1.8807, 2.4902, 2.4299, 0, 0.6508, 1.3498, 0.0447, 0.8217, 0.3513, 1.6796, 0.4706, 2.2244, 0.5441, 4.6942, 1.1673, 2.3967, 3.7712, 3.2313, 0.0546, 0.9112, 0.1434, 0.2879, 0.428, 0.7459, 0, 0.1311, 0.0784, 0.1221, 0.0123, 0, 0.321, 0.8341, 2.0485, 0.5878, 2.0036, 4.0121, 2.3997, 0.4073, 36.028, 2.2098, 4.8766, 1.0654],
      [3.4992, 5.3365, 10.8945, 0, 2.8322, 21.0333, 30.6382, 22.3132, 16.7751, 0, 6.5336, 10.167, 0.3888, 3.7308, 1.6353, 27.0303, 9.6436, 42.1833, 12.273, 23.6902, 10.4977, 17.4392, 43.1655, 24.4466, 6.2209, 10.9773, 3.4992, 6.3929, 5.9791, 7.4319, 0, 1.2107, 1.2644, 2.0761, 3.1104, 0, 5.6758, 31.533, 45.6501, 9.8412, 41.2192, 38.2156, 46.4723, 13.4912, 418.0993, 13.918, 38.5755, 15.1052],
      [0.0828, 0, 0.184, 0, 0.046, 0.322, 0.4693, 0.3956, 0.3496, 0, 0.1104, 0.1932, 0.0092, 0.0552, 0, 0.4693, 0.138, 0.6349, 0.1656, 0.3588, 0.2484, 0.3404, 0.7453, 0.4785, 0.1472, 0, 0.0828, 0.0828, 0.1012, 0, 0, 0.0276, 0, 0.0368, 0.0736, 0, 0.092, 0.4509, 0.6809, 0.1748, 0.7637, 0.5981, 0.8005, 0.23, 6.9192, 0.2944, 0.8005, 0.2576]
    ],
    [
      [2.6677, 0.6739, 3.8838, 0.3724, 2.012, 5.4182, 11.5114, 15.1027, 11.7794, 0.7447, 4.9026, 6.5893, 1.0188, 5.9182, 0, 6.0104, 2.6104, 9.2447, 4.0107, 5.6023, 10.2819, 14.625, 21.7176, 18.9998, 9.2069, 1.9547, 2.7249, 1.8299, 2.8139, 2.2155, 0.6921, 1.0761, 1.2662, 0.8214, 1.7, 0.5411, 1.8719, 5.323, 5.0745, 2.3045, 11.3641, 10.2379, 8.811, 5.4754, 113.1982, 11.5799, 29.9231, 1.1845],
      [0.4197, 0.071, 0.3669, 0, 0.0075, 0.5596, 1.0506, 1.2122, 0.8582, 0.8307, 0.3953, 0.7807, 0.0584, 0.0038, 0, 0.6272, 0.1147, 0.9204, 0.0263, 0.0488, 1.2396, 1.2396, 1.9857, 1.3393, 0.71, 0.4266, 0.3109, 0.0758, 0.2907, 0.3211, 0.4191, 0.0796, 0.0523, 0.0659, 0.1718, 0.0038, 0.1865, 0.4106, 0.5452, 0.3669, 1.5537, 1.0048, 1.2988, 0.5733, 10.8205, 1.6869, 3.3706, 0.9734],
      [2.268, 0.3459, 2.6632, 0.8722, 1.2831, 4.2191, 8.1516, 9.3777, 6.2898, 0.6929, 3.1278, 6.1506, 0.4612, 0.0068, 0.4884, 4.2111, 2.0913, 6.7236, 2.9687, 6.122, 9.5752, 9.6003, 15.2428, 10.0957, 5.4428, 1.1723, 2.3173, 0.581, 2.9699, 2.7588, 0.3493, 0.5799, 0.3425, 0.46, 1.0456, 0.6952, 1.3949, 2.8036, 3.4246, 2.6792, 11.0158, 7.509, 9.0557, 4.2796, 78.3976, 13.8611, 26.0634, 4.2703],
      [8.1464, 1.46, 9.7604, 1.5793, 5.3557, 17.9809, 34.6558, 42.5682, 25.3833, 2.613, 12.9099, 25.8961, 1.7676, 5.687, 2.2286, 19.2092, 7.9156, 30.5047, 21.4591, 23.3626, 40.8801, 42.5691, 69.3034, 45.3881, 24.0334, 5.3018, 9.0771, 1.5377, 12.1107, 10.7562, 1.3306, 2.459, 1.2519, 2.0676, 3.9962, 3.3938, 5.9169, 11.9526, 14.4509, 11.1423, 42.8816, 29.6633, 40.494, 12.509, 354.4462, 56.4511, 104.0512, 39.1352],
      [3.516, 0.4491, 3.8747, 0.1761, 0.3198, 2.6265, 7.2421, 4.6317, 1.57, 0.5784, 3.3962, 3.2197, 0.2253, 0.9469, 2.283, 1.0721, 1.693, 3.6472, 7.1866, 12.3865, 14.4728, 5.4841, 11.2267, 2.5294, 1.3664, 0.7062, 3.5519, 0.1454, 4.2923, 1.2969, 0.2089, 0.301, 0.0872, 0.1163, 0.4617, 0.1744, 0.5722, 0.6978, 0.8722, 3.4047, 17.6225, 9.701, 6.1058, 3.512, 19.4791, 21.1079, 39.2027, 16.9979],
      [1.9822, 0, 2.4509, 0, 2.0219, 5.1957, 7.3885, 8.1075, 8.1193, 0.5402, 2.2682, 10.3636, 0.4687, 0.4373, 0, 4.87, 3.575, 6.9595, 3.3487, 5.4778, 6.5504, 9.4819, 11.5237, 8.6477, 6.2405, 0.4384, 2.0179, 0.8302, 2.5224, 0.6514, 0, 0.5045, 0, 0.4687, 1.6247, 1.1917, 2.0576, 2.8124, 5.6327, 3.1024, 10.5623, 6.884, 12.2346, 10.6507, 93.6584, 11.3131, 23.3889, 3.4387]
    ],
    [
      [3.0084, 0.5961, 2.5814, 0.3267, 2.7534, 6.8867, 15.8075, 22.2938, 17.0404, 0.7537, 4.9185, 6.4823, 1.8701, 3.4787, 0, 8.0667, 2.547, 11.467, 2.4073, 5.0468, 10.922, 17.5537, 26.2548, 24.5651, 11.7808, 2.287, 2.8136, 3.8549, 2.4202, 2.6291, 0, 1.0403, 0.9766, 0.8741, 1.9602, 0.1268, 1.9602, 5.7346, 5.4208, 1.5608, 10.3225, 9.6486, 9.2415, 3.4884, 149.0755, 7.4408, 30.1624, 2.8873],
      [2.6196, 0.1206, 0.3066, 0, 0.0074, 1.3597, 0.0921, 0.7969, 3.2511, 0.1713, 0.5722, 0.7206, 0.1649, 0.0037, 0, 1.6446, 0.0221, 2.2201, 0.0258, 0.0479, 2.3802, 2.2112, 4.8731, 4.2278, 2.143, 0.4661, 0.8039, 0.0074, 0.4448, 0.8206, 0, 0.1568, 0.1021, 0.1204, 4.4697, 0.326, 0.3291, 0.9554, 1.0252, 0.7256, 15.0721, 1.608, 6.2495, 0.4307, 29.248, 2.5769, 5.5408, 0.8715],
      [1.2445, 0.2154, 1.7284, 0.1123, 1.5358, 5.5017, 8.8261, 5.2698, 7.7225, 0.461, 2.4397, 8.1039, 0.4495, 0.2744, 0.1372, 5.3693, 1.8235, 5.9158, 1.7609, 3.6794, 4.0248, 7.4878, 16.0741, 9.8747, 4.894, 1.5635, 2.2184, 0.4116, 1.9149, 4.0061, 0, 0.4911, 0.0782, 0.1372, 1.0787, 0.4116, 1.3087, 3.3123, 0.947, 2.7286, 9.1138, 4.8506, 8.3832, 0.313, 100.4679, 11.6276, 15.1331, 1.6947],
      [15.1908, 3.8689, 9.2248, 2.5087, 23.2999, 52.7363, 99.3518, 124.7632, 138.295, 5.0675, 30.634, 69.6539, 4.1053, 12.2377, 4.3048, 61.937, 17.5157, 89.9208, 14.2449, 40.7232, 105.7248, 121.9977, 195.6276, 169.9057, 88.1632, 16.1556, 19.018, 17.9712, 17.9613, 33.1646, 0, 6.2224, 3.7969, 4.801, 7.9104, 15.6121, 14.1986, 37.4607, 41.0534, 28.9107, 96.1225, 64.973, 115.8995, 15.5328, 1167.5598, 109.6871, 234.2539, 38.0532],
      [1.889, 0.199, 0.1292, 0.0523, 0.3476, 4.3744, 8.663, 5.8653, 5.3558, 2.5458, 0.3598, 3.8546, 0.2803, 2.0048, 0.558, 5.8194, 0.6234, 5.2505, 0.5214, 1.3996, 1.9406, 7.4418, 14.1558, 15.4149, 6.7959, 0.5272, 2.0928, 2.7067, 0.2122, 0.3783, 0, 0.0738, 0.0461, 0.0554, 1.7583, 0.4896, 0.1661, 0.4429, 0.4521, 3.0003, 12.4325, 0.7566, 6.931, 0.1845, 66.6619, 4.3977, 3.336, 0.406],
      [0.0477, 0, 0.0297, 0, 0.0559, 0.1413, 0.2594, 0.0111, 0.3352, 0.0007, 0.0758, 0.1847, 0.1299, 0.0007, 0, 0.163, 0.4683, 0.2257, 0.0397, 0.1031, 0.0076, 0.3078, 0.0145, 0.0118, 0.2232, 0.0007, 0.0533, 0.0482, 0.0465, 0.0014, 0, 0.0157, 0, 0.0119, 0.8227, 0.0339, 0.0372, 0.094, 0.1015, 0.0741, 0.9366, 0.1632, 0.2953, 0.0506, 2.987, 0.2699, 0.5737, 0.0872]
    ],
    [
      [0.9463, 0.2922, 1.3871, 0.0528, 0.405, 0.6039, 3.3216, 6.4736, 7.6737, 0.0711, 4.4552, 0.6395, 1.0197, 3.0912, 0, 0.9816, 1.1057, 2.9434, 0.544, 0.4618, 0.9947, 9.536, 10.2742, 15.9324, 6.6891, 1.2024, 0.5988, 0.6425, 0.2487, 0.2132, 0.3439, 1.283, 1.8409, 0.4989, 1.2469, 0.0355, 0.7454, 2.8731, 1.3571, 0.1776, 1.0658, 4.1984, 0.7816, 4.712, 24.9262, 0.8881, 10.2631, 0.2132],
      [0.4475, 2.6358, 2.3018, 0, 0.0029, 0.0258, 0.0358, 0.0401, 2.4951, 0.2401, 0.01, 0.0215, 0.2006, 0.0014, 0, 6.9992, 0.0086, 1.0009, 0.01, 0.0186, 2.6853, 0.0401, 1.8731, 0.8922, 0.28, 1.548, 0.6236, 0.0029, 0.01, 2.6288, 0.1127, 0.7418, 0.6471, 0.4859, 1.2611, 0.0498, 0.0086, 0.7239, 1.7107, 0.8744, 2.7299, 1.5742, 2.4858, 2.8735, 29.2232, 1.7747, 3.1464, 0.836],
      [1.4424, 0.1516, 0.9158, 0.0652, 0.666, 12.3721, 20.8563, 3.1914, 9.7573, 0.5251, 2.7855, 6.6876, 0.5974, 0.1665, 0.0833, 4.9438, 2.9425, 2.4976, 0.888, 1.7483, 2.4421, 4.6735, 26.5173, 3.9962, 3.4104, 5.2591, 2.1481, 0.2498, 2.2678, 5.5481, 0.4136, 0.4443, 0.9771, 0.0833, 1.7262, 0.2864, 3.285, 1.5541, 13.0526, 4.3453, 19.4545, 2.1646, 3.691, 7.0406, 115.4809, 7.3795, 17.1666, 0.6105],
      [2.2438, 1.0521, 5.6637, 0.2077, 4.2869, 6.7315, 13.3495, 33.3227, 35.7203, 0.7479, 8.7496, 13.6416, 0.8776, 1.6455, 0.9154, 8.8886, 2.4451, 23.0481, 6.0667, 11.3899, 28.0328, 30.2005, 39.3355, 46.7556, 17.5284, 3.4537, 2.6178, 1.9482, 2.917, 14.2565, 0.3664, 1.9251, 0.8037, 2.8068, 1.1967, 3.3764, 3.7649, 9.0861, 8.1518, 3.9641, 13.3133, 13.5118, 29.1055, 2.6178, 254.6835, 22.8069, 53.9558, 10.889],
      [101.5511, 38.8683, 203.5703, 3.6743, 67.8299, 320.0522, 417.9384, 386.9722, 397.9191, 47.4159, 178.9997, 252.8962, 33.9585, 69.0954, 17.0013, 428.0339, 234.8007, 698.99, 205.309, 320.0651, 562.8451, 370.19, 903.9999, 794.4237, 330.7962, 184.5368, 145.0117, 46.9438, 146.2477, 109.3534, 15.7634, 24.5186, 11.7313, 29.0424, 54.3554, 50.4695, 82.048, 285.7628, 524.2358, 171.0787, 502.5095, 311.8477, 494.3377, 198.9833, 7161.6772, 466.0881, 832.9973, 257.4513],
      [0.369, 0, 0.1613, 0, 0.8093, 1.2146, 0.4984, 0, 3.4346, 0, 0, 9.1137, 0.3462, 0, 0, 1.1529, 2.6974, 1.5198, 0.1823, 1.3162, 0, 2.36, 0, 0, 2.2959, 0, 0, 0.2128, 0.3088, 0, 0, 0.0872, 0, 0.0828, 0.2137, 0.7823, 1.1481, 0, 1.4921, 0.5599, 1.9269, 1.7033, 6.5985, 0.7729, 26.009, 4.0627, 4.4708, 0]
    ],
    [
      [0.6893, 0.181, 4.114, 0.1663, 1.1795, 2.5511, 4.3525, 5.1136, 4.2125, 0.2343, 1.5825, 2.7284, 0.0744, 1.8951, 0, 3.2353, 1.0859, 3.8367, 1.1907, 0.6377, 3.4289, 4.5188, 8.5338, 6.3716, 2.8371, 0.7829, 1.0115, 4, 0.8394, 0.1823, 0.7217, 0.3446, 0.3255, 0.5649, 0.5789, 0.1171, 0.8343, 4.4051, 3.0698, 0.1519, 4.382, 6.4309, 0.6685, 1.9603, 59.7556, 3.0155, 8.1412, 0.6533],
      [0.4629, 0.0622, 0.7703, 0, 0.0586, 0.5458, 1.307, 1.906, 1.8436, 0.1133, 0.2051, 1.1268, 0.0527, 0.0293, 0, 1.8827, 0.1758, 1.9178, 0.2051, 0.3809, 1.6327, 1.7654, 3.523, 2.4997, 1.1053, 0.8831, 0.5351, 0.0586, 0.2051, 3.1246, 0.2421, 0.1582, 0.1426, 0.1191, 0.5059, 0.0293, 0.1758, 1.2226, 1.8593, 0.7773, 3.0859, 1.6581, 8.0305, 0.9101, 28.1783, 1.5018, 3.9392, 0.7051],
      [13.9595, 2.2661, 27.4465, 6.3846, 20.321, 73.2834, 102.2313, 96.28, 85.4427, 5.2875, 31.391, 66.4714, 2.475, 5.5009, 2.2661, 73.895, 24.9559, 74.2096, 26.1327, 51.0108, 71.2919, 87.404, 193.5906, 118.9698, 53.7177, 18.6356, 23.0529, 7.6805, 26.6017, 40.0339, 5.0071, 6.4351, 5.5479, 2.2837, 12.0857, 7.5623, 15.8333, 47.9182, 76.3493, 36.8772, 109.381, 62.9299, 110.9048, 37.0125, 1372.6111, 74.4143, 171.7125, 15.1218],
      [1.7301, 0.3436, 6.933, 0.3618, 5.3644, 6.0159, 12.1968, 14.0489, 12.3795, 0.6761, 4.7049, 8.4857, 0.2048, 1.1871, 0.3832, 9.3381, 1.0295, 11.3268, 3.4974, 6.8758, 13.8641, 12.6614, 24.3363, 18.2494, 7.9461, 1.5703, 0.6937, 3.1935, 2.8696, 4.9664, 0.0396, 1.0298, 0.4634, 0.4911, 1.4095, 2.851, 1.8697, 8.24, 8.6576, 4.049, 13.0865, 9.0518, 15.3219, 0.6937, 174.4665, 6.2131, 24.1444, 1.2972],
      [0.8828, 0.1471, 6.0325, 0.0873, 11.4798, 7.539, 6.9388, 19.5823, 10.347, 0.6795, 4.7026, 7.8413, 0.1471, 2.2194, 0.3507, 16.0271, 6.2327, 24.9037, 5.4081, 13.9626, 13.5353, 12.7992, 23.4083, 22.0249, 7.2615, 1.128, 5.6597, 1.8072, 4.9334, 4.6928, 0.9895, 0.8946, 0.5207, 0.4799, 1.1751, 2.2414, 0.9809, 11.6028, 11.4881, 4.4255, 7.9226, 14.4606, 24.5957, 4.5573, 281.2153, 4.4631, 11.6509, 0.9319],
      [0.2754, 0, 0.7038, 0, 0.5967, 2.0648, 1.9737, 2.0692, 1.7748, 0.0093, 0.4139, 1.3464, 0.0459, 0.1683, 0, 1.6218, 0.5202, 1.8054, 0.5661, 1.1322, 0.2473, 1.8513, 2.6081, 1.8845, 1.1322, 0, 0.047, 0.2601, 0.5508, 0, 0, 0.1377, 0, 0.0612, 0.2448, 0.1989, 0.306, 0.6115, 1.5759, 0.7191, 2.142, 1.4688, 2.4785, 3.8662, 29.7732, 1.3923, 3.4118, 0.2907]
    ],
    [
      [0.6221, 0, 0.9011, 0.0818, 0.6054, 1.3261, 2.654, 3.6537, 2.9823, 0.1962, 1.0332, 1.4079, 0, 0.796, 0, 1.4088, 0.557, 2.097, 0.7365, 1.0313, 2.1611, 3.4408, 4.6228, 4.6711, 2.31, 0.4752, 0.7848, 0.6891, 0.6054, 0.6537, 0.2423, 0.2297, 0.5339, 0.213, 0.4584, 0.1795, 0.5235, 1.3763, 1.684, 0.702, 2.3899, 2.0822, 2.0281, 1.1959, 27.4022, 1.8505, 6.8423, 0.914],
      [1.7179, 0, 2.0115, 0, 0.4188, 3.4931, 5.4607, 7.1009, 5.8893, 0.6446, 1.3905, 3.5842, 0, 0.4185, 0, 3.7158, 1.1644, 4.8026, 1.9676, 2.7472, 5.5619, 6.7161, 8.1033, 8.2754, 4.6473, 1.1745, 2.646, 0.6446, 1.7752, 2.7911, 0.2261, 0.2936, 0.486, 0.486, 1.8481, 0.5912, 1.5491, 3.051, 6.2167, 3.1657, 7.6814, 3.7395, 7.6713, 2.7236, 66.5069, 4.5663, 17.9209, 4.2963],
      [0.0802, 0, 0.0997, 0.5657, 0.0933, 0.2116, 0.3295, 0.3867, 0.3167, 0.0335, 0.0858, 0.2154, 0, 0.0233, 0.0117, 0.1876, 0.0475, 0.2453, 0.1085, 0.1594, 0.2913, 0.3641, 0.4958, 0.4456, 0.2484, 0.0574, 0.1356, 0.035, 0.1005, 0.251, 0.23, 0.0153, 0.024, 0.0212, 0.059, 0.0445, 0.0823, 0.1543, 4.6428, 0.1668, 0.374, 0.1892, 0.3712, 0.1398, 3.7545, 0.2583, 0.9268, 0.1963],
      [2.6751, 0, 3.0186, 0.3425, 5.2216, 5.5331, 9.5655, 12.8068, 10.7921, 0.8955, 2.3508, 5.9729, 0, 0.4211, 0.8166, 4.9474, 1.6234, 7.9752, 3.1879, 4.9543, 10.3309, 12.1746, 13.626, 15.4699, 8.2742, 1.6074, 3.45, 1.0615, 2.7135, 4.1104, 0.2633, 0.2328, 0.6058, 0.7114, 1.4749, 1.7667, 2.929, 4.4265, 7.6378, 4.3461, 10.5924, 4.788, 11.7794, 3.2395, 111.816, 7.6321, 28.7181, 6.5599],
      [0.6618, 0, 0.4988, 0.01, 0.1907, 1.3746, 1.5795, 2.6353, 0.0332, 0.7804, 0.008, 0.0212, 0, 0.0027, 0.1717, 0.0173, 0.0066, 0.0252, 1.3019, 0.4961, 1.7085, 1.6457, 0.0438, 1.1605, 1.5591, 0.1245, 3.1847, 0.004, 1.3352, 1.8466, 0.0382, 0.0013, 0.3502, 0.23, 0.139, 0.625, 0.557, 0.9607, 1.3017, 3.2496, 1.2939, 0.0186, 0.5575, 0.2717, 3.8672, 0.0252, 11.2376, 4.1077],
      [1.2429, 0, 1.4703, 0, 1.4703, 3.0616, 4.4108, 5.4166, 4.9865, 0.4497, 1.1317, 4.7984, 0, 0.3385, 0, 2.723, 1.6011, 3.8547, 1.6976, 2.6118, 3.9463, 5.6586, 6.1084, 5.9775, 3.961, 0.561, 1.799, 0.5659, 1.4703, 1.3472, 0, 0.2273, 0, 0.3385, 1.0205, 0.7932, 1.3591, 2.0312, 4.5171, 2.3697, 5.6685, 3.1826, 6.5925, 3.4296, 54.6533, 4.6676, 14.3543, 2.9258]
    ]
  ],
  "V_est": [
    [15.4841, 797.9508, 19.9773, 92.0701, 1112.1063, 18.4113],
    [398.8887, 39.8751, 296.4985, 1298.9945, 246.7383, 312.0049],
    [465.335, 102.3329, 277.1184, 3607.3218, 203.3502, 9.5417],
    [140.252, 78.339, 328.9522, 804.3655, 19494.1878, 77.9035],
    [167.6881, 81.6199, 3602.1773, 470.8101, 627.3574, 74.3472],
    [93.3521, 221.8824, 17.2763, 365.438, 51.2599, 180.7913]
  ],
  "p_est": [
    [0.0075, 0.3881, 0.0097, 0.0448, 0.5409, 0.009],
    [0.1538, 0.0154, 0.1143, 0.501, 0.0952, 0.1203],
    [0.0998, 0.0219, 0.0594, 0.7733, 0.0436, 0.002],
    [0.0067, 0.0037, 0.0157, 0.0384, 0.9317, 0.0037],
    [0.0334, 0.0162, 0.717, 0.0937, 0.1249, 0.0148],
    [0.1004, 0.2386, 0.0186, 0.3929, 0.0551, 0.1944]
  ],
  "EI_Z": {},
  "EI_V": 7.6533,
  "MAE_Z": {},
  "MAE_V": 153.8823,
  "MAE_p": 0.0472,
  "runtime": 1.7662
}
