{
  "Z_true": {},
  "V_true": [
    [53, 771, 100, 87, 1018, 27],
    [173, 63, 304, 1451, 430, 172],
    [199, 62, 429, 3793, 125, 57],
    [421, 297, 609, 293, 19110, 194],
    [277, 97, 2973, 787, 807, 83],
    [158, 32, 127, 228, 245, 140]
  ],
  "p_true": [
    [0.0258, 0.375, 0.0486, 0.0423, 0.4951, 0.0131],
    [0.0667, 0.0243, 0.1172, 0.5596, 0.1658, 0.0663],
    [0.0427, 0.0133, 0.092, 0.8131, 0.0268, 0.0122],
    [0.0201, 0.0142, 0.0291, 0.014, 0.9133, 0.0093],
    [0.0551, 0.0193, 0.5918, 0.1566, 0.1606, 0.0165],
    [0.1699, 0.0344, 0.1366, 0.2452, 0.2634, 0.1505]
  ],
  "Z_est": [
    [
      [0.0962, 0.2871, 0.1987, 0, 0.0616, 0.3296, 0.5222, 0.5066, 0.4387, 0, 0.1484, 0.2225, 0.0205, 0.8155, 0, 0.4651, 0.1435, 0.6386, 0.1703, 0.3484, 0.3014, 0.4499, 0.8662, 0.6346, 0.2306, 0.3549, 0.0962, 0.9675, 0.1088, 0.1687, 0, 0.0363, 0.0658, 0.041, 0.082, 0, 0.0978, 0.4494, 0.6368, 0.1655, 0.7489, 0.6166, 0.7551, 0.2508, 7.125, 0.3313, 0.9578, 0.2396],
      [5.2947, 4.5916, 8.1476, 0, 1.4846, 11.8649, 16.8365, 16.7441, 17.4688, 0, 4.3731, 8.6654, 0.5178, 0.5484, 0, 20.8868, 4.4537, 22.8438, 4.7847, 9.7776, 14.35, 15.8463, 31.2672, 22.5093, 9.0219, 7.4112, 5.0288, 1.2245, 4.2234, 10.2072, 0, 1.5535, 1.5535, 1.7032, 4.7099, 0, 3.7056, 15.4326, 24.3283, 7.998, 37.4578, 21.1406, 35.8471, 10.3686, 275.6406, 14.7299, 40.6339, 11.1857],
      [0.0067, 0.0188, 0.1317, 0, 0.0886, 0.3658, 0.5369, 0.4389, 0.4175, 0, 0.1505, 0.327, 0.0149, 0.0257, 0.0121, 0.353, 0.1831, 0.37, 0.1267, 0.252, 0.3315, 0.4168, 0.9555, 0.5483, 0.2525, 0.2952, 0.1128, 0.0386, 0.1285, 0.3681, 0, 0.0305, 0.027, 0.0136, 0.006, 0, 0.0853, 0.2347, 4.4154, 0.1805, 0.5927, 0.3245, 0.5355, 0.192, 6.4979, 0.406, 0.8857, 0.0988],
      [0.0146, 0.2823, 0.5128, 0, 0.6119, 1.2919, 2.4295, 3.2262, 3.1494, 0, 0.8429, 1.7495, 0.0481, 0.4811, 0.3946, 1.5375, 0.6217, 2.3764, 0.7017, 1.3259, 1.254, 3.1066, 4.8798, 4.1877, 0.1169, 1.0399, 0.1744, 0.3714, 0.5531, 0.8483, 0, 0.1696, 0.1009, 0.1917, 0.013, 0, 0.8427, 2.2387, 1.2455, 0.7582, 2.5775, 1.8347, 3.0918, 0.5209, 38.6986, 2.8652, 6.3167, 1.3766],
      [3.5089, 5.8201, 10.834, 0, 2.7095, 20.8412, 30.2282, 21.7075, 16.1927, 0, 6.3801, 9.8517, 0.3899, 4.0767, 1.5933, 27.3109, 9.4666, 42.1669, 12.059, 26.9544, 10.5266, 16.8563, 42.3218, 23.6647, 6.238, 10.8988, 3.5089, 6.3192, 5.8898, 7.4076, 0, 1.1838, 1.2528, 2.0154, 3.119, 0, 5.1811, 30.2154, 42.7257, 9.7314, 40.896, 40.5142, 46.0085, 13.4487, 417.4508, 13.3873, 37.4438, 14.854],
      [0.0788, 0, 0.1752, 0, 0.0438, 0.3066, 0.4467, 0.3767, 0.3329, 0, 0.1051, 0.1839, 0.0088, 0.0526, 0, 0.4467, 0.1314, 0.6044, 0.1577, 0.3416, 0.2365, 0.3241, 0.7095, 0.4555, 0.1402, 0, 0.0788, 0.0788, 0.0964, 0, 0, 0.0263, 0, 0.035, 0.0701, 0, 0.0876, 0.4292, 0.6482, 0.1664, 0.727, 0.5694, 0.7621, 0.219, 6.5871, 0.2803, 0.7621, 0.2453]
    ],
    [
      [2.6855, 0.6693, 3.9017, 0.3755, 2.0197, 5.4498, 11.5675, 15.1577, 11.8064, 0.7447, 4.9217, 6.6438, 1.02, 5.8055, 0, 6.0388, 2.6268, 9.2929, 4.0555, 5.6623, 10.3674, 14.6861, 21.8217, 19.0433, 9.2363, 1.961, 2.7441, 1.831, 2.8413, 2.2342, 0.7332, 1.0786, 1.2582, 1.1591, 1.706, 0.5484, 1.8821, 5.3346, 5.0977, 2.3313, 11.4642, 10.2926, 8.8961, 5.5085, 113.7187, 11.7151, 30.145, 1.1778],
      [0.386, 0.0733, 0.3465, 0, 0.0091, 0.5245, 0.9743, 1.1232, 0.8096, 0.8193, 0.3638, 0.7198, 0.0537, 0.0046, 0, 0.6066, 0.1882, 0.8678, 0.0319, 0.0593, 1.1478, 1.1478, 1.8471, 1.2516, 0.6597, 0.3974, 0.2914, 0.0706, 0.2832, 0.9162, 0.4141, 0.0751, 0.0505, 0.0628, 0.1699, 0.0046, 0.1748, 0.3953, 0.5328, 0.3465, 1.4776, 0.9402, 1.2413, 0.5368, 10.2542, 1.5488, 3.1195, 0.8978],
      [2.1773, 0.3387, 2.5663, 0.829, 1.2372, 4.0699, 7.859, 9.0362, 6.0641, 0.6923, 3.0141, 5.9279, 0.4442, 0.0072, 0.5064, 4.0615, 2.0158, 6.4796, 3.1467, 5.8979, 9.2236, 9.2499, 14.6945, 9.7301, 5.2448, 1.1309, 2.2331, 0.5601, 2.8431, 2.0409, 0.3368, 0.5589, 0.3296, 0.1076, 1.0079, 0.6699, 1.3446, 2.7037, 3.2957, 2.583, 10.6162, 7.2342, 8.7282, 4.1234, 75.6151, 13.3537, 25.1057, 4.2665],
      [8.0559, 1.4433, 9.6522, 1.59, 5.1688, 17.7736, 34.2571, 42.0723, 25.1926, 2.5838, 12.7625, 25.599, 1.7478, 5.6235, 2.2036, 18.9848, 7.8271, 30.1492, 21.0339, 26.2023, 41.9449, 42.0757, 66.0766, 45.0817, 23.8692, 5.2399, 8.7388, 1.5224, 10.844, 10.6278, 1.2714, 2.4307, 1.2427, 2.0505, 3.9514, 3.363, 5.8488, 11.8598, 14.3282, 11.0147, 42.3988, 31.094, 40.0234, 12.4249, 351.8233, 56.5597, 102.874, 34.1397],
      [3.7583, 0.4754, 4.137, 0.2055, 0.4363, 3.0751, 8.1198, 5.6944, 2.1419, 0.6337, 3.7325, 3.883, 0.2752, 1.1121, 2.29, 1.5264, 1.8138, 4.3907, 7.4742, 9.826, 13.9579, 6.5574, 15.342, 3.4508, 1.8642, 0.8302, 4.0219, 0.1983, 5.7251, 1.531, 0.2446, 0.364, 0.119, 0.1608, 0.5632, 0.238, 0.7223, 0.952, 1.1899, 3.6783, 18.7077, 8.7094, 7.071, 4.047, 26.5753, 21.7828, 41.9023, 22.0542],
      [1.9371, 0, 2.3962, 0, 2.1289, 5.107, 7.2223, 7.9162, 7.9854, 0.5262, 2.2055, 10.2265, 0.4591, 0.4473, 0, 4.782, 3.5283, 6.8198, 3.2579, 5.3523, 6.3586, 9.2831, 11.2181, 8.4424, 6.1258, 0.4406, 1.9707, 0.8176, 2.4633, 0.6499, 0, 0.4927, 0, 0.4591, 1.6017, 1.1761, 2.0273, 2.7547, 5.5556, 3.0461, 10.3355, 6.7296, 12.0399, 10.3594, 92.0134, 11.0399, 22.8535, 3.4639]
    ],
    [
      [3.1172, 0.5764, 2.5225, 0.3143, 2.6379, 6.5939, 14.9761, 21.0836, 16.3308, 0.7423, 4.5927, 6.225, 1.7606, 4.6805, 0, 7.7244, 2.4519, 10.9925, 2.3284, 4.8364, 10.586, 17.3576, 25.1937, 23.4675, 11.31, 2.2001, 2.702, 3.9251, 2.3252, 2.542, 0, 1.0071, 0.9565, 0.8628, 1.8858, 0.1267, 1.8858, 5.5356, 5.218, 1.4644, 9.7362, 9.3088, 8.8542, 3.4044, 142.8219, 7.06, 28.9686, 2.7657],
      [1.0232, 0.144, 0.3659, 0, 0.0089, 1.6162, 0.1108, 0.8959, 3.8747, 0.2042, 0.6783, 0.7479, 0.1899, 0.0044, 0, 1.9608, 0.0266, 2.6465, 0.031, 0.0576, 2.8369, 2.3267, 5.808, 5.0387, 2.4523, 0.5524, 0.9413, 0.0089, 0.5302, 1.8455, 0, 0.1869, 0.1218, 0.1435, 5.6031, 0.3678, 0.4098, 1.1392, 1.2229, 0.865, 14.871, 1.917, 3.465, 0.5138, 34.8643, 3.0712, 6.6044, 1.0391],
      [1.2698, 0.2222, 1.7095, 0.1445, 1.5624, 5.5197, 9.6571, 6.2646, 7.9435, 0.4706, 2.4667, 8.3555, 0.4622, 0.2652, 0.1326, 5.4209, 1.8265, 6.0383, 1.7548, 3.6983, 3.8898, 7.6748, 16.3196, 10.3779, 5.048, 1.5697, 2.2193, 0.3978, 1.9149, 3.0772, 0, 0.4969, 0.0896, 0.1326, 1.0863, 0.3978, 1.3023, 3.3352, 1.3626, 4.2233, 9.2099, 4.9167, 8.5123, 0.3583, 101.3289, 9.4573, 15.4321, 1.7607],
      [15.1725, 3.8157, 9.1938, 2.4731, 23.0777, 52.0258, 98.0096, 123.0393, 127.6347, 5.0934, 30.6904, 68.012, 4.1012, 12.2247, 4.2748, 60.9999, 17.277, 88.6803, 14.1913, 40.548, 104.409, 120.3193, 194.8748, 171.6342, 87.384, 15.9343, 18.914, 17.6809, 17.8902, 33.0209, 0, 6.1916, 3.7696, 4.7728, 7.9634, 15.4447, 14.1354, 37.2852, 40.4702, 28.5119, 96.1015, 64.6502, 117.4207, 15.4156, 1153.9477, 107.1396, 230.9713, 37.7871],
      [3.364, 0.2417, 0.175, 0.0681, 0.6508, 5.0869, 9.9578, 7.4531, 15.8435, 2.4886, 0.4876, 5.4527, 0.355, 0.8243, 0.5926, 6.7125, 1.3627, 6.3912, 0.6499, 1.7445, 3.2688, 8.9791, 14.7856, 13.467, 7.5574, 0.7426, 2.164, 2.9338, 0.2876, 0.5126, 0, 0.1, 0.0625, 0.075, 1.4206, 0.6252, 0.2251, 0.6001, 0.6126, 1.8526, 13.764, 1.0252, 8.4182, 0.2501, 79.7108, 6.6059, 6.3841, 0.5501],
      [0.0532, 0, 0.0333, 0, 0.0623, 0.1575, 0.2886, 0.2635, 0.3728, 0.0009, 0.0843, 0.2069, 0.131, 0.0009, 0, 0.1815, 0.0554, 0.2513, 0.0446, 0.1152, 0.0095, 0.3426, 0.0181, 0.0147, 0.2483, 0.0009, 0.0594, 0.0535, 0.052, 0.0017, 0, 0.0174, 0, 0.0133, 0.0408, 0.0378, 0.0416, 0.1047, 0.1136, 0.0827, 0.3174, 0.182, 0.3297, 0.0578, 3.3264, 2.666, 0.6395, 0.0972]
    ],
    [
      [0.7598, 0.2824, 3.1624, 0.0533, 0.4365, 0.6033, 3.3768, 7.3238, 8.0478, 0.071, 4.6558, 0.6388, 1.1203, 2.0269, 0, 0.9697, 1.0836, 2.9632, 0.4611, 0.4613, 0.9936, 9.3552, 10.5761, 16.1735, 6.9572, 1.1907, 0.6108, 0.6483, 0.2484, 0.2129, 0.1466, 1.2899, 1.6448, 0.5268, 1.263, 0.0387, 0.7013, 3.3326, 1.1342, 0.1774, 1.0646, 4.7853, 0.7807, 1.6368, 25.2633, 0.8872, 10.5811, 0.2129],
      [2.1058, 3.1319, 0.7586, 0, 0.0037, 0.0329, 0.0458, 0.0512, 1.9647, 0.2145, 0.0128, 0.0275, 0.1798, 0.0018, 0, 6.783, 0.011, 0.7497, 0.0128, 0.0238, 2.3415, 0.0512, 1.0391, 0.2001, 0.0329, 1.5647, 0.5355, 0.0037, 0.0128, 3.0727, 0.1325, 0.7183, 0.6388, 0.485, 0.6001, 0.0067, 0.011, 0.6523, 1.7241, 0.8, 3.2565, 1.4622, 6.2334, 2.8881, 24.5051, 1.4639, 2.6056, 0.9077],
      [1.5945, 0.1733, 0.9456, 0.0776, 0.6877, 13.5304, 21.4736, 3.2954, 10.4019, 0.55, 3.1124, 7.1502, 0.6223, 0.1719, 0.086, 5.6278, 3.1809, 2.579, 0.917, 1.8053, 2.5217, 5.4988, 29.3194, 4.7894, 3.8582, 5.4227, 2.398, 0.2579, 2.5228, 5.4358, 0.4745, 0.5097, 1.2772, 0.086, 1.8345, 0.273, 3.4505, 1.6047, 13.7759, 4.5785, 20.5349, 2.2351, 3.8409, 7.4212, 128.181, 10.5545, 19.0336, 0.6304],
      [2.3234, 1.1159, 5.875, 0.2205, 4.5671, 6.9703, 15.0548, 35.3924, 45.975, 0.7745, 8.7259, 15.343, 0.9073, 1.7038, 0.9791, 10.009, 2.4009, 24.2165, 6.5283, 12.374, 29.9183, 32.1903, 42.1829, 45.8398, 18.7358, 3.7335, 2.7107, 2.2037, 3.0204, 14.6309, 0.4248, 1.9686, 0.7889, 2.8009, 1.2392, 3.0229, 4.17, 9.8064, 8.974, 4.2695, 13.7856, 14.7561, 28.0113, 2.7107, 275.74, 24.9239, 57.9172, 16.064],
      [99.7887, 38.2964, 203.0056, 3.6487, 68.0073, 318.4914, 415.3013, 383.9372, 386.9781, 47.3901, 178.4932, 250.5347, 33.8135, 70.0955, 16.935, 426.2956, 234.1348, 697.7459, 204.777, 318.9881, 561.2249, 367.2737, 898.8825, 794.9972, 328.966, 184.0884, 144.7451, 46.6507, 145.8022, 108.6477, 15.8217, 24.409, 11.6503, 29.0049, 54.028, 50.8542, 81.4721, 284.604, 522.7263, 170.5227, 499.4479, 309.8275, 491.2198, 198.1178, 7129.3613, 463.1472, 826.7003, 252.1849],
      [0.4277, 0, 0.2528, 0, 0.2977, 1.3717, 0.7477, 0, 3.6325, 0, 0, 9.3059, 0.3568, 0, 0, 1.3149, 3.1888, 1.7457, 0.3037, 1.3476, 0, 2.6308, 0, 0, 2.4499, 0, 0, 0.2358, 0.3933, 0, 0, 0.1045, 0, 0.0964, 1.0352, 0.8045, 1.1952, 0, 1.6655, 0.6518, 2.9105, 1.9338, 6.914, 4.2255, 28.9493, 2.0233, 5.1622, 0]
    ],
    [
      [0.7189, 0.1847, 2.3149, 0.175, 1.238, 2.697, 4.907, 5.2803, 4.3994, 0.2452, 1.6522, 2.8616, 0.0786, 1.8828, 0, 3.3949, 1.138, 4.0186, 1.2475, 0.6598, 3.5901, 4.716, 8.9323, 7.021, 2.9591, 0.819, 1.0594, 3.9424, 0.8699, 0.1857, 0.6728, 0.3595, 0.5428, 0.1976, 0.6047, 0.1053, 0.9086, 3.9738, 3.2235, 0.1547, 4.5948, 5.9209, 0.6807, 5.005, 62.6917, 3.1568, 8.5013, 0.6833],
      [0.4971, 0.0592, 2.3984, 0, 0.0578, 0.5201, 1.6541, 2.1931, 2.0797, 0.1275, 0.2023, 1.3097, 0.0588, 0.0289, 0, 2.0957, 0.1734, 2.1574, 0.2023, 0.3756, 1.8446, 2.0139, 4.0516, 2.8485, 1.2569, 0.9149, 0.5976, 0.0578, 0.2023, 1.1056, 0.2308, 0.1763, 0.1564, 0.1265, 0.535, 0.0289, 0.1734, 1.3725, 2.0658, 0.8725, 3.3589, 1.8516, 7.6472, 1.008, 32.1772, 1.6863, 4.3876, 0.7382],
      [13.8439, 2.247, 27.5031, 6.3769, 20.2966, 72.1819, 100.9647, 95.4205, 84.7108, 5.2429, 31.1205, 65.9113, 2.4564, 5.4981, 2.247, 73.2382, 24.7416, 74.1701, 25.9024, 51.1059, 71.622, 86.6454, 190.9031, 117.9152, 53.2531, 18.4903, 22.8567, 7.6979, 26.445, 41.8662, 5.1673, 6.3789, 5.2429, 2.6339, 11.9839, 7.601, 15.704, 47.894, 75.698, 35.2026, 108.4795, 63.0005, 110.837, 36.7006, 1360.5073, 73.8324, 170.2838, 15.0053],
      [1.6762, 0.3428, 6.8664, 0.3825, 5.4409, 6.5681, 12.007, 13.8992, 12.2941, 0.6667, 4.6495, 8.3663, 0.1957, 1.5396, 0.3848, 9.5733, 1.2312, 11.6376, 3.4429, 6.7725, 12.5342, 12.5571, 24.5242, 17.3711, 7.8946, 1.5, 0.7356, 3.1578, 3.1016, 4.8857, 0.042, 1.0109, 0.5022, 0.4921, 1.3798, 3.4671, 1.8098, 6.3394, 8.4409, 4.1792, 12.8716, 8.9091, 15.084, 0.7356, 171.0295, 5.9349, 24.0012, 1.2392],
      [0.9984, 0.1664, 6.2388, 0.0656, 10.9635, 8.0246, 7.5649, 20.1572, 10.8055, 0.6926, 4.8974, 8.2534, 0.1664, 1.8884, 0.3682, 16.1348, 6.2145, 24.2762, 5.6593, 13.8439, 13.9434, 13.2832, 24.6174, 22.7092, 7.545, 1.2758, 5.651, 1.8935, 4.8504, 4.9568, 0.8871, 0.9417, 0.5558, 0.4909, 1.2608, 1.606, 1.1094, 13.7316, 12.0529, 5.8979, 8.6307, 14.9021, 25.3621, 4.8282, 290.8981, 5.0477, 12.5377, 1.0539],
      [0.2654, 0, 0.6783, 0, 1.0031, 2.0084, 1.9023, 2.0497, 1.7106, 0.0251, 0.4781, 1.2977, 0.0442, 0.1622, 0, 1.5631, 0.5014, 1.7401, 0.5456, 1.2423, 0.4657, 1.7843, 2.9713, 2.135, 1.0912, 0, 0.0997, 0.2507, 0.5309, 0, 0, 0.1327, 0, 0.059, 0.2359, 0.1917, 0.2949, 0.6887, 1.5189, 0.6931, 2.0645, 1.4156, 2.3889, 0.7226, 28.6963, 1.3419, 3.2884, 0.2802]
    ],
    [
      [0.6223, 0, 0.8998, 0.0819, 0.6064, 1.3264, 2.6504, 3.6479, 2.9768, 0.1968, 1.0293, 1.4084, 0, 0.7888, 0, 1.4071, 0.5562, 2.0941, 0.7372, 1.0318, 2.1614, 3.4352, 4.61, 4.6601, 2.3069, 0.4743, 0.7873, 0.6858, 0.6064, 0.6565, 0.4474, 0.2286, 0.532, 0.2127, 0.4584, 0.181, 0.5245, 1.3741, 1.6896, 0.7067, 2.3913, 2.0758, 2.0331, 1.1944, 27.3794, 1.8497, 6.8462, 0.9207],
      [1.6932, 0, 1.983, 0, 0.436, 3.4413, 5.3786, 6.9925, 5.8026, 0.6346, 1.3698, 3.5298, 0, 0.4119, 0, 3.667, 1.1471, 4.7348, 1.9373, 2.7061, 5.4792, 6.6142, 7.987, 8.1518, 4.5762, 1.1593, 2.6054, 0.6346, 1.7481, 2.8527, 0.2227, 0.2898, 0.479, 0.479, 1.382, 0.5921, 1.5254, 3.0081, 6.126, 3.1179, 7.5782, 3.6884, 7.566, 2.6847, 65.5586, 4.4999, 17.6489, 4.2315],
      [0.1078, 0, 0.1439, 0.572, 0.1274, 0.3324, 0.5087, 0.5444, 0.4622, 0.0441, 0.1359, 0.3281, 0, 0.0318, 0.0159, 0.2987, 0.0521, 0.363, 0.1525, 0.2406, 0.4115, 0.5143, 0.8078, 0.6392, 0.3435, 0.0912, 0.1801, 0.0478, 0.1457, 0.2118, 0.0214, 0.0251, 0.0337, 0.0263, 0.0814, 0.0582, 0.1133, 0.2277, 0.4525, 0.2321, 0.5669, 0.2889, 0.5461, 0.2045, 5.8699, 0.396, 1.2591, 0.2383],
      [2.7574, 0, 2.8997, 0.334, 5.1335, 5.3703, 9.242, 12.3707, 10.7542, 0.8816, 2.3288, 5.9302, 0, 0.4273, 0.7631, 4.8955, 1.6422, 7.94, 3.1019, 4.7774, 9.9396, 11.7509, 13.4617, 14.8854, 7.9995, 1.5524, 3.7266, 1.0638, 3.5907, 3.9863, 0.2618, 0.2286, 0.5957, 0.692, 1.4533, 1.7023, 2.1934, 4.4705, 8.5412, 4.2665, 10.2651, 4.7559, 11.3689, 3.1924, 107.7608, 7.5767, 27.9196, 6.3933],
      [0.5816, 0, 0.6095, 0.0121, 0.2326, 1.4807, 1.828, 3.0506, 0.0383, 0.7951, 0.0092, 0.0245, 0, 0.0031, 0.221, 0.0199, 0.0077, 0.0291, 1.3807, 0.6431, 2.0785, 2.0502, 0.0506, 1.7111, 1.8293, 0.1643, 2.9092, 0.0046, 0.4449, 1.9442, 0.0467, 0.0015, 0.3596, 0.2529, 0.6085, 0.6765, 1.29, 0.8969, 4.6925, 3.317, 1.5536, 0.0215, 0.9205, 0.3083, 7.0038, 0.0291, 12.0317, 4.3028],
      [1.2377, 0, 1.4641, 0, 1.4641, 3.0489, 4.3924, 5.3939, 4.9658, 0.4478, 1.127, 4.7791, 0, 0.3371, 0, 2.7118, 1.5947, 3.8388, 1.6905, 2.6011, 3.9297, 5.6351, 6.083, 5.9524, 3.9446, 0.5586, 1.7914, 0.5635, 1.4641, 1.3484, 0, 0.2264, 0, 0.3371, 1.0163, 0.7899, 1.3534, 2.0227, 4.4982, 2.3598, 5.645, 3.1695, 6.5655, 3.4157, 54.4276, 4.6485, 14.2944, 2.9134]
    ]
  ],
  "V_est": [
    [22.1923, 788.3631, 21.7937, 100.9724, 1105.1509, 17.5276],
    [401.2585, 38.2168, 285.3026, 1284.6432, 277.5622, 306.0166],
    [447.9588, 113.3336, 281.0767, 3564.5758, 246.8832, 11.1718],
    [140.9321, 74.0567, 360.3034, 867.9966, 19393.0362, 87.675],
    [175.1671, 89.6778, 3575.0278, 463.6675, 649.9002, 70.5597],
    [93.4911, 218.352, 18.4958, 357.1445, 62.4672, 180.0493]
  ],
  "p_est": [
    [0.0108, 0.3834, 0.0106, 0.0491, 0.5375, 0.0085],
    [0.1547, 0.0147, 0.11, 0.4954, 0.107, 0.118],
    [0.096, 0.0243, 0.0603, 0.7641, 0.0529, 0.0024],
    [0.0067, 0.0035, 0.0172, 0.0415, 0.9268, 0.0042],
    [0.0349, 0.0178, 0.7116, 0.0923, 0.1294, 0.014],
    [0.1005, 0.2348, 0.0199, 0.384, 0.0672, 0.1936]
  ],
  "EI_Z": {},
  "EI_V": 7.5114,
  "MAE_Z": {},
  "MAE_V": 151.0302,
  "MAE_p": 0.0462,
  "runtime": 1.201
}
