{
  "X": [
    [37, 109, 102, 16],
    [47, 497, 432, 80],
    [28, 295, 304, 50],
    [44, 484, 338, 77],
    [79, 804, 596, 130],
    [24, 172, 116, 27],
    [36, 656, 346, 121],
    [34, 276, 245, 73],
    [6, 32, 32, 3],
    [8, 231, 189, 39],
    [14, 184, 100, 41],
    [11, 195, 72, 40],
    [17, 97, 107, 25],
    [57, 237, 396, 48],
    [65, 794, 1393, 98],
    [12, 146, 108, 20],
    [75, 795, 1465, 138],
    [9, 123, 68, 31],
    [4, 44, 49, 14],
    [11, 79, 106, 33],
    [14, 78, 160, 17],
    [1, 3, 14, 2],
    [12, 55, 53, 11],
    [93, 476, 843, 61],
    [82, 186, 141, 23],
    [29, 362, 222, 95],
    [62, 836, 364, 156],
    [21, 261, 280, 61],
    [35, 334, 193, 43],
    [45, 436, 376, 75],
    [114, 608, 1064, 143],
    [31, 115, 151, 10],
    [37, 134, 235, 17],
    [55, 330, 614, 71],
    [9, 35, 71, 12],
    [3, 94, 53, 16],
    [115, 1027, 1091, 149],
    [25, 145, 115, 25],
    [239, 1195, 963, 268],
    [36, 112, 137, 11]
  ],
  "W": [
    [8, 57, 79, 94, 9, 17],
    [27, 48, 483, 379, 41, 78],
    [20, 47, 266, 286, 26, 32],
    [27, 56, 450, 320, 37, 53],
    [50, 75, 772, 553, 54, 105],
    [13, 17, 171, 108, 5, 25],
    [18, 36, 644, 318, 60, 83],
    [20, 36, 273, 223, 25, 51],
    [2, 4, 33, 31, 1, 2],
    [10, 16, 215, 174, 29, 23],
    [8, 10, 193, 89, 7, 32],
    [8, 10, 194, 65, 5, 36],
    [8, 20, 100, 82, 9, 27],
    [44, 75, 194, 364, 26, 35],
    [82, 77, 756, 1276, 65, 94],
    [2, 13, 144, 110, 7, 10],
    [112, 82, 742, 1370, 66, 101],
    [6, 10, 122, 69, 9, 15],
    [6, 1, 45, 48, 6, 5],
    [6, 18, 70, 111, 3, 21],
    [12, 8, 79, 146, 12, 12],
    [0, 1, 2, 16, 1, 0],
    [1, 16, 58, 45, 4, 7],
    [71, 126, 397, 763, 45, 71],
    [22, 116, 132, 128, 18, 16],
    [16, 27, 350, 204, 17, 94],
    [18, 80, 791, 370, 64, 95],
    [15, 22, 261, 266, 25, 34],
    [14, 34, 303, 176, 26, 52],
    [22, 36, 412, 353, 55, 54],
    [92, 160, 506, 996, 68, 107],
    [12, 34, 111, 137, 5, 8],
    [37, 62, 97, 200, 12, 15],
    [86, 96, 242, 551, 50, 45],
    [6, 9, 33, 64, 2, 13],
    [1, 2, 81, 55, 15, 12],
    [70, 174, 899, 1025, 105, 109],
    [6, 24, 136, 117, 9, 18],
    [74, 211, 1188, 927, 72, 193],
    [6, 51, 85, 144, 4, 6]
  ],
  "method": "mcmc",
  "mcmc_stepsize": 3000,
  "mcmc_samples": 1000,
  "burn_in": 10000,
  "cond_prob": [
    [
      [0.24999982489, 0.37499993068, 0.37499876614, 1.4782917593e-06],
      [0.14035124568, 0.42105205686, 0.38596520797, 0.052631489491],
      [0.13924062416, 0.43037923008, 0.37974707344, 0.050633072328],
      [0.13829761023, 0.40425626231, 0.40425476653, 0.053191360938],
      [0.11111139102, 0.33333290394, 0.333333784, 0.22222192104],
      [0.11764665929, 0.41176407914, 0.35294247679, 0.11764678478]
    ],
    [
      [0.074074074074, 0.44444444444, 0.40740740741, 0.074074074074],
      [0.083333333333, 0.45833333333, 0.39583333333, 0.0625],
      [0.04347826087, 0.47412008282, 0.40786749482, 0.074534161491],
      [0.042216358839, 0.47229551451, 0.41160949868, 0.073878627968],
      [0.024390243902, 0.46341463415, 0.43902439024, 0.073170731707],
      [0.038461538462, 0.46153846154, 0.39743589744, 0.10256410256]
    ],
    [
      [0.15, 0.4, 0.4, 0.050000000002],
      [0.021276595747, 0.46808510638, 0.44680851064, 0.063829787234],
      [0.041353383459, 0.43984962406, 0.44736842105, 0.071428571428],
      [0.038461538461, 0.43356643357, 0.45454545454, 0.073426573426],
      [0.038461538461, 0.42307692308, 0.46153846154, 0.076923076925],
      [0.031250000002, 0.40625, 0.4375, 0.125]
    ],
    [
      [0.11111111111, 0.48148148148, 0.33333333333, 0.074074074074],
      [0.071428571429, 0.5, 0.35714285714, 0.071428571429],
      [0.044444444444, 0.51777777778, 0.35777777778, 0.08],
      [0.04375, 0.515625, 0.359375, 0.08125],
      [0.027027027027, 0.48648648649, 0.40540540541, 0.081081081081],
      [0.037735849057, 0.50943396226, 0.33962264151, 0.11320754717]
    ],
    [
      [0.08, 0.48, 0.36, 0.08],
      [0.053333333333, 0.50666666667, 0.36, 0.08],
      [0.04792746114, 0.50259067358, 0.36917098446, 0.080310880829],
      [0.048824593128, 0.49909584087, 0.37251356239, 0.079566003617],
      [0.037037037037, 0.48148148148, 0.40740740741, 0.074074074074],
      [0.047619047619, 0.49523809524, 0.3619047619, 0.095238095238]
    ],
    [
      [0.15384648947, 0.46153754757, 0.30769285203, 0.076923110926],
      [0.11764778308, 0.52941135562, 0.29411721748, 0.058823643822],
      [0.070175301423, 0.51461992867, 0.3391814045, 0.076023365409],
      [0.06481470034, 0.50925930893, 0.35185189681, 0.074074093924],
      [9.2890476477e-07, 0.40000013588, 0.59999730842, 1.6267951856e-06],
      [0.040000580002, 0.4800001996, 0.31999954639, 0.15999967401]
    ],
    [
      [0.11111111111, 0.55555555556, 0.27777777778, 0.055555555556],
      [0.055555555556, 0.58333333333, 0.27777777778, 0.083333333333],
      [0.031055900621, 0.56677018634, 0.29813664596, 0.10403726708],
      [0.028301886792, 0.56918238994, 0.29874213836, 0.10377358491],
      [0.016666666667, 0.55, 0.33333333333, 0.1],
      [0.024096385542, 0.55421686747, 0.28915662651, 0.13253012048]
    ],
    [
      [0.15, 0.4, 0.35, 0.1],
      [0.055555555556, 0.44444444444, 0.38888888889, 0.11111111111],
      [0.051282051282, 0.44688644689, 0.38827838828, 0.11355311355],
      [0.053811659193, 0.43946188341, 0.39461883408, 0.11210762332],
      [0.04, 0.4, 0.44, 0.12],
      [0.039215686275, 0.43137254902, 0.37254901961, 0.1568627451]
    ],
    [
      [0.13913604628, 0.3165865391, 0.51490447303, 0.029372941589],
      [0.13508323856, 0.42904061214, 0.39970807451, 0.036168074792],
      [0.075998121989, 0.47161770833, 0.41102813789, 0.041356031785],
      [0.078508402849, 0.41634231497, 0.46570588714, 0.039443395045],
      [0.070374477163, 0.38041866333, 0.50179841199, 0.047408447517],
      [0.084660981038, 0.40012483548, 0.43437464608, 0.080839537408]
    ],
    [
      [0.19999912695, 0.40000125651, 0.3999990947, 5.2183494989e-07],
      [0.06250021054, 0.49999926321, 0.37499996432, 0.062500561924],
      [0.013953470686, 0.50232571695, 0.40465103358, 0.079069778776],
      [0.011494259738, 0.49425267346, 0.41379332564, 0.080459741164],
      [1.5027970335e-07, 0.48275795203, 0.37931120648, 0.13793069121],
      [1.570373906e-07, 0.47826192558, 0.39130320668, 0.1304347107]
    ],
    [
      [0.24915033727, 0.49996949772, 0.25085987609, 2.0288920173e-05],
      [0.10033264478, 0.60031019045, 0.199341193, 0.10001597177],
      [0.036234361365, 0.54919059329, 0.29537085621, 0.11920418913],
      [0.033781414763, 0.53936373997, 0.31445757281, 0.11239727246],
      [0.00051342837079, 0.42808542586, 0.28618955583, 0.28521158993],
      [0.031253099944, 0.53135583657, 0.28134634194, 0.15604472155]
    ],
    [
      [0.24970315619, 0.49991205147, 0.12551462898, 0.12487016335],
      [0.00026528259952, 0.6993369701, 0.2002242182, 0.1001735291],
      [0.03091147988, 0.61860066667, 0.22680061661, 0.12368723684],
      [0.030821723159, 0.60007729385, 0.24604095699, 0.123060026],
      [0.00030483520969, 0.59990395212, 0.19976469874, 0.20002651394],
      [0.027721073508, 0.6109516859, 0.22230098516, 0.13902625544]
    ],
    [
      [0.24999397133, 0.37498229197, 0.37500881747, 1.4919227808e-05],
      [0.14999101235, 0.35000054875, 0.40000889258, 0.099999546313],
      [0.060000755678, 0.40999867684, 0.42999792226, 0.10000264522],
      [0.06097608646, 0.4024424757, 0.4390234279, 0.09755800994],
      [1.3215339183e-06, 0.33332172968, 0.66666880789, 8.140896307e-06],
      [0.037040793744, 0.37037349741, 0.40740811199, 0.18517759686]
    ],
    [
      [0.11363636364, 0.31818181819, 0.52272727272, 0.045454545454],
      [0.08, 0.33333333333, 0.53333333333, 0.053333333334],
      [0.072164948453, 0.32474226804, 0.5412371134, 0.061855670103],
      [0.076923076923, 0.31868131868, 0.54120879121, 0.063186813187],
      [0.076923076923, 0.30769230769, 0.5, 0.11538461539],
      [0.057142857142, 0.31428571428, 0.51428571429, 0.11428571429]
    ],
    [
      [0.048780487805, 0.32926829268, 0.58536585366, 0.036585365854],
      [0.038961038961, 0.33766233766, 0.58441558442, 0.038961038961],
      [0.026455026455, 0.33994708995, 0.59259259259, 0.041005291005],
      [0.027429467085, 0.33855799373, 0.59247648903, 0.041536050157],
      [0.015384615385, 0.32307692308, 0.63076923077, 0.030769230769],
      [0.021276595745, 0.32978723404, 0.58510638298, 0.063829787234]
    ],
    [
      [0.49300347282, 0.50443502819, 0.0025581131835, 3.3858130034e-06],
      [0.07679129411, 0.61225885672, 0.30955366915, 0.0013961800187],
      [0.041667942431, 0.50747749435, 0.38145749047, 0.069397072745],
      [0.036347291622, 0.50917755857, 0.39097696119, 0.063498188621],
      [0.0012355676982, 0.42595763496, 0.4280549908, 0.14475180654],
      [0.0008671468527, 0.49637707322, 0.30369567806, 0.19906010187]
    ],
    [
      [0.035714285714, 0.32142857143, 0.58928571429, 0.053571428571],
      [0.036585365854, 0.32926829268, 0.58536585366, 0.048780487805],
      [0.029649595687, 0.32210242588, 0.59299191375, 0.05525606469],
      [0.029927007299, 0.32116788321, 0.59343065693, 0.055474452555],
      [0.030303030303, 0.31818181818, 0.59090909091, 0.060606060606],
      [0.029702970297, 0.31683168317, 0.58415841584, 0.069306930693]
    ],
    [
      [0.33304119246, 0.49982671873, 0.16684039933, 0.00029168948603],
      [0.10003626695, 0.59949612865, 0.20029877197, 0.10016883242],
      [0.032765678718, 0.5492069959, 0.28686351793, 0.13116380745],
      [0.028985899087, 0.52180257326, 0.31886759321, 0.13034393444],
      [9.3790784479e-05, 0.44446584776, 0.44421542293, 0.11122493853],
      [0.00020708120439, 0.46655031447, 0.26658786392, 0.26665474041]
    ],
    [
      [0.23045584904, 0.33731398899, 0.36322922614, 0.069000935822],
      [0.034190815207, 0.73190807314, 0.21207343641, 0.021827675246],
      [0.03181557803, 0.40699636331, 0.43985855572, 0.12132950294],
      [0.020173602698, 0.40730300489, 0.45216673405, 0.12035665836],
      [0.024095986657, 0.34112276396, 0.47255939007, 0.16222185932],
      [0.0076928459561, 0.26641816517, 0.45511132482, 0.27077766406]
    ],
    [
      [0.33076767633, 0.33292495124, 0.33431179427, 0.001995578163],
      [0.00028173192412, 0.38905539207, 0.49901691974, 0.11164595626],
      [0.043187457003, 0.34275220729, 0.47135290747, 0.14270742824],
      [0.044920771865, 0.34247007303, 0.46853779355, 0.14407136156],
      [0.00010308168116, 0.33579412847, 0.33238030452, 0.33172248533],
      [0.047651707387, 0.33263039208, 0.42915643614, 0.19056146439]
    ],
    [
      [0.16660467987, 0.24993902107, 0.58341866824, 3.7630814633e-05],
      [0.12499640357, 0.37504649976, 0.49990901586, 4.8080806111e-05],
      [0.050661207626, 0.30379488408, 0.59491472971, 0.050629178578],
      [0.047934663782, 0.28767551184, 0.60274429507, 0.061645529309],
      [3.4257352798e-06, 0.24996970992, 0.58339334035, 0.16663352399],
      [2.9324526593e-06, 0.25002522155, 0.58333775357, 0.16663409243]
    ],
    [
      [0, 0, 0, 0],
      [0.079085000182, 0.14217070518, 0.70233927969, 0.076405014942],
      [0.054842634482, 0.17146996743, 0.63910236068, 0.1345850374],
      [0.048890240605, 0.147969171, 0.7093369873, 0.093803601102],
      [0.028985881172, 0.147382624, 0.67006420219, 0.15356729263],
      [0, 0, 0, 0]
    ],
    [
      [0.78439602663, 0.061829111412, 0.14528545815, 0.0084894038101],
      [0.146602876, 0.4227518338, 0.36148025171, 0.069165038487],
      [0.086114905892, 0.44606222576, 0.39205511629, 0.07576775205],
      [0.081678810604, 0.41519652472, 0.43718629954, 0.065938365138],
      [0.01729338342, 0.32310607021, 0.6223988214, 0.037201724968],
      [0.018653343538, 0.33232350862, 0.30983642921, 0.33918671863]
    ],
    [
      [0.098591549296, 0.30985915493, 0.56338028169, 0.028169014085],
      [0.055555555556, 0.33333333333, 0.57142857143, 0.039682539683],
      [0.062972292191, 0.32493702771, 0.5717884131, 0.040302267003],
      [0.062909567497, 0.32372214941, 0.57273918742, 0.040629095675],
      [0.044444444444, 0.31111111111, 0.6, 0.044444444444],
      [0.056338028169, 0.30985915493, 0.56338028169, 0.070422535211]
    ],
    [
      [0.22727273849, 0.40909091667, 0.31818180884, 0.045454535989],
      [0.18965516701, 0.43965517181, 0.31896553081, 0.051724130367],
      [0.1893939292, 0.43181818916, 0.32575756433, 0.053030317309],
      [0.18750002233, 0.43749998459, 0.32812499958, 0.046874993499],
      [0.16666662884, 0.38888891612, 0.38888887518, 0.05555557986],
      [0.18749997177, 0.37500002604, 0.31250002745, 0.12499997473]
    ],
    [
      [0.0625, 0.5, 0.3125, 0.125],
      [0.11111111111, 0.48148148148, 0.2962962963, 0.11111111111],
      [0.04, 0.51714285714, 0.31142857143, 0.13142857143],
      [0.039215686275, 0.50980392157, 0.31862745098, 0.13235294118],
      [9.5172391602e-16, 0.47058823529, 0.35294117647, 0.17647058824],
      [0.031914893617, 0.51063829787, 0.3085106383, 0.14893617021]
    ],
    [
      [0.16666666667, 0.55555555556, 0.22222222222, 0.055555555556],
      [0.0375, 0.6125, 0.25, 0.1],
      [0.042983565107, 0.58912768647, 0.25790139064, 0.10998735777],
      [0.043243243243, 0.58918918919, 0.25945945946, 0.10810810811],
      [0.03125, 0.578125, 0.25, 0.140625],
      [0.042105263158, 0.58947368421, 0.25263157895, 0.11578947368]
    ],
    [
      [0.13333333419, 0.3999999986, 0.39999999779, 0.066666669409],
      [0.09090909029, 0.40909090886, 0.40909091084, 0.090909090014],
      [0.030651341006, 0.4252873565, 0.44827586207, 0.095785440428],
      [0.030075187836, 0.41729323293, 0.45488721837, 0.097744360858],
      [1.1010711658e-09, 0.40000000189, 0.47999999652, 0.12000000049],
      [0.029411764891, 0.41176470507, 0.44117647044, 0.1176470596]
    ],
    [
      [0.21428571427, 0.49999999997, 0.28571428574, 1.9864134801e-11],
      [0.029411764739, 0.61764705881, 0.29411764703, 0.058823529416],
      [0.056105610558, 0.55115511551, 0.32343234324, 0.069306930694],
      [0.05681818182, 0.55113636364, 0.32386363636, 0.068181818177],
      [0.038461538456, 0.53846153847, 0.30769230768, 0.1153846154],
      [0.05769230769, 0.53846153849, 0.30769230767, 0.096153846149]
    ],
    [
      [0.13636363636, 0.45454545455, 0.36363636364, 0.045454545455],
      [0.055555555556, 0.5, 0.38888888889, 0.055555555556],
      [0.046116504854, 0.46844660194, 0.40533980583, 0.080097087379],
      [0.048158640227, 0.46742209632, 0.40509915014, 0.079320113314],
      [0.036363636364, 0.45454545455, 0.41818181818, 0.090909090909],
      [0.037037037037, 0.46296296296, 0.38888888889, 0.11111111111]
    ],
    [
      [0.086956521739, 0.30434782609, 0.54347826087, 0.065217391304],
      [0.05625, 0.325, 0.55, 0.06875],
      [0.057312252964, 0.31818181818, 0.55138339921, 0.073122529644],
      [0.058232931727, 0.31425702811, 0.55321285141, 0.074297188755],
      [0.058823529412, 0.30882352941, 0.54411764706, 0.088235294118],
      [0.056074766355, 0.30841121495, 0.55140186916, 0.084112149533]
    ],
    [
      [0.24999729536, 0.33333893238, 0.41665506419, 8.7080665522e-06],
      [0.11764094043, 0.38235288945, 0.47059336714, 0.029412802983],
      [0.099097397869, 0.38739254665, 0.48648347478, 0.027026580693],
      [0.094891248254, 0.37955675663, 0.49635470397, 0.029197291143],
      [1.4703564649e-05, 0.20001376058, 0.79994845712, 2.3078735489e-05],
      [3.1848600369e-05, 0.25000217879, 0.49999528953, 0.24997068307]
    ],
    [
      [0.1351351754, 0.29729732661, 0.54054047864, 0.027027019349],
      [0.080645152894, 0.33870965599, 0.54838712657, 0.032258064542],
      [0.082474218445, 0.32989694032, 0.55670098379, 0.030927857439],
      [0.085000001116, 0.31499998232, 0.56000002428, 0.039999992279],
      [0.083333310456, 0.2499999949, 0.58333334211, 0.083333352533],
      [0.066666659522, 0.2666667086, 0.53333333689, 0.13333329498]
    ],
    [
      [0.06976744186, 0.3023255814, 0.56976744186, 0.058139534884],
      [0.052083333333, 0.3125, 0.57291666667, 0.0625],
      [0.049586776859, 0.31404958678, 0.57024793388, 0.066115702479],
      [0.050816696915, 0.30852994555, 0.57531760436, 0.065335753176],
      [0.04, 0.3, 0.6, 0.060000000001],
      [0.044444444444, 0.28888888889, 0.55555555556, 0.11111111111]
    ],
    [
      [0.32478701302, 0.16791825704, 0.50584334107, 0.0014513888682],
      [0.10839538822, 0.337960058, 0.54392807008, 0.0097164837031],
      [0.064182045825, 0.3008724163, 0.54730987168, 0.087635666195],
      [0.060671899635, 0.27734973625, 0.56501463994, 0.096963724168],
      [0.0068091773486, 0.0030763778422, 0.97863837026, 0.011476074553],
      [0.0046993834078, 0.25119417863, 0.53001137387, 0.21409506409]
    ],
    [
      [0.10981472368, 0.20598868806, 0.63861635319, 0.045580235062],
      [0.032082314392, 0.57195641361, 0.38496030998, 0.011000962019],
      [0.025070569905, 0.57912725211, 0.31001422471, 0.085787953282],
      [0.0099691622463, 0.55430512185, 0.31838064918, 0.11734506672],
      [0.0052459552445, 0.60432972146, 0.34757442429, 0.042849899003],
      [0.014025936082, 0.51575529502, 0.31297989636, 0.15723887254]
    ],
    [
      [0.057142857143, 0.42857142857, 0.45714285714, 0.057142857143],
      [0.051724137931, 0.4367816092, 0.45402298851, 0.057471264368],
      [0.047830923248, 0.43270300334, 0.45717463849, 0.062291434928],
      [0.047804878049, 0.43024390244, 0.45951219512, 0.06243902439],
      [0.047619047619, 0.42857142857, 0.46666666667, 0.057142857143],
      [0.045871559633, 0.42201834862, 0.4495412844, 0.082568807339]
    ],
    [
      [0.33331916967, 0.33333014348, 0.33333513699, 1.5549861261e-05],
      [0.12499856389, 0.50000794228, 0.33332150061, 0.041671993224],
      [0.0735277829, 0.47794006232, 0.37500193216, 0.073530222615],
      [0.076924261796, 0.4615366597, 0.38461740279, 0.076921675715],
      [8.8849270998e-06, 0.44447175887, 0.33331423939, 0.22220511681],
      [0.055562354429, 0.44444139078, 0.33333033935, 0.16666591544]
    ],
    [
      [0.10810810811, 0.44594594595, 0.35135135135, 0.094594594595],
      [0.090047393365, 0.45023696682, 0.36018957346, 0.099526066351],
      [0.089225589226, 0.44949494949, 0.36111111111, 0.10016835017],
      [0.08953613808, 0.4476806904, 0.36245954693, 0.1003236246],
      [0.083333333333, 0.44444444444, 0.375, 0.097222222222],
      [0.088082901554, 0.44559585492, 0.35751295337, 0.10880829016]
    ],
    [
      [0.33274470432, 0.33365438227, 0.33358566578, 1.5247632481e-05],
      [0.13714810773, 0.39259741191, 0.45062844358, 0.019626036775],
      [0.11760956232, 0.38816015617, 0.4589053836, 0.035324897916],
      [0.1180842808, 0.37489784599, 0.47229414417, 0.034723729033],
      [0.00073497107894, 0.24954834929, 0.74963059676, 8.6082868986e-05],
      [0.00084819388028, 0.33308486735, 0.33343310486, 0.33263383391]
    ]
  ],
  "expected_outcome": [
    [
      [1.9999985991, 2, 3, 3, 4, 2.0000043631, 2, 3, 0.27827209256, 1.9999912695, 1.9932026981, 1.9976252495, 1.9999517706, 5, 4, 0.98600694563, 4, 1.9982471548, 1.3827350942, 1.984606058, 1.9992561585, 0, 0.78439602663, 7, 5.0000002468, 1, 3, 2.0000000129, 2.9999999997, 3, 8, 2.9999675443, 5.0000014898, 6, 1.9487220781, 0.10981472368, 4, 1.999915018, 8, 1.9964682259],
      [2.9999994454, 12, 8, 13, 24, 5.9999881185, 10, 8, 0.6331730782, 4.0000125651, 3.9997559818, 3.9992964118, 2.9998583358, 14.0000000002, 27, 1.0088700564, 36, 2.9989603124, 2.023883934, 1.9975497074, 2.9992682528, 0, 0.061829111412, 22, 9.0000001668, 8, 10, 5.9999999791, 6.9999999996, 10, 28, 4.0000671886, 11.0000010844, 26, 1.0075095422, 0.20598868806, 30, 1.9999808609, 33, 2.0019262936],
      [2.9999901291, 11, 8, 9, 18, 4.0000070764, 5, 7, 1.0298089461, 3.999990947, 2.0068790087, 1.0041170319, 3.0000705398, 22.9999999999, 48, 0.005116226367, 66, 1.001042396, 2.1793753569, 2.0058707656, 7.0010240189, 0, 0.14528545815, 40, 6.9999997946, 5, 4, 5.9999999669, 4.0000000004, 8, 50, 4.9998607703, 19.9999977099, 49, 3.0350600464, 0.63861635319, 32, 2.0000108219, 26, 2.0015139947],
      [1.1826334074e-05, 2, 1, 2, 4, 1.000000442, 1, 2, 0.058745883178, 5.2183494989e-06, 0.00016231136139, 0.99896130682, 0.00011935382246, 2, 3, 6.7716260069e-06, 6, 0.0017501369162, 0.41400561493, 0.011973468978, 0.0004515697756, 0, 0.0084894038101, 2, 0.99999979176, 2, 1, 1.0000000411, 2.7809788721e-10, 1, 6, 0.00010449679863, 0.99999971593, 5, 0.0087083332091, 0.045580235062, 4, 9.3299167563e-05, 7, 9.1485794884e-05]
    ],
    [
      [8.0000210039, 4, 1.0000000001, 4, 4, 2.0000123124, 2, 2, 0.54033295423, 1.0000033686, 1.0033264478, 0.0026528259952, 2.999820247, 6, 3, 0.99828682343, 3, 1.0003626695, 0.034190815207, 0.0050711746341, 0.99997122859, 0.079085000182, 2.345646016, 7, 21.9999993736, 3, 3, 1.9999999864, 1.0000000011, 2, 9, 3.9997919748, 4.9999994795, 5, 0.97555849396, 0.064164628784, 9, 2.9999655333, 19, 6.994553494],
      [23.9999672408, 22, 22, 28, 38, 8.9999930456, 21, 16, 1.7161624486, 7.9999882114, 6.0031019045, 6.993369701, 7.0000109751, 25, 26, 7.9593651374, 27, 5.9949612865, 0.73190807314, 7.0029970572, 3.0003719981, 0.14217070518, 6.7640293408, 42, 50.9999999294, 13, 49, 8.9999999948, 20.9999999996, 18, 52, 12.9999982411, 20.9999986714, 30, 3.041640522, 1.1439128272, 76, 12.0001906147, 95, 20.0224680076],
      [22.0000168543, 19, 20.9999999999, 20, 27, 4.9999926971, 10, 14, 1.598832298, 5.9999994291, 1.99341193, 2.002242182, 8.0001778517, 40, 45, 4.0241976989, 48, 2.0029877197, 0.21207343641, 8.9823045554, 3.9992721269, 0.70233927969, 5.7836840274, 72, 37.0000015745, 8, 20, 9.0000000385, 9.9999999992, 14, 88, 16.0001744827, 34.0000018475, 55, 4.8953526307, 0.76992061996, 79, 7.9997160146, 76, 22.9820506228],
      [2.999994901, 3, 3, 4, 6, 1.000001945, 3, 4, 0.14467229917, 1.0000089908, 1.0001597177, 1.001735291, 1.9999909263, 4, 3, 0.018150340243, 4, 1.0016883242, 0.021827675246, 2.0096272127, 0.00038464644889, 0.076405014942, 1.1066406158, 5, 5.9999991226, 3, 8, 1.9999999803, 2.0000000001, 2, 11, 1.0000353014, 2.0000000016, 6, 0.087448353328, 0.022001924038, 10, 1.0001278374, 21, 1.0009278755]
    ],
    [
      [11.0000093085, 21, 11, 20, 37, 11.9999765433, 20, 14, 2.5079380256, 2.9999961976, 6.9932317434, 5.9968270968, 6.0000755678, 13.9999999999, 20, 6.0001837101, 22, 3.9974128036, 1.4317010113, 3.0231219902, 4.0022354025, 0.10968526896, 4.9946645417, 25, 24.9999986542, 14, 34, 8.0000000024, 16.9999999992, 19, 29, 10.9998111635, 7.9999991892, 12, 2.1180075122, 2.0307161623, 43, 9.9997784744, 106, 9.9968127969],
      [33.999959176, 229, 116.9999999997, 233, 388, 88.0000078025, 365, 122, 15.563384375, 108.0000291449, 105.9937845055, 120.0085293342, 40.9998676842, 63, 257, 73.0767591864, 239, 67.0032534992, 18.3148363487, 23.99265451, 23.9997958427, 0.34293993487, 25.8716090944, 129, 57.0000009694, 181, 466, 111.0000000464, 166.9999999982, 193, 161, 43.0005726787, 32.0000032114, 76, 9.9287897377, 46.9093074206, 389, 64.9998484761, 534, 32.9936132745],
      [30.0000188016, 197, 119.0000000004, 161, 285, 58.0000201692, 192, 106, 13.5639285504, 86.9999722207, 57.0065752488, 43.9993196224, 42.9997922263, 105, 448, 54.9298786281, 440, 34.9973491878, 19.7936350076, 32.994703523, 46.9982636472, 1.2782047214, 22.739196745, 227, 42.9999984917, 109, 204, 116.9999999995, 98.0000000022, 167, 279, 53.9996657009, 53.9999954278, 138, 18.0612257656, 25.1111522012, 411, 51.0002627739, 429, 39.0069576057],
      [4.0000127139, 36, 19, 36, 62, 12.999995485, 67, 31, 1.3647490489, 17.0000024369, 23.0064085024, 23.9953239466, 10.0002645217, 12, 31, 9.9931784753, 41, 16.0019845094, 5.4598276323, 9.9895199768, 3.9997051076, 0.2691700748, 4.3945296189, 16, 7.0000018848, 46, 87, 24.9999999517, 21.0000000004, 33, 37, 2.999950457, 3.0000021716, 16, 2.8919769844, 6.9488242158, 56, 10.0001102757, 119, 3.0026163229]
    ],
    [
      [12.9999753612, 16, 10.9999999999, 14, 27, 6.9999876367, 9, 12, 2.4337604883, 2.0000011943, 3.0065459139, 2.0034120054, 5.0000390897, 28.0000000001, 35, 3.9982020784, 41, 2.000027037, 0.96833292949, 4.986205677, 6.9984609122, 0.78224384968, 3.6755464772, 48, 24.000002858, 8, 16, 7.9999999644, 10.0000000003, 17, 58, 13.0001010108, 17.0000002232, 28, 3.8830015767, 0.54830392354, 49, 9.0001386302, 83, 17.0041364356],
      [38.0000886569, 179, 124.0000000003, 165, 276, 55.000005364, 181, 98, 12.9066117639, 85.9999651814, 48.0033728571, 39.0050241001, 33.0002830077, 115.9999999999, 432, 56.0095314429, 440, 36.004377555, 19.5505442346, 38.0141781062, 42.0006247287, 2.3675067359, 18.6838436122, 247, 55.9999980275, 104, 218, 110.9999999601, 97.0000000007, 165, 313, 51.9992756584, 62.9999964649, 170, 17.7503831201, 30.4867817019, 441, 53.9997891845, 415, 53.985289823],
      [37.9999480536, 156, 129.9999999999, 115, 206, 38.0000048555, 95, 88, 14.4368825013, 72.0000386616, 27.9867239797, 15.9926622044, 35.9999210875, 197.0000000001, 756, 43.0074657304, 813, 22.0018639314, 21.7040032346, 52.0076950835, 88.00066708, 11.3493917967, 19.6733834794, 437, 41.9999999467, 65, 96, 121.0000000873, 56.9999999999, 143, 551, 68.0005944443, 112.0000048561, 317, 36.1609369564, 17.510935705, 471, 45.0002361267, 336, 68.0103567606],
      [4.9999879282, 28, 20.9999999999, 26, 44, 8.0000021438, 33, 25, 1.2227452464, 13.9999949626, 10.0033572494, 7.9989016901, 7.999756815, 22.9999999999, 53, 6.9848007483, 76, 8.9937314766, 5.7771196013, 15.9919211333, 9.0002472791, 1.5008576176, 2.9672264312, 31, 5.9999991678, 27, 40, 25.9999999882, 11.9999999992, 28, 74, 4.0000288865, 7.9999984557, 36, 6.2056783468, 6.4539786695, 64, 8.9998360586, 93, 5.0002169808]
    ],
    [
      [1.0000025192, 1, 0.99999999998, 1, 2, 4.6445238239e-06, 1, 1, 0.070374477163, 4.358111397e-06, 0.0035939985955, 0.0015241760484, 1.1893805265e-05, 2, 1, 0.0086489738875, 2, 0.00084411706031, 0.14457591994, 0.00030924504347, 4.1108823358e-05, 0.028985881172, 0.069173533679, 2, 2.9999993191, 1.6179306572e-14, 2, 2.7526779145e-08, 0.99999999986, 2, 4, 7.3517823247e-05, 0.99999972548, 2, 0.013618354697, 0.078689328667, 5, 7.9964343899e-05, 6, 0.0029398843157],
      [2.9999961355, 19, 11, 18, 26, 2.0000006794, 33, 10, 0.38041866333, 13.9999806088, 2.996597981, 2.9995197606, 2.9998955671, 8, 21, 2.9817034447, 21, 4.0001926298, 2.0467365837, 1.0073823854, 2.9996365191, 0.147382624, 1.2924242809, 14, 7.0000004902, 8, 37, 10.0000000472, 14.0000000003, 25, 21, 1.0000688029, 2.9999999388, 15, 0.0061527556845, 9.064945822, 45, 4.0002458298, 32, 0.99819339718],
      [3.000004056, 18, 12, 15, 22, 2.9999865421, 20, 11, 0.50179841199, 11.0000249879, 2.0033268908, 0.99882349368, 6.000019271, 13, 41, 2.9963849356, 39, 3.9979388063, 2.8353563404, 0.99714091356, 7.0007200842, 0.67006420219, 2.4895952856, 27, 6.9999997533, 6, 16, 11.999999913, 7.9999999996, 23, 37, 3.9997422856, 7.0000001053, 30, 1.9572767405, 5.2136163643, 49, 2.9998281546, 27, 2.998522387],
      [1.9999972893, 3, 2.0000000001, 3, 4, 8.1339759279e-06, 6, 3, 0.047408447517, 3.9999900452, 1.9964811295, 1.0001325697, 7.3268066763e-05, 3, 2, 1.0132626458, 4, 1.0010244467, 0.9733311559, 0.995167456, 1.9996022879, 0.15356729263, 0.14880689987, 2, 1.0000004375, 3, 9, 3.0000000123, 3.0000000003, 5, 6, 0.00011539367745, 1.0000002304, 3, 0.022952149106, 0.64274848505, 6, 1.9998460513, 7, 0.00034433147594]
    ],
    [
      [1.999993208, 3, 1.0000000001, 2, 5, 1.0000145, 2, 2, 0.16932196208, 3.6118599838e-06, 1.0000991982, 0.99795864629, 1.0001014311, 2, 2, 0.008671468527, 3, 0.0031062180659, 0.038464229781, 1.0006858551, 3.5189431912e-05, 0, 0.13057340476, 4, 2.9999995484, 3, 4, 1.0000000063, 2.9999999999, 2, 6, 0.00025478880295, 0.99999989284, 2, 0.061091984302, 0.16831123299, 5, 1.0001223797, 17, 0.0050891632817],
      [6.9999893454, 36, 13, 27, 52, 12.00000499, 46, 22, 0.80024967095, 11.0000242884, 17.0033867702, 21.9942606923, 10.00008443, 10.9999999999, 31, 4.9637707322, 32, 6.9982547171, 1.3320908258, 6.9852382338, 3.0003026586, 0, 2.3262645604, 22, 6.0000004167, 48, 56, 13.9999999724, 28.0000000017, 25, 33, 2.0000174303, 4.0000006291, 13, 3.2655243222, 6.1890635402, 46, 7.999945034, 86, 1.9985092041],
      [6.0000221054, 31, 13.9999999999, 18, 38, 7.9999886597, 24, 19, 0.86874929215, 8.9999737536, 9.003082942, 8.0028354656, 11.0000190238, 18, 55, 3.0369567806, 59, 3.9988179588, 2.2755566241, 9.0122851589, 7.0000530428, 0, 2.1688550044, 40, 5.0000004393, 29, 24, 14.9999999949, 15.9999999988, 21, 59, 3.9999623163, 8.0000000533, 25, 6.8901478604, 3.7557587563, 49, 5.9999461084, 69, 2.0005986291],
      [1.9999953412, 8, 4, 6, 10, 3.9999918502, 11, 8, 0.16167907482, 2.9999983462, 4.9934310896, 5.0049451958, 4.9997951151, 4.0000000001, 6, 1.9906010187, 7, 3.9998211061, 1.3538883203, 4.0017907522, 1.9996091091, 0, 2.3743070304, 5, 1.9999995956, 14, 11, 4.0000000264, 4.9999999997, 6, 9, 1.9997654646, 1.9999994248, 5, 2.7832358331, 1.8868664705, 9, 2.9999864779, 21, 1.9958030035]
    ]
  ],
  "prob": [
    [0.10912823918, 0.37517754824, 0.46224431389, 0.053449898683],
    [0.076136204628, 0.42339279491, 0.43612833922, 0.064342661241],
    [0.051631185514, 0.45024349908, 0.41807567308, 0.080049642331],
    [0.051775072728, 0.40333779416, 0.47352360248, 0.071363530628],
    [0.037692476475, 0.41485218299, 0.45919712469, 0.08825821585],
    [0.045174287249, 0.43070806986, 0.40864604357, 0.11547159933]
  ],
  "iterations": 2,
  "time": 0.046183,
  "message": "Converged",
  "status": 0,
  "miniter": 0,
  "maxiter": 1000,
  "maxtime": 3600,
  "param_threshold": 0.001,
  "ll_threshold": "-Inf",
  "initial_prob": "group_proportional",
  "candidates_id": ["STEWART, Gary Todd.c", "PILLAY, Barbara Lynne.c", "BENNETT, Paula Lee.c", "Other candidates votes.c"],
  "group_id": ["ACT New Zealand.p", "Green Party.p", "Labour Party.p", "National Party.p", "New Zealand First Party.p", "Other parties votes.p"]
}
