{
  "X": [
    [36, 53, 258, 845, 35],
    [18, 31, 87, 510, 24],
    [3, 14, 101, 198, 14],
    [14, 17, 63, 201, 9],
    [2, 12, 64, 76, 3],
    [4, 6, 49, 61, 4],
    [1, 4, 6, 25, 3],
    [7, 17, 75, 125, 5],
    [10, 23, 173, 379, 28],
    [12, 13, 64, 259, 22],
    [17, 30, 118, 321, 12],
    [28, 47, 188, 552, 31],
    [3, 7, 26, 140, 1],
    [43, 67, 236, 896, 42],
    [12, 27, 126, 423, 8],
    [17, 11, 81, 277, 33],
    [19, 29, 157, 418, 22],
    [13, 9, 59, 230, 16],
    [9, 14, 20, 269, 10],
    [25, 93, 301, 941, 37],
    [13, 17, 36, 210, 20],
    [13, 18, 65, 400, 14],
    [3, 9, 18, 75, 2],
    [5, 27, 95, 385, 9],
    [0, 10, 55, 124, 7],
    [12, 34, 125, 377, 25],
    [22, 36, 83, 368, 18],
    [19, 46, 140, 559, 16],
    [24, 32, 144, 490, 27],
    [22, 56, 154, 763, 28],
    [20, 26, 112, 523, 27],
    [35, 27, 109, 355, 22],
    [18, 43, 102, 373, 22],
    [16, 18, 49, 328, 11],
    [36, 41, 149, 747, 30],
    [27, 34, 130, 543, 20],
    [10, 21, 73, 242, 10],
    [50, 81, 309, 1191, 37],
    [22, 33, 86, 374, 14],
    [56, 68, 217, 458, 25],
    [37, 17, 130, 203, 15],
    [9, 10, 66, 126, 7],
    [25, 17, 127, 752, 29],
    [16, 19, 124, 603, 15],
    [7, 1, 4, 73, 1],
    [14, 15, 55, 355, 7],
    [7, 5, 180, 336, 44],
    [48, 72, 435, 1125, 55],
    [16, 5, 41, 252, 13],
    [99, 92, 268, 928, 60],
    [10, 5, 42, 121, 6]
  ],
  "W": [
    [67, 51, 539, 260, 170, 76, 64],
    [21, 30, 323, 114, 84, 62, 36],
    [8, 11, 101, 106, 48, 31, 25],
    [10, 14, 128, 72, 42, 20, 18],
    [23, 8, 30, 60, 16, 11, 9],
    [12, 7, 27, 37, 23, 6, 12],
    [3, 3, 14, 9, 2, 4, 4],
    [23, 7, 66, 68, 24, 37, 4],
    [46, 28, 187, 206, 67, 53, 26],
    [10, 32, 142, 81, 42, 34, 29],
    [28, 31, 181, 135, 56, 44, 23],
    [72, 91, 285, 202, 80, 75, 41],
    [4, 9, 90, 33, 24, 9, 8],
    [48, 80, 552, 262, 173, 106, 63],
    [39, 39, 206, 160, 71, 56, 25],
    [32, 29, 143, 103, 38, 55, 19],
    [34, 35, 248, 177, 61, 61, 29],
    [18, 23, 143, 72, 32, 18, 21],
    [5, 22, 197, 31, 20, 19, 28],
    [78, 66, 549, 343, 157, 137, 67],
    [14, 21, 133, 40, 40, 18, 30],
    [11, 34, 282, 64, 63, 24, 32],
    [9, 4, 54, 14, 12, 8, 6],
    [15, 25, 207, 122, 79, 45, 28],
    [18, 7, 67, 50, 31, 13, 10],
    [34, 39, 210, 148, 64, 50, 28],
    [28, 46, 224, 86, 48, 48, 47],
    [33, 29, 334, 158, 100, 91, 35],
    [30, 54, 317, 148, 89, 44, 35],
    [31, 52, 465, 161, 147, 104, 63],
    [26, 41, 307, 115, 114, 54, 51],
    [36, 61, 194, 122, 54, 39, 42],
    [29, 42, 222, 107, 63, 70, 25],
    [9, 29, 208, 70, 45, 25, 36],
    [39, 68, 463, 155, 131, 73, 74],
    [27, 48, 345, 148, 84, 61, 41],
    [25, 33, 137, 76, 38, 30, 17],
    [74, 104, 745, 343, 193, 137, 72],
    [27, 43, 212, 114, 49, 59, 25],
    [63, 100, 247, 217, 97, 56, 44],
    [25, 49, 100, 123, 58, 19, 28],
    [27, 22, 59, 62, 29, 11, 8],
    [13, 34, 503, 143, 135, 55, 67],
    [20, 37, 365, 117, 141, 48, 49],
    [2, 10, 51, 5, 11, 1, 6],
    [8, 20, 259, 49, 64, 18, 28],
    [3, 8, 279, 212, 44, 6, 20],
    [101, 110, 662, 469, 193, 127, 73],
    [8, 21, 177, 52, 34, 14, 21],
    [100, 185, 511, 341, 116, 93, 101],
    [21, 26, 73, 42, 10, 3, 9]
  ],
  "method": "mvn_pdf",
  "cond_prob": [
    [
      [0.0083902074444, 0.25535762926, 0.44847422381, 0.17962838158, 0.10814955791],
      [0.45561841149, 0.077505484239, 0.024170502733, 0.3417925592, 0.10091304234],
      [0, 0.00088623441081, 0.0002155597929, 0.99761381369, 0.0012843921085],
      [0.00069092705625, 0.0013797477113, 0.66626517207, 0.33121252582, 0.00045162734543],
      [0.022810517913, 0.027156796391, 0.28490009321, 0.65277469187, 0.012357900611],
      [0.032647041445, 0.28192415084, 0.060369445853, 0.59957156715, 0.025487794716],
      [0.088479888839, 0.079046149075, 0.0055204088716, 0.54945685787, 0.27749669534]
    ],
    [
      [0.0077950627439, 0.28634992831, 0.31958130718, 0.21627586137, 0.16999784039],
      [0.38796525136, 0.078617790452, 0.015609682409, 0.37377499164, 0.14403228414],
      [0.00044633652198, 0.0010788478717, 0, 0.99847481561, 0],
      [0.0036708823555, 0.0033778960382, 0.53794557794, 0.45458753073, 0.0004181129439],
      [0.019968217573, 0.028564637809, 0.19131949466, 0.74194524943, 0.018202400527],
      [0.026338387213, 0.27424338972, 0.037306585443, 0.62749844684, 0.034613190786],
      [0.064566349254, 0.069223612294, 0.003079453986, 0.51906412672, 0.34406645775]
    ],
    [
      [0.0024240737629, 0.20006134014, 0.51631851632, 0.15692789706, 0.12426817272],
      [0.20900230058, 0.095075210458, 0.043348539994, 0.46918068941, 0.18339325956],
      [0, 0.00046905131489, 0.00039870989615, 0.99812938768, 0.0010028511069],
      [0, 0.00065799517801, 0.72572304295, 0.27303793421, 0.00058102765553],
      [0, 0.022860914821, 0.34884170077, 0.61334776705, 0.014949617359],
      [0, 0.27086547184, 0.080845178123, 0.61422923298, 0.034060117056],
      [0.02726328414, 0.069696270144, 0.0070041407231, 0.53394804068, 0.36208826431]
    ],
    [
      [0.015397278561, 0.37904587126, 0.34956209827, 0.14789046574, 0.10810428617],
      [0.63892015652, 0.079281997931, 0.013124143516, 0.19756736351, 0.071106338522],
      [0, 6.1709370776e-05, 0.00028579725865, 0.99677205445, 0.0028804389239],
      [0, 0.0016187807603, 0.65392359943, 0.34123767886, 0.0032199409509],
      [0.019883480263, 0.045899011318, 0.26741924211, 0.64654530061, 0.020252965696],
      [0.057526874566, 0.40086187126, 0.044730470523, 0.47270635286, 0.024174430795],
      [0.16197229782, 0.11278591121, 0.0041856789498, 0.4438992624, 0.27715684962]
    ],
    [
      [0, 0.26060656548, 0.55214677193, 0.16136536478, 0.025881297807],
      [0.20725700781, 0.13039568118, 0.05122918563, 0.53268732849, 0.078430796892],
      [0, 0.001028447042, 0.00041324650132, 0.99855830646, 0],
      [0, 0.0012037106449, 0.73568096498, 0.26311532437, 0],
      [0, 0.032588935869, 0.35999403929, 0.6018227276, 0.0055942972449],
      [0.0057648135684, 0.30813735085, 0.081267001503, 0.59240821403, 0.012422620049],
      [0.030947887585, 0.10543040683, 0.0092993134913, 0.68197503667, 0.17234735543]
    ],
    [
      [0.0036364137201, 0.16812484903, 0.64863531644, 0.12815900704, 0.051444413773],
      [0.36623870529, 0.084776827193, 0.056974040288, 0.41018095421, 0.081829473027],
      [0.00034815080098, 0.00088030853316, 0.00059529403294, 0.99817624663, 0],
      [0.0063238317577, 0.010725580866, 0.80093158335, 0.18201900402, 0],
      [0.012368631725, 0.019221970927, 0.44859259951, 0.51487687895, 0.0049399188826],
      [0.019532479907, 0.25741558628, 0.11688887366, 0.58952132901, 0.016641731139],
      [0.062303070214, 0.081820862485, 0.012337780595, 0.62717226984, 0.21636601687]
    ],
    [
      [0.0027643902627, 0.44700001999, 0.2245606842, 0.16337818488, 0.16229672067],
      [0.22364436822, 0.15488368272, 0.014985668583, 0.40668608843, 0.19980019204],
      [0.0011986323268, 0, 0, 0.99454011238, 0.0042612552929],
      [0.0076814962761, 0, 0.53563597475, 0.45578337136, 0.00089915761749],
      [0.0089488681948, 0.048459739508, 0.17328528517, 0.74880325997, 0.020502847156],
      [0.028231489012, 0.41808282653, 0.026182503194, 0.49571975794, 0.031783423317],
      [0.026008928261, 0.10627452668, 0.0023341464598, 0.44592742819, 0.4194549704]
    ],
    [
      [0.0099197959533, 0.21718412072, 0.53956805596, 0.14861572586, 0.084712301496],
      [0.57597581935, 0.060936059664, 0.026664335457, 0.2627106205, 0.073713165034],
      [0, 0.00053533880251, 0.00043606645126, 0.99762911104, 0.001399483707],
      [0, 0.004410053253, 0.74399093983, 0.2469216633, 0.0046773436153],
      [0.028686544436, 0.024288042429, 0.36210210456, 0.57478393772, 0.010139370847],
      [0.041924627336, 0.27969730253, 0.082760753158, 0.57284124138, 0.022776075603],
      [0.12508141994, 0.077820902924, 0.0076304234298, 0.52968227316, 0.25978498055]
    ],
    [
      [0.004076694083, 0.1804250281, 0.42704143673, 0.19576116119, 0.19269567988],
      [0.26035988535, 0.064252804114, 0.02696616341, 0.43722532259, 0.21119582453],
      [5.870552175e-05, 0, 0.00026637753881, 0.99967491694, 0],
      [0, 0, 0.63614630532, 0.36385369468, 0],
      [0.010694716107, 0.012364311429, 0.27207806485, 0.70486290762, 0],
      [0.016317113849, 0.20500176025, 0.059666008801, 0.67312636236, 0.045888754743],
      [0.035771705254, 0.046456462812, 0.0043677318259, 0.49838826792, 0.41501583219]
    ],
    [
      [0.0050669534771, 0.19446090775, 0.38169506804, 0.21135336015, 0.20742371058],
      [0.29050591124, 0.061766411695, 0.021450418789, 0.42263637372, 0.20364088456],
      [0.00029635674722, 0, 0.00021906097792, 0.99948458227, 0],
      [0.00073238835856, 0, 0.59217163393, 0.40709597771, 0],
      [0.01325505385, 0.017483717785, 0.23159566724, 0.73766556112, 0],
      [0.023689047267, 0.20624742256, 0.049085516596, 0.6791629901, 0.04181502348],
      [0.04102052833, 0.045935766698, 0.0035759076762, 0.49610421833, 0.41336357897]
    ],
    [
      [0.0067090618383, 0.30350775971, 0.42197440888, 0.1821953423, 0.085613427272],
      [0.40596580442, 0.10063269231, 0.0248703609, 0.38066592398, 0.087865218393],
      [0.0013648509, 0.00038662358328, 0.00022684606321, 0.99761476462, 0.00040691483607],
      [0.00096601569853, 0.0010981535856, 0.6498592629, 0.34770815932, 0.0003684084957],
      [0.018400723396, 0.032328527933, 0.2702740158, 0.66915442563, 0.0098423072453],
      [0.024956401529, 0.32015953669, 0.05410911355, 0.58153663996, 0.019238308272],
      [0.074836261827, 0.098544455892, 0.0054578197446, 0.5882066467, 0.23295481584]
    ],
    [
      [0.0041470931543, 0.22865594595, 0.45355474852, 0.21378929784, 0.099852914533],
      [0.26395965482, 0.08558349742, 0.031031267056, 0.4993274029, 0.1200981778],
      [0, 0.00063991684668, 0.00025939361104, 0.99861515272, 0.00048553682283],
      [0, 0.0012950792292, 0.62983069163, 0.36848440942, 0.00038981972532],
      [0.010134874519, 0.021875472654, 0.25888620951, 0.69884354915, 0.010259894175],
      [0.015116400628, 0.23649889763, 0.057168868826, 0.66916031095, 0.02205552197],
      [0.042355138912, 0.068713077714, 0.0054127803547, 0.63499269294, 0.24852631008]
    ],
    [
      [0.0035012356576, 0.33368842469, 0.38345054273, 0.23739013033, 0.041969666592],
      [0.2465693845, 0.14609663352, 0.039217856965, 0.56811612502, 0],
      [0.00018063368314, 0.00066856358369, 0.00019234221337, 0.99895846052, 0],
      [0.0004768082552, 0.001257963694, 0.56617831676, 0.43208691129, 0],
      [0.0087011762534, 0.032499118328, 0.20853803635, 0.75026166907, 0],
      [0.019041950963, 0.29567475142, 0.041037995921, 0.6442453017, 0],
      [0.044334138029, 0.10095518407, 0.0047233785334, 0.74597213266, 0.1040151667]
    ],
    [
      [0.0069025671195, 0.29707893094, 0.3886120527, 0.18064501168, 0.12676143756],
      [0.39367472515, 0.095388317316, 0.022167089445, 0.3636441619, 0.12512570619],
      [0.00079242236241, 0.0003669430352, 0.00022807716121, 0.99761204333, 0.001000514116],
      [0.0010538774431, 0.0011474777714, 0.63244873239, 0.36477046239, 0.00057945000208],
      [0.019376094634, 0.032628263882, 0.25505202753, 0.67798790262, 0.014955711333],
      [0.025814880822, 0.31537562079, 0.050319876848, 0.57977133965, 0.028718281889],
      [0.069408317359, 0.087800773695, 0.0045695258195, 0.52758933759, 0.31063204553]
    ],
    [
      [0.0040840539315, 0.23013255763, 0.43385041456, 0.284331665, 0.04760130888],
      [0.24836453673, 0.078308091985, 0.026040653781, 0.58185668137, 0.065430036129],
      [0, 0.00031431154869, 0.00061828467945, 0.99906740377, 0],
      [0, 0.00070756977981, 0.56064800999, 0.43864442023, 0],
      [0.0067191585788, 0.018687974317, 0.21666557595, 0.75792729115, 0],
      [0.01269422929, 0.2119448019, 0.048766495698, 0.72659447311, 0],
      [0.038662714588, 0.063884009531, 0.0047608176064, 0.74902135649, 0.14367110179]
    ],
    [
      [0.0079815165028, 0.11325855992, 0.28337660201, 0.23082762586, 0.36455569572],
      [0.36372128014, 0.028300179948, 0.012521570192, 0.27138084891, 0.32407612081],
      [0.00056839940381, 0, 0.00019872133875, 0.99923287926, 0],
      [0.0014889799614, 0, 0.56657008773, 0.4319409323, 0],
      [0.024311794425, 0.013512117097, 0.2015919205, 0.76058416798, 0],
      [0.07497411546, 0.10294892005, 0.09973806862, 0.72233889587, 0],
      [0.048137039924, 0.019966832199, 0.0019789609979, 0.30170610196, 0.62821106492]
    ],
    [
      [0.0065540517245, 0.22029346423, 0.45963936854, 0.18095457481, 0.1325585407],
      [0.39082754572, 0.072697246642, 0.026886483256, 0.37477432712, 0.13481439727],
      [0.0012768498726, 0.0006024484951, 3.0342341434e-05, 0.99711562672, 0.00097473257144],
      [0.0008950685941, 0.00076025494395, 0.67050215616, 0.32730245491, 0.00054006539832],
      [0.017701621198, 0.023234224031, 0.28998624477, 0.65409021653, 0.014987693475],
      [0.026402906467, 0.25186320175, 0.063904806977, 0.625604996, 0.032224088804],
      [0.066646070488, 0.065541491705, 0.0054301330731, 0.53282155509, 0.32956074964]
    ],
    [
      [0.0087119355012, 0.18553887786, 0.39902742994, 0.21738912529, 0.18933263142],
      [0.42221402484, 0.048396831072, 0.018428162846, 0.35795435024, 0.153006631],
      [0.00049411764328, 0, 0.00022189000545, 0.99928399235, 0],
      [0.0012107645731, 0, 0.59569703966, 0.40309219577, 0],
      [0.028794803352, 0.005442714327, 0.23410221832, 0.71786389741, 0.013796366586],
      [0.031903009864, 0.19228674509, 0.050145885051, 0.68416318665, 0.041501173337],
      [0.070416230117, 0.043421181609, 0.0037068796396, 0.50701021955, 0.37544548908]
    ],
    [
      [0.0055449811164, 0.37398763453, 0.27447147818, 0.24081814023, 0.10517776595],
      [0.30934617355, 0.11241310802, 0.014761204855, 0.46414350327, 0.09933601031],
      [0.00028347913316, 0.00055738571755, 0, 0.99792729853, 0.001231836623],
      [0.0046236390782, 0.0059086953935, 0.47063445823, 0.51694825977, 0.0018849475315],
      [0.013448039618, 0.034538376814, 0.15502651734, 0.78632613428, 0.010660931953],
      [0.016596930022, 0.31587978272, 0.02810222937, 0.6204587727, 0.018962285188],
      [0.049399236174, 0.095411267839, 0.002812685448, 0.62330139277, 0.22907541777]
    ],
    [
      [0.0039692961718, 0.325891675, 0.3976921226, 0.18016643622, 0.092280470002],
      [0.2797021249, 0.12974902338, 0.028128766884, 0.44952304299, 0.11289704185],
      [0, 0, 0.00027055994761, 0.99843844376, 0.0012909962962],
      [0, 0, 0.63862742449, 0.36095555187, 0.00041702363814],
      [0.0078194260532, 0.031390468549, 0.2649480163, 0.68488716537, 0.010954923733],
      [0.014674395168, 0.34203293007, 0.050933564935, 0.57166893349, 0.020690176329],
      [0.044656904882, 0.10791341529, 0.0052393261933, 0.5892851996, 0.25290515403]
    ],
    [
      [0.0081666395651, 0.32689313767, 0.29046387515, 0.17504992104, 0.19942642656],
      [0.41917838844, 0.089711840879, 0.014243324966, 0.30592568339, 0.17094076233],
      [0.0016766824542, 0.00067568485651, 0, 0.99764763269, 0],
      [0.0062739938033, 0.001479127322, 0.56797907147, 0.4242678074, 0],
      [0.024593557408, 0.047210886546, 0.20430524393, 0.71577757218, 0.0081127399307],
      [0.029905578859, 0.33901384933, 0.036532749827, 0.55076604168, 0.043781780306],
      [0.069563988485, 0.07999438285, 0.0028477936828, 0.43073742243, 0.41685641255]
    ],
    [
      [0.0044924129087, 0.26914675041, 0.43636022473, 0.19713154017, 0.092869071784],
      [0.30170492578, 0.099965379555, 0.028736647601, 0.4625427682, 0.10705027887],
      [0, 0.0013371898852, 0.00028330391953, 0.99716779728, 0.0012117089141],
      [0.00015431557276, 0.0013823311962, 0.64033128496, 0.35775238174, 0.00037968653314],
      [0.011671005319, 0.027067061672, 0.26443814024, 0.68670591545, 0.010117877315],
      [0.016587841697, 0.28203614427, 0.055342422652, 0.62530599993, 0.020727591445],
      [0.048417445287, 0.084403554642, 0.0054398933663, 0.61680659385, 0.24493251286]
    ],
    [
      [0.0053732291311, 0.40553627136, 0.40167213477, 0.13604180466, 0.051376560083],
      [0.44979717086, 0.14440659015, 0.025570798965, 0.32030133629, 0.059924103735],
      [0.00047623827478, 0, 0.00072791250307, 0.99874386359, 5.1985634249e-05],
      [0.00085627239408, 0, 0.70778282604, 0.29111624454, 0.00024465702063],
      [0.038853968532, 0.015323506933, 0.32286168884, 0.61582495477, 0.0071358809219],
      [0.021275773887, 0.45273023902, 0.052701523558, 0.46113471614, 0.012157747388],
      [0.079715626758, 0.16113720029, 0.0064080494774, 0.56794086154, 0.18479826193]
    ],
    [
      [0.0027311158224, 0.31998522069, 0.37825611584, 0.23010607854, 0.068921469112],
      [0.19237271474, 0.12585797894, 0.02649928707, 0.57125096867, 0.084019050575],
      [0, 0.0005124214956, 0.00020051524477, 0.99928706326, 0],
      [0, 0.0011286036949, 0.56907664266, 0.42979475364, 0],
      [0, 0.029919139809, 0.21308905618, 0.75242742374, 0.0045643802687],
      [0, 0.2941545232, 0.046262266364, 0.64605347534, 0.013529735104],
      [0.00534697836, 0.11462306168, 0.0099636285765, 0.69519927502, 0.17486705636]
    ],
    [
      [0, 0.21901386574, 0.50410228337, 0.17659489239, 0.1002889585],
      [0, 0.11016201592, 0.044807103932, 0.6249554726, 0.22007540755],
      [0, 0.00044852725413, 0, 0.99898397084, 0.00056750191051],
      [0, 0.0010761200503, 0.69488520234, 0.30366268649, 0.00037599112574],
      [0, 0.026582607452, 0.31813393238, 0.6441700962, 0.011113363975],
      [0, 0.26640697782, 0.072111820036, 0.63668747182, 0.024793730327],
      [0, 0.091540743415, 0.0068643490887, 0.60853331426, 0.29306159324]
    ],
    [
      [0.0037547075927, 0.2836887846, 0.37799411151, 0.18209018077, 0.15247221552],
      [0.25456459548, 0.10748893223, 0.025456841019, 0.43409580361, 0.17839382766],
      [0, 0.00057627176627, 0.00025320228955, 0.99917052594, 0],
      [0, 0.001104536226, 0.62466905983, 0.37422640395, 0],
      [0.0032462588427, 0.035988172295, 0.25074346322, 0.69563795664, 0.014384148999],
      [0.014274955791, 0.30625966931, 0.04967162415, 0.59481403311, 0.034979717643],
      [0.036529012952, 0.080778501493, 0.004286686432, 0.51451244286, 0.36389335626]
    ],
    [
      [0.0057264328878, 0.31541270789, 0.41060384865, 0.18656171387, 0.081695296704],
      [0.36200020726, 0.1108231769, 0.025574820419, 0.41289705795, 0.088704737469],
      [0.0003804360309, 0, 0.00067058738011, 0.99894897659, 0],
      [0.0021845701348, 0, 0.63869922397, 0.35911620589, 0],
      [0.018853319438, 0.033019334986, 0.26096182523, 0.68064928894, 0.0065162314082],
      [0.020867240225, 0.32596508323, 0.051498637742, 0.58364221893, 0.018026819871],
      [0.063999420827, 0.10296438228, 0.0053234774732, 0.60528618097, 0.22242653845]
    ],
    [
      [0.0070609160792, 0.29712788129, 0.40363708166, 0.20305426269, 0.08911985828],
      [0.39948474396, 0.092998152675, 0.022432966814, 0.39914373097, 0.085940405578],
      [0.0011019800596, 0.00084753908073, 0.00019936495181, 0.99785111591, 0],
      [0.0011737589952, 0.00106977574, 0.61430639744, 0.38323674368, 0.00021332413753],
      [0.018186503446, 0.029867678604, 0.24279063967, 0.69952003501, 0.0096351432762],
      [0.02478695219, 0.29576137013, 0.048938953303, 0.61158928208, 0.018923442289],
      [0.072975826844, 0.089847952212, 0.0048546531637, 0.60810670706, 0.22421486073]
    ],
    [
      [0.0054339877392, 0.25883401712, 0.43646064486, 0.16676017612, 0.13251117416],
      [0.35177655327, 0.093568576955, 0.028004149286, 0.37885186615, 0.14779885434],
      [0.0010612601681, 0.0014025682523, 0.000247818423, 0.99708753967, 0.00020081348939],
      [0.00078887172405, 0.00094735830704, 0.67708623708, 0.32060307753, 0.0005744553542],
      [0.015689788823, 0.029136411114, 0.29453570344, 0.64459872751, 0.016039369109],
      [0.022162435865, 0.29983573782, 0.0614645362, 0.58387518498, 0.032662105138],
      [0.05760958913, 0.080329717491, 0.0053862247351, 0.5129541002, 0.34372036845]
    ],
    [
      [0.0046251428457, 0.29415326338, 0.4021633954, 0.20316294752, 0.095895250856],
      [0.29813083497, 0.10668687778, 0.025891004052, 0.46227751519, 0.10701376801],
      [0, 0.0005393500723, 0.00024214153969, 0.99844487711, 0.00077363128118],
      [0, 0.0010635914812, 0.61366835458, 0.38457097612, 0.00069707782343],
      [0.011013684636, 0.030513102653, 0.2438134655, 0.70420888707, 0.010450860135],
      [0.016387799956, 0.29580087667, 0.049279067284, 0.61794089016, 0.020591365924],
      [0.048102766929, 0.089885363724, 0.0048857016224, 0.61406609287, 0.24306007485]
    ],
    [
      [0.0059629665704, 0.22065987884, 0.4226759712, 0.22065726958, 0.13004391381],
      [0.33904420676, 0.070065179461, 0.02379548624, 0.43993528213, 0.12715984541],
      [0.00035968841337, 0, 0.00050973193193, 0.99768414638, 0.0014464332769],
      [0.0015490224831, 0, 0.60578512551, 0.3921440542, 0.00052179780942],
      [0.014998849065, 0.020219005165, 0.23835844253, 0.71324654443, 0.013177158811],
      [0.021260348457, 0.22315751297, 0.052023854678, 0.67552262897, 0.028035654925],
      [0.054856095165, 0.059503892221, 0.0045270995156, 0.5892477887, 0.2918651244]
    ],
    [
      [0.0094715439269, 0.24362736448, 0.4318419225, 0.20712375264, 0.10793541645],
      [0.46245513054, 0.066590100526, 0.020924847503, 0.35591818649, 0.094111734949],
      [0, 0.00043598565906, 8.949137364e-05, 0.99883252372, 0.00064199924595],
      [0, 0.0017624598595, 0.62552752054, 0.37227212882, 0.0004378907792],
      [0.02359253494, 0.023657835398, 0.25095708744, 0.69050805756, 0.011284484664],
      [0.034102643991, 0.2486550503, 0.053595491353, 0.64014153396, 0.023505280395],
      [0.091553844132, 0.068874936968, 0.0048487946585, 0.58068741139, 0.25403501285]
    ],
    [
      [0.0050249826527, 0.31721161866, 0.38040103764, 0.16573208899, 0.13163027206],
      [0.32999579615, 0.11590046248, 0.024669127503, 0.38090689075, 0.14852772312],
      [0.00037546316941, 0, 0.00027947722342, 0.99842414263, 0.00092091697848],
      [0.00079968324417, 0, 0.64844892774, 0.35012663626, 0.00062475274943],
      [0.015056225635, 0.037035303131, 0.26634849097, 0.6650489878, 0.01651099246],
      [0.0222224379, 0.34515290579, 0.051284717166, 0.55060250803, 0.030737431113],
      [0.052856810648, 0.097564645275, 0.0046520883199, 0.50566833883, 0.33925811692]
    ],
    [
      [0.0078350130646, 0.33422980568, 0.3274587214, 0.23949981428, 0.09097664558],
      [0.39598296682, 0.091919279334, 0.016078184131, 0.4181284169, 0.077891152816],
      [0.00055645933444, 0.0010941710221, 0, 0.99834936964, 0],
      [0.0045008767111, 0.0012391399052, 0.52072983181, 0.47353015157, 0],
      [0.018556924271, 0.034693227583, 0.18097339038, 0.76095551942, 0.0048209383526],
      [0.024122225459, 0.29091236629, 0.034681392571, 0.63336711196, 0.016916903714],
      [0.071584908462, 0.088276135657, 0.0034632933254, 0.63438394202, 0.20229172054]
    ],
    [
      [0.0069959100817, 0.24474621172, 0.43063032748, 0.22038256769, 0.097244983029],
      [0.38338929177, 0.075362242583, 0.023518178168, 0.42564926874, 0.092081018733],
      [0.00099155272066, 0.00063334475741, 0.0003776470512, 0.99799745547, 0],
      [0.00098957266114, 0.00082297951755, 0.61034233685, 0.3875171067, 0.00032800427251],
      [0.016820818088, 0.023012232401, 0.24176549784, 0.70856767547, 0.0098337762069],
      [0.024431497471, 0.24244009588, 0.051969311655, 0.66057692228, 0.020582172708],
      [0.06834038526, 0.070226153451, 0.0049084911965, 0.62538480205, 0.23114016804]
    ],
    [
      [0.0076024104476, 0.26846634023, 0.42222723806, 0.20113254608, 0.10057146518],
      [0.41623855967, 0.081741318315, 0.022816299832, 0.38479447825, 0.09440934394],
      [0.00055679106352, 0.0011745151104, 9.0829052957e-05, 0.99739364572, 0.00078421904866],
      [0.0010575102608, 0.00094210222789, 0.62718855664, 0.37039333144, 0.00041849942586],
      [0.019492301483, 0.026845882363, 0.25281316233, 0.69002380927, 0.010824844548],
      [0.02744318838, 0.2748774939, 0.052610524294, 0.62310594561, 0.021962847818],
      [0.07695833665, 0.079526962079, 0.0049729794221, 0.59045860513, 0.24808311671]
    ],
    [
      [0.0037197095096, 0.26198367848, 0.45100561543, 0.20281998396, 0.080471012626],
      [0.26406847478, 0.10300391365, 0.031410515903, 0.50341851645, 0.098098579212],
      [0, 0.00064161194211, 0.00018792991974, 0.9979514019, 0.0012190562341],
      [0, 0.0013672138361, 0.64120168989, 0.35711186346, 0.00031923281785],
      [0.0022289937225, 0.032967169725, 0.26654025756, 0.68971334719, 0.0085502318034],
      [0.013639704095, 0.27241742627, 0.056822070917, 0.63929444292, 0.017826355799],
      [0.041109100605, 0.084364386008, 0.0057674025926, 0.65111207023, 0.21764704057]
    ],
    [
      [0.0061152344366, 0.2743967142, 0.42989578411, 0.20068824138, 0.088904025877],
      [0.36509067845, 0.092640849459, 0.025767989502, 0.42434494643, 0.092155536163],
      [0.00041126120166, 0.00089613366176, 0.0003419891534, 0.99835061598, 0],
      [0.0012120063923, 0.00095946075638, 0.63171291447, 0.36611561838, 0],
      [0.016449772294, 0.027616391427, 0.25810923802, 0.68895405847, 0.0088705397818],
      [0.022117009443, 0.2816618789, 0.053851417935, 0.62286458414, 0.019505109577],
      [0.064598582766, 0.085356100463, 0.0053166984652, 0.61621872755, 0.22850989075]
    ],
    [
      [0.0077710898939, 0.31039872199, 0.3548711706, 0.2268067951, 0.10015222241],
      [0.39960989687, 0.088268125835, 0.017935193891, 0.40622633156, 0.087960451845],
      [0.0006569465596, 0.001602979443, 0, 0.99713939779, 0.00060067621235],
      [0.0021652993171, 0.0011458556521, 0.55549536323, 0.44075472696, 0.000438754833],
      [0.018923866056, 0.029410282868, 0.20174103079, 0.73970327969, 0.010221540601],
      [0.025168333207, 0.28481190181, 0.039652393824, 0.63077487638, 0.019592494771],
      [0.072345484746, 0.084329593661, 0.003839676143, 0.61230858638, 0.22717665907]
    ],
    [
      [0.0075147967096, 0.3678814257, 0.41200754299, 0.13845317046, 0.074143064145],
      [0.46536405639, 0.10675950631, 0.038084309681, 0.31043530352, 0.079356824098],
      [0.00067322166935, 0, 0.0018743697369, 0.99742114248, 3.1266117757e-05],
      [0.0021486909065, 0, 0.70423258838, 0.29326281173, 0.00035590898372],
      [0.024521929111, 0.046834708377, 0.31424044546, 0.60422340844, 0.010179508614],
      [0.03012242701, 0.4186484383, 0.057101145002, 0.47610790762, 0.018020082066],
      [0.097548351199, 0.1400054612, 0.0062423975214, 0.52184441196, 0.23435937812]
    ],
    [
      [0.01381375372, 0.20925947312, 0.53934521166, 0.14661672494, 0.090964836556],
      [0.62634250489, 0.05185247444, 0.023648075095, 0.22845410865, 0.06970283693],
      [0, 0.0005262925258, 0.0004462638017, 0.9972213415, 0.0018061021704],
      [0, 0.00068098917199, 0.74599564665, 0.25118592611, 0.0021374380713],
      [0.0041076171411, 0.034851832521, 0.37536667699, 0.56676846129, 0.018905412056],
      [0.061963985486, 0.26656529199, 0.083124346473, 0.56369982828, 0.024646547772],
      [0.16243985354, 0.071614434626, 0.0073176165017, 0.49783785713, 0.26079023821]
    ],
    [
      [0.0051395537795, 0.19029739091, 0.51965676283, 0.19957745214, 0.085328840348],
      [0.34531602935, 0.068861283359, 0.03320129545, 0.45666842811, 0.095952963736],
      [0.00031753358338, 0, 0.00031294758449, 0.99858410777, 0.00078541106513],
      [0.0030478943088, 0, 0.67326411418, 0.3204432565, 0.0032447350092],
      [0.012959545571, 0.017915418668, 0.29841143014, 0.66192850659, 0.008785099023],
      [0.020276422216, 0.21246782683, 0.070095108353, 0.67693129144, 0.020229351168],
      [0.057213500979, 0.061291121903, 0.0066277813886, 0.64232352692, 0.23254406881]
    ],
    [
      [0.0090180597983, 0.17922523599, 0.438621194, 0.23608784176, 0.13704766845],
      [0.42909739599, 0.047391498167, 0.020550795361, 0.39149486703, 0.11146544345],
      [0.00047411298987, 0, 0.00022692447103, 0.99841400654, 0.00088495599506],
      [0.0011528975326, 0, 0.59829064537, 0.39945307655, 0.0011033805496],
      [0.022017103706, 0.0019455341292, 0.23498579064, 0.72584335613, 0.015208215395],
      [0.031547579204, 0.17776771002, 0.05296693151, 0.70873243745, 0.028985341812],
      [0.077353503305, 0.045058057251, 0.0043765547761, 0.58696806272, 0.28624382195]
    ],
    [
      [0.0047570680035, 0.18375423153, 0.49588454665, 0.23962807014, 0.075976083678],
      [0.29733779323, 0.06427883632, 0.030708841437, 0.52586417249, 0.081810356527],
      [0.00024660284832, 0, 0.00025251209957, 0.99950088505, 0],
      [0.00056186306037, 0.00054852661675, 0.62425900464, 0.37436184329, 0.00026876239499],
      [0.011248094076, 0.010005492612, 0.25986798723, 0.7155316108, 0.0033468152796],
      [0.016731237529, 0.18328785303, 0.060167343662, 0.72362402331, 0.016189542465],
      [0.048133298097, 0.054567947091, 0.0058406689707, 0.70425296458, 0.18720512126]
    ],
    [
      [0.019337705883, 0.19014095431, 0.33384695103, 0.37853266871, 0.078141720063],
      [0.58757989215, 0.025704814314, 0.0079654921126, 0.36866099372, 0.010088807698],
      [0, 0, 0, 1, 0],
      [0.0021848630165, 0.00050942461669, 0.41681968859, 0.58022536249, 0.0002606612924],
      [0.023945908843, 0.0034164380535, 0.1025891357, 0.87004851741, 0],
      [0.046664112883, 0.12263101921, 0.026056581971, 0.79350549129, 0.011142794648],
      [0.12742204024, 0.033318497891, 0.0023359432081, 0.71519312169, 0.12173039696]
    ],
    [
      [0.0080376890084, 0.29804619729, 0.44212715111, 0.18684415481, 0.064944807785],
      [0.46024423324, 0.091101085296, 0.024027500247, 0.36263301908, 0.061994162133],
      [0.00053131733767, 0.00057994967648, 0.00028569648274, 0.9986030365, 0],
      [0.0011090184668, 0.0010216069643, 0.65538292701, 0.34248644756, 0],
      [0.021397034902, 0.033920751305, 0.27545892107, 0.66922329273, 0],
      [0.029575758589, 0.31071547874, 0.055656897881, 0.58960773169, 0.014444133101],
      [0.094181672837, 0.10105486813, 0.0058385308347, 0.62104764609, 0.17787728212]
    ],
    [
      [0.00044981864101, 0.0088317061996, 0.012795510652, 0.0032133154077, 0.9747096491],
      [0.027737985569, 0.0027915002274, 0.000725859875, 0.0064266280332, 0.96231802629],
      [0.0013226060844, 0.00077043210033, 0.00038018628554, 0.99752677553, 0],
      [0.0021271278547, 0.0010445082578, 0.74633237084, 0.25049599305, 0],
      [0.13360667933, 0.09638657038, 0.49051021921, 0.095080952169, 0.18441557891],
      [0.0073784993639, 0.042478923831, 0.0072872906811, 0.045307550907, 0.89754773522],
      [0.0016911785053, 0.00094519666168, 5.4930395875e-05, 0.0034209464951, 0.99388774794]
    ],
    [
      [0.005268529456, 0.2171630156, 0.47799719219, 0.18363141784, 0.11593984492],
      [0.33981787734, 0.079347160302, 0.030993076195, 0.41986905996, 0.12997282621],
      [0.00039082441225, 0.00012269141208, 0.00012691197479, 0.998290663, 0.0010689091998],
      [0.00069980982611, 0.00073149740461, 0.67575130242, 0.32235583608, 0.000461554264],
      [0.014018567723, 0.022662879515, 0.29735004266, 0.65298783297, 0.012980677137],
      [0.02123554211, 0.24851039254, 0.066752678846, 0.63516245502, 0.028338931491],
      [0.056143534658, 0.068209564315, 0.0059660301163, 0.56879507702, 0.30088579389]
    ],
    [
      [0.015709843309, 0.17320200729, 0.38505050913, 0.23229693518, 0.19374070509],
      [0.56386401919, 0.02241999985, 0.012841316181, 0.27714851081, 0.12372615396],
      [0, 0, 0.00019963378589, 0.99833919979, 0.0014611664255],
      [0, 0, 0.57091774742, 0.42829519824, 0.00078705433896],
      [0.024485615957, 0, 0.21237899267, 0.74456867522, 0.018566716156],
      [0.054389705112, 0.16932964449, 0.045560606346, 0.69069690437, 0.040023139687],
      [0.11615285887, 0.036807091525, 0.0032445715084, 0.49328692865, 0.35050854944]
    ],
    [
      [0.0092527778214, 0.32402540764, 0.35394726059, 0.19998473284, 0.11278982111],
      [0.45059318488, 0.089500437902, 0.017370623259, 0.34615670222, 0.096379051739],
      [0, 0.00041642615201, 0, 0.99835009186, 0.0012334819871],
      [0, 0.0012752398176, 0.58536358878, 0.41283544734, 0.00052572405957],
      [0.024559826944, 0.033681591006, 0.21962497392, 0.7095303135, 0.012603294634],
      [0.031695867595, 0.31494968042, 0.042006316325, 0.58790842597, 0.023439709693],
      [0.088300271316, 0.091038047989, 0.0039568363523, 0.55492824099, 0.26177660335]
    ],
    [
      [0.0055071419376, 0.15145961911, 0.52861339828, 0.23390791692, 0.080511923748],
      [0.35048891812, 0.031480063201, 0.032200983964, 0.49588974915, 0.089940285562],
      [0.0005250165699, 0, 0.00026802488498, 0.99885597676, 0.00035098178271],
      [0.0010597489565, 0, 0.64489903067, 0.35376839315, 0.00027282721709],
      [0.01219583796, 0.012948285487, 0.27043513944, 0.69699030292, 0.0074304341886],
      [0.020214430594, 0.1565724339, 0.065707256682, 0.73976379837, 0.017742080451],
      [0.056244534558, 0.044629577655, 0.0061216426269, 0.69231633625, 0.20068790891]
    ]
  ],
  "expected_outcome": [
    [
      [0.56214389878, 0.16369631762, 0.019392590103, 0.15397278561, 0, 0.043636964642, 0.0082931707882, 0.22815530693, 0.18752792782, 0.050669534771, 0.18785373147, 0.29859070711, 0.014004942631, 0.33132322174, 0.15927810333, 0.25540852809, 0.22283775863, 0.15681483902, 0.027724905582, 0.3096051014, 0.11433295391, 0.049416541995, 0.04835906218, 0.040966737336, 0, 0.12766005815, 0.16034012086, 0.23301023061, 0.16301963217, 0.14337942822, 0.15503713083, 0.34097558137, 0.14572449693, 0.070515117581, 0.27284049318, 0.20526508208, 0.092992737739, 0.45252734831, 0.20981942713, 0.47343219271, 0.345343843, 0.13876795205, 0.11723477738, 0.095141360069, 0.038675411766, 0.064301512068, 0.001349455923, 0.53212147506, 0.12567874647, 0.92527778214, 0.11564998069],
      [17.1089611607, 6.0133484946, 1.6004907211, 3.7904587126, 5.9939510059, 2.0174981884, 1.34100006, 4.9952347767, 8.2995512928, 1.9446090775, 8.4982172719, 16.4632281084, 1.3347536988, 14.2597886849, 8.9751697474, 3.6242739173, 7.4899777838, 3.3396998014, 1.8699381726, 25.41955065, 4.5765039274, 2.9606142545, 3.6498264423, 4.7997783103, 3.9422495833, 9.6454186764, 8.8315558209, 9.8052200826, 7.7650205136, 9.1187511647, 5.7371568498, 8.7705851212, 9.199136941, 3.0080682511, 9.545102257, 7.2485911863, 6.5495919619, 20.3053568507, 8.3807654938, 23.1765298189, 5.2314868281, 5.1380295544, 2.3299280679, 3.6750846305, 0.38028190863, 2.3843695783, 0.026495118599, 21.9334645755, 1.3856160583, 32.4025407641, 3.1806520013],
      [30.0477729951, 6.7112074508, 4.1305481305, 3.4956209827, 12.6993757545, 7.7836237973, 0.67368205259, 12.4100652871, 19.6439060898, 3.8169506804, 11.8152834485, 32.6559418935, 1.5338021709, 18.6533785296, 16.920166168, 9.0680512643, 15.6277385303, 7.1824937389, 1.3723573909, 31.0199855629, 4.0664942522, 4.799962472, 3.6150492129, 5.6738417376, 9.0738411006, 12.8517997913, 11.4969077622, 13.3200236948, 13.0938193459, 12.4670652573, 10.9895752512, 15.5463092101, 11.0316300917, 2.9471284926, 16.7945827719, 11.4001354275, 11.2751403857, 31.812288024, 9.5815216062, 25.9564752084, 13.4836302914, 14.0307325963, 5.702075522, 9.917690933, 0.66769390206, 3.5370172089, 0.038386531955, 48.2777164111, 3.080404073, 35.3947260586, 11.1008813639],
      [12.0351015656, 4.5417930888, 1.2554231765, 1.4789046574, 3.71140339, 1.5379080845, 0.49013455464, 3.4181616949, 9.0050134149, 2.1135336015, 5.1014695845, 15.3928294446, 0.94956052131, 8.6709605607, 11.0889349349, 7.3864840274, 6.1524555434, 3.9130042552, 1.2040907011, 14.0529820255, 2.4506988946, 2.1684469418, 1.2243762419, 3.4515911781, 3.1787080631, 6.1910661463, 5.2237279884, 6.7007906688, 5.0028052836, 6.2980513733, 5.7370890091, 7.456455095, 4.8062305807, 2.1554983285, 8.5949201398, 5.4305787443, 5.070499599, 14.8509298621, 6.1237834677, 8.7225497389, 3.6654181236, 5.3885912078, 3.0691419429, 4.7925614028, 0.75706533742, 1.4947532385, 0.0096399462231, 18.5467732019, 1.8583754815, 19.9984732844, 4.9120662554],
      [7.2460203798, 3.5699546482, 0.99414538174, 1.0810428617, 0.59526984957, 0.61733296528, 0.48689016202, 1.9483829344, 8.8640012747, 2.0742371058, 2.3971759636, 7.1894098464, 0.16787866637, 6.084549003, 1.8564510463, 11.6657822629, 4.5069903839, 3.4079873655, 0.52588882973, 7.1978766602, 2.7919699719, 1.0215597896, 0.46238904075, 1.0338220367, 1.805201253, 5.1840553278, 2.2874683077, 2.9409553233, 3.9753352248, 2.9727527765, 3.3811417591, 3.8856749923, 3.8172778897, 0.81878981022, 3.7925543381, 2.7154295598, 2.0117753157, 6.5788979149, 2.7041100051, 4.6710130411, 2.2741209139, 2.3038786894, 1.7816196898, 1.5195216736, 0.15628344013, 0.51955846228, 2.9241289473, 11.7099243365, 1.5499256407, 11.2789821108, 1.6907503987]
    ],
    [
      [23.2365389859, 11.6389575408, 2.2990253064, 8.9448821912, 1.6580560625, 2.563670937, 0.67093310467, 4.0318307354, 7.2900767899, 9.2961891597, 12.5849399369, 24.0203285889, 2.2191244605, 31.4939780117, 9.6862169327, 10.5479171241, 13.6789641001, 9.7109225714, 6.8056158181, 18.4603402432, 8.8027461572, 10.2579674764, 1.7991886834, 4.8093178686, 0, 9.9280192237, 16.6520095339, 11.5850575748, 18.9959338765, 15.5028034184, 13.9008124772, 28.2097629627, 13.8598234382, 11.4835060378, 26.0704718406, 19.979450864, 8.7142596677, 37.9694305583, 17.1832255655, 46.5364056391, 30.6907827396, 7.5969526456, 14.5893114636, 11.0014983494, 5.8757989215, 9.2048846648, 0.22190388456, 37.3799665072, 11.8411444031, 83.3597392031, 9.1127118711],
      [3.9527796962, 2.3585337136, 1.045827315, 1.109947971, 1.0431654495, 0.59343779035, 0.46465104816, 0.42655241765, 1.7990785152, 1.9765251742, 3.1196134615, 7.7880982652, 1.3148697016, 7.6310653853, 3.0540155874, 0.82070521851, 2.5444036325, 1.1131271147, 2.4730883764, 8.563435543, 1.8839486585, 3.3988229049, 0.57762636062, 3.1464494735, 0.77113411141, 4.1920683571, 5.0978661375, 2.6969464276, 5.0527031556, 5.5477176446, 2.8726723579, 4.0619961321, 4.8678194243, 2.6656591007, 5.1246324957, 3.9235832791, 3.3991291506, 9.6346483438, 3.7955294109, 10.6759506309, 2.5407712476, 1.5149482339, 1.6113109377, 2.3783169438, 0.25704814314, 1.8220217059, 0.022332001819, 8.7281876332, 0.47081999684, 16.5575810119, 0.81848164322],
      [1.2326956394, 0.46829047227, 0.47683393994, 0.18373800923, 0.40983348504, 0.39881828202, 0.04495700575, 0.1866503482, 0.75505257547, 0.68641340125, 0.7709811879, 2.8238453021, 0.35296071268, 1.7733671556, 1.0155854974, 0.36312553556, 0.94102691396, 0.42384774547, 0.3247465068, 1.8564986144, 0.29910982428, 0.97704601843, 0.10228319586, 0.66248217675, 0.31364972753, 0.99281679973, 1.1764417393, 0.65055603762, 1.5122240614, 1.3463322107, 0.97561493583, 1.2764156977, 1.0361033551, 0.46626733979, 1.5992361155, 1.095182392, 1.0365470248, 2.6798709082, 0.77121333729, 3.8084309681, 1.1587556797, 0.73042849991, 0.69872704229, 1.1362271332, 0.079654921126, 0.48055000493, 0.005806879, 3.4092383814, 0.2696676398, 3.2135653029, 0.83722558306],
      [17.431420519, 11.2132497491, 5.1609875835, 2.7659430892, 4.2614986279, 2.8712666794, 1.2200582653, 1.8389743435, 12.2423090325, 13.524363959, 11.8006436435, 45.4387936643, 5.1130451252, 29.0915329524, 22.6924105734, 7.8700446183, 13.1171014492, 8.2329500554, 10.2111570719, 29.6685208371, 6.4244393512, 15.7264541189, 1.2812053452, 14.2812742168, 4.3746883082, 16.9297363406, 18.9932646657, 11.5751681983, 20.4580007722, 24.0384307897, 18.0373465671, 21.7110093756, 15.9980894115, 12.1257240901, 28.9441502744, 18.4701349558, 16.612811043, 44.1318744288, 17.467732257, 31.0435303521, 11.1942513236, 10.0467054184, 13.310825479, 19.4569743821, 3.6866099372, 7.2526603817, 0.051413024266, 46.1855965956, 5.8201187271, 64.0389899103, 12.893133478],
