{
  "X": [
    [139, 197, 916, 1869, 153],
    [23, 8, 84, 181, 23],
    [4, 5, 46, 83, 10],
    [6, 1, 0, 24, 2],
    [66, 81, 435, 960, 76],
    [1, 0, 5, 6, 0],
    [11, 10, 79, 174, 21],
    [0, 2, 6, 8, 0],
    [0, 1, 3, 3, 0],
    [2, 0, 6, 7, 0],
    [3, 8, 18, 38, 4],
    [0, 5, 12, 6, 1],
    [8, 14, 57, 95, 19],
    [134, 226, 2427, 2044, 496],
    [6, 9, 109, 89, 16],
    [23, 56, 529, 599, 117],
    [1, 6, 73, 38, 15],
    [74, 62, 547, 1522, 91],
    [11, 8, 100, 82, 11],
    [4, 11, 58, 75, 11],
    [2, 8, 71, 55, 19],
    [7, 7, 98, 82, 16],
    [49, 68, 525, 499, 100],
    [2, 7, 59, 40, 2],
    [60, 59, 494, 567, 104],
    [15, 19, 63, 176, 22],
    [12, 7, 39, 106, 12],
    [27, 25, 168, 214, 37],
    [7, 13, 129, 115, 23],
    [41, 49, 227, 797, 55],
    [5, 7, 32, 64, 9],
    [21, 16, 60, 260, 22],
    [7, 8, 46, 137, 9],
    [41, 53, 184, 548, 58],
    [43, 14, 86, 313, 29],
    [4, 7, 14, 79, 5],
    [26, 25, 80, 290, 25],
    [33, 20, 151, 384, 54],
    [0, 1, 2, 5, 1],
    [26, 13, 77, 208, 19],
    [9, 3, 20, 147, 18],
    [17, 9, 70, 269, 18],
    [5, 12, 46, 91, 17],
    [0, 0, 9, 7, 0],
    [16, 28, 76, 244, 24],
    [2, 9, 52, 32, 7],
    [17, 15, 191, 195, 42],
    [17, 17, 230, 170, 45],
    [5, 15, 95, 109, 29],
    [1, 7, 88, 52, 31],
    [3, 5, 74, 48, 15],
    [24, 14, 142, 389, 38],
    [21, 17, 146, 212, 35],
    [1, 5, 46, 75, 17],
    [9, 5, 50, 37, 7],
    [18, 11, 133, 203, 26],
    [7, 16, 165, 115, 47],
    [17, 9, 155, 127, 21],
    [5, 4, 51, 47, 7],
    [4, 15, 118, 118, 39],
    [7, 7, 125, 89, 24],
    [2, 4, 45, 13, 9],
    [14, 14, 80, 90, 22],
    [8, 6, 24, 90, 10],
    [2, 0, 5, 22, 1],
    [0, 0, 2, 14, 4],
    [0, 0, 1, 5, 0],
    [1, 2, 9, 9, 1],
    [15, 6, 53, 151, 20],
    [0, 4, 16, 15, 6],
    [1, 2, 1, 7, 0],
    [13, 23, 57, 252, 21],
    [11, 84, 253, 232, 40],
    [127, 256, 1985, 1790, 348],
    [120, 193, 1098, 1104, 289],
    [1, 0, 11, 8, 2]
  ],
  "W": [
    [376, 151, 1185, 1384, 178],
    [55, 15, 96, 135, 18],
    [9, 2, 63, 64, 10],
    [7, 0, 3, 23, 0],
    [228, 77, 505, 708, 100],
    [0, 0, 6, 6, 0],
    [39, 12, 91, 138, 15],
    [2, 3, 5, 6, 0],
    [0, 1, 3, 3, 0],
    [2, 1, 5, 6, 1],
    [4, 3, 26, 32, 6],
    [0, 2, 12, 3, 7],
    [17, 10, 81, 71, 14],
    [318, 210, 2818, 1540, 441],
    [7, 5, 139, 66, 12],
    [91, 45, 608, 462, 118],
    [3, 3, 87, 24, 16],
    [250, 49, 707, 1184, 106],
    [20, 12, 113, 63, 4],
    [4, 5, 74, 68, 8],
    [5, 6, 84, 39, 21],
    [13, 6, 113, 63, 15],
    [91, 57, 622, 353, 118],
    [7, 7, 62, 27, 7],
    [129, 44, 597, 405, 109],
    [30, 8, 87, 156, 14],
    [24, 3, 48, 87, 14],
    [29, 21, 212, 178, 31],
    [19, 5, 141, 104, 18],
    [158, 48, 299, 608, 56],
    [8, 5, 43, 46, 15],
    [48, 9, 86, 210, 26],
    [26, 8, 61, 98, 14],
    [94, 31, 292, 403, 64],
    [72, 5, 121, 252, 35],
    [16, 10, 13, 61, 9],
    [49, 17, 115, 230, 35],
    [68, 28, 173, 292, 81],
    [1, 0, 4, 4, 0],
    [56, 17, 94, 152, 24],
    [28, 5, 30, 114, 20],
    [44, 9, 78, 231, 21],
    [20, 7, 61, 65, 18],
    [0, 0, 10, 6, 0],
    [60, 23, 107, 168, 30],
    [5, 8, 55, 26, 8],
    [27, 13, 223, 134, 63],
    [31, 8, 266, 126, 48],
    [10, 8, 114, 92, 29],
    [12, 7, 111, 30, 19],
    [11, 7, 84, 29, 14],
    [48, 7, 207, 312, 33],
    [43, 20, 180, 151, 37],
    [9, 8, 57, 57, 13],
    [8, 6, 60, 22, 12],
    [42, 22, 154, 145, 28],
    [11, 14, 196, 91, 38],
    [22, 13, 191, 84, 19],
    [12, 4, 61, 26, 11],
    [18, 6, 135, 90, 45],
    [16, 7, 138, 60, 31],
    [2, 2, 52, 12, 5],
    [8, 11, 105, 69, 27],
    [17, 2, 35, 79, 5],
    [5, 0, 9, 16, 0],
    [2, 0, 2, 12, 4],
    [1, 0, 1, 3, 1],
    [2, 1, 9, 8, 2],
    [29, 4, 68, 126, 18],
    [0, 3, 19, 16, 3],
    [1, 0, 3, 7, 0],
    [41, 15, 83, 197, 30],
    [42, 90, 287, 145, 56],
    [294, 204, 2294, 1363, 351],
    [211, 115, 1355, 865, 258],
    [1, 2, 8, 8, 3]
  ],
  "method": "mult",
  "cond_prob": [
    [
      [0.18084049499, 0.0070450426846, 0, 0.81211446232, 0],
      [0.0040932324494, 0.63450448116, 0.15409833001, 0.20644308226, 0.00086087412976],
      [0.044651913398, 0.052257417022, 0.72716613672, 0.11214866663, 0.063775866233],
      [0.0078854377904, 0.017467528712, 0, 0.9746470335, 0],
      [0.036853553396, 0.069892069595, 0.17437797842, 0.28463141814, 0.43424498045]
    ],
    [
      [0.25604512475, 0, 0.0039408033176, 0.73639965264, 0.0036144192858],
      [0.0085121365278, 0.43069609771, 0.2690607342, 0.28737449732, 0.0043565342484],
      [0.019962471868, 0.011844382225, 0.78778034863, 0.069021440927, 0.11139135635],
      [0.045653984375, 0, 0.0096951858666, 0.93276084092, 0.011889988837],
      [0.039452827814, 0.022360991154, 0.156198958, 0.20214609953, 0.57984112351]
    ],
    [
      [0.15112547849, 0.0049246949993, 0, 0.84394982651, 0],
      [0.0033620197224, 0.61607839038, 0.15613705505, 0.22284056234, 0.0015819725008],
      [0.037473783392, 0.048116818718, 0.70129399226, 0.13320318856, 0.079912217067],
      [0, 0.0025982192068, 0, 0.99740178079, 0],
      [0.027229830045, 0.052587535576, 0.15062043777, 0.27332555864, 0.49623663798]
    ],
    [
      [0.4514679232, 0.0084494876723, 0, 0.54008258913, 0],
      [0, 1, 0, 0, 0],
      [0.14296383263, 0.1074397109, 0, 0.082929789807, 0.66666666667],
      [0.10481882781, 0.02689280233, 0, 0.86828836986, 0],
      [0, 0, 0, 0, 1]
    ],
    [
      [0.16673121774, 0.0055173187261, 0, 0.82775146353, 0],
      [0.0037081190351, 0.58625644804, 0.18855022089, 0.22033173413, 0.0011534779081],
      [0.014247536665, 0.039267005532, 0.79425092874, 0.089082135781, 0.063152393286],
      [0.024531890912, 0.012644475656, 0, 0.96282363343, 0],
      [0.031361724078, 0.058181782735, 0.1938491398, 0.27641511747, 0.44019223592]
    ],
    [
      [0.74459759086, 0, 7.0253014939e-05, 0.25533215612, 0],
      [0.037753644641, 0, 0.46978212099, 0.49246423437, 0],
      [0.075044264717, 0, 0.83333333333, 0.091622401949, 0],
      [0.091622401949, 0, 0, 0.90837759805, 0],
      [0.24396161903, 0, 0.33034013417, 0.4256982468, 0]
    ],
    [
      [0.16463560578, 0.0031553303581, 0.0046009617174, 0.82467564, 0.002932462144],
      [0.0039253921252, 0.5236735469, 0.22447768252, 0.24421492412, 0.003708454333],
      [0.0087536093105, 0.025182450389, 0.78687112672, 0.065980603383, 0.1132122102],
      [0.024616554081, 0.0058382623733, 0.015975571026, 0.94095721283, 0.012612399689],
      [0.022562917241, 0.033038424017, 0.15446193134, 0.20338271147, 0.58655401593]
    ],
    [
      [0, 0.0033105197055, 0.022220343494, 0.9744691368, 0],
      [0, 0.62350132842, 0.2380015862, 0.13849708538, 0],
      [0, 0.020653915733, 0.96877164399, 0.010574440279, 0],
      [0, 0.0032675661133, 0.066282722411, 0.93044971148, 0],
      [0, 0.098391589946, 0.45107422522, 0.45053418484, -0]
    ],
    [
      [-0, 0.0076328503355, 0.00028279166512, 0.992084358, 0],
      [0, 0.89090934268, 0.067885989385, 0.041204667931, 0],
      [0, 0.029888059877, 0.94332159776, 0.026790342363, 0],
      [0, 0.0064754925621, 0.034049739111, 0.95947476833, 0],
      [0, 0.14204023438, 0.41105629509, 0.44690347053, -0]
    ],
    [
      [0.51324569295, 0, 0.010888958698, 0.47586534836, 0],
      [0.028096653732, 0, 0.57952748887, 0.3923758574, 0],
      [0.030794360617, 0, 0.95074758926, 0.018458050123, 0],
      [0.10183393985, 0, 0.03279819271, 0.86536786744, 0],
      [0.1804365182, 0, 0.44816749118, 0.37139599063, 0]
    ],
    [
      [0.24009183595, 0.014285220123, 0, 0.74562294393, 0],
      [0.002888577517, 0.80942830665, 0.075045889876, 0.11263722595, 0],
      [0.067823710617, 0.11936395246, 0.65112017437, 0.10629214138, 0.055400021169],
      [0, 0.051067981687, 0, 0.94893201831, 0],
      [0.044591741269, 0.12948933694, 0.14095629946, 0.25836271407, 0.42659990827]
    ],
    [
      [7.1652211074e-17, 0.014133005196, 0.00026817051261, 0.98549215952, 0.0001066647717],
      [0, 0.82653932697, 0.086182615984, 0.087278057043, 0],
      [0, 0.13195238382, 0.82454924354, 0.043498372646, 0],
      [0, 0.034592748164, 0.0013469520418, 0.96406029979, 0],
      [0, 0.23710207082, 0.27557185564, 0.34446893068, 0.14285714286]
    ],
    [
      [0.20758827701, 0.0077743160654, 0, 0.783293613, 0.0013437939251],
      [0.0043044849318, 0.6755803552, 0.12950151689, 0.18794895768, 0.002664685292],
      [0.037972593524, 0.059786455164, 0.66745034185, 0.10799473719, 0.12679587227],
      [0.012825879597, 0.020513244503, 0, 0.95918067175, 0.0074802041541],
      [0.031538351042, 0.058063560483, 0.11725051007, 0.21107982829, 0.58206775011]
    ],
    [
      [0.16961169256, 0.0043905022599, 0.002252122977, 0.82285713607, 0.00088854612882],
      [0.0040185599027, 0.53586321926, 0.22172575313, 0.23579158465, 0.0026008830612],
      [0.0092874175554, 0.028197041419, 0.81072114935, 0.060846607449, 0.090947784222],
      [0.026812025265, 0.0093363572377, 0.010264962151, 0.94812173211, 0.0054649232372],
      [0.026660141965, 0.041349867055, 0.17982126109, 0.22957367509, 0.5225950548]
    ],
    [
      [0.19693071337, 0.0045194183505, 0, 0.79833822099, 0.00021164729175],
      [0.0047586091226, 0.57425397907, 0.18474077005, 0.23459863831, 0.0016480034443],
      [0.018119467876, 0.034792871087, 0.7625982377, 0.11066554116, 0.073823882173],
      [0.02485188821, 0.010107124944, 0, 0.96383691943, 0.0012040674186],
      [0.036571775349, 0.04948457074, 0.17292842579, 0.27024102978, 0.47077419834]
    ],
    [
      [0.11142154551, 0.0052114662016, 0.0025763614439, 0.87993063671, 0.00085999013465],
      [0.0023505673719, 0.5579603479, 0.20922174738, 0.22813409389, 0.0023332434624],
      [0.0054314663264, 0.032798891789, 0.80949399603, 0.064493528902, 0.087782116953],
      [0.016156898915, 0.010902443462, 0.012313864502, 0.95540758848, 0.0052192046421],
      [0.016847839001, 0.046092252822, 0.18211201263, 0.23771107105, 0.51723682449]
    ],
    [
      [0.075250864507, 0.0056060864799, 0.0004345864664, 0.9183056825, 0.00040278004968],
      [0.0014131230579, 0.59329975577, 0.18630602744, 0.21721530698, 0.001765786751],
      [0.0039310815254, 0.035842410954, 0.79906208905, 0.082266766329, 0.078897652137],
      [0.010365401812, 0.011559347049, 0.0019648117872, 0.97362422466, 0.002486214693],
      [0.011202143819, 0.05047302444, 0.17963880798, 0.25432793557, 0.50435808819]
    ],
    [
      [0.13810878436, 0.0036619414983, 0, 0.85822927414, 0],
      [0.0037644973086, 0.52956884763, 0.1993691021, 0.26578650166, 0.0015110513122],
      [0.051340862147, 0.038628477007, 0.73250928855, 0.11520000367, 0.062321368631],
      [0, 0.0024140383542, 0, 0.99758596165, 0],
      [0.028210886822, 0.046859306001, 0.18251742448, 0.30029209153, 0.44212029117]
    ],
    [
      [0.27953070204, 0.0019271683173, 0.0053005285151, 0.71243982274, 0.00080177839079],
      [0.0080148494898, 0.48380358378, 0.25844014303, 0.24723406868, 0.0025073550145],
      [0.017608099602, 0.015547583044, 0.84047501756, 0.049413583105, 0.076955716693],
      [0.049605261985, 0.0041899134062, 0.01656869483, 0.92514263205, 0.004493497727],
      [0.049590251314, 0.033743049939, 0.19380073878, 0.22916850273, 0.49369745724]
    ],
    [
      [0.19596998347, 0.0088332555956, 0.00020625343132, 0.79448561273, 0.00050489476763],
      [0.0030277081696, 0.71158728062, 0.13089627228, 0.15297034047, 0.0015183984627],
      [0.011829005905, 0.067391724954, 0.75781251452, 0.073616226986, 0.089350527638],
      [0.030680272115, 0.026521612546, 0.00024112791675, 0.93863150279, 0.0039254846374],
      [0.029922073063, 0.077034159356, 0.15627135653, 0.22283285754, 0.51393955351]
    ],
    [
      [0.10930743276, 0.0054808755943, 0.00048382291007, 0.88409196302, 0.00063590571279],
      [0.0021457361385, 0.59046838011, 0.18762765618, 0.21754568421, 0.0022125433708],
      [0.0058744342471, 0.035449066088, 0.78843665207, 0.078667867305, 0.091571980293],
      [0.015700214085, 0.011440561517, 0.0023723712917, 0.96610977734, 0.0043770757625],
      [0.015944171109, 0.047899137658, 0.16907684259, 0.23751828141, 0.52956156723]
    ],
    [
      [0.21429402419, 0.0035892289078, 0.0022581438681, 0.77951856395, 0.00034003908776],
      [0.0054137173571, 0.5212568097, 0.23000997911, 0.24127493847, 0.0020445553654],
      [0.012632997917, 0.024334354155, 0.82352947398, 0.064534698317, 0.074968475628],
      [0.034936311012, 0.0077544610991, 0.010356097867, 0.94421822532, 0.0027349046987],
      [0.036878601535, 0.039165739814, 0.19195463529, 0.24269599551, 0.48930502785]
    ],
    [
      [0.22421489715, 0.005090393305, 0.00041612539584, 0.77027858415, 0],
      [0.0053431395935, 0.58452394461, 0.19113429356, 0.2175134128, 0.0014852094305],
      [0.015786063915, 0.03779065745, 0.79081756464, 0.083855055536, 0.071750658462],
      [0.038396876202, 0.012251245363, 0.0012956828016, 0.94675015258, 0.0013060430518],
      [0.041685223285, 0.05413924423, 0.18408115782, 0.25547233821, 0.46462203645]
    ],
    [
      [0.1307655356, 0.0051967495392, 0.0032387709932, 0.86079894387, 0],
      [0.0020987475802, 0.58075906443, 0.20960851239, 0.2075336756, 0],
      [0.0063890673056, 0.033004873442, 0.88658288366, 0.062785862884, 0.011237312704],
      [0.016709791363, 0.011049336441, 0.012042503274, 0.96019836892, 0],
      [0.031809068284, 0.079096437845, 0.31668323439, 0.38622745772, 0.18618380176]
    ],
    [
      [0.22863386523, 0.0049660029526, 0.00015441171681, 0.76590984969, 0.00033587040398],
      [0.0055133347998, 0.58361708871, 0.19056877681, 0.21838509988, 0.0019156997916],
      [0.016409516061, 0.037263720085, 0.78146453152, 0.082656503618, 0.082205728716],
      [0.039582106482, 0.012009280864, 0.0003368334006, 0.9451307992, 0.002940980049],
      [0.040701013213, 0.051101230045, 0.17361754004, 0.24279613447, 0.49178408223]
    ],
    [
      [0.23364939195, 0.011326651459, 0, 0.75284018334, 0.0021837732488],
      [0.0036645189545, 0.73850936656, 0.11307853291, 0.14234478963, 0.0024027919361],
      [0.023835159088, 0.075149789511, 0.69473593928, 0.073560479313, 0.13271863281],
      [0.03491784999, 0.033347134786, 0, 0.91883058608, 0.012904429145],
      [0.03145418933, 0.072281486405, 0.11809607284, 0.18133593244, 0.59683231898]
    ],
    [
      [0.26230960101, 0.0068700162164, 0, 0.7300505904, 0.00076979237348],
      [0.0051821592946, 0.67159559903, 0.14882970586, 0.17264881036, 0.0017437254633],
      [0.023263899571, 0.049833696273, 0.75771775077, 0.078823960173, 0.09036069321],
      [0.04542803655, 0.017902758703, 0, 0.9319942573, 0.0046749474425],
      [0.044294052762, 0.062198241815, 0.15593277467, 0.22098492325, 0.5165900075]
    ],
    [
      [0.3093138882, 0.0048021381746, 0, 0.68525908426, 0.00062488936724],
      [0.0080808331513, 0.60322620967, 0.1780843765, 0.20835707859, 0.0022515020939],
      [0.029821729973, 0.039621696299, 0.75213924759, 0.083775979754, 0.094641346383],
      [0.055041039928, 0.012607287688, 0, 0.92758979698, 0.0047618754022],
      [0.056151222081, 0.049970669878, 0.15505508401, 0.22195149469, 0.51687152934]
    ],
    [
      [0.17032543638, 0.0080407756612, 0.0074382620558, 0.81276105483, 0.0014344710746],
      [0.0027329325592, 0.64611697962, 0.18566905345, 0.163415102, 0.0020659323719],
      [0.0054544544334, 0.045806772051, 0.85336877973, 0.0061955328203, 0.089174460968],
      [0.024655918466, 0.019844260575, 0.039764048864, 0.90696693016, 0.0087688419343],
      [0.023158802804, 0.060782355851, 0.19277048502, 0.19679631021, 0.52649204611]
    ],
    [
      [0.13689559237, 0.0046294868578, 0, 0.85847492077, 0],
      [0.0033633020791, 0.58273267602, 0.17218691146, 0.23996387933, 0.0017532311117],
      [0.059621913091, 0.039412306672, 0.70250847854, 0.10940911803, 0.089048183665],
      [0, 0.00935702177, 0, 0.99064297823, 0],
      [0.024680462349, 0.050428994576, 0.15508916368, 0.2646149867, 0.50518639269]
    ],
    [
      [0.20939668152, 0.0054354526945, 0, 0.78516786578, 0],
      [0.0049063231691, 0.6483270849, 0.13545472358, 0.21112852787, 0.00018334048604],
      [0.06124260361, 0.060240253791, 0.67723677279, 0.14567313749, 0.055607232314],
      [0, 0.0031194307596, 0, 0.99688056924, 0],
      [0.044457531784, 0.065403748401, 0.1467696768, 0.30283755581, 0.44053148721]
    ],
    [
      [0.20906444721, 0.006484589044, 0, 0.78445096375, 0],
      [0.0046100585826, 0.66396497139, 0.13299480907, 0.19678048493, 0.0016496760287],
      [0.093405749254, 0.055071791132, 0.64344567499, 0.1091911801, 0.098885604526],
      [0.0090731081603, 0.015878512785, 0, 0.97504837906, 0],
      [0.037891109899, 0.063168971587, 0.13333533343, 0.24710493407, 0.51849965102]
    ],
    [
      [0.1287029299, 0.0032679819538, 0, 0.86802908814, 0],
      [0.0035052829136, 0.56808651657, 0.17206220649, 0.25565232713, 0.00069366689636],
      [0.052885353147, 0.043308191711, 0.69203520062, 0.16274633631, 0.049024918203],
      [0, 0, 0, 1, 0],
      [0.028548215517, 0.052038617306, 0.17209679358, 0.318464184, 0.4288521896]
    ],
    [
      [0.18384818922, 0.0073102576015, 0, 0.80884155318, 0],
      [0.0043045658012, 0.68036362241, 0.11315650701, 0.20113348203, 0.0010418227514],
      [0.072659737803, 0.091151389096, 0.59173594749, 0.1550541085, 0.089398817111],
      [0, 0, 0, 1, 0],
      [0.037002894294, 0.071958716793, 0.1203945565, 0.27278056838, 0.49786326404]
    ],
    [
      [0.29173374159, 0.0046914295451, 0, 0.70357482886, 0],
      [0.0075474402921, 0.63099786064, 0.15222126158, 0.20738928775, 0.0018441497404],
      [0.09294173274, 0.045882408459, 0.66398086846, 0.10387974399, 0.093315246345],
      [0.034456233594, 0.012002391492, 0, 0.95354137491, 0],
      [0.057957510763, 0.055167248284, 0.13992024595, 0.24125115376, 0.50570384124]
    ],
    [
      [0.14448479669, 0.0035707960349, 0, 0.85194440728, 0],
      [0.003022704118, 0.57320994817, 0.19479823879, 0.22826707844, 0.00070203047658],
      [0.031293023971, 0.032481767939, 0.79957491187, 0.084854553931, 0.051795742286],
      [0.016891077011, 0.0057994185958, 0, 0.97730950439, 0],
      [0.0245390225, 0.048304473801, 0.18417152864, 0.26302552556, 0.4799594495]
    ],
    [
      [0.22781113343, 0.0067670588466, 0, 0.76542180772, 0],
      [0.0053465239261, 0.66799227235, 0.12779289249, 0.19791921579, 0.0009490954414],
      [0.11261433398, 0.058992228579, 0.63424865876, 0.12046126418, 0.073683514495],
      [0.00069366549674, 0.017635235023, 0, 0.98167109948, 0],
      [0.046747773789, 0.070638146991, 0.13968357343, 0.27120875692, 0.47172174887]
    ],
    [
      [0.2166878822, 0.0016217924345, 0, 0.78169032537, 0],
      [0.0069014925197, 0.47618123452, 0.22977880072, 0.28509618141, 0.0020422908329],
      [0.040669060885, 0.021313937874, 0.75654040205, 0.10081207218, 0.080664527019],
      [0.026315502011, 0.00091893255248, 0, 0.97276556544, 0],
      [0.041384050617, 0.032111160373, 0.16894696328, 0.26388063212, 0.49367719361]
    ],
    [
      [0, 0.02692440893, 0, 0.9720730612, 0.001002529874],
      [0, 1, 0, 0, 0],
      [0, 0.19083677926, 0.5, 0.06570313311, 0.24346008763],
      [0, 0.052432118512, 0, 0.94127860159, 0.006289279897],
      [0, 0, 0, 0, 1]
    ],
    [
      [0.25523665917, 0.0013372682371, 0, 0.7434260726, 0],
      [0.0080760273968, 0.52990440572, 0.20470822047, 0.25563051266, 0.0016808337496],
      [0.055217207412, 0.026743924988, 0.7395925371, 0.10073596294, 0.077710367557],
      [0.033940311461, 0.0029305188574, 0, 0.96312916968, 0],
      [0.050837907591, 0.039890427761, 0.1665942402, 0.25656695462, 0.48611046983]
    ],
    [
      [0.16321073502, 0, 0, 0.83504620731, 0.001743057671],
      [0.0060334730085, 0.43318385994, 0.20448909194, 0.35193141887, 0.0043621562418],
      [0.12948875441, 0.01510381718, 0.56490336179, 0.14313104332, 0.1473730233],
      [0, 0, 0, 0.99103259034, 0.0089674096599],
      [0.025763471109, 0.019048309245, 0.10152268433, 0.22937012514, 0.62429541018]
    ],
    [
      [0.18901109502, 0.0033669526306, 0.0014263766574, 0.80566710982, 0.00052846587068],
      [0.0049339657422, 0.50901269224, 0.23038452518, 0.25336160998, 0.002307206856],
      [0.011764596237, 0.025860741883, 0.80129970198, 0.078904603038, 0.082170356861],
      [0.030553542882, 0.0064094790537, 0.0067918366784, 0.95255537268, 0.0036897687069],
      [0.031599962632, 0.036810110754, 0.18064227015, 0.24169250249, 0.50925515398]
    ],
    [
      [0.13373918535, 0.010281868735, 0, 0.85449574517, 0.0014832007397],
      [0.0022339690941, 0.69642537741, 0.12612311727, 0.17310447592, 0.0021130603016],
      [0.027991828744, 0.065990319525, 0.70047867158, 0.096930918948, 0.1086082612],
      [0.0036823574713, 0.025146993086, 0, 0.96436195804, 0.0068086914057],
      [0.020151317794, 0.069967830098, 0.13266328959, 0.22789113538, 0.54932642713]
    ],
    [
      [0, 0, 0.00027042498942, 0.99972957501, 0],
      [0, -0, 0.47840609548, 0.52159390452, 0],
      [0, 0, 0.9, 0.1, 0],
      [0, 0, 0, 1, 0],
      [0, 0, 0.42769606016, 0.57230393984, 0]
    ],
    [
      [0.14233955629, 0.0088439417193, 0, 0.84881650199, 0],
      [0.0032375545677, 0.66565512188, 0.126217127, 0.20410274785, 0.00078744870628],
      [0.061248729858, 0.083962340919, 0.64515680797, 0.12514196041, 0.084490160841],
      [0, 0.0065405285032, 0, 0.9934594715, 0],
      [0.027718292424, 0.069217214227, 0.13550758753, 0.26950885683, 0.49804804899]
    ],
    [
      [0.17155124666, 0.0080342983153, 0.0049953480505, 0.81525877007, 0.00016033690458],
      [0.0022578988735, 0.64858662741, 0.19208615993, 0.15612627656, 0.00094303722405],
      [0.0051380272309, 0.049009665392, 0.87297834368, 0.013431301289, 0.059442662405],
      [0.02448980351, 0.020206296637, 0.025107886955, 0.92856967857, 0.0016263343313],
      [0.025606773343, 0.068780022505, 0.22146500212, 0.22414534044, 0.4600028616]
    ],
    [
      [0.21210125265, 0.0030383950207, 0, 0.78486035233, 0],
      [0.0061789774168, 0.4960490738, 0.22520791189, 0.27107572483, 0.0014883120624],
      [0.019774905538, 0.023422452247, 0.79019667361, 0.10492014181, 0.061685826792],
      [0.030657624404, 0.0061014260532, 0, 0.96324094954, 0],
      [0.042460537569, 0.038548054491, 0.18822918936, 0.28275090797, 0.44801131061]
    ],
    [
      [0.22449218799, 0.0047630834893, 0.0025956648576, 0.76769278023, 0.00045628343003],
      [0.0052675809361, 0.56357695874, 0.21130070177, 0.21785142316, 0.0020033353828],
      [0.012979331236, 0.032507777347, 0.8189293118, 0.057069201158, 0.078514378455],
      [0.037438936658, 0.01145222484, 0.010155943021, 0.93757667013, 0.0033762253503],
      [0.038099862436, 0.046951659121, 0.18988089614, 0.23215926006, 0.49290832224]
    ],
    [
      [0.14800290669, 0.007844158446, 0.0010451377837, 0.84188073672, 0.0012270603641],
      [0.0024967819309, 0.65997979504, 0.15907486025, 0.17596030497, 0.0024882578111],
      [0.007701707151, 0.052638273525, 0.77535540286, 0.058387368399, 0.10591724806],
      [0.02205231453, 0.020195639595, 0.0078888747353, 0.93990466842, 0.0099585027161],
      [0.020454797436, 0.061481311404, 0.15864335648, 0.20848692071, 0.55093361397]
    ],
    [
      [0.044932471443, 0.004075949929, 0.00068757188026, 0.94664671215, 0.0036572945967],
      [0.00093727076645, 0.52570061053, 0.21623566818, 0.25169123652, 0.0054352140041],
      [0.0016531364798, 0.022476053319, 0.75631486261, 0.056505769051, 0.16305017854],
      [0.0060345335189, 0.0080257325255, 0.0016021570408, 0.97182754201, 0.012510034907],
      [0.0047218574997, 0.028187917525, 0.13047815786, 0.18165443019, 0.65495763692]
    ],
    [
      [0.1386310604, 0.0023371713566, 0.0029926168304, 0.85522756523, 0.00081158618679],
      [0.003521362576, 0.46451967392, 0.25551142323, 0.27363275904, 0.0028147812252],
      [0.006708478647, 0.014071937159, 0.826017937, 0.065053388416, 0.088148258777],
      [0.020495891702, 0.0047778688495, 0.0077911383907, 0.96264272011, 0.004292380949],
      [0.020893980847, 0.028718034257, 0.18336082364, 0.23542456851, 0.53160259275]
    ],
    [
      [0.1840097222, 0.0035134941431, 0, 0.81247678366, 0],
      [0.00535994029, 0.53949801132, 0.18133764761, 0.27145163069, 0.0023527700864],
      [0.067708250285, 0.042350461973, 0.65807977432, 0.13299082517, 0.098870688257],
      [0, 0, 0, 1, 0],
      [0.033769877073, 0.039040017378, 0.13660979343, 0.25975309576, 0.53082721637]
    ],
    [
      [0.22553400577, 0.0025028166559, 0, 0.77177332779, 0.00018984978119],
      [0.0066877529401, 0.51902689074, 0.20980789335, 0.2622581898, 0.0022192731692],
      [0.028420438324, 0.024497145838, 0.7545236675, 0.10491212417, 0.087646624159],
      [0.029930064925, 0.0047736585606, 0, 0.96289105219, 0.0024052243294],
      [0.04143686462, 0.037338712854, 0.16188059411, 0.25102302372, 0.50832080469]
    ],
    [
      [0.046996948792, 0.0014687580406, 0, 0.94896736696, 0.002566926211],
      [0.0011384321737, 0.47496176421, 0.22607583891, 0.29253233571, 0.0052916289972],
      [0.0086773638524, 0.015404418261, 0.74509970775, 0.092982695486, 0.13783581465],
      [0, 0, 0, 0.98375195872, 0.016248041283],
      [0.0056392510691, 0.023771940239, 0.13236230363, 0.21116613248, 0.62706037259]
    ],
    [
      [0.38914253348, 0.0017201608636, 0, 0.60913730566, 0],
      [0.014127698613, 0.52580277947, 0.20847092232, 0.25128894918, 0.00030965041998],
      [0.04960034577, 0.020076510987, 0.77383317073, 0.11420692181, 0.042283050703],
      [0.072661495338, 0.0053522365714, 0, 0.92198626809, 0],
      [0.10229332474, 0.042423514372, 0.19326535183, 0.29025455445, 0.37176325461]
    ],
    [
      [0.21063619981, 0, 0, 0.78936380019, 0],
      [0.0072547769869, 0.40749137663, 0.26742734402, 0.31549035033, 0.0023361520318],
      [0.02217113196, 0.0086997047143, 0.79241835638, 0.098925733319, 0.07778507363],
      [0.030890635399, 0, 0, 0.96767950246, 0.001429862137],
      [0.039292073554, 0.024836971005, 0.18157755534, 0.26278006773, 0.49151333237]
    ],
    [
      [0.17174761921, 0.0048509616679, 0.0012025707202, 0.82081640465, 0.0013824437599],
      [0.0037837540464, 0.5591995546, 0.21182463787, 0.22142538679, 0.0037666666959],
      [0.0089212529722, 0.029228805727, 0.79209459452, 0.048811826683, 0.1209435201],
      [0.026772400823, 0.010260587273, 0.008423000881, 0.94386459644, 0.010679414587],
      [0.022972357227, 0.038297007709, 0.15800508385, 0.19505967969, 0.58566587152]
    ],
    [
      [0.27973015608, 0.0015841793999, 0, 0.71868566452, 0],
      [0.010363014831, 0.42535747368, 0.25180700226, 0.31063159564, 0.0018409135967],
      [0.030292956237, 0.013737125878, 0.77597428598, 0.11456789672, 0.065427735192],
      [0.044798479729, 0.0031250872267, 0, 0.95157219011, 0.00050424293456],
      [0.061167917628, 0.028905396089, 0.18502212363, 0.2808511787, 0.44405338395]
    ],
    [
      [0.20247830428, 0.0021774380113, 0, 0.79534425771, 0],
      [0.0059008955916, 0.51168755163, 0.21196427793, 0.26971775449, 0.00072952035049],
      [0.023221834965, 0.021688901928, 0.78600765246, 0.12533135012, 0.043750260518],
      [0.02422894483, 0.0054624055095, 0, 0.97030864966, 0],
      [0.045470206165, 0.042006816043, 0.200516008, 0.31852369461, 0.39348327518]
    ],
    [
      [0.0955119861, 0.0080647607596, 0.0028647509371, 0.89186549434, 0.0016930078664],
      [0.0015412294543, 0.64713286225, 0.16924071418, 0.17977659966, 0.0023085944555],
      [0.0038417132184, 0.048746675765, 0.79925054362, 0.047015057558, 0.10114600984],
      [0.01319580476, 0.018396032405, 0.013540829695, 0.94544898667, 0.009418346468],
      [0.012561848013, 0.060790955289, 0.17367760303, 0.20956266518, 0.54340692848]
    ],
    [
      [0.1813417446, 0.0027513531398, 0.0029132295386, 0.81299367272, 0],
      [0.0049693979467, 0.4582788114, 0.26214500619, 0.2726309699, 0.0019758145618],
      [0.0099201707998, 0.017514096282, 0.84109094541, 0.064799860526, 0.066674926978],
      [0.028607669033, 0.0056900538349, 0.010567480942, 0.95404013024, 0.0010946659472],
      [0.031558148012, 0.031925101707, 0.2068959342, 0.25480309291, 0.47481772317]
    ],
    [
      [0.32037824286, 0.0070601209133, 0.0022039374714, 0.66927046729, 0.0010872314666],
      [0.0046793773861, 0.68092310118, 0.18079553245, 0.13095488441, 0.0026471045654],
      [0.0064604551391, 0.041151606536, 0.83951213379, 0, 0.11287580454],
      [0.0694860895, 0.019126817295, 0.012275220449, 0.89098683913, 0.0081250336291],
      [0.036021603654, 0.050925641683, 0.16641349156, 0.14154144542, 0.60509781768]
    ],
    [
      [0.36038880585, 0.0045935377541, 0, 0.63484038858, 0.00017726781698],
      [0.010144195017, 0.62461422217, 0.15581954979, 0.20786121373, 0.0015608193005],
      [0.048495772429, 0.04473097, 0.70859666721, 0.11327800612, 0.084898584247],
      [0.055867713044, 0.01307182236, 0, 0.92946528047, 0.0015951841306],
      [0.076236114924, 0.055325468936, 0.14382721836, 0.24472253874, 0.47988865904]
    ],
    [
      [0.23779860128, 0.0088887174741, 0, 0.75057217952, 0.0027405017223],
      [0.0038256769601, 0.73772084413, 0.10971205334, 0.14612919516, 0.0026122304043],
      [0.034478282653, 0.063541212344, 0.6652543889, 0.079746832698, 0.1569792834],
      [0.032921586084, 0.023646190168, 0, 0.92845059591, 0.014981627834],
      [0.028445446154, 0.056291731875, 0.099334456339, 0.16185566723, 0.6540726984]
    ],
    [
      [0.20659188053, 0, 0, 0.79340811947, 0],
      [0.014341433236, 0, 0.35320570577, 0.62623344609, 0.0062194148973],
      [0.10744895526, 0, 0.55555555556, 0.22588437807, 0.11111111111],
      [0, 0, 0, 1, 0],
      [0.021098671988, 0, 0.0623970598, 0.13542335241, 0.78108091581]
    ],
    [
      [0, 0, 0, 0.99040215339, 0.009597846613],
      [0, -0, 0.44867970747, 0.54249542861, 0.0088248639275],
      [0, 0, 0.81265164811, 0.055898165548, 0.13145018635],
      [0, 0, 0, 0.94238306084, 0.057616939162],
      [0, 0, 0.093674175947, 0.14970065802, 0.75662516604]
    ],
    [
      [0, 0, 0, 1, 0],
      [0, -0, 0.45773848069, 0.54226151931, 0],
      [0, 0, 0.62916978129, 0.37083021871, 0],
      [0, 0, 0, 1, 0],
      [0, 0, 0.37083021871, 0.62916978129, 0]
    ],
    [
      [0.28760147817, 0.012347975543, 0.012598710081, 0.68745183621, 0],
      [0.00051504900843, 0.83156462714, 0.098184133584, 0.069736190272, 0],
      [0.013126652847, 0.071233298856, 0.88963182613, 0.0052658833357, 0.020742338832],
      [0.027637663802, 0.03686739904, 0.050037775536, 0.88545716162, 0],
      [0.042520404306, 0.10385026988, 0.23481490341, 0.21215494716, 0.40665947526]
    ],
    [
      [0.24917613549, 0.0035239158039, 0, 0.74521025067, 0.0020896980303],
      [0.0067513797514, 0.55419091507, 0.19583985485, 0.24010538895, 0.0031124613815],
      [0.035012447833, 0.030138792094, 0.73171457204, 0.084854100009, 0.11828008802],
      [0.037049329308, 0.0079580096231, 0, 0.94400648283, 0.010986178243],
      [0.038768033675, 0.034938650363, 0.13666942676, 0.20631030767, 0.58331358153]
    ],
    [
      [1.1514227072e-16, 0.010820561097, 0.00032942009603, 0.98762435501, 0.0012256637932],
      [0, 0.73409646966, 0.14121661028, 0.11765393853, 0.0070329815281],
      [0, 0.048467687204, 0.77579778308, 0, 0.17573452972],
      [0, 0.04560153473, 0.030372401735, 0.89332812562, 0.030697937913],
      [0, 0.049066659486, 0.11674462098, 0.11792939148, 0.71625932805]
    ],
    [
      [0.45415542234, 0.031611030992, 0, 0.51423354667, 0],
      [0, 1, 0, 0, 0],
      [0.14541654791, 0.42466017526, 0.33333333333, 0.096589943495, 0],
      [0.015656419134, 0.099201206174, 0, 0.88514237469, 0],
      [0.074996750045, 0.6301959479, 0.075782172799, 0.21902512926, 0]
    ],
    [
      [0.14441853997, 0.0086389160673, 0, 0.84694254397, 0],
      [0.0028771209163, 0.69070950619, 0.11576610412, 0.18977387521, 0.00087339355887],
      [0.074856561371, 0.10984721308, 0.61736549294, 0.12095250475, 0.076978227864],
      [0, 0.0043107468117, 0, 0.99568925319, 0],
      [0.027419615129, 0.077287534686, 0.13407241748, 0.27463022657, 0.48659020613]
    ],
    [
      [0.12163483093, 0.0094430950535, 0, 0.86892207402, 0],
      [0.0019164686416, 0.6391923279, 0.16507142049, 0.19381978297, 0],
      [0.0077620239944, 0.064223994775, 0.79153120446, 0.080584473633, 0.055898303134],
      [0.015645931008, 0.023707061486, 0, 0.96064700751, 0],
      [0.021830250726, 0.075111965738, 0.19596636562, 0.27928450719, 0.42780691072]
    ],
    [
      [0.1812328263, 0.0060670814376, 0.0024295726898, 0.80984968209, 0.00042083748618],
      [0.0037558428051, 0.596129583, 0.19402523469, 0.20431911496, 0.0017702245544],
      [0.0099823869638, 0.040565716836, 0.81227241703, 0.061048698528, 0.076130780643],
      [0.028870033604, 0.014460133074, 0.010686825763, 0.94290773539, 0.0030752721671],
      [0.030489759655, 0.05652116047, 0.19027205006, 0.24214853633, 0.48056849348]
    ],
    [
      [0.24635620651, 0.0082824395186, 0.0012417370542, 0.74254910635, 0.0015705105622],
      [0.0047194642351, 0.66490054057, 0.15707122653, 0.17077701478, 0.002531753885],
      [0.015430155804, 0.058161279014, 0.76415106915, 0.057103548488, 0.10515394754],
      [0.042405954878, 0.022280232042, 0.0047335689758, 0.92223795535, 0.0083422887507],
      [0.038322054089, 0.064759338434, 0.15564173088, 0.20376605534, 0.53751082126]
    ],
    [
      [0.37845666579, 0, 0.013613110276, 0.60785522218, 7.5001752055e-05],
      [0.012367245586, 0, 0.64572913666, 0.33878302925, 0.0031205885001],
      [0, 0, 0.94973173314, 0, 0.050268266863],
      [0.057599892613, 0, 0.1547994753, 0.78657988631, 0.0010207457732],
      [0.045336567375, 0, 0.28622631629, 0.14064654295, 0.52779057339]
    ]
  ],
  "expected_outcome": [
    [
      [67.9960261172, 14.0824818615, 1.3601293064, 3.1602754624, 38.0147176453, 0, 6.4207886255, 0, 0, 1.0264913859, 0.96036734379, 0, 3.5290007092, 53.9365182351, 1.3785149936, 10.139360641, 0.22575259352, 34.5271960906, 5.5906140407, 0.78387993388, 0.54653716381, 2.7858223144, 20.4035556409, 0.9153587492, 29.4937686151, 7.0094817586, 6.2954304242, 8.9701027577, 3.2361832912, 21.6295035944, 1.6751734522, 10.0350934659, 3.3462761775, 17.2817297868, 21.0048293947, 2.311756747, 11.1627455381, 14.7347759894, 0, 14.2932529133, 4.5699005806, 8.3164881809, 2.674783707, 0, 8.5403733775, 0.85775623331, 5.7267338216, 6.9592578278, 1.4800290669, 0.53918965732, 1.5249416644, 8.8324666655, 9.6979622483, 0.42297253913, 3.1131402678, 8.8467203921, 1.8892238113, 6.1540634337, 2.4297396514, 1.7192157498, 2.9014679137, 0.64075648573, 2.8831104468, 4.0425762218, 1.0329594026, 0, 0, 0.57520295633, 7.2261079293, 0, 0.45415542234, 5.9211601386, 5.1086628991, 53.2824509312, 51.9811595741, 0.37845666579],
      [2.6489360494, 0, 0.044322254994, 0.059146413706, 1.2579486696, 0, 0.12305788397, 0.0066210394111, 0, 0, 0.057140880492, 0, 0.13216337311, 1.3961797186, 0.031635928453, 0.47424342435, 0.01681825944, 0.91548537457, 0.038543366345, 0.035333022382, 0.027404377972, 0.046659975801, 0.46322579075, 0.036377246774, 0.64061438088, 0.33979954378, 0.16488038919, 0.13926200706, 0.15277473756, 0.73145892354, 0.043483621556, 0.31126027411, 0.084967530799, 0.68716421454, 0.33778292725, 0.057132736559, 0.33158588349, 0.11028188554, 0.02692440893, 0.074887021276, 0, 0.14814591574, 0.2056373747, 0, 0.53063650316, 0.040171491576, 0.082036665558, 0.14765558817, 0.07844158446, 0.048911399148, 0.025708884922, 0.16864771887, 0.1076211162, 0.013218822366, 0.013761286909, 0, 0.053360578347, 0.034851946798, 0.026129256136, 0.14516569367, 0.044021650236, 0.014120241827, 0.036748302033, 0.15110819706, 0, 0, 0, 0.024695951086, 0.10219355831, 0, 0.031611030992, 0.35419555876, 0.39660999225, 1.7837219427, 1.7475947384, 0],
      [0, 0.21674418247, 0, 0, 0, 0, 0.17943750698, 0.044440686987, 0, 0.021777917396, 0, 0, 0, 0.71617510669, 0, 0.2344488914, 0.0013037593992, 0, 0.1060105703, 0.00082501372529, 0.0024191145503, 0.029355870285, 0.037867411022, 0.022671396952, 0.019919111468, 0, 0, 0, 0.14132697906, 0, 0, 0, 0, 0, 0, 0, 0, 0, 0, 0, 0, 0.062760572927, 0, 0, 0, 0.024976740252, 0, 0.080465610586, 0.010451377837, 0.0082508625632, 0.032918785135, 0, 0, 0, 0, 0, 0.013228277922, 0, 0, 0.051565516868, 0.046611672617, 0.0044078749428, 0, 0, 0, 0, 0, 0.025197420161, 0, 0, 0, 0, 0, 0.71429437079, 0.26200651845, 0.013613110276],
      [305.3550378334, 40.5019808953, 7.5955484386, 3.7805781239, 188.7273336851, 0, 32.16234996, 1.9489382736, 0, 0.95173069671, 2.9824917757, 0, 13.3159914209, 261.6685692706, 5.5883675469, 80.073687941, 2.7549170475, 214.5573185348, 14.2487964548, 3.1779424509, 4.4204598151, 10.1337413313, 70.0953511574, 6.0255926071, 98.8023706104, 22.5852055001, 17.5212141697, 19.8725134435, 15.4424600418, 135.6390374821, 6.2813429263, 37.65364626, 22.5687562917, 76.0311059987, 50.657387678, 13.6311105164, 37.5056685784, 53.1549421251, 0.9720730612, 41.6318600654, 23.3812938046, 35.4493528321, 17.0899149035, 0, 50.9289901194, 4.0762938503, 21.1912295128, 23.7984761871, 8.4188073672, 11.3597605458, 9.4075032175, 38.9988856156, 33.1862530949, 8.5407063026, 4.8730984453, 33.1532796079, 9.0289804511, 15.8110846195, 9.5441310925, 16.0535788981, 13.0078987635, 1.3385409346, 5.0787231086, 12.7597270519, 3.9670405974, 1.9808043068, 1, 1.3749036724, 21.6110972695, 0, 0.51423354667, 34.7246443026, 36.4947271087, 238.0958065344, 156.6778614404, 0.60785522218],
      [0, 0.19879306072, 0, 0, 0, 0, 0.11436602361, 0, 0, 0, 0, 0, 0.022844496727, 0.28255766897, 0.0014815310423, 0.078259102253, 0.0012083401491, 0, 0.016035567816, 0.0020195790705, 0.0031795285639, 0.0044205081409, 0, 0, 0.043327282113, 0.065513197464, 0.018475016964, 0.01812179165, 0.027254950418, 0, 0, 0, 0, 0, 0, 0, 0, 0, 0.001002529874, 0, 0.048805614787, 0.02325249831, 0.029664014794, 0, 0, 0.0008016845229, 0, 0.014144786331, 0.012270603641, 0.043887535161, 0.0089274480547, 0, 0.0081635405913, 0.023102335899, 0, 0, 0.015206881359, 0, 0, 0.030474141595, 0, 0.0021744629332, 0.0014181425358, 0.046588529279, 0, 0.019195693226, 0, 0, 0.060601242878, 0, 0, 0, 0, 0.12372622094, 0.33137772863, 7.5001752055e-05]
    ],
    [
      [0.61807809986, 0.12768204792, 0.0067240394448, 0, 0.2855251657, 0, 0.047104705503, 0, 0, 0.028096653732, 0.0086657325509, 0, 0.043044849318, 0.84389757957, 0.023793045613, 0.10577553173, 0.0042393691737, 0.18446036812, 0.096178193878, 0.015138540848, 0.012874416831, 0.032482304143, 0.30455895683, 0.014691233061, 0.24258673119, 0.029316151636, 0.015546477884, 0.16969749618, 0.013664662796, 0.1614384998, 0.024531615846, 0.041490527243, 0.028042263309, 0.13344153984, 0.037737201461, 0.03022704118, 0.090890906744, 0.19324179055, 0, 0.13729246575, 0.030167365042, 0.04440569168, 0.015637783659, 0, 0.074463755056, 0.018063190988, 0.080326706418, 0.042140647489, 0.019974255447, 0.0065608953652, 0.024649538032, 0.03751958203, 0.1337550588, 0.0091074573892, 0.08476619168, 0.15960509371, 0.052972556649, 0.13471919281, 0.023603582366, 0.0092473767256, 0.034785785627, 0.0093587547722, 0.11158614518, 0.0076513539202, 0, 0, 0, 0.00051504900843, 0.027005519005, 0, 0, 0.043156813744, 0.17248217775, 0.76619193224, 0.54273838704, 0.024734491173],
