{
  "Z_true": {},
  "V_true": [
    [1155, 1550, 648, 27],
    [1041, 9389, 2985, 170],
    [197, 230, 14610, 257],
    [63, 471, 475, 90],
    [149, 360, 1753, 453]
  ],
  "p_true": [
    [0.3417, 0.4586, 0.1917, 0.008],
    [0.0766, 0.6911, 0.2197, 0.0125],
    [0.0129, 0.015, 0.9553, 0.0168],
    [0.0573, 0.4286, 0.4322, 0.0819],
    [0.0549, 0.1326, 0.6457, 0.1669]
  ],
  "Z_est": [
    [
      [2.2004, 57.7616, 28.0556, 34.6569, 19.2539, 65.4631, 77.0154, 91.8684, 72.0644, 76.4653, 122.1244, 26.9554, 67.1134, 85.2671, 37.4075, 13, 38.5077, 55.011, 26.9554, 26.9554, 56.6613, 51.1602, 41.8084, 20.3541, 80.8662, 27.5055, 28, 52.8106, 1.6503, 14.853, 208, 32.4565, 147.9796, 57.7616],
      [1.5789, 41.4469, 20.1314, 24.8682, 13.8156, 46.9732, 55.2626, 65.9204, 51.71, 54.8679, 87.6307, 19.3419, 48.1574, 61.1836, 26.8418, 9.4736, 27.6313, 39.4733, 19.3419, 19.3419, 40.6575, 36.7101, 29.9997, 14.6051, 58.0257, 19.7366, 25.281, 37.8943, 1.1842, 10.6578, 157.1036, 23.2892, 106.1831, 41.4469],
      [0.002, 0.0527, 0.0256, 0.0316, 0.0176, 0.0597, 0.0703, 0.0838, 0.0658, 0.0698, 0.1114, 0.0246, 0.0612, 0.0778, 0.0341, 0.2147, 0.0351, 0.0502, 0.0246, 0.0246, 0.0517, 0.0467, 0.0381, 0.0186, 0.0738, 0.0251, 0.0276, 0.0482, 0.0015, 0.0136, 11.1436, 0.0296, 0.135, 0.0527],
      [0.2186, 5.7388, 2.7874, 3.4433, 1.9129, 6.504, 7.6517, 9.1274, 7.1598, 7.5971, 12.1335, 2.6781, 6.6679, 8.4716, 3.7166, 1.3117, 3.8259, 5.4655, 2.6781, 2.6781, 5.6295, 5.0829, 4.1538, 2.0222, 8.0343, 2.7328, 1.6914, 5.2469, 0.164, 1.4757, 21.7528, 3.2247, 14.7023, 5.7388]
    ],
    [
      [2.4422, 21.5509, 13.9444, 2.8603, 4.7461, 14.3519, 15.9846, 19.8146, 40.6333, 19.169, 33.9632, 15.4133, 19.1346, 50.1177, 16.388, 0, 26.4194, 20.989, 15.0446, 6.0446, 37.3387, 33.0739, 28.8822, 18.3602, 23.7202, 5.413, 0, 20.5098, 1.5594, 14.555, 0, 9.0842, 116.5624, 7.8998],
      [20.382, 306.6842, 201.0499, 82.218, 79.4828, 216.175, 271.1769, 298.4561, 417.0754, 288.732, 448.0846, 261.2971, 160.9739, 632.737, 201.9629, 105.2015, 367.2251, 553.5276, 265.8394, 199.8785, 641.7928, 498.1749, 539.9255, 256.9203, 415.6646, 81.5331, 69.0117, 296.7026, 9.608, 287.2232, 956.5911, 101.8405, 513.9058, 92.5531],
      [4.5934, 64.9415, 93.8146, 19.6896, 21.8942, 45.7758, 57.0218, 63.1992, 19.4013, 61.1401, 55.9856, 35.2405, 15.7652, 49.8067, 97.1505, 44.559, 114.982, 132.9713, 87.2009, 57.9508, 146.3737, 105.4903, 161.9005, 74.316, 90.3212, 17.2649, 12.9883, 76.0451, 2.2175, 17.852, 192.7597, 22.1751, 95.8176, 26.7038],
      [1.5824, 16.8233, 14.1911, 7.232, 4.8768, 12.6973, 15.8167, 17.5302, 24.89, 16.959, 25.9665, 11.0491, 7.1263, 17.3386, 14.4986, 9.2395, 23.3735, 32.5121, 16.9151, 12.1261, 32.4948, 29.2609, 25.2918, 17.4035, 25.294, 4.7889, 0, 19.7425, 0.6151, 35.3699, 42.6492, 6.9001, 35.7142, 5.8434]
    ],
    [
      [0.3574, 3.6875, 0, 0.4827, 0, 1.185, 0, 11.317, 2.3022, 5.3657, 1.9123, 0.6313, 0.7519, 1.6153, 1.2045, 0, 4.0729, 0, 0, 0, 0, 5.7658, 3.3095, 1.2857, 2.4136, 9.0815, 0, 2.6796, 3.7903, 1.5921, 0, 11.4593, 3.458, 3.3387],
      [0, 22.5564, 0, 1.8748, 0, 11.6566, 20.0793, 43.9736, 8.9412, 22.0878, 7.427, 2.4516, 2.9203, 6.2733, 0, 0, 0, 9.504, 0, 0, 19.3015, 32.1917, 12.853, 4.9934, 9.3739, 1.8209, 4.4604, 0, 0, 6.1832, 29.8883, 0, 13.4299, 0],
      [74.1264, 489.7561, 486.4491, 101.2281, 428.488, 274.0907, 369.0304, 357.5203, 482.7804, 395.4835, 401.0192, 132.3753, 157.6823, 338.7249, 705.3261, 222.1115, 576.5885, 1144.1217, 507.8603, 306.9007, 873.6985, 628.1809, 693.9968, 269.6173, 506.1407, 199.871, 103.5396, 549.1132, 19.2164, 333.8582, 1628.1117, 166.8276, 725.1439, 192.7228],
      [2.5162, 0, 0.5509, 0.4144, 7.512, 5.0678, 4.8903, 1.189, 1.9761, 7.063, 1.6415, 0.5418, 0.6454, 1.3865, 1.4694, 0.8885, 2.3386, 1.3743, 0.1397, 1.0993, 0, 7.8615, 2.8407, 1.1036, 2.0718, 8.2266, 0, 2.2072, 0.9934, 1.3666, 0, 0.7132, 2.9682, 1.9385]
    ],
    [
      [0, 0, 0, 0, 0, 0, 0, 0, 0, 0, 0, 0, 0, 0, 0, 0, 0, 0, 0, 0, 0, 0, 0, 0, 0, 0, 0, 0, 0, 0, 0, 0, 0, 0],
      [1.039, 8.3124, 5.8187, 1.039, 2.7015, 5.1952, 7.4812, 6.6499, 7.2733, 8.3124, 6.8577, 2.9093, 3.9484, 10.8061, 5.1952, 3.325, 9.1436, 18.4951, 5.8187, 4.7796, 17.2482, 13.9233, 11.2217, 7.4812, 8.9358, 2.9093, 1.2469, 5.4031, 0.2078, 8.9358, 16.417, 1.8703, 7.4812, 0],
      [3.961, 31.6876, 22.1813, 3.961, 10.2985, 19.8048, 28.5188, 25.3501, 27.7267, 31.6876, 26.1423, 11.0907, 15.0516, 41.1939, 19.8048, 12.675, 34.8564, 70.5049, 22.1813, 18.2204, 65.7518, 53.0767, 42.7783, 28.5188, 34.0642, 11.0907, 4.7531, 20.5969, 0.7922, 34.0642, 62.583, 7.1297, 28.5188, 0],
      [0, 0, 0, 0, 0, 0, 0, 0, 0, 0, 0, 0, 0, 0, 0, 0, 0, 0, 0, 0, 0, 0, 0, 0, 0, 0, 0, 0, 0, 0, 0, 0, 0, 0]
    ],
    [
      [0, 0, 0, 0, 0, 0, 0, 0, 0, 0, 0, 0, 0, 0, 0, 0, 0, 0, 0, 0, 0, 0, 0, 0, 0, 0, 0, 0, 0, 0, 0, 0, 0, 0],
      [0, 0, 0, 0, 0, 0, 0, 0, 0, 0, 0, 0, 0, 0, 0, 0, 0, 0, 0, 0, 0, 0, 0, 0, 0, 0, 0, 0, 0, 0, 0, 0, 0, 0],
      [11.3173, 73.5621, 57.5294, 15.0897, 61.3018, 45.269, 60.3587, 68.8466, 99.026, 72.619, 103.7415, 45.269, 42.4397, 96.1966, 104.6846, 42.4397, 90.538, 143.3519, 70.7328, 67.9035, 147.1243, 129.2053, 111.2863, 57.5294, 109.4001, 20.7483, 21.6914, 96.1966, 3.7724, 46.2121, 225.4019, 35.838, 159.3846, 24.5207],
      [0.6827, 4.4379, 3.4706, 0.9103, 3.6982, 2.731, 3.6413, 4.1534, 5.974, 4.381, 6.2585, 2.731, 2.5603, 5.8034, 6.3154, 2.5603, 5.462, 8.6481, 4.2672, 4.0965, 8.8757, 7.7947, 6.7137, 3.4706, 6.5999, 1.2517, 1.3086, 5.8034, 0.2276, 2.7879, 13.5981, 2.162, 9.6154, 1.4793]
    ]
  ],
  "V_est": [
    [1845.9696, 1337.7675, 12.843, 183.42],
    [675.9705, 10139.6072, 2185.3099, 584.1124],
    [83.0599, 294.2422, 14841.702, 74.9959],
    [0, 228.3832, 870.6168, 0],
    [0, 0, 2560.5283, 154.4717]
  ],
  "p_est": [
    [0.5461, 0.3958, 0.0038, 0.0543],
    [0.0498, 0.7464, 0.1609, 0.043],
    [0.0054, 0.0192, 0.9704, 0.0049],
    [0, 0.2078, 0.7922, 0],
    [0, 0, 0.9431, 0.0569]
  ],
  "EI_Z": {},
  "EI_V": 9.7336,
  "MAE_Z": {},
  "MAE_V": 351.1198,
  "MAE_p": 0.1013,
  "runtime": 0.8003
}
