{
  "X": [
    [23, 94, 133, 166, 22],
    [0, 81, 23, 35, 5],
    [6, 64, 36, 92, 7],
    [2, 51, 13, 52, 2],
    [24, 284, 216, 416, 33],
    [5, 57, 36, 73, 11],
    [5, 49, 46, 186, 7],
    [3, 17, 20, 141, 13],
    [84, 360, 346, 908, 116],
    [74, 281, 377, 671, 126],
    [2, 73, 12, 40, 4],
    [1, 14, 16, 12, 2],
    [5, 28, 71, 91, 12],
    [1, 30, 30, 131, 8],
    [9, 92, 40, 63, 7],
    [0, 12, 13, 8, 1],
    [1, 3, 4, 2, 2],
    [3, 17, 17, 69, 7],
    [8, 18, 22, 107, 6],
    [33, 82, 203, 478, 46],
    [16, 70, 53, 176, 13],
    [44, 176, 279, 592, 73],
    [2, 52, 17, 42, 8],
    [35, 182, 358, 474, 66],
    [24, 132, 228, 285, 41],
    [18, 45, 76, 109, 19],
    [40, 154, 93, 337, 53],
    [10, 59, 105, 310, 19],
    [3, 56, 45, 159, 7],
    [22, 238, 203, 351, 31],
    [3, 74, 91, 93, 15],
    [71, 256, 200, 626, 79],
    [20, 70, 66, 219, 32],
    [6, 125, 159, 231, 22],
    [1, 29, 9, 26, 2],
    [16, 196, 245, 282, 34],
    [12, 94, 145, 207, 15],
    [20, 251, 265, 245, 41],
    [12, 91, 118, 126, 15],
    [16, 88, 126, 202, 15],
    [9, 187, 306, 369, 31],
    [8, 62, 117, 234, 18],
    [19, 115, 171, 184, 33],
    [64, 315, 457, 452, 77],
    [28, 157, 220, 206, 38],
    [36, 218, 368, 394, 56],
    [4, 96, 60, 88, 14],
    [2, 19, 80, 155, 5],
    [15, 96, 66, 131, 14],
    [48, 509, 707, 773, 95],
    [1, 40, 22, 75, 3],
    [10, 33, 57, 46, 9],
    [22, 143, 131, 219, 32],
    [26, 219, 278, 515, 66],
    [8, 25, 108, 97, 43],
    [40, 322, 410, 811, 90],
    [5, 78, 59, 85, 7],
    [83, 851, 540, 918, 171],
    [5, 94, 36, 121, 14]
  ],
  "W": [
    [16, 33, 158, 59, 104, 48, 20],
    [3, 56, 35, 24, 12, 3, 11],
    [16, 29, 61, 45, 37, 11, 6],
    [4, 31, 23, 25, 29, 4, 4],
    [43, 140, 314, 199, 166, 58, 53],
    [12, 32, 57, 43, 22, 6, 10],
    [20, 20, 58, 114, 50, 12, 19],
    [21, 5, 32, 85, 31, 15, 5],
    [167, 149, 447, 443, 346, 171, 91],
    [98, 107, 458, 366, 325, 108, 67],
    [3, 38, 39, 21, 17, 6, 7],
    [1, 7, 20, 6, 3, 4, 4],
    [9, 12, 68, 43, 53, 3, 19],
    [26, 15, 36, 71, 34, 10, 8],
    [12, 60, 64, 37, 17, 12, 9],
    [1, 8, 12, 1, 9, 1, 2],
    [0, 1, 3, 0, 7, 1, 0],
    [21, 4, 34, 28, 20, 4, 2],
    [10, 6, 39, 63, 24, 15, 4],
    [58, 29, 274, 270, 133, 45, 33],
    [30, 25, 68, 96, 75, 15, 19],
    [77, 49, 333, 314, 270, 69, 52],
    [5, 25, 39, 20, 24, 3, 5],
    [47, 66, 429, 237, 208, 78, 50],
    [24, 50, 288, 143, 112, 59, 34],
    [17, 14, 98, 57, 38, 30, 13],
    [100, 54, 158, 164, 127, 44, 30],
    [38, 23, 138, 180, 71, 35, 18],
    [27, 21, 85, 88, 37, 8, 4],
    [59, 78, 338, 160, 145, 36, 29],
    [10, 39, 120, 38, 47, 11, 11],
    [126, 80, 278, 308, 258, 130, 52],
    [38, 41, 76, 112, 77, 42, 21],
    [21, 52, 224, 95, 95, 25, 31],
    [8, 15, 21, 13, 7, 2, 1],
    [31, 74, 361, 140, 92, 38, 37],
    [14, 40, 200, 97, 82, 23, 17],
    [27, 117, 358, 125, 98, 52, 45],
    [9, 33, 167, 52, 58, 22, 21],
    [17, 27, 185, 98, 54, 48, 18],
    [58, 67, 414, 164, 122, 42, 35],
    [19, 23, 146, 132, 60, 26, 33],
    [14, 40, 216, 97, 83, 36, 36],
    [50, 118, 583, 232, 220, 96, 66],
    [25, 66, 281, 92, 98, 46, 41],
    [37, 61, 458, 216, 188, 74, 38],
    [20, 46, 86, 46, 30, 12, 22],
    [12, 8, 60, 111, 46, 17, 7],
    [21, 50, 92, 63, 57, 27, 12],
    [95, 159, 912, 407, 388, 93, 78],
    [11, 25, 34, 41, 13, 14, 3],
    [7, 15, 65, 24, 23, 15, 6],
    [47, 51, 206, 113, 76, 22, 32],
    [97, 101, 366, 240, 191, 59, 50],
    [4, 16, 114, 80, 37, 10, 20],
    [145, 129, 532, 446, 260, 93, 68],
    [7, 42, 75, 51, 35, 12, 12],
    [169, 411, 812, 499, 353, 144, 175],
    [21, 56, 71, 87, 18, 6, 11]
  ],
  "method": "mvn_pdf",
  "cond_prob": [
    [
      [0.073226933477, 0.10764887066, 4.2348719469e-05, 0.7297279707, 0.089353876439],
      [1.8551606165e-08, 0.97748612514, 0.0043110026363, 0.0051620072019, 0.013040846468],
      [0.0030710949495, 0.1589581606, 0.66138726955, 0.17177594987, 0.0048075250384],
      [0.0005109021146, 0.0059411318442, 0.025958647284, 0.96487605808, 0.0027132606743],
      [0.029399770495, 0.20179457743, 0.19908574766, 0.47211802371, 0.097601880697],
      [0.36514110274, 0.08464780586, 0.094123907227, 0.38453346447, 0.071553719701],
      [0.036432158109, 0.47524645261, 0.080172262554, 0.12639189824, 0.28175722848]
    ],
    [
      [0, 0.27517844882, 3.775153719e-05, 0.59958781517, 0.12519598447],
      [0, 0.95895085986, 0.018640949939, 0.011092595911, 0.011315594291],
      [0, 0.35171185958, 0.52360827353, 0.11821380007, 0.0064660668169],
      [0, 0.017649237215, 0.027495567646, 0.95103275014, 0.0038224449954],
      [0, 0.43167159868, 0.15354324382, 0.31621386622, 0.09857129128],
      [0, 0.27633459613, 0.21180109407, 0.40035357318, 0.11151073663],
      [0, 0.70278697731, 0.044717103984, 0.056559551203, 0.19593636751]
    ],
    [
      [0.057130594971, 0.15227961721, 2.4239962247e-05, 0.71534625418, 0.075219293676],
      [1.0017617958e-08, 0.98711920243, 0.0017292102716, 0.0035011709172, 0.0076504063649],
      [0.0074170639397, 0.26997121556, 0.49173577668, 0.22579278629, 0.0050831575315],
      [0.00040620575424, 0.0085820027387, 0.015236082356, 0.97344214388, 0.0023335652702],
      [0.023597308265, 0.29644394091, 0.11801008314, 0.47694912087, 0.084999546813],
      [0.32639231537, 0.13223567153, 0.059522188065, 0.41524619212, 0.06660363291],
      [0.025295692626, 0.60993613023, 0.041140305698, 0.10997399213, 0.21365387932]
    ],
    [
      [0.036751385273, 0.15337753187, 1.8825246211e-05, 0.7626319766, 0.04722028101],
      [6.2159769999e-09, 0.98224981716, 0, 0.017750176621, 0],
      [0.0012421322698, 0.32216075878, 0.42478642047, 0.24715502284, 0.0046556656418],
      [0.00024544260691, 0.0080889560274, 0.011125521737, 0.97915832393, 0.0013817556978],
      [0.025854368483, 0.31065735517, 0.089783308149, 0.54273653286, 0.030968435337],
      [0.24958180014, 0.15108196883, 0.052454654058, 0.49932018489, 0.047561392087],
      [0.017546318062, 0.67785825315, 0.034541108057, 0.12476320057, 0.14529112016]
    ],
    [
      [0.049277911724, 0.11792544471, 3.0440459243e-05, 0.76325548531, 0.069510717791],
      [1.1573692317e-08, 0.98274505147, 0.0028605734941, 0.0050029894468, 0.0093913740128],
      [0.0014423030128, 0.20969312855, 0.57133828193, 0.2175262865, 0],
      [0.00033272052826, 0.0083299316558, 0.018009449201, 0.97332789861, 0],
      [0.02167833995, 0.23315675097, 0.14977429551, 0.51826891256, 0.077121701005],
      [0.28269825517, 0.10751702221, 0.078391241271, 0.46683900316, 0.064554478199],
      [0.025789630436, 0.54535079163, 0.060469524628, 0.13914694631, 0.229243107]
    ],
    [
      [0.082849209505, 0.12552634782, 2.7285390044e-05, 0.65259568456, 0.13900147273],
      [1.7087625218e-08, 0.97707947238, 0.0023258629816, 0.0037987940725, 0.016795853477],
      [0.0062708523252, 0.23433730316, 0.55154644096, 0.19339974345, 0.014445660108],
      [0.00063111912352, 0.007679468079, 0.018649811985, 0.96840428013, 0.0046353206778],
      [0.033820098841, 0.24364574162, 0.13258882566, 0.43318411091, 0.15676122297],
      [0.42367868353, 0.092785828227, 0.057024716062, 0.3218974689, 0.10461330328],
      [0.033511795859, 0.46227760173, 0.042605344903, 0.092068569933, 0.36953668757]
    ],
    [
      [0.035433630043, 0.074928208522, 2.7233041197e-05, 0.84389383777, 0.045717090621],
      [1.2697659181e-08, 0.97820225401, 0.0039271806456, 0.0083779089658, 0.0094926436792],
      [0.0011593490188, 0.14920058626, 0.58458847217, 0.26505159255, 0],
      [0.00021721831938, 0.0036309583284, 0.015985323603, 0.98016649975, 0],
      [0.019116942257, 0.17630596844, 0.15687896395, 0.62055567361, 0.02714245175],
      [0.22996759333, 0.075689320285, 0.077768450507, 0.56949685437, 0.047077781508],
      [0.02546651478, 0.48138195954, 0.074488623492, 0.20951819964, 0.20914470255]
    ],
    [
      [0.015397491635, 0.054601575988, 1.6344545377e-05, 0.80423138396, 0.12575320387],
      [1.1716907041e-08, 0.95520225133, 0.0030987127069, 0.010422297024, 0.031276727219],
      [0, 0.15078885191, 0.48514575629, 0.34795090843, 0.016114483374],
      [0, 0.00040632774225, 0.0077238328491, 0.98456057123, 0.0073092681799],
      [0, 0.12274248614, 0.092017683503, 0.63136698746, 0.1538728429],
      [0.17328080966, 0.059729219466, 0.050501459285, 0.58698146013, 0.12950705145],
      [0.015488094429, 0.30332383319, 0.038580625969, 0.17197066284, 0.47063678357]
    ],
    [
      [0.065441746495, 0.095048000651, 3.0498972905e-05, 0.73338419769, 0.10609555619],
      [1.8966704716e-08, 0.97287597562, 0.0035303722673, 0.005936421281, 0.017657211869],
      [0.0029144615302, 0.1752666832, 0.59647461634, 0.2148155809, 0.010528658029],
      [0.00046000683656, 0.0052738991418, 0.018766718611, 0.97225617216, 0.0032432032536],
      [0.028068350938, 0.18956211957, 0.15243734995, 0.50645198164, 0.12348019789],
      [0.34377607012, 0.079804992927, 0.072323348628, 0.41338295564, 0.090712632685],
      [0.03370682155, 0.43134913901, 0.05956544678, 0.1317295849, 0.34364900777]
    ],
    [
      [0.10020877388, 0.096394848798, 3.6360247394e-05, 0.63530228009, 0.16805773699],
      [2.8315787901e-08, 0.9635911347, 0.0041089415526, 0.0050193734432, 0.027280521985],
      [0.00024819577286, 0.16470577822, 0.65357046343, 0.17910483671, 0.0023707258586],
      [0.00080311959508, 0.0061049214475, 0.025541061191, 0.96169213355, 0.0058587642182],
      [0.04085461009, 0.18288704066, 0.17289918639, 0.41729794892, 0.18606121395],
      [0.44128967527, 0.067602349197, 0.072022234269, 0.29908481141, 0.12000092986],
      [0.04231176845, 0.35880692243, 0.058251379469, 0.09359663387, 0.44703329578]
    ],
    [
      [0.032054616164, 0.33919138132, 1.3358857088e-05, 0.54616130402, 0.082579339637],
      [2.4956944116e-09, 0.99467476963, 0.0004243495933, 0.0011742334578, 0.0037266448197],
      [0.010321899356, 0.42849090036, 0.27003455881, 0.27092214339, 0.020230498088],
      [0.00029200369735, 0.02415788474, 0.010732687241, 0.96158127628, 0.0032361480466],
      [0.011021572199, 0.55523421588, 0.054057052067, 0.30169572454, 0.077991435316],
      [0.20853437862, 0.32502344991, 0.036181717932, 0.34933091068, 0.080929542855],
      [0.0080824150044, 0.79674307814, 0.013005745814, 0.047558863041, 0.134609898]
    ],
    [
      [0.029875845691, 0.14907118424, 5.8216761708e-05, 0.73397598105, 0.087018772256],
      [4.7195753334e-09, 0.98498869002, 0.0038497607962, 0.0030599389098, 0.0081016055538],
      [0.0066353563348, 0.16695725181, 0.70263271668, 0.10812602492, 0.015648650248],
      [0.00019903035844, 0.0076881566136, 0.034275628649, 0.95540996611, 0.0024272182682],
      [0.010415222603, 0.25242057297, 0.24868118864, 0.40465751143, 0.083825504352],
      [0.18953748239, 0.13699605659, 0.15264122242, 0.43904919491, 0.081776043687],
      [0.011706803764, 0.56637201609, 0.089519224139, 0.094863709382, 0.23753824662]
    ],
    [
      [0.078983371426, 0.065759340201, 5.7474863117e-05, 0.77737381339, 0.077826000122],
      [3.122725842e-08, 0.96395534719, 0.0093097497883, 0.0086523560249, 0.018082515765],
      [0.0079285632106, 0.034521115848, 0.77031679264, 0.17806378417, 0.0091697441298],
      [0.00050488924363, 0.0033864367205, 0.032914339454, 0.96099418027, 0.0022001543143],
      [0.030957024614, 0.12181393881, 0.2681652522, 0.49510868278, 0.083955101599],
      [0.39511593892, 0.048167406871, 0.11911772626, 0.37956987068, 0.05802905727],
      [0.04748561186, 0.35510569145, 0.13267345722, 0.16259213331, 0.30214310615]
    ],
    [
      [0, 0.066016627068, 2.7855915085e-05, 0.86554692691, 0.068408590106],
      [0, 0.97167358893, 0.0044718714373, 0.0093404891097, 0.014514050524],
      [0, 0.13094571659, 0.59770490343, 0.26543893715, 0.0059104428295],
      [0, 0.0018499920422, 0.015032085306, 0.98144947043, 0.0016684522255],
      [0, 0.14076584153, 0.15833464128, 0.62248880249, 0.078410714694],
      [0.088882552465, 0.073255993695, 0.13648401057, 0.62991329511, 0.071464148157],
      [0.013896809418, 0.41805876014, 0.074915648135, 0.20665077376, 0.28647800855]
    ],
    [
      [0.12399341764, 0.18260923121, 3.121883533e-05, 0.59734756537, 0.096018566946],
      [0, 0.9876010421, 0.0018548058302, 0.002427015338, 0.0081171367367],
      [0, 0.27491891734, 0.55496951463, 0.15871429485, 0.011397273178],
      [0.00015965547069, 0.01207974211, 0.023967422395, 0.96031155228, 0.0034816277474],
      [0.047645461181, 0.33423167616, 0.14298476341, 0.37328377611, 0.10185432314],
      [0.52417812663, 0.11316442172, 0.054748901822, 0.24727739476, 0.06063115506],
      [0.045117930693, 0.60788377516, 0.043973962175, 0.075979228818, 0.22704510315]
    ],
    [
      [0, 0.10932827811, 7.9995530405e-05, 0.82878056088, 0.061811165479],
      [0, 0.98192974706, 0.0069667489701, 0.0044511806544, 0.0066523233108],
      [0, 0.098165993298, 0.77779484968, 0.12198345208, 0.0020557049415],
      [0, 0.0051263841614, 0.042156454931, 0.95134584718, 0.0013713137317],
      [0, 0.18085072537, 0.33557863201, 0.43439188809, 0.049178754523],
      [0, 0.1602127785, 0.23675665599, 0.54686473013, 0.056165835392],
      [0, 0.53212306738, 0.15576350876, 0.1320354994, 0.18007792445]
    ],
    [
      [0.08863536945, 0.11194802003, 4.967213425e-05, 0.5194735964, 0.27989334199],
      [1.16750308e-08, 0.97279563347, 0.0033796311108, 0.0021326059923, 0.021692117754],
      [0.0012351572582, 0.12151076838, 0.7871851864, 0.078780536222, 0.011288351742],
      [0.00063593450696, 0.0072993776154, 0.038134493544, 0.94539192563, 0.0085382687042],
      [0.037059997716, 0.23258533264, 0.22712586343, 0.2373429666, 0.26588583962],
      [0.73687453254, 0.034574732883, 0.045183765704, 0.10012501917, 0.0832419497],
      [0.01935641956, 0.26113469466, 0.048968511683, 0.041777497285, 0.62876287682]
    ],
    [
      [0.045115930899, 0.071117831175, 1.4810492736e-05, 0.7831589325, 0.10059249494],
      [1.601087721e-08, 0.96949339763, 0.0021656028569, 0.0077255548286, 0.020615428671],
      [0.011397638927, 0.21413412674, 0.43694978816, 0.31098117806, 0.026537268107],
      [0.00029539541427, 0.0037051879484, 0.0085915209625, 0.98455282274, 0.002855072939],
      [0.021539099886, 0.16023476411, 0.083324373458, 0.60299357216, 0.13190819038],
      [0.29309340424, 0.068185933338, 0.040069508717, 0.50034702576, 0.098304127941],
      [0.026809488633, 0.38340368372, 0.033702839849, 0.16033078065, 0.39575320715]
    ],
    [
      [0.066675600917, 0.054986737848, 1.566675533e-05, 0.81145243715, 0.066869557335],
      [3.0914138474e-08, 0.96852125915, 0.0029727138426, 0.010451922926, 0.018054073172],
      [0.0030432227824, 0.15560502422, 0.4747290003, 0.35777808821, 0.0088446644919],
      [0.0071350389106, 0.0042737058211, 0.0079667897776, 0.97299424202, 0.0076302234683],
      [0.033281255814, 0.12926062567, 0.092112447439, 0.65370272556, 0.091642945521],
      [0.38450758647, 0.047810855855, 0.038436220517, 0.46992155085, 0.059323786301],
      [0.049671682207, 0.37043695039, 0.044606558865, 0.20827318181, 0.32701162673]
    ],
    [
      [0.089652598637, 0.054092988119, 2.7297448262e-05, 0.75464754923, 0.10157956657],
      [4.4391137525e-08, 0.95515120214, 0.0054252375612, 0.010452286668, 0.028971229244],
      [0.0025004795411, 0.083751917827, 0.63467292546, 0.26311248092, 0.015962196252],
      [0.00061296503442, 0.002929874345, 0.016398258651, 0.97703338351, 0.0030255184641],
      [0.041622685355, 0.11705823836, 0.14808155722, 0.5649439263, 0.12829359277],
      [0.43419076807, 0.041319659075, 0.058886306892, 0.3865915263, 0.079011739659],
      [0.056821646145, 0.30290908817, 0.065710379586, 0.16670701913, 0.40785186697]
    ],
    [
      [0.12140033454, 0.10468840508, 2.7350170266e-05, 0.70740573325, 0.066478176962],
      [3.123857998e-08, 0.98207823759, 0.0028544636131, 0.0051114703167, 0.0099557972423],
      [0.0038564910564, 0.20379858774, 0.56807440374, 0.2181329684, 0.0061375490607],
      [0, 0.0060014482363, 0.017433967888, 0.97656458388, 0],
      [0.039842152388, 0.22834394438, 0.14369481213, 0.51772026302, 0.070398828086],
      [0.52333037651, 0.068996977437, 0.050952732175, 0.31209035524, 0.044629558638],
      [0.066191090215, 0.51116833792, 0.057036612657, 0.13454864668, 0.23105531252]
    ],
    [
      [0.077026649898, 0.088308181094, 3.5849051394e-05, 0.72404367587, 0.11058564409],
      [2.3861043655e-08, 0.96959431383, 0.0044436161707, 0.0062688301483, 0.019693215991],
      [0.0024015307689, 0.14329256471, 0.64584430256, 0.19793306194, 0.010528540024],
      [0.00054554055245, 0.0049435163455, 0.022260166748, 0.96884223736, 0.0034085389895],
      [0.032455281196, 0.17321545018, 0.17625933402, 0.49150814288, 0.12656179172],
      [0.38075802406, 0.069390411149, 0.07956730691, 0.3818019342, 0.088482323675],
      [0.039667456268, 0.40125674196, 0.070067172221, 0.13003384779, 0.35897478176]
    ],
    [
      [0.04538205836, 0.20525285022, 1.7005825545e-05, 0.5977958249, 0.15155226069],
      [5.7205795336e-09, 0.98593651257, 0.00088471200418, 0.0021104462022, 0.011068323504],
      [0.010795578901, 0.34797798271, 0.37548652009, 0.23901815522, 0.026721763083],
      [0.00037628620235, 0.013540603258, 0.012602871908, 0.96804705669, 0.0054331819384],
      [0.017367963798, 0.37471085049, 0.077158157891, 0.37054203156, 0.16022099626],
      [0.28573270389, 0.1817684123, 0.042566651645, 0.35314135823, 0.13679087393],
      [0.014101404234, 0.58900077907, 0.020453940972, 0.06463554013, 0.3118083356]
    ],
    [
      [0.060523719189, 0.089691856818, 4.422239263e-05, 0.72907574678, 0.12066445482],
      [1.8420987616e-08, 0.96731744595, 0.0053846184714, 0.0061986684445, 0.021099248708],
      [0.0022113840348, 0.12292910625, 0.69001970694, 0.17524537237, 0.0095944304095],
      [0.00042363285218, 0.0049600661971, 0.02712740976, 0.96381658817, 0.0036723030254],
      [0.024249194951, 0.16726421754, 0.20672584217, 0.47047373093, 0.13128701441],
      [0.31506665219, 0.074311896436, 0.10349292294, 0.40533098611, 0.10179754233],
      [0.029745356499, 0.38884247712, 0.082469263548, 0.12490357387, 0.37403932896]
    ],
    [
      [0.059039362274, 0.097820951461, 4.2266693284e-05, 0.71967028806, 0.12342713151],
      [1.6440898201e-08, 0.96993051726, 0.0047176134094, 0.0055960475056, 0.01975580538],
      [0.0020647479692, 0.14328294535, 0.67172144226, 0.17335876237, 0.0095721020524],
      [0.00041813023512, 0.0054755756051, 0.026258902389, 0.96404932688, 0.0037980648933],
      [0.023584114227, 0.18210438502, 0.19724786395, 0.46306321115, 0.13400042565],
      [0.31082415796, 0.081663165559, 0.099685452698, 0.40290685635, 0.10492036744],
      [0.027899068584, 0.40863111292, 0.075856001272, 0.11844556568, 0.36916825155]
    ],
    [
      [0.10645477278, 0.096571990737, 3.7595997433e-05, 0.64884825982, 0.14808738067],
      [2.9194616694e-08, 0.96740399116, 0.0041816022928, 0.0049822138248, 0.023432163525],
      [0, 0.15849170284, 0.65941064656, 0.17051494868, 0.011582701929],
      [0, 0.0064485135119, 0.026130778072, 0.962427022, 0.0049936864193],
      [0.04223096501, 0.18576113284, 0.18032887581, 0.4268715577, 0.16480746864],
      [0.46605114518, 0.065455668934, 0.07206290764, 0.29429116548, 0.10213911276],
      [0.046458263702, 0.37632884747, 0.062672016411, 0.098551477554, 0.41598939486]
    ],
    [
      [0.11454285146, 0.11460709133, 2.0051091014e-05, 0.63810145739, 0.13272854874],
      [2.7306216222e-08, 0.97560554328, 0.0019195531586, 0.004257674029, 0.018217202225],
      [0, 0.26233426087, 0.48624499153, 0.23475001302, 0.016670734576],
      [0, 0.0072971095596, 0.0016185111304, 0.98643450076, 0.0046498785514],
      [0.040562492935, 0.23885332687, 0.10305743036, 0.45870905437, 0.15881769547],
      [0.49725747627, 0.078442250239, 0.038763708819, 0.29303289388, 0.092503670794],
      [0.050498260712, 0.44750736072, 0.033609922982, 0.09815608155, 0.37022837404]
    ],
    [
      [0.033856746944, 0.063222226425, 2.9298435219e-05, 0.83205484292, 0.07083688528],
      [1.444587382e-08, 0.96773046028, 0.005012571315, 0.0098739655517, 0.017382988404],
      [0, 0.11317883457, 0.61942467611, 0.25872736311, 0.008669126198],
      [0, 0, 0.020483889182, 0.97759971345, 0.0019163973663],
      [0.010321264226, 0.13380153999, 0.16055767865, 0.60789524965, 0.087424267484],
      [0.21595664874, 0.063923307956, 0.083694950425, 0.56346534745, 0.072959745437],
      [0.023452823228, 0.38799169556, 0.07705409519, 0.20003557473, 0.31146581129]
    ],
    [
      [0.031174530941, 0.10348211525, 1.9316160393e-05, 0.80078558094, 0.064538456713],
      [8.1041373096e-09, 0.98254194521, 0.0020260962351, 0.005775415481, 0.0096565349659],
      [0, 0.23727375923, 0.46814608121, 0.28764052349, 0.0069396360673],
      [0, 0.013057536369, 0.0084682190315, 0.97837996981, 9.4274784768e-05],
      [0.011097029533, 0.22269200626, 0.10254031808, 0.58396286067, 0.079707785448],
      [0.20940396668, 0.10772483209, 0.056798539267, 0.55753255781, 0.06854010416],
      [0.018116417066, 0.53846660373, 0.042732545558, 0.16093436044, 0.23975007321]
    ],
    [
      [0.064414337044, 0.1525869497, 2.7536351226e-05, 0.69837854793, 0.084592628976],
      [1.1699844377e-08, 0.98560532671, 0.0020052596766, 0.0035469683451, 0.0088424335734],
      [0.0035475355718, 0.2573793307, 0.52463267086, 0.20866276932, 0.0057776935474],
      [0.00047289310663, 0.0088573391168, 0.017741337229, 0.97022403398, 0.0027043965676],
      [0.026259078452, 0.29002181279, 0.13109510925, 0.45887654473, 0.09374745477],
      [0.3417755302, 0.12792740252, 0.06520643301, 0.39285024853, 0.07224038574],
      [0.02804613168, 0.58793852087, 0.045561584885, 0.10604940485, 0.23240435771]
    ],
    [
      [0.033060932554, 0.10886729808, 4.1812229247e-05, 0.73316997384, 0.1248599833],
      [8.1608660332e-09, 0.97312341756, 0.0041566932348, 0.0050279591894, 0.017691921853],
      [0, 0.16088584236, 0.65681241446, 0.17123332972, 0.011068413456],
      [0.00022916832124, 0.0059590164572, 0.025460621824, 0.96461160696, 0.0037395864411],
      [0.0061307773834, 0.20177049763, 0.19217507874, 0.46605810152, 0.13386554472],
      [0.20077330022, 0.10301685036, 0.11186846323, 0.46402413012, 0.12031725606],
      [0.014911738226, 0.43730648024, 0.071790516453, 0.11454300172, 0.36144826336]
    ],
    [
      [0.077122550013, 0.11789243593, 2.6661519551e-05, 0.69736932169, 0.10758903085],
      [1.8078939826e-08, 0.97844839737, 0.002498462797, 0.004566305699, 0.014486816053],
      [0.0024697141338, 0.22775009924, 0.54477787176, 0.21509822165, 0.0099040932223],
      [0.00048267552923, 0.0060488641135, 0.012918941779, 0.97513093258, 0.0054185859958],
      [0.032794601138, 0.23327769145, 0.13219295476, 0.47753803713, 0.12419671552],
      [0.38547171415, 0.093983704335, 0.060034913781, 0.37316678072, 0.087342887004],
      [0.036057360119, 0.48631879982, 0.047291540173, 0.1136929439, 0.31663935598]
    ],
    [
      [0.061908015623, 0.066300290626, 2.9159356705e-05, 0.75065493501, 0.12110759938],
      [2.4843312233e-08, 0.95892088319, 0.0047026090502, 0.0083958225547, 0.027980660361],
      [0.0020268857837, 0.13168318944, 0.61821847434, 0.23667353237, 0.011397918064],
      [0.00042433690802, 0, 0.017554176423, 0.97626678082, 0.0057547058458],
      [0.033774192123, 0.11535706169, 0.16350992577, 0.54097166013, 0.14638716029],
      [0.33619626022, 0.056803856118, 0.070624635104, 0.4307442696, 0.10563097896],
      [0.034527124379, 0.32803117338, 0.061853057407, 0.14551136569, 0.43007727915]
    ],
    [
      [0.029628070375, 0.092695873415, 3.2693576344e-05, 0.80390310896, 0.073740253675],
      [8.76071096e-09, 0.97698384103, 0.0038695020843, 0.0066124200111, 0.012534228115],
      [0, 0.16235096546, 0.60972328253, 0.22281450741, 0.0051112445985],
      [0, 0.0046960071318, 0.018574864603, 0.97467280603, 0.0020563222365],
      [0.0010775029105, 0.19264251124, 0.16712543643, 0.55342893953, 0.085725609884],
      [0.18965047669, 0.094023641982, 0.093678807228, 0.54644219659, 0.076204877508],
      [0.017231786218, 0.47696323762, 0.072147911647, 0.16235543446, 0.27130163005]
    ],
    [
      [0.02995814149, 0.25747316091, 1.8558921138e-05, 0.63549569052, 0.077054448154],
      [2.8424538174e-09, 0.99340326843, 0.00073753044128, 0.0016480900487, 0.0042111082375],
      [0.011916160079, 0.35146027098, 0.3871459643, 0.22864412337, 0.020833481271],
      [0.00023493412493, 0.015588639837, 0.012805286742, 0.96879818532, 0.0025729539743],
      [0.010965635766, 0.45746413203, 0.081152400185, 0.3726991932, 0.077718638818],
      [0.21066811022, 0.25051490934, 0.051175960223, 0.41074299517, 0.076898025044],
      [0.0089456493576, 0.75256893492, 0.021835872267, 0.065029782427, 0.15161976103]
    ],
    [
      [0.052989012441, 0.13053213421, 3.6812357747e-05, 0.70633082749, 0.1101112135],
      [1.1172464108e-08, 0.97937571993, 0.0031119596372, 0.0041608623135, 0.013351446946],
      [0.0013784433438, 0.2031847954, 0.60991775181, 0.17642044717, 0.0090985622704],
      [0.00038268444047, 0.0074524401413, 0.023330063308, 0.96537768445, 0.003457127657],
      [0.020952559211, 0.2406388726, 0.17003584877, 0.45000714403, 0.11836557538],
      [0.2900639673, 0.11295486754, 0.089980489592, 0.40995478882, 0.097045886746],
      [0.023137289567, 0.50420504216, 0.061067563371, 0.1074660556, 0.3041240493]
    ],
    [
      [0.060092059914, 0.085698348644, 3.3670789124e-05, 0.78390910889, 0.070266811767],
      [1.9042103034e-08, 0.97589993221, 0.0042963788482, 0.0069422874105, 0.012861382494],
      [0.003778069708, 0.14837149418, 0.62882235646, 0.21629349693, 0.0027345827128],
      [0.00039319701118, 0.0044461702239, 0.01939349347, 0.9737615212, 0.0020056180949],
      [0.026006338042, 0.17330887041, 0.17067137774, 0.54716994848, 0.082843465322],
      [0.33130925957, 0.073704993751, 0.081805117137, 0.45160550473, 0.061575124817],
      [0.036019038726, 0.45600625015, 0.076791919198, 0.16347950895, 0.26770328298]
    ],
    [
      [0.055575177154, 0.15898574329, 4.6593490788e-05, 0.65560671057, 0.12978577549],
      [9.6441767645e-09, 0.98063649577, 0.0032398852581, 0.0031783800304, 0.012945229299],
      [0.0014228269998, 0.20667797507, 0.64995691504, 0.13224471271, 0.0096975701835],
      [0.00042749486406, 0.0096617715641, 0.031438785, 0.9541345827, 0.0043373658756],
      [0.02020945632, 0.26951840287, 0.19794176888, 0.38406528325, 0.12826508868],
      [0.28895370241, 0.13105710819, 0.1085128896, 0.36253276681, 0.108943533],
      [0.020678687114, 0.52326011775, 0.06587306846, 0.085027038503, 0.30516108817]
    ],
    [
      [0.07399921027, 0.11754465383, 3.6510559061e-05, 0.72177977863, 0.086639846712],
      [1.7084412753e-08, 0.98035500189, 0.003405189447, 0.0046635352141, 0.011576256366],
      [0.0031627768655, 0.18890831963, 0.61903333954, 0.18310730751, 0.0057882564514],
      [0.0005206262812, 0.006566236697, 0.022668186209, 0.96758518234, 0.0026597684726],
      [0.030139426304, 0.22430273943, 0.17459563816, 0.4746598364, 0.096302359709],
      [0.37627031714, 0.092544563044, 0.081223972617, 0.38046469683, 0.069496450365],
      [0.03584364466, 0.50741476631, 0.067452969344, 0.121725793, 0.26756282669]
    ],
    [
      [0.047691982879, 0.10452714342, 3.2112236012e-05, 0.77381815936, 0.07393060211],
      [1.2461598005e-08, 0.97987852267, 0.003369757506, 0.0056320427119, 0.01111966465],
      [0.001756973365, 0.18570444052, 0.59612314137, 0.21255968846, 0.0038557562922],
      [0.00031702280811, 0.0054872388677, 0.01872344266, 0.9733367846, 0.0021355110668],
      [0.020229297303, 0.20690942971, 0.15926928555, 0.52832196071, 0.085270026733],
      [0.27652391905, 0.095848591094, 0.083192590851, 0.47535453207, 0.069080366934],
      [0.025977637664, 0.50552255379, 0.066500351399, 0.14644863695, 0.2555508202]
    ],
    [
      [0.011362114294, 0.10972801063, 4.2062327467e-05, 0.79786127749, 0.08100653526],
      [0, 0.97860698981, 0.0042305842615, 0.0054631702572, 0.01169925567],
      [0, 0.16059597331, 0.65127122746, 0.18371028253, 0.0044225167044],
      [0, 0.0056996935757, 0.024241710349, 0.9677417955, 0.0023168005721],
      [0, 0.21043329241, 0.19966174795, 0.50213292027, 0.087772039368],
      [0.18559438639, 0.10720354635, 0.11608071015, 0.51050981831, 0.080611538807],
      [0.015600946936, 0.49920610716, 0.082230271327, 0.1397335265, 0.26322914808]
    ],
    [
      [0.03500021373, 0.067177627686, 3.5944849726e-05, 0.83287245404, 0.064913759699],
      [1.4077341561e-08, 0.96983727906, 0.0057995730768, 0.0093079246689, 0.015055209121],
      [0, 0.10031725996, 0.66774452949, 0.22786889234, 0.0040693182115],
      [0, 0.0032868849084, 0.01974007916, 0.97522505865, 0.0017479772824],
      [0.014384482559, 0.13708922187, 0.18494927124, 0.58633644057, 0.077240583762],
      [0.21866050611, 0.066245597883, 0.10015375509, 0.5497223789, 0.065217762016],
      [0.023841015236, 0.40574060716, 0.092987309281, 0.19666081203, 0.28077025629]
    ],
    [
      [0.078661442533, 0.11967966127, 4.5114737468e-05, 0.66867750546, 0.13293627599],
      [1.7880810936e-08, 0.97420724331, 0.0041249471595, 0.0042520251282, 0.017415766521],
      [0.0028020999369, 0.16957881138, 0.67162101572, 0.14621415207, 0.0097839209005],
      [0.00059342837468, 0.0071519875599, 0.029949248456, 0.95794174351, 0.0043635920977],
      [0.030174084225, 0.21449977717, 0.20272000964, 0.41373613297, 0.13886999599],
      [0.37628449598, 0.089859214237, 0.095721586048, 0.33650879711, 0.10162590663],
      [0.032923114018, 0.44430599282, 0.071872669843, 0.097539228281, 0.35335899503]
    ],
    [
      [0.11558439461, 0.12474152613, 4.4821259046e-05, 0.62801796903, 0.13161128896],
      [2.5521335729e-08, 0.97544953145, 0.003962006066, 0.003879659827, 0.016708777134],
      [0, 0.1790011957, 0.67275809226, 0.13772054026, 0.010520171778],
      [0, 0.0088622321429, 0.031619675036, 0.95491131181, 0.0046067810141],
      [0.043487508781, 0.22549655455, 0.20202050376, 0.39090663928, 0.13808879363],
      [0.47417704643, 0.08129153209, 0.082500414595, 0.27469957808, 0.087331428805],
      [0.04746255862, 0.4520138629, 0.069878169654, 0.090002761191, 0.34064264764]
    ],
    [
      [0.096577025582, 0.11580506867, 4.4912020524e-05, 0.66454222446, 0.12303076927],
      [2.2767685272e-08, 0.97464537899, 0.0042548190145, 0.0043849557917, 0.016714823431],
      [0.0012077737978, 0.1656096766, 0.67537555592, 0.14795457409, 0.0098524195876],
      [0.00073407536053, 0.006972180916, 0.030021788091, 0.9581999572, 0.0040719984341],
      [0.037582647756, 0.21039427907, 0.20454872079, 0.41715569104, 0.13031866135],
      [0.429941191, 0.081142689267, 0.088910825259, 0.31223031369, 0.087774980775],
      [0.041908761492, 0.44510525475, 0.074142703121, 0.10057448226, 0.33826879839]
    ],
    [
      [0.072674643468, 0.1353927301, 4.9010743604e-05, 0.6603786801, 0.13150493559],
      [1.4788069452e-08, 0.97687678068, 0.0039927648618, 0.0037568564404, 0.015373583232],
      [0.0025190618848, 0.17891493322, 0.67713964887, 0.13217590391, 0.0092504521176],
      [0.00055540160689, 0.0081776112773, 0.032846751737, 0.95405005402, 0.0043701813548],
      [0.0269487186, 0.23385526679, 0.21216132063, 0.39456566906, 0.13246902493],
      [0.34962897948, 0.10348441123, 0.10581998352, 0.33872349333, 0.10234313243],
      [0.028906226862, 0.47549856125, 0.074020087678, 0.091620016912, 0.3299551073]
    ],
    [
      [0.038294031606, 0.19319547293, 3.9641810939e-05, 0.65620066719, 0.11227018647],
      [0, 0.98609099012, 0.0022473788595, 0.0025632385727, 0.0090983924515],
      [0, 0.24458936056, 0.59398800609, 0.14849586303, 0.012926770314],
      [0, 0.011676241256, 0.02701785239, 0.95757864603, 0.0037272603274],
      [0.008970251578, 0.32690283954, 0.17297065902, 0.3807888691, 0.11036738077],
      [0.22260477653, 0.17490872956, 0.1015688159, 0.39739413771, 0.10352354029],
      [0.01335247737, 0.60446013405, 0.052822383691, 0.079382728111, 0.24998227678]
    ],
    [
      [0.024839453547, 0.078231629417, 0.00010869604407, 0.83803816525, 0.058782055743],
      [8.399809739e-09, 0.96598552677, 0.014763131647, 0.0078203026106, 0.011431030574],
      [0, 0.01969036467, 0.84658732299, 0.13372231234, 0],
      [0, 0, 0.039550522763, 0.96044947724, 0],
      [0, 0.11506232604, 0.40380898835, 0.44043627273, 0.040692412881],
      [0.09443698874, 0.067305267729, 0.26529925098, 0.52146939873, 0.051489093819],
      [0.013785383095, 0.38783682905, 0.22999177966, 0.16038579404, 0.20800021415]
    ],
    [
      [0.079486062971, 0.13045277881, 3.1874662049e-05, 0.70055623595, 0.089473047609],
      [1.6487576812e-08, 0.98254034745, 0.0026716393967, 0.0040607990887, 0.010727197575],
      [0.0034592443379, 0.21990302047, 0.5791119643, 0.19032446745, 0.0072013034358],
      [0.00057718228202, 0.007504291526, 0.020400957115, 0.96868689417, 0.0028306749088],
      [0.032577682418, 0.25066123435, 0.15349388652, 0.46323356857, 0.10003362814],
      [0.39563128713, 0.10098111268, 0.069766482028, 0.36307252611, 0.070548592057],
      [0.03643385333, 0.53462046854, 0.055778425117, 0.11174017828, 0.26142707473]
    ],
    [
      [0.06270487767, 0.15271385315, 4.7614459739e-05, 0.67210770528, 0.11242594944],
      [1.1417377706e-08, 0.98135999129, 0.0034637419073, 0.0034204218706, 0.011755833513],
      [0.0017818457342, 0.19779300551, 0.65653691621, 0.13619021651, 0.0076980160424],
      [0.00047233650662, 0.0090843456342, 0.031411783201, 0.95534759273, 0.0036839419288],
      [0.023089531843, 0.26157346938, 0.20436546002, 0.39861318991, 0.11235834885],
      [0.31542099451, 0.1225727776, 0.10793216242, 0.36218510241, 0.091888963066],
      [0.024780252487, 0.53181565649, 0.071371650309, 0.092677448897, 0.27935499182]
    ],
    [
      [0.017849148982, 0.10544188659, 2.4989583455e-05, 0.82561416656, 0.051069808284],
      [0, 0.98469756462, 0.0024945576333, 0.0055396748446, 0.0072682029016],
      [0, 0.20866191353, 0.53384358314, 0.25596259122, 0.0015319121157],
      [0, 0.0051717843929, 0.013698063588, 0.98113015202, 0],
      [0.0078942447375, 0.21894368625, 0.12987105723, 0.58194030955, 0.06135070223],
      [0.047808166102, 0.16829640361, 0.097648522421, 0.62758290601, 0.058664001861],
      [0.010573284727, 0.57124478007, 0.056551894029, 0.16643441806, 0.19519562312]
    ],
    [
      [0.13241768511, 0.11607982125, 5.7744744043e-05, 0.61105832716, 0.14038642175],
      [2.9415375934e-08, 0.97272289566, 0.0052996379512, 0.0038321992374, 0.018145237734],
      [0, 0.14109816583, 0.74179665118, 0.10200641069, 0.015098772292],
      [0, 0.0084688717675, 0.041196547917, 0.94546307504, 0.0048715052784],
      [0.042874930872, 0.20555136792, 0.25061233041, 0.36052944093, 0.14043192986],
      [0.51830623021, 0.067358546909, 0.094961805899, 0.23657244334, 0.082800973644],
      [0.052059816636, 0.41398407479, 0.087681842128, 0.083802405676, 0.36247186077]
    ],
    [
      [0.12234414848, 0.13075844453, 2.8436011726e-05, 0.6269830829, 0.11988588808],
      [2.549973161e-08, 0.97948810939, 0.0023927714331, 0.0036698694392, 0.014449224242],
      [0, 0.23835107168, 0.55853581431, 0.18943847286, 0.01367464115],
      [0, 0.0084020483267, 0.020298858783, 0.96706486329, 0.0042342296045],
      [0.044124616639, 0.25416160474, 0.14364228677, 0.42225681386, 0.13581467798],
      [0.51125423222, 0.084808559048, 0.0521002406, 0.27265789183, 0.079179076305],
      [0.051523742116, 0.48964490755, 0.045670758932, 0.092249541513, 0.32091104989]
    ],
    [
      [0.047865352181, 0.087408145647, 3.4380001144e-05, 0.75395281036, 0.11073931181],
      [1.4977544379e-08, 0.96920611493, 0.004302521873, 0.0065866706366, 0.019904677581],
      [0.000281173586, 0.14718620233, 0.63309318747, 0.20870403277, 0.010735403852],
      [0.0003266030532, 0.0047099095785, 0.020549168874, 0.97112947717, 0.0032848413221],
      [0.020194057495, 0.17160574892, 0.16918054195, 0.51217157895, 0.12684807268],
      [0.27230345264, 0.079192074969, 0.087980428629, 0.45835783081, 0.10216621295],
      [0.025055927461, 0.40364066892, 0.068277489736, 0.13753379098, 0.3654921229]
    ],
    [
      [0.067018341045, 0.035694904244, 3.0821694112e-05, 0.25887227044, 0.63838366257],
      [3.9239855799e-08, 0.77278489748, 0.0074259405549, 0.0043170451538, 0.21547207757],
      [0.0024661166022, 0.072563505622, 0.77559189664, 0.14937848113, 0],
      [0.0011885675494, 0.0051098445298, 0.098114413841, 0.89558717408, 0],
      [0.10359863933, 0.06058999593, 0.28382431598, 0.1514641106, 0.40052293815],
      [0.32460572772, 0.0255609885, 0.062430174696, 0.12400871308, 0.46339439601],
      [0.013824818944, 0.065709754281, 0.024431545063, 0.018752909864, 0.87728097185]
    ],
    [
      [0.050047995061, 0.104673252, 3.785270538e-05, 0.73249990266, 0.11274099757],
      [1.3172518895e-08, 0.97359806667, 0.0039805200449, 0.005384288793, 0.017037111321],
      [0, 0.16638653783, 0.63720990891, 0.18697793965, 0.0094256136127],
      [0.00014101856286, 0.005783924076, 0.023407180073, 0.96723685651, 0.0034310207759],
      [0.020315957899, 0.19762519218, 0.17910832373, 0.47875148019, 0.124199046],
      [0.27701766519, 0.092504936752, 0.094481998428, 0.43453706363, 0.101458336],
      [0.024049306206, 0.44331544875, 0.068981770481, 0.12273098816, 0.34092248641]
    ],
    [
      [0.051443132292, 0.16737651444, 4.6587923121e-05, 0.70175219423, 0.079381571113],
      [8.2532314967e-09, 0.98643774653, 0.0030327222817, 0.0031375143059, 0.0073920086296],
      [0.0037189232109, 0.21166500592, 0.64193619737, 0.14267987349, 0],
      [0.000998406096, 0.0094655981294, 0.029396532727, 0.95830176373, 0.0018376993187],
      [0.018778798121, 0.28783124607, 0.20093475292, 0.41323372708, 0.079221475811],
      [0.28376120967, 0.141217648, 0.11127270202, 0.3954965435, 0.068251896804],
      [0.020638943776, 0.60597105895, 0.071656066687, 0.097703300632, 0.20403062996]
    ],
    [
      [0.074320625186, 0.16140909305, 3.1960565459e-05, 0.61914411188, 0.14509420932],
      [1.2799730098e-08, 0.98047169742, 0.0021983194337, 0.0029798766723, 0.014350093672],
      [0.0036178476942, 0.25166697659, 0.56519538275, 0.16777419309, 0.011745599878],
      [0.00061126234492, 0.010480329508, 0.023015007579, 0.96070339549, 0.005190005078],
      [0.028715263181, 0.290017826, 0.14388592099, 0.38524379497, 0.15213719486],
      [0.36335712647, 0.12606305272, 0.070493516694, 0.32469062713, 0.11539567699],
      [0.027069615607, 0.51791630884, 0.044143733096, 0.078684381208, 0.33218596125]
    ],
    [
      [0.068079870835, 0.17205616488, 2.0753668684e-05, 0.59332044349, 0.16652276713],
      [1.0445819493e-08, 0.9812878544, 0.001305558148, 0.0025638397729, 0.014842737233],
      [0.0022153709638, 0.32591370263, 0.44645388444, 0.20967088626, 0.0157461557],
      [0.0056009941965, 0, 0.022094353504, 0.96620569005, 0.0060989622473],
      [0.026714909451, 0.31966509241, 0.096300661036, 0.37754228931, 0.1797770478],
      [0.36587893886, 0.13684311467, 0.04664498505, 0.31575941475, 0.13487354667],
      [0.022691117335, 0.51998158662, 0.026612414296, 0.069077273134, 0.36163760862]
    ]
  ],
  "expected_outcome": [
    [
