{
  "X": [
    [60, 20, 371, 262, 53],
    [3, 11, 41, 49, 3],
    [2, 27, 50, 96, 7],
    [1, 15, 39, 85, 4],
    [3, 5, 30, 21, 2],
    [48, 52, 268, 462, 49],
    [116, 73, 1054, 959, 105],
    [28, 38, 129, 192, 22],
    [2, 1, 9, 19, 0],
    [9, 6, 95, 79, 7],
    [5, 8, 25, 51, 8],
    [1, 2, 6, 10, 2],
    [17, 12, 158, 200, 7],
    [17, 17, 206, 290, 14],
    [9, 13, 100, 142, 13],
    [282, 271, 1901, 2267, 192],
    [15, 8, 157, 109, 10],
    [4, 2, 35, 63, 7],
    [6, 12, 40, 44, 6],
    [2, 8, 25, 23, 2],
    [1, 0, 2, 7, 1],
    [1, 0, 3, 3, 0],
    [27, 50, 207, 253, 20],
    [17, 11, 61, 126, 11],
    [4, 7, 32, 25, 4],
    [32, 54, 176, 423, 28],
    [1, 3, 18, 25, 2],
    [24, 17, 228, 187, 29],
    [32, 18, 276, 287, 29],
    [69, 56, 539, 443, 53],
    [32, 26, 176, 275, 15],
    [32, 21, 288, 468, 30],
    [28, 28, 265, 223, 15],
    [4, 5, 11, 23, 2],
    [4, 4, 17, 26, 2],
    [62, 69, 364, 382, 33],
    [60, 95, 496, 487, 51],
    [1, 1, 12, 12, 0],
    [0, 2, 16, 13, 3],
    [32, 21, 301, 294, 26],
    [2, 4, 68, 46, 9],
    [17, 12, 168, 227, 13],
    [23, 12, 173, 179, 22],
    [7, 1, 10, 11, 1],
    [2, 1, 21, 17, 2],
    [47, 69, 384, 412, 36],
    [25, 33, 156, 296, 30],
    [48, 54, 252, 344, 36],
    [53, 55, 395, 469, 56],
    [37, 37, 247, 322, 36],
    [15, 23, 85, 150, 16],
    [48, 30, 392, 445, 54],
    [2, 1, 5, 18, 1],
    [24, 40, 246, 282, 9],
    [21, 78, 255, 319, 19],
    [4, 11, 32, 30, 1],
    [16, 84, 192, 368, 19],
    [131, 271, 908, 1376, 139],
    [94, 205, 799, 1124, 103]
  ],
  "W": [
    [26, 247, 392, 76, 25],
    [11, 37, 46, 3, 10],
    [52, 59, 59, 2, 10],
    [19, 74, 42, 3, 6],
    [3, 24, 30, 3, 1],
    [73, 424, 300, 51, 31],
    [75, 886, 1131, 159, 56],
    [42, 169, 140, 35, 23],
    [5, 10, 12, 4, 0],
    [7, 62, 111, 11, 5],
    [12, 44, 27, 8, 6],
    [3, 10, 7, 0, 1],
    [6, 181, 178, 18, 11],
    [19, 279, 211, 24, 11],
    [9, 130, 114, 15, 9],
    [340, 2055, 2069, 295, 154],
    [8, 108, 164, 15, 4],
    [7, 56, 37, 9, 2],
    [14, 41, 41, 6, 6],
    [8, 20, 25, 1, 6],
    [0, 6, 4, 0, 1],
    [0, 3, 4, 0, 0],
    [47, 227, 228, 26, 29],
    [15, 109, 76, 17, 9],
    [3, 28, 34, 2, 5],
    [42, 393, 203, 49, 26],
    [0, 21, 20, 4, 4],
    [16, 167, 240, 44, 18],
    [23, 237, 312, 44, 26],
    [67, 351, 623, 70, 49],
    [27, 260, 194, 36, 7],
    [19, 432, 313, 46, 29],
    [23, 197, 299, 27, 13],
    [5, 19, 14, 5, 2],
    [3, 26, 19, 4, 1],
    [56, 325, 399, 100, 30],
    [82, 434, 539, 92, 42],
    [0, 12, 11, 3, 0],
    [3, 14, 16, 0, 1],
    [30, 253, 339, 33, 19],
    [1, 47, 74, 4, 3],
    [9, 208, 178, 31, 11],
    [6, 170, 196, 23, 14],
    [2, 7, 16, 5, 0],
    [1, 18, 21, 1, 2],
    [55, 352, 435, 58, 48],
    [35, 258, 182, 43, 22],
    [51, 309, 294, 53, 27],
    [43, 447, 453, 44, 41],
    [43, 284, 272, 60, 20],
    [14, 143, 100, 22, 10],
    [43, 384, 455, 52, 35],
    [0, 19, 6, 1, 1],
    [61, 226, 260, 34, 20],
    [96, 252, 287, 27, 30],
    [14, 27, 29, 5, 3],
    [99, 326, 208, 21, 25],
    [207, 1386, 988, 126, 118],
    [133, 1095, 864, 126, 107]
  ],
  "method": "mvn_pdf",
  "cond_prob": [
    [
      [0.0077955826062, 0.43398041936, 0.026895939037, 0.51639183367, 0.014936225325],
      [0.07838760379, 0.0020662156407, 0.14074147772, 0.69896221125, 0.079842491595],
      [0, 0, 0.8417295396, 0.1582704604, 0],
      [0.52303838399, 0.023158348797, 0.064013777568, 0.13766119264, 0.25212829701],
      [0.027386381317, 0.25784477299, 0.028581358746, 0.13703500114, 0.5491524858]
    ],
    [
      [0.0033831384714, 0.47688139283, 0.01703485937, 0.50027452546, 0.0024260838691],
      [0.037311984163, 0.011133823603, 0.1042798274, 0.83102484759, 0.016249517242],
      [0.00084950498858, 0.0011002737676, 0.79053608355, 0.2075141377, 0],
      [0.45604746807, 0.054062461038, 0.089226451851, 0.28852813905, 0.11213547999],
      [0.017502242909, 0.51295532292, 0.032192373449, 0.23378261077, 0.20356744995]
    ],
    [
      [0.0007840042627, 0.43044608783, 0.015330663575, 0.5455339852, 0.00790525914],
      [0.020249350199, 0.0094723920984, 0.084932202985, 0.84391848399, 0.04142757073],
      [0, 0, 0.7423335883, 0.25394111365, 0.0037252980501],
      [0.32755809672, 0.051490600328, 0.076726385954, 0.31893755806, 0.22528735894],
      [0.010940392315, 0.39549510985, 0.02406710365, 0.2220641393, 0.34743325488]
    ],
    [
      [0, 0.53998516592, 0.012952325504, 0.44355549156, 0.0035070170173],
      [0.0022245865186, 0.015219825909, 0.093130832219, 0.86155557252, 0.027869182837],
      [0, 0, 0.74869172391, 0.24997433126, 0.0013339448251],
      [0.2656792441, 0.089753685736, 0.093501876439, 0.37073035716, 0.18033483656],
      [0.0063904775521, 0.5574589455, 0.022777699617, 0.20103671826, 0.21233615907]
    ],
    [
      [0.0015677984351, 0.90027098225, 0.005532162238, 0.090394340071, 0.0022347170066],
      [0.063648432866, 0.039678305023, 0.15127876915, 0.69544112723, 0.049953365733],
      [0.001197523395, 0, 0.87062968572, 0.11896734594, 0.0092054449437],
      [0.47522957312, 0.16348671361, 0.074661614911, 0.1424226329, 0.14419946546],
      [0.006119794699, 0.85644759187, 0.0098376373642, 0.041941649374, 0.085653326694]
    ],
    [
      [0.0046659140756, 0.47001424262, 0.014970998834, 0.50189672932, 0.0084521151489],
      [0.053193175455, 0.0095836458254, 0.086514450768, 0.79406668707, 0.056642040879],
      [0.00026095933177, 0, 0.75581051676, 0.24196849504, 0.0019600288644],
      [0.47769211444, 0.040084026157, 0.055360286175, 0.20760818833, 0.21925538489],
      [0.021448265919, 0.37358739111, 0.021240656027, 0.17737733299, 0.40634635395]
    ],
    [
      [0.0041873504338, 0.47922580033, 0.021530646488, 0.48705280412, 0.0080033986303],
      [0.048322404311, 0.0096343760284, 0.12372402416, 0.76514217221, 0.053177023295],
      [2.5480987549e-05, 0, 0.82039334723, 0.17804372917, 0.0015374426116],
      [0.45111514544, 0.042729382325, 0.082776834426, 0.20987426538, 0.21350437243],
      [0.019931631716, 0.38800064329, 0.031059352073, 0.17531445053, 0.38569392239]
    ],
    [
      [0.0042369861393, 0.54558006604, 0.014534195263, 0.4294047779, 0.0062439746516],
      [0.056048949832, 0.013734205169, 0.09741090396, 0.78548672243, 0.047319218614],
      [0.00023074145434, 2.4969007597e-05, 0.78046664355, 0.21675728651, 0.002520359479],
      [0.50908019351, 0.052397451179, 0.061193596909, 0.20150836343, 0.17582039497],
      [0.021724499304, 0.47509348262, 0.022609349607, 0.16604045247, 0.314532216]
    ],
    [
      [0.0054016761472, 0.18033419677, 0.016152781033, 0.79811134605, 0],
      [0.020360912277, 0.0016161545932, 0.05962099933, 0.9184019338, 0],
      [0, 0, 0.66698471638, 0.33301528362, 0],
      [0.44234562412, 0.020541867553, 0.079802376253, 0.45731013207, 0],
      [0.018496012296, 0.30199380484, 0.032471749222, 0.51662742257, 0.13041101107]
    ],
    [
      [0.00460156051, 0.45004047933, 0.018419875172, 0.52001520628, 0.0069228787031],
      [0.050878743603, 0.0086550238522, 0.10268506292, 0.79317197254, 0.044609197089],
      [0.0011234095323, 0, 0.78935710647, 0.20590079158, 0.0036186924157],
      [0.50655206875, 0.035539108249, 0.067718615699, 0.21270470553, 0.17748550177],
      [0.023307151742, 0.38443499502, 0.0282086765, 0.19769832634, 0.3663508504]
    ],
    [
      [0.0039964337688, 0.44497920585, 0.015084412964, 0.52642549707, 0.0095144503421],
      [0.038655913966, 0.009224110113, 0.084584635322, 0.80519131775, 0.062344022845],
      [0.0018380878279, 0.00022507411818, 0.75950903603, 0.2368016404, 0.0016261616201],
      [0.38926775802, 0.038421347083, 0.059090887913, 0.22975209803, 0.28346790895],
      [0.014568690794, 0.32349015115, 0.019632002348, 0.17046916314, 0.47183999256]
    ],
    [
      [0.012152802854, 0.56963473057, 0.0080474833782, 0.39795237259, 0.012212610614],
      [0.087986367942, 0.014827921652, 0.059449138348, 0.72356148268, 0.11417508938],
      [0.010604654697, 0.0040467094764, 0.76812785227, 0.21722078356, 0],
      [0.61707530657, 0.016014938397, 0.018645190956, 0.087606700712, 0.26065786336],
      [0.0094453291439, 0.11448962543, 0.0044712005091, 0.049982570542, 0.82161127437]
    ],
    [
      [0.003417067017, 0.49431474924, 0.015903463292, 0.48326872037, 0.0030960000787],
      [0.044164259061, 0.012802313679, 0.10118514156, 0.8267195699, 0.015128715803],
      [0, 0, 0.77439599048, 0.22560400952, 0],
      [0.48638579218, 0.054538701474, 0.07898038545, 0.26874357523, 0.11135154566],
      [0.020983858963, 0.52138146383, 0.029630486838, 0.22447704335, 0.20352714702]
    ],
    [
      [0.0025523142524, 0.43941204244, 0.020997231314, 0.53277566135, 0.0042627506395],
      [0.026810465811, 0.0091755299561, 0.11894614885, 0.81887725177, 0.026190603618],
      [0, 0, 0.80308734198, 0.19691265802, 0],
      [0.38735513664, 0.050496662309, 0.10622717575, 0.30174573649, 0.15417528881],
      [0.015896617142, 0.44357076732, 0.037654154518, 0.23818551586, 0.26469294517]
    ],
    [
      [0.0019583066762, 0.57708295163, 0.012239209677, 0.40300978909, 0.0057097429295],
      [0.027419472476, 0.016167119145, 0.091527293374, 0.81576881349, 0.04911730152],
      [0, 0, 0.76082434871, 0.23602930382, 0.0031463474692],
      [0.35471428948, 0.074694269414, 0.072233473632, 0.26596525765, 0.23239270982],
      [0.010792163987, 0.50934598948, 0.01931345746, 0.15846073827, 0.3020876508]
    ],
    [
      [0.0049308389812, 0.4959327457, 0.01804117702, 0.47485508285, 0.0062401554502],
      [0.058786157024, 0.010914485206, 0.10851524118, 0.77850214341, 0.043281973176],
      [0, 0, 0.79630041285, 0.20212555098, 0.0015740361718],
      [0.52722503701, 0.043408117836, 0.067705438359, 0.19987158147, 0.16178982533],
      [0.025886858081, 0.43602730262, 0.028237147279, 0.18550315333, 0.32434553869]
    ],
    [
      [0.0050994836243, 0.53435533166, 0.023279814948, 0.43028062108, 0.006984748688],
      [0.062922713614, 0.011971195089, 0.14563252029, 0.72892182582, 0.050551745194],
      [0.00030308166542, 0.00051794453091, 0.85191643258, 0.14423182667, 0.003030714552],
      [0.53427914386, 0.040705052136, 0.082330363214, 0.17008930325, 0.17259613754],
      [0.024914627402, 0.43418739799, 0.034049724323, 0.15720968029, 0.34963857]
    ],
    [
      [0.0025211931052, 0.23213942287, 0.04237112429, 0.71197752146, 0.010990738275],
      [0.018569818983, 0, 0.096106237066, 0.82998205888, 0.055341885072],
      [0, 0, 0.76857937447, 0.22745237462, 0.0039682509107],
      [0.32410298267, 0, 0.091574053324, 0.29403772003, 0.29028524397],
      [0.012757470599, 0.18751201995, 0.029924759441, 0.23754235573, 0.53226339428]
    ],
    [
      [0.004787737453, 0.59280059779, 0.017140486829, 0.37740981207, 0.0078613658625],
      [0.062693554476, 0.014400996183, 0.12370660817, 0.73976586201, 0.059432979161],
      [0.0014779713676, 0, 0.8327642833, 0.1612364124, 0.0045213329348],
      [0.52975925316, 0.049297106872, 0.066384638661, 0.16240247891, 0.19215652239],
      [0.02056393285, 0.46909469103, 0.024403133675, 0.1334590845, 0.35247915794]
    ],
    [
      [0.0058283178798, 0.55888754679, 0.021581184621, 0.4096508184, 0.0040521323137],
      [0.055095510334, 0.0080742933048, 0.14953426928, 0.76044654836, 0.026849378717],
      [0.0055237262992, 0, 0.86083562437, 0.1309082057, 0.0027324436327],
      [0.58336441971, 0.046873652214, 0.089470381608, 0.1862277932, 0.094063753267],
      [0.021667612182, 0.55342335123, 0.037717357757, 0.17582159165, 0.21137008718]
    ],
    [
      [0.016226924932, 0.00011822829765, 0.0063125226461, 0.96956243505, 0.0077798890704],
      [0.14314060008, 0, 0.0089971106998, 0.8137324444, 0.034129844817],
      [0.02255407928, 0, 0.48559980063, 0.48155750752, 0.010288612572],
      [0.99999999975, 3.6513655976e-16, 7.8264639136e-12, 2.4258954523e-10, 2.5051134487e-16],
      [0.050940082403, 0, 0.0036181332778, 0.19137530351, 0.75406648081]
    ],
    [
      [0.0056590592561, 0.6407646956, 0.0099097138868, 0.33688298722, 0.0067835440333],
      [0.33333333333, 0, 0.29216994556, 0.37449672111, 0],
      [0, 0, 0.53087254083, 0.46912745917, 0],
      [0.74429955568, 0.022313339472, 0.02416359318, 0.090562788359, 0.11866072331],
      [0.028136293008, 0.50260256095, 0.014293596024, 0.11829847266, 0.33666907736]
    ],
    [
      [0.0037690621861, 0.60010823206, 0.013699735873, 0.37807843375, 0.0043445361346],
      [0.05607175411, 0.017104825796, 0.10399797627, 0.78470604785, 0.038119395971],
      [0.00048075100795, 0, 0.79106501823, 0.20722768166, 0.001226549098],
      [0.51518337073, 0.066533922693, 0.066435069997, 0.20492721811, 0.14692041846],
      [0.02035127674, 0.55800812577, 0.022704683566, 0.15606971248, 0.24286620144]
    ],
    [
      [0.0058730594887, 0.42173368337, 0.011912319885, 0.55354468847, 0.0069362487795],
      [0.063557660145, 0.0071221438195, 0.064501244215, 0.82105062891, 0.04376832291],
      [0, 0, 0.69664809294, 0.29955543287, 0.0037964741872],
      [0.5710502087, 0.031184242888, 0.03970100493, 0.20452003147, 0.15354451201],
      [0.030696178212, 0.37417210489, 0.018945270528, 0.21769529874, 0.35849114763]
    ],
    [
      [0.0028466381243, 0.83551783672, 0.0071344155442, 0.14971414391, 0.0047869656975],
      [0.094983469878, 0.032701067858, 0.12081032183, 0.67275197898, 0.078753161458],
      [0, 0, 0.83712938268, 0.1541621823, 0.0087084350208],
      [0.62790307428, 0.079296531269, 0.039088535128, 0.093044385677, 0.16066747365],
      [0.015223356097, 0.68384470546, 0.011066332166, 0.057239837469, 0.23262576881]
    ],
    [
      [0.0018730832739, 0.61996967581, 0.0085642614694, 0.3660068723, 0.0035861071399],
      [0.031867652443, 0.018943826443, 0.072197059154, 0.84221598416, 0.034775477799],
      [0, 0, 0.70928975846, 0.28923197759, 0.0014782639418],
      [0.3897830872, 0.097538029687, 0.059039419772, 0.28157889371, 0.17206056963],
      [0.011460454591, 0.60526870651, 0.014927085919, 0.1586681671, 0.20967558588]
    ],
    [
      [0.0010079648428, 0.55336121527, 0.012728019203, 0.43000539811, 0.0028974025686],
      [0, 0.013160747569, 0.098533166692, 0.8634860116, 0.024820074139],
      [0, 0, 0.77066113279, 0.22541649114, 0.0039223760621],
      [0.24538936114, 0.08558065016, 0.10644852489, 0.39759942031, 0.16498204349],
      [0.0046106388594, 0.5953254251, 0.022946686, 0.19201656307, 0.18510068697]
    ],
    [
      [0.003501801172, 0.46099528824, 0.024284863045, 0.50201342875, 0.0092046187965],
      [0.038780701314, 0.00888475432, 0.13452650489, 0.75932704936, 0.058480990112],
      [0.00016086257929, 0, 0.83483649652, 0.16416114708, 0.0008414938213],
      [0.38964933232, 0.041070846499, 0.09520162156, 0.22025125078, 0.25382694885],
      [0.01580091227, 0.35184467615, 0.033104742304, 0.1705798646, 0.42866980467]
    ],
    [
      [0.0046020654238, 0.35918196815, 0.021795293909, 0.60702295272, 0.0073977197944],
      [0.045481253408, 0.0008910317812, 0.10782262729, 0.8040379305, 0.041767157022],
      [0, 0, 0.78722604067, 0.21018963092, 0.0025843284093],
      [0.46584975801, 0.029288633344, 0.078199783665, 0.2438086855, 0.18285313948],
      [0.023757926348, 0.31688232051, 0.034208861614, 0.23748982885, 0.38766106268]
    ],
    [
      [0.0068054494189, 0.4807145902, 0.018388859945, 0.48557862478, 0.0085124756615],
      [0.073992080185, 0.0087879813257, 0.1092851771, 0.75230587755, 0.055628883841],
      [0, 0, 0.79360567028, 0.20392482437, 0.002469505349],
      [0.5853712066, 0.0322577102, 0.053368649282, 0.15821182284, 0.17079061108],
      [0.032588373105, 0.37652043464, 0.025647167138, 0.16911991707, 0.39612410805]
    ],
    [
      [0.0035902495437, 0.57530631331, 0.012790756547, 0.40450946315, 0.0038032174488],
      [0.051628573688, 0.015979581057, 0.093310255132, 0.8071673856, 0.031914204528],
      [0.00065289419955, 0.00032789731239, 0.76767342833, 0.23099976021, 0.00034601995305],
      [0.5058891072, 0.065343474174, 0.06419799924, 0.2273362181, 0.13723320129],
      [0.020137824232, 0.55658018816, 0.022030024345, 0.17380955837, 0.22744240489]
    ],
    [
      [0.0031151517093, 0.36441959751, 0.019312234768, 0.60788960896, 0.0052634070553],
      [0.029625945167, 0.0041712718893, 0.099218481447, 0.83694552446, 0.030038777037],
      [0, 0, 0.76609444391, 0.23324416257, 0.00066139351769],
      [0.40442541544, 0.037577126624, 0.086743495981, 0.30622926776, 0.16502469419],
      [0.018580506731, 0.36363759884, 0.034238682591, 0.26888488486, 0.31465832698]
    ],
    [
      [0.0039782423698, 0.63854812757, 0.013492047442, 0.33981794116, 0.0041636414586],
      [0.064765660848, 0.019476857384, 0.11139827205, 0.76488937479, 0.039469834924],
      [0, 0, 0.80511313321, 0.19337926611, 0.0015076006786],
      [0.55056718229, 0.068046041919, 0.063980774983, 0.18044570991, 0.13696029089],
      [0.021873178206, 0.58763146379, 0.022147350754, 0.13911890653, 0.22922910072]
    ],
    [
      [0.0036907032052, 0.63601413065, 0.0058978809767, 0.34874500417, 0.0056522809912],
      [0.055678060452, 0.015325070207, 0.055699088439, 0.83195412123, 0.041343659668],
      [0.0014146730667, 0, 0.6941353932, 0.29648988801, 0.0079600457235],
      [0.57344169636, 0.061403785315, 0.034346952169, 0.19997742156, 0.13083014459],
      [0.018324715318, 0.61086704311, 0.011298824536, 0.1492005679, 0.21030884913]
    ],
    [
      [0.0026138442755, 0.77208015536, 0.0060859889699, 0.2157669658, 0.0034530455953],
      [0.06330858981, 0.024009845497, 0.082690010543, 0.78462590845, 0.045365645701],
      [0.0018427603923, 0, 0.77067343322, 0.22012123503, 0.0073625713611],
      [0.57433054198, 0.082903725568, 0.044485643455, 0.16885874631, 0.12942134269],
      [0.013800516731, 0.72788864871, 0.011063954041, 0.094687032141, 0.15255984838]
    ],
    [
      [0.0028435375023, 0.63932964519, 0.013087040066, 0.34119731623, 0.0035424610152],
      [0.047248914875, 0.019182205211, 0.11037074046, 0.78812637851, 0.035071760948],
      [0.00021259296923, 0, 0.79949358212, 0.20004482088, 0.00024900403385],
      [0.45935048046, 0.086789030692, 0.07732475403, 0.22599678392, 0.15053895089],
      [0.015499730804, 0.60948067022, 0.02220734797, 0.14447717846, 0.20833507255]
    ],
    [
      [0.002644192282, 0.65445688167, 0.013378402089, 0.32465233781, 0.0048681861476],
      [0.04546748458, 0.02020948536, 0.11619999419, 0.76971164585, 0.048411390024],
      [0, 0, 0.80969499873, 0.18821077983, 0.0020942214455],
      [0.42906167636, 0.087898693121, 0.077781872287, 0.21174473911, 0.19351301912],
      [0.013728897619, 0.58278426881, 0.02120564257, 0.12851256368, 0.25376862732]
    ],
    [
      [5.9122339719e-06, 0.99891423887, 6.1284990862e-05, 0.0010139290835, 4.6348244801e-06],
      [0.010855973546, 0.030991795372, 0.15594217123, 0.80221005985, 0],
      [0, 0.0036852965933, 0.87442914537, 0.12188555804, 0],
      [0.28990943915, 0.19585339767, 0.1699911154, 0.34424604778, 0],
      [1.8910481446e-06, 0.99995127363, 8.2028357518e-06, 3.7345437365e-05, 1.287045859e-06]
    ],
    [
      [0, 0.55971410484, 0.022711671677, 0.39278916112, 0.024785062361],
      [0, 0.018038761867, 0.18249129685, 0.65413581733, 0.14533412396],
      [0, 0, 0.83559661476, 0.16440338524, 0],
      [0.023140932624, 0.017783658303, 0.040658538686, 0.082783777193, 0.83563309319],
      [0, 0.068315019328, 0.0074409928988, 0.033276910266, 0.89096707751]
    ],
    [
      [0.0054731784738, 0.40804293525, 0.02104524852, 0.55767997329, 0.0077586644641],
      [0.056473146617, 0.0048194961332, 0.10925257417, 0.78321413596, 0.046240647115],
      [0, 0, 0.79596265816, 0.20160744666, 0.002429895177],
      [0.51614537159, 0.030805014524, 0.069594164362, 0.20638097171, 0.17707447781],
      [0.027121120473, 0.34330599692, 0.031568038897, 0.20846989038, 0.38953495333]
    ],
    [
      [0.0010004193621, 0.79106500447, 0.0089827941614, 0.1874754782, 0.011476303813],
      [0.026927132639, 0.033681565821, 0.15088171572, 0.67587434185, 0.11263524397],
      [0, 0, 0.81951079315, 0.18048920685, 0],
      [0.18052795708, 0.080805341972, 0.056159523809, 0.13220663363, 0.5503005435],
      [0.003770839422, 0.43422667802, 0.010379926309, 0.05380087107, 0.49782168518]
    ],
    [
      [0.0024827624302, 0.4250537502, 0.020042842813, 0.54818125472, 0.0042393898411],
      [0.024508837219, 0.0088984313398, 0.11229770535, 0.82888950912, 0.025405516971],
      [0, 0, 0.79137500421, 0.20862499579, 0],
      [0.37774727806, 0.04934180096, 0.10310788639, 0.31581965768, 0.15398337692],
      [0.015422852445, 0.43582242725, 0.036417861371, 0.24833565192, 0.26400120702]
    ],
    [
      [0.0050499891423, 0.53269984405, 0.015649333829, 0.43772904834, 0.0088717846372],
      [0.063577130819, 0.012664212042, 0.099189925632, 0.76036911332, 0.064199618188],
      [0.00015818955039, 0.00046214934097, 0.78819136416, 0.20967678543, 0.0015115115168],
      [0.51362437747, 0.041589975861, 0.054906923215, 0.17190823893, 0.21797048453],
      [0.022658713728, 0.40026672664, 0.021103573612, 0.14716692897, 0.40880405706]
    ],
    [
      [0.041752710005, 0.5, 0.031421299824, 0.41547606904, 0.011349921133],
      [0.31528126217, 0, 0.11826660533, 0.51241992209, 0.054032210406],
      [0, 0, 0.56933069769, 0.40325278063, 0.027416521676],
      [0.94190514895, 0, 0, 0.026012783429, 0.032082067616],
      [0.19949302582, 0.2276819867, 0.0064764612669, 0.11363070666, 0.45271781956]
    ],
    [
      [0.0065645379147, 0.34441079586, 0.03249622873, 0.60843378053, 0.0080946569641],
      [0.062710127901, 0.0055622113187, 0.14796457113, 0.74033393573, 0.04342915392],
      [0.0075584790192, 0.0014655200429, 0.86390761904, 0.11927150802, 0.0077968738846],
      [0.64539181889, 0.013174015931, 0.072509749044, 0.14883716009, 0.12008725605],
      [0.03026664079, 0.25575973178, 0.04478587104, 0.20600827396, 0.46317948243]
    ],
    [
      [0.0033978310192, 0.59358465006, 0.013640702963, 0.3848406616, 0.0045361543587],
      [0.050325310961, 0.016892517757, 0.10245082923, 0.79093047825, 0.039400863805],
      [0.00044572846142, 0, 0.78642582689, 0.21187437412, 0.0012540705279],
      [0.48313993254, 0.069326688064, 0.069165277846, 0.21835647999, 0.16001162156],
      [0.018387538909, 0.54970271018, 0.022505179936, 0.15825430596, 0.25115026502]
    ],
    [
      [0.0024724589052, 0.50031594586, 0.012275663136, 0.47846762414, 0.0064683079561],
      [0.031478468484, 0.012579093521, 0.078316832542, 0.83020082088, 0.047424784576],
      [0, 0, 0.72675892837, 0.27053329907, 0.0027077725552],
      [0.383461501, 0.058295042355, 0.062094378213, 0.27183969935, 0.22430937908],
      [0.013780660284, 0.44258404297, 0.019292080352, 0.18798426661, 0.33635894978]
    ],
    [
      [0.0040787883514, 0.6107101821, 0.010938599601, 0.36815568756, 0.0061167423908],
      [0.063150925029, 0.018112873615, 0.084853436128, 0.77943804101, 0.054444724219],
      [0, 0, 0.75579459299, 0.2414674635, 0.0027379435081],
      [0.52294039853, 0.061832267706, 0.048491827233, 0.18182578582, 0.18490972071],
      [0.020833512519, 0.51777009547, 0.016620091646, 0.13887053127, 0.30590576909]
    ],
    [
      [0.0045148936708, 0.6006543114, 0.012427307911, 0.37444362376, 0.0079598632589],
      [0.065991038448, 0.017599267564, 0.091621880617, 0.75723933523, 0.067548478136],
      [0, 4.2156668749e-05, 0.77409368376, 0.22496555212, 0.00089860745538],
      [0.51042553987, 0.054293830824, 0.048819866927, 0.16485466307, 0.22160609931],
      [0.020710771498, 0.4609016215, 0.017027615525, 0.12804734254, 0.37331264894]
    ],
    [
      [0.0032514390736, 0.50798205505, 0.01612035515, 0.4655188533, 0.0071272974298],
      [0.040398476546, 0.012090333563, 0.10067299911, 0.79536495625, 0.051473234529],
      [0, 0.0001096557994, 0.78264077002, 0.21525330515, 0.0019962690232],
      [0.4176971556, 0.052523261793, 0.072562480616, 0.23448247869, 0.2227346233],
      [0.016259572225, 0.4270947408, 0.024182734935, 0.17405970043, 0.35840325161]
    ],
    [
      [0.0019592023317, 0.73421136907, 0.0064681205831, 0.25292146916, 0.0044398388519],
      [0.043605077149, 0.024961490625, 0.075414492045, 0.79781682789, 0.05820211229],
      [0, 0, 0.72941403757, 0.26687207184, 0.003713890589],
      [0.39274804391, 0.12036051211, 0.049105049817, 0.21281674576, 0.2249696484],
      [0.0096588169137, 0.65036164072, 0.010345909602, 0.10021174527, 0.22942188749]
    ],
    [
      [0.005572383268, 0.39812501563, 0.018589812414, 0.56688905993, 0.01082372876],
      [0.056854334276, 0.0033074305262, 0.094955797748, 0.78223723111, 0.062645206339],
      [0, 0, 0.77122784323, 0.22770538053, 0.0010667762453],
      [0.48264967485, 0.02820578134, 0.057393613652, 0.19636490972, 0.23538602044],
      [0.023729716142, 0.28982486789, 0.024127861495, 0.18365000662, 0.47866754785]
    ],
    [
      [0.0028153116647, 0.68906907232, 0.0051174172111, 0.30034860762, 0.0026495911837],
      [0.067340469627, 0.014779283812, 0.045997081858, 0.83357174807, 0.038311416636],
      [0.0041806723722, 0.0021319379799, 0.68156489779, 0.30667997794, 0.0054425139151],
      [0.67730550732, 0.02817686937, 0.027375637021, 0.18211595188, 0.08502603441],
      [0.01814153553, 0.67822511033, 0.0092904209339, 0.1399409672, 0.15440196601]
    ],
    [
      [0.0034278059423, 0.43256378663, 0.022618902836, 0.53996004549, 0.001429459102],
      [0.036957539156, 0.011001429054, 0.12957486167, 0.81640409697, 0.0060620731454],
      [0, 0, 0.81039578548, 0.18960421452, 0],
      [0.44203260709, 0.048773725453, 0.11042591597, 0.29499604638, 0.10377170511],
      [0.020469567365, 0.47344896919, 0.043947141116, 0.26140749782, 0.2007268245]
    ],
    [
      [0.00242318057, 0.57273387113, 0.014117522591, 0.40730992002, 0.0034155056847],
      [0.035870516576, 0.016187890894, 0.10288091712, 0.81400683883, 0.031053836576],
      [0, 0, 0.78311962433, 0.21688037567, 0],
      [0.41834068551, 0.077458136589, 0.08245697841, 0.26697957379, 0.1547646257],
      [0.014426865971, 0.56156100593, 0.024568537221, 0.1771802661, 0.22226332477]
    ],
    [
      [0.0048997128029, 0.59660796395, 0.025418572172, 0.37307375108, 0],
      [0.050922412596, 0.015453625154, 0.18801877016, 0.7386089658, 0.0069962262928],
      [0.00027447399467, 0.0007386617429, 0.88766451407, 0.11132235019, 0],
      [0.49896236849, 0.06633068158, 0.13652792332, 0.21825342682, 0.07992559979],
      [0.017909097466, 0.62572200905, 0.047574223595, 0.17163670618, 0.13715796371]
    ],
    [
      [0.00089192755387, 0.61229532833, 0.011553923615, 0.37223513089, 0.0030236896177],
      [0.024864630766, 0.018868841932, 0.094143864708, 0.83122380694, 0.030898855651],
      [0, 0, 0.75955965205, 0.24003103258, 0.00040931537014],
      [0.35954022106, 0.099652689789, 0.079884114788, 0.29347992261, 0.16744305175],
      [0.010219396004, 0.6055525416, 0.019971505232, 0.16320911309, 0.20104744407]
    ],
    [
      [0.0025890191565, 0.71579897169, 0.0090024822624, 0.26782555792, 0.0047839689748],
      [0.052915827997, 0.026085245306, 0.094697330655, 0.76827897976, 0.058022616282],
      [0, 0, 0.77540551072, 0.22236555976, 0.0022289295133],
      [0.44132327875, 0.10465875394, 0.056655820476, 0.1889082426, 0.20845390423],
      [0.012847477183, 0.62278355821, 0.013955151779, 0.10360874534, 0.24680506748]
    ],
    [
      [0.0019104849232, 0.70813330104, 0.0097015789771, 0.27622590625, 0.0040287288074],
      [0.039593209132, 0.024358809191, 0.10205489651, 0.78584831024, 0.048144774923],
      [0, 0, 0.78181532228, 0.21599885709, 0.0021858206315],
      [0.39111529468, 0.11832882963, 0.069717008223, 0.22320247954, 0.19763638792],
      [0.010381442757, 0.6470648819, 0.015764456403, 0.11225728788, 0.21453193106]
    ]
  ],
  "expected_outcome": [
    [
      [0.20268514776, 0.037214523185, 0.040768221661, 0, 0.0047033953052, 0.34061172752, 0.31405128253, 0.17795341785, 0.027008380736, 0.03221092357, 0.047957205225, 0.036458408561, 0.020502402102, 0.048493970795, 0.017624760086, 1.6764852536, 0.040795868994, 0.017648351736, 0.067028324343, 0.046626543039, 0, 0, 0.17714592275, 0.08809589233, 0.008539914373, 0.078669497504, 0, 0.056028818752, 0.10584750475, 0.45596511107, 0.096936737679, 0.059187882476, 0.091499574505, 0.018453516026, 0.0078415328264, 0.15923810013, 0.21682376713, 0, 0, 0.16419535421, 0.0010004193621, 0.022344861872, 0.030299934854, 0.083505420011, 0.0065645379147, 0.18688070606, 0.08653606168, 0.20801820592, 0.19414042784, 0.13981188016, 0.027428832644, 0.23961248052, 0, 0.20909616248, 0.23262533472, 0.06859597924, 0.088300827833, 0.53592696539, 0.25409449479],
      [11.2834909034, 5.2456953211, 22.383196567, 10.2597181525, 2.7008129467, 34.3110397116, 35.9419350248, 22.9143627739, 0.90167098386, 3.1502833553, 5.3397504702, 1.7089041917, 2.9658884955, 8.3488288063, 5.1937465647, 168.6171335382, 4.2748426533, 1.6249759601, 8.2992083691, 4.4711003743, 0, 0, 28.2050869067, 6.3260052506, 2.5065535102, 26.0387263841, 0, 7.3759246118, 8.2611852676, 32.2078775431, 15.5332704593, 6.9239723527, 14.6866069342, 3.1800706533, 2.3162404661, 35.8024601307, 53.6654642967, 0, 1.6791423145, 12.2412880576, 0.79106500447, 3.8254837518, 3.1961990643, 1, 0.34441079586, 32.6471557534, 17.5110581052, 31.1462192869, 25.82813539, 21.8432283671, 10.278959167, 17.119375672, 0, 26.3863909846, 54.9824516289, 8.3525114952, 60.6172375044, 148.1703871393, 94.1817290387],
      [0.69929441497, 0.18738345307, 0.79719450589, 0.24609418457, 0.016596486714, 1.0928829149, 1.6147984866, 0.61043620103, 0.080763905166, 0.1289391262, 0.18101295557, 0.024142450135, 0.095420779753, 0.39894739497, 0.11015288709, 6.1340001867, 0.18623851958, 0.29659787003, 0.2399668156, 0.17264947697, 0, 0, 0.64388758605, 0.17868479828, 0.021403246633, 0.35969898171, 0, 0.38855780873, 0.5012917599, 1.2320536163, 0.34535042677, 0.36693246059, 0.31031709116, 0.029489404883, 0.01825796691, 0.73287424371, 1.0970289713, 0, 0.068135015032, 0.6313574556, 0.0089827941614, 0.18038558532, 0.093896002975, 0.062842599649, 0.03249622873, 0.75023866295, 0.42964820976, 0.55786857964, 0.53437424017, 0.69317527144, 0.090553688163, 0.79936193379, 0, 1.379753073, 1.3552821687, 0.35586001041, 1.1438384379, 1.8635138283, 1.290310004],
      [13.4261876754, 5.5030197801, 28.3677672302, 8.4275543396, 0.27118302021, 36.6384612401, 36.5289603088, 18.0350006719, 3.9905567302, 3.640106444, 6.3171059649, 1.1938571178, 2.8996123222, 10.1227375657, 3.6270881018, 161.4507281684, 3.4422449686, 4.9838426502, 5.2837373689, 3.2772065472, 0, 0, 17.7696863861, 8.3031703271, 0.44914243174, 15.3722886368, 0, 8.0322148599, 13.9615279125, 32.5337678602, 10.9217555051, 11.5499025702, 7.8158126466, 1.7437250209, 0.64730089739, 19.1070497086, 26.6214917007, 0, 1.1783674834, 16.7303991986, 0.1874754782, 4.9336312925, 2.62637429, 0.83095213807, 0.60843378053, 21.1662363878, 16.7463668449, 18.7759400656, 16.1010758219, 20.0173106919, 3.5409005683, 24.376229577, 0, 32.9375627747, 39.101752322, 5.2230325151, 36.8512779578, 55.4398904892, 36.7380455311],
      [0.38834185846, 0.026686922561, 0.41107347528, 0.066633323329, 0.0067041510198, 0.61700440587, 0.60025489727, 0.26224693537, 0, 0.048460150921, 0.11417340411, 0.036637831842, 0.018576000472, 0.08099226215, 0.051387686365, 2.1216528531, 0.055877989504, 0.076935167928, 0.11005912208, 0.032417058509, 0, 0, 0.20419319833, 0.10404373169, 0.014360897092, 0.15061649987, 0, 0.14727390074, 0.17014755527, 0.57033586932, 0.10268687112, 0.10000473405, 0.095763753547, 0.028261404956, 0.010359136786, 0.19837781685, 0.3991912641, 0, 0.074355187082, 0.23275993392, 0.011476303813, 0.03815450857, 0.053230707823, 0.022699842266, 0.0080946569641, 0.24948848973, 0.22639077846, 0.31195386193, 0.34227412013, 0.30647378948, 0.062157743926, 0.46542033668, 0, 0.08719700522, 0.32788854573, 0, 0.29934527215, 0.99028157779, 0.53582093139]
    ],
    [
      [19.361738136, 1.380543414, 1.1947116618, 0.16461940238, 1.5275623888, 22.5539063929, 42.8136502196, 9.4722725216, 0.20360912277, 3.1544821034, 1.7008602145, 0.87986367942, 7.9937308901, 7.4801199612, 3.5645314218, 120.8055526841, 6.7956530703, 1.039909863, 2.5704357335, 1.1019102067, 0.85884360048, 1, 12.728288183, 6.9277849558, 2.6595371566, 12.5239874102, 0, 6.4763771194, 10.7790570578, 25.971220145, 13.4234291589, 12.798408312, 12.758835187, 1.0578831486, 1.6460233351, 15.3558973345, 19.7328883078, 0.13027168256, 0, 14.2877060942, 1.265575234, 5.0978381415, 10.8081122393, 2.2069688352, 1.1287823022, 17.7145094583, 8.1214448689, 19.5136358341, 29.4979941864, 11.4731673391, 6.2355260323, 21.8320643622, 1.2794689229, 8.3524038493, 9.0393701773, 1.3749051401, 8.1058696298, 73.3413376043, 43.354564],
      [0.51035526324, 0.4119514733, 0.5588711338, 1.1262671173, 0.95227932055, 4.06346583, 8.5360571611, 2.3210806735, 0.016161545932, 0.53661147884, 0.40586084497, 0.14827921652, 2.3172187759, 2.5599728578, 2.1017254888, 22.4292670973, 1.2928890696, 0, 0.59044084351, 0.1614858661, 0, 0, 3.8827954558, 0.77631367633, 0.91562990003, 7.444923792, 0.27637569895, 1.4837539714, 0.21117453214, 3.0845814453, 4.1546910747, 1.8019894562, 3.8369409047, 0.29117633393, 0.62425598293, 6.2342166934, 8.7709166462, 0.37190154446, 0.25254266614, 1.2193325217, 1.5830335936, 1.8508737187, 2.1529160472, 0, 0.10011980374, 5.9461662503, 3.2454061283, 5.596877947, 7.8668726013, 3.433654732, 3.5694931593, 1.270053322, 0.28080639242, 2.4863229661, 4.0793485053, 0.41724787917, 6.1512424699, 36.1541499948, 26.6728960646],
      [34.7631449978, 3.8583536138, 5.0109999761, 6.8916815842, 3.6306904596, 36.6821271256, 109.619485402, 16.4624427693, 0.5962099933, 6.3664739007, 3.7217239542, 0.59449138348, 18.3145106222, 33.1859755288, 11.8985481386, 222.998820633, 15.7283121911, 5.3819492757, 5.0719709351, 2.9906853856, 0.053982664199, 0.87650983667, 23.6075406143, 7.0306356194, 3.3826890112, 28.3734442474, 2.0691965005, 22.4659263168, 25.5539626666, 38.3590971613, 24.2606663343, 42.8623839853, 21.9454595939, 1.0582826803, 2.1499402741, 35.8704906488, 50.4307974774, 1.8713060548, 2.5548781558, 27.6409012654, 7.0914406389, 23.3579227126, 16.8622873575, 0.82786623731, 2.6633622804, 36.0626918891, 20.2057427957, 26.2197117636, 40.9549806358, 28.5911317465, 10.7842723624, 36.4630263352, 0.87394455531, 29.2839187377, 25.9259911153, 5.0765067942, 30.6908998947, 131.2505002881, 111.7501116761],
      [172.6436661789, 30.7479193609, 49.7911905553, 63.7551123662, 16.6905870534, 336.6842753187, 677.9159645783, 132.74725609, 9.184019338, 49.1766622976, 35.4284179812, 7.2356148268, 149.6362421516, 228.4667532427, 106.0499457531, 1599.821904708, 78.723557188, 46.4789952972, 30.3304003422, 15.2089309673, 4.8823946664, 1.1234901633, 178.1282728616, 89.4945185513, 18.8370554113, 330.9908817753, 18.1332062436, 126.8076172437, 190.5569895293, 264.0593630201, 209.863520255, 361.5604665667, 150.6832068344, 15.8071283034, 20.4002736197, 256.1410730152, 334.0548542982, 9.6265207182, 9.1579014426, 198.1531763985, 31.7660940668, 172.4090178974, 129.2627492641, 3.5869394546, 13.3260108431, 278.4075283429, 214.1918117864, 240.8463546718, 338.4859828499, 225.8836475762, 114.0878063885, 300.3790967465, 15.8378632133, 184.5073259161, 205.129723385, 19.9424420766, 270.9789610633, 1064.8346659461, 860.5038997182],
      [19.721095424, 0.60123213797, 2.444226673, 2.0623195299, 1.1988807776, 24.0162253328, 47.114842639, 7.9969479457, 0, 2.7657702195, 2.7431370052, 1.1417508938, 2.7382975604, 7.3071784095, 6.3852491976, 88.9444548776, 5.4595884809, 3.099145564, 2.4367521456, 0.53698757434, 0.2047790689, 0, 8.6531028854, 4.7707471972, 2.2050885208, 13.6667627752, 0.52122155691, 9.7663253487, 9.8988162142, 19.5257382283, 8.2976931772, 12.9767516799, 7.7755574801, 0.78552953369, 1.1795067882, 11.398322308, 21.0105432703, 0, 2.0346777354, 11.6988837202, 5.2938564666, 5.2843475299, 10.9139350919, 0.37822547284, 0.78172477055, 13.8691040594, 12.2355944207, 16.8234197836, 30.1941697266, 14.6183986062, 8.3229020575, 24.0557592342, 0.72791691609, 1.3700285309, 7.8255668172, 0.18889810991, 10.0730269423, 80.4193461667, 52.718528541]
    ],
    [
      [0, 0.039077229475, 0, 0, 0.035925701849, 0.078287799531, 0.028818996918, 0.032303803608, 0, 0.12469845809, 0.049628371353, 0.074232582879, 0, 0, 0, 0, 0.049705393129, 0, 0.060596826072, 0.13809315748, 0.090216317118, 0, 0.10961122981, 0, 0, 0, 0, 0.03860701903, 0, 0, 0.12666147471, 0, 0, 0.019805422934, 0.035012447453, 0.084824594724, 0, 0, 0, 0, 0, 0, 0.031005151877, 0, 0.1587280594, 0.19389188072, 0, 0, 0, 0, 0, 0, 0.025084034233, 0, 0, 0.0079597458454, 0, 0, 0],
      [0, 0.050612593308, 0, 0, 0, 0, 0, 0.0034956610636, 0, 0, 0.0060770011908, 0.028326966335, 0, 0, 0, 0, 0.084942903069, 0, 0, 0, 0, 0, 0, 0, 0, 0, 0, 0, 0, 0, 0.063612078604, 0, 0, 0, 0, 0, 0, 0.040538262526, 0, 0, 0, 0, 0.09058127083, 0, 0.030775920902, 0, 0, 0, 0.019096970943, 0.029826377438, 0, 0, 0.012791627879, 0, 0, 0.021421190544, 0, 0, 0],
      [329.9579795234, 36.3646598431, 43.7976817096, 31.4450524042, 26.1188905715, 226.7431550277, 927.8648757215, 109.2653300969, 8.0038165965, 87.6186388179, 20.5067439729, 5.3768949659, 137.8424863048, 169.4514291586, 86.7339757527, 1647.5455541835, 139.7142949438, 28.4374368555, 34.1433356152, 21.5208906093, 1.9423992025, 2.1234901633, 180.3628241563, 52.9452550638, 28.4623990111, 143.9858209682, 15.4132226559, 200.3607591643, 245.6145246903, 494.4163325829, 148.9286450959, 239.7875609439, 240.7288268306, 9.7178955048, 14.6427952311, 318.9979392654, 436.4256043129, 9.618720599, 13.3695458362, 269.831341116, 60.6437986928, 140.864750749, 154.485507375, 9.109291163, 18.1420599998, 342.095234696, 132.2701249636, 222.2036103389, 350.6644387427, 212.8782894464, 72.9414037574, 350.9086686688, 4.0893893867, 210.7029042241, 224.7553321823, 25.742270908, 157.9884076261, 766.1006445937, 675.4884384486],
      [62.0420204766, 9.5456503341, 14.9825257055, 10.4989219131, 3.5690203783, 72.5905485135, 201.3674576879, 30.3460201113, 3.9961834035, 22.8549878659, 6.3936442908, 1.5205454849, 40.1575136952, 41.5485708414, 26.9073406358, 418.1977649771, 23.6540195734, 8.4157378608, 6.6106929084, 3.2727051424, 1.9262300301, 1.8765098367, 47.2479114195, 22.766212898, 5.2415141982, 58.7140914517, 4.5083298229, 39.3986752995, 65.579164846, 127.0451655847, 44.8139534799, 73.0054228851, 57.8204005665, 4.1508584321, 4.1823034656, 79.8178835303, 101.445610328, 1.3407411384, 2.6304541638, 68.344924419, 13.3562013072, 37.135249251, 41.096649945, 6.4520444901, 2.5047016683, 92.1653527436, 49.2370604313, 70.9914342697, 101.9093951091, 58.5488990019, 26.6872071837, 103.6059481396, 1.8400798677, 49.2970957759, 62.2446678177, 3.2283481556, 49.9264547769, 219.6971730472, 186.6230125257],
      [0, 0, 0.21979258495, 0.056025682656, 0.27616334831, 0.58800865931, 1.7388475937, 0.35285032706, 0, 0.40167485814, 0.043906363743, 0, 0, 0, 0.35868361148, 3.2566808394, 0.49703718653, 0.1468252837, 0.18537465032, 0.068311090818, 0.041154450288, 0, 0.27965319435, 0.28853203823, 0.29608679071, 0.30008758018, 0.078447521242, 0.20195851711, 0.80631046371, 1.5385018324, 0.067127870892, 0.20701617104, 0.45077260291, 0.11144064013, 0.13988885586, 0.099352609507, 1.1287853591, 0, 0, 0.82373446499, 0, 0, 0.29625625729, 0.43866434681, 0.16373435158, 0.54552067964, 0.49281460506, 0.80495539138, 0.40706917729, 0.5429851743, 0.3713890589, 0.48538319159, 0.032655083491, 0, 0, 0, 0.085137596989, 2.2021823591, 1.8885490256]
    ],
    [
