{
  "Z_true": {},
  "V_true": [
    [686, 39, 41, 673, 30],
    [112, 275, 1381, 1053, 271],
    [77, 449, 3586, 535, 223],
    [232, 220, 109, 19744, 390],
    [133, 2622, 672, 946, 165],
    [66, 99, 161, 759, 264]
  ],
  "p_true": [
    [0.467, 0.0265, 0.0279, 0.4581, 0.0204],
    [0.0362, 0.0889, 0.4466, 0.3406, 0.0876],
    [0.0158, 0.0922, 0.7363, 0.1099, 0.0458],
    [0.0112, 0.0106, 0.0053, 0.954, 0.0188],
    [0.0293, 0.5778, 0.1481, 0.2085, 0.0364],
    [0.0489, 0.0734, 0.1193, 0.5626, 0.1957]
  ],
  "Z_est": [
    [
      [5.1188, 6.9802, 0.4653, 4.1881, 18.6139, 20.4753, 25.1288, 22.3367, 0.9307, 3.2574, 1.8614, 1.8614, 0.4653, 0, 32.1091, 2.7921, 28.8516, 13.9605, 13.4951, 16.2872, 28.8516, 17.6832, 19.0793, 18.6139, 13.9605, 9.7723, 4.1881, 9.307, 0, 0.9307, 0.4653, 0.2831, 0.9307, 1.8614, 10.703, 2.3267, 33.9704, 26.0595, 27.4556, 9.307, 0, 41.416, 26.0595, 30.2477, 6.5149, 54.4458, 35.3665, 5.5842, 24.1981, 2.3267],
      [0.0505, 0.0689, 0.0046, 0.0413, 0.1838, 0.2021, 0.2481, 0.2205, 0.0092, 0.0322, 0.0184, 0.0184, 0.0046, 0, 0.317, 0.0276, 0.2848, 0.1378, 0.1332, 0.1608, 0.2848, 0.1746, 0.1883, 0.1838, 0.1378, 0.0965, 0.0413, 0.0919, 0, 0.0092, 0.0046, 2.0666, 0.0092, 0.0184, 0.1057, 0.023, 0.3353, 0.2573, 0.271, 0.0919, 0, 0.4088, 0.2573, 0.2986, 0.0643, 0.5375, 0.3491, 0.0551, 0.2389, 0.023],
      [0.0116, 0.0158, 0.0011, 0.0095, 0.0422, 0.0465, 0.057, 0.0507, 0.0021, 0.0074, 0.0042, 0.0042, 0.0011, 0, 0.0729, 0.0063, 0.0655, 0.0317, 0.0306, 0.037, 0.0655, 0.0401, 0.0433, 0.0422, 0.0317, 0.0222, 0.0095, 0.0211, 0, 0.0021, 0.0011, 0.0053, 0.0021, 0.0042, 0.0243, 0.0053, 0.0771, 0.0591, 0.0623, 0.0211, 0.471, 0.094, 0.0591, 0.0687, 0.0148, 0.1236, 0.0803, 0.0127, 0.0549, 0.0053],
      [5.8188, 7.9348, 0.529, 4.7609, 21.1594, 23.2754, 28.5652, 25.3913, 1.058, 3.7029, 2.1159, 2.1159, 0.529, 0, 36.5, 3.1739, 32.7971, 15.8696, 15.3406, 18.5145, 32.7971, 20.1015, 21.6884, 21.1594, 15.8696, 11.1087, 4.7609, 10.5797, 0, 1.058, 0.529, 2.6449, 1.058, 2.1159, 12.1667, 2.6449, 38.6159, 29.6232, 31.2101, 10.5797, 0.529, 47.0797, 29.6232, 34.3841, 7.4058, 61.8913, 40.2029, 6.3478, 27.5072, 2.6449],
      [0.0002, 0.0002, 0, 0.0001, 0.0006, 0.0007, 0.0009, 0.0008, 0, 0.0001, 0.0001, 0.0001, 0, 0, 0.0011, 0.0001, 0.001, 0.0005, 0.0005, 0.0006, 0.001, 0.0006, 0.0007, 0.0006, 0.0005, 0.0003, 0.0001, 0.0003, 0, 0, 0, 0.0001, 0, 0.0001, 0.0004, 0.0001, 0.0012, 0.0009, 0.0009, 0.0003, 0, 0.0014, 0.0009, 0.001, 0.0002, 0.0019, 0.0012, 0.0002, 0.0008, 0.0001]
    ],
    [
      [0.4481, 0, 0.4311, 0, 1.1576, 1.699, 1.0642, 1.2696, 0.112, 0.4107, 0.1307, 0, 0.1307, 1.2039, 0.9767, 0, 2.1471, 0.9708, 1.4749, 1.6803, 3.6967, 2.4085, 1.7363, 2.7819, 0.3174, 0.9522, 0.3361, 0.3547, 0, 0.0934, 0.7607, 0, 0.0373, 0.9446, 0.9148, 0.1754, 2.0351, 1.3629, 1.4749, 0.6161, 0, 2.6698, 1.4376, 2.9872, 0, 3.5847, 3.6033, 0, 4.8542, 0.1115],
      [0.7901, 0.63, 0.0988, 1.135, 2.0411, 2.9958, 1.8765, 2.2386, 0.1975, 0.7243, 0.2304, 0.3611, 0.2304, 0.1933, 2.6995, 0, 3.7859, 1.7119, 0, 2.9629, 6.5183, 4.2468, 3.0616, 4.9052, 0.5597, 1.679, 0.5926, 0.6255, 0.1646, 0.1646, 0.1317, 0.3621, 0.0658, 0.5597, 1.6131, 0.1975, 3.5884, 2.4032, 2.6007, 1.0864, 0, 4.7077, 2.5349, 5.2673, 2.074, 6.3208, 6.3537, 1.251, 8.5594, 0],
      [14.4222, 18.6287, 1.8028, 13.2204, 37.2575, 54.6843, 34.2528, 40.863, 3.6056, 13.2204, 4.2065, 4.2065, 4.2065, 2.4454, 49.276, 22.9778, 69.1066, 31.2482, 38.7418, 54.0834, 118.9835, 77.5196, 55.8862, 89.5381, 10.2158, 30.6473, 10.8167, 11.4176, 0.0817, 3.0046, 0, 6.6102, 1.2019, 10.2158, 29.4454, 3.6056, 65.501, 43.8677, 47.4732, 19.8306, 0, 85.9325, 46.2714, 96.1483, 22.9925, 115.378, 115.9789, 23.5447, 156.241, 16.4956],
      [7.1697, 10.2302, 0.5211, 6.5722, 18.5218, 27.1852, 17.0281, 20.3142, 1.7924, 6.5722, 2.0912, 2.0912, 2.0912, 2.6886, 25.0508, 13.1699, 34.3549, 15.5344, 34.9325, 26.8865, 59.1502, 38.5373, 27.7827, 44.512, 5.0786, 15.2357, 5.3773, 5.676, 1.4937, 1.4937, 1.195, 3.4915, 0.5975, 5.0786, 14.6382, 1.7924, 32.5625, 21.8079, 23.6003, 9.8584, 0, 42.7196, 23.0029, 47.7982, 34.8626, 57.3578, 57.6565, 11.3521, 77.672, 8.5134],
      [1.1698, 1.5111, 0.1462, 1.0724, 3.0221, 4.4357, 2.7784, 3.3146, 0.2925, 1.0724, 0.3412, 0.3412, 0.3412, 2.4687, 3.997, 1.8523, 5.6055, 2.5347, 3.8508, 4.3869, 9.6513, 6.2879, 4.5332, 7.2628, 0.8286, 2.4859, 0.8774, 0.9261, 3.26, 0.2437, 1.9126, 0.5362, 0.0975, 0.2014, 2.3884, 0.2291, 5.3131, 3.5583, 3.8508, 1.6085, 0, 6.9704, 3.7533, 7.799, 3.0709, 9.3588, 9.4075, 1.8523, 12.6734, 1.8795]
    ],
    [
      [0.3421, 0.0198, 0.0658, 0, 1.1183, 1.9209, 2.1971, 0, 0.339, 0.3684, 0, 0, 0, 0.0263, 0, 0, 1.7893, 0.3815, 0.8815, 3.8147, 4.2496, 2.184, 7.416, 3.3681, 0.3421, 0.4605, 2.0697, 0.6578, 0, 0.1053, 0.2986, 0, 0.7805, 0.2631, 0.8026, 1.6516, 4.2364, 2.5129, 0.9999, 0.4868, 0, 10.1611, 5.3867, 3.2365, 0, 0, 2.6971, 0, 1.0364, 0.2237],
      [2.2584, 2.0847, 0.4343, 5.301, 7.3834, 12.682, 14.5061, 22.6044, 1.1292, 2.4322, 1.3029, 1.2898, 1.3005, 0.1737, 9.5549, 1.3898, 8.3672, 2.519, 2.401, 8.7732, 23.6835, 14.4193, 11.1877, 2.7489, 2.2584, 3.0402, 0.8035, 4.3432, 0.1, 1.4107, 0.2606, 1.5635, 0, 1.7373, 5.2986, 2.0255, 27.9699, 16.5908, 6.6016, 3.2139, 0, 12.6199, 11.9204, 24.7225, 3.9088, 45.1688, 17.8069, 6.7835, 31.1838, 1.4767],
      [19.4763, 17.9781, 3.7454, 39.7017, 63.6726, 109.3671, 125.098, 169.2942, 7.8013, 20.9745, 11.4337, 5.3944, 7.1906, 1.4982, 82.3998, 12.1959, 101.8762, 21.7236, 50.189, 75.658, 255.5429, 124.3489, 139.3307, 191.7669, 19.4763, 26.2181, 17.5862, 37.4545, 0.7491, 5.8132, 1.9882, 12.9117, 10.9474, 17.1755, 45.6945, 3.0345, 241.2068, 143.0761, 56.9308, 22.008, 2.2473, 129.0509, 82.8878, 180.9218, 33.709, 389.5266, 153.5634, 60.6592, 268.9231, 12.7345],
      [1.0714, 1.2849, 0, 2.1839, 3.5025, 6.0161, 6.8814, 9.3126, 3.3077, 1.1538, 0.6181, 1.3486, 0.4121, 0.0824, 5.9799, 0.6593, 9.0502, 1.195, 6.1796, 4.1618, 13.3095, 6.8402, 7.6643, 30.6908, 1.0714, 1.4422, 0.9477, 2.0603, 0.0412, 0.3296, 0.1236, 2.0888, 0.5357, 0.8241, 2.5136, 0.2884, 13.2683, 7.8703, 3.1317, 2.6885, 0.1236, 17.328, 4.8623, 10.1367, 2.4463, 22.8578, 8.4472, 3.1729, 14.7929, 0.7005],
      [2.8518, 2.6324, 0.7545, 5.8133, 9.3232, 16.014, 18.3174, 24.7888, 0.4228, 3.0712, 1.6453, 0.9671, 1.0968, 0.2194, 12.0653, 1.755, 14.9171, 3.1809, 7.3489, 8.5923, 26.2145, 18.2077, 20.4014, 27.4253, 2.8518, 3.839, 1.5929, 5.4842, 0.1097, 0.3412, 0.3291, 1.436, 0.7365, 0, 6.6908, 0, 35.3185, 20.9498, 8.3361, 8.6027, 0.6291, 20.8401, 12.9428, 26.9825, 4.9358, 62.4469, 22.4854, 6.3845, 43.0637, 1.8646]
    ],
    [
      [1.2584, 0, 0.5328, 0, 0, 0, 2.8917, 0, 0.3597, 1.1089, 0, 0, 0, 0.7335, 0, 0, 1.0561, 0, 6.9229, 4.1878, 8.8621, 2.7664, 12.9489, 9.279, 1.0714, 7.053, 0.5332, 3.676, 0, 0.4035, 2.7463, 0, 3.3513, 1.1687, 5.4395, 0.0911, 6.3482, 6.5845, 14.0058, 1.1075, 0, 3.3634, 1.946, 5.6633, 0, 0, 1.4657, 0, 0, 0],
      [0.1109, 0, 2.346, 1.8599, 16.1914, 4.5896, 5.782, 35.7803, 0.8036, 4.7873, 0.3787, 0.7845, 3.3373, 0, 0.3985, 0, 0, 11.4822, 0, 0.223, 0, 12.0264, 0, 0, 0.5739, 1.0707, 0, 7.9539, 1.7276, 3.3043, 1.8589, 0.4848, 0, 0.0801, 10.6297, 1.6378, 0.8215, 9.5485, 0, 1.6304, 0, 0, 5.3047, 9.2252, 2.1404, 12.5231, 0, 2.0528, 18.0396, 0],
      [1.2819, 0.7705, 1.0961, 7.0444, 0, 5.6008, 14.4708, 0.2126, 0, 5.0819, 0.6086, 0, 0, 0, 0, 3.4623, 7.1743, 2.7755, 0, 4.4693, 48.971, 10.6069, 1.921, 6.1396, 0.6831, 0, 3.3143, 5.9692, 0, 0, 0, 0, 0.5451, 6.7771, 0, 0, 8.9326, 4.9886, 0, 0, 0.2654, 0, 0, 0, 0, 15.3163, 6.3074, 3.5398, 41.471, 2.4734],
      [124.3488, 225.8006, 0, 112.0957, 371.8086, 520.8095, 549.8555, 509.2402, 41.8367, 152.5212, 44.6189, 28.2155, 50.6627, 33.0534, 724.6015, 254.9123, 712.8109, 260.4473, 408.096, 578.1199, 1097.1668, 581.6004, 803.2583, 995.5814, 254.7915, 281.8763, 113.1525, 95.1555, 18.9385, 23.2922, 34.1504, 63.5152, 59.1036, 82.9741, 337.9308, 18.2711, 1065.4395, 589.3596, 660.9942, 236.4263, 8.5219, 718.5236, 407.2685, 752.8594, 204.1636, 2050.0006, 1336.259, 265.4074, 1034.4778, 115.7808],
      [0, 1.4289, 0.0251, 0, 0, 0, 0, 15.7668, 0, 3.5008, 4.3938, 0, 0, 0.2131, 0, 3.6254, 10.9588, 7.295, 0.981, 0, 0, 0, 9.8718, 0, 2.8801, 0, 0, 5.2454, 0.3339, 0, 0.2444, 0, 0, 0, 0, 0, 3.4582, 2.5189, 0, 3.8359, 0.2127, 16.113, 12.4807, 1.2521, 0.696, 29.16, 6.9679, 0, 8.0117, 0.7458]
    ],
    [
      [1.8612, 0, 0.9673, 0, 2.0635, 4.4529, 6.4169, 4.8665, 0.3625, 1.7039, 0.435, 0.1386, 0.1494, 0.0363, 0, 0, 4.2417, 0.7443, 1.8489, 2.9365, 10.3323, 14.8177, 5.5468, 7.2507, 0.9788, 3.7153, 0.7976, 1.9577, 0, 0.1088, 0.3706, 0, 0.3625, 0.5076, 3.4803, 0.2175, 9.5347, 4.3867, 4.6405, 1.823, 0, 6.8157, 2.9728, 6.7069, 0, 8.6892, 9.4259, 1.3691, 6.9607, 0.7251],
      [19.623, 16.458, 3.798, 49.4802, 73.3968, 105.7112, 112.0412, 141.7003, 6.33, 29.751, 7.596, 4.5462, 7.3845, 0.633, 71.5291, 9.9913, 74.0611, 34.8151, 32.283, 51.2731, 180.4053, 117.7223, 96.8491, 126.6002, 17.091, 44.3101, 13.926, 34.1821, 2.0078, 1.899, 2.532, 5.0986, 5.6067, 8.862, 66.5945, 3.798, 166.4792, 76.5931, 69.5403, 27.219, 0, 119.0042, 51.9061, 117.1052, 24.054, 326.6285, 156.5334, 24.054, 121.5362, 9.5455],
      [1.7486, 1.4666, 0.3384, 3.9484, 2.936, 11.1071, 14.9919, 12.3529, 0.5641, 2.6511, 0.6769, 0.3948, 0.5641, 0.0564, 6.0733, 3.7963, 6.5995, 3.1023, 2.8767, 4.5689, 16.0757, 10.2095, 8.6301, 11.2812, 1.523, 3.0207, 1.2409, 3.0459, 0.1692, 0.1692, 0, 0.4512, 1.2874, 0.7897, 3.6956, 0.3384, 14.8347, 6.8251, 2.2801, 0, 0.7257, 10.6043, 4.6253, 10.4351, 2.1434, 29.1054, 14.6655, 2.152, 10.8299, 4.2426],
      [5.4418, 5.5067, 0, 12.2879, 18.9584, 29.3154, 31.0708, 38.4435, 1.7554, 8.2504, 2.1065, 1.2288, 1.7554, 0.1755, 25.4192, 3.3353, 20.5383, 9.6548, 8.9526, 14.2188, 50.0292, 31.773, 26.8578, 35.1082, 4.7396, 12.2879, 3.8619, 9.4792, 0.5266, 0.5266, 0.7022, 1.6598, 1.7554, 2.4576, 16.852, 1.0532, 46.1673, 21.2405, 42.5157, 7.5483, 0.1755, 33.0017, 14.3944, 32.4751, 8.0482, 100.597, 53.6876, 6.6706, 33.7039, 3.5108],
      [2.3254, 2.5688, 0.8962, 4.2835, 10.6453, 16.4135, 12.4793, 21.6369, 0.988, 4.6435, 1.1856, 0.6916, 0.1466, 0.0988, 9.9784, 1.8772, 11.5594, 6.6835, 5.0387, 8.0027, 28.1575, 6.4775, 15.1162, 19.7597, 2.6676, 6.666, 2.1736, 5.3351, 0.2964, 0.2964, 0.3952, 0.7904, 0.988, 1.3832, 5.3776, 0.5928, 25.984, 11.9546, 9.0234, 6.4097, 0.0988, 18.5741, 8.1015, 18.2777, 3.7543, 50.98, 25.6876, 3.7543, 18.9693, 1.976]
    ],
    [
      [1.9714, 0, 0.5377, 1.8119, 3.0467, 6.4519, 4.3013, 7.5272, 0.8961, 2.1506, 0.5729, 0, 1.2545, 0, 5.9142, 2.2079, 5.9142, 3.9428, 5.3766, 6.0935, 12.0077, 9.1402, 6.2727, 7.7064, 2.3299, 3.0467, 1.0753, 3.0467, 0, 0.3584, 0.3584, 0.7169, 0.5377, 1.2545, 4.6597, 0.5377, 14.8752, 6.0935, 8.4233, 4.6597, 0, 10.5739, 5.1974, 14.1583, 4.4851, 18.2804, 13.4415, 3.0467, 15.9505, 1.613],
      [1.167, 2.7584, 0.3183, 2.1825, 1.8036, 3.8193, 2.5462, 4.4559, 0.5305, 1.2731, 1.4735, 0, 0.7426, 0, 3.501, 1.5914, 3.501, 2.334, 3.1828, 3.6071, 7.1081, 5.4107, 3.7132, 4.5619, 1.3792, 1.8036, 0.6366, 1.8036, 0, 0.2122, 0.2122, 0.4244, 0.3183, 0.7426, 2.7584, 0.3183, 8.8056, 3.6071, 4.9863, 2.7584, 0, 6.2594, 3.0767, 8.3812, 2.7584, 10.8214, 7.9569, 1.8036, 9.4422, 0.9548],
      [0.0593, 0.1402, 0.0162, 0.0755, 0.0917, 0.1942, 0.1295, 0.2266, 0.027, 0.0647, 0.0701, 0, 0.0378, 0, 0.178, 0.5613, 0.178, 0.1187, 0.1618, 0.1834, 0.3614, 0.2751, 0.1888, 0.2319, 0.0701, 0.0917, 0.0324, 0.0917, 0, 0.0108, 0.0108, 0.0216, 0.0162, 0.0378, 0.1402, 0.0162, 0.4477, 0.1834, 0.2535, 0.1402, 0.2907, 0.3183, 0.1564, 0.4261, 0.1402, 0.5502, 0.4046, 0.0917, 0.4801, 0.0485],
      [7.1495, 19.2428, 1.9499, 9.0994, 11.0493, 23.3984, 15.599, 27.2982, 3.2498, 7.7995, 8.4494, 0, 4.5497, 0, 21.4486, 9.7493, 21.4486, 14.299, 19.4987, 22.0985, 43.5471, 33.1478, 22.7485, 27.9481, 8.4494, 11.0493, 3.8997, 11.0493, 0, 1.2999, 1.2999, 2.5998, 1.9499, 4.5497, 16.8989, 1.9499, 53.9464, 22.0985, 30.5479, 16.8989, 0.65, 38.3474, 18.8487, 51.3466, 17.0735, 66.2955, 48.7467, 11.0493, 57.8461, 5.8496],
      [0.6527, 3.8586, 0.178, 0.8307, 1.0088, 2.1362, 1.4241, 2.4922, 0.2967, 0.7121, 2.4341, 0, 0.4154, 0, 1.9582, 0.8901, 1.9582, 1.3054, 1.7801, 2.0175, 3.9757, 3.0263, 2.0768, 2.5515, 0.7714, 1.0088, 0.356, 1.0088, 0, 0.1187, 0.1187, 0.2374, 0.178, 0.4154, 1.5428, 0.178, 4.9251, 2.0175, 2.7889, 1.5428, 0.0593, 3.501, 1.7208, 4.6877, 1.5428, 6.0525, 4.4504, 1.0088, 5.2811, 0.534]
    ]
  ],
  "V_est": [
    [681.0881, 8.7873, 2.0215, 777.0798, 0.0233],
    [55.5549, 97.0982, 1827.3017, 954.6928, 157.3524],
    [68.8913, 392.7362, 3634.1527, 246.9996, 527.2201],
    [118.9267, 191.4895, 222.2708, 20010.0957, 152.2174],
    [147.72, 2870.0856, 256.2109, 841.8225, 422.161],
    [233.8189, 143.8032, 8.0424, 879.3097, 84.0258]
  ],
  "p_est": [
    [0.4636, 0.006, 0.0014, 0.529, 0],
    [0.018, 0.0314, 0.591, 0.3088, 0.0509],
    [0.0141, 0.0806, 0.7462, 0.0507, 0.1083],
    [0.0057, 0.0093, 0.0107, 0.9669, 0.0074],
    [0.0326, 0.6325, 0.0565, 0.1855, 0.093],
    [0.1733, 0.1066, 0.006, 0.6518, 0.0623]
  ],
  "EI_Z": {},
  "EI_V": 5.9285,
  "MAE_Z": {},
  "MAE_V": 142.3346,
  "MAE_p": 0.0445,
  "runtime": 2.3877
}
