{
  "Z_true": {},
  "V_true": [
    [686, 39, 41, 673, 30],
    [112, 275, 1381, 1053, 271],
    [77, 449, 3586, 535, 223],
    [232, 220, 109, 19744, 390],
    [133, 2622, 672, 946, 165],
    [66, 99, 161, 759, 264]
  ],
  "p_true": [
    [0.467, 0.0265, 0.0279, 0.4581, 0.0204],
    [0.0362, 0.0889, 0.4466, 0.3406, 0.0876],
    [0.0158, 0.0922, 0.7363, 0.1099, 0.0458],
    [0.0112, 0.0106, 0.0053, 0.954, 0.0188],
    [0.0293, 0.5778, 0.1481, 0.2085, 0.0364],
    [0.0489, 0.0734, 0.1193, 0.5626, 0.1957]
  ],
  "Z_est": [
    [
      [5.1319, 6.9981, 0.4665, 4.1989, 18.6616, 20.5278, 25.1932, 22.3939, 0.9331, 3.2658, 1.8662, 1.8662, 0.4665, 0, 32.1913, 2.7992, 28.9255, 13.9962, 13.5297, 16.3289, 28.9255, 17.7285, 19.1282, 18.6616, 13.9962, 9.7974, 4.1989, 9.3308, 0, 0.9331, 0.4665, 0.2679, 0.9331, 1.8662, 10.7304, 2.3327, 34.0575, 26.1263, 27.5259, 9.3308, 0, 41.5221, 26.1263, 30.3251, 6.5316, 54.5852, 35.4571, 5.5985, 24.2601, 2.3327],
      [0.0397, 0.0541, 0.0036, 0.0325, 0.1443, 0.1587, 0.1948, 0.1731, 0.0072, 0.0252, 0.0144, 0.0144, 0.0036, 0, 0.2489, 0.0216, 0.2236, 0.1082, 0.1046, 0.1262, 0.2236, 0.1371, 0.1479, 0.1443, 0.1082, 0.0757, 0.0325, 0.0721, 0, 0.0072, 0.0036, 2.0291, 0.0072, 0.0144, 0.083, 0.018, 0.2633, 0.202, 0.2128, 0.0721, 0, 0.321, 0.202, 0.2344, 0.0505, 0.422, 0.2741, 0.0433, 0.1876, 0.018],
      [0.0082, 0.0112, 0.0007, 0.0067, 0.0299, 0.0329, 0.0404, 0.0359, 0.0015, 0.0052, 0.003, 0.003, 0.0007, 0, 0.0516, 0.0045, 0.0464, 0.0224, 0.0217, 0.0262, 0.0464, 0.0284, 0.0307, 0.0299, 0.0224, 0.0157, 0.0067, 0.015, 0, 0.0015, 0.0007, 0.0037, 0.0015, 0.003, 0.0172, 0.0037, 0.0546, 0.0419, 0.0441, 0.015, 0.4709, 0.0666, 0.0419, 0.0486, 0.0105, 0.0875, 0.0569, 0.009, 0.0389, 0.0037],
      [5.8191, 7.9351, 0.529, 4.761, 21.1602, 23.2762, 28.5663, 25.3922, 1.058, 3.703, 2.116, 2.116, 0.529, 0, 36.5014, 3.174, 32.7983, 15.8702, 15.3411, 18.5152, 32.7983, 20.1022, 21.6892, 21.1602, 15.8702, 11.1091, 4.761, 10.5801, 0, 1.058, 0.529, 2.6987, 1.058, 2.116, 12.1671, 2.645, 38.6174, 29.6243, 31.2113, 10.5801, 0.529, 47.0815, 29.6243, 34.3853, 7.4061, 61.8936, 40.2044, 6.3481, 27.5083, 2.645],
      [0.0011, 0.0015, 0.0001, 0.0009, 0.004, 0.0044, 0.0054, 0.0048, 0.0002, 0.0007, 0.0004, 0.0004, 0.0001, 0, 0.0068, 0.0006, 0.0061, 0.003, 0.0029, 0.0035, 0.0061, 0.0038, 0.0041, 0.004, 0.003, 0.0021, 0.0009, 0.002, 0, 0.0002, 0.0001, 0.0005, 0.0002, 0.0004, 0.0023, 0.0005, 0.0072, 0.0056, 0.0058, 0.002, 0.0001, 0.0088, 0.0056, 0.0064, 0.0014, 0.0116, 0.0075, 0.0012, 0.0052, 0.0005]
    ],
    [
      [0.4617, 0, 0.4145, 0, 1.1926, 1.7504, 1.0964, 1.308, 0.1154, 0.4232, 0.1346, 0, 0.1346, 1.2209, 0.7687, 0, 2.2121, 1.0002, 1.5196, 1.7312, 3.8086, 2.4814, 1.7889, 2.8661, 0.327, 0.981, 0.3462, 0.3655, 0, 0.0962, 2.5033, 0, 0.0385, 1.0392, 0.9425, 0.1154, 2.0967, 1.4042, 1.5196, 0.6348, 0, 2.7507, 1.4811, 3.0777, 0, 3.6932, 3.7125, 0.731, 5.0012, 0.1011],
      [0.8173, 0.648, 0.1022, 1.1724, 2.1115, 3.0991, 1.9412, 2.3158, 0.2043, 0.7492, 0.2384, 0.373, 0.2384, 0.188, 2.7926, 0, 3.9164, 1.7709, 0, 3.065, 6.7431, 4.3932, 3.1672, 5.0743, 0.579, 1.7369, 0.613, 0.6471, 0.1703, 0.1703, 0.1362, 0.3746, 0.0681, 0.579, 1.6687, 0.3072, 3.7121, 2.4861, 2.6904, 1.1238, 0, 4.87, 2.6223, 5.4489, 2.1455, 6.5387, 6.5728, 1.2941, 8.8545, 0],
      [14.5581, 18.8042, 1.8198, 13.3449, 37.6085, 55.1995, 34.5755, 41.248, 3.6395, 13.3449, 4.2461, 4.2461, 4.2461, 2.4374, 49.7402, 24.5524, 69.7576, 31.5426, 38.5798, 54.5929, 120.1045, 78.2499, 56.4127, 90.3816, 10.312, 30.936, 10.9186, 11.5252, 0.0781, 3.0329, 0, 6.6725, 1.2132, 10.312, 29.7228, 3.6395, 66.1181, 44.2809, 47.9205, 20.0174, 0, 86.7421, 46.7073, 97.0541, 22.901, 116.4649, 117.0715, 23.0503, 157.7129, 17.7156],
      [7.0466, 10.1058, 0.524, 6.4593, 18.2036, 26.7182, 16.7356, 19.9652, 1.7616, 6.4593, 2.0552, 2.0552, 2.0552, 2.6425, 24.8844, 11.6801, 33.7647, 15.2675, 35.2259, 26.4246, 58.1341, 37.8752, 27.3054, 43.7474, 4.9913, 14.9739, 5.2849, 5.5785, 1.468, 1.468, 1.1744, 3.4413, 0.5872, 4.9913, 14.3867, 1.7616, 32.0031, 21.4333, 23.1949, 9.689, 0, 41.9857, 22.6077, 46.977, 35.0231, 56.3724, 56.666, 11.157, 76.3377, 7.9274],
      [1.1163, 1.4419, 0.1395, 1.0233, 2.8839, 4.2328, 2.6513, 3.163, 0.2791, 1.0233, 0.3256, 0.3256, 0.3256, 2.5111, 3.8141, 1.7675, 5.3491, 2.4187, 3.6746, 4.1863, 9.2098, 6.0003, 4.3258, 6.9306, 0.7907, 2.3722, 0.8373, 0.8838, 3.2835, 0.2326, 0.1861, 0.5117, 0.093, 0.0785, 2.2792, 0.1762, 5.07, 3.3955, 3.6746, 1.535, 0, 6.6515, 3.5816, 7.4422, 2.9304, 8.9307, 8.9772, 1.7675, 12.0936, 1.2559]
    ],
    [
      [0.2387, 0.0019, 0.0459, 0, 0.7805, 1.3406, 1.5334, 0, 0.4024, 0.2571, 0, 0, 0, 0.0184, 0, 0, 1.2488, 0.2663, 0.6152, 3.8599, 2.9658, 1.5242, 6.8193, 2.3506, 0.2387, 0.3214, 1.9722, 0.4591, 0, 0.3644, 0.2924, 0, 0.7729, 0.8552, 0.5601, 0.2909, 2.9566, 1.7538, 0.6978, 0.3397, 0, 9.3179, 1.0835, 2.2588, 0, 0, 1.8823, 0, 0.1262, 0.1561],
      [2.4279, 2.2411, 0.4669, 5.4358, 7.9374, 13.6336, 15.5946, 24.0898, 1.214, 2.6147, 1.4007, 1.4041, 2.2858, 0.1868, 10.2719, 1.4941, 9.1553, 2.708, 2.7776, 9.4315, 25.6309, 15.5012, 12.2574, 4.1073, 2.4279, 3.2683, 0.9535, 4.669, 0.1026, 1.2342, 0.2801, 1.6809, 0, 1.8676, 5.6962, 3.4494, 30.0687, 17.8358, 7.0969, 3.4551, 0, 13.9134, 11.0189, 22.9717, 4.2021, 48.5581, 19.1431, 7.1903, 36.6938, 1.5875],
      [19.5826, 18.0762, 3.7659, 39.9183, 64.0199, 109.9636, 125.7803, 169.3071, 7.7854, 21.0889, 11.2976, 5.3573, 7.175, 1.5064, 82.8493, 12.1977, 102.4319, 21.8421, 50.4628, 76.0707, 258.9476, 125.0271, 140.0906, 192.8129, 19.5826, 26.3611, 17.8294, 37.6588, 0.7532, 5.7923, 1.9947, 12.8649, 11.1177, 16.5711, 45.9437, 3.0126, 242.5225, 143.8565, 57.2413, 21.9086, 2.2595, 128.4867, 82.5744, 180.3159, 33.8929, 391.6512, 154.401, 60.9584, 270.39, 12.804],
      [0.9179, 1.0658, 0, 1.8711, 3.0009, 5.1544, 5.8958, 7.9788, 3.2498, 0.9885, 0.5296, 1.3223, 0.353, 0.0706, 4.8935, 0.5649, 8.3458, 1.0238, 5.8443, 3.5657, 11.4033, 5.8605, 6.5666, 30.8039, 0.9179, 1.2356, 0.812, 1.7652, 0.0353, 0.2824, 0.1059, 2.0642, 0.459, 0.7061, 2.1536, 0.2471, 11.368, 6.7431, 2.6831, 1.3063, 0.1059, 17.0568, 4.1659, 13.6501, 2.0019, 18.3582, 7.2374, 2.7184, 12.6742, 0.6002],
      [2.8329, 2.615, 0.7213, 5.7747, 9.2614, 15.9078, 18.1959, 24.6244, 0.3485, 3.0508, 1.7721, 0.9163, 0.1862, 0.2179, 11.9853, 1.7433, 14.8182, 3.1598, 7.3001, 8.0721, 24.0525, 18.0869, 20.2661, 25.9253, 2.8329, 3.8135, 1.4328, 5.4479, 0.109, 0.3266, 0.3269, 1.3901, 0.6505, 0, 6.6464, 0, 35.0843, 20.8109, 8.2808, 9.9904, 0.6346, 21.2252, 19.1573, 26.8035, 4.9031, 61.4325, 22.3363, 6.1328, 39.1157, 1.8523]
    ],
    [
      [1.0287, 0, 0.5586, 0, 0, 0, 3.0337, 0, 0.2526, 1.0651, 0, 0, 0, 0.7226, 0, 0, 1.1114, 0, 6.8995, 3.7677, 9.1675, 9.1225, 13.0224, 9.6236, 1.0289, 6.0818, 0.5454, 3.6736, 0, 0.1259, 0.9943, 0, 3.3251, 0.4242, 5.3468, 1.483, 6.6672, 6.8779, 13.7725, 1.2959, 0, 3.4405, 5.8738, 5.8233, 0, 0, 1.3048, 0, 0, 0],
      [0.1485, 0, 2.3529, 1.4684, 14.9941, 4.0054, 6.0222, 35.2344, 0.7837, 4.9333, 0.3772, 0.6989, 3.2021, 0, 0.4828, 0, 0, 11.6562, 0, 0.0723, 0, 4.5787, 0, 0, 0.6037, 1.323, 0, 8.019, 1.7371, 3.4972, 1.8637, 0.4828, 0, 0.0319, 9.7646, 0.1509, 0.5841, 9.163, 0, 1.6637, 0, 0, 6.7653, 12.17, 1.7523, 12.8853, 0, 1.8828, 13.6353, 0],
      [1.0831, 0.5874, 1.0694, 6.7624, 0, 4.2629, 12.1953, 0, 0, 4.891, 0.3555, 0, 0, 0, 0, 1.8629, 6.1107, 2.4504, 0, 3.6786, 44.7248, 9.4017, 0.7838, 4.4326, 0.5353, 0, 2.9947, 5.7262, 0, 0, 0, 0, 0.4479, 7.3109, 0, 0, 7.3287, 3.94, 0, 0, 0.257, 0, 0, 0, 0, 12.5518, 4.6814, 3.807, 38.8605, 1.2524],
      [124.7397, 226.3216, 0, 112.7693, 373.0059, 522.7317, 551.7488, 511.6964, 41.9637, 152.9683, 44.7961, 28.3011, 50.7979, 33.1147, 724.5172, 256.5746, 714.5281, 261.0903, 408.3372, 579.4815, 1101.1077, 583.8971, 805.379, 996.9438, 255.1346, 282.5951, 113.4599, 95.7451, 18.9801, 23.377, 34.2039, 63.5172, 59.2269, 83.233, 338.8886, 18.3661, 1068.8593, 591.2986, 661.2275, 238.1468, 8.5439, 720.2139, 408.6618, 750.8622, 204.7027, 2056.2204, 1339.8242, 265.3102, 1038.6593, 116.5427],
      [0, 1.091, 0.0191, 0, 0, 0, 0, 14.0692, 0, 3.1424, 4.4713, 0, 0, 0.1627, 0, 3.5625, 10.2498, 6.8031, 0.7633, 0, 0, 0, 8.8148, 0, 2.6974, 0, 0, 4.8361, 0.2828, 0, 1.9381, 0, 0, 0, 0, 0, 1.5607, 1.7204, 0, 1.8936, 0.1991, 14.3457, 5.699, 0.1445, 0.545, 25.3426, 5.1896, 0, 10.8448, 1.2049]
    ],
    [
      [2.1256, 0, 0.9654, 0, 2.2538, 4.7921, 6.7505, 4.6107, 0.3814, 1.7925, 0.4577, 0.1338, 0.1176, 0.0381, 0, 0, 4.4622, 0.7106, 1.9451, 3.0892, 10.8695, 8.8088, 5.8352, 7.6277, 1.0297, 4.7069, 0.839, 2.0595, 0, 0.1144, 0.3775, 0, 0.3814, 0.5339, 3.6613, 0.2288, 10.0304, 4.6147, 4.8817, 1.64, 0, 7.17, 3.1274, 7.0556, 0, 8.0523, 9.916, 0.559, 7.3226, 0.7628],
      [19.3814, 16.2553, 3.7512, 49.6212, 73.9811, 105.2243, 110.6613, 140.6615, 6.2521, 29.3846, 7.5025, 4.5096, 6.5158, 0.6252, 70.6482, 9.8681, 73.149, 34.3863, 31.8855, 50.6416, 178.1835, 123.8948, 95.6564, 125.041, 16.8805, 43.7644, 13.7545, 33.7611, 1.99, 1.8756, 2.5008, 5.0016, 5.6014, 8.7529, 66.9861, 3.7512, 164.429, 75.6498, 68.9358, 26.8838, 0, 117.5386, 51.2668, 115.663, 23.7578, 322.6059, 154.9291, 23.7578, 120.0394, 9.4248],
      [1.743, 1.4619, 0.3374, 3.9358, 2.3031, 11.4592, 16.3539, 12.3136, 0.5623, 2.6426, 0.6747, 0.3936, 0.5623, 0.0562, 5.2839, 3.8037, 6.5785, 3.0924, 2.8675, 4.5543, 16.0245, 10.177, 8.6026, 11.2453, 1.5181, 2.6485, 1.237, 3.0362, 0.1687, 0.1687, 0, 0.4498, 1.2129, 0.7872, 3.2572, 0.3374, 14.7875, 6.8034, 1.6873, 0, 0.7196, 10.5705, 4.6106, 10.4019, 2.1366, 29.0128, 14.6188, 2.1366, 10.7954, 4.2039],
      [5.3379, 5.4686, 0, 12.0534, 18.5967, 28.756, 30.4779, 37.71, 1.7219, 8.093, 2.0663, 1.2053, 1.7219, 0.1722, 26.7871, 3.2716, 20.1464, 9.4705, 8.7818, 13.9475, 49.0746, 31.1667, 26.3453, 34.4383, 4.6492, 12.0534, 3.7882, 9.2984, 0.5166, 0.5166, 0.6888, 1.6826, 1.7219, 2.4107, 16.5304, 1.0332, 45.2864, 20.8352, 43.1808, 7.4042, 0.1722, 32.372, 14.1197, 31.8555, 7.9925, 99.9589, 52.3941, 7.4335, 33.0608, 3.4438],
      [2.4121, 2.8142, 0.946, 4.3895, 10.8654, 16.7683, 12.7563, 23.7042, 1.0824, 5.0872, 1.2989, 0.7577, 1.0824, 0.1082, 10.2809, 2.0565, 12.6639, 7.3402, 5.5202, 8.7673, 30.8479, 6.9528, 16.5605, 21.6477, 2.9224, 6.8268, 2.3812, 5.8449, 0.3247, 0.3247, 0.433, 0.8659, 1.0824, 1.5153, 5.565, 0.6494, 28.4667, 13.0968, 9.3144, 7.072, 0.1082, 20.3488, 8.8755, 20.0241, 4.1131, 56.3702, 28.142, 4.1131, 20.7818, 2.1648]
    ],
    [
      [2.0133, 0, 0.5491, 1.8011, 3.1115, 6.5891, 4.3928, 7.6873, 0.9152, 2.1964, 0.5415, 0, 1.2812, 0, 6.04, 2.2008, 6.04, 4.0267, 5.4909, 6.2231, 12.2631, 9.3346, 6.4061, 7.8704, 2.3794, 3.1115, 1.0982, 3.1115, 0, 0.3661, 0.3661, 0.7321, 0.5491, 1.2812, 4.7588, 0.5491, 15.1916, 6.2231, 8.6025, 4.7588, 0, 10.7989, 5.3079, 14.4595, 4.4684, 18.6692, 13.7274, 3.1115, 16.2898, 1.6473],
      [1.1852, 2.8014, 0.3232, 2.2697, 1.8317, 3.8788, 2.5859, 4.5253, 0.5387, 1.2929, 1.4668, 0, 0.7542, 0, 3.5556, 1.6162, 3.5556, 2.3704, 3.2324, 3.6634, 7.219, 5.495, 3.7711, 4.6331, 1.4007, 1.8317, 0.6465, 1.8317, 0, 0.2155, 0.2155, 0.431, 0.3232, 0.7542, 2.8014, 0.3232, 8.9429, 3.6634, 5.0641, 2.8014, 0, 6.357, 3.1246, 8.5119, 3.0918, 10.9901, 8.0809, 1.8317, 9.5894, 0.9697],
      [0.025, 0.0591, 0.0068, 0.0318, 0.0386, 0.0818, 0.0545, 0.0954, 0.0114, 0.0273, 0.423, 0, 0.0159, 0, 0.075, 0.5788, 0.075, 0.05, 0.0682, 0.0773, 0.1522, 0.1159, 0.0795, 0.0977, 0.0295, 0.0386, 0.0136, 0.0386, 0, 0.0045, 0.0045, 0.0091, 0.0068, 0.0159, 0.0591, 0.0068, 0.1886, 0.0773, 0.1068, 0.0591, 0.293, 0.1341, 0.0659, 0.1795, 0.0591, 0.2318, 0.1704, 0.0386, 0.2022, 0.0204],
      [7.1388, 19.1032, 1.947, 9.0858, 11.0328, 23.3635, 15.5757, 27.2574, 3.2449, 7.7878, 8.4368, 0, 4.5429, 0, 21.4165, 9.7348, 21.4165, 14.2777, 19.4696, 22.0655, 43.482, 33.0983, 22.7145, 27.9064, 8.4368, 11.0328, 3.8939, 11.0328, 0, 1.298, 1.298, 2.5959, 1.947, 4.5429, 16.8736, 1.947, 53.8658, 22.0655, 30.5023, 16.8736, 0.649, 38.2901, 18.8206, 51.2698, 16.8736, 66.1965, 48.6739, 11.0328, 57.7597, 5.8409],
      [0.6376, 4.0364, 0.1739, 0.8115, 0.9854, 2.0867, 1.3912, 2.4345, 0.2898, 0.6956, 2.1318, 0, 0.4058, 0, 1.9128, 0.8695, 1.9128, 1.2752, 1.739, 1.9708, 3.8837, 2.9562, 2.0288, 2.4925, 0.7535, 0.9854, 0.3478, 0.9854, 0, 0.1159, 0.1159, 0.2319, 0.1739, 0.4058, 1.5071, 0.1739, 4.8111, 1.9708, 2.7244, 1.5071, 0.058, 3.4199, 1.681, 4.5792, 1.5071, 5.9124, 4.3474, 0.9854, 5.1589, 0.5217]
    ]
  ],
  "V_est": [
    [682.8168, 7.306, 1.5694, 777.1623, 0.1456],
    [59.388, 100.5314, 1845.3525, 938.5785, 148.1497],
    [50.9688, 423.6337, 3650.102, 222.7246, 522.5708],
    [127.4607, 178.9867, 194.3463, 20062.6127, 131.5936],
    [146.8322, 2847.1831, 254.3357, 831.211, 458.4379],
    [238.5335, 146.3591, 4.2941, 877.7109, 82.1024]
  ],
  "p_est": [
    [0.4648, 0.005, 0.0011, 0.529, 0.0001],
    [0.0192, 0.0325, 0.5968, 0.3036, 0.0479],
    [0.0105, 0.087, 0.7495, 0.0457, 0.1073],
    [0.0062, 0.0086, 0.0094, 0.9694, 0.0064],
    [0.0324, 0.6274, 0.056, 0.1832, 0.101],
    [0.1768, 0.1085, 0.0032, 0.6506, 0.0609]
  ],
  "EI_Z": {},
  "EI_V": 6.1289,
  "MAE_Z": {},
  "MAE_V": 147.1469,
  "MAE_p": 0.0456,
  "runtime": 1.7029
}
