{
  "X": [
    [0, 1, 3, 17, 2, 0],
    [0, 2, 8, 13, 1, 1],
    [2, 3, 8, 40, 0, 1],
    [8, 24, 70, 154, 8, 5],
    [38, 121, 232, 646, 33, 15],
    [3, 6, 4, 11, 3, 1],
    [4, 16, 35, 78, 3, 0],
    [0, 2, 7, 10, 0, 0],
    [1, 8, 7, 12, 0, 1],
    [24, 91, 183, 401, 23, 6],
    [13, 34, 88, 225, 11, 8],
    [1, 3, 5, 21, 0, 0],
    [18, 15, 85, 101, 6, 1],
    [4, 4, 11, 54, 2, 2],
    [0, 2, 7, 10, 1, 1],
    [0, 0, 2, 5, 0, 0],
    [0, 5, 13, 32, 2, 3],
    [1, 0, 2, 2, 0, 1],
    [10, 30, 66, 174, 11, 6],
    [0, 9, 5, 16, 0, 0],
    [0, 1, 4, 12, 1, 1],
    [2, 4, 11, 27, 2, 1],
    [1, 2, 7, 14, 0, 0],
    [1, 5, 14, 28, 1, 0],
    [0, 5, 17, 50, 2, 1],
    [0, 2, 4, 16, 0, 0],
    [0, 0, 10, 9, 0, 0],
    [1, 3, 4, 14, 1, 1],
    [14, 35, 118, 315, 12, 5],
    [0, 0, 2, 6, 0, 0],
    [3, 1, 2, 8, 0, 0],
    [3, 0, 15, 26, 1, 0],
    [3, 4, 5, 17, 1, 0],
    [0, 3, 9, 20, 2, 0],
    [0, 1, 3, 14, 1, 0],
    [3, 9, 51, 92, 5, 3],
    [1, 3, 5, 19, 0, 0],
    [14, 40, 169, 358, 31, 10],
    [0, 0, 2, 9, 1, 0],
    [8, 31, 78, 121, 11, 2],
    [0, 6, 4, 11, 2, 0],
    [1, 0, 5, 13, 3, 2],
    [1, 1, 2, 16, 1, 0],
    [0, 0, 2, 5, 0, 1],
    [2, 1, 14, 10, 0, 0],
    [0, 3, 13, 16, 0, 1],
    [0, 1, 5, 18, 0, 0],
    [6, 16, 89, 149, 8, 6],
    [0, 0, 5, 6, 0, 0],
    [2, 5, 30, 22, 0, 0],
    [0, 0, 9, 9, 1, 2],
    [2, 6, 75, 139, 5, 5],
    [1, 3, 11, 12, 1, 1],
    [1, 0, 9, 19, 0, 0],
    [21, 26, 69, 313, 10, 4],
    [4, 16, 31, 136, 4, 1],
    [0, 0, 1, 12, 0, 0],
    [0, 0, 3, 7, 0, 0],
    [0, 3, 9, 18, 0, 0],
    [0, 2, 1, 8, 0, 0],
    [0, 1, 4, 1, 1, 1],
    [0, 0, 2, 7, 0, 0],
    [0, 0, 2, 7, 0, 1],
    [1, 2, 4, 13, 0, 0],
    [0, 2, 3, 15, 1, 0],
    [5, 11, 21, 86, 4, 2],
    [0, 1, 1, 8, 0, 0],
    [0, 1, 1, 11, 0, 0],
    [0, 2, 1, 3, 0, 1],
    [1, 2, 10, 18, 0, 0],
    [7, 6, 25, 30, 1, 1],
    [0, 2, 8, 13, 0, 1],
    [1, 5, 2, 11, 1, 1],
    [1, 1, 8, 13, 1, 0],
    [0, 1, 4, 6, 0, 0],
    [6, 11, 31, 116, 7, 4],
    [0, 1, 2, 9, 0, 1],
    [1, 2, 2, 13, 0, 0],
    [0, 0, 6, 12, 0, 0],
    [0, 0, 0, 10, 0, 0],
    [6, 38, 108, 281, 13, 14],
    [0, 0, 5, 6, 0, 0],
    [0, 0, 3, 5, 0, 0],
    [0, 0, 1, 19, 0, 1],
    [3, 0, 5, 9, 1, 0],
    [1, 2, 4, 6, 0, 0],
    [0, 0, 3, 10, 0, 1],
    [0, 1, 5, 7, 1, 0],
    [4, 3, 86, 100, 7, 2],
    [5, 10, 40, 70, 1, 2],
    [1, 4, 63, 53, 5, 0],
    [3, 3, 14, 14, 0, 0],
    [21, 43, 299, 395, 23, 6],
    [0, 0, 22, 20, 1, 0],
    [3, 0, 6, 10, 2, 0],
    [0, 1, 6, 17, 0, 1],
    [0, 1, 3, 5, 0, 0],
    [1, 11, 65, 103, 2, 4],
    [0, 0, 1, 6, 0, 0],
    [8, 22, 114, 176, 7, 5],
    [0, 0, 8, 18, 0, 0],
    [0, 2, 13, 20, 1, 0],
    [1, 1, 7, 14, 2, 0],
    [0, 1, 12, 22, 0, 0],
    [0, 1, 8, 3, 0, 0],
    [0, 1, 0, 14, 0, 0],
    [9, 29, 171, 206, 8, 5],
    [0, 1, 11, 14, 0, 0],
    [2, 2, 31, 26, 3, 0],
    [2, 0, 15, 16, 3, 3],
    [1, 1, 4, 7, 2, 0],
    [0, 0, 2, 4, 0, 0],
    [2, 4, 14, 50, 1, 1],
    [0, 1, 3, 7, 0, 1],
    [0, 0, 3, 15, 1, 2],
    [0, 0, 3, 3, 0, 0],
    [11, 22, 76, 179, 17, 11],
    [0, 4, 10, 5, 2, 1],
    [2, 3, 13, 34, 2, 1],
    [1, 1, 4, 3, 0, 0],
    [0, 2, 7, 20, 1, 0],
    [1, 4, 7, 21, 0, 2],
    [0, 1, 6, 10, 0, 1],
    [6, 15, 33, 103, 7, 5],
    [1, 1, 4, 11, 0, 0],
    [0, 1, 9, 11, 0, 0],
    [6, 20, 44, 98, 2, 3],
    [0, 0, 3, 6, 0, 0],
    [0, 3, 20, 31, 1, 1],
    [0, 2, 2, 8, 0, 1],
    [0, 1, 31, 47, 3, 1],
    [4, 12, 33, 85, 8, 1],
    [0, 2, 2, 5, 0, 0],
    [0, 4, 13, 50, 3, 2],
    [0, 1, 11, 7, 2, 0],
    [0, 1, 5, 8, 2, 0],
    [0, 3, 17, 27, 0, 3],
    [0, 1, 2, 8, 0, 1],
    [4, 8, 60, 112, 9, 8],
    [0, 2, 7, 8, 0, 0],
    [0, 0, 6, 6, 1, 0],
    [0, 4, 5, 8, 0, 0],
    [2, 0, 2, 4, 0, 0],
    [2, 6, 7, 22, 2, 1],
    [0, 3, 6, 9, 0, 1],
    [0, 7, 17, 23, 0, 0],
    [2, 0, 6, 0, 0, 0],
    [0, 6, 17, 15, 1, 0],
    [0, 0, 12, 16, 1, 0],
    [6, 9, 13, 52, 2, 1],
    [4, 14, 25, 60, 2, 0],
    [3, 20, 51, 82, 2, 3],
    [0, 8, 12, 22, 1, 0],
    [4, 9, 9, 27, 0, 2],
    [4, 9, 39, 83, 1, 1],
    [9, 8, 29, 96, 1, 1],
    [2, 2, 9, 19, 1, 1],
    [1, 3, 8, 17, 1, 4],
    [0, 3, 1, 3, 2, 0],
    [5, 11, 14, 30, 0, 3],
    [0, 2, 2, 12, 4, 2],
    [0, 11, 13, 67, 4, 2],
    [1, 8, 15, 49, 3, 1],
    [0, 3, 4, 3, 1, 0],
    [2, 4, 5, 12, 4, 0],
    [7, 15, 40, 51, 4, 0],
    [2, 6, 9, 40, 2, 0],
    [2, 3, 3, 9, 0, 0],
    [1, 5, 48, 38, 1, 0],
    [0, 2, 8, 50, 1, 0],
    [0, 5, 20, 30, 1, 1],
    [10, 10, 76, 55, 9, 1],
    [4, 11, 45, 61, 0, 3],
    [3, 5, 17, 54, 3, 2],
    [3, 9, 25, 47, 4, 0],
    [2, 7, 54, 80, 4, 0],
    [3, 12, 30, 98, 13, 0],
    [0, 1, 2, 12, 0, 1],
    [2, 3, 12, 27, 3, 0],
    [1, 1, 2, 6, 0, 0],
    [1, 0, 3, 3, 1, 0],
    [0, 1, 5, 7, 0, 0],
    [2, 5, 11, 15, 1, 0],
    [0, 3, 6, 8, 0, 0],
    [0, 0, 1, 5, 0, 0],
    [0, 0, 4, 3, 0, 0],
    [1, 0, 2, 4, 0, 0],
    [0, 0, 3, 6, 0, 0],
    [0, 4, 16, 27, 0, 1],
    [0, 2, 7, 12, 1, 0],
    [1, 4, 11, 16, 1, 1],
    [1, 4, 25, 14, 0, 0],
    [1, 2, 7, 22, 0, 1],
    [4, 10, 19, 50, 1, 2],
    [0, 1, 6, 3, 0, 0],
    [0, 1, 1, 5, 0, 0],
    [0, 3, 8, 4, 1, 2],
    [2, 1, 9, 18, 1, 0],
    [1, 2, 2, 2, 0, 2],
    [0, 0, 4, 3, 0, 0],
    [4, 0, 7, 7, 4, 0],
    [0, 2, 5, 9, 1, 1],
    [0, 1, 7, 9, 0, 0],
    [0, 1, 6, 13, 1, 0],
    [1, 2, 11, 14, 1, 0],
    [1, 1, 6, 26, 2, 0],
    [1, 6, 24, 26, 0, 1],
    [0, 1, 6, 14, 2, 0],
    [0, 4, 18, 33, 4, 0],
    [0, 0, 4, 9, 0, 0],
    [2, 2, 12, 33, 1, 0],
    [1, 4, 12, 34, 0, 0],
    [2, 0, 3, 5, 0, 0],
    [0, 0, 5, 6, 1, 2],
    [7, 0, 7, 14, 2, 0],
    [2, 4, 9, 17, 2, 0],
    [1, 4, 14, 17, 1, 0],
    [2, 2, 6, 11, 1, 1],
    [0, 1, 7, 2, 1, 0],
    [0, 0, 1, 11, 0, 1],
    [5, 1, 14, 30, 1, 2],
    [1, 1, 11, 8, 3, 0],
    [0, 1, 7, 1, 0, 0],
    [1, 2, 18, 23, 0, 0],
    [1, 5, 4, 19, 0, 3],
    [0, 3, 8, 14, 1, 2],
    [1, 0, 7, 5, 1, 1],
    [0, 0, 2, 3, 0, 1],
    [0, 2, 12, 13, 0, 2],
    [1, 1, 21, 25, 2, 0],
    [0, 2, 12, 7, 0, 1],
    [0, 2, 5, 5, 0, 0],
    [0, 1, 5, 7, 0, 0],
    [0, 1, 3, 2, 0, 0],
    [1, 2, 9, 16, 4, 0],
    [0, 0, 4, 13, 0, 0],
    [0, 0, 2, 3, 0, 1],
    [0, 0, 2, 4, 0, 1],
    [3, 2, 23, 31, 0, 0],
    [1, 5, 9, 33, 1, 0],
    [1, 7, 15, 29, 1, 0],
    [3, 6, 16, 69, 1, 2],
    [1, 3, 8, 7, 0, 3],
    [2, 0, 3, 5, 0, 0],
    [0, 2, 2, 8, 0, 0],
    [0, 1, 2, 15, 0, 1],
    [0, 1, 5, 3, 0, 1],
    [0, 0, 4, 4, 0, 1],
    [0, 4, 10, 23, 0, 0],
    [0, 4, 20, 36, 3, 4],
    [1, 3, 7, 39, 0, 1],
    [0, 4, 21, 28, 3, 3],
    [0, 0, 0, 8, 2, 2],
    [0, 2, 2, 3, 0, 2],
    [1, 1, 5, 15, 0, 1],
    [0, 0, 2, 3, 1, 0],
    [0, 0, 5, 17, 0, 0],
    [0, 0, 4, 6, 0, 1],
    [1, 6, 4, 10, 0, 2],
    [9, 5, 19, 36, 2, 0],
    [0, 2, 11, 18, 0, 1],
    [0, 0, 10, 10, 1, 2],
    [2, 0, 14, 18, 1, 1],
    [0, 1, 5, 11, 0, 1],
    [0, 0, 6, 19, 0, 3],
    [0, 0, 3, 3, 0, 0],
    [0, 7, 1, 21, 0, 1],
    [1, 1, 5, 17, 1, 1],
    [0, 0, 1, 6, 0, 0],
    [0, 0, 2, 5, 0, 0],
    [2, 5, 6, 18, 2, 1],
    [0, 0, 6, 7, 0, 0],
    [0, 4, 8, 9, 0, 0],
    [0, 0, 4, 12, 0, 1],
    [3, 1, 18, 27, 1, 1],
    [3, 3, 13, 22, 2, 2],
    [1, 1, 3, 6, 0, 0],
    [0, 10, 40, 26, 1, 0],
    [4, 3, 35, 26, 2, 0],
    [1, 4, 22, 26, 0, 2],
    [1, 3, 34, 23, 3, 0],
    [3, 4, 39, 30, 3, 1],
    [4, 13, 78, 68, 7, 0],
    [3, 4, 40, 32, 0, 2],
    [0, 0, 19, 27, 1, 1],
    [1, 6, 24, 21, 0, 1],
    [2, 3, 30, 27, 4, 1],
    [0, 1, 6, 5, 1, 0],
    [0, 0, 1, 5, 0, 1],
    [0, 2, 12, 10, 2, 1],
    [0, 0, 6, 2, 0, 2],
    [0, 2, 2, 3, 0, 0],
    [0, 2, 10, 15, 0, 0],
    [0, 0, 14, 23, 1, 0],
    [2, 13, 41, 44, 1, 1],
    [0, 6, 19, 19, 2, 0],
    [0, 4, 21, 24, 2, 0],
    [11, 1, 47, 50, 4, 0],
    [1, 4, 22, 23, 3, 0],
    [0, 0, 20, 16, 0, 0],
    [0, 1, 23, 7, 2, 0],
    [0, 0, 5, 2, 1, 0],
    [1, 1, 2, 8, 0, 0],
    [0, 1, 15, 6, 3, 0],
    [0, 1, 9, 7, 0, 0],
    [0, 4, 13, 23, 0, 1],
    [0, 3, 21, 21, 3, 1],
    [0, 1, 1, 13, 0, 1],
    [2, 0, 4, 3, 0, 0],
    [0, 0, 1, 4, 0, 1],
    [0, 2, 17, 9, 3, 0],
    [0, 1, 3, 4, 0, 1],
    [0, 2, 3, 6, 0, 1],
    [0, 2, 2, 12, 0, 0],
    [0, 0, 0, 10, 0, 0],
    [2, 6, 24, 30, 7, 4],
    [1, 1, 2, 6, 0, 1],
    [3, 3, 3, 15, 2, 0],
    [0, 3, 3, 2, 0, 0],
    [0, 1, 3, 6, 0, 1],
    [0, 0, 2, 5, 0, 0],
    [0, 4, 2, 9, 1, 0],
    [0, 2, 7, 12, 0, 1],
    [1, 0, 5, 12, 1, 0],
    [0, 2, 2, 0, 0, 2],
    [1, 1, 2, 2, 0, 0],
    [1, 3, 14, 18, 1, 0],
    [4, 0, 9, 19, 0, 0],
    [0, 2, 7, 1, 4, 0],
    [1, 0, 9, 7, 1, 0],
    [0, 0, 18, 20, 1, 0],
    [0, 2, 15, 14, 3, 2],
    [0, 3, 2, 4, 0, 2],
    [1, 3, 3, 8, 1, 2],
    [0, 0, 6, 2, 0, 2],
    [1, 2, 16, 13, 1, 2],
    [2, 2, 12, 17, 1, 0],
    [1, 0, 0, 4, 0, 2],
    [0, 0, 7, 6, 0, 1],
    [0, 0, 8, 12, 0, 0],
    [1, 2, 8, 15, 0, 2],
    [1, 1, 3, 19, 0, 1],
    [0, 1, 6, 15, 0, 0],
    [0, 1, 4, 27, 3, 1],
    [36, 51, 120, 147, 1, 3],
    [98, 282, 897, 1540, 135, 38],
    [69, 189, 668, 911, 88, 43],
    [6, 19, 51, 71, 4, 11]
  ],
  "W": [
    [2, 15, 4, 1, 1],
    [3, 14, 2, 3, 3],
    [1, 47, 2, 1, 3],
    [16, 188, 30, 9, 26],
    [82, 767, 98, 39, 99],
    [0, 22, 2, 0, 4],
    [7, 94, 22, 2, 11],
    [1, 14, 4, 0, 0],
    [4, 17, 4, 2, 2],
    [66, 494, 82, 30, 56],
    [24, 243, 57, 9, 46],
    [0, 22, 6, 0, 2],
    [24, 136, 36, 10, 20],
    [3, 59, 4, 3, 8],
    [2, 12, 3, 0, 4],
    [0, 7, 0, 0, 0],
    [9, 33, 6, 2, 5],
    [0, 4, 0, 0, 2],
    [35, 191, 26, 8, 37],
    [4, 20, 2, 1, 3],
    [1, 14, 0, 0, 4],
    [2, 31, 5, 3, 6],
    [3, 15, 2, 2, 2],
    [4, 34, 6, 2, 3],
    [6, 50, 7, 5, 7],
    [1, 14, 4, 2, 1],
    [1, 15, 3, 0, 0],
    [1, 16, 4, 0, 3],
    [28, 361, 50, 13, 47],
    [0, 6, 1, 0, 1],
    [1, 7, 1, 2, 3],
    [3, 30, 7, 0, 5],
    [1, 21, 3, 2, 3],
    [6, 21, 3, 0, 4],
    [0, 16, 0, 1, 2],
    [8, 109, 25, 2, 19],
    [2, 22, 2, 0, 2],
    [32, 452, 56, 22, 60],
    [1, 9, 2, 0, 0],
    [27, 154, 28, 10, 32],
    [5, 11, 1, 1, 5],
    [1, 14, 2, 3, 4],
    [1, 17, 2, 0, 1],
    [1, 4, 1, 0, 2],
    [2, 16, 6, 0, 3],
    [0, 19, 7, 2, 5],
    [1, 19, 2, 1, 1],
    [13, 203, 17, 16, 25],
    [2, 7, 1, 1, 0],
    [5, 36, 12, 1, 5],
    [1, 11, 1, 1, 7],
    [16, 156, 25, 9, 26],
    [3, 16, 4, 2, 4],
    [0, 21, 4, 1, 3],
    [15, 334, 35, 11, 48],
    [9, 149, 9, 5, 20],
    [0, 13, 0, 0, 0],
    [0, 8, 2, 0, 0],
    [2, 21, 2, 1, 4],
    [2, 7, 1, 0, 1],
    [0, 5, 2, 0, 1],
    [0, 6, 1, 2, 0],
    [0, 7, 0, 0, 3],
    [0, 18, 0, 1, 1],
    [3, 12, 2, 0, 4],
    [6, 91, 11, 7, 14],
    [0, 7, 0, 1, 2],
    [0, 10, 1, 0, 2],
    [1, 4, 1, 0, 1],
    [8, 17, 2, 1, 3],
    [6, 48, 7, 0, 9],
    [5, 15, 1, 1, 2],
    [3, 12, 1, 2, 3],
    [1, 17, 3, 1, 2],
    [1, 6, 2, 1, 1],
    [12, 131, 11, 6, 15],
    [0, 12, 0, 0, 1],
    [6, 5, 2, 2, 3],
    [1, 10, 1, 2, 4],
    [0, 9, 0, 0, 1],
    [26, 319, 38, 20, 57],
    [0, 6, 4, 0, 1],
    [0, 6, 2, 0, 0],
    [0, 19, 1, 0, 1],
    [0, 13, 1, 0, 4],
    [3, 7, 1, 0, 2],
    [2, 10, 2, 0, 0],
    [1, 8, 4, 0, 1],
    [7, 137, 28, 4, 26],
    [5, 85, 21, 5, 12],
    [10, 88, 17, 1, 10],
    [2, 23, 6, 0, 3],
    [46, 519, 122, 16, 84],
    [1, 30, 7, 1, 4],
    [0, 14, 2, 0, 5],
    [2, 18, 3, 0, 2],
    [0, 8, 0, 0, 1],
    [11, 118, 25, 9, 23],
    [1, 4, 1, 0, 1],
    [23, 218, 46, 10, 35],
    [0, 21, 3, 0, 2],
    [2, 27, 6, 0, 1],
    [0, 17, 7, 0, 1],
    [0, 26, 5, 1, 3],
    [1, 9, 1, 0, 1],
    [0, 14, 1, 0, 0],
    [26, 297, 54, 12, 39],
    [2, 16, 4, 0, 4],
    [4, 39, 12, 4, 5],
    [2, 25, 7, 1, 4],
    [2, 6, 1, 1, 5],
    [2, 3, 0, 1, 0],
    [2, 49, 6, 7, 8],
    [0, 9, 0, 0, 3],
    [0, 14, 1, 3, 3],
    [0, 6, 0, 0, 0],
    [15, 200, 31, 14, 56],
    [4, 8, 2, 4, 4],
    [1, 45, 4, 0, 5],
    [2, 6, 1, 0, 0],
    [1, 22, 3, 1, 3],
    [0, 29, 2, 0, 4],
    [2, 10, 2, 1, 3],
    [6, 116, 16, 9, 22],
    [0, 13, 1, 1, 2],
    [0, 15, 3, 1, 2],
    [11, 129, 16, 1, 16],
    [0, 8, 1, 0, 0],
    [2, 41, 10, 1, 2],
    [2, 8, 1, 2, 0],
    [4, 54, 15, 4, 6],
    [12, 97, 11, 3, 20],
    [1, 5, 1, 2, 0],
    [3, 47, 8, 2, 12],
    [0, 12, 7, 0, 2],
    [1, 10, 2, 1, 2],
    [4, 35, 5, 0, 6],
    [0, 10, 1, 1, 0],
    [4, 154, 21, 5, 17],
    [1, 11, 2, 1, 2],
    [1, 7, 5, 0, 0],
    [2, 12, 1, 2, 0],
    [0, 3, 2, 1, 2],
    [4, 28, 4, 0, 4],
    [7, 4, 7, 0, 1],
    [5, 30, 8, 0, 4],
    [1, 0, 3, 0, 4],
    [5, 28, 3, 0, 3],
    [1, 21, 5, 1, 1],
    [2, 62, 9, 2, 8],
    [10, 82, 5, 1, 7],
    [11, 105, 21, 6, 18],
    [6, 29, 4, 1, 3],
    [4, 32, 4, 1, 10],
    [10, 95, 15, 8, 9],
    [11, 91, 17, 10, 15],
    [2, 17, 7, 3, 5],
    [3, 22, 3, 2, 4],
    [1, 4, 0, 0, 4],
    [3, 44, 6, 1, 9],
    [1, 15, 1, 0, 5],
    [5, 77, 5, 4, 6],
    [4, 50, 7, 8, 8],
    [2, 6, 0, 1, 2],
    [2, 18, 1, 0, 6],
    [13, 64, 19, 6, 15],
    [3, 41, 4, 6, 5],
    [2, 10, 1, 1, 3],
    [9, 49, 26, 3, 6],
    [5, 45, 4, 3, 4],
    [1, 33, 7, 11, 5],
    [13, 80, 34, 15, 19],
    [10, 74, 21, 9, 10],
    [3, 64, 7, 6, 4],
    [8, 60, 12, 4, 4],
    [9, 90, 27, 14, 7],
    [7, 128, 7, 3, 11],
    [0, 13, 0, 1, 2],
    [1, 35, 4, 1, 6],
    [0, 7, 1, 0, 2],
    [0, 3, 3, 0, 2],
    [0, 9, 1, 0, 3],
    [3, 20, 5, 1, 5],
    [3, 11, 0, 1, 2],
    [2, 3, 0, 1, 0],
    [3, 4, 0, 0, 0],
    [0, 4, 0, 1, 2],
    [0, 9, 0, 0, 0],
    [3, 32, 6, 0, 7],
    [2, 11, 8, 1, 0],
    [5, 20, 5, 2, 2],
    [4, 27, 10, 0, 3],
    [4, 22, 2, 2, 3],
    [8, 47, 11, 11, 9],
    [0, 5, 5, 0, 0],
    [2, 3, 0, 0, 2],
    [4, 7, 2, 2, 3],
    [0, 21, 1, 3, 6],
    [1, 2, 0, 0, 6],
    [0, 3, 3, 1, 0],
    [0, 10, 2, 1, 9],
    [1, 16, 0, 0, 1],
    [3, 12, 1, 0, 1],
    [0, 17, 2, 0, 2],
    [0, 20, 1, 2, 6],
    [0, 25, 2, 1, 8],
    [2, 42, 7, 1, 6],
    [2, 15, 3, 1, 2],
    [0, 50, 5, 0, 4],
    [0, 10, 0, 1, 2],
    [3, 36, 4, 1, 6],
    [0, 41, 4, 3, 3],
    [1, 5, 3, 0, 1],
    [2, 5, 0, 1, 6],
    [0, 14, 5, 0, 11],
    [2, 19, 6, 2, 5],
    [5, 22, 4, 0, 6],
    [2, 15, 1, 1, 4],
    [1, 7, 2, 0, 1],
    [0, 11, 0, 1, 1],
    [2, 36, 6, 2, 7],
    [0, 19, 3, 0, 2],
    [1, 8, 0, 0, 0],
    [3, 27, 10, 0, 4],
    [3, 17, 2, 5, 5],
    [0, 18, 2, 3, 5],
    [1, 9, 2, 0, 3],
    [0, 4, 0, 0, 2],
    [2, 13, 9, 2, 3],
    [1, 37, 5, 2, 5],
    [4, 13, 2, 2, 1],
    [0, 9, 1, 1, 1],
    [0, 9, 2, 0, 2],
    [1, 3, 1, 0, 1],
    [2, 16, 6, 1, 7],
    [1, 11, 2, 2, 1],
    [0, 2, 1, 0, 3],
    [0, 5, 2, 0, 0],
    [1, 36, 11, 5, 6],
    [0, 31, 6, 2, 10],
    [3, 36, 8, 0, 6],
    [4, 75, 8, 4, 6],
    [2, 11, 4, 2, 3],
    [0, 4, 0, 0, 6],
    [1, 7, 1, 0, 3],
    [2, 14, 0, 1, 2],
    [1, 9, 0, 0, 0],
    [0, 5, 2, 0, 2],
    [1, 28, 3, 2, 3],
    [2, 41, 11, 5, 8],
    [0, 40, 3, 4, 4],
    [4, 36, 7, 2, 10],
    [1, 5, 1, 2, 3],
    [1, 4, 1, 2, 1],
    [1, 14, 2, 1, 5],
    [0, 4, 1, 0, 1],
    [0, 15, 3, 0, 4],
    [0, 7, 2, 0, 2],
    [1, 15, 3, 0, 4],
    [4, 41, 11, 5, 10],
    [3, 21, 6, 0, 2],
    [1, 13, 2, 3, 4],
    [1, 25, 3, 0, 7],
    [0, 13, 2, 2, 1],
    [2, 17, 3, 1, 5],
    [0, 4, 1, 0, 1],
    [3, 23, 1, 1, 2],
    [2, 18, 4, 2, 0],
    [0, 6, 0, 1, 0],
    [0, 7, 0, 0, 0],
    [1, 26, 3, 1, 3],
    [0, 9, 4, 0, 0],
    [2, 10, 5, 2, 2],
    [0, 12, 1, 0, 4],
    [2, 32, 7, 3, 7],
    [2, 30, 4, 1, 8],
    [0, 7, 2, 0, 2],
    [6, 46, 16, 3, 6],
    [3, 46, 8, 2, 11],
    [2, 33, 9, 3, 8],
    [4, 40, 12, 2, 6],
    [4, 45, 14, 2, 15],
    [4, 112, 34, 2, 18],
    [5, 57, 12, 1, 6],
    [3, 36, 5, 2, 2],
    [3, 33, 6, 2, 9],
    [6, 43, 8, 3, 7],
    [1, 11, 0, 0, 1],
    [0, 5, 0, 1, 1],
    [1, 20, 1, 1, 4],
    [1, 5, 0, 1, 3],
    [1, 4, 1, 0, 1],
    [2, 21, 3, 0, 1],
    [0, 31, 3, 0, 4],
    [8, 60, 17, 8, 9],
    [5, 29, 7, 2, 3],
    [3, 35, 6, 5, 2],
    [4, 82, 9, 9, 9],
    [1, 32, 8, 5, 7],
    [0, 26, 8, 0, 2],
    [2, 19, 8, 0, 4],
    [1, 4, 2, 1, 0],
    [1, 9, 1, 0, 1],
    [1, 17, 2, 2, 3],
    [1, 9, 6, 1, 0],
    [4, 32, 3, 0, 2],
    [2, 35, 7, 1, 4],
    [0, 13, 1, 0, 2],
    [0, 3, 0, 2, 4],
    [1, 3, 0, 0, 2],
    [3, 20, 5, 1, 2],
    [1, 6, 0, 0, 2],
    [1, 8, 1, 0, 2],
    [1, 13, 2, 0, 0],
    [1, 7, 1, 0, 1],
    [5, 45, 9, 4, 10],
    [0, 5, 1, 3, 2],
    [1, 17, 1, 2, 5],
    [0, 6, 1, 0, 1],
    [1, 6, 3, 0, 1],
    [0, 5, 1, 0, 1],
    [0, 13, 1, 1, 1],
    [1, 13, 4, 1, 3],
    [2, 13, 2, 1, 1],
    [1, 3, 1, 0, 1],
    [1, 3, 1, 0, 1],
    [3, 26, 0, 3, 5],
    [0, 19, 4, 3, 6],
    [2, 8, 2, 0, 2],
    [1, 12, 1, 0, 4],
    [1, 22, 9, 3, 4],
    [1, 15, 6, 1, 13],
    [2, 3, 3, 2, 1],
    [1, 9, 1, 1, 6],
    [1, 3, 2, 0, 4],
    [0, 18, 5, 5, 7],
    [2, 25, 2, 1, 4],
    [0, 4, 0, 0, 3],
    [1, 8, 1, 2, 2],
    [2, 12, 1, 2, 3],
    [0, 20, 1, 1, 6],
    [0, 21, 0, 1, 3],
    [0, 15, 4, 0, 3],
    [2, 27, 2, 2, 3],
    [44, 201, 45, 7, 61],
    [192, 1883, 411, 94, 410],
    [127, 1200, 250, 64, 327],
    [13, 89, 16, 7, 37]
  ],
  "method": "mvn_pdf",
  "cond_prob": [
    [
      [0.0044455469205, 0.24236430369, 0.15956181968, 0.4661569864, 0.12577160121, 0.0016997420929],
      [0.0013545315896, 0.017055501639, 0.068069022145, 0.8248234328, 0.088201493651, 0.00049601817206],
      [0.0064079061317, 0.021149183014, 0.49918402467, 0.36640000948, 0.10540007287, 0.0014588038313],
      [0.0053554136198, 0.017165431143, 0.086342098302, 0.87367556611, 0.014131629351, 0.003329861471],
      [0.0094128810599, 0.021549990783, 0.076286161636, 0.30283790924, 0.5870099164, 0.0029031408789]
    ],
    [
      [0.0061396216825, 0.33631772706, 0.3729307059, 0.25332864533, 0.015799830912, 0.015483469125],
      [0.0029174437414, 0.037652156282, 0.24889600187, 0.6866090129, 0.017109934443, 0.0068154507599],
      [0.0060712792962, 0.020596350046, 0.81569450895, 0.13929740139, 0.0093683668638, 0.0089720934549],
      [0.010433024202, 0.03262089827, 0.27250155198, 0.62577628352, 0.0025617612653, 0.056106480755],
      [0.031724770672, 0.063844118048, 0.37552777235, 0.34256854148, 0.10088236103, 0.085452436419]
    ],
    [
      [0.037850345313, 0.39440018567, 0.21950310386, 0.3277378849, 0.0064283590747, 0.014080121178],
      [0.016145385001, 0.041729565703, 0.13570044524, 0.79438713321, 0.0063572127588, 0.0056802580916],
      [0.053172525676, 0.034629690888, 0.64358773969, 0.25182923337, 0.0053536345604, 0.011427175814],
      [0.060253129993, 0.035480814425, 0.14551364046, 0.71300068843, 0.00095326803322, 0.044798458656],
      [0.22053865268, 0.070448235616, 0.20273318751, 0.40354573697, 0.033568880287, 0.069165306934]
    ],
    [
      [0.023577851529, 0.45571357267, 0.25189225066, 0.23580067594, 0.01785944372, 0.015156205484],
      [0.012666579219, 0.064800994665, 0.19393124787, 0.69896035927, 0.021979176328, 0.007661642646],
      [0.032674396992, 0.043288436074, 0.71599964322, 0.18097030103, 0.014789579895, 0.012277642793],
      [0.04573117945, 0.055194658867, 0.20802776401, 0.62967680562, 0.0032664715785, 0.058103120473],
      [0.13478135821, 0.097857132744, 0.25972309917, 0.32340861618, 0.10638624214, 0.07784355156]
    ],
    [
      [0.027806803261, 0.51448279986, 0.20232996321, 0.22576188006, 0.017840697245, 0.011777856356],
      [0.015909377403, 0.078946686019, 0.16579058355, 0.70966526805, 0.02334580931, 0.0063422756658],
      [0.044873262567, 0.05783423511, 0.66693697337, 0.20200645318, 0.01722384878, 0.011125226989],
      [0.057659081091, 0.067728682693, 0.17903555205, 0.64404962663, 0.0034981474593, 0.048028910076],
      [0.16519723722, 0.11751161061, 0.21895391678, 0.32486101604, 0.11065538315, 0.062820836204]
    ],
    [
      [0.024865841969, 0.92005421509, 0.020372679298, 0.018657463009, 0.013285814797, 0.002763985841],
      [0.072243135481, 0.42273870839, 0.090482477664, 0.31443331619, 0.092363275567, 0.0077390867015],
      [0.20561570709, 0.27658230729, 0.36071085938, 0.08164377442, 0.062481432425, 0.01296591939],
      [0.26834971137, 0.31810768948, 0.087423756917, 0.25274814063, 0.011846798866, 0.061523902737],
      [0.42490430856, 0.24256269215, 0.044258931689, 0.052516360997, 0.20267294761, 0.033084758995]
    ],
    [
      [0.017832424792, 0.5905855365, 0.18090629606, 0.19616273986, 0.010710336627, 0.0038026661624],
      [0.011540022411, 0.097987121952, 0.16798664763, 0.70425719057, 0.015904215558, 0.0023248018825],
      [0.032638274275, 0.071330428476, 0.68210149247, 0.19817417261, 0.011686794265, 0.0040688379025],
      [0.043604062045, 0.086909667349, 0.18787613922, 0.66106514575, 0.0024611551004, 0.018083830543],
      [0.1353671511, 0.16063375326, 0.24370923053, 0.3513252849, 0.083857559709, 0.025107020502]
    ],
    [
      [0.0018059730478, 0.56845531691, 0.25317723126, 0.17440632511, 0.0018656802121, 0.0002894734528],
      [0.0013022374338, 0.070330074197, 0.24340441015, 0.68187078184, 0.0028781960821, 0.0002143003025],
      [0.0025578161129, 0.037691259077, 0.82156094515, 0.1363028645, 0.0016215307884, 0.00026558437697],
      [0.0042867128186, 0.063434237806, 0.27971581858, 0.65149969123, 0.00048494876662, 0.00057859079913],
      [0.010449315298, 0.14350763361, 0.43557770099, 0.39545017057, 0.014381698925, 0.00063348060635]
    ],
    [
      [0.0047000335483, 0.88572154601, 0.058421239187, 0.045890531077, 0.0010491659877, 0.0042174841854],
      [0.0088674226087, 0.3260956436, 0.15927721639, 0.49375250449, 0.0045526394297, 0.0074545734821],
      [0.023362134293, 0.21368784825, 0.62390043656, 0.12387865747, 0.0030954601992, 0.012075463235],
      [0.033525875577, 0.27969949672, 0.17378295284, 0.44847748481, 0.00070302325904, 0.063811166799],
      [0.090856024652, 0.43819193129, 0.18552083427, 0.19242972064, 0.017503140894, 0.075498348248]
    ],
    [
      [0.025302238331, 0.53854110521, 0.21123850171, 0.19845034024, 0.018268103542, 0.0081997109666],
      [0.01569091253, 0.089354508189, 0.18763766336, 0.6766099356, 0.025919782207, 0.0047871981134],
      [0.040797779825, 0.06030762625, 0.69616002274, 0.1773794473, 0.017617140628, 0.0077379832578],
      [0.057461894168, 0.077398981281, 0.20461158564, 0.62000467605, 0.0039199336107, 0.036602929254],
      [0.15944763867, 0.12987967347, 0.2419568051, 0.30226384351, 0.12016615165, 0.046285887601]
    ],
    [
      [0.024705107891, 0.45688763968, 0.21260814424, 0.27217883026, 0.017073739494, 0.016546538437],
      [0.012319216187, 0.060607985188, 0.15189409457, 0.74792682946, 0.019488535973, 0.0077633386227],
      [0.037313049915, 0.047593382916, 0.65734463089, 0.22771836106, 0.015415692559, 0.014614882663],
      [0.04465590107, 0.051920950579, 0.16383531792, 0.6776613117, 0.0029149592339, 0.059011559506],
      [0.1381217293, 0.096907553426, 0.21541343038, 0.36680113638, 0.099557130893, 0.083199019621]
    ],
    [
      [0.010611974163, 0.67193041558, 0.097204121434, 0.2163993079, 0.0027430805431, 0.0011111003877],
      [0.0069356928528, 0.083741486697, 0.091785960862, 0.81271883832, 0.0041090148784, 0.00070900639448],
      [0.029079774462, 0.08640232969, 0.56268797421, 0.31563739186, 0.0044018259294, 0.0017907038532],
      [0.027458632371, 0.07629244223, 0.1062037301, 0.78467487201, 0.00067147124537, 0.004698852043],
      [0.1166023013, 0.17893297364, 0.17047276132, 0.49994405003, 0.026112536017, 0.007935377695]
    ],
    [
      [0.12279244458, 0.29211111666, 0.36332073917, 0.19665749558, 0.017614345809, 0.0075038581939],
      [0.066027605685, 0.041948261674, 0.28068619991, 0.585753165, 0.021771669753, 0.0038130979841],
      [0.12138408624, 0.019899645426, 0.73642204134, 0.1075681137, 0.010392822586, 0.0043332907028],
      [0.21162999177, 0.031432178527, 0.264850742, 0.46399690865, 0.0028445861271, 0.025245592924],
      [0.45877588651, 0.040124724694, 0.23835121477, 0.17169303784, 0.066802495559, 0.024252640633]
    ],
    [
      [0.053097221631, 0.34935287741, 0.21548901829, 0.3437121785, 0.016792316416, 0.021556387751],
      [0.02168564784, 0.036700401999, 0.12700763203, 0.79044971274, 0.015853068354, 0.0083035370356],
      [0.072362515176, 0.031223219806, 0.60820027689, 0.25758036016, 0.01359253682, 0.017041091149],
      [0.077999111738, 0.030481675328, 0.1329000108, 0.69298703331, 0.0022960978585, 0.063336070957],
      [0.24868245139, 0.055278032805, 0.16951992715, 0.36070689378, 0.077699803888, 0.088112890992]
    ],
    [
      [0.005574599112, 0.41499084607, 0.31710303386, 0.23032452808, 0.014257393168, 0.017749599706],
      [0.0028925168095, 0.047368979869, 0.23215864859, 0.69224480217, 0.016883867126, 0.0084511854327],
      [0.0062963865824, 0.026822135739, 0.80159941883, 0.14395447125, 0.0096442290432, 0.011683358556],
      [0.010265676855, 0.040627615533, 0.25196471907, 0.62229061986, 0.0025218014984, 0.072329567186],
      [0.030834607774, 0.079360686159, 0.34472051068, 0.33517759563, 0.097094654764, 0.112811945]
    ],
    [
      [1.9202747502e-05, 0.023324022685, 0.58793290409, 0.38819023271, 0.00053351440255, 1.2336173653e-07],
      [1.5851352975e-05, 0.0054564285938, 0.24815969472, 0.74602181879, 0.00034597461695, 2.3193070663e-07],
      [4.1557348153e-06, 0.002431253661, 0.88963191842, 0.10775836907, 0.00017420477989, 9.8337791071e-08],
      [6.0724207976e-19, 0.0055835041148, 0.25616829302, 0.73816090159, 8.7301266456e-05, 0],
      [0.086641615698, 0.049358024388, 0.36212709446, 0.35285606383, 0.068695733987, 0.080321467635]
    ],
    [
      [0.0079711213858, 0.33645071528, 0.25213225209, 0.30585442081, 0.020821622632, 0.076769867794],
      [0.0034788142753, 0.037425212828, 0.15677352961, 0.75062641321, 0.020829640071, 0.030866390007],
      [0.010142020744, 0.028328345702, 0.67399438516, 0.21517840822, 0.015805235588, 0.056551604587],
      [0.010783392324, 0.027662237454, 0.14593754088, 0.58411802881, 0.0026699185233, 0.22882888201],
      [0.0319422462, 0.050484522597, 0.18751057855, 0.30432713008, 0.094054553213, 0.33168096936]
    ],
    [
      [0.091036546597, 0.014127016188, 0.54767868808, 0.15929565776, 0.0026761649355, 0.18518592644],
      [0.04013993391, 0.0074097948275, 0.37788653737, 0.49949654069, 0.0028799731907, 0.072187220011],
      [0.047915577804, 0.0021087698543, 0.85018073392, 0.046320494391, 0.00086683120295, 0.052607592825],
      [0.070701793286, 0.0022200231932, 0.13573124112, 0.13188738774, 0.00018505681633, 0.65927449784],
      [0.20605146911, 0.0014435784933, 0.076739270423, 0.030313452626, 0.0011773933414, 0.68427483601]
    ],
    [
      [0.025682354158, 0.42049186241, 0.2393303533, 0.2761756804, 0.022258075479, 0.016061674257],
      [0.012405100536, 0.054059715481, 0.16562554666, 0.73598631433, 0.024623037956, 0.0073002850399],
      [0.035626065553, 0.040246512367, 0.68043085939, 0.21221486755, 0.018454284717, 0.013027410421],
      [0.045183402368, 0.046500832829, 0.17937632115, 0.66946834168, 0.003694997698, 0.055776104269],
      [0.13591180123, 0.084237596077, 0.22894200386, 0.35153001569, 0.12301801181, 0.076360571343]
    ],
    [
      [0.0010955101365, 0.90820277332, 0.041036302569, 0.048250904559, 0.00090193698742, 0.00051257242891],
      [0.0021649919328, 0.34175665769, 0.11547075088, 0.53562309978, 0.0040244510796, 0.00096004863176],
      [0.0067696664377, 0.2728146001, 0.55196598769, 0.1632458504, 0.0033318448703, 0.0018720505089],
      [0.0083653674899, 0.31725847923, 0.13661873867, 0.52986226902, 0.00066806970088, 0.0072270758874],
      [0.0221230123, 0.5439521596, 0.15935893292, 0.2463768977, 0.019224731779, 0.0089642657069]
    ],
    [
      [0.0060965528957, 0.30430120653, 0.31915554561, 0.33007393637, 0.017486476782, 0.022886281817],
      [0.0024368436918, 0.027576491497, 0.1793536489, 0.76636087053, 0.015925733083, 0.0083464123011],
      [0.0063659646344, 0.018886953103, 0.75839264622, 0.19143623718, 0.010977817955, 0.013940380914],
      [0.0086563817639, 0.023950894031, 0.19646348771, 0.69534364276, 0.0024072643497, 0.073178329383],
      [0.027725724388, 0.050179246389, 0.29080828097, 0.40391601891, 0.10096172561, 0.12640900373]
    ],
    [
      [0.024373634067, 0.47422445962, 0.22987613575, 0.24146233475, 0.019785800173, 0.010277635644],
      [0.012872157504, 0.060296514548, 0.17487160844, 0.72268083788, 0.02415162608, 0.0051272555492],
      [0.035430623569, 0.042189600371, 0.7038511201, 0.19278950821, 0.01705438256, 0.0086847651955],
      [0.048369357984, 0.05238087311, 0.19190788173, 0.66322568101, 0.0036367419047, 0.040479464262],
      [0.14992973383, 0.093611693691, 0.23993494334, 0.33578182751, 0.12593860839, 0.054803193236]
    ],
    [
      [0.021028999623, 0.34773265836, 0.33806399222, 0.2866815775, 0.0040508238744, 0.0024419484199],
      [0.0092329534005, 0.036289411873, 0.21271438884, 0.73662085043, 0.0041002945056, 0.0010421009428],
      [0.022281883305, 0.022311815071, 0.78443012506, 0.16688100354, 0.0025713996679, 0.0015237733563],
      [0.035681569895, 0.032144589318, 0.23815682547, 0.68626645698, 0.00065360300822, 0.0070969553308],
      [0.14200480832, 0.067925345166, 0.35415510252, 0.40264273364, 0.022259389698, 0.01101262065]
    ],
    [
      [0.013187980883, 0.47891703309, 0.26372880774, 0.23076189027, 0.010294457886, 0.0031098301249],
      [0.007190538194, 0.063417222622, 0.2058732052, 0.70899356, 0.012912077994, 0.0016133959902],
      [0.017956737168, 0.040597030254, 0.75757210242, 0.17304599356, 0.0083463901671, 0.0024817464406],
      [0.027446436172, 0.05662358784, 0.23225855754, 0.6695082619, 0.0020091967866, 0.012153959768],
      [0.093262685639, 0.11271523406, 0.32370336539, 0.37725956114, 0.075059439769, 0.017999714015]
    ],
    [
      [0.0083509863917, 0.35285188387, 0.26609406299, 0.3470252275, 0.016208045883, 0.0094697933691],
      [0.0033945874634, 0.036640293185, 0.15424946761, 0.78702822259, 0.015073504709, 0.0036139244457],
      [0.010514701793, 0.029444561764, 0.69917744845, 0.24169992777, 0.0121901295, 0.0069732307254],
      [0.012824127328, 0.032959239127, 0.17489584879, 0.74804993808, 0.0023591122968, 0.028911734382],
      [0.046044696501, 0.072019808791, 0.26888606382, 0.4676865254, 0.097186381979, 0.048176523511]
    ],
    [
      [0.0032728219445, 0.52240690603, 0.14436053538, 0.32586469117, 0.0026628839759, 0.0014321614978],
      [0.0015043015086, 0.045344481351, 0.092634121926, 0.85717544528, 0.0027138164733, 0.00062783346402],
      [0.0062389162128, 0.048779984291, 0.60428679008, 0.33602762087, 0.003044297417, 0.0016223911273],
      [0.0055099621118, 0.042037194903, 0.10880246724, 0.83910627077, 0.00046096204916, 0.0040831429228],
      [0.022629547541, 0.11683505958, 0.20816208873, 0.62437808673, 0.019633365787, 0.0083618516362]
    ],
    [
      [0.0023603216211, 0.096483688267, 0.71186874454, 0.18647466218, 0.0024448453693, 0.00036773802465],
      [0.0011701205393, 0.012508250996, 0.47081702089, 0.51267671619, 0.0026417071647, 0.00018618422293],
      [0.0012553693661, 0.0039652886958, 0.93392208112, 0.059879574819, 0.00084886300209, 0.0001288229934],
      [0.0036399772226, 0.010896198616, 0.51720981882, 0.46737354516, 0.00042324377058, 0.00045721641359],
      [0.0073517945927, 0.0205716504, 0.71003745393, 0.25063388844, 0.010992113411, 0.00041309922742]
    ],
    [
      [0.012714262106, 0.67639542282, 0.10661095998, 0.18020665818, 0.010118983176, 0.013953713732],
      [0.0091548576767, 0.093461270485, 0.1118406327, 0.75928373427, 0.016910026285, 0.0093494785828],
      [0.032964830115, 0.08289474258, 0.59667072472, 0.25142667601, 0.015338375558, 0.020704651017],
      [0.034316540128, 0.079513935983, 0.12082007306, 0.6799133403, 0.0025210427572, 0.082915067776],
      [0.11543423309, 0.15211792715, 0.15855830855, 0.35503167465, 0.093346092708, 0.12551176385]
    ],
    [
      [0.025224166013, 0.39307303295, 0.26113965001, 0.29281921792, 0.016770683234, 0.010973249877],
      [0.011652473236, 0.048524391002, 0.17279449726, 0.74452789265, 0.017728966385, 0.0047717794597],
      [0.032951595678, 0.035607599257, 0.69793952644, 0.21201097407, 0.013102358907, 0.0083879456512],
      [0.042915724297, 0.042265201642, 0.18947267113, 0.6859277328, 0.0026964745935, 0.036722195535],
      [0.1358871586, 0.080811862009, 0.25532539409, 0.38078620062, 0.094201798636, 0.052987586048]
    ],
    [
      [0.0014027195967, 0.059091058359, 0.36276202275, 0.57494103629, 0.0016399964591, 0.00016316654832],
      [0.00036157956505, 0.005156110859, 0.11620191931, 0.87740717238, 0.00082788688526, 4.5331001671e-05],
      [0.0010119793324, 0.004725927331, 0.75314620793, 0.24024063202, 0.00078967163705, 8.5581751376e-05],
      [0.00089869849007, 0.0050022111584, 0.13839735832, 0.85551554168, 0.00016125047216, 2.4939874082e-05],
      [0.0012215433125, 0.014579536801, 0.31461751715, 0.66606078249, 0.0034983201659, 2.2300072499e-05]
    ],
    [
      [0.39736624256, 0.25098608744, 0.13509814049, 0.21183027847, 0.002783038325, 0.0019362127164],
      [0.19307805468, 0.026584720855, 0.1011780097, 0.67489007677, 0.0032941867115, 0.00097495127779],
      [0.4853282189, 0.015212056174, 0.36097476891, 0.13518345062, 0.0019611341926, 0.0013403711932],
      [0.54334721727, 0.01411031719, 0.067748034824, 0.37050112409, 0.00032313024038, 0.0039701763827],
      [0.9114688186, 0.007361096351, 0.024780543401, 0.052433688178, 0.002465644587, 0.0014902088871]
    ],
    [
      [0.073661852919, 0.15868585861, 0.40767855301, 0.34150219754, 0.014080068174, 0.0043914697507],
      [0.0271745597, 0.01571067179, 0.21755013603, 0.72588237466, 0.012125030203, 0.0015572276145],
      [0.064729521739, 0.0094899341045, 0.75137033678, 0.16481837205, 0.0073447700651, 0.0022470652566],
      [0.10090543951, 0.013224650988, 0.23054891755, 0.6425549832, 0.0017769632391, 0.010989045509],
      [0.32153668556, 0.022282436173, 0.27598986631, 0.30983590921, 0.056386856245, 0.013968246499]
    ],
    [
      [0.087306467106, 0.67285238508, 0.1010420917, 0.12926096089, 0.0078755274629, 0.0016625677612],
      [0.075432131131, 0.12012326449, 0.13029040134, 0.65656096223, 0.016174124599, 0.0014191162095],
      [0.21407446924, 0.081142597933, 0.52206464921, 0.16918070746, 0.011191830595, 0.0023457455648],
      [0.26538403618, 0.088627068244, 0.12214191627, 0.5131178299, 0.0020834169095, 0.0086457324939],
      [0.61608139766, 0.094503273741, 0.089484939822, 0.15144301279, 0.041972666009, 0.0065147099818]
    ],
    [
      [0.0066427553472, 0.32123567045, 0.30419588421, 0.33291752192, 0.031914493215, 0.0030936748523],
      [0.0026700970187, 0.032035102753, 0.17278111429, 0.76192268485, 0.029414901986, 0.001176099106],
      [0.0074897078556, 0.023495462692, 0.73773794921, 0.20774866749, 0.021469592543, 0.002058620202],
      [0.010217102278, 0.029646395578, 0.20195902937, 0.74469941288, 0.0046488354465, 0.0088292244505],
      [0.032650140667, 0.059066769398, 0.28349824421, 0.41661707046, 0.19498293085, 0.013184844416]
    ],
    [
      [0.0040502768168, 0.39496881567, 0.24423479211, 0.33565501833, 0.019472669076, 0.001618427991],
      [0.0017091675291, 0.032801333201, 0.14378469413, 0.80259457071, 0.018458089136, 0.00065214528674],
      [0.0051494210763, 0.026112375244, 0.71630247471, 0.23635841665, 0.014833789773, 0.0012435225474],
      [0.0062150986528, 0.03049316707, 0.16936549311, 0.78691717294, 0.002925261131, 0.0040838070955],
      [0.019826062714, 0.069354244552, 0.26856361705, 0.48919062433, 0.14649153525, 0.0065739161122]
    ],
    [
      [0.01691526811, 0.34041311454, 0.32534771561, 0.28276591909, 0.019091400849, 0.0154665818],
      [0.0077026024103, 0.040812207541, 0.21212231774, 0.71282159591, 0.019921005877, 0.0066202705254],
      [0.019063564518, 0.026158130936, 0.75527396873, 0.17646128506, 0.012856879324, 0.010186171438],
      [0.028193134434, 0.035279328116, 0.23096082464, 0.65140603636, 0.0030022895201, 0.051158386928],
      [0.088822279584, 0.066895703583, 0.30852253557, 0.35694035146, 0.10523955375, 0.073579576059]
    ],
    [
      [0.017530829824, 0.52530038234, 0.18531662058, 0.2663674485, 0.0038902924467, 0.0015944263059],
      [0.0089508349475, 0.059263919309, 0.13690973181, 0.78948522494, 0.0045935996287, 0.00079668935754],
      [0.029594664643, 0.048936536397, 0.67211334366, 0.24388161744, 0.0038900008207, 0.0015838370402],
      [0.035304313035, 0.053299517319, 0.15587812211, 0.74960277098, 0.0007386493503, 0.0051766272075],
      [0.1485852986, 0.11793345401, 0.23965770691, 0.45820176211, 0.027347517119, 0.0082742612407]
    ],
    [
      [0.0216665628, 0.36761398321, 0.30350978509, 0.25362262435, 0.038041179173, 0.015545865385],
      [0.010564103216, 0.04799432463, 0.21191008403, 0.67996115336, 0.04243811306, 0.0071322217064],
      [0.025779027383, 0.030414003576, 0.73858667452, 0.16732316677, 0.027072202865, 0.010824924886],
      [0.038843948309, 0.041765629646, 0.23214154355, 0.62590322836, 0.0064435542697, 0.054902095864],
      [0.10502209323, 0.068358204244, 0.26783091812, 0.29766557823, 0.19333793035, 0.067785275824]
    ],
    [
      [0.0011387306499, 0.1150632059, 0.23037977239, 0.56433413692, 0.089001931866, 8.2222269685e-05],
      [0.00030909691573, 0.007399443301, 0.078061327699, 0.86298167966, 0.051222834916, 2.5617510851e-05],
      [0.0011738721346, 0.0089387303482, 0.59419457234, 0.33957202958, 0.056057028486, 6.3767117766e-05],
      [0.00076697866829, 0.0073471784677, 0.09691256318, 0.88740054357, 0.0075685697657, 4.1663518032e-06],
      [0.00010361016714, 0.0086476450777, 0.08324875316, 0.2901490187, 0.61785084728, 1.2562207826e-07]
    ],
    [
      [0.020058164882, 0.49331176793, 0.27076167853, 0.18590786229, 0.022636258131, 0.0073242682381],
      [0.012359200614, 0.080431453225, 0.23900024824, 0.63200787453, 0.031950662499, 0.0042505608891],
      [0.027456215484, 0.046303532703, 0.76086508086, 0.14099114269, 0.018518317678, 0.0058657105862],
      [0.045711229185, 0.070211395993, 0.26278458104, 0.58361688331, 0.0048612751303, 0.03281463534],
      [0.12343679485, 0.11425572369, 0.30110132189, 0.27500985221, 0.14597515913, 0.040221148234]
    ],
    [
      [0.0032414882615, 0.73210154038, 0.11175894542, 0.131512772, 0.019809076571, 0.0015761773597],
      [0.0028881267655, 0.13672041616, 0.1413223249, 0.67728821603, 0.040451931521, 0.0013289846207],
      [0.008645444518, 0.10561797963, 0.65864734277, 0.19325126581, 0.031358805177, 0.002479162095],
      [0.011275779272, 0.12828029129, 0.16861122218, 0.67509431044, 0.0064385088049, 0.01029988802],
      [0.029669571834, 0.21576270068, 0.19571281922, 0.30774302322, 0.23849156118, 0.012620323875]
    ],
    [
      [0.023587216835, 0.14078187665, 0.26894902357, 0.28068764801, 0.20138564969, 0.08460858525],
      [0.0089535088612, 0.013889748742, 0.14590714219, 0.62184966225, 0.17974334959, 0.029656588368],
      [0.025212568442, 0.010025049868, 0.62253477524, 0.16474124941, 0.12569937509, 0.051786981943],
      [0.03140583881, 0.011227594548, 0.14824036433, 0.52468046436, 0.023655744212, 0.26078999374],
      [0.046284883612, 0.0093806242458, 0.088563259446, 0.12568712322, 0.55269342518, 0.1773906843]
    ],
    [
      [0.037515950782, 0.32633676848, 0.17449835756, 0.4355187897, 0.024954750267, 0.0011753832138],
      [0.012182580163, 0.024267805331, 0.083769671135, 0.85998134817, 0.019405299416, 0.00039329578437],
      [0.055807200234, 0.026722590391, 0.55238495527, 0.34278058357, 0.021275652907, 0.0010290176298],
      [0.051287111569, 0.022200878736, 0.096663246838, 0.82491006739, 0.003018261018, 0.0019204344524],
      [0.23323546289, 0.043982314677, 0.13459199414, 0.45362349208, 0.13222429159, 0.0023424446302]
    ],
    [
      [0.0034769639748, 0.079114868733, 0.31080685752, 0.51418272187, 0.0025788238208, 0.089839764087],
      [0.00088701111806, 0.0060402324885, 0.10291780102, 0.8698990441, 0.0014128098822, 0.018843101389],
      [0.0030408885576, 0.0059900266786, 0.69787975389, 0.2467842384, 0.0014193242631, 0.044885768217],
      [0.0025031530887, 0.0047668425215, 0.099606219857, 0.65290248993, 0.00022567315506, 0.23999562144],
      [0.0046771899366, 0.008046498185, 0.12846296959, 0.29950405159, 0.0039075049472, 0.55540178575]
    ],
    [
      [0.058912819624, 0.19865229962, 0.5646625204, 0.17102961659, 0.0043729563774, 0.0023697873912],
      [0.030251325299, 0.026263786073, 0.42128444112, 0.51572849794, 0.0052771108834, 0.0011948386847],
