{
  "Z_true": {},
  "V_true": [
    [41, 81, 79, 576, 570],
    [21, 2822, 612, 308, 123],
    [245, 1389, 4006, 149, 362],
    [152, 675, 152, 16265, 682],
    [1596, 514, 815, 586, 280],
    [63, 179, 167, 687, 382]
  ],
  "p_true": [
    [0.0304, 0.0601, 0.0586, 0.4276, 0.4232],
    [0.0054, 0.7262, 0.1575, 0.0793, 0.0317],
    [0.0398, 0.2258, 0.6513, 0.0242, 0.0589],
    [0.0085, 0.0377, 0.0085, 0.9073, 0.038],
    [0.421, 0.1356, 0.215, 0.1546, 0.0739],
    [0.0426, 0.1211, 0.113, 0.4648, 0.2585]
  ],
  "Z_est": {},
  "V_est": [
    [223.0928, 0, 0, 256.5846, 867.3225],
    [0, 3886, 0, 0, 0],
    [0, 1273.1023, 4584.9923, 0, 292.9054],
    [0, 0, 0, 17788.0461, 137.9539],
    [1894.9072, 0, 1246.0077, 0, 650.0851],
    [0, 500.8977, 0, 526.3693, 450.733]
  ],
  "p_est": [
    [0.1656, 0, 0, 0.1905, 0.6439],
    [0, 1, 0, 0, 0],
    [0, 0.207, 0.7454, 0, 0.0476],
    [0, 0, 0, 0.9923, 0.0077],
    [0.4998, 0, 0.3287, 0, 0.1715],
    [0, 0.3389, 0, 0.3561, 0.305]
  ],
  "EI_Z": {},
  "EI_V": 14.8532,
  "MAE_Z": {},
  "MAE_V": 342.4056,
  "MAE_p": 0.0909,
  "runtime": 0.0249
}
