{
  "Z_true": {},
  "V_true": [
    [1783, 166, 2603, 161],
    [2879, 530, 12103, 799],
    [444, 10312, 502, 980],
    [221, 902, 586, 1306]
  ],
  "p_true": [
    [0.3783, 0.0352, 0.5523, 0.0342],
    [0.1765, 0.0325, 0.742, 0.049],
    [0.0363, 0.8426, 0.041, 0.0801],
    [0.0733, 0.2992, 0.1944, 0.4332]
  ],
  "Z_est": [
    [
      [83.1624, 18.7137, 67.9047, 30.4162, 3.8184, 79.2254, 48.8063, 15.2252, 1.5616, 2.4138, 12.3499, 136.8725, 69.88, 39.3436, 26.3552, 79.7028, 24.0978, 59.2787, 16.977, 24.2804, 12.3413, 9.1969, 33.4469, 6.5814, 6.342, 45.1063, 63.4034, 5.0561, 28.3933, 48.1289, 23.5727, 30.6022, 9.1384, 22.5807, 72.1771, 41.3677, 8.1521, 107.3629, 30.462, 19.2657, 29.885, 11.4208, 46.1996, 59.9771, 1.0702, 138.0173, 25.8731, 277.4852, 84.4081],
      [3.1933, 1.3324, 1.9911, 1.122, 0.0956, 2.1565, 2.1718, 0.6101, 0.0538, 0.0006, 0.6331, 2.5775, 1.4172, 1.3647, 0.5565, 2.3934, 0.7393, 2.8476, 0.3368, 1.7155, 0.1298, 0.408, 0.5993, 0.1509, 0.0698, 2.0781, 2.7454, 0.3965, 1.1497, 1.9297, 1.1264, 0.7561, 0.3771, 0.8385, 2.6895, 0.9419, 0.6194, 1.897, 0.7851, 0.4823, 0.5351, 0.2526, 1.626, 2.2162, 0.0408, 6.9095, 1.0134, 5.7834, 3.7813],
      [85.0115, 27.0256, 69.4253, 32.6027, 4.0047, 98.6062, 55.2271, 17.9646, 2.2607, 5.2351, 13.1329, 127.0706, 83.7039, 58.7101, 36.2269, 113.9919, 23.0378, 76.3117, 20.0118, 33.7329, 4.2786, 11.6655, 22.5055, 6.1543, 2.4805, 75.0647, 90.8857, 11.6262, 30.18, 61.7307, 26.4955, 28.64, 10.9432, 24.6061, 71.7486, 42.8119, 4.4219, 120.366, 35.2825, 18.7977, 31.1582, 15.7472, 66.0723, 76.0954, 3.6446, 192.2814, 33.7147, 218.5003, 87.3083],
      [4.6328, 0.9283, 2.6789, 1.859, 0.0813, 3.0119, 2.7947, 1.2002, 0.1239, 0.3506, 0.8841, 4.4794, 2.9989, 1.5816, 0.8613, 4.912, 1.125, 3.5619, 0.6744, 1.2712, 0.2503, 0.7296, 0.4483, 0.1134, 0.1077, 2.7509, 3.9655, 0.9212, 1.277, 2.2106, 0.8054, 1.0017, 0.5412, 0.9747, 3.3848, 1.8785, 0.8066, 5.3741, 1.4704, 0.4543, 1.4217, 0.5794, 2.1021, 2.7113, 0.2444, 5.7918, 1.3987, 11.2311, 2.5022]
    ],
    [
      [121.5754, 38.3426, 97.6553, 47.2046, 7.9782, 112.4145, 66.6324, 9.6003, 0.3632, 0.3835, 9.9616, 162.8034, 107.5739, 63.8205, 32.0699, 86.8324, 42.6824, 84.5064, 28.0092, 32.5374, 22.8325, 8.0914, 56.0852, 13.5897, 14.7562, 88.8073, 96.4167, 8.8756, 48.4035, 80.0253, 25.855, 49.2201, 19.5035, 32.426, 71.359, 31.9112, 4.6427, 89.6359, 20.7611, 21.3036, 33.8694, 28.4788, 56.2926, 77.9447, 2.9298, 155.7654, 35.9615, 442.1873, 98.6501],
      [25.5172, 15.658, 15.6599, 9.532, 1.0848, 16.7129, 16.2066, 2.1016, 0.0964, 0.0444, 2.8132, 16.8626, 11.3541, 12.37, 3.6089, 14.4551, 7.1803, 22.359, 3.0365, 12.9879, 1.559, 1.9878, 5.9505, 1.7748, 0.9801, 23.5266, 23.1318, 6.2439, 10.7337, 17.6017, 6.8342, 6.6923, 4.3871, 6.5692, 14.5307, 3.9966, 1.8643, 8.6605, 2.9533, 2.9522, 3.3932, 3.25, 10.91, 15.7538, 2.7806, 43.3068, 7.7029, 52.6617, 24.1976],
      [456.2196, 207.2166, 367.5055, 185.7833, 30.9682, 513.458, 277.2285, 41.9312, 2.4024, 3.2945, 39.122, 561.5138, 472.4671, 354.1187, 161.3549, 460.8558, 150.5223, 401.8578, 121.4367, 168.6689, 34.495, 38.1705, 146.7598, 47.3925, 22.7156, 566.9978, 514.4102, 99.4421, 189.3111, 378.2383, 107.2829, 170.7175, 86.3613, 129.8921, 260.92, 121.8112, 9.0422, 369.0582, 88.6109, 76.8684, 130.5076, 144.6597, 297.9739, 364.0247, 95.7448, 803.7938, 173.0359, 1312.9463, 374.7664],
      [38.6878, 10.7828, 22.1792, 16.4801, 0.9688, 24.4147, 21.9325, 4.367, 0.138, 0.2775, 4.1032, 30.8202, 26.605, 14.6908, 5.9663, 30.8567, 11.615, 29.2767, 6.5176, 9.8058, 3.1135, 3.7502, 4.2045, 1.243, 1.5481, 32.6683, 35.0413, 11.4384, 12.5517, 21.1348, 5.0278, 9.3701, 6.748, 8.1127, 19.1904, 8.281, 2.4508, 25.6454, 5.6746, 2.8757, 9.2298, 8.6115, 14.8235, 20.2767, 8.5448, 37.134, 11.2997, 104.2047, 16.3859]
    ],
    [
      [9.8954, 2.8026, 5.9107, 3.5647, 1.0835, 12.2413, 5.3846, 0.7723, 0.0514, 0.1667, 0.3791, 11.5106, 4.0553, 3.5932, 1.9589, 6.7938, 2.3541, 9.4427, 4.2064, 2.4204, 1.266, 0.556, 3.257, 2.3706, 3.0792, 4.7732, 8.6686, 0, 5.3354, 7.4834, 4.9433, 3.828, 2.8981, 2.0061, 3.6817, 3.2499, 0.0507, 6.7183, 2.2162, 1.2898, 4.5578, 2.3288, 5.245, 6.031, 0, 13.4471, 3.225, 43.3176, 5.2198],
      [485.7937, 374.1767, 227.8059, 168.8696, 35.9996, 428.8287, 311.5453, 40.3811, 8.4429, 9.6657, 26.5594, 293.1491, 113.3189, 167.5035, 57.4454, 272.1774, 97.3529, 628.4811, 110.5886, 297.7081, 24.8286, 35.7734, 84.2308, 71.4097, 86.5186, 353.7617, 541.3799, 101.4152, 279.3176, 396.838, 296.6894, 129.0832, 157.3972, 98.35, 181.0878, 101.4081, 17.0513, 167.616, 79.4585, 42.5812, 102.1727, 71.0943, 250.3022, 293.3615, 49.1007, 927.3388, 170.9398, 1243.9998, 295.0866],
      [19.2012, 11.9729, 11.7431, 7.125, 1.7739, 29.203, 11.5366, 1.6157, 0, 0.6776, 0.6543, 21.6769, 9.4146, 10.8644, 5.1611, 19.7323, 4.3137, 25.3216, 9.2505, 8.9454, 1.871, 1.2277, 5.5135, 4.2004, 6.1618, 19.9999, 27.5097, 6.2265, 10.4879, 18.9094, 10.2893, 7.1536, 6.2965, 4.0383, 7.0141, 6.4773, 0, 14.6555, 4.7639, 2.4233, 9.2827, 6.1838, 15.1545, 14.8776, 8.082, 41.0182, 8.196, 77.4792, 10.5623],
      [29.1097, 10.0478, 12.5403, 11.4406, 1.143, 24.727, 16.5335, 3.2309, 0.5056, 1.49, 1.4071, 20.6634, 9.2112, 8.039, 3.4347, 23.2966, 5.9793, 32.7546, 8.9545, 8.9261, 2.0344, 2.4428, 2.9987, 2.0193, 6.2405, 19.4652, 32.4418, 9.3583, 12.8591, 18.7692, 8.0779, 6.9352, 9.4082, 4.6056, 9.2163, 7.8646, 0.898, 18.0102, 5.5614, 1.7056, 11.9868, 6.3931, 13.2982, 14.73, 11.8173, 32.1959, 9.6392, 104.2033, 8.1313]
    ],
    [
      [2.3667, 1.1411, 2.5293, 0.8145, 0.1199, 2.1188, 1.1767, 0.4022, 0.0237, 0.036, 0.3094, 2.8135, 1.4908, 1.2428, 0.616, 0.671, 0.8656, 1.7722, 0.8075, 0.7618, 0.5603, 0.1557, 1.2109, 0.4583, 0.8226, 2.3132, 2.5112, 0.0683, 0.8678, 1.3624, 0.6289, 1.3497, 0.46, 0.9872, 1.7822, 1.4712, 0.1546, 2.283, 0.5607, 1.1409, 0.6878, 0.7716, 1.2628, 1.0472, 0, 3.7702, 0.9404, 7.0099, 1.722],
      [22.4958, 20.8329, 18.5431, 7.4764, 0.82, 14.3019, 13.0763, 3.9073, 0.4069, 0.2893, 3.9943, 13.4107, 7.9098, 10.7618, 3.3892, 4.9742, 6.7275, 21.3122, 4.0381, 13.5885, 1.4826, 1.8307, 5.2193, 2.6646, 2.4315, 28.6335, 27.7429, 3.9445, 8.799, 13.6306, 7.35, 8.4684, 4.8385, 9.2423, 16.692, 8.6534, 2.465, 10.8265, 3.803, 6.9842, 2.899, 4.4031, 11.1618, 9.6685, 2.0779, 46.4449, 9.3439, 35.5551, 18.9344],
      [23.5677, 16.7849, 25.326, 8.489, 1.2532, 25.7329, 13.0078, 4.4886, 0.3368, 0.7928, 3.0908, 25.7387, 17.4144, 18.3069, 8.2571, 9.42, 8.1263, 22.5088, 9.3009, 10.6528, 2.3554, 1.9363, 8.2213, 4.2529, 3.6421, 40.9376, 36.1944, 4.7052, 9.021, 17.1216, 6.9322, 12.4889, 5.3989, 10.4634, 17.3173, 14.8995, 0.5359, 24.9204, 6.3426, 10.9105, 7.0515, 10.4093, 17.7992, 13.0023, 9.5286, 51.9066, 12.0534, 55.0742, 17.3631],
      [81.5697, 37.2412, 61.6016, 31.2202, 1.8069, 49.8464, 41.7392, 20.202, 1.2325, 3.8819, 13.6056, 57.0371, 39.185, 31.6886, 12.7376, 25.9348, 25.2806, 66.4068, 19.8535, 25.9969, 7.6018, 8.0774, 12.3485, 5.6242, 10.1037, 94.1156, 99.5514, 24.282, 24.3122, 38.8854, 14.0889, 27.6929, 17.3025, 26.3071, 51.2085, 40.9759, 7.8446, 70.9702, 16.2936, 17.9644, 21.3617, 24.416, 35.7762, 29.282, 38.3936, 101.8783, 31.6624, 180.3608, 33.9805]
    ]
  ],
  "V_est": [
    [2137.3999, 69.638, 2408.5017, 97.4603],
    [2889.5283, 526.5285, 12133.8766, 761.0666],
    [239.6315, 10805.3864, 566.2396, 626.7425],
    [60.4402, 508.447, 685.3821, 1760.7306]
  ],
  "p_est": [
    [0.4535, 0.0148, 0.511, 0.0207],
    [0.1772, 0.0323, 0.7439, 0.0467],
    [0.0196, 0.8829, 0.0463, 0.0512],
    [0.02, 0.1686, 0.2273, 0.584]
  ],
  "EI_Z": {},
  "EI_V": 4.1556,
  "MAE_Z": {},
  "MAE_V": 188.443,
  "MAE_p": 0.0384,
  "runtime": 0.044
}
