{
  "Z_true": {},
  "V_true": [
    [1431, 121, 2365, 277, 201],
    [78, 2823, 332, 2221, 471],
    [306, 1153, 992, 10268, 787],
    [687, 198, 5740, 377, 333],
    [91, 78, 310, 245, 416],
    [176, 111, 758, 540, 632],
    [55, 252, 228, 978, 663]
  ],
  "p_true": [
    [0.3256, 0.0275, 0.5381, 0.063, 0.0457],
    [0.0132, 0.4765, 0.056, 0.3749, 0.0795],
    [0.0227, 0.0854, 0.0734, 0.7603, 0.0583],
    [0.0937, 0.027, 0.7825, 0.0514, 0.0454],
    [0.0798, 0.0684, 0.2719, 0.2149, 0.3649],
    [0.0794, 0.0501, 0.3419, 0.2436, 0.2851],
    [0.0253, 0.1158, 0.1048, 0.4494, 0.3047]
  ],
  "Z_est": [
    [
      [48.1257, 43.6696, 14.7051, 44.5609, 22.2804, 24.9541, 47.5852, 40.1048, 9.8034, 16.9331, 95.8058, 26.2909, 16.0419, 0.9411, 0.8912, 36.5399, 15.1507, 119.8454, 44.1153, 35.5895, 53.473, 49.9082, 65.9395, 73.5254, 1.7824, 9.3913, 90.0129, 15.1507, 0.8912, 8.9122, 11.1402, 2.6737, 8.9122, 34.3119, 24.5085, 8.4666, 58.8203, 0, 56.1467, 71.743, 103.3812, 16.4875, 12.9226, 5.3473, 1.7824, 140.8123, 16.9331, 201.8607, 102.0444],
      [0.3573, 0.3243, 0.1092, 0.3309, 0.1654, 0.1853, 0, 0.2978, 0.0728, 0.1257, 0.7114, 0.1952, 0.1191, 0.0099, 0.0066, 0.2713, 0.1125, 0.8933, 0, 0, 0.397, 0.3706, 0.4963, 0.5459, 1.1615, 0, 0.6684, 0.1125, 0.0066, 0.0662, 0.0827, 0.0199, 0.0662, 0.2548, 0.182, 0.0629, 0.4367, 1.7957, 0.4169, 0.5327, 0, 0.1224, 0.096, 0.0397, 0.0132, 1.0455, 0.1257, 1.4988, 0.7577],
      [59.4603, 53.9547, 18.1684, 55.0558, 27.5279, 30.8313, 58.3592, 49.5502, 12.1123, 20.9212, 118.37, 32.4829, 19.8201, 1.6517, 1.1011, 45.1458, 18.719, 149.1197, 54.8328, 49.3659, 66.067, 61.6625, 83.4856, 90.8421, 1.0539, 15.5956, 111.2128, 18.719, 1.1011, 11.0112, 13.764, 3.3033, 11.0112, 42.393, 30.2807, 10.4606, 72.6737, 2.2022, 69.3703, 88.6399, 128.4971, 20.3707, 15.9662, 6.6067, 2.2022, 173.9764, 20.9212, 249.4029, 126.0778],
      [0.0566, 0.0514, 0.0173, 0.0525, 0.0262, 0.0294, 0.0556, 0.0472, 0.0115, 0.0199, 0.1128, 0.0309, 0.0189, 0.3973, 0.001, 0.043, 0.0178, 0.1416, 0.0519, 0.0446, 0.0629, 0.0587, 0.0787, 0.0865, 0.0021, 0.0131, 0.106, 0.0178, 0.001, 0.0105, 0.0131, 0.0031, 0.0105, 0.0404, 0.0288, 0.01, 0.0692, 0.0021, 0.0661, 0.0844, 0.1217, 0.0194, 0.0152, 0.0063, 0.0021, 0.1657, 0.0199, 0.2376, 0.1201],
      [0, 0, 0, 0, 0, 0, 0, 0, 0, 0, 0, 0, 0, 0, 0, 0, 0, 0, 0, 0, 0, 0, 0, 0, 0, 0, 0, 0, 0, 0, 0, 0, 0, 0, 0, 0, 0, 0, 0, 0, 0, 0, 0, 0, 0, 0, 0, 0, 0]
    ],
    [
      [5.0431, 2.269, 0.7042, 0, 2.3081, 1.7996, 1.7409, 2.758, 1.1932, 2.1908, 7.1787, 1.6431, 0.313, 0, 0.0587, 1.291, 1.0171, 2.6211, 1.5453, 0.8802, 2.6407, 2.3081, 0, 4.049, 0.0196, 0.4303, 7.1004, 1.4866, 0.1956, 1.604, 1.2323, 0.3325, 0.2738, 1.5648, 1.7604, 0.7433, 1.5257, 0, 1.7213, 1.4475, 2.6993, 0.8998, 0.978, 0.4303, 0.0978, 8.6229, 1.6235, 16.8024, 5.027],
      [150.2831, 93.0833, 26.1362, 432.9475, 90.0607, 58.7224, 62, 102.3667, 46.8078, 85.9422, 266.4439, 64.4566, 11.6161, 3.63, 2.178, 47.9163, 37.7523, 97.2847, 54, 28, 98.0107, 85.6686, 110.5037, 145.4541, 0.726, 13, 263.5399, 55.1764, 7.2601, 54.8412, 45.7383, 12.3421, 10.1641, 58.0804, 61.818, 27.5882, 56.6284, 2.9823, 65.4844, 53.7244, 83, 29.8776, 36.3003, 14.9603, 3.63, 227.9545, 68.6868, 623.6385, 186.5833],
      [7.5624, 4.795, 1.4881, 0, 0, 0, 10.2082, 5.8284, 0, 0, 15.1703, 0, 0.6614, 0, 0.124, 7.373, 2.1495, 16.5529, 18.0104, 7.9009, 5.5803, 4.8776, 12.2529, 13.3855, 0.0413, 5.7933, 15.0049, 0, 0.4134, 2.1993, 0, 0.7027, 0.5787, 3.3069, 3.7202, 1.5708, 3.2242, 0.1653, 3.6376, 3.0589, 26.7813, 9.1381, 8.6497, 2.5514, 0.2067, 32.9505, 3.4309, 0, 10.6233],
      [14.2655, 11.4025, 2.481, 82.8041, 8.1321, 7.2554, 6.1335, 9.7171, 4.2039, 7.7186, 25.2921, 5.7889, 1.1027, 0.3446, 0.2067, 4.5484, 7.5336, 9.2347, 5.4443, 3.1012, 9.3036, 8.1321, 10.7508, 14.2655, 0.0689, 1.5161, 25.0164, 8.3791, 0.6892, 7.8798, 6.9458, 1.1716, 0.9648, 10.9451, 9.7249, 2.6188, 5.3754, 0.2757, 6.0646, 5.0998, 9.5104, 3.1701, 3.4458, 1.5161, 0.3446, 23.4313, 5.72, 59.1986, 17.7113],
      [29.8458, 4.4502, 5.1906, 70.2484, 17.4991, 24.2226, 8.9174, 20.3298, 8.7952, 16.1485, 52.9151, 12.1114, 2.3069, 1.0254, 0.4325, 4.8712, 3.5476, 8.3066, 0, 5.1177, 19.4647, 17.0136, 22.4925, 29.8458, 0.1442, 1.2602, 52.3384, 10.9579, 1.4418, 15.4757, 9.0835, 2.4511, 2.0186, 6.1028, 12.9765, 5.4789, 11.2463, 0.5767, 11.0922, 10.6695, 16.009, 2.9145, 0.6262, 2.5418, 0.7209, 47.0408, 3.5388, 159.3605, 37.055]
    ],
    [
      [23.7981, 11.3611, 4.3438, 16.9623, 7.9714, 5.9608, 7.4422, 17.7664, 8.7842, 9.289, 12.2963, 5.8218, 3.8798, 0, 0.7918, 6.5064, 0, 0, 9.5591, 0, 7.0154, 20.7013, 0, 12.6544, 0.198, 0, 41.3928, 1.6941, 0.6829, 0.8096, 3.752, 1.7355, 5.0156, 10.1031, 8.2341, 3.8133, 13.9249, 0, 8.3895, 3.247, 12.331, 3.4565, 3.2967, 2.0394, 1.9597, 28.0756, 7.0932, 60.8719, 31.703],
      [4.6636, 6.2219, 7.8483, 10.653, 4.7818, 0, 0, 0, 3.7631, 4.328, 9.7539, 9.4224, 0.591, 0.2671, 1.6991, 0, 12.6242, 9.8023, 0, 0, 3.4789, 6.0095, 0, 0, 0.1125, 0, 36.2828, 2.1232, 4.6403, 0, 1.5048, 2.5218, 5.3513, 0, 0, 10.8611, 3.6372, 0.3224, 13.0304, 2.0241, 0, 0, 0.6278, 0, 0.0084, 0, 9.9552, 79.691, 31.5918],
      [0, 5.0689, 6.2668, 4.4226, 0, 0, 11.73, 0, 0, 0, 9.8773, 0, 2.5782, 0, 3.3257, 21.6793, 1.5774, 71.9677, 8.7656, 21.5432, 24.5067, 12.4979, 32.072, 37.8351, 0, 1.8804, 1.8284, 0, 0.4928, 0, 0, 2.4734, 1.6216, 2.6854, 0, 8.466, 5.6991, 0.1736, 13.7244, 18.8562, 48.621, 4.4471, 12.1576, 5.325, 2.6132, 31.4542, 8.3547, 0, 0],
      [485.9448, 314.348, 102.9794, 531.5646, 219.6032, 159.1152, 191.8278, 293.2707, 85.5835, 191.6042, 521.1613, 139.0037, 102.951, 8.4731, 10.0271, 189.8143, 188.7984, 471.23, 284.6753, 170.4568, 432.6313, 430.3947, 319.2001, 378.5105, 5.4624, 63.1196, 627.8353, 104.4338, 7.1908, 107.613, 143.5477, 48.0987, 13.0115, 258.2115, 232.0704, 107.7883, 169.1647, 5.3647, 227.8556, 253.8244, 351.048, 90.0963, 145.9179, 57.6356, 64.5129, 736.4702, 112.5969, 1203.2157, 587.4355],
      [1.5935, 0, 9.5617, 13.3975, 26.6435, 3.9241, 0, 16.9629, 6.8692, 12.7787, 35.9112, 13.7521, 0, 0.2598, 1.1564, 0, 0, 0, 0, 0, 6.3677, 11.3966, 5.7279, 0, 0.2271, 0, 20.6606, 6.7489, 10.9931, 2.5773, 6.1955, 2.1706, 0, 0, 1.6955, 2.0712, 4.5742, 0.1393, 0, 22.0483, 0, 0, 0, 0, 14.9059, 0, 0, 98.2215, 6.2698]
    ],
    [
      [5.6763, 5.2829, 2.3043, 3.7093, 1.967, 8.8731, 5.6998, 4.0746, 0.9835, 1.9389, 7.3624, 2.3605, 2.1104, 0, 0.1405, 4.1308, 0.9484, 0, 4.7771, 0, 9.8071, 7.1938, 0, 6.8285, 0, 0, 9.0765, 2.0794, 0.1124, 1.3207, 0.8149, 0.1405, 0.6216, 3.3721, 3.2597, 1.7984, 17.7275, 0, 4.9176, 6.9128, 8.8798, 3.567, 2.3886, 1.124, 1.6298, 14.247, 2.6415, 19.9234, 56.6953],
      [4.696, 4.3705, 1.9063, 3.0687, 9.992, 2.0923, 0, 1.3355, 1.3563, 1.6041, 6.0908, 3.9257, 1.6738, 0.093, 0.1162, 2.8123, 1.5111, 10.0196, 0, 0, 8.1134, 5.9513, 0, 0, 0, 0, 7.5089, 6.5879, 0.093, 1.0926, 0.6742, 0.1162, 0.4185, 2.6648, 0, 1.4878, 4.2977, 0.8997, 4.0683, 5.7189, 0, 0, 1.976, 0, 1.3484, 0, 3.2323, 35.1718, 7.0672],
      [183.5973, 170.8727, 74.5296, 119.9745, 55.2582, 70.8595, 154.5126, 120.5506, 31.2688, 52.9601, 238.1312, 74.3744, 65.4406, 2.4436, 4.5445, 135.8504, 59.0783, 408.6471, 156.059, 199, 317.2053, 232.6778, 185.4519, 226.676, 0, 25.6593, 293.5739, 57.3289, 3.6356, 42.7182, 24.5458, 4.5445, 16.3602, 109.0677, 102.4046, 58.1694, 190.7607, 6.4588, 161.0064, 223.5888, 298.0777, 60.5444, 78.2031, 37.7314, 52.7161, 460.8111, 85.4364, 625.7191, 213.0136],
      [5.7803, 7.4738, 2.3465, 3.7772, 2.0031, 7.1725, 9.7876, 5.3014, 1.0015, 1.9745, 7.4972, 2.4037, 2.7752, 1.4189, 0.1431, 4.2065, 3.4622, 12.3332, 9.1639, 0, 9.9868, 7.3255, 11.3314, 6.9535, 0, 2.3407, 9.2428, 7.1795, 0.1145, 1.3449, 0.8298, 0.1431, 0.5151, 4.8954, 9.0436, 1.8314, 0, 1.0702, 5.0077, 7.0394, 9.0425, 1.8886, 2.4323, 1.1446, 1.6597, 31.9419, 2.6898, 20.2883, 23.8376],
      [2.2501, 0, 0.9134, 1.4703, 0.7797, 1.0025, 0, 13.7379, 0.3899, 10.5224, 2.9184, 0.9357, 0, 0.0446, 0.0557, 0, 0, 0, 0, 0, 3.8875, 2.8516, 2.2166, 2.542, 0, 0, 3.5979, 0.8243, 0.0446, 0.5235, 2.1353, 0.0557, 0.0847, 0, 1.2921, 0.7129, 16.2141, 0.5713, 0, 2.7402, 0, 0, 0, 0, 0.6461, 0, 0, 7.8975, 3.3862]
    ],
    [
      [2.3568, 3.4173, 0.9427, 1.7676, 1.473, 0.4124, 1.5319, 1.2962, 0.2357, 0.6481, 2.3568, 0.8838, 6.655, 0.0589, 0.1178, 1.5319, 0.8838, 2.5335, 2.0032, 0.5303, 3.0638, 3.8887, 1.0605, 0.9427, 0, 1.1784, 3.4173, 0.5892, 0.1178, 0.3535, 1.0605, 0.1178, 0.1768, 0.6481, 1.2373, 1.1784, 1.0016, 0, 0.8249, 1.6497, 1.7087, 0.5892, 1.4141, 0.0589, 0.5303, 4.2422, 1.7087, 7.5416, 0.5303],
      [0, 0, 0, 0, 0, 0, 0, 0, 0, 0, 0, 0, 0, 0, 0, 0, 0, 0, 0, 0, 0, 0, 0, 0, 0, 0, 0, 0, 0, 0, 0, 0, 0, 0, 0, 0, 0, 0, 0, 0, 0, 0, 0, 0, 0, 0, 0, 0, 0],
      [0, 0, 0, 0, 0, 0, 0, 0, 0, 0, 0, 0, 0, 0, 0, 0, 0, 0, 0, 0, 0, 0, 0, 0, 0, 0, 0, 0, 0, 0, 0, 0, 0, 0, 0, 0, 0, 0, 0, 0, 0, 0, 0, 0, 0, 0, 0, 0, 0],
      [10.236, 14.8422, 4.0944, 7.677, 6.3975, 1.7913, 6.6534, 5.6298, 1.0236, 2.8149, 10.236, 3.8385, 5.8857, 0.2559, 0.5118, 6.6534, 3.8385, 11.0037, 8.7006, 2.3031, 13.3068, 16.8894, 4.6062, 4.0944, 0, 5.118, 14.8422, 2.559, 0.5118, 1.5354, 4.6062, 0.5118, 0.7677, 2.8149, 5.3739, 5.118, 4.3503, 0, 3.5826, 7.1652, 7.4211, 2.559, 6.1416, 0.2559, 2.3031, 18.4248, 7.4211, 32.7552, 2.3031],
      [27.4072, 39.7405, 10.9629, 20.5554, 17.1295, 4.7963, 17.8147, 15.074, 2.7407, 7.537, 27.4072, 10.2777, 10.4593, 0.6852, 1.3704, 17.8147, 10.2777, 29.4628, 23.2961, 6.1666, 35.6294, 45.2219, 12.3333, 10.9629, 0, 13.7036, 39.7405, 6.8518, 1.3704, 4.1111, 12.3333, 1.3704, 2.0555, 7.537, 14.3888, 13.7036, 11.6481, 0, 9.5925, 19.1851, 19.8702, 6.8518, 16.4443, 0.6852, 6.1666, 49.333, 19.8702, 87.7031, 6.1666]
    ],
    [
      [0, 0, 0, 0, 0, 0, 0, 0, 0, 0, 0, 0, 0, 0, 0, 0, 0, 0, 0, 0, 0, 0, 0, 0, 0, 0, 0, 0, 0, 0, 0, 0, 0, 0, 0, 0, 0, 0, 0, 0, 0, 0, 0, 0, 0, 0, 0, 0, 0],
      [0, 0, 0, 0, 0, 0, 0, 0, 0, 0, 0, 0, 0, 0, 0, 0, 0, 0, 0, 0, 0, 0, 0, 0, 0, 0, 0, 0, 0, 0, 0, 0, 0, 0, 0, 0, 0, 0, 0, 0, 0, 0, 0, 0, 0, 0, 0, 0, 0],
      [34.38, 30.3087, 18.5471, 18.5471, 12.2139, 11.3092, 17.19, 23.0708, 3.6189, 13.1187, 38.4513, 8.1426, 9.4997, 0.9047, 0.9047, 28.9516, 14.4758, 59.7126, 35.3323, 17.19, 74.6407, 54.2842, 16.7376, 21.2613, 0.9047, 4.0713, 34.38, 9.9521, 1.3571, 4.0713, 7.6903, 4.976, 5.4284, 18.5471, 27.5944, 6.3332, 17.6424, 0, 21.2613, 29.8563, 33.0229, 9.4997, 14.0234, 6.7855, 2.2618, 58.8078, 10.8568, 100.8781, 16.2852],
      [17.7297, 15.6301, 9.5647, 9.5647, 6.2987, 5.8321, 8.8648, 11.8975, 1.8663, 6.7653, 19.8292, 4.1991, 4.899, 0.4666, 0.4666, 14.9302, 7.4651, 30.7936, 14.9302, 8.8648, 38.492, 27.9942, 8.6315, 10.9644, 0.4666, 2.0996, 17.7297, 5.1323, 0.6999, 2.0996, 3.9658, 2.5661, 2.7994, 9.5647, 14.2304, 3.266, 9.0981, 0, 10.9644, 15.3968, 17.0298, 4.899, 7.2318, 3.4993, 1.1664, 30.3271, 5.5988, 52.0226, 8.3983],
      [23.8904, 21.0612, 12.8882, 12.8882, 8.4874, 7.8587, 11.9452, 16.0317, 2.5148, 9.1161, 26.7195, 5.6582, 6.6013, 0.6287, 0.6287, 20.1182, 10.0591, 41.4938, 13.7375, 11.9452, 51.8672, 37.7216, 11.6308, 14.7743, 0.6287, 2.8291, 23.8904, 6.9156, 0.943, 2.8291, 5.3439, 3.4578, 3.7722, 12.8882, 19.1752, 4.4009, 12.2595, 0, 14.7743, 20.7469, 22.9473, 6.6013, 9.7448, 4.7152, 1.5717, 40.8651, 7.5443, 70.0994, 11.3165]
    ],
    [
      [0, 0, 0, 0, 0, 0, 0, 0, 0, 0, 0, 0, 0, 0, 0, 0, 0, 0, 0, 0, 0, 0, 0, 0, 0, 0, 0, 0, 0, 0, 0, 0, 0, 0, 0, 0, 0, 0, 0, 0, 0, 0, 0, 0, 0, 0, 0, 0, 0],
      [0, 0, 0, 0, 0, 0, 0, 0, 0, 0, 0, 0, 0, 0, 0, 0, 0, 0, 0, 0, 0, 0, 0, 0, 0, 0, 0, 0, 0, 0, 0, 0, 0, 0, 0, 0, 0, 0, 0, 0, 0, 0, 0, 0, 0, 0, 0, 0, 0],
      [0, 0, 0, 0, 0, 0, 0, 0, 0, 0, 0, 0, 0, 0, 0, 0, 0, 0, 0, 0, 0, 0, 0, 0, 0, 0, 0, 0, 0, 0, 0, 0, 0, 0, 0, 0, 0, 0, 0, 0, 0, 0, 0, 0, 0, 0, 0, 0, 0],
      [46.987, 30.2519, 13.5168, 105.5599, 31.5392, 14.8041, 27.6773, 52.1363, 19.3097, 25.1027, 68.8714, 16.7351, 8.3676, 0.6437, 0.6437, 14.8041, 21.8844, 39.2631, 27.0336, 12.2295, 59.2165, 50.2053, 35.4012, 43.1251, 0, 5.7929, 68.2277, 10.2985, 5.7929, 13.5168, 16.0914, 4.5056, 1.931, 22.528, 22.528, 8.3676, 10.9422, 1.2873, 24.459, 26.39, 32.8265, 8.3676, 23.8153, 10.9422, 9.0112, 77.2389, 19.9534, 169.282, 41.1941],
      [26.013, 16.7481, 7.4832, 58.4401, 17.4608, 8.1959, 15.3227, 28.8637, 10.6903, 13.8973, 38.1286, 9.2649, 4.6324, 0.3563, 0.3563, 8.1959, 12.1156, 21.7369, 14.9664, 6.7705, 32.7835, 27.7947, 19.5988, 23.8749, 0, 3.2071, 37.7723, 5.7015, 3.2071, 7.4832, 8.9086, 2.4944, 1.069, 12.472, 12.472, 4.6324, 6.0578, 0.7127, 13.541, 14.61, 18.1735, 4.6324, 13.1847, 6.0578, 4.9888, 42.7611, 11.0466, 93.718, 22.8059]
    ]
  ],
  "V_est": [
    [1951.2154, 15.6625, 2425.4211, 2.701, 0],
    [104.1722, 4264.9903, 271.6702, 475.947, 808.2203],
    [446.7251, 300.1941, 446.5884, 11946.6906, 365.8019],
    [249.4198, 155.1531, 6572.0397, 271.1428, 87.2445],
    [72.4675, 0, 0, 291.7263, 775.8062],
    [0, 0, 1009.2806, 517.1931, 690.5263],
    [0, 0, 0, 1400.5992, 775.4008]
  ],
  "p_est": [
    [0.444, 0.0036, 0.5519, 0.0006, 0],
    [0.0176, 0.7198, 0.0459, 0.0803, 0.1364],
    [0.0331, 0.0222, 0.0331, 0.8845, 0.0271],
    [0.034, 0.0212, 0.896, 0.037, 0.0119],
    [0.0636, 0, 0, 0.2559, 0.6805],
    [0, 0, 0.4552, 0.2333, 0.3115],
    [0, 0, 0, 0.6437, 0.3563]
  ],
  "EI_Z": {},
  "EI_V": 17.1385,
  "MAE_Z": {},
  "MAE_V": 359.3608,
  "MAE_p": 0.0816,
  "runtime": 1.2923
}
