{
  "X": [
    [41, 63, 55, 392, 66, 18],
    [23, 35, 108, 140, 90, 16],
    [33, 15, 43, 223, 32, 9],
    [36, 45, 139, 336, 97, 22],
    [76, 106, 275, 753, 186, 49],
    [31, 29, 61, 284, 35, 7],
    [20, 37, 97, 290, 102, 19],
    [34, 40, 135, 265, 82, 14],
    [24, 51, 87, 226, 54, 15],
    [30, 26, 96, 212, 45, 23],
    [6, 8, 18, 75, 16, 4],
    [37, 23, 45, 158, 32, 11],
    [8, 13, 16, 125, 20, 4],
    [6, 36, 22, 57, 17, 5],
    [25, 35, 51, 243, 61, 14],
    [52, 57, 104, 500, 89, 27],
    [65, 63, 124, 717, 109, 31],
    [19, 28, 44, 171, 35, 6],
    [17, 44, 71, 120, 35, 15],
    [33, 47, 110, 193, 90, 32],
    [10, 17, 29, 156, 31, 8],
    [26, 138, 110, 425, 87, 19],
    [0, 3, 3, 21, 2, 0],
    [29, 39, 86, 429, 82, 14],
    [42, 84, 203, 380, 127, 25],
    [19, 27, 80, 87, 30, 10],
    [80, 91, 223, 455, 167, 35],
    [20, 36, 124, 157, 89, 21],
    [18, 25, 43, 194, 52, 12],
    [4, 6, 42, 2, 17, 16],
    [36, 129, 109, 386, 76, 27],
    [8, 13, 19, 102, 31, 11],
    [3, 10, 26, 27, 17, 1],
    [20, 23, 87, 88, 49, 21],
    [10, 22, 65, 85, 49, 17],
    [31, 83, 165, 372, 112, 28],
    [26, 48, 62, 173, 59, 9],
    [22, 51, 130, 334, 138, 25],
    [22, 20, 30, 117, 25, 6],
    [18, 22, 33, 178, 30, 4],
    [12, 3, 22, 82, 27, 6],
    [32, 34, 37, 199, 44, 8],
    [11, 5, 8, 67, 19, 3],
    [27, 27, 121, 231, 72, 15],
    [10, 37, 79, 130, 36, 8],
    [54, 57, 152, 369, 145, 28],
    [3, 2, 6, 10, 3, 1],
    [27, 97, 94, 412, 120, 35],
    [0, 2, 4, 10, 2, 0],
    [11, 19, 49, 148, 43, 10],
    [9, 33, 66, 117, 39, 8],
    [22, 60, 77, 246, 64, 22],
    [34, 109, 163, 245, 89, 40],
    [24, 97, 69, 252, 47, 10],
    [465, 825, 1545, 4989, 1235, 358],
    [29, 104, 141, 359, 83, 27],
    [78, 249, 381, 726, 211, 103],
    [12, 95, 51, 163, 27, 18]
  ],
  "W": [
    [36, 55, 79, 408, 57],
    [77, 38, 100, 161, 36],
    [13, 14, 50, 239, 39],
    [55, 43, 131, 381, 65],
    [113, 93, 263, 869, 107],
    [24, 28, 72, 293, 30],
    [45, 39, 108, 323, 50],
    [49, 33, 133, 292, 63],
    [28, 37, 96, 254, 42],
    [27, 29, 89, 249, 38],
    [5, 5, 21, 85, 11],
    [29, 21, 37, 180, 39],
    [20, 14, 15, 129, 8],
    [9, 27, 40, 57, 10],
    [38, 36, 53, 268, 34],
    [37, 38, 137, 543, 74],
    [70, 50, 120, 766, 103],
    [22, 21, 54, 186, 20],
    [19, 31, 98, 126, 28],
    [48, 54, 108, 219, 76],
    [21, 13, 34, 162, 21],
    [50, 129, 132, 449, 45],
    [2, 1, 2, 23, 1],
    [69, 24, 95, 449, 42],
    [73, 89, 217, 397, 85],
    [17, 30, 83, 99, 24],
    [95, 102, 242, 507, 105],
    [60, 32, 115, 182, 58],
    [27, 20, 57, 208, 32],
    [13, 7, 41, 9, 17],
    [50, 120, 118, 408, 67],
    [15, 12, 24, 110, 23],
    [6, 10, 29, 32, 7],
    [39, 30, 70, 112, 37],
    [28, 27, 69, 90, 34],
    [66, 66, 170, 406, 83],
    [32, 54, 58, 188, 45],
    [87, 52, 148, 359, 54],
    [13, 13, 35, 137, 22],
    [23, 16, 41, 185, 20],
    [18, 3, 22, 89, 20],
    [25, 29, 45, 224, 31],
    [15, 2, 7, 80, 9],
    [39, 28, 131, 240, 55],
    [23, 23, 88, 145, 21],
    [87, 59, 161, 417, 81],
    [3, 3, 6, 9, 4],
    [76, 96, 114, 454, 45],
    [1, 0, 6, 10, 1],
    [20, 25, 49, 157, 29],
    [31, 22, 64, 131, 24],
    [31, 50, 89, 268, 53],
    [50, 79, 173, 296, 82],
    [21, 76, 91, 280, 31],
    [756, 693, 1728, 5407, 833],
    [55, 96, 139, 386, 67],
    [128, 259, 368, 803, 190],
    [15, 67, 77, 175, 32]
  ],
  "method": "mult",
  "cond_prob": [
    [
      [0.016341028903, 0.0014990809613, 0.11166975416, 0.044078159953, 0.80564753637, 0.020764439655],
      [0.0012707882554, 0.87586807818, 0.028542524251, 0.024151793987, 0.019129134765, 0.051037680564],
      [0.14179270058, 0.082293111568, 0.51171754517, 0.058149123335, 0.17566652209, 0.030380997249],
      [0.029260251109, 0.01863924098, 0, 0.92792310773, 0.024177400178, 0],
      [0.30178989135, 0.011707414947, 0.15762042014, 0.10348120831, 0.21407985545, 0.2113212098]
    ],
    [
      [0.010196106277, 0, 0.18381798352, 0.017529015189, 0.76581633003, 0.02264056498],
      [0.0018574538718, 0.81799312117, 0.069854598376, 0.011776261508, 0.028439797065, 0.070078768011],
      [0.011562188275, 0.037377124177, 0.76631855911, 0.012629039918, 0.13978387685, 0.032329211666],
      [0.068216419855, 1.3800303575e-05, 0.036979731796, 0.83565367875, 0.054609307123, 0.0045270621716],
      [0.27792372626, 0.0048979758068, 0.23905410556, 0.066656156181, 0.19947067131, 0.21199736489]
    ],
    [
      [0.021466913049, 0.0004837028132, 0.14671449092, 0.040935042937, 0.77253977873, 0.017860071553],
      [0.0024102180794, 0.83798158912, 0.052959594651, 0.02482137044, 0.025157022401, 0.056670205309],
      [0.069501721537, 0.048946823595, 0.66003852823, 0.048520425536, 0.14508167101, 0.027910830098],
      [0.063303831551, 0.0024486963878, 0, 0.9042026927, 0.029575487724, 0.00046929164143],
      [0.36108936563, 0.005881794854, 0.1884448944, 0.092048216013, 0.18672203709, 0.16581369201]
    ],
    [
      [0.011732872059, 0, 0.16815019415, 0.028195294126, 0.77256118379, 0.019360455874],
      [0.0012271758727, 0.82666066881, 0.064925586724, 0.016462964034, 0.027665278721, 0.06305832584],
      [0.0085425185025, 0.044247845098, 0.75327469254, 0.023583607015, 0.14173039951, 0.028620937337],
      [0.049608276559, 0.0083418666945, 0.031206956001, 0.85464328246, 0.053402183486, 0.0027974347968],
      [0.23510923356, 0.0073672665044, 0.25217083283, 0.077427818962, 0.22164021019, 0.20628463796]
    ],
    [
      [0.01320021265, 0.00095356176012, 0.17441521119, 0.028727009344, 0.75781728031, 0.024886724748],
      [0.0012746349338, 0.82912675526, 0.05995088803, 0.014333840058, 0.023906960967, 0.07140692075],
      [0.0092753613838, 0.050955790777, 0.74905328112, 0.022479425927, 0.13275534889, 0.035480791902],
      [0.053607424038, 0.016594303014, 0.031117485525, 0.84540441857, 0.048160166917, 0.0051162019371],
      [0.23706134009, 0.0089872615766, 0.23993963264, 0.073385720216, 0.19978932847, 0.24083671701]
    ],
    [
      [0.022532120516, 0.00040918269861, 0.18081571852, 0.051922371332, 0.72816063171, 0.016159975226],
      [0.0019175039223, 0.86153238165, 0.05085114576, 0.027069267582, 0.017791782227, 0.040837918855],
      [0.084689853339, 0.054073167013, 0.67537020066, 0.055655726322, 0.11357927715, 0.01663177552],
      [0.046274740117, 0.0024731017517, 0, 0.93803918977, 0.013212968361, 0],
      [0.35831235677, 0.0083128696925, 0.22033120757, 0.10477428993, 0.16589557506, 0.14237370097]
    ],
    [
      [0.0055988474171, 0, 0.11826891349, 0.024747547411, 0.83414224946, 0.017242442212],
      [0.00084219308239, 0.81270994364, 0.056801639515, 0.018687655075, 0.039255991553, 0.071702577134],
      [0.0062008202663, 0.04261910936, 0.68796592821, 0.029584710508, 0.20088767676, 0.032741754897],
      [0.0332836265, 0.0012012918854, 0.013038717004, 0.86935550751, 0.081878338698, 0.0012425184022],
      [0.16589812776, 0.0062686221614, 0.21901618225, 0.083211283153, 0.29580085229, 0.22980493239]
    ],
    [
      [0.01345739346, 0.00058350240201, 0.17432098494, 0.032581678259, 0.76541830191, 0.01363813903],
      [0.0010274591021, 0.85918506256, 0.059256335741, 0.017219777334, 0.023489732751, 0.039821632513],
      [0.0085998028592, 0.051583449237, 0.75832209693, 0.028758831565, 0.133502829, 0.019232990411],
      [0.051082519401, 0.014245211822, 0.024258664034, 0.86837160663, 0.041605356095, 0.00043664202199],
      [0.27375892262, 0.0094936621788, 0.26289593442, 0.086441450485, 0.21928098079, 0.14812904952]
    ],
    [
      [0.012971728088, 0.0035011323075, 0.15832354552, 0.032689526113, 0.77152752195, 0.020986546026],
      [0.00072557158432, 0.87906161053, 0.042072659701, 0.012142578482, 0.018207967574, 0.047789612133],
      [0.008936256397, 0.077848941401, 0.71663513241, 0.028322397871, 0.13728046158, 0.030976810339],
      [0.048560475941, 0.040345103702, 0.010306661127, 0.86004508239, 0.038324524794, 0.0024181520421],
      [0.24804057052, 0.015607952172, 0.2284616114, 0.0825003986, 0.20976621371, 0.2156232536]
    ],
    [
      [0.018344028735, 0, 0.2008979463, 0.0307120256, 0.71178652611, 0.038259473251],
      [0.0023890352512, 0.76759326159, 0.074457413478, 0.015599678348, 0.023355060975, 0.11660555035],
      [0.012975168546, 0.034750068407, 0.77608957731, 0.016767290956, 0.10955110853, 0.049866786251],
      [0.073190031956, 0.0019311107627, 0.043507751147, 0.83107396964, 0.03889844483, 0.01139869166],
      [0.26464003275, 0.0043734933058, 0.22397600112, 0.060228350006, 0.14917646329, 0.29760565953]
    ],
    [
      [0.0087823771969, 0.0014046454196, 0.11743821459, 0.026619234564, 0.82682225598, 0.018933272248],
      [0.0007986684416, 0.87061974209, 0.03797090481, 0.013412155362, 0.023732053478, 0.053466475818],
      [0.0079557226602, 0.066291751529, 0.68029844293, 0.030878401281, 0.17957714278, 0.034998538815],
      [0.041802743945, 0.024940310088, 0.0082620483555, 0.86211540227, 0.060118387118, 0.0027611082228],
      [0.20289012369, 0.011620447531, 0.20312845375, 0.079235220952, 0.26054959539, 0.24257615869]
    ],
    [
      [0.032571464867, 0.00097784910417, 0.2027380451, 0.040992864613, 0.69784320825, 0.02487656807],
      [0.0036045316351, 0.85531419461, 0.05340212456, 0.017235934259, 0.014948142363, 0.055495072574],
      [0.020805726212, 0.055962409776, 0.75952730629, 0.033796866662, 0.099675146878, 0.030232544181],
      [0.10675184112, 0.014630778816, 0.010513489337, 0.84685032527, 0.014950321659, 0.0063032437928],
      [0.41011766879, 0.0078434600161, 0.20523624777, 0.070915633101, 0.12998968303, 0.1758973073]
    ],
    [
      [0.05530668234, 0, 0.12907356016, 0.05084749731, 0.74303967816, 0.021732582039],
      [0.0012888821777, 0.83682488697, 0.048819515932, 0.025866637431, 0.017984861552, 0.069215215941],
      [0.0096469519523, 0.053122612893, 0.73293732241, 0.046494112232, 0.12117548992, 0.036623510589],
      [0.037353487507, 0.0032477112826, 0, 0.94667754229, 0.012721258918, 0],
      [0.23906472938, 0.0085822042047, 0.21762446721, 0.10026281132, 0.17859295323, 0.25587283465]
    ],
    [
      [0.013966311095, 0.011025779381, 0.096739438448, 0.043964080874, 0.8135303547, 0.020774035505],
      [0, 0.92798301877, 0, 0.027292722876, 0.0058855426018, 0.038838715751],
      [0.076232640813, 0.16075187385, 0.49199121942, 0.069251617722, 0.16420174138, 0.037570906805],
      [0, 0.072990406253, 0, 0.91325105878, 0.013758534964, 0],
      [0.28249975676, 0.025469836813, 0.14496962772, 0.10420446949, 0.21670110092, 0.2261552083]
    ],
    [
      [0.013436165076, 0, 0.13300633051, 0.033439263349, 0.79787343794, 0.022244803122],
      [0.0016157872658, 0.83259053134, 0.048296042721, 0.019833443569, 0.027336320313, 0.070327874786],
      [0.011599500351, 0.054051440288, 0.69391707742, 0.038530327885, 0.16434995173, 0.037551702322],
      [0.055991408269, 0.0070930293454, 0.0029073703772, 0.88118428158, 0.050203445905, 0.0026204645234],
      [0.25914077796, 0.0076789021108, 0.1955976923, 0.082817917147, 0.22151855537, 0.23324615511]
    ],
    [
      [0.014591533337, 0.0016802915961, 0.12603267506, 0.036739608114, 0.79759166729, 0.023364224605],
      [0.0012668510386, 0.86650886728, 0.035545376813, 0.017605784048, 0.020776606653, 0.058296514167],
      [0.055329625394, 0.075675706, 0.61864177198, 0.045509643404, 0.16503899743, 0.039804255785],
      [0.044032526174, 0.023510438879, 0, 0.89345619189, 0.037202179918, 0.0017986631344],
      [0.26921827751, 0.011848002986, 0.17881275597, 0.089055153527, 0.2147090664, 0.2363567436]
    ],
    [
      [0.014479620542, 0.0012351426181, 0.1666250317, 0.042381268902, 0.75255445583, 0.02272448041],
      [0.0011748793439, 0.8526678412, 0.048476143487, 0.020302583102, 0.019634142874, 0.057744409988],
      [0.013840001026, 0.06027489596, 0.72237681546, 0.042246851231, 0.12909228375, 0.032169152575],
      [0.046902026696, 0.01564760324, 0, 0.91122023937, 0.026142587613, 8.7543078528e-05],
      [0.25572747594, 0.010301906398, 0.22550701701, 0.096639383648, 0.19245810472, 0.21936611228]
    ],
    [
      [0.017450832691, 0.0023035837435, 0.14405062491, 0.039322305717, 0.78051350203, 0.016359150911],
      [0.0013343444182, 0.88634117213, 0.037639092986, 0.018065539824, 0.018200229695, 0.03841962095],
      [0.044014114565, 0.075182732641, 0.66632220947, 0.044490571449, 0.1445840477, 0.025406324175],
      [0.052545815092, 0.026996453304, 0, 0.88992956945, 0.029800111839, 0.00072805031789],
      [0.32188883272, 0.012747433291, 0.20295329941, 0.091307108129, 0.20480693768, 0.16629638877]
    ],
    [
      [0.017634584747, 0.0055894116544, 0.14599152356, 0.041317406433, 0.7586205701, 0.030846503511],
      [0.0014552893137, 0.88124418928, 0.027514436757, 0.016784309047, 0.012808675691, 0.060193099916],
      [0.039267406026, 0.10236830235, 0.6368909232, 0.04766905832, 0.1274595067, 0.046344803404],
      [0.039171937253, 0.047929300702, 0, 0.88597526853, 0.02291728656, 0.0040062069544],
      [0.27985567988, 0.018001635444, 0.17706796568, 0.085364433826, 0.17180465924, 0.26790562593]
    ],
    [
      [0.010174061422, 0, 0.14615338693, 0.023194304403, 0.79466561355, 0.025812633694],
      [0.0023647697226, 0.80104921957, 0.062108705546, 0.012249048595, 0.034120769816, 0.088107486751],
      [0.016640393145, 0.033624496896, 0.72142627565, 0.018914726784, 0.16661911653, 0.042774990996],
      [0.05748000579, 0, 0.024848895052, 0.84179543036, 0.067946902862, 0.0079287659339],
      [0.23682452315, 0.0014723220854, 0.2141423887, 0.063542566088, 0.22550385088, 0.25851434909]
    ],
    [
      [0.0097723898633, 0.0015094367729, 0.13514129736, 0.042830985059, 0.78646667181, 0.024279219132],
      [0.00071721048296, 0.86217981391, 0.037366955652, 0.020037137097, 0.01927789062, 0.06042099224],
      [0.068938405302, 0.069603702363, 0.62961468227, 0.049022458457, 0.15078903335, 0.032031718261],
      [0.020676454651, 0.019412619386, 0, 0.93211631536, 0.027794610607, 0],
      [0.19485545918, 0.011837810769, 0.20330300641, 0.10335523125, 0.21923967914, 0.26740881325]
    ],
    [
      [0.0097006189445, 0.0027247761598, 0.14170938653, 0.039243856541, 0.78915179042, 0.0174695714],
      [0.00025722146675, 0.87867130838, 0.037083902741, 0.021669289034, 0.018828301778, 0.043489976599],
      [0.03860495612, 0.074440588792, 0.66515563179, 0.045039552985, 0.15097662612, 0.025782644193],
      [0.024555400649, 0.031278969386, 0, 0.91217309807, 0.031992531893, 0],
      [0.20801240854, 0.014327720804, 0.22955919607, 0.10514504131, 0.24044440182, 0.20251123145]
    ],
    [
      [0, 0.0063116154372, 0.23809347202, 0.035474333784, 0.72012057876, 0],
      [0, 0.9791162691, 0.015280517364, 0.0030632350641, 0.0025399784674, 0],
      [0, 0.079871302752, 0.8445160021, 0.019390306509, 0.056222388643, 0],
      [0, 0.078686389535, 0.011106502607, 0.90178177611, 0.0084253317456, 0],
      [0, 0.038730935214, 0.56405097444, 0.14622663377, 0.25099145658, 0]
    ],
    [
      [0.012284416008, 0.0021099732329, 0.15996258563, 0.046465955421, 0.75852495637, 0.020652113332],
      [0.00085146985341, 0.87659100136, 0.040611507295, 0.018695928547, 0.01691793824, 0.04633215471],
      [0.047666280253, 0.072227840105, 0.67696479143, 0.047220588939, 0.13000018722, 0.025920312059],
      [0.030855906525, 0.023152427242, 0, 0.9274827065, 0.018508959733, 0],
      [0.23212717536, 0.013312932685, 0.23038691026, 0.10522513388, 0.20464778063, 0.21430006718]
    ],
    [
      [0.012070143136, 0, 0.15922490223, 0.037585323325, 0.77764707657, 0.013472554737],
      [0.00099934697369, 0.83913865953, 0.05961191325, 0.023694648524, 0.026713139019, 0.049842292699],
      [0.010252449591, 0.040576875602, 0.73823660759, 0.043382668192, 0.14511468954, 0.022436709489],
      [0.044533867139, 0, 0.012353993398, 0.90062136733, 0.04249077213, 0],
      [0.24853189241, 0.0060173799508, 0.24669697215, 0.096314421761, 0.22935964555, 0.17307968817]
    ],
    [
      [0.021307300386, 0, 0.19507107223, 0.03225390989, 0.72846148632, 0.022906231177],
      [0.0034087150535, 0.82099287803, 0.072776485746, 0.014031437062, 0.022259893266, 0.066530590844],
      [0.021040652109, 0.027658614862, 0.78770173658, 0.017495663092, 0.11477502806, 0.031328305298],
      [0.084579365378, 0, 0.036410148435, 0.83823500688, 0.036143115227, 0.004632364081],
      [0.35065763101, 0.0031061927361, 0.2298603487, 0.066388945931, 0.16016092491, 0.18982595671]
    ],
    [
      [0.015924969968, 0, 0.14660859198, 0.031239935788, 0.78841763435, 0.017808867915],
      [0.0029846340802, 0.82374783562, 0.060149620883, 0.020074813121, 0.031340260265, 0.061702836032],
      [0.028046655291, 0.02731407867, 0.72165509488, 0.033727355647, 0.16029681279, 0.028960002721],
      [0.072839067242, 0, 0.013240304508, 0.8557830797, 0.054920787829, 0.0032167607178],
      [0.32824759528, 0.0035020355116, 0.20555766749, 0.075624130343, 0.21206619109, 0.17500238029]
    ],
    [
      [0.0089491771571, 0.00022374234366, 0.17677752208, 0.015096356679, 0.7776441362, 0.021309065546],
      [0.00056830986447, 0.83610407071, 0.063740613743, 0.0087870488372, 0.027124887439, 0.063675069405],
      [0.0056013614764, 0.049271374418, 0.76528468204, 0.0015729778856, 0.1469499565, 0.031319647681],
      [0.040936610069, 0.016728556815, 0.043138985423, 0.83452402408, 0.061342762969, 0.0033290606386],
      [0.19569385953, 0.0089730999712, 0.26714853886, 0.064633934417, 0.23120219952, 0.2323483677]
    ],
    [
      [0.011205929302, 0.0010107649749, 0.10745955298, 0.034687981556, 0.82469750821, 0.020938262973],
      [0.0011079782542, 0.85685477478, 0.035369355976, 0.019242200688, 0.025635296055, 0.061790394249],
      [0.058701530502, 0.069050017372, 0.59395467655, 0.046875387021, 0.19144450917, 0.039973879377],
      [0.032847248535, 0.017148946761, 0, 0.89942296238, 0.049751148417, 0.00082969390609],
      [0.23428329406, 0.010399435425, 0.17299338708, 0.091459601528, 0.24874642073, 0.24211786118]
    ],
    [
      [0, 0, 0.20404340528, 0, 0.72015492858, 0.07580166614],
      [0, 0.70995464062, 0.077548227019, 0, 0.019839693146, 0.19265743922],
      [0, 0, 0.78302156115, 0, 0.099043962924, 0.11793447593],
      [0.20168517635, 0.11447972397, 0.30350413451, 0.22222222222, 0.12567835052, 0.032430392429],
      [0.12851961252, 0, 0.23348099556, 0, 0.13571767305, 0.50228171887]
    ],
    [
      [0.01367540259, 0.0034600369338, 0.16312481977, 0.042884625228, 0.75305332856, 0.023801786923],
      [0.022283518975, 0.87265110779, 0.016827006144, 0.021137310465, 0.014218959861, 0.052882096761],
      [0.0092360696436, 0.07467449399, 0.71210136511, 0.043739331596, 0.12675529753, 0.033493442134],
      [0.037135543933, 0.035074866906, 0, 0.90591688726, 0.021698576135, 0.00017412576333],
      [0.24479178285, 0.014727301932, 0.22084413719, 0.097671050018, 0.19150618235, 0.23045954566]
    ],
    [
      [0.0077775933858, 0.00033262552807, 0.092856988038, 0.030396258516, 0.84045163263, 0.028184901898],
      [0.00093515665508, 0.8267455388, 0.033661384565, 0.018260198824, 0.029382477146, 0.09101524401],
      [0.051180817972, 0.063719730258, 0.57100643033, 0.043213632091, 0.21202129993, 0.058858089421],
      [0.025944093002, 0.012332344283, 0, 0.89410349623, 0.063828037408, 0.0037920290755],
      [0.16477931991, 0.0081840327893, 0.1521327929, 0.084192260029, 0.25787132485, 0.33284026952]
    ],
    [
      [0.0067881364335, 0, 0.12498279339, 0.013455964553, 0.85018743424, 0.0045856713851],
      [0, 0.8705613862, 0.06407958163, 0.0041153719406, 0.042428020845, 0.018815639381],
      [0, 0.037263241745, 0.74285237602, 0, 0.21356210694, 0.0063222752918],
      [0.042126142912, 0.0050559310893, 0.037119097891, 0.8234690532, 0.090367925873, 0.0018618490343],
      [0.2301763726, 0.0074231903581, 0.26839676946, 0.075300112981, 0.34136006527, 0.077343489331]
    ],
    [
      [0.016125638914, 0, 0.22402741817, 0, 0.72171020708, 0.038136735832],
      [0.0031674986996, 0.75497495664, 0.095740965948, 0, 0.027980981458, 0.11813559725],
      [0.011201781448, 0.0050107328673, 0.81825383781, 0, 0.11554378954, 0.049989858336],
      [0.080360780829, 0, 0.076712005356, 0.77456977767, 0.052985741951, 0.015371694193],
      [0.2565281883, 0, 0.25732941802, 0.033734727048, 0.16192984091, 0.29047782573]
    ],
    [
      [0.0025874900415, 0, 0.14460759102, 0.02747996743, 0.7981583751, 0.027166576408],
      [0.0013320000998, 0.78107088857, 0.06387982283, 0.017873695235, 0.035993775668, 0.099849817602],
      [0.021025094604, 0.013204145054, 0.72276583194, 0.026508754305, 0.17159114426, 0.044905029832],
      [0.029759120536, 0, 0.020490257306, 0.88120483192, 0.06467949957, 0.0038662906633],
      [0.16948629118, 0, 0.22091960805, 0.076777418246, 0.23584675408, 0.29696992845]
    ],
    [
      [0.0088752274298, 0.0030688521422, 0.16174263476, 0.032312549758, 0.77432893214, 0.019671803771],
      [0.0003175976637, 0.86698928339, 0.048090577543, 0.013972234557, 0.020617716855, 0.050012589991],
      [0.0056451567848, 0.068456432344, 0.72874035274, 0.029147943112, 0.13932095283, 0.028689162187],
      [0.033629928248, 0.031357566323, 0.015358453668, 0.8781765115, 0.041191405447, 0.00028613482006],
      [0.19011862677, 0.014546959391, 0.25336886546, 0.089763737819, 0.23042468161, 0.22177712895]
    ],
    [
      [0.011616406138, 0, 0.14196469651, 0.03228985707, 0.80347762454, 0.010651415748],
      [0.0014620182643, 0.85199185649, 0.056598025995, 0.021503810376, 0.031974883433, 0.03646940544],
      [0.0270822444, 0.03092344995, 0.72257418195, 0.037167590143, 0.16462173574, 0.017630797822],
      [0.05504499513, 0, 0.011227574568, 0.87594861352, 0.057631652285, 0.00014716449454],
      [0.30289103906, 0.0044195478312, 0.23068332747, 0.088254649841, 0.24842802238, 0.12532341341]
    ],
    [
      [0.0052746179458, 0, 0.12812111758, 0.030487802206, 0.81548015857, 0.020636303698],
      [0.0007734091743, 0.81927923692, 0.052391965009, 0.020006637247, 0.033117585372, 0.07443116628],
      [0.0062467104121, 0.046574658305, 0.69260013995, 0.036201434835, 0.18200924947, 0.036367807027],
      [0.032332661791, 0.0030978761726, 0.0051580059408, 0.89162457655, 0.067210549638, 0.00057632990709],
      [0.1660917081, 0.0072646797248, 0.2180099212, 0.089929272855, 0.26416954673, 0.25453487139]
    ],
    [
      [0.023322273046, 0.0029407627735, 0.1387692321, 0.032219547417, 0.78457439217, 0.01817379249],
      [0.0020271312643, 0.89492994613, 0.034135234501, 0.012308630653, 0.017417570137, 0.039181487312],
      [0.023664309618, 0.083428469039, 0.68172834489, 0.033193040607, 0.14882359948, 0.029162236372],
      [0.090111673295, 0.037247976868, 0, 0.82993438425, 0.038447528324, 0.0042584372589],
      [0.38622307572, 0.013850524405, 0.17689772105, 0.07083484641, 0.18627123309, 0.16592259932]
    ],
    [
      [0.018406678521, 0.0020157985791, 0.1476962405, 0.049216891701, 0.76961029167, 0.013054099034],
      [0.0011703704955, 0.89847569635, 0.035078257166, 0.021203202786, 0.015633530187, 0.028438943013],
      [0.10939193015, 0.078384989926, 0.6075229325, 0.054696019251, 0.13598497625, 0.014019151913],
      [0.033973074043, 0.022146096802, 0, 0.93038251081, 0.013498318349, 0],
      [0.33939163159, 0.013360649786, 0.20666470607, 0.10827294789, 0.19881269438, 0.13349737028]
    ],
    [
      [0.015590002966, 0, 0.13023450666, 0.034054034877, 0.79947587668, 0.020645578814],
      [0.0023250653684, 0.77322061412, 0.068103933087, 0.027160413429, 0.036951471631, 0.092238502363],
      [0.020180248139, 0.028360994525, 0.71000698811, 0.039889557303, 0.16599850731, 0.035563704613],
      [0.061786896055, 0, 0, 0.88513106199, 0.050631719789, 0.0024503221661],
      [0.28847027713, 0.0028198139041, 0.19156566712, 0.082565567709, 0.21701947914, 0.217559195]
    ],
    [
      [0.021482332654, 0.0015376325912, 0.1203419031, 0.034966645069, 0.80617989486, 0.015491591724],
      [0.0022657603141, 0.8812200163, 0.035393446707, 0.017986602421, 0.022150862786, 0.040983311476],
      [0.065372446275, 0.073992527678, 0.61818336041, 0.042829706161, 0.17217707655, 0.02744488292],
      [0.074255209464, 0.021186918758, 0, 0.86234985397, 0.040134023394, 0.0020739944171],
      [0.38136476233, 0.010665973075, 0.16602552418, 0.080984462495, 0.2085528362, 0.15240644172]
    ],
    [
      [0.021849698378, 0.0025232597263, 0.11703585547, 0.027836389401, 0.80853577687, 0.022219020154],
      [0.0013853733705, 0.90887240487, 0.024492363685, 0.0099535839028, 0.015161123141, 0.040135151027],
      [0.018412479062, 0.087336914081, 0.65652271483, 0.034568555074, 0.16529571391, 0.037863623052],
      [0.09073126985, 0.030283386232, 0.0028769021318, 0.82159934902, 0.049373271195, 0.0051358215717],
      [0.36467720402, 0.012264110806, 0.15218514069, 0.065846576007, 0.19274548975, 0.21228147873]
    ],
    [
      [0.012615035992, 0, 0.15916123329, 0.03829072472, 0.77554656789, 0.014386438105],
      [0.0014063019133, 0.81814810434, 0.066387938417, 0.025650412697, 0.029503949901, 0.058903292733],
      [0.01511307842, 0.029438118598, 0.74267978022, 0.045801194033, 0.14401205425, 0.02295577448],
      [0.04372971709, 0, 0.0095506603001, 0.90610235112, 0.040617271486, 0],
      [0.25443075942, 0.0042810825839, 0.2427389081, 0.096798718042, 0.22388816348, 0.17786236837]
    ],
    [
      [0.010050359565, 0.0061574699445, 0.18311555344, 0.03336782637, 0.74789694461, 0.019411846068],
      [0.00011339494893, 0.89723424504, 0.0420071266, 0.0093969529508, 0.013720668779, 0.037527611681],
      [0.00480248183, 0.092701753279, 0.74401423362, 0.01875887636, 0.11453878087, 0.025183874039],
      [0.034630842968, 0.052789660368, 0.018545714237, 0.86526918059, 0.02800534053, 0.00075926130801],
      [0.20581633404, 0.019511214927, 0.2695141541, 0.090552274785, 0.20679084755, 0.20781517461]
    ],
    [
      [0.013146263509, 0, 0.13833104748, 0.027352401312, 0.80243210839, 0.018738179308],
      [0.0020265664101, 0.82465191771, 0.057180460999, 0.01792701404, 0.032491025376, 0.065723015468],
      [0.013056419178, 0.044404159857, 0.71033428712, 0.029446593762, 0.171117202, 0.03164133808],
      [0.065901701896, 0.0018191932154, 0.013146490794, 0.85078050532, 0.064819211513, 0.0035328972604],
      [0.28584709232, 0.0054057228098, 0.20673635535, 0.074645369663, 0.23076488086, 0.196600579]
    ],
    [
      [0.035101066591, 0, 0.1776242581, 0.072088319425, 0.69616008584, 0.019026270047],
      [0.17074774734, 0.66666666667, 0.052368386655, 0.048874448996, 0.008548340644, 0.0527944097],
      [0.031966196564, 0, 0.77671274352, 0.090704422107, 0.07648484814, 0.024131789672],
      [0.03854979407, 0, 0, 0.95969499208, 0, 0.0017552138529],
      [0.46092705805, 0, 0.16243640116, 0.11390755835, 0.10674140793, 0.15598757451]
    ],
    [
      [0.0091175954943, 0.0015738392886, 0.11737596344, 0.030984825201, 0.80921301262, 0.031734763957],
      [0.00099162773825, 0.82609712877, 0.038275625, 0.016002831397, 0.026796297005, 0.091836490094],
      [0.015703033014, 0.065499091222, 0.64490627455, 0.037591983663, 0.17931744875, 0.056982168798],
      [0.036511025513, 0.021269832751, 0, 0.88150186906, 0.055559690095, 0.0051575825751],
      [0.17434922518, 0.010036964089, 0.17523669955, 0.080478817279, 0.22802395705, 0.33187433685]
    ],
    [
      [3.085388173e-17, 0.0043249896633, 0.10763491365, 0.035373626049, 0.85266647063, 0],
      [0, 1, 0, 0, 0, 0],
      [3.4449984518e-17, 0.24409352984, 0.58825108628, 0.058399106007, 0.10925627788, 0],
      [0, 0.046029681366, 0, 0.94325024541, 0.010720073227, 0],
      [0, 0.070817017655, 0.36285856868, 0.18172928384, 0.38459512982, 0]
    ],
    [
      [0.0077501053451, 0, 0.13722761261, 0.031810341812, 0.80843407255, 0.014777867691],
      [0.032339797183, 0.76, 0.068063257007, 0.025624529545, 0.038052025428, 0.075920390838],
      [0.040287438033, 0, 0.72302496576, 0.038653394883, 0.17085484711, 0.027179354213],
      [0.018043749117, 0, 0.014110903478, 0.90536657274, 0.062478774669, 0],
      [0.1803293065, 0, 0.23828383291, 0.092641781256, 0.26548147524, 0.2232636041]
    ],
    [
      [0.0084296771143, 0.0085388112879, 0.19283308044, 0.02893149827, 0.74236750154, 0.018899431352],
      [0, 0.89371867587, 0.046345672848, 0.0081062661473, 0.013748487375, 0.038080897759],
      [0.0039651605944, 0.085717929765, 0.75832743243, 0.016680007548, 0.11124019549, 0.024069274171],
      [0.030632035637, 0.054158897484, 0.027295592408, 0.86068522198, 0.027055159983, 0.0001730925056],
      [0.18633804429, 0.020530121065, 0.28724547595, 0.08781254732, 0.20918926087, 0.20888455051]
    ],
    [
      [0.0098680671597, 0.0029615406547, 0.13310150864, 0.032990866418, 0.7968514854, 0.024226531723],
      [0.00063367964294, 0.86310174945, 0.038051497427, 0.01499599644, 0.021449148014, 0.061767929023],
      [0.011792957274, 0.075184633226, 0.67610157444, 0.036314875146, 0.16051479219, 0.040091167721],
      [0.037434587939, 0.034659220569, 0, 0.88204137369, 0.043733003419, 0.0021318143873],
      [0.19962949379, 0.014584930141, 0.20374034406, 0.086950401569, 0.23054500247, 0.26454982797]
    ],
    [
      [0.012083604677, 0.0085954426243, 0.16953024761, 0.022378528879, 0.75670398932, 0.030708186888],
      [0, 0.87691143217, 0.044078496568, 0, 0.016109300007, 0.062900771252],
      [0.0043843737536, 0.098387162918, 0.72438229385, 0, 0.1281824581, 0.04466371138],
      [0.0504782217, 0.068532906794, 0.023953870787, 0.80801235018, 0.040674288491, 0.0083483620442],
      [0.21580206687, 0.024237867455, 0.22722931466, 0.057431925626, 0.19118306328, 0.28411576211]
    ],
    [
      [0.014326561008, 0.0047799871476, 0.13690113037, 0.036144327081, 0.79303715228, 0.014810842115],
      [4.3609682514e-05, 0.91203255717, 0.028421408667, 0.012906214941, 0.015252378523, 0.031343831021],
      [0.055417875439, 0.099419592859, 0.63192884455, 0.038156043356, 0.15147178184, 0.023605861951],
      [0.034524733857, 0.064059301688, 0, 0.87091413117, 0.029933874806, 0.00056795847514],
      [0.28986695929, 0.019398661376, 0.20837175321, 0.094578713594, 0.22650393358, 0.16127997895]
    ],
    [
      [0.012365160444, 0.0016662786897, 0.14875827262, 0.036415799593, 0.77540227473, 0.025392213923],
      [0.0010890756635, 0.84776194819, 0.044944163459, 0.017983762718, 0.021514911018, 0.066706138951],
      [0.0094822520424, 0.064324162104, 0.70201005566, 0.038884909203, 0.14616651328, 0.039132107718],
      [0.046137434396, 0.021433432098, 0.0023096280676, 0.8893660896, 0.038263503555, 0.0024899122831],
      [0.22694690271, 0.011042669559, 0.21108151919, 0.087648665518, 0.20938721285, 0.25389303017]
    ],
    [
      [0.010666465295, 0.0028455661728, 0.18229547512, 0.038133736766, 0.74267742885, 0.023381327798],
      [0.00031111540323, 0.86010971811, 0.051223212117, 0.016076511292, 0.016765952168, 0.055513490907],
      [0.0064866916495, 0.064839635814, 0.74547909863, 0.033826010216, 0.11841288997, 0.030955673716],
      [0.036178394396, 0.029417168012, 0.013426218249, 0.89231870472, 0.028041036916, 0.00061847770833],
      [0.20174577543, 0.01351081628, 0.25749560524, 0.0928725963, 0.19791012014, 0.2364650866]
    ],
    [
      [0.011733318247, 0.0011489430507, 0.18145295017, 0.032371911248, 0.74112341764, 0.032169459641],
      [0.0011664736866, 0.82274368085, 0.060472673976, 0.010724838902, 0.020642813732, 0.084249518851],
      [0.0080544918736, 0.053644588363, 0.74790246245, 0.023394909921, 0.12276821288, 0.044235334509],
      [0.044258498908, 0.017747198575, 0.026913193831, 0.86699371724, 0.038007302958, 0.0060800884926],
      [0.19838100498, 0.0093163840819, 0.23827473153, 0.075123054176, 0.18469024826, 0.29421457697]
    ],
    [
      [0.011634865284, 0.010093009779, 0.14869896214, 0.046389237105, 0.74675188569, 0.036432040007],
      [0, 0.9291509918, 0.0088190434371, 0.0083037866692, 0.0029020067611, 0.05082417133],
      [0.072868197683, 0.17154652493, 0.55068487264, 0.040054812918, 0.11698418067, 0.047861411159],
      [0, 0.10464247703, 0, 0.88869933952, 0.0066581834544, 0],
      [0.19420705622, 0.033561640733, 0.1804970145, 0.098162585186, 0.16972885143, 0.32384285193]
    ]
  ],
  "expected_outcome": [
    [
      [0.58827704051, 0.78510018333, 0.27906986963, 0.64530796327, 1.4916240294, 0.54077089238, 0.25194813377, 0.65941227955, 0.36320838645, 0.49528877584, 0.043911885984, 0.94457248115, 1.1061336468, 0.12569679986, 0.51057427288, 0.53988673348, 1.013573438, 0.3839183192, 0.33505711019, 0.48835494823, 0.20522018713, 0.48503094723, 0, 0.84762470458, 0.88112044894, 0.36222410655, 1.512872147, 0.53695062942, 0.30256009116, 0, 0.68377012948, 0.11666390079, 0.040728818601, 0.62889991765, 0.072449721162, 0.58576501037, 0.37172499642, 0.45889176129, 0.3031895496, 0.42335360598, 0.28062005339, 0.53705831634, 0.32774547567, 0.49198640367, 0.23115827, 1.1437249253, 0.10530319977, 0.69293725757, 3.085388173e-17, 0.1550021069, 0.26131999054, 0.30591008195, 0.60418023383, 0.30085778117, 9.3480612954, 0.5866555912, 1.5018647356, 0.17452297925],
      [0.053966914606, 0, 0.0062881365717, 0, 0.10775247889, 0.0098203847665, 0, 0.028591617698, 0.09803170461, 0, 0.0070232270982, 0.028357624021, 0, 0.099232014429, 0, 0.062170789056, 0.086459983268, 0.050678842357, 0.10619882143, 0, 0.031698172232, 0.13623880799, 0.012623230874, 0.14558815307, 0, 0, 0, 0.01342454062, 0.027290654324, 0, 0.17300184669, 0.004989382921, 0, 0, 0, 0.20254424138, 0, 0, 0.038229916056, 0.046363367318, 0, 0.038440814781, 0.037848895895, 0, 0.14162180872, 0, 0, 0.11961178593, 0.0043249896633, 0, 0.26470314992, 0.091807760295, 0.42977213121, 0.1003797301, 1.2597066894, 0.1565061395, 0.14706471048, 0.15139514668],
      [4.0201111498, 14.153984731, 1.9072883819, 9.2482606784, 19.7089188647, 4.3395772444, 5.3221011073, 8.5417282621, 4.4330592745, 5.4242445502, 0.58719107294, 5.8794033078, 2.5814712031, 0.87065494603, 5.0542405593, 4.6632089772, 11.663752219, 3.1691137479, 2.7738389476, 7.0153625726, 2.8379672447, 7.0854693267, 0.47618694404, 11.0374184086, 11.6234178629, 3.3162082279, 13.9278162382, 10.6066513245, 2.9014079305, 2.6525642687, 8.1562409885, 1.3928548206, 0.74989676036, 8.7370693088, 4.0490125485, 10.6750138939, 4.5428702882, 11.1465372295, 1.8040000173, 3.3970135315, 2.3442211199, 3.0085475775, 1.7555378321, 6.2072880984, 4.2116577292, 12.0348011308, 0.53287277429, 8.9205732217, 0.10763491365, 2.7445522521, 5.9778254935, 4.126146768, 8.4765123807, 2.8749237377, 112.4612541005, 10.0262511317, 23.2259776221, 2.2304844321],
      [1.5868137583, 1.3497341696, 0.53215555818, 1.5507411769, 3.2461520559, 1.246136912, 1.1136396335, 1.5965022347, 0.91530673116, 0.82922469119, 0.13309617282, 1.1887930738, 1.0169499462, 0.39567672786, 1.2706920073, 1.3593655002, 2.9666888231, 0.86509072578, 0.78503072222, 1.1133266113, 0.89945068623, 1.962192827, 0.070948667569, 3.206150924, 2.7437286028, 0.54831646813, 2.9677938999, 0.90578140074, 0.93657550201, 0, 2.1442312614, 0.45594387774, 0.080735787318, 0, 0.76943908805, 2.1326282841, 1.0332754263, 2.6524387919, 0.41885411642, 1.1319885091, 0.61297262779, 0.87416612672, 0.41754584101, 1.4933382641, 0.76746000652, 2.3796589141, 0.21626495828, 2.3548467153, 0.035373626049, 0.63620683624, 0.89687644635, 1.022716859, 1.118926444, 0.75903086871, 27.5303444926, 2.0973555221, 4.1436046397, 0.69583855657],
      [29.0033113092, 58.9678574126, 10.0430171235, 42.4908651084, 85.6333526745, 17.475855161, 37.5364012259, 37.5054967935, 21.6027706146, 19.218236205, 4.1341112799, 20.2374530392, 14.8607935631, 7.3217731923, 30.3191906419, 29.5108916897, 52.678811908, 17.1712970447, 14.4137908318, 38.1439494505, 16.515800108, 39.4575895211, 1.4402411575, 52.3382219897, 56.7682365896, 12.3838452674, 74.8996752631, 46.658648172, 22.2668327217, 9.3620140715, 37.6526664278, 12.6067744895, 5.1011246054, 28.1466980761, 22.3484345029, 51.1057095215, 25.7112839852, 70.9467737956, 10.1994670982, 17.7010367083, 14.3905657803, 20.1544973716, 12.1280366531, 30.2463161477, 17.201629726, 69.81159343, 2.0884802575, 61.5001889588, 0.85266647063, 16.1686814509, 23.0133925477, 24.7023960474, 37.8351994659, 16.6537801979, 586.204119696, 40.8472585865, 94.863797458, 11.2012782853],
      [0.74751982759, 1.7433235035, 0.23218093019, 1.0648250731, 2.8121998965, 0.38783940542, 0.77590989956, 0.66826881249, 0.58762328872, 1.0330057778, 0.094666361242, 0.72142047402, 0.43465164078, 0.18696631955, 0.84530251865, 0.86447631037, 1.5907136287, 0.35990132004, 0.58608356672, 1.2390064173, 0.50986360177, 0.87347857001, 0, 1.4249958199, 0.98349649578, 0.38940593, 1.6918424519, 1.2785439327, 0.56533310027, 0.98542165982, 1.1900893461, 0.42277352847, 0.027514028311, 1.4873326974, 0.76066413943, 1.2983390489, 0.34084530392, 1.7953584217, 0.23625930237, 0.30024427779, 0.37162041865, 0.38728979309, 0.33328530231, 0.56107108608, 0.44647245956, 1.6302215998, 0.057078810142, 2.4118420608, 0, 0.29555735381, 0.58588237191, 0.75102248343, 1.5354093444, 0.31102768442, 19.1965137261, 1.2859730289, 4.1176908341, 0.5464806001]
    ],
    [
      [0.069893354047, 0.07058324713, 0.033743053112, 0.052768562525, 0.11854104884, 0.053690109823, 0.032845530213, 0.033906150368, 0.02684614862, 0.069282022285, 0.003993342208, 0.075695164336, 0.018044350488, 0, 0.058168341569, 0.048140339468, 0.058743967195, 0.028021232782, 0.045113968725, 0.12769756502, 0.0093237362785, 0.03318156921, 0, 0.020435276482, 0.088941880658, 0.10226145161, 0.30443267618, 0.018185915663, 0.022159565083, 0, 2.674022277, 0.011221879861, 0, 0.095024960989, 0.035964002694, 0.020961445804, 0.078948986271, 0.040217277063, 0.026352706435, 0.018725927928, 0.0069751961051, 0.065707049108, 0.002770746741, 0.039376453574, 0.0026080838255, 0.1195674182, 0.51224324202, 0.095196262872, 0, 0.80849492957, 0, 0.031683982147, 0, 0.0033143358711, 0.7547294348, 0.02986707871, 0.30211668484, 0],
      [48.1727442998, 31.0837386044, 11.7317422477, 35.5464087588, 77.1087882393, 24.1229066863, 31.695687802, 28.3531070644, 32.5252795895, 22.2602045862, 4.3530987105, 17.9615980868, 11.7155484175, 25.0555415068, 29.9732591284, 32.9273369567, 42.6333920602, 18.6131646147, 27.3185698676, 43.2566578567, 11.2083375808, 113.3485987812, 0.9791162691, 21.0381840325, 74.6833406985, 24.6297863408, 84.022279233, 26.7553302628, 17.1370954956, 4.9696824843, 104.7181329353, 9.9209464656, 8.705613862, 22.6492486993, 21.0889139913, 57.2212927037, 46.0075602505, 42.6025203197, 11.6340892997, 14.3756111417, 2.3196618424, 25.5553804726, 1.8177448097, 22.9081469215, 20.6363876359, 48.6544631447, 2, 79.3053243616, 0, 19, 19.6618108692, 43.1550874726, 69.2760031417, 69.3144743445, 587.4990300964, 82.570532939, 213.0906133407, 62.2531164508],
      [1.5698388338, 2.6544747383, 0.74143432511, 2.7918002291, 5.5754325868, 1.4238320813, 2.2152639411, 1.9554590795, 1.5566884089, 2.1592649909, 0.18985452405, 1.1214446158, 0.68347322304, 0, 1.738657538, 1.3507243189, 2.4238071743, 0.79042095271, 0.85294753945, 3.3538700995, 0.48577042347, 4.7838234536, 0.015280517364, 0.97467617508, 5.3054602793, 2.1832945724, 6.1352613301, 2.0396996398, 0.70738711951, 0.54283758913, 2.0192407373, 0.40393661478, 0.6407958163, 2.8722289785, 1.7247552164, 3.1739781178, 3.0562934037, 2.7243821805, 0.44375804851, 0.56125211465, 0.20431179926, 1.0264099545, 0.048984727369, 1.8588622757, 0.96616391181, 3.373647199, 0.15710515996, 3.67446, 0, 1.7015814252, 1.0196048027, 1.9025748714, 3.4822012289, 2.1600270587, 31.1463052771, 4.9174283632, 15.6624225599, 0.59087591029],
