{
  "Z_true": {},
  "V_true": [
    [35, 1587, 1455, 778, 128],
    [68, 476, 4833, 286, 285],
    [827, 501, 433, 20317, 827],
    [32, 105, 548, 343, 768],
    [331, 133, 212, 985, 669]
  ],
  "p_true": [
    [0.0088, 0.3984, 0.3653, 0.1953, 0.0321],
    [0.0114, 0.08, 0.8125, 0.0481, 0.0479],
    [0.0361, 0.0219, 0.0189, 0.887, 0.0361],
    [0.0178, 0.0585, 0.3051, 0.191, 0.4276],
    [0.1421, 0.0571, 0.091, 0.4227, 0.2871]
  ],
  "Z_est": [
    [
      [0.2992, 0, 0.0151, 0.1422, 1.1121, 0.1462, 0, 0, 0, 0.169, 0.0251, 0, 0.008, 0.11, 0.1932, 0.2071, 0.1503, 0.1194, 0.0349, 0, 0.0604, 0.1583, 0.1918, 0, 0.0349, 0.1811, 0.2894, 0.161, 0.0859, 0.1731, 0.0483, 0.1288, 0.0362, 0.1315, 0.2689, 0.0351, 0.0255, 0.4923, 0.0282, 0.0926, 0.4763, 0.4819],
      [143.7497, 53.2531, 2.3943, 50.7443, 35.4121, 76.8046, 171.9119, 134.9666, 129.0604, 86.6334, 3.9873, 0, 3.7196, 52.0777, 69.985, 41.3146, 65.3087, 64.0507, 20.7538, 0.9262, 32.6904, 70.0916, 97.5275, 5.8471, 18.6037, 88.485, 0, 74.8342, 50.505, 77.3094, 21.7853, 64.3073, 18.3361, 65.3697, 32.4814, 4.5171, 13.5541, 214.9922, 14.0839, 48.1015, 239.961, 57.9165],
      [69.4168, 21.442, 0.5507, 32.6902, 29.8497, 29.2178, 74.1842, 74.5587, 59.1383, 37.01, 0.921, 0.3665, 2.1922, 23.9651, 51.1759, 23.3164, 30.6224, 23.303, 4.7727, 0.418, 11.4648, 36.298, 42.8289, 2.0019, 6.9175, 40.753, 2.6131, 36.2482, 12.2979, 49.2856, 11.6094, 28.6002, 8.1594, 28.7234, 19.7933, 1.8948, 5.0943, 104.5714, 6.5291, 19.0698, 97.0562, 26.4046],
      [8.6642, 1.0027, 0.0396, 22.0055, 9.3288, 2.8104, 22.6213, 10.4528, 7.7796, 1.6624, 0.066, 0.0979, 0.0792, 5.5354, 22.0837, 8.7029, 15.4801, 1.1742, 0.343, 0.6478, 0.5937, 10.9836, 1.8867, 0.1163, 0.343, 5.0689, 0.8353, 8.7471, 0.8444, 1.702, 2.4151, 2.5807, 0.3562, 3.3848, 2.2429, 0.5235, 0.2507, 45.5147, 0.2771, 1.4686, 16.1485, 11.1917],
      [0.8702, 0.3022, 0.0003, 0.4178, 0.2973, 0.021, 0.2825, 0.022, 0.0216, 0.5251, 0.0007, 0.5356, 0.001, 0.3118, 0.5622, 0.4591, 0.4386, 0.3526, 0.0956, 0.008, 0.1908, 0.4685, 0.5651, 0.0347, 0.1009, 0.512, 0.2622, 0.0095, 0.2669, 0.53, 0.1419, 0.383, 0.1121, 0.3907, 0.2135, 0.0294, 0.0755, 1.4294, 0.0818, 0.2676, 1.358, 0.0052]
    ],
    [
      [3.8991, 0.4363, 0.1377, 1.7102, 1.7512, 2.0287, 0.4581, 0.4799, 0.4581, 5.4446, 1.6585, 0, 0.5328, 4.876, 3.0187, 1.3047, 2.2762, 8.4799, 0.8726, 0, 1.4736, 2.7528, 3.7265, 0.0436, 3.2248, 0.9029, 0.2824, 1.0136, 3.4915, 5.1471, 1.0911, 2.157, 1.2205, 2.2864, 3.2133, 0.4579, 2.8719, 6.3063, 3.0638, 0.9989, 6.052, 6.3656],
      [4.0512, 2.7081, 1.1843, 1.0257, 0.0072, 1.1605, 4.7352, 3.1638, 1.8802, 4.0798, 0.1587, 0, 0.1715, 1.0515, 0.0143, 0.0082, 0.0133, 1.5816, 2.3611, 0.0199, 1.0719, 0.0143, 4.19, 0.5631, 0.9341, 1.6353, 0, 1.2839, 2.5056, 0.0154, 0.0044, 1.2459, 0.9403, 2.702, 0.0065, 0.0699, 0.348, 0.0432, 0.5991, 2.9638, 13.2941, 0.8096],
      [292.091, 111.7604, 7.8059, 75.457, 90.594, 86.6301, 204.4727, 151.0481, 163.7529, 327.886, 11.3081, 1.7944, 21.4359, 78.5199, 175.8125, 78.0574, 99.8008, 117.2667, 41.0536, 1.4029, 80.5615, 152.108, 215.8852, 42.1252, 26.3102, 144.4606, 7.1, 60.5246, 206.0936, 292.8529, 52.1171, 94.1583, 74.8871, 109.9186, 108.2454, 5.6785, 25.0219, 350.843, 39.6863, 64.8889, 309.3361, 86.4269],
      [10.1334, 4.2954, 0.6527, 1.993, 3.2711, 12.1389, 4.7213, 3.9485, 3.6377, 16.6823, 2.4359, 0.8418, 3.2017, 3.0806, 4.1021, 4.7089, 14.477, 8.3485, 1.4943, 0.0575, 2.0898, 7.2836, 16.8481, 8.4527, 4.403, 3.1733, 0.2314, 1.4125, 9.6163, 34.3376, 5.4247, 2.4187, 5.5539, 11.0414, 9.6567, 0.1354, 2.0096, 12.9643, 7.6885, 14.0515, 24.7519, 3.8875],
      [47.8253, 20.7998, 0.2194, 22.8141, 16.3766, 14.0417, 29.6126, 17.3597, 18.271, 57.9073, 0.4388, 5.3638, 0.6582, 7.4722, 29.0524, 12.9208, 23.4326, 23.3233, 12.2184, 0.5197, 22.8033, 30.8414, 37.3501, 5.8153, 5.1279, 13.8278, 1.3861, 8.7653, 31.293, 52.6469, 6.3626, 25.0201, 12.3981, 29.0516, 12.8781, 0.6582, 4.7486, 70.8432, 3.9624, 13.0968, 53.5659, 3.5104]
    ],
    [
      [19.0297, 8.0977, 1.22, 18.0055, 17.3222, 18.3985, 8.5026, 8.9075, 8.5026, 37.3431, 2.7397, 0, 2.6712, 24.6661, 22.4819, 9.1432, 21.6573, 29.2608, 7.5933, 0, 8.9899, 19.556, 24.6423, 0.8098, 6.6223, 7.288, 2.7557, 6.2773, 30.0828, 33.2208, 11.5097, 26.8755, 6.7113, 19.2671, 17.525, 2.9198, 10.4026, 42.7412, 6.4409, 5.2635, 62.1816, 27.3235],
      [5.4432, 3.0866, 0.3668, 0.0136, 0.0094, 4.5819, 6.0861, 1.9313, 8.4945, 2.7504, 0.6925, 0, 0.001, 1.4534, 0.0185, 0.0106, 0.0173, 5.5451, 3.4418, 0.0002, 2.7195, 0.0185, 5.0751, 0.161, 1.6553, 6.502, 0, 2.0433, 6.3439, 0.02, 0.0057, 4.0645, 0.0641, 2.1726, 0.0084, 0.0915, 0.9732, 0.056, 0.4056, 3.3172, 13.8323, 0.0151],
      [45.0723, 12.7527, 0.6207, 16.9906, 11.9708, 9.3726, 24.369, 25.9967, 30.7204, 35.865, 0.9311, 0.1862, 1.8877, 10.9592, 27.331, 9.7033, 10.2416, 10.8623, 10.0666, 0.1862, 12.0198, 14.8968, 20.1107, 3.4139, 2.5449, 28.3848, 0.7315, 7.6, 18.6608, 32.3517, 5.2759, 30.7869, 8.5166, 10.9244, 18.3832, 1.6632, 2.3587, 43.1455, 3.4759, 6.5174, 30.7247, 15.4764],
      [756.5377, 336.4753, 23.7614, 772.3442, 711.7695, 793.6509, 579.2353, 584.0749, 401.2241, 1006.5398, 23.5744, 9.3713, 38.3466, 434.9545, 718.081, 295.7847, 840.3233, 781.7686, 235.7647, 25.6107, 434.0454, 992.2173, 1186.6214, 66.5951, 151.1071, 408.3594, 10.3556, 349.1749, 458.3848, 920.4243, 441.3043, 728.0671, 236.354, 667.349, 305.5019, 53.1831, 225.7353, 2131.5097, 121.2409, 326.3143, 1418.4672, 348.6861],
      [11.9171, 6.5877, 0.0312, 11.6462, 4.9282, 1.996, 2.8069, 2.0896, 2.0584, 29.5017, 0.0624, 0.4425, 0.0936, 0.9668, 3.0876, 2.3582, 4.7606, 3.5633, 11.1335, 0.2028, 12.2254, 5.3113, 5.5505, 1.0203, 1.0703, 1.4658, 0.1572, 0.9045, 13.5277, 10.9832, 0.9045, 13.2059, 2.354, 8.2868, 1.5815, 0.1423, 0.5302, 7.5475, 0.4366, 3.5876, 10.7942, 0.499]
    ],
    [
      [0.0826, 0.0334, 0.2395, 0.0432, 0.0235, 0.0364, 0, 0.0432, 0.0425, 0.0698, 0.0023, 0, 0.0124, 0.0144, 0.0607, 0.0144, 0.0379, 0.0318, 0.0121, 0, 0.0326, 0.0629, 0.069, 0, 0.0068, 0.0281, 0, 0.0136, 0.0318, 0.0804, 0.0227, 0.0432, 0.0212, 0.044, 0.0129, 0.0008, 0.0083, 0.1516, 0.0068, 0.022, 0.0705, 0.0129],
      [0, 0, 0, 0, 0, 0, 0.0546, 0, 0, 0, 0, 0, 0, 0, 0, 0, 0, 0, 0, 0, 0, 0, 0, 0, 0, 0, 0, 0, 0, 0, 0, 0, 0, 0, 0, 0, 0, 0, 0, 0, 0, 0],
      [38.6566, 15.7326, 0.7655, 16.4726, 11.3176, 17.0337, 27.0095, 21.8968, 24.6163, 27.9423, 1.1483, 0.4904, 2.0476, 7.3633, 26.4949, 6.1423, 15.7978, 14.5524, 2.98, 0.8477, 12.8975, 24.8919, 29.6835, 4.9752, 3.2201, 16.3638, 0, 7.0507, 10.6858, 36.7222, 8.8105, 17.6911, 9.3813, 17.7201, 5.3137, 0.1862, 3.5423, 81.595, 3.6271, 9.5283, 34.5634, 8.8262],
      [11.363, 2.9036, 0.5163, 8.5623, 0.7163, 5.5907, 8.1481, 6.8012, 3.5426, 2.1257, 0.6727, 0.0462, 0.3126, 0.439, 12.7726, 0.439, 4.8525, 0.9704, 0.3697, 0.2322, 3.368, 15.3827, 13.6835, 0.69, 0.2079, 1.5507, 0, 0.4159, 0.9704, 7.6098, 7.5683, 6.1229, 3.4771, 6.633, 0.3928, 0.0231, 1.1676, 17.6931, 0.2079, 3.4623, 2.1488, 0.5433],
      [58.8978, 25.3304, 0.4786, 31.9218, 18.9426, 25.3392, 36.7878, 28.2588, 27.7987, 61.8623, 1.1767, 1.4634, 1.6274, 11.1833, 40.6718, 12.4043, 29.3119, 26.4453, 12.6382, 0.9201, 26.7019, 42.6625, 47.564, 6.3348, 5.5651, 19.0575, 0, 10.5197, 30.3119, 61.5876, 13.5985, 33.1428, 15.1204, 33.6029, 11.2807, 0.7899, 6.2817, 100.5602, 5.1581, 15.9874, 56.2173, 7.6176]
    ],
    [
      [23.6894, 11.4326, 0.3878, 14.0989, 11.7909, 22.3901, 12.0393, 12.5694, 11.9968, 28.9735, 1.5744, 0, 0.7756, 12.3335, 21.2456, 7.3306, 19.8783, 22.108, 6.4871, 0, 10.4435, 20.47, 22.3703, 1.1466, 4.1112, 9.6, 1.6725, 7.5345, 17.308, 31.3787, 9.3282, 15.7955, 7.0108, 16.271, 7.9798, 1.5863, 5.6917, 49.3085, 4.4603, 6.623, 33.2196, 17.816],
      [5.7558, 2.9522, 0.0546, 3.2165, 2.5712, 7.4531, 6.2122, 3.9384, 3.5649, 6.5363, 0.1616, 0, 0.1079, 2.4175, 4.9822, 1.6666, 4.6607, 4.8226, 2.4433, 0.0536, 2.5183, 4.8756, 5.2075, 0.4288, 0.8068, 2.3778, 0, 1.8385, 3.6456, 3.6552, 1.2047, 3.3822, 1.6594, 3.7557, 1.5037, 0.3215, 1.1247, 11.9086, 0.9115, 1.6175, 6.9126, 2.2588],
      [21.7633, 9.3124, 0.2571, 7.3895, 7.268, 8.7457, 15.9645, 13.4997, 19.7721, 21.2968, 0.6915, 0.1624, 0.4366, 6.1926, 14.1857, 5.7807, 8.5374, 9.0157, 3.1271, 0.1452, 6.0565, 11.8053, 15.4916, 2.4838, 2.0073, 11.0378, 0.5554, 5.5765, 12.2619, 20.7876, 4.187, 8.7635, 5.0556, 8.7135, 7.2645, 0.5772, 1.9828, 29.845, 2.6816, 4.9957, 23.3196, 6.866],
      [23.3017, 15.323, 0.03, 17.095, 12.9144, 40.809, 15.2739, 23.7226, 12.816, 26.9898, 0.251, 0.6428, 0.06, 12.9905, 26.9605, 7.3645, 30.8671, 30.7383, 7.0283, 0.4518, 12.9031, 28.1328, 25.9603, 1.1459, 3.9389, 8.8476, 1.5777, 10.2495, 14.184, 37.9262, 17.2876, 15.8106, 8.2588, 20.5917, 3.2057, 2.1348, 6.8368, 69.3182, 4.5856, 7.7033, 27.4836, 10.6914],
      [32.4897, 15.9798, 0.2705, 18.2001, 13.4554, 22.6021, 20.5101, 19.27, 17.8502, 38.2036, 0.3215, 1.1948, 0.6198, 11.0659, 25.626, 8.8576, 23.0564, 23.3154, 8.9142, 0.3494, 15.0787, 25.7163, 27.9703, 2.7949, 4.1358, 12.1369, 1.1945, 8.801, 20.6005, 43.2523, 7.9925, 19.2482, 9.0154, 20.668, 8.0462, 1.3802, 5.364, 61.6197, 4.3611, 9.0606, 37.0646, 4.3677]
    ]
  ],
  "V_est": [
    [6.3131, 2518.354, 1187.3261, 258.053, 12.9537],
    [97.9669, 64.6165, 4687.1804, 291.6551, 806.5811],
    [644.9497, 93.4889, 614.0496, 21350.1912, 202.3206],
    [1.5424, 0.0546, 626.5842, 164.6961, 1003.1228],
    [542.2278, 125.486, 365.8597, 644.4046, 652.0218]
  ],
  "p_est": [
    [0.0016, 0.6323, 0.2981, 0.0648, 0.0033],
    [0.0165, 0.0109, 0.788, 0.049, 0.1356],
    [0.0282, 0.0041, 0.0268, 0.9321, 0.0088],
    [0.0009, 0, 0.3489, 0.0917, 0.5585],
    [0.2327, 0.0539, 0.157, 0.2766, 0.2798]
  ],
  "EI_Z": {},
  "EI_V": 9.1488,
  "MAE_Z": {},
  "MAE_V": 270.5274,
  "MAE_p": 0.057,
  "runtime": 1.1199
}
