{
  "Z_true": {},
  "V_true": [
    [35, 1587, 1455, 778, 128],
    [68, 476, 4833, 286, 285],
    [827, 501, 433, 20317, 827],
    [32, 105, 548, 343, 768],
    [331, 133, 212, 985, 669]
  ],
  "p_true": [
    [0.0088, 0.3984, 0.3653, 0.1953, 0.0321],
    [0.0114, 0.08, 0.8125, 0.0481, 0.0479],
    [0.0361, 0.0219, 0.0189, 0.887, 0.0361],
    [0.0178, 0.0585, 0.3051, 0.191, 0.4276],
    [0.1421, 0.0571, 0.091, 0.4227, 0.2871]
  ],
  "Z_est": [
    [
      [0.2991, 0, 0.0151, 0.1422, 1.112, 0.1462, 0, 0, 0, 0.169, 0.0251, 0, 0.008, 0.11, 0.1932, 0.207, 0.1502, 0.1194, 0.0349, 0, 0.0604, 0.1583, 0.1918, 0, 0.0349, 0.1811, 0.2894, 0.161, 0.0858, 0.173, 0.0483, 0.1288, 0.0362, 0.1315, 0.2689, 0.0351, 0.0255, 0.4923, 0.0282, 0.0926, 0.4762, 0.4819],
      [143.7518, 53.2543, 2.3944, 50.7449, 35.4125, 76.8064, 171.9143, 134.9678, 129.0624, 86.6353, 3.9874, 0, 3.7197, 52.0784, 69.9857, 41.3149, 65.3093, 64.0524, 20.7545, 0.9262, 32.6912, 70.0923, 97.5295, 5.8473, 18.6042, 88.4864, 0, 74.8349, 50.5067, 77.3099, 21.7854, 64.3085, 18.3364, 65.3709, 32.4816, 4.5172, 13.5544, 214.9938, 14.0841, 48.1026, 239.9657, 57.9169],
      [68.825, 21.4409, 0.5506, 32.5014, 29.746, 29.0255, 73.7436, 74.1946, 60.8484, 37.0084, 0.9208, 0.3627, 2.1921, 23.8777, 50.8028, 23.2321, 30.4124, 23.3016, 4.772, 0.4142, 11.464, 35.9938, 42.8273, 2.0018, 6.9171, 40.5739, 2.6055, 36.1673, 12.2963, 49.2854, 11.5056, 28.3718, 8.1591, 28.5, 19.5924, 1.8998, 5.094, 103.7965, 6.5288, 18.9362, 96.4317, 26.2214],
      [9.254, 1.0026, 0.0396, 22.1938, 9.4323, 3.0009, 23.0597, 10.8156, 6.0676, 1.6622, 0.066, 0.1025, 0.0792, 5.6221, 22.4563, 8.787, 15.6895, 1.1741, 0.343, 0.6516, 0.5936, 11.2872, 1.8864, 0.1163, 0.343, 5.2466, 0.4789, 8.8273, 0.8443, 1.7018, 2.5188, 2.8079, 0.3562, 3.6071, 2.4437, 0.5469, 0.2506, 46.2883, 0.277, 1.6011, 16.7685, 11.3745],
      [0.87, 0.3022, 0.0003, 0.4177, 0.2972, 0.021, 0.2825, 0.022, 0.0216, 0.5251, 0.0007, 0.5348, 0.001, 0.3118, 0.5621, 0.459, 0.4385, 0.3526, 0.0956, 0.008, 0.1908, 0.4684, 0.565, 0.0347, 0.1009, 0.5119, 0.6263, 0.0095, 0.2669, 0.5299, 0.1419, 0.3829, 0.1121, 0.3906, 0.2134, 0.001, 0.0755, 1.4292, 0.0818, 0.2676, 1.3578, 0.0052]
    ],
    [
      [3.8988, 0.4363, 0.1376, 1.7101, 1.7511, 2.0287, 0.4582, 0.48, 0.4582, 5.4443, 1.6583, 0, 0.5328, 4.8755, 3.0185, 1.3047, 2.2762, 8.4791, 0.8725, 0, 1.4735, 2.7526, 3.7263, 0.0436, 3.2244, 0.9029, 0.2824, 1.0136, 3.4913, 5.1468, 1.0911, 2.157, 1.2204, 2.2863, 3.2131, 0.4579, 2.8716, 6.306, 3.0634, 0.9989, 6.0518, 6.365],
      [4.0507, 2.7077, 1.1842, 1.0255, 0.0072, 1.1603, 4.7346, 3.1633, 1.8799, 4.0793, 0.1586, 0, 0.1714, 1.0513, 0.0143, 0.0082, 0.0133, 1.5814, 2.3608, 0.0199, 1.0718, 0.0143, 4.1894, 0.5631, 0.934, 1.635, 0, 1.2838, 2.5053, 0.0154, 0.0044, 1.2458, 0.9402, 2.7016, 0.0065, 0.0699, 0.348, 0.0432, 0.599, 2.9634, 13.2922, 0.8095],
      [292.0903, 111.7599, 7.8001, 75.4558, 90.5937, 86.6303, 204.473, 151.0476, 163.7524, 327.5783, 11.2892, 1.7944, 21.4275, 78.5198, 175.8116, 78.057, 99.8011, 117.1474, 41.0532, 1.4029, 80.5607, 152.1074, 215.4747, 42.0724, 26.2823, 144.4605, 7.1, 60.5246, 205.9164, 292.304, 52.1169, 94.1571, 73.8547, 109.9184, 108.3376, 5.6784, 24.7009, 350.8411, 38.9648, 64.8889, 309.6183, 86.4272],
      [10.1328, 4.2952, 0.6586, 1.9927, 3.2706, 12.1373, 4.7207, 3.9479, 3.6372, 16.9881, 2.455, 0.8393, 3.21, 3.0805, 4.1016, 4.709, 14.4754, 8.4676, 1.4942, 0.0575, 2.0895, 7.2826, 17.2578, 8.5054, 4.4312, 3.1729, 0.5954, 1.4123, 9.7929, 34.8846, 5.4242, 2.4184, 6.586, 11.0409, 9.5645, 0.1354, 2.3306, 12.9625, 8.4102, 14.0515, 24.4701, 3.8875],
      [47.8274, 20.8009, 0.2194, 22.8158, 16.3774, 14.0434, 29.6137, 17.3611, 18.2723, 57.91, 0.4389, 5.3663, 0.6583, 7.4729, 29.0541, 12.9211, 23.434, 23.3245, 12.2193, 0.5197, 22.8045, 30.8431, 37.3518, 5.8154, 5.1281, 13.8286, 1.0222, 8.7657, 31.2941, 52.6493, 6.3634, 25.0218, 12.3986, 29.0529, 12.8783, 0.6583, 4.7489, 70.8472, 3.9626, 13.0974, 53.5676, 3.5109]
    ],
    [
      [19.032, 8.0987, 1.22, 18.0066, 17.3232, 18.4005, 8.5037, 8.9086, 8.5037, 37.3455, 2.7399, 0, 2.6712, 24.6671, 22.4837, 9.1438, 21.6589, 29.2631, 7.5938, 0, 8.9909, 19.5579, 24.6443, 0.8099, 6.6229, 7.2889, 2.7559, 6.278, 30.084, 33.2236, 11.5104, 26.8765, 6.7119, 19.2685, 17.5257, 2.9199, 10.4032, 42.7458, 6.4415, 5.2642, 62.1838, 27.3252],
      [5.4425, 3.0862, 0.3667, 0.0136, 0.0094, 4.5813, 6.0853, 1.931, 8.4933, 2.75, 0.6924, 0, 0.001, 1.4532, 0.0185, 0.0106, 0.0173, 5.5443, 3.4287, 0.0002, 2.7191, 0.0185, 5.0744, 0.161, 1.6551, 6.5011, 0, 2.0431, 6.343, 0.02, 0.0057, 4.064, 0.0641, 2.1723, 0.0084, 0.0915, 0.9731, 0.056, 0.4056, 3.3167, 13.8304, 0.0151],
      [45.0736, 12.7537, 0.6208, 16.9927, 11.9715, 9.3737, 24.3712, 25.9977, 30.7212, 35.8673, 0.9312, 0.1862, 1.8879, 10.9597, 27.332, 9.7039, 10.2428, 10.8636, 10.0257, 0.1862, 11.8507, 14.8987, 20.1132, 3.4143, 2.5452, 28.2584, 0.7316, 7.6008, 18.6624, 32.3542, 5.2765, 30.7891, 8.5172, 10.9257, 18.3832, 1.6349, 2.359, 43.1494, 3.4764, 6.5182, 30.7285, 15.4765],
      [756.5353, 336.4741, 23.7613, 772.3419, 711.7679, 793.6482, 579.2326, 584.0728, 401.2232, 1006.5381, 23.5741, 9.3713, 38.3463, 434.9531, 718.0778, 295.7835, 840.3204, 781.7656, 235.8192, 25.6107, 434.215, 992.2135, 1186.6175, 66.5946, 151.1065, 408.4857, 10.3554, 349.1735, 458.384, 920.4192, 441.3029, 728.0656, 236.3528, 667.3471, 305.5012, 53.1829, 225.7345, 2131.5004, 121.2399, 326.3135, 1418.4634, 348.6841],
      [11.9167, 6.5873, 0.0312, 11.6453, 4.9279, 1.9963, 2.8073, 2.0899, 2.0587, 29.4991, 0.0624, 0.4425, 0.0936, 0.9669, 3.088, 2.3582, 4.7606, 3.5634, 11.1325, 0.2028, 12.2243, 5.3114, 5.5507, 1.0203, 1.0703, 1.466, 0.1572, 0.9046, 13.5266, 10.983, 0.9046, 13.2048, 2.354, 8.2864, 1.5815, 0.1708, 0.5303, 7.5484, 0.4367, 3.5875, 10.7939, 0.4991]
    ],
    [
      [0.0826, 0.0334, 0.2395, 0.0432, 0.0235, 0.0364, 0, 0.0432, 0.0425, 0.0697, 0.0023, 0, 0.0124, 0.0144, 0.0606, 0.0144, 0.0379, 0.0318, 0.0121, 0, 0.0326, 0.0629, 0.069, 0, 0.0068, 0.028, 0, 0.0136, 0.0318, 0.0804, 0.0227, 0.0432, 0.0212, 0.044, 0.0129, 0.0008, 0.0083, 0.1516, 0.0068, 0.022, 0.0705, 0.0129],
      [0, 0, 0, 0, 0, 0, 0.0546, 0, 0, 0, 0, 0, 0, 0, 0, 0, 0, 0, 0, 0, 0, 0, 0, 0, 0, 0, 0, 0, 0, 0, 0, 0, 0, 0, 0, 0, 0, 0, 0, 0, 0, 0],
      [38.9282, 15.8014, 0.7714, 16.5587, 11.3175, 17.1976, 27.2109, 22.0639, 24.6989, 27.9412, 1.1571, 0.4921, 2.0558, 7.3633, 26.6662, 6.1421, 15.8934, 14.5521, 2.9795, 0.8494, 12.9839, 25.0307, 29.8715, 4.99, 3.2201, 16.5044, 0, 7.0507, 10.6851, 36.9732, 8.8579, 17.7954, 9.4429, 17.822, 5.3135, 0.1862, 3.5644, 81.9507, 3.6271, 9.5892, 34.5631, 8.9104],
      [11.0916, 2.8346, 0.5105, 8.4762, 0.7162, 5.4269, 7.9471, 6.6345, 3.4603, 2.1254, 0.664, 0.0462, 0.3045, 0.4389, 12.6018, 0.4389, 4.7566, 0.9703, 0.3696, 0.2305, 3.2812, 15.2442, 13.4958, 0.6752, 0.2079, 1.4103, 0, 0.4158, 0.9703, 7.3584, 7.5213, 6.0184, 3.4156, 6.5309, 0.3927, 0.0231, 1.1455, 17.3386, 0.2079, 3.4014, 2.1485, 0.4594],
      [58.8976, 25.3306, 0.4786, 31.9219, 18.9428, 25.3391, 36.7874, 28.2584, 27.7983, 61.8637, 1.1766, 1.4617, 1.6274, 11.1834, 40.6714, 12.4045, 29.3121, 26.4458, 12.6387, 0.9201, 26.7023, 42.6621, 47.5637, 6.3348, 5.5652, 19.0573, 0, 10.5198, 30.3128, 61.588, 13.5981, 33.143, 15.1203, 33.6031, 11.2809, 0.7899, 6.2818, 100.5591, 5.1581, 15.9874, 56.2179, 7.6174]
    ],
    [
      [23.6874, 11.4316, 0.3878, 14.0979, 11.7902, 22.3882, 12.0382, 12.5682, 11.9957, 28.9714, 1.5744, 0, 0.7756, 12.3329, 21.2439, 7.3301, 19.8768, 22.1066, 6.4866, 0, 10.4426, 20.4683, 22.3686, 1.1465, 4.111, 9.5991, 1.6724, 7.5338, 17.307, 31.3762, 9.3275, 15.7945, 7.0102, 16.2698, 7.9795, 1.5863, 5.6914, 49.3044, 4.4601, 6.6224, 33.2178, 17.815],
      [5.755, 2.9518, 0.0546, 3.216, 2.5709, 7.452, 6.2113, 3.9378, 3.5644, 6.5354, 0.1615, 0, 0.1079, 2.4171, 4.9815, 1.6663, 4.6601, 4.8219, 2.4559, 0.0536, 2.5179, 4.8749, 5.2067, 0.4287, 0.8067, 2.3774, 0, 1.8383, 3.6451, 3.6547, 1.2045, 3.3818, 1.6592, 3.7552, 1.5035, 0.3214, 1.1246, 11.907, 0.9113, 1.6173, 6.9117, 2.2585],
      [22.0829, 9.2441, 0.2571, 7.4915, 7.3713, 8.7728, 16.2013, 13.6961, 17.9791, 21.6047, 0.7018, 0.1645, 0.4367, 6.2795, 14.3875, 5.8648, 8.6502, 9.1353, 3.1695, 0.1472, 6.1406, 11.9695, 15.7133, 2.5215, 2.0354, 11.2028, 0.5629, 5.6565, 12.4398, 21.0832, 4.2431, 8.8866, 6.0262, 8.8339, 7.3733, 0.6006, 2.2818, 30.2623, 3.4029, 5.0675, 23.6583, 6.9645],
      [22.9863, 15.3935, 0.03, 16.9953, 12.813, 40.7867, 15.04, 23.5292, 14.6117, 26.6863, 0.2409, 0.6407, 0.06, 12.9054, 26.7626, 7.2815, 30.7581, 30.6224, 6.9741, 0.4498, 12.8207, 27.9724, 25.7425, 1.1085, 3.9114, 8.6846, 1.5703, 10.171, 14.0085, 37.6361, 17.2329, 15.6897, 7.2894, 20.474, 3.0978, 2.1117, 6.5387, 68.9103, 3.865, 7.6326, 27.1495, 10.5945],
      [32.4883, 15.979, 0.2704, 18.1993, 13.4546, 22.6002, 20.5091, 19.2687, 17.8491, 38.2021, 0.3215, 1.1948, 0.6198, 11.065, 25.6245, 8.8571, 23.0548, 23.3137, 8.9139, 0.3494, 15.0782, 25.7149, 27.9689, 2.7948, 4.1355, 12.1361, 1.1944, 8.8004, 20.5996, 43.2498, 7.992, 19.2474, 9.015, 20.667, 8.0458, 1.38, 5.3636, 61.6161, 4.3607, 9.0602, 37.0628, 4.3674]
    ]
  ],
  "V_est": [
    [6.3123, 2518.3926, 1183.3426, 261.6655, 13.2871],
    [97.9606, 64.6077, 4683.793, 295.3776, 806.261],
    [644.9968, 93.4634, 613.7267, 21350.4703, 202.3428],
    [1.5421, 0.0546, 629.5731, 161.7072, 1003.123],
    [542.1881, 125.4817, 370.5646, 639.7795, 651.986]
  ],
  "p_est": [
    [0.0016, 0.6323, 0.2971, 0.0657, 0.0033],
    [0.0165, 0.0109, 0.7875, 0.0497, 0.1356],
    [0.0282, 0.0041, 0.0268, 0.9321, 0.0088],
    [0.0009, 0, 0.3505, 0.09, 0.5585],
    [0.2327, 0.0539, 0.159, 0.2746, 0.2798]
  ],
  "EI_Z": {},
  "EI_V": 9.1787,
  "MAE_Z": {},
  "MAE_V": 271.411,
  "MAE_p": 0.0573,
  "runtime": 0.6993
}
