{
  "Z_true": {},
  "V_true": [
    [38, 1292, 173, 3509, 110],
    [1101, 32, 1497, 163, 72],
    [1445, 568, 13543, 1768, 927],
    [72, 846, 129, 13983, 428],
    [248, 251, 625, 979, 1753]
  ],
  "p_true": [
    [0.0074, 0.2522, 0.0338, 0.6851, 0.0215],
    [0.3843, 0.0112, 0.5225, 0.0569, 0.0251],
    [0.0792, 0.0311, 0.742, 0.0969, 0.0508],
    [0.0047, 0.0547, 0.0083, 0.9046, 0.0277],
    [0.0643, 0.0651, 0.1621, 0.2539, 0.4546]
  ],
  "Z_est": {},
  "V_est": [
    [0, 465.7966, 0, 4656.2034, 0],
    [2776.0147, 0, 88.9853, 0, 0],
    [0, 1674.2952, 15878.0147, 287.7966, 410.8935],
    [0, 0, 0, 15458, 0],
    [127.9853, 848.9082, 0, 0, 2879.1065]
  ],
  "p_est": [
    [0, 0.0909, 0, 0.9091, 0],
    [0.9689, 0, 0.0311, 0, 0],
    [0, 0.0917, 0.87, 0.0158, 0.0225],
    [0, 0, 0, 1, 0],
    [0.0332, 0.2202, 0, 0, 0.7467]
  ],
  "EI_Z": {},
  "EI_V": 20.7731,
  "MAE_Z": {},
  "MAE_V": 757.0034,
  "MAE_p": 0.1232,
  "runtime": 0.0334
}
