{
  "Z_true": {},
  "V_true": [
    [106, 77, 22, 199, 269, 265, 2],
    [69, 267, 53, 224, 266, 225, 2],
    [48, 948, 71, 362, 97, 194, 1],
    [85, 27, 1621, 390, 51, 81, 5],
    [265, 93, 87, 441, 4970, 189, 4],
    [645, 79, 71, 440, 108, 6602, 6],
    [439, 168, 399, 855, 526, 920, 40]
  ],
  "p_true": [
    [0.1128, 0.0819, 0.0234, 0.2117, 0.2862, 0.2819, 0.0021],
    [0.0624, 0.2414, 0.0479, 0.2025, 0.2405, 0.2034, 0.0018],
    [0.0279, 0.5508, 0.0413, 0.2103, 0.0564, 0.1127, 0.0006],
    [0.0376, 0.0119, 0.7173, 0.1726, 0.0226, 0.0358, 0.0022],
    [0.0438, 0.0154, 0.0144, 0.0729, 0.8216, 0.0312, 0.0007],
    [0.0811, 0.0099, 0.0089, 0.0553, 0.0136, 0.8303, 0.0008],
    [0.1312, 0.0502, 0.1192, 0.2555, 0.1572, 0.2749, 0.012]
  ],
  "Z_est": {},
  "V_est": [
    [326.1665, 35.8117, 0, 0, 362.7223, 182.0564, 33.243],
    [0, 737.9075, 0, 0, 154.48, 213.1708, 0.4417],
    [0, 789.8313, 0, 931.1687, 0, 0, 0],
    [0, 0, 1774.5746, 485.4254, 0, 0, 0],
    [0, 0, 288.1405, 162.4126, 5598.447, 0, 0],
    [454.2133, 95.4494, 0, 0, 171.3507, 7217.0443, 12.9423],
    [876.6202, 0, 261.2849, 1331.9934, 0, 863.7286, 13.373]
  ],
  "p_est": [
    [0.347, 0.0381, 0, 0, 0.3859, 0.1937, 0.0354],
    [0, 0.6672, 0, 0, 0.1397, 0.1927, 0.0004],
    [0, 0.4589, 0, 0.5411, 0, 0, 0],
    [0, 0, 0.7852, 0.2148, 0, 0, 0],
    [0, 0, 0.0476, 0.0268, 0.9255, 0, 0],
    [0.0571, 0.012, 0, 0, 0.0216, 0.9077, 0.0016],
    [0.2619, 0, 0.0781, 0.398, 0, 0.2581, 0.004]
  ],
  "EI_Z": {},
  "EI_V": 17.4561,
  "MAE_Z": {},
  "MAE_V": 166.5386,
  "MAE_p": 0.0707,
  "runtime": 0.0529
}
