{
  "Z_true": {},
  "V_true": [
    [215, 748, 143],
    [1785, 210, 219],
    [10287, 248, 281],
    [2319, 14581, 559],
    [950, 273, 170],
    [878, 479, 329]
  ],
  "p_true": [
    [0.1944, 0.6763, 0.1293],
    [0.8062, 0.0949, 0.0989],
    [0.9511, 0.0229, 0.026],
    [0.1328, 0.8352, 0.032],
    [0.682, 0.196, 0.122],
    [0.5208, 0.2841, 0.1951]
  ],
  "Z_est": [
    [
      [0.6246, 0.5961, 0.4868, 0.2602, 0.2326, 0.3384, 0.2141, 0.0939, 0.3233, 0.805, 0.1408, 0.3354, 0.4441, 0.4618, 0.7568, 0.9276, 0.5792, 0.5986, 0.2778, 0.2857, 0.1221, 0.8631, 0.33, 0.2617, 0.4076, 0.5434, 0.7966, 0.2077, 0.8198, 0.5101, 0.5022, 0.1137, 0.1218, 0.8119, 0.5512, 0.3527, 1.0279, 0.6076, 0.7899, 0.2073, 0.4708, 0.0234, 0.0349, 0.5724, 0.2729, 0.1531, 0.0752, 1.3985, 0.1655, 1.18, 0.3086],
      [35.1234, 28.358, 23.8389, 22.1545, 12.5045, 23.1639, 9.4915, 5.6805, 24.7429, 38.7556, 2.7754, 12.1952, 16.7269, 20.721, 34.6819, 40.5332, 27.7871, 20.4951, 15.3694, 18.1994, 2.7481, 40.0352, 11.153, 8.3656, 15.1125, 25.5864, 27.1799, 9.4098, 23.3304, 19.5802, 23.7928, 6.7578, 6.5866, 34.9356, 19.5771, 18.9758, 37.6945, 20.4507, 35.0111, 13.4389, 21.2152, 1.9056, 0.9337, 28.2414, 12.3614, 6.5904, 4.6649, 76.3669, 5.5466, 41.7236, 12.3341],
      [1.252, 1.0458, 0.6744, 0.5852, 0.2629, 0.4977, 0.2944, 0.2256, 0.9338, 1.4394, 0.0838, 0.4694, 0.829, 0.8172, 1.5613, 1.5391, 0.6337, 0.9063, 0.3528, 0.5148, 0.1297, 1.1016, 0.517, 0.3726, 0.4799, 0.8702, 1.0235, 0.3825, 0.8498, 0.9096, 0.705, 0.1285, 0.2916, 1.2525, 0.8717, 0.6714, 1.2776, 0.9417, 1.199, 0.3538, 1.314, 0.071, 0.0313, 1.1862, 0.3657, 0.2565, 0.2599, 2.2347, 0.2879, 2.0964, 0.3572]
    ],
    [
      [26.0864, 14.4064, 10.8714, 17.3056, 13.0819, 11.5202, 9.716, 3.6041, 8.2382, 28.6477, 0.859, 34.0005, 23.3874, 23.7472, 45.1066, 66.3013, 32.3533, 27.4646, 25.6076, 18.0436, 11.6632, 31.8784, 21.0527, 14.3468, 35.5396, 32.0226, 34.7201, 21.5592, 44.2229, 21.5354, 34.7732, 14.2119, 8.4128, 57.1494, 50.0255, 23.4276, 61.9116, 45.6567, 85.5946, 46.9685, 22.0767, 1.6481, 3.1632, 24.4966, 17.9729, 7.3818, 5.808, 107.4388, 19.9329, 109.3335, 35.3046],
      [7.1299, 3.3364, 2.5896, 6.6271, 3.4005, 3.7019, 2.0428, 0.9624, 2.9127, 6.7237, 0.0658, 5.9904, 4.2441, 5.1682, 10.1191, 14.1614, 7.6099, 4.5549, 6.8977, 5.5341, 1.2528, 7.2455, 3.4068, 2.2152, 6.4018, 7.3422, 5.7733, 4.7394, 6.0997, 3.9942, 8.0017, 4.0618, 2.1502, 12.0007, 8.6553, 6.0774, 11.1151, 7.4551, 18.5117, 14.6417, 4.9874, 0.5141, 0.3644, 5.9087, 3.9645, 1.5322, 1.7589, 28.708, 3.213, 18.9299, 6.8006],
      [8.7836, 4.2572, 2.5391, 6.0673, 2.5176, 2.7778, 2.2413, 1.4335, 3.8491, 8.6286, 0.0752, 8.0091, 7.3686, 7.0846, 15.7743, 18.5373, 6.0368, 6.9805, 5.4947, 5.4223, 2.084, 6.8762, 5.5405, 3.438, 7.0586, 8.6353, 7.5065, 6.7014, 7.6774, 6.4704, 8.2251, 2.7264, 3.437, 14.8499, 13.3192, 7.4949, 12.9733, 11.8882, 21.8937, 13.3898, 10.9359, 0.8378, 0.4724, 8.5947, 4.0626, 2.0861, 3.4331, 28.8532, 5.8542, 32.7366, 6.8947]
    ],
    [
      [236.7126, 262.5908, 227.3778, 59.9173, 83.0876, 36.2787, 45.2717, 12.8367, 53.7624, 176.7296, 12.5957, 132.2806, 113.8833, 140.7801, 270.0485, 425.4793, 180.9574, 172.5188, 185.0558, 130.064, 166.5804, 434.9198, 129.0059, 233.5287, 239.5407, 260.874, 397.3819, 271.6341, 163.607, 140.2449, 187.0439, 108.359, 68.6237, 343.4143, 300.9357, 165.5527, 581.4931, 205.345, 212.0716, 80.438, 63.4603, 12.6058, 32.7536, 343.3785, 296.8924, 222.5399, 173.3509, 639.6939, 149.0773, 460.5192, 84.5485],
      [7.1898, 6.5728, 5.89, 2.6275, 2.3835, 1.2978, 0.9899, 0.3426, 2.1644, 4.5119, 0.1984, 2.5517, 2.2267, 3.2875, 6.6459, 9.8689, 4.7231, 3.2121, 5.5601, 4.4803, 2.4896, 10.8675, 2.262, 4.0375, 4.7765, 6.4688, 7.4758, 6.421, 2.8464, 2.8069, 4.6589, 3.4562, 1.8754, 7.8116, 5.7882, 4.666, 11.7064, 3.7756, 4.9838, 2.7796, 1.6284, 0.3678, 0.3763, 9.1249, 7.1115, 4.8982, 6.327, 19.0322, 2.6523, 8.9694, 1.7626],
      [13.0976, 12.8364, 8.7322, 3.4552, 2.5289, 1.4235, 1.7383, 0.8208, 4.0733, 8.7585, 0.2058, 5.1677, 5.8901, 6.9324, 15.3056, 19.6518, 5.3195, 7.2691, 6.3841, 6.4557, 4.9299, 15.2127, 5.7321, 9.4338, 7.6829, 11.6572, 14.1423, 13.9449, 4.5466, 6.9482, 7.2972, 3.1848, 4.5008, 14.7741, 13.2761, 8.7813, 19.8005, 8.8794, 8.9446, 3.7824, 4.9112, 1.0264, 0.8701, 19.4966, 10.9961, 10.5618, 15.3221, 28.274, 7.2704, 22.5114, 2.6889]
    ],
    [
      [61.4495, 60.4203, 50.3779, 17.8471, 22.7859, 23.5197, 18.5613, 5.2408, 24.1857, 74.8791, 7.6405, 53.9792, 31.3608, 46.4464, 68.5395, 103.4071, 61.0233, 66.088, 44.7516, 38.3673, 29.4344, 117.9537, 29.2251, 42.3698, 50.8631, 63.0189, 85.5821, 41.5216, 54.7631, 41.5732, 43.1908, 15.6455, 9.9051, 83.6969, 81.6512, 28.909, 137.858, 64.0446, 84.5508, 25.9736, 29.7595, 2.098, 6.1699, 57.0593, 54.1873, 28.9069, 31.7364, 175.7553, 32.8462, 126.4146, 32.265],
      [437.3023, 361.7713, 310.2816, 197.0504, 153.2418, 205.3432, 102.8325, 39.2966, 239.4935, 453.7455, 18.8367, 247.8701, 148.3039, 261.8739, 394.2465, 568.9037, 366.128, 286.5247, 311.5666, 313.9239, 83.722, 687.1464, 124.4061, 170.9923, 236.9254, 373.5935, 368.4915, 236.4982, 197.3841, 200.5893, 257.2517, 116.058, 66.9927, 453.4122, 366.4438, 195.9358, 637.1241, 272.7063, 471.6004, 215.6319, 167.6037, 22.0075, 20.2827, 353.6593, 308.3147, 156.5652, 239.4289, 1215.7663, 138.8512, 563.7058, 161.4371],
      [11.2481, 9.8084, 6.3404, 4.1025, 1.9724, 3.1371, 2.6062, 1.4626, 6.3208, 12.3754, 0.5228, 7.1508, 5.3353, 7.6797, 12.214, 15.6891, 4.8487, 9.3873, 4.6818, 6.7088, 2.8436, 12.8999, 4.3688, 5.6379, 5.2115, 9.3876, 9.9264, 6.9802, 4.8528, 6.8375, 5.5575, 1.2965, 2.1022, 11.8909, 11.905, 5.1552, 15.0179, 9.2491, 11.8488, 4.3945, 5.6368, 0.8945, 0.5473, 10.2814, 6.4981, 4.5279, 6.8346, 25.4784, 5.3026, 19.8797, 3.2979]
    ],
    [
      [30.3956, 29.0176, 20.2207, 9.3624, 14.4498, 10.1598, 8.1299, 0.6654, 6.1057, 17.6129, 0.8851, 17.423, 16.7799, 10.0026, 22.9783, 46.2091, 22.8802, 12.1251, 12.0835, 18.0592, 11.5232, 30.0777, 18.1749, 31.5461, 16.1111, 20.0593, 58.51, 22.7088, 11.2567, 13.1706, 19.5947, 12.0464, 5.9958, 32.8481, 30.7279, 10.3025, 52.7074, 13.6331, 13.8253, 9.3948, 10.5265, 0.6248, 4.9745, 52.2534, 41.8552, 25.3601, 10.8789, 62.0042, 13.4632, 23.6459, 1.521],
      [8.7902, 7.11, 5.0964, 3.7808, 3.9746, 3.4524, 1.8093, 0.1885, 2.2811, 4.3743, 0.0714, 3.2475, 3.2226, 2.3044, 5.4549, 10.445, 5.694, 2.1261, 3.4431, 5.8596, 1.3087, 7.2335, 3.1118, 5.1557, 3.0703, 4.8673, 10.2972, 5.2827, 1.6324, 2.585, 4.7724, 3.6436, 1.6222, 7.3001, 5.6234, 2.8282, 10.0113, 2.3523, 3.1659, 3.0896, 2.5123, 0.205, 0.6056, 13.3367, 9.7682, 5.5684, 3.4868, 17.5242, 2.2955, 4.3269, 0.3103],
      [5.8143, 4.8723, 2.6829, 1.8568, 1.5756, 1.3878, 1.0607, 0.1462, 1.6132, 3.0128, 0.0436, 2.3295, 2.9975, 1.693, 4.5668, 7.3459, 2.4258, 1.7488, 1.4735, 3.0812, 1.1681, 3.6887, 2.7134, 4.2982, 1.8185, 3.0734, 7.1928, 4.0085, 1.1109, 2.2444, 2.6329, 1.31, 1.3819, 4.8518, 4.6487, 1.8693, 6.2813, 2.0146, 2.0088, 1.5156, 2.9611, 0.1702, 0.4198, 10.4099, 5.3766, 4.0716, 3.6343, 9.4716, 2.2412, 4.0272, 0.1686]
    ],
    [
      [25.7314, 26.9687, 28.6654, 9.3074, 12.3623, 8.1832, 5.1069, 2.5591, 12.3847, 21.3258, 0.8789, 22.9813, 16.1446, 21.5619, 33.5702, 36.6755, 22.2067, 16.2049, 34.2238, 25.1802, 17.6766, 42.3072, 13.2115, 26.9469, 26.5379, 34.4818, 37.0093, 21.3685, 25.3304, 16.9659, 30.8951, 13.6235, 8.9408, 40.0794, 29.1085, 17.4554, 67.0021, 25.7131, 22.1678, 10.0178, 11.7061, 0, 4.9038, 41.2398, 37.8193, 17.6582, 14.1506, 60.7093, 11.5149, 76.9067, 9.0522],
      [5.4642, 4.8515, 5.3035, 2.7598, 2.4951, 2.0407, 0.834, 0.5294, 3.4054, 3.8889, 0.0522, 3.1452, 2.2758, 3.6451, 5.8517, 6.0877, 4.0579, 2.0871, 7.1632, 6.0026, 1.4788, 7.4719, 1.6603, 3.2336, 3.7135, 6.1418, 4.7823, 3.6489, 2.7071, 2.4443, 5.5226, 3.0227, 1.7728, 6.5398, 3.9122, 3.5168, 9.3486, 3.2599, 3.7271, 2.4183, 2.0529, 0, 0.4372, 7.7289, 6.4798, 2.8457, 3.3335, 12.6025, 1.4413, 10.3445, 1.3552],
      [7.8044, 7.1798, 6.0311, 2.9328, 2.1426, 1.7761, 1.0591, 0.9115, 5.2099, 5.7853, 0.0689, 4.8736, 4.5796, 5.793, 10.578, 9.2368, 3.7354, 3.708, 6.613, 6.8172, 2.8447, 8.2209, 3.1282, 5.8194, 4.7485, 8.3764, 7.2084, 5.9826, 3.9625, 4.5898, 6.5823, 2.3538, 3.2864, 9.3808, 6.9793, 5.0278, 12.6493, 6.0269, 5.105, 2.5639, 5.241, 0, 0.659, 13.0313, 7.7008, 4.4961, 7.516, 14.6882, 3.0437, 20.7488, 1.5926]
    ]
  ],
  "V_est": [
    [23.3866, 1044.9045, 37.7089],
    [1491.5789, 321.5957, 400.8254],
    [10127.6435, 240.9292, 447.4273],
    [2589.7998, 14499.0648, 370.1355],
    [1006.868, 231.6198, 154.5122],
    [1194.7232, 200.886, 290.3907]
  ],
  "p_est": [
    [0.0211, 0.9448, 0.0341],
    [0.6737, 0.1453, 0.181],
    [0.9364, 0.0223, 0.0414],
    [0.1483, 0.8305, 0.0212],
    [0.7228, 0.1663, 0.1109],
    [0.7086, 0.1191, 0.1722]
  ],
  "EI_Z": {},
  "EI_V": 4.0409,
  "MAE_Z": {},
  "MAE_V": 155.6827,
  "MAE_p": 0.0734,
  "runtime": 0.055
}
