{
  "X": [
    [1, 3, 2, 8, 10, 48, 0],
    [0, 3, 6, 4, 26, 56, 1],
    [0, 2, 6, 6, 31, 34, 3],
    [1, 0, 3, 1, 1, 9, 0],
    [3, 6, 7, 13, 17, 83, 10],
    [4, 5, 21, 8, 12, 96, 3],
    [1, 2, 3, 1, 21, 59, 0],
    [0, 1, 6, 3, 2, 27, 1],
    [3, 3, 31, 7, 6, 110, 3],
    [2, 7, 13, 11, 18, 141, 3],
    [0, 0, 1, 3, 0, 7, 0],
    [2, 0, 4, 4, 2, 9, 0],
    [0, 0, 0, 2, 3, 8, 0],
    [0, 0, 0, 0, 1, 5, 0],
    [7, 2, 6, 6, 9, 34, 4],
    [3, 1, 4, 7, 4, 48, 4],
    [1, 6, 8, 8, 10, 62, 8],
    [0, 1, 5, 3, 13, 45, 1],
    [0, 0, 0, 3, 3, 4, 1],
    [0, 0, 2, 1, 1, 2, 0],
    [3, 4, 3, 0, 3, 30, 4],
    [0, 2, 5, 1, 1, 8, 1],
    [6, 4, 6, 8, 9, 45, 7],
    [7, 5, 20, 18, 29, 178, 8],
    [3, 11, 8, 10, 107, 110, 8],
    [2, 1, 0, 2, 2, 5, 0],
    [6, 4, 5, 8, 17, 71, 4],
    [2, 2, 9, 5, 5, 56, 1],
    [3, 3, 15, 5, 16, 87, 2],
    [1, 1, 4, 3, 5, 19, 1],
    [1, 0, 0, 3, 0, 13, 0],
    [0, 2, 4, 1, 3, 36, 2],
    [1, 3, 1, 3, 5, 29, 4],
    [1, 3, 5, 2, 9, 57, 1],
    [0, 0, 2, 0, 0, 6, 0],
    [0, 0, 1, 0, 0, 10, 0],
    [2, 0, 2, 2, 2, 4, 1],
    [2, 0, 4, 0, 8, 58, 2],
    [2, 1, 4, 1, 6, 42, 2],
    [0, 0, 1, 0, 1, 4, 1],
    [1, 3, 0, 8, 14, 46, 0],
    [1, 1, 0, 1, 2, 18, 2],
    [1, 3, 2, 1, 3, 7, 1],
    [0, 2, 7, 4, 4, 18, 1],
    [0, 0, 1, 3, 5, 13, 1],
    [1, 2, 0, 4, 6, 23, 2],
    [1, 6, 2, 5, 7, 40, 3],
    [7, 11, 11, 10, 30, 137, 10],
    [6, 10, 9, 19, 33, 159, 17],
    [0, 1, 3, 1, 5, 31, 1],
    [0, 9, 1, 9, 45, 70, 4],
    [1, 5, 9, 9, 41, 73, 1],
    [1, 20, 5, 1, 28, 40, 1],
    [2, 3, 4, 6, 40, 97, 9],
    [2, 1, 2, 1, 8, 27, 3],
    [3, 2, 2, 10, 44, 56, 4],
    [0, 1, 1, 1, 1, 21, 0],
    [2, 7, 6, 6, 41, 104, 9],
    [1, 8, 19, 11, 45, 112, 9],
    [1, 9, 5, 9, 34, 85, 4],
    [9, 29, 18, 13, 77, 212, 16],
    [3, 6, 13, 6, 33, 111, 8],
    [0, 1, 0, 0, 1, 6, 1],
    [2, 2, 2, 11, 10, 33, 0],
    [1, 0, 0, 1, 3, 3, 0],
    [0, 2, 0, 1, 1, 10, 0],
    [0, 0, 0, 3, 2, 15, 0],
    [0, 1, 0, 2, 0, 3, 1],
    [0, 2, 3, 10, 24, 61, 0],
    [7, 3, 11, 10, 64, 116, 4],
    [8, 16, 19, 10, 109, 251, 16],
    [0, 0, 1, 4, 0, 7, 0],
    [2, 1, 3, 2, 6, 11, 0],
    [0, 0, 1, 6, 0, 3, 0],
    [1, 2, 6, 16, 4, 41, 4],
    [1, 1, 1, 1, 2, 7, 0],
    [1, 2, 2, 3, 1, 26, 1],
    [0, 1, 1, 5, 10, 39, 1],
    [0, 0, 1, 13, 15, 46, 1],
    [9, 11, 10, 16, 69, 254, 20],
    [0, 0, 0, 0, 3, 8, 0],
    [2, 4, 3, 8, 25, 76, 6],
    [6, 6, 15, 27, 27, 146, 13],
    [1, 3, 1, 7, 17, 37, 0],
    [4, 5, 3, 33, 15, 96, 7],
    [8, 5, 16, 23, 31, 145, 3],
    [0, 2, 2, 7, 9, 36, 4],
    [0, 1, 0, 5, 1, 5, 0],
    [1, 2, 3, 13, 12, 77, 3],
    [5, 2, 4, 15, 18, 50, 2],
    [7, 2, 7, 18, 25, 100, 6],
    [2, 5, 5, 28, 16, 90, 5],
    [1, 5, 3, 20, 19, 75, 4],
    [3, 2, 5, 7, 13, 62, 2],
    [0, 2, 9, 11, 21, 87, 1],
    [0, 5, 5, 18, 16, 73, 6],
    [0, 6, 7, 14, 4, 42, 0],
    [2, 3, 5, 17, 15, 64, 4],
    [7, 6, 13, 46, 37, 139, 5],
    [11, 3, 9, 21, 33, 113, 3],
    [5, 1, 5, 6, 4, 17, 0],
    [0, 2, 2, 6, 9, 20, 1],
    [3, 10, 5, 25, 30, 137, 6],
    [0, 0, 1, 1, 0, 4, 0],
    [1, 2, 4, 17, 7, 42, 1],
    [1, 3, 5, 13, 6, 36, 1],
    [2, 7, 5, 13, 19, 50, 3],
    [3, 2, 4, 19, 17, 79, 0],
    [10, 8, 7, 17, 39, 130, 4],
    [1, 2, 3, 2, 8, 20, 2],
    [2, 5, 3, 17, 17, 98, 0],
    [8, 7, 6, 24, 45, 138, 7],
    [5, 3, 4, 14, 20, 99, 5],
    [0, 3, 0, 7, 23, 38, 0],
    [0, 1, 1, 3, 15, 30, 0],
    [0, 1, 1, 2, 1, 3, 0],
    [1, 0, 2, 1, 1, 6, 1],
    [0, 0, 1, 5, 3, 10, 1],
    [0, 0, 1, 0, 0, 8, 3],
    [0, 0, 0, 1, 0, 7, 0],
    [3, 2, 4, 10, 15, 89, 5],
    [0, 0, 0, 5, 1, 26, 0],
    [0, 0, 0, 3, 1, 6, 0],
    [0, 1, 2, 4, 3, 17, 0],
    [3, 4, 4, 6, 11, 53, 1],
    [0, 1, 2, 9, 9, 30, 0],
    [2, 3, 5, 4, 8, 38, 2],
    [0, 1, 2, 8, 13, 53, 1],
    [0, 1, 3, 3, 5, 24, 0],
    [3, 2, 2, 7, 5, 16, 0],
    [1, 3, 2, 3, 4, 23, 0],
    [2, 0, 1, 9, 5, 19, 2],
    [1, 0, 0, 0, 3, 13, 0],
    [4, 4, 7, 23, 16, 172, 8],
    [5, 1, 1, 4, 13, 72, 4],
    [1, 0, 3, 9, 2, 54, 1],
    [2, 2, 0, 4, 14, 11, 2],
    [0, 3, 3, 4, 10, 55, 1],
    [0, 3, 12, 5, 8, 38, 5],
    [3, 1, 8, 8, 10, 53, 0],
    [0, 1, 6, 1, 6, 46, 4],
    [1, 2, 4, 7, 7, 44, 6],
    [0, 2, 4, 6, 1, 8, 1],
    [1, 1, 5, 1, 2, 24, 2],
    [0, 0, 0, 2, 1, 3, 1],
    [3, 2, 7, 8, 6, 32, 0],
    [3, 6, 17, 10, 19, 86, 2],
    [0, 0, 1, 0, 2, 3, 0],
    [1, 3, 13, 4, 12, 61, 7],
    [2, 1, 6, 2, 2, 23, 2],
    [2, 4, 7, 9, 14, 75, 2],
    [0, 0, 3, 2, 2, 11, 2],
    [0, 0, 1, 2, 3, 15, 3],
    [9, 2, 7, 5, 24, 66, 9],
    [2, 5, 10, 5, 10, 25, 1],
    [6, 3, 2, 5, 5, 20, 1],
    [0, 0, 5, 2, 4, 23, 0],
    [1, 0, 0, 3, 4, 9, 0],
    [2, 1, 2, 0, 0, 9, 1],
    [3, 1, 3, 2, 7, 21, 3],
    [1, 1, 0, 3, 9, 17, 0],
    [0, 1, 2, 3, 2, 10, 1],
    [0, 0, 0, 0, 0, 1, 0],
    [4, 4, 6, 7, 10, 52, 11],
    [16, 14, 19, 57, 107, 350, 42],
    [2, 7, 9, 15, 62, 90, 8],
    [23, 51, 67, 111, 258, 673, 81],
    [2, 0, 2, 2, 3, 22, 2]
  ],
  "W": [
    [4, 46, 2, 5, 10, 5],
    [8, 48, 10, 5, 16, 9],
    [7, 39, 10, 1, 14, 11],
    [2, 8, 1, 0, 1, 3],
    [9, 72, 5, 5, 32, 16],
    [18, 83, 2, 1, 31, 14],
    [10, 47, 5, 1, 14, 10],
    [4, 23, 0, 1, 3, 9],
    [15, 100, 5, 4, 20, 19],
    [24, 106, 7, 9, 31, 18],
    [2, 6, 0, 0, 3, 0],
    [3, 8, 0, 0, 5, 5],
    [0, 7, 3, 0, 1, 2],
    [1, 4, 1, 0, 0, 0],
    [3, 27, 4, 2, 23, 9],
    [9, 31, 3, 5, 19, 4],
    [14, 52, 0, 8, 18, 11],
    [13, 29, 6, 0, 12, 8],
    [1, 4, 1, 0, 3, 2],
    [0, 2, 0, 0, 4, 0],
    [6, 22, 2, 0, 10, 7],
    [3, 6, 0, 0, 5, 4],
    [4, 41, 1, 4, 17, 18],
    [20, 141, 4, 8, 62, 30],
    [35, 108, 45, 7, 40, 22],
    [2, 6, 1, 2, 1, 0],
    [8, 58, 9, 5, 21, 14],
    [11, 38, 1, 1, 16, 13],
    [19, 57, 5, 6, 23, 21],
    [6, 17, 1, 1, 3, 6],
    [1, 7, 1, 2, 5, 1],
    [9, 28, 0, 0, 8, 3],
    [4, 19, 1, 3, 12, 7],
    [4, 29, 3, 2, 35, 5],
    [1, 5, 0, 0, 2, 0],
    [0, 6, 0, 0, 4, 1],
    [1, 5, 0, 1, 2, 4],
    [14, 32, 4, 0, 18, 6],
    [4, 27, 6, 5, 12, 4],
    [1, 3, 1, 0, 0, 2],
    [4, 35, 3, 4, 19, 7],
    [1, 15, 1, 2, 5, 1],
    [0, 5, 1, 0, 7, 5],
    [5, 23, 0, 0, 3, 5],
    [3, 11, 1, 0, 7, 1],
    [0, 23, 1, 1, 9, 4],
    [3, 34, 6, 3, 10, 8],
    [25, 120, 10, 5, 32, 24],
    [28, 129, 9, 6, 57, 24],
    [4, 24, 1, 1, 11, 1],
    [10, 79, 24, 1, 16, 8],
    [7, 74, 17, 1, 29, 11],
    [6, 52, 14, 5, 12, 7],
    [9, 77, 19, 4, 48, 4],
    [3, 24, 1, 0, 13, 3],
    [18, 59, 25, 3, 11, 5],
    [0, 21, 1, 0, 2, 1],
    [13, 108, 15, 3, 17, 19],
    [25, 106, 15, 7, 33, 19],
    [16, 70, 11, 7, 28, 15],
    [31, 206, 38, 2, 57, 40],
    [14, 107, 7, 3, 30, 19],
    [3, 2, 0, 0, 1, 3],
    [5, 36, 3, 2, 4, 10],
    [2, 2, 0, 0, 3, 1],
    [2, 7, 0, 0, 0, 5],
    [1, 13, 0, 2, 3, 1],
    [2, 4, 0, 0, 0, 1],
    [5, 62, 9, 4, 16, 4],
    [9, 117, 28, 4, 39, 18],
    [28, 220, 41, 4, 79, 57],
    [1, 6, 0, 1, 4, 0],
    [5, 8, 2, 0, 2, 8],
    [0, 6, 0, 1, 2, 1],
    [8, 36, 0, 2, 15, 13],
    [1, 5, 0, 0, 5, 2],
    [7, 18, 0, 4, 3, 4],
    [3, 41, 5, 3, 3, 2],
    [4, 47, 8, 4, 7, 6],
    [16, 229, 28, 6, 59, 51],
    [1, 6, 1, 1, 1, 1],
    [15, 77, 7, 5, 9, 11],
    [20, 126, 2, 3, 58, 31],
    [5, 39, 6, 3, 7, 6],
    [17, 89, 6, 12, 19, 20],
    [27, 119, 13, 8, 42, 22],
    [6, 25, 2, 3, 12, 12],
    [1, 5, 0, 2, 4, 0],
    [8, 67, 7, 8, 11, 10],
    [14, 49, 7, 7, 11, 8],
    [15, 95, 13, 8, 23, 11],
    [18, 78, 6, 9, 23, 17],
    [17, 65, 6, 9, 17, 13],
    [9, 50, 5, 2, 11, 17],
    [15, 78, 3, 3, 19, 13],
    [11, 71, 4, 8, 14, 15],
    [8, 39, 3, 6, 5, 12],
    [16, 52, 2, 7, 17, 16],
    [21, 137, 13, 9, 39, 34],
    [22, 106, 10, 5, 28, 22],
    [4, 17, 2, 3, 5, 7],
    [6, 21, 0, 3, 4, 6],
    [23, 136, 5, 7, 23, 22],
    [0, 4, 0, 0, 1, 1],
    [8, 40, 3, 2, 13, 8],
    [3, 38, 3, 3, 11, 7],
    [17, 37, 6, 4, 12, 23],
    [16, 68, 1, 11, 11, 17],
    [27, 121, 7, 6, 19, 35],
    [5, 19, 3, 1, 4, 6],
    [12, 90, 3, 5, 18, 14],
    [43, 117, 8, 8, 22, 37],
    [20, 95, 3, 2, 12, 18],
    [7, 46, 12, 1, 0, 5],
    [1, 36, 8, 2, 2, 1],
    [0, 3, 0, 2, 2, 1],
    [1, 6, 0, 1, 3, 1],
    [0, 9, 1, 2, 6, 2],
    [0, 6, 0, 0, 4, 2],
    [1, 4, 0, 0, 2, 1],
    [8, 70, 6, 7, 19, 18],
    [0, 23, 0, 3, 6, 0],
    [0, 4, 1, 3, 2, 0],
    [3, 12, 0, 3, 5, 4],
    [7, 48, 6, 2, 8, 11],
    [6, 22, 5, 6, 8, 4],
    [4, 32, 6, 1, 9, 10],
    [7, 42, 6, 8, 4, 11],
    [4, 15, 3, 5, 4, 5],
    [4, 13, 0, 4, 5, 9],
    [3, 23, 1, 1, 3, 5],
    [7, 15, 1, 2, 9, 4],
    [5, 7, 0, 0, 3, 2],
    [12, 154, 7, 5, 38, 18],
    [6, 65, 1, 4, 9, 15],
    [4, 44, 0, 4, 14, 4],
    [1, 12, 4, 2, 8, 8],
    [2, 55, 4, 4, 8, 3],
    [12, 31, 2, 2, 12, 12],
    [9, 43, 2, 5, 16, 8],
    [6, 35, 2, 0, 14, 7],
    [5, 40, 0, 2, 15, 9],
    [2, 6, 0, 2, 8, 4],
    [3, 22, 0, 1, 7, 3],
    [1, 1, 0, 2, 3, 0],
    [5, 24, 5, 5, 5, 14],
    [17, 62, 12, 4, 29, 19],
    [0, 3, 2, 0, 0, 1],
    [6, 47, 7, 3, 24, 14],
    [4, 17, 0, 0, 14, 3],
    [10, 53, 4, 4, 28, 14],
    [2, 6, 2, 2, 7, 1],
    [2, 9, 0, 0, 12, 1],
    [13, 56, 8, 2, 35, 8],
    [3, 28, 1, 2, 12, 12],
    [5, 16, 1, 2, 13, 5],
    [3, 16, 0, 2, 10, 3],
    [5, 6, 0, 1, 2, 3],
    [3, 5, 0, 1, 4, 2],
    [5, 15, 1, 1, 15, 3],
    [6, 11, 3, 0, 6, 5],
    [2, 8, 0, 2, 3, 4],
    [0, 1, 0, 0, 0, 0],
    [3, 50, 8, 6, 17, 10],
    [53, 325, 40, 17, 91, 79],
    [31, 64, 29, 5, 25, 39],
    [153, 601, 78, 69, 178, 185],
    [3, 14, 2, 3, 2, 9]
  ],
  "method": "mcmc",
  "mcmc_stepsize": 3000,
  "mcmc_samples": 1000,
  "burn_in": 10000,
  "cond_prob": [
    [
      [0.24968925883, 0.24993098162, 0.00015676841734, 0.00031532684294, 0.00013405259, 0.49977361169, 0],
      [1.880381572e-05, 0.043215274478, 0.043435540122, 0.13037626894, 0.13072053916, 0.65223357349, 0],
      [1.0591550666e-06, 2.1306137975e-05, 0.00013530441384, 0.49688007019, 0.00075227831778, 0.50220998178, 0],
      [2.4747875319e-06, 5.2872392607e-05, 7.6429456266e-06, 0.0024497853388, 0.39771661753, 0.59977060701, 0],
      [1.9486902308e-05, 0.0011332439386, 8.970417434e-05, 0.099395906884, 0.19945520909, 0.69990644901, 0],
      [3.3725575522e-05, 0.00014680677953, 2.6443088122e-05, 0.00029243711763, 0.00033585061474, 0.99916473682, 0]
    ],
    [
      [0, 0.24859642627, 4.7598080203e-05, 6.881476327e-06, 0.25133067195, 0.500015012, 3.4102167311e-06],
      [0, 0.021059562944, 0.083209365194, 0.041432231791, 0.27049350995, 0.58368914436, 0.00011618576363],
      [0, 1.0362644855e-05, 0.099991208245, 0.19995232565, 0.20055673187, 0.49948630734, 3.0642442278e-06],
      [0, 7.3588991755e-06, 1.3558408474e-05, 3.1425625348e-05, 0.60100128274, 0.39893313691, 1.3237421939e-05],
      [0, 8.4104706783e-06, 0.062831140502, 0.00069241307411, 0.24967616907, 0.68679067469, 1.1921947749e-06],
      [0, 1.0508897807e-05, 3.2395947762e-05, 4.8758707984e-05, 0.22225263438, 0.66718015796, 0.1104755441]
    ],
    [
      [0, 0.28226328804, 0.14106919461, 0.00091470082955, 0.28607817732, 0.28840962455, 0.0012650146579],
      [0, 0.0001082213782, 0.10254056803, 0.10211889886, 0.35928401504, 0.41022952974, 0.025718766955],
      [0, 0.00057154808273, 0.0011191055822, 0.10071406599, 0.49831598643, 0.39891444277, 0.00036485114517],
      [0, 6.6376057424e-05, 0.00046264537898, 0.00056146495489, 0.99253276444, 0.0063662080074, 1.0541164455e-05],
      [0, 0.00042935888981, 0.07105221436, 0.071519390012, 0.35776486728, 0.49857952442, 0.00065464503856],
      [0, 0.00074031533153, 0.00064079840298, 0.00018058668902, 0.36372503651, 0.45514154461, 0.17957171846]
    ],
    [
      [0.28966526888, 0, 0.10256664078, 0.025747012206, 0.055406315736, 0.52661476239, 0],
      [0.042070241111, 0, 0.25511759739, 0.079356294691, 0.0585006773, 0.56495518951, 0],
      [0.0051976962282, 0, 0.20588540815, 0.07137510106, 0.11233219389, 0.60520960067, 0],
      [0, 0, 0, 0, 0, 0, 0],
      [0.02202925725, 0, 0.13811770116, 0.056774201398, 0.051271061893, 0.7318077783, 0],
      [0.01896019329, 0, 0.13664094333, 0.061835438534, 0.08585956478, 0.69670386006, 0]
    ],
    [
      [0.22222221838, 0.11111111134, 2.4741201514e-09, 1.4773420983e-09, 0.11111111417, 0.55555555079, 1.369588187e-09],
      [0.013888889002, 0.05555555501, 0.08333333204, 0.083333333838, 0.11111111067, 0.58333333514, 0.069444444304],
      [3.3999981065e-11, 3.8250775013e-09, 4.6231340914e-11, 0.5999999854, 5.8378793572e-10, 0.40000000598, 4.1366209381e-09],
      [3.5943837047e-11, 1.4524618842e-10, 4.2039583617e-11, 0.20000000529, 0.40000000069, 0.39999999136, 2.4417258665e-09],
      [4.1206686619e-10, 0.031249999725, 0.031250001787, 0.062500000793, 0.15624999966, 0.65624999867, 0.062499998951],
      [8.0819273697e-10, 1.6327846285e-09, 8.26110377e-10, 0.062499998219, 0.06250000055, 0.68749999806, 0.1874999999]
    ],
    [
      [0.11111181207, 0.11110830744, 0.11109732912, 3.5207939213e-05, 0.055574571428, 0.61105800604, 1.4765974387e-05],
      [0.024092974923, 0.024095709812, 0.16868685747, 0.060230652398, 0.072289590507, 0.63855948184, 0.012044733053],
      [1.5310215632e-07, 1.9988780444e-08, 4.2495196914e-06, 0.49983511608, 0.00014328831654, 0.49999776812, 1.9404877957e-05],
      [1.2768340765e-09, 1.2029889427e-07, 2.2704906191e-08, 0.99967009541, 1.9854693444e-07, 0.00032956170655, 5.4171074343e-11],
      [8.3037170323e-09, 0.03225956123, 0.12900798492, 0.032267309859, 0.12902072218, 0.67743266734, 1.1746175161e-05],
      [1.927851601e-05, 4.2852402092e-06, 0.071427346572, 4.2512486185e-05, 0.071406609967, 0.71427007952, 0.1428298877]
    ],
    [
      [0.098302634945, 0.099824381263, 0.00037561984538, 0.0001640328575, 0.2013548966, 0.59997843449, 0],
      [0.00023354217315, 0.021004444827, 0.063355678561, 0.021021816953, 0.23354024813, 0.66084426935, 0],
      [1.5079598584e-05, 0.00028850138481, 0.0013186527218, 0.00010411992536, 0.40355240726, 0.59472123911, 0],
      [3.5121508248e-05, 0.00027076492237, 0.00040441334741, 5.0985786502e-05, 0.98848357147, 0.010755142969, 0],
      [0.00041001115891, 0.00071073995236, 0.00028225173778, 0.00068157297064, 0.21525179567, 0.78266362851, 0],
      [1.4649268908e-05, 0.00028836493068, 0.00075777078873, 2.2066763792e-05, 0.19902886246, 0.79988828579, 0]
    ],
    [
      [0, 0.063773216301, 0.13197440801, 0.041772331537, 0.039451150772, 0.7161454523, 0.0068834410802],
      [0, 0.026842934526, 0.19850893409, 0.085670909944, 0.048942806089, 0.62605306106, 0.013981354286],
      [0, 0, 0, 0, 0, 0, 0],
      [0, 0.005493560943, 0.11216200307, 0.11793067483, 0.17109370848, 0.58968961108, 0.0036304416017],
      [0, 0.0060878972582, 0.055741294329, 0.15334509271, 0.029921534037, 0.74297250903, 0.011931672631],
      [0, 0.01152915422, 0.06966788864, 0.031612643576, 0.050628060697, 0.76862118313, 0.067941069735]
    ],
    [
      [0.1333317936, 0.066667013529, 0.13333298714, 6.9528595756e-07, 8.8047378109e-07, 0.66666595394, 6.7603573261e-07],
      [0.010000123047, 0.019999844754, 0.2200003071, 0.039999765953, 0.029999894407, 0.67000018789, 0.0099998768532],
      [1.1834778134e-08, 2.0363926e-06, 0.19999905869, 0.20000052074, 2.0246148771e-06, 0.59999634737, 3.586258594e-10],
      [3.2341523213e-11, 1.1926692422e-08, 6.645684252e-07, 0.49999731614, 3.2257484706e-06, 0.49999878152, 6.4980709562e-11],
      [5.0735109054e-07, 3.1454543229e-09, 0.15000047632, 5.4651347765e-07, 0.14999818704, 0.70000013836, 1.4127409555e-07],
      [3.0789706994e-08, 1.5286581373e-09, 0.15789300026, 5.3562469206e-07, 5.571179679e-07, 0.73684275117, 0.10526312351]
    ],
    [
      [0.041666666726, 0.083333333216, 0.04166666673, 0.041666666599, 0.083333333654, 0.708333333, 7.1211631179e-11],
      [0.0094339622506, 0.037735849054, 0.084905660372, 0.056603773562, 0.08490566029, 0.7169811322, 0.0094339622758],
      [8.638607258e-13, 4.7646319346e-12, 2.2276790223e-11, 0.28571428529, 4.796762482e-10, 0.71428571415, 4.9182180295e-11],
      [6.3907723094e-14, 3.4537799995e-10, 5.3497880095e-11, 5.7196595467e-10, 0.33333333297, 0.66666666606, 1.2589126415e-12],
      [5.4623864991e-14, 0.032258064509, 0.064516128972, 0.03225806452, 0.096774193643, 0.77419354835, 5.4269209852e-12],
      [2.1519733417e-14, 9.5666939311e-12, 0.055555555573, 0.055555555649, 0.055555555476, 0.72222222237, 0.11111111092]
    ],
    [
      [0, 0, 0.078369765067, 0.25440870986, 0, 0.66722152507, 0],
      [0, 0, 0.10389226233, 0.30827852562, 0, 0.58782921205, 0],
      [0, 0, 0, 0, 0, 0, 0],
      [0, 0, 0, 0, 0, 0, 0],
      [0, 0, 0.073302298638, 0.21383714218, 0, 0.71286055918, 0],
      [0, 0, 0, 0, 0, 0, 0]
    ],
    [
      [0.38668629919, 0, 0.12635430062, 0.11961327524, 0.070390669468, 0.29695545549, 0],
      [0.049338115071, 0, 0.26377572333, 0.22931152618, 0.077446790428, 0.38012784499, 0],
      [0, 0, 0, 0, 0, 0, 0],
      [0, 0, 0, 0, 0, 0, 0],
      [0.054074034236, 0, 0.18030089101, 0.16596972498, 0.11526481836, 0.48439053141, 0],
      [0.034973202139, 0, 0.12184537128, 0.19536386798, 0.11858591528, 0.52923164331, 0]
    ],
    [
      [0, 0, 0, 0, 0, 0, 0],
      [0, 0, 0, 0.1287685693, 0.22411248945, 0.64711894125, 0],
      [0, 0, 0, 0.27627499765, 0.25077435811, 0.47295064424, 0],
      [0, 0, 0, 0, 0, 0, 0],
      [0, 0, 0, 0.093529386477, 0.28355035946, 0.62292025406, 0],
      [0, 0, 0, 0.08813281774, 0.19766957001, 0.71419761225, 0]
    ],
    [
      [0, 0, 0, 0, 0.143209603, 0.856790397, 0],
      [0, 0, 0, 0, 0.16140520583, 0.83859479417, 0],
      [0, 0, 0, 0, 0.2111695737, 0.7888304263, 0],
      [0, 0, 0, 0, 0, 0, 0],
      [0, 0, 0, 0, 0, 0, 0],
      [0, 0, 0, 0, 0, 0, 0]
    ],
    [
      [0.66629714639, 2.1942220923e-05, 0.00017162693449, 6.6822716563e-05, 8.9843814944e-06, 0.33342187421, 1.1603142123e-05],
      [0.11109862036, 0.074041062953, 0.1111179826, 0.074100651439, 0.11111113211, 0.48143430098, 0.037096249562],
      [6.6197013421e-05, 9.7657347914e-06, 0.24981073616, 0.24990475454, 3.7682136429e-05, 0.50015813184, 1.2732572369e-05],
      [1.8464759517e-05, 4.0547735698e-07, 3.1197547106e-06, 0.49959806557, 0.00032328073439, 0.50003919272, 1.7470975308e-05],
      [0.086983445257, 2.7514121652e-05, 0.086948784086, 0.086940809346, 0.21731667716, 0.4783246541, 0.043458115926],
      [5.8316949582e-05, 1.6974991765e-05, 2.5374546783e-05, 6.9797634814e-05, 0.11121017948, 0.66653669931, 0.2220826571]
    ],
    [
      [0.22221352298, 0.11082955248, 0.00041927841977, 0.0002822589853, 0.0002353176364, 0.66596956175, 5.0507745809e-05],
      [0.031237764696, 2.9361632608e-05, 0.097519489254, 0.15711480785, 0.032219855628, 0.64940018707, 0.032478533862],
      [3.0991439131e-06, 3.8753874833e-05, 0.00010732073642, 0.33283751382, 0.001455018914, 0.66537992187, 0.00017837164037],
      [1.303100515e-05, 5.3075465217e-07, 0.00025639290304, 0.013417731324, 0.38685730402, 0.59942571385, 2.9296138994e-05],
      [0.0016377869594, 1.7195420743e-05, 0.051115102171, 0.055823741281, 0.05421700426, 0.78307888822, 0.054110281686],
      [0.00012879573247, 0.00029454716621, 8.2864842391e-05, 0.00016208581117, 0.0075729897549, 0.50077523346, 0.49098348323]
    ],
    [
      [0.070688880373, 0.097795189623, 0.070705669416, 0.070700015459, 0.072169408133, 0.53845836419, 0.079482472805],
      [2.1413612388e-06, 0.070015325455, 0.081453722282, 0.079092481057, 0.093593544482, 0.60345988056, 0.072382904801],
      [0, 0, 0, 0, 0, 0, 0],
      [0.0012776180052, 0.014120819048, 0.22047641195, 0.23586016862, 0.028215548261, 0.50002689425, 2.2539867019e-05],
      [2.8388417938e-07, 0.048725663837, 0.055569632561, 0.049289549733, 0.16094615744, 0.62365562865, 0.061813083901],
      [1.660912805e-06, 3.8109241074e-06, 0.00095112616195, 0.011208865858, 0.09090988665, 0.71415024023, 0.18277440927]
    ],
    [
      [0, 0.070658813217, 0.10487895605, 0.024837190651, 0.17389332327, 0.62269725361, 0.0030344631959],
      [0, 0.0018945687408, 0.10698750221, 0.061951599873, 0.15907866407, 0.66886952571, 0.0012181394013],
      [0, 0.00033211135601, 0.022269035924, 0.12394804919, 0.31189622309, 0.54090044354, 0.00065413689589],
      [0, 0, 0, 0, 0, 0, 0],
      [0, 0.0012410459519, 0.02758833419, 0.0094053986506, 0.25953936187, 0.70177265143, 0.00045320790744],
      [0, 0.0012009643923, 0.0086577226757, 0.0029958807825, 0.14253198231, 0.7301306224, 0.11448282744]
    ],
    [
      [0, 0, 0, 0.17792533649, 0.31866964883, 0.46158881147, 0.041816203212],
      [0, 0, 0, 0.31036691547, 0.2767805685, 0.3581631834, 0.054689332626],
      [0, 0, 0, 0.52616704996, 0.23331229662, 0.22144152972, 0.019079123695],
      [0, 0, 0, 0, 0, 0, 0],
      [0, 0, 0, 0.227921766, 0.33457095225, 0.3949168024, 0.042590479352],
      [0, 0, 0, 0.18533732685, 0.16859146189, 0.34978325899, 0.29628795227]
    ],
    [
      [0, 0, 0, 0, 0, 0, 0],
      [0, 0, 0.44582681897, 0.17937637703, 0.12049189511, 0.2543049089, 0],
      [0, 0, 0, 0, 0, 0, 0],
      [0, 0, 0, 0, 0, 0, 0],
      [0, 0, 0.27708659052, 0.16031181148, 0.18975405245, 0.37284754555, 0],
      [0, 0, 0, 0, 0, 0, 0]
    ],
    [
      [0.32319451848, 0.17307855242, 0.0025887240052, 0, 0.0037767174626, 0.49378784327, 0.0035736443578],
      [0.046101936172, 0.13056405724, 0.090280837241, 0, 0.048309269769, 0.63795635536, 0.046787544219],
      [0.0049836220182, 0.0043420192212, 0.45418054407, 0, 0.0030131302129, 0.5317305527, 0.0017501317817],
      [0, 0, 0, 0, 0, 0, 0],
      [0.0028007441743, 0.0047084221514, 0.0076275142791, 0, 0.18277715201, 0.79331587353, 0.0087702938574],
      [0.0012308010785, 0.0047644523249, 0.0019504293927, 0, 0.011533997107, 0.57223046883, 0.40828985127]
    ],
    [
      [0, 0.33461089055, 0.18555474398, 0.02645671066, 0.040000331153, 0.39979382772, 0.013583495929],
      [0, 0.10332848266, 0.40202458589, 0.043682477797, 0.049226637766, 0.37134874131, 0.030389074582],
      [0, 0, 0, 0, 0, 0, 0],
      [0, 0, 0, 0, 0, 0, 0],
      [0, 0.04552595492, 0.26625995936, 0.082584401526, 0.080365359208, 0.50720192248, 0.018062402512],
      [0, 0.037141664446, 0.17497211398, 0.061403248402, 0.045703095977, 0.50912911415, 0.17165076304]
    ],
    [
      [0.49979526136, 0.0001533836128, 2.1382520195e-06, 3.7611373251e-06, 0.00019153688914, 0.4998491757, 4.7430477778e-06],
      [0.048818495288, 0.097525422308, 0.097555654358, 0.073151120416, 0.097530338656, 0.51223847751, 0.073180491468],
      [4.1709305832e-07, 2.7491984627e-06, 0.00044692640854, 0.99937214675, 1.7365149745e-05, 0.00014508051379, 1.531488706e-05],
      [8.6289529366e-07, 0.00011247228927, 4.048975204e-05, 0.49972455501, 0.00011806425008, 0.50000317878, 3.7702649501e-07],
      [0.058788311347, 1.1421109723e-05, 0.058807567064, 0.058883511853, 0.23527472727, 0.52942795553, 0.058806505823],
      [0.055547527009, 1.0964094397e-05, 0.0555484496, 0.055638830561, 0.055573887876, 0.61102181555, 0.16665852531]
    ],
    [
      [0.15, 3.1639178747e-17, 0.05, 0.05, 0.1, 0.65, 1.5720274182e-17],
      [0.021276595745, 0.028368794326, 0.085106382979, 0.063829787234, 0.10638297872, 0.66666666667, 0.028368794326],
      [1.4527739273e-18, 8.1586687879e-16, 0.25, 0.25, 9.7817821741e-17, 0.5, 8.9502664161e-16],
      [4.3263804741e-18, 4.7491054432e-17, 8.5343851162e-18, 0.125, 0.25, 0.625, 4.7375386093e-17],
      [0.016129032258, 0.016129032258, 0.064516129032, 0.064516129032, 0.11290322581, 0.70967741935, 0.016129032258],
      [2.4542723297e-17, 1.0263106211e-16, 0.066666666667, 0.066666666667, 0.1, 0.66666666667, 0.1]
    ],
    [
      [0.057142857135, 0.057142857159, 0.028571428567, 0.028571428567, 0.4, 0.4, 0.028571428572],
      [0.0092592592593, 0.06481481481, 0.02777777778, 0.037037037036, 0.40740740739, 0.42592592594, 0.027777777779],
      [2.1840490403e-13, 0.022222222222, 0.066666666667, 0.066666666664, 0.40000000004, 0.42222222218, 0.022222222222],
      [5.2800885671e-14, 1.5194427756e-14, 2.7485365969e-12, 0.14285714284, 0.57142857147, 0.2857142857, 4.3761891108e-14],
      [3.5110860806e-12, 0.024999999997, 0.024999999996, 0.025000000007, 0.45000000001, 0.44999999999, 0.025000000004],
      [6.3818391504e-12, 6.8894308863e-12, 8.7097788252e-13, 1.3664753809e-11, 0.40909090905, 0.50000000003, 0.090909090895]
    ],
    [
      [0.59885176298, 0.1191201495, 0, 0.049030343637, 0.06050299727, 0.17249474662, 0],
      [0.11528932929, 0.10956896622, 0, 0.1490889105, 0.15224009897, 0.47381269501, 0],
      [0.01367826255, 0.033325899134, 0, 0.3151616606, 0.21841948049, 0.41941469723, 0],
      [0.01374914629, 0.01894953092, 0, 0.28715530376, 0.2924018374, 0.38774418163, 0],
      [0.069383943159, 0.033120942693, 0, 0.11793358158, 0.16233025636, 0.6172312762, 0],
      [0, 0, 0, 0, 0, 0, 0]
    ],
    [
      [0.24999999862, 0.1249999872, 2.633945789e-09, 3.62665659e-09, 0.12499998905, 0.50000001696, 1.9160706761e-09],
      [0.051724135495, 0.051724136891, 0.051724136317, 0.068965515012, 0.13793103093, 0.60344828809, 0.034482757274],
      [8.9012967635e-09, 1.8197241527e-09, 0.22222220915, 0.11111114637, 0.11111111006, 0.55555552095, 2.7500474194e-09],
      [1.5213655714e-08, 1.3346050613e-09, 7.5981963606e-10, 0.39999996129, 5.1453335875e-08, 0.59999996892, 1.0231750616e-09],
      [0.047619046503, 3.9085396646e-09, 8.6820884825e-09, 0.047619046071, 0.23809522741, 0.66666666368, 3.7436101085e-09],
      [1.3990833425e-09, 4.1157991314e-09, 2.9330482446e-10, 6.4309340229e-10, 0.14285716218, 0.71428569178, 0.14285713959]
    ],
    [
      [0.17379623052, 0.084327481345, 0.091386335487, 0.0022359015685, 0.0095288987337, 0.63818503056, 0.0005401217851],
      [0.00044673912745, 0.027519215986, 0.15497935616, 0.078617438417, 0.054327341041, 0.68330713283, 0.00080277643393],
      [0.0011474051617, 0.0010944102835, 0.045127835555, 0.88571259305, 0.050797502175, 0.015914955712, 0.0002052980621],
      [0.001052879699, 0.00090964170208, 0.04898936776, 0.0026093437324, 0.91673375196, 0.029670183867, 3.4831281104e-05],
      [0.0036239649592, 0.00060252751616, 0.065702672319, 0.06099065217, 0.11534145072, 0.75351603334, 0.00022269897672],
      [0.00085243486326, 0.0011556158083, 0.073859601152, 0.0095207731855, 0.0013652837488, 0.83941938025, 0.073826910993]
    ],
    [
      [0.10526297749, 0.052630742802, 0.10526237735, 9.3042113499e-08, 0.1052623813, 0.63158134834, 7.968039836e-08],
      [0.017543565735, 0.035087347388, 0.15789459197, 0.035087743804, 0.10526367057, 0.64912277081, 3.0972422832e-07],
      [4.8660723343e-09, 2.9600428436e-06, 4.1620510392e-06, 0.3999928269, 3.6445153035e-06, 0.59999630039, 1.0123696028e-07],
      [1.7971320936e-07, 1.2660198314e-07, 1.2165261674e-07, 0.16666622564, 0.3333286307, 0.50000462491, 9.0780733988e-08],
      [7.4313940404e-07, 8.1117481097e-08, 0.086955373184, 8.6299215831e-08, 0.17391155567, 0.73913213882, 2.177629878e-08],
      [9.4570153739e-08, 9.3619719393e-07, 0.095239426876, 1.5886753369e-06, 0.095239511704, 0.7142813334, 0.095237108575]
    ],
    [
      [0.13765972084, 0.092327317349, 0.10906790249, 0.044462393708, 0.11355274847, 0.49828778419, 0.0046421329451],
      [0.0084825836398, 0.020716797728, 0.16413400338, 0.12406701293, 0.11388971145, 0.55871041123, 0.0099994796399],
      [0.0019787179991, 0.026801889282, 0.10033626051, 0.13668715893, 0.54757623728, 0.17970960859, 0.0069101274049],
      [0.0033513910707, 0.0017094362071, 0.032392712722, 0.079178294514, 0.52018357451, 0.35817925891, 0.0050053320611],
      [0.0036148297636, 0.012848476333, 0.043604327869, 0.040215714968, 0.28750525904, 0.59237553284, 0.019835859186],
      [0.0022771924506, 0.0044656300077, 0.048628761799, 0.047928969942, 0.075380470916, 0.69953013965, 0.12178883524]
    ],
    [
      [0.41332577924, 0, 0, 0.076992354036, 0, 0.50968186673, 0],
      [0.056189869954, 0, 0, 0.16761557005, 0, 0.77619455999, 0],
      [0.0055250420671, 0, 0, 0.36656860539, 0, 0.62790635255, 0],
      [0.0060075000046, 0, 0, 0.3222280149, 0, 0.6717644851, 0],
      [0.029712471859, 0, 0, 0.12291149485, 0, 0.84737603329, 0],
      [0.027242729718, 0, 0, 0.12411654614, 0, 0.84864072414, 0]
    ],
    [
      [0, 0.097503031235, 0.077086655229, 0.0087765956734, 0.059965414941, 0.73070597684, 0.025962326083],
      [0, 0.033460487798, 0.096454882351, 0.029750747363, 0.051256902173, 0.76120234587, 0.027874634448],
      [0, 0, 0, 0, 0, 0, 0],
      [0, 0, 0, 0, 0, 0, 0],
      [0, 0.018438545585, 0.064354629943, 0.0073554976448, 0.12059093502, 0.7567640332, 0.032496358611],
      [0, 0.012690231958, 0.030215452525, 0.0097152438695, 0.020130174849, 0.68528941953, 0.24195947727]
    ],
    [
      [0.22350678695, 0.24287702146, 0.0034793760373, 0.003351497379, 0.0090135910086, 0.4955410902, 0.022230636958],
      [0.0017306533473, 0.10031626227, 0.048466866435, 0.099512522725, 0.10853581144, 0.58517750942, 0.056260374365],
      [0.00019685033484, 0.039536345264, 0.00028514229247, 0.87485934387, 0.019714336276, 0.060787333305, 0.0046206486606],
      [0.0017650209989, 0.0012850550289, 0.0015689489217, 0.016767181542, 0.56753337812, 0.40559142902, 0.0054889863684],
      [0.0034939558047, 0.0044811458687, 0.0044512462852, 0.011734148459, 0.088089945567, 0.81068095975, 0.077068598264],
      [0.0036672936565, 0.0036168100312, 0.00097215558683, 0.0042693441023, 0.017481628744, 0.69910426041, 0.27088850747]
    ],
    [
      [0.19452412867, 0.24102720702, 0.006788850721, 0.026567146425, 0.028238946547, 0.50188253264, 0.00097118797323],
      [0.0070685781543, 0.037479789769, 0.10146098587, 0.028704088207, 0.11094419201, 0.70950796937, 0.004834396612],
      [3.1502202674e-05, 0.019880743884, 0.023495540068, 0.23766961538, 0.032568721726, 0.68631194179, 4.1934946468e-05],
      [3.1069300819e-05, 0.0008114529469, 0.00015043261585, 0.00088030406581, 0.44730426087, 0.54826538829, 0.0025570919099],
      [0.00047326305681, 0.025261538789, 0.055886350401, 0.0093096108923, 0.13309225401, 0.77242267315, 0.0035543096936],
      [3.8773331457e-05, 0.00071165468973, 0.00073325146472, 0.0041414041613, 0.0038238136171, 0.84529571905, 0.14525538368]
    ],
    [
      [0, 0, 0.19020653372, 0, 0, 0.80979346628, 0],
      [0, 0, 0.29115656778, 0, 0, 0.70884343222, 0],
      [0, 0, 0, 0, 0, 0, 0],
      [0, 0, 0, 0, 0, 0, 0],
      [0, 0, 0.17700531369, 0, 0, 0.82299468631, 0],
      [0, 0, 0, 0, 0, 0, 0]
    ],
    [
      [0, 0, 0, 0, 0, 0, 0],
      [0, 0, 0.11566800296, 0, 0, 0.88433199704, 0],
      [0, 0, 0, 0, 0, 0, 0],
      [0, 0, 0, 0, 0, 0, 0],
      [0, 0, 0.064762007841, 0, 0, 0.93523799216, 0],
      [0, 0, 0.046943950893, 0, 0, 0.95305604911, 0]
    ],
    [
      [0.78507695259, 0, 0.035884115143, 0.032890222401, 0.040799654968, 0.099549415833, 0.0057996390646],
      [0.16752497764, 0, 0.24631283255, 0.15209164656, 0.12867734421, 0.28029476471, 0.025098434327],
      [0, 0, 0, 0, 0, 0, 0],
      [0.010617137401, 0, 0.056028718408, 0.33458151587, 0.23069394395, 0.35683393997, 0.011244744408],
      [0.064671781956, 0, 0.15874448451, 0.14562154261, 0.23800467741, 0.38022028571, 0.012737227804],
      [0.059334364469, 0, 0.089758508666, 0.14520673593, 0.1522775813, 0.34542556231, 0.20799724732]
    ],
    [
      [0.12129301245, 0, 0.05310309936, 0, 0.072093900837, 0.74176169863, 0.011748288716],
      [0.0069759145538, 0, 0.069906521121, 0, 0.1126827264, 0.78932967809, 0.02110515984],
      [0.0013193352388, 0, 0.10688435997, 0, 0.17076792187, 0.7191588024, 0.001869580522],
      [0, 0, 0, 0, 0, 0, 0],
      [0.0025614313956, 0, 0.030004550122, 0, 0.14322877327, 0.81617620129, 0.0080290439228],
      [0.004547575645, 0, 0.0086547651709, 0, 0.020608089553, 0.79816328123, 0.1680262884]
    ],
    [
      [0.46973965266, 0.0032600273314, 0.0028050730018, 0.00037859919969, 0.0057483040841, 0.51643024347, 0.0016381002444],
      [0.0036569291648, 0.035119234405, 0.14289135796, 0.034725635441, 0.078193121121, 0.70396118779, 0.0014525341209],
      [0.0002388446135, 0.00054982691001, 0.0075816998207, 0.0065039495202, 0.30937396451, 0.67414417464, 0.0016075399822],
      [0.00018237328144, 0.00013208335036, 0.0022710479354, 0.0031117558683, 0.19813828363, 0.78993934492, 0.0062251110204],
      [0.00088461528295, 0.0027393059067, 0.0022813371278, 0.00040269719984, 0.082571208871, 0.90551291141, 0.0056079242059],
      [0.0023359961029, 0.00047737815944, 0.01162288976, 0.00036965085711, 0.0070007004342, 0.51665256161, 0.46154082307]
    ],
    [
      [0, 0, 0.14019271066, 0, 0.16107282343, 0.63918033189, 0.05955413401],
      [0, 0, 0.18552859905, 0, 0.15593415205, 0.58288703978, 0.075650209124],
      [0, 0, 0.1874383328, 0, 0.18666113969, 0.58574983511, 0.040150692396],
      [0, 0, 0, 0, 0, 0, 0],
      [0, 0, 0, 0, 0, 0, 0],
      [0, 0, 0.057891579694, 0, 0.092231790361, 0.51320435683, 0.33667227311]
    ],
    [
      [0.23931571438, 0.22888114837, 0, 0.0063978034298, 0.019353749931, 0.50605158388, 0],
      [0.0003889074694, 0.055632960429, 0, 0.13640836408, 0.17441057971, 0.63315918831, 0],
      [0.00025306130637, 0.0055712428136, 0, 0.32353381341, 0.31621696716, 0.35442491532, 0],
      [9.9084376644e-05, 0.00020895702283, 0, 0.035128453901, 0.48337599536, 0.48118750934, 0],
      [0.0010615796187, 0.0056999062212, 0, 0.102602274, 0.21027602764, 0.68036021252, 0],
      [0.0011142638359, 0.001639145249, 0, 0.019936797401, 0.13440218604, 0.84290760747, 0]
    ],
    [
      [0.30466662471, 0.12249633916, 0, 0.020101448627, 0.075093560718, 0.41988101239, 0.057761014385],
      [0.033777177418, 0.046279496127, 0, 0.034317644797, 0.089733824276, 0.72111968284, 0.074772174544],
      [0.013296104935, 0.02317256998, 0, 0.11867068647, 0.09150248156, 0.68851469505, 0.064843462003],
      [0.0099473802499, 0.018013397007, 0, 0.065849761037, 0.080996566966, 0.79689959572, 0.028293299024],
      [0.025481483342, 0.021037639106, 0, 0.036112149373, 0.056027984733, 0.79911657701, 0.062224166431],
      [0.028077431876, 0.018923659404, 0, 0.034202924019, 0.045263535986, 0.48542697346, 0.38810547526]
    ],
    [
      [0, 0, 0, 0, 0, 0, 0],
      [0.085363762953, 0.25522512744, 0.12893638666, 0.065335293624, 0.11822218397, 0.32537295797, 0.02154428738],
      [0.012319143871, 0.13117160594, 0.20010135396, 0.12905594954, 0.21199291405, 0.29917630453, 0.016182728121],
      [0, 0, 0, 0, 0, 0, 0],
      [0.050965905861, 0.13954230545, 0.11158497545, 0.049806031755, 0.21556305124, 0.41052120734, 0.022016522909],
      [0.040820140068, 0.12318132374, 0.074824376911, 0.039125072012, 0.13759096149, 0.44006209086, 0.14439603492]
    ],
    [
      [0, 0.16327366152, 0.10617126678, 0.093912384873, 0.097465512863, 0.52504758747, 0.014129586497],
      [0, 0.042104370904, 0.23125295065, 0.12818612315, 0.11022075804, 0.47059517293, 0.017640624321],
      [0, 0, 0, 0, 0, 0, 0],
      [0, 0, 0, 0, 0, 0, 0],
      [0, 0.043429235828, 0.13191931573, 0.11579913524, 0.19283846666, 0.49056979203, 0.025444054506],
      [0, 0.016988690826, 0.15091357078, 0.046951967481, 0.079815920171, 0.61587274182, 0.089457108924]
    ],
    [
      [0, 0, 0.044817337133, 0.09956488342, 0.21457465643, 0.61514055508, 0.025902567935],
      [0, 0, 0.054818732525, 0.14950234039, 0.20724217829, 0.54483151966, 0.043605229131],
      [0, 0, 0.0538991859, 0.20848097232, 0.26928946004, 0.44948499855, 0.018845383194],
      [0, 0, 0, 0, 0, 0, 0],
      [0, 0, 0.027711509337, 0.11019795171, 0.23805460307, 0.58778476249, 0.036251173387],
      [0, 0, 0.014662179569, 0.076912971109, 0.14094038797, 0.59745328249, 0.17003117886]
    ],
    [
      [0, 0, 0, 0, 0, 0, 0],
      [0.039500609676, 0.068336905364, 0, 0.10396659389, 0.14953259827, 0.60034791918, 0.038315373626],
      [0.0020625332647, 0.020826220816, 0, 0.4733115855, 0.093921077285, 0.3938900025, 0.015988580632],
      [0.0068928647561, 0.011640834312, 0, 0.25696780679, 0.33024170153, 0.38495097866, 0.0093058139542],
      [0.0067009190325, 0.034325600046, 0, 0.073407563112, 0.1882271706, 0.67343225913, 0.023906488084],
      [0.0055555770323, 0.021713430274, 0, 0.054455220044, 0.11063573143, 0.58806663641, 0.21957340481]
    ],
    [
      [0.33153865121, 0.33298608569, 0.00027010707964, 0.00017422575609, 6.0886417208e-05, 0.33482200063, 0.00014804321993],
      [0.00013379650001, 0.14664597965, 0.058618049332, 0.058955911577, 0.08844070455, 0.61788696461, 0.029318593784],
      [6.8477864535e-06, 0.00019893557128, 0.00076669884785, 0.49868091505, 0.001880346831, 0.49836079068, 0.00010546522881],
      [6.151983808e-06, 1.5333906078e-05, 5.6691041666e-06, 0.0004432516291, 0.66310415365, 0.33634043009, 8.5009638225e-05],
      [4.8593366347e-05, 0.0013345684834, 7.3703351252e-05, 8.666110702e-05, 0.19898759618, 0.79944669643, 2.2181077639e-05],
      [3.6186130641e-05, 6.1641865305e-05, 0.00010272094618, 8.6809108887e-05, 0.00029536028498, 0.74921552534, 0.25020175633]
    ],
    [
      [0.12, 0.04, 0.04, 0.04, 0.12, 0.6, 0.04],
      [0.025, 0.066666666667, 0.058333333333, 0.041666666667, 0.13333333333, 0.63333333333, 0.041666666667],
      [6.485288332e-17, 1.7751912478e-15, 0.1, 0.2, 0.1, 0.6, 3.3935215264e-15],
      [6.1194019646e-16, 1.8246667032e-17, 4.5861277156e-16, 5.9862680055e-15, 0.4, 0.6, 2.0048950652e-15],
      [0.03125, 0.03125, 0.03125, 0.03125, 0.15625, 0.6875, 0.03125],
      [1.3742452273e-15, 0.041666666667, 0.041666666667, 0.041666666667, 0.125, 0.625, 0.125]
    ],
    [
      [0.071428571429, 0.10714285714, 9.0286076208e-15, 0.071428571429, 0.10714285714, 0.60714285714, 0.035714285714],
      [0.023255813953, 0.038759689922, 0.054263565891, 0.06976744186, 0.12403100775, 0.62790697674, 0.062015503876],
      [1.8543696477e-14, 1.3464467722e-16, 9.462912813e-15, 0.33333333333, 0.11111111111, 0.55555555556, 4.8650698796e-16],
      [1.8220325824e-16, 4.6157584668e-16, 6.834663585e-16, 1.8618699557e-15, 0.5, 0.5, 3.9188647202e-16],
      [0.017543859649, 0.035087719298, 0.035087719298, 0.070175438596, 0.12280701754, 0.66666666667, 0.052631578947],
      [5.6202824683e-17, 3.8135100665e-16, 7.3958760213e-15, 0.041666666667, 0.125, 0.625, 0.20833333333]
    ],
    [
      [0, 0.057695575824, 0.0410548717, 0.01449344585, 0.12866897882, 0.74159478836, 0.016492339436],
      [0, 0.026463097332, 0.081792894732, 0.019067115684, 0.11400308148, 0.73979528167, 0.018878529099],
      [0, 0.020032714939, 0.12406282571, 0.037392043098, 0.14542083694, 0.65988272208, 0.013208857227],
      [0, 0.0010327411165, 0.028301708872, 0.063210346962, 0.19342940148, 0.70948999759, 0.0045358039743],
      [0, 0.0093435183894, 0.062355121989, 0.03284295198, 0.11893256323, 0.75399128786, 0.022534556551],
      [0, 0.010259202406, 0.034480163181, 0.02254057836, 0.10214169525, 0.6152572002, 0.21532116061]
    ],
    [
      [0, 0.19999961397, 1.8525645317e-07, 1.2727998504e-05, 0.29997523548, 0.49999475808, 1.747921336e-05],
      [0, 0.063291206199, 0.012656206006, 0.075943760486, 0.31646413959, 0.50633032108, 0.025314366635],
      [0, 0.041660292975, 6.4351502377e-06, 0.08334031215, 0.37499708078, 0.49999487836, 1.0005892421e-06],
      [0, 1.2452847428e-06, 1.9981366978e-07, 1.984948588e-05, 0.99997591744, 2.2784876044e-06, 5.0948589929e-07],
      [0, 0.062499979881, 3.0763420827e-09, 0.062507534556, 0.31248041616, 0.5625102712, 1.7951310971e-06],
      [0, 1.8826968756e-05, 3.9753591678e-07, 9.6845609953e-07, 0.24999851286, 0.49998916943, 0.24999212475]
    ],
    [
      [0.142854678, 0.14284677732, 1.2969880188e-05, 2.2232406752e-06, 0.28571339561, 0.4285688611, 1.0948452151e-06],
      [1.1558186984e-07, 0.040540630942, 0.094593055805, 0.067567290443, 0.28378032839, 0.51351767045, 9.0838604469e-07],
      [1.2558427738e-08, 8.1503575745e-06, 0.05882484306, 0.1764610068, 0.29411651735, 0.47058919994, 2.6994113904e-07],
      [1.3245017823e-09, 2.7972199268e-08, 4.6359563003e-06, 4.8638148398e-06, 0.99997936699, 1.1102690388e-05, 1.2536972505e-09],
      [1.7453905381e-07, 0.034479946921, 0.034482455548, 0.034481244537, 0.31035001955, 0.58620582111, 3.3779386741e-07],
      [3.1131910594e-07, 8.0220939044e-07, 4.4567100503e-07, 1.8806694578e-05, 0.27274101828, 0.63633764044, 0.090900975386]
    ],
    [
