{
  "X": [
    [189, 147, 853, 50],
    [43, 221, 485, 63],
    [20, 80, 196, 23],
    [37, 149, 415, 37],
    [37, 164, 306, 42],
    [3, 9, 204, 24],
    [3, 5, 61, 10],
    [5, 8, 106, 17],
    [2, 4, 70, 11],
    [18, 51, 204, 31],
    [2, 3, 59, 8],
    [12, 10, 163, 7],
    [5, 12, 168, 23],
    [2, 1, 81, 2],
    [3, 4, 5, 3],
    [1, 3, 68, 14],
    [0, 1, 64, 5],
    [55, 56, 402, 20],
    [205, 177, 1028, 70],
    [8, 9, 76, 12],
    [26, 17, 87, 5],
    [43, 191, 735, 105],
    [48, 142, 339, 72],
    [50, 176, 446, 94],
    [62, 160, 568, 84],
    [15, 105, 234, 60],
    [5, 5, 205, 35],
    [7, 4, 88, 16],
    [3, 9, 97, 10],
    [2, 1, 62, 7],
    [1, 5, 41, 8],
    [36, 152, 116, 46],
    [2, 1, 83, 6],
    [14, 31, 105, 20],
    [18, 20, 139, 24],
    [7, 12, 58, 7],
    [37, 74, 273, 23],
    [6, 16, 249, 25],
    [2, 2, 62, 5],
    [30, 36, 175, 30],
    [16, 25, 93, 17],
    [3, 2, 77, 11],
    [7, 5, 84, 3],
    [41, 251, 311, 69],
    [43, 187, 333, 75],
    [53, 177, 367, 51],
    [10, 39, 185, 30],
    [19, 59, 106, 29],
    [6, 43, 35, 22],
    [2, 1, 42, 7],
    [6, 4, 88, 13],
    [0, 0, 19, 0],
    [6, 3, 88, 14],
    [22, 85, 313, 62],
    [19, 67, 243, 53],
    [7, 9, 81, 11],
    [209, 159, 755, 48],
    [52, 57, 180, 11],
    [19, 31, 321, 40],
    [14, 40, 106, 17],
    [5, 17, 40, 9],
    [18, 33, 69, 11],
    [22, 101, 378, 52],
    [118, 129, 768, 90],
    [18, 47, 222, 33],
    [30, 59, 168, 25],
    [6, 21, 101, 19],
    [7, 10, 168, 31],
    [0, 4, 94, 23],
    [4, 6, 81, 20],
    [5, 10, 58, 7],
    [3, 23, 94, 8],
    [1, 2, 82, 8],
    [3, 5, 80, 4],
    [1, 1, 55, 11],
    [24, 54, 414, 50],
    [35, 102, 652, 69],
    [395, 668, 3121, 282],
    [2, 14, 79, 9],
    [49, 64, 248, 21],
    [238, 302, 1278, 126],
    [31, 18, 122, 6]
  ],
  "W": [
    [15, 195, 129, 811, 39, 50],
    [23, 53, 228, 430, 50, 28],
    [20, 31, 80, 153, 21, 14],
    [25, 46, 143, 359, 40, 25],
    [18, 31, 172, 269, 36, 23],
    [5, 1, 9, 201, 10, 14],
    [1, 4, 6, 56, 5, 7],
    [1, 8, 8, 111, 1, 7],
    [1, 2, 4, 73, 2, 5],
    [20, 18, 48, 186, 17, 15],
    [3, 5, 2, 59, 1, 2],
    [9, 17, 12, 141, 2, 11],
    [14, 6, 16, 149, 8, 15],
    [5, 3, 3, 71, 1, 3],
    [2, 3, 3, 4, 0, 3],
    [2, 3, 0, 65, 4, 12],
    [2, 1, 1, 64, 0, 2],
    [6, 67, 50, 385, 6, 19],
    [26, 189, 195, 977, 39, 54],
    [3, 9, 9, 78, 2, 4],
    [4, 29, 14, 73, 4, 11],
    [56, 51, 195, 657, 68, 47],
    [28, 51, 140, 309, 46, 27],
    [35, 50, 181, 421, 39, 40],
    [40, 64, 167, 526, 42, 35],
    [20, 13, 94, 220, 44, 23],
    [9, 5, 8, 208, 9, 11],
    [8, 6, 6, 79, 6, 10],
    [2, 2, 15, 91, 2, 7],
    [8, 0, 1, 52, 0, 11],
    [2, 2, 4, 42, 0, 5],
    [12, 28, 138, 96, 50, 26],
    [3, 1, 4, 79, 2, 3],
    [4, 16, 30, 100, 9, 11],
    [10, 26, 17, 136, 8, 4],
    [0, 7, 14, 52, 9, 2],
    [13, 30, 65, 261, 22, 16],
    [14, 7, 14, 244, 8, 9],
    [0, 4, 3, 55, 4, 5],
    [8, 27, 33, 164, 16, 23],
    [3, 18, 21, 80, 13, 16],
    [1, 4, 0, 80, 3, 5],
    [4, 6, 5, 80, 0, 4],
    [17, 41, 236, 271, 70, 37],
    [27, 45, 171, 314, 54, 27],
    [22, 42, 176, 335, 48, 25],
    [9, 11, 42, 172, 5, 25],
    [6, 12, 52, 105, 24, 14],
    [3, 5, 42, 34, 14, 8],
    [3, 0, 2, 42, 2, 3],
    [3, 6, 3, 92, 1, 6],
    [2, 0, 0, 17, 0, 0],
    [9, 5, 4, 82, 5, 6],
    [17, 25, 73, 311, 31, 25],
    [28, 19, 72, 218, 25, 20],
    [4, 5, 9, 80, 8, 2],
    [15, 210, 167, 697, 34, 48],
    [6, 58, 50, 162, 10, 14],
    [24, 17, 40, 309, 5, 16],
    [6, 8, 43, 101, 8, 11],
    [4, 3, 15, 32, 8, 9],
    [9, 12, 31, 65, 10, 4],
    [14, 26, 89, 363, 33, 28],
    [28, 135, 124, 714, 37, 67],
    [5, 12, 45, 214, 17, 27],
    [13, 30, 48, 156, 21, 14],
    [8, 7, 21, 94, 8, 9],
    [14, 9, 13, 158, 8, 14],
    [2, 2, 3, 96, 5, 13],
    [6, 6, 4, 82, 5, 8],
    [4, 5, 7, 56, 3, 5],
    [2, 7, 16, 92, 5, 6],
    [4, 2, 2, 73, 4, 8],
    [3, 7, 6, 70, 2, 4],
    [2, 2, 2, 57, 0, 5],
    [23, 30, 61, 384, 17, 27],
    [23, 35, 104, 608, 55, 33],
    [87, 439, 631, 2937, 188, 184],
    [5, 6, 12, 75, 1, 5],
    [9, 35, 68, 239, 20, 11],
    [37, 240, 324, 1177, 66, 100],
    [3, 34, 19, 107, 2, 12]
  ],
  "method": "mult",
  "cond_prob": [
    [
      [0.00099274719991, 0.0027973719779, 0.5339004544, 0.46230942642],
      [0.84931311328, 0.024017716641, 0.12666917008, 0],
      [0.036978582793, 0.89251916401, 0.063821604113, 0.0066806490869],
      [0.020451773716, 0.0094057039375, 0.95441441336, 0.015728108982],
      [0.014820458913, 0.48351309757, 0.15294854728, 0.34871789623],
      [0.028688562815, 0.013091516395, 0.64125871011, 0.31696121068]
    ],
    [
      [0, 0.0013451723316, 0.44841782018, 0.55023700749],
      [0.79444399405, 0.025948103255, 0.17960042609, 7.4766075727e-06],
      [0.00035185248578, 0.87612733895, 0.11122566729, 0.012295141276],
      [0, 0, 0.96874644824, 0.031253551762],
      [0.0073040714332, 0.39138496552, 0.14399317373, 0.45731778931],
      [0.016037227744, 0.0095546430852, 0.57312442797, 0.4012837012]
    ],
    [
      [0, 0, 0.55164570658, 0.44835429342],
      [0.63630900042, 0.02767503699, 0.33601596259, 0],
      [0, 0.87057404429, 0.12616673554, 0.0032592201725],
      [0, 0, 0.98946655154, 0.01053344846],
      [0.0044760952229, 0.44558030359, 0.17834544823, 0.37159815296],
      [0.012887356241, 0.009925995353, 0.6659725276, 0.31121412081]
    ],
    [
      [0, 0.0021160752706, 0.55327394554, 0.44460997919],
      [0.78620948201, 0.027020620739, 0.18676989725, 0],
      [0, 0.89924634532, 0.096932710392, 0.0038209442832],
      [0, 0, 0.98978736238, 0.010212637616],
      [0.0090630459518, 0.47042823352, 0.16907174757, 0.35143697296],
      [0.018873679583, 0.011791713673, 0.66475302012, 0.30458158662]
    ],
    [
      [0.00091339150623, 0.0015635677178, 0.46621474616, 0.53130829462],
      [0.84908509367, 0.018503470116, 0.13241143622, 0],
      [0.048974218693, 0.86414711124, 0.0785054092, 0.0083732608685],
      [0.0043582148748, 0, 0.97121052524, 0.024431259881],
      [0.013634840379, 0.4040374693, 0.14669207974, 0.43563561059],
      [0.025006146916, 0.0095476599903, 0.58538710882, 0.38005908427]
    ],
    [
      [0.00055771868267, 0.0010465469282, 0.38304886038, 0.61534687401],
      [0.90220137395, 0.0099972347284, 0.087780889009, 2.0502311661e-05],
      [0.04978170026, 0.84375624259, 0.087903210527, 0.018558846618],
      [0, 0, 0.9569554566, 0.0430445434],
      [0.12304517109, 0.13909638473, 0.17507776092, 0.56278068327],
      [0.029751644244, 0, 0.5076443949, 0.46260396086]
    ],
    [
      [5.942122348e-05, 0.00058616816751, 0.36128119127, 0.63807321934],
      [0.74998514469, 0.013778263046, 0.23562404254, 0.00061254971822],
      [0, 0.61045475898, 0.36777196279, 0.021773278227],
      [0, 0, 0.95009119851, 0.049908801494],
      [0, 0.25631444515, 0.14055369812, 0.60313185673],
      [0, 0, 0.51167360784, 0.48832639216]
    ],
    [
      [4.1688588918e-05, 0.0011543342293, 0.23346479088, 0.7653391863],
      [0.59838869348, 0.067009720482, 0.33288312873, 0.0017184573069],
      [0.018723011186, 0.89514039847, 0.059764162721, 0.026372427623],
      [0, 0, 0.90198157381, 0.098018426185],
      [0.0043746835013, 0.25413260831, 0.077935573882, 0.66355713431],
      [0.0083842843703, 0.006787443692, 0.34678094431, 0.63804732763]
    ],
    [
      [0.00024884808188, 0.0010807700837, 0.26594627535, 0.73272410649],
      [0.88100108341, 0.015095927005, 0.10336437271, 0.00053861687303],
      [0.030903967926, 0.86050491795, 0.086409893383, 0.022181220738],
      [0, 0, 0.91877939309, 0.081220606907],
      [0.006842675089, 0.26335385205, 0.089478514541, 0.64032495832],
      [0.020089552643, 0, 0.38636653616, 0.5935439112]
    ],
    [
      [0.00045356715523, 0.0024193080117, 0.43899103603, 0.5581360888],
      [0.84057085359, 0.022279958384, 0.13714918802, 0],
      [0.032711150993, 0.88679698223, 0.069366893993, 0.011124972782],
      [0.004148361325, 0.005346259887, 0.96074180098, 0.029763577811],
      [0.011197009201, 0.40179734774, 0.13547010856, 0.4515355345],
      [0.021904912111, 0.010624012752, 0.5613944104, 0.40607666473]
    ],
    [
      [0, 0.00063703696998, 0.29518481256, 0.70417815047],
      [0.39405840436, 0.14298776746, 0.46138592501, 0.001567903168],
      [0.0071245635382, 0.94277615532, 0.038517562428, 0.01158171871],
      [0, 0, 0.92872310178, 0.071276898216],
      [0.0027068052956, 0.37778751439, 0.086671122266, 0.53283455805],
      [0.0063760229141, 0.0099051133773, 0.42457334242, 0.55914552129]
    ],
    [
      [0, 0.00064781589139, 0.64243931326, 0.35691287085],
      [0.67238025388, 0, 0.32761974612, 0],
      [0.028015189333, 0.7463455524, 0.22011006586, 0.0055291924037],
      [0, 0, 0.99607081475, 0.0039291852516],
      [0.01213493357, 0.47032036319, 0.21076081067, 0.30678389257],
      [0.019007594989, 0.008852936528, 0.73997120049, 0.23216826799]
    ],
    [
      [0, 0, 0.44131222205, 0.55868777795],
      [0.81239311824, 0.016009354682, 0.17159752707, 0],
      [0, 0.59061109265, 0.39251658704, 0.016872320316],
      [0, 0, 0.96964304304, 0.030356956962],
      [0.0090417499509, 0.29974469027, 0.16122124146, 0.52999231832],
      [0.0035538193952, 0.0037472578238, 0.58301299946, 0.40968592332]
    ],
    [
      [0, 0, 0.76866200799, 0.23133799201],
      [0.59511043932, 0, 0.40488956068, 0],
      [0.047480711544, 0.22725839628, 0.71809621982, 0.0071646723574],
      [0, 0, 1, 0],
      [0.016982676364, 0.3092230684, 0.34641891815, 0.32737533708],
      [0.018414623679, 0.0030005809201, 0.81377123347, 0.16481356193]
    ],
    [
      [0.0055378422964, 0.046400404118, 0.24141305937, 0.70664869422],
      [0.91212309785, 0.08787690215, 0, 0],
      [0, 1, 0, 0],
      [0.039909537677, 0.097233822075, 0.86285664025, 0],
      [0.0088167583401, 0.45900456745, 0.068373318998, 0.46380535521],
      [0.030972290383, 0.084877732338, 0.35524910676, 0.52890087052]
    ],
    [
      [0, 0.0023289070878, 0.33458827891, 0.66308281401],
      [0.33333333333, 0.26537872505, 0.40008243, 0.0012055116102],
      [0.0040100423176, 0.9646000285, 0.025072836457, 0.0063170927239],
      [0, 0, 0.92721751775, 0.072782482254],
      [0, 0.49599216998, 0.080849487705, 0.42315834232],
      [0, 0.01793644423, 0.46150329566, 0.52056026011]
    ],
    [
      [0, 0, 0.35576579138, 0.64423420862],
      [0, 0.016310435178, 0.983617511, 7.2053820045e-05],
      [0, 0.98368956482, 0.013427532607, 0.0028829025707],
      [0, 0, 0.95751063072, 0.042489369284],
      [0, 0.43463536535, 0.099852182175, 0.46551245247],
      [0, 0, 0.50537150391, 0.49462849609]
    ],
    [
      [0.0004292944185, 0.0028414724663, 0.51028184496, 0.48644738816],
      [0.79405258569, 0.054081428281, 0.15186598603, 0],
      [0.026301510512, 0.90244665599, 0.063646016168, 0.0076058173324],
      [0, 0.010667434629, 0.96835931622, 0.02097324915],
      [0.010904952841, 0.47918894899, 0.1458744032, 0.36403169497],
      [0.021862934188, 0.013424560256, 0.62565283652, 0.33905966904]
    ],
    [
      [0.001375843411, 0.0017152752652, 0.49490694443, 0.50200193689],
      [0.86577778448, 0.013770923556, 0.12045129196, 0],
      [0.1050188441, 0.80937678275, 0.076214412399, 0.0093899607505],
      [0.019017811037, 0, 0.96065263176, 0.020329557205],
      [0.016648514903, 0.41082085268, 0.15628136112, 0.4162492713],
      [0.030071458142, 0.0093002296434, 0.60838371361, 0.3522445986]
    ],
    [
      [0.00016099780729, 0.0013683155306, 0.27944925066, 0.719021436],
      [0.85022955612, 0.021624687103, 0.12587295254, 0.0022728042327],
      [0.029848448274, 0.88738729299, 0.060634272131, 0.022129986603],
      [0, 0.0026421290062, 0.91919187368, 0.078165997314],
      [0.0077170874475, 0.28913144393, 0.091455136135, 0.61169633249],
      [0.015845198034, 0.0076095705529, 0.40080270165, 0.57574252976]
    ],
    [
      [0.0011330173796, 0.0038496849845, 0.62985757438, 0.36515972326],
      [0.83377913797, 0.029041874606, 0.13717898743, 0],
      [0.032896531843, 0.905369939, 0.061733529161, 0],
      [0.012496290526, 0.014535419101, 0.97296829037, 0],
      [0.01445624054, 0.55700128038, 0.17045818612, 0.25808429296],
      [0.035024301187, 0.016192457694, 0.72087197429, 0.22791126683]
    ],
    [
      [0, 0.00033330083454, 0.44691325315, 0.55275344602],
      [0.7995709477, 0.024090045628, 0.17633900668, 0],
      [0.0045670976077, 0.83906462064, 0.14346608145, 0.012902200307],
      [0, 0, 0.9684183614, 0.031581638602],
      [0.0081726950533, 0.37845261701, 0.14580928169, 0.46756540624],
      [0.016501156818, 0.0085183796789, 0.57101676611, 0.4039636974]
    ],
    [
      [6.5025594143e-05, 0.0018158844973, 0.382789382, 0.61532970791],
      [0.83486444568, 0.022602028909, 0.14076170184, 0.0017718235679],
      [0.03100746551, 0.88170238033, 0.067418576629, 0.019871577527],
      [0.00041277256472, 0.0022922581677, 0.94636759993, 0.050927369339],
      [0.0093677448954, 0.35647665225, 0.12075183284, 0.51340377001],
      [0.0192809035, 0.0093290642844, 0.50675100346, 0.46463902876]
    ],
    [
      [0.0002350594286, 0.0018390909962, 0.35209755762, 0.64582829195],
      [0.839689914, 0.022636997726, 0.13573817431, 0.0019349139579],
      [0.032316351853, 0.88195576951, 0.062042208224, 0.02368567041],
      [0.0024591782038, 0.0038128504892, 0.93189693434, 0.06183103697],
      [0.0093918101544, 0.33844640853, 0.11128861176, 0.54087316955],
      [0.018910572865, 0.0091291914604, 0.47477929661, 0.49718093906]
    ],
    [
      [0.00035853036433, 0.0012315131759, 0.40832536738, 0.59008458908],
      [0.83613190101, 0.020524952217, 0.14279648122, 0.00054666555123],
      [0.043759198274, 0.8569895957, 0.083588217346, 0.015662988678],
      [0, 0, 0.95902706513, 0.040972934869],
      [0.010637981496, 0.36223228439, 0.13108546602, 0.49604426809],
      [0.020532451035, 0.0087464029846, 0.53185578222, 0.43886536376]
    ],
    [
      [0.00021747153742, 0.0032808740396, 0.37067301368, 0.62582864075],
      [0.83835873075, 0.024604984863, 0.13623794093, 0.00079834346069],
      [0.029526552778, 0.89593098017, 0.05424032332, 0.020302143737],
      [0.0022313300486, 0.017522081525, 0.92498258439, 0.055264004033],
      [0.0089812582024, 0.36996494184, 0.11038673045, 0.51066706951],
      [0.018931440732, 0.011464791466, 0.4940726694, 0.4755310984]
    ],
    [
      [0.00015960439846, 0, 0.30079187884, 0.69904851677],
      [0.85051247462, 0.0097542458542, 0.13925138089, 0.0004818986347],
      [0.053860538431, 0.61890359634, 0.28793421934, 0.03930164589],
      [0, 0, 0.92392091421, 0.076079085789],
      [0.013682769455, 0, 0.27315109322, 0.71316613733],
      [0.017451995886, 0, 0.42356658513, 0.55898141898]
    ],
    [
      [0, 0, 0.39968654972, 0.60031345028],
      [0.88234076618, 0, 0.11758785257, 7.1381244189e-05],
      [0.22522619172, 0.4409249463, 0.31090984546, 0.022939016518],
      [0, 0, 0.9624147659, 0.037585234099],
      [0.015544503426, 0.22574172036, 0.15480460101, 0.6039091752],
      [0.026133123202, 0, 0.52719273018, 0.44667414661]
    ],
    [
      [0.00043709261417, 0.00010897903448, 0.37823023302, 0.62122369534],
      [0.88736023788, 0.008860934367, 0.10367360547, 0.000105222288],
      [0.070442458375, 0.56439130969, 0.3429909333, 0.022175298635],
      [0, 0, 0.95650815975, 0.043491840252],
      [0.012049454046, 0.25016654921, 0.14046539735, 0.5973185994],
      [0.020524222185, 0.0022653470724, 0.50973642739, 0.46747400335]
    ],
    [
      [0.0025135800646, 0.0017090317392, 0.54168287969, 0.4540945085],
      [1, 0, 0, 0],
      [0.0327413558, 0.94725638501, 0.018364786541, 0.0016374726458],
      [0.017420545821, 0, 0.97867192336, 0.0039075308238],
      [0.041334733006, 0.52346235365, 0.13539984486, 0.29980306848],
      [0.094661965546, 0.0035519419157, 0.61429383286, 0.28749225968]
    ],
    [
      [0, 0.0021930045921, 0.26524393866, 0.73256305675],
      [0.5, 0.33831262929, 0.16054621732, 0.0011411533865],
      [0, 0.94772520655, 0.037012759915, 0.015262033538],
      [0, 0.010336610694, 0.90621189462, 0.083451494687],
      [0.0033457218308, 0.36703300266, 0.07796732628, 0.55165394923],
      [0, 0.018790051379, 0.38789381488, 0.59331613375]
    ],
    [
      [0.0021740283882, 0.00503994586, 0.39323674817, 0.59954927758],
      [0.87816447553, 0.026546958352, 0.095288566122, 0],
      [0.056416737609, 0.92250362863, 0.013930899128, 0.0071487346316],
      [0.018742216111, 0.024875148022, 0.92181491392, 0.034567721943],
      [0.019708266227, 0.42096651745, 0.099875188949, 0.45945002738],
      [0.031351172945, 0.017475576233, 0.50779322718, 0.44338002364]
    ],
    [
      [0.00023109899932, 0, 0.44629014364, 0.55347875736],
      [0.94632679355, 0.0013441398035, 0.052329066646, 0],
      [0.22969990117, 0.18226322283, 0.5578586589, 0.0301782171],
      [0, 0, 0.97794226461, 0.022057735392],
      [0.022173388695, 0.13287244494, 0.20067808819, 0.64427607817],
      [0.029944509123, 0.0012860263345, 0.57285692879, 0.39591253575]
    ],
    [
      [3.7853738193e-05, 0.0019006172708, 0.34205318818, 0.65600834081],
      [0.83526360927, 0.024158117355, 0.13806988932, 0.0025083840548],
      [0.012705460037, 0.90337380109, 0.062733736478, 0.021187002391],
      [0, 0.0037185997181, 0.93439193854, 0.061889461742],
      [0.0079450778647, 0.33638267581, 0.1080671903, 0.54760505603],
      [0.016632848625, 0.0095772333025, 0.46625985065, 0.50753006742]
    ],
    [
      [0, 0.00043329824013, 0.32073040802, 0.67883629374],
      [0.67493128356, 0.082241830896, 0.23838161806, 0.0044452674831],
      [0.021008317394, 0.89473006001, 0.063788004379, 0.020473618215],
      [0, 0, 0.9258163686, 0.074183631396],
      [0.0052219079997, 0.3264041329, 0.10223861629, 0.56613534281],
      [0.013217491938, 0.0089338327214, 0.44536067883, 0.53248799651]
    ],
    [
      [0.00050991520923, 0.0013524112146, 0.42798329378, 0.5701543798],
      [0.85489060223, 0.0068041968093, 0.13830520096, 0],
      [0.061563849264, 0.65868972891, 0.26601657966, 0.013729842158],
      [0, 0, 0.97570187857, 0.024298121427],
      [0.012368081689, 0.30228322769, 0.1612838718, 0.52406481882],
      [0.021279579737, 0.0050826841717, 0.55978947299, 0.4138482631]
    ],
    [
      [0.0018458554064, 0.0034101040554, 0.51893994385, 0.47580409669],
      [0.87038326009, 0.021214427905, 0.10840231201, 0],
      [0.044424667705, 0.89261418347, 0.057675823843, 0.0052853249802],
      [0.027037960071, 0.017249141065, 0.94257156376, 0.013141335103],
      [0.017723020917, 0.48090199603, 0.14621455533, 0.35516042773],
      [0.033130539838, 0.013590259615, 0.62655527884, 0.32672392171]
    ],
    [
      [0, 0.0018086707696, 0.41545882821, 0.58273250102],
      [0.81355252396, 0.02489363706, 0.16150202216, 5.1816820985e-05],
      [0.0066847579357, 0.90522628811, 0.07513763596, 0.012951317998],
      [0, 0, 0.96342041461, 0.036579585393],
      [0.0082293153306, 0.38010470977, 0.13097620275, 0.48068977216],
      [0.016190133169, 0.009601937578, 0.54208272894, 0.43212520031]
    ],
    [
      [0.00027194036477, 0.00087751714325, 0.46812725152, 0.53072329098],
      [0.47297583356, 0, 0.52702416644, 0],
      [0.028366275516, 0.66666666667, 0.28751510146, 0.017451956356],
      [0, 0, 0.98491629034, 0.015083709665],
      [0.0057494598072, 0, 0.43846991073, 0.55578062947],
      [0, 0, 0.6210164837, 0.3789835163]
    ],
    [
      [0.0015468550894, 0.0018741387289, 0.39582751459, 0.60075149159],
      [0.86996278751, 0.018488807337, 0.11114080044, 0.00040760471889],
      [0.044153813907, 0.8780779729, 0.063697331698, 0.014070881491],
      [0.025366650348, 0.0021813092395, 0.93242020968, 0.040031830736],
      [0.014775630273, 0.37061023522, 0.12202992205, 0.49258421246],
      [0.028044056354, 0.009640761196, 0.51570318199, 0.44661200046]
    ],
    [
      [0.00028403553649, 0.0021807431877, 0.43098436052, 0.56655086075],
      [0.83507658682, 0.02360058159, 0.14132283159, 0],
      [0.025029862292, 0.89474338821, 0.068830442369, 0.011396307129],
      [0, 0.0051072415365, 0.96362069662, 0.031272061847],
      [0.0097077426015, 0.39941002454, 0.13337061185, 0.45751162101],
      [0.01974634804, 0.011132906716, 0.55589518605, 0.4132255592]
    ],
    [
      [0.00017697542682, 0.001946042693, 0.28938391925, 0.70849306263],
      [0.74628620104, 0.11692858178, 0.13581364169, 0.00097157549405],
      [0.0085024200925, 0.96313786056, 0.021777014603, 0.006582704744],
      [0, 0.0014444081745, 0.92348035866, 0.075075233169],
      [0.0048927401402, 0.43216388474, 0.076128399172, 0.48681497595],
      [0, 0.023659064402, 0.41210952479, 0.56423141081]
    ],
    [
      [0.0014919872412, 0.0029774767589, 0.61331095124, 0.38221958476],
      [0.87766373149, 0.017211233461, 0.10512503505, 0],
      [0.034380848021, 0.90367698856, 0.058007221037, 0.0039349423871],
      [0.017744139142, 0.0039198746314, 0.97246452382, 0.005871462405],
      [0.016995392237, 0.54278881167, 0.16824401598, 0.27197178012],
      [0.034153572656, 0.013211944728, 0.70720199346, 0.24543248916]
    ],
    [
      [0.00016779814148, 0.0033665030455, 0.42495684608, 0.57150885273],
      [0.82629710257, 0.028205286814, 0.14549761062, 0],
      [0.02450871764, 0.90988876227, 0.053902533263, 0.011699986829],
      [0, 0.021342812913, 0.94493510208, 0.033722085008],
      [0.0087685152931, 0.41098446292, 0.12542400809, 0.4548230137],
      [0.019489534939, 0.013507840259, 0.54681731086, 0.42018531394]
    ],
    [
      [1.2716500884e-05, 0.004313779359, 0.37640639884, 0.6192671053],
      [0.83360114102, 0.02905843617, 0.13606475578, 0.0012756670285],
      [0.026328184287, 0.90849757045, 0.04659142005, 0.018582825213],
      [0, 0.02883192464, 0.92136387197, 0.049804203389],
      [0.0086686313389, 0.38567275678, 0.1101132054, 0.49554540648],
      [0.019162211237, 0.012713354807, 0.49972635192, 0.46839808204]
    ],
    [
      [0.0016046988732, 0.0022641398434, 0.46194807755, 0.53418308374],
      [0.86431940783, 0.018974983583, 0.11670560859, 0],
      [0.048049417114, 0.87918094864, 0.06509378298, 0.0076758512663],
      [0.019985398499, 0.0036587190635, 0.9530737137, 0.023282168737],
      [0.016439708298, 0.41505593776, 0.1401886054, 0.42831574855],
      [0.028894783537, 0.010761470155, 0.57881015121, 0.3815335951]
    ],
    [
      [0, 0.0014824687827, 0.37101156897, 0.62750596225],
      [0.82116641994, 0.023829360439, 0.1543342209, 0.00066999871777],
      [0.012875367189, 0.87595925121, 0.09290556945, 0.018259812155],
      [0, 0, 0.9478546989, 0.052145301101],
      [0.0081878614808, 0.34493247408, 0.119198122, 0.52768154245],
      [0.015418586053, 0.0083833558026, 0.49736746847, 0.47883058967]
    ],
    [
      [0.0024208050572, 0.0034668342601, 0.35528214605, 0.63883021463],
      [0.90165716215, 0.019045594092, 0.078437645487, 0.00085959827536],
      [0.061628691217, 0.89308629049, 0.027739269145, 0.017545749145],
      [0.037570601343, 0.028613974132, 0.88270561078, 0.051109813742],
      [0.021802061795, 0.37969702733, 0.093463794437, 0.50503711644],
      [0.035195332607, 0.013783487142, 0.4683852274, 0.48263595285]
    ],
    [
      [0.00017718948542, 0.0025825869118, 0.25661660079, 0.74062362282],
      [0.87476661913, 0.022413530496, 0.097580993447, 0.0052388569248],
      [0.030187580421, 0.90509784294, 0.00012606982117, 0.064588506814],
      [0.003325290614, 0.014564014627, 0.8804398665, 0.10167082826],
      [0.0074620631827, 0.30570634066, 0.063327549384, 0.62350404677],
      [0.017528524095, 0.011376239568, 0.36442614319, 0.60666909314]
    ],
    [
      [0.0017083633535, 0, 0.33428915247, 0.66400248418],
      [1, 0, 0, 0],
      [0.55511044564, 0.33506436633, 0.088195385171, 0.021629802859],
      [0.010828886526, 0, 0.93536261386, 0.053808499618],
      [0.061438225, 0.16493563367, 0.12613430169, 0.64749183964],
      [0.10232144486, 0, 0.42774779564, 0.4699307595]
    ],
    [
      [0.00043502894009, 0.0018021781555, 0.28350711713, 0.71425567577],
      [0.8661687462, 0.022455738404, 0.11029532485, 0.0010801905372],
      [0.023839260626, 0.91827403585, 0.043467893936, 0.014418809591],
      [0.0066749569492, 0.007598283255, 0.91145145214, 0.074275307652],
      [0.0080686523935, 0.34892100283, 0.08525344441, 0.55775690036],
      [0.017999993726, 0.0095123108789, 0.403085996, 0.56940169939]
    ],
    [
      [0, 0, 1, 0],
      [-0, 0, 1, 0],
      [0, -0, 1, 0],
      [0, 0, 1, 0],
      [0, -0, 1, 0],
      [0, 0, 1, 0]
    ],
    [
      [0.00022710172608, 0, 0.40217461587, 0.5975982824],
      [0.88910995671, 0, 0.10377314776, 0.0071168955377],
      [0.06385843859, 0.75, 0.16524511249, 0.020896448923],
      [0, 0, 0.96483998939, 0.035160010606],
      [0.22429634325, 0, 0.18354658207, 0.59215707469],
      [0.029248471725, 0, 0.52766170463, 0.44308982365]
    ],
    [
      [0, 0.0029220555051, 0.34213831593, 0.65493962856],
      [0.82294035288, 0.02880134611, 0.14682523642, 0.0014330645912],
      [0.010941587973, 0.91419908715, 0.054993086888, 0.019866237993],
      [0, 0.019604481739, 0.91538940862, 0.065006109638],
      [0.0072873038598, 0.35839649722, 0.10309096918, 0.53122522974],
      [0.016073953449, 0.011458912289, 0.46466385, 0.50780328427]
    ],
    [
      [0, 0, 0.38487218221, 0.61512781779],
      [0.83553703141, 0.018634650464, 0.14464317474, 0.0011851433827],
      [0.034899348447, 0.80931127681, 0.13489411227, 0.020895262476],
      [0, 0, 0.94655614696, 0.05344385304],
      [0.0095784561903, 0.32981627902, 0.12811818074, 0.53248708405],
      [0.018629095511, 0.0065061367796, 0.51053939694, 0.46432537077]
    ],
    [
      [0.0014475149267, 0.00059250555835, 0.38360118081, 0.61435879871],
      [0.89963266367, 0.010316105945, 0.089980247585, 7.0982800517e-05],
      [0.1869092981, 0.71716573409, 0.079608727493, 0.016316240317],
      [0.0077572086334, 0, 0.95303767113, 0.039205120239],
      [0.016992761367, 0.30971256402, 0.13010193003, 0.54319274459],
      [0.028672078718, 0.0069286645532, 0.5076931805, 0.45670607623]
    ],
    [
      [0.0011944655533, 0.0020528448541, 0.52485000536, 0.47190268424],
      [0.87254245505, 0, 0.12745754495, 0],
      [0.059318201866, 0.85928271236, 0.073951767278, 0.0074473184947],
      [0.019911158763, 0, 0.96419145094, 0.015897390297],
      [0.016187760907, 0.44063898316, 0.16164588182, 0.38152737411],
      [0.029449296164, 0.010151436155, 0.63487123036, 0.32552803732]
    ],
    [
      [0.00082865672759, 0.0038672383079, 0.57297677826, 0.42232732671],
      [0.83433613911, 0.033269648767, 0.13239421213, 0],
      [0.031343011081, 0.90759831819, 0.057822089342, 0.0032365813883],
      [0.009391965606, 0.025900243435, 0.95660814478, 0.0080996461808],
      [0.013541822122, 0.52479065932, 0.15716645945, 0.3045010591],
      [0.027104627721, 0.015963928757, 0.67499903652, 0.281932407]
    ],
    [
      [0.00066780287581, 5.2644886515e-05, 0.38564396655, 0.61363558569],
      [0.85668955863, 0.0151760895, 0.12775102483, 0.00038332704058],
      [0.10022267553, 0.72729917245, 0.15390105661, 0.018577095401],
      [0, 0, 0.95341770148, 0.046582298519],
      [0.011996299464, 0.30885085245, 0.1313925387, 0.54776030939],
      [0.021960107235, 0.0065326150501, 0.50960641656, 0.46190086116]
    ],
    [
      [0.0023391383427, 0.0015747765588, 0.39147947655, 0.60460660854],
      [0.90346490601, 0.013133904388, 0.0833241523, 7.7037300232e-05],
      [0.06931004664, 0.85800676075, 0.058610733024, 0.014072459585],
      [0.032011372656, 0, 0.92955445882, 0.038434168525],
      [0.018961081581, 0.36170155123, 0.12179055149, 0.4975468157],
      [0.035734238672, 0.0088706348574, 0.50954033179, 0.44585479468]
    ],
    [
      [0.0034520952902, 0.0027565723968, 0.46992486668, 0.52386646563],
      [0.90628943887, 0.013440034841, 0.080270526285, 0],
      [0.055715434566, 0.88056263439, 0.062018550364, 0.0017033806818],
      [0.028141671081, 0.0064086955061, 0.95532942501, 0.010120208408],
      [0.022364236628, 0.42835071457, 0.13934434621, 0.40994070259],
      [0.039127157347, 0.012036679705, 0.5848793699, 0.36395679305]
    ],
    [
      [0.0087533202353, 0.0039530185858, 0.458994895, 0.52829876618],
      [0.90690310584, 0.017030000073, 0.076066894083, 0],
      [0.076432604467, 0.88411812615, 0.038106270074, 0.001342999306],
      [0.065060816275, 0.013536599894, 0.91065999083, 0.010742593004],
      [0.027538434659, 0.44233822678, 0.12797839322, 0.40214494534],
      [0.041158676199, 0.012284915047, 0.57556637695, 0.3709900318]
    ],
    [
      [6.5534469543e-05, 0.0026809668677, 0.40678516366, 0.590468335],
      [0.80738081912, 0.029498194058, 0.1628409766, 0.00028001022106],
      [0.0033314350655, 0.92034675468, 0.062781191031, 0.01354061922],
      [0, 0.01328952143, 0.94639995811, 0.040310520461],
      [0.0076334492481, 0.39781770669, 0.12296879283, 0.47158005123],
      [0.016384988369, 0.011877558989, 0.53151647709, 0.44022097555]
    ],
    [
      [0.00031971483288, 0.001942941188, 0.42116551802, 0.57657182596],
      [0.83090125505, 0.022869530887, 0.14588042378, 0.00034879028265],
      [0.032001374416, 0.88278984748, 0.071851974978, 0.013356803128],
      [0.00015037204295, 0.0022243288386, 0.96111412341, 0.036511175706],
      [0.01043673293, 0.38222179401, 0.13234148365, 0.47499998942],
      [0.020263930878, 0.0098789958314, 0.54435439367, 0.42550267962]
    ],
    [
      [0.00097235035715, 0.0019132937835, 0.3938652102, 0.60324914566],
      [0.8833295812, 0.016437786226, 0.10004671277, 0.00018591980352],
      [0.047739033149, 0.87385079743, 0.064029625464, 0.01438054396],
      [0.01953502684, 0.0043874567647, 0.93480441507, 0.04127310133],
      [0.015369464839, 0.36849369937, 0.12181311594, 0.49432371985],
      [0.029820375407, 0.009873539823, 0.51221527611, 0.44809080866]
    ],
    [
      [0.0013009073622, 0.0048702561877, 0.45197160984, 0.54185722661],
      [0.85043280863, 0.028970172549, 0.12059701882, 0],
      [0.034676074611, 0.90626319185, 0.051536605659, 0.0075241278832],
      [0.013892845845, 0.03121841492, 0.9319243984, 0.02296434083],
      [0.013231129251, 0.45187481521, 0.12670102142, 0.40819303412],
      [0.025751049852, 0.014821745535, 0.57084098821, 0.3885862164]
    ],
    [
      [0, 0.00059881041164, 0.37185873907, 0.62754245052],
      [0.82661655459, 0.022120058672, 0.15033090618, 0.0009324805598],
      [0.00070623544304, 0.85974896044, 0.12103412535, 0.018510678762],
      [0, 0, 0.94648147903, 0.053518520967],
      [0.00755076837, 0.33920885484, 0.12083157825, 0.53240879854],
      [0.015383002959, 0.0079966775534, 0.49946505075, 0.47715526874]
    ],
    [
      [0, 0, 0.35464193752, 0.64535806248],
      [0.77086966128, 0.015773793368, 0.21238109357, 0.00097545178975],
      [0, 0.60471900916, 0.37048605056, 0.024794940279],
      [0, 0, 0.93830477952, 0.06169522048],
      [0.0077716310652, 0.24958609257, 0.12955906786, 0.6130832085],
      [0, 0, 0.50133119059, 0.49866880941]
    ],
    [
      [0, 0.00095524090455, 0.26236028028, 0.73668447882],
      [0, 0.12020263142, 0.87891459033, 0.00088277824824],
      [8.4048117357e-18, 0.90500630778, 0.068681638429, 0.026312053796],
      [0, 0, 0.89432311028, 0.10567688972],
      [0, 0.2085330664, 0.12676970799, 0.66469722561],
      [6.0736849659e-19, 0, 0.3863490936, 0.6136509064]
    ],
    [
      [0, 0.00087058454179, 0.28386969433, 0.71525972112],
      [0.64976341134, 0.11126755497, 0.23610575564, 0.0028632780394],
      [0.019478189255, 0.90514538738, 0.055338702423, 0.020037720941],
      [0, 0, 0.90211178556, 0.097888214437],
      [0.0047013549838, 0.31091486049, 0.089398389392, 0.59498539514],
      [0, 0.019001913868, 0.40482926591, 0.57616882022]
    ],
    [
      [0.00065186012925, 0.0048698735066, 0.42889030822, 0.56558795815],
      [0.86186886314, 0.026914078358, 0.1112170585, 0],
      [0.025163844846, 0.92192149021, 0.04548250597, 0.0074321589694],
      [0.0064915713389, 0.03350179135, 0.93394907039, 0.026057566919],
      [0.010450088868, 0.47833873849, 0.11465325347, 0.39655791917],
      [0.02340461366, 0.016276630322, 0.55297364608, 0.40734510994]
    ],
    [
      [0, 0.0040138157859, 0.4489170407, 0.54706914352],
      [0.41936353668, 0.33915613599, 0.24148032734, 0],
      [0, 0.94605666245, 0.046462557081, 0.0074807804646],
      [0, 0.031169326993, 0.94144138129, 0.027389291714],
      [0.0029837078147, 0.50095364909, 0.11795740634, 0.37810523676],
      [0.0082561173646, 0.018104414745, 0.57766810055, 0.39597136734]
    ],
    [
      [0, 0, 0.490046202, 0.509953798],
      [0.48038194368, 0.01672765355, 0.50289040277, 0],
      [0.019618056317, 0.86434557695, 0.10279881527, 0.013237551463],
      [0, 0, 0.98591033042, 0.014089669577],
      [0, 0.05946338475, 0.44066524418, 0.49987137107],
      [0, 0, 0.63679020729, 0.36320979271]
    ],
    [
      [0, 0, 0.56782704726, 0.43217295274],
      [0.40882914984, 0, 0.59117085016, 0],
      [0.014822493332, 0.68938146119, 0.28811563085, 0.0076804146331],
      [0, 0, 0.98969333672, 0.010306663284],
      [0.0058127989608, 0.4167625487, 0.19465532653, 0.38276932581],
      [0.0094088482982, 0.00754653387, 0.69044622472, 0.29259839312]
    ],
    [
      [0, 0, 0.23003653172, 0.76996346828],
      [0.48279700436, 0, 0.51594290908, 0.0012600865592],
      [0.017202995637, 0.5, 0.45223637554, 0.030560628824],
      [0, 0, 0.8916898166, 0.1083101834],
      [0.0036343257994, 0.16792162535, 0.086237982874, 0.74220606598],
      [0, 0, 0.3554497642, 0.6445502358]
    ],
    [
      [0, 0.00040679027969, 0.41547583429, 0.58411737543],
      [0.78067839644, 0.021292039516, 0.19771902561, 0.00031053843697],
      [0, 0.77671538479, 0.20724077454, 0.016043840669],
      [0, 0, 0.96057737525, 0.039422624752],
      [0.008649738607, 0.33994358442, 0.13946200968, 0.5119446673],
      [0.016022316687, 0.0071556752127, 0.54215672356, 0.43466528454]
    ],
    [
      [0.00040450683192, 0.0011426369386, 0.4567017224, 0.54175113383],
      [0.82897773012, 0.019055917615, 0.15196635227, 0],
      [0.044977031065, 0.7762460475, 0.086076588351, 0.092700333089],
      [0, 0, 0.98642418622, 0.01357581378],
      [0.011211877463, 0.36931838813, 0.15204785572, 0.46742187869],
      [0.020673069621, 0.008020059011, 0.579288957, 0.39201791437]
    ],
    [
      [0.00045758221001, 0.0022875931363, 0.46508191154, 0.53217291311],
      [0.82888758296, 0.024069646921, 0.14704277012, 0],
      [0.031515756786, 0.88722303431, 0.070981198067, 0.010280010835],
      [0.0017217047004, 0.0056262025403, 0.96590295749, 0.026749135265],
      [0.011205583153, 0.4193619031, 0.14233056526, 0.42710194849],
      [0.021895666082, 0.011046060353, 0.58468385436, 0.3823744192]
    ],
    [
      [0, 0.0020946177301, 0.38951513334, 0.60839024893],
      [0.32865301408, 0.38562622618, 0.28539836097, 0.00032239876594],
      [0, 0.93209174821, 0.056263316436, 0.011644935359],
      [0, 5.7935617113e-05, 0.95909495775, 0.040847106631],
      [0.0028429802774, 0.41995227358, 0.11407496875, 0.4631297774],
      [0.0050477870458, 0.013274226191, 0.52373551402, 0.45794247274]
    ],
    [
      [0.0025788087156, 0.0015391367494, 0.49265403615, 0.50322801838],
      [0.89409546326, 0.010852763554, 0.095051773184, 0],
      [0.11295563577, 0.81141017736, 0.068260833819, 0.0073733530508],
      [0.038193463145, 0, 0.94532698841, 0.016479548445],
      [0.02296298026, 0.41627314743, 0.15167506985, 0.40908880246],
      [0.03772445255, 0.0095405487051, 0.60281029878, 0.34992469996]
    ],
    [
      [0.00089873954873, 0.0016023672072, 0.45368894625, 0.54380994699],
      [0.84881353963, 0.01686851712, 0.13431794325, 0],
      [0.074027700973, 0.8375730468, 0.076920001377, 0.011479250846],
      [0.0058374105417, 0, 0.96615423135, 0.028008358104],
      [0.013481008854, 0.38849321235, 0.14440895899, 0.4536168198],
      [0.025061432179, 0.0087804912547, 0.57360600565, 0.39255207091]
    ],
    [
      [0.00092001183753, 0.0023167028332, 0.58999823444, 0.40676505089],
      [0.85500574063, 0.0032875980419, 0.14170666133, 0],
      [0.036424307067, 0.88310377576, 0.075433274712, 0.0050386424644],
      [0.0081297176063, 0, 0.98416705567, 0.0077032267187],
      [0.015005503369, 0.4860616598, 0.17836344053, 0.3205693963],
      [0.027924346511, 0.010848041591, 0.69301206281, 0.26821554908]
    ]
  ],
  "expected_outcome": [
    [
      [0.014891207999, 0, 0, 0, 0.016441047112, 0.0027885934133, 5.942122348e-05, 4.1688588918e-05, 0.00024884808188, 0.0090713431045, 0, 0, 0, 0, 0.011075684593, 0, 0, 0.002575766511, 0.035771928685, 0.00048299342187, 0.0045320695185, 0, 0.001820716636, 0.0082270800009, 0.014341214573, 0.0043494307484, 0.0014364395862, 0, 0.00087418522835, 0.020108640516, 0, 0.026088340658, 0.00069329699795, 0.00015141495277, 0, 0, 0.023996120283, 0, 0, 0.012374840715, 0.00085210660948, 0.00017697542682, 0.0059679489647, 0.0028525684052, 0.00034334552386, 0.035303375211, 0, 0.014524830343, 0.00053156845627, 0.0051250900606, 0.0013050868203, 0, 0.0020439155347, 0, 0, 0.0057900597068, 0.017916983299, 0.0049719403656, 0.016027269019, 0.014034830056, 0.013808381161, 0.078779882118, 0.0009174825736, 0.0089520153206, 0.0048617517857, 0.016911795708, 0, 0, 0, 0, 0.002607440517, 0, 0, 0, 0, 0, 0.0093036571342, 0.039809652271, 0, 0.02320927844, 0.033253363303, 0.0027600355126],
      [0.041960579669, 0.030938963628, 0, 0.052901881764, 0.028144218921, 0.0052327346411, 0.00058616816751, 0.0011543342293, 0.0010807700837, 0.048386160233, 0.0019111109099, 0.0058303430225, 0, 0, 0.092800808237, 0.0046578141756, 0, 0.017048834798, 0.044597156896, 0.0041049465917, 0.015398739938, 0.018664846734, 0.050844765925, 0.064368184868, 0.049260527036, 0.065617480792, 0, 0, 0.00021795806896, 0.013672253914, 0.0043860091842, 0.06047935032, 0, 0.0076024690832, 0.0043329824013, 0, 0.044331352721, 0.025321390775, 0, 0.014993109831, 0.006542229563, 0.001946042693, 0.011909907036, 0.057230551774, 0.11647204269, 0.049811076556, 0.013342219044, 0.020801005561, 0.0077477607354, 0, 0.0054065344666, 0, 0, 0.049674943586, 0, 0.0023700222334, 0.030792672811, 0.023203429848, 0.0012634772764, 0.0094486593528, 0.011026289587, 0.035577167272, 0.037533536147, 0.054402353264, 0.0095664689173, 0.06331333044, 0.0047904832931, 0, 0.0019104818091, 0.0052235072507, 0.019479494027, 0.0080276315717, 0, 0, 0, 0.0093561764328, 0.026280649587, 0.19902060286, 0.010473088651, 0.013852230745, 0.059287586668, 0.0069501084997],
      [8.008506816, 10.3136098641, 11.0329141316, 13.8318486385, 8.3918654308, 1.9152443019, 0.36128119127, 0.23346479088, 0.26594627535, 8.7798207206, 0.88555443769, 5.7819538194, 6.1783711088, 3.84331004, 0.48282611874, 0.66917655781, 0.71153158275, 3.0616910697, 12.8675805553, 0.83834775197, 2.5194302975, 25.0271421763, 10.7181026959, 12.3234145167, 16.3330146952, 7.4134602735, 2.7071269095, 3.1974923978, 0.75646046603, 4.3334630376, 0.53048787731, 4.718840978, 1.3388704309, 1.3682127527, 3.2073040802, 0, 6.74621927, 5.816423595, 0, 3.1666201167, 1.2929530816, 0.28938391925, 2.453243805, 7.2242663834, 10.1629727686, 10.162857706, 3.3391041207, 2.1316928763, 0.76984980236, 1.0028674574, 0.8505213514, 2, 3.6195715428, 5.8163513708, 10.7764211019, 1.5344047232, 7.8727500804, 3.4378606696, 9.2554551972, 2.3488768593, 1.8796994667, 4.130954055, 5.6949922913, 11.7926345045, 1.969326051, 5.8756309279, 2.9748699125, 4.9649871252, 0.52472056056, 1.703218166, 1.7155612329, 0.89783408139, 1.960184808, 1.7034811418, 0.46007306345, 9.5559441887, 10.5041396152, 40.4621263039, 1.9475756667, 4.4338863254, 16.7864910113, 1.7699947033],
