{
  "X": [
    [44, 56, 142, 512, 52],
    [29, 53, 170, 393, 30],
    [3, 11, 32, 79, 7],
    [6, 9, 33, 71, 11],
    [13, 19, 314, 138, 37],
    [1, 14, 205, 33, 29],
    [24, 20, 338, 164, 52],
    [32, 46, 216, 499, 49],
    [21, 21, 503, 167, 65],
    [23, 41, 110, 611, 19],
    [35, 62, 285, 499, 57],
    [45, 100, 255, 1011, 35],
    [58, 80, 143, 1136, 54],
    [48, 46, 87, 620, 30],
    [98, 133, 337, 1697, 82],
    [29, 69, 154, 524, 22],
    [61, 58, 136, 707, 29],
    [72, 82, 271, 973, 94],
    [115, 131, 495, 1364, 95],
    [5, 7, 12, 48, 2],
    [73, 63, 170, 877, 40],
    [9, 10, 54, 122, 10],
    [12, 9, 62, 117, 8],
    [51, 88, 328, 912, 60],
    [49, 28, 75, 511, 24],
    [2, 11, 71, 66, 9],
    [3, 8, 195, 39, 27],
    [53, 48, 126, 543, 30],
    [29, 30, 65, 309, 14],
    [33, 11, 46, 176, 11],
    [56, 49, 135, 786, 28],
    [26, 24, 70, 465, 26],
    [115, 124, 265, 1662, 86],
    [55, 64, 150, 822, 51],
    [5, 17, 121, 319, 47],
    [138, 177, 619, 3015, 129],
    [19, 34, 153, 404, 29],
    [162, 277, 696, 1709, 108],
    [31, 86, 204, 763, 27]
  ],
  "W": [
    [67, 47, 151, 489, 52],
    [52, 40, 173, 359, 51],
    [8, 7, 38, 70, 9],
    [11, 9, 37, 63, 10],
    [13, 18, 301, 136, 53],
    [3, 5, 212, 31, 31],
    [23, 13, 336, 150, 76],
    [60, 54, 205, 455, 68],
    [20, 21, 506, 148, 82],
    [75, 51, 97, 554, 27],
    [82, 64, 282, 441, 69],
    [82, 96, 259, 939, 70],
    [158, 60, 176, 1010, 67],
    [77, 32, 102, 573, 47],
    [232, 127, 356, 1510, 122],
    [64, 56, 154, 488, 36],
    [88, 55, 142, 673, 33],
    [130, 78, 274, 926, 84],
    [192, 121, 490, 1272, 125],
    [12, 5, 14, 40, 3],
    [125, 53, 182, 815, 48],
    [13, 8, 58, 111, 15],
    [11, 15, 61, 112, 9],
    [116, 93, 323, 826, 81],
    [90, 24, 85, 455, 33],
    [5, 10, 73, 60, 11],
    [5, 3, 193, 37, 34],
    [72, 40, 141, 505, 42],
    [35, 26, 67, 299, 20],
    [40, 14, 40, 170, 13],
    [105, 55, 126, 717, 51],
    [63, 27, 74, 411, 36],
    [196, 109, 273, 1544, 130],
    [91, 68, 160, 767, 56],
    [5, 9, 135, 317, 43],
    [341, 168, 591, 2760, 218],
    [35, 29, 161, 374, 40],
    [194, 220, 732, 1657, 149],
    [48, 90, 198, 742, 33]
  ],
  "method": "mvn_pdf",
  "cond_prob": [
    [
      [0.30563319354, 0.0033217425928, 0.0003951075641, 0.68555546337, 0.0050944929316],
      [0.019412961861, 0.74488548415, 0.084161444545, 0.13976754184, 0.011772567607],
      [0.0074596728733, 0.054141553417, 0.83698663774, 0.0018484961687, 0.099563639805],
      [0.039508043625, 0.023604139171, 0.0015042265451, 0.92465076997, 0.010732820686],
      [0.041621594017, 0.020192824437, 0.20956520809, 0.13587230864, 0.59274806481]
    ],
    [
      [0.25329980431, 0.0035893216854, 0.00074450743181, 0.74013679013, 0.0022295764435],
      [0.015006753016, 0.7689748702, 0.07216890201, 0.13923169895, 0.0046177758312],
      [0.0072300312642, 0.067718030553, 0.87526280604, 0.002558501752, 0.047230630389],
      [0.031236533784, 0.023849926899, 0.00071160638877, 0.93918518739, 0.0050167455396],
      [0.054184882705, 0.034843478863, 0.30193328224, 0.22222580157, 0.38681255462]
    ],
    [
      [0.14375387061, 0.0026346137622, 0.016008955592, 0.83582307205, 0.0017794879847],
      [0.0097469329209, 0.74594314761, 0.034646208963, 0.20565312896, 0.0040105815451],
      [0.0085510390877, 0.11885292277, 0.79237597141, 0.0021559850184, 0.078064081717],
      [0.015149402926, 0.01290686422, 0.0012224788508, 0.96578548184, 0.0049357721684],
      [0.044038090506, 0.03749216623, 0.15928271771, 0.35410359574, 0.40508342981]
    ],
    [
      [0.26460569408, 0.0022539102358, 0.00016580194017, 0.72918114559, 0.0037934481554],
      [0.021805071592, 0.68954383776, 0.075551784021, 0.20004920966, 0.013050096964],
      [0.009412180411, 0.046040566366, 0.8265732894, 0.0017001687848, 0.11627379504],
      [0.034190403829, 0.014638725428, 0.00097480255067, 0.9437554761, 0.0064405920944],
      [0.039084560437, 0.014357179006, 0.16735858539, 0.16590632723, 0.61329334793]
    ],
    [
      [0.34726900512, 0.0030886645397, 0.00032557443773, 0.64278688237, 0.0065298735382],
      [0.017367923493, 0.62280765661, 0.23292142369, 0.11492389923, 0.011979096981],
      [0.0011893264286, 0.012293273141, 0.94687073147, 0.0003230272079, 0.039323641751],
      [0.046689787519, 0.02511446251, 0.0051340803668, 0.90693124792, 0.016130421683],
      [0.027643055716, 0.01195221557, 0.45465767553, 0.07802376295, 0.42772329023]
    ],
    [
      [0.15928963238, 0.0074424208474, 0.00010887075663, 0.81427980359, 0.018879272426],
      [0.0049074983416, 0.8831917318, 0.06764052421, 0.039737750042, 0.0045224956074],
      [0.00028492550164, 0.031180628167, 0.91014540288, 0.0015586852029, 0.056830358252],
      [0.0058857587064, 0.073150391509, 0.00085642018118, 0.89953136531, 0.02057606429],
      [0.00821712532, 0.022056734523, 0.37690633327, 0.069114782299, 0.52370502459]
    ],
    [
      [0.37724004384, 0.0018362414551, 0.022383331565, 0.59465824192, 0.0038821412246],
      [0.036452481793, 0.6818820422, 0.10720612185, 0.16471914091, 0.0097402132496],
      [0.0059743234502, 0.023193903593, 0.91929980516, 0.0022706312006, 0.049261336594],
      [0.054586176041, 0.01480173618, 0.0076028849625, 0.91323108297, 0.0097781198472],
      [0.061240758461, 0.014209050837, 0.34297811199, 0.13728838257, 0.44428369614]
    ],
    [
      [0.23908564689, 0.00197094284, 0.0006142585949, 0.75433804207, 0.0039911096052],
      [0.020158469833, 0.62099545853, 0.15082273267, 0.19646745521, 0.011555883758],
      [0.004709059739, 0.026885926355, 0.90765245178, 0.0025690483391, 0.058183513788],
      [0.028929083162, 0.012944262817, 0.00088661916647, 0.94815984635, 0.0090801885047],
      [0.035856084264, 0.013922561538, 0.31391989095, 0.16457485142, 0.47172661183]
    ],
    [
      [0.32668881941, 0.0012766411698, 0.026302020392, 0.64163774861, 0.0040947704186],
      [0.035550586811, 0.57050251524, 0.16737426108, 0.21331745532, 0.013255181546],
      [0.0058634719351, 0.013339976282, 0.92826784787, 0.0013913552711, 0.051137348637],
      [0.044877865025, 0.0097032111791, 0.0075406855526, 0.92810206932, 0.0097761689236],
      [0.050131956903, 0.0098513549148, 0.34316521492, 0.14176154194, 0.45508993132]
    ],
    [
      [0.16538217629, 0.002080380705, 0.00066815445905, 0.82877961809, 0.0030896704567],
      [0.013034224806, 0.6082885333, 0.16740474414, 0.20263072256, 0.0086417751936],
      [0.0024153728092, 0.024183848715, 0.93258604293, 0.00095287026598, 0.039861865283],
      [0.016212122982, 0.01275124086, 0.00064488604965, 0.96383172987, 0.0065600202426],
      [0.026510519201, 0.015230943948, 0.39237531219, 0.1648946308, 0.40098859385]
    ],
    [
      [0.23308023447, 0.0027102755427, 0.00012404044411, 0.75933485316, 0.0047505963846],
      [0.015099966702, 0.67620054255, 0.1328392997, 0.16480860631, 0.011051584732],
      [0.003685742167, 0.032516339979, 0.90141940701, 0.0014224982221, 0.060956012621],
      [0.026832632507, 0.018527584082, 0.0015385258991, 0.94246638007, 0.010634877441],
      [0.02968771997, 0.016821017797, 0.31317899716, 0.14721700184, 0.49309526324]
    ],
    [
      [0.20141462151, 0.0022413507009, 7.268754572e-05, 0.79497394952, 0.0012973907173],
      [0.016514739315, 0.69712176755, 0.069488668934, 0.21294146499, 0.003933359218],
      [0.007961633605, 0.064490758239, 0.88117189033, 0.0040476549291, 0.042328062897],
      [0.022287713791, 0.015020331899, 0.00095648530155, 0.95977351251, 0.0019619564976],
      [0.055833710123, 0.029790307442, 0.27430668729, 0.32991549465, 0.31015380049]
    ],
    [
      [0.1900942038, 0.002073581665, 0.00015411785423, 0.80574420616, 0.001933890525],
      [0.016635525317, 0.71874008926, 0.03255664254, 0.2262382134, 0.0058295294839],
      [0.014570709979, 0.1206750348, 0.74735355054, 0.0061665628182, 0.11123414186],
      [0.020488089604, 0.013144949698, 0.0010457355317, 0.96104927547, 0.0042719496956],
      [0.055366698878, 0.030339752542, 0.12584825441, 0.34885133346, 0.43959396071]
    ],
    [
      [0.27543577859, 0.0021319819189, 0.00020746837789, 0.72060800138, 0.001616769737],
      [0.024527462759, 0.73982172543, 0.034413350182, 0.19654050698, 0.0046969546539],
      [0.020763889833, 0.11892634845, 0.7681554476, 0.0056343360247, 0.086519978093],
      [0.034338166295, 0.014711373819, 0.0011312753117, 0.94549749098, 0.0043216935975],
      [0.08963574873, 0.034073136987, 0.14644087916, 0.33785368227, 0.39199655286]
    ],
    [
      [0.21058762399, 0.0020611430987, 1.5390391152e-05, 0.78536277569, 0.0019730668321],
      [0.019446222382, 0.67612199021, 0.06474775143, 0.2333715453, 0.0063124906743],
      [0.009908635456, 0.066003921215, 0.84988184619, 0.0045773744342, 0.069628222704],
      [0.024114606453, 0.01336013103, 0.00019978186498, 0.95798209131, 0.0043433893417],
      [0.055192385456, 0.024451870782, 0.21240866506, 0.30307497222, 0.40487210648]
    ],
    [
      [0.21769663714, 0.004310579335, 0.00032975196276, 0.7753188927, 0.0023441388666],
      [0.01084034802, 0.78390605063, 0.077646867302, 0.12347382979, 0.0041329042581],
      [0.0047100856056, 0.065173013151, 0.88855991591, 0.0016234635506, 0.039933521786],
      [0.025121153903, 0.02752719716, 0.00098641155455, 0.94151519445, 0.0048500429347],
      [0.040996651291, 0.037651884677, 0.34197431714, 0.21543411448, 0.36394303241]
    ],
    [
      [0.31676713616, 0.0022944627857, 0.00010396409925, 0.67835113013, 0.0024833068264],
      [0.027295444813, 0.69457782137, 0.081946455227, 0.18877432675, 0.0074059518381],
      [0.010980355747, 0.053537706954, 0.86685009212, 0.0031680337686, 0.065463811413],
      [0.041116228843, 0.016688349648, 0.0001423801692, 0.93578979903, 0.0062632423044],
      [0.072509394722, 0.023111921185, 0.25137155113, 0.20260960701, 0.45039752596]
    ],
    [
      [0.27288372267, 0.0029442071201, 0.00063143213581, 0.71633034518, 0.0072102928993],
      [0.018002918528, 0.67894372379, 0.13504425448, 0.15068306812, 0.017326035085],
      [0.0045190778344, 0.032410199749, 0.86735596766, 0.0011403619228, 0.094574392831],
      [0.034066387847, 0.02015211457, 0.0026151048098, 0.92879816391, 0.014368228865],
      [0.02782364209, 0.013314164241, 0.24175404499, 0.092193057946, 0.62491509073]
    ],
    [
      [0.29236007461, 0.0027841419441, 6.2525830457e-05, 0.70129358776, 0.003499669854],
      [0.020761280556, 0.69236449207, 0.11919450273, 0.15909538799, 0.0085843366493],
      [0.0060991238182, 0.03908464373, 0.89868459486, 0.0015025121175, 0.054629125472],
      [0.037258256264, 0.019640514865, 0.00045170811297, 0.9343311246, 0.0083183961557],
      [0.047789424708, 0.020441046957, 0.31708348806, 0.16716534218, 0.4475206981]
    ],
    [
      [0.27406917768, 0.0020812410994, 0, 0.72197771836, 0.0018718628646],
      [0.011957743627, 0.8404276648, 0.017273450475, 0.12777682515, 0.0025643159477],
      [0.013616350498, 0.12323574931, 0.80872611145, 0.0025567684995, 0.051865020235],
      [0.03152302349, 0.022425215925, 0.00088582130991, 0.94029725073, 0.0048686885476],
      [0.066610434383, 0.050192551804, 0.18534477829, 0.34989948863, 0.3479527469]
    ],
    [
      [0.29005561015, 0.0023055558442, 3.1852049799e-05, 0.70517623477, 0.0024307471899],
      [0.025111535414, 0.70251690643, 0.072286121226, 0.19283278702, 0.0072526499082],
      [0.011410309587, 0.060765384737, 0.85248265958, 0.0037460533898, 0.071595592703],
      [0.03690489248, 0.016273158924, 0.00016960469275, 0.94078927363, 0.0058630702743],
      [0.067874450807, 0.024093436114, 0.2265579625, 0.23349569203, 0.44797845856]
    ],
    [
      [0.25489033912, 0.0016957984272, 0.0020172323556, 0.73974924862, 0.0016473814698],
      [0.02679912726, 0.64599959524, 0.068070030221, 0.25323530946, 0.0058959378209],
      [0.015502321343, 0.055661985619, 0.86490521042, 0.0013795975408, 0.062550885074],
      [0.031106128292, 0.011379624694, 0.00026202771964, 0.95292858934, 0.0043236299524],
      [0.074674513004, 0.021228290107, 0.21570856375, 0.30015248119, 0.38823615195]
    ],
    [
      [0.38868100368, 0.00054290748531, 0.00013732284645, 0.60806457726, 0.0025741887302],
      [0.052768729596, 0.5046232824, 0.181470234, 0.24831127984, 0.012826474166],
      [0.0078614347906, 0.014483399584, 0.92038407746, 0.0068321462395, 0.050438941928],
      [0.051660294174, 0.0041621200584, 0.0025148532533, 0.93395913699, 0.0077035955223],
      [0.074164171758, 0.0083371067236, 0.31681596105, 0.17404846543, 0.42663429504]
    ],
    [
      [0.21318599064, 0.0023978625383, 0.00010434939518, 0.78108289651, 0.0032289009164],
      [0.016572802512, 0.66263199369, 0.12077990176, 0.19131757801, 0.0086977240268],
      [0.0046698874081, 0.036593103965, 0.90188694118, 0.0022886027336, 0.054561464711],
      [0.024516450377, 0.015453192995, 0.00043559908149, 0.95250414444, 0.0070906131022],
      [0.036669047006, 0.018681018979, 0.30970466374, 0.19869391675, 0.43625135352]
    ],
    [
      [0.29735626286, 0.0015526414795, 2.2340541364e-05, 0.69925916309, 0.0018095920264],
      [0.033371602578, 0.65466636105, 0.049182190762, 0.25587977888, 0.0069000667277],
      [0.020154036966, 0.074771594751, 0.80741561053, 0.005994617916, 0.091664139833],
      [0.036942370283, 0.011165137125, 0.00023327959435, 0.94712832928, 0.0045308837144],
      [0.088337765439, 0.021592322905, 0.15397417158, 0.31735237219, 0.41874336789]
    ],
    [
      [0.1426658596, 0.0028447121451, 0, 0.85134283407, 0.0031465941794],
      [0.0085246176356, 0.69823842409, 0.1120797327, 0.17373434036, 0.0074228852139],
      [0.0020428756836, 0.037971333939, 0.90757510016, 0.0022721059201, 0.050138584295],
      [0.013565678714, 0.016759215444, 0, 0.96273780979, 0.0069372960556],
      [0.021668534354, 0.020539263108, 0.32965639647, 0.1887100097, 0.43942579637]
    ],
    [
      [0.2596930196, 0.0046682998592, 0.00021023343098, 0.72020234362, 0.015226103493],
      [0.012181978759, 0.84811665673, 0.090954611808, 0.043728111438, 0.0050186412634],
      [0.00056616933317, 0.015073767094, 0.93422549652, 0.00084046861261, 0.049294098442],
      [0.028189626478, 0.055639354096, 0.0015413086033, 0.89266906199, 0.021960648837],
      [0.015079473669, 0.013659275876, 0.42245693385, 0.06108347682, 0.48772083978]
    ],
    [
      [0.32889015444, 0.0019874485671, 0.00021156755616, 0.66717186074, 0.0017389686937],
      [0.031902615749, 0.69970383254, 0.052009647477, 0.21067450713, 0.0057093971003],
      [0.0189386023, 0.080386641103, 0.82140572289, 0.0040546422391, 0.07521439147],
      [0.042061943558, 0.014661639159, 0.00073168585182, 0.93787671518, 0.0046680162564],
      [0.098385234029, 0.026907291205, 0.18373030844, 0.29374285768, 0.39723430865]
    ],
    [
      [0.34963735664, 0.0026356281476, 0, 0.64555151419, 0.0021755010224],
      [0.026271135711, 0.73637558421, 0.07098557657, 0.16061449908, 0.005753204434],
      [0.0117489493, 0.06254752784, 0.86609813972, 0.0021104173556, 0.05749496578],
      [0.045715769633, 0.02010212625, 0.00010953831069, 0.92828299289, 0.0057895729133],
      [0.081172413291, 0.028038385564, 0.25465238464, 0.22658535948, 0.40955145703]
    ],
    [
      [0.49656376004, 0.0014882480805, 0.0071068542114, 0.49038372691, 0.0044574107576],
      [0.044910145125, 0.55888189215, 0.23366499349, 0.14796649546, 0.014576473774],
      [0.0032604415645, 0.013778523086, 0.93157321992, 0.0039969616716, 0.047390853759],
      [0.068080223337, 0.014395495806, 0.0013403315638, 0.9018964816, 0.01428746769],
      [0.061896302839, 0.0090575673989, 0.38104852001, 0.063910742129, 0.48408686763]
    ],
    [
      [0.2588181538, 0.0017346724836, 8.6137406743e-05, 0.73750670728, 0.0018543290226],
      [0.025920842284, 0.6261746265, 0.10560302478, 0.23573064753, 0.0065708589],
      [0.008564173794, 0.038939245342, 0.90324819792, 0.0021846614549, 0.047063721493],
      [0.032272316556, 0.011852835476, 0.00043596897041, 0.95134904732, 0.004089831681],
      [0.062355110907, 0.019086803565, 0.29531228471, 0.25890344808, 0.36434235274]
    ],
    [
      [0.20535575821, 0.00132023055, 0, 0.79107209154, 0.0022519196991],
      [0.024291075412, 0.59431140683, 0.068319634081, 0.30384024493, 0.009237638749],
      [0.012310635372, 0.051366350722, 0.83723201535, 0.0054314974899, 0.093659501064],
      [0.023378595091, 0.0085059695737, 5.6672666074e-05, 0.9630176628, 0.0050410998668],
      [0.052420516569, 0.015926501185, 0.1715807855, 0.29879392761, 0.46127826913]
    ],
    [
      [0.26090284938, 0.0023412894599, 3.3924084963e-05, 0.7344470949, 0.0022748421719],
      [0.022438518532, 0.70503481572, 0.064672529164, 0.20114153313, 0.0067126034518],
      [0.011452454626, 0.068446617101, 0.84213526326, 0.0044192675305, 0.073546397485],
      [0.032357617949, 0.015968721048, 0.00017295334516, 0.94618347705, 0.0053172306103],
      [0.064081236733, 0.025774466045, 0.21364675666, 0.26161687454, 0.43488066602]
    ],
    [
      [0.26042901632, 0.0018931919996, 4.020550225e-05, 0.73451750225, 0.0031200839253],
      [0.025635227223, 0.65689717143, 0.077999542356, 0.22863082578, 0.010837233204],
      [0.010674449256, 0.051628101278, 0.8362807931, 0.0036033315538, 0.09781332481],
      [0.032407286347, 0.012939963967, 0.00042037184978, 0.9474604751, 0.0067719027321],
      [0.053454706327, 0.017379701851, 0.18866107704, 0.22023738729, 0.52026712749]
    ],
    [
      [0.19363126176, 0.0026745092859, 7.6464486458e-05, 0.80091986368, 0.0026979007872],
      [0.0097291314012, 0.72039646719, 0.045902601824, 0.20947527122, 0.014496528362],
      [0.0018415275425, 0.041012267253, 0.824983337, 0.0065545914794, 0.12560827672],
      [0.0097350080179, 0.01392190207, 0.0053755146738, 0.96306444504, 0.0079031301968],
      [0.014178552295, 0.012864191012, 0.17464431661, 0.1612517282, 0.63706121188]
    ],
    [
      [0.19191574946, 0.0021866941726, 9.8951954257e-05, 0.80345907444, 0.0023395299759],
      [0.016288936334, 0.6514836548, 0.10784521362, 0.21743895828, 0.0069432369719],
      [0.0051626263239, 0.040917041546, 0.90112572261, 0.0037458242439, 0.049048785273],
      [0.021004978723, 0.013812372359, 0.00046435342154, 0.95986395024, 0.0048543452567],
      [0.040345572006, 0.02064662393, 0.30734561462, 0.24335975154, 0.3883024379]
    ],
    [
      [0.20108369395, 0.0021129585993, 0, 0.7945684424, 0.0022349050561],
      [0.017354077248, 0.67032063824, 0.079551570198, 0.22586836157, 0.0069053527459],
      [0.0078373927307, 0.052570157816, 0.87408354726, 0.0027995517917, 0.0627093504],
      [0.022356731273, 0.013737451553, 0.00024729568794, 0.95859313743, 0.0050653840576],
      [0.045889118645, 0.022128641274, 0.2468266192, 0.26688401985, 0.41827160104]
    ],
    [
      [0.34350766824, 0.0036509640619, 0.00012521887276, 0.65027034398, 0.002445804842],
      [0.019461097583, 0.78430535166, 0.070551849946, 0.12079785456, 0.0048838462526],
      [0.0087714518434, 0.071383507338, 0.86632163552, 0.003237360479, 0.050286044818],
      [0.044710007965, 0.027809939433, 0.0012938711154, 0.92002173347, 0.0061644480199],
      [0.070958959367, 0.036313681843, 0.29639542893, 0.19749171168, 0.39884021818]
    ],
    [
      [0.21861158266, 0.0025251512879, 4.6661306927e-05, 0.77582167889, 0.0029949258617],
      [0.013464230212, 0.69987101799, 0.1169876971, 0.16310370237, 0.0065733523199],
      [0.0038927402676, 0.039324603521, 0.91192593712, 0.002603287244, 0.042253431848],
      [0.023352993732, 0.019319237567, 0.0009881346991, 0.95022797428, 0.006111659723],
      [0.036247860336, 0.023310768076, 0.36891927339, 0.16656419427, 0.40495790392]
    ]
  ],
  "expected_outcome": [
    [
      [20.4628179986, 13.1610016646, 1.1453049313, 2.9140876008, 4.5165433503, 0.46784492282, 8.6403954548, 14.3352989993, 6.5131666072, 12.3518866562, 19.1087244689, 16.5029817421, 29.9861154974, 21.1845990357, 48.8079207667, 13.9177768825, 27.8398188971, 35.4503394383, 56.0972876958, 3.3029399228, 36.2323500981, 3.3101545784, 4.26686462, 24.7010155996, 26.7532476094, 0.70960433344, 1.2943419392, 23.63204801, 12.2186915202, 19.7706048157, 27.1643643816, 12.9273772221, 51.1064356358, 23.6888976634, 0.98419735475, 65.3108274525, 7.0317330691, 66.5373663116, 10.507509752],
      [0.22573775379, 0.18964839919, 0.021733379573, 0.025094727102, 0.04092636741, 0.022921063852, 0.042918112144, 0.12047815183, 0.025936726626, 0.15805020237, 0.2255156186, 0.18592742271, 0.3346537842, 0.16756262273, 0.48543489448, 0.27992781489, 0.20475693994, 0.38801827753, 0.54232007267, 0.025201671318, 0.29219558269, 0.022337253891, 0.0062442487285, 0.28240555097, 0.14208288396, 0.014475507413, 0.023764803723, 0.14570487703, 0.093571023136, 0.060538888246, 0.18494290873, 0.084705855647, 0.46557085598, 0.17480984408, 0.013684681897, 0.75632056024, 0.074984245567, 0.71936168546, 0.12144596598],
      [0.026581907495, 0.040950098915, 0.13703449681, 0.0016940658507, 0.0039313494223, 0.00030337548978, 0.55086771378, 0.038690145367, 0.56284749365, 0.053096048416, 0.0094476796621, 0.0055363285122, 0.022618199754, 0.015526815776, 0.0033165430363, 0.021557810906, 0.0097985720411, 0.081960634723, 0.011999017456, 0, 0.0041606422025, 0.028089724569, 0.0014030833684, 0.012347694433, 0.0018676014261, 0, 0.00097638202804, 0.015332903224, 0, 0.303939233, 0.0090158131999, 0, 0.0067826175384, 0.0033997569739, 0.00035512216117, 0.033982932828, 0, 0.022564177862, 0.0020803965775],
      [45.9390260343, 38.4916650527, 6.6816941942, 8.0165206012, 8.3522376129, 2.449753897, 13.6754268874, 45.2636936015, 12.8151229193, 62.2033541237, 62.2629767246, 65.1979450467, 127.3487108915, 55.5072627274, 182.2416371365, 49.6293314161, 59.725212688, 93.1305425813, 134.6697997336, 8.6497344587, 88.1647147932, 9.6179426594, 6.696867566, 90.6260245843, 62.9387513087, 4.2600709623, 3.6017381278, 48.080785086, 22.6108440591, 19.6848803099, 77.4449179964, 49.84487272, 143.9713874536, 66.8457643417, 3.989233046, 274.0932105954, 27.8145352116, 126.2418942217, 37.2236224365],
      [0.34583630582, 0.11673478458, 0.014232998103, 0.042603005016, 0.086361319955, 0.059176740852, 0.090391831901, 0.24183910203, 0.082926253197, 0.23361296931, 0.39333550827, 0.10760945995, 0.30790162716, 0.12504879843, 0.4616906593, 0.15140607556, 0.22041290289, 0.94913906816, 0.6785934805, 0.022123947161, 0.30657888376, 0.021475783724, 0.02862048191, 0.37820657073, 0.16405059645, 0.015849196824, 0.079178747283, 0.12612912375, 0.076893397525, 0.18003675322, 0.19675890016, 0.14304420232, 0.44982343707, 0.28712839385, 0.012529795236, 0.80565845904, 0.078747473769, 0.47881360333, 0.14534144901]
    ],
    [
      [0.92348573573, 0.6081472365, 0.069007322985, 0.19813890567, 0.31565750081, 0.024322440527, 0.48286075631, 1.1019355608, 0.76120942739, 0.67280132774, 0.97626050984, 1.6021296316, 1.0098298463, 0.79555461186, 2.4964019041, 0.615613084, 1.5182754392, 1.4218597946, 2.5419342132, 0.060395124989, 1.3470186133, 0.21675097163, 0.80187505802, 1.5589144087, 0.80913461919, 0.08566701843, 0.037298046757, 1.2879222245, 0.69039946843, 0.63459536823, 1.4429460486, 0.66287860648, 2.4752258528, 1.7631220201, 0.087565827061, 2.7670201172, 0.50836150822, 4.333795532, 1.2256053215],
      [34.9798518831, 30.7368477293, 5.2043927616, 6.2066994029, 11.17629041, 4.4559795262, 8.8941556898, 33.5083580247, 11.9524734672, 31.0006734449, 43.2565887244, 66.8951064739, 43.078543279, 23.6541867889, 85.8150051917, 43.8586797081, 38.1651251805, 52.8950782932, 83.708017509, 4.1963376405, 37.2053078162, 5.1647200426, 7.5560584466, 61.5943385125, 15.7019709022, 6.9828944014, 2.5734149565, 27.9686910145, 19.1278826592, 7.8162237303, 34.4018937416, 16.0295400635, 76.7829135855, 44.6428339816, 6.5165209795, 109.3463872628, 19.4305081909, 172.4046475462, 62.9560239141],
      [3.9587036678, 2.8837730325, 0.24355436527, 0.67710219249, 4.2124207668, 0.31414124717, 1.3444664887, 8.1569508415, 3.4884212541, 8.5359042149, 8.4887328264, 6.6575548663, 1.954991405, 1.1035035725, 8.2165190176, 4.350333394, 4.5038713778, 10.5472039718, 14.4271955329, 0.083751648306, 3.8317548593, 0.54245365877, 2.7325061111, 11.2376810866, 1.1794569203, 1.1175554506, 0.25345097948, 2.0804638707, 1.8454028205, 3.2654626239, 5.8076535317, 1.8435097731, 7.0497713887, 5.306354745, 0.38373181397, 18.1245037256, 2.2997950445, 15.5202426076, 10.5101346387],
      [6.5812771162, 5.5857732483, 1.4549187525, 1.8002228831, 2.0773031869, 0.18455306939, 2.1517003375, 10.6044154279, 4.5167162056, 10.346542937, 10.566698115, 20.4661267258, 13.6045467131, 6.2953541438, 29.6664603014, 6.9422832506, 10.4031684857, 11.7773447223, 19.2774330988, 0.6466183506, 10.2291185518, 2.0288986207, 3.7148161259, 17.7950122767, 6.1427869304, 1.7395395087, 0.12185124486, 8.4334232559, 4.1857249401, 2.0780759883, 12.9841275134, 8.2133669906, 21.9561100515, 15.5465179627, 1.8829483844, 36.5886915613, 6.5603873346, 26.660037586, 14.7131627864],
      [0.55668159722, 0.18545875343, 0.028126797651, 0.1178366158, 0.21832813556, 0.021003716737, 0.12681672777, 0.6283401452, 0.2811796457, 0.44407807544, 0.71171982431, 0.37908230232, 0.35208875665, 0.15140088295, 0.80561358518, 0.23309056335, 0.40955951677, 1.358513218, 1.0454196461, 0.012897235607, 0.38680015934, 0.047176706301, 0.19474425832, 0.81405371535, 0.1666506279, 0.074343620775, 0.013984772389, 0.22949963441, 0.15059011177, 0.20564228927, 0.36337916477, 0.25070456619, 0.73597912153, 0.74117129063, 0.12923299507, 1.1733973331, 0.20094792166, 1.0812767281, 0.59507333923]
    ],
    [
      [1.1324427915, 1.2582984937, 0.32848283834, 0.34666059384, 0.38345620365, 0.064701654392, 2.0441971101, 0.96868402267, 2.9755253767, 0.23829601007, 1.045992591, 2.0751970143, 2.577838252, 2.130193712, 3.5480797222, 0.73166944572, 1.5701311518, 1.2446031403, 3.006706641, 0.1874596649, 2.0892824159, 0.89396424275, 0.48453569091, 1.5191123074, 1.719708895, 0.15193814243, 0.11704472725, 2.6844508646, 0.79199869344, 0.13969620729, 1.0853773969, 0.90935618257, 3.1446862194, 1.7156949235, 0.25400524197, 3.0743721295, 1.2617644798, 6.4891512431, 0.77663509013],
      [8.1323643174, 11.6801013076, 4.5149941643, 1.6982087154, 3.7309276323, 6.6173832881, 7.7625440003, 5.4775081757, 6.7804842973, 2.3346032847, 9.1212674485, 16.6469656757, 21.1190683303, 12.0556870589, 23.4048319152, 9.990237098, 7.5710981835, 8.8258967716, 19.0563465399, 1.7186133669, 11.0063612947, 3.2280708446, 0.87459084602, 11.7594483772, 6.3236094461, 2.7648197554, 2.9347957047, 11.2874166822, 4.1722051726, 0.5510654853, 4.8823201419, 3.7833294826, 18.5973322383, 8.2186325272, 5.4938482037, 24.0567841891, 8.4424811928, 52.0121122728, 7.7533322078],
      [126.4117497918, 151.4257941271, 30.1070323181, 30.5859998276, 284.9609774691, 192.9431902315, 308.8803364863, 186.0615037643, 469.6703352343, 90.4582039314, 254.2039225331, 228.254904758, 131.5958445866, 78.3858041984, 302.5572390274, 136.8655318995, 123.0795598672, 237.7211615014, 440.3597236647, 11.3244162323, 155.1432088434, 50.1649387178, 56.1318802639, 291.3088918967, 68.6299494445, 66.2551962606, 180.2922844222, 115.8338580107, 58.030360278, 37.2531599837, 113.8158718079, 61.9535503846, 229.8972008785, 133.806799601, 111.4171283139, 532.5605557126, 140.7284153919, 634.2410583738, 180.5509071793],
      [0.27682559609, 0.45379621202, 0.07609871614, 0.064857742423, 0.10414868773, 0.35395045627, 0.77985708243, 0.54599315674, 0.73211552997, 0.085852610259, 0.41092585154, 1.062881303, 1.0885976486, 0.58128827238, 1.6579153954, 0.24681399577, 0.45872871717, 0.29686062236, 0.74174597144, 0.038158102383, 0.69885498978, 0.079480024094, 0.42704167165, 0.75040651794, 0.51860062326, 0.16488439007, 0.1737508794, 0.5696272948, 0.13931955809, 0.14850393773, 0.27579600004, 0.4092419537, 1.2386421515, 0.58729507259, 0.89904004351, 2.2683332848, 0.45281140128, 2.3677092553, 0.53232695515],
      [15.0466175032, 8.1820098596, 2.9733919631, 4.3042731208, 11.8204900072, 12.0207743697, 16.5330653208, 11.9463108806, 25.8415395617, 3.8830441635, 17.2178915759, 10.960051249, 19.6186511825, 8.8470267583, 24.8319339399, 6.1657475611, 9.3204820804, 25.9114779643, 26.835477183, 0.73135263357, 13.0622924562, 3.6335461708, 3.0819515275, 17.6621409007, 7.8081315911, 3.6631614515, 9.4821242665, 10.6246471477, 3.8661162979, 1.907574386, 5.9406346533, 6.9445219966, 20.1221385123, 15.6715778757, 16.935978197, 29.0399546839, 10.1145275343, 36.889968855, 8.3867985676]
    ],
    [
      [19.3122159835, 11.1968064677, 1.0595503306, 2.1488222172, 6.3318206851, 0.19543950346, 8.1663345652, 13.1549799001, 6.6328136974, 9.0200217037, 11.823018466, 20.9040665872, 20.715620485, 19.6693697011, 36.4058252142, 12.2549318721, 27.6720641721, 31.5374123951, 47.3738878512, 1.2508075371, 30.0666880088, 3.4534027937, 5.7820525171, 20.2499710234, 16.8042754879, 0.81533719728, 1.0487688638, 21.2659141587, 13.6765477009, 11.651379484, 23.1199345241, 9.6115682165, 49.9273377309, 24.8345792841, 3.0737677934, 58.0450858034, 8.3596531164, 74.0592637713, 17.2900582827],
      [11.6216777257, 8.6305172642, 0.92369035303, 0.9271883938, 3.4287205422, 2.2322892331, 2.2320411263, 5.9573448952, 1.4453831641, 7.099420711, 8.2475998199, 14.2021941602, 13.4559971093, 8.5381738916, 20.3371090531, 13.5295300102, 11.3025174289, 18.7827137094, 25.1638728549, 0.9111694085, 13.350399588, 1.2680625442, 0.48944452758, 12.865783346, 5.1265637091, 1.0133620861, 2.0138619537, 7.4775387089, 6.0511965455, 2.4555851684, 8.5667678035, 3.5344040289, 24.8352691893, 9.9994792255, 4.4280853327, 38.3826619225, 5.1734234164, 46.5066830331, 14.4063847757],
      [0.69269647917, 0.24847329844, 0.08045814885, 0.05704337343, 0.68558299222, 0.024660199239, 1.1953422722, 0.38769972423, 1.161019466, 0.35325681922, 0.68074898471, 0.86077535854, 0.98929131337, 0.60651977251, 0.30019797745, 0.45611694679, 0.1020683588, 2.2897924782, 0.57179154502, 0.037953717275, 0.14152928084, 0.031154330238, 0.27990801364, 0.35452206745, 0.10495965798, 0, 0.052971140201, 0.34660900978, 0.03508208773, 0.22679344848, 0.30233990057, 0.024949604679, 0.26656227417, 0.31020100689, 1.6618367272, 1.2432083811, 0.099068673724, 2.0465212766, 0.74131071582],
      [452.150790775, 337.1546552624, 67.6049432015, 59.4567627916, 123.3789336346, 27.9104644169, 136.9692023367, 431.4356812267, 137.3390706195, 533.9590555907, 415.6288957421, 901.1755423312, 970.6070914622, 541.7732218421, 1446.5098678935, 459.4235791553, 629.782597534, 860.1375944399, 1188.4714605282, 37.6125633517, 766.7428356609, 105.7813668929, 104.6040829863, 786.7664697989, 430.9429118529, 57.7647926101, 33.0711460724, 473.6026752842, 277.5375084452, 153.282756451, 682.1146222663, 395.7946798539, 1460.8999114618, 726.7182891369, 305.2883692031, 2649.1184516344, 358.5106586983, 1524.3409921699, 705.102335387],
      [5.2226190366, 1.7695477073, 0.33135796596, 0.41018322399, 2.1749421459, 0.63714664725, 1.4370796995, 4.0642942537, 1.421713053, 3.5682451754, 4.6197369872, 1.8574215629, 4.2319996301, 2.4127147926, 6.4469998618, 2.3358420156, 4.1407525062, 13.2524869774, 10.4189872206, 0.18750598537, 4.6985474614, 0.46601343897, 0.8445119554, 5.7632537642, 2.021289292, 0.40650810656, 0.81325196986, 2.3072628384, 1.6996652207, 2.3834854481, 2.8963355055, 2.034398296, 8.0709193439, 5.1374513466, 2.5479409437, 13.2105922585, 1.8571960952, 10.046539749, 4.4599108387]
    ],
    [
      [2.1690374907, 2.7757461376, 0.39765457676, 0.3922906825, 1.4525222602, 0.2476914788, 4.6662121135, 2.4391015172, 4.1172848914, 0.71699430234, 2.0460039642, 3.9156250248, 3.7105959194, 4.2202829394, 6.7417723928, 1.4800087157, 2.3997103398, 2.3457852317, 5.9801835988, 0.19839775019, 3.2646608638, 1.1257274135, 0.66467211394, 2.9709866608, 2.9136333885, 0.23745330842, 0.50254642301, 4.1296647422, 1.6223626171, 0.80372412481, 3.1873776488, 1.8888197724, 8.346314561, 2.9977061089, 0.60046378281, 8.8026944974, 1.8384878266, 10.580423142, 1.2001915537],
      [1.04036832, 1.7628852997, 0.33518934147, 0.14280876078, 0.62313504812, 0.67142688872, 1.0683410714, 0.93631075264, 0.79572234473, 0.40725235702, 1.1490283886, 2.0698062674, 2.0117374972, 1.5843896379, 2.9576189456, 1.3416253689, 0.7565022672, 1.1082929483, 2.5294430235, 0.14867791279, 1.1457357184, 0.3168093148, 0.07366193103, 1.4980242132, 0.70577305858, 0.22444824967, 0.45416258135, 1.1206487174, 0.5551445996, 0.11658672775, 0.96407540429, 0.56802056933, 3.318914131, 0.96424442161, 0.5478608023, 4.4578460654, 0.87860295437, 5.3571954624, 0.76281313636],
      [10.9102681537, 15.401009443, 1.431920671, 1.6781605407, 24.1370874224, 11.7177049466, 26.0289870391, 21.3551555246, 28.1173765519, 10.599538986, 21.6171479761, 19.2212286886, 8.4372544953, 6.8886456407, 25.9227274346, 12.3064599489, 8.3047018241, 20.3598814138, 39.6292902399, 0.55387840216, 10.8793463743, 3.2333635686, 2.854302528, 25.0865572548, 5.0837663758, 3.6272482887, 14.4003170761, 7.7237362056, 5.0891548138, 4.9506447109, 15.0651189466, 6.1779902376, 27.7796828411, 10.5732448901, 7.5369480228, 67.0377492478, 9.8727208898, 44.1696135641, 12.1955670695],
      [7.0520804784, 11.3141102246, 3.1823451356, 1.6616359816, 4.0873768779, 2.1012781604, 10.423813356, 11.1502165871, 11.5969747256, 4.4051947383, 10.1305035667, 23.0975045934, 23.3510532846, 15.8428730143, 36.9241192732, 7.7579921822, 6.6302925751, 7.6576576341, 20.839560668, 1.0529257366, 11.1644760043, 4.4923118029, 1.5571916502, 16.0620868221, 10.4569492847, 2.0707125288, 2.0315136755, 12.3134890792, 4.5266029975, 0.80578331307, 13.1805362239, 10.7378384818, 33.9339488816, 12.3021334861, 6.9404093231, 52.9313129241, 10.6616073542, 29.389366767, 5.4285524349],
      [30.8282455571, 19.7462488951, 3.6528902752, 6.1251040344, 22.6998783914, 16.2618985255, 33.81264642, 32.1192156185, 37.3726414864, 10.8710196163, 34.0573161043, 21.6958354258, 29.4893588035, 18.4638087678, 49.4537619539, 13.1139137844, 14.9087929938, 52.5283827721, 56.0215224697, 1.0461201983, 21.5457810393, 5.8317879002, 3.8501717768, 35.3823450491, 13.8398778925, 4.8401376244, 16.611460244, 16.7124612557, 8.206734972, 6.3232611234, 18.6028917763, 16.6273309389, 56.6211395852, 29.1626710932, 27.374318069, 84.7703972655, 16.7485809751, 59.5034010645, 13.4128758055]
    ]
  ],
  "prob": [
    [0.25526698795, 0.0023959157877, 0.00063778748832, 0.73886358453, 0.0028357242431],
    [0.020028119159, 0.6924906921, 0.093678332, 0.18611359006, 0.0076892666866],
    [0.0071141475777, 0.047372324052, 0.88162722476, 0.0028110861484, 0.061075217463],
    [0.030428627671, 0.016691736982, 0.00089342454484, 0.94570102975, 0.0062851810561],
    [0.050523263813, 0.022021640602, 0.27453165319, 0.21241129035, 0.44051215205]
  ],
  "iterations": 292,
  "time": 0.081868,
  "message": "Converged",
  "status": 0,
  "miniter": 0,
  "maxiter": 1000,
  "maxtime": 3600,
  "param_threshold": 0.001,
  "ll_threshold": "-Inf",
  "initial_prob": "group_proportional",
  "adjust_prob_cond_method": "project_lp",
  "adjust_prob_cond_every": false,
  "candidates_id": ["SIMMONS, Christopher William.c", "LECKINGER, Richard John.c", "BARTLEY, Josephine Ruth.c", "PEACHEY, Allan Frederick.c", "Other candidates votes.c"],
  "group_id": ["ACT New Zealand.p", "Green Party.p", "Labour Party.p", "National Party.p", "Other parties votes.p"]
}
