{
  "Z_true": {},
  "V_true": [
    [17, 390, 34, 42, 1936, 62],
    [45, 14, 1148, 506, 183, 51],
    [369, 70, 1028, 5647, 452, 179],
    [269, 1205, 451, 205, 19333, 809],
    [837, 19, 45, 436, 320, 54],
    [62, 62, 184, 227, 474, 632]
  ],
  "p_true": [
    [0.0069, 0.1572, 0.0137, 0.0169, 0.7803, 0.025],
    [0.0231, 0.0072, 0.5896, 0.2599, 0.094, 0.0262],
    [0.0476, 0.009, 0.1327, 0.7291, 0.0584, 0.0231],
    [0.0121, 0.0541, 0.0202, 0.0092, 0.868, 0.0363],
    [0.4892, 0.0111, 0.0263, 0.2548, 0.187, 0.0316],
    [0.0378, 0.0378, 0.1121, 0.1383, 0.2888, 0.3851]
  ],
  "Z_est": [
    [
      [0.0853, 0, 0.091, 0.0787, 0.0189, 0.1706, 0.032, 0.1219, 0.0736, 0.1496, 0.0542, 0.1401, 0.1164, 0.0479, 0.1312, 0.0712, 0.2016, 0.0848, 0.0173, 0.0976, 0.2173, 0.117, 0.1325, 0.057, 0.0073, 0.0206, 0.2028, 0.2924, 0.4004, 0, 0.1356, 0.0331, 0.6167, 0.0493, 0.1026, 0.0237],
      [12.532, 1.4612, 45.5125, 17.4202, 26.3505, 10.6707, 5.7981, 24.1465, 17.0231, 28.0909, 19.8444, 25.1448, 28.8073, 8.0768, 18.7907, 14.5549, 27.1335, 22.5313, 4.9921, 39.2395, 33.8174, 13.9153, 27.4331, 16.675, 5.9275, 6.3882, 26.8916, 28.2405, 14.3544, 1.47, 35.4545, 4.0265, 86.4973, 6.061, 39.4539, 3.3959],
      [1.0356, 0.0751, 2.8223, 1.719, 2.09, 0.3601, 0.8881, 1.7521, 1.7844, 3.1727, 1.5631, 1.9787, 2.6874, 0.5875, 1.1893, 1.5105, 2.8294, 2.598, 0.7939, 2.8625, 2.3184, 1.0174, 2.5786, 1.347, 1.413, 0.8517, 2.1375, 1.8212, 1.1127, 0.0898, 3.8622, 0.2242, 8.038, 0.8712, 4.6509, 0.6004],
      [0.1552, 0.0227, 0.4473, 0.4494, 0.3097, 0.4394, 0.1795, 0.4237, 0.4698, 0.1792, 0.3843, 0.5046, 0.5801, 0.186, 0.1876, 0.1072, 0.6135, 0.4136, 0.1548, 0.5504, 0.6022, 0.2104, 0.7219, 0.293, 0.1282, 0.0576, 0.3919, 0.5043, 0.3127, 0, 0.9979, 0.0846, 2.019, 0.1586, 0.4441, 0.1382],
      [23.192, 1.4397, 91.1268, 43.3328, 66.2309, 19.3592, 12.1023, 45.5289, 45.6492, 54.4076, 44.119, 56.2257, 63.7901, 22.0912, 29.7012, 24.7562, 68.1311, 52.3601, 18.0317, 76.1504, 54.0447, 33.7262, 61.0899, 27.5875, 33.524, 18.6819, 48.3762, 39.1101, 34.8198, 2.4402, 91.4429, 10.6289, 222.829, 18.8599, 75.3083, 16.8418],
      [0, 0.0013, 0, 0, 0, 0, 0, 0.0269, 0, 0, 0.035, 0.006, 0.0188, 0.0106, 0, 0, 0.0909, 0.0122, 0.0102, 0.0997, 0, 0.0137, 0.044, 0.0404, 0, 0, 0, 0.0314, 0, 0, 0.1069, 0.0027, 0, 0, 0.0402, 0]
    ],
    [
      [0.6688, 0, 1.3477, 0.7549, 0.3754, 0.3949, 0, 1.1547, 0.6134, 1.7599, 0.7295, 1.9869, 0.8548, 0.2634, 0.7917, 1.1624, 1.1484, 0.7792, 0.1404, 1.1284, 1.3326, 0.5627, 1.8362, 0.6677, 0.3227, 0.2366, 2.571, 1.779, 2.9899, 0.0731, 1.1659, 0.6846, 5.9796, 0.6802, 1.2615, 0.4145],
      [0.2216, 0.0192, 0.8669, 0.3003, 0.2959, 0.2144, 0, 0.5441, 0.2797, 0.7724, 0.4291, 0.8237, 0.4133, 0.0948, 0.32, 0.6369, 0.3816, 0.3914, 0.0786, 0.7452, 0.591, 0.1628, 0.8918, 0.4492, 0.068, 0.1014, 0.899, 0.682, 0.3969, 0.1239, 0.6173, 0.2013, 2.0296, 0.1727, 0.9449, 0.1003],
      [22.8547, 1.9701, 70.5981, 38.4271, 30.8293, 17.0762, 59.5849, 49.6366, 37.5986, 96.7199, 43.1998, 82.9414, 48.1356, 9.4684, 25.5792, 70.9364, 49.8504, 55.2652, 16.5909, 68.1813, 50.481, 16.0137, 104.9731, 43.4556, 22.2971, 17.4428, 87.5793, 52.0719, 44.0102, 10.5244, 84.1642, 14.7634, 242.4252, 32.8032, 126.8522, 24.1164],
      [0.0013, 0.0034, 0, 0.0447, 0, 0.0924, 0.4151, 0.0396, 0.0385, 0, 0.0229, 0.0703, 0.03, 0.0074, 0.0005, 0, 0.0326, 0.0038, 0.0049, 0.0045, 0.0657, 0.0051, 0.2238, 0.0463, 0, 0, 0.0374, 0.1147, 0.0754, 0, 0.1005, 0.0134, 0.214, 0.0138, 0, 0.01],
      [0.2536, 0.0069, 1.1873, 0.473, 0.4995, 0.222, 0, 0.6155, 0.4698, 0.7478, 0.6064, 1.1776, 0.5641, 0.1652, 0.3086, 0.2643, 0.5659, 0.5588, 0.1819, 0.9111, 0.5296, 0.2545, 1.0329, 0.3487, 0.3121, 0.2193, 0.9133, 0.3374, 0.5276, 0.2787, 0.9145, 0.3366, 3.3516, 0.33, 0.9116, 0.3588],
      [0, 0.0004, 0, 0, 0, 0, 0, 0.0096, 0, 0, 0.0123, 0, 0.0023, 0.0008, 0, 0, 0.0209, 0.0016, 0.0032, 0.0295, 0, 0.0011, 0.0422, 0.0326, 0, 0, 0, 0.0149, 0, 0, 0.0376, 0.0008, 0, 0, 0.0298, 0]
    ],
    [
      [8.0065, 0, 12.3763, 12.4091, 4.7381, 3.4547, 9.469, 21.9406, 13.5348, 19.6736, 14.9562, 39.7859, 21.9472, 5.226, 13.0412, 13.5388, 30.76, 16.4934, 1.8442, 12.0543, 38.6985, 11.3245, 27.8649, 12.5781, 3.9898, 2.3879, 33.4747, 26.5678, 31.5201, 1.441, 27.348, 30.1941, 103.1041, 11.5048, 26.2692, 4.492],
      [1.2415, 0.3177, 6.5328, 2.2541, 4.356, 0.8493, 1.3899, 4.9449, 3.2013, 3.4994, 6.4331, 7.7859, 5.3797, 0.8775, 2.5188, 2.7856, 4.7935, 5.5183, 0.5759, 6.305, 8.1349, 1.541, 6.3763, 4.0827, 1.0323, 1.1741, 5.5105, 4.9884, 1.9445, 2.304, 7.2264, 4.0649, 16.2953, 1.305, 11.9201, 0.5731],
      [1.03, 0.2085, 2.3876, 2.1731, 1.7731, 0, 8.942, 3.2669, 2.9453, 4.734, 3.0785, 4.7873, 4.7859, 0.5592, 1.4637, 4.4091, 5.0142, 5.3963, 0.8494, 2.9299, 5.3124, 0.9915, 5.9216, 3.6461, 1.076, 0.7369, 4.6604, 3.1886, 1.1194, 0.3112, 7.6712, 0.5274, 13.2958, 2.5616, 13.9069, 0.8359],
      [39.3211, 9.3618, 140.6737, 118.9468, 104.8075, 38.2075, 107.7891, 181.3871, 168.6027, 109.7257, 206.1223, 336.6598, 224.5472, 46.8156, 66.4299, 84.9107, 236.7897, 189.8293, 38.4874, 158.0623, 258.6879, 62.6807, 318.3325, 140.9575, 40.362, 24.8429, 180.1492, 135.2652, 82.6715, 8.5009, 389.6174, 195.2155, 821.2961, 85.4284, 313.1517, 49.4057],
      [7.8503, 0.9227, 29.9418, 19.9243, 21.6377, 5.172, 6.7704, 30.9238, 27.5005, 22.7964, 35.9687, 60.5997, 38.4727, 8.4899, 13.1393, 15.1405, 40.4147, 33.5108, 6.4626, 28.6448, 41.1121, 13.1013, 46.0893, 20.4586, 8.9194, 5.4779, 33.2001, 19.5278, 16.5059, 3.3167, 59.2033, 38.7811, 148.5353, 15.1215, 55.6062, 9.211],
      [0.5506, 0.1893, 2.0878, 1.2926, 1.6876, 0.3165, 0.6396, 3.5367, 2.2154, 1.5709, 4.4411, 5.3813, 3.8673, 1.0319, 0.4071, 1.2153, 6.2278, 3.252, 0.7805, 4.0036, 3.0541, 1.3609, 6.4154, 3.277, 0.6205, 0.3803, 2.0052, 2.4623, 1.2385, 0.1261, 8.9336, 4.217, 11.4734, 1.0788, 6.1459, 0.4823]
    ],
    [
      [1.0879, 0, 0, 0.7864, 0, 0.2118, 1.1237, 1.5452, 0, 0.1312, 0, 1.5411, 0, 0.0792, 2.0338, 0.4538, 2.7715, 0, 0, 0, 5.168, 1.0658, 1.6151, 0.3791, 0, 0, 4.9609, 5.3168, 11.4317, 0, 0, 2.5893, 8.0138, 0.6903, 0, 0],
      [9.9945, 1.0667, 35.0771, 12.4473, 16.2264, 4.4616, 3.8448, 27.7864, 15.5698, 20.0921, 16.8102, 29.3638, 18.5695, 7.0183, 12.5265, 10.7121, 23.2498, 20.9497, 3.3531, 31.187, 29.6912, 9.6306, 28.758, 17.8421, 1.4044, 2.849, 23.5612, 19.8889, 9.1323, 0, 26.3874, 10.1899, 73.9953, 4.1426, 37.8394, 3.4121],
      [8.434, 0.6369, 9.804, 10.785, 8.5598, 0, 12.6586, 15.3495, 14.2977, 37.4614, 9.6754, 13.9625, 16.4099, 2.3779, 6.1885, 19.9019, 22.8559, 30.7701, 6.5082, 17.2029, 17.5403, 3.9024, 24.4825, 15.6315, 6.9736, 6.0751, 19.4905, 11.7668, 2.7624, 1.0707, 27.8899, 0.6602, 48.1348, 8.0832, 75.7777, 4.5428],
      [4.1793, 0.749, 6.5621, 15.6988, 2.7318, 7.5573, 6.4714, 19.9538, 21.5261, 0.8278, 13.0417, 25.0159, 15.2559, 6.5789, 4.2433, 1.2304, 22.0138, 13.1587, 4.3493, 13.6127, 23.8468, 4.6043, 39.8963, 13.0398, 0.5491, 0, 13.3873, 14.4124, 10.5276, 0, 35.5513, 7.7634, 77.0677, 4.8107, 5.1607, 6.1114],
      [257.2372, 15.4658, 1016.5217, 470.9142, 661.8483, 114.8415, 119.0998, 708.7659, 636.5281, 545.5982, 567.5732, 935.1091, 590.3426, 288.1692, 260.7489, 251.6883, 829.836, 737.5334, 199.6325, 854.3221, 643.0576, 338.0393, 897.3665, 383.7609, 228.0738, 160.5739, 593.8219, 350.3875, 344.7321, 46.2659, 991.8818, 390.8673, 2819.9503, 205.9829, 1055.7622, 298.2682],
      [7.0671, 1.0817, 28.035, 12.3682, 20.6337, 2.9279, 3.8017, 33.5992, 21.0782, 14.8893, 28.8995, 35.0076, 24.4221, 14.7765, 3.2591, 8.0134, 52.273, 29.5881, 10.1569, 51.6753, 19.6961, 14.7575, 48.8816, 23.3467, 5.999, 4.5021, 14.7781, 16.2276, 10.4138, 0.6633, 58.2896, 17.9298, 90.8382, 6.2903, 47.46, 5.6655]
    ],
    [
      [5.9252, 0, 11.7239, 12.5698, 7.1211, 4.4398, 7.6936, 27.7611, 20.7003, 13.81, 26.9844, 62.9303, 26.6678, 7.1265, 16.2896, 9.0097, 46.5849, 22.5221, 0.824, 20.7138, 40.2188, 11.6345, 23.388, 7.1077, 4.914, 3.2283, 32.185, 20.3238, 18.701, 2.2903, 23.2226, 44.3086, 155.5423, 14.2037, 25.8737, 2.4469],
      [0.0057, 0.0017, 0.0221, 0.0116, 0.0156, 0.007, 0, 0.0436, 0.0217, 0.0149, 0.0526, 0.0744, 0.037, 0.0065, 0.0275, 0.0114, 0.041, 0.0314, 0.0012, 0.045, 0.0614, 0.0094, 0.0321, 0.0151, 0.0013, 0.0029, 0.0334, 0.0334, 0.0031, 0.0037, 0.0328, 0.033, 0.1178, 0.0026, 0.0501, 0.0014],
      [0.0037, 0.0008, 0, 0.0034, 0.0007, 0, 0.1333, 0.0019, 0.0049, 0.0389, 0, 0, 0.0249, 0, 0.0019, 0.0438, 0.0344, 0.0549, 0.0011, 0.0031, 0.0176, 0, 0.0153, 0.011, 0.0054, 0.0048, 0.036, 0.0174, 0, 0.0014, 0.0228, 0, 0, 0.044, 0.1294, 0.0006],
      [2.9574, 0.7896, 11.7179, 12.4981, 11.4981, 5.192, 9.0306, 24.0153, 26.1384, 8.0001, 34.1881, 55.9056, 27.9161, 6.4993, 8.6788, 5.8481, 37.7531, 24.8575, 1.6226, 24.2523, 28.6998, 6.6554, 27.9122, 8.2364, 4.3234, 2.6784, 18.3889, 11.0976, 5.2626, 1.106, 33.7997, 30.7987, 130.8816, 11.0005, 28.7032, 2.6612],
      [0.9665, 0.1568, 3.9571, 3.4207, 3.7476, 1.1907, 1.8155, 6.7368, 6.9659, 2.746, 9.5888, 16.2328, 7.8208, 1.9111, 2.8008, 1.7972, 10.7074, 7.1673, 0.4475, 7.1113, 7.7817, 2.2398, 6.9779, 2.1065, 1.5191, 0.9499, 5.6084, 2.9122, 1.7701, 0.5421, 8.7251, 9.7474, 38.2964, 3.2291, 8.519, 0.7926],
      [0.1415, 0.0511, 0.5789, 0.4964, 0.6168, 0.1705, 0.327, 1.4413, 1.1688, 0.3901, 2.1862, 2.8569, 1.5334, 0.4566, 0.2015, 0.2897, 2.8793, 1.3668, 0.1036, 1.8745, 1.2207, 0.4609, 1.6745, 0.5234, 0.2368, 0.1357, 0.7482, 0.6155, 0.2632, 0.0565, 2.1971, 2.1124, 6.162, 0.5201, 1.7246, 0.0973]
    ],
    [
      [1.2263, 0, 1.4611, 1.4011, 0.7465, 0.3281, 0.6817, 2.4766, 1.0779, 1.4757, 1.2757, 2.6156, 1.4138, 0.2569, 0.7126, 0.7641, 2.5336, 1.1204, 0.174, 1.0059, 3.3648, 1.2955, 2.1631, 1.2105, 0.7661, 0.1267, 2.6057, 2.7203, 2.9568, 0.1956, 2.1279, 1.1903, 6.7434, 0.8717, 2.493, 0.6229],
      [4.0047, 0.1335, 8.9885, 5.5666, 5.7556, 1.797, 2.9672, 11.5346, 4.9044, 5.5304, 7.4306, 10.8074, 6.7932, 0.9262, 2.8165, 3.2991, 8.4005, 5.578, 0.9992, 6.4782, 14.7041, 3.7409, 10.5087, 7.9358, 1.5666, 0.4845, 9.1042, 10.1667, 4.1688, 1.0983, 11.2817, 3.4845, 23.0648, 2.3161, 15.7916, 1.5172],
      [4.642, 0.1086, 8.388, 7.8923, 6.7472, 1.5637, 5.7931, 11.9931, 7.3691, 7.8731, 8.4833, 12.3301, 8.9564, 1.0071, 2.5775, 4.1984, 12.4156, 8.9156, 2.2565, 6.8203, 14.3302, 4.0749, 14.029, 8.9089, 5.2349, 0.8888, 10.0963, 9.1341, 4.9952, 1.0025, 17.3898, 2.8248, 31.1063, 4.6368, 24.6829, 3.904],
      [2.3858, 0.0736, 5.599, 5.3623, 4.6529, 1.5114, 3.1143, 8.1804, 5.2245, 3.2673, 6.2407, 8.8437, 5.6706, 0.9127, 1.46, 1.9035, 7.7973, 4.737, 1.381, 4.5178, 9.0976, 2.844, 9.9133, 5.427, 2.6372, 0.421, 5.6454, 5.6057, 3.1502, 0.3931, 11.9332, 3.1244, 21.5216, 2.5879, 10.5403, 2.6736],
      [0.5004, 0.0081, 1.2652, 0.935, 1.036, 0.2146, 0.212, 1.4291, 0.8865, 0.704, 1.1438, 1.6551, 1.0098, 0.1735, 0.3012, 0.3534, 1.3448, 0.8697, 0.2437, 0.8603, 1.4742, 0.6388, 1.4436, 0.7378, 0.6515, 0.0971, 1.08, 0.725, 0.6445, 0.1563, 1.8323, 0.6387, 4.0374, 0.4767, 1.8926, 0.5275],
      [10.2408, 0.6762, 24.2983, 18.8427, 22.0618, 4.5852, 10.2318, 42.3863, 20.5375, 14.1496, 34.4259, 40.7481, 27.1562, 5.7236, 3.1323, 8.4815, 50.5081, 22.7794, 7.9455, 30.3175, 34.0292, 17.4059, 50.9423, 29.78, 13.1437, 1.9819, 20.4685, 26.6483, 15.0845, 2.1541, 66.4351, 18.7374, 89.5265, 11.1108, 55.5995, 8.7549]
    ]
  ],
  "V_est": [
    [4.1921, 748.123, 67.2337, 13.8228, 1647.0374, 0.591],
    [38.6127, 16.2611, 1869.4177, 1.7319, 20.737, 0.2396],
    [668.0096, 150.0338, 126.4968, 5714.0425, 988.4511, 97.9663],
    [52.9965, 619.0312, 538.6246, 461.4869, 19810.5683, 789.2926],
    [780.9871, 0.9052, 0.6574, 691.5647, 199.006, 37.8796],
    [54.202, 225.6457, 287.5699, 180.3512, 32.2003, 861.0309]
  ],
  "p_est": [
    [0.0017, 0.3015, 0.0271, 0.0056, 0.6639, 0.0002],
    [0.0198, 0.0084, 0.9602, 0.0009, 0.0107, 0.0001],
    [0.0863, 0.0194, 0.0163, 0.7378, 0.1276, 0.0126],
    [0.0024, 0.0278, 0.0242, 0.0207, 0.8895, 0.0354],
    [0.4565, 0.0005, 0.0004, 0.4042, 0.1163, 0.0221],
    [0.033, 0.1375, 0.1752, 0.1099, 0.0196, 0.5247]
  ],
  "EI_Z": {},
  "EI_V": 9.7126,
  "MAE_Z": {},
  "MAE_V": 203.948,
  "MAE_p": 0.0636,
  "runtime": 0.004
}
