{
  "Z_true": {},
  "V_true": [
    [41, 29, 509, 348],
    [430, 206, 14986, 538],
    [266, 3859, 802, 362],
    [1026, 96, 736, 154],
    [84, 232, 643, 648]
  ],
  "p_true": [
    [0.0442, 0.0313, 0.5491, 0.3754],
    [0.0266, 0.0127, 0.9274, 0.0333],
    [0.0503, 0.7296, 0.1516, 0.0684],
    [0.5099, 0.0477, 0.3658, 0.0765],
    [0.0523, 0.1444, 0.4001, 0.4032]
  ],
  "Z_est": [
    [
      [0, 0, 0, 0.0798, 0.1108, 0, 0, 0, 0.0354, 0, 0, 0.8818, 2.0511, 0.1968, 1.9845, 1.0741, 1.132, 0.2901, 0.1573, 0.3064, 0.9971, 0.4363, 0.3856, 0.5524, 0.1924, 0.6534, 0.3153, 0.4073, 2.7619, 0.4421, 0.1507, 0.9958, 1.5153, 1.3085, 0.7514, 2.0267, 1.7349, 1.8884, 0.7582, 0.9131, 0.8952, 0.4421, 0, 12.1824, 1.8393, 3.7592, 1.9941],
      [0, 0, 0, 0.0182, 0.0547, 0, 0.0145, 0, 0.0501, 0, 0, 1.2421, 1.6392, 0.2125, 1.1381, 1.1107, 0.8259, 0.0164, 0.1208, 0.1631, 0.597, 0.29, 0.1264, 0.4259, 0.1632, 0.1965, 0.2084, 0.3412, 2.2829, 0.9646, 0.1422, 0.795, 1.3581, 1.4266, 1.2141, 1.8477, 1.9622, 1.6378, 0.4488, 0.7435, 0.7094, 0.5737, 0, 11.1009, 2.9774, 3.7707, 0],
      [0, 0, 0, 0.2844, 0.7532, 0, 0.2012, 0, 0.3951, 0, 0, 11.0381, 15.9464, 2.635, 9.4858, 9.5945, 7.4952, 0.9583, 1.8526, 2.2159, 7.9254, 4.0467, 2.9555, 4.7312, 2.9467, 3.6021, 3.4292, 3.5097, 24.8198, 6.9412, 1.8275, 8.579, 16.6887, 13.1847, 10.8393, 16.9966, 18.5502, 16.7844, 6.0845, 8.1815, 5.5554, 5.7763, 0, 101.6465, 24.5245, 37.5946, 9.8423],
      [0, 0, 0, 0.6177, 1.0812, 0, 0.7843, 0, 0.5194, 0, 0, 8.838, 17.3632, 0.9557, 8.3916, 10.2207, 10.5469, 1.7352, 1.8693, 2.3146, 6.4804, 4.227, 2.5325, 4.2904, 1.6977, 3.548, 2.0471, 3.7418, 26.1354, 8.6521, 0.8796, 9.6302, 13.4379, 14.0802, 7.1952, 12.1289, 16.7527, 9.6895, 5.7085, 6.1619, 6.84, 5.2079, 0, 91.0702, 27.6588, 42.8754, 7.1637]
    ],
    [
      [1.1076, 0, 2.1149, 3.0757, 0.8494, 2.732, 0, 0.488, 0.5105, 0, 0.1235, 11.9332, 37.7929, 0.2645, 23.757, 20.3571, 25.6739, 1.0795, 9.7677, 11.3787, 30.0238, 14.2779, 22.8943, 12.8016, 11.1023, 16.901, 7.6475, 8.8362, 23.4008, 7.4748, 0.1387, 9.1409, 6.0336, 20.0581, 9.3171, 16.9017, 19.7327, 25.3632, 5.3962, 4.9425, 12.5316, 3.6085, 0.2618, 296.016, 31.6154, 64.2613, 2.6889],
      [0, 0.0152, 1.662, 0, 0, 1.0093, 0, 0.5999, 0.2309, 0, 0.0439, 4.3893, 0, 0, 2.3596, 4.6442, 1.4886, 0, 0, 0, 0, 0, 0, 0, 0, 0, 0, 0, 0, 14.0543, 0, 0, 0, 3.4218, 5.3922, 1.7873, 2.0435, 0, 0, 0, 3.5276, 0, 0, 30.9074, 15.8486, 0, 0],
      [17.8242, 4, 49.8742, 22.5068, 16.5809, 17.1911, 9.5049, 18.3666, 11.8857, 8.6907, 14.0336, 282.9629, 528.7822, 34.6415, 189.0834, 329.5285, 293.0936, 10.2486, 295.9966, 185.6664, 499.8813, 287.0479, 452.9142, 220.0851, 386.1699, 196.4873, 220.3152, 153.7759, 494.5855, 235.0694, 49.4332, 179.8289, 265.6926, 378.1314, 266.3571, 253.3864, 395.7746, 476.9884, 211.8803, 105.8831, 133.9294, 93.7485, 3.7382, 4397.0503, 801.6418, 1216.8876, 52.5785],
      [1.0681, 0.9848, 0.3489, 1.4175, 0.5697, 0.0676, 1.4951, 1.5455, 0.3729, 0.3093, 1.7989, 6.7146, 20.4249, 0.094, 4.7999, 12.4702, 16.7439, 0.672, 9.2357, 5.955, 12.095, 9.6742, 10.1915, 6.1133, 5.7279, 5.6117, 3.0373, 5.3879, 18.0136, 11.4015, 0.4281, 7.0301, 6.2738, 14.3887, 4.9336, 4.9246, 11.4493, 6.6484, 5.7235, 2.1744, 6.0113, 2.643, 0, 128.0264, 33.8942, 50.8511, 0.7326]
    ],
    [
      [0.7801, 0, 0.0132, 1.3594, 0.5406, 0.0776, 2.7756e-17, 0.014, 0.0177, 0, 0, 1.0326, 3.4183, 1.1841, 2.1659, 1.2043, 1.7133, 0.0057, 2.8516, 3.8629, 4.9814, 2.8047, 11.1134, 1.7787, 1.5831, 3.8926, 2.5988, 1.7795, 12.3528, 0.5984, 2.2968, 6.0435, 10.6277, 2.8114, 1.2733, 3.47, 1.9132, 7.0148, 12.731, 3.1992, 2.3658, 0.6936, 0, 23.4788, 1.4043, 7.0766, 0.907],
      [5.9788, 0, 2.8236, 2.9476, 1.9264, 3.6929, 0.9739, 3.2923, 2.6358, 0, 5.7105, 95.4424, 119.0809, 10.6349, 66.9682, 76.0713, 72.8217, 0.9461, 9.8792, 12.296, 21.0556, 9.4349, 12.6927, 12.8525, 3.8368, 5.602, 6.7916, 32.9348, 236.0893, 140.8149, 15.7186, 152.5908, 178.9277, 207.2718, 180.4875, 185.2669, 138.8342, 127.7856, 81.7152, 70.2745, 102.6791, 61.4928, 0, 1269.1417, 143.1152, 287.1014, 14.6345],
      [0.8643, 0, 0.1165, 0.5866, 0.2505, 0.1533, 0.0013, 0.1923, 0.1613, 0.2795, 0.4813, 9.5545, 13.4271, 1.704, 6.1043, 7.3697, 7.2865, 0.0177, 2.1247, 2.3836, 3.8185, 1.8349, 6.0281, 1.7668, 0.9997, 1.7713, 1.6365, 4.0294, 31.9571, 6.8748, 2.8918, 21.0385, 31.0232, 21.1567, 17.0358, 19.4201, 15.2143, 16.2414, 16.5726, 10.0122, 6.8136, 7.3843, 0, 133.1462, 13.328, 33.4331, 2.081],
      [1.3768, 0, 0.0467, 1.1064, 0.2825, 0.0761, 0.0248, 0.5015, 0.1852, 0.7205, 1.8082, 7.9706, 15.0736, 0.477, 5.7615, 8.3547, 11.1784, 0.0305, 2.1445, 2.4575, 3.1444, 1.9255, 5.1658, 1.602, 0.5804, 1.7341, 0.9731, 4.2563, 32.6008, 15.7119, 1.0927, 22.3273, 20.4213, 24.7601, 12.2034, 13.843, 14.0383, 8.9582, 12.9812, 6.5141, 12.1415, 6.4293, 0, 124.2333, 16.1526, 39.3888, 1.3776]
    ],
    [
      [0, 0, 0.6416, 2.429, 0.4993, 1.845, 0, 0.4879, 0.3911, 0, 0.864, 8.2517, 28.3596, 1.2967, 11.6685, 13.0413, 16.97, 0.5799, 10.5429, 9.057, 23.0168, 4.4521, 16.5583, 6.2699, 5.0542, 4.0288, 8.4835, 7.7142, 36.5456, 7.6882, 1.3535, 16.8168, 15.7868, 31.7376, 12.8557, 25.0591, 22.5758, 22.1814, 14.2524, 10.4076, 18.1905, 5.9779, 0.7382, 264.6041, 20.3185, 42.4245, 5.118],
      [0, 0.9848, 0.1375, 0.0273, 0.0189, 0.1229, 0, 0.0923, 0.0384, 0, 0.2147, 1.1031, 2.1375, 0.1155, 0.6429, 1.292, 1.1807, 0.0226, 0, 0.4202, 0, 0.2751, 0, 0.4481, 0, 0.1109, 0, 0.5918, 2.717, 1.6585, 0.106, 1.1779, 1.229, 3.3895, 2.0443, 2.2187, 2.4325, 1.7792, 0.6113, 0.734, 1.5324, 0.7138, 0, 23.3698, 3.1347, 4.0204, 0.2647],
      [0, 0, 1.1578, 1.2227, 0.4154, 0.9771, 0, 1.0854, 0.4966, 0.7486, 3.4908, 15.8478, 34.1768, 2.4722, 8.6134, 17.9418, 17.3399, 0.3273, 17.9193, 10.0599, 26.8792, 6.339, 19.1393, 8.2335, 11.0492, 3.3937, 13.405, 10.1744, 51.0434, 18.3741, 2.3885, 22.4136, 26.9181, 49.3011, 28.4334, 32.4696, 37.2111, 30.5572, 17.7998, 14.3562, 17.213, 11.8135, 0.2618, 343.022, 41.7979, 65.7906, 6.0194],
      [0, 0.0152, 0.0632, 0.321, 0.0665, 0.0549, 0, 0.3343, 0.0739, 0.2514, 1.4304, 1.7974, 5.3261, 0.1155, 1.0752, 2.7249, 3.5093, 0.0702, 2.5378, 1.463, 3.104, 0.9338, 2.3025, 1.0484, 0.8966, 0.4665, 1.1115, 1.5197, 7.6939, 3.2791, 0.152, 3.5917, 3.0662, 7.5718, 2.6666, 3.2526, 4.7806, 2.4821, 2.3365, 1.5021, 3.0641, 1.4948, 0, 44.0041, 6.749, 10.7645, 0.5979]
    ],
    [
      [0.1123, 0, 0.2303, 0.0561, 0, 0.3454, 0, 0.0101, 0.0455, 0, 0.0125, 0.9007, 2.3781, 0.0579, 2.4242, 1.3232, 1.5107, 0.0448, 0.6806, 0.3951, 0.9809, 1.0289, 1.0484, 0.5974, 1.068, 0.5241, 0.9549, 0.2629, 1.9388, 0.7965, 0.0603, 1.0029, 1.0366, 2.0845, 0.8025, 1.5426, 1.0434, 1.5522, 0.8622, 0.5376, 1.0169, 0.2779, 0, 16.7188, 1.8226, 3.4782, 0.292],
      [0.0212, 0, 0.377, 0.0069, 0, 0.1748, 0.0116, 0.0155, 0.0447, 0, 0.0309, 0.8231, 1.1424, 0.0371, 0.8911, 0.8818, 0.683, 0.0149, 0, 0.1207, 0.3473, 0, 0.1808, 0.2735, 0, 0.0905, 0, 0.1322, 0.9108, 1.5076, 0.0332, 0.4363, 0.4853, 1.4903, 0.8619, 0.8794, 0.7276, 0.7974, 0.2248, 0.248, 0.5515, 0.2198, 0, 9.4802, 1.9241, 2.1074, 0.1009],
      [1.3114, 0, 5.8515, 0.3995, 0, 2.6785, 0.2926, 0.3557, 1.0613, 0.2812, 0.9942, 22.5968, 36.6674, 1.5473, 22.7131, 23.5655, 19.7848, 0.4482, 11.1068, 5.6743, 15.4956, 13.7316, 15.963, 10.1833, 21.8346, 5.7457, 15.2142, 4.5106, 34.5941, 25.7404, 1.459, 17.14, 22.6773, 42.2261, 23.3345, 25.7272, 22.2499, 27.4286, 13.6628, 9.5669, 12.4886, 7.2773, 0, 277.1349, 48.7079, 69.2941, 4.4789],
      [1.555, 0, 1.5412, 0.5375, 0, 0.8013, 0.6959, 0.6187, 0.8486, 0.7188, 1.9624, 11.6794, 25.8122, 0.3577, 12.9717, 16.2295, 18.0215, 0.4921, 7.2127, 3.81, 8.1762, 9.2395, 8.8077, 5.9458, 8.0974, 3.6397, 5.831, 3.0943, 23.5563, 20.9554, 0.4476, 12.4207, 11.8008, 29.1992, 10.0012, 11.8509, 12.9791, 10.2218, 8.2503, 4.6475, 9.943, 4.225, 0, 160.666, 35.5454, 51.1202, 2.1282]
    ]
  ],
  "V_est": [
    [48.5991, 42.9109, 430.419, 405.071],
    [836.3743, 93.4258, 14769.7243, 460.4757],
    [151.0317, 4193.2649, 480.5693, 464.1341],
    [757.1356, 63.111, 1050.0904, 141.663],
    [53.8592, 29.2875, 945.197, 578.6563]
  ],
  "p_est": [
    [0.0524, 0.0463, 0.4643, 0.437],
    [0.0518, 0.0058, 0.914, 0.0285],
    [0.0286, 0.7928, 0.0909, 0.0878],
    [0.3763, 0.0314, 0.5219, 0.0704],
    [0.0335, 0.0182, 0.5882, 0.3601]
  ],
  "EI_Z": {},
  "EI_V": 5.9151,
  "MAE_Z": {},
  "MAE_V": 153.7642,
  "MAE_p": 0.0537,
  "runtime": 0.005
}
