{
  "Z_true": {},
  "V_true": [
    [30, 606, 24, 83, 740, 454, 61],
    [27, 18, 701, 29, 61, 723, 104],
    [146, 96, 267, 217, 113, 13519, 387],
    [122, 194, 82, 171, 3892, 749, 147],
    [110, 133, 64, 203, 642, 1109, 364],
    [163, 36, 23, 1191, 414, 1016, 78],
    [416, 85, 106, 63, 211, 1118, 553]
  ],
  "p_true": [
    [0.015, 0.3033, 0.012, 0.0415, 0.3704, 0.2272, 0.0305],
    [0.0162, 0.0108, 0.4215, 0.0174, 0.0367, 0.4348, 0.0625],
    [0.0099, 0.0065, 0.0181, 0.0147, 0.0077, 0.9169, 0.0262],
    [0.0228, 0.0362, 0.0153, 0.0319, 0.7265, 0.1398, 0.0274],
    [0.0419, 0.0507, 0.0244, 0.0773, 0.2446, 0.4225, 0.1387],
    [0.0558, 0.0123, 0.0079, 0.4077, 0.1417, 0.3478, 0.0267],
    [0.163, 0.0333, 0.0415, 0.0247, 0.0827, 0.4381, 0.2167]
  ],
  "Z_est": [
    [
      [2.8625, 0.6118, 1.6741, 2.8349, 9.9568e-33, 0.0307, 4.3781, 2.0163, 0.9821, 0, 0.3417, 0.5203, 3.6456, 1.7275, 0.325, 0.9817, 0, 0.0701, 0.4686, 5.6214e-31, 3.3248, 4.1239, 6.4694, 5.9913, 1.746, 0.7719, 1.6493, 0.6223, 1.4593, 0.1767, 0.7676, 0.6143, 1.8799, 2.962, 1.9835, 0.7776, 4.101, 4.8789, 2.0579, 2.5069, 2.7917, 0.8301, 4.5998, 2.1, 2.2386, 0.5519, 6.0975, 0.5743, 5.4893, 1.1839],
      [30.0662, 9.1521, 7.1657, 19.0056, 0.5592, 0, 16.9315, 7.4251, 6.5036, 0, 0, 2.3447, 42.7557, 6.4219, 2.5524, 6.4911, 0, 2.5519, 8.0965, 1.8623, 13.3844, 17.5982, 35.2212, 24.4357, 15.4536, 11.5033, 14.7244, 17.8739, 17.2572, 2.0203, 3.08, 3.3189, 11.0159, 21.8412, 10.8512, 6.7471, 22.3947, 23.9787, 9.956, 8.594, 9.6605, 3.5569, 23.3837, 10.6745, 13.9045, 1.6605, 28.0633, 5.8117, 50.2879, 11.8345],
      [0.135, 0.116, 0.2293, 0.0437, 0.0019, 0, 0.164, 0.0416, 0, 0, 0.0123, 0.0169, 0.1527, 0.0538, 0.0039, 0.0306, 0, 0.0215, 0.0766, 0.0126, 0.0853, 0.0263, 0.1965, 0, 0.1694, 0.1393, 0.1905, 0.1638, 0.1632, 0.0165, 0.0314, 0, 0.0438, 0.0987, 0.0662, 0.0445, 0.2227, 0.1107, 0.0232, 0.0597, 0.0442, 0.0167, 0.1764, 0.0401, 0.1674, 0.0202, 0, 0.049, 0.7273, 0.0597],
      [3.6386, 1.192, 0.6127, 2.0175, 0.0504, 0.0187, 1.5804, 1.3476, 0.478, 0, 0.1703, 0.185, 5.1137, 0.9813, 0.1635, 0.6219, 0, 0.1473, 0.6745, 0.0771, 1.991, 2.1843, 3.9045, 2.5637, 1.9735, 0.8951, 1.5228, 1.5788, 2.1359, 0.2778, 0.3842, 0.4404, 0.7786, 2.2525, 0.7477, 0.4077, 1.8689, 2.257, 0.7788, 1.1761, 1.048, 0.4608, 1.9286, 1.618, 1.307, 0.2879, 3.9801, 0.3311, 4.7675, 0.3713],
      [52.2798, 13.9472, 11.1974, 29.0135, 0.3296, 0.9064, 27.3222, 19.3511, 16.695, 0, 4.1746, 1.7159, 52.647, 13.7261, 2.7323, 9.8698, 0, 2.8389, 10.3225, 0.9167, 27.4742, 36.5871, 88.3725, 52.4226, 30.3384, 15.7796, 19.5952, 28.0987, 30.3318, 3.8959, 5.0685, 5.833, 17.6973, 34.968, 19.9107, 9.1131, 41.1782, 46.1941, 17.4297, 19.9995, 19.5472, 8.3455, 30.9531, 20.9355, 23.2863, 5.8458, 75.1114, 4.6142, 63.5607, 17.7819],
      [5.9113, 0.9608, 0.0978, 3.0305, 0.0589, 0.0438, 2.5633, 1.7457, 1.3336, 0, 0.2951, 0.2046, 4.6853, 1.0406, 0.2198, 0.984, 0, 0.3602, 1.3352, 0.1291, 3.6472, 4.3947, 9.6366, 4.5598, 3.2432, 1.8832, 2.2725, 3.6245, 3.5959, 0.5998, 0.6578, 0.7805, 2.5147, 3.8086, 2.3366, 0.8853, 4.1395, 4.4589, 1.7268, 2.5888, 1.8776, 0.7688, 2.8756, 2.6014, 3.033, 0.6097, 9.5737, 0.5824, 6.9189, 1.7188],
      [0.1068, 0.02, 0.0228, 0.0541, 0, 0.0004, 0.0606, 0.0727, 0.0077, 0, 0.0061, 0.0126, 0, 0.0487, 0.0031, 0.0207, 0, 0.0101, 0.0261, 0.0021, 0.0931, 0.0854, 0.1992, 0.0269, 0.0758, 0.0277, 0.0454, 0.038, 0.0568, 0.013, 0.0105, 0.0129, 0.0698, 0.0689, 0.104, 0.0246, 0.0949, 0.1217, 0.0277, 0.0749, 0.0308, 0.0213, 0.0829, 0.0306, 0.0631, 0.0241, 0.174, 0.0372, 0.2485, 0.0499]
    ],
    [
      [0.4313, 0.0894, 0.4586, 0.7996, 5.7625e-33, 0.1511, 0.3365, 0.2888, 0.2547, 0, 0.1198, 0.0788, 0.7101, 0.6226, 0.113, 0.2878, 0.1067, 0.0228, 0.1671, 0, 1.0367, 1.1854, 0.8722, 1.1559, 0.7711, 0.1542, 0.3565, 0.1374, 0.3118, 0.2053, 0.358, 0.1328, 0.4479, 0.9717, 0.572, 0.3655, 0.7265, 1.6497, 1.1265, 0.6606, 0.8938, 0.5257, 0.8136, 0.5883, 0.5331, 0.1033, 1.1914, 0.2131, 2.0903, 0.387],
      [5.1757, 1.5086, 2.0833, 6.0916, 0.0601, 0, 1.4819, 1.2004, 2.1568, 0, 0, 0.3611, 9.5157, 2.4767, 0.9718, 2.1407, 0.3658, 0.9324, 3.3185, 0.6547, 4.673, 5.7206, 5.4469, 5.3072, 7.8502, 2.6709, 3.639, 4.6214, 4.2451, 2.675, 1.61, 0.7975, 2.9662, 8.1847, 3.5376, 3.5845, 4.5252, 9.1887, 5.0757, 2.5501, 3.4797, 2.5202, 4.6742, 3.4043, 3.7954, 0.3481, 6.2703, 2.3184, 21.6067, 4.4523],
      [25.4191, 9.418, 12.7004, 24.434, 0.8689, 2, 9.3579, 8.4141, 4, 0.941, 5.3269, 2.1084, 37.2192, 17.4881, 2.79, 9.5955, 2.8625, 6.3642, 23.3362, 2.7462, 34.161, 37.8456, 40.9176, 28.9538, 60.1633, 17.3364, 23.3462, 29.6643, 29.4883, 19.0787, 13.3218, 3, 16.5563, 38.2178, 20.2808, 17.0182, 29.8283, 46.785, 17.9768, 18.9676, 20.0018, 13.7672, 22.9191, 19.2912, 28.7526, 3.7393, 39, 9.1401, 116.9837, 20.6328],
      [0.6687, 0.221, 0.1914, 0.7018, 0.0081, 0.129, 0.1477, 0.2346, 0.4918, 0.0087, 0.0719, 0.0344, 1.2588, 0.4498, 0.0702, 0.2233, 0.0065, 0.0561, 0.2915, 0.03, 0.7566, 0.7683, 0.636, 0.5943, 1.0726, 0.214, 0.4085, 0.4217, 0.5635, 0.3852, 0.2183, 0.1313, 0.2119, 0.9116, 0.2324, 0.2268, 0.3965, 0.9149, 0.4224, 0.3693, 0.4083, 0.3562, 0.4149, 0.5689, 0.3631, 0.0652, 0.9445, 0.1357, 2.2046, 0.1374],
      [1.6666, 0.4609, 0.7895, 1.7593, 0.0068, 0.8675, 0.4497, 0.5919, 1.5534, 0.0112, 0.3447, 0.0411, 2.2443, 1.1033, 0.2119, 0.6165, 0.0938, 0.1913, 0.7678, 0.0536, 1.6227, 2.1323, 2.5759, 2.282, 2.8549, 0.6582, 0.865, 1.2926, 1.3605, 0.9176, 0.488, 0.2605, 0.8027, 2.4521, 1.1692, 0.9274, 1.5673, 3.3847, 1.6969, 1.0505, 1.3578, 1.153, 1.1727, 1.213, 1.0995, 0.2298, 3.0283, 0.2856, 4.6637, 1.3208],
      [6.2432, 1.2035, 0.8996, 6.1311, 0.0561, 0.5271, 1.5421, 1.8433, 2.5704, 0.0246, 0.7539, 0.2209, 7.3672, 2.7513, 0.5918, 2.0681, 0.3076, 0.8462, 3.4197, 0.3177, 7.7907, 8.6347, 8.9992, 6.6813, 10.2366, 2.7138, 3.5339, 5.7158, 5.4598, 5.0788, 2.1756, 1.1808, 4.0021, 8.8729, 4.66, 2.9655, 5.2805, 10.7492, 5.5264, 4.6986, 4.3195, 3.4425, 3.8381, 5.0989, 5.084, 0.8066, 13.7441, 1.4782, 18.592, 4.1457],
      [3.3954, 1.0987, 0.8772, 3.0826, 0, 0.3253, 0.6841, 1.4269, 0.9729, 0.0145, 0.3828, 0.1554, 3.6847, 2.1081, 0.2512, 1.0682, 0.2571, 0.5869, 1.6992, 0.1977, 3.9593, 3.7132, 4.5522, 2.0256, 6.0513, 1.2525, 1.8508, 2.1468, 2.5711, 2.6593, 0.8283, 0.4971, 2.0129, 4.3893, 3.548, 1.912, 2.6757, 6.3278, 2.1753, 2.7033, 1.5391, 2.2353, 2.1673, 1.8353, 2.3723, 0.7078, 5.8213, 1.4288, 13.859, 2.9241]
    ],
    [
      [0, 0.0891, 0.5838, 0.6472, 0, 0, 0.3588, 1.0334, 0, 4.7184e-16, 0, 0, 0.1741, 0.3925, 0.1705, 0.299, 0, 0, 0, 0, 0, 0.1643, 0.0291, 0.3509, 0, 0, 0, 0, 0, 0, 0, 0, 0, 0.0147, 0, 0.1485, 0.0652, 1.7486, 0.0094, 0, 1.152, 0.7108, 2.5621, 0, 0, 1.0607, 0, 0, 0, 0],
      [1.854, 1.4575, 1.3048, 2.377, 0, 0, 0.9907, 0.4339, 0, 0, 0, 0.2046, 5.2952, 0.3746, 1.0508, 1.6805, 0.0804, 0, 0, 0.2809, 0, 0.0974, 0.3063, 1.3909, 2.7427, 0.1178, 0.8142, 0, 0, 0, 0, 0, 0, 2.8955, 0, 2.7086, 2.8855, 3.5143, 1.8983, 0, 1.2744, 0.686, 5.3267, 0, 0, 0.3405, 0, 0.0404, 5.0627, 0.9231],
      [3.0411, 2.7061, 2.2861, 0.6672, 0, 0, 1.7249, 1.0083, 0, 0.8201, 0.3546, 0.5651, 3.573, 0.906, 0.0874, 1.6742, 1.0608, 4.5009, 12.8278, 1.1154, 0, 0.5446, 2.4572, 0, 15.9525, 5.7251, 7.7415, 2.9389, 7.2624, 0, 6.7198, 0, 0, 3.143, 0.8345, 4.6675, 7.7824, 3.4205, 0, 0, 1.1461, 0, 7.0057, 0, 2.3803, 2.4109, 0, 2.1239, 22.7855, 1.0236],
      [11.7011, 4.4408, 1.1813, 8.5668, 0, 0, 1.8837, 5.0989, 0, 1.807, 0.5305, 0.9155, 16.6813, 1.9634, 1.3702, 4.629, 0, 0.3264, 6.2353, 0.3241, 2.2231, 3.5638, 2.9474, 3.5335, 13.8188, 1.8291, 5.5769, 3.121, 9.594, 0, 6.4574, 1.0622, 0, 10.623, 0, 2.5081, 4.1472, 8.5062, 4.103, 0, 4.2649, 3.9842, 8.4909, 6.8538, 2.3792, 2.7484, 0, 0.9142, 13.9539, 0.4226],
      [2.5946, 3.3437, 2.5109, 4.9608, 0, 0.5578, 1.1288, 3.6379, 9.2835, 0.8261, 1.7117, 0, 5.9983, 1.4285, 2.5038, 3.4757, 0.0824, 0, 0, 0, 0, 0, 3.9075, 7.0989, 4.0761, 0, 0, 0, 0, 0, 0, 0, 0, 4.9358, 0, 4.4645, 6.0397, 13.2706, 8.7624, 0, 5.0281, 5.6932, 6.6526, 0, 0, 0.1511, 0, 0, 0, 1.4436],
      [574.7685, 97.76, 45.4185, 347.0253, 24, 9.0645, 110.6229, 184.6567, 159.0335, 18.9264, 36.836, 24.67, 361.1117, 65.748, 52.9524, 210.8237, 26.7935, 175.9039, 575.5054, 28.8916, 313.1989, 225.9991, 364.3117, 229.841, 759.2671, 210.314, 257.3824, 440.9532, 525.0468, 359.3864, 374.2398, 165.1618, 156.6517, 531.2212, 248.1632, 248.3768, 448.9894, 647.4963, 365.7829, 321.7743, 239.5806, 201.3948, 380.6487, 305.1921, 358.3841, 266.9246, 676.8787, 74.1677, 675.2965, 95.4684],
      [26.0407, 7.2027, 2.7146, 14.7556, 3.002e-33, 0.3777, 4.2904, 13.1309, 4.6831, 0.6204, 1.5673, 1.6449, 14.1664, 4.1869, 1.8649, 9.4179, 1.9828, 10.2688, 23.4315, 1.388, 14.5781, 8.6307, 16.0409, 5.7849, 38.1427, 8.014, 11.4849, 12.9869, 20.0968, 15.6136, 12.583, 5.776, 7.3483, 22.1668, 18.0023, 14.126, 20.0907, 34.0436, 12.4439, 17.2257, 7.5539, 11.5311, 19.3133, 8.9541, 14.8565, 22.3638, 27.1213, 6.7538, 43.9014, 5.7188]
    ],
    [
      [0.2814, 0.1342, 0.3279, 0.5538, 3.2628e-32, 0, 1.3783, 0.5441, 0, 0, 0.0554, 1.2333, 0.8425, 0.6612, 0.1326, 0.2548, 0.031, 0.0216, 0, 2.9703e-16, 1.2103, 0.5325, 0.4525, 0.2263, 0.0485, 0, 0.2062, 0, 0, 0, 0.553, 0.0669, 0.2957, 0.7992, 0.7542, 0.331, 0.8373, 1.3031, 0.6092, 1.4741, 0.86, 0.3494, 1.3972, 0.4497, 0.0307, 0.7435, 0.131, 0.6988, 2.4948, 0.172],
      [9.7276, 2.1339, 1.2033, 5.7872, 0.359, 0, 4.9668, 1.9111, 1.9792, 0, 0, 1.426, 11.9979, 1.7647, 1.5795, 1.8044, 0.0992, 0.9118, 6.1093, 0.9965, 2.0036, 2.4062, 7.9087, 5.1824, 7.867, 4.6907, 4.7311, 6.1406, 5.6707, 1.0449, 2.4865, 0.3949, 1.7144, 7.9006, 3.5475, 3.1858, 5.2172, 7.2584, 5.0098, 2.0482, 3.293, 2.3652, 6.7296, 2.6277, 4.6635, 1.8961, 3.8077, 3.6414, 16.9594, 2.3981],
      [0.218, 0.2548, 0.3021, 0, 0.1289, 0, 0.3466, 0, 0, 0.0535, 0, 0.0983, 0, 0.0528, 0, 0.0148, 0.0094, 0.0484, 2.438, 0.0322, 1.6797, 0, 0, 0, 0.7224, 0.4896, 0.4248, 4.5513, 1.2538, 0.0075, 0.1388, 0, 0.7943, 0, 1.1675, 0.1624, 0.3507, 0, 0, 1.1933, 0, 0, 0.3385, 0, 5.6166, 0.043, 0, 0.2577, 2.6679, 0.0302],
      [14.7671, 3.3135, 1.0884, 7.57, 1.2176, 0.01, 5.2478, 4.4651, 1.854, 0.893, 0.4442, 1.3719, 17.0579, 3.4148, 1.2604, 2.1373, 0.033, 0.6632, 3.8646, 0.3114, 8.162, 3.7933, 10.8862, 6.4077, 11.2807, 3.3345, 4.4021, 5.9832, 7.1973, 4.5079, 1.8709, 0.6589, 2.3174, 10.0269, 2.0718, 2.2906, 5.1616, 8.2089, 4.7256, 7.4956, 4.3839, 3.8936, 6.5395, 5.1513, 4.5349, 4.0568, 16.3554, 1.6887, 16.5863, 0.8663],
      [223.8544, 40.2345, 21.2833, 114.1934, 3.6119, 2.7699, 96.3782, 67.1698, 81.4838, 7.3255, 12.017, 11.8564, 178.2853, 48.8897, 22.1021, 36.1365, 2.4438, 13.9557, 59.3712, 3.6048, 65.635, 67.8002, 282.7445, 140.5257, 185.0092, 63.4709, 59.2247, 112.1775, 107.2508, 24.2745, 24.8147, 9.6009, 38.8147, 164.416, 77.0548, 55.8144, 123.4273, 181.3382, 115.4099, 73.3364, 86.8245, 74.7488, 111.2356, 69.3888, 82.9228, 90.8444, 208.6444, 23.9705, 231.8621, 44.9942],
      [41.2821, 4.6519, 1.3734, 19.2393, 1.6827, 0.1926, 14.6635, 9.6269, 9.7305, 0.6442, 1.2939, 2.4248, 26.2792, 5.7614, 2.5888, 5.8139, 0.3128, 2.8553, 13.4033, 0.9055, 15.1589, 12.9332, 50.2029, 19.9875, 31.8969, 12.4905, 11.3694, 24.7995, 21.0031, 11.0731, 5.5505, 2.0433, 10.764, 28.9777, 15.0878, 8.6323, 20.1156, 28.1342, 18.2406, 17.7405, 13.2588, 10.6245, 16.8997, 14.0518, 18.8203, 15.3683, 47.6507, 5.2261, 41.5749, 7.1343],
      [5.8694, 1.2771, 0.4216, 2.6562, 7.2608e-17, 0.0275, 2.0189, 2.283, 0.9526, 0.0838, 0.1894, 0.5893, 3.5372, 1.4554, 0.3367, 0.8384, 0.0707, 0.5441, 1.8136, 0.1497, 2.1506, 1.5346, 6.8052, 1.6704, 5.1753, 1.5238, 1.6417, 2.348, 2.6243, 1.092, 0.5857, 0.2352, 1.2995, 3.8796, 3.3163, 1.5834, 2.8901, 4.7573, 2.005, 2.7119, 1.3798, 2.0185, 2.86, 1.3307, 2.4114, 4.0478, 5.4109, 1.5167, 8.8546, 1.4048]
    ],
    [
      [3.0983, 0.9359, 1.554, 4.2819, 0, 0.0579, 2.8256, 3.0578, 1.0573, 2.7756e-17, 0.2601, 0.7682, 2.7561, 2.049, 0.782, 2.0855, 0.7027, 0.199, 0.9087, 0, 3.4159, 2.1793, 3.3911, 4.5824, 5.1595, 1.3341, 2.1334, 0.941, 1.9588, 0.8219, 2.2075, 0.9006, 2.5174, 5.5669, 2.7177, 3.7421, 4.5407, 9.1779, 5.8524, 3.8781, 6.5084, 3.7938, 7.2773, 3.1788, 2.9225, 2.4145, 6.5963, 0.7269, 5.3578, 0.3626],
      [0.9588, 0.4753, 0.254, 0.878, 0, 0, 0.3538, 0.3206, 0.2031, 0, 0, 0.1006, 1.0449, 0.2338, 0.1876, 0.4165, 0.2295, 0.2072, 1.6178, 0.0473, 0.3656, 0.2637, 0.5191, 0.5749, 1.3803, 0.61, 0.5845, 0.7894, 0.6832, 0.2633, 0.2575, 0.0406, 0.3705, 1.2408, 0.4197, 1.0306, 0.7615, 1.3703, 0.8448, 0.35, 0.6849, 0.4686, 1.2122, 0.4487, 0.5243, 0.2047, 0.7546, 0.2267, 1.548, 0.1099],
      [0.1716, 0.1951, 0.1354, 0.0683, 0, 0, 0.1061, 0.0602, 0, 0.0067, 0.0112, 0.0271, 0.1592, 0.0727, 0.0104, 0.0698, 0.0443, 0.0765, 0.364, 0.0102, 0.0944, 0.0524, 0.1573, 0.0246, 0.6791, 0.3051, 0.2775, 0.2954, 0.2531, 0.0582, 0.1076, 0, 0.0519, 0.1846, 0.0982, 0.3006, 0.2718, 0.1988, 0, 0.0784, 0.0722, 0, 0.3151, 0.0424, 0.2624, 0.0926, 0, 0.0645, 0.6874, 0.0228],
      [3.3969, 1.5947, 0.4984, 2.6467, 0, 0.0464, 0.8795, 1.776, 0.439, 0.0763, 0.1115, 0.2371, 3.1857, 1.0099, 0.3406, 1.1446, 0, 0.3528, 2.0524, 0.0653, 1.764, 0.9924, 1.7919, 1.6591, 5.0448, 1.3146, 1.7002, 2.0354, 2.4765, 1.0948, 0.9512, 2.0867, 0.8628, 3.6761, 0.8367, 1.6445, 1.7773, 3.6284, 1.8833, 1.5394, 2.1133, 1.829, 2.638, 2.1617, 1.4483, 1.057, 3.6977, 0.3604, 4.0089, 0.1009],
      [8.5168, 3.3754, 1.6777, 6.6973, 0, 0.3305, 2.692, 4.5004, 2.8011, 0.1101, 0.477, 0.3374, 6.0774, 2.541, 1.027, 3.1815, 0.4921, 1.1851, 5.4504, 0.1247, 4.0658, 2.8868, 6.9973, 6.1991, 13.5396, 4.0307, 3.7473, 6.2615, 6.0736, 2.6398, 2.1573, 0.5343, 3.2878, 9.9774, 4.0134, 6.7603, 6.9321, 13.3946, 7.6905, 4.4157, 7.0788, 5.9952, 7.5072, 4.6701, 4.4199, 3.7805, 11.9094, 0.8337, 9.2268, 0.8167],
      [75.133, 22.2944, 8.6906, 55.502, 0, 1.3927, 22.0731, 32.8556, 18.0551, 0.7239, 2.8458, 3.9547, 49.6291, 17.4637, 7.0323, 25.3246, 3.8631, 12.1707, 56.5869, 1.5494, 42.5744, 26.1725, 57.8598, 45.0888, 114.7586, 38.5958, 35.6049, 63.5305, 56.8209, 33.3437, 22.4887, 16.9203, 36.8426, 85.3529, 36.8392, 51.4931, 55.7169, 101.5266, 58.7998, 46.0093, 53.5005, 42.1083, 59.0318, 45.9571, 45.7945, 31.5098, 115.4519, 8.972, 84.2078, 6.6158],
      [8.7247, 4.1293, 1.1899, 5.9257, 0, 0.1725, 2.0698, 5.4294, 1.4444, 0.0831, 0.2944, 0.575, 5.1476, 2.63, 0.6202, 2.7776, 0.6682, 1.8087, 6.0197, 0.2032, 4.7199, 2.4529, 6.2836, 2.8711, 14.4381, 3.8097, 3.9523, 5.1468, 5.7339, 3.7782, 1.8302, 1.5176, 4.0669, 9.0013, 6.075, 7.0287, 5.9997, 12.7034, 4.9292, 5.729, 4.0419, 5.805, 7.0183, 3.5413, 4.6281, 5.9408, 11.5901, 1.8156, 12.9633, 0.9713]
    ],
    [
      [3.9817, 1.1213, 1.1819, 5.2657, 2.134e-32, 0.098, 4.3419, 2.3748, 2.5543, 0, 0.8103, 1.7323, 6.8073, 2.4084, 1.0526, 2.6671, 1.1595, 0.3245, 2.0611, 0, 5.3558, 6.2669, 9.1818, 9.5697, 3.6857, 1.6072, 2.069, 0.8538, 2.2, 0.7825, 1.6226, 1.0989, 2.0759, 8.5946, 6.7886, 2.4472, 7.4908, 12.1395, 8.7177, 5.8986, 5.6714, 4.305, 11.6485, 7.2618, 6.7113, 2.2344, 5.9967, 1.1846, 6.9115, 0.2839],
      [2.8895, 1.2215, 0.3783, 2.4943, 0.0218, 0, 1.2033, 0.5979, 1.8847, 0, 0, 0.5029, 5.9652, 0.6234, 0.5625, 1.2149, 0.2251, 2.2515, 2.462, 0.1217, 1.427, 1.7958, 3.3638, 2.8095, 2.2709, 2.2115, 1.285, 3.2829, 2.8228, 0.9011, 0.4406, 0.3903, 0.8192, 4.4428, 2.507, 1.4703, 2.8662, 4.1772, 2.9566, 1.3417, 1.367, 1.272, 4.2752, 2.5327, 2.8433, 0.4533, 1.8789, 0.8265, 4.4937, 0.1942],
      [0.0059, 0.1295, 0.0497, 0, 0.0003, 0, 0.051, 0, 0, 0.0065, 0, 0.0378, 0, 0.0179, 0, 0.0084, 0.0229, 0.3646, 0.1454, 0.0045, 0, 0, 0, 0, 0.1371, 0.1923, 0.1075, 0.1368, 0.105, 0.3963, 0.0192, 0, 0.0027, 0, 0.0145, 0.0506, 0.1439, 0, 0, 0, 0, 0, 0.194, 0, 0.2881, 0.0174, 0, 0.0534, 0.448, 0.0039],
      [51.0141, 20.9766, 4.6762, 37.8247, 0.7239, 1.7448, 15.9937, 16.0555, 16.3562, 2.9609, 4.3854, 6.0546, 87.8066, 13.4986, 5.5592, 17.2247, 0.9605, 11.0916, 30.4417, 1.1213, 32.5419, 33.9281, 59.4733, 42, 42.3742, 22.7713, 19.4244, 36.6851, 41.2053, 19.1022, 8.4002, 8.0912, 9.3203, 66.2651, 27.6885, 13.2772, 35.4622, 57.4494, 34.205, 28.444, 21.6674, 24.6756, 48.7637, 59.9108, 40.7829, 11.9716, 40.7249, 7.296, 60.7606, 0.9901],
      [14.0909, 5.1415, 1.5938, 10.6606, 0.0518, 1.0878, 5.3084, 4.4619, 10.7869, 0.4176, 1.9483, 0.8956, 19.5917, 3.8, 1.773, 5.2155, 0.8878, 2.7279, 8.7365, 0.1828, 8.2912, 10.6508, 24.5384, 17.1733, 12.4282, 7.3361, 4.7171, 12.002, 11.0739, 4.9391, 2.0538, 1.9803, 3.7172, 19.8961, 12.9738, 5.5774, 14.6699, 22.6414, 14.7965, 8.8169, 7.8251, 8.721, 15.4002, 12.6762, 13.1249, 4.5541, 14.3457, 1.7764, 15.4269, 0.8165],
      [31.8234, 8.3597, 2.1014, 22.6272, 0.2022, 1.0694, 11.0339, 8.4113, 17.3835, 0.615, 2.8387, 2.7152, 38.8193, 6.5742, 3.0402, 10.601, 1.7229, 10.1531, 23.0201, 0.5658, 22.2008, 25.2027, 52.0981, 31.3703, 26.9085, 17.7979, 11.3247, 30.933, 26.4611, 15.7778, 5.4362, 5.4111, 9.9863, 43.5665, 30.5639, 11.0828, 30.1594, 44.2223, 29.1811, 23.2704, 15.393, 15.8849, 30.463, 36.5254, 35.0099, 9.6399, 34.8421, 4.7796, 35.5968, 1.6963],
      [0.1945, 0.05, 0.0187, 0.1275, 0, 0, 0.0678, 0.0986, 0.0344, 0, 0.0174, 0.0615, 0.0098, 0.0775, 0.0125, 0.0684, 0.0213, 0.0867, 0.1332, 0.0039, 0.1833, 0.1557, 0.3446, 0.0771, 0.1953, 0.0838, 0.0723, 0.1063, 0.1318, 0.1011, 0.0274, 0.0282, 0.0784, 0.235, 0.4637, 0.0946, 0.2075, 0.3701, 0.1431, 0.2284, 0.0761, 0.1414, 0.2553, 0.0931, 0.2396, 0.1293, 0.2118, 0.0834, 0.3625, 0.0151]
    ],
    [
      [10.3448, 1.0184, 14.2197, 16.6168, 0, 0.6624, 5.3809, 10.6849, 6.1515, 0, 4.4128, 3.6671, 10.0644, 8.1388, 3.4243, 11.4241, 0, 1.3619, 7.3944, 1.0408e-16, 18.6565, 10.5477, 16.6038, 22.1235, 15.5891, 4.1326, 7.5856, 3.4454, 9.0702, 3.0135, 10.4912, 4.1865, 9.7831, 21.091, 9.184, 9.1881, 19.2385, 32.1024, 17.6268, 15.5817, 21.1228, 10.4853, 20.7014, 15.4214, 15.5638, 11.8917, 23.9871, 3.6021, 30.6563, 2.6106],
      [0.3282, 0.051, 0.6107, 0.3662, 0, 0, 0.0719, 0.111, 0.2726, 0, 0, 0.0601, 0.4253, 0.1048, 0.0954, 0.2518, 0, 0.1452, 0.3959, 0.0365, 0.1464, 0.1181, 0.234, 0.2995, 0.4352, 0.1958, 0.2217, 0.2918, 0.321, 0.0954, 0.1254, 0.0578, 0.1138, 0.4942, 0.1369, 0.273, 0.3496, 0.5123, 0.2589, 0.116, 0.2404, 0.1312, 0.3983, 0.3121, 0.2691, 0.0967, 0.2253, 0.1348, 1.0416, 0.088],
      [1.0094, 0.1806, 1.2968, 0.7867, 0, 0, 0.2494, 0.4758, 0, 0.1722, 0.2951, 0.1464, 0.8959, 0.4086, 0.1083, 0.6068, 0, 0.624, 1.8119, 0.0789, 0.9796, 0.5311, 1.2713, 0.0217, 2.1761, 0.8122, 0.912, 1.2496, 1.4743, 0.4427, 0.6615, 0, 0.551, 1.3558, 0.5383, 0.7563, 1.4003, 1.485, 0, 0.701, 0.7357, 0.2161, 1.0512, 0.6263, 1.5326, 0.6767, 0, 0.3112, 3.7002, 0.2269],
      [1.8135, 0.2615, 0.7515, 1.6724, 0, 0.0512, 0.2672, 1.0224, 0.381, 0.2542, 0.2862, 0.2016, 1.8961, 0.6823, 0.2359, 1.0192, 0, 0.3626, 1.44, 0.0708, 1.5615, 0.7699, 1.3608, 1.2416, 2.4355, 0.6414, 0.9651, 1.1748, 1.8275, 0.6322, 0.7179, 0.5294, 0.509, 2.2449, 0.4228, 0.645, 1.1862, 2.0353, 0.8819, 0.9756, 1.1142, 0.8007, 1.2245, 1.7355, 1.1848, 0.813, 3.2974, 0.2739, 3.7182, 0.1113],
      [3.997, 0.4968, 2.9474, 3.7151, 0, 0.48, 0.7207, 2.2871, 2.3964, 0.3096, 1.3267, 0.1536, 3.156, 1.5114, 0.65, 2.5045, 0, 1.1011, 3.3516, 0.1174, 2.9111, 1.9428, 4.864, 4.2985, 5.7536, 1.7245, 1.8507, 3.1677, 3.9095, 1.3331, 1.4176, 0.7911, 1.6803, 5.3546, 1.8781, 2.3429, 4.1854, 6.7765, 3.2141, 2.3809, 3.3385, 2.3434, 3.0786, 3.1165, 3.1465, 2.5944, 5.9608, 0.5196, 7.2598, 0.8264],
      [38.8385, 3.7697, 10.4186, 33.4445, 0, 1.7098, 6.5013, 17.8605, 15.8935, 2.0659, 7.1366, 2.8097, 28.1081, 10.6607, 4.5747, 21.3848, 0, 12.7105, 38.7295, 1.6409, 36.4292, 19.6631, 43.8917, 32.4712, 53.689, 18.2049, 19.5122, 35.4435, 40.6123, 18.7402, 16.4514, 9.5022, 22.2386, 50.2002, 19.3491, 19.5642, 36.5986, 55.4124, 26.7424, 28.918, 27.0701, 17.7761, 26.243, 34.5733, 37.8744, 24.1411, 64.8589, 6.7939, 74.8132, 7.2208],
      [20.6685, 3.2221, 7.7552, 16.3982, 0, 1.0966, 2.8086, 13.5583, 5.9051, 1.1982, 3.5426, 1.9614, 13.4543, 7.4934, 1.9114, 10.8088, 0, 8.6946, 18.8766, 1.0554, 18.3158, 8.4274, 21.7744, 9.5441, 30.9215, 8.2885, 9.9527, 13.2272, 18.7853, 9.7428, 6.135, 3.933, 11.1243, 24.2592, 14.4908, 12.2306, 18.0414, 31.6761, 10.2758, 16.3268, 9.3784, 11.2473, 14.3029, 12.215, 17.4289, 20.7864, 29.6706, 6.3644, 52.8108, 4.916]
    ]
  ],
  "V_est": [
    [98.7928, 619.9735, 4.2653, 65.2899, 1090.2555, 116.9147, 2.5083],
    [25.5761, 182.2351, 1044.5261, 20.7501, 59.71, 215.1917, 115.011],
    [11.7644, 50.4102, 146.9849, 195.282, 115.5684, 13598.0066, 626.9835],
    [23.4794, 189.5485, 25.888, 245.8247, 4044.5434, 721.5367, 106.1793],
    [133.5377, 26.4322, 6.637, 78.029, 223.438, 1936.6296, 220.2965],
    [190.5987, 88.3397, 3.1551, 1302.1233, 414.3011, 916.4635, 6.0186],
    [530.2508, 11.0609, 35.5436, 49.701, 125.1837, 1183.2573, 617.0029]
  ],
  "p_est": [
    [0.0494, 0.3103, 0.0021, 0.0327, 0.5457, 0.0585, 0.0013],
    [0.0154, 0.1096, 0.6281, 0.0125, 0.0359, 0.1294, 0.0692],
    [0.0008, 0.0034, 0.01, 0.0132, 0.0078, 0.9222, 0.0425],
    [0.0044, 0.0354, 0.0048, 0.0459, 0.755, 0.1347, 0.0198],
    [0.0509, 0.0101, 0.0025, 0.0297, 0.0851, 0.7378, 0.0839],
    [0.0653, 0.0302, 0.0011, 0.4458, 0.1418, 0.3137, 0.0021],
    [0.2078, 0.0043, 0.0139, 0.0195, 0.0491, 0.4637, 0.2418]
  ],
  "EI_Z": {},
  "EI_V": 8.7466,
  "MAE_Z": {},
  "MAE_V": 113.7454,
  "MAE_p": 0.044,
  "runtime": 0.009
}
