{
  "X": [
    [39, 66, 123, 11],
    [84, 155, 439, 53],
    [41, 33, 101, 6],
    [22, 32, 68, 17],
    [8, 121, 29, 6],
    [78, 68, 183, 13],
    [90, 102, 158, 19],
    [52, 69, 146, 11],
    [31, 50, 68, 11],
    [53, 90, 165, 25],
    [70, 128, 226, 26],
    [132, 252, 423, 76],
    [10, 38, 25, 5],
    [91, 152, 232, 26],
    [25, 49, 69, 7],
    [79, 128, 255, 40],
    [65, 86, 159, 26],
    [6, 6, 12, 3],
    [61, 139, 343, 27],
    [21, 131, 91, 24],
    [17, 115, 38, 13],
    [118, 235, 392, 35],
    [45, 103, 128, 13],
    [60, 66, 84, 15],
    [25, 25, 56, 10],
    [162, 583, 418, 41],
    [4, 44, 14, 6],
    [191, 444, 560, 55],
    [59, 118, 204, 32],
    [82, 270, 321, 30],
    [184, 188, 545, 68],
    [142, 125, 449, 40],
    [107, 98, 314, 14],
    [50, 234, 127, 45],
    [88, 129, 400, 51],
    [25, 17, 97, 6],
    [99, 73, 246, 28],
    [100, 106, 237, 35],
    [46, 146, 175, 11],
    [111, 323, 255, 25],
    [72, 193, 200, 11],
    [70, 132, 253, 26],
    [3, 10, 7, 2],
    [10, 13, 19, 0],
    [9, 14, 22, 5],
    [48, 85, 113, 10],
    [77, 285, 190, 33],
    [114, 93, 139, 31],
    [55, 98, 160, 15],
    [122, 364, 504, 29],
    [58, 51, 102, 8],
    [2, 1, 0, 1],
    [1605, 2532, 4421, 467],
    [251, 378, 550, 108],
    [454, 653, 887, 162],
    [255, 159, 373, 32]
  ],
  "W": [
    [31, 102, 72, 22, 12],
    [78, 357, 162, 86, 48],
    [45, 67, 44, 10, 15],
    [23, 63, 35, 7, 11],
    [11, 21, 117, 7, 8],
    [125, 102, 76, 14, 25],
    [101, 103, 110, 19, 36],
    [72, 98, 77, 16, 15],
    [36, 51, 58, 5, 10],
    [57, 134, 91, 22, 29],
    [115, 116, 161, 24, 34],
    [211, 268, 293, 47, 64],
    [17, 16, 38, 1, 6],
    [121, 147, 171, 23, 39],
    [37, 43, 55, 5, 10],
    [130, 116, 201, 16, 39],
    [101, 90, 106, 12, 27],
    [10, 6, 6, 2, 3],
    [62, 264, 144, 73, 27],
    [26, 66, 117, 36, 22],
    [21, 20, 105, 11, 26],
    [93, 331, 251, 69, 36],
    [43, 99, 108, 23, 16],
    [65, 53, 76, 16, 15],
    [36, 31, 26, 20, 3],
    [212, 266, 628, 49, 49],
    [6, 10, 40, 10, 2],
    [194, 436, 459, 92, 69],
    [76, 160, 119, 34, 24],
    [80, 250, 245, 83, 45],
    [280, 345, 206, 75, 79],
    [200, 313, 137, 60, 46],
    [171, 206, 115, 12, 29],
    [45, 103, 233, 43, 32],
    [118, 296, 146, 57, 51],
    [36, 76, 17, 9, 7],
    [138, 160, 74, 40, 34],
    [97, 178, 122, 48, 33],
    [57, 128, 145, 24, 24],
    [129, 193, 322, 37, 33],
    [91, 121, 221, 22, 21],
    [88, 183, 131, 50, 29],
    [1, 10, 6, 0, 5],
    [6, 17, 15, 3, 1],
    [9, 19, 18, 1, 3],
    [73, 67, 88, 14, 14],
    [65, 140, 285, 62, 33],
    [138, 74, 102, 34, 29],
    [52, 120, 102, 30, 24],
    [168, 355, 377, 72, 47],
    [67, 60, 59, 20, 13],
    [1, 0, 1, 1, 1],
    [2458, 2706, 2710, 573, 578],
    [333, 366, 424, 62, 102],
    [498, 639, 732, 123, 164],
    [369, 211, 175, 15, 49]
  ],
  "method": "mvn_cdf",
  "mvncdf_method": "genz",
  "mvncdf_samples": 5000,
  "mvncdf_error": 1e-06,
  "cond_prob": [
    [
      [0.51974735297, 0.0070117648694, 0.45473443879, 0.018506443372],
      [0.14054204007, 0.021264893228, 0.83579558898, 0.0023974777145],
      [0.054770262217, 0.80530359469, 0.13854362129, 0.0013825218079],
      [0.049734147742, 0.21227044374, 0.52049025999, 0.21750514852],
      [0.29291115337, 0.080150633329, 0.18551298905, 0.44142522425]
    ],
    [
      [0.40407058264, 0.0074688282002, 0.55952803568, 0.028932553482],
      [0.095362832019, 0.018868217483, 0.88381850878, 0.0019504417151],
      [0.040975182063, 0.79459652348, 0.16237565219, 0.0020526422612],
      [0.031595445617, 0.18118569844, 0.51692152192, 0.27029733403],
      [0.18922449387, 0.070309810191, 0.18903123003, 0.55143446591]
    ],
    [
      [0.49869763598, 0.0087877261299, 0.4886115007, 0.0039031371948],
      [0.12536428102, 0.020617455539, 0.85401826344, 0],
      [0.087669860221, 0.66312599528, 0.2480446979, 0.0011594465996],
      [0.05829710244, 0.12565060989, 0.68392875475, 0.13212353292],
      [0.38125031188, 0.05260886078, 0.26933363756, 0.29680718977]
    ],
    [
      [0.44980754119, 0.011846730038, 0.43497750955, 0.10336821922],
      [0.14370799403, 0.02579540479, 0.83049660118, 0],
      [0.052260413693, 0.8349793899, 0.11276019641, 0],
      [0.017243278628, 0.093147468724, 0.18584557338, 0.70376367927],
      [0.059182318123, 0.020554889077, 0.038791410695, 0.8814713821]
    ],
    [
      [0.4140949459, 0.027799109244, 0.53016957315, 0.027936371707],
      [0.095598873036, 0.071756160779, 0.8315053516, 0.0011396145888],
      [0.00028299804781, 0.97629639778, 0.018967004669, 0.0044535995041],
      [0.021505983699, 0.46342920525, 0.33196091781, 0.18310389324],
      [0.15671582548, 0.21458093062, 0.14545704262, 0.48324620127]
    ],
    [
      [0.44505043502, 0.0090106730379, 0.53569193949, 0.010246952448],
      [0.10852484019, 0.018486010238, 0.87238635542, 0.00060279414811],
      [0.047003078929, 0.78834457457, 0.16360284715, 0.0010494993513],
      [0.041538988991, 0.20229187826, 0.59760454871, 0.15856458404],
      [0.28581528312, 0.08967275452, 0.25019276981, 0.37431919255]
    ],
    [
      [0.55067833869, 0.0077001527233, 0.42622243897, 0.01539906961],
      [0.15897195252, 0.024381019391, 0.81604293522, 0.00060409287166],
      [0.044518405847, 0.82428791418, 0.13119367998, 0],
      [0.055773265855, 0.24429780868, 0.51240433076, 0.18752459471],
      [0.33474055523, 0.094380851483, 0.18700345151, 0.38387514178]
    ],
    [
      [0.45294242157, 0.0073936417689, 0.5220384248, 0.017625511855],
      [0.11518341792, 0.020283641155, 0.86353182186, 0.0010011190738],
      [0.045398287431, 0.80301489596, 0.15034258098, 0.0012442356265],
      [0.040735753593, 0.20897536574, 0.55775482634, 0.19253405432],
      [0.26351536675, 0.086940541251, 0.21911059434, 0.43043349766]
    ],
    [
      [0.51375835148, 0.0072128826188, 0.43014826003, 0.048880505871],
      [0.14712671667, 0.022887964783, 0.82998531855, 0],
      [0.055946461404, 0.81589123058, 0.12816230802, 0],
      [0.035872038036, 0.16015095102, 0.35927025688, 0.44470675407],
      [0.1576981845, 0.045060389314, 0.095564624357, 0.70167680183]
    ],
    [
      [0.46766387917, 0.010263294165, 0.48983152118, 0.03224130548],
      [0.12368369819, 0.029487606664, 0.84571004127, 0.0011186538728],
      [0.036157171788, 0.85327986792, 0.10881043761, 0.0017525226884],
      [0.034867209271, 0.24008131836, 0.43331693319, 0.29173453918],
      [0.19697110664, 0.087358481212, 0.14895639346, 0.56671401869]
    ],
    [
      [0.38371430847, 0.0055215896754, 0.58845596921, 0.022308132649],
      [0.088451481392, 0.013922051533, 0.89672891814, 0.0008975489389],
      [0.047994391642, 0.74652249049, 0.2001948889, 0.0052882289739],
      [0.032692690936, 0.14611079374, 0.59290848983, 0.22828802549],
      [0.20884591318, 0.060390564449, 0.23075965202, 0.50000387035]
    ],
    [
      [0.400570569, 0.007606765325, 0.54054532497, 0.051277340706],
      [0.099456620788, 0.02061504737, 0.87992833184, 0],
      [0.039775540773, 0.80137215007, 0.15885230916, 0],
      [0.025448040133, 0.14953847983, 0.40177841033, 0.4232350697],
      [0.1246085037, 0.04749673905, 0.1202629942, 0.70763176305]
    ],
    [
      [0.42222922732, 0.019479085428, 0.51698039877, 0.041311288483],
      [0.10059190057, 0.052341540284, 0.84533985777, 0.0017267013804],
      [0.011744722234, 0.94149533549, 0.044640336199, 0.0021196060809],
      [0.022524727463, 0.34429376322, 0.33241036906, 0.30077114026],
      [0.12396809236, 0.11837906525, 0.10952539199, 0.6481274504]
    ],
    [
      [0.45921643455, 0.0080759203903, 0.51186364837, 0.020843996693],
      [0.11668512745, 0.022453822405, 0.8599363485, 0.00092470164997],
      [0.044811014705, 0.81447399053, 0.13902513475, 0.0016898600207],
      [0.039829663084, 0.21803863487, 0.52528434518, 0.21684735687],
      [0.24880338256, 0.088004121967, 0.19997480352, 0.46321769195]
    ],
    [
      [0.43211652386, 0.008850684643, 0.53750029307, 0.021532498433],
      [0.10443783146, 0.023667704705, 0.87098141471, 0.00091304912768],
      [0.038865286246, 0.82898070272, 0.12877490217, 0.0033791088634],
      [0.034929064221, 0.22819897127, 0.51940431166, 0.21746765285],
      [0.22086257998, 0.091987985995, 0.19806471465, 0.48908471937]
    ],
    [
      [0.37029073103, 0.0026612201405, 0.58476806982, 0.042279979007],
      [0.086712809105, 0.0068107467869, 0.90475103255, 0.0017254115529],
      [0.073676781196, 0.62223504094, 0.2953096166, 0.008778561268],
      [0.028022064078, 0.062225505684, 0.52271713905, 0.38703529119],
      [0.1422085401, 0.020490857303, 0.16175189709, 0.67554870551]
    ],
    [
      [0.43735356592, 0.0058907441237, 0.51707096767, 0.039684722285],
      [0.11115258105, 0.016403296706, 0.87068471409, 0.0017594081563],
      [0.05553256352, 0.76445196088, 0.179173787, 0.00084168859655],
      [0.033050628668, 0.13875776249, 0.46262283852, 0.36556877032],
      [0.16816660259, 0.045619893954, 0.1433449079, 0.64286859556]
    ],
    [
      [0.46776379928, 0.0052072481078, 0.49919955916, 0.027829393451],
      [0.10799082793, 0.021634218965, 0.86899956781, 0.0013753852856],
      [0.028177522876, 0.8756330935, 0.094637962331, 0.0015514212934],
      [0.031043464682, 0.19744656749, 0.43267907086, 0.33883089697],
      [0.14775499099, 0.056476836385, 0.12027369526, 0.67549447736]
    ],
    [
      [0.38872656602, 0.0079259396117, 0.58455241066, 0.01879508371],
      [0.08759221206, 0.021701946382, 0.89040494515, 0.00030089640983],
      [0.037284604735, 0.80087794574, 0.16057388402, 0.0012635655047],
      [0.032347589453, 0.20511326543, 0.57549762652, 0.1870415186],
      [0.22386117818, 0.091836493921, 0.24284736984, 0.44145495806]
    ],
    [
      [0.40110765099, 0.021961241803, 0.5377920408, 0.039139066417],
      [0.094672971999, 0.05713808297, 0.84656753824, 0.0016214067902],
      [0.0040421681205, 0.93814089429, 0.048738082223, 0.009078855366],
      [0.021691843084, 0.37464366154, 0.34620682401, 0.25745767137],
      [0.13949749551, 0.15491989953, 0.13537036959, 0.57021223536]
    ],
    [
      [0.4310838053, 0.027858587918, 0.52002000803, 0.021037598759],
      [0.10157941022, 0.072857638453, 0.8246892241, 0.00087372722594],
      [0.006454366014, 0.96215230683, 0.023516204125, 0.0078771230336],
      [0.023799146465, 0.49112329393, 0.3439653342, 0.1411122254],
      [0.19139049391, 0.25113340133, 0.16665289385, 0.39082321091]
    ],
    [
      [0.50888234952, 0.0082458752525, 0.46186816653, 0.021003608702],
      [0.13742512722, 0.024845113498, 0.83630008678, 0.0014296725062],
      [0.048511386443, 0.82394524159, 0.12614192775, 0.001401444221],
      [0.046071953263, 0.23184406382, 0.49461808618, 0.22746589674],
      [0.27308060035, 0.08894180532, 0.17890722164, 0.45907037269]
    ],
    [
      [0.50560186601, 0.0098671903664, 0.464843722, 0.019687221626],
      [0.13612100827, 0.029251522225, 0.83369747696, 0.00092999254411],
      [0.041131412378, 0.84981444401, 0.10706165187, 0.0019924917412],
      [0.043762703785, 0.26906134929, 0.47963173981, 0.20754420712],
      [0.27090032617, 0.10696494543, 0.18009258236, 0.44204214603]
    ],
    [
      [0.61210719125, 0.0058152831858, 0.35715063517, 0.024926890395],
      [0.1995869747, 0.020920895712, 0.77806561188, 0.0014265177134],
      [0.054710845114, 0.79802824874, 0.14060609185, 0.0066548143011],
      [0.062435457361, 0.18753678682, 0.43555201934, 0.31447573647],
      [0.29852875756, 0.057497575122, 0.12618906632, 0.517784601]
    ],
    [
      [0.50076155234, 0.0034358549572, 0.46464776458, 0.031154828129],
      [0.13490570273, 0.019424525227, 0.84405539388, 0.0016143781618],
      [0.053534649625, 0.7991007582, 0.14475241849, 0.0026121736807],
      [0.039902087497, 0.16685189557, 0.44685870879, 0.34638730815],
      [0.20018823038, 0.053497104978, 0.13540873608, 0.61090592856]
    ],
    [
      [0.46447784936, 0.012661672466, 0.4982498918, 0.024610586383],
      [0.11935909532, 0.035519256122, 0.84401905742, 0.0011025911417],
      [0.030420312535, 0.87632159516, 0.091647050047, 0.001611042253],
      [0.0351946867, 0.2969057317, 0.44559125261, 0.222308329],
      [0.22352409513, 0.12222981004, 0.17293132366, 0.48131477117]
    ],
    [
      [0.41753564531, 0.025877858678, 0.48722693706, 0.069359558954],
      [0.099857972806, 0.071628298259, 0.82550580752, 0.0030079214181],
      [0.0042860101878, 0.98554892763, 0.0068655770206, 0.0032994851664],
      [0.016492370396, 0.34914334147, 0.24053154137, 0.39383274677],
      [0.079921144317, 0.10752967281, 0.070820903987, 0.74172827888]
    ],
    [
      [0.49135537946, 0.01091260162, 0.47668232445, 0.021049694472],
      [0.13082935384, 0.031714950021, 0.83647824738, 0.00097744875608],
      [0.037186763111, 0.85887490078, 0.10288936789, 0.0010489682174],
      [0.040948828656, 0.28151848133, 0.46888395862, 0.20864873139],
      [0.25796292182, 0.11495590345, 0.1805154948, 0.44656567992]
    ],
    [
      [0.43434555883, 0.011138998139, 0.50896969782, 0.045545745213],
      [0.11087728512, 0.033072163638, 0.85605055124, 0],
      [0.032649609987, 0.86202264348, 0.10532774654, 0],
      [0.027553319579, 0.22078382952, 0.38030873558, 0.37135411531],
      [0.14280231066, 0.073939382571, 0.1202381633, 0.66302014346]
    ],
    [
      [0.44356377466, 0.016167557241, 0.52320424293, 0.017064425169],
      [0.10872512031, 0.04227325363, 0.84900162606, 0],
      [0.023442554033, 0.89672399919, 0.079833446773, 0],
      [0.03286704015, 0.367219073, 0.45890420873, 0.14100967812],
      [0.24138284179, 0.17692709227, 0.20544467257, 0.37624539338]
    ],
    [
      [0.42460449408, 0.0068417762632, 0.54330784658, 0.025245883079],
      [0.10406013262, 0.01806228264, 0.87545626859, 0.0024213161507],
      [0.046415550379, 0.78191353107, 0.16974375366, 0.0019271648887],
      [0.035516554914, 0.1771405102, 0.53607278999, 0.25127014489],
      [0.21499558108, 0.069532778107, 0.19833819991, 0.51713344091]
    ],
    [
      [0.43684000362, 0.0062025605468, 0.5361872575, 0.020770178342],
      [0.10873964036, 0.016618342456, 0.87260801628, 0.0020340009076],
      [0.051364338055, 0.76660942028, 0.18031827899, 0.0017079626735],
      [0.039110383446, 0.17222536242, 0.56680613282, 0.22185812132],
      [0.24375988098, 0.069542051718, 0.21574493943, 0.47095312788]
    ],
    [
      [0.41959902675, 0.0099157905539, 0.5610935394, 0.0093916433009],
      [0.10234806331, 0.016436703905, 0.88121523279, 0],
      [0.048019311269, 0.76715431345, 0.18377275075, 0.0010536245332],
      [0.03962678071, 0.18545607121, 0.62641837383, 0.14849877425],
      [0.28162493863, 0.085179996902, 0.27144068919, 0.36175437528]
    ],
    [
      [0.50258037541, 0.020372658739, 0.414813139, 0.062233826858],
      [0.14627837408, 0.05168870052, 0.8020329254, 0],
      [0.030222871083, 0.91941535695, 0.050361771964, 0],
      [0.02738545958, 0.25699343765, 0.26838592655, 0.44723517622],
      [0.12805333913, 0.077649944193, 0.076535303745, 0.71776141293]
    ],
    [
      [0.38430983159, 0.0064324428106, 0.57773982182, 0.031517903779],
      [0.087027230787, 0.015472209796, 0.89497129267, 0.0025292667506],
      [0.04356906033, 0.76658800717, 0.18734440219, 0.0024985303024],
      [0.029628163591, 0.15377567581, 0.52595324775, 0.29064291285],
      [0.17336257698, 0.058316374127, 0.1879133442, 0.58040770469]
    ],
    [
      [0.41240102718, 0.0064545409003, 0.56245206037, 0.01869237155],
      [0.098425378774, 0.016582913608, 0.88212924062, 0.0028624669987],
      [0.042979138503, 0.78648770936, 0.16913989659, 0.0013932555478],
      [0.035733117579, 0.17965377194, 0.5821468375, 0.20246627298],
      [0.23157011742, 0.074308583833, 0.22788625144, 0.46623504731]
    ],
    [
      [0.47156689162, 0.0068529472055, 0.50101026555, 0.020569895629],
      [0.12242541142, 0.019335112141, 0.85644014779, 0.0017993286569],
      [0.051071699546, 0.79188604414, 0.15547861135, 0.0015636449615],
      [0.042844595604, 0.19427766163, 0.53868192114, 0.22419582162],
      [0.26007686881, 0.076176517976, 0.19933722421, 0.46440938901]
    ],
    [
      [0.545630079, 0.0053264281031, 0.42348011005, 0.02556338285],
      [0.14944724813, 0.018158645538, 0.82883405006, 0.0035600562787],
      [0.073499741116, 0.76031189919, 0.16377152711, 0.002416832586],
      [0.052945226882, 0.16105605317, 0.48717380549, 0.29882491446],
      [0.27163432921, 0.053404706519, 0.15228786195, 0.52267310232]
    ],
    [
      [0.41260127743, 0.014308109364, 0.57246858041, 0.00062203279212],
      [0.096359037915, 0.036931623627, 0.86670933846, 0],
      [0.023614624406, 0.88344868706, 0.092936688539, 0],
      [0.031379375552, 0.34094414511, 0.5048419129, 0.12283456645],
      [0.24877269921, 0.17393628485, 0.24326957693, 0.33402143901]
    ],
    [
      [0.51009575061, 0.015925633022, 0.45253775027, 0.021440866101],
      [0.13868556635, 0.0473620438, 0.81293468212, 0.0010177077375],
      [0.027155929784, 0.90967320749, 0.060953729653, 0.0022171330699],
      [0.038115252271, 0.37010970235, 0.39998177543, 0.19179326995],
      [0.25081394371, 0.15745112385, 0.16060030084, 0.4311346316]
    ],
    [
      [0.45819001484, 0.0092479551038, 0.52598588511, 0.0065761449504],
      [0.11418355645, 0.023389440716, 0.86242700283, 0],
      [0.042241811804, 0.8215881871, 0.1361700011, 0],
      [0.04193635561, 0.24559048935, 0.56986883242, 0.14260432262],
      [0.29668848034, 0.11211112596, 0.24528250266, 0.34591789104]
    ],
    [
      [0.43116689459, 0.010120876997, 0.53713564198, 0.021576586432],
      [0.1056528507, 0.02669701189, 0.86667372234, 0.00097641506363],
      [0.033927777854, 0.84374371251, 0.12113754416, 0.0011909654764],
      [0.034400021766, 0.25183682004, 0.5073229118, 0.20644024639],
      [0.22614833139, 0.10694973476, 0.20329684279, 0.46360509106]
    ],
    [
      [0.54052328954, 0.098714881608, 0.34234842548, 0.018413403371],
      [0.18334090652, 0.1017465838, 0.63373887327, 0.081173636407],
      [0.0020359270276, 0.99369973931, 0.0042049807676, 5.9352899342e-05],
      [0.0085094856608, 0.87770757505, 0.0725131276, 0.04126981169],
      [0.12277041662, 0.58432416891, 0.059006591435, 0.23389882303]
    ],
    [
      [0.70915579414, 0.0039546233461, 0.28688958251, 0],
      [0.19598537281, 0.016600311806, 0.78741431539, 0],
      [0.095885924098, 0.78001431696, 0.12409975894, 0],
      [0.11116794393, 0.27584711157, 0.6129849445, 0],
      [0.64152120414, 0.16631087008, 0.19216792578, 0]
    ],
    [
      [0.49033260952, 0.0040857782825, 0.36310666942, 0.14247494278],
      [0.17350277078, 0.0060360672381, 0.82046116198, 0],
      [0.066754226288, 0.76680027712, 0.16644549659, 0],
      [0.01158266782, 0.032231746787, 0.10487588839, 0.851309697],
      [0.025765042831, 0.0046353276699, 0.014127690168, 0.95547193933]
    ],
    [
      [0.45771017953, 0.011588397963, 0.51209268792, 0.018608734588],
      [0.11464375801, 0.031911088891, 0.85262910897, 0.00081604413804],
      [0.033177582233, 0.86509584342, 0.10056469256, 0.0011618817884],
      [0.036723115328, 0.29341467871, 0.48840662116, 0.1814555848],
      [0.24801958975, 0.12712601929, 0.20026413144, 0.42459025952]
    ],
    [
      [0.53681353234, 0.013189519606, 0.42528425407, 0.024712693991],
      [0.1532055106, 0.041268742887, 0.80429149678, 0.0012342497279],
      [0.033954317531, 0.89157312145, 0.07111169574, 0.0033608652802],
      [0.042392906778, 0.32473988793, 0.39846854887, 0.23439865642],
      [0.25312146053, 0.12523771384, 0.14496456423, 0.47667626139]
    ],
    [
      [0.59156842846, 0.010394020665, 0.36770413042, 0.030333420448],
      [0.19740650792, 0.022269625724, 0.77877196718, 0.0015518991754],
      [0.07275658059, 0.80048469352, 0.12445979039, 0.0022989354931],
      [0.059806955843, 0.19250506567, 0.4224093849, 0.32527859358],
      [0.28623681265, 0.059415926634, 0.12313402496, 0.53121323576]
    ],
    [
      [0.4977192027, 0.0085145549339, 0.48108065245, 0.012685589912],
      [0.13188881714, 0.024794622278, 0.84331656058, 0],
      [0.045409438837, 0.82921274057, 0.12537782059, 0],
      [0.046493623326, 0.24975312027, 0.53176890693, 0.17198434948],
      [0.30272383089, 0.10456647184, 0.21017557892, 0.38253411835]
    ],
    [
      [0.39677172205, 0.011848099035, 0.5841142657, 0.0072659132178],
      [0.091725511432, 0.02990003796, 0.87837445061, 0],
      [0.024824137351, 0.85907860847, 0.11609725418, 0],
      [0.031275268752, 0.28929030701, 0.53591884718, 0.14351557706],
      [0.23764414907, 0.14241422106, 0.24874577814, 0.37119585173]
    ],
    [
      [0.54892959398, 0.014966352662, 0.42940415945, 0.0066998939086],
      [0.16761206401, 0.016051079336, 0.81575592861, 0.0005809280388],
      [0.079110944184, 0.75308583825, 0.16669729076, 0.001105926801],
      [0.06726365054, 0.18478626669, 0.58661129227, 0.1613387905],
      [0.39632112655, 0.069723063139, 0.20901535381, 0.3249404565]
    ],
    [
      [0.6441722152, 0, 0, 0.3558277848],
      [0.68797404902, 0.023575942034, 0.288403794, 4.6214945015e-05],
      [0.17742386647, 0.51045312577, 0, 0.31212300776],
      [0.22098103373, 0.47002595599, 0, 0.30899301028],
      [0.95742288461, 0.019520918237, 0, 0.023056197157]
    ],
    [
      [0.43351163532, 0.0093600965179, 0.53398116594, 0.023147102222],
      [0.1070660525, 0.025175244742, 0.86676319679, 0.00099550597137],
      [0.036856706359, 0.83058776514, 0.13133660431, 0.0012189241977],
      [0.035130965701, 0.23370178534, 0.50946906991, 0.22169817905],
      [0.22438744765, 0.096997757729, 0.19924759322, 0.4793672014]
    ],
    [
      [0.48514841657, 0.0081982531698, 0.46107182827, 0.04558150199],
      [0.13459566863, 0.025075266085, 0.84032906528, 0],
      [0.049819681329, 0.82367746582, 0.12650285285, 0],
      [0.034310611558, 0.17925691829, 0.38256708779, 0.40386538236],
      [0.16600744865, 0.056267253589, 0.11319876707, 0.6645265307]
    ],
    [
      [0.54328093777, 0.00753643043, 0.41265385078, 0.036528781017],
      [0.16228543176, 0.024543512697, 0.81126995332, 0.0019011022183],
      [0.051951042146, 0.81939002104, 0.12802110311, 0.00063783370503],
      [0.045010323399, 0.19277183664, 0.40298160564, 0.35923623431],
      [0.22061749672, 0.061336108077, 0.12084571444, 0.59720068075]
    ],
    [
      [0.53434068413, 0.0084935441745, 0.43809832367, 0.019067448021],
      [0.15447122833, 0.023926235258, 0.82065682898, 0.00094570743302],
      [0.054713924059, 0.81782643296, 0.12611733231, 0.0013423106767],
      [0.052329212516, 0.23053398138, 0.49781875972, 0.21931804639],
      [0.30357109142, 0.086526756575, 0.17643496123, 0.43346719077]
    ]
  ],
  "expected_outcome": [
    [
      [16.112167942, 31.5175054461, 22.441393619, 10.3455734474, 4.5550444049, 55.6313043781, 55.6185122082, 32.6118543534, 18.4953006532, 26.6568411129, 44.1271454736, 84.5203900593, 7.1778968644, 55.56518858, 15.9883113828, 48.1377950343, 44.1727101584, 4.6776379928, 24.1010470932, 10.4287989256, 9.0527599112, 47.3260585049, 21.7408802385, 39.7869674311, 18.0274158841, 98.4693040634, 2.5052138718, 95.3229436159, 33.0102624711, 35.4851019727, 118.8892583431, 87.368000723, 71.7514335742, 22.6161168933, 45.348560128, 14.8464369784, 65.0762310434, 52.9261176627, 23.5182728137, 65.8023518288, 41.6952913501, 37.9426867239, 0.54052328954, 4.2549347649, 4.4129934857, 33.412843106, 34.8928796019, 81.636443128, 25.8813985406, 66.657649304, 36.7782827966, 0.6441722152, 1065.5715996268, 161.5544227184, 270.5539070112, 197.1717124441],
      [0.21736471095, 0.58256859962, 0.39544767584, 0.27247479088, 0.30579020169, 1.1263341297, 0.77771542506, 0.53234220736, 0.25966377428, 0.5850077674, 0.63498281267, 1.6050274836, 0.33114445228, 0.97718636723, 0.32747533179, 0.34595861826, 0.5949651565, 0.052072481078, 0.49140825592, 0.57099228687, 0.58503034628, 0.76686639848, 0.42428918576, 0.37799340708, 0.12369077846, 2.6842745629, 0.15526715207, 2.1170447142, 0.84656385856, 1.2934045793, 1.9156973537, 1.2405121094, 1.6956001847, 0.91676964326, 0.75902825166, 0.23236347241, 0.94570671436, 0.516663526, 0.81556223376, 2.0544066598, 0.84156391445, 0.89063717572, 0.098714881608, 0.023727740076, 0.036772004542, 0.84595305129, 0.85731877439, 1.4343748518, 0.44275685656, 1.9904806378, 1.0027456284, 0, 23.0071172411, 2.7300183056, 3.7531423541, 3.1341178004],
      [14.0967676025, 43.6431867827, 21.9875175314, 10.0044827198, 5.8318653046, 66.9614924362, 43.0484663361, 37.5867665857, 15.4853373612, 27.9203967073, 67.6724364591, 114.0550635682, 8.7886667791, 61.9355014529, 19.8875108434, 76.0198490765, 52.2241677344, 4.9919955916, 36.2422494609, 13.9825930607, 10.9204201685, 42.9537394873, 19.9882800458, 23.2147912861, 16.7273195248, 105.6289770606, 2.9233616224, 92.4763709424, 38.6816970342, 41.8563394345, 152.1261970413, 107.2374514993, 95.9469952367, 18.6665912548, 68.1732989744, 20.2482741733, 69.1394166454, 41.0775706748, 32.6307090834, 58.3773697845, 47.864715545, 47.2679364945, 0.34234842548, 1.7213374951, 3.2679600248, 37.3827662178, 27.6434765143, 50.7431699983, 25.0161939275, 98.1311966375, 28.7700786832, 0, 1312.5257058714, 153.5369188132, 205.5016176884, 161.6582814359],
      [0.57369974453, 2.2567391716, 0.17564117377, 2.377469042, 0.30730008878, 1.2808690559, 1.5553060306, 1.2690368535, 1.7596982113, 1.8377544124, 2.5654352546, 10.819518889, 0.70229190421, 2.5221235999, 0.79670244202, 5.4963972709, 4.0081569508, 0.27829393451, 1.16529519, 1.0176157268, 0.44178957395, 1.9533356093, 0.84655052992, 1.6202478757, 1.1215738126, 5.2174443131, 0.41615735373, 4.0836407275, 3.4614766362, 1.3651540135, 7.068847262, 4.1540356683, 1.6059710045, 2.8005222086, 3.7191126459, 0.67292537581, 2.8386455968, 2.4796481364, 0.035455869151, 2.765871727, 0.59842919049, 1.898739606, 0.018413403371, 0, 1.282274485, 1.3584376249, 1.6063251094, 4.1860120219, 0.65965067542, 1.2206734206, 0.44889289188, 0.3558277848, 56.8955772608, 15.1786401628, 18.1913329462, 7.0358883196]
    ],
    [
      [14.3352880875, 34.0445310308, 8.3994068286, 9.0536036236, 2.0075763337, 11.0695336994, 16.3741111092, 11.2879749557, 7.5034625502, 16.573615558, 10.2603718414, 26.6543743713, 1.6094704091, 17.1527137345, 4.4908267528, 10.0586858562, 10.0037322946, 0.64794496761, 23.1243439839, 6.248416152, 2.0315882044, 45.4877171101, 13.4759798188, 10.5781096591, 4.1820767845, 31.7495193553, 0.99857972806, 57.0415982739, 17.7403656188, 27.1812800764, 35.9007457552, 34.0355074318, 21.0837010413, 15.0666725304, 25.760060313, 7.4803287869, 19.5880658266, 26.6016101668, 12.3339568532, 26.7663143046, 13.8162103306, 19.3344716786, 1.8334090652, 3.3317513377, 3.2965526448, 7.6811317864, 21.448771484, 14.6080815863, 15.8266580568, 32.5625565583, 10.0567238407, 0, 289.7207380538, 49.2620147198, 103.7003908969, 32.593429178],
      [2.1690191093, 6.7359536413, 1.3813695211, 1.6251105018, 1.5068793764, 1.8855730443, 2.5112449973, 1.9877968331, 1.1672862039, 3.951339293, 1.6149579778, 5.5248326953, 0.83746464454, 3.3007118936, 1.0177113023, 0.79004662728, 1.4762967035, 0.12980531379, 5.7293138448, 3.771113476, 1.4571527691, 8.2237325677, 2.8959007003, 1.1088074727, 0.60216028203, 9.4481221284, 0.71628298259, 13.8277182091, 5.2915461821, 10.5683134075, 6.2314875107, 5.2015411886, 3.3859610044, 5.3239361535, 4.5797740996, 1.2603014342, 3.0936179426, 3.2322389058, 4.7272478243, 9.1408744534, 2.8301223266, 4.8855531759, 1.017465838, 0.2822053007, 0.11468527752, 2.1380429557, 5.7776240042, 1.6479523035, 2.9753546733, 10.6145134758, 0.96306476015, 0, 68.1242122709, 9.1775473872, 15.6833046132, 5.0484356394],
      [85.2511500764, 315.5232076356, 57.2192236503, 52.3212858746, 17.4616123835, 88.9834082533, 84.0524223278, 84.6261185419, 42.3292512459, 113.3251455301, 104.0205545038, 235.8207929334, 13.5254377243, 126.4106432294, 37.4522008324, 104.9511197764, 78.3616242678, 5.2139974069, 235.0669055191, 55.8734575239, 16.493784482, 276.8153287227, 82.5360502191, 41.2374774294, 26.1657172104, 224.5090692726, 8.2550580752, 364.7045158593, 136.9680881991, 212.2504065161, 302.0324126621, 273.1263090955, 181.5303379543, 82.6093913161, 264.9115026292, 67.041822287, 137.0304236457, 147.5324609098, 110.9387953226, 156.8963936487, 104.3536673428, 158.6012911889, 6.3373887327, 13.3860433616, 15.5887620776, 57.1261503007, 112.6008095499, 57.6291255711, 101.1979872698, 311.822929966, 48.9453557169, 0, 2345.4612105168, 307.560437893, 518.4015001724, 173.1585909143],
      [0.24454272688, 0.69630769228, 0, 0, 0.023931906365, 0.061485003107, 0.062221565781, 0.098109669233, 0, 0.14989961895, 0.10411567691, 0, 0.027627222086, 0.13593114255, 0.03926111249, 0.20014774014, 0.15834673407, 0.0082523117136, 0.079436652195, 0.10701284815, 0.017474544519, 0.47322159956, 0.092069261867, 0.075605438811, 0.050045723016, 0.2932892437, 0.030079214181, 0.42616765765, 0, 0, 0.83535407198, 0.63664228409, 0, 0, 0.74866295816, 0.2175474919, 0.2878925851, 0.63369001761, 0, 0.19641759334, 0, 0.17868395664, 0.81173636407, 0, 0, 0.054674957249, 0.17279496191, 0.11484053898, 0, 0, 0.034855682328, 0, 2.6938391585, 0, 1.2148043175, 0.19954426837]
    ],
    [
      [3.9434588796, 6.6379794943, 3.8574738497, 1.8291144792, 0.033110771594, 3.5722339986, 4.8970246431, 3.4956681322, 3.2448947614, 3.2903026327, 7.7270970543, 11.6542334465, 0.44629944489, 7.6626835146, 2.1375907435, 14.8090330204, 5.8864517331, 0.16906513726, 5.3689830819, 0.47293367009, 0.67770843147, 12.1763579972, 4.4421925368, 4.1580242286, 1.3919008903, 19.1039562718, 0.17144040751, 17.0687242681, 3.8853035885, 5.7434257381, 9.5616033781, 7.0369143136, 5.5222207959, 7.0419289622, 6.3610828082, 0.73064535454, 3.7793057664, 8.9669684161, 3.4241205388, 8.7442093903, 9.3354404087, 4.4445388989, 0.012215562166, 1.4382888615, 1.2015760732, 2.9196272365, 9.6769804963, 7.4211712202, 4.6317627614, 9.3586997814, 4.6675457068, 0.17742386647, 99.8816742323, 21.1235448834, 38.0281628511, 9.5749367104],
      [57.9818588175, 128.7246368044, 29.1775437925, 29.2242786464, 114.2266785402, 59.9141876674, 90.6716705593, 61.8321469888, 47.3216913735, 77.6484679806, 120.1901209685, 234.8020399698, 35.7768227485, 139.2750523804, 45.5939386496, 125.0692432287, 81.0319078533, 5.253798561, 115.326424187, 109.762484632, 101.0259922169, 206.8102556386, 91.7799599535, 60.6501469042, 20.7766197132, 550.3299617635, 39.421957105, 394.2235794567, 102.5806945738, 219.6973798025, 161.0741874, 105.025490578, 88.2227460462, 214.2237781702, 111.9218490474, 13.3702910591, 58.5995672665, 92.7580517009, 128.100059623, 292.9147728128, 181.5709893482, 110.5304263382, 5.9621984358, 11.7002147544, 13.8024049881, 76.1284342211, 254.0983396129, 81.6494387395, 84.5796995379, 323.8726353917, 44.4320644569, 0.51045312577, 2250.8928435204, 349.2392455069, 599.7934954007, 143.1196257674],
      [9.9751407327, 26.304855655, 10.9139667074, 3.9466068743, 2.2191395462, 12.4338163833, 14.4313047975, 11.5763787358, 7.433413865, 9.9017498221, 32.2313771123, 46.5437265838, 1.6963327756, 23.7732980415, 7.0826196194, 59.357232936, 18.9924214223, 0.56782777399, 23.1226392985, 5.7023556201, 2.4692014331, 31.6616238647, 11.5626584017, 10.6860629803, 3.7635628809, 57.5543474298, 0.27462308082, 47.2262198634, 12.5340018377, 19.5591944595, 34.9672132548, 24.7036042222, 21.1338663366, 11.7342928676, 27.3522827202, 2.875378242, 11.5054172399, 19.9801263074, 13.4758198381, 19.6271009484, 30.0935702431, 15.8690182855, 0.025229884606, 1.8614963841, 2.9960189387, 8.849692945, 20.266833286, 12.6948986201, 12.7885377006, 43.7686648269, 9.835140155, 0, 355.9221976714, 53.6372096097, 93.7114474761, 22.0705331538],
      [0.099541570169, 0.33252804632, 0.051015650382, 0, 0.52107114198, 0.079761950696, 0, 0.095806143243, 0, 0.15947956464, 0.8514048648, 0, 0.080545031072, 0.28896606355, 0.18585098749, 1.7644908149, 0.089218991234, 0.0093085277607, 0.18195343268, 1.0622260778, 0.82709791853, 0.35176249948, 0.21518910805, 0.50576588688, 0.067916515699, 1.0117345349, 0.13197940666, 0.4814764118, 0, 0, 0.39699596708, 0.23399088627, 0.12116682132, 0, 0.36478542415, 0.023685344312, 0.11570972715, 0.29485357549, 0, 0.71391684849, 0, 0.15601647741, 0.00035611739605, 0, 0, 0.10224559738, 0.95784660487, 0.23449142029, 0, 0, 0.06524968126, 0.31212300776, 3.3032845758, 0, 0.46689427208, 0.23490436842]
    ],
    [
      [1.0941512503, 2.717208323, 0.5829710244, 0.1207029504, 0.15054188589, 0.58154584587, 1.0596920512, 0.65177205749, 0.17936019018, 0.76707860396, 0.78462458246, 1.1960578862, 0.022524727463, 0.91608225092, 0.1746453211, 0.44835302525, 0.39660754402, 0.062086929364, 2.3613740301, 0.78090635104, 0.26179061111, 3.1789647751, 1.0065421871, 0.99896731777, 0.79804174994, 1.7245396483, 0.16492370396, 3.7672922363, 0.9368128657, 2.7279643325, 2.6637416185, 2.3466230067, 0.47552136852, 1.1775747619, 1.6888053247, 0.32159805821, 1.7137838241, 2.5413708903, 0.75310501324, 1.410264334, 0.92259982342, 1.7200010883, 0, 0.33350383179, 0.01158266782, 0.51412361459, 2.6283602202, 2.0334364987, 1.3948086998, 2.2518193501, 1.3452730108, 0.22098103373, 20.1300433469, 2.1272579166, 5.5362697781, 0.78493818774],
      [4.6699497624, 15.5819700656, 1.2565060989, 0.65203228107, 3.2440044368, 2.8320862956, 4.641658365, 3.3436058519, 0.8007547551, 5.2817890039, 3.5066590497, 7.0283085522, 0.34429376322, 5.0148886021, 1.1409948564, 0.99560809094, 1.6650931499, 0.39489313498, 14.9732683764, 13.4871718153, 5.4023562332, 15.9972404037, 6.1884110336, 3.0005885892, 3.3370379114, 14.5483808531, 3.4914334147, 25.8997002819, 7.5066502038, 30.4791830587, 13.2855382651, 10.333521745, 2.2254728545, 11.0507178188, 8.7652135209, 1.6168839475, 7.7711064654, 7.7306905522, 8.1826594825, 13.6940589868, 5.4029907656, 12.5918410021, 0, 0.8275413347, 0.032231746787, 4.1078055019, 20.1338730517, 6.5451722328, 7.492593608, 20.8289021048, 3.6957253338, 0.47002595599, 133.911123, 11.1139289343, 23.7109359073, 3.4580097207],
      [11.4507857199, 44.455250885, 6.8392875475, 1.3009190136, 2.3237264247, 8.366463682, 9.7356822844, 8.9240772215, 1.7963512844, 9.5329725301, 14.229803756, 18.8835852857, 0.33241036906, 12.0815399391, 2.5970215583, 8.3634742247, 5.5514740623, 0.86535814172, 42.0113267361, 12.4634456643, 3.7836186763, 34.1286479464, 11.0315300157, 6.9688323095, 8.9371741757, 21.8339713777, 2.4053154137, 43.1373241935, 12.9304970098, 38.0890493245, 40.2054592492, 34.0083679693, 7.517020486, 11.5405948417, 29.9793351218, 5.2393215375, 21.5472768457, 23.3843426636, 12.1162059095, 14.7993256909, 12.5371143132, 25.3661455902, 0, 1.8389548335, 0.10487588839, 6.8376926963, 24.7050500301, 14.3619190867, 15.953067208, 38.5861569971, 11.7322258454, 0, 291.9257770564, 23.719159443, 49.5667374941, 7.4672813958],
      [4.7851132674, 23.2455707264, 1.3212353292, 4.9263457549, 1.2817272527, 2.2199041765, 3.5629672994, 3.0805448691, 2.2235337703, 6.4181598621, 5.4789126118, 19.8920482759, 0.30077114026, 4.9874892079, 1.0873382643, 6.1925646591, 4.3868252438, 0.67766179393, 13.6540308575, 9.2684761693, 1.5522344794, 15.6951468748, 4.7735167637, 5.0316117836, 6.927746163, 10.8931081209, 3.9383274677, 19.1956832883, 12.6260399207, 11.7038032844, 18.8452608671, 13.311487279, 1.781985291, 19.2311125775, 16.5666460327, 1.8221964568, 8.9678328647, 14.3435958939, 2.9480295947, 7.0963509883, 3.1372950977, 10.3220123194, 0, 0, 0.851309697, 2.5403781872, 14.532716698, 11.0594721818, 5.1595304843, 10.333121548, 3.22677581, 0.30899301028, 127.0330565967, 25.0396537062, 44.1860568205, 3.2897706958]
    ],
    [
      [3.5149338405, 9.0827757057, 5.7187546783, 0.65100549936, 1.2537266039, 7.1453820781, 12.0506599882, 3.9527305013, 1.576981845, 5.7121620925, 7.1007610482, 7.9749442367, 0.74380855418, 9.70333192, 2.2086257998, 5.5461330638, 4.5404982699, 0.44326497297, 6.0442518109, 3.0689449013, 4.9761528418, 9.8309016127, 4.3344052188, 4.4779313634, 0.60056469115, 10.9526806612, 0.15984228863, 17.7994416058, 3.4272554559, 10.8622278804, 16.9846509051, 11.2129545249, 8.1671232201, 4.0977068521, 8.841491426, 1.6209908219, 8.8426135394, 8.963932864, 5.9705447811, 8.2768601423, 6.2304580872, 6.5583016104, 0.61385208311, 0.64152120414, 0.077295128493, 3.4722742565, 8.3530081976, 8.3008675668, 7.2653719414, 11.1692750062, 5.1521746452, 0.95742288461, 129.6959447403, 16.9327597618, 36.1812694627, 14.8749834797],
      [0.96180759994, 3.3748708892, 0.7891329117, 0.22610377985, 1.716647445, 2.241818863, 3.3977106534, 1.3041081188, 0.45060389314, 2.5333959551, 2.0532791913, 3.0397912992, 0.71027439149, 3.4321607567, 0.91987985995, 0.79914343483, 1.2317371368, 0.16943050915, 2.4795853359, 3.4082377898, 6.5294684345, 3.2019049915, 1.711439127, 0.86246362684, 0.16049131493, 5.9892606921, 0.21505934562, 7.9319573381, 1.7745451817, 7.961719152, 5.4930894704, 3.198934379, 2.4702199102, 2.4847982142, 2.9741350805, 0.52016008683, 2.5900016112, 1.7623553151, 4.1744708364, 5.1958870872, 2.3543336451, 3.1015423081, 2.9216208446, 0.16631087008, 0.01390598301, 1.77976427, 4.1328445569, 1.7230618724, 2.5095953242, 6.6934683899, 0.90639982081, 0.019520918237, 56.0647039676, 5.7392598661, 10.0591217247, 4.2398110722],
      [2.2261558685, 9.0734990416, 4.0400045634, 0.42670551764, 1.163656341, 6.2548192451, 6.7321242542, 3.2866589151, 0.95564624357, 4.3197354104, 7.8458281687, 7.696831629, 0.65715235196, 7.7990173371, 1.9806471465, 6.3083239864, 3.8703125132, 0.36082108579, 6.5568789856, 2.9781481311, 4.3329752401, 6.4406599789, 2.8814813178, 1.8928359948, 0.40622620823, 8.4736348593, 0.14164180797, 12.4555691414, 2.8857159192, 9.2450102655, 15.6687177926, 9.9242672136, 7.8717799865, 2.4491297198, 9.5835805543, 1.5952037601, 6.7774656232, 5.0254994442, 5.8384698464, 5.2998099276, 5.150932556, 5.8956084409, 0.29503295717, 0.19216792578, 0.042383070503, 2.8036978402, 4.7838306197, 3.5708867238, 5.0442138941, 11.6910515725, 2.7171995995, 0, 115.1651088839, 11.5462742411, 19.8186971689, 8.6453131003],
      [5.297102691, 26.4688543635, 4.4521078466, 9.6961852032, 3.8659696102, 9.3579798138, 13.8195051042, 6.4565024649, 7.0167680183, 16.434706542, 17.0001315919, 45.2884328351, 3.8887647024, 18.0654899861, 4.8908471937, 26.346399515, 17.3574520801, 2.0264834321, 11.9192838676, 12.5446691779, 10.1614034836, 16.5265334169, 7.0726743365, 7.766769015, 1.8327177857, 23.5844237874, 1.4834565578, 30.8130319147, 15.9124834431, 16.9310427021, 40.8535418319, 21.6638438824, 10.4908768832, 22.9683652139, 29.6007929392, 3.2636453311, 15.7899192262, 17.2482123766, 8.0165145362, 14.2274428429, 7.2642757118, 13.4445476406, 1.1694941152, 0, 2.866415818, 5.9442636332, 15.7303166259, 15.405183837, 9.1808188403, 17.4462050314, 4.2242259345, 0.023056197157, 277.0742424082, 67.781706131, 97.9409116437, 21.2398923478]
    ]
  ],
  "prob": [
    [0.45950813711, 0.0092868948772, 0.50547195635, 0.025733011663],
    [0.11824055823, 0.026018014038, 0.85458850234, 0.001152925397],
    [0.039996870423, 0.832900917, 0.12554297962, 0.0015592329586],
    [0.037336244854, 0.23234084903, 0.48341988637, 0.24690301975],
    [0.22549082052, 0.091212611808, 0.17881046015, 0.50448610752]
  ],
  "iterations": 85,
  "time": 1.009639,
  "message": "Converged",
  "status": 0,
  "miniter": 0,
  "maxiter": 1000,
  "maxtime": 3600,
  "param_threshold": 0.001,
  "ll_threshold": "-Inf",
  "initial_prob": "random",
  "adjust_prob_cond_method": "lp",
  "adjust_prob_cond_every": true,
  "candidates_id": ["STANTON TUREI, Metiria Leanne Agnes.c", "WOODHOUSE, Michael Allan.c", "CLARK, David Scott.c", "Other candidates votes.c"],
  "group_id": ["Green Party.p", "Labour Party.p", "National Party.p", "New Zealand First Party.p", "Other parties votes.p"]
}
