{
  "Z_true": {},
  "V_true": [
    [30, 606, 24, 83, 740, 454, 61],
    [27, 18, 701, 29, 61, 723, 104],
    [146, 96, 267, 217, 113, 13519, 387],
    [122, 194, 82, 171, 3892, 749, 147],
    [110, 133, 64, 203, 642, 1109, 364],
    [163, 36, 23, 1191, 414, 1016, 78],
    [416, 85, 106, 63, 211, 1118, 553]
  ],
  "p_true": [
    [0.015, 0.3033, 0.012, 0.0415, 0.3704, 0.2272, 0.0305],
    [0.0162, 0.0108, 0.4215, 0.0174, 0.0367, 0.4348, 0.0625],
    [0.0099, 0.0065, 0.0181, 0.0147, 0.0077, 0.9169, 0.0262],
    [0.0228, 0.0362, 0.0153, 0.0319, 0.7265, 0.1398, 0.0274],
    [0.0419, 0.0507, 0.0244, 0.0773, 0.2446, 0.4225, 0.1387],
    [0.0558, 0.0123, 0.0079, 0.4077, 0.1417, 0.3478, 0.0267],
    [0.163, 0.0333, 0.0415, 0.0247, 0.0827, 0.4381, 0.2167]
  ],
  "Z_est": [
    [
      [0.6131, 0.1592, 0.6681, 0.4531, 0, 0.0103, 0.9736, 0.2702, 0.1937, 0, 0.4403, 0.0662, 0.7079, 0.2076, 0.0617, 0.1906, 0, 0.042, 0.1668, 0, 0.4308, 1.0196, 0.9548, 0.7552, 0.4173, 0.2057, 0.2836, 0.3085, 0.3689, 0.0622, 0.1325, 0.0935, 0.2661, 0.5511, 0.3015, 0.1803, 0.5792, 0.7502, 0.349, 0.3355, 0.3799, 0.1785, 0.5847, 0.3467, 0.374, 0.1419, 0.8766, 0.0989, 0.9692, 0.2017],
      [31.344, 9.3258, 7.5335, 20.9068, 0.4977, 0, 17.705, 8.7435, 8.2428, 0, 0, 2.461, 42.4391, 7.6087, 3.3036, 7.6001, 0, 3.3036, 10.6866, 1.827, 14.8004, 18.4826, 38.7809, 26.7809, 20.8316, 12.1052, 14.7833, 18.938, 18.6628, 3.4454, 4.2213, 3.3121, 10.779, 25.8288, 12.4641, 9.21, 24.1609, 29.1496, 13.6484, 10.2202, 11.9719, 5.8398, 25.1948, 12.3975, 15.3507, 3.0284, 29.2225, 6.2568, 54.1101, 11.7012],
      [0.1299, 0.0493, 0.0584, 0.1004, 0.0033, 0.0062, 0.0589, 0.0434, 0.0115, 0, 0.3427, 0.0109, 0.1707, 0.0656, 0.0086, 0.0432, 0, 0.0372, 0.1272, 0.0289, 0.1292, 0.1418, 0.1955, 0.0831, 0.2538, 0.086, 0.1131, 0.1358, 0.1401, 0.0606, 0.0648, 0.0086, 0.0673, 0.1537, 0.0826, 0.0742, 0.1488, 0.1869, 0.0664, 0.0764, 0.0792, 0.0466, 0.1213, 0.0749, 0.1321, 0.0242, 0.1118, 0.0399, 0.4852, 0.0783],
      [1.5665, 0.5727, 0.1665, 1.0942, 0.0355, 0.0355, 0.5733, 0.5399, 0.3618, 0, 0.1074, 0.1601, 2.3805, 0.3961, 0.1605, 0.482, 0, 0.2308, 0.7992, 0.0363, 0.8809, 0.8341, 1.4804, 1.0548, 1.3917, 0.557, 0.6133, 0.9168, 1.1641, 0.4597, 0.3379, 0.2328, 0.2595, 1.7132, 0.5766, 0.3762, 0.9079, 1.4911, 0.8386, 0.7168, 0.6289, 0.6382, 1.2555, 1.3858, 0.9312, 0.3726, 1.2612, 0.1981, 1.915, 0.0527],
      [45.1728, 12.4037, 8.2311, 25.952, 0.3679, 0.8523, 22.6731, 15.9572, 14.7036, 0, 2.776, 1.8235, 46.1151, 11.1029, 1.8917, 8.8668, 0, 1.8125, 7.2116, 0.8208, 20.2762, 29.8806, 65.2039, 42.0824, 25.0364, 14.2536, 17.0012, 24.3841, 24.9495, 2.3026, 4.2871, 4.108, 13.1908, 31.4406, 17.1631, 6.4377, 34.4304, 40.4844, 14.0369, 16.432, 17.8566, 5.9578, 28.3414, 17.3365, 19.9596, 4.572, 53.1627, 4.2586, 56.3511, 13.0702],
      [16.1589, 3.4853, 4.3392, 7.4848, 0.0955, 0.0955, 11.0078, 6.4408, 2.4827, 0, 1.3328, 0.4774, 17.1697, 4.6154, 0.5729, 1.8143, 0, 0.5729, 2.0053, 0.2865, 13.4748, 14.6311, 37.3621, 19.2435, 5.0609, 3.7876, 7.1993, 7.3086, 9.706, 0.6684, 0.9549, 3.2432, 9.432, 6.3022, 5.4065, 1.7188, 13.7611, 9.925, 3.0556, 7.2137, 4.078, 1.3368, 8.4924, 6.4527, 7.2455, 0.8594, 38.346, 1.1459, 18.1487, 7.8907],
      [0.0148, 0.0041, 0.0033, 0.0087, 0, 0.0002, 0.0083, 0.005, 0.0041, 0, 0.0008, 0.0008, 0.017, 0.0037, 0.0009, 0.003, 0, 0.0009, 0.0033, 0.0005, 0.0078, 0.0102, 0.0225, 0, 0.0083, 0.0048, 0.0062, 0.0081, 0.0086, 0.0011, 0.0016, 0.0017, 0.0053, 0.0103, 0.0056, 0.0028, 0.0116, 0.0128, 0.005, 0.0055, 0.0055, 0.0022, 0.01, 0.0059, 0.0069, 0.0014, 0.0192, 0.0019, 0.0206, 0.0052]
    ],
    [
      [1.4251, 0.3294, 0.806, 1.8994, 0, 0.0873, 1.0409, 1.0884, 0.6415, 0, 0.3544, 0.0299, 1.8043, 1.0283, 0.3421, 1.0134, 0.1348, 0.1846, 0.851, 0, 2.4906, 1.7844, 2.3935, 2.556, 2.1685, 0.6288, 1.0032, 0.7235, 1.1504, 0.5464, 0.9485, 0.3919, 1.0757, 2.5358, 1.3827, 1.0757, 2.204, 3.7765, 3.3134, 1.7323, 2.1692, 1.2355, 1.0097, 1.6948, 1.7471, 0.0598, 2.7854, 0.4817, 4.3095, 0.4847],
      [7.3264, 2.307, 2.4273, 6.2539, 0.1845, 0, 2.0275, 2.0326, 1.9502, 0, 0, 0.4424, 10.8292, 3.0663, 0.9339, 2.3448, 0.3947, 1.2519, 4.3095, 0.6225, 5.5928, 6.9161, 9.1495, 6.8018, 9.9882, 3.6734, 4.6955, 6.0269, 5.8737, 3.0013, 2.1237, 0.8602, 3.4494, 8.6898, 4.3124, 3.6026, 6.5661, 10.1124, 4.6955, 3.6142, 4.0768, 2.7511, 6.3868, 4.0768, 5.3316, 0.8602, 8.7073, 2.1887, 22.0508, 5.4815],
      [25.9266, 9.8378, 12.772, 24.1985, 0.7336, 1.8452, 9.4058, 8.5417, 3.7281, 0.891, 4.7029, 2.2007, 36.84, 16.3498, 2.7961, 10.0088, 2.9342, 6.5826, 24.243, 2.9342, 32.2676, 34.9408, 38.7392, 26.7007, 61.3985, 17.9731, 24.509, 30.1165, 30.5485, 17.988, 13.7875, 2.7961, 15.9178, 37.8751, 20.1886, 18.078, 30.85, 46.2863, 16.7619, 18.42, 19.1536, 13.042, 24.68, 18.2895, 29.5134, 4.4261, 36.3494, 9.7073, 118.2157, 19.7566],
      [2.6485, 0.7586, 1.0083, 2.5533, 0.0542, 0.0476, 0.7586, 0.8684, 0.7235, 0.0542, 0.4013, 0.1626, 3.8464, 1.5436, 0.3039, 0.9658, 0.2204, 0.4877, 1.7882, 0.2241, 3.1055, 3.4197, 3.7645, 2.7591, 5.1082, 1.3547, 1.9292, 2.5709, 2.6222, 1.775, 1.0991, 0.5066, 1.5143, 3.8194, 1.9595, 1.5399, 2.6215, 4.5847, 2.0144, 1.8262, 1.8621, 1.4323, 1.9508, 2.0195, 2.4662, 0.3251, 4.0457, 0.8531, 10.1419, 0.011],
      [2.7492, 0.1792, 0.2304, 1.7751, 0.0128, 1.3319, 0.1792, 0.881, 3.3037, 0.0128, 0.8038, 0.0384, 2.7131, 0.8684, 0.286, 0.6417, 0.0798, 0.1152, 0.4224, 0.0512, 1.479, 1.6418, 3.7844, 2.2489, 2.9584, 0.32, 0.4352, 1.7306, 1.7091, 2.7382, 0.2432, 0.2129, 0.8183, 4.4431, 1.2732, 0.9544, 0.8685, 3.0667, 3.1912, 1.1846, 1.3478, 1.0736, 0.4608, 1.2118, 1.1777, 0.0768, 3.1807, 0.616, 4.6818, 1.9199],
      [1.7597, 0.2088, 0.2685, 5.1553, 0.0149, 0.5796, 0.2088, 0.2088, 1.3281, 0.0149, 0.548, 0.0447, 4.288, 3.4123, 0.2026, 0.5921, 0.1277, 0.1342, 0.4922, 0.0597, 7.6021, 9.6723, 4.4357, 4.6607, 4.9679, 0.3729, 0.5071, 1.6399, 0.9045, 4.1117, 0.2834, 1.0699, 3.4933, 4.9035, 3.9627, 1.0182, 0.6712, 9.034, 3.1029, 3.3831, 2.5239, 3.5725, 0.537, 3.8411, 0.6265, 0.0895, 13.0358, 0.747, 15.7256, 5.4255],
      [1.1645, 0.3791, 0.4875, 1.1645, 0, 0.1083, 0.3791, 0.3791, 0.325, 0.0271, 0.1896, 0.0812, 1.679, 0.7312, 0.1354, 0.4333, 0.1083, 0.2437, 0.8937, 0.1083, 1.4624, 1.6249, 1.7332, 1.2728, 2.4102, 0.677, 0.9208, 1.1916, 1.1916, 0.8395, 0.5145, 0.1625, 0.7312, 1.7332, 0.9208, 0.7312, 1.2187, 2.1394, 0.9208, 0.8395, 0.8666, 0.893, 0.9749, 0.8666, 1.1374, 0.1625, 1.8957, 0.4062, 4.8747, 0.9208]
    ],
    [
      [0.183, 0.0348, 4.8021, 3.385, 0, 0.0087, 1.6023, 2.3599, 0.0958, 0, 0.2479, 0.5148, 0.3796, 2.4645, 0.3386, 1.9715, 0.7269, 0.0174, 0.0958, 0, 3.9707, 4.2819, 1.2938, 2.9833, 0.2352, 0.0697, 0.122, 0.0523, 0.1307, 0.0436, 2.0481, 0.6412, 0.9307, 2.2999, 2.9656, 1.1073, 5.1865, 10.3065, 2.189, 3.4954, 2.6978, 3.0832, 12.9865, 1.7844, 1.7491, 1.2848, 0.5412, 0.4618, 0.4618, 0.0436],
      [2.8733, 2.3398, 1.3475, 1.895, 0.1183, 0, 0.5867, 0.0194, 0.2852, 0, 0, 1.209, 14.1178, 0.0194, 1.7488, 1.8441, 0.4739, 0.914, 2.8175, 0.1924, 0.0355, 0.0452, 0.0856, 0.4585, 0.0614, 1.0529, 2.8616, 2.124, 1.4034, 0.0113, 0.1612, 0.0292, 0.2242, 3.8312, 0.7742, 1.9884, 2.4214, 2.4532, 2.7669, 0.0242, 0.2571, 0.0178, 8.3112, 0.0323, 0.9516, 0.0081, 0.0662, 0.3991, 3.5888, 0.505],
      [0.5826, 2.0072, 2.4358, 0.5049, 0.1875, 0.0388, 0.6068, 0.1942, 0.0777, 0.8373, 0.2432, 0.3541, 0.8156, 0.7456, 0.0583, 0.233, 0.7155, 2.1387, 6.126, 0.3629, 0.7185, 0.7573, 0.8738, 0.5631, 9.116, 3.9267, 5.5074, 2.1783, 4.3729, 0.3884, 4.7226, 0.0583, 0.3495, 0.835, 0.4466, 2.3612, 4.5302, 1.0098, 0.3495, 0.4078, 0.4272, 0.2719, 3.4312, 0.3884, 3.2589, 0.5432, 0.7573, 0.4925, 13.4376, 0.52],
      [8.5507, 7.0059, 0.046, 7.239, 1.1469, 0.0102, 1.1059, 3.8726, 0.1023, 2.2223, 0.0307, 1.4994, 28.8484, 2.0662, 1.0387, 2.5593, 0.0227, 0.114, 2.8959, 0.1727, 2.9042, 2.5492, 0.8027, 1.8022, 6.0863, 1.1056, 2.4872, 1.7562, 5.0742, 0.8274, 3.0945, 1.4496, 0.0716, 9.09, 0.1636, 0.1074, 0.2556, 0.4244, 0.2403, 0.5849, 0.2987, 2.3286, 7.0216, 7.7419, 0.2659, 0.1842, 0.3528, 0.2984, 6.7439, 0.0153],
      [7.7502, 5.5126, 2.9836, 7.5875, 0.3939, 0.7094, 3.5677, 7.1728, 10.0336, 0.904, 2.5615, 0.2686, 5.9121, 4.3414, 4.0978, 6.4724, 0.9126, 1.7692, 6.3463, 0.4563, 1.97, 4.496, 18.1446, 15.7661, 16.983, 1.7632, 1.6118, 2.9192, 3.948, 0.6805, 2.3252, 1.9544, 1.182, 11.2338, 4.6339, 8.2178, 11.9626, 23.4016, 12.9104, 1.97, 9.7291, 8.7921, 9.7876, 3.6068, 2.2924, 8.3389, 10.5112, 0.5731, 5.9459, 2.7594],
      [579.3991, 93.0446, 41.7153, 348.5697, 22.1534, 8.7145, 110.8862, 183.84, 159.5305, 18.4021, 36.6846, 22.8868, 348.3791, 60.6654, 51.6911, 212.289, 25.0673, 176.2552, 582.0859, 29.4818, 308.476, 221.3371, 355.4194, 221.9091, 770.2527, 213.2723, 262.2202, 443.5774, 532.5107, 360.0056, 380.9005, 164.5179, 155.2802, 532.8641, 244.3255, 251.9865, 452.1559, 649.5954, 367.9726, 317.958, 241.6616, 200.8055, 376.5849, 301.6964, 359.0395, 264.0087, 672.8206, 73.7165, 680.9109, 95.9202],
      [20.6611, 7.055, 2.6696, 9.819, 0, 0.5183, 2.6444, 11.5411, 2.8749, 0.6343, 1.2321, 1.2673, 8.5475, 4.6974, 1.0268, 6.6307, 2.0812, 9.7914, 17.6326, 1.3339, 11.9251, 5.5332, 13.3802, 4.5177, 31.2653, 4.8096, 8.1898, 7.3927, 14.56, 13.0432, 6.7479, 3.3495, 5.9618, 14.846, 13.6906, 11.2314, 13.4877, 24.8091, 6.5713, 14.5597, 4.9284, 8.701, 11.877, 5.7499, 10.4426, 21.6321, 18.9507, 8.0585, 49.9111, 5.2365]
    ],
    [
      [0.0484, 0.0092, 0.2763, 1.3993, 0, 0.0289, 5.0994, 0.8074, 0.8554, 0, 0.1378, 2.6435, 2.1645, 1.2917, 0.6886, 0.4576, 0.0312, 0.1728, 0.0254, 0, 0.9259, 0.8455, 3.2633, 1.6418, 0.0623, 0.0185, 0.6592, 0.0138, 0.0346, 0.0115, 1.0365, 0.1312, 0.9777, 2.0044, 0.9625, 0.6766, 1.484, 2.1902, 4.2902, 1.0075, 2.8207, 1.0137, 1.4055, 0.8902, 1.118, 1.0795, 2.5978, 0.4461, 0.7057, 0.0115],
      [7.1918, 1.7663, 1.2402, 5.1972, 0.1854, 0, 5.3801, 0.8571, 2.0796, 0, 0, 0.7641, 8.6568, 0.8945, 0.856, 1.5635, 0.1074, 0.7278, 3.1374, 0.9163, 1.5713, 1.9998, 3.7854, 4.9433, 5.3706, 3.0983, 3.04, 4.2275, 3.9527, 0.5, 1.003, 0.513, 1.8857, 7.0354, 2.7349, 2.2204, 4.68, 6.341, 3.9345, 1.0713, 2.7474, 1.698, 5.0361, 2.5436, 3.2839, 0.3571, 2.9283, 3.9114, 18.941, 2.1119],
      [0.6079, 0.4449, 0.3701, 0.3657, 0.0754, 0.0432, 1.1549, 0.1406, 0.0563, 0.0735, 0.1549, 0.1379, 1.4867, 0.5797, 0.0422, 0.4056, 0.0151, 0.2645, 2.5358, 0.4806, 0.9442, 0.9718, 1.7213, 0.4079, 2.3448, 1.4164, 0.8774, 1.3347, 1.2933, 0.2813, 0.9496, 0.0422, 0.2532, 0.6048, 0.4886, 0.6863, 1.3589, 0.7314, 0.2532, 0.2954, 0.3094, 0.1969, 1.1859, 0.2813, 3.1248, 0.4199, 0.5485, 0.9774, 7.2993, 0.5967],
      [7.946, 0.7138, 0.3537, 2.0448, 0.095, 0.0412, 3.0521, 1.1701, 0.0091, 0.3113, 0.191, 0.2925, 3.2608, 0.8437, 0.3806, 0.6443, 0.0408, 0.2614, 1.1903, 0.0816, 1.3132, 1.2177, 4.8644, 2.3662, 3.2897, 1.284, 2.8082, 2.1209, 1.9794, 0.5766, 0.4927, 0.1807, 0.0063, 2.9482, 0.0145, 0.0095, 0.9845, 2.7333, 1.075, 1.4436, 1.4951, 1.2804, 1.9951, 2.7714, 1.5635, 1.0304, 3.2341, 0.5025, 4.3647, 0.0014],
      [233.8927, 44.7481, 21.6082, 124.2901, 3.1873, 2.6136, 101.3583, 72.7392, 87.7884, 7.722, 12.4073, 11.6482, 195.9665, 52.24, 22.8571, 39.9656, 2.483, 15.8704, 65.9345, 3.3845, 77.5409, 77.5658, 304.264, 155.3626, 192.3465, 70.0427, 64.8542, 122.8293, 118.1669, 28.0371, 26.7928, 10.7194, 45.9299, 177.3935, 85.1889, 61.7184, 137.854, 199.5767, 121.9321, 81.8819, 93.2383, 77.8287, 124.5475, 79.2941, 94.1019, 88.4317, 232.7387, 24.3279, 244.0798, 48.3586],
      [39.8595, 2.4474, 1.2237, 12.9345, 3.4569, 0.1412, 8.3612, 6.0987, 4.5182, 0.6958, 0.6589, 2.946, 21.8826, 4.5815, 2.928, 2.2121, 0.1412, 0.8942, 10.6513, 0.9229, 10.4769, 4.1888, 34.4046, 8.1893, 31.2379, 8.0614, 7.429, 22.9374, 15.5128, 10.5008, 4.2427, 0.6774, 5.048, 20.4841, 8.4683, 4.0701, 7.4363, 10.872, 12.9309, 16.9139, 8.201, 8.7658, 7.9568, 5.8334, 12.4278, 19.5055, 32.9093, 5.4834, 35.5163, 3.2337],
      [6.4537, 1.8704, 0.9278, 3.7685, 0, 0.1318, 0.594, 4.1869, 0.693, 0.1974, 0.4501, 0.5677, 4.5821, 1.5689, 0.2475, 1.7514, 0.1813, 0.8088, 3.5252, 0.2141, 3.2276, 2.2106, 6.697, 1.089, 7.3484, 2.0788, 2.332, 2.5364, 4.0603, 2.0927, 1.4826, 0.7361, 1.8993, 5.5296, 5.1422, 2.6187, 4.2025, 8.5555, 1.584, 3.3864, 1.188, 3.2166, 3.8733, 1.386, 3.3801, 6.1758, 7.0432, 1.3514, 10.0931, 2.6863]
    ],
    [
      [2.6134, 0.83, 2.4475, 4.4058, 0, 0.137, 2.5247, 2.8308, 1.5299, 0, 0.7455, 0.9835, 3.6287, 2.1249, 0.8162, 2.4553, 0.3825, 0.4093, 1.2593, 0, 4.4206, 3.2567, 5.104, 5.725, 3.091, 0.9159, 2.1439, 0.6869, 2.5515, 0.5724, 2.1699, 1.0494, 2.4874, 5.8758, 3.0936, 2.7579, 5.0927, 8.8133, 5.8843, 4.272, 10.3179, 3.0806, 6.568, 3.9964, 3.882, 2.6825, 6.7283, 0.9479, 7.3979, 0.6739],
      [1.2546, 0.111, 0.0471, 0.3812, 0, 0, 0.1043, 0, 0.0807, 0, 0, 0.0202, 0.2288, 0.0875, 0.0336, 0.1177, 0.0202, 0.0538, 0.2456, 0.0293, 0, 0.1177, 0.259, 0.2052, 0.5214, 0.7319, 0.1615, 0.2658, 0.2489, 0, 0.1009, 0.074, 0.1615, 0.3869, 0.1716, 1.4826, 0.2557, 0.4777, 0.2691, 0.0701, 0.2489, 0.2018, 0.2859, 0.2018, 0.2018, 0.1514, 0, 0.0437, 0.397, 0.0303],
      [0.1942, 0.0671, 0.0396, 0.0252, 0, 0.0052, 0.0628, 0.0097, 0.0039, 0.0182, 0.0124, 0.0128, 0.153, 0.0614, 0.0029, 0.0694, 0.3344, 0.0381, 0.9833, 0.0072, 0.13, 0.0956, 0.1708, 0.1289, 2.081, 0.1068, 0.1113, 0.1683, 0.161, 0.0194, 0.0699, 0.0029, 0.0175, 0.0417, 0.1065, 0.1412, 0.1643, 0.0504, 0.0175, 0.1228, 0.0213, 0.0136, 0.1714, 0.1185, 0.1369, 0.0811, 0.0378, 0.0331, 0.3384, 0.0362],
      [3.626, 1.1974, 0.5068, 2.7544, 0, 0.0726, 1.1238, 1.9781, 0.87, 0.0376, 0.1457, 0.2186, 2.4851, 0.9426, 0.3627, 1.2682, 0.0003, 0.5799, 2.6421, 0.0726, 2.0667, 1.2732, 2.7957, 2.2132, 5.6053, 1.8097, 1.7384, 2.8599, 2.6834, 1.5201, 1.0859, 0.7961, 0.0037, 4.3588, 1.846, 1.3594, 2.7515, 5.1382, 2.8949, 2.2445, 2.6755, 2.1713, 3.0811, 2.1824, 2.1755, 1.6269, 5.4228, 0.4713, 4.2796, 0.3251],
      [4.9083, 1.2906, 0.6778, 3.1324, 0, 0.1131, 1.8941, 1.9208, 1.71, 0.106, 0.2896, 0.2617, 3.906, 1.2107, 0.4937, 1.2723, 0.2556, 0.5251, 2.2773, 0.0872, 2.1742, 1.8575, 5.4834, 3.404, 5.4795, 1.8737, 1.8057, 3.1146, 2.9876, 1.189, 0.9343, 0.5994, 1.5754, 4.5792, 2.1236, 3.6256, 3.3915, 5.5409, 6.6496, 2.2724, 2.7094, 7.0931, 3.3571, 2.2523, 2.4058, 1.9195, 6.0049, 0.5622, 5.5015, 0.8291],
      [77.3883, 26.1989, 8.8791, 57.6894, 0, 1.4717, 22.1856, 36.4533, 17.4019, 0.738, 2.4062, 3.9023, 50.7881, 18.969, 7.2894, 26.3118, 4.4061, 12.7913, 58.2813, 1.6034, 42.4999, 24.894, 55.4754, 43.2145, 122.6981, 39.5544, 37.2319, 63.9926, 57.9563, 34.4926, 22.6345, 17.2748, 38.9473, 88.2402, 38.5509, 55.4223, 56.7328, 107.5233, 57.0014, 46.8089, 55.5122, 41.3313, 63.0237, 45.2394, 45.1888, 34.0318, 116.7833, 9.6398, 88.2678, 6.2042],
      [10.0152, 3.305, 1.4021, 7.6116, 0, 0.2003, 3.1047, 4.8073, 2.4036, 0.1002, 0.4006, 0.6009, 6.8103, 2.604, 1.0015, 3.5053, 0.6009, 1.6024, 7.3111, 0.2003, 5.7087, 3.5053, 7.7117, 6.1093, 15.5236, 5.0076, 4.8073, 7.912, 7.4113, 4.2064, 3.0046, 2.2033, 4.8073, 11.5175, 5.1078, 7.2109, 7.6116, 14.4561, 7.2833, 6.2094, 2.5147, 6.1082, 8.5129, 6.0091, 6.0091, 4.5068, 15.0228, 1.302, 11.8179, 0.9014]
    ],
    [
      [0.9223, 0.4314, 0.8202, 1.9661, 0, 0.0745, 1.1253, 1.1233, 0.8581, 0, 0.3401, 0.4432, 2.3149, 0.9094, 0.425, 1.0737, 0.7247, 0.0878, 0.9959, 0, 1.9851, 1.7553, 2.7654, 2.7208, 1.8594, 0.3513, 0.9134, 0.2635, 0.6588, 0.2196, 0.8405, 0.4375, 0.9456, 2.8513, 1.5862, 1.0068, 2.3215, 3.8461, 2.7923, 1.9007, 2.1108, 1.3433, 4.6753, 2.1845, 1.9875, 1.0564, 2.6825, 0.4299, 3.2768, 0.2502],
      [0.206, 0.0561, 0.0077, 0.0728, 0.0141, 0, 0.0294, 0.0247, 0.0379, 0, 0, 0.0093, 0.1229, 0.0209, 0.0093, 0.0286, 0.0039, 0.0209, 0.0518, 0.0169, 0, 0, 0, 0.0796, 0.068, 0.4382, 0.0301, 0.0649, 0.0649, 0, 0.0139, 0.0131, 0.0201, 0.1317, 0.0626, 0.0263, 0.0703, 0.109, 0.0696, 0, 0.0402, 0.0425, 0.0858, 0.0381, 0.0765, 0.0224, 0.0757, 0.0124, 0.0958, 0.0031],
      [0.0154, 0.0055, 0.0015, 0, 0.0001, 0, 0.0056, 0.0047, 0, 0.0343, 0.0015, 0.0018, 0.0236, 0.004, 0, 0.0055, 0.0007, 0.004, 0.0099, 0.0003, 0.0104, 0.0116, 0.0221, 0, 0.0131, 0.0077, 0.0058, 0.0125, 0.6554, 0, 0.0027, 0, 0.0039, 0, 0.012, 0.005, 0.0135, 0, 0, 0, 0.0077, 0, 0.0165, 0, 0.0147, 0.0043, 0, 0.0024, 0.0184, 0.0006],
      [59.3185, 21.3608, 5.9394, 42.1444, 0.6683, 1.6191, 18.6916, 19.5735, 16.5874, 2.6732, 4.5206, 6.276, 89.6593, 14.9486, 6.276, 18.9962, 0.7158, 10.2406, 32.558, 1.2825, 34.9546, 34.8822, 63.3842, 44.7649, 51.6989, 23.4125, 22.6433, 38.2567, 44.8776, 19.3648, 11.3268, 9.0092, 10.9968, 69.4682, 25.4424, 15.6538, 38.9619, 62.9836, 37.3748, 30.3617, 25.3042, 26.282, 51.7865, 57.6608, 41.2542, 14.8122, 49.1256, 7.895, 70.9997, 2.092],
      [9.973, 2.7216, 0.3811, 6.358, 0.0381, 0.2932, 4.0712, 2.1534, 5.7727, 0.1524, 0.8195, 0.7509, 11.3056, 2.4579, 1.0641, 2.6042, 0.2689, 1.4124, 4.276, 0.1304, 4.821, 5.3608, 13.8976, 9.0254, 8.3257, 3.8022, 3.248, 6.392, 6.3333, 2.3445, 0.686, 1.0198, 2.2828, 10.1869, 5.3772, 2.9596, 7.3439, 11.0125, 7.3634, 4.7448, 4.5461, 4.1987, 7.6754, 6.7275, 6.2785, 3.2193, 9.9792, 1.2362, 11.2246, 0.5141],
      [32.9767, 12.2153, 2.7935, 28.0118, 0.2794, 1.9906, 13.862, 8.9394, 25.5701, 1.1174, 4.2618, 4.451, 54.6744, 8.5066, 4.2256, 14.0826, 3.2577, 14.3761, 28.7295, 0.5587, 27.779, 35.549, 68.088, 46.4093, 25.5373, 23.694, 11.9388, 38.5354, 30.9349, 19.8336, 5.0284, 6.4242, 11.6037, 59.5531, 44.7377, 14.1562, 41.7742, 62.2514, 42.4, 30.6083, 19.697, 22.8224, 46.1327, 52.3891, 48.8287, 9.7213, 35.5827, 6.3337, 37.6834, 1.1174],
      [0.5882, 0.2093, 0.0566, 0.4468, 0, 0.0226, 0.2149, 0.181, 0.1738, 0.0226, 0.0566, 0.0679, 0.8992, 0.1527, 0, 0.2093, 0.0283, 0.8582, 0.3789, 0.0113, 0.45, 0.4411, 0.8427, 0, 0.4977, 0.2941, 0.2206, 0.4751, 0.4751, 0.2375, 0.1018, 0.0961, 0.147, 0.8088, 3.782, 0.1923, 0.5147, 0.7974, 0, 0.3846, 0.2941, 0.3111, 0.6278, 0, 0.5599, 0.164, 0.5543, 0.0905, 0.7013, 0.0226]
    ],
    [
      [15.1948, 2.206, 10.1797, 17.4912, 0, 0.6532, 6.6338, 11.52, 6.8256, 0, 3.7341, 3.3189, 14, 7.9738, 3.3278, 10.8379, 0, 1.0859, 7.6058, 0, 18.7763, 12.0567, 21.2252, 27.618, 19.1663, 5.8101, 8.8748, 3.9515, 10.1051, 3.5443, 8.824, 4.2552, 10.3168, 23.8818, 11.7078, 10.1953, 20.1321, 33.3172, 17.1818, 17.2567, 18.5038, 11.0652, 21.7703, 18.103, 17.1423, 12.6951, 27.7882, 4.1338, 35.8792, 3.3344],
      [0.8039, 0.094, 0.3967, 2.2932, 0, 0, 0.167, 0.3227, 0.3236, 0, 0, 0.094, 0.6055, 0.3027, 0.1148, 0.5011, 0, 0.728, 0.7517, 0.3957, 0, 0.4385, 0.9396, 0.7308, 1.1588, 0.9002, 0.428, 1.3529, 0.7934, 0.042, 0.3758, 0.1984, 0.4802, 1.0962, 0.4802, 0.4698, 0.8456, 1.3572, 0.6159, 0, 0.6577, 0.4489, 0.6995, 0.7099, 0.8039, 0.5724, 0, 0.1879, 1.8165, 0.167],
      [2.5434, 0.5882, 1.3225, 0.8054, 0, 0.0613, 0.7052, 1.0656, 0.1226, 0.1457, 0.5424, 0.2818, 2.5104, 1.1939, 0.0919, 1.2344, 0, 2.935, 6.9746, 0.1859, 2.8001, 2.081, 3.2773, 1.1163, 4.7928, 1.4832, 1.876, 5.0539, 2.8288, 1.2624, 1.4029, 0.0919, 1.3909, 3.4897, 1.6751, 1.654, 2.9342, 3.7352, 0.5516, 1.6777, 2.0015, 0.429, 2.3938, 0.8475, 2.8192, 1.5011, 1.1951, 0.7474, 8.2054, 1.0116],
      [3.3439, 0.3907, 0.9793, 3.1699, 0, 0.1737, 0.6946, 1.9974, 1.3461, 0.7013, 0.6033, 0.3908, 2.5195, 1.2592, 0.4777, 2.0842, 0, 1.0855, 3.1263, 0.1303, 3.775, 1.8239, 3.9082, 3.0396, 4.8198, 1.4764, 1.7804, 2.5186, 6.5992, 1.4764, 1.5631, 0.825, 1.1477, 4.6022, 1.9974, 1.9539, 3.5171, 5.6447, 2.5619, 2.8224, 2.7355, 1.8672, 2.9095, 4.2382, 3.3435, 2.6485, 5.5577, 0.7816, 7.5552, 0.5025],
      [2.5538, 0.1442, 7.8879, 1.9049, 0, 1.0864, 0.2563, 1.1756, 1.688, 0.1028, 2.3422, 0.2087, 2.0817, 0.7785, 0.3095, 1.1771, 0, 0.4951, 1.5319, 0.0696, 1.7387, 1.1975, 3.2222, 2.1105, 2.8706, 0.9446, 1.0439, 1.6302, 1.9056, 0.7081, 0.7316, 0.3861, 1.0208, 2.7229, 1.2401, 1.0865, 2.1491, 3.9171, 2.9164, 1.5144, 1.5726, 2.056, 1.8302, 1.571, 1.784, 1.4417, 3.4225, 0.426, 4.2153, 0.5488],
      [26.4579, 1.3997, 9.7807, 27.1545, 0, 1.0069, 2.4884, 15.0191, 13.1685, 2.0318, 6.1076, 2.2917, 18.8181, 9.2497, 4.0904, 19.6983, 0, 9.976, 29.7545, 1.087, 30.6915, 12.7277, 31.8148, 26.3736, 40.2453, 13.2574, 14.4736, 27.0088, 31.4748, 14.3872, 12.9557, 7.7927, 19.1955, 39.6527, 11.5483, 14.628, 28.4684, 42.7988, 19.5366, 22.114, 23.3262, 13.3656, 17.2726, 28.5479, 30.6431, 20.7838, 53.5224, 4.9338, 60.7472, 4.2083],
      [26.1024, 4.1772, 7.4532, 20.181, 0, 1.0185, 5.0546, 14.8996, 7.5256, 1.0185, 3.6703, 2.4142, 17.4648, 8.2421, 2.5879, 12.4671, 0, 8.6945, 22.2552, 1.1316, 21.2184, 11.6748, 25.6127, 9.0111, 37.9465, 10.1281, 12.5233, 16.4842, 22.2931, 12.5795, 10.147, 5.4507, 12.4481, 29.5546, 17.3511, 15.0127, 22.9534, 39.2297, 15.6356, 19.6148, 14.2027, 13.768, 20.1241, 13.9825, 20.464, 21.3574, 36.5141, 6.7895, 55.5812, 6.2273]
    ]
  ],
  "V_est": [
    [17.7219, 689.2081, 4.7587, 35.1416, 896.9827, 353.8891, 0.298],
    [62.9204, 220.3617, 1036.7495, 94.4219, 67.724, 135.5701, 45.2524],
    [88.676, 69.7529, 86.267, 136.6782, 290.1644, 13585.4434, 488.018],
    [50.4635, 148.9879, 41.6323, 72.8713, 4389.6496, 511.4713, 141.924],
    [146.3636, 10.5398, 6.9968, 92.3405, 119.6284, 1991.5237, 257.6073],
    [66.6541, 2.4879, 0.9586, 1411.0806, 229.1317, 1192.025, 18.6621],
    [581.2005, 26.6617, 89.6371, 114.4659, 79.7191, 918.0774, 742.2383]
  ],
  "p_est": [
    [0.0089, 0.3449, 0.0024, 0.0176, 0.4489, 0.1771, 0.0001],
    [0.0378, 0.1325, 0.6234, 0.0568, 0.0407, 0.0815, 0.0272],
    [0.006, 0.0047, 0.0059, 0.0093, 0.0197, 0.9214, 0.0331],
    [0.0094, 0.0278, 0.0078, 0.0136, 0.8194, 0.0955, 0.0265],
    [0.0558, 0.004, 0.0027, 0.0352, 0.0456, 0.7587, 0.0981],
    [0.0228, 0.0009, 0.0003, 0.4831, 0.0784, 0.4081, 0.0064],
    [0.2277, 0.0104, 0.0351, 0.0449, 0.0312, 0.3597, 0.2908]
  ],
  "EI_Z": {},
  "EI_V": 10.8268,
  "MAE_Z": {},
  "MAE_V": 140.7976,
  "MAE_p": 0.0518,
  "runtime": 3.413
}
