{
  "Z_true": {},
  "V_true": [
    [20, 16, 24, 2053, 293, 38],
    [47, 1491, 898, 382, 357, 32],
    [159, 461, 3472, 742, 134, 131],
    [188, 525, 175, 3873, 18649, 386],
    [1012, 90, 465, 750, 280, 69],
    [50, 111, 136, 231, 540, 163]
  ],
  "p_true": [
    [0.0082, 0.0065, 0.0098, 0.84, 0.1199, 0.0155],
    [0.0147, 0.4649, 0.28, 0.1191, 0.1113, 0.01],
    [0.0312, 0.0904, 0.6809, 0.1455, 0.0263, 0.0257],
    [0.0079, 0.0221, 0.0074, 0.1628, 0.7837, 0.0162],
    [0.3796, 0.0338, 0.1744, 0.2813, 0.105, 0.0259],
    [0.0406, 0.0902, 0.1105, 0.1877, 0.4387, 0.1324]
  ],
  "Z_est": [
    [
      [1.773, 0.2217, 7.5323, 3.9849, 5.0959, 3.5434, 4.4292, 0, 9.3053, 5.983, 7.531, 9.0829, 23.7008, 9.3036, 1.5515, 4.4302, 4.873, 14.6231, 6.8687, 1.5516, 8.6412, 17.9425, 6.6468, 9.9624, 4.432, 2.4376, 0.8866, 15.9458, 8.1975, 15.2802, 12.8497, 1.7835, 0.7464, 0, 71.3163, 7.3073, 14.399, 1.5502],
      [0.0345, 0.0147, 0.1847, 0.0708, 0.1001, 0.019, 0.088, 0, 0.1036, 0.1139, 0.2071, 0.0794, 0.3055, 0.1174, 0.0414, 0.0552, 0.1571, 0.1398, 0.1398, 0.0293, 0.2088, 0.1502, 0.0846, 0.2657, 0.0897, 0.0483, 0.0466, 0.1519, 0.088, 0.1001, 0.2157, 0.0362, 0.443, 0, 0.5765, 0.0777, 0.4643, 0],
      [0.2387, 0.321, 0.766, 0.6644, 0.6175, 0.2167, 0.0353, 0, 1.0519, 0.8016, 0.7816, 0.9334, 4.5387, 0.9953, 0.2736, 0.7345, 0.5874, 1.2977, 0.8263, 0.1444, 0.8369, 6.5234, 0.6454, 1.5441, 0.665, 0.2218, 0.1606, 1.2095, 0.6433, 0.5886, 1.4693, 0.2038, 0.8281, 0, 5.7275, 0.0353, 1.9164, 0.0112],
      [20.4897, 2.957, 55.5773, 50.0593, 43.545, 10.9956, 14.0381, 0, 77.4111, 62.7064, 36.4394, 60.8418, 121.525, 54.7561, 20.8318, 24.0814, 23.9619, 118.0083, 63.5506, 19.9369, 78.0085, 89.85, 45.8371, 114.8232, 47.3527, 23.26, 11.3126, 55.0549, 52.3445, 40.4959, 99.6108, 21.7934, 1.0421, 0, 280.6507, 11.0976, 91.3448, 4.2538],
      [1.0531, 0.4475, 0.0012, 8.4647, 0.0009, 0.0003, 0.0003, 0, 0.1795, 0.0013, 2.4376, 3.9736, 4.3338, 0.2321, 0.0004, 1.467, 0.9338, 9.6675, 0.0013, 2.1089, 0.1738, 12.241, 11.2121, 0.0023, 0.001, 2.8015, 0.4789, 1.7681, 15.8556, 0.001, 0.4937, 1.0736, 0.8294, 0, 10.4844, 0.0003, 0.7513, 0.0001],
      [0.411, 0.0381, 0.9385, 0.7558, 0.6406, 0.225, 0.4089, 0, 0.9485, 0.3938, 0.6033, 1.0889, 1.5963, 1.5956, 0.3012, 0.2317, 0.4869, 1.2636, 0.6134, 0.2288, 1.1308, 1.2929, 0.574, 1.4023, 0.4596, 0.2308, 0.1148, 0.8698, 0.871, 0.5342, 1.3608, 0.1094, 0.111, 0, 6.2446, 0.4819, 2.1243, 0.1848]
    ],
    [
      [0.2563, 0.0854, 1.2386, 0, 0.2672, 2.0884, 0.8862, 0, 0.8222, 0.1188, 1.5909, 0.6406, 2.0501, 0.736, 0.2456, 0.5125, 0.6054, 0.961, 0.2129, 0.2135, 1.3881, 0.9823, 0.6727, 0, 0.6406, 0.3417, 0.1748, 4.6981, 1.1551, 0.7581, 1.4308, 0.2977, 0.0214, 0.0221, 4.5059, 0.5552, 2.8082, 0.3737],
      [17.8887, 4.7814, 92.1917, 38.0318, 46.6658, 10.4785, 49.0474, 1.6755, 55.0828, 58.6929, 108.749, 42.504, 152.5358, 65.468, 18.8869, 30.2498, 81.6015, 70.4096, 72.1094, 15.0921, 103.9205, 74.303, 45.0173, 132.9057, 45.8308, 24.5909, 24.4974, 84.3711, 48.8777, 52.274, 107.2716, 19.2931, 1.3026, 1.7405, 304.7482, 39.683, 220.8313, 23.8206],
      [3.3976, 0.5607, 14.7875, 8.7992, 5.4009, 3.1754, 21.9101, 0.3024, 12.3725, 11.2689, 19.611, 10.2061, 27.1421, 14.6204, 2.2182, 13.1046, 17.4434, 11.9363, 13.122, 2.5142, 16.2841, 9.8352, 9.0028, 24.069, 8.9476, 4.0228, 3.9436, 35.923, 9.9173, 9.5402, 17.1851, 3.482, 0.1929, 0.1929, 68.7673, 8.2811, 25.3649, 4.5755],
      [0.6321, 0.6052, 2.9336, 2.0668, 0.6297, 2.9142, 2.18, 0, 3.3742, 3.9023, 13.3765, 1.8743, 2.1591, 2.7743, 0.2586, 1.2365, 1.9039, 1.0121, 5.0374, 0.841, 2.6938, 1.0346, 1.8233, 6.1015, 2.2044, 1.0566, 0.7378, 3.0295, 2.079, 1.8692, 1.5069, 1.8394, 0.0372, 0.0225, 12.5199, 1.0542, 2.9576, 1.1401],
      [0.2651, 1.8235, 1.2813, 2.2619, 0.6186, 2.4894, 7.1122, 0.0221, 1.7946, 2.5792, 3.3634, 0.6627, 2.1208, 8.3008, 0.254, 2.0334, 4.5741, 0.9941, 3.2276, 0.4857, 1.4359, 1.0162, 4.3458, 5.6433, 0.6627, 1.1304, 3.2117, 5.6858, 8.7003, 4.5587, 1.4801, 1.6645, 0.0221, 0.0221, 7.7515, 0.5744, 2.905, 4.3724],
      [1.5602, 0.1439, 3.5674, 2.8404, 2.4178, 0.8541, 1.8641, 0, 3.5538, 1.4379, 2.3091, 4.1122, 5.9922, 6.1006, 1.1366, 0.8632, 1.8716, 4.687, 2.2907, 0.8534, 4.2776, 4.8287, 2.1381, 5.2805, 1.7138, 0.8576, 0.4347, 3.2925, 3.2706, 1.9998, 5.1255, 0.4232, 0.4239, 0, 23.7072, 1.8521, 8.1331, 0.7176]
    ],
    [
      [0.0176, 0.0165, 0.5318, 0.0066, 0.0084, 0.491, 0.3415, 0, 0.0153, 0.0098, 0.4231, 0.631, 1.875, 0.0153, 0.0026, 0.1522, 0.3181, 0.8454, 0.0113, 0.0911, 0.5819, 0.8992, 0.3733, 0.0164, 0.2753, 0.1449, 0.086, 2.4207, 2.7321, 1.736, 1.0166, 0.1656, 0.0454, 0.0465, 3.9022, 0.4751, 1.288, 0.1032],
      [0.4804, 0.0707, 4.1237, 1.3841, 3.6091, 0.0533, 0.247, 0.1357, 2.1503, 2.005, 1.7668, 1.4593, 5.1927, 0.3293, 1.6687, 0.5734, 1.3357, 2.7634, 2.0196, 0.338, 7.1115, 2.932, 1.2834, 4.0294, 1.7639, 0.5424, 0.3749, 0.4262, 0.247, 1.5542, 3.538, 0.3458, 1.723, 1.5436, 12.5435, 1.5546, 4.9525, 0.4117],
      [23.9653, 2.687, 81.8557, 69.3123, 73.3533, 23.071, 64.5421, 0.8425, 112.0999, 89.7679, 81.9668, 101.8811, 250.5674, 109.2968, 31.6601, 28.9767, 56.5393, 133.4453, 90.4525, 13.2564, 83.9913, 142.405, 64.9514, 175.2784, 76.5551, 20.3492, 16.3534, 111.8625, 64.9669, 61.2103, 163.2211, 17.1427, 7.9772, 7.3894, 639.9929, 77.9557, 216.3247, 18.9762],
      [6.6918, 1.0022, 31.7064, 23.507, 44.6393, 5.6517, 13.2293, 0, 36.7896, 37.905, 12.141, 32.2921, 72.1237, 31.2756, 12.1123, 4.2851, 14.5023, 50.456, 34.8331, 7.0845, 36.4846, 42.4027, 18.3604, 64.9944, 33.5767, 11.3744, 3.0117, 29.7371, 22.1501, 21.3304, 57.7646, 2.4996, 0.1136, 1.5932, 172.0708, 20.1307, 62.2816, 4.1113],
      [0.7178, 0.087, 6.3767, 4.3064, 14.5744, 0.6743, 1.8054, 0.0218, 3.4804, 13.0848, 2.2187, 10.9693, 30.8363, 7.8234, 5.7463, 0.7831, 1.6749, 9.5226, 8.4176, 0.4785, 8.015, 19.984, 1.9577, 30.9478, 10.4392, 1.3936, 0.4568, 3.3281, 11.3178, 6.8904, 16.8873, 0.4568, 0.7651, 0.4273, 79.3868, 10.9563, 18.4291, 0.5438],
      [1.127, 0.1366, 4.4057, 3.4836, 4.8156, 1.0587, 2.8347, 0, 5.4645, 2.2274, 3.4836, 5.7673, 12.4049, 5.2596, 1.8101, 1.2295, 2.6298, 6.9672, 4.2659, 0.7514, 4.8156, 7.377, 3.0738, 9.7336, 3.3898, 1.1954, 0.7172, 5.2254, 3.5861, 3.2787, 8.5724, 0.3894, 0.3757, 0, 32.1038, 3.9276, 10.724, 0.8538]
    ],
    [
      [0, 0.127, 1.7168, 0, 0, 0.8913, 1.2943, 0, 0, 0, 4.6177, 0.8828, 6.1886, 0, 0, 1.9587, 0, 2.6269, 0, 1.0113, 2.4475, 9.6485, 2.9526, 0, 0, 0.7588, 0, 7.7704, 2.3947, 14.9066, 0, 1.2011, 0.0678, 0.4312, 32.3181, 3.8597, 3.9251, 1.0999],
      [1.1005, 0.0455, 8.1513, 0.4188, 6.1715, 0.1, 0.4638, 0.0955, 0.7214, 3.5085, 6.8744, 0.4184, 14.2297, 0.6184, 1.877, 0.291, 5.9534, 5.1452, 4.7182, 1.1724, 7.1174, 7.0193, 1.355, 7.2765, 3.0605, 2.1756, 1.5548, 0.8003, 0.4638, 2.523, 10.7609, 0.8856, 0.118, 0.5307, 5.741, 2.477, 37.2503, 0.277],
      [1.502, 0.0332, 1.0216, 5.5813, 0.8305, 2.0817, 12.628, 1.744, 8.0181, 2.3398, 9.6052, 7.759, 20.535, 7.9114, 0.3654, 5.1681, 6.0963, 4.5638, 1.5008, 0.1661, 1.0631, 8.9418, 6.3369, 2.3799, 3.3844, 0.2658, 1.3264, 21.9277, 0.789, 0.7641, 9.129, 2.514, 0.2305, 0.1975, 56.5129, 9.1169, 28.729, 9.6953],
      [57.5547, 6.259, 183.8205, 113.3753, 141.0846, 25.7284, 26.0657, 0, 203.3089, 172.8903, 75.0138, 139.1553, 242.4558, 126.579, 57.0696, 60.3418, 48.2344, 267.6461, 182.3521, 54.7538, 213.891, 144.354, 77.9884, 309.5377, 144.8947, 54.6142, 33.5797, 103.9507, 84.5375, 75.4015, 253.5962, 33.7977, 0.7182, 2.2711, 533.8043, 26.0029, 212.9538, 9.4269],
      [241.7716, 25.3751, 876.3994, 455.3349, 651.667, 104.815, 129.9899, 12.1605, 595.4049, 514.2615, 525.7762, 549.2642, 906.591, 654.6555, 265.0114, 322.2089, 237.5361, 773.9169, 656.4289, 235.7234, 817.8465, 552.5231, 272.1759, 841.3821, 355.6603, 217.9035, 161.4593, 587.4624, 280.5584, 296.3865, 773.7735, 238.6017, 14.206, 14.5694, 2992.9606, 275.1984, 1102.5566, 164.2429],
      [2.0712, 0.1602, 2.8905, 3.2898, 0.2463, 0.3836, 0.5583, 0, 1.5467, 0, 1.1128, 3.5204, 0, 9.2356, 0.6765, 0.0315, 1.1799, 3.1011, 0, 1.173, 4.6345, 3.5134, 1.1911, 1.4238, 0, 0.2823, 0.0798, 1.0885, 4.2565, 1.0182, 2.7404, 0, 0.6594, 0, 21.6632, 0.3452, 7.5851, 0.258]
    ],
    [
      [5.744, 0.5312, 22.5441, 13.8176, 17.3649, 8.8314, 12.9487, 0, 31.4299, 20.652, 19.5555, 29.4172, 72.6128, 31.6088, 5.1003, 12.7827, 16.0035, 46.5163, 23.607, 4.0505, 25.5322, 51.1637, 19.091, 34.4757, 14.443, 7.1716, 2.789, 40.7377, 22.3113, 36.1555, 42.2666, 4.4157, 2.0917, 5.2554, 208.0755, 20.6846, 41.8342, 3.7185],
      [0.1692, 0.0085, 0.6497, 0.4418, 0.5306, 0.1668, 0.3517, 0, 0.9763, 0.6341, 0.5121, 0.7973, 1.9364, 0.3829, 1.1448, 0.3201, 0.5195, 1.2489, 0.729, 0.0973, 0.7264, 1.2136, 0.4771, 1.1768, 0.4296, 0.1959, 0.1009, 0.8483, 0.5136, 0.6329, 1.2341, 0.1022, 0.349, 0.1203, 5.0505, 0.4978, 1.2553, 0.09],
      [5.6489, 0.1951, 19.4376, 15.924, 16.45, 5.7106, 13.8723, 0, 29.9651, 20.451, 16.2149, 25.6413, 61.4438, 28.5347, 8.1543, 9.9581, 15.6541, 39.0043, 22.1135, 2.9862, 20.8916, 36.9827, 15.7158, 38.3966, 15.5163, 5.5166, 3.39, 27.2477, 15.8772, 17.5306, 41.7466, 3.1366, 2.4091, 2.4057, 161.7413, 17.4344, 43.7824, 1.0715],
      [2.4085, 0.0257, 10.0086, 7.2619, 8.7812, 1.0633, 2.6767, 0, 16.4229, 10.5914, 1.106, 10.4325, 19.3692, 9.4852, 6.3833, 3.7507, 4.106, 17.5542, 11.0978, 0.2315, 11.1608, 12.3244, 5.9034, 20.3683, 7.6935, 3.3906, 0.672, 8.4386, 6.5561, 4.8997, 16.5542, 0.2315, 0.0611, 1.044, 46.3971, 4.8357, 5.0509, 0.791],
      [0.9924, 0.0584, 3.5609, 4.7366, 7.5151, 1.0508, 1.9848, 0, 22.0661, 10.4445, 2.5101, 15.0216, 37.8218, 19.2514, 7.6022, 4.8976, 9.0981, 23.929, 13.1166, 0.5254, 3.9695, 21.4326, 4.8394, 15.2776, 2.5101, 1.5405, 0.467, 5.0786, 3.3502, 3.8528, 17.9913, 0.5254, 0.5232, 1.1746, 90.6364, 5.8985, 6.3629, 0.4086],
      [2.0371, 0.1811, 4.7991, 3.8181, 3.3582, 1.1772, 2.1658, 0, 5.1398, 2.227, 3.1014, 5.6899, 8.816, 8.737, 1.6151, 1.2908, 2.6188, 6.7473, 3.3361, 1.1091, 5.7196, 6.883, 2.9734, 7.305, 2.4075, 1.1848, 0.581, 4.649, 4.3916, 2.9286, 7.2072, 0.5886, 0.5659, 0, 33.0993, 2.6491, 10.7143, 0.9205]
    ],
    [
      [0.2091, 0.0182, 0.4364, 0.1909, 0.2637, 0.1546, 0.1, 0, 0.4273, 0.2364, 0.2818, 0.3455, 0.5728, 0.3364, 0.1, 0.1637, 0.2, 0.4273, 0.3, 0.0818, 0.4091, 0.3637, 0.2637, 0.5455, 0.2091, 0.1455, 0.0636, 0.4273, 0.2091, 0.1637, 0.4364, 0.1364, 0.0273, 0.2448, 1.882, 0.1182, 0.7455, 0.1546],
      [0.3266, 0.0792, 1.699, 0.6527, 0.9229, 0.1825, 0.8021, 0.0932, 0.9657, 1.0456, 1.8906, 0.7417, 2.7999, 1.0839, 0.3812, 0.5105, 1.4328, 1.2931, 1.284, 0.2708, 1.9153, 1.3821, 0.7826, 2.3459, 0.8255, 0.4468, 0.4254, 1.4022, 0.8099, 0.9158, 1.9796, 0.3371, 0.0643, 0.0649, 5.3404, 0.7099, 4.2463, 0.4007],
      [2.2476, 0.203, 5.1316, 2.7189, 3.3478, 1.7446, 2.0122, 0.1111, 5.4925, 3.3708, 3.8205, 4.5791, 8.7731, 4.6413, 1.3283, 2.058, 4.6795, 5.7525, 3.9849, 0.9327, 4.9331, 5.3118, 3.3478, 7.332, 2.9315, 1.6238, 0.826, 5.8296, 2.8063, 2.3662, 6.249, 3.5208, 0.3623, 0.8145, 26.2581, 2.1766, 9.8826, 6.6702],
      [1.2233, 0.151, 3.9537, 2.7297, 3.3202, 0.6469, 0.8102, 0, 4.6932, 4.0045, 1.9233, 3.404, 6.3673, 3.1298, 1.3444, 1.3046, 1.2916, 6.3233, 4.1291, 1.1523, 4.7614, 4.0344, 2.0873, 7.1749, 3.278, 1.3042, 0.6862, 2.7892, 2.3328, 2.0032, 5.9673, 0.8383, 0.0279, 0.0692, 14.5573, 0.879, 8.4113, 0.277],
      [15.2, 1.2084, 28.3806, 8.8955, 15.6241, 11.9702, 4.1074, 0.7957, 27.0747, 13.6288, 17.694, 20.1086, 31.2963, 15.7368, 5.3857, 11.61, 10.183, 22.97, 17.808, 4.678, 23.5592, 18.8031, 17.469, 30.7469, 11.7266, 10.2305, 3.9263, 28.6769, 10.2177, 8.3106, 22.3741, 8.6781, 1.6542, 2.8065, 108.7804, 5.3721, 40.9951, 7.4321],
      [3.7934, 0.3401, 8.3987, 5.8123, 5.5215, 2.3012, 3.1681, 0, 8.3466, 3.7138, 5.3898, 8.8212, 13.1907, 12.0717, 2.4604, 2.3534, 4.2131, 10.2338, 5.494, 1.8844, 9.4219, 10.105, 5.0497, 11.8548, 4.0293, 2.2491, 1.0725, 7.8748, 6.6242, 4.2406, 10.9936, 1.4893, 0.864, 0, 50.1818, 3.7441, 17.7192, 2.0653]
    ]
  ],
  "V_est": [
    [325.71, 5.0485, 39.0562, 1949.8451, 93.4731, 30.8671],
    [34.3579, 2387.4219, 473.4206, 93.4193, 101.4472, 116.9329],
    [22.112, 78.5841, 3406.443, 1076.2158, 346.1828, 169.4623],
    [105.0974, 153.4617, 262.7553, 4499.0094, 18693.7594, 81.9168],
    [977.3312, 26.6312, 828.1527, 299.1292, 372.0223, 162.7333],
    [11.3914, 42.8526, 160.1721, 113.3812, 646.1152, 257.0875]
  ],
  "p_est": [
    [0.1333, 0.0021, 0.016, 0.7978, 0.0382, 0.0126],
    [0.0107, 0.7444, 0.1476, 0.0291, 0.0316, 0.0365],
    [0.0043, 0.0154, 0.6681, 0.2111, 0.0679, 0.0332],
    [0.0044, 0.0064, 0.011, 0.1891, 0.7856, 0.0034],
    [0.3666, 0.01, 0.3106, 0.1122, 0.1395, 0.061],
    [0.0093, 0.0348, 0.1301, 0.0921, 0.5249, 0.2088]
  ],
  "EI_Z": {},
  "EI_V": 8.8931,
  "MAE_Z": {},
  "MAE_V": 189.9327,
  "MAE_p": 0.054,
  "runtime": 1.3759
}
