{
  "Z_true": {},
  "V_true": [
    [465, 37, 49, 2453, 35],
    [35, 924, 713, 293, 55],
    [87, 736, 6309, 423, 423],
    [1030, 380, 184, 21064, 348],
    [66, 139, 588, 630, 754]
  ],
  "p_true": [
    [0.153, 0.0122, 0.0161, 0.8072, 0.0115],
    [0.0173, 0.4574, 0.353, 0.145, 0.0272],
    [0.0109, 0.0923, 0.7908, 0.053, 0.053],
    [0.0448, 0.0165, 0.008, 0.9156, 0.0151],
    [0.0303, 0.0638, 0.2701, 0.2894, 0.3463]
  ],
  "Z_est": [
    [
      [20.6827, 13.3204, 1.2165, 2.8625, 4.4857, 0.6188, 9.1843, 14.4834, 6.8235, 13.1314, 19.1668, 16.699, 30.7204, 21.5453, 49.5367, 14.1407, 28.3771, 35.8199, 56.637, 3.0905, 36.6027, 3.3616, 4.3967, 25.131, 26.886, 0.7657, 1.3564, 24.3554, 12.499, 21.1549, 27.3381, 13.0785, 51.566, 23.8416, 0.7427, 67.3049, 7.125, 68.0899, 10.2944],
      [0.1778, 0.1444, 0.0118, 0.0206, 0.0293, 0.014, 0.0326, 0.087, 0.0199, 0.1276, 0.1762, 0.1538, 0.2288, 0.1164, 0.3763, 0.2189, 0.1619, 0.3087, 0.4254, 0.0218, 0.232, 0.0179, 0.0021, 0.2184, 0.1068, 0.0107, 0.0174, 0.1064, 0.0736, 0.0453, 0.1428, 0.0617, 0.365, 0.1367, 0.009, 0.5959, 0.0595, 0.5526, 0.1179],
      [0.0249, 0.0073, 0.0021, 0.0036, 0.0085, 0.0007, 0.0081, 0.0111, 0.0087, 0.0082, 0.0203, 0.0119, 0.0487, 0.0223, 0.0071, 0.0147, 0, 0.0839, 0.0121, 0, 0.0015, 0, 0.003, 0.0087, 0.004, 0, 0.0021, 0.0138, 0, 0.0079, 0.0094, 0, 0.0048, 0.0073, 0.0008, 0.0304, 0, 0.0486, 0.0045],
      [45.8365, 38.4231, 6.7553, 8.0839, 8.4123, 2.3457, 13.7012, 45.2123, 13.0806, 61.5276, 62.3003, 65.0462, 126.7295, 55.1994, 181.6774, 49.495, 59.2688, 93.0162, 134.3471, 8.8605, 87.8984, 9.5998, 6.5741, 90.3188, 62.857, 4.2095, 3.5908, 47.4121, 22.3618, 18.638, 77.3438, 49.7345, 143.6739, 66.7754, 4.2206, 272.3819, 27.7447, 124.8952, 37.4618],
      [0.278, 0.1047, 0.0143, 0.0294, 0.0642, 0.021, 0.0738, 0.2061, 0.0674, 0.2052, 0.3363, 0.0892, 0.2726, 0.1167, 0.4024, 0.1306, 0.1921, 0.7715, 0.5784, 0.0272, 0.2654, 0.0206, 0.024, 0.3232, 0.1462, 0.0141, 0.0333, 0.1122, 0.0656, 0.1538, 0.1658, 0.1254, 0.3903, 0.2389, 0.027, 0.687, 0.0708, 0.4137, 0.1215]
    ],
    [
      [0.7567, 0.4896, 0.0573, 0.1696, 0.27, 0.0276, 0.3477, 0.9005, 0.5407, 0.5515, 0.8278, 1.3505, 0.8337, 0.6348, 2.0939, 0.4868, 1.2619, 1.1564, 2.093, 0.0513, 1.1045, 0.1813, 0.6461, 1.2933, 0.6854, 0.0793, 0.026, 1.11, 0.5797, 0.5465, 1.1825, 0.5572, 2.0322, 1.4631, 0.0875, 2.3081, 0.4317, 3.5456, 1.0175],
      [35.428, 31.0703, 5.4635, 6.1946, 11.6919, 3.8534, 8.4472, 33.8907, 12.3752, 31.3325, 43.5614, 67.3255, 43.769, 23.9569, 86.6052, 44.4618, 38.717, 53.8366, 84.7331, 4.2837, 37.6282, 5.2141, 7.7562, 62.0526, 15.8529, 6.9752, 2.1358, 28.2617, 19.3971, 7.9385, 34.9697, 16.2835, 77.7748, 45.0369, 6.0204, 110.8951, 19.5629, 174.5506, 63.4433],
      [3.9118, 2.9287, 0.228, 0.7202, 3.9138, 0.6764, 2.0854, 7.9684, 3.8865, 8.5621, 8.6842, 6.8587, 1.931, 1.0692, 8.3136, 4.3186, 4.5518, 10.3402, 14.357, 0.1231, 3.8229, 0.5742, 2.5751, 11.1601, 1.1932, 1.1664, 0.5457, 2.0793, 1.8487, 3.3535, 5.8154, 1.8604, 7.0428, 5.2704, 0.8262, 18.0265, 2.4082, 15.5378, 10.7926],
      [6.3976, 5.3373, 1.2239, 1.8035, 1.9467, 0.3974, 1.9958, 10.6771, 3.9589, 10.1602, 10.2814, 20.1086, 13.149, 6.2041, 29.2408, 6.5245, 10.0933, 11.415, 18.8726, 0.5302, 10.0939, 1.9835, 3.8632, 17.7577, 6.1176, 1.7065, 0.2624, 8.3364, 4.039, 1.9795, 12.6989, 8.0676, 21.4791, 15.5522, 1.918, 35.7012, 6.4067, 25.3877, 14.2038],
      [0.5059, 0.1742, 0.0273, 0.112, 0.1776, 0.0452, 0.1239, 0.5633, 0.2387, 0.3937, 0.6452, 0.3568, 0.3172, 0.1349, 0.7465, 0.2083, 0.376, 1.2519, 0.9443, 0.0118, 0.3505, 0.047, 0.1594, 0.7363, 0.1509, 0.0726, 0.0301, 0.2126, 0.1354, 0.182, 0.3335, 0.2313, 0.6712, 0.6773, 0.1478, 1.069, 0.1905, 0.9784, 0.5428]
    ],
    [
      [1.0416, 1.1453, 0.2751, 0.3706, 0, 0, 1.4898, 0.9186, 2.8459, 0.178, 0.9464, 1.8775, 2.3762, 1.9454, 3.2378, 0.6366, 1.4057, 1.1486, 2.7337, 0.2352, 1.8995, 0.9718, 0.4094, 1.3574, 1.6201, 0.1097, 0, 2.472, 0.7194, 0, 0.9907, 0.9339, 2.8712, 1.5985, 0.1727, 2.7242, 1.2626, 5.4586, 0.6882],
      [8.7799, 12.2088, 4.5363, 1.7779, 3.2694, 6.5106, 8.2234, 5.991, 6.3219, 2.5037, 9.8491, 17.4922, 22.9218, 13.1819, 24.7985, 10.6889, 8.0417, 9.6464, 20.4886, 1.8193, 11.8034, 3.233, 1.0085, 12.6647, 6.805, 2.8715, 2.55, 11.9965, 4.4504, 0.5522, 5.244, 4.051, 19.9312, 8.8489, 6.1384, 25.9416, 8.7634, 55.6348, 8.2493],
      [126.0087, 151.3456, 30.156, 30.544, 285.6703, 193.0581, 308.9466, 186.1706, 470.1701, 90.498, 254.149, 227.7824, 130.6681, 77.8747, 302.5678, 136.4544, 123.2776, 236.7331, 440.2954, 11.2905, 155.2732, 50.1584, 56.3058, 291.3178, 68.6356, 66.2219, 180.4916, 115.5982, 58.0035, 37.4002, 113.7165, 61.9779, 229.9834, 133.7786, 110.749, 532.632, 140.7139, 632.8315, 180.7079],
      [0.3114, 0.2855, 0.1639, 0.0355, 0, 0, 0.525, 0.2548, 0.3092, 0.1849, 0.2637, 0.844, 1.0392, 0.4821, 1.2308, 0.295, 0.3252, 0.5317, 0.6587, 0.0026, 0.4418, 0.0876, 0.2723, 0.582, 0.3822, 0.1796, 0, 0.6009, 0.1706, 0.3198, 0.2678, 0.2992, 0.7541, 0.4253, 0.6857, 1.447, 0.4214, 2.3984, 0.2782],
      [14.8583, 8.0147, 2.8687, 4.272, 12.0603, 12.4312, 16.8153, 11.6649, 26.3528, 3.6355, 16.7919, 11.004, 18.9947, 8.516, 24.1652, 5.9251, 8.9498, 25.9402, 25.8236, 0.6524, 12.5821, 3.5493, 3.004, 17.0782, 7.557, 3.6173, 9.9584, 10.3323, 3.656, 1.7278, 5.781, 6.738, 19.4601, 15.3487, 17.2542, 28.2552, 9.8387, 35.6767, 8.0764]
    ],
    [
      [19.4209, 11.4544, 1.0732, 2.2267, 6.6027, 0, 8.4914, 13.2717, 6.77, 8.4403, 11.9762, 21.2669, 20.3746, 19.7657, 36.5147, 12.318, 27.6594, 31.6588, 47.6541, 1.4031, 30.2293, 3.444, 5.8408, 20.2593, 16.8721, 0.7943, 0.9622, 20.895, 13.5631, 10.4809, 23.4108, 9.5669, 50.4215, 25.1629, 3.2579, 56.9709, 8.3862, 74.439, 17.8601],
      [10.4284, 7.6008, 0.6194, 0.8527, 3.2307, 2.7649, 2.0547, 4.938, 1.3052, 6.569, 7.0893, 12.7252, 10.752, 6.9038, 17.8783, 12.0803, 10.2297, 16.9481, 22.4367, 0.698, 12.0289, 1.1939, 0.1388, 11.3384, 4.4276, 0.8958, 2.6883, 6.3723, 5.439, 2.3299, 7.5387, 2.9555, 22.1318, 8.8774, 4.2046, 34.4604, 4.6372, 40.0987, 13.3297],
      [1.3381, 0.3538, 0.1575, 0.1228, 0.8761, 0.0531, 0.3686, 0.6243, 0.4835, 0.4136, 0.6467, 1.4233, 1.9966, 1.2344, 0.3224, 0.8363, 0.008, 4.2741, 0.6137, 0, 0.0918, 0, 0.3063, 0.4341, 0.1228, 0, 0.1141, 0.6913, 0, 0.2428, 0.4567, 0, 0.2738, 0.4942, 2.2972, 1.8215, 0, 3.5133, 0.6191],
      [452.2025, 337.3478, 67.6056, 59.4542, 122.8326, 27.5342, 137.202, 431.0901, 137.6407, 534.0151, 415.6105, 901.9552, 971.4002, 541.7257, 1447.1586, 459.9631, 629.8419, 859.0762, 1188.4373, 37.6024, 766.7492, 105.6866, 104.5942, 786.7959, 430.9501, 57.7569, 32.4329, 473.9801, 277.8252, 153.8797, 682.1544, 395.8787, 1461.011, 726.4758, 305.3344, 2650.7151, 358.5585, 1526.3738, 704.6028],
      [5.61, 2.2433, 0.5443, 0.3435, 2.4579, 0.6479, 1.8833, 5.0759, 1.8005, 4.562, 5.6773, 1.6294, 5.4767, 3.3705, 8.126, 2.8023, 5.2611, 14.0428, 12.8582, 0.2965, 5.9008, 0.6754, 1.1199, 7.1724, 2.6275, 0.553, 0.8026, 3.0613, 2.1727, 3.0668, 3.4395, 2.5989, 10.1619, 5.9896, 1.9058, 16.0321, 2.4181, 12.5752, 5.5882]
    ],
    [
      [2.0981, 2.5903, 0.3779, 0.3705, 1.6416, 0.3537, 4.4868, 2.4257, 4.02, 0.6988, 2.0829, 3.8062, 3.6951, 4.1088, 6.6168, 1.4178, 2.2958, 2.2163, 5.8822, 0.22, 3.164, 1.0413, 0.7069, 2.959, 2.9364, 0.251, 0.6554, 4.1675, 1.6387, 0.8177, 3.078, 1.8635, 8.1091, 2.9338, 0.7392, 8.6919, 1.7945, 10.4669, 1.1398],
      [1.1858, 1.9757, 0.3689, 0.1543, 0.7787, 0.8571, 1.2422, 1.0932, 0.9777, 0.4672, 1.324, 2.3034, 2.3283, 1.8411, 3.3417, 1.55, 0.8497, 1.2603, 2.9162, 0.1773, 1.3076, 0.3411, 0.0943, 1.7259, 0.8078, 0.2468, 0.6085, 1.263, 0.6398, 0.1341, 1.1049, 0.6483, 3.7972, 1.1, 0.6276, 5.107, 0.9771, 6.1633, 0.8598],
      [10.7164, 15.3647, 1.4564, 1.6093, 23.5314, 11.2117, 26.5913, 21.2256, 28.4512, 10.5182, 21.4998, 18.9237, 8.3556, 6.7995, 25.7892, 12.3759, 8.1626, 19.5688, 39.7218, 0.5863, 10.8106, 3.2675, 2.8098, 25.0793, 5.0443, 3.6118, 13.8465, 7.6174, 5.1478, 4.9956, 15.002, 6.1617, 27.6953, 10.4494, 7.1268, 66.4896, 9.8779, 44.0688, 11.8759],
      [7.252, 11.6063, 3.2514, 1.6229, 4.8083, 2.7228, 10.5759, 11.7656, 12.0106, 5.1122, 10.5441, 23.046, 23.6821, 16.3886, 37.6924, 7.7224, 7.4708, 8.9609, 21.6843, 1.0043, 11.8167, 4.6425, 1.6964, 16.5457, 10.693, 2.1475, 2.7139, 12.6705, 4.6035, 1.183, 13.5349, 11.02, 35.0819, 12.7713, 6.8413, 54.7548, 10.8687, 29.9449, 6.4533],
      [30.7478, 19.4631, 3.5454, 6.243, 22.24, 15.8547, 33.1037, 31.4898, 36.5405, 10.2036, 33.5493, 21.9206, 28.9389, 17.862, 48.56, 12.9338, 14.2211, 51.9937, 54.7954, 1.0121, 20.9012, 5.7076, 3.6926, 34.69, 13.5185, 4.743, 16.1756, 16.2816, 7.9703, 5.8696, 18.2802, 16.3064, 55.3165, 28.7454, 27.6651, 82.9567, 16.4818, 58.356, 12.6712]
    ]
  ],
  "V_est": [
    [788.4332, 5.7249, 0.4508, 2237.0113, 7.3798],
    [33.7786, 1412.747, 191.3281, 367.8729, 14.2734],
    [51.068, 399.7892, 7030.158, 17.757, 479.2278],
    [701.16, 343.1919, 27.6257, 21761.4512, 172.5711],
    [108.5601, 54.5471, 593.4374, 478.9075, 941.5478]
  ],
  "p_est": [
    [0.2594, 0.0019, 0.0001, 0.7361, 0.0024],
    [0.0167, 0.6994, 0.0947, 0.1821, 0.0071],
    [0.0064, 0.0501, 0.8812, 0.0022, 0.0601],
    [0.0305, 0.0149, 0.0012, 0.9459, 0.0075],
    [0.0499, 0.0251, 0.2726, 0.22, 0.4325]
  ],
  "EI_Z": {},
  "EI_V": 6.796,
  "MAE_Z": {},
  "MAE_V": 207.7948,
  "MAE_p": 0.0497,
  "runtime": 0.021
}
