{
  "X": [
    [44, 56, 142, 512, 52],
    [29, 53, 170, 393, 30],
    [3, 11, 32, 79, 7],
    [6, 9, 33, 71, 11],
    [13, 19, 314, 138, 37],
    [1, 14, 205, 33, 29],
    [24, 20, 338, 164, 52],
    [32, 46, 216, 499, 49],
    [21, 21, 503, 167, 65],
    [23, 41, 110, 611, 19],
    [35, 62, 285, 499, 57],
    [45, 100, 255, 1011, 35],
    [58, 80, 143, 1136, 54],
    [48, 46, 87, 620, 30],
    [98, 133, 337, 1697, 82],
    [29, 69, 154, 524, 22],
    [61, 58, 136, 707, 29],
    [72, 82, 271, 973, 94],
    [115, 131, 495, 1364, 95],
    [5, 7, 12, 48, 2],
    [73, 63, 170, 877, 40],
    [9, 10, 54, 122, 10],
    [12, 9, 62, 117, 8],
    [51, 88, 328, 912, 60],
    [49, 28, 75, 511, 24],
    [2, 11, 71, 66, 9],
    [3, 8, 195, 39, 27],
    [53, 48, 126, 543, 30],
    [29, 30, 65, 309, 14],
    [33, 11, 46, 176, 11],
    [56, 49, 135, 786, 28],
    [26, 24, 70, 465, 26],
    [115, 124, 265, 1662, 86],
    [55, 64, 150, 822, 51],
    [5, 17, 121, 319, 47],
    [138, 177, 619, 3015, 129],
    [19, 34, 153, 404, 29],
    [162, 277, 696, 1709, 108],
    [31, 86, 204, 763, 27]
  ],
  "W": [
    [67, 47, 151, 489, 52],
    [52, 40, 173, 359, 51],
    [8, 7, 38, 70, 9],
    [11, 9, 37, 63, 10],
    [13, 18, 301, 136, 53],
    [3, 5, 212, 31, 31],
    [23, 13, 336, 150, 76],
    [60, 54, 205, 455, 68],
    [20, 21, 506, 148, 82],
    [75, 51, 97, 554, 27],
    [82, 64, 282, 441, 69],
    [82, 96, 259, 939, 70],
    [158, 60, 176, 1010, 67],
    [77, 32, 102, 573, 47],
    [232, 127, 356, 1510, 122],
    [64, 56, 154, 488, 36],
    [88, 55, 142, 673, 33],
    [130, 78, 274, 926, 84],
    [192, 121, 490, 1272, 125],
    [12, 5, 14, 40, 3],
    [125, 53, 182, 815, 48],
    [13, 8, 58, 111, 15],
    [11, 15, 61, 112, 9],
    [116, 93, 323, 826, 81],
    [90, 24, 85, 455, 33],
    [5, 10, 73, 60, 11],
    [5, 3, 193, 37, 34],
    [72, 40, 141, 505, 42],
    [35, 26, 67, 299, 20],
    [40, 14, 40, 170, 13],
    [105, 55, 126, 717, 51],
    [63, 27, 74, 411, 36],
    [196, 109, 273, 1544, 130],
    [91, 68, 160, 767, 56],
    [5, 9, 135, 317, 43],
    [341, 168, 591, 2760, 218],
    [35, 29, 161, 374, 40],
    [194, 220, 732, 1657, 149],
    [48, 90, 198, 742, 33]
  ],
  "method": "mvn_pdf",
  "cond_prob": [
    [
      [0.30869735823, 0.0026544052548, 0.0003720936152, 0.68412680592, 0.0041493369779],
      [0.016100412567, 0.7537872732, 0.083229640335, 0.13611821438, 0.010764459521],
      [0.0068981668229, 0.058145161454, 0.83449498618, 0.0020623426511, 0.098399342892],
      [0.039715499342, 0.021326069109, 0.0027364918624, 0.92474952705, 0.011472412642],
      [0.040347216141, 0.022803573722, 0.20608440766, 0.13946183581, 0.59130296667]
    ],
    [
      [0.256161831, 0.0027774158818, 0.00014018439313, 0.73890637345, 0.0020141952794],
      [0.012238767655, 0.77675726039, 0.073217132485, 0.13343180937, 0.0043550301045],
      [0.0066204237533, 0.070571281351, 0.87482986353, 0.0016505267998, 0.046327904563],
      [0.031906404219, 0.021172134069, 0.00098541693098, 0.9396873999, 0.0062486448841],
      [0.05079022859, 0.038738355968, 0.30126851064, 0.22757408836, 0.38162881644]
    ],
    [
      [0.15205741216, 0.0014812107063, 0.00026141307815, 0.84441537068, 0.0017845933691],
      [0.0081831362305, 0.78049895118, 0.032576181466, 0.17483702379, 0.0039047073274],
      [0.0072403871531, 0.11937702068, 0.79357981471, 0.0043119700368, 0.075490807417],
      [0.015331701877, 0.0088487734038, 0.0022496329872, 0.96579361955, 0.0077762721857],
      [0.041989433982, 0.040990748001, 0.1618186841, 0.3612677376, 0.39393339632]
    ],
    [
      [0.26022926273, 0.0018683785689, 0.00033160388034, 0.73489548041, 0.0026752744091],
      [0.018848253513, 0.68828683557, 0.080024449134, 0.20039280264, 0.012447659142],
      [0.010016232197, 0.048051021414, 0.82551411801, 0.00095881962966, 0.11545980875],
      [0.035344593772, 0.01353463051, 0.0019496051013, 0.94371803908, 0.0054531315363],
      [0.037053382938, 0.015429680115, 0.16092848272, 0.16229017034, 0.62429828389]
    ],
    [
      [0.34505652666, 0.0022520956121, 0.00065114887546, 0.64710295019, 0.0049372786566],
      [0.014998049418, 0.64955075754, 0.2174325684, 0.10815133039, 0.0098672942505],
      [0, 0.010861893698, 0.94907075883, 0, 0.040067347471],
      [0.048549127819, 0.023755011323, 0.0064416796765, 0.90318124325, 0.01807293793],
      [0.030973941141, 0.014692407136, 0.44398833942, 0.09072242676, 0.41962288554]
    ],
    [
      [0.20625473088, 0.004660297094, 0.00021774151326, 0.78188351888, 0.0069837116301],
      [0.0055120429821, 0.7706864173, 0.13528104842, 0.079475500085, 0.0090449912148],
      [0, 0.030710545686, 0.91065162354, 0, 0.058637830776],
      [0, 0.089188958591, 0.0017128403624, 0.88819960269, 0.020898598357],
      [0.011408890079, 0.027648181309, 0.3616677191, 0.087831750309, 0.51144345921]
    ],
    [
      [0.39931720464, 0.0014178918241, 0.00035167845405, 0.59570489826, 0.003208326817],
      [0.026744775164, 0.64978161365, 0.16041619762, 0.15352690849, 0.0095305050841],
      [0.0044338532061, 0.024474306484, 0.91948378797, 0.0015626105533, 0.050045441783],
      [0.056609451252, 0.013697819341, 0.0024575577646, 0.91467978086, 0.01255539078],
      [0.059037234882, 0.016344574092, 0.34988571582, 0.1391570165, 0.4355754587]
    ],
    [
      [0.2413907598, 0.0014505065962, 0.0001844711639, 0.75353894987, 0.0034353125692],
      [0.016676218289, 0.62760605564, 0.14756300903, 0.19772393031, 0.010430786725],
      [0.0044809592221, 0.029224455199, 0.90814946944, 0.0012431207893, 0.056901995346],
      [0.029168586466, 0.010852714492, 0.0013719931848, 0.94745084123, 0.011155864631],
      [0.035672575617, 0.016077120439, 0.31214163394, 0.17302350369, 0.46308516632]
    ],
    [
      [0.34117319998, 0.00099278137911, 0.00043431027434, 0.65402940701, 0.0033703013522],
      [0.025746909038, 0.58929673706, 0.18507003677, 0.18851919068, 0.011367126447],
      [0.0056243400847, 0.012493951375, 0.92918997127, 0.00061106875468, 0.052080668514],
      [0.045743089432, 0.008819221919, 0.0032671424949, 0.93000489081, 0.012165655341],
      [0.049023873071, 0.011923520176, 0.34696561548, 0.14647053933, 0.44561645194]
    ],
    [
      [0.17508567886, 0.0017015011717, 0.00010883281327, 0.82036808981, 0.002735897345],
      [0.010813992473, 0.61436334071, 0.16788367207, 0.19921981694, 0.0077191778077],
      [0.0018350484445, 0.025811143158, 0.93296891689, 0.001905740532, 0.037479150971],
      [0.015235177434, 0.011857318527, 0.0007466272408, 0.96392618188, 0.0082346949221],
      [0.025880461905, 0.017304506869, 0.38956125308, 0.18934151889, 0.37791225926]
    ],
    [
      [0.23374098845, 0.0021492380342, 0.00024808088822, 0.75976016794, 0.0041015246935],
      [0.012933910133, 0.68064701684, 0.13569051519, 0.16064735291, 0.010081204929],
      [0.0033561129809, 0.034925789926, 0.90123749086, 0.0009349625835, 0.05954564365],
      [0.027156855902, 0.016075455325, 0.0014665236036, 0.94242742756, 0.012873737609],
      [0.03018654182, 0.019188476031, 0.31159065309, 0.1528127629, 0.48622156616]
    ],
    [
      [0.2036459371, 0.0018750993971, 0.00014537509144, 0.79324590747, 0.0010876809434],
      [0.014067464195, 0.70130677584, 0.071444384377, 0.2094646837, 0.0037166918832],
      [0.0072488612647, 0.067537493157, 0.87946862947, 0.003258646484, 0.042486369627],
      [0.022648415208, 0.01355184167, 0.0015157897404, 0.96054869263, 0.0017352607564],
      [0.054374852105, 0.032905733039, 0.27033881063, 0.32922877339, 0.31315183083]
    ],
    [
      [0.19443271438, 0.0014483746127, 0.00030823570846, 0.8020855694, 0.0017251058945],
      [0.013895030001, 0.72948391647, 0.03218349475, 0.21915081576, 0.0052867430178],
      [0.013501085485, 0.13023761601, 0.74243243677, 0.0059044061767, 0.10792445556],
      [0.020172877352, 0.010645545692, 0.0019767823217, 0.96178236033, 0.0054224343027],
      [0.055151226227, 0.034750750095, 0.12471089637, 0.35346375621, 0.4319233711]
    ],
    [
      [0.2798087697, 0.0015113320737, 0.00028929327409, 0.71687560832, 0.0015149966295],
      [0.019838172204, 0.74865424523, 0.033413468071, 0.19387959729, 0.0042145172099],
      [0.019072098376, 0.12923402487, 0.76347726124, 0.0047267705613, 0.083489844951],
      [0.034495149725, 0.012048451296, 0.0021542106876, 0.94541998735, 0.0058822009445],
      [0.087421880753, 0.03917145645, 0.14466915041, 0.3486946319, 0.38004288048]
    ],
    [
      [0.21352044592, 0.0016219168023, 3.0780782305e-05, 0.78309244522, 0.0017344112755],
      [0.016487673286, 0.68193109562, 0.065461103035, 0.23024229124, 0.0058778368182],
      [0.0090950752389, 0.069658596857, 0.84990941365, 0.0034572471706, 0.067879667081],
      [0.02418191182, 0.011839949111, 0.00021348991885, 0.95838319434, 0.0053814548106],
      [0.054235970537, 0.027390840319, 0.21138670275, 0.3089539203, 0.39803256609]
    ],
    [
      [0.22094878195, 0.0034209467764, 0.00023011252421, 0.77335935969, 0.0020407990641],
      [0.0086934214205, 0.7939607711, 0.077117558557, 0.11650896886, 0.0037192800617],
      [0.0041335900087, 0.069408649236, 0.88606775765, 0.0019154771977, 0.03847452591],
      [0.02524187369, 0.024754690229, 0.001713740122, 0.94254736877, 0.0057423271909],
      [0.039384420386, 0.043056539171, 0.3437763795, 0.21451109102, 0.35927156992]
    ],
    [
      [0.32246758805, 0.0018401695545, 1.8553236812e-07, 0.67350933754, 0.0021827193249],
      [0.022944276959, 0.70394539293, 0.082760073116, 0.1835147587, 0.006835498293],
      [0.0098993795637, 0.056631593865, 0.86815205941, 0.0022902449006, 0.06302672226],
      [0.04109864004, 0.015200099899, 1.1919809888e-05, 0.93587202913, 0.0078173111238],
      [0.069570314359, 0.02574893658, 0.2473504601, 0.22638715726, 0.4309431317]
    ],
    [
      [0.27553751864, 0.0023742591571, 0.00064500606146, 0.71550886745, 0.0059343486945],
      [0.014825552829, 0.69021220513, 0.1325660812, 0.14634640993, 0.016049750912],
      [0.0041920071623, 0.035205871819, 0.86398942352, 0.0019405462868, 0.094672151215],
      [0.03418877302, 0.018302457926, 0.0046156257287, 0.92772811954, 0.015165023785],
      [0.026384710438, 0.015003683235, 0.23296218345, 0.10667712954, 0.61897229334]
    ],
    [
      [0.2949843152, 0.0022156992644, 6.2960828587e-05, 0.69972468727, 0.0030123374404],
      [0.017297358398, 0.70027363088, 0.11865309741, 0.15597160696, 0.007804306344],
      [0.0055788867927, 0.041813451153, 0.89856204573, 0.0013443113257, 0.052701304997],
      [0.037463945643, 0.017638907571, 0.00048244059958, 0.9343060403, 0.010108665882],
      [0.047057901836, 0.023329559278, 0.31777455906, 0.17347439828, 0.43836358154]
    ],
    [
      [0.25754210745, 0.0018156115032, 0, 0.73837403527, 0.0022682457676],
      [0.010253033098, 0.85673435096, 0.024626348578, 0.10603463265, 0.0023516347178],
      [0.016798231435, 0.12994954089, 0.80646646394, 0.00018400015163, 0.046601763582],
      [0.035076830567, 0.017449180418, 0, 0.94006064798, 0.0074133410378],
      [0.073327027425, 0.059093372635, 0.19544592066, 0.33477883076, 0.33735484852]
    ],
    [
      [0.29282192944, 0.0018556452967, 1.1708808625e-05, 0.70318756541, 0.0021231510539],
      [0.020839825919, 0.70996602644, 0.072129535455, 0.19045102902, 0.0066135831693],
      [0.010436744671, 0.064853834417, 0.85314955481, 0.0024274871862, 0.06913237892],
      [0.037091142807, 0.014759353352, 0.00011266639421, 0.9407965576, 0.0072402798419],
      [0.065916231849, 0.027241126894, 0.22522143612, 0.24618026397, 0.43544094116]
    ],
    [
      [0.25858792045, 0.0013802186922, 0, 0.73844916284, 0.0015826980272],
      [0.022656252496, 0.65175672219, 0.071771252222, 0.24793600604, 0.005879767054],
      [0.016755324857, 0.055740582281, 0.86479942496, 0.0015096462808, 0.061195021622],
      [0.031027294915, 0.010756077207, 0, 0.95213165207, 0.0060849758116],
      [0.069417895796, 0.022741669147, 0.21783088897, 0.30949999808, 0.380509548]
    ],
    [
      [0.39970386857, 0.00019500470813, 0.00027464569291, 0.59764126301, 0.0021852180234],
      [0.043075721169, 0.51707748891, 0.17167556723, 0.2575441543, 0.010627068385],
      [0.0067120436528, 0.016533368577, 0.92304511392, 0.0044632199107, 0.049246253941],
      [0.052149792332, 0.0012396263876, 0.0027351722313, 0.93387635276, 0.0099990562915],
      [0.078545580468, 0.010479886217, 0.31219490555, 0.18848620766, 0.4102934201]
    ],
    [
      [0.21664655037, 0.0018824622696, 7.488490753e-05, 0.77860996805, 0.0027861344116],
      [0.013906158073, 0.66723216523, 0.12000150752, 0.19094313035, 0.0079170388252],
      [0.0042025778017, 0.039209499273, 0.9019126205, 0.0018017472373, 0.052873555188],
      [0.024526949502, 0.013726913406, 0.00052549469919, 0.95253738686, 0.0086832555358],
      [0.036531290599, 0.021307953984, 0.30962145812, 0.20426773681, 0.42827156048]
    ],
    [
      [0.2987331172, 0.0011863854234, 4.4681082728e-05, 0.69841165412, 0.0016241621739],
      [0.028559730736, 0.66053570334, 0.049718454708, 0.25490041695, 0.0062856942672],
      [0.019060038047, 0.08005925107, 0.80747802684, 0.0044967457451, 0.0889059383],
      [0.037081476397, 0.0097309382238, 0.00026981108548, 0.94714309473, 0.0057746795636],
      [0.088982149087, 0.024477430272, 0.15285877165, 0.3240305949, 0.40965105409]
    ],
    [
      [0.15313735462, 0.0021364481001, 0, 0.84190633352, 0.0028198637667],
      [0.0079330891008, 0.697521351, 0.11663645954, 0.17064753202, 0.0072615683516],
      [0.0015021656432, 0.039336024683, 0.90714881397, 0.0024606739712, 0.049552321735],
      [0.013238535219, 0.014929811597, 0, 0.96261505016, 0.0092166030204],
      [0.02281928462, 0.02243506835, 0.32834290772, 0.19522370932, 0.43117902998]
    ],
    [
      [0.27128390487, 0.0034783207067, 0.00042046686197, 0.71816028511, 0.0066570224552],
      [0.008658132656, 0.71193913832, 0.18190922362, 0.087456222876, 0.010037282527],
      [0, 0.013212377666, 0.93518947938, 0, 0.051598142952],
      [0.026004254594, 0.072656083877, 0.0030826172067, 0.87656534163, 0.021691702695],
      [0.019277901698, 0.017897852604, 0.40725128345, 0.079820948988, 0.47575201326]
    ],
    [
      [0.33826912479, 0.0014782018427, 0.0001920379189, 0.65850192846, 0.0015587069848],
      [0.027749962761, 0.70654279835, 0.051982248581, 0.20841047437, 0.005314515939],
      [0.017532227588, 0.085081858428, 0.81984551724, 0.004261717628, 0.073278679116],
      [0.041376334545, 0.012618368417, 0.0013688560564, 0.93857438206, 0.0060620589196],
      [0.099226939753, 0.03007236773, 0.18136650208, 0.30167802497, 0.38765616547]
    ],
    [
      [0.35711343746, 0.0021039008671, 0, 0.63890870312, 0.0018739585575],
      [0.022297692685, 0.7460430394, 0.071105683822, 0.15534466281, 0.0052089212834],
      [0.010737959406, 0.06642425056, 0.86572368473, 0.0025464428343, 0.054567662468],
      [0.045361667014, 0.01819068373, 0, 0.92918117603, 0.0072664732234],
      [0.081935398089, 0.031990261124, 0.25738826718, 0.23017254271, 0.3985135309]
    ],
    [
      [0.52887305199, 0.0011337020164, 0.0001966332839, 0.4659507441, 0.0038458686098],
      [0.039033465685, 0.56703704532, 0.23953559728, 0.14139534211, 0.012998549607],
      [0, 0.013805031727, 0.93500593973, 0.0079939233431, 0.043195105199],
      [0.061652448785, 0.013705033558, 0.0014282150196, 0.90517441908, 0.01803988356],
      [0.062899469809, 0.010313562388, 0.38427708955, 0.091002097641, 0.45150778061]
    ],
    [
      [0.2603631933, 0.0013595426895, 8.9967889687e-05, 0.73660797316, 0.0015793229561],
      [0.021499715123, 0.63581199885, 0.10573408418, 0.23088984491, 0.0060643569379],
      [0.0078623305531, 0.041619309944, 0.90251206606, 0.0021256875667, 0.045880605875],
      [0.032650989805, 0.010514203412, 0.00063690367524, 0.95140089235, 0.0047970107583],
      [0.060352294737, 0.021664140819, 0.294156833, 0.26539107647, 0.35843565498]
    ],
    [
      [0.2075947731, 0.00097857768178, 0, 0.78943649401, 0.0019901552075],
      [0.020636782838, 0.60309261635, 0.068902871469, 0.2988007724, 0.0085669569471],
      [0.012620402144, 0.054743638638, 0.83753948695, 0.0040427928236, 0.091053679445],
      [0.023277173063, 0.0071909957645, 0, 0.96320847868, 0.0063233524896],
      [0.051764118624, 0.018008901284, 0.17115834545, 0.30611190597, 0.45295672867]
    ],
    [
      [0.263091747, 0.0018623784579, 2.4350565811e-05, 0.73303026332, 0.0019912606493],
      [0.018643787918, 0.71353038318, 0.064612474685, 0.19705593617, 0.0061574180516],
      [0.010517144243, 0.073008029508, 0.84243007484, 0.0027623210065, 0.071282430399],
      [0.032656435304, 0.014334057949, 0.00017730201162, 0.9462506346, 0.0065815701337],
      [0.062377909357, 0.029209111746, 0.21304079085, 0.26986059913, 0.42551158892]
    ],
    [
      [0.26199567341, 0.0015025059688, 8.0201870315e-05, 0.7337959227, 0.0026256960499],
      [0.021516337547, 0.66230735939, 0.07750637597, 0.22870899908, 0.009960928012],
      [0.009990717159, 0.055305781278, 0.83611627797, 0.0026578990695, 0.095929324528],
      [0.03280695841, 0.011574205114, 0.0006443892215, 0.9471653442, 0.0078091030574],
      [0.052389837868, 0.019643414131, 0.18659673315, 0.2280585044, 0.51331151045]
    ],
    [
      [0.14853721347, 0.0017970445686, 0.00015292897292, 0.84411701141, 0.0053958015743],
      [0.009723439647, 0.66893217214, 0.091805203647, 0.21311269653, 0.016426488042],
      [0.0012793959212, 0.045469306459, 0.82036283962, 0.0050792295625, 0.12780922844],
      [0.010277277049, 0.013263788677, 0.0072467327116, 0.9632001204, 0.0060120811584],
      [0.017190411669, 0.014596461518, 0.16573932336, 0.15909922129, 0.64337458216]
    ],
    [
      [0.19737498138, 0.0017473835899, 8.9046243868e-05, 0.79877381601, 0.0020147727769],
      [0.013738906178, 0.66009006923, 0.10730073107, 0.21250715427, 0.0063631392556],
      [0.0046094313105, 0.043894389297, 0.90123860573, 0.0024484268225, 0.047809146841],
      [0.020641642978, 0.012485653553, 0.00065994878484, 0.96040403552, 0.0058087191666],
      [0.039871039396, 0.023426709558, 0.30499833844, 0.25116866304, 0.38053524957]
    ],
    [
      [0.20357206574, 0.0016990366081, 0, 0.79270515006, 0.0020237475883],
      [0.014885452491, 0.67458116347, 0.083041531991, 0.22092223595, 0.0065696161047],
      [0.0078422598794, 0.054430959218, 0.87399936219, 0.0026176498777, 0.061109768834],
      [0.022423040967, 0.012398895324, 0, 0.95871245039, 0.0064656133177],
      [0.044861960367, 0.02442771732, 0.24694745649, 0.27171692072, 0.41204594511]
    ],
    [
      [0.35097909104, 0.0028485747779, 0.00025043774553, 0.64378962822, 0.0021322682166],
      [0.01611618892, 0.79341160231, 0.07062624239, 0.11539852512, 0.0044474412663],
      [0.0074571068903, 0.076003787831, 0.86452392591, 0.0032765058806, 0.048738673491],
      [0.044923936756, 0.024199589285, 0.0021202824368, 0.921167069, 0.0075891225181],
      [0.070247847827, 0.041364643272, 0.29576389255, 0.20097248964, 0.39165112671]
    ],
    [
      [0.21446693239, 0.0024552515895, 9.3322613854e-05, 0.78045370506, 0.0025307883484],
      [0.011305160383, 0.70492607375, 0.11991726043, 0.15782033816, 0.0060311672859],
      [0.0034758558612, 0.041662932343, 0.9126662372, 0.0014052703174, 0.040789704276],
      [0.024070240217, 0.017964602042, 0.00083441525388, 0.94959946885, 0.0075312736376],
      [0.034538942697, 0.0260547263, 0.35987624217, 0.19555582769, 0.38397426114]
    ]
  ],
  "expected_outcome": [
    [
      [20.6827230017, 13.3204152118, 1.2164592973, 2.8625218901, 4.4857348466, 0.61876419265, 9.1842957067, 14.4834455881, 6.8234639996, 13.1314259148, 19.1667610525, 16.6989668424, 30.7203688722, 21.545275267, 49.536743454, 14.1407220447, 28.3771477483, 35.8198774233, 56.6369885176, 3.0905052895, 36.6027411795, 3.3616429658, 4.3967425542, 25.1309998423, 26.885980548, 0.76568677308, 1.3564195243, 24.3553769849, 12.4989703111, 21.1549220795, 27.3381352965, 13.0784707053, 51.5659824127, 23.8416062806, 0.74268606736, 67.3048686511, 7.125022301, 68.0899436626, 10.2944127548],
      [0.17784515207, 0.14442562585, 0.01184968565, 0.020552164258, 0.029277242958, 0.013980891282, 0.032611511954, 0.08703039577, 0.019855627582, 0.12761258788, 0.17623751881, 0.15375815057, 0.2288431888, 0.11637256967, 0.37628469814, 0.21894059369, 0.1619349208, 0.30865369043, 0.42541425877, 0.021787338038, 0.23195566208, 0.017942842999, 0.0021450517895, 0.21836562328, 0.1067746881, 0.0106822405, 0.017391603534, 0.10643053267, 0.073636530348, 0.045348080655, 0.14275198239, 0.061650393952, 0.36502617775, 0.13672804316, 0.0089852228432, 0.59585780417, 0.059466281283, 0.55262350691, 0.1178520763],
      [0.024930272219, 0.007289588443, 0.0020913046252, 0.0036476426837, 0.008464935381, 0.00065322453978, 0.0080886044431, 0.011068269834, 0.0086862054868, 0.0081624609954, 0.020342632834, 0.011920757498, 0.048701241937, 0.022275582105, 0.0071411414947, 0.014727201549, 1.6326848395e-05, 0.08385078799, 0.012088479089, 0, 0.0014636010781, 0, 0.003021102622, 0.0086866492735, 0.0040212974455, 0, 0.0021023343098, 0.013826730161, 0, 0.0078653313561, 0.0094466284171, 0, 0.0047727108989, 0.0072983701986, 0.00076464486458, 0.030364769159, 0, 0.048584922633, 0.004479485465],
      [45.8364959965, 38.4231314194, 6.7553229655, 8.0838502845, 8.4123383525, 2.3456505566, 13.7012126601, 45.2123369922, 13.0805881403, 61.5276067355, 62.300333771, 65.0461644122, 126.7295199657, 55.1994218408, 181.6774472904, 49.4949990199, 59.2688217035, 93.016152768, 134.347139956, 8.8604884233, 87.8984456756, 9.5998391169, 6.5740538931, 90.3187562934, 62.8570488708, 4.2095316676, 3.5908014255, 47.4121388493, 22.361804609, 18.6380297641, 77.3438371823, 49.7344991227, 143.6739316114, 66.7754289655, 4.2205850571, 272.3818712587, 27.7446802521, 124.8951878738, 37.4617778427],
      [0.27800557752, 0.10473815453, 0.014276746952, 0.0294280185, 0.064184622536, 0.02095113489, 0.07379151679, 0.20611875415, 0.067406027043, 0.20519230088, 0.33632502487, 0.089189837358, 0.27256673133, 0.11665474048, 0.40238341592, 0.1306111401, 0.19207930059, 0.77146533029, 0.57836878856, 0.027218949211, 0.26539388174, 0.020575074353, 0.024037398257, 0.32319159174, 0.14617459565, 0.014099318834, 0.033285112276, 0.11222690291, 0.065588549511, 0.15383474439, 0.16582891039, 0.12537977807, 0.39028708726, 0.23893834054, 0.026979007872, 0.68703751694, 0.070831165592, 0.41366003403, 0.12147784072]
    ],
    [
      [0.75671939067, 0.48955070621, 0.057281953614, 0.16963428162, 0.26996488952, 0.02756021491, 0.34768207713, 0.90051578763, 0.54068508981, 0.55151361614, 0.82777024851, 1.3504765628, 0.83370180006, 0.63482151052, 2.0939345073, 0.48683159955, 1.2619352328, 1.1563931207, 2.0929803662, 0.051265165491, 1.1045107737, 0.18125001997, 0.64613581754, 1.2932727008, 0.68543353767, 0.079330891008, 0.025974397968, 1.1099985104, 0.57974000981, 0.54646851958, 1.1824843317, 0.55719313663, 2.032172883, 1.4631109532, 0.087510956823, 2.308136238, 0.43167812224, 3.5455615625, 1.0174644345],
      [35.4280018403, 31.0702904155, 5.4634926583, 6.1945815201, 11.6919136357, 3.8534320865, 8.4471609775, 33.8907270048, 12.3752314783, 31.3325303762, 43.5614090777, 67.3254504806, 43.769034988, 23.9569358473, 86.6052491442, 44.4618031818, 38.716996611, 53.8365520002, 84.7331093367, 4.2836717548, 37.6281994012, 5.2140537775, 7.7561623336, 62.052591366, 15.8528568801, 6.97521351, 2.135817415, 28.261711934, 19.3971190245, 7.9385186344, 34.9696599367, 16.2835006414, 77.7748117665, 45.0369004385, 6.0203895492, 110.8951316306, 19.5628537406, 174.5505525072, 63.4433466371],
      [3.9117930958, 2.9286852994, 0.22803327026, 0.7202200422, 3.9137862312, 0.6764052421, 2.085410569, 7.9684024875, 3.8864707722, 8.5620672756, 8.6841929721, 6.8586609002, 1.931009685, 1.0692309783, 8.3135600854, 4.3185832792, 4.5518040214, 10.3401543337, 14.3570247868, 0.12313174289, 3.8228653791, 0.57417001778, 2.5751335085, 11.1601401998, 1.193242913, 1.1663645954, 0.54572767085, 2.0792899433, 1.8487477794, 3.3534983619, 5.81537463, 1.8603775297, 7.0427597407, 5.270433566, 0.82624683282, 18.0265228192, 2.4082044277, 15.5377733258, 10.7925534385],
      [6.3975560758, 5.3372723747, 1.2238591666, 1.8035352238, 1.946723947, 0.39737750042, 1.9958498103, 10.677092237, 3.9589030043, 10.1602106639, 10.2814305862, 20.1086096357, 13.1490489459, 6.2041471132, 29.2407709873, 6.524502256, 10.0933117288, 11.4150199743, 18.8725644427, 0.53017316323, 10.093904538, 1.9834880483, 3.8631623146, 17.7577111227, 6.1176100068, 1.7064753202, 0.26236866863, 8.3364189748, 4.038961233, 1.9795347896, 12.6989414699, 8.0676208547, 21.4790970421, 15.5522119375, 1.9180142687, 35.7012019173, 6.4067448424, 25.3876755259, 14.2038304342],
      [0.50592959747, 0.17420120418, 0.027332951292, 0.11202893228, 0.17761129651, 0.045224956074, 0.12389656609, 0.56326248314, 0.23870965538, 0.39367806819, 0.64519711546, 0.35680242078, 0.31720458107, 0.13486455072, 0.74648527591, 0.20827968345, 0.37595240612, 1.2518805711, 0.94432106763, 0.011758173589, 0.35051990797, 0.047038136432, 0.15940602578, 0.73628461075, 0.15085666241, 0.072615683516, 0.030111847581, 0.21258063756, 0.13543195337, 0.1819796945, 0.33353963158, 0.23130783757, 0.67115856762, 0.67734310482, 0.14783839238, 1.0690073949, 0.19051886704, 0.97843707858, 0.54280505573]
    ],
    [
      [1.0416231903, 1.1453333093, 0.27513471182, 0.37060059128, 0, 0, 1.4897746773, 0.91859664052, 2.8459160829, 0.17799969911, 0.94642386063, 1.8774550676, 2.3761910453, 1.9453540344, 3.2378467851, 0.63657286133, 1.405711898, 1.1486099625, 2.7336545284, 0.23517524009, 1.8994875301, 0.97180884169, 0.40943466282, 1.3574326299, 1.620103234, 0.10965809196, 0, 2.4720440899, 0.7194432802, 0, 0.99065364969, 0.93390975867, 2.8711803783, 1.5985147454, 0.17271844937, 2.7241739045, 1.2626038406, 5.4586022437, 0.68821946052],
      [8.7799193796, 12.2088316736, 4.5363267858, 1.7778877923, 3.2694300032, 6.5106356853, 8.2233669785, 5.9910133159, 6.3219393956, 2.5036808863, 9.849072759, 17.4922107278, 22.9218204183, 13.1818705371, 24.7984604812, 10.6889319824, 8.0416863289, 9.6464088784, 20.4885910648, 1.8192935725, 11.803397864, 3.2329537723, 1.0085354832, 12.664668265, 6.805036341, 2.8715298018, 2.5499888895, 11.9965420383, 4.4504247875, 0.55220126908, 5.244033053, 4.0510292592, 19.9311920557, 8.8489250045, 6.138356372, 25.9415840745, 8.763384434, 55.6347726926, 8.2492606038],
      [126.0087429132, 151.3455663912, 30.1560329591, 30.5440223665, 285.6702984082, 193.0581441901, 308.9465527593, 186.1706412358, 470.1701254633, 90.4979849388, 254.1489724225, 227.7823750319, 130.6681088714, 77.8746806463, 302.5677512603, 136.4544346777, 123.2775924363, 236.7331020436, 440.2954024088, 11.2905304951, 155.2732189747, 50.1583666477, 56.305751949, 291.3177764215, 68.6356322813, 66.2218634197, 180.4915695207, 115.5982179309, 58.0034868771, 37.4002375892, 113.7165203236, 61.9779220343, 229.9834104322, 133.7786044745, 110.7489833482, 532.6320159859, 140.7138973128, 632.8315137639, 180.7079149661],
      [0.31141374032, 0.28554113637, 0.1638548614, 0.035476326297, 0, 0, 0.52503714591, 0.25483976181, 0.30920078987, 0.1848568316, 0.26365944855, 0.84398943936, 1.0391754871, 0.48213059725, 1.2307799927, 0.29498348845, 0.32521477588, 0.53170968259, 0.6587125496, 0.0025760021229, 0.44180266789, 0.087559484286, 0.27225641455, 0.58196435764, 0.38222338833, 0.1796291999, 0, 0.60090218555, 0.1706116699, 0.31975693372, 0.2678366334, 0.29916666895, 0.75411363477, 0.42526385112, 0.68569599093, 1.4470202521, 0.4214416303, 2.3984023046, 0.27824352285],
      [14.8583007767, 8.0147274894, 2.8686506819, 4.2720129236, 12.0602715886, 12.4312201246, 16.815268439, 11.664909046, 26.3528182683, 3.6354776442, 16.7918715093, 11.0039697334, 18.994704178, 8.515964185, 24.1651614807, 5.9250769901, 8.9497945609, 25.940169433, 25.8236394485, 0.65242469014, 12.5820929634, 3.5493112541, 3.0040214904, 17.0781583259, 7.5570047555, 3.6173194866, 9.9584415897, 10.3322937553, 3.6560333854, 1.727804208, 5.7809563403, 6.7379722789, 19.460103499, 15.3486919244, 17.2542458395, 28.255205783, 9.8386727823, 35.6767089952, 8.0763614467]
    ],
    [
      [19.420879178, 11.4543991146, 1.0732191314, 2.2267094077, 6.6026813834, 0, 8.4914176878, 13.2717068418, 6.7699772359, 8.4402882985, 11.9761734528, 21.2668618799, 20.3746061252, 19.7657207927, 36.5146868482, 12.3180343605, 27.6593847471, 31.6588038168, 47.6541388583, 1.4030732227, 30.2292813879, 3.4440297356, 5.8407767412, 20.2592602884, 16.8720717604, 0.79431211313, 0.96215741998, 20.8950489451, 13.5631384371, 10.4809162934, 23.4107596905, 9.5669181289, 50.4215361095, 25.1629371001, 3.2578968247, 56.9709346181, 8.3862173215, 74.438963205, 17.8601182412],
      [10.4284477945, 7.6007961307, 0.61941413826, 0.85268172215, 3.2306815399, 2.7648577163, 2.0546729011, 4.9379850937, 1.305244844, 6.5689544641, 7.0892757983, 12.7251793284, 10.7520011486, 6.9037625927, 17.8783231575, 12.0802888319, 10.2296672322, 16.9480760392, 22.43669043, 0.69796721674, 12.0288729819, 1.19392457, 0.13883815542, 11.338430473, 4.4275768918, 0.89578869584, 2.6882751034, 6.3722760504, 5.4390144352, 2.3298557048, 7.5386838461, 2.9554992592, 22.131785473, 8.8774153224, 4.2046210106, 34.4604038071, 4.6371868513, 40.0987194457, 13.3297347149],
      [1.3381445207, 0.35376467822, 0.1574743091, 0.12282512138, 0.876068436, 0.053098051233, 0.36863366469, 0.62425689906, 0.48353708924, 0.4136314914, 0.64673690919, 1.4233265662, 1.9965501449, 1.234362724, 0.32236977746, 0.83630517954, 0.0080220320546, 4.2740694248, 0.61366444267, 0, 0.091823111278, 0, 0.3063392899, 0.43405862153, 0.12276404389, 0, 0.11405683665, 0.69127230849, 0, 0.24279655333, 0.45665993514, 0, 0.27375430594, 0.49424653289, 2.2972142696, 1.8214586462, 0, 3.5133079977, 0.61913611838],
      [452.202518725, 337.3477765631, 67.6055533682, 59.454236462, 122.8326490822, 27.5341876834, 137.2019671293, 431.0901327582, 137.6407238404, 534.0151047591, 415.6104955541, 901.9552223752, 971.4001839355, 541.7256527494, 1447.1586234529, 459.9631159589, 629.8418756024, 859.0762386939, 1188.4372832666, 37.6024259191, 766.7491944478, 105.6866133793, 104.5941515088, 786.7958815445, 430.9501081024, 57.7569030098, 32.4329176402, 473.9800629416, 277.8251716339, 153.8796512432, 682.1544398146, 395.8786847386, 1461.0109798251, 726.4758189995, 305.3344381679, 2650.7151380287, 358.5584564464, 1526.3738333391, 704.6028058865],
      [5.6100097817, 2.2432635134, 0.544339053, 0.34354728678, 2.4579195585, 0.64785654908, 1.8833086171, 5.0759184072, 1.8005169904, 4.5620209868, 5.6773182856, 1.6294098503, 5.4766586457, 3.3705011412, 8.125996764, 2.8022556691, 5.2610503863, 14.0428120253, 12.8582230024, 0.29653364151, 5.9008280711, 0.67543231509, 1.1198943046, 7.1723690725, 2.6274792014, 0.55299618123, 0.80259299972, 3.0613397544, 2.1726754938, 3.0667802052, 3.4394567137, 2.5988978732, 10.1619442864, 5.989582045, 1.9058297272, 16.0320648999, 2.4181393808, 12.5751760125, 5.5882050391]
    ],
    [
      [2.0980552393, 2.5903016581, 0.37790490584, 0.37053382938, 1.6416188805, 0.35367559244, 4.4868298511, 2.425735142, 4.0199575918, 0.69877247142, 2.0828713856, 3.8062396474, 3.6951321572, 4.1088283954, 6.6167884055, 1.4178391339, 2.2958203738, 2.2163156768, 5.8822377295, 0.21998108227, 3.1639791288, 1.0412684369, 0.70691022421, 2.9590345386, 2.9364109199, 0.25101213082, 0.65544865772, 4.1675314696, 1.6387079618, 0.81769310752, 3.0779670316, 1.8635082705, 8.1091282164, 2.9338309206, 0.73918770178, 8.6918865883, 1.7944784147, 10.4669293262, 1.139785109],
      [1.1857858335, 1.9756561544, 0.36891673201, 0.15429680115, 0.7786975782, 0.85709362057, 1.242187631, 1.0932441899, 0.97772865444, 0.46722168546, 1.3240048461, 2.3034013127, 2.3283002563, 1.8410584532, 3.3416825189, 1.5500354101, 0.84971490713, 1.2603093918, 2.9161949098, 0.1772801179, 1.3075740909, 0.3411250372, 0.094318975956, 1.7259442727, 0.80775519896, 0.24678575185, 0.60852698853, 1.2630394447, 0.63980522247, 0.13407631105, 1.1048711817, 0.64832044623, 3.797184527, 1.1000311913, 0.62764784529, 5.1070226836, 0.97710869282, 6.1633318475, 0.85980596788],
      [10.7163891982, 15.3646940427, 1.4563681569, 1.6092848272, 23.5313819892, 11.211699292, 26.5913144025, 21.2256311078, 28.4511804697, 10.5181538333, 21.4997550634, 18.9237167442, 8.3556300568, 6.7994500694, 25.7891777353, 12.375949662, 8.1625651834, 19.5688234099, 39.7218198827, 0.58633776199, 10.8106289339, 3.2674633346, 2.80975415, 25.0793381079, 5.0443394644, 3.6117719849, 13.8465436375, 7.6173930872, 5.1477653436, 4.9956021642, 15.0019984828, 6.1617004361, 27.6953028103, 10.4494170565, 7.1267909046, 66.4896377796, 9.8778982595, 44.0688199899, 11.8759159915],
      [7.2520154623, 11.6062785064, 3.2514096384, 1.6229017034, 4.8082886183, 2.7227842596, 10.5759332544, 11.7655982509, 12.0105842251, 5.1122210099, 10.5440806402, 23.0460141376, 23.6820716658, 16.3886476994, 37.6923782767, 7.7223992768, 7.4707761895, 8.9608788811, 21.6842997851, 1.0043364923, 11.8166526707, 4.6424999712, 1.6963758689, 16.5456866817, 10.6930096317, 2.1474608026, 2.7139122656, 12.6704770487, 4.6034508542, 1.1830272693, 13.5349448998, 11.020028615, 35.0818778866, 12.7712762464, 6.8412665154, 54.7547685432, 10.8686768287, 29.9449009566, 6.4533423138],
      [30.7477542666, 19.4630696385, 3.5454005669, 6.2429828389, 22.2400129339, 15.8547472354, 33.103734861, 31.4897913095, 36.5405490588, 10.2036309999, 33.5492880648, 21.9206281581, 28.9388658639, 17.8620153826, 48.5599730635, 12.9337765172, 14.2211233461, 51.9936726404, 54.7954476929, 1.0120645455, 20.9011651758, 5.7076432201, 3.6926407809, 34.6899963991, 13.518484785, 4.7429693298, 16.1755684507, 16.2815589498, 7.970270618, 5.8696011479, 18.2802184041, 16.3064422322, 55.3165065596, 28.7454445852, 27.665107033, 82.9566844052, 16.4818378043, 58.3560178797, 12.6711506178]
    ]
  ],
  "prob": [
    [0.2594383735, 0.0018838045929, 0.00014835315494, 0.73610110977, 0.0024283589877],
    [0.01672210194, 0.69937968591, 0.094716858292, 0.18211531294, 0.0070660409141],
    [0.0064010983927, 0.050111455842, 0.88119302659, 0.0022257511717, 0.060068667999],
    [0.030477268397, 0.014917494172, 0.0012008054435, 0.9459032956, 0.0075011363876],
    [0.04986685223, 0.02505608024, 0.27259412256, 0.21998508674, 0.43249785823]
  ],
  "iterations": 150,
  "time": 0.020193,
  "message": "Converged",
  "status": 0,
  "miniter": 0,
  "maxiter": 1000,
  "maxtime": 3600,
  "param_threshold": 0.001,
  "ll_threshold": "-Inf",
  "initial_prob": "group_proportional",
  "adjust_prob_cond_method": "project_lp",
  "adjust_prob_cond_every": false,
  "candidates_id": ["SIMMONS, Christopher William.c", "LECKINGER, Richard John.c", "BARTLEY, Josephine Ruth.c", "PEACHEY, Allan Frederick.c", "Other candidates votes.c"],
  "group_id": ["ACT New Zealand.p", "Green Party.p", "Labour Party.p", "National Party.p", "Other parties votes.p"]
}
