{
  "X": [
    [39, 66, 123, 11],
    [84, 155, 439, 53],
    [41, 33, 101, 6],
    [22, 32, 68, 17],
    [8, 121, 29, 6],
    [78, 68, 183, 13],
    [90, 102, 158, 19],
    [52, 69, 146, 11],
    [31, 50, 68, 11],
    [53, 90, 165, 25],
    [70, 128, 226, 26],
    [132, 252, 423, 76],
    [10, 38, 25, 5],
    [91, 152, 232, 26],
    [25, 49, 69, 7],
    [79, 128, 255, 40],
    [65, 86, 159, 26],
    [6, 6, 12, 3],
    [61, 139, 343, 27],
    [21, 131, 91, 24],
    [17, 115, 38, 13],
    [118, 235, 392, 35],
    [45, 103, 128, 13],
    [60, 66, 84, 15],
    [25, 25, 56, 10],
    [162, 583, 418, 41],
    [4, 44, 14, 6],
    [191, 444, 560, 55],
    [59, 118, 204, 32],
    [82, 270, 321, 30],
    [184, 188, 545, 68],
    [142, 125, 449, 40],
    [107, 98, 314, 14],
    [50, 234, 127, 45],
    [88, 129, 400, 51],
    [25, 17, 97, 6],
    [99, 73, 246, 28],
    [100, 106, 237, 35],
    [46, 146, 175, 11],
    [111, 323, 255, 25],
    [72, 193, 200, 11],
    [70, 132, 253, 26],
    [3, 10, 7, 2],
    [10, 13, 19, 0],
    [9, 14, 22, 5],
    [48, 85, 113, 10],
    [77, 285, 190, 33],
    [114, 93, 139, 31],
    [55, 98, 160, 15],
    [122, 364, 504, 29],
    [58, 51, 102, 8],
    [2, 1, 0, 1],
    [1605, 2532, 4421, 467],
    [251, 378, 550, 108],
    [454, 653, 887, 162],
    [255, 159, 373, 32]
  ],
  "W": [
    [31, 102, 72, 22, 12],
    [78, 357, 162, 86, 48],
    [45, 67, 44, 10, 15],
    [23, 63, 35, 7, 11],
    [11, 21, 117, 7, 8],
    [125, 102, 76, 14, 25],
    [101, 103, 110, 19, 36],
    [72, 98, 77, 16, 15],
    [36, 51, 58, 5, 10],
    [57, 134, 91, 22, 29],
    [115, 116, 161, 24, 34],
    [211, 268, 293, 47, 64],
    [17, 16, 38, 1, 6],
    [121, 147, 171, 23, 39],
    [37, 43, 55, 5, 10],
    [130, 116, 201, 16, 39],
    [101, 90, 106, 12, 27],
    [10, 6, 6, 2, 3],
    [62, 264, 144, 73, 27],
    [26, 66, 117, 36, 22],
    [21, 20, 105, 11, 26],
    [93, 331, 251, 69, 36],
    [43, 99, 108, 23, 16],
    [65, 53, 76, 16, 15],
    [36, 31, 26, 20, 3],
    [212, 266, 628, 49, 49],
    [6, 10, 40, 10, 2],
    [194, 436, 459, 92, 69],
    [76, 160, 119, 34, 24],
    [80, 250, 245, 83, 45],
    [280, 345, 206, 75, 79],
    [200, 313, 137, 60, 46],
    [171, 206, 115, 12, 29],
    [45, 103, 233, 43, 32],
    [118, 296, 146, 57, 51],
    [36, 76, 17, 9, 7],
    [138, 160, 74, 40, 34],
    [97, 178, 122, 48, 33],
    [57, 128, 145, 24, 24],
    [129, 193, 322, 37, 33],
    [91, 121, 221, 22, 21],
    [88, 183, 131, 50, 29],
    [1, 10, 6, 0, 5],
    [6, 17, 15, 3, 1],
    [9, 19, 18, 1, 3],
    [73, 67, 88, 14, 14],
    [65, 140, 285, 62, 33],
    [138, 74, 102, 34, 29],
    [52, 120, 102, 30, 24],
    [168, 355, 377, 72, 47],
    [67, 60, 59, 20, 13],
    [1, 0, 1, 1, 1],
    [2458, 2706, 2710, 573, 578],
    [333, 366, 424, 62, 102],
    [498, 639, 732, 123, 164],
    [369, 211, 175, 15, 49]
  ],
  "method": "mvn_cdf",
  "mvncdf_method": "genz",
  "mvncdf_samples": 5000,
  "mvncdf_error": 0.001,
  "cond_prob": [
    [
      [0.54789221142, 0.0017120803845, 0.43858056332, 0.011815144873],
      [0.11873465038, 0.024094261831, 0.83440531655, 0.022765771234],
      [0.061108652599, 0.78420607238, 0.1214611892, 0.033224085818],
      [0.11157384802, 0.26251706097, 0.51924619389, 0.10666289712],
      [0.25416328863, 0.10425818739, 0.34383653003, 0.29774199395]
    ],
    [
      [0.43188778502, 0.0016710881265, 0.54718600905, 0.019255117797],
      [0.080156303109, 0.020767986428, 0.86895815773, 0.030117552733],
      [0.046371583491, 0.76091027924, 0.14204764916, 0.050670488112],
      [0.074555873561, 0.23180031881, 0.54142799349, 0.15221581414],
      [0.16193647722, 0.088608152434, 0.34431046626, 0.40514490408]
    ],
    [
      [0.52662064272, 0.0040879546273, 0.46409831941, 0.0051930832413],
      [0.11030738329, 0.016680239561, 0.86332637451, 0.0096860026366],
      [0.096562448484, 0.66313531333, 0.2112111489, 0.029091089289],
      [0.12632771053, 0.15599700749, 0.64508831952, 0.072586962462],
      [0.29329677055, 0.064036141979, 0.43523565253, 0.20743143494]
    ],
    [
      [0.50984677528, 0.0059633325144, 0.44546383749, 0.038726054719],
      [0.11092025986, 0.03950913282, 0.79577954876, 0.053791058558],
      [0.045611641376, 0.77135009328, 0.09621152374, 0.086826741609],
      [0.070688929316, 0.23740380504, 0.35489518587, 0.33701207978],
      [0.10857434944, 0.064971644059, 0.16077732127, 0.66567668523]
    ],
    [
      [0.4456540816, 0.010559606782, 0.52440820391, 0.019378107708],
      [0.076022167961, 0.088092247749, 0.80720944429, 0.028676139999],
      [0.0014204098417, 0.96503473287, 0.01767243521, 0.015872422081],
      [0.044111615371, 0.55522370333, 0.30765288413, 0.093011797165],
      [0.12829628952, 0.27978468174, 0.25735828979, 0.33456073895]
    ],
    [
      [0.4649119484, 0.0023814366303, 0.52304971885, 0.0096568961234],
      [0.091207789025, 0.022212163714, 0.87060277212, 0.015977275142],
      [0.052306776488, 0.78007924889, 0.13981609977, 0.027797874847],
      [0.088295406482, 0.24917627872, 0.57206612313, 0.090462191677],
      [0.21485445062, 0.10648755618, 0.40729412327, 0.27136386993]
    ],
    [
      [0.57572858434, 0.0028023758453, 0.41000457127, 0.011464468549],
      [0.13170326442, 0.029502874989, 0.8172244803, 0.021569380289],
      [0.057598376667, 0.80734044044, 0.10608322305, 0.028977959844],
      [0.11825207263, 0.29546935568, 0.48241122516, 0.10386734653],
      [0.26953794259, 0.11824438083, 0.32167913936, 0.29053853722]
    ],
    [
      [0.47506021318, 0.0017426900078, 0.51124658604, 0.011950510773],
      [0.094402918759, 0.023187120529, 0.86314544457, 0.019264516142],
      [0.050994636418, 0.78934893092, 0.12946401054, 0.030192422119],
      [0.088906992212, 0.26104370774, 0.55192462599, 0.098124674059],
      [0.21300531554, 0.1097081002, 0.38683129397, 0.29045529029]
    ],
    [
      [0.54259176947, 0.0009003893052, 0.43443464161, 0.022073199611],
      [0.1175269639, 0.026616761807, 0.81675295952, 0.039103314773],
      [0.051976004414, 0.79733605761, 0.099249169908, 0.051438768067],
      [0.097247848119, 0.27732645754, 0.45407228756, 0.17135340678],
      [0.19719736434, 0.097800750376, 0.26791386741, 0.43708801788]
    ],
    [
      [0.5003083889, 0.0023515875592, 0.47662737985, 0.020712643694],
      [0.10241536385, 0.032605472447, 0.82964917537, 0.035329988332],
      [0.041168607184, 0.82531603172, 0.092280995639, 0.041234365455],
      [0.08219880055, 0.31398675377, 0.45075284832, 0.15306159737],
      [0.17944986933, 0.12018478385, 0.2877626408, 0.41260270601]
    ],
    [
      [0.4006790102, 0.0033334308791, 0.58020819931, 0.015779359613],
      [0.071582481771, 0.018653714657, 0.88737625173, 0.022387551842],
      [0.050356972235, 0.73207172471, 0.17191002492, 0.045661278133],
      [0.073030523761, 0.19997811162, 0.60924009054, 0.11775127408],
      [0.16935708358, 0.082053005652, 0.4129745792, 0.33561533157]
    ],
    [
      [0.42130093609, 0.004065162501, 0.54950707342, 0.025126827992],
      [0.07683080313, 0.027363954977, 0.85681478298, 0.038990458917],
      [0.038546634777, 0.77434479515, 0.12613078247, 0.060977787609],
      [0.064809498398, 0.24407920223, 0.48161090029, 0.20950039908],
      [0.1277287005, 0.085218176494, 0.27868147022, 0.50837165278]
    ],
    [
      [0.44471913382, 0.0097373926645, 0.51772428433, 0.027819189187],
      [0.076643428432, 0.066815817802, 0.81741106859, 0.039129685174],
      [0.010981375353, 0.92150225541, 0.033911409144, 0.033604960091],
      [0.049407279353, 0.48302191339, 0.34109123264, 0.12647957461],
      [0.1244633879, 0.2108839368, 0.24839754813, 0.41625512716]
    ],
    [
      [0.48383196275, 0.0017961941831, 0.50027020416, 0.014101638913],
      [0.097008290216, 0.026098667334, 0.8539452389, 0.022947803552],
      [0.047891716338, 0.80127971171, 0.11750005873, 0.033328513216],
      [0.087580758565, 0.27988536236, 0.51989305733, 0.11264082174],
      [0.20493007449, 0.11512724022, 0.3560847389, 0.32385794639]
    ],
    [
      [0.45412725732, 0.00086204672434, 0.52949392558, 0.015516770372],
      [0.086351279684, 0.026151871485, 0.86422982618, 0.023267022653],
      [0.040433400523, 0.81990423726, 0.10782626977, 0.031836092444],
      [0.076886768938, 0.29749321601, 0.52199699913, 0.10362301593],
      [0.18759155792, 0.1261374668, 0.37064123948, 0.31562973581]
    ],
    [
      [0.38309845864, 0.014092070371, 0.58574777034, 0.017061700645],
      [0.067267517849, 0.020733350105, 0.88668632115, 0.025312810894],
      [0.071127538, 0.59796138464, 0.24966472276, 0.081246354602],
      [0.073248913094, 0.11362292409, 0.653189882, 0.15993828082],
      [0.1519371938, 0.044993772851, 0.39393664657, 0.40913238678]
    ],
    [
      [0.45727364238, 0.0021657516377, 0.51915106858, 0.021409537397],
      [0.088509174335, 0.020931428117, 0.85607383356, 0.034485563992],
      [0.052002511136, 0.74697605226, 0.14050954055, 0.060511896062],
      [0.080021085591, 0.21812181554, 0.52239139972, 0.17946569915],
      [0.16211174894, 0.077796564016, 0.30949588736, 0.45059579968]
    ],
    [
      [0.46757648954, 0, 0.4853414406, 0.047082069863],
      [0.095839175985, 0.012018251381, 0.84254939354, 0.049593179093],
      [0.031113277105, 0.84507186168, 0.068727946232, 0.055086914979],
      [0.070703773103, 0.28962959222, 0.45710969233, 0.18255694234],
      [0.14037094663, 0.092733379053, 0.25490072357, 0.51199495075]
    ],
    [
      [0.41097331772, 0.0020156875823, 0.57390805082, 0.013102943879],
      [0.073548393517, 0.022257768859, 0.88426420858, 0.019929629042],
      [0.042718128224, 0.7787666248, 0.14485544761, 0.033659799362],
      [0.071834425667, 0.24679707668, 0.57638371399, 0.10498478366],
      [0.17435388426, 0.10519984528, 0.40876867428, 0.31167759618]
    ],
    [
      [0.42737499746, 0.0073684920429, 0.53412290462, 0.031133605878],
      [0.071322949678, 0.066154920849, 0.81544222987, 0.047079899606],
      [0.0093782461922, 0.90546284459, 0.049090399555, 0.036068509659],
      [0.0451812266, 0.45399481285, 0.34241689823, 0.15840706232],
      [0.11168892842, 0.18905583413, 0.23741055566, 0.46184468179]
    ],
    [
      [0.4783343324, 0.011441002742, 0.49013959913, 0.020085065737],
      [0.087809331734, 0.086022959866, 0.79546752494, 0.030700183455],
      [0.009154403961, 0.950322528, 0.020021712056, 0.020501355981],
      [0.05003931831, 0.55200413519, 0.30155774984, 0.096398796654],
      [0.14181336414, 0.27628341607, 0.24531934251, 0.33658387728]
    ],
    [
      [0.53846314011, 0.0021340819835, 0.44710787511, 0.012294902803],
      [0.11606272641, 0.028165870025, 0.83350408739, 0.022267316179],
      [0.054370766799, 0.80259664606, 0.11192001815, 0.031112568988],
      [0.10444981656, 0.28757619827, 0.49825800957, 0.1097159756],
      [0.24033515888, 0.11622532099, 0.33492742981, 0.30851209032]
    ],
    [
      [0.53206903308, 0.0022484383543, 0.45299123031, 0.01269129826],
      [0.11369084742, 0.032614904348, 0.831011409, 0.022682839228],
      [0.046221722587, 0.83270946636, 0.093766926213, 0.027301884841],
      [0.096020371714, 0.3281475309, 0.47212117307, 0.10371092432],
      [0.22907644339, 0.13715162768, 0.32910203711, 0.30466989182]
    ],
    [
      [0.62125131824, 0.0030440412529, 0.35718300913, 0.018521631378],
      [0.15459768515, 0.026884719759, 0.78384169037, 0.034675904715],
      [0.068537735467, 0.77469832179, 0.10708929027, 0.049674652475],
      [0.13545992112, 0.25935396205, 0.44998226273, 0.15520385411],
      [0.26991735785, 0.090034088174, 0.26006617019, 0.37998238378]
    ],
    [
      [0.50420107445, 0.0013525837573, 0.46952269044, 0.024923651352],
      [0.10352942842, 0.021842568763, 0.83095314994, 0.043674852872],
      [0.054407624784, 0.75405487831, 0.12152688908, 0.070010607826],
      [0.087389117021, 0.22271478034, 0.47106556265, 0.21883053999],
      [0.15898948464, 0.071488303361, 0.25220837563, 0.51731383638]
    ],
    [
      [0.48447485658, 0.0044686861215, 0.49818428071, 0.012872176586],
      [0.095901198659, 0.042591133037, 0.84026107848, 0.021246589823],
      [0.032814743467, 0.86598737659, 0.080674340381, 0.020523539563],
      [0.075984220104, 0.37893389763, 0.44716500188, 0.097916880385],
      [0.19287195673, 0.16970538108, 0.33267172982, 0.30475093237]
    ],
    [
      [0.44708831603, 0.010741387043, 0.4972607245, 0.044909572424],
      [0.07327387611, 0.085777910839, 0.77366665625, 0.067281556803],
      [0.0012626842256, 0.94085559438, 0.0090772074692, 0.048804513929],
      [0.036485128812, 0.50674388986, 0.2586269937, 0.19814398764],
      [0.084686342777, 0.18805494787, 0.1652054274, 0.56205328195]
    ],
    [
      [0.51910575078, 0.0028908287934, 0.46509901695, 0.012904403484],
      [0.10923052465, 0.036130548042, 0.83246390129, 0.022175026017],
      [0.042237677499, 0.84116957053, 0.091088591013, 0.025504160958],
      [0.090138167902, 0.34280158991, 0.4618447871, 0.10521545508],
      [0.21723435048, 0.14567653801, 0.32633545016, 0.31075366135]
    ],
    [
      [0.46130791714, 0.0034228579101, 0.50913456714, 0.026134657807],
      [0.088569931398, 0.03599238658, 0.83454935636, 0.040888325666],
      [0.033993144675, 0.82789439853, 0.090614034347, 0.047498422453],
      [0.06815082336, 0.31456039865, 0.43159021877, 0.18569855921],
      [0.14196237763, 0.11527474864, 0.26336409811, 0.47939877562]
    ],
    [
      [0.47339190378, 0.0041815183357, 0.51018071756, 0.012245860322],
      [0.091699823255, 0.047168738314, 0.84281858218, 0.018312856251],
      [0.028737624801, 0.87899835353, 0.075371153495, 0.016892868171],
      [0.07008282266, 0.40896398616, 0.4327287141, 0.088224477086],
      [0.18546887837, 0.19054858863, 0.33552180386, 0.28846072915]
    ],
    [
      [0.44619256974, 0.001481433345, 0.53361663452, 0.018709362398],
      [0.085051047631, 0.020884467473, 0.86492122416, 0.029143260738],
      [0.049584899606, 0.75807935091, 0.14252324085, 0.049812508641],
      [0.079201061615, 0.23021835359, 0.54165150409, 0.14892908071],
      [0.17175822912, 0.087966260495, 0.34437809595, 0.39589741444]
    ],
    [
      [0.45962779841, 0.0010428704791, 0.52409587496, 0.015233456149],
      [0.089720237491, 0.018345107296, 0.86759807857, 0.024336576647],
      [0.056662873945, 0.74475202844, 0.15491821412, 0.043666883499],
      [0.087257405956, 0.21775087458, 0.56969190974, 0.12529980972],
      [0.19551625858, 0.085941890209, 0.3742894891, 0.34425236211]
    ],
    [
      [0.44396199612, 0.0028486588436, 0.54702754448, 0.0061618005627],
      [0.08536501338, 0.020676311781, 0.88339457508, 0.010564099763],
      [0.054403650826, 0.76158957175, 0.15953470076, 0.024472076673],
      [0.085792697763, 0.2290968104, 0.60631594071, 0.078794551119],
      [0.21418529964, 0.10074471156, 0.44333536391, 0.24173462488]
    ],
    [
      [0.53445005797, 0.0069308453481, 0.42243327065, 0.03618582603],
      [0.11316954748, 0.062251543495, 0.76210653188, 0.06247237714],
      [0.030060751194, 0.88237526138, 0.044607220967, 0.042956766457],
      [0.068576231813, 0.39972151899, 0.3103235604, 0.22137868879],
      [0.13563596889, 0.14046068002, 0.17987920169, 0.5440241494]
    ],
    [
      [0.40820581276, 0.0014368750321, 0.56969210544, 0.020665206763],
      [0.072559462229, 0.018293023696, 0.87823241867, 0.030915095408],
      [0.046420640851, 0.73687597304, 0.1586265234, 0.058076862711],
      [0.069892773357, 0.20807293545, 0.55941716646, 0.16261712474],
      [0.14887865938, 0.077875771528, 0.34849577899, 0.42474979011]
    ],
    [
      [0.43808058239, 0.0010554108152, 0.54660122571, 0.014262781079],
      [0.082853763665, 0.017559122375, 0.87614909057, 0.023438023387],
      [0.050157837858, 0.76387091391, 0.15085449409, 0.035116754139],
      [0.081476351961, 0.22251627044, 0.59118241581, 0.10482496179],
      [0.19232036915, 0.091294277101, 0.40712240699, 0.30926294675]
    ],
    [
      [0.49343637612, 0.0011021007021, 0.48826357349, 0.017197949685],
      [0.10061002497, 0.021401910898, 0.84997629586, 0.028011768273],
      [0.056073235355, 0.76622663332, 0.13348824077, 0.044211890561],
      [0.093325678762, 0.2399123015, 0.53048594281, 0.13627607693],
      [0.20369792745, 0.091951218647, 0.33899564682, 0.36535520708]
    ],
    [
      [0.56634149948, 0.0018854047372, 0.4146614995, 0.017111596283],
      [0.12608966103, 0.021015911362, 0.8202533243, 0.032641103306],
      [0.0738730917, 0.73174770661, 0.13849145365, 0.055887748037],
      [0.1193345158, 0.21505897114, 0.5043350795, 0.16127143356],
      [0.23879821034, 0.075158566583, 0.29299095943, 0.39305226365]
    ],
    [
      [0.44253129099, 0.0047137215708, 0.54471222603, 0.0080427614071],
      [0.082106667848, 0.042880874165, 0.86434673494, 0.010665723051],
      [0.028997573122, 0.87266364447, 0.087613256213, 0.010725526195],
      [0.067326517334, 0.38497078869, 0.47574716043, 0.071955533543],
      [0.18523243376, 0.18612660836, 0.3830486268, 0.24559233108]
    ],
    [
      [0.53657197025, 0.0064646177841, 0.44409021462, 0.012873197351],
      [0.11404368046, 0.05738931966, 0.80581505662, 0.022751943262],
      [0.030830252093, 0.89455584962, 0.057359594914, 0.017254303375],
      [0.080431072493, 0.44271576835, 0.38250818973, 0.094344969423],
      [0.20813620164, 0.201892685, 0.28992314557, 0.30004796778]
    ],
    [
      [0.474806357, 0.0033372005649, 0.51622796046, 0.0056284819717],
      [0.094264427006, 0.02811223741, 0.86769238949, 0.0099309460982],
      [0.04833948843, 0.81486278736, 0.12331008486, 0.01348763935],
      [0.088073994177, 0.29203292813, 0.54896966614, 0.070923411555],
      [0.22695100143, 0.13263493316, 0.41445786007, 0.22595620534]
    ],
    [
      [0.45456728241, 0.0022978742981, 0.52735167338, 0.015783169903],
      [0.08685431202, 0.029413628535, 0.85855538193, 0.025176677515],
      [0.038856457362, 0.82095943837, 0.10755775116, 0.032626353103],
      [0.075717906501, 0.30364278795, 0.50388764253, 0.11675166302],
      [0.18026375201, 0.12714714536, 0.35148173519, 0.34110736744]
    ],
    [
      [0.6621650553, 0.009704591609, 0.3091000703, 0.019030282793],
      [0.15145906974, 0.16998358525, 0.61168027608, 0.066877068937],
      [0.02380331891, 0.94347514066, 0.0055342494806, 0.02718729095],
      [0.02455640779, 0.86334076192, 0.078483815184, 0.033619015111],
      [0.13608486678, 0.5259217424, 0.1081783344, 0.22981505643]
    ],
    [
      [0.71368997827, 0.0058551971933, 0.28045482454, 0],
      [0.17853282312, 0.032663063402, 0.78880411348, 0],
      [0.092605863026, 0.77382998387, 0.13356415311, 0],
      [0.23905551073, 0.23760484864, 0.52333964063, 0],
      [0.57654765978, 0.089332435086, 0.33411990514, 0]
    ],
    [
      [0.55791024709, 0, 0.41191954464, 0.030170208268],
      [0.12131947046, 0.016829426296, 0.80546253125, 0.056388571996],
      [0.062500051809, 0.73973663328, 0.10959299689, 0.088170318028],
      [0.095411477492, 0.2017917152, 0.43162185369, 0.27117495362],
      [0.15110847578, 0.0543965954, 0.19488006898, 0.59961485984]
    ],
    [
      [0.4772551949, 0.0029651119874, 0.50649067787, 0.013289015238],
      [0.093486206689, 0.03654488159, 0.84889481856, 0.021074093162],
      [0.035215514566, 0.85392033076, 0.087321781282, 0.023542373393],
      [0.076929689815, 0.35608747544, 0.47098663662, 0.095996198127],
      [0.19434385606, 0.15748757111, 0.34800700044, 0.30016157238]
    ],
    [
      [0.55865657654, 0.0039936383196, 0.42051562057, 0.016834164578],
      [0.12387381447, 0.048149976075, 0.79702786533, 0.030948344125],
      [0.037759444646, 0.86998170121, 0.063400192951, 0.028858661195],
      [0.090118272317, 0.39718671157, 0.38953609822, 0.1231589179],
      [0.21200648158, 0.16451684538, 0.26855425564, 0.3549224174]
    ],
    [
      [0.61333287791, 0.0046350526174, 0.36214887917, 0.019883190304],
      [0.15293335902, 0.02868834185, 0.77678011249, 0.041598186642],
      [0.067893447414, 0.77387271778, 0.10137205659, 0.056861778212],
      [0.12525318565, 0.259138026, 0.42437893313, 0.19122985522],
      [0.23652601149, 0.085921218761, 0.23354802935, 0.44400474039]
    ],
    [
      [0.52693985084, 0.0022463897673, 0.4603070908, 0.010506668593],
      [0.11200880366, 0.028299579046, 0.841280138, 0.018411479291],
      [0.052303994887, 0.81074392612, 0.11100583267, 0.02594624632],
      [0.10106647783, 0.29444824235, 0.50896012244, 0.095525157378],
      [0.24129456265, 0.12324627133, 0.35495900467, 0.28050016134]
    ],
    [
      [0.41883027279, 0.0040276020733, 0.56852322133, 0.0086189038053],
      [0.075199926211, 0.035257602186, 0.87800559829, 0.011536873318],
      [0.031140092217, 0.84642026479, 0.10716446495, 0.015275178039],
      [0.066766460934, 0.33685133043, 0.51845364851, 0.077928560117],
      [0.17858596622, 0.15857826507, 0.40566905203, 0.25716671668]
    ],
    [
      [0.57716448427, 0.0043038226897, 0.41071238437, 0.007819308666],
      [0.13179392463, 0.021547444371, 0.83128631422, 0.015372316776],
      [0.079815013207, 0.7431941401, 0.14824369871, 0.028747147979],
      [0.13554528095, 0.22171234325, 0.556005742, 0.086736633798],
      [0.30787328287, 0.087392006661, 0.36450756385, 0.24022714662]
    ],
    [
      [0.93359786632, 0, 0, 0.066402133684],
      [0.46499167687, 0.016018643146, 0.48109089444, 0.037898785538],
      [0.091234594686, 0.81141919605, 0, 0.09734620926],
      [0.49366353903, 0.18560828628, 0, 0.32072817468],
      [0.48150399997, 0.0029725176605, 0, 0.51552348237]
    ],
    [
      [0.4534855004, 0.0025028868462, 0.52831961001, 0.015692002739],
      [0.086769553341, 0.029202240423, 0.85934281144, 0.024685394794],
      [0.039901786792, 0.81399790259, 0.11233853797, 0.033761772641],
      [0.076229916127, 0.29622082478, 0.50668238221, 0.12086687688],
      [0.17944748187, 0.12311036838, 0.3499001867, 0.34754196305]
    ],
    [
      [0.51002073669, 0.0037922801568, 0.46322557188, 0.022961411276],
      [0.10703324075, 0.031786486875, 0.8195562318, 0.041624040573],
      [0.047002740018, 0.79720431803, 0.10180584108, 0.053987100873],
      [0.084142938549, 0.2779872404, 0.43568655835, 0.2021832627],
      [0.1651265158, 0.096602713347, 0.2510790244, 0.48719174645]
    ],
    [
      [0.56729692033, 0.0031851831524, 0.41002728811, 0.019490608405],
      [0.12938557469, 0.031046360317, 0.80207459083, 0.037493474167],
      [0.055809294145, 0.79360982211, 0.10138781313, 0.049193070614],
      [0.10623897764, 0.27976742195, 0.43804189987, 0.17595170054],
      [0.21273752369, 0.099032755263, 0.25722996394, 0.43099975711]
    ],
    [
      [0.5558806675, 0.0024849655885, 0.42879803982, 0.012836327091],
      [0.1248093909, 0.029493599234, 0.82248347187, 0.023213538005],
      [0.055492069256, 0.80898115588, 0.10468922335, 0.030837551505],
      [0.10958352085, 0.29747964672, 0.4809826731, 0.11195415933],
      [0.24878341388, 0.11889798529, 0.32028890939, 0.31202969145]
    ]
  ],
  "expected_outcome": [
    [
      [16.9846585542, 33.6872472317, 23.6979289225, 11.7264758314, 4.9021948976, 58.11399355, 58.1485870184, 34.2043353488, 19.5333037009, 28.5175781673, 46.0780861729, 88.8944975147, 7.5602252749, 58.5436674924, 16.802708521, 49.8027996238, 46.1846378807, 4.6757648954, 25.4803456985, 11.111749934, 10.0450209803, 50.0770720298, 22.8789684224, 40.3813356857, 18.1512386801, 102.7086695945, 2.6825298962, 100.7065156504, 35.0594017026, 37.8713523027, 124.9339195274, 91.9255596829, 75.9175013359, 24.0502526085, 48.1682859063, 15.7709009662, 68.0942199043, 54.9351254495, 25.2242835865, 69.2177841617, 43.2073784874, 40.0019208525, 0.6621650553, 4.2821398696, 5.0211922238, 34.8396292277, 36.3126774749, 84.639937151, 27.4008722436, 70.3634858295, 38.6700204464, 0.93359786632, 1114.6673599905, 169.8369053163, 282.5138663234, 205.1199663083],
      [0.053074491919, 0.13034487387, 0.18395795823, 0.13715664783, 0.1161556746, 0.29767957879, 0.28303996037, 0.12547368056, 0.032414014987, 0.13404049088, 0.38334455109, 0.85774928771, 0.1655356753, 0.21733949615, 0.031895728801, 1.8319691482, 0.21874091541, 0, 0.1249726301, 0.19158079312, 0.24026105757, 0.19846962446, 0.096682849233, 0.19786268144, 0.048693015264, 0.94736145775, 0.064448322259, 0.56082078591, 0.26013720116, 0.33452146685, 0.41480133661, 0.20857409582, 0.48712066225, 0.31188804067, 0.16955125378, 0.037994789347, 0.15208989689, 0.18288425951, 0.26868212953, 0.83393569415, 0.3036852514, 0.20221293823, 0.009704591609, 0.03513118316, 0, 0.21645317508, 0.25958649077, 0.6396372612, 0.1168122679, 0.67663714831, 0.28835612021, 0, 6.152095868, 1.2628292922, 1.5862212099, 0.91695230217],
      [13.5959974628, 42.6805087063, 20.8844243734, 10.2456682623, 5.768490243, 65.3812148557, 41.4104616978, 36.8097541949, 15.6396470981, 27.1677606512, 66.7239429205, 115.9459924913, 8.8013128336, 60.532694703, 19.5912752465, 76.1472101442, 52.4342579268, 4.853414406, 35.5822991509, 13.88719552, 10.2929315816, 41.5810323851, 19.4786229031, 23.2168955933, 16.9028168559, 105.6150675115, 2.983564347, 90.2292092878, 38.6942271029, 40.8144574047, 149.4126576645, 104.8191749915, 93.5417101056, 19.0094971794, 67.223668442, 19.6776441256, 67.3803731423, 40.2221654516, 31.0485968837, 57.2876376859, 46.9767444018, 46.4069472578, 0.3091000703, 1.6827289472, 3.7072759018, 36.9738194848, 27.3335153368, 49.9765453258, 23.9359687217, 95.5119011829, 27.5177297528, 0, 1298.6096014086, 154.2541154367, 204.1935894811, 158.226476693],
      [0.36626949108, 1.5018991881, 0.23368874586, 0.89069925853, 0.21315918479, 1.2071120154, 1.1579113235, 0.86043677568, 0.794635186, 1.1806206906, 1.8146263555, 5.3017607063, 0.47292621618, 1.7062983084, 0.57412050375, 2.2180210838, 2.162363277, 0.47082069863, 0.81238252053, 0.80947375284, 0.42178638048, 1.1434259607, 0.54572582519, 1.2039060396, 0.89725144867, 2.7289014363, 0.26945743455, 2.5034542759, 1.9862339933, 0.97966882573, 5.2386214715, 3.0466912297, 1.0536678962, 1.6283621714, 2.438494398, 0.51346011884, 2.3733170566, 1.6598248394, 0.45843740021, 1.6606424582, 0.51219185943, 1.3889189515, 0.019030282793, 0, 0.27153187441, 0.97009811237, 1.0942206976, 2.743880262, 0.54634676683, 1.4479758393, 0.52389368062, 0.066402133684, 38.5709427329, 7.6461499548, 9.7063229856, 4.7366046966]
    ],
    [
      [12.1109343388, 28.6158002099, 7.3905946806, 6.9879763714, 1.5964655272, 9.3031944806, 13.5654362352, 9.2514860384, 5.9938751591, 13.7236587562, 8.3035678854, 20.5906552389, 1.2262948549, 14.2602186617, 3.7131050264, 7.8030320705, 7.9658256902, 0.57503505591, 19.4167758885, 4.7073146788, 1.7561866347, 38.4167624413, 11.2553938945, 8.1936773132, 3.2094122811, 25.5097188432, 0.7327387611, 47.6245087473, 14.1711890237, 22.9249558139, 29.3426114327, 28.0824343347, 17.5851927563, 11.6564633909, 21.4776008199, 6.2968860385, 16.0976039957, 22.4439596635, 10.5096534845, 22.010430328, 11.4059956677, 15.8943390997, 1.5145906974, 3.035057993, 2.3050699388, 6.2635758481, 17.3423340252, 11.3170685674, 13.4410564394, 26.6959738048, 7.907635478, 0, 234.7984113418, 39.1741661141, 82.6773822269, 26.3347814791],
      [2.4576147068, 7.4141711549, 1.1175760506, 2.4890753676, 1.8499372027, 2.2656406988, 3.0387961238, 2.2723378118, 1.3574548521, 4.3691333079, 2.1638309002, 7.3335399337, 1.0690530848, 3.8365040981, 1.1245304738, 2.4050686121, 1.8838285305, 0.072109508286, 5.8760509786, 4.366224776, 1.7204591973, 9.3229029784, 3.2288755305, 1.4248901472, 0.67711963166, 11.3292413877, 0.85777910839, 15.7529189462, 5.7587818528, 11.7921845784, 7.2051412781, 5.7420185835, 4.2593202269, 6.4119089799, 5.414735014, 1.3344933005, 3.4243057437, 3.7408322225, 5.4887518931, 11.0761386943, 3.4015807266, 5.3826940219, 1.6998358525, 0.55527207783, 0.31975909962, 2.4485070665, 6.7409966505, 2.1229372969, 3.3959494855, 12.5164487759, 1.2928466623, 0, 79.0212625845, 11.6338541962, 19.8386242428, 6.2231494383],
      [85.1093422886, 310.2180623096, 57.8428670921, 50.1341115718, 16.9513983301, 88.8014827561, 84.1741214711, 84.5882535679, 41.6544009353, 111.1729894994, 102.9356452007, 229.6263618377, 13.0785770975, 125.529950118, 37.1618825256, 102.8556132536, 77.04664502, 5.0552963612, 233.4457510657, 53.8191871712, 15.9093504989, 275.8898529249, 82.2701294914, 41.5436095897, 25.7595476482, 223.5094468762, 7.7366665625, 362.9542609629, 133.527897017, 210.704645545, 298.3978223346, 271.5581985914, 181.9792824656, 78.4969727837, 259.9567959254, 66.5873308836, 135.9962073369, 146.0050917255, 110.6363820718, 155.5223059281, 104.9907791279, 157.115634893, 6.1168027608, 13.4096699291, 15.3037880937, 56.8759528434, 111.5839011467, 57.4817283242, 100.9536165602, 311.6919873913, 49.8771788531, 0, 2325.3816477598, 299.9575808401, 512.5256635376, 173.5440125635],
      [2.3221086659, 10.7519663256, 0.64896217665, 3.3888366892, 0.60219893998, 1.6296820645, 2.2216461698, 1.8879225819, 1.9942690534, 4.7342184365, 2.5969560137, 10.4494429896, 0.62607496278, 3.3733271222, 1.0004819741, 2.9362860637, 3.1037007593, 0.29755907456, 5.2614220671, 3.107273374, 0.6140036691, 7.3704816554, 2.2456010836, 1.8378229499, 1.353920439, 5.6515928929, 0.67281556803, 9.6683113436, 6.5421321065, 4.5782140627, 10.0544249547, 7.6173484904, 2.1762045513, 6.4346548454, 9.1508682407, 1.7812897774, 4.4818829237, 5.8101163885, 1.3652125506, 4.3911250497, 1.2016444779, 4.6073319853, 0.66877068937, 0, 1.0713828679, 1.4119642419, 4.3327681776, 3.0782658115, 2.209377515, 4.095590028, 0.92233900657, 0, 66.7986783139, 15.2343988496, 23.9583299927, 4.8980565191]
    ],
    [
      [4.3998229871, 7.5121965256, 4.2487477333, 1.5964074482, 0.16618795147, 3.9753150131, 6.3358214333, 3.9265870042, 3.014608256, 3.7463432537, 8.1074725299, 11.2941639895, 0.41729226342, 8.1894834938, 2.2238370288, 14.2966351381, 5.5122661805, 0.18667966263, 6.1514104643, 1.0972548045, 0.96121241591, 13.6470624665, 4.9919460393, 5.2088678955, 1.4145982444, 20.6076588974, 0.050507369022, 19.3870939722, 4.0451842164, 7.0407180761, 10.2144893187, 7.7628137305, 6.256419845, 7.0041550281, 6.7774135642, 0.85268324358, 4.1494194163, 9.0125171874, 4.2046481026, 9.9273411739, 10.683026943, 5.0901959144, 0.14281991346, 1.3890879454, 1.1250009326, 3.0989652818, 10.7614417241, 6.9251316362, 5.3350074785, 11.739814766, 4.7090857792, 0.091234594686, 108.1338422067, 19.9291617678, 40.8524033143, 9.7111121199],
      [56.4628372113, 123.2674652365, 29.1779537866, 26.9972532646, 112.9090637454, 59.286022916, 88.807448448, 60.7798676809, 46.2454913414, 75.1037588867, 117.8635476778, 226.883024978, 35.0170857056, 137.0188307029, 45.0947330493, 120.190238313, 79.1794615392, 5.0704311701, 112.1423939713, 105.9391528174, 99.7838654402, 201.4517581611, 89.9326223669, 58.8770724559, 19.6054268361, 543.8400724976, 37.634223775, 386.0968328731, 98.5194334245, 215.3545966157, 156.1643462872, 102.031027896, 87.5828007507, 205.593435902, 107.5838920639, 12.9858055365, 56.7007708655, 89.2732202063, 126.5362284482, 288.0469835773, 180.0846760069, 107.545686427, 5.660850844, 11.607449758, 13.315259399, 75.1449891067, 247.9447848441, 78.9350172137, 82.6958804641, 319.1004398263, 43.848454266, 0.81141919605, 2205.9343160254, 338.0146308454, 580.9223897845, 141.5717022796],
      [8.7452056226, 23.0117191638, 9.2932905514, 3.3674033309, 2.0676749196, 10.6260235826, 11.6691545359, 9.9687288118, 5.7564518547, 8.3975706031, 27.6775140129, 36.9563192631, 1.2886335475, 20.0925100434, 5.9304448374, 50.182609274, 14.8940112978, 0.41236767739, 20.8591844563, 5.7435767479, 2.1022797659, 28.0919245563, 10.126828031, 8.1387860605, 3.159699116, 50.6634857593, 0.36308829877, 41.8096632749, 10.7830700873, 18.4659326063, 29.3597876141, 21.2237953343, 18.3464905869, 10.3934824854, 23.1594724161, 2.5645263995, 9.8781298167, 16.8959573458, 12.7039221509, 18.4697895622, 27.2515287538, 14.0900654022, 0.033205496884, 2.0034622966, 1.972673944, 7.6843167529, 18.0690549911, 10.3399497724, 11.3225949327, 40.4010032872, 8.746378224, 0, 304.43743791, 43.1656766169, 74.2158792115, 18.3206140871],
      [2.3921341789, 8.2086190742, 1.2800079287, 3.0389359563, 1.8570733835, 2.1126384883, 3.1875755828, 2.3248165032, 2.9834485479, 3.7523272564, 7.3514657795, 17.8664917693, 1.2769884835, 5.6991757599, 1.7509850844, 16.3305172749, 6.4142609826, 0.33052148987, 4.8470111081, 4.2200156301, 2.152642378, 7.8092548161, 2.9486035628, 3.7752735881, 1.8202758035, 12.8887828458, 1.9521805572, 11.7064098798, 5.6523122719, 4.1387527019, 10.26137678, 5.9823630393, 2.8142888174, 10.0089265844, 8.4792219558, 0.59698482036, 3.2716799015, 6.8183052606, 1.5552012982, 5.5558856866, 2.9807682962, 4.2740522565, 0.1631237457, 0, 1.5870657245, 2.0717288586, 8.2247184407, 5.7999013777, 2.6465171247, 5.7587421205, 1.6960817308, 0.09734620926, 91.4944038578, 22.89053077, 36.0093276897, 5.3965715135]
    ],
    [
      [2.4546246564, 6.4118051262, 1.2632771053, 0.49482250521, 0.30878130759, 1.2361356908, 2.24678938, 1.4225118754, 0.48623924059, 1.8083736121, 1.7527325703, 3.0460464247, 0.049407279353, 2.014357447, 0.38443384469, 1.1719826095, 0.9602530271, 0.14140754621, 5.2439130737, 1.6265241576, 0.55043250141, 7.2070373427, 2.2084685494, 2.1673587379, 1.7477823404, 3.7232267851, 0.36485128812, 8.292711447, 2.3171279942, 5.8168742808, 5.9400796211, 5.2354443573, 1.0295123732, 2.9487779679, 3.9838880813, 0.73328716765, 3.7330271505, 5.7280567585, 1.615836416, 2.9759496822, 1.9376278719, 3.785895325, 0, 0.7171665322, 0.095411477492, 1.0770156574, 5.5873328837, 4.258608312, 3.0319943348, 4.8071851872, 2.7109056191, 0.49366353903, 43.6797419406, 5.21686219, 13.0673942496, 1.6437528128],
      [5.7753753413, 19.934827418, 1.5599700749, 1.6618266353, 3.8865659233, 3.488467902, 5.6139177579, 4.1766993238, 1.3866322877, 6.9077085829, 4.7994746788, 11.471722505, 0.48302191339, 6.4373633343, 1.48746608, 1.8179667855, 2.6174617865, 0.57925918445, 18.0161865974, 16.3438132625, 6.0720454871, 19.8427576804, 7.5473932106, 4.1496633928, 4.4542956069, 18.5677609841, 5.0674388986, 31.5377462719, 10.6950535543, 33.9440108509, 17.2663765191, 13.0650524751, 2.7491617249, 17.1880253166, 11.8601573205, 2.0026464339, 9.5964920599, 10.3228306145, 9.2392989286, 16.3804834291, 6.4247244188, 15.1821393974, 0, 0.71281454592, 0.2017917152, 4.9852246561, 24.6255761171, 8.8106928842, 8.8334472705, 24.2532957913, 4.4342468649, 0.18560828628, 169.7345326004, 17.2352089049, 34.4113928997, 4.4621947007],
      [11.4234162656, 46.5628074397, 6.4508831952, 2.4842663011, 2.1535701889, 8.0089257238, 9.1658132781, 8.8307940159, 2.2703614378, 9.916562663, 14.621762173, 22.6357123137, 0.34109123264, 11.9575403186, 2.6099849956, 10.451038112, 6.2686967966, 0.91421938466, 42.0760111214, 12.3270083363, 3.3171352483, 34.3798026604, 10.8587869807, 7.1997162036, 9.421311253, 21.9110850919, 2.586269937, 42.4897204134, 14.6740674382, 35.9164832702, 40.6238628069, 34.1815145841, 7.2757912886, 13.3439130973, 31.8867784882, 5.3206417423, 21.2194377122, 24.2080838161, 11.4179318504, 14.15280302, 12.0773326551, 25.1943821266, 0, 1.5700189219, 0.43162185369, 6.5938129127, 24.1512380893, 14.4288837263, 15.2688036733, 37.328662693, 11.12011484, 0, 290.3290050079, 27.0125666175, 53.8791536843, 7.2147400965],
      [2.3465837366, 13.0905600161, 0.72586962462, 2.3590845585, 0.65108258016, 1.2664706835, 1.973479584, 1.5699947849, 0.85676703388, 3.3673551421, 2.8260305779, 9.8465187567, 0.12647957461, 2.5907389001, 0.51811507963, 2.5590124931, 2.1535883898, 0.36511388469, 7.6638892075, 5.7026542436, 1.0603867632, 7.5704023164, 2.3853512593, 2.4832616657, 4.3766107997, 4.7979271389, 1.9814398764, 9.6798218677, 6.3137510133, 7.3226315981, 11.1696810529, 7.5179885835, 0.94553461343, 9.5192836181, 9.26917611, 0.94342465614, 5.4510430774, 7.7410288109, 1.726932805, 3.4907638686, 1.5603150542, 5.837583151, 0, 0, 0.27117495362, 1.3439467738, 7.6358529099, 6.5018150775, 2.8657547213, 5.6108563284, 1.734732676, 0.32072817468, 69.2567204512, 12.5353622876, 21.6420591664, 1.67931239]
    ],
    [
      [3.0499594635, 7.7729509065, 4.3994515583, 1.1943178438, 1.0263703162, 5.3713612655, 9.7033659331, 3.1950797332, 1.9719736434, 5.2040462107, 5.7581408416, 8.1746368321, 0.74678032741, 7.9922729051, 1.8759155792, 5.9255505581, 4.3770172215, 0.42111283988, 4.707554875, 2.4571564251, 3.6871474677, 8.6520657196, 3.6652230943, 4.0487603678, 0.47696845391, 9.4507258799, 0.16937268555, 14.9891701832, 3.4070970631, 8.3460995265, 13.5689001001, 8.9937478946, 6.2113736897, 4.3403510044, 7.5928116283, 1.3462425841, 6.9257295333, 7.8803409411, 4.4455784103, 6.8684946542, 4.7659710299, 5.2276488083, 0.68042433388, 0.57654765978, 0.45332542734, 2.7208139849, 6.996213892, 6.8592543333, 5.7910695037, 8.3935404125, 4.0023526773, 0.48150399997, 103.7206445204, 16.8429046118, 34.8889538858, 12.19038728],
      [1.2510982487, 4.2531913168, 0.96054212968, 0.71468808465, 2.2382774539, 2.6621889044, 4.2567977099, 1.645621503, 0.97800750376, 3.4853587316, 2.7898021922, 5.4539632956, 1.2653036208, 4.4899623685, 1.261374668, 1.7547571412, 2.1005072284, 0.27820013716, 2.8403958226, 4.159228351, 7.1833688178, 4.1841115556, 2.1944260428, 1.3505113226, 0.21446491008, 8.3155636729, 0.37610989574, 10.0516811228, 2.7665939673, 8.5746864881, 6.9493345791, 3.9533269496, 2.9215966353, 4.4947417608, 3.9716643479, 0.6390599397, 3.126341434, 2.4802326972, 4.4670386006, 6.6624586052, 2.7853335964, 3.6872672155, 2.629608712, 0.089332435086, 0.1631897862, 2.2048259955, 5.4290558976, 2.4917153441, 2.957910512, 7.4531784582, 1.1360960866, 0.0029725176605, 71.1577929217, 9.8534767614, 16.2413718631, 5.8260012792],
      [4.1260383604, 16.5269023807, 6.5285347879, 1.768550534, 2.0588663183, 10.1823530818, 11.5804490171, 5.8024694096, 2.6791386741, 8.3451165833, 14.0411356929, 17.8356140942, 1.4903852888, 13.887304817, 3.7064123948, 15.3635292163, 8.3563889588, 0.7647021707, 11.0367542056, 5.2230322245, 6.3783029053, 12.0573874733, 5.2656325938, 3.9009925529, 0.75662512688, 16.3009147611, 0.3304108548, 22.5171460611, 6.3207383547, 15.0984811737, 27.2058695799, 17.2173164987, 12.8567255534, 5.7561344541, 17.7732847283, 2.849856849, 11.5258519919, 9.6687016611, 9.1931670432, 9.5674638038, 8.7036150615, 10.1929703205, 0.540891672, 0.33411990514, 0.58464020694, 4.8720980062, 8.8622904361, 6.7728928513, 8.5190161121, 19.0664454456, 4.7385983301, 0, 202.2423079137, 25.6100604888, 42.1857140855, 15.6941565599],
      [3.5729039275, 19.446955396, 3.1114715241, 7.3224435375, 2.6764859116, 6.7840967482, 10.4593873399, 4.3568293543, 4.3708801788, 11.9654784744, 11.4109212734, 32.5357857781, 2.497530763, 12.6304599094, 3.1562973581, 15.9561630844, 12.1660865913, 1.5359848523, 8.4152950968, 10.1605829994, 8.7511808092, 11.1064352515, 4.8747182691, 5.6997357567, 1.5519415091, 14.9327956861, 1.1241065639, 21.442002633, 11.505570615, 12.9807328116, 31.2758957409, 15.8356086571, 7.0103041216, 17.4087727807, 21.6622392954, 2.1648406273, 12.4220770408, 12.9707247006, 5.894215946, 9.9015829369, 4.7450803122, 9.8921136557, 1.1490752821, 0, 1.7988445795, 4.2022620134, 11.7124397742, 12.8761374713, 6.7320038722, 12.0868356837, 3.1229529061, 0.51552348237, 200.8792546443, 49.693558138, 70.6839601656, 15.289454881]
    ]
  ],
  "prob": [
    [0.48238342029, 0.0030543432183, 0.49843891619, 0.016123320305],
    [0.096291110606, 0.030196773209, 0.84696989439, 0.026542221794],
    [0.043000951738, 0.81407283707, 0.10719870424, 0.035727506951],
    [0.083278388405, 0.29666266945, 0.4888748138, 0.13118412835],
    [0.18921761911, 0.11924564076, 0.32625311649, 0.36528362365]
  ],
  "iterations": 109,
  "logLik": -752.4914471952,
  "time": 0.200648,
  "message": "Converged",
  "status": 0,
  "miniter": 0,
  "maxiter": 1000,
  "maxtime": 3600,
  "param_threshold": 0.001,
  "ll_threshold": "-Inf",
  "initial_prob": "group_proportional",
  "adjust_prob_cond_method": "project_lp",
  "adjust_prob_cond_every": false,
