{
  "Z_true": {},
  "V_true": [
    [630, 23, 36, 1418, 24],
    [778, 272, 160, 12957, 199],
    [243, 460, 11073, 2191, 186],
    [67, 1269, 342, 992, 50],
    [242, 131, 335, 780, 154]
  ],
  "p_true": [
    [0.2956, 0.0108, 0.0169, 0.6654, 0.0113],
    [0.0542, 0.0189, 0.0111, 0.9019, 0.0139],
    [0.0172, 0.0325, 0.7824, 0.1548, 0.0131],
    [0.0246, 0.4665, 0.1257, 0.3647, 0.0184],
    [0.1474, 0.0798, 0.204, 0.475, 0.0938]
  ],
  "Z_est": [
    [
      [8.7071, 37.0165, 83.2423, 13.3903, 165.7247, 29.8094, 0, 0, 2.6483, 0.7828, 0, 3.4552, 16.9815, 17.2221, 12.0556, 18.6398, 22.9928, 10.9339, 9.5619, 0.4353, 12.141, 7.8329, 7.017, 4.5629, 11.1692, 19.7468, 1.7086, 7.7101, 0.4171, 13.2161, 2.7812, 19.1673, 3.7659, 26.6148, 4.0363, 11.2959, 19.0918, 10.4736, 3.203, 0.9519, 10.0036, 8.6229, 14.7675, 10.4732, 17.4048, 0.8742, 35.3961, 88.0972, 46.9968, 0],
      [0, 0, 0, 0, 0.0277, 0.0157, 0, 0.0016, 0, 0, 0, 0.0011, 0, 0, 0, 0, 0, 0, 0, 0.2226, 0, 0.005, 0.0796, 0.0066, 0.0096, 0.0338, 0, 0.0026, 0.0015, 0, 0.0126, 0.0318, 0, 0.0131, 0.0013, 0.0014, 0, 0.0251, 0.0107, 0, 0.0052, 0.0017, 0.0098, 0, 0, 0, 0, 0.0255, 0.0287, 0],
      [1.1682, 3.9651, 5.9028, 1.4323, 20.3231, 4.2048, 0, 0.081, 0.3817, 0, 0.1227, 0.3008, 1.8297, 2.1545, 1.1977, 1.7335, 2.4283, 1.6465, 0.9152, 0.0479, 1.373, 1.0176, 0.7581, 0.5978, 0.8013, 1.982, 0.1397, 0.9726, 0.0904, 1.5689, 0.4794, 1.7906, 0.3478, 2.1534, 0.4058, 1.3009, 1.9043, 1.0187, 0.4986, 0.0726, 0.9799, 0.7064, 1.9563, 0.9718, 1.391, 0.1099, 6.5095, 7.8317, 3.7177, 0],
      [12.1226, 46.0181, 98.8549, 12.1773, 248.9104, 52.962, 0, 0.9175, 2.9701, 2.2172, 0.8773, 4.2425, 21.1888, 22.6234, 10.7467, 19.6267, 30.5717, 20.4179, 11.5221, 0.2942, 14.486, 13.1433, 10.1446, 8.8308, 13.0149, 30.2274, 2.1516, 11.3146, 1.491, 15.215, 7.7225, 26.0097, 4.8854, 31.2131, 4.5565, 22.3932, 23.0039, 13.4795, 7.2862, 0.9755, 14.0091, 11.6652, 26.2589, 11.555, 19.2032, 1.0159, 65.0944, 89.0457, 44.2568, 1],
      [0.0021, 0.0003, 0, 0, 0.0141, 0.008, 0, 0, 0, 0, 0, 0.0004, 0, 0, 0, 0, 0.0073, 0.0017, 0.0008, 0, 0, 0.0011, 0.0008, 0.002, 0.0048, 0.01, 0.0001, 0.0001, 0, 0, 0.0043, 0.0006, 0.0008, 0.0057, 0, 0.0086, 0, 0.0031, 0.0016, 0, 0.0022, 0.0038, 0.0076, 0, 0.0011, 0, 0, 0, 0, 0]
    ],
    [
      [7.2861, 25.4944, 23.2466, 5.0975, 64.0153, 13.1191, 0, 2.0817e-16, 0.565, 0, 0, 9.5223, 7.7671, 7.1082, 5.6072, 7.2766, 7.1764, 10.2204, 8.4435, 0, 12.3239, 5.2898, 2.0058, 2.4958, 10.5246, 12.2663, 5.5902, 7.7556, 0, 4.164, 0.5631, 9.4513, 7.1986, 10.9097, 4.1424, 4.4658, 11.7648, 6.1283, 1.4034, 0.7448, 7.0825, 8.5357, 7.6795, 3.8087, 14.4205, 0.5762, 2.861, 46.1564, 36.5867, 0],
      [13.3705, 36.4903, 11.4623, 6.8321, 123.8148, 35.5342, 0, 0.8035, 0.2439, 0, 1.943, 16.1882, 11.8712, 14.5616, 0.9101, 9.9533, 10.7859, 19.4436, 10.9032, 0.7134, 19.0721, 13.102, 11.4842, 7.755, 14.5943, 27.8132, 4.9364, 16.8594, 0.9829, 1.5399, 6.0779, 18.3137, 8.9131, 14.3476, 7.1725, 8.6104, 10.9841, 14.6902, 9.0137, 0.8833, 12.1327, 12.1468, 19.0003, 5.0454, 11.173, 1.5463, 8.4847, 61.6622, 46.5035, 0],
      [22.2032, 51.3987, 17.7787, 11.5023, 148.8419, 39.4219, 0, 0.2929, 2.4218, 0, 1.4958, 9.3721, 15.556, 19.201, 8.757, 11.7198, 12.8352, 30.1639, 13.1621, 0.4117, 30.4861, 12.2298, 3.9976, 4.8833, 4.5501, 12.784, 4.4138, 20.9137, 0.5852, 9.2293, 1.9221, 11.9741, 8.1848, 10.6561, 8.079, 5.6417, 20.648, 8.3575, 3.8543, 1.0547, 9.0197, 4.8688, 16.9554, 5.856, 15.1466, 3.109, 21.7913, 63.6402, 39.812, 0],
      [230.0598, 634.9545, 414.5279, 97.2615, 2048.7805, 571.4558, 5, 2.9036, 16.7693, 3, 6.5612, 231.6287, 197.8, 206.2385, 80.1855, 151.0929, 195.6681, 408.5651, 199.6081, 2.8749, 304.5424, 192.5291, 83.0308, 118.5901, 226.7804, 389.4762, 133.3819, 246.9977, 14.4319, 87.5172, 68.9117, 251.5362, 187.033, 230.4566, 97.2349, 189.9494, 270.3523, 167.1755, 97.2734, 18.3172, 199.8883, 225.7083, 307.798, 82.2395, 281.1336, 23.7685, 215.5476, 845.3837, 606.5233, 3],
      [33.0803, 19.6621, 9.9846, 11.3066, 68.5476, 27.469, 0, 0, 0, 0, 0, 8.2887, 7.0057, 9.8906, 4.5401, 6.9574, 14.5344, 18.607, 7.8831, 0, 11.5756, 6.8492, 3.4815, 5.2757, 14.5505, 22.6603, 2.6776, 4.4736, 0, 3.5496, 4.5252, 1.7247, 10.6706, 10.6299, 4.3712, 8.3327, 5.2508, 11.6485, 4.4552, 0, 7.8767, 12.7404, 21.5668, 5.0504, 6.1263, 0, 7.3154, 60.1575, 38.5745, 0]
    ],
    [
      [0, 2.903, 4.3405, 0.1991, 2.7257, 0, 0, 1.6653e-16, 0, 0, 1.6178e-32, 0.5909, 0.9664, 0, 0, 1.87, 0.9241, 0.091, 0.867, 0, 0.7601, 0.1374, 0, 0.0109, 1.6556, 1.0907, 0.4621, 0.2524, 0, 0, 0, 1.8271, 0.5978, 1.7992, 0.3221, 0.3872, 1.9974, 0.3817, 0, 0.062, 0.6502, 0.5792, 0.0822, 0.39, 2.3885, 0, 0, 4.6759, 5.5317, 0],
      [0.8758, 3.8924, 0.3581, 0.1591, 15.6951, 3.6916, 0.0785, 0.0668, 0, 0, 0.057, 1.3002, 1.7092, 2.2671, 0, 1.9006, 1.6728, 1.9225, 0.8764, 0.2006, 1.6154, 3.3086, 2.9005, 0.957, 2.3278, 4.99, 0.2305, 1.8474, 0.0897, 0, 0.7552, 4.8829, 0.629, 1.7935, 1.0091, 1.4314, 0, 2.2278, 1.5351, 0.0414, 1.4581, 0.9045, 3.1412, 0.4241, 0.3001, 0, 0, 5.3529, 5.6665, 0],
      [262.4447, 700.9276, 252.5122, 195.0619, 1842.5249, 413.0824, 2, 2.5072, 10.8908, 0, 5.3815, 100.4757, 275.0992, 317.5764, 188.2274, 259.013, 262.5082, 624.9836, 146.7247, 7.137, 345.9959, 248.7314, 69.2303, 69.2435, 155.3226, 286.7257, 58.1828, 184.9569, 10.812, 146.3202, 42.0178, 273.9224, 105.0424, 174.0538, 93.331, 168.6503, 293.6972, 115.7245, 70.395, 13.6649, 132.8509, 90.6737, 280.5326, 61.6657, 202.12, 53.723, 184.3779, 554.9925, 473.2195, 0],
      [63.0076, 190.28, 87.3776, 36.3101, 540.3575, 124.8737, 2.9215, 0.426, 2.1092, 0, 0.5615, 34.3588, 74.7743, 75.6518, 35.7497, 68.7157, 79.5866, 182.2893, 44.1788, 0.6624, 81.2449, 77.2156, 20.6897, 24.5168, 60.6854, 105.5982, 22.0198, 49.7891, 4.0983, 32.5751, 15.9299, 95.2183, 36.2379, 57.7738, 24.1659, 70.6231, 84.0223, 36.1077, 24.7739, 4.2317, 45.62, 35.3546, 91.6491, 17.3222, 66.8834, 9.277, 48.2934, 149.0976, 132.0959, 0],
      [1.6719, 0.9971, 0.4117, 0.2698, 3.6968, 1.3523, 0, 0, 0, 0, 0, 0.2745, 0.4508, 0.5047, 0.0228, 0.5006, 1.3084, 1.7136, 0.3531, 0, 0.3836, 0.607, 0.1795, 0.2717, 1.0086, 1.5953, 0.1047, 0.1541, 0, 0.1047, 0.2971, 0.1492, 0.4928, 0.5798, 0.1718, 0.908, 0.2831, 0.5582, 0.296, 0, 0.4208, 0.4881, 1.5948, 0.198, 0.308, 0, 0.3287, 1.8812, 1.4865, 0]
    ],
    [
      [0.3319, 1.0821, 0.5297, 0.393, 2.7439, 0.6224, 0, 0, 0.0175, 0.0015, 0, 0.2995, 0.3566, 0.2679, 0.259, 0.3443, 0.3175, 0.5785, 0.5379, 0, 0.716, 0.2542, 0.0961, 0.1335, 0.6972, 0.5678, 0.2683, 0.4168, 0, 0.1989, 0.0169, 0.4137, 0.3691, 0.4397, 0.2459, 0.2342, 0.6453, 0.2564, 0.0477, 0.0154, 0.3764, 0.3296, 0.4291, 0.4093, 0.8639, 0.0546, 0.094, 1.1037, 1.519, 0],
      [25.5344, 65.919, 15.7241, 23.7591, 214.8337, 63.627, 0.9215, 0, 0.7479, 0, 0, 20.2428, 23.0954, 21.8687, 6.0235, 19.9029, 20.1746, 47.1256, 29.9915, 3.8377, 47.9239, 25.2528, 19.0203, 16.0975, 36.7794, 48.4832, 11.6947, 36.9874, 2.6959, 6.3581, 4.0078, 31.3489, 20.3017, 24.4063, 17.5149, 18.646, 28.7394, 22.7738, 9.1821, 1.0501, 26.0395, 19.7741, 42.5059, 22.4239, 32.3029, 5.4059, 6.1724, 63.4041, 78.2975, 0],
      [4.4071, 10.4427, 3.5994, 4.0792, 31.5347, 9.0647, 0, 0, 0.2209, 0, 0, 2.2609, 3.4979, 3.1679, 2.2166, 2.8234, 3.0791, 8.3496, 4.4885, 0.3631, 7.8481, 3.1825, 1.3953, 1.8505, 3.7304, 5.1243, 1.8094, 5.2917, 0.2494, 2.0219, 0.3364, 3.4106, 2.9512, 3.0626, 2.3577, 2.5699, 5.5869, 2.3317, 0.813, 0.1261, 3.2529, 2.3337, 5.6341, 3.1917, 5.5214, 0.8851, 1.4504, 8.3964, 9.66, 0],
      [21.8033, 58.4433, 24.7765, 16.5936, 187.042, 55.0621, 1.0785, 0, 1.0137, 0.9985, 0, 15.8475, 19.6231, 16.2183, 10.1485, 15.4911, 18.5802, 49.5598, 27.3182, 0.7992, 38.6133, 19.876, 9.2506, 13.5475, 31.5395, 38.4457, 14.0536, 28.9824, 2.0547, 10.1682, 2.5378, 23.7266, 20.6518, 20.5077, 12.5365, 20.9836, 32.6385, 14.995, 5.7948, 0.8084, 22.7778, 18.9053, 36.8424, 18.2879, 36.817, 3.6544, 8.1155, 46.071, 55.3533, 0],
      [1.9232, 1.1129, 0.3703, 1.1751, 3.8457, 1.6238, 0, 0, 0, 0, 0, 0.3493, 0.427, 0.4772, 0.3523, 0.4383, 0.8486, 1.3864, 0.6639, 0, 0.8986, 0.4345, 0.2377, 0.371, 1.2535, 1.379, 0.174, 0.3217, 0, 0.2529, 0.101, 0.1002, 0.7262, 0.5837, 0.3451, 0.5662, 0.3899, 0.643, 0.1624, 0, 0.5533, 0.6573, 1.5885, 0.6873, 0.4949, 0, 0.1677, 2.0248, 2.1702, 0]
    ],
    [
      [6.6748, 24.504, 33.6409, 9.9201, 73.7905, 26.4492, 0, 0, 0.7692, 0.2157, 0, 8.1321, 10.9284, 8.4018, 7.0781, 8.8693, 12.5893, 14.1762, 8.5898, 0.5647, 13.059, 7.4857, 6.8811, 3.7969, 9.9533, 16.3285, 6.9707, 7.8651, 1.5829, 8.421, 1.6388, 11.1406, 6.0686, 15.2366, 9.2533, 8.6169, 13.5007, 6.76, 3.3459, 1.2258, 10.8873, 5.9326, 8.0417, 3.9189, 11.9224, 1.495, 12.6488, 53.9668, 53.3657, 0],
      [0.2193, 0.6983, 0.4555, 0.2497, 2.6287, 1.1315, 0, 0.1281, 0.0083, 0, 0, 0.2677, 0.3242, 0.3026, 0.0664, 0.2431, 0.3667, 0.5083, 0.2288, 0.0257, 0.3885, 0.3315, 0.5154, 0.1839, 0.2889, 0.6797, 0.1385, 0.3033, 0.23, 0.102, 0.1465, 0.4227, 0.1561, 0.4395, 0.3021, 0.3108, 0.2765, 0.283, 0.2584, 0.0252, 0.3645, 0.1729, 0.3427, 0.1067, 0.224, 0.0479, 0.3429, 1.5552, 1.5039, 0],
      [0.7767, 2.266, 2.2069, 0.9243, 7.7753, 3.2262, 0, 0.1189, 0.0849, 0, 0, 0.5906, 1.0171, 0.9001, 0.6012, 0.7102, 1.1492, 1.8563, 0.7095, 0.0403, 1.2969, 0.8387, 0.6187, 0.4248, 0.5955, 1.384, 0.4543, 0.8651, 0.263, 0.8598, 0.2444, 0.9022, 0.4737, 1.0742, 0.8265, 0.8372, 1.1636, 0.5676, 0.4391, 0.0817, 0.8966, 0.4174, 0.9216, 0.3148, 0.8211, 0.1729, 1.8709, 4.1393, 3.5908, 0],
      [12.0068, 39.304, 51.4632, 11.6574, 142.9096, 60.6463, 0, 1.753, 1.1377, 0.7843, 0, 12.9224, 17.6138, 14.268, 8.1695, 12.0736, 21.5934, 34.1679, 13.3728, 0.3693, 20.1133, 16.2359, 12.8842, 9.5148, 14.9798, 32.2525, 11.393, 14.9162, 7.9241, 12.5245, 5.898, 19.5093, 10.1919, 23.0488, 13.5062, 22.0507, 20.983, 11.2422, 9.8717, 1.6673, 19.7047, 10.3667, 18.4516, 5.5954, 16.9628, 2.2843, 29.9491, 70.4021, 64.7707, 1],
      [0.3224, 0.2277, 0.2334, 0.2485, 0.8959, 0.5468, 0, 0, 0, 0, 0, 0.0872, 0.1164, 0.1275, 0.0847, 0.1038, 0.3013, 0.2913, 0.0991, 0, 0.1422, 0.1082, 0.1005, 0.0796, 0.1825, 0.3553, 0.0435, 0.0504, 0, 0.0927, 0.0723, 0.0252, 0.1096, 0.2009, 0.112, 0.1844, 0.0762, 0.1471, 0.0848, 0, 0.1469, 0.1104, 0.2424, 0.0643, 0.0697, 0, 0.1882, 0.9366, 0.7689, 0]
    ]
  ],
  "V_est": [
    [873.1392, 0.5741, 93.2834, 1163.9103, 0.093],
    [448.841, 720.6661, 781.1804, 11871.4448, 543.8678],
    [41.519, 86.5437, 10829.2549, 3167.3027, 28.3797],
    [19.8961, 1328.9196, 189.9712, 1148.9345, 32.2786],
    [576.6048, 18.2964, 52.3101, 986.4078, 8.3809]
  ],
  "p_est": [
    [0.4097, 0.0003, 0.0438, 0.5462, 0],
    [0.0312, 0.0502, 0.0544, 0.8264, 0.0379],
    [0.0029, 0.0061, 0.7652, 0.2238, 0.002],
    [0.0073, 0.4886, 0.0698, 0.4224, 0.0119],
    [0.3512, 0.0111, 0.0319, 0.6007, 0.0051]
  ],
  "EI_Z": {},
  "EI_V": 9.8518,
  "MAE_Z": {},
  "MAE_V": 275.9445,
  "MAE_p": 0.0574,
  "runtime": 0.003
}
