{
  "Z_true": {},
  "V_true": [
    [41, 29, 509, 348],
    [430, 206, 14986, 538],
    [266, 3859, 802, 362],
    [1026, 96, 736, 154],
    [84, 232, 643, 648]
  ],
  "p_true": [
    [0.0442, 0.0313, 0.5491, 0.3754],
    [0.0266, 0.0127, 0.9274, 0.0333],
    [0.0503, 0.7296, 0.1516, 0.0684],
    [0.5099, 0.0477, 0.3658, 0.0765],
    [0.0523, 0.1444, 0.4001, 0.4032]
  ],
  "Z_est": [
    [
      [0, 0, 0, 0.2217, 0.4434, 0, 0.2217, 0, 0.2217, 0, 0, 4.8774, 8.2029, 0.8868, 4.6557, 4.8774, 4.434, 0.6651, 0.8868, 1.1085, 3.5472, 1.9953, 1.3302, 2.217, 1.1085, 1.7736, 1.3302, 1.7736, 12.4152, 3.7689, 0.6651, 4.434, 7.3161, 6.651, 4.434, 7.3161, 8.6463, 6.651, 2.8821, 3.5472, 3.1038, 2.6604, 0, 47.8872, 12.6369, 19.5096, 4.2123],
      [0, 0, 0, 0.1705, 0.341, 0, 0.1705, 0, 0.1705, 0, 0, 3.751, 6.3085, 0.682, 3.5805, 3.751, 3.41, 0.5115, 0.682, 0.8525, 2.728, 1.5345, 1.023, 1.705, 0.8525, 1.364, 1.023, 1.364, 9.548, 2.8985, 0.5115, 3.41, 5.6265, 5.115, 3.41, 5.6265, 6.6495, 5.115, 2.2165, 2.728, 2.387, 2.046, 0, 36.828, 9.7185, 15.004, 3.2395],
      [0, 0, 0, 0.3139, 0.6278, 0, 0.3139, 0, 0.3139, 0, 0, 6.9058, 11.6143, 1.2556, 6.5919, 6.9058, 6.278, 0.9417, 1.2556, 1.5695, 5.0224, 2.8251, 1.8834, 3.139, 1.5695, 2.5112, 1.8834, 2.5112, 17.5784, 5.3363, 0.9417, 6.278, 10.3587, 9.417, 6.278, 10.3587, 12.2421, 9.417, 4.0807, 5.0224, 4.3946, 3.7668, 0, 67.8024, 17.8923, 27.6232, 5.9641],
      [0, 0, 0, 0.2939, 0.5878, 0, 0.2939, 0, 0.2939, 0, 0, 6.4658, 10.8743, 1.1756, 6.1719, 6.4658, 5.878, 0.8817, 1.1756, 1.4695, 4.7024, 2.6451, 1.7634, 2.939, 1.4695, 2.3512, 1.7634, 2.3512, 16.4584, 4.9963, 0.8817, 5.878, 9.6987, 8.817, 5.878, 9.6987, 11.4621, 8.817, 3.8207, 4.7024, 4.1146, 3.5268, 0, 63.4824, 16.7523, 25.8632, 5.5841]
    ],
    [
      [0.426, 0.1065, 1.1502, 0.5751, 0.3834, 0.4473, 0.2343, 0.4473, 0.2769, 0.1917, 0.3408, 6.5178, 12.5031, 0.7455, 4.686, 7.8171, 7.1781, 0.2556, 6.7095, 4.3239, 11.5446, 6.6243, 10.3518, 5.0907, 8.5839, 4.6647, 4.9203, 3.5784, 11.4168, 5.7084, 1.065, 4.1748, 5.9214, 8.8608, 6.0918, 5.9001, 9.1377, 10.8417, 4.7499, 2.4069, 3.3228, 2.13, 0.0852, 103.3476, 18.8079, 28.3716, 1.1928],
      [0.338, 0.0845, 0.9126, 0.4563, 0.3042, 0.3549, 0.1859, 0.3549, 0.2197, 0.1521, 0.2704, 5.1714, 9.9203, 0.5915, 3.718, 6.2023, 5.6953, 0.2028, 5.3235, 3.4307, 9.1598, 5.2559, 8.2134, 4.0391, 6.8107, 3.7011, 3.9039, 2.8392, 9.0584, 4.5292, 0.845, 3.3124, 4.6982, 7.0304, 4.8334, 4.6813, 7.2501, 8.6021, 3.7687, 1.9097, 2.6364, 1.69, 0.0676, 81.9988, 14.9227, 22.5108, 0.9464],
      [18.926, 4.7315, 51.1002, 25.5501, 17.0334, 19.8723, 10.4093, 19.8723, 12.3019, 8.5167, 15.1408, 289.5678, 555.4781, 33.1205, 208.186, 347.2921, 318.9031, 11.3556, 298.0845, 192.0989, 512.8946, 294.2993, 459.9018, 226.1657, 381.3589, 207.2397, 218.5953, 158.9784, 507.2168, 253.6084, 47.315, 185.4748, 263.0714, 393.6608, 270.6418, 262.1251, 405.9627, 481.6667, 211.0249, 106.9319, 147.6228, 94.63, 3.7852, 4591.4476, 835.5829, 1260.4716, 52.9928],
      [0.31, 0.0775, 0.837, 0.4185, 0.279, 0.3255, 0.1705, 0.3255, 0.2015, 0.1395, 0.248, 4.743, 9.0985, 0.5425, 3.41, 5.6885, 5.2235, 0.186, 4.8825, 3.1465, 8.401, 4.8205, 7.533, 3.7045, 6.2465, 3.3945, 3.5805, 2.604, 8.308, 4.154, 0.775, 3.038, 4.309, 6.448, 4.433, 4.2935, 6.6495, 7.8895, 3.4565, 1.7515, 2.418, 1.55, 0.062, 75.206, 13.6865, 20.646, 0.868]
    ],
    [
      [0.4158, 0, 0.1386, 0.2772, 0.1386, 0.1848, 0.0462, 0.1848, 0.1386, 0.0462, 0.3696, 5.2668, 6.9762, 0.6468, 3.7422, 4.2966, 4.2966, 0.0462, 0.7854, 0.9702, 1.5246, 0.7392, 1.617, 0.8316, 0.3234, 0.6006, 0.5544, 1.9866, 14.4606, 7.5768, 1.0164, 9.3324, 11.1342, 11.8272, 9.7482, 10.2564, 7.854, 7.392, 5.7288, 4.158, 5.7288, 3.5112, 0, 71.61, 8.0388, 16.9554, 0.8778],
      [6.2208, 0, 2.0736, 4.1472, 2.0736, 2.7648, 0.6912, 2.7648, 2.0736, 0.6912, 5.5296, 78.7968, 104.3712, 9.6768, 55.9872, 64.2816, 64.2816, 0.6912, 11.7504, 14.5152, 22.8096, 11.0592, 24.192, 12.4416, 4.8384, 8.9856, 8.2944, 29.7216, 216.3456, 113.3568, 15.2064, 139.6224, 166.5792, 176.9472, 145.8432, 153.4464, 117.504, 110.592, 85.7088, 62.208, 85.7088, 52.5312, 0, 1071.36, 120.2688, 253.6704, 13.1328],
      [1.6443, 0, 0.5481, 1.0962, 0.5481, 0.7308, 0.1827, 0.7308, 0.5481, 0.1827, 1.4616, 20.8278, 27.5877, 2.5578, 14.7987, 16.9911, 16.9911, 0.1827, 3.1059, 3.8367, 6.0291, 2.9232, 6.3945, 3.2886, 1.2789, 2.3751, 2.1924, 7.8561, 57.1851, 29.9628, 4.0194, 36.9054, 44.0307, 46.7712, 38.5497, 40.5594, 31.059, 29.232, 22.6548, 16.443, 22.6548, 13.8852, 0, 283.185, 31.7898, 67.0509, 3.4713],
      [0.7191, 0, 0.2397, 0.4794, 0.2397, 0.3196, 0.0799, 0.3196, 0.2397, 0.0799, 0.6392, 9.1086, 12.0649, 1.1186, 6.4719, 7.4307, 7.4307, 0.0799, 1.3583, 1.6779, 2.6367, 1.2784, 2.7965, 1.4382, 0.5593, 1.0387, 0.9588, 3.4357, 25.0087, 13.1036, 1.7578, 16.1398, 19.2559, 20.4544, 16.8589, 17.7378, 13.583, 12.784, 9.9076, 7.191, 9.9076, 6.0724, 0, 123.845, 13.9026, 29.3233, 1.5181]
    ],
    [
      [0, 0.3408, 0.6816, 1.3632, 0.3408, 1.0224, 0, 0.6816, 0.3408, 0.3408, 2.0448, 9.2016, 23.856, 1.3632, 7.4976, 11.928, 13.2912, 0.3408, 10.5648, 7.1568, 18.0624, 4.0896, 12.9504, 5.4528, 5.7936, 2.7264, 7.8384, 6.816, 33.3984, 10.5648, 1.3632, 14.9952, 16.0176, 31.3536, 15.6768, 21.4704, 22.8336, 19.4256, 11.928, 9.2016, 13.632, 6.816, 0.3408, 230.04, 24.5376, 41.9184, 4.0896],
      [0, 0.096, 0.192, 0.384, 0.096, 0.288, 0, 0.192, 0.096, 0.096, 0.576, 2.592, 6.72, 0.384, 2.112, 3.36, 3.744, 0.096, 2.976, 2.016, 5.088, 1.152, 3.648, 1.536, 1.632, 0.768, 2.208, 1.92, 9.408, 2.976, 0.384, 4.224, 4.512, 8.832, 4.416, 6.048, 6.432, 5.472, 3.36, 2.592, 3.84, 1.92, 0.096, 64.8, 6.912, 11.808, 1.152],
      [0, 0.3046, 0.6092, 1.2184, 0.3046, 0.9138, 0, 0.6092, 0.3046, 0.3046, 1.8276, 8.2242, 21.322, 1.2184, 6.7012, 10.661, 11.8794, 0.3046, 9.4426, 6.3966, 16.1438, 3.6552, 11.5748, 4.8736, 5.1782, 2.4368, 7.0058, 6.092, 29.8508, 9.4426, 1.2184, 13.4024, 14.3162, 28.0232, 14.0116, 19.1898, 20.4082, 17.3622, 10.661, 8.2242, 12.184, 6.092, 0.3046, 205.605, 21.9312, 37.4658, 3.6552],
      [0, 0.2587, 0.5174, 1.0348, 0.2587, 0.7761, 0, 0.5174, 0.2587, 0.2587, 1.5522, 6.9849, 18.109, 1.0348, 5.6914, 9.0545, 10.0893, 0.2587, 8.0197, 5.4327, 13.7111, 3.1044, 9.8306, 4.1392, 4.3979, 2.0696, 5.9501, 5.174, 25.3526, 8.0197, 1.0348, 11.3828, 12.1589, 23.8004, 11.9002, 16.2981, 17.3329, 14.7459, 9.0545, 6.9849, 10.348, 5.174, 0.2587, 174.6225, 18.6264, 31.8201, 3.1044]
    ],
    [
      [0.7068, 0, 1.8848, 0.2356, 0, 0.9424, 0.2356, 0.2356, 0.4712, 0.2356, 0.7068, 8.4816, 15.5496, 0.4712, 9.1884, 9.8952, 9.424, 0.2356, 4.4764, 2.356, 5.89, 5.6544, 6.1256, 4.0052, 7.3036, 2.356, 5.1832, 1.8848, 14.3716, 11.5444, 0.4712, 7.3036, 8.4816, 17.67, 8.246, 9.424, 8.7172, 9.424, 5.4188, 3.534, 5.6544, 2.8272, 0, 109.3184, 20.7328, 29.6856, 1.6492],
      [0.297, 0, 0.792, 0.099, 0, 0.396, 0.099, 0.099, 0.198, 0.099, 0.297, 3.564, 6.534, 0.198, 3.861, 4.158, 3.96, 0.099, 1.881, 0.99, 2.475, 2.376, 2.574, 1.683, 3.069, 0.99, 2.178, 0.792, 6.039, 4.851, 0.198, 3.069, 3.564, 7.425, 3.465, 3.96, 3.663, 3.96, 2.277, 1.485, 2.376, 1.188, 0, 45.936, 8.712, 12.474, 0.693],
      [0.8877, 0, 2.3672, 0.2959, 0, 1.1836, 0.2959, 0.2959, 0.5918, 0.2959, 0.8877, 10.6524, 19.5294, 0.5918, 11.5401, 12.4278, 11.836, 0.2959, 5.6221, 2.959, 7.3975, 7.1016, 7.6934, 5.0303, 9.1729, 2.959, 6.5098, 2.3672, 18.0499, 14.4991, 0.5918, 9.1729, 10.6524, 22.1925, 10.3565, 11.836, 10.9483, 11.836, 6.8057, 4.4385, 7.1016, 3.5508, 0, 137.2976, 26.0392, 37.2834, 2.0713],
      [1.1085, 0, 2.956, 0.3695, 0, 1.478, 0.3695, 0.3695, 0.739, 0.3695, 1.1085, 13.302, 24.387, 0.739, 14.4105, 15.519, 14.78, 0.3695, 7.0205, 3.695, 9.2375, 8.868, 9.607, 6.2815, 11.4545, 3.695, 8.129, 2.956, 22.5395, 18.1055, 0.739, 11.4545, 13.302, 27.7125, 12.9325, 14.78, 13.6715, 14.78, 8.4985, 5.5425, 8.868, 4.434, 0, 171.448, 32.516, 46.557, 2.5865]
    ]
  ],
  "V_est": [
    [205.5159, 158.0535, 290.9853, 272.4453],
    [344.208, 273.104, 15292.208, 250.48],
    [244.3518, 3655.7568, 966.3003, 422.5911],
    [685.6896, 193.152, 612.8552, 520.5044],
    [378.6092, 159.093, 475.5113, 593.7865]
  ],
  "p_est": [
    [0.2217, 0.1705, 0.3139, 0.2939],
    [0.0213, 0.0169, 0.9463, 0.0155],
    [0.0462, 0.6912, 0.1827, 0.0799],
    [0.3408, 0.096, 0.3046, 0.2587],
    [0.2356, 0.099, 0.2959, 0.3695]
  ],
  "EI_Z": {},
  "EI_V": 6.3471,
  "MAE_Z": {},
  "MAE_V": 164.9938,
  "MAE_p": 0.0796,
  "runtime": 95.35
}
