{
  "Z_true": {},
  "V_true": [
    [24, 428, 710, 231, 372],
    [18, 269, 60, 871, 593],
    [148, 1303, 201, 9657, 503],
    [108, 1427, 5203, 603, 318],
    [1150, 795, 573, 918, 161],
    [17, 736, 213, 411, 351],
    [87, 894, 240, 881, 451]
  ],
  "p_true": [
    [0.0136, 0.2425, 0.4023, 0.1309, 0.2108],
    [0.0099, 0.1485, 0.0331, 0.4809, 0.3274],
    [0.0125, 0.1103, 0.017, 0.8176, 0.0426],
    [0.0141, 0.1863, 0.6793, 0.0787, 0.0415],
    [0.3197, 0.221, 0.1593, 0.2552, 0.0448],
    [0.0098, 0.4259, 0.1233, 0.2378, 0.2031],
    [0.0341, 0.3502, 0.094, 0.3451, 0.1767]
  ],
  "Z_est": {},
  "V_est": [
    [183.9108, 237.1231, 1062.1474, 0, 281.8186],
    [0, 0, 0, 1029.4663, 781.5337],
    [0, 3147.906, 0, 8664.094, 0],
    [8.2639, 22.9995, 6137.8526, 654.7953, 835.0887],
    [1359.8252, 0, 0, 1967.3314, 269.8434],
    [0, 1728, 0, 0, 0],
    [0, 715.9714, 0, 1256.313, 580.7156]
  ],
  "p_est": [
    [0.1042, 0.1343, 0.6018, 0, 0.1597],
    [0, 0, 0, 0.5685, 0.4315],
    [0, 0.2665, 0, 0.7335, 0],
    [0.0011, 0.003, 0.8014, 0.0855, 0.109],
    [0.378, 0, 0, 0.5469, 0.075],
    [0, 1, 0, 0, 0],
    [0, 0.2804, 0, 0.4921, 0.2275]
  ],
  "EI_Z": {},
  "EI_V": 22.8706,
  "MAE_Z": {},
  "MAE_V": 404.156,
  "MAE_p": 0.1135,
  "runtime": 0.0428
}
