{
  "Z_true": {},
  "V_true": [
    [453, 83, 1490, 70],
    [511, 416, 13122, 401],
    [79, 9936, 1398, 440],
    [20, 541, 494, 609],
    [12, 455, 276, 325],
    [66, 332, 483, 309]
  ],
  "p_true": [
    [0.2161, 0.0396, 0.7109, 0.0334],
    [0.0354, 0.0288, 0.9081, 0.0278],
    [0.0067, 0.8383, 0.1179, 0.0371],
    [0.012, 0.3251, 0.2969, 0.366],
    [0.0112, 0.426, 0.2584, 0.3043],
    [0.0555, 0.279, 0.4059, 0.2597]
  ],
  "Z_est": [
    [
      [7.8706, 0.3676, 0, 3.3415, 9.3991, 14.737, 6.9068, 13.6494, 22.5244, 1.199, 40.1368, 16.7831, 19.0007, 23.1269, 10.0934, 26.1007, 0, 6.8755, 2.8338, 10.5139, 4.6888, 4.6369, 15.7046, 4.3535, 5.9266, 12.3353, 16.7656, 9.5543, 2.6741, 16.3336, 8.25, 2.8612, 8.5367, 12.7334, 8.5324, 3.7064, 9.3044, 0.822, 6.8113, 2.7955, 18.7176, 10.1624, 29.4367, 4.7185, 17.0598, 3.6111, 0, 1.0739, 57.314, 6.3451, 61.4951, 21.1393],
      [6.5849, 0.2205, 0, 3.0203, 4.3695, 4.8768, 7.139, 10.0983, 9.8902, 2.4603, 22.9617, 7.6176, 7.2908, 20.5575, 5.5529, 14.5587, 0.3941, 3.0325, 0.5624, 6.2049, 5.6186, 1.4546, 11.2727, 2.7681, 2.4079, 5.4978, 12.6816, 4.5952, 0.7307, 12.8036, 10.3282, 2.5332, 7.1138, 12.78, 2.7187, 3.3796, 5.3952, 0.1118, 6.7548, 1.4111, 12.4518, 6.108, 14.877, 3.0258, 14.1586, 6.3144, 0, 1.4211, 38.7576, 2.8009, 14.8928, 7.7118],
      [19.5097, 1.3974, 0, 6.5843, 9.1648, 17.3571, 13.8809, 28.0798, 44.3458, 3.334, 65.6067, 20.5025, 24.5687, 41.1447, 14.2773, 49.1575, 0.6023, 9.0281, 1.5896, 13.222, 12.6152, 6.8572, 28.8652, 10.8066, 8.6067, 24.039, 38.3635, 19.6971, 2.584, 33.7014, 28.2541, 8.5656, 20.2181, 38.2826, 10.6705, 8.8665, 13.2216, 3.0389, 15.3279, 7.7583, 35.6253, 13.6287, 52.38, 12.1752, 34.6386, 15.0111, 0, 4.4618, 103.3087, 8.7968, 50.2873, 39.8598],
      [0.0348, 0.0144, 0, 0.054, 0.0665, 0.0291, 0.0733, 0.1725, 0.2396, 0.0066, 0.2949, 0.0968, 0.1399, 0.171, 0.0764, 0.1831, 0.0036, 0.064, 0.0141, 0.0592, 0.0773, 0.0512, 0.1575, 0.0718, 0.0588, 0.1279, 0.1893, 0.1534, 0.0113, 0.1614, 0.1676, 0.04, 0.1314, 0.2039, 0.0783, 0.0476, 0.0789, 0.0272, 0.1059, 0.0351, 0.2053, 0.1008, 0.3063, 0.0804, 0.143, 0.0634, 0, 0.0433, 0.6197, 0.0572, 0.3248, 0.289]
    ],
    [
      [1.7827, 0.0548, 0, 0.634, 3.6981, 2.7499, 2.2633, 5.6104, 6.9721, 0.4295, 6.1515, 2.6711, 4.0165, 6.4922, 2.265, 4.918, 0, 1.9407, 0.8638, 4.0602, 1.0136, 1.527, 4.4825, 1.9803, 2.0139, 4.2528, 4.544, 3.5354, 1.6575, 4.7206, 0.4914, 1.4792, 1.9048, 1.1644, 2.2366, 1.9862, 4.9517, 0.4233, 1.3477, 2.3916, 6.0094, 2.4595, 7.111, 2.8182, 3.4485, 0, 0, 0.0293, 14.1281, 2.256, 11.5775, 2.4157],
      [0.6885, 0, 0, 0.4731, 1.9295, 0.5056, 1.9003, 3.6607, 3.2851, 0.754, 3.0125, 1.154, 1.5792, 5.7264, 0.9582, 2.327, 0.045, 0.6354, 0.3735, 2.1342, 1.7904, 0.2457, 2.6967, 0.3345, 0.5217, 1.4307, 3.2068, 1.2477, 0.5714, 3.3084, 1.3861, 1.6164, 1.4852, 1.8857, 0.6016, 1.6538, 2.3881, 1.1359, 1.4355, 1.1319, 3.3505, 1.2295, 3.0617, 1.6204, 2.6426, 0.4679, 0.0703, 1.4514, 8.5121, 0.6972, 8.0664, 0.768],
      [103.4025, 10.0328, 9.5679, 55.2501, 176.9206, 87.0133, 200.8071, 522.3864, 591.1984, 56.0853, 444.1325, 154.6444, 252.6021, 502.6272, 137.8503, 398.3166, 25.1779, 115.4896, 41.9544, 225.4406, 172.6339, 99.4002, 360.3974, 72.7895, 128.5317, 346.1558, 486.2957, 294.6532, 91.7445, 442.8578, 159.9472, 259.1254, 219.9245, 248.3204, 140.483, 226.8063, 307.3206, 22.0262, 149.8718, 285.1524, 502.4542, 141.9031, 553.8851, 343.6024, 319.2149, 46.5304, 1.9297, 156.153, 1134.533, 139.5744, 742.6658, 184.0763],
      [4.1263, 0.9124, 1.4321, 7.6427, 22.4519, 18.7311, 18.0294, 57.3425, 56.5444, 2.7313, 36.7035, 12.5305, 24.8022, 39.1541, 11.9265, 29.4385, 2.777, 13.9343, 4.8083, 18.3649, 18.5621, 12.8272, 34.4235, 15.8957, 14.9327, 32.1608, 42.9536, 44.5637, 7.0266, 38.1132, 16.1753, 21.779, 24.6856, 22.6295, 17.6787, 21.5537, 32.3396, 2.4146, 18.345, 23.3241, 51.186, 17.4079, 56.9422, 40.9591, 24.6939, 3.0017, 0, 26.3663, 121.8268, 15.4724, 81.6904, 20.74]
    ],
    [
      [2.4835, 0.3629, 0, 1.3458, 3.5414, 2.01, 1.167, 5.2044, 11.4847, 0.0964, 11.8933, 4.8532, 10.6688, 9.7803, 2.2771, 6.8371, 0, 3.2199, 1.0136, 3.0724, 1.993, 2.176, 5.3879, 0.0483, 2.557, 3.1334, 8.5736, 3.98, 2.6039, 5.6946, 1.2352, 1.8195, 2.4581, 3.1514, 2.9005, 0.8154, 3.4243, 0.7543, 3.5795, 2.1849, 6.063, 2.3897, 10.2377, 2.4323, 5.9174, 0, 0, 0.0587, 21.0791, 3.1866, 26.6626, 4.4612],
      [217.5253, 9.0816, 4.9827, 89.7334, 131.5809, 87.4845, 91.4885, 289.5499, 373.1635, 23.8158, 502.0471, 172.3815, 323.4908, 665.7941, 94.1468, 280.9906, 17.7276, 109.0999, 21.8614, 136.5733, 257.8394, 53.9039, 286.0895, 64.726, 80.2641, 105.4013, 495.7804, 147.1448, 61.6532, 336.2143, 322.599, 130.3389, 160.0788, 327.5772, 73.7446, 57.8048, 149.4179, 7.7457, 301.6483, 84.3669, 299.7966, 107.1263, 383.7164, 119.278, 371.2115, 95.034, 0.9297, 102.6752, 1056.1109, 107.703, 580.6753, 120.3407],
      [23.9912, 1.2725, 0.8562, 6.5466, 9.6157, 12.5054, 6.2077, 28.7573, 59.4324, 1.0878, 51.6724, 16.5081, 38.9778, 47.4256, 8.3735, 34.1483, 1.0449, 11.3151, 1.9757, 10.2674, 20.4107, 8.7036, 26.022, 10.2257, 9.8966, 16.232, 53.9281, 22.8752, 7.5976, 31.7314, 32.1437, 15.6144, 16.0587, 35.4766, 10.1245, 5.2889, 12.8911, 6.2342, 24.0504, 16.2563, 30.6178, 8.2075, 48.2412, 17.0375, 32.8225, 8.7211, 1.0703, 12.2661, 101.2896, 11.7437, 73.1533, 21.7018],
      [0, 0.283, 0.1612, 0.3742, 0.262, 0, 0.1367, 0.4885, 0.9193, 0, 0.3872, 0.2572, 0.8627, 0, 0.2026, 0.024, 0.2275, 0.3651, 0.1493, 0.0869, 0.7569, 0.2165, 0.5006, 0, 0.2823, 0.2334, 0.7179, 0, 0.1452, 0.3597, 1.0221, 0.2271, 0.4045, 0.7948, 0.2303, 0.091, 0.2667, 0.2658, 0.7218, 0.1918, 0.5226, 0.2765, 0.8047, 0.2522, 0.0486, 0.2449, 0, 0, 1.5204, 0.3667, 1.5089, 0.4963]
    ],
    [
      [0, 0, 0, 0.0013, 0, 0, 0.001, 0.0005, 0.0041, 0, 0.0016, 0, 0, 0.0007, 0.0021, 0.0026, 0, 0.0017, 0, 0.0029, 0, 0.0023, 0.0013, 0.0012, 0.003, 0.0032, 0, 0.005, 0, 0.0001, 0, 0, 0, 0, 0, 0, 0.0053, 0.0005, 0, 0.0031, 0.0038, 0.0016, 0.0031, 0, 0, 0, 0, 0, 0.003, 0.0014, 0, 0.0035],
      [0.4976, 0, 0.0173, 0.7403, 1.602, 0.0875, 1.7682, 4.2883, 2.5296, 0.481, 2.6509, 1.0988, 1.3572, 5.6969, 1.0637, 2.0694, 0.2105, 1.0737, 0.153, 2.3444, 2.2623, 0.4873, 1.9633, 0.3041, 0.9145, 1.3017, 3.1102, 1.3272, 0.5208, 3.1384, 0.9567, 1.4627, 2.0514, 1.444, 0.5529, 1.7373, 3.1586, 0.0065, 1.6998, 1.3313, 4.2274, 0.9583, 2.9736, 2.1016, 2.9107, 0.7567, 0, 0.8955, 8.8923, 0.8628, 3.428, 0.6831],
      [5.9698, 0, 0.5759, 6.603, 13.6761, 1.2501, 13.9929, 48.1937, 45.6781, 2.7547, 30.5641, 11.9951, 18.5198, 45.9691, 11.139, 28.2147, 1.873, 13.0358, 1.8427, 20.2783, 20.6249, 9.4181, 20.3238, 4.8401, 13.3656, 23.0604, 38.0003, 23.0549, 7.5758, 33.3801, 10.6276, 20.0924, 23.677, 17.5391, 8.8531, 18.5484, 31.3881, 0.7007, 15.6267, 29.6071, 48.8677, 8.7037, 42.271, 34.2811, 28.7616, 7.7147, 0, 11.3698, 95.5413, 11.0467, 47.4289, 14.3071],
      [1.5326, 0, 0.4067, 4.6554, 8.7219, 1.6624, 6.2379, 26.5175, 21.7882, 0.7643, 12.7834, 4.9062, 9.123, 18.3333, 4.7951, 10.7133, 0.9165, 7.8888, 1.0043, 8.3744, 11.1128, 6.0923, 9.7116, 6.8546, 7.7169, 10.6346, 16.8895, 18.6129, 2.9034, 14.4814, 5.4157, 8.4449, 13.2716, 8.0169, 5.594, 8.7143, 16.448, 0.2924, 9.6734, 12.0584, 24.9012, 5.3364, 21.7523, 20.6174, 11.3277, 2.5287, 0, 10.7347, 51.5635, 6.0891, 26.1431, 8.0064]
    ],
    [
      [0.0175, 0, 0, 0.0163, 0.022, 0.0361, 0.0177, 0.0508, 0.0738, 0.0008, 0.0945, 0.0433, 0.0717, 0.059, 0.0304, 0.0513, 0, 0.0306, 0.0083, 0.0291, 0.0143, 0.0139, 0.0819, 0.011, 0.0156, 0.027, 0.0769, 0.0393, 0.0388, 0.0454, 0.0092, 0.0213, 0.0239, 0.0213, 0.0279, 0.0111, 0.0439, 0, 0.0147, 0.0264, 0.0694, 0.0215, 0.0862, 0.0233, 0.0622, 0.0015, 0, 0.002, 0.2023, 0.0158, 0.1467, 0.0174],
      [4.1168, 0, 0, 3.9468, 2.9392, 3.5635, 5.0363, 10.3921, 8.7931, 0.481, 14.7236, 5.6338, 7.9878, 14.444, 4.5228, 7.7387, 1.1245, 3.7793, 0.6011, 4.7506, 5.6479, 1.232, 15.8618, 1.8925, 1.7829, 3.2849, 16.4488, 5.0864, 3.5962, 9.8593, 4.3319, 5.8639, 5.7209, 7.5561, 2.6077, 2.8708, 6.9948, 0, 4.1995, 3.6502, 12.5905, 3.5369, 11.867, 4.1952, 14.3765, 1.3324, 0, 0.8372, 37.4399, 1.9609, 11.1213, 1.7177],
      [9.8082, 0, 0, 6.9186, 4.962, 10.1153, 7.8598, 23.2442, 31.7618, 0.5148, 33.8379, 12.2013, 21.6787, 23.2725, 9.3477, 21.0178, 1.8494, 9.0562, 1.3725, 8.1388, 10.2032, 4.681, 32.6716, 5.9157, 5.1295, 11.5577, 40.0391, 17.5396, 10.2675, 20.8744, 9.5405, 15.9503, 13.0756, 18.2183, 8.2379, 6.0485, 13.7841, 0, 7.6708, 16.1622, 28.9778, 6.3468, 33.6229, 13.5826, 28.2927, 2.6451, 0, 2.113, 80.297, 4.9568, 30.322, 7.1674],
      [0.0576, 0, 0, 0.1183, 0.0768, 0.2852, 0.0862, 0.3129, 0.3714, 0.0034, 0.344, 0.1216, 0.2617, 0.2246, 0.0992, 0.1923, 0.0261, 0.1339, 0.0182, 0.0816, 0.1346, 0.0731, 0.3847, 0.1808, 0.072, 0.1304, 0.4352, 0.3347, 0.0974, 0.2209, 0.1184, 0.1645, 0.1796, 0.2042, 0.1264, 0.0696, 0.1772, 0, 0.115, 0.1613, 0.3622, 0.0948, 0.4239, 0.1989, 0.2686, 0.021, 0, 0.0479, 1.0608, 0.0665, 0.4101, 0.0975]
    ],
    [
      [0.8458, 0.2147, 0, 0.661, 2.3394, 1.4669, 1.6442, 3.4846, 6.9409, 0.2743, 4.7223, 2.6492, 3.2423, 5.541, 1.332, 5.0904, 0, 1.9315, 1.2805, 3.3215, 1.2903, 1.644, 3.3419, 0.6056, 1.484, 2.2483, 2.04, 1.886, 2.0257, 3.2057, 1.0142, 1.8187, 1.0765, 1.9294, 2.3025, 2.4809, 3.2704, 0, 1.2468, 1.5985, 6.1368, 1.9653, 4.1253, 3.0078, 3.5121, 0.3874, 0, 0.8361, 11.2735, 2.1951, 17.1182, 0.9629],
      [3.5869, 0.6979, 0, 3.0861, 5.5789, 2.4821, 8.6676, 13.0107, 15.3385, 3.008, 13.6043, 6.1143, 6.2943, 24.7811, 3.7556, 14.3157, 2.4982, 4.3793, 1.4486, 9.9926, 7.8414, 2.6764, 12.116, 1.9748, 3.1089, 5.0836, 7.7722, 4.5986, 2.9277, 12.6761, 6.398, 8.1849, 4.55, 9.757, 3.7743, 11.5537, 9.6453, 0, 6.262, 4.1086, 20.5832, 6.0409, 10.5043, 9.779, 14.7, 3.0947, 0, 5.7196, 38.2873, 4.9752, 20.8163, 1.7788],
      [3.3186, 1.2973, 0, 2.0975, 3.6608, 2.7588, 5.2516, 11.3387, 21.5836, 1.2234, 12.1864, 5.1487, 6.653, 15.5609, 3.0123, 15.1451, 1.4525, 4.0753, 1.265, 6.6529, 5.5121, 3.9399, 9.72, 2.4224, 3.4699, 6.9551, 7.3733, 6.1801, 3.2306, 10.4549, 5.4868, 8.6518, 4.0462, 9.1629, 4.631, 9.4415, 7.3945, 0, 4.4523, 7.0636, 18.4573, 4.2101, 11.5998, 12.3212, 11.2697, 2.3776, 0, 5.6364, 32.0304, 4.8816, 22.1427, 2.8876],
      [1.2488, 0.7901, 0, 2.1554, 3.4209, 5.2922, 3.4366, 9.1661, 15.137, 0.4944, 7.487, 3.0878, 4.8105, 9.117, 1.9002, 8.4488, 1.0493, 3.6139, 1.0058, 4.033, 4.3563, 3.7396, 6.8222, 4.9972, 2.9372, 4.713, 4.8145, 7.3353, 1.816, 6.6634, 4.101, 5.3445, 3.3273, 6.1506, 4.2923, 6.5238, 5.6897, 0, 4.0389, 4.2293, 13.8227, 3.7836, 8.7705, 10.892, 6.5182, 1.1403, 0, 7.8079, 25.4088, 3.9481, 17.9228, 2.3708]
    ]
  ],
  "V_est": [
    [623.8604, 372.2701, 1093.8666, 6.0028],
    [157.9314, 93.1542, 12891.8596, 1307.0548],
    [222.2709, 10491.4558, 1120.6156, 18.6577],
    [0.0597, 88.1513, 1042.7234, 533.0656],
    [1.8652, 314.0391, 742.8492, 9.2465],
    [135.0124, 403.9294, 371.0856, 279.9725]
  ],
  "p_est": [
    [0.2976, 0.1776, 0.5219, 0.0029],
    [0.0109, 0.0064, 0.8922, 0.0905],
    [0.0188, 0.8851, 0.0945, 0.0016],
    [0, 0.053, 0.6266, 0.3204],
    [0.0017, 0.294, 0.6956, 0.0087],
    [0.1135, 0.3394, 0.3118, 0.2353]
  ],
  "EI_Z": {},
  "EI_V": 9.967,
  "MAE_Z": {},
  "MAE_V": 268.4522,
  "MAE_p": 0.1022,
  "runtime": 1.465
}
