{
  "Z_true": {},
  "V_true": [
    [11, 663, 1226, 255, 16],
    [171, 903, 10091, 1224, 145],
    [117, 151, 656, 16097, 124],
    [733, 48, 526, 679, 51],
    [22, 212, 460, 388, 43],
    [59, 71, 206, 332, 130]
  ],
  "p_true": [
    [0.0051, 0.3054, 0.5647, 0.1175, 0.0074],
    [0.0136, 0.072, 0.8051, 0.0977, 0.0116],
    [0.0068, 0.0088, 0.0383, 0.9389, 0.0072],
    [0.3598, 0.0236, 0.2582, 0.3333, 0.025],
    [0.0196, 0.1884, 0.4089, 0.3449, 0.0382],
    [0.0739, 0.089, 0.2581, 0.416, 0.1629]
  ],
  "Z_est": [
    [
      [0.0049, 0, 0.009, 0.0005, 0, 0, 0.0386, 0, 0.0029, 0, 0.0175, 0, 0, 0.0014, 0.0007, 0, 1.367e-06, 0.0002, 0, 0, 0.0015, 0, 0.0034, 0.0002, 0.0052, 0, 0.0003, 0.0024, 0, 0, 0.0004, 0, 0, 0.0009, 0, 0, 0, 0.0016, 0.0016, 0, 0, 0.0104, 0, 0, 0, 0.001, 0, 0, 0, 0.0051, 0, 0.0004, 0, 0.003, 0, 0, 0.0008],
      [102.4433, 35.4184, 0.7178, 0.9545, 0, 43.5085, 0, 3.2227, 6.0443, 41.3467, 81.8174, 1.6236, 0, 12.2313, 0.8609, 0, 1.5022, 0.4236, 0, 0, 10.0524, 11.2144, 8.5333, 8.8445, 11.3479, 4.6548, 2.3825, 6.4061, 1.5206, 4.4039, 6.651, 9.94, 4.0395, 4.6171, 0, 7.9206, 24.4346, 14.234, 21.1492, 0.9762, 0.6255, 14.5995, 26.4758, 9.0983, 0.4534, 8.7299, 9.8771, 6.6575, 2.8456, 12.0054, 0, 1.4165, 0, 0.1326, 58.8118, 90.89, 43.6691],
      [208.7329, 44.8918, 3.1843, 2.6627, 0, 66.27, 0.8113, 5.0908, 10.0692, 64.7422, 105.372, 2.3417, 0, 26.2337, 0.1315, 0, 2.1908, 1.4576, 0, 0.786, 22.1533, 26.7544, 13.4289, 20.7492, 20.9795, 5.8, 1.4838, 4.2871, 4.1869, 8.8879, 9.5662, 13.6575, 9.7258, 13.67, 0.9118, 5.8373, 40.2086, 25.7017, 30.1443, 0.0188, 2.8734, 49.6712, 38.1256, 19.7036, 0.2331, 20.3116, 18.3353, 11.2175, 8.5178, 25.2643, 0, 2.197, 0, 0.8185, 65.2771, 92.696, 56.7508],
      [26.7686, 5.6731, 0.0889, 0.3823, 0, 7.2084, 0.1502, 0.6849, 0.8788, 6.881, 10.7931, 0.0347, 0, 4.527, 0.0058, 0, 0.306, 0.117, 0, 0.2097, 2.7813, 3.0215, 2.024, 2.3935, 2.6517, 0.5452, 0.1326, 0.3025, 0.2909, 0.7041, 0.773, 2.4025, 1.2295, 1.7049, 0.0871, 1.2284, 4.3273, 3.0372, 3.6861, 0.005, 0.5011, 4.7189, 5.3739, 4.1981, 0.3122, 2.946, 4.7797, 2.1185, 1.6355, 1.7107, 0, 0.3839, 0, 0.046, 11.8208, 9.3683, 5.5793],
      [0.0503, 0.0167, 0, 0, 0, 0.0131, 0, 0.0017, 0.0048, 0.0301, 0, 0, 0, 0.0065, 0.0012, 0, 0.001, 0.0016, 0, 0.0043, 0.0115, 0.0096, 0.0104, 0.0127, 0.0156, 0, 0.0008, 0.0019, 0.0016, 0.0041, 0.0094, 0, 0.0053, 0.0072, 0.001, 0.0137, 0.0295, 0.0255, 0.0188, 0, 0, 0, 0.0247, 0, 0.0013, 0.0116, 0.0079, 0.0064, 0.0011, 0.0144, 0, 0.0021, 0, 0, 0.0903, 0.0457, 0]
    ],
    [
      [68.5152, 16.3231, 0.5076, 0.6274, 0, 3.9953, 0.9614, 0, 2.7714, 19.0451, 12.8144, 0.9021, 0.3892, 8.5083, 0.9758, 0, 4.3021, 0.8973, 0.1487, 0, 6.6284, 4.0829, 3.7367, 2.6557, 4.0301, 3.1658, 2.8924, 3.0882, 4.1592, 8.2217, 3.584, 1.2752, 1.9318, 5.2086, 0.4924, 0.1604, 1.5436, 2.8967, 6.3111, 0, 1.6811, 7.4087, 4.719, 4.6328, 0, 5.6604, 4.6334, 1.6921, 0.8207, 4.4966, 0.153, 1.8734, 0, 0.0583, 0.8966, 39.6872, 22.4452],
      [109.3554, 31.0668, 0.2687, 0.6568, 0.1529, 26.3527, 0, 2.7671, 6.6702, 32.7917, 37.3039, 0.9047, 0.3241, 8.6242, 2.2174, 0.3138, 6.3182, 0.5305, 0, 0, 7.7942, 7.8888, 6.7418, 4.7466, 6.8391, 6.9609, 9.6449, 8.2574, 3.139, 9.0987, 6.3273, 7.5238, 3.7861, 3.2276, 0, 4.9223, 12.3035, 6.7787, 17.2507, 2.0238, 0.0375, 3.349, 17.8927, 3.6858, 0.7452, 6.7937, 12.5997, 4.8458, 2.5426, 10.4685, 0, 2.4077, 0, 0.0498, 19.0391, 92.1732, 44.8428],
      [2193.8206, 377.6127, 9.9658, 17.2796, 2.7207, 377.5358, 3.1887, 40.2894, 104.0514, 486.6028, 466.506, 11.1867, 7.6476, 185.721, 10.8739, 3.6467, 89.1831, 24.8729, 5.6353, 4.7052, 178.7588, 200.0178, 100.7885, 118.6793, 121.6632, 83.386, 72.6014, 68.6965, 91.3349, 173.7665, 86.7174, 96.4953, 99.2941, 154.4249, 7.2684, 41.2138, 189.6957, 116.835, 234.3035, 2.5317, 18.0364, 237.858, 243.4655, 73.664, 3.3203, 171.767, 216.9913, 78.0826, 105.1057, 207.6854, 4.0584, 36.3673, 0.8048, 2.679, 201.9437, 969.5453, 548.5723],
      [380.9084, 64.7561, 0.2579, 3.4362, 0.1264, 55.5618, 0.8498, 7.5236, 12.0349, 69.8636, 64.5251, 0.0065, 0.4148, 43.3464, 0.442, 0.0395, 16.9353, 2.66, 2.216, 0.9884, 30.3988, 30.5229, 20.5919, 18.5473, 20.8757, 10.4874, 8.3627, 6.0083, 7.8394, 17.4341, 9.1044, 22.7057, 16.9248, 25.785, 1.0259, 11.5705, 27.6383, 18.7551, 38.8806, 0.4445, 4.2451, 30.4178, 46.4549, 20.782, 5.7251, 33.6425, 75.9514, 19.8883, 26.6847, 18.4344, 0.7886, 8.6819, 0.1952, 0.2129, 49.2574, 130.9399, 72.175],
      [34.4004, 12.2413, 0, 0, 0, 5.5544, 0, 0.4199, 3.4721, 10.6967, 6.8507, 0, 0.2243, 2.8001, 0.4908, 0, 2.2614, 1.0392, 0, 0.3065, 4.4199, 3.4875, 3.141, 2.3711, 2.592, 0, 3.4986, 0.9496, 1.5274, 3.479, 2.2669, 0, 3.0633, 5.3539, 0.2133, 1.1329, 3.8188, 2.7345, 6.2541, 0, 0, 1.9665, 6.4679, 0.2354, 0.2094, 6.1364, 4.8243, 1.4912, 0.8463, 3.9151, 0, 1.6696, 0, 0, 5.8632, 21.6544, 18.9647]
    ],
    [
      [0, 0, 0.0213, 0.0189, 0, 0, 0, 0, 0.0727, 0.2382, 0, 0, 0, 0.0445, 0, 0, 0, 0, 0, 0, 0, 0, 0.1528, 0, 0.1851, 0, 0, 0, 0, 0, 0.0806, 0, 0, 0, 0, 0, 0, 0.0717, 0.148, 0, 0, 0, 0, 0, 0, 0, 0, 0.0022, 0, 0.2943, 0.0786, 0.1133, 0, 0.1451, 0, 0, 0],
      [0, 0, 0.0116, 0.0739, 0.0355, 0, 0, 0, 0.0585, 0.1458, 0, 0.0115, 0.0939, 0, 0, 0.2896, 0.2335, 0, 0, 0, 0, 0, 0.0887, 0, 0, 0, 0, 0, 0, 0, 0.08, 0, 0, 0, 0, 0, 0, 0.0278, 0.0405, 0, 0, 0, 0, 0, 0.5803, 0, 0.2777, 0.2143, 0, 0.1517, 0, 0.1208, 0, 0.0542, 0, 0, 0],
      [193.8538, 19.5619, 0.4284, 0.6196, 0.11, 27.8017, 0, 0.8266, 3.4703, 29.4157, 20.8345, 1.1144, 1.2945, 18.0567, 0.447, 0.7618, 7.4806, 1.9523, 0.3113, 0, 13.4773, 23.8134, 4.0563, 8.9348, 6.53, 3.8101, 5.1333, 4.7951, 6.692, 8.1881, 4.8874, 7.7837, 12.9308, 15.2234, 0.3375, 1.4179, 12.5736, 5.8422, 11.2694, 0, 0.3401, 21.2803, 10.3315, 3.3511, 0.4489, 20.365, 18.0514, 5.4839, 8.8057, 16.2293, 0.0566, 1.2805, 0.0419, 0.1263, 7.6862, 60.5194, 42.3309],
      [4684.1462, 468.4381, 4.5387, 25.2876, 3.8545, 584.1823, 4, 25.1639, 60.3797, 597.8279, 402.1655, 7.8741, 16.4028, 572.8553, 6.4955, 7.9487, 216.9549, 36.7569, 7.6887, 11.438, 330.1985, 529.7311, 126.5602, 208.7341, 169.031, 69.1899, 85.8667, 64.1518, 85.1463, 119.6602, 77.7886, 251.2163, 320.837, 368.7766, 19.358, 73.2864, 271.079, 140.8345, 272.312, 7, 20.6599, 397.7197, 282.4551, 111.6489, 16.5926, 557.635, 739.9482, 197.9591, 298.1943, 213.0074, 12.8647, 57.3539, 9.9581, 6.6745, 268.0108, 1141.6903, 761.6691],
      [0, 0, 0, 0, 0, 0.016, 0, 0.0095, 0.0188, 0.3724, 0, 0, 0.2088, 0.0434, 0.0575, 0, 0.331, 0.2908, 0, 0.562, 0.3241, 0.4555, 0.1419, 0.3311, 0.2538, 0, 0, 0.0531, 0.1617, 0.1517, 0.1634, 0, 0.2322, 0, 0.3045, 0.2957, 0.3473, 0.2238, 0.2301, 0, 0, 0, 0.2134, 0, 0.3783, 0, 0.7227, 0.3406, 0, 0.3173, 0, 0.1316, 0, 0, 0.303, 0.7903, 0]
    ],
    [
      [180.9215, 33.518, 1.4621, 0.8233, 0, 9.9612, 0, 0, 5.6597, 45.5361, 18.8286, 2.5803, 1.5283, 16.342, 0.8552, 0, 13.1153, 3.0588, 0.6282, 0, 20.8466, 18.1262, 12.5111, 5.6562, 9.3807, 10.3664, 8.7218, 6.5455, 19.1084, 22.738, 10.6628, 8.1868, 8.6278, 15.9541, 3.2796, 0.6679, 7.2085, 10.5521, 12.9657, 0, 1.6524, 20.5595, 11.2366, 6.0739, 0, 22.8023, 10.7321, 4.2147, 4.023, 15.7512, 0.5493, 1.8847, 0, 0.7462, 2.7652, 54.9002, 48.4704],
      [0, 0, 0.0019, 0.0005, 0, 0.0021, 0, 0, 0.004, 0.0059, 0, 0.0132, 0.0013, 0, 0, 0, 0.0047, 0, 0, 0, 0, 0, 0.0062, 0, 0, 0.0057, 0, 0, 0, 0.0067, 0.0061, 0.1398, 0, 0, 0, 0, 0.0023, 0.0021, 0.0017, 0, 0, 0, 0.0025, 0.0009, 0.191, 0, 0.0031, 0.0018, 0, 0.0076, 0, 0.0006, 0, 0.01, 0.0001, 0, 0.0096],
      [171.2096, 21.7132, 0.4214, 0.5612, 0, 17.1982, 0, 0, 6.1345, 32.5276, 19.9405, 0.3479, 0.3395, 10.4223, 0.1026, 0, 7.2517, 2.3801, 0.9204, 0, 16.5561, 23.8418, 9.569, 7.1609, 8.0266, 8.0627, 6.5631, 4.1768, 11.1132, 12.0505, 6.9591, 12.133, 11.4128, 14.3471, 0.3788, 1.2852, 13.1891, 11.8816, 13.5574, 0.4495, 0.1531, 20.3054, 14.479, 2.2918, 0.3179, 21.0576, 13.1179, 5.3108, 7.0407, 21.2281, 0.204, 0.8969, 0.3088, 1.5093, 5.1773, 38.1137, 34.295],
      [158.2269, 19.8049, 0.1146, 0.6151, 0, 13.4962, 0, 0, 3.9245, 24.9876, 14.8234, 0.0587, 0.1155, 13.0255, 0.037, 0, 7.3866, 1.438, 2.4513, 0, 15.057, 19.4809, 10.5231, 5.9993, 7.375, 5.529, 4.2539, 2.202, 5.5388, 6.8977, 4.143, 15.5404, 10.488, 12.9523, 0.3169, 2.0053, 10.2587, 10.2093, 12.0026, 0.5505, 0.1945, 13.9048, 14.7783, 3.6043, 3.4608, 22.1103, 24.7632, 7.3426, 9.8412, 10.5049, 0.2467, 1.1645, 0.6912, 0.7345, 6.8625, 27.8628, 24.3722],
      [3.642, 0.9639, 0, 0, 0, 0.3422, 0, 0, 0.2773, 0.9427, 0.4074, 0, 0.0154, 0.2103, 0.0052, 0, 0.2417, 0.1231, 0, 0, 0.5402, 0.5511, 0.3906, 0.1835, 0.2177, 0.0362, 0.4613, 0.0757, 0.2396, 0.3071, 0.229, 0, 0.4714, 0.7464, 0.0247, 0.0416, 0.3414, 0.3549, 0.4725, 0, 0, 0.2302, 0.5036, 0.0291, 0.0303, 1.0297, 0.3837, 0.1301, 0.0952, 0.5081, 0, 0.0532, 0, 0, 0.1949, 1.1232, 1.8528]
    ],
    [
      [0.1001, 0.032, 0, 0, 0, 0.0107, 0, 0, 0.0027, 0.0398, 0.0517, 0, 0.0012, 0.0468, 0, 0, 0, 0, 0.0829, 0, 0.0234, 0.0149, 0.011, 0.0116, 0.0269, 0.0107, 0.0016, 0.0029, 0.0146, 0.0136, 0.0112, 0.0041, 0.0036, 0.0193, 0.0044, 0, 0.0027, 0.0086, 0.0139, 0, 0.0043, 0.0446, 0.0148, 0.0251, 0, 0.0109, 0.0105, 0.0071, 0.0052, 0.008, 0, 0.0023, 0, 0.0475, 0, 0.1206, 0.0967],
      [48.7198, 17.9069, 0, 0, 0.8116, 22.1634, 0, 1.4441, 1.8472, 19.6467, 42.8971, 0, 0.5036, 14.8013, 0, 0, 0, 0, 0, 0, 8.8548, 9.0846, 5.4126, 6.8409, 12.0706, 6.146, 2.0301, 2.8345, 3.6911, 4.3383, 5.6307, 5.9282, 2.1542, 6.101, 0, 6.2089, 14.0979, 5.7065, 10.8128, 0, 0.2409, 12.8409, 19.7113, 6.2232, 1.8334, 4.5937, 7.5086, 6.0114, 4.2369, 5.1568, 0, 0.8723, 0, 0.7535, 22.6935, 89.8593, 55.6037],
      [49.0076, 11.1856, 0, 0, 0.1693, 16.6205, 0, 1.1002, 1.5061, 15.1688, 27.2254, 0, 0.3836, 15.6283, 0, 0, 0, 0, 0.4956, 0.5089, 9.5968, 10.6586, 4.1803, 7.877, 10.9633, 3.7326, 0.6143, 0.9163, 4.9557, 4.2902, 3.9604, 3.9893, 2.5394, 8.8785, 0.7411, 2.2301, 11.3974, 5.0642, 7.5877, 0, 0.5184, 21.4408, 13.9765, 6.5807, 0.4618, 5.2554, 6.8636, 4.9632, 6.2133, 5.3326, 0, 0.6528, 0, 1.8669, 12.3448, 45.2294, 35.6701],
      [16.7255, 3.7611, 0, 0, 0.019, 4.8075, 0, 0.3944, 0.3529, 4.2974, 7.4536, 0, 0.0491, 7.189, 0, 0, 0, 0, 0.4214, 0.3639, 3.2109, 3.206, 1.6824, 2.4224, 3.6969, 0.9369, 0.1464, 0.177, 0.9191, 0.9101, 0.863, 1.8748, 0.8564, 2.9509, 0.1726, 1.2548, 3.2611, 1.5947, 2.4713, 0, 0.2364, 5.4136, 5.2492, 3.7863, 1.6081, 2.0315, 4.7722, 2.5075, 3.1853, 0.9721, 0, 0.3063, 0, 0.3321, 5.9991, 12.1832, 9.34],
      [4.447, 2.1145, 0, 0, 0, 1.398, 0, 0.0613, 0.291, 1.8472, 2.3722, 0, 0.0626, 1.3347, 0, 0, 0, 0, 0, 0.1272, 1.3142, 1.0359, 0.7137, 0.848, 1.2422, 0.1738, 0.2074, 0.0694, 0.4194, 0.4477, 0.5346, 0.2036, 0.4465, 2.0503, 0.0819, 0.3063, 1.2409, 0.6261, 1.1143, 0, 0, 1.26, 2.0482, 0.3847, 0.0967, 1.1085, 0.8452, 0.5108, 0.3593, 0.5306, 0, 0.1663, 0, 0, 1.9626, 5.6075, 8.2896]
    ],
    [
      [9.4583, 2.1269, 0, 0.5299, 0, 1.0328, 0, 0, 0.4905, 3.1408, 2.2878, 0.5176, 0.0813, 1.057, 0.1683, 0, 0.5826, 0.0437, 0.1402, 0, 1.5001, 0.7761, 0.5849, 0.6763, 0.3719, 0.4571, 0.384, 0.3611, 0.7178, 1.0266, 0.6611, 0.5339, 0.4369, 0.817, 0.2236, 0.1717, 0.2452, 0.4693, 0.5596, 0, 0.6622, 0.9767, 1.0297, 1.2682, 0, 0.5254, 0.624, 0.084, 0.1511, 0.4448, 0.2191, 0.1259, 0, 0, 0.3382, 6.2919, 2.987],
      [18.4815, 4.6079, 0, 0.3144, 0, 4.9733, 0, 0.5661, 1.3757, 6.0631, 7.9815, 0.447, 0.0771, 1.3432, 0.9217, 0.3967, 0.9414, 0.0458, 0, 0, 2.2987, 1.8122, 1.2174, 1.568, 0.7424, 1.2327, 1.9424, 1.502, 0.6492, 1.1524, 1.3049, 2.4682, 1.0203, 1.0543, 0, 1.9482, 1.1617, 1.251, 1.7452, 0, 0.0961, 1.2106, 3.9177, 0.9919, 0.1967, 0.8827, 1.7337, 0.2692, 0.375, 1.21, 0, 0.1822, 0, 0, 2.4554, 18.0775, 6.8748],
      [77.3755, 12.0348, 0, 1.8768, 0, 15.5739, 0, 1.693, 4.7685, 19.5429, 21.1216, 1.0094, 0.3348, 5.9381, 0.445, 0.5915, 2.8939, 0.3371, 0.6373, 0, 10.4576, 8.914, 3.9769, 7.5987, 2.8373, 3.2086, 2.6041, 2.1282, 3.7173, 4.8168, 3.9094, 6.9413, 5.0971, 6.4561, 0.3624, 3.0158, 3.9356, 4.6753, 5.1377, 0, 1.0787, 8.4443, 11.6218, 4.4087, 0.2181, 4.2434, 6.6406, 0.942, 2.3168, 5.2603, 0.6809, 0.6054, 0.8445, 0, 5.571, 37.8962, 18.381],
      [10.2244, 1.5668, 0, 0.2789, 0, 1.7438, 0, 0.2332, 0.4292, 2.1424, 2.2393, 0.026, 0.0178, 1.0568, 0.0196, 0.0119, 0.4171, 0.0281, 0.2225, 0, 1.3535, 1.0374, 0.6184, 0.9033, 0.3697, 0.3115, 0.2376, 0.1584, 0.2655, 0.3938, 0.3279, 1.2603, 0.6645, 0.8303, 0.0395, 0.6545, 0.4355, 0.5692, 0.6473, 0, 0.163, 0.8251, 1.6886, 0.9804, 0.3012, 0.6346, 1.7855, 0.184, 0.459, 0.3704, 0.1, 0.1094, 0.1555, 0, 1.0494, 3.9555, 1.8643],
      [35.4603, 11.6636, 0, 0, 0, 6.6763, 0, 0.5077, 4.936, 12.1108, 9.3697, 0, 0.4889, 2.605, 0.4454, 0, 2.165, 0.5453, 0, 0, 7.3901, 4.4603, 3.6024, 4.2536, 1.6787, 0.79, 4.8319, 0.8502, 1.6503, 2.6104, 2.7967, 1.7964, 4.7813, 7.8422, 0.3746, 2.2098, 2.222, 3.0352, 3.9103, 0, 0, 2.5433, 8.7422, 1.3508, 0.284, 4.7138, 4.2162, 0.5209, 0.6981, 2.7145, 0, 0.9771, 0, 0, 4.586, 23.7789, 21.8929]
    ]
  ],
  "V_est": [
    [0.1139, 781.7256, 1235.114, 153.5311, 0.5154],
    [308.6078, 623.3474, 9781.4658, 1615.2731, 205.3059],
    [1.6674, 2.5898, 702.7664, 16429.1992, 8.7773],
    [753.2865, 0.4314, 669.9927, 594.2688, 19.0206],
    [0.9643, 526.8249, 410.5432, 136.3656, 50.302],
    [48.3602, 113.0809, 365.118, 46.3621, 225.0788]
  ],
  "p_est": [
    [0.0001, 0.3601, 0.5689, 0.0707, 0.0002],
    [0.0246, 0.0497, 0.7804, 0.1289, 0.0164],
    [0.0001, 0.0002, 0.041, 0.9583, 0.0005],
    [0.3698, 0.0002, 0.3289, 0.2917, 0.0093],
    [0.0009, 0.4683, 0.3649, 0.1212, 0.0447],
    [0.0606, 0.1417, 0.4575, 0.0581, 0.2821]
  ],
  "EI_Z": {},
  "EI_V": 5.2462,
  "MAE_Z": {},
  "MAE_V": 125.245,
  "MAE_p": 0.0578,
  "runtime": 1.54
}
