{
  "X": [
    [0, 4, 21, 24, 2],
    [2, 5, 31, 40, 1],
    [4, 5, 16, 37, 1],
    [19, 43, 212, 479, 9],
    [2, 1, 8, 4, 0],
    [14, 40, 318, 508, 13],
    [20, 29, 183, 289, 10],
    [6, 0, 13, 24, 1],
    [11, 6, 80, 122, 3],
    [4, 11, 75, 93, 4],
    [5, 1, 37, 57, 1],
    [8, 7, 28, 74, 1],
    [2, 12, 101, 110, 3],
    [3, 10, 104, 166, 7],
    [6, 6, 35, 36, 0],
    [16, 17, 152, 202, 12],
    [0, 1, 12, 7, 0],
    [14, 16, 158, 138, 1],
    [12, 15, 50, 68, 2],
    [25, 31, 536, 199, 26],
    [48, 58, 767, 409, 40],
    [2, 1, 19, 8, 0],
    [3, 5, 51, 75, 4],
    [173, 145, 1533, 2698, 77],
    [14, 15, 151, 206, 6],
    [2, 17, 97, 85, 7],
    [129, 157, 1513, 2276, 92],
    [60, 70, 818, 320, 43],
    [0, 1, 16, 4, 1],
    [8, 3, 22, 41, 2],
    [45, 40, 287, 451, 22],
    [5, 3, 46, 46, 3],
    [8, 15, 163, 266, 4],
    [76, 93, 1075, 966, 67],
    [7, 4, 98, 54, 0],
    [7, 15, 32, 88, 5],
    [23, 53, 290, 320, 13],
    [0, 1, 4, 3, 0],
    [4, 4, 14, 58, 1],
    [1, 4, 25, 55, 1],
    [1, 6, 10, 61, 1],
    [4, 1, 38, 61, 3],
    [2, 3, 19, 16, 0],
    [3, 0, 0, 3, 0],
    [3, 3, 3, 13, 1],
    [2, 7, 10, 66, 1],
    [3, 11, 56, 138, 4],
    [0, 0, 3, 6, 0],
    [6, 5, 44, 56, 1],
    [33, 23, 66, 240, 9],
    [1, 1, 5, 9, 0],
    [0, 1, 5, 5, 1],
    [0, 0, 4, 11, 2],
    [0, 0, 2, 4, 0],
    [1, 8, 35, 69, 1],
    [2, 2, 9, 7, 3],
    [5, 6, 21, 50, 3],
    [0, 1, 5, 8, 0],
    [10, 6, 15, 99, 1],
    [11, 4, 56, 79, 4],
    [12, 7, 30, 104, 1],
    [3, 5, 71, 31, 1],
    [8, 12, 87, 96, 6],
    [2, 10, 43, 26, 4],
    [2, 4, 47, 17, 2],
    [7, 12, 95, 54, 3],
    [6, 7, 26, 82, 5],
    [2, 8, 16, 101, 1],
    [12, 13, 34, 123, 7],
    [19, 10, 65, 148, 4],
    [14, 16, 136, 297, 14],
    [18, 16, 97, 257, 8],
    [7, 4, 28, 112, 4],
    [10, 24, 188, 349, 9],
    [17, 38, 238, 299, 7],
    [12, 15, 125, 195, 7],
    [22, 22, 150, 242, 7],
    [4, 6, 34, 38, 1],
    [2, 7, 36, 117, 3],
    [10, 15, 91, 191, 2],
    [1, 18, 50, 41, 4],
    [14, 13, 129, 61, 6],
    [3, 8, 22, 15, 1],
    [6, 12, 81, 24, 1],
    [1, 7, 18, 47, 1],
    [14, 8, 20, 86, 4],
    [2, 10, 25, 92, 2],
    [6, 9, 31, 136, 3],
    [0, 2, 20, 11, 0],
    [10, 6, 52, 136, 6],
    [0, 2, 1, 3, 0],
    [3, 0, 4, 8, 0],
    [5, 11, 15, 38, 1],
    [0, 0, 3, 3, 1],
    [3, 3, 31, 34, 2],
    [4, 7, 33, 78, 0],
    [1, 4, 14, 21, 0],
    [2, 6, 16, 84, 0],
    [11, 13, 50, 150, 4],
    [24, 32, 199, 526, 10],
    [4, 11, 29, 95, 0],
    [8, 12, 25, 111, 3],
    [9, 19, 81, 135, 9],
    [5, 28, 99, 210, 6],
    [12, 14, 118, 120, 2],
    [5, 6, 31, 33, 2],
    [14, 20, 130, 149, 11],
    [1, 6, 11, 23, 1],
    [7, 6, 63, 103, 3],
    [5, 7, 20, 108, 0],
    [4, 5, 26, 29, 3],
    [7, 12, 24, 61, 1],
    [11, 14, 23, 81, 4],
    [2, 6, 21, 35, 3],
    [8, 9, 65, 83, 5],
    [4, 6, 31, 123, 3],
    [6, 3, 8, 77, 2],
    [0, 3, 4, 10, 0],
    [8, 15, 35, 115, 3],
    [18, 20, 291, 193, 6],
    [127, 220, 1605, 1426, 122],
    [112, 168, 864, 970, 82],
    [0, 0, 9, 7, 0]
  ],
  "W": [
    [10, 7, 18, 15, 1],
    [19, 1, 33, 23, 3],
    [14, 0, 21, 23, 5],
    [111, 23, 211, 363, 54],
    [1, 1, 8, 4, 1],
    [97, 42, 316, 380, 58],
    [55, 20, 186, 233, 37],
    [5, 0, 16, 18, 5],
    [20, 6, 85, 93, 18],
    [30, 12, 69, 57, 19],
    [7, 2, 44, 45, 3],
    [12, 5, 27, 57, 17],
    [26, 11, 91, 85, 15],
    [44, 16, 101, 115, 14],
    [11, 4, 35, 24, 9],
    [48, 26, 148, 136, 41],
    [2, 0, 13, 5, 0],
    [31, 42, 129, 89, 36],
    [32, 4, 53, 39, 19],
    [47, 27, 515, 147, 81],
    [99, 36, 742, 319, 126],
    [5, 2, 18, 3, 2],
    [16, 4, 63, 47, 8],
    [460, 114, 1715, 1989, 348],
    [44, 20, 147, 145, 36],
    [33, 4, 114, 43, 14],
    [462, 105, 1687, 1576, 337],
    [104, 48, 746, 250, 163],
    [1, 2, 14, 4, 1],
    [13, 3, 26, 28, 6],
    [83, 20, 303, 357, 82],
    [10, 2, 48, 35, 8],
    [45, 27, 162, 201, 21],
    [188, 83, 1083, 735, 188],
    [11, 5, 90, 37, 20],
    [24, 6, 31, 71, 15],
    [68, 22, 295, 260, 54],
    [1, 0, 4, 3, 0],
    [12, 1, 19, 46, 3],
    [16, 8, 22, 37, 3],
    [12, 2, 10, 50, 5],
    [7, 2, 39, 51, 8],
    [4, 1, 19, 13, 3],
    [0, 0, 0, 3, 3],
    [4, 3, 2, 11, 3],
    [13, 0, 13, 55, 5],
    [32, 10, 57, 103, 10],
    [0, 0, 3, 5, 1],
    [10, 4, 46, 42, 10],
    [44, 5, 83, 187, 52],
    [1, 1, 6, 8, 0],
    [0, 1, 6, 5, 0],
    [0, 0, 5, 8, 4],
    [1, 0, 4, 0, 1],
    [15, 3, 36, 52, 8],
    [1, 5, 4, 7, 6],
    [8, 4, 24, 43, 6],
    [2, 0, 6, 5, 1],
    [27, 1, 15, 75, 13],
    [17, 3, 57, 61, 16],
    [14, 6, 26, 85, 23],
    [5, 3, 64, 25, 14],
    [21, 3, 94, 62, 29],
    [13, 2, 37, 19, 14],
    [7, 3, 45, 7, 10],
    [15, 3, 99, 40, 14],
    [21, 1, 29, 62, 13],
    [18, 2, 23, 73, 12],
    [23, 1, 41, 95, 29],
    [23, 4, 84, 105, 30],
    [51, 8, 168, 211, 39],
    [31, 9, 128, 196, 32],
    [23, 3, 37, 78, 14],
    [72, 24, 184, 242, 58],
    [74, 23, 257, 187, 58],
    [35, 10, 149, 130, 30],
    [44, 11, 161, 175, 52],
    [10, 4, 36, 26, 7],
    [18, 2, 44, 95, 6],
    [38, 12, 81, 150, 28],
    [17, 1, 51, 31, 14],
    [8, 7, 121, 58, 29],
    [1, 1, 24, 13, 10],
    [4, 6, 80, 17, 17],
    [12, 0, 18, 38, 6],
    [18, 0, 21, 60, 33],
    [17, 2, 32, 66, 14],
    [25, 4, 39, 105, 12],
    [4, 1, 19, 6, 3],
    [23, 7, 54, 109, 17],
    [1, 1, 0, 3, 1],
    [0, 0, 4, 7, 4],
    [10, 2, 22, 30, 6],
    [2, 1, 2, 1, 1],
    [2, 2, 33, 30, 6],
    [19, 5, 32, 55, 11],
    [6, 6, 13, 13, 2],
    [12, 1, 22, 65, 8],
    [34, 3, 53, 120, 18],
    [129, 33, 231, 352, 46],
    [19, 1, 37, 76, 6],
    [29, 4, 33, 86, 7],
    [37, 3, 77, 105, 31],
    [50, 9, 111, 158, 20],
    [26, 12, 105, 87, 36],
    [10, 3, 30, 23, 11],
    [38, 12, 140, 98, 36],
    [7, 2, 7, 21, 5],
    [22, 14, 61, 76, 9],
    [19, 3, 27, 80, 11],
    [3, 1, 30, 21, 12],
    [17, 1, 25, 49, 13],
    [19, 10, 17, 70, 17],
    [10, 1, 22, 26, 8],
    [20, 2, 67, 67, 14],
    [19, 1, 37, 92, 18],
    [8, 5, 15, 63, 5],
    [0, 0, 7, 9, 1],
    [30, 7, 34, 86, 19],
    [32, 65, 252, 119, 60],
    [296, 185, 1523, 1107, 389],
    [188, 79, 862, 793, 274],
    [0, 1, 7, 5, 3]
  ],
  "method": "mvn_pdf",
  "cond_prob": [
    [
      [0, 0.20847118733, 0.029007811422, 0.75163912617, 0.010881875077],
      [0, 0.044993794102, 0.77654959565, 0.1225764173, 0.055880192946],
      [0, 0.028497188504, 0.83483720712, 0.10582016039, 0.030845443987],
      [0, 0.060740945109, 0.0037876081577, 0.90785182153, 0.027619625203],
      [0, 0.17626799826, 0.19019086571, 0.10303360725, 0.53050752879]
    ],
    [
      [0.0083442369712, 0.1516339895, 0.031657857277, 0.80253810567, 0.0058258105832],
      [0.00049475062995, 0.029920825886, 0.83816379757, 0.12159046891, 0.0098301570071],
      [0.013664841638, 0.020448101792, 0.86490940461, 0.089583802348, 0.011393849614],
      [0.029206660131, 0.040301417485, 0.00039124591671, 0.92044637509, 0.0096543013803],
      [0.23942392995, 0.16243780413, 0.33644263534, 0.16788447295, 0.093811157639]
    ],
    [
      [0.0065801240644, 0.16398014974, 0.012672483963, 0.81077336855, 0.0059938736818],
      [0.0012158354718, 0.063102243965, 0.67982298838, 0.24111775942, 0.014741172761],
      [0.027058772733, 0.039040904817, 0.72325075585, 0.19517313098, 0.01547643562],
      [0.041585710374, 0.045298358413, 0, 0.9023657974, 0.010750133815],
      [0.47663453942, 0.16851133178, 0.12686387035, 0.15922474991, 0.068765508534]
    ],
    [
      [0.00350500826, 0.13749141675, 0.027054466213, 0.8296028154, 0.0023462933816],
      [0.00025560603241, 0.037967930539, 0.77769061837, 0.17236488063, 0.01172096443],
      [0.0074726827461, 0.019947847126, 0.82148755115, 0.14396655301, 0.0071253659695],
      [0.017743723186, 0.034923599578, 0.0040479637524, 0.938846781, 0.0044379324821],
      [0.19606217719, 0.18479496201, 0.30197751655, 0.21798835272, 0.099176991522]
    ],
    [
      [0.08385768794, 0.23760632414, 0.043091594069, 0.63544439386, 0],
      [0, 0.018367801487, 0.90770798384, 0.073924214677, 0],
      [0, 0.0033070143786, 0.86710451702, 0.1295884686, 0],
      [0.23591793743, 0.17747911204, 0.025984298386, 0.56061865214, 0],
      [0.97247056233, 0.0076533111802, 0.0084270923742, 0.011449034118, 0]
    ],
    [
      [0.0019105027808, 0.12189656331, 0.028402285737, 0.84463550429, 0.003155143877],
      [0, 0.032413321017, 0.78429655488, 0.17007894433, 0.013211179776],
      [0.0025998401532, 0.017125475728, 0.82797907992, 0.14351594732, 0.0087796568871],
      [0.010278729905, 0.030480010134, 0.0046501139718, 0.94807880988, 0.0065123361072],
      [0.15667610997, 0.16932102923, 0.32579466234, 0.22941471233, 0.11879348614]
    ],
    [
      [0.0065342394776, 0.1585151766, 0.030159103541, 0.80017123785, 0.0046202425363],
      [0.00053444096644, 0.039464116268, 0.79291997047, 0.14974890182, 0.017332570472],
      [0.012580202922, 0.020595421773, 0.83169577478, 0.12301225308, 0.012116347449],
      [0.03236474568, 0.04027117997, 0.0032810734039, 0.91390288092, 0.010180120024],
      [0.26348714926, 0.16968782646, 0.2708904239, 0.16691766363, 0.12901693675]
    ],
    [
      [0.060488667906, 0, 0.026216290674, 0.90556514726, 0.0077298941554],
      [0.0043040717887, 0.014961262716, 0.76833276581, 0.19586728317, 0.016534616519],
      [0.0076804120135, 0, 0.75684446238, 0.21100419625, 0.02447092935],
      [0.079153595661, 0, 0.024940279153, 0.87417684284, 0.021729282351],
      [0.82998106927, 0, 0.062096424751, 0.072184790517, 0.035737715462]
    ],
    [
      [0.0075596229134, 0.0862597613, 0.027126441111, 0.87616878936, 0.0028853853201],
      [0.00063354081844, 0.023387656283, 0.78639655397, 0.17750307496, 0.012079173969],
      [0.015603125757, 0.0088129353209, 0.81934203657, 0.1480182635, 0.0082236388518],
      [0.035167667967, 0.016918377025, 0.0035780996665, 0.93845368731, 0.0058821680324],
      [0.34711930481, 0.10066501504, 0.26456974871, 0.19743669143, 0.09020924002]
    ],
    [
      [0.001987652266, 0.13330787464, 0.029442277439, 0.83074842956, 0.0045137661029],
      [0, 0.032533634255, 0.80174627213, 0.15190947991, 0.013810613703],
      [0.0032228817386, 0.019205059662, 0.84079867176, 0.12546912426, 0.011304262582],
      [0.013115172985, 0.034812735194, 0.0021936552697, 0.94067536347, 0.0092030730775],
      [0.15633824905, 0.17373079616, 0.33450682682, 0.20940884539, 0.12601528258]
    ],
    [
      [0.011482316806, 0.057764109202, 0.021993603546, 0.90604761027, 0.0027123601798],
      [0.00093308888034, 0.018153543235, 0.7609234737, 0.20855543753, 0.011434456654],
      [0.023673250901, 0.0025044055975, 0.78674682728, 0.17682394252, 0.010251573701],
      [0.050033615347, 0.0062779005805, 0.0039313627412, 0.93253213314, 0.0072249881952],
      [0.54154062479, 0.0555482589, 0.17680870142, 0.16545213029, 0.060650284601]
    ],
    [
      [0.0063576433367, 0.1171884718, 0.017659097648, 0.85843797201, 0.0003568152023],
      [0.00086820497901, 0.043525672511, 0.71086706853, 0.23594732763, 0.0087917263514],
      [0.021595789897, 0.024666696243, 0.7582374613, 0.19550005256, 0],
      [0.027583372138, 0.032858043831, 0.0042383175742, 0.93532026646, 0],
      [0.3390605127, 0.16689415758, 0.20704470169, 0.23101477003, 0.055985857989]
    ],
    [
      [0.00079277563366, 0.15673258124, 0.050539385404, 0.78833445982, 0.0036007978993],
      [0, 0.025434180794, 0.86820119714, 0.097550283352, 0.0088143387089],
      [0, 0.012642684222, 0.90423135248, 0.076443068087, 0.0066828952083],
      [0.0040112925789, 0.046124629956, 0.012674852922, 0.9290500912, 0.0081391333427],
      [0.10922853095, 0.17160660589, 0.45155648245, 0.16697826533, 0.10063011538]
    ],
    [
      [0.0011025931609, 0.097973780657, 0.031472590626, 0.86279156874, 0.0066594668178],
      [0, 0.023020165776, 0.79752252865, 0.15540790766, 0.024049397915],
      [0.0012567541095, 0.010643783059, 0.83940842876, 0.13204535709, 0.016645676976],
      [0.008764626421, 0.022143158267, 0.0047640711092, 0.95062866378, 0.013699480419],
      [0.12975869267, 0.12138183636, 0.32333757655, 0.20655478938, 0.21896710504]
    ],
    [
      [0.0079088130843, 0.18555737883, 0.029689056716, 0.77684475137, 0],
      [0.0047540770632, 0.045728998708, 0.80652320368, 0.14299372054, 0],
      [0.0093859677311, 0.03084161188, 0.83833215588, 0.12144026451, 0],
      [0.050222077532, 0.050450331639, 0.005804530178, 0.89352306065, 0],
      [0.48446089072, 0.16507649588, 0.21848815348, 0.13197445992, 0]
    ],
    [
      [0.00584534148, 0.10983245463, 0.026249582926, 0.85244000857, 0.0056326123993],
      [0.00065097177528, 0.030284317954, 0.76871446468, 0.1766370638, 0.023713181787],
      [0.012684514186, 0.014809441834, 0.80962922718, 0.14659952642, 0.016277290388],
      [0.027135003725, 0.025697661222, 0.0027472691687, 0.93289906908, 0.011520996806],
      [0.24719096919, 0.12814562423, 0.25743145631, 0.19315396648, 0.17407798379]
    ],
    [
      [0, 0.1554727786, 0.04037996664, 0.80414725476, 0],
      [2.358999009e-05, 0.019196700139, 0.89908895358, 0.081164740065, 0.00052601623119],
      [0, 0.035740265108, 0.91594444886, 0.048315286032, 0],
      [0, 0.044886199278, 0.0023924463073, 0.95272135441, 0],
      [0.001237352361, 0.2191434135, 0.57533783429, 0.20378326816, 0.0004981316804]
    ],
    [
      [0.0056201991965, 0.12810670129, 0.033754691403, 0.83251840811, 0],
      [0.0045313229728, 0.030733627561, 0.81736123579, 0.14737381368, 0],
      [0.0069440763216, 0.017435421011, 0.85318752653, 0.12243297613, 0],
      [0.025955530516, 0.032830883457, 0.0065949753494, 0.93461861068, 0],
      [0.28971194996, 0.15463227678, 0.33267469262, 0.19520330285, 0.027777777778]
    ],
    [
      [0.0050292216444, 0.22743954403, 0.026727324349, 0.73808083945, 0.0027230705293],
      [0.00013219287795, 0.06499852911, 0.76451142243, 0.15775821205, 0.01259964353],
      [0.015820957625, 0.031331382693, 0.80342584152, 0.14118318361, 0.0082386345525],
      [0.059655722685, 0.057019412136, 0.0062779122048, 0.87111425092, 0.0059327020515],
      [0.45649748405, 0.18829579572, 0.17159325024, 0.12074819853, 0.062865271455]
    ],
    [
      [0.0067412362001, 0.16707627918, 0.062112357932, 0.75493269689, 0.0091374297989],
      [0.00031846238206, 0.02344682275, 0.87734173801, 0.078825188009, 0.020067788847],
      [0.0076230118489, 0.011457926315, 0.92467226122, 0.042933314996, 0.013313485622],
      [0.034461757902, 0.043136887741, 0.014942024831, 0.88756087017, 0.019898459352],
      [0.19361523334, 0.12681970511, 0.38259012437, 0.10873800039, 0.18823693679]
    ],
    [
      [0.007787348162, 0.17334584203, 0.059695346835, 0.75036890026, 0.0088025627125],
      [0.00038095699324, 0.025413784391, 0.87171455966, 0.08224655916, 0.020244139792],
      [0.0091844699622, 0.012411988272, 0.91525931675, 0.050176206042, 0.012968018974],
      [0.039715449737, 0.044747168591, 0.015771485273, 0.88065785691, 0.019108039492],
      [0.22008915002, 0.13047478827, 0.36154698163, 0.10787302784, 0.18001605224]
    ],
    [
      [0.016952352011, 0.10184241418, 0.054280729434, 0.82692450438, 0],
      [0.0020262709212, 0.014857814571, 0.90143447626, 0.081681438253, 0],
      [0.009567498425, 0.017404374609, 0.91900092786, 0.05402719911, 0],
      [0.095411888406, 0.023571141327, 0.0089699948306, 0.87204697544, 0],
      [0.72636753062, 0.038540066516, 0.17840035721, 0.056692045658, 0]
    ],
    [
      [0.0035138004358, 0.091063454072, 0.016917505207, 0.88306065945, 0.0054445808375],
      [0.00047779527931, 0.035903170003, 0.67207601725, 0.25936229291, 0.032180724562],
      [0.011300767138, 0.020012418456, 0.73317160757, 0.2122344202, 0.02328078664],
      [0.015722784448, 0.022166610141, 0.0055373223192, 0.94541990338, 0.011153379708],
      [0.18636860165, 0.13709487693, 0.19886880273, 0.25350954323, 0.22415817546]
    ],
    [
      [0.0054556455331, 0.090699577058, 0.022542377391, 0.87804000909, 0.0032623909272],
      [0.00055017825026, 0.029690101844, 0.7371384574, 0.21578899732, 0.016832265186],
      [0.013684443754, 0.012282766923, 0.78231027819, 0.18065888223, 0.011063628903],
      [0.025453543884, 0.01805590804, 0.0056331789124, 0.94449808167, 0.0063592874911],
      [0.27681541067, 0.12332004764, 0.24635115605, 0.23294535245, 0.1205680332]
    ],
    [
      [0.0052024640019, 0.10283021653, 0.029086361765, 0.8600352789, 0.002845678811],
      [0.00052641169037, 0.026527644255, 0.79402620035, 0.16691100793, 0.012008735774],
      [0.010643426651, 0.01227052713, 0.83090685423, 0.13863175533, 0.0075474366533],
      [0.024316923652, 0.023493997751, 0.0034772297235, 0.94312348893, 0.005588359948],
      [0.2408340473, 0.13151445627, 0.31089361648, 0.21356815672, 0.10318972323]
    ],
    [
      [0.00082235926709, 0.22027553252, 0.023307197696, 0.74889440801, 0.0067005025055],
      [4.0420190611e-05, 0.068366062753, 0.72194420263, 0.17428902949, 0.035360284934],
      [0.00055339132038, 0.029474595899, 0.79018419242, 0.15718162517, 0.022606195192],
      [0.010278712206, 0.056068851443, 0.0051755267371, 0.91302773867, 0.015449170939],
      [0.10483065915, 0.26331275936, 0.2171100057, 0.17217359899, 0.2425729768]
    ],
    [
      [0.0043826825778, 0.10143228038, 0.023330064038, 0.86663834927, 0.00421662373],
      [0.00041251147215, 0.032025170429, 0.74147525537, 0.20559716168, 0.020489901046],
      [0.010518700196, 0.014719453861, 0.78879571683, 0.17208167828, 0.013884450831],
      [0.020792863621, 0.022661770971, 0.004769420025, 0.94324560727, 0.0085303381127],
      [0.22675752714, 0.13717796396, 0.25564281407, 0.22898668352, 0.15143501131]
    ],
    [
      [0.009617552319, 0.2119006653, 0.071515521049, 0.69774530993, 0.009220951409],
      [0.00044567067821, 0.026917525974, 0.889277287, 0.065227859615, 0.018131656734],
      [0.01016608641, 0.012930988573, 0.94044837646, 0.023785982061, 0.012668566491],
      [0.050769471851, 0.056898951328, 0.019986775592, 0.85147647873, 0.020868322502],
      [0.23743628185, 0.1398713758, 0.37610977481, 0.083988271205, 0.16259429634]
    ],
    [
      [0, 0.20617080858, 0.079854942915, 0.70129193023, 0.012682318275],
      [0, 0.01871979722, 0.92730506689, 0.033270284185, 0.020704851701],
      [0, 5.959824515e-05, 0.96945409759, 0, 0.030486304167],
      [0, 0.15848438126, 0.018455965235, 0.79177938633, 0.03128026717],
      [0, 0.12161769651, 0.41935369613, 0.065049956058, 0.3939786513]
    ],
    [
      [0.0010891193037, 0.10401772576, 0.027403331024, 0.85601691259, 0.01147291132],
      [0, 0.029646591192, 0.72352943895, 0.21559984134, 0.031224128526],
      [0.023218125906, 0.02211774613, 0.71260301116, 0.21178092354, 0.030280193268],
      [0.095288006922, 0.02759043999, 0.021605176013, 0.8330448113, 0.022471565775],
      [0.78568433028, 0.035206012074, 0.05675752691, 0.065570313976, 0.056781816762]
    ],
    [
      [0.0079324919894, 0.1340870871, 0.028925765401, 0.82340227296, 0.005652382555],
      [0.00055501206896, 0.034849994866, 0.78126778502, 0.16091664231, 0.022410565737],
      [0.014868183786, 0.018037580579, 0.81828657695, 0.13348220141, 0.015325457273],
      [0.038414036578, 0.032951048658, 0.0039818942309, 0.91276134223, 0.0118916783],
      [0.31843453875, 0.1334739096, 0.23916386238, 0.16022405235, 0.14870363691]
    ],
    [
      [0.0095795396702, 0.10270600315, 0.039255032225, 0.84056267081, 0.0078967541459],
      [0.00061637558296, 0.019510793634, 0.83983784637, 0.11858684431, 0.021448140109],
      [0.015092278041, 0.0088655933132, 0.86510930756, 0.092339501374, 0.018593319708],
      [0.044993128851, 0.023480393436, 0.0040795525557, 0.91014004293, 0.017306882231],
      [0.32547287455, 0.085819516492, 0.28246786031, 0.13375025437, 0.17248949428]
    ],
    [
      [0.003041934334, 0.099441544055, 0.026764114846, 0.86867309562, 0.0020793111423],
      [9.2127777579e-05, 0.02767609779, 0.77965237409, 0.18231379025, 0.010265610086],
      [0.0060002124331, 0.013249303601, 0.82145794017, 0.15345472793, 0.005837815866],
      [0.014582260112, 0.02274689485, 0.0042964442272, 0.95491369765, 0.0034607031568],
      [0.18845508611, 0.14568394423, 0.3240585302, 0.24713900986, 0.094663429594]
    ],
    [
      [0.006292339499, 0.13885671278, 0.040309830824, 0.80705403438, 0.0074870825194],
      [0.00041572359402, 0.027966441037, 0.82519461702, 0.12225511705, 0.024168101299],
      [0.0098836412377, 0.01382755874, 0.86345162347, 0.098199299828, 0.01463787672],
      [0.030834348719, 0.034286319452, 0.0080049380086, 0.91168064152, 0.015193752305],
      [0.22029417738, 0.1297767685, 0.30813223901, 0.14729549784, 0.19450131727]
    ],
    [
      [0.0068411928239, 0.093512278931, 0.056936284641, 0.8427102436, 0],
      [0.0041846688678, 0.013893050043, 0.88797397172, 0.093948309373, 0],
      [0.0032601952564, 0.0027765668214, 0.92288624172, 0.071076996204, 0],
      [0.029146106992, 0.02102103358, 0.013782966381, 0.93604989305, 0],
      [0.27660000014, 0.093711521259, 0.46820497498, 0.16148350362, 0]
    ],
    [
      [0.0075372272741, 0.24759077294, 0.020863643622, 0.71688238065, 0.0071259755183],
      [0.00094314217224, 0.076133613223, 0.72550680703, 0.16570447989, 0.03171195768],
      [0.016750925217, 0.034146333219, 0.78344414431, 0.14334902811, 0.022309569148],
      [0.036988173763, 0.053159960644, 0.002252636334, 0.89087093542, 0.016728293843],
      [0.24453391157, 0.25120841564, 0.17996840384, 0.14032931328, 0.18395995567]
    ],
    [
      [0.0057711879213, 0.24641743068, 0.035095756986, 0.70821003846, 0.0045055859534],
      [0.00045958640544, 0.0554068081, 0.80820663563, 0.12055551684, 0.015371453017],
      [0.010594064636, 0.020163317377, 0.85506642297, 0.10320552435, 0.010970670669],
      [0.031017971062, 0.060574483895, 0.0082856530732, 0.88944231026, 0.010679581709],
      [0.21125049586, 0.24679852772, 0.28581625863, 0.13868269746, 0.11745202032]
    ],
    [
      [0, 0.60601180774, 0.029816271607, 0.36417192065, 0],
      [1.2524540946e-06, 0.016466038025, 0.96388072847, 0.019650538023, 1.4430254235e-06],
      [0, 0.016094942914, 0.98390505709, 0, 0],
      [0, 0.10986947353, 0.011521166683, 0.87860935978, 0],
      [6.7168796201e-17, 0.99999274914, 7.0636426943e-06, 1.5819657041e-07, 2.902460226e-08]
    ],
    [
      [0.0084062464269, 0.11702229355, 0.011438384752, 0.85949912335, 0.0036339519229],
      [0.0012691747504, 0.055308463155, 0.61926358875, 0.30736674149, 0.016792031862],
      [0.03267252384, 0.031168115814, 0.67003274564, 0.25252849613, 0.013598118581],
      [0.039930118023, 0.033258639541, 0.0039924315136, 0.91280421549, 0.010014595429],
      [0.48009749538, 0.13944413165, 0.10973392584, 0.19720281304, 0.07352163409]
    ],
    [
      [0.0021448568851, 0.10736732377, 0.01944560936, 0.86694347738, 0.0040987326074],
      [0.00012577626527, 0.032568051263, 0.76291886667, 0.19298025982, 0.01140704598],
      [0.0097088116576, 0.018759568004, 0.80301462758, 0.15888154484, 0.0096354479168],
      [0.0079959003786, 0.029492368484, 0, 0.95364748109, 0.0088642500495],
      [0.15174463641, 0.17255009319, 0.30639917002, 0.26823716556, 0.10106893481]
    ],
    [
      [0.00082209749314, 0.16129402497, 0.0130314358, 0.82207121095, 0.0027812307787],
      [6.2080483633e-05, 0.065380416777, 0.67255478361, 0.24995675658, 0.012045962548],
      [0.0055110003186, 0.034684794732, 0.73917481423, 0.21169830047, 0.0089310902539],
      [0.0049821101295, 0.042751760042, 0.0017603636747, 0.9425469415, 0.0079588246559],
      [0.13715903189, 0.28985498347, 0.20374937543, 0.27818037516, 0.091056234045]
    ],
    [
      [0.0061079209159, 0.060214627267, 0.03420151075, 0.89315684147, 0.0063190996009],
      [0.00054898706052, 0.01279273647, 0.82636715098, 0.14054768441, 0.019743441077],
      [0.010109655931, 0, 0.85614889971, 0.11745929608, 0.016282148281],
      [0.031832435447, 0.0005586017114, 0.0028629029712, 0.94899625872, 0.015749801151],
      [0.2423019738, 0.065552931114, 0.32150499784, 0.18588562488, 0.18475447237]
    ],
    [
      [0.0094018556457, 0.23886901615, 0.039007330723, 0.71272179748, 0],
      [0.0038300555028, 0.039348444, 0.86688310355, 0.089938396947, 0],
      [0.017015441449, 0.027272564828, 0.89326657905, 0.062445414675, 0],
      [0.045241356156, 0.064417803061, 0.0043039019961, 0.88603693879, 0],
      [0.34904383478, 0.21652177329, 0.3163572819, 0.11807711003, 0]
    ],
    [
      [0.041037978111, 0.014882431235, 0.0044885293, 0.93910363972, 0.00048742163876],
      [0.0082441629424, 0.012710515048, 0.82997756152, 0.14387718152, 0.0051905789696],
      [0.17042954229, 0.0052848025392, 0.72763601131, 0.093874858749, 0.0027747851123],
      [0.098251157491, 0, 0, 0.90174884251, 0],
      [0.90174884251, 0, 0, 0.098251157491, 0]
    ],
    [
      [0, 0.30561536465, 0, 0.67604122681, 0.018343408543],
      [0.057370590233, 0.13084911354, 0.54343497622, 0.22274076072, 0.045604559289],
      [0.080243114291, 0.063393768647, 0.65170460612, 0.17536421824, 0.029294292696],
      [0.041574083995, 0.082677692696, 0, 0.82782632968, 0.047921893625],
      [0.73669569226, 0.11624968128, 0.022095286368, 0.056931582529, 0.068027757565]
    ],
    [
      [0.0032364664309, 0.18264312554, 0.010652727809, 0.80085416358, 0.0026135166356],
      [0.00040334611433, 0.085506147095, 0.61848150008, 0.28207930202, 0.013529704687],
      [0.011061408317, 0.045146491384, 0.69146404072, 0.24210483307, 0.010223226506],
      [0.015941094488, 0.04493059191, 0.0017941509768, 0.92992680353, 0.007407359093],
      [0.18747348629, 0.31351048498, 0.15476074108, 0.25911176985, 0.085143517809]
    ],
    [
      [0.0018636588981, 0.12754093664, 0.0213364035, 0.84436022084, 0.004898780121],
      [0, 0.040052657713, 0.74055202466, 0.19902215039, 0.020373167235],
      [0.005183533544, 0.021970333378, 0.79123106357, 0.16655257244, 0.015062497072],
      [0.010570465087, 0.033367869791, 0.0017703830123, 0.94317197345, 0.011119308657],
      [0.15561435993, 0.18289638595, 0.26291947676, 0.23500415346, 0.1635656239]
    ],
    [
      [0.00026299157398, 0.0032227624123, 0.010667597657, 0.9857805246, 6.6123756226e-05],
      [2.4480440943e-05, 0.0018776987835, 0.88507162557, 0.112746957, 0.00027923820754],
      [0, 0, 0.82785391208, 0.17214608792, 0],
      [0, 0, 0, 1, 0],
      [0, 0, 0.51643826377, 0.48356173623, 0]
    ],
    [
      [0.0078483430559, 0.12146315068, 0.026562568666, 0.84239341582, 0.0017325217711],
      [0.00069263242953, 0.032121253986, 0.79336513511, 0.16527499631, 0.0085459821692],
      [0.016302918672, 0.020092217855, 0.82456264313, 0.13481054208, 0.0042316782646],
      [0.03752156064, 0.032355330179, 0.0010861333351, 0.92622515255, 0.0028118232963],
      [0.35929062339, 0.13737175884, 0.25854145891, 0.18122245136, 0.0635737075]
    ],
    [
      [0.0074072104466, 0.12968799155, 0.013204032857, 0.84556475113, 0.0041360140099],
      [0.0011362421839, 0.059902440795, 0.61996423658, 0.29475683343, 0.024240247005],
      [0.031955044706, 0.033355754301, 0.66713641787, 0.24966643962, 0.017886343505],
      [0.036092828494, 0.035448299182, 0.0040586252152, 0.91427982313, 0.010120423979],
      [0.44743795943, 0.14609339641, 0.11899838025, 0.18516779557, 0.10230246834]
    ],
    [
      [0.014143838376, 0.14860337009, 0.0072001479932, 0.83005264354, 0],
      [0.004879024361, 0.053536462834, 0.72791035854, 0.21367415426, 0],
      [0.089235105495, 0.049514403787, 0.71081491558, 0.15043557514, 0],
      [0.055695813037, 0.062596718044, 0, 0.88170746892, 0],
      [0.99317314298, 0.0019609387343, 0.0012111663322, 0.0036547519447, 6.0296025033e-12]
    ],
    [
      [0.0001277317358, 0.4369991366, 0.013551036181, 0.50728197923, 0.042040116256],
      [0, 0.064069711346, 0.55117418572, 0.095266252798, 0.28948985014],
      [0, 0.073631800675, 0.72004351602, 0.1163420278, 0.089982655498],
      [0, 0.098827896921, 0.025712943628, 0.84133631608, 0.034122843374],
      [0, 1.0527478147e-50, 1.3698335639e-90, 1.2249004316e-108, 1]
    ],
    [
      [0.00059071195954, 0.012922668977, 0.0059579185825, 0.97503532785, 0.0054933726273],
      [0.00012450869313, 0.010289303234, 0.55194117203, 0.37381156723, 0.063833448819],
      [0, 0, 0.64975383776, 0.35024616224, 0],
      [0, 0, 0, 1, 0],
      [0, 0, 0.1878077028, 0.3121922972, 0.5]
    ],
    [
      [0, 0, 0.065927946463, 0.93407205354, 0],
      [6.7771810364e-06, 0.0023340190685, 0.13520100735, 0.86236148487, 9.6711527533e-05],
      [0, 0, 0.45668349663, 0.54331650337, 0],
      [2.1228622879e-05, 0.0001974591437, 6.7707495292e-05, 0.99970875229, 4.8524491379e-06],
      [0, 0, 0.10733806703, 0.89266193297, 0]
    ],
    [
      [0, 0.16714944793, 0.023941262869, 0.80723568937, 0.0016735998332],
      [0, 0.047079517426, 0.77339494029, 0.17174656698, 0.0077789753115],
      [0, 0.025523900316, 0.82308235856, 0.14624891224, 0.005144828883],
      [0.0018296748829, 0.045381422693, 0.0030177738086, 0.94621784514, 0.0035532834756],
      [0.11310711326, 0.25910316717, 0.31660088623, 0.23849202134, 0.072696812006]
    ],
    [
      [0.013855978657, 0.25002440931, 0.04585958243, 0.6682548108, 0.022005218803],
      [0.023728510729, 0.054675283423, 0.83535639861, 0.057884869486, 0.02835493775],
      [0.029309775111, 0.033760796181, 0.87873180685, 0.047962622288, 0.010234999568],
      [0.075322269562, 0.086732488532, 0.032573395738, 0.80537184617, 0],
      [0.20383441339, 0.12240476152, 0.17240290449, 0.035477904908, 0.4658800157]
    ],
    [
      [0.0093834389237, 0.19631674626, 0.01564475318, 0.7707462028, 0.0079088588375],
      [0.00089253814363, 0.070637172108, 0.67494765003, 0.20868917467, 0.044833465049],
      [0.027544563694, 0.038245591733, 0.72739547777, 0.17545945846, 0.031354908344],
      [0.046754065044, 0.050974560023, 0, 0.88402102965, 0.018250345286],
      [0.37497800175, 0.17285284316, 0.119593318, 0.1292237335, 0.20335210359]
    ],
    [
      [0, 0.10052035813, 0.0035313674407, 0.89594827443, 0],
      [4.8255366535e-05, 0.030663951848, 0.76387340779, 0.20460012101, 0.00081426399023],
      [0, 0.060180343311, 0.78090417738, 0.15891547931, 0],
      [0, 0.026488391119, 0, 0.97351160888, 0],
      [0, 0.30543526829, 0.30751220083, 0.38705253088, 0]
    ],
    [
      [0.0072138553656, 0.096436655201, 0.018212785231, 0.87696560489, 0.0011710993177],
      [0.0010779602902, 0.034599327845, 0.71990303181, 0.23363662883, 0.010783051221],
      [0.02811082196, 0.017643836254, 0.75446928197, 0.19307277286, 0.0067032869561],
      [0.039959371232, 0.023049057201, 0.004804256288, 0.9304961498, 0.0016911654762],
      [0.4911948287, 0.10525185753, 0.16238410121, 0.18499917009, 0.056170042473]
    ],
    [
      [0.010834505912, 0.090105060219, 0.036704635326, 0.8556276257, 0.0067281728463],
      [0.00043167249813, 0.019107696289, 0.82729427441, 0.13464565688, 0.018520699918],
      [0.012887050628, 0.0049784495909, 0.85172409491, 0.11422418679, 0.016186218076],
      [0.052507603764, 0.016108146263, 0.0076208843087, 0.90851007059, 0.01525329507],
      [0.42981204166, 0.071532646167, 0.24256193896, 0.13253127744, 0.12356209577]
    ],
    [
      [0.0069474874368, 0.095447735124, 0.019245903535, 0.87810482308, 0.00025405082822],
      [0.00071883671289, 0.033938559154, 0.72571271101, 0.23134238714, 0.0082875059886],
      [0.022535239487, 0.017790225514, 0.76728925855, 0.19238527645, 0],
      [0.027264033612, 0.023953192652, 0.0064798573469, 0.94230291639, 0],
      [0.39108969878, 0.12876230933, 0.21199880381, 0.22698752493, 0.041161663151]
    ],
    [
      [0.0042615184427, 0.16024799283, 0.066896383708, 0.76630205032, 0.0022920546955],
      [0.00021986000192, 0.020239148992, 0.90363061161, 0.070862862351, 0.0050475170462],
      [0.0046226917428, 0.015506310353, 0.94370079301, 0.036170204895, 0],
      [0.023499973224, 0.043145396053, 0.017067194309, 0.91352548096, 0.0027619554576],
      [0.14962008755, 0.14764313035, 0.50936397402, 0.12877650172, 0.064596306353]
    ],
    [
      [0.0040205752144, 0.13213990305, 0.024651506843, 0.83489519708, 0.0042928178138],
      [0.00035363106179, 0.037580257522, 0.76694555531, 0.17794899992, 0.017171556187],
      [0.0089141031077, 0.021306766348, 0.8094048433, 0.14673732805, 0.013636959194],
      [0.019509978671, 0.033520538241, 0.0015813131222, 0.93608374716, 0.0093044228046],
      [0.20230905716, 0.17349006399, 0.27584086228, 0.21044319659, 0.13791681997]
    ],
    [
      [0.0026378618332, 0.34016177854, 0.066022865736, 0.58010628753, 0.011071206357],
      [0, 0.044851063572, 0.87819319296, 0.058221200908, 0.018734542556],
      [0.00069698858396, 0.0045662531618, 0.93765003075, 0.03733867194, 0.019748055561],
      [0.021733767847, 0.095019342363, 0.022796406197, 0.83459132036, 0.025859163231],
      [0.10906983068, 0.25099113428, 0.37565239313, 0.078814993687, 0.18547164822]
    ],
    [
      [0.0038819903794, 0.15723085268, 0.044805866761, 0.7890140776, 0.0050672125778],
      [0.00024816000809, 0.026863203826, 0.86231223559, 0.098899435012, 0.011676965567],
      [0.0056521577181, 0.019697552619, 0.89019375641, 0.070670428335, 0.013786104914],
      [0.019176428789, 0.039736619263, 0.0060282873338, 0.92536467485, 0.0096939897625],
      [0.15834994885, 0.16542482171, 0.39985051759, 0.15224811527, 0.12412659658]
    ],
    [
      [0.0081896448803, 0.26322293207, 0.04221455177, 0.68181658457, 0.0045562867131],
      [0.00053004715362, 0.049410541219, 0.84024511259, 0.097062410042, 0.012751888995],
      [0.013716544714, 0.019836180505, 0.88218562601, 0.07353161119, 0.010730037579],
      [0.044251649814, 0.069841395746, 0.0091551689863, 0.86599118081, 0.010760604648],
      [0.26768294758, 0.2247133354, 0.29596161792, 0.11159194723, 0.10005015187]
    ],
    [
      [0.0074079186121, 0.12303969949, 0.01970391103, 0.84285507013, 0.0069934007365],
      [0.00064846005415, 0.038424325746, 0.72279499535, 0.19815620535, 0.039976013496],
      [0.016690142878, 0.021562881867, 0.77198558553, 0.16420404986, 0.025557339865],
      [0.032563339583, 0.032759444983, 0.00077284816985, 0.92058741915, 0.013316948116],
      [0.25698800396, 0.13241021706, 0.18676340817, 0.17411922221, 0.2497191486]
    ],
    [
      [2.7180555023e-05, 0.10230923349, 0.010399617042, 0.88673999386, 0.00052397505772],
      [0.0001690851357, 0.072354483287, 0.44549776279, 0.47094871324, 0.011029955543],
      [0.0072821484995, 0.041355799421, 0.52280951904, 0.42110352553, 0.0074490075126],
      [0.0010907847705, 0.027766505261, 0.020102951639, 0.95092339957, 0.00011635876005],
      [0.14600465633, 0.25296554665, 0.11913974668, 0.41616611904, 0.0657239313]
    ],
    [
      [0.0060928583071, 0.13408125423, 0.013374763098, 0.84131808901, 0.0051330353629],
      [0.00075381520717, 0.057660996042, 0.63913049279, 0.27201572883, 0.030438967128],
      [0.019903874598, 0.031722811661, 0.69670681858, 0.22960966639, 0.022056828767],
      [0.028803065136, 0.035225026027, 0.00060181945508, 0.92345491565, 0.01191517373],
      [0.2864400137, 0.1797054278, 0.1527964671, 0.21501568672, 0.16604240468]
    ],
    [
      [0.0069953948949, 0.089285099242, 0.014748375534, 0.88662272889, 0.0023484014389],
      [0.00098846359222, 0.042958684326, 0.62033344783, 0.31915464344, 0.016564760811],
      [0.026401822661, 0.023249629254, 0.67459683004, 0.26397658429, 0.011775133758],
      [0.032060670548, 0.021702219527, 0.013401765809, 0.92783402001, 0.0050013241046],
      [0.44170095173, 0.11809686908, 0.13687114793, 0.22448178268, 0.078849248567]
    ],
    [
      [0.0036528118549, 0.084228986767, 0.01694738377, 0.89038812393, 0.0047826936763],
      [0.00046603198166, 0.035316405617, 0.65379889228, 0.27866799589, 0.031750674232],
      [0.011973615797, 0.016451898144, 0.71602057902, 0.23408420189, 0.021469705155],
      [0.016914674755, 0.017123397987, 0.010090233069, 0.94660298754, 0.0092687066518],
      [0.21101062852, 0.12935473247, 0.19191784197, 0.26414065193, 0.2035761451]
    ],
    [
      [0.0053780626483, 0.096225674581, 0.013160144776, 0.88203326463, 0.0032028533626],
      [0.00085736991982, 0.049129863732, 0.58887500173, 0.33766814061, 0.023469624006],
      [0.021797951494, 0.026106077272, 0.65382092532, 0.28096816882, 0.017306877092],
      [0.025247649108, 0.022569914668, 0.015196792842, 0.92941679951, 0.0075688438705],
      [0.31521520976, 0.15029856714, 0.14451595806, 0.26526053806, 0.12470972698]
    ],
    [
      [0.0055036550241, 0.061257626826, 0.01271361123, 0.91598145506, 0.0045436518632],
      [0.00088395640962, 0.034706679804, 0.56317550686, 0.37310113598, 0.028132720942],
      [0.021180268055, 0.014443339916, 0.6255799237, 0.31736046697, 0.021436001362],
      [0.023751599153, 0.0057677601783, 0.01233985571, 0.94743831774, 0.010702467217],
      [0.30246210095, 0.10733326234, 0.13636389277, 0.2978997903, 0.15594095364]
    ],
    [
      [0.00048722449459, 0.094077147432, 0.024561283261, 0.87861167182, 0.0022626729914],
      [0, 0.028480322011, 0.75707510689, 0.20279709751, 0.011647473586],
      [0.00076236884452, 0.013934216699, 0.8050114985, 0.17290706071, 0.00738485525],
      [0.0049765762555, 0.021349096672, 0.0064341066483, 0.9629157649, 0.0043244555228],
      [0.14862607785, 0.15194035154, 0.31694164669, 0.27641922434, 0.10607269959]
    ],
    [
      [0.0033868024404, 0.1472644917, 0.022446860987, 0.82551353946, 0.0013883054194],
      [0.00031834519663, 0.048394342145, 0.73653580311, 0.20393927318, 0.010812236364],
      [0.0085255311671, 0.025292142627, 0.79014195211, 0.17123068386, 0.0048096902276],
      [0.016959304671, 0.036807538549, 0.00538666699, 0.9382686664, 0.0025778233893],
      [0.19620005511, 0.21734943761, 0.26422104129, 0.23722186943, 0.085007596557]
    ],
    [
      [0.0042568095101, 0.1016341916, 0.017753413958, 0.87311730799, 0.0032382769452],
      [0.00054857468919, 0.040202517783, 0.68201185653, 0.2588310467, 0.018406004302],
      [0.013394648624, 0.021156022043, 0.73989929502, 0.21188310363, 0.013666930677],
      [0.019842739689, 0.024262855247, 0.0071266451334, 0.94179494817, 0.0069728117629],
      [0.24233890386, 0.15781198832, 0.21290177067, 0.26162193502, 0.12532540213]
    ],
    [
      [0.0057342425444, 0.11766548596, 0.022630190927, 0.85169567261, 0.0022744079662],
      [0.00058750676028, 0.037391993201, 0.74599508112, 0.20311313309, 0.012912285829],
      [0.014231378941, 0.01985583818, 0.79019748908, 0.16826498638, 0.0074503074186],
      [0.027232084004, 0.029041949353, 0.0039153674723, 0.93584724511, 0.0039633540644],
      [0.28239161622, 0.15638991556, 0.24791039724, 0.21975413925, 0.093553931725]
    ],
    [
      [0.0077670188461, 0.19170441479, 0.022352755392, 0.77551275727, 0.0026630536993],
      [0.0009824281522, 0.053765313402, 0.77166894527, 0.16343003376, 0.010153279408],
      [0.019431071538, 0.029979469468, 0.80829802851, 0.1338966389, 0.0083947915832],
      [0.036029781415, 0.049451790863, 0, 0.90857646237, 0.005941965349],
      [0.32601531525, 0.21469816217, 0.22729537696, 0.16398361, 0.068007535615]
    ],
    [
      [0.0017922127013, 0.1123059879, 0.016292983354, 0.8651880579, 0.0044207581512],
      [0.00021675172452, 0.043005873704, 0.68455409326, 0.24887293325, 0.023350348059],
      [0.0058419301877, 0.02358111325, 0.74327557855, 0.20992387339, 0.017377504624],
      [0.0081960427926, 0.029148575234, 0.0033680170278, 0.94822257373, 0.01106479122],
      [0.15527294573, 0.18096614004, 0.21892183987, 0.26851235973, 0.17632671463]
    ],
    [
      [0.0051401186583, 0.11969068913, 0.033186101203, 0.84190914785, 7.3943163985e-05],
      [0.00040686244654, 0.027797708351, 0.81847089363, 0.1464898758, 0.0068346597722],
      [0.010075782793, 0.014821682306, 0.85392112182, 0.12118141308, 0],
      [0.020696575196, 0.030715277459, 0.0049940662197, 0.94359408113, 0],
      [0.209970302, 0.15394047955, 0.3571627368, 0.21052740156, 0.068399080089]
    ],
    [
      [0, 0.50249179202, 0.038906678961, 0.44960791999, 0.0089936090259],
