{
  "X": [
    [1, 3, 7, 2, 18, 29, 3],
    [3, 6, 4, 6, 16, 20, 1],
    [30, 27, 23, 48, 239, 614, 47],
    [62, 68, 117, 151, 685, 983, 76],
    [33, 25, 63, 72, 326, 581, 29],
    [41, 38, 50, 52, 356, 529, 30],
    [49, 75, 64, 151, 380, 849, 64],
    [20, 35, 21, 54, 160, 280, 26],
    [14, 39, 17, 68, 109, 320, 23],
    [26, 27, 25, 29, 155, 322, 22],
    [47, 42, 50, 94, 382, 746, 54],
    [0, 6, 6, 3, 17, 28, 4],
    [45, 64, 84, 50, 513, 598, 55],
    [7, 8, 14, 24, 108, 68, 11],
    [36, 41, 26, 52, 189, 404, 35],
    [27, 16, 20, 42, 153, 329, 29],
    [31, 35, 36, 81, 311, 626, 58],
    [36, 58, 32, 80, 214, 666, 68],
    [11, 19, 19, 15, 87, 245, 16],
    [35, 45, 47, 92, 314, 876, 52],
    [35, 45, 38, 70, 241, 569, 54],
    [8, 15, 18, 10, 124, 84, 3],
    [16, 13, 26, 28, 201, 263, 19],
    [29, 35, 43, 56, 327, 425, 32],
    [26, 11, 38, 41, 225, 277, 18],
    [9, 18, 20, 21, 178, 130, 11],
    [24, 14, 46, 69, 330, 431, 34],
    [13, 21, 34, 46, 248, 311, 27],
    [31, 25, 66, 69, 446, 535, 29],
    [17, 10, 24, 63, 233, 169, 13],
    [4, 4, 7, 10, 43, 74, 7],
    [2, 4, 7, 145, 59, 132, 13],
    [10, 7, 18, 20, 124, 118, 13],
    [32, 43, 29, 20, 258, 285, 31],
    [2, 2, 3, 23, 42, 94, 16],
    [26, 40, 42, 70, 416, 480, 33],
    [4, 3, 5, 8, 33, 73, 6],
    [85, 199, 103, 154, 731, 961, 128],
    [5, 17, 12, 2, 49, 90, 6]
  ],
  "W": [
    [3, 1, 26, 21, 3, 6, 3],
    [2, 7, 24, 12, 4, 6, 1],
    [49, 59, 516, 168, 102, 70, 64],
    [219, 95, 833, 470, 261, 165, 99],
    [95, 52, 474, 239, 132, 73, 64],
    [95, 53, 463, 251, 121, 73, 40],
    [112, 112, 720, 257, 242, 102, 87],
    [42, 52, 245, 101, 89, 37, 30],
    [25, 33, 299, 78, 89, 27, 39],
    [36, 30, 281, 104, 60, 63, 32],
    [102, 66, 623, 249, 167, 126, 82],
    [3, 15, 18, 12, 5, 5, 6],
    [185, 99, 488, 351, 100, 109, 77],
    [27, 11, 61, 83, 36, 8, 14],
    [61, 69, 329, 133, 83, 55, 53],
    [32, 30, 259, 106, 75, 73, 41],
    [67, 56, 542, 216, 143, 85, 69],
    [69, 84, 549, 152, 140, 76, 84],
    [31, 20, 219, 60, 31, 23, 28],
    [78, 59, 767, 244, 162, 72, 79],
    [52, 56, 505, 187, 120, 68, 64],
    [39, 18, 67, 95, 22, 15, 6],
    [63, 22, 226, 130, 63, 34, 28],
    [74, 40, 385, 231, 103, 76, 38],
    [69, 26, 270, 146, 60, 48, 17],
    [37, 17, 102, 136, 51, 26, 18],
    [83, 31, 360, 235, 123, 66, 50],
    [61, 31, 276, 176, 87, 43, 26],
    [116, 48, 459, 315, 137, 83, 43],
    [74, 24, 128, 151, 90, 34, 28],
    [9, 9, 64, 39, 17, 1, 10],
    [17, 8, 105, 59, 122, 20, 31],
    [35, 9, 97, 83, 43, 21, 22],
    [66, 58, 259, 167, 62, 50, 36],
    [2, 2, 86, 40, 29, 6, 17],
    [91, 64, 417, 285, 120, 75, 55],
    [5, 5, 65, 29, 13, 6, 9],
    [218, 220, 880, 530, 229, 141, 143],
    [15, 25, 85, 33, 7, 9, 7]
  ],
  "method": "mvn_pdf",
  "cond_prob": [
    [
      [0.0066541546112, 0.027770647075, 0.52622964752, 0.0013425865914, 0.43528606593, 0.0020911078216, 0.00062579045381],
      [0.0097856470379, 0.91379619258, 0.02442861982, 2.6439371978e-05, 0.0039110835009, 0.039525218059, 0.008526799627],
      [0.0029905866278, 0.053926561614, 0, 0.0022776628439, 0.013656748593, 0.88318629572, 0.043962144601],
      [0.0083066297351, 0.022088893782, 0.20981185958, 0.028664773222, 0.7042839884, 0.022897276469, 0.0039465788066],
      [0.0035574297185, 0.00029744568659, 0.012464319511, 0.37294854518, 0.13766284693, 0.47234512794, 0.00072428503414],
      [0.11641679281, 0.0038606312033, 0.15877312026, 0.014937763408, 0.18795827398, 0.5019109187, 0.016142499638],
      [0.0029614554483, 0.037626123513, 0.00026723540731, 0.042098037752, 0.0014844380737, 0.36067135597, 0.55489135384]
    ],
    [
      [0.0081576756068, 0.0059582699411, 0.27341313073, 0.0073437351945, 0.70453986663, 0.00049548745719, 9.1834436971e-05],
      [0.10761821361, 0.66202510085, 0.10659499926, 0.0010577110629, 0.047256729575, 0.066514059959, 0.0089331856862],
      [0.041627462281, 0.053544470116, 0.019007069426, 0.0096882786763, 0.082599816085, 0.76188449927, 0.031648404143],
      [0.0028011842365, 0.0037022283614, 0.12706788681, 0.070823156421, 0.79093508455, 0.0042213681693, 0.00044909145345],
      [0.0012386043242, 1.7785766767e-05, 0.0019953332176, 0.90101844813, 0.065632851464, 0.030067929299, 2.9047802406e-05],
      [0.19739396841, 0.0010951478886, 0.11961698677, 0.11080221047, 0.41974438559, 0.14836406283, 0.0029832380473],
      [0.0083656202047, 0.01777170062, 0.00034118230101, 0.62662493159, 0.0055088397134, 0.18707011062, 0.15431761495]
    ],
    [
      [0.017573866782, 0.0059382826211, 0.13890131954, 0.0024240686672, 0.83120591953, 0.0032198949391, 0.00073664792],
      [0.16099255103, 0.3735462737, 0.046074064554, 0.00027550164676, 0.04821342424, 0.31853633806, 0.052361846775],
      [0.0075015363648, 0.0069197159638, 0, 0.0021413519323, 0.020721122424, 0.93328293276, 0.029433340552],
      [0.005819843375, 0.0035168862122, 0.064636458954, 0.021507192533, 0.87511983875, 0.025981433543, 0.0034183466296],
      [0.0061166719474, 4.0844028899e-05, 0.0026602609084, 0.36483251811, 0.18788209495, 0.43795244441, 0.00051516564232],
      [0.19545628944, 0.00054012222219, 0.033422158092, 0.017967603554, 0.26212341272, 0.47859305057, 0.011897363406],
      [0.0075930119769, 0.0072876411834, 8.8167973206e-05, 0.073065171861, 0.0031480196342, 0.4833913155, 0.42542667187]
    ],
    [
      [0.015157282429, 0.0076360122989, 0.2125944674, 0.0027060613889, 0.75913480544, 0.0022034930666, 0.0005678779766],
      [0.13973305812, 0.48315412538, 0.071542817027, 0.00031091312992, 0.044768511658, 0.21980640897, 0.040684165717],
      [0.0079355908773, 0.020185859072, 0.003717621897, 0.0053264726231, 0.024390779602, 0.90711845449, 0.031325221443],
      [0.0051935214215, 0.004749197703, 0.10414598579, 0.025204726574, 0.8392711405, 0.018668609812, 0.0027668182026],
      [0.0059490929599, 5.9168257876e-05, 0.0046116574922, 0.45734929139, 0.19441011166, 0.33717380578, 0.00044687246019],
      [0.20572286824, 0.0008493279411, 0.062899629054, 0.024561147587, 0.2945540894, 0.40020248216, 0.011210455626],
      [0.0086628872382, 0.012379250937, 0.00017949760051, 0.10781725473, 0.0038287844738, 0.43632458692, 0.43080773811]
    ],
    [
      [0.0161595541, 0.0049413090935, 0.24122576971, 0.0024291954596, 0.73244739357, 0.0024423309543, 0.00035444711273],
      [0.17446882285, 0.36641907867, 0.094282209415, 0.00032543707994, 0.050185325345, 0.28465233587, 0.029666790769],
      [0.0088436110599, 0.0086435686863, 0.001662851821, 0.0050696166797, 0.024388986178, 0.93727404743, 0.014117318142],
      [0.0056399929252, 0.0031309950656, 0.12021857746, 0.023057933951, 0.82510867422, 0.021084191615, 0.001759634759],
      [0.0064355597137, 3.8881496448e-05, 0.0052831060145, 0.41816494851, 0.18976448916, 0.38002943763, 0.00028357747199],
      [0.20994546774, 0.00052473932093, 0.067784046731, 0.021030547987, 0.27024631528, 0.42378661277, 0.0066822701698],
      [0.010580009274, 0.0091872787408, 0.00023187198059, 0.11102274963, 0.0042127268726, 0.55560512993, 0.30916023358]
    ],
    [
      [0.021645171906, 0.0077053034156, 0.18430293766, 0.0017317672556, 0.78211120165, 0.002074771987, 0.0004288461186],
      [0.1930737426, 0.4737453717, 0.059495168192, 0.0001914588933, 0.044223524623, 0.19962614531, 0.029644588683],
      [0.0098668545096, 0.022236059193, 0.0052044584541, 0.00067927842709, 0.026997371784, 0.91003473076, 0.024981246869],
      [0.0073916968506, 0.0047773012157, 0.089939489174, 0.016082886687, 0.86219952442, 0.017525889231, 0.0020832124261],
      [0.010305062263, 7.2473474206e-05, 0.0048322685546, 0.35613872143, 0.24229634958, 0.38594506329, 0.00041006141226],
      [0.28013607758, 0.00081342024615, 0.051526165625, 0.014896371572, 0.28682969229, 0.35776251694, 0.0080357557425],
      [0.01475711415, 0.014923612391, 0.00018465938171, 0.082345097545, 0.0046824859369, 0.49154040062, 0.39156662997]
    ],
    [
      [0.01796047366, 0.0094652747913, 0.20493766458, 0.0037877700735, 0.76052620366, 0.0026687556809, 0.00065385754636],
      [0.13904555862, 0.5026546348, 0.057752513054, 0.00036489098095, 0.037552416252, 0.22332686868, 0.039303117604],
      [0.008022126859, 0.020742860757, 0.0039455601676, 0.0057069157599, 0.018429339552, 0.91311341142, 0.030039785483],
      [0.0060665533001, 0.0058035274003, 0.098906097466, 0.034788804833, 0.82900102493, 0.022292995913, 0.003140996157],
      [0.0056110990181, 5.8383233804e-05, 0.0035319486194, 0.51031751821, 0.15485214136, 0.32521915022, 0.00040975934147],
      [0.21550732168, 0.00092985584851, 0.053449404369, 0.030355389783, 0.26021835766, 0.42813860636, 0.011401064301],
      [0.0085132882049, 0.012726779303, 0.0001432060167, 0.12519667365, 0.0031760459147, 0.43844093906, 0.41180306786]
    ],
    [
      [0.015624008216, 0.0084832921646, 0.16506656678, 0.0030272030136, 0.80527290943, 0.0019300045394, 0.00059601585558],
      [0.14101719667, 0.53059386404, 0.053434379122, 0.00033685081668, 0.045552980375, 0.18741053094, 0.041654198048],
      [0.010120282601, 0.024806172459, 0.0049201462823, 0.0065978493567, 0.027360268816, 0.88914760329, 0.037047677198],
      [0.0051986156263, 0.0051245729658, 0.078345740182, 0.027415200108, 0.86520350367, 0.015890296754, 0.002822070695],
      [0.0059575061049, 6.39120606e-05, 0.0034461433697, 0.50302169608, 0.19888356638, 0.28816972325, 0.00045745275715],
      [0.22180577044, 0.00098050336765, 0.050254163484, 0.028491783722, 0.32160441319, 0.36462701548, 0.012236350318],
      [0.0089778821074, 0.013858662639, 0.0001383358129, 0.12156019929, 0.004032079943, 0.38630681605, 0.46512602416]
    ],
    [
      [0.018456640924, 0.021572672051, 0.20113941953, 0.0051043578348, 0.75092416793, 0.0022951602082, 0.00050758151579],
      [0.087357144309, 0.72069705936, 0.033937451775, 0.0002977971839, 0.022223629484, 0.11690483406, 0.018582083831],
      [0.010010820598, 0.041263365653, 0.0053435582039, 0.0045487353645, 0.022190213926, 0.88964268329, 0.027000622961],
      [0.0062081661651, 0.013175142206, 0.096277614408, 0.046771299326, 0.81602475775, 0.019112264323, 0.0024307558226],
      [0.0050587299057, 0.00011684886731, 0.0030007798683, 0.61194873527, 0.13312248179, 0.24647204432, 0.00028037997837],
      [0.2353579898, 0.0022299520411, 0.054489974724, 0.042975130809, 0.26772413195, 0.38790165182, 0.0093211688566],
      [0.0095752104824, 0.031837552901, 0.0001513346277, 0.18539909115, 0.0033912440687, 0.41490989757, 0.3547356692]
    ],
    [
      [0.019617683248, 0.010914064833, 0.20478967721, 0.0018876166915, 0.76020772797, 0.0021207975491, 0.00046243249427],
      [0.14542851946, 0.56816447093, 0.054506778608, 0.00017311206811, 0.035452768466, 0.16967911369, 0.026595236775],
      [0.010470925761, 0.028937557679, 0.0055038303774, 0.002389959313, 0.024531348849, 0.90151619355, 0.026650184471],
      [0.0067713709342, 0.0068390465522, 0.10075168843, 0.017730262246, 0.84752369939, 0.018112667072, 0.0022712653731],
      [0.00900877256, 9.9088815431e-05, 0.0051412382513, 0.3775390008, 0.22626390641, 0.38152032408, 0.00042766908713],
      [0.2593672111, 0.0011744829565, 0.057984150787, 0.016545987708, 0.28286999037, 0.37321709266, 0.0088410844169],
      [0.01261545158, 0.019984601054, 0.00019189169163, 0.084893416347, 0.0042662874368, 0.47561293226, 0.40243541963]
    ],
    [
      [0.016790633578, 0.0069552330801, 0.17019710295, 0.0027347822391, 0.80028806931, 0.0024890928458, 0.00054508599785],
      [0.15675723433, 0.44667333402, 0.057822079488, 0.00031770176535, 0.047616031764, 0.25128684581, 0.039526772821],
      [0.0081240169625, 0.015690081277, 0.003462215408, 0.0048914022822, 0.022436727293, 0.9185160357, 0.026879521076],
      [0.0055990494709, 0.0042101878634, 0.081103437242, 0.024796005656, 0.8611799133, 0.020526382869, 0.0025850235979],
      [0.00621792653, 5.0870546951e-05, 0.0034768974207, 0.43709474241, 0.19305518986, 0.35969927987, 0.00040509336434],
      [0.21184497374, 0.00071846384233, 0.046666661372, 0.023043462716, 0.28777007183, 0.41996135296, 0.0099950135368],
      [0.0092084341583, 0.010827401729, 0.00013757290942, 0.10463703148, 0.0038638239203, 0.47353305997, 0.39779267583]
    ],
    [
      [0, 0.0022776588406, 0.33363143268, 0.0011969279413, 0.65909825058, 0.0012522457393, 0.0025434842166],
      [0, 0.35122042146, 0.1458575875, 0.012512294553, 0.10585278273, 0.32261752001, 0.061939393753],
      [0, 0.021409853998, 0, 0.0037573952497, 0.0291481227, 0.92098310949, 0.024701518563],
      [0, 0.0023916240749, 0.16900701104, 0.012213231627, 0.80343229982, 0.011572058473, 0.0013837749649],
      [0, 0.001526074443, 0.010390528795, 0.39535771389, 0.25712958714, 0.33523807612, 0.00035801961069],
      [0, 0.049857521154, 0.14574152749, 0.017926228452, 0.3906187581, 0.3872178526, 0.0086381122036],
      [0, 0.0089776437835, 0.00041624593223, 0.088018865364, 0.0050529957781, 0.4713566911, 0.42617755805]
    ],
    [
      [0.015447377485, 0.0084408003273, 0.19454983411, 0.0019084221058, 0.77665309222, 0.0024086101365, 0.00059186361275],
      [0.1329625132, 0.49938317416, 0.060932227648, 0.00020439974115, 0.042604037724, 0.2243204529, 0.039593194625],
      [0.007623190217, 0.020572211378, 0.0044880065758, 0.00012435867578, 0.023420579593, 0.91301270527, 0.030758948288],
      [0.0052632360569, 0.0052204246554, 0.094760627485, 0.017678577391, 0.85391496595, 0.020294313894, 0.0028678545652],
      [0.0067226023006, 7.2539215114e-05, 0.0046713340852, 0.35861212143, 0.22012970065, 0.40927462787, 0.0005170744494],
      [0.20257139347, 0.0009065429734, 0.055463321623, 0.016716727854, 0.29030773515, 0.42274685159, 0.01128742734],
      [0.0085570332151, 0.013270680326, 0.00015879520267, 0.073733807254, 0.0037853132152, 0.46319880946, 0.43729556132]
    ],
    [
      [0.017193131076, 0.0059977419303, 0.17704998905, 0.0025085269317, 0.795598427, 0.0011723601168, 0.00047982389238],
      [0.1974598597, 0.49715698328, 0.068751377956, 0.00034065317645, 0.05402847566, 0.14062986941, 0.041632780825],
      [0.014902603943, 0.027362637785, 0.0061610069738, 0.0082803633273, 0.041521135752, 0.85501735232, 0.046754899898],
      [0.0079464766218, 0.0061659340653, 0.089640583915, 0.028249411791, 0.86540750247, 0, 0.0025900911357],
      [0.0080892256593, 5.5933806186e-05, 0.004490128148, 0.52813116998, 0.23991682467, 0.21885655596, 0.00046016177832],
      [0.29049213644, 0.00079348388346, 0.060390197587, 0.026825266922, 0.35687761926, 0.25335233525, 0.011268960658],
      [0.012854384918, 0.012862802245, 0.000187789557, 0.13224249942, 0.0050636150347, 0.31140746608, 0.52538144275]
    ],
    [
      [0.030148284191, 0.010852590631, 0.16781590375, 0.0037804781902, 0.78316210166, 0.0034497292874, 0.00079091229002],
      [0.1893987078, 0.46922069559, 0.037970531628, 0.0002938044841, 0.031004801643, 0.23361917349, 0.038492285366],
      [0.0082946642312, 0.019490265612, 0.0014645729203, 0.0060640304546, 0.012478110568, 0.92339557206, 0.028812784157],
      [0.0099904239522, 0.0065302212179, 0.079407145434, 0.034102697306, 0.83794916692, 0.028290252956, 0.0037300922108],
      [0.0085070397516, 6.0520412201e-05, 0.0025994896209, 0.46401101746, 0.14330712594, 0.38106560474, 0.00044920207753],
      [0.28568879742, 0.00083814665421, 0.034172529961, 0.023781865744, 0.20910564325, 0.43556425864, 0.010848758329],
      [0.011618957567, 0.011883507688, 9.4746589084e-05, 0.10183917914, 0.0026403976648, 0.46274749573, 0.40917571562]
    ],
    [
      [0.020690649003, 0.0066534306495, 0.17219967355, 0.0029614386251, 0.79382592264, 0.00293194256, 0.00073694297098],
      [0.17905970739, 0.40032882544, 0.05363061447, 0.00031727855611, 0.043274655704, 0.2738764844, 0.049512434034],
      [0.0091493418321, 0.0114350901, 0.0036421614705, 0.0050071381707, 0.017243736853, 0.92176931822, 0.031753213351],
      [0.006885332088, 0.0040200408489, 0.081712670296, 0.026822365721, 0.85292679349, 0.024142815947, 0.0034899816112],
      [0.0069337717453, 4.4095445655e-05, 0.003160478666, 0.43205417996, 0.17243520652, 0.38487485629, 0.00049741136972],
      [0.2325110549, 0.00060994147656, 0.041565123495, 0.022118967981, 0.25157763693, 0.43961262331, 0.012004651901],
      [0.0091034972093, 0.0083312171698, 0.00011071280448, 0.091145070619, 0.0030525576637, 0.44963794322, 0.43861900131]
    ],
    [
      [0.014553439224, 0.0066595812949, 0.15955900046, 0.0028170445079, 0.81323218866, 0.0024338806057, 0.00074486524823],
      [0.14060139017, 0.44318959444, 0.055949718934, 0.00033816215974, 0.049920593118, 0.25411386994, 0.055886671225],
      [0.006890272523, 0.015086790514, 0.0029586159998, 0.0050780692692, 0.023504256992, 0.91008476533, 0.036397229376],
      [0.0048088491526, 0.0039946531071, 0.075315798632, 0.025312786642, 0.86717717603, 0.019890059434, 0.0035006769984],
      [0.0053469708619, 4.8333285414e-05, 0.0032291754151, 0.44729071511, 0.19438674776, 0.34914856208, 0.00054949549012],
      [0.18976581454, 0.0007105053551, 0.045117814161, 0.02450775744, 0.30157345388, 0.42421478151, 0.014109873121],
      [0.0070042250519, 0.009101458257, 0.0001129571669, 0.094590055594, 0.0034386133642, 0.40663560628, 0.47911708429]
    ],
    [
      [0.024775436892, 0.014572104382, 0.18241103961, 0.004144085987, 0.76837562939, 0.0043798226687, 0.0013418810673],
      [0.12746463414, 0.51596649053, 0.034019672416, 0.00026497401535, 0.025103802424, 0.24356142374, 0.053619002726],
      [0.0079858512035, 0.020568057761, 0.00093186478263, 0.0063561913531, 0.0046064972973, 0.92294227157, 0.03660926603],
      [0.0081711550878, 0.0087251944535, 0.08590518942, 0.037183426358, 0.81798301825, 0.035735516858, 0.0062964995779],
      [0.0061314763313, 7.1238180424e-05, 0.0024835278819, 0.44354227468, 0.12361406552, 0.42349022253, 0.00066719487012],
      [0.21753147123, 0.0010462701367, 0.034644464868, 0.024261958197, 0.19145666609, 0.51394754599, 0.017111623483],
      [0.0067430857382, 0.01125900535, 7.2976108199e-05, 0.078696941806, 0.0018369116977, 0.41384383734, 0.48754724196]
    ],
    [
      [0.018280929131, 0.012654550722, 0.25276930752, 0.001938342671, 0.71113371087, 0.0027295056341, 0.00049365345019],
      [0.1182135003, 0.58100916514, 0.057424443411, 0.00015397581237, 0.028385219202, 0.19010673753, 0.024706958609],
      [0.0091621803166, 0.027007133284, 0.003295943412, 0.0020031886181, 0.018714584638, 0.91785379771, 0.021963172023],
      [0.0064669581855, 0.008130157637, 0.12699683604, 0.018685312518, 0.81332005522, 0.023913391825, 0.002487288576],
      [0.0075599588379, 0.00010366748331, 0.0056272238016, 0.35279531296, 0.18875647836, 0.4447439117, 0.00041344686178],
      [0.22436265438, 0.0012559324787, 0.064959308489, 0.015638886431, 0.24105705688, 0.44400875113, 0.0087174102139],
      [0.0099923727094, 0.019751922802, 0.00019759986159, 0.074309489742, 0.0033460747358, 0.52390010102, 0.36850243913]
    ],
    [
      [0.021072307016, 0.010252113666, 0.19595395018, 0.00339249345, 0.76514724601, 0.0034950912113, 0.00068679846284],
      [0.14365382379, 0.48064310191, 0.048465504183, 0.00028741544914, 0.033171821383, 0.25744693623, 0.036331397057],
      [0.0075884961333, 0.017333778321, 0.0029240225889, 0.0054113154288, 0.012573770586, 0.93020353784, 0.023965079104],
      [0.00707687496, 0.0062509599311, 0.09400330881, 0.030987478783, 0.82936630336, 0.029034060833, 0.0032810133209],
      [0.0062707317858, 6.026874509e-05, 0.0032110979762, 0.43583073587, 0.14818661178, 0.40603025949, 0.00041029435578],
      [0.21708042779, 0.00086340502346, 0.043708118327, 0.023294807433, 0.22397180351, 0.48081362134, 0.010267816576],
      [0.0087088743572, 0.0120281168, 0.00011914015383, 0.097787327797, 0.002781219363, 0.50116590518, 0.37740941635]
    ],
    [
      [0.02298721015, 0.011699416992, 0.2057014226, 0.0030876447997, 0.75289987993, 0.0027589839503, 0.00086544158234],
      [0.15072765918, 0.52967953081, 0.048760709399, 0.00025114281614, 0.03128284876, 0.19527963829, 0.044018470745],
      [0.0094412546471, 0.024564593038, 0.0039413405683, 0.0051292074537, 0.017184377525, 0.90266353992, 0.037075686852],
      [0.0078371487742, 0.0072417734116, 0.10011172803, 0.028639356733, 0.82870116397, 0.023270834495, 0.0041979945909],
      [0.0078170079452, 7.8601014935e-05, 0.0038438025485, 0.45460201833, 0.16644662385, 0.36662056658, 0.00059137972127],
      [0.25850564126, 0.0010735073399, 0.049887324621, 0.023092285176, 0.23973562147, 0.4136055217, 0.014100098435],
      [0.0095954872162, 0.013872107156, 0.0001259654789, 0.089953928246, 0.0027581449766, 0.40007024869, 0.48362411823]
    ],
    [
      [0.016865642685, 0.012777216965, 0.18406572157, 0.0016704542561, 0.78219599421, 0.0021463683634, 0.0002786019489],
      [0.11519984118, 0.63699781149, 0.043594112737, 0.00013777042918, 0.032395019884, 0.15701847392, 0.014656970369],
      [0.00849977731, 0.033825351044, 0.0046352054825, 0.0031915728916, 0.023789269841, 0.91328709222, 0.012771731213],
      [0.0098179367434, 0.0061196017519, 0.092905434657, 0.013469444988, 0.85956115296, 0.0181264289, 0],
      [0.007940002165, 0.00011914292274, 0.0046796988527, 0.34946369984, 0.23575173945, 0.40177906401, 0.00026665276855],
      [0.23441187015, 0.0014252673391, 0.053069187249, 0.015076269537, 0.29617339356, 0.39430714855, 0.0055368636224],
      [0.012599270641, 0.027344515146, 0.00019609768789, 0.087432386545, 0.0049860143725, 0.57066109047, 0.29678062514]
    ],
    [
      [0.014719945507, 0.0048047333089, 0.16774075865, 0.0016542765867, 0.80881245914, 0.0018632615198, 0.00040456527993],
      [0.1786677538, 0.40597873604, 0.072664054534, 0.00024699638372, 0.061307189232, 0.24316499381, 0.037970276208],
      [0.010213212031, 0.013620800901, 0.0055699041357, 0.0012956194875, 0.028185251783, 0.91381636899, 0.027298842674],
      [0.0049537690723, 0.0029363305168, 0.080576709604, 0.015147431089, 0.87893172554, 0.015516537448, 0.001937496732],
      [0.0073629890635, 4.7555106049e-05, 0.0045894121578, 0.36008775779, 0.2617921977, 0.36571204432, 0.0004080438653],
      [0.21828150994, 0.00057864079094, 0.053110973992, 0.016210720917, 0.33607883546, 0.36708214243, 0.0086571764691],
      [0.010869189362, 0.010109852832, 0.00018022643339, 0.085417048464, 0.0051956009779, 0.48116727737, 0.40706080457]
    ],
    [
      [0.013718346774, 0.0079398812426, 0.17800904951, 0.0020026435018, 0.79628806675, 0.0016060295221, 0.00043598269956],
      [0.13558611611, 0.54567888016, 0.063691748694, 0.00024552744793, 0.049891069915, 0.17145257265, 0.033454085025],
      [0.010424503567, 0.027861735662, 0.0059394509471, 0.0055445132106, 0.03026561984, 0.88732634097, 0.032637835798],
      [0.0046456618249, 0.0048808657167, 0.086108808206, 0.018442688994, 0.8703708186, 0.01345120749, 0.0020999491648],
      [0.0067329492291, 7.6977861443e-05, 0.0048079505392, 0.42577363733, 0.25419051754, 0.30798810112, 0.00042986637664],
      [0.21564245649, 0.0010190467341, 0.060515028311, 0.020953960947, 0.3551268816, 0.3368063527, 0.0099362732146],
      [0.010328828316, 0.0169912921, 0.00019673740059, 0.10526049637, 0.0052592426173, 0.42039798638, 0.44156541681]
    ],
    [
      [0.015782038583, 0.0026669857275, 0.2068926085, 0.0023309723382, 0.77088706235, 0.0011294442369, 0.0003108882609],
      [0.25910388001, 0.30117573277, 0.12152322758, 0.00047056644505, 0.079265150095, 0.19903768677, 0.03942375633],
      [0.013956229816, 0.0096105443067, 0.0064756401644, 0.010588922585, 0.043032380815, 0.88218407269, 0.034152209625],
      [0.0054404097101, 0.0016695414008, 0.10177442661, 0.021868203072, 0.85809029543, 0.0096323540334, 0.0015247697433],
      [0.0079239536668, 2.6481021794e-05, 0.0056913461489, 0.5129204506, 0.25112848509, 0.22199510814, 0.00031417532984],
      [0.26815198483, 0.00036785926742, 0.075224355986, 0.026175897207, 0.36806808297, 0.25440141526, 0.0076104044799],
      [0.015595535155, 0.007503695256, 0.00029806531677, 0.16138184309, 0.0066468090802, 0.38941710333, 0.41915694878]
    ],
    [
      [0.01175803773, 0.013279455473, 0.16315569199, 0.001418226388, 0.80843189121, 0.0016016022333, 0.00035509497727],
      [0.083849973135, 0.69631972203, 0.041307246025, 0.00012412059013, 0.035812695651, 0.12295870047, 0.019627542097],
      [0.0077868364222, 0.046058068011, 0.0044232424385, 0.003568048222, 0.032769637606, 0.87962341801, 0.025770749289],
      [0.0057895188952, 0.0026273952216, 0.081370780017, 0.0081196820291, 0.87879539531, 0.020015633477, 0.0032815950511],
      [0.0065576290253, 0.00014636617711, 0.0049611973072, 0.34520043027, 0.29108011547, 0.35165411389, 0.00040014786016],
      [0.19419376834, 0.0017743144645, 0.057188372548, 0.015420018565, 0.3719881871, 0.35098908864, 0.0084462503477],
      [0.0096885621575, 0.03124329637, 0.00019448077731, 0.081725304019, 0.0057638137857, 0.46370288368, 0.40768165922]
    ],
    [
      [0.012805947112, 0.003733177342, 0.18711666157, 0.0023805589748, 0.7915710958, 0.0019360661878, 0.00045649301036],
      [0.17125220495, 0.34418537866, 0.090456754902, 0.00039450601016, 0.067026591809, 0.27934354379, 0.047341019875],
      [0.0082481755151, 0.0058082816911, 0.005389269945, 0.0055798868996, 0.027810943053, 0.91766194766, 0.029501495233],
      [0.004325490463, 0.0022893152864, 0.090265336859, 0.021867159393, 0.86288484878, 0.016174634928, 0.0021932142921],
      [0.0055058203347, 3.1721829792e-05, 0.0044246587898, 0.44298368135, 0.2212846881, 0.3253749705, 0.0003944590922],
      [0.18990200901, 0.00045226686105, 0.059987535613, 0.023508965113, 0.33302667646, 0.3833020993, 0.0098204476459],
      [0.0086341219215, 0.0071535528635, 0.00018511927361, 0.11208115347, 0.0046823691644, 0.45402512713, 0.41323855617]
    ],
    [
      [0.0095170097173, 0.0056498507879, 0.18340559901, 0.002127977826, 0.79696046034, 0.0017455056833, 0.00059359663061],
      [0.11327550126, 0.46883555015, 0.078588003003, 0.00031335094526, 0.059786070146, 0.22429540529, 0.054906119209],
      [0.004223850015, 0.018891952664, 0.0060160833996, 0.0055647143147, 0.028819827764, 0.89679776647, 0.039685805368],
      [0.0032118634219, 0.0034611601815, 0.08833186844, 0.019532342812, 0.86804277135, 0.014570350776, 0.002849643015],
      [0.004436155627, 5.2045955576e-05, 0.0046872113333, 0.43084180579, 0.24096056957, 0.3184655968, 0.00055661492136],
      [0.1543286408, 0.00074832576185, 0.06411718712, 0.022966365113, 0.36570872285, 0.37815652657, 0.013974231785],
      [0.0059528541425, 0.010054150547, 0.00016754120517, 0.092928276294, 0.0043538034038, 0.38048322084, 0.50606015357]
    ],
    [
      [0.011717326524, 0.0040038676776, 0.19491627896, 0.001862950828, 0.7854755881, 0.0016990560249, 0.00032493187752],
      [0.16223063422, 0.38141399885, 0.097926119716, 0.00032022910821, 0.069121780307, 0.2540772658, 0.034909972004],
      [0.0084308943906, 0.010860081801, 0.0052351596066, 0.0041867377295, 0.030958004233, 0.91776885581, 0.022560266427],
      [0.0039997223153, 0.0024810078045, 0.09507196745, 0.017288727454, 0.86523914844, 0.014342118441, 0.0015773080946],
      [0.0058510027295, 3.949238429e-05, 0.0053639975003, 0.40175600279, 0.25538334727, 0.33128044554, 0.00032571178825],
      [0.18671310987, 0.00052190568669, 0.0673900815, 0.019799997108, 0.35625091746, 0.36180526646, 0.007518721913],
      [0.0098895612272, 0.0095966458373, 0.00024198757259, 0.10969518138, 0.0058275790313, 0.49809931304, 0.36664973191]
    ],
    [
      [0.014607867166, 0.0034023714019, 0.14049826963, 0.0034883938793, 0.83611748818, 0.0015977398294, 0.00028786991052],
      [0.21538642798, 0.34792588114, 0.073938243846, 0.0006310871668, 0.076925666557, 0.25246603925, 0.032726654059],
      [0.010057032607, 0.0090649221446, 0.0039947001222, 0.009136592824, 0.037510397148, 0.90824929372, 0.021987061436],
      [0.0066553967243, 0, 0.062819574707, 0.028247825756, 0.88801315529, 0.012924892828, 0.0013391546979],
      [0.0053792237032, 2.477634873e-05, 0.0028381627588, 0.5611563347, 0.19956394869, 0.23082376573, 0.0002137880653],
      [0.22470460976, 0.00042471166742, 0.046218132985, 0.03545729475, 0.36066449878, 0.32614881811, 0.0063819339436],
      [0.011906843352, 0.0078936880811, 0.00016720102531, 0.19936389451, 0.0059437233188, 0.45542197021, 0.3193026795]
    ],
    [
      [0.025396443362, 0.0056354792224, 0.20960440535, 0.0029385618201, 0.75283319777, 0.0029094195809, 0.00068249289691],
      [0.23420073158, 0.35377620973, 0.059170589066, 0.00030204069107, 0.037292251312, 0.26957227837, 0.045685899247],
      [0.012177739488, 0.0087188259, 0.0085612890589, 0.0065825735007, 0.0093301903051, 0.92238885364, 0.03224052811],
      [0.0086313547531, 0.0034937779578, 0.1006923113, 0.027448446878, 0.83175002732, 0.024657346658, 0.0033267351271],
      [0.0083923455223, 3.714744568e-05, 0.0035589601058, 0.44515314072, 0.15387905183, 0.38851228295, 0.00046707143054],
      [0.29551049551, 0.00049369242768, 0.044389369147, 0.020423330341, 0.21119372259, 0.41738206311, 0.010607326875],
      [0.01094468935, 0.0069907402482, 0.00012107187267, 0.089103372256, 0.0026350109478, 0.45310506927, 0.43710004605]
    ],
    [
      [0.0099564761336, 0.005817975801, 0.14184684842, 0.038937160101, 0.79876083713, 0.0038721603321, 0.00080854207772],
      [0.089940196176, 0.38221329945, 0.045425698463, 0.004326155341, 0.04486202268, 0.37651701829, 0.056715609599],
      [0, 0.0055214414382, 0.0016417338502, 0.041993722674, 0.013893158916, 0.90599250465, 0.030957438472],
      [0, 0.0026628815361, 0.050748468706, 0.26758590549, 0.64941303846, 0.024176610113, 0.0054130956957],
      [0, 0, 0.00039943843625, 0.84699287396, 0.010896147786, 0.12346547892, 0.018246060896],
      [0.055560916816, 0.00041519608845, 0.047485428527, 0.22667853854, 0.19587577253, 0.4637002237, 0.010283923795],
      [0, 0.0031684752372, 0.001942458756, 0.52386607539, 0.0013281661817, 0.25901971743, 0.210675107]
    ],
    [
      [0.014696878581, 0.0048316467482, 0.1931607723, 0.0014215339513, 0.78425608335, 0.0013121124706, 0.00032097260613],
      [0.18927017858, 0.45014465171, 0.086748559834, 0.00022225595567, 0.061687092023, 0.18018771264, 0.031739549254],
      [0.014748981214, 0.022912419412, 0.0092864743772, 0.0037369880493, 0.029800138999, 0.88902064522, 0.030494352731],
      [0.0050514112839, 0.0030167259202, 0.094543161342, 0.013304175519, 0.8713464497, 0.011167089319, 0.0015709869146],
      [0.0087840679896, 5.7226739774e-05, 0.006247272948, 0.37337795063, 0.30158579885, 0.3095586188, 0.00038906403274],
      [0.24981509236, 0.000657175916, 0.068396528948, 0.015707412688, 0.36541819416, 0.29224282459, 0.0077627713418],
      [0.014019430224, 0.013201641817, 0.00026389456627, 0.095291093433, 0.0064324099369, 0.44192707843, 0.4288644516]
    ],
    [
      [0.018231927384, 0.008140522943, 0.14778662723, 0, 0.82314075081, 0.0012942523662, 0.0014059192688],
      [0.17822463698, 0.55077527177, 0.051964343619, 0.00011825300052, 0.050573907571, 0.13615381877, 0.032189768289],
      [0.014131847385, 0.034359822751, 0.0049734406967, 0, 0.039945599055, 0.86784946056, 0.038739829557],
      [0.00614446795, 0.0049807869776, 0.071175346125, 0, 0.89588570075, 0.019773691252, 0.0020400069476],
      [0.012213883021, 0.00010774088029, 0.0086182649503, 0.2795105331, 0.35786411877, 0.34111220011, 0.00057325917453],
      [0.28886028297, 0.0010490647043, 0.050332375122, 0.010281268522, 0.36734487154, 0.27239957417, 0.009732562967],
      [0.015919842545, 0.020212250995, 0.00018876518753, 0.059706245774, 0.0062717412862, 0.39370850047, 0.50399265374]
    ],
    [
      [0.012770556901, 0.0061139612657, 0.1289469869, 0.0064815456755, 0.84085268673, 0.0030724174859, 0.0017618450405],
      [0.11092876038, 0.40636862424, 0.037193272215, 0.00067259253239, 0.042493671851, 0.28424612677, 0.11809695201],
      [0.0064020680429, 0.0111639291, 0.0019560012783, 0.0060142259908, 0.016960534421, 0.90279810388, 0.054705137283],
      [0.0039882110181, 0.0034750998526, 0.056868307909, 0.055398206996, 0.84857541403, 0.023831317319, 0.0078634428737],
      [0.0027054779845, 2.5873134936e-05, 0.0014331169841, 0.62405914533, 0.11145913792, 0.25955103073, 0.00076621792062],
      [0.15203599442, 0.00057584627404, 0.030414360539, 0.049315059904, 0.26182641835, 0.47618137114, 0.02965094937],
      [0.0030482497029, 0.0042192666876, 4.2617629019e-05, 0.10934908439, 0.0016712500941, 0.26161206863, 0.62005746286]
    ],
    [
      [0.0093329970731, 0.0048380210897, 0.1409873725, 0.002034556292, 0.84105618379, 0.0014568592736, 0.00029400998343],
      [0.13111059777, 0.4684701474, 0.071894917534, 0.00035481226328, 0.075021830135, 0.22109375532, 0.032053939575],
      [0.0064840680378, 0.019158225181, 0.0027586801201, 0.0074273808474, 0.036373159181, 0.9043497701, 0.02344871653],
      [0.0030812361239, 0.0028991849825, 0.066525999937, 0.018260891148, 0.89595951946, 0.011892938723, 0.0013802296262],
      [0.0046346614866, 4.744506648e-05, 0.0038602082907, 0.43694828031, 0.27177388485, 0.28244241656, 0.00029310344046],
      [0.16189755673, 0.00068692065617, 0.053129631353, 0.023556961641, 0.41539315467, 0.33792534995, 0.0074104249976],
      [0.0087115310682, 0.012821646712, 0.00019358985165, 0.13254563349, 0.0068921261951, 0.47230168296, 0.36653378972]
    ],
    [
      [0.02140642177, 0.005544871237, 0.20093984556, 0.002697466266, 0.76630092616, 0.0025586009555, 0.00055186805748],
      [0.20832900815, 0.39200322302, 0.061108201278, 0.00030088984729, 0.04097302793, 0.25723092445, 0.040054725325],
      [0.012496319712, 0.012866289491, 0.0089639100547, 0.0064698642594, 0.012486926112, 0.91716070437, 0.029555986003],
      [0.0072610544387, 0.0034269444506, 0.09566534066, 0.02511877165, 0.84424408954, 0.021603394814, 0.0026804044495],
      [0.0076535776834, 3.9686964682e-05, 0.0036615084157, 0.44950577483, 0.16917365673, 0.36955628077, 0.0004095146041],
      [0.2720267845, 0.00053940934254, 0.0473333924, 0.020972668071, 0.24025463476, 0.40931055894, 0.0095625519899],
      [0.010759363724, 0.0080907706812, 0.0001345299247, 0.096290175938, 0.0031240099709, 0.46655701509, 0.41504413467]
    ],
    [
      [0.021279252938, 0.018848246906, 0.17785623638, 0.0030910101969, 0.77602225208, 0.0020485903914, 0.00085441110397],
      [0.11157896266, 0.67713629519, 0.034055872907, 0.0002019631838, 0.026026571083, 0.11619659971, 0.03480373527],
      [0.011802173034, 0.040812501523, 0.0038039172833, 0.0066922583267, 0.027241284209, 0.86434168996, 0.045306175665],
      [0.0071871514521, 0.011555373505, 0.085913261374, 0.028381616554, 0.8457500447, 0.017108973767, 0.0041035786443],
      [0.0079705502966, 0.00013934532103, 0.0036845503169, 0.49880571939, 0.18967272711, 0.29908555207, 0.00064155549642],
      [0.27213709411, 0.0019747100168, 0.04959035609, 0.02642369256, 0.28360841729, 0.35038094395, 0.015884785983],
      [0.009944491251, 0.024974851356, 0.00012287035341, 0.10068554814, 0.0032000578044, 0.3315203327, 0.5295518484]
    ],
    [
      [0.0084691268495, 0.0067948084851, 0.25779132027, 0, 0.72463466167, 0.0013140565902, 0.00099602613277],
      [0.098552573706, 0.56186589104, 0.10159938753, 0, 0.049601990468, 0.16369625806, 0.024683899196],
      [0.0068348612378, 0.028752188082, 0.0034776602375, 0, 0.036436018936, 0.89715741569, 0.027341855818],
      [0.0030353048878, 0.006911355476, 0.13042565748, 0, 0.84657462395, 0.011656376256, 0.0013966819423],
      [0.015676286665, 0.0038159796749, 0.010185992811, 0.23271801087, 0.34331989651, 0.39386344474, 0.00042038873313],
      [0.1728788164, 0.0010598412231, 0.1021768269, 0, 0.37880547833, 0.33746130163, 0.0076177355048],
      [0.0089110191161, 0.02045277862, 0.00037204267521, 0.052996274848, 0.0062739332386, 0.49294944596, 0.41804450554]
    ]
  ],
  "expected_outcome": [
    [
      [0.019962463834, 0.016315351214, 0.86111947231, 3.319444852, 1.5351576395, 2.056291331, 2.01157305, 0.65620834508, 0.4614160231, 0.70623659692, 1.712644625, 0, 2.8577648347, 0.46421453906, 1.8390453357, 0.66210076809, 0.97508042798, 1.7095051456, 0.56670880306, 1.6436399473, 1.1953349278, 0.65776006472, 0.92735656693, 1.0151576613, 1.0889606622, 0.43504739602, 1.0628936103, 0.58053759276, 1.3592098768, 1.0809821703, 0.22856799025, 0.16926009427, 0.51439075034, 1.2033072073, 0.025541113802, 0.84930273365, 0.10703210885, 4.6388771404, 0.12703690274],
      [0.083311941224, 0.011916539882, 0.29097584843, 1.6722866935, 0.46942436388, 0.73200382448, 1.0601107766, 0.35629827091, 0.53931680128, 0.39290633398, 0.70943377418, 0.0068329765219, 1.5615480605, 0.16193903212, 0.66200802847, 0.21290978078, 0.44619194676, 1.0054752023, 0.39229107239, 0.79966486596, 0.60836968359, 0.49831146162, 0.30269819846, 0.58755121195, 0.18402201519, 0.49133985251, 0.30985371939, 0.34464089806, 0.4644486506, 0.25177548374, 0.050719313002, 0.098905588616, 0.16910763619, 0.53727451423, 0.012227922531, 0.44025991916, 0.027724356185, 4.1089178255, 0.10192212728],
      [1.5786889426, 0.54682626146, 6.8061646577, 46.5581883607, 22.9164481225, 17.508779078, 22.9530184334, 6.9327958049, 5.0284854884, 7.3724283797, 17.3601045006, 1.0008942981, 35.9917193107, 4.7803497044, 10.2367701286, 5.5103895537, 10.6904530309, 12.586361733, 7.835848533, 15.2844081141, 10.6964739751, 7.1785631413, 10.5676677952, 13.1726696636, 14.2755899866, 6.0367606036, 15.5306829107, 11.1877415396, 22.6102883598, 10.3968719527, 1.8864396482, 2.4113964232, 6.7606270304, 9.7539173969, 0.2578939738, 12.8298508976, 1.0046992278, 38.772659531, 3.8668698041],
      [0.0040277597742, 0.014687470389, 0.11877936469, 0.59262744417, 0.23077356866, 0.16451788928, 0.42423024823, 0.12714252657, 0.12760894587, 0.067954200896, 0.27894778839, 0.0035907838238, 0.35305808958, 0.067730227155, 0.2306091696, 0.094766036003, 0.18874198203, 0.2859419331, 0.060088622802, 0.2646144891, 0.16055752958, 0.065147715987, 0.10421942496, 0.14819561913, 0.16083709133, 0.052474376357, 0.19758639491, 0.12980664739, 0.21610229604, 0.25814114706, 0.026447056381, 0.66193172171, 0.049753688294, 0, 0.012963091351, 0.18514462257, 0.01348733133, 0.67384022293, 0],
      [1.3058581978, 1.4090797333, 40.7290900568, 166.2505223913, 69.582502389, 74.3005641572, 85.1789348104, 33.8214621959, 18.7731041983, 27.367478207, 81.6293830698, 1.9772947517, 143.6808220609, 21.4811575291, 47.7728882015, 25.4024295245, 54.4865566401, 53.0179184282, 22.0451450371, 59.681485189, 39.1507937562, 30.5056437742, 50.955184926, 58.9253169396, 53.1912073023, 29.9119799747, 65.7004009512, 48.614588081, 91.1151682201, 61.8726941254, 6.7754987799, 13.5789342313, 27.4489629171, 54.3272895536, 1.6817053735, 76.5361127246, 3.8315046308, 169.1728509542, 10.869519925],
      [0.0062733234647, 0.00099097491438, 0.15777485201, 0.48256498158, 0.23202144066, 0.19710333876, 0.29890063626, 0.081060190656, 0.057379005206, 0.076348711766, 0.25388747027, 0.0037567372178, 0.44559287526, 0.031653723153, 0.21043348653, 0.093822161919, 0.16307000058, 0.30220776414, 0.084614674658, 0.27261711449, 0.14346716542, 0.083708366172, 0.11738547575, 0.11884618463, 0.077931652348, 0.059259282634, 0.16069349358, 0.10647584668, 0.19709049889, 0.11823274738, 0.026184776228, 0.065826725646, 0.045923936472, 0.085420656169, 0.0061448349718, 0.13257419389, 0.012793004777, 0.44659270532, 0.019710848852],
      [0.0018773713614, 0.00018366887394, 0.03609574808, 0.12436527687, 0.033672475709, 0.040740381267, 0.073232045193, 0.025032665934, 0.012689537895, 0.016647569794, 0.055598771781, 0.0076304526497, 0.10949476836, 0.012955245094, 0.048245649691, 0.023582175071, 0.049905971631, 0.092589793644, 0.015303256956, 0.053570280101, 0.045002962282, 0.010865476007, 0.025487612636, 0.032262719768, 0.021451290002, 0.013138514159, 0.03788891986, 0.036209394467, 0.037692097792, 0.021302373379, 0.0061424360722, 0.013745215321, 0.011234041215, 0.092790671744, 0.0035236900809, 0.026754908492, 0.0027593402874, 0.18626162067, 0.014940391992]
    ],
    [
