{
  "X": [
    [9, 11, 26, 95, 128, 4],
    [10, 8, 8, 12, 104, 3],
    [11, 9, 25, 89, 132, 4],
    [2, 0, 2, 3, 1, 0],
    [5, 5, 14, 38, 86, 3],
    [3, 13, 6, 20, 26, 5],
    [21, 18, 48, 101, 259, 15],
    [5, 8, 19, 89, 122, 8],
    [35, 31, 52, 150, 477, 37],
    [1, 9, 10, 9, 32, 4],
    [0, 11, 9, 10, 18, 0],
    [8, 1, 17, 20, 57, 3],
    [1, 10, 5, 10, 3, 1],
    [13, 6, 11, 33, 170, 4],
    [12, 15, 55, 120, 164, 11],
    [8, 1, 11, 21, 86, 7],
    [8, 38, 16, 114, 104, 5],
    [8, 29, 19, 86, 88, 4],
    [7, 15, 11, 42, 73, 2],
    [27, 24, 29, 127, 182, 13],
    [39, 17, 37, 231, 292, 17],
    [30, 9, 80, 130, 261, 19],
    [1, 1, 5, 8, 15, 1],
    [2, 2, 4, 28, 25, 0],
    [0, 2, 2, 3, 22, 1],
    [7, 10, 23, 173, 126, 9],
    [42, 67, 148, 288, 577, 20],
    [28, 49, 92, 157, 330, 19],
    [23, 33, 63, 189, 401, 15],
    [0, 14, 28, 74, 34, 4],
    [0, 0, 8, 8, 24, 0],
    [0, 5, 3, 6, 5, 1],
    [54, 28, 118, 109, 394, 26],
    [46, 22, 51, 76, 257, 13],
    [26, 34, 70, 174, 379, 27],
    [5, 1, 2, 19, 82, 4],
    [5, 3, 6, 12, 52, 6],
    [1, 0, 6, 2, 6, 0],
    [0, 4, 11, 31, 32, 1],
    [3, 0, 0, 3, 10, 4],
    [70, 16, 57, 106, 278, 17],
    [0, 0, 1, 2, 3, 0],
    [0, 0, 2, 5, 13, 1],
    [2, 2, 6, 75, 25, 6],
    [1, 3, 3, 12, 26, 2],
    [5, 2, 12, 20, 61, 2],
    [4, 26, 13, 63, 79, 1],
    [10, 87, 19, 67, 145, 7],
    [2, 8, 36, 95, 63, 5],
    [7, 4, 24, 105, 128, 2],
    [5, 3, 5, 17, 45, 3],
    [2, 4, 8, 31, 30, 2],
    [0, 3, 1, 5, 4, 1],
    [9, 24, 62, 157, 362, 8],
    [4, 16, 10, 53, 92, 2],
    [2, 7, 2, 17, 32, 2],
    [6, 11, 10, 42, 80, 3],
    [0, 1, 2, 20, 10, 2],
    [35, 14, 38, 83, 338, 23],
    [0, 0, 4, 2, 2, 2],
    [4, 4, 41, 52, 36, 5],
    [0, 4, 0, 8, 12, 0],
    [16, 4, 12, 34, 149, 4],
    [1, 2, 2, 8, 17, 2],
    [8, 15, 24, 70, 175, 4],
    [1, 3, 2, 12, 24, 4],
    [0, 0, 3, 6, 4, 0],
    [7, 12, 35, 90, 52, 2],
    [0, 0, 4, 15, 10, 0],
    [6, 2, 6, 11, 44, 4],
    [14, 8, 19, 95, 283, 10],
    [11, 2, 67, 177, 320, 16],
    [2, 7, 3, 25, 14, 0],
    [21, 43, 72, 164, 294, 16],
    [1, 2, 1, 8, 53, 0],
    [1, 13, 15, 14, 41, 2],
    [7, 10, 4, 19, 93, 6],
    [6, 16, 16, 29, 62, 2],
    [3, 8, 4, 20, 38, 5],
    [0, 0, 4, 15, 22, 2],
    [0, 3, 6, 17, 3, 3],
    [0, 0, 0, 7, 3, 2],
    [0, 1, 1, 5, 9, 0],
    [0, 2, 3, 6, 12, 1],
    [12, 17, 30, 58, 163, 5],
    [0, 0, 4, 19, 39, 0],
    [0, 2, 9, 15, 44, 3],
    [9, 2, 13, 31, 82, 4],
    [5, 10, 18, 70, 124, 7],
    [5, 7, 12, 46, 77, 11],
    [4, 28, 8, 10, 47, 1],
    [9, 4, 16, 13, 40, 1],
    [2, 12, 7, 21, 73, 1],
    [2, 3, 5, 2, 59, 3],
    [1, 8, 2, 13, 7, 0],
    [6, 5, 24, 59, 47, 6],
    [3, 11, 12, 31, 93, 3],
    [3, 3, 7, 8, 58, 2],
    [37, 47, 99, 213, 615, 21],
    [1, 13, 5, 24, 40, 3],
    [3, 1, 0, 6, 16, 1],
    [45, 5, 78, 142, 429, 24],
    [5, 2, 25, 41, 107, 4],
    [5, 1, 7, 19, 30, 0],
    [5, 1, 11, 40, 68, 1],
    [0, 4, 2, 23, 6, 1],
    [0, 0, 1, 8, 1, 0],
    [511, 416, 903, 2391, 5365, 271],
    [23, 28, 151, 275, 474, 39],
    [78, 67, 288, 503, 735, 46],
    [2, 9, 93, 94, 208, 4]
  ],
  "W": [
    [13, 34, 60, 124, 32, 10],
    [15, 11, 9, 93, 10, 7],
    [16, 15, 53, 125, 40, 21],
    [2, 2, 1, 1, 0, 2],
    [6, 30, 20, 68, 21, 6],
    [6, 5, 15, 26, 14, 7],
    [27, 49, 78, 220, 66, 22],
    [9, 26, 58, 96, 57, 5],
    [57, 51, 121, 392, 124, 37],
    [1, 9, 6, 34, 9, 6],
    [0, 4, 10, 18, 9, 7],
    [9, 10, 14, 51, 17, 5],
    [1, 3, 9, 5, 5, 7],
    [17, 4, 25, 154, 27, 10],
    [15, 60, 80, 160, 35, 27],
    [11, 5, 19, 71, 26, 2],
    [12, 11, 81, 106, 61, 14],
    [9, 14, 65, 88, 36, 22],
    [7, 12, 20, 75, 24, 12],
    [34, 35, 72, 166, 66, 29],
    [62, 39, 146, 259, 91, 36],
    [26, 85, 85, 257, 62, 14],
    [1, 6, 4, 15, 4, 1],
    [7, 4, 15, 29, 6, 0],
    [0, 3, 2, 22, 2, 1],
    [16, 30, 108, 132, 31, 31],
    [62, 159, 198, 589, 95, 39],
    [50, 104, 102, 338, 56, 25],
    [38, 80, 126, 401, 65, 14],
    [4, 48, 41, 37, 15, 9],
    [3, 9, 5, 17, 4, 2],
    [0, 4, 4, 7, 2, 3],
    [72, 94, 60, 366, 121, 16],
    [37, 42, 58, 251, 63, 14],
    [44, 71, 104, 371, 89, 31],
    [7, 3, 6, 76, 17, 4],
    [3, 3, 2, 51, 20, 5],
    [0, 3, 3, 8, 0, 1],
    [3, 15, 22, 30, 7, 2],
    [4, 0, 2, 10, 1, 3],
    [74, 47, 92, 231, 82, 18],
    [1, 1, 2, 2, 0, 0],
    [0, 1, 5, 8, 4, 3],
    [1, 7, 60, 24, 16, 8],
    [6, 5, 9, 19, 7, 1],
    [3, 5, 11, 57, 22, 4],
    [11, 22, 31, 84, 27, 11],
    [15, 22, 48, 178, 44, 28],
    [9, 45, 61, 61, 22, 11],
    [14, 39, 48, 127, 32, 10],
    [6, 8, 15, 41, 6, 2],
    [5, 16, 17, 27, 7, 5],
    [1, 2, 1, 6, 2, 2],
    [17, 66, 84, 386, 52, 17],
    [13, 13, 29, 102, 19, 1],
    [9, 1, 13, 27, 9, 3],
    [10, 12, 27, 75, 23, 5],
    [1, 6, 14, 5, 6, 3],
    [61, 42, 55, 284, 65, 24],
    [1, 5, 2, 1, 1, 0],
    [11, 44, 29, 30, 18, 10],
    [4, 0, 3, 9, 6, 2],
    [22, 8, 21, 138, 20, 10],
    [2, 1, 5, 16, 8, 0],
    [19, 23, 51, 162, 31, 10],
    [3, 3, 9, 23, 7, 1],
    [0, 0, 5, 4, 4, 0],
    [9, 47, 57, 43, 23, 19],
    [0, 6, 8, 7, 6, 2],
    [4, 9, 5, 41, 10, 4],
    [25, 22, 75, 236, 56, 15],
    [20, 88, 95, 315, 61, 14],
    [4, 4, 13, 15, 8, 7],
    [45, 78, 103, 300, 56, 28],
    [3, 2, 7, 46, 5, 2],
    [4, 7, 8, 43, 17, 7],
    [11, 4, 10, 89, 23, 2],
    [16, 10, 16, 52, 24, 13],
    [4, 3, 13, 42, 9, 7],
    [0, 1, 6, 21, 12, 3],
    [1, 6, 10, 4, 8, 3],
    [0, 0, 5, 3, 0, 4],
    [0, 0, 3, 10, 1, 2],
    [0, 4, 5, 10, 2, 3],
    [18, 26, 40, 137, 50, 14],
    [1, 9, 7, 37, 5, 3],
    [5, 10, 12, 33, 12, 1],
    [10, 11, 24, 74, 17, 5],
    [7, 11, 36, 127, 46, 7],
    [13, 17, 24, 67, 27, 10],
    [8, 6, 6, 67, 8, 3],
    [10, 7, 17, 34, 9, 6],
    [13, 7, 18, 67, 10, 1],
    [6, 3, 3, 58, 4, 0],
    [1, 4, 8, 7, 3, 8],
    [4, 33, 28, 38, 26, 18],
    [9, 15, 23, 88, 14, 4],
    [5, 3, 7, 47, 15, 4],
    [72, 115, 107, 595, 110, 33],
    [4, 10, 15, 42, 10, 5],
    [3, 2, 4, 14, 2, 2],
    [53, 53, 109, 384, 105, 19],
    [8, 31, 24, 95, 22, 4],
    [3, 10, 7, 27, 15, 0],
    [11, 8, 25, 64, 12, 6],
    [0, 8, 15, 7, 1, 5],
    [0, 0, 4, 1, 1, 4],
    [675, 927, 1483, 5079, 1225, 468],
    [34, 158, 175, 432, 131, 60],
    [78, 253, 356, 685, 232, 113],
    [5, 113, 59, 194, 20, 19]
  ],
  "method": "mult",
  "cond_prob": [
    [
      [0.47917590326, 0.055263326101, 0.0018986879424, 0.023164191625, 0.43424113178, 0.0062567592965],
      [0, 0.0024585525292, 0.57282274042, 0.36917859233, 0.051608746117, 0.0039313686086],
      [0.00042097298484, 0.018109680644, 0.010110051964, 0.94090115146, 0.02923232469, 0.0012258182615],
      [0.0048273483853, 0.040618095524, 0.012665910959, 0.084831896881, 0.85122692471, 0.0058298235387],
      [0.061984470541, 0.061203714527, 0.10292111116, 0.28772496722, 0.41318645481, 0.072979281736],
      [0.016336062146, 0.21162424262, 0.10286922485, 0.59663701181, 0.0072123219277, 0.065321136641]
    ],
    [
      [0.49952695864, 0.05470860922, 0, 0, 0.43781716167, 0.0079472704655],
      [0.13393324585, 0.15787520322, 0.56299601913, 0.039118052002, 0.097613716826, 0.0084637629773],
      [0.0051458047503, 0.039508748949, 0.018331863166, 0.84086502223, 0.091575760789, 0.0045728001204],
      [0, 0.02201007981, 0, 0, 0.97160593286, 0.0063839873257],
      [0.079824732826, 0.07404863113, 0.086862372635, 0.13495867425, 0.50433487842, 0.11997071073],
      [0.027038620715, 0.32853445031, 0.11049047068, 0.37890421221, 0.018872757442, 0.13615948865]
    ],
    [
      [0.48661224312, 0.03680642498, 0.0047644728317, 0.023723611921, 0.44323328631, 0.0048599608324],
      [0, 0.0010657174468, 0.66385095633, 0.28974183591, 0.042885855118, 0.0024556352005],
      [0, 0.011353766604, 0.022567041239, 0.93730493605, 0.027952490556, 0.00082176555592],
      [0.0033708985085, 0.025365648409, 0.035602185797, 0.080639092089, 0.85091842302, 0.0041037521801],
      [0.06106482968, 0.039409173342, 0.15091817442, 0.28492556296, 0.40809797545, 0.055584284144],
      [0.016678505201, 0.14506137257, 0.15633098584, 0.6247725729, 0.0045131284514, 0.052643435045]
    ],
    [
      [0.92406813428, 0, 0.010327723144, 0.0050745991415, 0.060529543438, 0],
      [0.012472645851, 0, 0.77490581219, 0.21262154196, 0, 0],
      [0.01595666999, 0, 0.018751143622, 0.96529218639, 0, 0],
      [0.033205941978, 0, 0.03679589167, 0.051057253228, 0.87894091312, 0],
      [0.15875045247, 0, 0.18879875616, 0.33738945898, 0.31506133239, 0],
      [0.038877913889, 0, 0.18699294702, 0.77412913909, 0, 0]
    ],
    [
      [0.47370496484, 0.040090277636, 0, 0.011624223885, 0.46798888957, 0.0065916440682],
      [0.020729511763, 0.054008546104, 0.41197150958, 0.38411085691, 0.12331648812, 0.0058630875195],
      [0.00074290338469, 0.017390462857, 0, 0.90257942077, 0.077389922057, 0.0018972909339],
      [0, 0.0078188137807, 0, 0.0014729180351, 0.98506050875, 0.0056477594341],
      [0.066550890781, 0.049657538614, 0.056244513585, 0.22464806102, 0.51641954118, 0.086479454819],
      [0.020576347331, 0.20281750766, 0.076619987873, 0.58959547104, 0.019308102994, 0.091082583103]
    ],
    [
      [0.40377853063, 0.19131574015, 0.0025192171004, 0.014756820494, 0.36570270071, 0.021926990912],
      [0, 0.015671002194, 0.65953708021, 0.2685731198, 0.041639930802, 0.014578866991],
      [0, 0.089004123305, 0.016823021165, 0.86045599629, 0.021008723768, 0.012708135477],
      [0.00010266146368, 0.16851129115, 0.020762630019, 0.038304973205, 0.73978877057, 0.032529673592],
      [0.039261747177, 0.19059357377, 0.098062375383, 0.18249712111, 0.28913894645, 0.20044623611],
      [0.0035707368113, 0.4841550137, 0.074593191858, 0.30155207642, 0, 0.13612898121]
    ],
    [
      [0.48652900467, 0.043779758622, 0.0020609679547, 0.0076726218874, 0.44917214395, 0.010785502919],
      [0.00058972597987, 0.0029639550531, 0.66477994381, 0.24889017246, 0.075045342783, 0.0077308599134],
      [0.027978144439, 0.021453586008, 0.019288086145, 0.8503435564, 0.076919364057, 0.0040172629546],
      [0.00284743868, 0.032185620441, 0.015124140102, 0, 0.93891097794, 0.010931822834],
      [0.068883767795, 0.050647934729, 0.11424123267, 0.1777128858, 0.45879105902, 0.12972311998],
      [0.021807265939, 0.20798785554, 0.13629244184, 0.47915331347, 0.016127039898, 0.13863208331]
    ],
    [
      [0.34182612867, 0.052811254284, 0.0013743747894, 0.023855700676, 0.5685138859, 0.011618655685],
      [0, 0.0018846993615, 0.52778506356, 0.39179900381, 0.071748845459, 0.0067823878146],
      [0, 0.01365313675, 0.0035760497852, 0.93297078699, 0.048226510152, 0.0015735163178],
      [0, 0.030712230026, 0.0020727440633, 0.060506506206, 0.89871190283, 0.0079966168717],
      [0.032851766003, 0.049843871794, 0.077411913856, 0.27467242489, 0.45423286707, 0.11098715639],
      [0.010202835963, 0.17886796436, 0.089269113394, 0.60425322697, 0.010630272284, 0.10677658703]
    ],
    [
      [0.43022589999, 0.045937568069, 0.00095808975244, 0.0061563893134, 0.50065227984, 0.016069773039],
      [0, 0.0033827092439, 0.62726097225, 0.2735431767, 0.083508343753, 0.012304798048],
      [0.002581956301, 0.021929967847, 0.01538677783, 0.87043502201, 0.083592351297, 0.0060739247152],
      [0, 0.020299360387, 0.0065542220185, 0, 0.95771967679, 0.015426740807],
      [0.076621630475, 0.081501064712, 0.091358459628, 0.10829534614, 0.46785952338, 0.17436397566],
      [0.017935805655, 0.20248737954, 0.11339392316, 0.45803035709, 0.017527724627, 0.19062480993]
    ],
    [
      [0.44878854405, 0.1376560805, 0.0035991917302, 0.0087101601366, 0.38290612538, 0.018339898209],
      [0, 0.011920438789, 0.75978073338, 0.16598024253, 0.048673594011, 0.013644991295],
      [0.0019434898354, 0.081755626457, 0.031558473302, 0.81450005285, 0.060519046499, 0.0097233110577],
      [0.0034935995474, 0.12225730202, 0.032748746233, 0.00072461622835, 0.81280751996, 0.027968216016],
      [0.040729564378, 0.14896021134, 0.13027488835, 0.12351239696, 0.34911423966, 0.20740869931],
      [0.0090336754887, 0.46118934018, 0.11384866683, 0.24570313594, 0.0064055689943, 0.16381961257]
    ],
    [
      [0, 0.33104278629, 0.0088738836476, 0.015944133041, 0.64413919702, 0],
      [6.5671068841e-18, 0.014487653674, 0.84963391411, 0.1060960736, 0.029782358615, 0],
      [1.2763559487e-33, 0.17785383481, 0.068465143573, 0.70414704661, 0.049533975009, 0],
      [0, 0.14532655563, 0.081788468413, 0, 0.77288497595, 0],
      [0, 0.24826579016, 0.24576995002, 0.12002489136, 0.38593936846, 0],
      [0, 0.61617727492, 0.17609870375, 0.20770303103, 2.0990299255e-05, 0]
    ],
    [
      [0.59231399496, 0.0092443089872, 0.01034829519, 0.0059009667172, 0.37455997694, 0.007632457204],
      [0.0012449273245, 0.00030741106614, 0.7866721942, 0.16841322044, 0.039493607758, 0.0038686392132],
      [0.005604861001, 0.0047843352162, 0.044640368527, 0.88832904474, 0.053879568958, 0.0027618215557],
      [0.018148377822, 0.0073475070933, 0.072577990108, 0.0032429752738, 0.89100205893, 0.0076810907691],
      [0.088306301117, 0.011649506845, 0.20344908197, 0.17811514518, 0.41079465476, 0.10768531012],
      [0.030296466033, 0.054796387461, 0.25101327058, 0.52656065234, 0.01101920558, 0.126314018]
    ],
    [
      [0.67002221322, 0.18736727934, 0.0054731795242, 0.005174893877, 0.12622156519, 0.0057408688468],
      [0, 0.030010745038, 0.81017432541, 0.15458296844, 0, 0.0052319611165],
      [0, 0.14358169255, 0.052375362158, 0.79626870657, 0, 0.0077742387201],
      [0, 0.47134903821, 0.060920484424, 0.029230989793, 0.42393534473, 0.014564142842],
      [0.065995557356, 0.33489437271, 0.19090468315, 0.16224678762, 0.15082034224, 0.095138256936],
      [0, 0.62844974257, 0.11907139242, 0.20103842209, 0, 0.051440442919]
    ],
    [
      [0.51488810691, 0.025863118704, 0.0022633312477, 0.0077454820322, 0.44338672871, 0.0058532323861],
      [7.0497349253e-05, 0.0018105039496, 0.68800127483, 0.24031601035, 0.065402782464, 0.0043989310492],
      [0.0037821248342, 0.013484271957, 0.021900988155, 0.88762044533, 0.071000294949, 0.0022118747759],
      [0.0060251981557, 0.018270728072, 0.016998538598, 0, 0.95419359213, 0.004511943049],
      [0.10927951693, 0.033032511951, 0.12597050531, 0.15783053489, 0.49310917066, 0.080777760262],
      [0.027363959917, 0.15104082215, 0.16430149782, 0.54551271887, 0.01660463131, 0.095176369922]
    ],
    [
      [0.50607334878, 0.046737161545, 0.0040357087086, 0.016535580317, 0.41501230101, 0.011605899643],
      [0, 0.0024827705066, 0.6581787942, 0.28409978075, 0.048012278222, 0.0072263763219],
      [0.002312333462, 0.018401271002, 0.024037390883, 0.91171819073, 0.039914771493, 0.0036160424312],
      [0.0087701617878, 0.036003704822, 0.033973368843, 0.047567981488, 0.86082479209, 0.012859990965],
      [0.066141376069, 0.051360211135, 0.1273936656, 0.22946415037, 0.39355132461, 0.13208927222],
      [0.018731075663, 0.18961757426, 0.13448993095, 0.52320007004, 0.007208665766, 0.12675268332]
    ],
    [
      [0.5054173761, 0.0088505035632, 0.0044324946152, 0.0041294398789, 0.46072626151, 0.016443924336],
      [4.0570940894e-05, 0.00049745122773, 0.75210709947, 0.18202362695, 0.055784172701, 0.0095470787128],
      [0.0034923341826, 0.0047567740054, 0.032369999939, 0.87366863998, 0.078509921265, 0.007202330625],
      [0, 0, 0.030569311035, 0, 0.95139805522, 0.018032633743],
      [0.089474377138, 0.027512332008, 0.15389252426, 0.095618034877, 0.44553775226, 0.18796497946],
      [0.023758926602, 0.047228933176, 0.20202517443, 0.47934248004, 0.014079138168, 0.23356534758]
    ],
    [
      [0.40118087168, 0.17344813264, 0.0024010440136, 0.025534181191, 0.39180592369, 0.0056298467822],
      [0, 0.010938478055, 0.57409906588, 0.36539943292, 0.045985151544, 0.0035778716026],
      [0, 0.055699022243, 0.010768216917, 0.93132933771, 0.00094073471326, 0.0012626884199],
      [0.0021488593191, 0.13269328783, 0.017409901805, 0.097673007888, 0.74426657745, 0.0058083657141],
      [0.046442315548, 0.17870904321, 0.097179514591, 0.29329982419, 0.32498418898, 0.059385113475],
      [0.0089335145434, 0.4514241573, 0.072176585391, 0.42799225696, 0, 0.039473485807]
    ],
    [
      [0.48622709237, 0.12322790331, 0.0029786538257, 0.017130825691, 0.36538416324, 0.0050513615683],
      [0, 0.0094417194773, 0.64574005037, 0.29561356483, 0.045731887762, 0.0034727775655],
      [0.0020666449407, 0.055988144084, 0.018454715285, 0.89947764672, 0.02191079841, 0.0021020505652],
      [0.0087776685204, 0.10976237059, 0.024873514735, 0.059488796806, 0.79052208393, 0.006575565428],
      [0.066536189368, 0.14726078765, 0.1207920319, 0.24142176127, 0.36315609089, 0.060833138912],
      [0.014631209114, 0.41632083932, 0.099813294173, 0.42340855, 0.00034234308446, 0.045483764306]
    ],
    [
      [0.54221470566, 0.090819948019, 0.0013821550227, 0.01914674945, 0.34292424867, 0.0035121931753],
      [0.00033242246303, 0.0080083118783, 0.5613769551, 0.37613050462, 0.051297037193, 0.0028547687398],
      [0.0030859480894, 0.036525944553, 0.010421044153, 0.92002202512, 0.028840991683, 0.001104046398],
      [0.012956283032, 0.086235342057, 0.011336518289, 0.080599521531, 0.80430114493, 0.0045711901664],
      [0.080980339156, 0.11866933993, 0.092987531481, 0.2826268915, 0.37736061848, 0.047375279457],
      [0.018628305161, 0.35182724314, 0.080286745273, 0.51032972377, 0.0023254388681, 0.03660254379]
    ],
    [
      [0.53435510231, 0.05936770704, 5.3020671657e-05, 0.021840840149, 0.37516987373, 0.0092134561017],
      [0.0010600950432, 0.004939359196, 0.54502018614, 0.38464181322, 0.056928805067, 0.0074097413342],
      [0.004796472061, 0.023333074696, 0.0080574493288, 0.92963284585, 0.031352868062, 0.0028272899987],
      [0.01581259398, 0.051314283874, 0.0079548929003, 0.072967027039, 0.84076248763, 0.011188714573],
      [0.079004939859, 0.070986909616, 0.084414515098, 0.26928296457, 0.38316397616, 0.11314669469],
      [0.02104346811, 0.23880454665, 0.08449945561, 0.55090279036, 0.0047901462684, 0.099959593002]
    ],
    [
      [0.49857525384, 0.031257130288, 0.00081489377969, 0.029692704747, 0.43037233039, 0.0092876869595],
      [0, 0.0014717444407, 0.53868298446, 0.39604451604, 0.057269933599, 0.0065308214579],
      [0.00013782709977, 0.0098397714843, 0.0084294469337, 0.95563032957, 0.02437971406, 0.0015829108526],
      [0.0055240298229, 0.022818783703, 0.011685426019, 0.092228787636, 0.8589432709, 0.008799701919],
      [0.065622710594, 0.034179118602, 0.09011124429, 0.29636061949, 0.40494644399, 0.10877986303],
      [0.018495031034, 0.12632468001, 0.096763676944, 0.64820043587, 0.0057643412934, 0.10445183485]
    ],
    [
      [0.61593099945, 0.019030988347, 0.0040172701369, 0.012125761287, 0.33634334637, 0.012551634406],
      [0.0036387151115, 0.0012796606984, 0.67608925819, 0.26425639382, 0.045132080744, 0.0096038914373],
      [0.0076630277223, 0.0095964271805, 0.025763442558, 0.91011180336, 0.041568315157, 0.0052969840221],
      [0.025280110654, 0.018120935685, 0.039432656568, 0.036653550573, 0.86245302409, 0.018059722428],
      [0.098332368921, 0.024487598647, 0.12924617857, 0.20916233076, 0.37278571754, 0.16598580556],
      [0.030825040157, 0.10038680331, 0.14932968597, 0.53395760298, 0.0087426902575, 0.17675817733]
    ],
    [
      [0.69215873157, 0.028213291142, 0.0021335743711, 0.012070579524, 0.25763848768, 0.0077853357116],
      [0, 0, 0.65663874486, 0.29561987153, 0.041203985691, 0.0065373979144],
      [0.00024556745425, 0.015123548225, 0.016989466858, 0.93077080076, 0.033987442149, 0.0028831745512],
      [0.00071217996294, 0.035531908642, 0.027205046, 0.066456660326, 0.85820232475, 0.011891880316],
      [0.069594201021, 0.047444918724, 0.11644121913, 0.24107586854, 0.36979247012, 0.15565132246],
      [0.017799495083, 0.18853421144, 0.11623552249, 0.52997360918, 0.0069830777884, 0.14047408403]
    ],
    [
      [0.2597181246, 0.072461646834, 0.027519643512, 0.17410493955, 0.4661956455, 0],
      [0, 0.0013809410488, 0.57091921245, 0.41456243589, 0.013137410616, 0],
      [0, 0, 0, 1, 0, 0],
      [0, 0.039227118267, 0.026269059011, 0.25592439926, 0.67857942346, 0],
      [0.030328854631, 0.058276379705, 0.12698048905, 0.45020135015, 0.33421292646, 0],
      [0.007505588796, 0.17450860273, 0.099927132201, 0.71187606726, 0.0061826090132, 0]
    ],
    [
      [2.0816681712e-17, 0.14761210778, 0.003640142552, 0.0178287552, 0.80225669113, 0.028662303334],
      [0, 0.13012634618, 0.57573979005, 0.20261690051, 0.079078408834, 0.01243855443],
      [1.7173762412e-16, 0.040843850567, 0.013297868211, 0.87325625526, 0.066477772138, 0.0061242538252],
      [0, 0.044298135426, 0, 0, 0.94201293501, 0.013688929564],
      [0, 0.094579975146, 0.082194861094, 0.15066512068, 0.44682005602, 0.22573998705],
      [1.5959455979e-16, 0.36421433067, 0.081795171241, 0.34430654659, 0.011884546946, 0.19779940455]
    ],
    [
      [0.39693765653, 0.042204673078, 0.0020477382336, 0.037898136146, 0.50759622664, 0.013315569368],
      [0, 0.0018283910892, 0.5157631558, 0.43632488672, 0.039268674542, 0.0068148918483],
      [0, 0, 0, 0.99914094077, 0, 0.00085905923411],
      [0, 0.027235464163, 0.015136516767, 0.15173602552, 0.79567770057, 0.010214292974],
      [0.018689407683, 0.05788931657, 0.090037738287, 0.334196137, 0.37648205362, 0.12270534684],
      [0.0022459953967, 0.12516849726, 0.087262948841, 0.67765890326, 0, 0.10766365525]
    ],
    [
      [0.47697191672, 0.078590486595, 0.0042090902187, 0.016105227704, 0.41558294961, 0.0085403291573],
      [0, 0.004831320691, 0.66501647999, 0.27568054556, 0.049147955274, 0.0053236984792],
      [0.0024701071464, 0.031569973753, 0.023261069649, 0.89734514759, 0.042579075543, 0.0027746263167],
      [0.0087999836894, 0.060336912858, 0.033983091356, 0.043390988576, 0.84397667601, 0.0095123475098],
      [0.064223387419, 0.086596869299, 0.1309820651, 0.22615549617, 0.39560738942, 0.096434792589],
      [0.016775583348, 0.29085155849, 0.12657403343, 0.4731247566, 0.007787464445, 0.084886603694]
    ],
    [
      [0.44601606749, 0.09942687884, 0.0044474664755, 0.016444329093, 0.41945090473, 0.014214353376],
      [0, 0.006123482208, 0.66233420484, 0.27459659051, 0.047894659409, 0.0090510630349],
      [0.0017832038582, 0.039477410964, 0.022437887334, 0.88954872388, 0.041851722977, 0.0049010509852],
      [0.0062456989376, 0.075872563621, 0.032492959728, 0.043099038062, 0.82563306594, 0.016656673715],
      [0.054743613532, 0.10066707074, 0.1216144204, 0.21042824905, 0.36692193696, 0.1456247093],
      [0.013624849338, 0.32331342099, 0.11252707736, 0.42137245939, 0.0066371873873, 0.12252500553]
    ],
    [
      [0.44452081223, 0.06717689408, 0.0022806942335, 0.019458770388, 0.4555300949, 0.011032734165],
      [0, 0.0039095910006, 0.5919348703, 0.33774382849, 0.059209876484, 0.0072018337263],
      [0.001319254151, 0.023715571804, 0.013407436796, 0.91533966311, 0.043146152268, 0.0030719218716],
      [0.0052860600082, 0.048033438124, 0.014461712051, 0.05601394886, 0.86502926084, 0.011175580112],
      [0.055594386105, 0.069584511794, 0.10208091559, 0.24711493675, 0.4079489304, 0.11767631936],
      [0.014902710868, 0.24013905308, 0.10248577951, 0.52744275088, 0.0088026439183, 0.10622706176]
    ],
    [
      [0, 0.27374128039, 0.0035693532738, 0.044602057197, 0.65530070906, 0.022786600077],
      [0, 0.008659811591, 0.53436456164, 0.44861970414, 0, 0.008355922631],
      [0, 0.031589472388, 0, 0.96511881949, 0, 0.0032917081189],
      [7.7473313748e-33, 0.1446680416, 0.0095496634877, 0.10774597384, 0.72334095435, 0.014695366727],
      [0, 0.15611822178, 0.092310057389, 0.30795066129, 0.30767879018, 0.13594226936],
      [0, 0.38885607648, 0.066470579833, 0.45690149132, 0, 0.087771852366]
    ],
    [
      [7.8284698994e-17, 0, 0.005567719057, 0.012510765817, 0.98192151513, 0],
      [0, 0, 0.75025186191, 0.13654644048, 0.11320169762, 0],
      [0, 0, 0.023467890588, 0.89028041771, 0.0862516917, 0],
      [0, 0, 0, 0, 1, 0],
      [0, 0, 0.1576995173, 0.20487802752, 0.63742245518, 0],
      [0, 0, 0.24144628176, 0.7313177698, 0.027235948437, 0]
    ],
    [
      [0, 0.41955009327, 0.004579514759, 0.023238476977, 0.52650821588, 0.026123699116],
      [5.9528669028e-17, 0.052570548832, 0.66676494109, 0.2647170512, 0.00029653147859, 0.015650927398],
      [0, 0.12467538501, 0.0026578859002, 0.86217597092, 0, 0.010490758172],
      [0, 0.27790573022, 0, 0.052254520303, 0.64171775669, 0.028121992781],
      [4.9129700163e-33, 0.27159379688, 0.092924264608, 0.1890429597, 0.25339478862, 0.1930441902],
      [0, 0.60082951978, 0.045486720936, 0.24952011667, 0, 0.10416364262]
    ],
    [
      [0.53273144287, 0.045897630597, 0.0091547975715, 0.0098133451871, 0.39057794129, 0.011824842482],
      [0.0012654133438, 0.0023412883432, 0.74806727639, 0.19943521561, 0.041981336244, 0.0069094700661],
      [0.0043081564063, 0.023051047583, 0.034861092436, 0.88107568928, 0.051950740374, 0.004753273922],
      [0.015547985185, 0.036791797056, 0.059303001067, 0.021692063926, 0.85271863177, 0.013946520998],
      [0.076139655056, 0.052461086501, 0.16817992743, 0.1790254514, 0.38494588768, 0.13924799194],
      [0.022652314693, 0.20491484054, 0.17976221492, 0.4425382816, 0.0088516600969, 0.14128068816]
    ],
    [
      [0.64913551076, 0.041328821251, 0.0031482148083, 0.004037753525, 0.29474964922, 0.0076000504394],
      [0.0054849672928, 0.0034719460029, 0.72127478066, 0.21197527626, 0.051167124816, 0.0066259049687],
      [0.013343079058, 0.028643091406, 0.02816372615, 0.86986198835, 0.055772387691, 0.0042157273499],
      [0.049610298091, 0.044796924662, 0.032204928688, 0.000119247635, 0.86133816949, 0.011930431436],
      [0.12687742362, 0.062736700535, 0.13796833841, 0.16651592129, 0.38701435106, 0.11888726508],
      [0.03801831296, 0.24766231115, 0.15578833766, 0.42680085677, 0.0094757565991, 0.12225442486]
    ],
    [
      [0.44039751852, 0.062862288319, 0.003579809853, 0.01961239076, 0.4575187613, 0.016029231252],
      [0, 0.003118305729, 0.62956480053, 0.30523638562, 0.052411978714, 0.0096685294052],
      [0.0010851213711, 0.022246915132, 0.01845491521, 0.9121254215, 0.0412417733, 0.004845853482],
      [0.0040603628752, 0.04476478172, 0.025722177455, 0.054857111261, 0.85318695002, 0.017408616671],
      [0.051358552888, 0.061143593371, 0.11365580767, 0.2320681841, 0.38303928455, 0.15873457742],
      [0.013946797704, 0.21449892275, 0.11502521382, 0.50316680414, 0.007610477736, 0.14575178385]
    ],
    [
      [0.49707875982, 0.0098617060855, 0.00046806879616, 0.019542454047, 0.46108253821, 0.011966473033],
      [0, 0.00083533175687, 0.33835357386, 0.55650601866, 0.092254940523, 0.012050135208],
      [0.0016597531789, 0.0031638412997, 0.0043450268962, 0.94603892852, 0.041843803792, 0.0029486463146],
      [0.0047493817364, 0.0070867150695, 0.0018163226218, 0.048298347241, 0.92757941853, 0.010469814804],
      [0.063078712308, 0.011141717414, 0.037682072171, 0.29010953636, 0.45299360596, 0.14499435579],
      [0.01929976024, 0.045369868254, 0.044239222328, 0.72872867154, 0.011916869695, 0.15044560794]
    ],
    [
      [0.63479010649, 0.026953383668, 0.0022936585597, 0.012320916248, 0.3101647409, 0.01347719414],
      [0.00042860878016, 0.0021734104151, 0.65237439742, 0.28376302926, 0.050153262469, 0.011107291664],
      [0.0038667231773, 0.013436703379, 0.01725385397, 0.91788362429, 0.04211793302, 0.0054411621683],
      [0.020778241634, 0.028331719017, 0.024413800597, 0.046935107085, 0.8563556793, 0.02318545237],
      [0.094492251023, 0.036476577546, 0.1081685275, 0.21484147263, 0.35624925681, 0.18977191449],
      [0.027415012805, 0.14225939804, 0.11860274876, 0.5170922002, 0.007137068703, 0.18749357149]
    ],
    [
      [1, 0, 0, 0, 0, 0],
      [8.0196193396e-05, 0, 0.99991980381, 0, 0, 0],
      [0.24263691046, 0, 0.15571986879, 0.56761125245, 0.034031968301, 0],
      [0, 0, 0.26276198811, 0, 0.73723801189, 0],
      [0.71775356174, 0, 0.11637529865, 0.038660906444, 0.12721023317, 0],
      [0.27184868004, 0, 0.4309850773, 0.29716624266, 0, 0]
    ],
    [
      [0, 0.14763846319, 0.0048364817056, 0.036012653762, 0.79942852047, 0.012083880877],
      [0, 0.0035644783744, 0.6125554845, 0.33651776752, 0.04381861703, 0.0035436525738],
      [0, 0.026047183482, 0.012197362486, 0.93574991972, 0.025147238854, 0.00085829546175],
      [0, 0.055939705348, 0.016772027169, 0.076308979392, 0.84534332925, 0.005635958837],
      [0, 0.092612297585, 0.11674659011, 0.2756283378, 0.43102530399, 0.083987470513],
      [0, 0.30205107734, 0.10421468342, 0.51951477289, 0.0068594613968, 0.06736000495]
    ],
    [
      [0.64355257452, 0, 0, 0.00024047767632, 0.29162690677, 0.064580041035],
      [6.9202899935e-05, 0, 0, 0.70798162419, 0.15603913781, 0.1359100351],
      [0.0068873818185, 0, 0, 0.92170083999, 0.04129546956, 0.030116308628],
      [0.028690271624, 0, 0, 0.010167628133, 0.85126648087, 0.10987561937],
      [0.059576192902, 0, 0, 0.10935600244, 0.23823662511, 0.59283117955],
      [0.021845343053, 0, 0, 0.31486804184, 0, 0.6632866151]
    ],
    [
      [0.61198425638, 0.027749085451, 0.003057579708, 0, 0.3486195003, 0.0085895781606],
      [0.0075216802742, 0.0020470351223, 0.71451157049, 0.21057658255, 0.058425887036, 0.0069172445322],
      [0.074841265158, 0.017425029773, 0.027258425216, 0.80997529848, 0.066402437323, 0.0040975440469],
      [0.031337038953, 0.026227088204, 0.027879890012, 0, 0.90324444082, 0.011311542006],
      [0.11664217661, 0.038783406626, 0.13669575999, 0.15977910401, 0.42039883137, 0.1277007214],
      [0.037263065545, 0.16714208712, 0.16858962537, 0.47129370174, 0.01249700285, 0.14321451738]
    ],
    [
      [0, 0, 0.0033147153134, 0.022791595768, 0.97389368892, 0],
      [0, 0, 0.94728840113, 0.041942761217, 0.010768837648, 0],
      [0, 0, 0.01234421852, 0.94353460121, 0.044121180268, 0],
      [0, 0, 0.012354223256, 0.024098220296, 0.96354755645, 0],
      [0, 0, 0.18188453999, 0.21773537407, 0.60038008594, -0],
      [0, -0, 0.24711901709, 0.73819907616, 0.014681906753, -0]
    ],
    [
      [3.8163916471e-17, 0, 0.0050898213474, 0.015570209611, 0.96250258476, 0.016837384283],
      [1.5612511284e-17, 0, 0.79239977884, 0.12506862966, 0.079586714841, 0.0029448766632],
      [0, 0, 0.011274559603, 0.61392075832, 0.37480468208, 0],
      [0, 0, 0, 0, 1, 0],
      [0, 0, 0.12386936085, 0.079026655247, 0.69807152472, 0.099032459182],
      [0, 0, 0.21858332658, 0.49640698592, 0.084701258628, 0.20030842887]
    ],
    [
      [0.60007064917, 0.021184982324, 0.0018074042253, 0.019314635585, 0.33914260899, 0.018479719701],
      [0, 0.0015142857702, 0.52996766489, 0.4076950077, 0.046699157327, 0.014123884311],
      [0, 0, 0, 0.9985229717, 0, 0.0014770282983],
      [0.0084451072327, 0.03646564714, 0.016536904227, 0.11621894794, 0.79886318293, 0.023470210531],
      [0.066001239803, 0.024040582596, 0.077621607163, 0.28686386813, 0.32235730973, 0.22311539257],
      [0.01765336755, 0.088548770546, 0.081198440684, 0.60454567096, 0.00044124297253, 0.20761250729]
    ],
    [
      [0.1660443553, 0.13554767837, 0, 0.015108020636, 0.66194678504, 0.021353160659],
      [0, 0.0068757651274, 0.54620733456, 0.34256186573, 0.091297711838, 0.013057322749],
      [0, 0.02820764752, 0, 0.8906112038, 0.076006743589, 0.0051744050904],
      [0, 0.034679368135, 0, 0.018896536324, 0.93091911675, 0.015504978791],
      [0, 0.13171133554, 0.028875412249, 0.19791705443, 0.45550066359, 0.1859955342],
      [0.0037338682058, 0.31757893314, 0.066835441478, 0.43658814219, 0.011802174939, 0.16346144005]
    ],
    [
      [0.62238191865, 0.017373391048, 0.0044090528364, 0.011735390837, 0.3398155725, 0.004284674128],
      [0.00022524994463, 0.00092170418574, 0.75428126611, 0.20236109238, 0.03972816192, 0.0024825254671],
      [0.0041015303277, 0.0087074938439, 0.031543366964, 0.90766992356, 0.046409280019, 0.0015684052891],
      [0.015196491007, 0.015876252429, 0.049913567643, 0.033168758114, 0.88088132354, 0.0049636072691],
      [0.095490736287, 0.02410348857, 0.18866110202, 0.21806465088, 0.41002904963, 0.063650972608],
      [0.029903743749, 0.10306643417, 0.21819296859, 0.57014441863, 0.010133964766, 0.068558470097]
    ],
    [
      [0.30911043821, 0.20144707493, 0.00021742639165, 0.033085856318, 0.45387137263, 0.0022678315168],
      [0, 0.014803118151, 0.47490702043, 0.46267362862, 0.046176654564, 0.0014395782314],
      [0, 0.053722715155, 0.0015712588781, 0.92960069253, 0.014640573855, 0.0004647595798],
      [0, 0.13400746989, 0, 0.11558220443, 0.7482966499, 0.0021136757693],
      [0.020172745019, 0.20253041366, 0.071667725555, 0.32494014914, 0.35854637479, 0.02214259184],
      [0.0050110058344, 0.46073279697, 0.051446931366, 0.46884773483, 0, 0.013961530996]
    ],
    [
      [0.39096970055, 0.26066710161, 0.00098499711717, 0.012247775552, 0.32825401997, 0.0068764051991],
      [0.0001013009974, 0.028036475459, 0.58909674707, 0.32055264419, 0.055884834167, 0.0063279981198],
      [0.0024371405817, 0.12840749305, 0.010718744, 0.82182091063, 0.033326539074, 0.0032891726685],
      [0.0082510845997, 0.25368194664, 0.0042828212589, 0.028944172108, 0.6937735061, 0.011066469288],
      [0.052270068694, 0.298246598, 0.076746529391, 0.1831974748, 0.31262194061, 0.076917388513],
      [0.0088452514512, 0.64397837627, 0.048978836372, 0.25371321279, 0, 0.044484323122]
    ],
    [
      [0.22222222222, 0.11124730493, 0.0061971725351, 0.037422270696, 0.60660610946, 0.016304920151],
      [0, 0.0014729473944, 0.62614182163, 0.35911349777, 0.0080346183373, 0.0052371148639],
      [0, 0.00049557796505, 0.024496212717, 0.97362001776, 0, 0.0013881915543],
      [0, 0.047180388547, 0.034295562832, 0.10232825458, 0.80530269265, 0.010893101396],
      [0, 0.080170169158, 0.1304087111, 0.29933077135, 0.36616013356, 0.12393021483],
      [0, 0.20550126765, 0.11932304738, 0.57136096194, 0, 0.10381472304]
    ],
    [
      [0.42518610591, 0.024180498829, 0.0016576450084, 0.038173019891, 0.5071231458, 0.0036795845654],
      [0, 0, 0.48212598653, 0.47759516144, 0.038502497619, 0.001776354407],
      [0, 0.0028409450308, 0.0059146728404, 0.98149933497, 0.0094579032374, 0.00028714391665],
      [0, 0.011650171272, 0.0081100015998, 0.14645497132, 0.83134074668, 0.0024441091306],
      [0.028941862824, 0.03869192425, 0.092510949463, 0.38559305198, 0.41624902503, 0.038013186448],
      [0.012125490687, 0.080739432741, 0.089965461288, 0.77886393255, 0.0044455567067, 0.033860126031]
    ],
    [
      [0.57140210661, 0.041139483, 0, 0.0021491023558, 0.36944902924, 0.015860278792],
      [0.036067934063, 0.0046112447581, 0.55154631579, 0.30506256965, 0.086073619573, 0.016638316167],
      [0.047780463509, 0.024152598947, 0, 0.84377509904, 0.076674063972, 0.0076177745342],
      [0.00073913306362, 0.039192008629, 0, 0, 0.93847983339, 0.021589024919],
      [0.081113074187, 0.052474770012, 0.070242185173, 0.16932524187, 0.40697170483, 0.21987302393],
      [0.02467701723, 0.21613159295, 0.083088181337, 0.43701344593, 0.012551255252, 0.2265385073]
    ],
    [
      [0.38942664132, 0.076753816612, 0, 0.030630258709, 0.49065660618, 0.012532677172],
      [0, 0.030307626396, 0.45047420593, 0.4511688347, 0.059789736839, 0.0082595961317],
      [0, 0.011027180514, 0, 0.95450045678, 0.031822153849, 0.0026502088522],
      [0, 0.035356237131, 0, 0.094012763164, 0.85918891741, 0.011442082298],
      [0.0017074967289, 0.10944673935, 0.067449598653, 0.28887069966, 0.40279366549, 0.12973180013],
      [0.0081828632559, 0.24462024958, 0.064053102896, 0.56824001658, 0.0062896271614, 0.10861414052]
    ],
    [
      [0, 0.38587116844, 0, 0.070599940421, 0.50425206152, 0.039276829613],
      [0, 0.022752586456, 0.44168636924, 0.51921487296, 0, 0.016346171347],
      [0, 0.031090758199, 0, 0.9637253725, 0, 0.0051838693055],
      [0, 0.21892924051, 0.0039427811509, 0.21196421758, 0.52707305735, 0.038090703407],
      [0, 0.19444569136, 0.046485287306, 0.36217759983, 0.16665479718, 0.23023662433],
      [0, 0.41753303733, 0, 0.46555221803, 0, 0.11691474465]
    ],
    [
      [0.36391674351, 0.06514771156, 0.0041920056888, 0.025795392574, 0.5329344617, 0.008013684969],
      [0, 0.0022404122298, 0.61317712167, 0.33417947532, 0.046634701811, 0.0037682889677],
      [0.00044527978927, 0.017162861904, 0.017312960259, 0.93052442946, 0.032967797467, 0.0015866711177],
      [0.0015020027595, 0.038584379178, 0.029426389462, 0.080794031347, 0.84324962538, 0.0064435718759],
      [0.03893344359, 0.05862970601, 0.12634133505, 0.2886061603, 0.4128831201, 0.074606234949],
      [0.010099983894, 0.19768389535, 0.12214243859, 0.59691555558, 0.0075677178538, 0.065590408725]
    ],
    [
      [0.30563973494, 0.16276557973, 0.0022619471266, 0.036860819761, 0.48547109805, 0.0070008203914],
      [0, 0.0067314854092, 0.51363793669, 0.42966756328, 0.046269445904, 0.0036935687179],
      [0, 0.034061044468, 0.0086846546148, 0.93930858962, 0.016834398981, 0.0011113123171],
      [0, 0.090751717274, 0.012973202562, 0.12756473585, 0.76307770195, 0.0056326423687],
      [0.0010828545682, 0.16744240517, 0.086962128197, 0.32500428064, 0.35577632838, 0.063732003044],
      [0.0061092089491, 0.37068700341, 0.065899429516, 0.50849753302, 0.0054995201712, 0.043307304933]
    ],
    [
      [0.2018514886, 0.20441107362, 0.0018370041595, 0.025028740153, 0.55232549779, 0.014546195679],
      [0, 0.0082263637246, 0.5928612672, 0.3287561369, 0.062027888576, 0.0081283435983],
      [0, 0.041594302267, 0.010652081543, 0.89990478125, 0.044228345185, 0.0036204897588],
      [0, 0.080268330637, 0.012523403697, 0.052966902134, 0.84211628044, 0.012125083095],
      [0.019133696106, 0.13550711261, 0.079306630759, 0.23036233414, 0.40367708845, 0.13201313793],
      [0.0037111125512, 0.40817970117, 0.066745686224, 0.4146185602, 0.0072802586793, 0.09946468118]
    ],
    [
      [0.4407587624, 0.092618098281, 0.0010009754881, 0.01977155622, 0.43856096422, 0.0072896433853],
      [0, 0.0060989419603, 0.56394581857, 0.36201094952, 0.062759918929, 0.0051843710249],
      [0.00051944418146, 0.033166698966, 0.0091266534124, 0.91308526914, 0.042231458464, 0.0018704758322],
      [0.0033523274429, 0.068607639264, 0.0070785794762, 0.058480937264, 0.85538301309, 0.0070975034634],
      [0.054782706016, 0.10148226986, 0.088320170859, 0.25711757952, 0.41419054675, 0.084106726995],
      [0.013392117296, 0.325093138, 0.082792677931, 0.50101523061, 0.0081826790124, 0.069524157145]
    ],
    [
      [0, 0.056010605785, 0, 0.031729822668, 0.88406341759, 0.028196153958],
      [0, 0.034489015488, 0.28949061453, 0.55561796751, 0.10536227644, 0.015040126032],
      [0, 0, 0, 0.9342158303, 0.064510271817, 0.0012738978885],
      [0, 0.013169420645, 0, 0.047593061471, 0.92545911697, 0.013778400912],
      [0, 0.035559918297, 0.024860034797, 0.25524896292, 0.4850405457, 0.19929053829],
      [1.6653345369e-16, 0.15261622943, 0.037965368009, 0.59536055442, 0.01436008643, 0.19969776171]
    ],
    [
      [0.46052872745, 0.029914975744, 0, 0.0055040845295, 0.48789534319, 0.01615686908],
      [5.4021700002e-05, 0.0021368774518, 0.62945104869, 0.27552452233, 0.080479683621, 0.012353846213],
      [0.0029367374158, 0.014297904632, 0.016434731316, 0.88754040189, 0.072752068708, 0.0060381560361],
      [0.0049257169563, 0.020491823066, 0.0056820775341, 0, 0.95361108554, 0.015289296904],
      [0.074675396642, 0.032209352105, 0.094389300256, 0.16064898981, 0.45595236154, 0.18212459965],
      [0.020464739952, 0.14107363477, 0.12125546652, 0.49313810268, 0.016434240869, 0.20763381522]
    ],
    [
      [0, 0, 0.0082192046381, 0, 0.78852028912, 0.20326050624],
      [0, 0, 0.77161731193, 0.064112723602, 0.024917199814, 0.13935276466],
      [2.7755575616e-17, 0, 0.037962453324, 0.83250660375, 0.051136908593, 0.07839403433],
      [0, 0, 0.020777861008, 0, 0.88053069576, 0.098691443236],
