{
  "Z_true": {},
  "V_true": [
    [49, 153, 665, 30, 80],
    [201, 141, 12636, 616, 255],
    [92, 5522, 434, 242, 214],
    [724, 194, 751, 53, 89],
    [56, 341, 475, 167, 574]
  ],
  "p_true": [
    [0.0502, 0.1566, 0.6807, 0.0307, 0.0819],
    [0.0145, 0.0102, 0.9124, 0.0445, 0.0184],
    [0.0141, 0.849, 0.0667, 0.0372, 0.0329],
    [0.3998, 0.1071, 0.4147, 0.0293, 0.0491],
    [0.0347, 0.2114, 0.2945, 0.1035, 0.3559]
  ],
  "Z_est": [
    [
      [0.0128, 0.0376, 0.1237, 0.059, 0.2126, 0.9823, 0.2063, 0.1097, 0.4565, 0.0368, 0.1074, 0.3091, 0.3303, 0.5341, 0.2025, 0.8205, 0.3988, 0.3813, 0.1761, 0.7826, 0.3002, 0.3561, 0.3599, 0.4953, 0.0853, 0.6028, 0.4646, 0.2269, 0.0928, 0.0116, 0.3587, 0.0273, 1.117, 0.0237, 0.095, 1.9207, 0, 0.1931, 0.8229, 1.5161],
      [1.1013, 2.2015, 3.9001, 0.1489, 0.6661, 24.5473, 5.4833, 1.2963, 4.3964, 0.9585, 0.8964, 2.0865, 0.5006, 2.8546, 1.1749, 18.1859, 0.7121, 3.5649, 0.2692, 9.448, 3.2737, 2.6064, 2.326, 2.321, 1.2605, 4.6143, 2.3429, 1.7031, 0.4151, 0.3405, 3.5966, 0.1108, 9.6494, 0.0041, 0.3958, 16.0883, 0, 2.0203, 11.3345, 1.4766],
      [0.9982, 2.7058, 7.6542, 0.5834, 3.8664, 42.0232, 7.8718, 5.0381, 19.7566, 2.0898, 3.7881, 7.0185, 0.6751, 12.3834, 6.2837, 56.0267, 2.3335, 9.1172, 1.1667, 33.949, 13.3145, 8.0293, 15.9819, 5.7634, 5.458, 15.955, 15.8602, 7.0165, 1.7812, 2.5691, 10.0516, 2.5703, 30.7729, 0.2917, 2.2086, 35.1207, 0, 9.2361, 36.6934, 9.1242],
      [0.2787, 0.5964, 2.3591, 0.7074, 1.364, 11.945, 2.6378, 3.0969, 4.5173, 0.5185, 0.5964, 3.0098, 0.4017, 5.747, 1.034, 7.7711, 2.0926, 4.9435, 0.6415, 8.7199, 2.0681, 2.7249, 3.1144, 2.9288, 0.6323, 4.4425, 3.1144, 2.6081, 0.2367, 0.5598, 4.6976, 0.1978, 5.2511, 0.2296, 0.5185, 14.8358, 0, 2.7249, 12.4225, 0.6096],
      [0.609, 1.4586, 4.963, 0.5013, 1.891, 23.5022, 5.8008, 3.459, 7.8732, 1.3964, 1.6117, 4.5761, 0.0923, 5.4809, 3.3049, 23.1958, 2.4631, 4.9931, 1.7464, 15.1005, 5.0435, 4.2833, 6.2179, 5.4915, 2.5639, 7.3854, 6.2179, 3.4454, 1.4742, 2.5189, 6.2954, 0.0938, 13.2096, 0.4509, 1.7821, 24.0344, 0, 3.8256, 20.7268, 2.2735]
    ],
    [
      [0.033, 0.1728, 0.0839, 0.4357, 1.4424, 0.6797, 0.1426, 0.0755, 2.0695, 0.0252, 1.2181, 1.8985, 0.7723, 5.1136, 2.3215, 0.5622, 2.421, 2.7522, 0.7923, 1.8118, 1.6682, 0.6997, 0.2517, 4.9901, 0.0587, 3.7599, 3.9252, 0.9367, 0.1285, 0.0084, 0.2517, 0.0449, 8.9121, 0.0168, 1.7957, 8.3128, 0, 1.188, 7.6189, 0.2845],
      [0.0166, 0.1757, 1.16, 0.0427, 1.2552, 5.3322, 2.1725, 2.1859, 1.2881, 0.2847, 0.9574, 0.612, 0.1965, 4.4718, 0.3416, 3.1049, 0.7117, 5.2757, 1.4267, 6.4204, 2.1789, 0.7686, 1.9385, 0.9582, 0.7825, 7.0432, 0.6761, 0.4982, 0.1613, 0.0854, 1.0604, 0.0071, 7.5935, 4.2424, 0.2314, 12.9908, 0.2818, 0.5907, 5.439, 2.4103],
      [6.5341, 40.0802, 344.8967, 107.3454, 172.2226, 863.3848, 213.5072, 444.3241, 477.2369, 47.8395, 50.568, 462.2592, 25.5879, 781.6668, 138.0135, 392.162, 268.2399, 201.8849, 206.0523, 578.7601, 178.1515, 283.6739, 644.9477, 536.8082, 172.0144, 377.7686, 341.5172, 340.0404, 16.2528, 30.6642, 369.0708, 7.6304, 488.6127, 109.1333, 61.2996, 1632.4896, 1.1979, 290.0961, 1408.1001, 65.8627],
      [0.316, 1.3523, 6.8144, 4.0449, 5.6417, 29.968, 7.3092, 15.4454, 16.0477, 1.322, 0.9062, 11.6067, 2.3994, 24.9595, 1.9554, 13.0405, 8.7514, 23.1675, 1.0888, 30.0293, 4.1693, 9.3138, 9.6357, 11.5651, 0.2039, 16.9349, 9.9201, 10.7801, 0.2076, 1.1208, 20.4819, 0.2738, 8.3414, 4.1257, 1.6509, 53.2092, 0.2261, 9.4682, 50.0155, 0.136],
      [0.1003, 0.219, 2.045, 0.1314, 0.438, 6.6353, 2.8685, 2.969, 1.3578, 0.5286, 0.3504, 1.6236, 0.0438, 0.7884, 1.368, 5.1304, 0.876, 0.9198, 3.6399, 2.9784, 0.8322, 1.5439, 1.2264, 7.6784, 0.9404, 3.4934, 1.9614, 0.7446, 0.2498, 1.1212, 6.1352, 0.0438, 2.5404, 0.4818, 2.0225, 6.9977, 1.2942, 0.657, 10.8265, 0.3066]
    ],
    [
      [0.8681, 0.0802, 0.0144, 0.7138, 0.6804, 0.1166, 0.0245, 0.013, 2.1785, 0.0043, 0.2591, 0.3166, 0.2958, 0.2658, 0.1224, 0.0964, 1.3228, 0.303, 0.1387, 0.7718, 0.7178, 0.2529, 0.0432, 0.2475, 0.0101, 0.394, 0.7108, 0.1637, 0.0381, 0.0014, 0.0432, 0.0017, 0.8223, 0.0029, 0.7123, 1.3729, 0, 0.1856, 0.9754, 0.0859],
      [28.6236, 57.5261, 151.6497, 5.0804, 22.4952, 1036.1226, 210.7633, 45.5571, 168.6534, 37.7569, 33.2406, 75.7911, 19.9691, 102.6459, 44.0274, 714.1004, 92.4574, 133.7663, 61.4665, 357.2937, 73.9698, 99.6777, 70.5343, 86.6695, 45.2455, 173.4596, 86.4603, 63.4321, 16.0283, 11.2318, 137.6574, 0.8231, 364.1906, 29.4124, 14.7957, 600.3566, 4.5253, 76.2379, 431.8713, 42.9113],
      [3.3391, 4.8416, 15.2213, 3.5805, 1.091, 94.6002, 14.0694, 1.9298, 15.7909, 6.5659, 1.6083, 11.9652, 2.1492, 4.1874, 6.524, 21.3494, 10.7646, 5.3526, 3.4483, 18.1178, 2.913, 13.8496, 3.6923, 9.0344, 1.7478, 8.8237, 4.3399, 10.6381, 3.5967, 0.9029, 8.1307, 0.0364, 20.3643, 1.1652, 1.4366, 23.7407, 0.0233, 11.4921, 35.978, 1.6385],
      [1.026, 0.4384, 3.2075, 3.5491, 1.506, 21.4613, 3.5488, 3.6341, 5.1799, 0.7359, 0.6495, 3.5922, 0.5631, 7.4917, 1.0901, 4.6151, 2.974, 7.1006, 1.0606, 10.2704, 1.9675, 4.5454, 3.0823, 3.5827, 0.3077, 5.2625, 3.2019, 3.3795, 0.1026, 0.6147, 6.2615, 0.1092, 6.3039, 1.0891, 0.5299, 18.5886, 0.1768, 4.7432, 15.0278, 0.2051],
      [0.1433, 0.1137, 3.907, 0.0762, 0.2274, 7.6994, 4.5941, 1.866, 1.1973, 3.9369, 0.2425, 1.3349, 0.0227, 0.4093, 4.2362, 6.8387, 0.4811, 0.4775, 0.8859, 1.5462, 0.432, 1.6743, 0.6479, 7.4659, 0.689, 2.0602, 1.287, 0.3866, 1.2344, 0.2492, 1.9073, 0.0295, 1.3188, 0.3305, 0.5255, 7.9412, 0.2746, 0.3411, 18.1475, 0.1592]
    ],
    [
      [0, 2.3582, 9.5352, 3.5155, 14.5014, 72.8318, 14.9148, 7.7791, 31.1976, 2.6753, 6.8257, 21.2671, 1.4668, 36.633, 13.446, 60.2753, 27.8874, 25.1618, 12.7864, 56.9007, 20.7171, 27.0659, 27.3796, 34.01, 6.6759, 36.2063, 31.9007, 16.3454, 0.6235, 0.8924, 27.3807, 1.6551, 77.8659, 1.9081, 5.2733, 138.7895, 0, 13.2406, 52.5397, 2.7447],
      [0, 0.03, 0.91, 0.0643, 0.3082, 11.151, 5.4917, 0.4471, 1.2303, 0.2241, 0.2481, 0.6699, 0.015, 1.0035, 0.3873, 4.3128, 1.0484, 0.3145, 0.4844, 3.0306, 0.6579, 0.8883, 0.7972, 0.8794, 1.0857, 1.3575, 0.8525, 0.5458, 0.0075, 0.0837, 1.0869, 0.0045, 2.8375, 0.9561, 0.0599, 4.9638, 1.5774, 0.5516, 0.6515, 0.03],
      [0, 0.9377, 9.8381, 1.1721, 8.1247, 48.8278, 22.5685, 14.7937, 17.3344, 2.2351, 3.0762, 11.1197, 0.4688, 18.2109, 7.4594, 45.5759, 17.2273, 9.8458, 9.169, 38.007, 13.0949, 21.7034, 25.2894, 19.5956, 10.193, 22.8791, 19.7223, 10.2921, 0.2344, 1.7739, 19.8928, 1.1465, 51.2851, 2.9139, 1.8754, 93.618, 0.7512, 6.3891, 20.3949, 0.9377],
      [0, 0.5218, 2.6295, 0.1347, 1.757, 13.0494, 3.0024, 4.1542, 5.0489, 0.532, 0.5575, 3.829, 0.0102, 7.5969, 0.9947, 6.2524, 3.0126, 6.0295, 0.8744, 9.9623, 1.9435, 3.409, 3.4294, 3.8157, 0.4728, 5.2303, 3.4243, 3.2919, 0.1305, 1.0791, 6.2347, 0.1631, 5.2208, 1.0385, 0.5422, 18.7595, 0.2745, 3.2563, 13.054, 0.2711],
      [0, 0.1523, 1.0872, 0.1133, 0.3087, 4.14, 2.0227, 0.8259, 1.1887, 0.3335, 0.2925, 1.1143, 0.0391, 0.5557, 0.7126, 3.5837, 0.8243, 0.6483, 0.6859, 2.0993, 0.5866, 0.9335, 1.1044, 1.6992, 0.5726, 1.3269, 1.1002, 0.5248, 0.0041, 0.1709, 1.4048, 0.0309, 1.7906, 0.1833, 0.2492, 5.8692, 0.3969, 0.5624, 0.3599, 0.0165]
    ],
    [
      [0.0861, 0.3512, 0.2428, 0.2761, 1.1632, 6.3897, 1.7118, 1.0227, 2.098, 0.2584, 0.5897, 2.2087, 0.1347, 2.4536, 0.9077, 5.2456, 1.97, 3.4017, 1.1065, 4.7331, 1.5968, 1.6254, 1.9656, 2.257, 0.17, 2.037, 1.9986, 1.3274, 0.1171, 0.0861, 1.9656, 0.271, 5.2826, 0.0486, 0.1237, 11.6041, 0, 1.1927, 6.0431, 0.3688],
      [0.2586, 2.0667, 5.3802, 0.6637, 2.2754, 21.8469, 6.0893, 3.5135, 5.4317, 0.7758, 1.6575, 6.8405, 0.3187, 6.0242, 2.0688, 17.2961, 5.0704, 5.0786, 4.3533, 14.8073, 4.9197, 4.059, 5.4039, 5.1719, 3.6259, 4.5254, 4.6682, 3.8208, 0.3879, 0.2586, 5.5987, 0.0544, 16.729, 1.3849, 0.5172, 35.6005, 0.6156, 3.5995, 19.7036, 1.1719],
      [0.1286, 2.4347, 7.3898, 0.3186, 3.6952, 21.1639, 5.9832, 1.9143, 3.8811, 0.2698, 2.9594, 12.6374, 0.119, 12.5515, 0.7194, 19.886, 9.4348, 4.7996, 4.1637, 20.1661, 9.5261, 3.7437, 8.0887, 1.7984, 8.5868, 1.5736, 4.5603, 6.0128, 0.1349, 0.0899, 1.8541, 0.6164, 24.965, 1.4959, 0.1798, 57.0311, 0.0275, 6.7865, 16.8337, 1.4369],
      [0.3793, 1.091, 4.9895, 1.5639, 2.7312, 21.5764, 5.5018, 5.6694, 7.2062, 0.8915, 1.2905, 6.9622, 0.6256, 12.205, 1.9259, 13.3209, 5.1693, 8.7588, 2.3346, 16.018, 3.8517, 5.0069, 5.7383, 6.1077, 1.3832, 7.1299, 5.3393, 4.9404, 0.3226, 0.6256, 8.3243, 0.2561, 10.8828, 1.5171, 0.7585, 33.6068, 0.3226, 4.8074, 23.4803, 0.7782],
      [1.1474, 3.0564, 19.9977, 2.1777, 7.1349, 72.0231, 22.7139, 13.8801, 19.3829, 3.8045, 5.5029, 22.3511, 0.802, 10.7657, 10.3783, 61.2515, 15.3555, 13.9613, 12.0419, 46.2755, 12.1057, 14.565, 18.8035, 24.665, 11.2341, 19.7341, 17.4335, 11.8986, 2.0375, 0.9398, 22.2572, 0.802, 39.1406, 3.5535, 2.4207, 110.1574, 2.0343, 9.614, 75.9393, 4.2442]
    ]
  ],
  "V_est": [
    [15.35, 150.2728, 453.128, 126.8961, 231.3531],
    [69.6762, 87.3704, 13177.8981, 427.9462, 86.1091],
    [15.3676, 5828.4772, 410.0408, 162.7762, 87.3381],
    [945.1735, 51.2458, 629.9748, 144.9907, 39.6152],
    [76.4326, 233.6339, 289.9582, 245.3908, 767.5845]
  ],
  "p_est": [
    [0.0157, 0.1538, 0.4638, 0.1299, 0.2368],
    [0.005, 0.0063, 0.9515, 0.0309, 0.0062],
    [0.0024, 0.8961, 0.063, 0.025, 0.0134],
    [0.5219, 0.0283, 0.3479, 0.0801, 0.0219],
    [0.0474, 0.1448, 0.1798, 0.1521, 0.4759]
  ],
  "EI_Z": {},
  "EI_V": 6.8765,
  "MAE_Z": {},
  "MAE_V": 136.1757,
  "MAE_p": 0.0556,
  "runtime": 1.306
}
