{
  "Z_true": {},
  "V_true": [
    [20, 120, 955, 162],
    [494, 990, 180, 29],
    [494, 10843, 242, 233],
    [198, 945, 13808, 444],
    [44, 948, 318, 119],
    [139, 699, 660, 390]
  ],
  "p_true": [
    [0.0159, 0.0955, 0.7597, 0.1289],
    [0.2918, 0.5848, 0.1063, 0.0171],
    [0.0418, 0.918, 0.0205, 0.0197],
    [0.0129, 0.0614, 0.8969, 0.0288],
    [0.0308, 0.6634, 0.2225, 0.0833],
    [0.0736, 0.3702, 0.3496, 0.2066]
  ],
  "Z_est": [
    [
      [0, 0.5228, 0, 0.0316, 0.4677, 1.1117, 0.592, 0.5026, 0.7803, 0.5381, 0.5219, 0.3027, 0.4251, 0, 0.081, 0.1179, 0.9391, 0.2094, 0.0113, 0.0246, 0.0048, 0.4903, 0.3555, 0.6248, 0.3101, 0.106, 0.2256, 0.6648, 0.5609, 0.7966, 0.8647, 0.0331, 0.6475, 0.1216, 0.6556, 0.2882, 0.5756, 0.4184, 0.0735, 0.3112, 0.609, 0, 0.0071, 1.2728, 0.1668, 2.1778, 0.1263],
      [0.0766, 0.2509, 0, 0.0639, 1.5399, 2.639, 0.7732, 1.0239, 1.7246, 0.7548, 0.6557, 0.6436, 1.2113, 0, 0.0389, 0.0799, 2.0966, 0.4217, 0.019, 0.0492, 0.0099, 0.8966, 0.5958, 1.7516, 0.827, 0.1997, 0.4994, 1.4295, 1.1296, 1.3968, 1.7645, 0.0273, 0.7664, 0.1361, 1.2384, 0.6361, 0.9457, 1.1099, 0.3815, 0.2245, 0.8447, 0, 0.0189, 2.894, 0.2753, 2.0978, 0.3566],
      [1.1779, 4.2263, 0, 0.8617, 29.3265, 72.1675, 23.8837, 38.2989, 46.7977, 16.4565, 22.528, 18.6293, 36.505, 0, 3.8801, 3.5243, 66.665, 5.5767, 0.9393, 0.8294, 0.9689, 30.1729, 17.016, 28.9053, 22.9665, 4.3144, 16.5206, 35.5008, 35.0633, 55.7379, 53.032, 0.9091, 33.4238, 2.4039, 48.8443, 20.0033, 33.5153, 53.5599, 9.938, 18.9245, 31.2652, 0, 0.8707, 104.5449, 8.8224, 56.9716, 10.1859],
      [0.7456, 0, 0, 0.0429, 2.6658, 4.0818, 1.7511, 2.1747, 3.6974, 1.2506, 1.2943, 1.4244, 1.8586, 0, 0, 0.2779, 4.2993, 0.7922, 0.0304, 0.0967, 0.0164, 1.4402, 1.0327, 2.7182, 1.8963, 0.3799, 0.7544, 2.405, 2.2462, 4.0687, 3.3388, 0.0304, 2.1623, 1.3383, 2.2617, 1.0725, 1.9633, 2.9118, 0.607, 0.5398, 1.2811, 0, 0.1034, 5.2882, 0.7355, 6.7527, 0.3313]
    ],
    [
      [0, 1.6987, 1.6735, 3.6064, 12.4733, 26.2538, 18.0614, 26.1502, 36.339, 18.7268, 18.2156, 11.1033, 23.9439, 6.7426, 2.4646, 2.8225, 40.5936, 8.4494, 1.6899, 1.9887, 0, 19.5386, 9.0764, 22.1179, 14.479, 7.9576, 9.2806, 12.836, 17.4108, 27.2782, 15.8559, 3.3383, 7.2852, 1.8651, 15.5249, 10.4248, 22.2021, 6.7756, 1.5088, 6.0613, 14.838, 0, 1.7032, 60.5289, 4.6945, 81.6603, 10.4365],
      [0, 0.2492, 0.8742, 3.8319, 23.0396, 35.4406, 13.1769, 30.3407, 45.7498, 14.7091, 12.7821, 13.4039, 38.3875, 3.1253, 0.8301, 0.7443, 51.545, 9.5297, 1.5304, 2.5019, 0, 20.3437, 8.5819, 35.2392, 21.767, 8.4234, 11.6315, 15.7004, 19.9709, 27.2678, 18.4951, 1.2415, 4.8251, 0.7617, 16.6967, 13.0381, 20.7261, 9.8564, 4.0435, 2.4491, 11.5406, 0, 2.515, 78.1693, 4.3322, 43.5043, 16.5664],
      [0, 0.0521, 0.4523, 0.4666, 5.2032, 11.5432, 4.8009, 13.4394, 14.7569, 3.7772, 5.1886, 4.5432, 13.7746, 0.7032, 0.7053, 0.3429, 19.4597, 1.4585, 0.6977, 0.3239, 0, 8.0725, 2.8661, 6.8864, 7.1499, 2.1043, 4.5263, 4.6158, 7.3428, 12.9085, 6.5313, 0.3601, 2.4591, 0.1701, 7.802, 4.8328, 8.6917, 5.5525, 1.2404, 2.3102, 5.061, 0, 1.3467, 33.7056, 1.6055, 14.3576, 5.5363],
      [0, 0, 0, 0.0951, 1.2839, 1.7623, 0.9608, 2.0696, 3.1543, 0.7869, 0.8138, 0.9496, 1.894, 0.4288, 0, 0.0903, 3.4017, 0.5623, 0.082, 0.1856, 0, 1.0452, 0.4756, 1.7565, 1.604, 0.5148, 0.5616, 0.8479, 1.2755, 2.5455, 1.1177, 0.06, 0.4305, 0.203, 0.9764, 0.7043, 1.3801, 0.8154, 0.2074, 0.1795, 0.5604, 0, 0.435, 4.5962, 0.3678, 4.4778, 0.4607]
    ],
    [
      [0, 1.9245, 0.8626, 0.6982, 10.2438, 22.1767, 12.0099, 15.4736, 24.8494, 15.8372, 13.8811, 7.7458, 12.7422, 0.7552, 1.0603, 2.0718, 17.4567, 4.0496, 0.8363, 0.5083, 0.3266, 12.9932, 10.0011, 12.8908, 10.1702, 9.3484, 8.3017, 19.9009, 22.3274, 15.4576, 8.5161, 1.2462, 5.1018, 0.297, 13.9099, 8.5041, 13.5959, 2.847, 0.6478, 6.3276, 14.5612, 0, 2.4366, 34.0478, 6.2446, 59.0475, 2.5985],
      [0, 13.5599, 11.4847, 14.9813, 434.889, 619.9132, 187.1283, 370.9732, 646.1301, 269.7973, 208.5859, 192.7341, 443.3365, 9.4471, 9.9742, 17.6436, 459.9436, 94.5725, 15.8212, 10.8632, 8.5635, 277.3042, 196.1654, 429.723, 330.0203, 201.597, 215.237, 499.5406, 525.8191, 318.0561, 205.01, 13.9333, 71.9839, 3.972, 309.1091, 220.2805, 262.6529, 88.1999, 95.9306, 56.1822, 237.9908, 2.9551, 80.5015, 915.5028, 119.7435, 712.2799, 86.8119],
      [0, 0.5155, 0.6527, 0.072, 11.0722, 22.5773, 7.5363, 18.2333, 23.2025, 7.4471, 9.4126, 7.1218, 17.9538, 0.17, 0.9655, 0.8859, 19.2464, 2.0455, 0.6885, 0, 0.8629, 12.2537, 7.1055, 9.4474, 12.1075, 5.1808, 9.3295, 16.1329, 21.365, 16.8193, 7.9185, 0.3664, 4.0662, 0.154, 16.224, 9.003, 12.1925, 5.5751, 3.3108, 6.0761, 11.8191, 0.0449, 5.0971, 44.3589, 4.7973, 29.4336, 3.3358],
      [0, 0, 0, 0.2485, 14.795, 18.3328, 8.3255, 15.3199, 26.8179, 8.9185, 8.1204, 8.3983, 12.9674, 0.6277, 0, 1.3986, 18.3533, 3.3324, 0.654, 0.6285, 0.247, 8.4489, 6.7281, 12.9387, 14.7021, 7.8738, 6.1319, 16.4256, 20.4885, 17.667, 7.5554, 0.4542, 3.8481, 0.577, 10.7571, 7.2125, 10.5586, 4.378, 3.1107, 2.414, 6.6289, 0, 6.9648, 32.0905, 6.2147, 41.239, 1.2538]
    ],
    [
      [0, 0.3953, 0.2103, 0.6175, 3.0283, 11.0116, 4.2371, 5.0837, 7.3037, 3.8682, 4.131, 2.4895, 3.8396, 0.2245, 0.0678, 0.1595, 6.5697, 2.781, 0.2506, 0.4346, 0.355, 3.3744, 3.284, 5.1437, 2.4271, 1.4746, 2.7433, 5.3362, 5.2697, 6.1853, 4.0249, 0.1977, 4.971, 0.6811, 6.704, 3.4743, 7.1514, 1.3761, 0, 1.9945, 4.465, 0, 0.4322, 12.1535, 1.8849, 16.3871, 1.4463],
      [0.4612, 2.6385, 0.4521, 2.4922, 35.2657, 76.9314, 17.5398, 29.3514, 46.5188, 16.7447, 16.9233, 14.3923, 41.2157, 0.9739, 0.2582, 0.7047, 43.3023, 14.6346, 0.4436, 1.0295, 0.2251, 16.8677, 15.0451, 42.2664, 20.9306, 7.6693, 16.7926, 32.2208, 29.6817, 29.8685, 22.4872, 0.5596, 16.3189, 2.7961, 34.937, 21.2249, 32.5004, 17.3767, 10.7622, 4.1263, 18.5795, 0.0858, 5.2401, 86.2539, 8.0528, 73.3444, 12.3805],
      [3.7873, 17.9662, 14.3376, 16.3746, 320.4997, 1008.9733, 259.6733, 533.5815, 608.8958, 173.8813, 277.8969, 203.3489, 586.8206, 11.9205, 13.674, 14.4596, 664.0438, 97.9687, 15.8592, 9.7066, 33.0923, 274.5395, 209.2791, 336.2917, 278.4647, 80.3624, 267.7196, 386.6667, 446.9939, 575.137, 328.1071, 9.025, 355.082, 22.246, 672.6889, 323.72, 561.0156, 418.7515, 133.8915, 216.4333, 327.0663, 2.9142, 91.659, 1492.7374, 126.8192, 874.5283, 163.6663],
      [0.7515, 0, 0, 0.5158, 14.2063, 27.0838, 9.5498, 14.9834, 23.2816, 6.5059, 8.0488, 7.7693, 14.124, 0.8811, 0, 0.6762, 21.0842, 6.6157, 0.4466, 0.8293, 0.3276, 6.2183, 6.3917, 15.2982, 11.1776, 3.4938, 5.7445, 12.7763, 14.0547, 19.8092, 10.3808, 0.2178, 11.6282, 2.2768, 14.6701, 8.5808, 16.3326, 11.4957, 4.3464, 2.446, 5.8891, 0, 3.6688, 35.8552, 5.243, 44.7402, 1.5069]
    ],
    [
      [0, 0.0085, 0.0091, 0.0032, 0.0086, 0.0438, 0.0273, 0.023, 0.0639, 0.0314, 0.0272, 0.019, 0.0164, 0, 0.01, 0, 0.0186, 0.003, 0.001, 0.0018, 0, 0.0203, 0.0128, 0.0256, 0.0148, 0.0111, 0.0093, 0.0423, 0.0369, 0.0232, 0.0155, 0.0011, 0.0133, 0, 0.0309, 0.0234, 0.028, 0.0085, 0, 0.0175, 0.022, 0, 0.0041, 0.0832, 0.011, 0.0565, 0.0023],
      [0, 0.8538, 0.6941, 1.7858, 39.9365, 62.7267, 25.8245, 27.5023, 84.2452, 37.5368, 25.2872, 21.7641, 40.4644, 0, 0.5849, 0, 24.9704, 3.4291, 0.7081, 0.8688, 0, 20.4636, 12.1386, 45.9184, 31.6898, 11.1877, 11.7693, 50.6364, 42.1544, 23.2769, 17.9459, 0.7891, 9.4128, 0, 33.5195, 28.9358, 26.4798, 22.9058, 35.5715, 9.2401, 18.5507, 0, 13.447, 126.9732, 9.4989, 53.4305, 3.8468],
      [0, 0.1378, 0.2968, 0.1872, 7.5643, 17.1406, 7.8907, 10.2206, 22.8008, 8.0885, 8.6104, 6.186, 12.1812, 0, 0.4051, 0, 7.9104, 0.433, 0.2688, 0.0982, 0, 6.8115, 3.3993, 7.5241, 8.7321, 2.3451, 3.8407, 12.4885, 13.0054, 9.2433, 5.3149, 0.1923, 4.0133, 0, 13.1373, 8.9941, 9.3134, 10.8167, 9.1705, 7.2902, 6.8223, 0, 6.0427, 45.9422, 2.9509, 14.7597, 1.0745],
      [0, 0, 0, 0.0239, 1.4907, 2.0889, 1.2575, 1.2541, 3.8902, 1.3433, 1.0753, 1.0309, 1.338, 0, 0, 0, 1.1006, 0.1348, 0.022, 0.0312, 0, 0.7046, 0.4492, 1.5319, 1.5633, 0.456, 0.3806, 1.8328, 1.8033, 1.4566, 0.7237, 0.0175, 0.5606, 0, 1.3124, 1.0467, 1.1788, 1.269, 1.258, 0.4522, 0.605, 0, 1.5062, 5.0015, 0.5392, 3.7533, 0.0764]
    ],
    [
      [0, 0.4503, 0.2444, 0.0431, 1.7783, 3.4025, 2.0723, 1.7669, 3.6636, 1.9984, 3.2232, 1.3397, 2.0327, 0.2777, 0.3163, 0.8282, 2.4223, 0.5075, 0.211, 0.042, 0.3136, 2.5832, 1.2701, 2.1971, 1.5988, 1.1023, 1.4396, 2.2199, 3.3943, 2.2591, 1.7229, 0.1836, 0.9812, 0.0352, 2.1748, 1.2852, 1.4471, 0.5743, 0.7699, 1.288, 2.5047, 0, 0.4169, 4.9138, 0.9983, 9.6707, 0.3901],
      [0.4623, 1.4477, 1.4949, 0.845, 53.3292, 73.3491, 24.5573, 32.8084, 73.6314, 25.4574, 36.7659, 26.0621, 52.3845, 2.4536, 1.3137, 4.8275, 49.1421, 9.4123, 3.4776, 0.6874, 6.2014, 43.1241, 19.4732, 56.1014, 38.7653, 18.9229, 29.0701, 43.4723, 62.2443, 36.1339, 32.2974, 1.4492, 10.6928, 0.334, 37.4994, 25.8847, 21.6949, 13.5513, 40.3107, 8.7778, 31.4937, 0.9591, 10.2776, 101.2068, 15.0973, 83.3431, 10.0378],
      [0.0348, 0.102, 0.2606, 0.038, 4.3342, 8.5981, 3.2152, 5.2263, 8.5463, 2.3494, 5.3634, 3.1708, 6.7649, 0.2063, 0.3699, 0.7872, 6.6746, 0.5175, 0.5465, 0.042, 2.0759, 6.1499, 2.334, 3.945, 4.5793, 1.6931, 4.0633, 4.5953, 8.2296, 6.154, 4.0961, 0.147, 1.9556, 0.0259, 6.3036, 3.4468, 3.2714, 2.7443, 4.4489, 2.9657, 4.9661, 0.0409, 1.9837, 15.7111, 2.0047, 9.9492, 1.2012],
      [1.5029, 0, 0, 0.0739, 13.5584, 16.6503, 8.1553, 10.1983, 23.1586, 6.1948, 10.6475, 8.4274, 11.8179, 1.0624, 0, 2.557, 14.761, 2.5627, 0.7649, 0.2287, 1.409, 10.1428, 4.9227, 12.7565, 13.0567, 5.2817, 6.427, 10.7125, 18.1318, 15.453, 8.8836, 0.2202, 4.3703, 0.6049, 10.0222, 6.3832, 6.5866, 5.1301, 9.4706, 2.9685, 7.0355, 0, 8.3219, 27.1684, 5.8998, 40.037, 1.3709]
    ]
  ],
  "V_est": [
    [19.6686, 36.5165, 1126.6551, 74.1598],
    [667.6757, 719.4796, 259.7251, 46.1197],
    [466.8308, 10516.8451, 424.1765, 404.1476],
    [159.6406, 940.8679, 13862.5681, 431.9234],
    [0.8293, 1058.9651, 323.6454, 45.5602],
    [74.355, 1272.3259, 166.2298, 375.0892]
  ],
  "p_est": [
    [0.0156, 0.0291, 0.8963, 0.059],
    [0.3944, 0.425, 0.1534, 0.0272],
    [0.0395, 0.8904, 0.0359, 0.0342],
    [0.0104, 0.0611, 0.9005, 0.0281],
    [0.0006, 0.7411, 0.2265, 0.0319],
    [0.0394, 0.6739, 0.088, 0.1987]
  ],
  "EI_Z": {},
  "EI_V": 4.6006,
  "MAE_Z": {},
  "MAE_V": 128.3337,
  "MAE_p": 0.0596,
  "runtime": 0.359
}
