{
  "Z_true": {},
  "V_true": [
    [823, 119, 805, 225, 82],
    [1120, 947, 7069, 945, 299],
    [340, 832, 184, 25135, 256],
    [94, 2333, 323, 1100, 66],
    [126, 150, 198, 735, 480]
  ],
  "p_true": [
    [0.4007, 0.0579, 0.3919, 0.1095, 0.0399],
    [0.1079, 0.0912, 0.681, 0.091, 0.0288],
    [0.0127, 0.0311, 0.0069, 0.9397, 0.0096],
    [0.024, 0.5958, 0.0825, 0.2809, 0.0169],
    [0.0746, 0.0888, 0.1172, 0.4352, 0.2842]
  ],
  "Z_est": [
    [
      [6, 0.8867, 1, 15.4373, 4.3186, 7.3712, 5.2979, 25.0857, 132.5037, 2.5729, 10.2916, 77.8298, 19.9399, 112.5799, 2.5905, 123.4986, 2.2578, 3.2161, 1.9297, 21.2263, 13.5077, 0, 13.2265, 0, 18.7814, 15.4373, 24.4424, 6.4322, 11.578, 34.0908, 21.5778, 5.1458, 7.0754, 22.0506, 1.9297, 18.0102, 21.2263, 10.2916, 16.7238, 22.5128, 8.3619, 32.1611, 14.7941, 16.0805, 1.9297, 16.0805, 29.5882, 9.6483, 3.8593, 34.0908, 51.4578, 120.9257, 75.9002, 0],
      [16.0746, 0.7193, 0.766, 5.7542, 0.3518, 0, 0, 9.3507, 49.3906, 0.959, 3.8362, 29.011, 7.4326, 44.5909, 0.959, 46.034, 0.959, 1.1988, 0.7193, 7.9121, 5.035, 2.0922, 19.4439, 0, 6.9531, 5.7542, 9.1109, 2.3976, 4.3157, 12.7073, 9.8302, 1.9181, 2.6374, 5.7419, 0.7193, 6.7133, 7.9121, 3.8362, 6.2338, 8.3916, 3.1169, 11.988, 5.5145, 5.994, 0, 5.994, 11.029, 3.5964, 1.4386, 12.7073, 19.1808, 45.075, 28.2917, 0],
      [2.7126, 1.3818, 0.217, 2.6041, 2.3278, 6.5096, 0.651, 4.2317, 22.3522, 0.434, 1.7361, 13.1292, 3.3637, 19.314, 0.434, 20.8331, 0.434, 0.5425, 0.3255, 3.5807, 2.2786, 0.8955, 4.0147, 0, 3.1467, 2.6041, 4.1232, 1.0851, 1.9531, 5.7508, 9.424, 0.868, 1.1936, 26.5895, 0.3255, 3.0382, 3.5807, 1.7361, 2.8211, 3.7977, 1.4106, 5.4253, 2.4956, 2.7126, 0.3255, 2.7126, 4.9913, 1.6276, 0.6775, 5.7508, 8.6805, 20.3991, 12.8037, 0],
      [0.1025, 0.0123, 0.0082, 0.0984, 0.0369, 0.0574, 0.0246, 0.1599, 0.8446, 0.0164, 0.0656, 0.4961, 0.1271, 0.7298, 0.0164, 0.7872, 0.0164, 0.0205, 0.0123, 0.1353, 0.0861, 0.0123, 0.1517, 0, 0.1189, 0.0984, 0.1558, 0.041, 0.0738, 0.2173, 0.1681, 0.0328, 0.0451, 1.371, 0.0123, 0.1148, 0.1353, 0.0656, 0.1066, 0.1435, 0.0533, 0.205, 0.0943, 0.1025, 0.0123, 0.1025, 0.1886, 0.0615, 0.0246, 0.2173, 0.328, 0.7708, 0.4838, 0],
      [0.1103, 0, 0.0088, 0.1059, 1.9649, 0.0618, 0.0265, 0.1721, 0.9089, 0.0176, 0.0706, 0.5339, 0.1368, 0.7853, 0, 0.8471, 0.3328, 0.0221, 0.0132, 0.1456, 0.0927, 0, 0.1632, 0, 0, 0.1059, 0.1677, 0.0441, 0.0794, 0.2338, 0, 0.0353, 0.0485, 0.2471, 0.0132, 0.1235, 0.1456, 0.0706, 0.1147, 0.1544, 0.0574, 0.2206, 0.1015, 0.1103, 0.7325, 0.1103, 0.203, 0.0662, 0, 0.2338, 0.353, 0.8295, 0.5206, 0]
    ],
    [
      [0, 0, 0, 2.799, 0.1866, 0, 2.1314, 3.972, 33.082, 0, 3.6521, 24.8167, 7.0376, 0, 0.3732, 28.6035, 0, 3.1499, 1.1184, 5.9698, 4.745, 0, 0, 0, 5.8583, 4.2108, 10.0938, 0.3303, 8.0937, 5.9155, 0, 0, 2.2096, 0, 0, 5.1459, 5.7856, 2.3264, 7.72, 0, 0.7818, 6.1579, 4.745, 2.9037, 0.08, 3.8653, 4.6917, 3.5887, 0.2399, 9.1884, 11.9495, 33.7279, 42.474, 0.0533],
      [8.273, 0, 0.4427, 3.2054, 0.2137, 0, 0, 22.1401, 11.9442, 1.142, 1.5712, 0, 8.0593, 113.2655, 1.6412, 0, 0, 0.2442, 0, 0, 4.5137, 0.1221, 6.8025, 0, 0, 5.4339, 4.3006, 2.7809, 0, 9.067, 0, 0, 6.1441, 0, 1.0111, 0, 0, 0, 0, 18.7111, 8.2429, 7.3575, 0, 0, 0, 13.7343, 16.2792, 16.047, 0.2747, 0, 1.2113, 12.3635, 17.9766, 0],
      [213.7685, 3.904, 9.5384, 81.9846, 5.4656, 20.3941, 19.5201, 98.7485, 973.0793, 30.4514, 106.9703, 582.913, 206.1326, 588.9708, 10.2373, 870.5605, 5.3097, 3.3098, 16.2343, 121.4048, 134.1167, 3.3784, 97.388, 0, 130.3945, 123.7658, 79.4942, 23.422, 126.4905, 204.571, 136.3229, 41.9426, 36.8978, 74.1765, 19.7375, 123.9698, 116.6112, 99.2041, 105.4087, 119.2638, 46.2827, 180.3661, 138.9834, 68.1585, 2.3424, 108.1144, 127.1589, 71.5228, 7.3614, 204.7344, 182.2856, 629.3292, 417.2041, 1],
      [33.842, 1.096, 2.0189, 13.1122, 0.8741, 3.6776, 3.122, 18.6069, 203.1658, 4.8703, 19.7195, 100.3619, 32.9679, 104.648, 1.7483, 133.9944, 0.999, 0.999, 2.6224, 18.9815, 28.0153, 0.4995, 8.2263, 0, 30.7472, 32.9898, 27.1472, 7.8295, 20.2303, 32.7181, 21.6771, 13.0574, 6.7434, 13.0253, 4.2859, 38.7149, 33.588, 23.6424, 16.8586, 19.9805, 8.242, 28.8469, 28.2652, 10.24, 0.4662, 18.1074, 21.9786, 13.4869, 1.1239, 44.7559, 28.9718, 100.6519, 71.1806, 0.2498],
      [15.1165, 0, 0, 3.8988, 0.2599, 0.9283, 0.2265, 5.5325, 19.7288, 2.5363, 5.0869, 25.9084, 9.8026, 31.1158, 0, 39.8415, 1.6913, 0.297, 1.0248, 5.6439, 6.6093, 0, 7.5832, 0, 0, 11.5997, 4.9642, 0.6374, 7.1855, 9.7283, 0, 0, 2.0051, 7.7982, 0.9654, 0.1693, 6.0152, 4.827, 5.0127, 2.0446, 2.4506, 8.2716, 6.0064, 0.6978, 0.1114, 1.1786, 5.8916, 3.3546, 0, 10.3213, 7.5818, 29.9276, 21.1647, 0.6969]
    ],
    [
      [0, 0, 0, 8.1651, 0, 0, 2.4488, 4.0546, 12.1693, 0, 1.6125, 38.0724, 2.1835, 0, 1.205, 20.6803, 0, 2.8607, 1.364, 5.7403, 8.2303, 0, 0, 0, 4.5584, 0, 2.7205, 0, 3.1828, 0, 0, 0, 2.9724, 0, 0, 3.9741, 4.2497, 0, 11.4714, 0, 0, 16.9573, 3.005, 1.467, 0.2312, 0.547, 0.1919, 1.7515, 0.1956, 5.0854, 4.4987, 59.6732, 33.6129, 0.9467],
      [3.7546, 0, 0.4319, 1.7445, 0, 0, 0, 3.0013, 0, 0, 0, 0, 16.3744, 42.0816, 0.747, 0, 0, 1.8188, 0, 0, 0, 0.0741, 1.5605, 0.2888, 0, 0.1945, 1.6205, 0.6514, 0, 4.3889, 0, 0, 1.128, 0, 0.5084, 0, 0, 0, 0, 12.5983, 7.6575, 4.3256, 0, 0, 0, 24.5287, 18.2321, 15.2481, 0.0883, 0, 0, 0, 5.7035, 0],
      [8.8984, 0.0974, 0.0773, 0.0654, 0.0921, 0.2558, 2.0521, 0, 54.9006, 0.5929, 1.1512, 6.8169, 2.2287, 0, 0, 19.6025, 0, 0, 0, 1.2746, 0, 1.6313, 0.3151, 0, 3.4199, 0, 0, 0, 0.3107, 21.1998, 1.2746, 0, 0, 0.6015, 0, 0, 0, 0, 0.6672, 0, 0, 1.82, 0.9681, 4.4153, 0.0745, 0, 0, 0, 0.6026, 0, 11.0997, 8.3913, 0, 0],
      [695.0634, 33.9026, 26.4908, 438.4698, 15.8789, 14.7171, 23.4991, 317.4113, 3488.9301, 205.5206, 423.5218, 2335.1107, 546.7813, 2004.1655, 35.0481, 2595.1343, 35.0859, 30.5147, 78.4911, 435.0438, 639.9908, 12.2946, 107.9253, 5.6785, 415.0218, 405.2104, 300.2285, 122.3486, 350.3425, 695.3144, 443.7254, 214, 206.512, 209.0183, 95.0812, 443.0259, 472.7424, 665.2001, 440.5735, 453.4017, 110.418, 543.897, 334.0268, 159.1178, 25.5406, 285.9243, 363.576, 180.0004, 21.1136, 561.2115, 490.4017, 1496.0929, 1011.8582, 1.7502],
      [1.2836, 0, 0, 1.5552, 0.029, 0.0272, 0, 2.5328, 0, 0.8865, 4.7145, 0, 1.432, 1.7529, 0, 0.5829, 0.9141, 2.8058, 0.1448, 2.9413, 3.779, 0, 0.1992, 0.0326, 0, 7.5951, 1.4305, 0, 4.164, 4.097, 0, 0, 2.3876, 0.3802, 0.4104, 0, 1.0079, 0.7999, 7.2879, 0, 1.9246, 0, 0, 0, 0.1537, 0, 0, 0, 0, 5.7031, 0, 2.8426, 25.8254, 0.3031]
    ],
    [
      [0, 0, 0, 0.2897, 0.0103, 0.031, 0.6374, 0.4655, 6.2071, 0, 0.2483, 4.6855, 1.3345, 0, 0.0891, 4.0863, 0, 0.031, 0.1035, 0.6724, 0.6104, 0.0103, 0.2379, 0, 0.8953, 0.5897, 0.4966, 0.1241, 0.4966, 1.3759, 0, 0, 0.1759, 0.3828, 0.1448, 6.1075, 1.7183, 0.3931, 0.5181, 0, 0.2897, 0.9414, 2.838, 5.7554, 0.7592, 0.7449, 0.9104, 0.4448, 0.0517, 4.3998, 0.6207, 1.9242, 1.4173, 0],
      [92.1552, 0.8111, 2.4585, 22.6346, 0.8084, 1, 1, 36.3771, 485.0275, 14.5508, 19.4011, 178.7087, 104.2809, 303.7467, 6.467, 316.0853, 4.7279, 2.4251, 4.6546, 46.7048, 47.6944, 0.8084, 18.5927, 1.6168, 57.29, 46.0776, 38.8022, 9.7005, 37.6143, 107.5144, 50.039, 21.673, 13.7424, 29.91, 11.3173, 48.747, 49.8613, 30.6849, 40.4181, 95.7907, 22.6346, 73.5625, 45.1631, 23.7186, 1, 58.2033, 71.1374, 34.7603, 4.0419, 67.6479, 48.5027, 150.3585, 110.7479, 0],
      [5.3051, 1.2491, 0.1086, 1.0134, 0.0362, 0.1086, 0.0724, 1.6286, 21.7147, 0.6514, 0.8686, 8.1068, 4.6687, 13.4269, 0.2895, 17.5199, 0.2171, 0.1086, 0.3619, 8.1923, 2.1353, 0.0362, 0.8324, 0, 2.5696, 2.0629, 1.7372, 0.4343, 1.7372, 4.8134, 9.8601, 1.0134, 0.6152, 1.3391, 0.5067, 2.4248, 2.28, 1.3753, 1.8096, 4.2344, 1.0134, 3.2934, 10.8879, 1.3029, 0.2576, 2.6058, 3.1848, 1.5562, 0.1849, 3.1848, 2.1715, 6.7315, 4.9582, 0],
      [16.45, 1.9398, 0.4329, 4.0403, 0.1443, 0.4329, 0.2886, 6.4934, 86.5789, 2.7836, 3.4632, 32.3228, 18.6145, 53.5346, 1.1544, 56.9978, 0.8658, 0.4329, 4.8084, 9.3794, 8.5136, 0.1443, 3.3189, 0.2886, 10.2452, 8.225, 6.9263, 1.7316, 6.9263, 19.1917, 10.1009, 5.3136, 2.4531, 5.339, 2.0202, 9.668, 9.0908, 5.5168, 7.2149, 16.8829, 4.0403, 13.1311, 12.0551, 5.1947, 0.9808, 10.3895, 12.6982, 6.2048, 0.7215, 12.6982, 8.6579, 26.8395, 19.7688, 0],
      [0.0897, 0, 0, 0.022, 0.0008, 1.4275, 0.0016, 0.0354, 0.4719, 0.0142, 0.0189, 0.1762, 0.1014, 0.2918, 0, 0.3106, 0.1892, 0.0024, 0.0717, 0.0511, 0.0464, 0.0008, 0.0181, 0.0946, 0, 0.0448, 0.0377, 0.0094, 1.2257, 0.1046, 0, 0, 0.0134, 0.0291, 0.011, 0.0527, 0.0495, 0.0299, 0.0393, 0.092, 0.022, 0.0716, 0.0558, 0.0283, 0.0024, 0.0566, 0.0692, 0.0338, 0, 0.0692, 0.0472, 0.1463, 0.1077, 0]
    ],
    [
      [0, 1.1133, 0, 6.3089, 1.4844, 2.5978, 1.4844, 7.4222, 56.0379, 2.4271, 5.1956, 38.5956, 11.5045, 43.4201, 0.7422, 47.1312, 0.7422, 0.7422, 1.4844, 10.3911, 8.9067, 0.9897, 8.5356, 0, 8.9067, 10.7622, 12.2467, 1.1133, 9.6489, 12.6178, 7.4222, 0.8542, 5.5667, 5.5667, 6.9255, 10.7622, 10.02, 12.9889, 5.5667, 7.4872, 5.5667, 20.7823, 12.6178, 7.7933, 0, 10.7622, 12.6178, 5.5667, 0.6534, 25.2356, 14.4734, 59.749, 38.5956, 0],
      [5.7426, 0.4696, 1.9009, 2.6612, 0.6262, 0, 0, 3.1308, 23.6377, 2.3481, 2.1916, 16.2802, 4.8528, 18.3153, 1.1858, 19.8807, 0.3131, 0.3131, 0.6262, 4.3831, 3.757, 0.9032, 3.6004, 1.0944, 3.757, 4.5397, 5.1658, 0.4696, 4.0701, 5.3224, 3.1308, 1.4089, 2.3481, 2.3481, 3.4439, 4.5397, 4.2266, 5.4789, 2.3481, 11.5083, 2.3481, 8.7663, 5.3224, 3.2874, 0, 4.5397, 5.3224, 2.3481, 0.1565, 10.6448, 6.1051, 25.2031, 16.2802, 0],
      [12.3154, 0.3678, 0.0587, 0.3325, 0.0782, 0.7319, 0.7044, 0.3912, 2.9533, 0.8702, 0.2738, 2.0341, 0.6063, 2.2883, 0.0391, 2.4839, 0.0391, 0.0391, 0.0782, 0.5476, 0.4694, 0.0587, 0.4498, 0, 0.4694, 0.5672, 0.6454, 0.0587, 0.5085, 0.665, 2.1184, 0.176, 0.2934, 0.2934, 0.4303, 0.5672, 0.5281, 0.6845, 0.2934, 0.7041, 0.2934, 1.0953, 0.665, 0.4107, 0, 0.5672, 0.665, 0.2934, 0.1736, 1.33, 0.7628, 3.1489, 2.0341, 0],
      [0.5421, 0.0493, 0.0493, 0.2793, 0.0657, 0.115, 0.0657, 0.3286, 2.4807, 2.8091, 0.23, 1.7085, 0.5093, 1.9221, 0.0329, 2.0864, 0.0329, 0.0329, 0.0657, 0.46, 0.3943, 0.0493, 0.3778, 0.0329, 2.8669, 0.4764, 0.5421, 0.0493, 0.4271, 0.5586, 0.3286, 3.5962, 0.2464, 0.2464, 1.6004, 0.4764, 0.4436, 0.575, 0.2464, 0.5914, 0.2464, 0.92, 0.5586, 0.345, 0, 0.4764, 0.5586, 0.2464, 0.0164, 1.1171, 0.6407, 2.6449, 1.7085, 0],
      [14.3999, 1, 0.9912, 7.4181, 1.7454, 3.5553, 1.7454, 8.7272, 65.8905, 6.5454, 6.1091, 45.3815, 13.5272, 51.0542, 0, 55.4178, 0.8727, 0.8727, 1.7454, 12.2181, 10.4727, 0.9992, 10.0363, 0.8727, 8, 12.6545, 14.3999, 1.3091, 11.3454, 14.8363, 7, 2.9647, 6.5454, 6.5454, 9.5999, 12.6545, 11.7817, 15.2726, 6.5454, 15.709, 6.5454, 24.4362, 14.8363, 9.1636, 0, 12.6545, 14.8363, 6.5454, 0, 29.6725, 17.0181, 70.2541, 45.3815, 0]
    ]
  ],
  "V_est": [
    [1274.7523, 501.6888, 256.3536, 9.5628, 11.6425],
    [303.7743, 324.5167, 7950.2978, 1457.9713, 343.4399],
    [270.0796, 168.7513, 154.8973, 26061.3457, 91.9261],
    [54.2667, 3113.3995, 168.798, 573.6505, 5.8854],
    [600.127, 272.6438, 48.6533, 37.4698, 730.1061]
  ],
  "p_est": [
    [0.6206, 0.2442, 0.1248, 0.0047, 0.0057],
    [0.0293, 0.0313, 0.7659, 0.1405, 0.0331],
    [0.0101, 0.0063, 0.0058, 0.9744, 0.0034],
    [0.0139, 0.795, 0.0431, 0.1465, 0.0015],
    [0.3553, 0.1614, 0.0288, 0.0222, 0.4323]
  ],
  "EI_Z": {},
  "EI_V": 10.7774,
  "MAE_Z": {},
  "MAE_V": 386.1418,
  "MAE_p": 0.1024,
  "runtime": 0.8211
}
