{
  "Z_true": {},
  "V_true": [
    [823, 119, 805, 225, 82],
    [1120, 947, 7069, 945, 299],
    [340, 832, 184, 25135, 256],
    [94, 2333, 323, 1100, 66],
    [126, 150, 198, 735, 480]
  ],
  "p_true": [
    [0.4007, 0.0579, 0.3919, 0.1095, 0.0399],
    [0.1079, 0.0912, 0.681, 0.091, 0.0288],
    [0.0127, 0.0311, 0.0069, 0.9397, 0.0096],
    [0.024, 0.5958, 0.0825, 0.2809, 0.0169],
    [0.0746, 0.0888, 0.1172, 0.4352, 0.2842]
  ],
  "Z_est": [
    [
      [6, 1.9266, 1, 15.4127, 4.3246, 7.3843, 5.2663, 25.0457, 132.2925, 2.5688, 10.2751, 77.7058, 19.9081, 112.7624, 2.5869, 123.3018, 2.2609, 3.211, 1.9266, 21.1925, 13.4861, 0, 13.2796, 0, 18.7548, 15.4127, 24.4035, 6.422, 11.5595, 34.0364, 21.609, 5.1376, 7.0642, 22.1016, 1.9266, 17.9815, 21.1925, 10.2751, 16.6971, 22.4769, 8.3486, 32.1098, 14.7705, 16.0549, 1.9266, 16.0549, 29.541, 9.633, 3.8532, 34.0364, 51.3757, 120.733, 75.7792, 0],
      [15.943, 0.7066, 0.7554, 5.6526, 0.3232, 0, 0, 9.1855, 48.5181, 0.9421, 3.7684, 28.4985, 7.3013, 43.472, 0.9421, 45.2208, 0.9421, 1.1776, 0.7066, 7.7723, 4.946, 2.0751, 19.1961, 0, 6.8302, 5.6526, 8.9499, 2.3552, 4.2394, 12.4828, 9.6565, 1.8842, 2.5908, 5.6366, 0.7066, 6.5947, 7.7723, 3.7684, 6.1236, 8.2434, 3.0618, 11.7762, 5.4171, 5.8881, 0, 5.8881, 10.8341, 3.5329, 1.4131, 12.4828, 18.842, 44.2787, 27.7919, 0],
      [2.7707, 0.346, 0.2217, 2.6599, 2.3173, 6.4553, 0.665, 4.3223, 22.8306, 0.4433, 1.7732, 13.4102, 3.4357, 19.7274, 0.4433, 21.279, 0.4433, 0.5541, 0.3325, 3.6573, 2.3274, 0.9041, 4.1006, 0, 3.214, 2.6599, 4.2115, 1.1083, 1.9949, 5.8739, 4.5439, 0.8866, 1.2191, 26.6319, 0.3325, 3.1032, 3.6573, 1.7732, 2.8815, 3.879, 1.4408, 5.5414, 2.549, 2.7707, 0.3325, 2.7707, 5.0981, 1.6624, 0.6921, 5.8739, 8.8662, 20.8357, 13.0777, 0],
      [0.1732, 0.0208, 0.0139, 0.1663, 0.0624, 0.097, 0.0416, 0.2702, 1.4274, 0.0277, 0.1109, 0.8384, 0.2148, 1.2334, 0.0277, 1.3304, 0.0277, 0.0346, 0.0208, 0.2287, 0.1455, 0.0208, 0.2564, 0, 0.2009, 0.1663, 0.2633, 0.0693, 0.1247, 0.3672, 5.1906, 0.0554, 0.0762, 1.3766, 0.0208, 0.194, 0.2287, 0.1109, 0.1802, 0.2425, 0.0901, 0.3465, 0.1594, 0.1732, 0.0208, 0.1732, 0.3187, 0.1039, 0.0416, 0.3672, 0.5543, 1.3027, 0.8176, 0],
      [0.113, 0, 0.009, 0.1085, 1.9726, 0.0633, 0.0271, 0.1763, 0.9314, 0.0181, 0.0723, 0.5471, 0.1402, 0.8048, 0, 0.8681, 0.326, 0.0226, 0.0136, 0.1492, 0.095, 0, 0.1673, 0, 0, 0.1085, 0.1718, 0.0452, 0.0814, 0.2396, 0, 0.0362, 0.0497, 0.2532, 0.0136, 0.1266, 0.1492, 0.0723, 0.1176, 0.1583, 0.0588, 0.2261, 0.104, 0.113, 0.7201, 0.113, 0.208, 0.0678, 0, 0.2396, 0.3617, 0.85, 0.5335, 0]
    ],
    [
      [0, 0, 0, 2.8144, 0.1876, 0, 2.0978, 3.9938, 33.2637, 0, 3.6721, 26.5105, 7.0763, 0, 0.3753, 28.7607, 0, 3.1497, 1.3361, 4.0742, 4.7711, 0, 0, 0, 4.4763, 4.3232, 9.23, 0.3542, 8.1063, 6.1224, 0, 0, 1.4474, 0, 0, 5.079, 4.3422, 2.4258, 7.6074, 0, 0.8394, 6.4598, 4.7711, 2.8979, 0.0804, 3.8866, 4.7175, 3.6144, 0.2412, 9.1653, 12.0209, 33.6287, 42.173, 0.0536],
      [8.0349, 0, 0.7178, 3.1132, 0.2075, 0, 0, 21.9958, 11.9276, 1.0395, 1.5328, 0, 7.8274, 112.6476, 1.6264, 0, 0, 0.2372, 0, 0, 4.4341, 0.1186, 6.8146, 0, 0, 5.2776, 4.1389, 1.0614, 0, 8.6683, 0, 0, 4.7696, 0, 0.7709, 0, 0, 0, 0.0138, 18.6303, 8.0794, 6.849, 0, 0, 0, 13.5394, 16.0957, 15.9152, 0.2668, 0, 1.2495, 11.8725, 17.4246, 0],
      [213.8416, 3.904, 9.5519, 81.9836, 5.4656, 20.455, 19.5199, 98.7605, 1017.128, 30.451, 106.969, 580.2365, 206.1301, 588.9671, 10.2321, 869.6075, 5.308, 3.3111, 16.2461, 123.1876, 134.1821, 3.3768, 97.4551, 0, 131.8197, 123.8733, 79.6214, 23.4049, 126.4889, 204.5685, 138.0674, 41.9565, 36.9787, 74.1756, 19.906, 124.0504, 116.669, 99.4183, 105.4074, 119.3036, 46.3395, 180.3638, 138.9817, 68.096, 2.3424, 108.1931, 127.2061, 71.5486, 7.3565, 205.0746, 181.9384, 629.3214, 417.6343, 1],
      [34.1881, 1.096, 1.7302, 13.2463, 0.8831, 3.6301, 3.1539, 18.7972, 159.8446, 6.0822, 17.2833, 101.6088, 33.305, 105.7183, 1.7662, 135.3648, 1.0092, 1.0092, 2.6493, 19.1756, 28.0986, 0.5046, 8.1609, 0, 30.704, 33.1992, 27.2188, 9.5607, 20.4372, 33.0527, 19.9326, 13.0435, 6.8124, 13.083, 4.3717, 38.7827, 35.0603, 23.3985, 17.031, 20.1849, 8.3263, 29.1419, 28.3213, 10.3447, 0.4674, 18.2925, 22.2034, 13.6248, 1.1354, 44.916, 29.2681, 101.6813, 71.9086, 0.2523],
      [14.9354, 0, 0, 3.8425, 0.2562, 0.9149, 0.2284, 5.4527, 18.836, 1.4272, 7.5427, 25.6442, 9.6612, 30.6671, 0, 39.267, 1.6827, 0.2928, 0.7685, 5.5625, 6.514, 0, 7.5695, 0, 0, 11.3267, 5.7908, 0.6188, 6.9676, 9.588, 0, 0, 3.9919, 7.7414, 0.9515, 0.0879, 5.9285, 4.7574, 4.9404, 1.8812, 2.4153, 8.1855, 5.926, 0.6614, 0.1098, 1.0883, 5.7773, 3.2971, 0, 9.8442, 7.5231, 29.496, 20.8595, 0.6941]
    ],
    [
      [0, 0, 0, 8.2218, 0, 0, 2.5232, 4.1376, 12.8833, 0, 1.6487, 39.2006, 2.3215, 0, 1.222, 21.2137, 0, 2.8714, 1.1631, 4.0587, 8.3073, 0, 0, 0, 6.2183, 0, 3.7106, 0, 3.2652, 0, 0, 0, 3.782, 0, 0, 4.0769, 5.7639, 0, 11.6724, 0, 0, 16.8622, 3.0828, 1.5049, 0.2371, 0.6505, 0.3322, 1.7968, 0.2007, 8.8242, 4.615, 60.3553, 34.2996, 0.9464],
      [3.908, 0, 0.1488, 1.8088, 0, 0, 0, 3.1673, 0, 0, 0, 0, 16.5595, 43.3369, 0.749, 0, 0, 1.8315, 0, 0, 0, 0.0772, 1.6096, 0.1988, 0, 0.2383, 1.6867, 2.3956, 0, 4.8103, 0, 0, 2.4289, 0, 0.5769, 0, 0, 0, 0, 12.7755, 7.7641, 4.6179, 0, 0, 0, 24.6264, 18.375, 15.3427, 0.1165, 0, 0, 0, 5.9364, 0],
      [9.0122, 0.1022, 0.0812, 0.116, 0.1373, 0.2646, 2.0358, 0, 10.6884, 0.6222, 1.2003, 7.1536, 2.2137, 0, 0, 23.7925, 0, 0, 0, 3.1988, 0, 1.6498, 0.3306, 0, 2.0203, 0, 0, 0, 0.4223, 21.1538, 8.6671, 0, 0, 0.6312, 0, 0, 0, 0, 0.6563, 0, 0, 2.0549, 1.0159, 4.5472, 0.0781, 0, 0, 0, 0.5906, 0, 11.51, 9.0987, 0, 0],
      [694.7765, 33.8978, 26.77, 438.2699, 15.8333, 14.7079, 23.4411, 317.1386, 3532.4283, 205.9973, 425.9164, 2333.6457, 546.5247, 2002.9824, 35.029, 2590.3876, 35.0704, 30.49, 78.6898, 434.7997, 639.8921, 12.2731, 107.8576, 5.6761, 414.7614, 404.9562, 300.0402, 120.6044, 350.0988, 694.9965, 436.3329, 214, 206.3975, 208.9827, 94.9907, 442.9231, 471.2192, 665.1479, 440.3828, 453.2245, 110.3057, 543.465, 333.9013, 158.9479, 25.5225, 285.7231, 363.2929, 179.8605, 21.0923, 560.8594, 489.875, 1494.3849, 1010.7371, 1.7477],
      [1.3034, 0, 0, 1.5836, 0.0294, 0.0276, 0, 2.5565, 0, 0.3805, 2.2346, 0, 1.3806, 1.6807, 0, 0.6063, 0.9296, 2.8071, 0.1471, 2.9428, 3.8006, 0, 0.2022, 0.1251, 0, 7.8056, 0.5625, 0, 4.2137, 4.0394, 0, 0, 0.3916, 0.3861, 0.4324, 0, 1.0169, 0.8521, 7.2885, 0, 1.9302, 0, 0, 0, 0.1622, 0, 0, 0, 0, 2.3164, 0, 3.161, 26.0269, 0.3059]
    ],
    [
      [0, 0, 0, 0.2687, 0.0096, 0.0288, 0.6345, 0.4319, 5.7581, 0, 0.2303, 2.1497, 1.238, 0, 0.0768, 3.7907, 0, 0.0288, 0.096, 4.3272, 0.5662, 0.0096, 0.2207, 0, 0.6814, 0.547, 0.4606, 0.1152, 0.4606, 1.2764, 0, 0, 0.1631, 0.3551, 0.1344, 6.1456, 1.7235, 0.3647, 0.4798, 0, 0.2687, 0.8733, 2.8108, 5.7817, 0.7559, 0.691, 0.8445, 0.4127, 0.048, 0.8445, 0.5758, 1.785, 1.3148, 0],
      [92.07, 0.7972, 2.4596, 22.6137, 0.8076, 1, 1, 36.3434, 484.579, 14.5374, 19.3832, 178.2999, 104.1845, 303.1917, 6.4821, 315.7735, 4.7271, 2.4229, 4.6318, 46.5965, 47.6503, 0.8076, 18.5755, 1.7104, 57.2002, 46.035, 38.7663, 9.6916, 37.4602, 107.415, 50.0355, 21.6272, 13.7297, 29.8824, 11.3068, 48.6087, 49.7619, 30.4426, 40.3816, 95.6157, 22.6137, 73.4945, 44.9593, 23.6385, 1, 58.1495, 71.0716, 34.7282, 4.0382, 67.27, 48.4579, 150.2195, 110.6455, 0],
      [5.4209, 1.2767, 0.1139, 1.0627, 0.038, 0.1139, 0.0759, 1.708, 22.7731, 0.6832, 0.9109, 11.1115, 4.8962, 14.0814, 0.3036, 14.9923, 0.2277, 0.1139, 0.3796, 4.6633, 2.2394, 0.038, 0.873, 0, 2.6948, 2.1634, 1.8219, 0.4555, 1.8219, 5.048, 5.8161, 1.0627, 0.6452, 1.4043, 0.5314, 2.543, 2.3912, 1.4423, 1.8978, 4.4408, 1.0627, 3.4539, 11.0976, 1.3664, 0.247, 2.7328, 3.3401, 1.6321, 0.2029, 3.3401, 2.2773, 7.0597, 5.1999, 0],
      [16.2096, 1.9261, 0.4266, 3.9813, 0.1422, 0.4266, 0.2844, 6.3985, 85.3135, 2.7321, 3.4125, 31.8504, 18.3424, 52.7522, 1.1375, 59.4057, 0.8531, 0.4266, 4.561, 9.2423, 8.3892, 0.1422, 3.2703, 0.2844, 10.4236, 8.1048, 6.8251, 1.7063, 6.8251, 18.9112, 14.1484, 5.31, 2.4172, 5.261, 1.9906, 9.5267, 8.9579, 5.6506, 7.1095, 16.6361, 3.9813, 12.9392, 11.9457, 5.1188, 0.9893, 10.2376, 12.5126, 6.1141, 0.7109, 12.5126, 8.5313, 26.4472, 19.4799, 0],
      [0.2995, 0, 0, 0.0736, 0.0026, 1.4308, 0.0053, 0.1182, 1.5764, 0.0473, 0.0631, 0.5885, 0.3389, 0.9747, 0, 1.0378, 0.192, 0.0079, 0.3316, 0.1708, 0.155, 0.0026, 0.0604, 0.0053, 0, 0.1498, 0.1261, 0.0315, 1.4323, 0.3494, 0, 0, 0.0447, 0.0972, 0.0368, 0.176, 0.1655, 0.0998, 0.1314, 0.3074, 0.0736, 0.2391, 0.1865, 0.0946, 0.0079, 0.1892, 0.2312, 0.113, 0, 4.0328, 0.1576, 0.4887, 0.3599, 0]
    ],
    [
      [0, 0.0734, 0, 6.2824, 1.4782, 2.5869, 1.4782, 7.391, 55.8024, 2.4312, 5.1737, 38.4334, 11.4561, 43.2376, 0.7391, 46.9332, 0.7391, 0.7391, 1.4782, 10.3475, 8.8693, 0.9904, 8.4997, 0, 8.8693, 10.717, 12.1952, 1.1087, 9.6084, 12.5648, 7.391, 0.8624, 5.5433, 5.5433, 6.9391, 10.717, 9.9779, 12.9343, 5.5433, 7.5231, 5.5433, 20.6949, 12.5648, 7.7606, 0, 10.717, 12.5648, 5.5433, 0.6569, 25.1296, 14.4125, 59.4979, 38.4334, 0],
      [6.0441, 0.4962, 1.9183, 2.8118, 0.6616, 0, 0, 3.308, 24.9754, 2.481, 2.3156, 17.2016, 5.1274, 19.3518, 1.2004, 21.0058, 0.3308, 0.3308, 0.6616, 4.6312, 3.9696, 0.9215, 3.8042, 1.0908, 3.9696, 4.7966, 5.4582, 0.4962, 4.3004, 5.6236, 3.308, 1.4886, 2.481, 2.481, 3.6388, 4.7966, 4.4658, 5.789, 2.481, 11.7352, 2.481, 9.2624, 5.6236, 3.4734, 0, 4.7966, 5.6236, 2.481, 0.1654, 11.2472, 6.4506, 26.6294, 17.2016, 0],
      [11.9546, 1.3711, 0.0314, 0.1779, 0.0419, 0.7112, 0.7035, 0.2093, 1.5799, 0.8003, 0.1465, 1.0881, 0.3243, 1.2242, 0.0209, 1.3288, 0.0209, 0.0209, 0.0419, 0.293, 0.2511, 0.0314, 0.2406, 0, 0.2511, 0.3034, 0.3453, 0.0314, 0.272, 0.3557, 1.9054, 0.0942, 0.1569, 0.1569, 0.2302, 0.3034, 0.2825, 0.3662, 0.1569, 0.3767, 0.1569, 0.5859, 0.3557, 0.2197, 0, 0.3034, 0.3557, 0.1569, 0.1579, 0.7115, 0.4081, 1.6845, 1.0881, 0],
      [0.6526, 0.0593, 0.0593, 0.3362, 0.0791, 0.1384, 0.0791, 0.3955, 2.9862, 1.1607, 0.2769, 2.0567, 0.6131, 2.3138, 0.0396, 2.5115, 0.0396, 0.0396, 0.0791, 0.5537, 0.4746, 0.0593, 0.4548, 0.0396, 2.91, 0.5735, 0.6526, 0.0593, 0.5142, 0.6724, 0.3955, 3.591, 0.2966, 0.2966, 1.6262, 0.5735, 0.534, 0.6922, 0.2966, 0.7119, 0.2966, 1.1075, 0.6724, 0.4153, 0, 0.5735, 0.6724, 0.2966, 0.0198, 1.3448, 0.7713, 3.1839, 2.0567, 0],
      [14.3487, 1, 0.991, 7.3918, 1.7392, 3.5635, 1.7392, 8.6962, 65.6562, 8.1269, 6.0873, 45.2201, 13.4791, 50.8727, 0, 55.2207, 0.8696, 0.8696, 1.7392, 12.1747, 10.4354, 0.9974, 10.0006, 0.8696, 8, 12.6095, 14.3487, 1.3044, 11.305, 14.7835, 7, 2.9638, 6.5221, 6.5221, 9.5658, 12.6095, 11.7398, 15.2183, 6.5221, 15.6531, 6.5221, 24.3493, 14.7835, 9.131, 0, 12.6095, 14.7835, 6.5221, 0, 29.567, 16.9576, 70.0043, 45.2201, 0]
    ]
  ],
  "V_est": [
    [1274.3861, 492.7397, 254.9022, 20.1274, 11.8447],
    [300.1475, 316.8981, 7997.3762, 1424.0629, 341.5154],
    [281.9695, 175.0862, 125.0456, 26081.2694, 83.6293],
    [49.7795, 3108.8914, 167.2897, 573.2352, 16.8041],
    [596.7174, 287.3846, 34.3863, 41.3051, 729.2066]
  ],
  "p_est": [
    [0.6204, 0.2399, 0.1241, 0.0098, 0.0058],
    [0.0289, 0.0305, 0.7705, 0.1372, 0.0329],
    [0.0105, 0.0065, 0.0047, 0.9751, 0.0031],
    [0.0127, 0.7939, 0.0427, 0.1464, 0.0043],
    [0.3533, 0.1702, 0.0204, 0.0245, 0.4317]
  ],
  "EI_Z": {},
  "EI_V": 10.8394,
  "MAE_Z": {},
  "MAE_V": 388.364,
  "MAE_p": 0.1026,
  "runtime": 1.5392
}
