{
  "X": [
    [10, 16, 21, 96, 6],
    [20, 28, 35, 241, 9],
    [1, 8, 3, 1, 0],
    [18, 81, 54, 141, 9],
    [47, 109, 106, 456, 13],
    [96, 176, 146, 643, 15],
    [61, 174, 155, 401, 19],
    [95, 225, 307, 780, 31],
    [3, 4, 11, 35, 3],
    [16, 36, 59, 222, 10],
    [5, 15, 7, 55, 2],
    [5, 5, 5, 46, 0],
    [3, 14, 15, 57, 3],
    [1, 0, 2, 32, 2],
    [124, 102, 130, 877, 32],
    [27, 30, 42, 296, 5],
    [57, 110, 191, 820, 26],
    [34, 53, 60, 314, 18],
    [29, 50, 114, 448, 24],
    [101, 247, 386, 1582, 65],
    [71, 134, 257, 964, 33],
    [27, 47, 75, 339, 9],
    [108, 210, 378, 1358, 33],
    [39, 95, 213, 576, 19],
    [27, 26, 38, 235, 10],
    [43, 53, 47, 354, 14],
    [23, 21, 36, 128, 2],
    [19, 41, 60, 128, 2],
    [2, 3, 4, 22, 1],
    [3, 2, 4, 29, 0],
    [4, 9, 10, 26, 1],
    [10, 19, 14, 76, 2],
    [8, 10, 18, 53, 7],
    [7, 7, 13, 19, 0],
    [14, 19, 14, 69, 2],
    [56, 63, 67, 422, 17],
    [77, 258, 400, 1306, 49],
    [60, 127, 218, 859, 24],
    [77, 86, 113, 791, 28],
    [14, 37, 39, 281, 5],
    [1, 3, 9, 15, 2],
    [143, 210, 263, 998, 33],
    [99, 81, 121, 492, 29],
    [144, 182, 230, 879, 30],
    [27, 37, 59, 265, 7],
    [0, 0, 0, 8, 0],
    [34, 169, 156, 550, 23],
    [213, 433, 580, 2952, 87],
    [14, 48, 86, 259, 9],
    [134, 161, 375, 1132, 70],
    [7, 13, 52, 274, 11]
  ],
  "W": [
    [13, 23, 96, 7, 10],
    [23, 31, 227, 23, 29],
    [1, 4, 1, 6, 1],
    [4, 76, 131, 63, 29],
    [32, 145, 425, 82, 47],
    [53, 242, 573, 116, 92],
    [36, 204, 381, 121, 68],
    [52, 419, 689, 175, 103],
    [1, 14, 35, 2, 4],
    [13, 63, 212, 26, 29],
    [1, 14, 48, 15, 6],
    [2, 7, 41, 1, 10],
    [5, 15, 55, 11, 6],
    [3, 3, 28, 0, 3],
    [56, 180, 841, 75, 113],
    [26, 41, 276, 25, 32],
    [82, 203, 760, 81, 78],
    [26, 80, 304, 25, 44],
    [64, 91, 406, 46, 58],
    [105, 486, 1427, 188, 175],
    [81, 336, 856, 88, 98],
    [27, 97, 286, 33, 54],
    [79, 472, 1213, 168, 155],
    [40, 251, 510, 76, 65],
    [16, 44, 227, 16, 33],
    [32, 58, 340, 39, 42],
    [13, 51, 110, 18, 18],
    [15, 69, 111, 31, 24],
    [2, 4, 21, 3, 2],
    [3, 5, 23, 3, 4],
    [1, 13, 21, 5, 10],
    [8, 18, 77, 13, 5],
    [11, 26, 43, 3, 13],
    [6, 16, 12, 5, 7],
    [12, 20, 67, 10, 9],
    [30, 96, 394, 43, 62],
    [80, 473, 1168, 213, 156],
    [39, 313, 745, 92, 99],
    [54, 132, 736, 69, 104],
    [16, 45, 256, 21, 38],
    [0, 10, 13, 2, 5],
    [76, 350, 918, 142, 161],
    [44, 171, 435, 60, 112],
    [87, 332, 794, 123, 129],
    [46, 64, 224, 25, 36],
    [1, 0, 7, 0, 0],
    [19, 200, 528, 130, 55],
    [138, 719, 2737, 357, 314],
    [24, 91, 226, 32, 43],
    [140, 416, 1048, 87, 181],
    [25, 50, 255, 6, 21]
  ],
  "method": "mvn_pdf",
  "cond_prob": [
    [
      [0.22267102041, 0.01919647692, 0.33878110304, 0.28730257702, 0.13204882261],
      [0.047641153142, 0.26993946223, 0.55617938421, 0.12037691112, 0.0058630893057],
      [0.029355326465, 0.02237308102, 0.028799533728, 0.89321459202, 0.026257466765],
      [0.0016670891316, 0.92657968478, 0.030860138534, 0.040848759999, 4.4327559432e-05],
      [0.31797492478, 0.090796459749, 0.082294361614, 0.34618553889, 0.16274871497]
    ],
    [
      [0.20857313147, 0.0097517153094, 0.32786064695, 0.36698331584, 0.086831190434],
      [0.051552108565, 0.14648370494, 0.6184798956, 0.17867911668, 0.0048051742173],
      [0.020539676168, 0.012501798042, 0.019837344762, 0.93098545803, 0.016135723002],
      [0.0027560675045, 0.82982301961, 0.060392547288, 0.10679695852, 0.00023140707687],
      [0.30616574372, 0.045202692695, 0.082559396834, 0.45621731382, 0.10985485293]
    ],
    [
      [0.24195678957, 0.24739872673, 0.51064448371, 0, 0],
      [0.043463140653, 0.4149782701, 0.54155858924, 0, 0],
      [0.15444555334, 0.068696580122, 0.033305748535, 0.743552118, 0],
      [0, 0.97037412699, 0.029625873014, 0, 0],
      [0.42974509448, 0.20174685082, 0.11206017271, 0.256447882, 0]
    ],
    [
      [0.22307358512, 0.017692931823, 0.33846527581, 0.28972612239, 0.13104208486],
      [0.050983444428, 0.2406414373, 0.57703664933, 0.12564520145, 0.0056932674972],
      [0.028667312712, 0.024231119243, 0.029029451797, 0.89265903378, 0.025413082465],
      [0.0026040670763, 0.90693041117, 0.040320405846, 0.050145115909, 0],
      [0.32115481696, 0.080330569443, 0.084424475659, 0.3515373956, 0.16255274234]
    ],
    [
      [0.2647128179, 0.01274884546, 0.29629274265, 0.35133073119, 0.074914862788],
      [0.066464514165, 0.19401124405, 0.56149450598, 0.17383600715, 0.0041937286628],
      [0.02671377395, 0.015842096667, 0.018893784925, 0.92499266038, 0.013557684074],
      [0.0028751887618, 0.86676244803, 0.04535946095, 0.084864817971, 0.00013808428763],
      [0.36814289076, 0.056446696513, 0.071331797399, 0.41426382614, 0.089814789185]
    ],
    [
      [0.33327244868, 0.01447483402, 0.23666331685, 0.35588066889, 0.059708731558],
      [0.088407056784, 0.23757156139, 0.4797863832, 0.19140283595, 0.0028321626813],
      [0.02983560319, 0.016358059235, 0.015157054241, 0.92984748446, 0.0088017988755],
      [0.0022764751901, 0.88665831892, 0.032586197268, 0.078479008624, 0],
      [0.43024109488, 0.059945467444, 0.053082049011, 0.39035505059, 0.066376338075]
    ],
    [
      [0.26792457288, 0.017833461469, 0.35256237756, 0.2748624676, 0.086817120501],
      [0.058744302462, 0.23800560212, 0.58184301936, 0.11674208789, 0.0046649881713],
      [0.033777257255, 0.024607127312, 0.032947468993, 0.88887234253, 0.019795803908],
      [0.0023106657079, 0.90754190569, 0.041539364935, 0.048207528903, 0.00040053476264],
      [0.38561988396, 0.082602447942, 0.088713670815, 0.33523664317, 0.10782735411]
    ],
    [
      [0.2478629931, 0.0099789949724, 0.31950685558, 0.33009184698, 0.092559309371],
      [0.063281452405, 0.15311324986, 0.61262376888, 0.16568637859, 0.0052951502681],
      [0.026531502737, 0.013681009753, 0.021436948032, 0.92078590227, 0.017564637209],
      [0.0033574286064, 0.83542660168, 0.061185891685, 0.099860836924, 0.00016924109995],
      [0.35658680009, 0.045638539372, 0.079793166121, 0.40306308936, 0.11491840506]
    ],
    [
      [0.1678644835, 0.0064166767009, 0.29252554487, 0.24781468269, 0.28537861225],
      [0.050910439054, 0.11769731735, 0.68406901488, 0.14182613556, 0.0054970931516],
      [0.03265063165, 0.015818595982, 0.02059911775, 0.89708470355, 0.033846951067],
      [0.0021666768239, 0.83960406623, 0.068637521604, 0.089591735339, 0],
      [0.24307097709, 0.028240472142, 0.068066020576, 0.29736783112, 0.36325469907]
    ],
    [
      [0.16687307575, 0.010694434182, 0.40814610716, 0.31409850572, 0.10018787719],
      [0.036301376556, 0.14212005863, 0.68079476236, 0.13573775549, 0.0050460469549],
      [0.017575827621, 0.016390546663, 0.026940642233, 0.91859991139, 0.020493072092],
      [0.0019295796232, 0.84088979729, 0.070728384778, 0.086227781924, 0.00022445638703],
      [0.26784202643, 0.054119932402, 0.11219573864, 0.42690128568, 0.13894101686]
    ],
    [
      [0.28124580889, 0.0072007274308, 0.15550535165, 0.44895676479, 0.10709134723],
      [0.09476920863, 0.15845354462, 0.4331113029, 0.30400534772, 0.0096605961346],
      [0.024831725689, 0.01044141008, 0.0017669942039, 0.94154627968, 0.021413590343],
      [0.0053255927158, 0.80685941365, 0.033500979216, 0.15186579201, 0.0024482224049],
      [0.35336309108, 0.028395126545, 0.032267666293, 0.47046001036, 0.11551410572]
    ],
    [
      [0.26009541988, 0.023214443348, 0.27193270473, 0.44475743204, 0],
      [0.046588573319, 0.33043216473, 0.44528765706, 0.17769160489, 0],
      [0.017977871961, 0.017387615169, 0.017528309407, 0.94710620346, 0],
      [0.00085382006611, 0.94239281658, 0.016057732648, 0.040695630704, 0],
      [0.34157425766, 0.098526092165, 0.060440257279, 0.4994593929, 0]
    ],
    [
      [0.13292163841, 0.013912073902, 0.42812891726, 0.31520254137, 0.10983482906],
      [0.025561345373, 0.17351481618, 0.67246725785, 0.12244642585, 0.0060101547507],
      [0.011464795172, 0.021227470719, 0.027220973698, 0.9145458563, 0.025540904106],
      [0.00059524712635, 0.88504442932, 0.052543663434, 0.060631605777, 0.0011850543461],
      [0.21914336241, 0.070786295972, 0.11620211581, 0.43672019084, 0.15714803497]
    ],
    [
      [0.11122844365, 0, 0.13898781506, 0.56333777768, 0.18644596361],
      [0.073807632317, 0, 0.49478675868, 0.41714377835, 0.01426183066],
      [0, 0, 0.00039797044471, 0.97221209047, 0.027389939088],
      [0.0026322184843, 0.65024400465, 0.05000264478, 0.29689034106, 0.00023079102106],
      [0.14829725737, 0, 0.029177702114, 0.61220559961, 0.21031944091]
    ],
    [
      [0.37700088344, 0.0076699304601, 0.21645399953, 0.31286204542, 0.086013141155],
      [0.11950195676, 0.14817464509, 0.52589368354, 0.20017343791, 0.006256276707],
      [0.031279281293, 0.011756221806, 0.0163784859, 0.92243043731, 0.018155573695],
      [0.0055530187526, 0.81981427388, 0.053035681902, 0.12138264173, 0.00021438373283],
      [0.48367474634, 0.031203492905, 0.048369293847, 0.3414231038, 0.095329363106]
    ],
    [
      [0.24546856898, 0.0085723789616, 0.30890798991, 0.38523863973, 0.051812422414],
      [0.063234784495, 0.13400976024, 0.60476503063, 0.19554774845, 0.0024426761872],
      [0.02413871046, 0.010328001139, 0.018622861764, 0.94146022112, 0.0054502055217],
      [0.0034651481093, 0.8074186573, 0.063652396017, 0.12546379857, 0],
      [0.35238369539, 0.038960100938, 0.076306445606, 0.46833505276, 0.064014705299]
    ],
    [
      [0.17939920747, 0.010133019064, 0.36648255113, 0.36506014473, 0.078925077605],
      [0.041595340272, 0.14217774675, 0.64403732052, 0.16810924016, 0.0040803523016],
      [0.016099585682, 0.012898943875, 0.022534884686, 0.9345731157, 0.013893470055],
      [0.0021959302538, 0.82302725522, 0.067806342575, 0.10686005372, 0.00011041822808],
      [0.27476737748, 0.049212882419, 0.097308059377, 0.47445718072, 0.10425450001]
    ],
    [
      [0.24107779238, 0.017413964433, 0.2877462301, 0.31880513494, 0.13495687814],
      [0.058269148074, 0.26089209751, 0.52301457939, 0.15149504331, 0.0063291317267],
      [0.02819664178, 0.018307152844, 0.022607581738, 0.907823193, 0.02306543064],
      [0.0019539618584, 0.9091665888, 0.032404090061, 0.056475359283, 0],
      [0.32840494101, 0.07684840772, 0.068059649233, 0.3682120085, 0.15847499353]
    ],
    [
      [0.13935719477, 0.0068363682275, 0.41348253828, 0.33505382329, 0.10527007543],
      [0.030959153304, 0.096607527738, 0.71500006998, 0.15213857849, 0.0052946704844],
      [0.0094962539035, 0.0083791635367, 0.027094749552, 0.93505752128, 0.019972311731],
      [0.0018265733976, 0.76641882889, 0.10128744588, 0.13029238829, 0.00017476354242],
      [0.22973026074, 0.036447946286, 0.11745552332, 0.46698519253, 0.14938107712]
    ],
    [
      [0.16963225145, 0.0093845362142, 0.32066785686, 0.38821453574, 0.11210081973],
      [0.04239535292, 0.14344385443, 0.61300397613, 0.19509765543, 0.0060591610834],
      [0.013081403218, 0.011176367089, 0.019693561785, 0.93822331, 0.017825357911],
      [0.00204129746, 0.81218137065, 0.063745174876, 0.12196647263, 6.5684382689e-05],
      [0.24876311866, 0.043783639576, 0.081846497625, 0.48368944564, 0.14191729851]
    ],
    [
      [0.18638948817, 0.0093737948886, 0.313993707, 0.39917470394, 0.091068306006],
      [0.047178769682, 0.14396999036, 0.6028498054, 0.20080192933, 0.0051995052367],
      [0.01552847787, 0.010836980545, 0.018433857922, 0.94039317911, 0.014807504556],
      [0.002477512434, 0.81075697369, 0.062060760285, 0.12457443479, 0.00013031880326],
      [0.27081619076, 0.043303436967, 0.079267814631, 0.49243152194, 0.1141810357]
    ],
    [
      [0.17965711994, 0.0097463295883, 0.30116948787, 0.4436254956, 0.065801566994],
      [0.045235351059, 0.14925261559, 0.57973387117, 0.22239935555, 0.0033788066265],
      [0.013113718183, 0.010936834313, 0.016504433469, 0.95072864356, 0.0087163704724],
      [0.0021755996205, 0.81028583681, 0.056488579403, 0.13104998416, 0],
      [0.25813167631, 0.044295891861, 0.074997170959, 0.54104319618, 0.08153206469]
    ],
    [
      [0.19887912751, 0.0083494041961, 0.34099990918, 0.38404221052, 0.067729348599],
      [0.049288896153, 0.12484071614, 0.63477087169, 0.18776755129, 0.0033319647305],
      [0.018528136218, 0.0091965457302, 0.020890378283, 0.9410392534, 0.01034568637],
      [0.0029847990524, 0.79217031239, 0.073688880796, 0.13115600776, 0],
      [0.29708460948, 0.039842300624, 0.088576741344, 0.48722295151, 0.087273397042]
    ],
    [
      [0.16114280962, 0.007916998578, 0.38956593927, 0.36099193101, 0.080382321521],
      [0.036105963888, 0.11159433349, 0.68150930783, 0.16636783376, 0.0044225610391],
      [0.013144580196, 0.0087677470169, 0.025099752618, 0.93828605216, 0.014701868007],
      [0.0021113053633, 0.78396575793, 0.086651282058, 0.12706909852, 0.00020255613656],
      [0.25580762418, 0.040310673384, 0.10726392143, 0.48644397533, 0.11017380567]
    ],
    [
      [0.27752905445, 0.010325347652, 0.29057099, 0.32556109642, 0.096013511483],
      [0.072952834895, 0.16601141043, 0.58587044548, 0.16944189741, 0.0057234117904],
      [0.028819443039, 0.014979119443, 0.019578042159, 0.91721303579, 0.019410359565],
      [0.0034451122799, 0.85197802048, 0.052205031324, 0.092186685429, 0.0001851504922],
      [0.38643863719, 0.045405573867, 0.069486923869, 0.38343129937, 0.11523756571]
    ],
    [
      [0.31601110372, 0.011525515942, 0.24253046398, 0.33667892956, 0.093253986803],
      [0.088718397912, 0.19754558522, 0.51994468709, 0.18789882522, 0.0058925045466],
      [0.029839046806, 0.01571062015, 0.015272184743, 0.92087008755, 0.018308060749],
      [0.0033715492609, 0.86703275727, 0.040452085483, 0.088908261707, 0.00023534627417],
      [0.4158383635, 0.048039313384, 0.055049027499, 0.37535453373, 0.10571876189]
    ],
    [
      [0.3827654186, 0.0058075661429, 0.23240573502, 0.33674330701, 0.042277973221],
      [0.11383159049, 0.11245727742, 0.55975102992, 0.21246121672, 0.0014988854457],
      [0.027975794969, 0.0073086269595, 0.020611620268, 0.93937135342, 0.0047326043834],
      [0.0052489473124, 0.77499071716, 0.067272357251, 0.15248797828, 0],
      [0.50260110804, 0.024188812087, 0.052957903253, 0.3728434706, 0.047408706013]
    ],
    [
      [0.23005153338, 0.012152598775, 0.41269339976, 0.30721106721, 0.037891400877],
      [0.049206963114, 0.15526137774, 0.66636169687, 0.12916996227, 0],
      [0.030011468988, 0.019051160988, 0.028277702376, 0.920901574, 0.0017580936468],
      [0.0020646505811, 0.85643725556, 0.064780419466, 0.076717674389, 0],
      [0.36494455495, 0.060018423422, 0.11181766468, 0.41169933228, 0.051520024669]
    ],
    [
      [0.23345065292, 0.0054238338341, 0.31729522742, 0.3656507906, 0.078179495232],
      [0.05355558728, 0.086342885178, 0.68593293212, 0.16717674234, 0.0069918530762],
      [0.028417277496, 0.0059261739081, 0.013872031462, 0.92277870983, 0.029005807303],
      [0.0041831303793, 0.82369568933, 0.061911839454, 0.10763272392, 0.002576616917],
      [0.35478206325, 0.024122035782, 0.072314818798, 0.44937018561, 0.09941089656]
    ],
    [
      [0.25359199605, 0.001564019461, 0.19489741727, 0.54994656722, 0],
      [0.09871283929, 0.024282733266, 0.53631742642, 0.34068700103, 0],
      [0.016602632464, 0, 0.014820622653, 0.96857674488, 0],
      [0.0074065331294, 0.61256244395, 0.073311125514, 0.30671989741, 0],
      [0.33539491733, 0.0090517358624, 0.043228229638, 0.61232511717, 0]
    ],
    [
      [0.18398618341, 0.019038338826, 0.40603003016, 0.34643963349, 0.044505814115],
      [0.035511614466, 0.23226313704, 0.60571414433, 0.12159024699, 0.004920857173],
      [0.020963352324, 0.021043068296, 0.024538501855, 0.92081705297, 0.01263802456],
      [0.0018805113489, 0.91932180103, 0.034151984353, 0.043407258636, 0.0012384446359],
      [0.2904729873, 0.09230274403, 0.10336176328, 0.45186927502, 0.061993230371]
    ],
    [
      [0.37791183878, 0.016773323262, 0.27228442997, 0.27799214072, 0.055038267275],
      [0.08719094905, 0.26146105398, 0.51449443122, 0.13313999008, 0.0037135756688],
      [0.037418525684, 0.023713866042, 0.024343020899, 0.89924901685, 0.015275570522],
      [0.0016181882837, 0.92167840891, 0.029554461661, 0.046469734887, 0.00067920625904],
      [0.5010010563, 0.070345488246, 0.060440837499, 0.30665244032, 0.061560177635]
    ],
    [
      [0.18541439064, 0.012426166879, 0.23534850449, 0.32163973328, 0.24517120471],
      [0.055812274057, 0.22107580477, 0.53193519689, 0.19117672428, 0],
      [0.030069444701, 0.018072191234, 0.017975352773, 0.91974641726, 0.014136594036],
      [0.00061734134851, 0.89145658067, 0.034610344708, 0.073315733277, 0],
      [0.24726803318, 0.05106671348, 0.054160009851, 0.36325576621, 0.28424947728]
    ],
    [
      [0.34851566611, 0.010443554101, 0.31825971434, 0.32278106545, 0],
      [0.067378520036, 0.13948119173, 0.62790629556, 0.16523399268, 0],
      [0.027724377563, 0.015237651824, 0.019393767526, 0.93764420309, 0],
      [0, 0.84880746507, 0.057813232509, 0.093379302423, 0],
      [0.499736736, 0.039821494366, 0.07459280173, 0.38584896791, 0]
    ],
    [
      [0.41506382371, 0.021224697913, 0.23966515658, 0.27456825638, 0.049478065409],
      [0.090589934602, 0.34868214157, 0.42926551121, 0.12826043461, 0.0032019780039],
      [0.037832413003, 0.022403752571, 0.028018890455, 0.89879383279, 0.012951111179],
      [0.00050012933137, 0.94444482427, 0.019849485441, 0.034797336197, 0.00040822475784],
      [0.5186291621, 0.09179568096, 0.051438597989, 0.28586800801, 0.052268550941]
    ],
    [
      [0.31964209685, 0.010398934443, 0.23169228663, 0.34483167453, 0.093435007555],
      [0.093152026707, 0.1845184931, 0.51559045177, 0.20051801362, 0.006221014795],
      [0.029007814003, 0.01432683045, 0.013901482353, 0.92483918794, 0.017924685252],
      [0.0037686658877, 0.8526013526, 0.042710833815, 0.10069738849, 0.00022175921573],
      [0.41737114807, 0.043026246292, 0.052238679516, 0.38207568875, 0.10528823738]
    ],
    [
      [0.1519712403, 0.0095289412709, 0.37475797714, 0.3693482378, 0.094393603488],
      [0.033684143858, 0.13350004389, 0.6570035805, 0.17084738254, 0.0049648492116],
      [0.010079445734, 0.012021858136, 0.023819996454, 0.93757443472, 0.016504264961],
      [0.0012448506784, 0.81078762695, 0.073304467674, 0.11448030669, 0.00018274800696],
      [0.23635740333, 0.04713377626, 0.10141705628, 0.48826976898, 0.12682199515]
    ],
    [
      [0.18646884623, 0.0085779784979, 0.28929626858, 0.43312078598, 0.08253612071],
      [0.049328545066, 0.13772719484, 0.580707535, 0.22736604608, 0.0048706790173],
      [0.01448716943, 0.0091820855472, 0.016443969596, 0.94752020237, 0.012366573061],
      [0.002642384331, 0.79210328891, 0.061071610787, 0.14406682716, 0.00011588881425],
      [0.26517009907, 0.038815055988, 0.071582237662, 0.52309109154, 0.10134151574]
    ],
    [
      [0.25158568066, 0.0083858621696, 0.2719022871, 0.37833505518, 0.089791114888],
      [0.070534949792, 0.14174115344, 0.57362717436, 0.20859542641, 0.0055012959977],
      [0.024039263304, 0.0099609997697, 0.015963937396, 0.93470069386, 0.015335105669],
      [0.0038992606926, 0.80683877906, 0.059120727772, 0.13000462955, 0.00013660292396],
      [0.34751743358, 0.036866919265, 0.065093282128, 0.44351231358, 0.10701005145]
    ],
    [
      [0.15029724203, 0.017996154082, 0.33625830384, 0.44076177026, 0.05468652978],
      [0.031233873983, 0.23613962079, 0.54452864579, 0.18597629024, 0.0021215691976],
      [0.0073220996228, 0.016554160223, 0.020108022744, 0.95044331003, 0.0055724073793],
      [0.00056841371176, 0.88901135528, 0.035945367952, 0.074474863052, 0],
      [0.2185085686, 0.083649345297, 0.084567671796, 0.54477418745, 0.068500226856]
    ],
    [
      [0.086954444082, 0.0063478839381, 0.44964691183, 0.25340125873, 0.20364950142],
      [0.015121004404, 0.092036370001, 0.78584794822, 0.10689676297, 9.7914405013e-05],
      [0.0076255525586, 0.018583393116, 0.028405961224, 0.91671171384, 0.028673379259],
      [0, 0.82825371942, 0.090812671434, 0.080933609143, 0],
      [0.14993155454, 0.036308950128, 0.1181235358, 0.37038257442, 0.32525338512]
    ],
    [
      [0.29641943153, 0.011745377776, 0.29875392825, 0.32174584897, 0.071335413473],
      [0.075221120402, 0.18139074823, 0.5763135853, 0.16314134335, 0.0039332027218],
      [0.029937403616, 0.016300578628, 0.021613228551, 0.91859328826, 0.013555500943],
      [0.0031268474308, 0.8612982211, 0.050169132004, 0.085356418542, 4.9380928004e-05],
      [0.4112930572, 0.051877707042, 0.072173826362, 0.37924593321, 0.085409476188]
    ],
    [
      [0.3537284441, 0.0072488090995, 0.22678949328, 0.30627469961, 0.10595855392],
      [0.10941645117, 0.13923557608, 0.54803229165, 0.19557302388, 0.0077426572064],
      [0.029786265736, 0.011002596408, 0.018432130847, 0.91860878185, 0.02217022516],
      [0.0049369938224, 0.81222009746, 0.058249014428, 0.124314549, 0.00027934529578],
      [0.45957580433, 0.0299324429, 0.051739487846, 0.33952886686, 0.11922339806]
    ],
    [
      [0.34266904581, 0.010370459834, 0.25229440212, 0.32182899884, 0.072837093397],
      [0.094840934381, 0.17673463398, 0.54121537273, 0.18254604502, 0.0046630138875],
      [0.029953526605, 0.015194082076, 0.01884521839, 0.92168666496, 0.014320507965],
      [0.0034175131641, 0.85170197244, 0.047937987886, 0.096810172236, 0.00013235427821],
      [0.45346626788, 0.043398664613, 0.058196956246, 0.36177307743, 0.083165033825]
    ],
    [
      [0.20218167676, 0.011372723394, 0.30909046751, 0.4186404842, 0.058714648148],
      [0.049919072005, 0.16783539359, 0.5765452416, 0.20315881485, 0.0025414779525],
      [0.017895316255, 0.013145341566, 0.017192279221, 0.94500022628, 0.0067668366812],
      [0.0022203156426, 0.8379768847, 0.050958036549, 0.10884476311, 0],
      [0.29002120913, 0.051150302941, 0.07660893258, 0.50942232814, 0.072797227212]
    ],
    [
      [0, 0, 0, 1, 0],
      [0.0030812427911, 1.0764758206e-300, 4.3921314852e-07, 0.99560325313, 0.001315064861],
      [0, 0, 0, 1, 0],
      [0, 1, 1.9911723435e-73, 1.2623831194e-72, 7.6873610192e-77],
      [0.0019911198743, 5.7963666236e-06, 0.0050709881059, 0.99268166882, 0.00025042682873]
    ],
    [
      [0.17110589965, 0.014983723141, 0.36934789979, 0.32661484242, 0.11794763501],
      [0.037271032971, 0.19976748493, 0.6151639271, 0.14245812305, 0.0053394319541],
      [0.016909687591, 0.019631946716, 0.026839855654, 0.91535161876, 0.02126689128],
      [0.0011580572841, 0.88026719814, 0.04962809401, 0.06894665057, 0],
      [0.25847125123, 0.072025611839, 0.096845608698, 0.41879952918, 0.15385799906]
    ],
    [
      [0.20558875642, 0.0090879511267, 0.31530273246, 0.38473969383, 0.085280866164],
      [0.052837385447, 0.14025384558, 0.60759172693, 0.19457510794, 0.0047419341019],
      [0.019001121209, 0.010635778733, 0.018881887053, 0.93749276468, 0.013988448321],
      [0.0029456777802, 0.80844533607, 0.064373765864, 0.12414661762, 8.8602670721e-05],
      [0.29802864892, 0.041968905747, 0.079517872557, 0.47378465035, 0.10669992243]
    ],
    [
      [0.12293074115, 0.012500265077, 0.43919812777, 0.3589249159, 0.066445950107],
      [0.020938566434, 0.15255357039, 0.67668893526, 0.14626292449, 0.0035560034302],
      [0.0014995924553, 0.017502524856, 0.027901902745, 0.94001252576, 0.013083454185],
      [0, 0.84527948441, 0.067091108176, 0.087352761213, 0.00027664619906],
      [0.20477545982, 0.065421037541, 0.12622805449, 0.5078548072, 0.095720640958]
    ],
    [
      [0.20822852683, 0.010248909061, 0.36372640776, 0.29848139739, 0.11931475896],
      [0.05041721417, 0.1470605503, 0.65584522461, 0.14147673232, 0.0052002785968],
      [0.025340508349, 0.015699774513, 0.026679629862, 0.91042699402, 0.021853093257],
      [0.0027607454999, 0.8395843905, 0.068601083585, 0.089053780419, 0],
      [0.31534479304, 0.049120210737, 0.095680348671, 0.38388461377, 0.15597003379]
    ],
    [
      [0.10960886441, 0.0073746695973, 0.3746358995, 0.39915375561, 0.10922681089],
      [0.011688615286, 0.11912133631, 0.67578682851, 0.18750830359, 0.0058949163038],
      [0, 0.0056660053231, 0.024284064433, 0.95109998613, 0.018949944112],
      [0.0014829867907, 0.77203520543, 0.084361035376, 0.14197074834, 0.00015002406062],
      [0.17459284308, 0.037263040695, 0.10219802116, 0.53635333222, 0.14959276285]
    ]
  ],
  "expected_outcome": [
    [
      [2.8947232654, 4.7971820238, 0.24195678957, 0.89229434048, 8.4708101729, 17.66343978, 9.6452846235, 12.888875641, 0.1678644835, 2.1693499847, 0.28124580889, 0.52019083976, 0.66460819205, 0.33368533095, 21.1120494724, 6.3821827936, 14.7107350124, 6.268022602, 8.9188604652, 17.8113864024, 15.0975485416, 4.8507422385, 15.7114510733, 6.4457123848, 4.4404648711, 10.1123553191, 4.9759504418, 3.4507730007, 0.46690130583, 0.76077598816, 0.18398618341, 3.0232947102, 2.039558297, 2.0910939967, 4.9807658846, 9.5892629054, 12.1576992239, 7.2722850028, 13.5856267556, 2.4047558725, 0, 22.527876796, 15.5640515403, 29.8122069852, 9.3003571307, 0, 3.2510120933, 28.3712483864, 2.9503377875, 29.1519937564, 2.7402216103],
      [0.24955419996, 0.22428945212, 0.24739872673, 0.07077172729, 0.40796305473, 0.76716620307, 0.6420046129, 0.51890773857, 0.0064166767009, 0.13902764436, 0.0072007274308, 0.046428886696, 0.069560369509, 0, 0.42951610577, 0.222881853, 0.83090756322, 0.45276307526, 0.43752756656, 0.98537630249, 0.75927738598, 0.26315089888, 0.65960293149, 0.31667994312, 0.16520556243, 0.36881651013, 0.075498359857, 0.18228898162, 0.010847667668, 0.004692058383, 0.019038338826, 0.1341865861, 0.13668783567, 0.062661324604, 0.25469637496, 0.31196803328, 0.76231530167, 0.33454116142, 0.45283655716, 0.28793846531, 0, 0.89264871101, 0.31894760038, 0.90223000553, 0.52314527612, 0, 0.28469073968, 1.2541372555, 0.30000636185, 1.4348472685, 0.18436673993],
      [4.4041543395, 7.5407948797, 0.51064448371, 1.3538611032, 9.4813677649, 12.5431557932, 12.6922455921, 16.6143564902, 0.29252554487, 5.3058993931, 0.15550535165, 0.54386540946, 2.1406445863, 0.41696344517, 12.1214239736, 8.0316077377, 30.051569193, 7.4814019827, 26.4628824502, 33.6701249705, 25.4334902667, 8.1315761725, 26.9389928251, 15.5826375707, 4.64913584, 7.7609748473, 3.0212745553, 6.1904009964, 0.63459045484, 0.58469225181, 0.40603003016, 2.1782754397, 2.5888335494, 1.909558286, 2.875981879, 6.9507685988, 29.9806381713, 11.2825544747, 14.6827235036, 5.3801328615, 0, 22.7052985472, 9.9787377043, 21.9496129847, 14.2181615052, 0, 7.0176100959, 43.5117770789, 10.5407550665, 50.9216970864, 9.3658974874],
      [3.7349335013, 8.4406162644, 0, 1.1589044896, 11.2425833982, 18.8616754512, 9.8950488335, 17.164776043, 0.24781468269, 4.0832805744, 0.44895676479, 0.88951486409, 1.5760127069, 1.690013333, 17.5202745435, 10.016204633, 29.9349318678, 8.2889335083, 21.4434446908, 40.7625262529, 32.3331510193, 11.9778883813, 30.3393346308, 14.4396772405, 5.2089775427, 10.7737257458, 4.3776629912, 4.6081660082, 0.7313015812, 1.6498397016, 0.34643963349, 2.2239371257, 3.538037066, 1.9366863927, 3.2948190766, 10.3449502359, 29.5478590241, 16.8917106533, 20.4300929797, 7.0521883242, 0, 24.4526845218, 13.4760867827, 27.999122899, 19.2574622731, 1, 6.2056820059, 53.0940777486, 8.6141979816, 41.787395634, 9.9788438902],
      [1.7166346939, 1.99711738, 0, 0.52416833945, 2.3972756092, 3.1645627726, 3.125416338, 4.8130840873, 0.28537861225, 1.3024424034, 0.10709134723, 0, 0.54917414528, 0.55933789084, 4.8167359047, 1.3471229828, 6.4718563636, 3.5088788317, 6.7372848273, 11.7705860717, 7.3765327865, 1.7766423088, 5.3506185393, 3.2152928608, 1.5362161837, 2.9841275777, 0.54961365187, 0.56837101316, 0.15635899046, 0, 0.044505814115, 0.4403061382, 2.6968832518, 0, 0.5937367849, 2.8030502266, 7.551488279, 3.2189087077, 4.848720204, 0.87498447648, 0, 5.421491424, 4.6621763724, 6.3368271256, 2.7008738148, 0, 2.2410050652, 11.7687595306, 1.5947028026, 16.7040662547, 2.7306702721]
    ],
    [
      [1.0957465223, 1.5981153655, 0.17385256261, 3.8747417765, 9.6373545539, 21.3945077416, 11.9838377022, 26.5149285575, 0.71274614676, 2.286986723, 1.3267689208, 0.32612001323, 0.38342018059, 0.22142289695, 21.5103522167, 2.5926261643, 8.4438540753, 4.6615318459, 2.8172829506, 20.6041415191, 15.8520666131, 4.3878290527, 23.2643589841, 9.0625969359, 3.2099247354, 5.1456670789, 5.8054111152, 3.3952804549, 0.21422234912, 0.49356419645, 0.46165098806, 1.5694370829, 1.4511191255, 1.0780563206, 1.811798692, 8.9425945639, 15.9326000447, 15.4398346056, 9.3106133725, 1.4055243292, 0.15121004404, 26.3273921407, 18.7102131506, 31.4871902145, 3.1948206083, 0, 7.4542065943, 37.9900801361, 1.9054095455, 20.9735610948, 0.58443076428],
      [6.2086076312, 4.5409948532, 1.6599130804, 18.2887492345, 28.1316303873, 57.4923178557, 48.5531428326, 64.1544516918, 1.6477624429, 8.953563694, 2.2183496247, 2.3130251531, 2.6027222427, 0, 26.6714361161, 5.4944001699, 28.8620825899, 20.8713678004, 8.7912850241, 69.7137132539, 48.3739167601, 14.4775037124, 58.9248180194, 28.010177706, 7.3045020589, 11.457643943, 5.7353211482, 10.7130350642, 0.34537154071, 0.12141366633, 3.0194207815, 4.7062989717, 5.747970924, 2.2316990676, 6.9736428314, 17.7137753378, 63.1455207591, 43.1086119835, 18.7098322535, 10.6262829353, 0.92036370001, 63.4867618793, 23.80928351, 58.6758984819, 10.7414651898, 0, 39.9534969856, 100.8425149733, 13.8823749053, 61.1771889254, 5.9560668155],
      [12.7921258367, 19.1728767635, 2.166234357, 43.854785349, 81.4167033664, 116.1083047348, 118.695975949, 256.6893591601, 9.5769662084, 42.8900700287, 6.0635582406, 3.1170135994, 10.0870088677, 1.484360276, 94.6608630369, 24.7953662557, 130.7395760659, 41.8411663511, 65.0650063682, 297.9199324009, 202.5575346134, 56.2341855032, 299.611851436, 171.0588362645, 25.7782996011, 30.1567918514, 28.5473025261, 45.9789570841, 2.7437317285, 2.6815871321, 7.8742838763, 9.260899762, 13.8303151191, 10.046500729, 8.5853102242, 49.4966833701, 310.7626935762, 181.7614584555, 75.7187870157, 24.5037890607, 7.8584794822, 201.709754854, 93.7135218728, 179.6835037478, 36.8988954626, 0, 123.0327854192, 436.85845166, 61.5786931087, 272.831613437, 33.7893414255],
      [2.7686689558, 5.5390526171, 0, 9.5490353102, 25.2062210362, 46.319486299, 23.8153859292, 69.4225926282, 1.9855658979, 8.5514785961, 4.256074868, 1.2438412342, 1.8366963878, 1.251431335, 36.0312188231, 8.0174576864, 34.1261757517, 12.1196034645, 13.8446106429, 94.8174605396, 67.4694482539, 21.5727374888, 88.6262842077, 41.7583262729, 7.4554434859, 10.898131863, 10.8355220527, 8.9127273969, 0.66870696936, 1.7034350051, 1.5806732108, 2.3965198214, 4.9705948313, 2.6437438828, 2.5652086923, 19.2497293079, 80.8108119429, 71.165572423, 27.5345962866, 8.3689330608, 1.0689676297, 57.0994701734, 33.4429870843, 60.6052869452, 13.0021641503, 0, 28.4916246102, 139.8995026113, 13.3099261284, 58.8543206465, 9.3754151795],
      [0.13485105403, 0.14896040074, 0, 0.43268832979, 0.60809065611, 0.68538336888, 0.95165758694, 2.2186679624, 0.076959304122, 0.31790095816, 0.13524834588, 0, 0.09015232126, 0.04278549198, 1.1261298073, 0.10014972367, 0.82831151722, 0.50633053814, 0.48181501408, 2.9447522865, 1.7470337595, 0.32774424277, 1.5726873528, 1.1100628208, 0.25183011878, 0.3417652637, 0.076443157728, 0, 0.027967412305, 0, 0.063971143249, 0.066844362039, 0, 0, 0.064039560078, 0.59721742032, 2.3483736771, 1.5245225324, 0.72617107169, 0.095470613894, 0.00097914405013, 1.3766209526, 1.3239943823, 1.5481206107, 0.16265458896, 0, 1.0678863908, 3.4094506192, 0.32359631215, 2.1633158963, 0.29474581519]
    ],
    [
      [2.8181113407, 4.6625064901, 0.15444555334, 3.7554179653, 11.353353929, 17.0958006276, 12.8691350142, 18.280205386, 1.1427721077, 3.7260754557, 1.1919228331, 0.73709275039, 0.63056373449, 0, 26.3058755674, 6.6622840868, 12.2356851185, 8.5717791011, 3.8554790848, 18.6671623914, 13.2923770568, 3.7505234004, 22.474629232, 6.7037358999, 6.5420135698, 10.145275914, 3.0773374465, 3.3312730577, 0.59676282741, 0.38186054667, 0.4402303988, 2.8812264777, 1.2929861221, 0.33269253075, 2.5347716712, 11.4290787173, 11.7727926174, 10.7929412251, 17.6928977918, 1.8744575034, 0.099132183261, 27.4825365193, 12.957025595, 23.7831001241, 4.0085508412, 0, 8.928315048, 52.0060687495, 0.3389078949, 26.5568527502, 0],
      [2.1478157779, 2.8379081556, 0.068696580122, 3.1742766208, 6.7328910834, 9.3731679419, 9.3753155058, 9.4262157195, 0.55365085937, 3.4747958925, 0.50118768386, 0.71289222194, 1.1675108895, 0, 9.886982539, 2.8505283144, 9.8031973452, 5.5653744647, 3.4019403959, 15.948675836, 9.2764553466, 3.1279346134, 11.1554099707, 4.4715509786, 3.4002601135, 5.341610851, 0.80394896554, 2.1146788696, 0.12444965207, 0, 0.44190443421, 1.8259676852, 0.77710422307, 0.18285182189, 1.5010514222, 5.6447711972, 14.0415303024, 6.8406537326, 7.3312958305, 4.2378650171, 0.24158411051, 14.9639311804, 4.7861294375, 12.064101168, 2.9445565107, 0, 10.3656678659, 29.1101263914, 3.9555706174, 16.4533636895, 1.4448313574],
      [2.7647552379, 4.5030772609, 0.033305748535, 3.8028581854, 8.0298585931, 8.6849920799, 12.5529856863, 14.7700571943, 0.72096912126, 5.7114161535, 0.084815721786, 0.71866068567, 1.4971535534, 0.011143172452, 13.7743066421, 5.1399098468, 17.1265123611, 6.8727048484, 11.0004683182, 28.1027126675, 15.7793823811, 4.7202679722, 25.3400288569, 12.8008738352, 4.4442155701, 5.1925428125, 2.2672782295, 3.1388249637, 0.29131266071, 0.34087432101, 0.51530853895, 1.8744126092, 0.77294016923, 0.23272521031, 1.8772656605, 5.4771840471, 27.8217558588, 12.2507573488, 11.7494579232, 5.1476538225, 0.36927749591, 19.84094381, 8.0179769185, 14.9631034019, 3.8510705455, 0, 14.1714437853, 51.6797248649, 6.3058300203, 27.9602520952, 6.1924364304],
      [85.7486008341, 211.3336989718, 0.743552118, 116.9383334256, 393.1218806632, 532.802608595, 338.6603625047, 634.4214866633, 31.3979646243, 194.7431812149, 45.1942214248, 38.831354342, 50.3000220968, 27.2219385331, 775.7639977743, 259.843021028, 710.2755679333, 275.9782506711, 379.6333536381, 1338.8446633662, 804.9765613153, 271.9083920589, 1141.480614374, 478.5258866028, 208.2073591254, 313.0958297679, 103.3308488762, 102.2200747141, 19.3783529064, 22.2772651323, 19.3371581123, 69.2421742977, 39.549095942, 11.2517304371, 60.2191867971, 364.386640049, 1095.0869397471, 705.902550763, 687.9397106823, 243.3134873678, 11.9172522799, 843.268638625, 399.5948201045, 731.8192119819, 211.6800506859, 7, 483.305654705, 2565.9176969392, 212.4428308217, 954.1274897313, 242.5304964637],
      [2.5207168094, 3.6628091215, 0, 3.329113803, 5.7620157314, 5.0434307557, 7.542201289, 12.102035037, 1.1846432873, 4.3445312834, 1.0278523365, 0, 1.4047497258, 0.76691829446, 15.2688374771, 1.504256724, 10.5590372419, 7.0118909146, 8.1087585629, 25.4367857389, 12.6752239002, 2.4928819551, 12.5493175664, 7.4979526834, 4.4061516212, 6.2247406545, 0.52058648218, 0.1951483948, 0.60912195336, 0, 0.26539851575, 1.1762189302, 0.60787354355, 0, 0.86772444897, 7.0623259893, 19.2769814743, 9.2130969304, 11.2866377722, 1.4265362891, 0.37275393037, 12.4439498653, 9.6440479445, 11.3704833241, 1.5157714166, 0, 11.2289185959, 38.286383055, 2.9568606457, 22.9020417337, 4.8322357485]
    ],
    [
      [0.011669623922, 0.063389552604, 0, 0.1640562258, 0.23576547847, 0.26407112205, 0.27959055065, 0.58755000612, 0.0043333536478, 0.050169070204, 0.079883890737, 0.00085382006611, 0.0065477183898, 0, 0.41647640645, 0.086628702733, 0.17787035056, 0.04884904646, 0.084022376291, 0.38376392248, 0.21802109419, 0.071794787476, 0.5014462408, 0.16045920761, 0.055121796478, 0.13149042118, 0.094481051623, 0.064004168014, 0.012549391138, 0.022219599388, 0.0094025567447, 0.021036447688, 0.0018520240455, 0, 0.0050012933137, 0.16205263317, 0.2651531945, 0.24309935845, 0.26904898779, 0.011936687947, 0, 0.44401233517, 0.29621962934, 0.42035411918, 0.055507891064, 0, 0.15054744694, 1.0516069675, 0, 0.24018485849, 0.0088979207443],
      [6.4860577934, 19.085929451, 5.8222447619, 57.1366159036, 71.0745207385, 102.8523649945, 109.8125705886, 146.1996552948, 1.6792081325, 21.8631347295, 12.1028912048, 0.94239281658, 9.7354887225, 0, 61.4860705409, 20.1854664326, 66.665207673, 22.7291647199, 35.2552661288, 152.6900976819, 71.3466136846, 26.7394326148, 133.0846124817, 59.5813976023, 13.6316483276, 33.8142775337, 13.9498329088, 26.5495549225, 2.471087068, 1.8376873318, 4.5966090051, 11.9818193158, 2.674369742, 4.2440373253, 9.4444482427, 36.6618581616, 172.6977645403, 72.8735025796, 55.6718757553, 18.669238461, 1.6565074388, 122.3043473955, 48.7332058473, 104.7593426096, 20.9494221174, 0, 114.4347357577, 288.6149849753, 27.0489435012, 73.0438419732, 4.6322112326],
      [0.21602096974, 1.3890285876, 0.17775523808, 2.5401855683, 3.7194757979, 3.7799988831, 5.0262631571, 10.7075310449, 0.13727504321, 1.8389380042, 0.50251468824, 0.016057732648, 0.57798029777, 0, 3.9776761426, 1.5913099004, 5.4923137486, 0.81010225153, 4.6592225106, 11.9840928768, 5.4613469051, 1.8641231203, 12.3797319737, 6.5854974364, 0.83528050118, 1.5776313339, 1.2109024305, 2.0081930035, 0.18573551836, 0.21993337654, 0.17075992176, 0.3842080016, 0.10383103412, 0.28906616255, 0.19849485441, 1.836565854, 15.6138516145, 5.6185881924, 4.0793302162, 0.75485272698, 0.18162534287, 7.1240167446, 3.4949408657, 5.89637251, 1.2739509137, 0, 6.4516522212, 22.9814344133, 2.1469154616, 5.9682942719, 0.50616621225],
      [0.28594131999, 2.456330046, 0, 3.1591423023, 6.9589150736, 9.1035650004, 5.8331109973, 17.4756464616, 0.17918347068, 2.24192233, 2.2779868802, 0.040695630704, 0.66694766355, 0, 9.1036981301, 3.1365949642, 8.6556643514, 1.4118839821, 5.9934498614, 22.9296968549, 10.9625502615, 4.3246494774, 22.0342093038, 9.6572514872, 1.4749869669, 3.4674222066, 2.744783609, 2.3782479061, 0.32289817176, 0.92015969223, 0.21703629318, 0.60410655353, 0.21994719983, 0.46689651211, 0.34797336197, 4.3299877049, 24.3843053252, 13.2541480987, 8.9703194389, 1.5639721241, 0.16186721829, 12.120611433, 7.4588729399, 11.9076511851, 2.7211190778, 0, 8.9630645741, 44.3203424905, 2.7952883588, 7.7476788965, 0.85182449006],
      [0.00031029291602, 0.005322362768, 0, 0, 0.011322911586, 0, 0.048464706279, 0.029617192491, 0, 0.0058358660628, 0.036723336074, 0, 0.013035597807, 0, 0.016078779962, 0, 0.0089438764748, 0, 0.0080391229514, 0.012348663946, 0.011468054687, 0, 0, 0.015394266379, 0.0029624078752, 0.0091785046925, 0, 0, 0.0077298507509, 0, 0.0061922231794, 0.0088296813675, 0, 0, 0.0040822475784, 0.0095356462763, 0.038925325482, 0.010661770911, 0.0094256017535, 0, 0, 0.0070120917766, 0.016760717747, 0.016279576219, 0, 0, 0, 0.031631153447, 0.0088526783698, 0, 0.0009001443637]
    ],
    [
      [3.1797492478, 8.878806568, 0.42974509448, 9.3134896919, 17.3027158657, 39.5821807287, 26.2221521095, 36.7284404093, 0.97228390836, 7.7674187664, 2.1201785465, 3.4157425766, 1.3148601745, 0.4448917721, 54.655246337, 11.2762782526, 21.4318554432, 14.4498174045, 13.3243551231, 43.5335457647, 26.5399866943, 13.9391105209, 46.0481144698, 16.6274955718, 12.7524750272, 17.4652112669, 9.0468199448, 8.7586693187, 0.7095641265, 1.3415796693, 2.904729873, 2.5050052815, 3.2144844313, 3.498157152, 4.6676624589, 25.8770111801, 36.8717549196, 26.251839808, 36.1418130922, 8.3033256069, 0.7496577727, 66.2181822088, 51.4724900848, 58.4971485569, 10.4407635286, 0, 14.2159188175, 93.5809957605, 8.8053447721, 57.07740754, 3.6664497047],
