{
  "Z_true": {},
  "V_true": [
    [525, 10136, 960, 474],
    [434, 849, 17600, 295],
    [1591, 585, 978, 91],
    [228, 1210, 728, 344]
  ],
  "p_true": [
    [0.0434, 0.838, 0.0794, 0.0392],
    [0.0226, 0.0443, 0.9177, 0.0154],
    [0.4903, 0.1803, 0.3014, 0.028],
    [0.0908, 0.4821, 0.29, 0.1371]
  ],
  "Z_est": {},
  "V_est": [
    [215.8957, 11470.1816, 0, 408.9227],
    [0, 17.5951, 19160.4049, 0],
    [1815.7054, 323.6996, 1105.5951, 0],
    [746.3989, 968.5238, 0, 795.0773]
  ],
  "p_est": [
    [0.0178, 0.9483, 0, 0.0338],
    [0, 0.0009, 0.9991, 0],
    [0.5595, 0.0998, 0.3407, 0],
    [0.2974, 0.3859, 0, 0.3168]
  ],
  "EI_Z": {},
  "EI_V": 11.387,
  "MAE_Z": {},
  "MAE_V": 527.0454,
  "MAE_p": 0.0858,
  "runtime": 0.0431
}
