{
  "X": [
    [14, 110, 9],
    [14, 88, 3],
    [15, 175, 12],
    [26, 59, 13],
    [11, 98, 9],
    [8, 91, 12],
    [97, 262, 31],
    [8, 16, 1],
    [4, 12, 3],
    [12, 26, 1],
    [18, 80, 4],
    [2, 29, 1],
    [21, 113, 11],
    [12, 51, 1],
    [14, 46, 7],
    [454, 905, 141],
    [143, 266, 42],
    [21, 167, 14],
    [13, 55, 5],
    [87, 122, 19],
    [325, 554, 147],
    [1, 45, 14],
    [21, 174, 9],
    [2, 53, 0],
    [16, 175, 17],
    [18, 124, 8],
    [5, 77, 9],
    [9, 49, 6],
    [11, 143, 4],
    [4, 55, 1],
    [6, 12, 2],
    [32, 93, 13],
    [33, 103, 16],
    [5, 64, 13],
    [4, 51, 6],
    [16, 55, 6],
    [48, 247, 27],
    [23, 70, 19],
    [44, 135, 7],
    [7, 30, 2],
    [44, 95, 14],
    [14, 30, 7],
    [13, 130, 9],
    [22, 154, 8],
    [13, 79, 9],
    [32, 209, 21],
    [12, 115, 3],
    [35, 123, 20],
    [38, 52, 13],
    [8, 21, 4],
    [24, 79, 3],
    [10, 57, 5],
    [11, 44, 4],
    [8, 51, 0],
    [243, 454, 69],
    [6, 47, 13],
    [8, 97, 7],
    [258, 744, 58],
    [90, 272, 19],
    [21, 104, 6],
    [29, 189, 12],
    [14, 97, 4],
    [68, 325, 27],
    [174, 620, 67],
    [22, 179, 9],
    [20, 136, 11],
    [30, 130, 11],
    [9, 62, 2],
    [39, 96, 15],
    [29, 37, 9],
    [45, 164, 11],
    [9, 63, 2],
    [17, 86, 9],
    [185, 238, 42],
    [350, 604, 86],
    [139, 224, 37],
    [284, 520, 65],
    [9, 42, 2],
    [16, 62, 15],
    [1, 25, 0],
    [264, 485, 100],
    [172, 282, 56],
    [278, 481, 95],
    [350, 721, 132],
    [457, 883, 215],
    [40, 228, 15],
    [8, 110, 4],
    [63, 94, 19],
    [181, 372, 54],
    [92, 184, 28],
    [132, 343, 56],
    [30, 136, 7],
    [124, 309, 48],
    [41, 198, 19],
    [19, 40, 6],
    [12, 78, 9],
    [33, 185, 12],
    [8, 39, 3],
    [22, 163, 10],
    [21, 42, 10],
    [101, 297, 42],
    [15, 55, 6],
    [15, 26, 2],
    [36, 42, 7],
    [33, 96, 6],
    [20, 64, 2],
    [17, 117, 7],
    [6, 36, 5],
    [11, 77, 7],
    [13, 103, 4],
    [4, 1, 0],
    [84, 199, 42],
    [376, 1046, 147],
    [66, 197, 34],
    [530, 1070, 158],
    [52, 132, 18]
  ],
  "W": [
    [2, 17, 104, 5, 5],
    [3, 10, 73, 8, 11],
    [2, 20, 161, 5, 14],
    [1, 29, 48, 8, 12],
    [2, 16, 82, 10, 8],
    [6, 6, 84, 8, 7],
    [22, 85, 220, 28, 35],
    [2, 10, 13, 0, 0],
    [1, 5, 13, 0, 0],
    [1, 10, 21, 2, 5],
    [2, 22, 71, 5, 2],
    [1, 1, 24, 0, 6],
    [7, 19, 95, 11, 13],
    [5, 7, 46, 2, 4],
    [2, 12, 35, 9, 9],
    [48, 459, 765, 124, 104],
    [16, 161, 211, 29, 34],
    [4, 17, 159, 8, 14],
    [3, 10, 53, 0, 7],
    [11, 78, 89, 35, 15],
    [39, 314, 463, 111, 99],
    [1, 11, 39, 5, 4],
    [1, 27, 146, 15, 15],
    [0, 2, 49, 1, 3],
    [4, 23, 151, 17, 13],
    [5, 23, 112, 2, 8],
    [0, 9, 71, 1, 10],
    [3, 6, 42, 7, 6],
    [2, 13, 137, 3, 3],
    [1, 2, 44, 7, 6],
    [1, 3, 9, 4, 3],
    [11, 23, 84, 9, 11],
    [6, 30, 99, 8, 9],
    [2, 9, 55, 8, 8],
    [0, 6, 45, 5, 5],
    [4, 14, 52, 5, 2],
    [7, 62, 207, 24, 22],
    [7, 20, 63, 14, 8],
    [4, 45, 113, 11, 13],
    [2, 5, 28, 2, 2],
    [12, 34, 85, 14, 8],
    [8, 13, 23, 0, 7],
    [3, 13, 117, 12, 7],
    [5, 24, 135, 12, 8],
    [6, 10, 66, 7, 12],
    [8, 28, 192, 9, 25],
    [2, 17, 100, 7, 4],
    [3, 37, 111, 11, 16],
    [6, 26, 49, 11, 11],
    [0, 9, 21, 0, 3],
    [9, 23, 68, 6, 0],
    [2, 10, 54, 3, 3],
    [3, 7, 34, 8, 7],
    [1, 10, 45, 3, 0],
    [30, 240, 353, 79, 64],
    [0, 7, 47, 3, 9],
    [3, 11, 86, 6, 6],
    [19, 259, 623, 87, 72],
    [4, 103, 213, 32, 29],
    [5, 21, 88, 5, 12],
    [8, 31, 166, 12, 13],
    [4, 15, 88, 2, 6],
    [8, 68, 283, 25, 36],
    [35, 176, 504, 75, 71],
    [5, 19, 167, 9, 10],
    [6, 21, 127, 10, 3],
    [8, 21, 117, 14, 11],
    [3, 10, 55, 2, 3],
    [6, 35, 87, 12, 10],
    [11, 19, 29, 11, 5],
    [2, 44, 144, 11, 19],
    [0, 12, 58, 2, 2],
    [2, 19, 69, 9, 13],
    [9, 202, 177, 42, 35],
    [22, 335, 466, 147, 70],
    [5, 148, 188, 28, 31],
    [13, 292, 441, 58, 65],
    [3, 10, 34, 3, 3],
    [3, 16, 61, 4, 9],
    [0, 2, 21, 0, 3],
    [18, 257, 394, 111, 69],
    [11, 182, 221, 46, 50],
    [13, 290, 385, 99, 67],
    [31, 367, 595, 102, 108],
    [28, 475, 749, 159, 144],
    [6, 43, 194, 17, 23],
    [1, 9, 102, 7, 3],
    [4, 63, 72, 17, 20],
    [12, 191, 307, 48, 49],
    [9, 101, 137, 30, 27],
    [9, 162, 269, 45, 46],
    [10, 25, 117, 14, 7],
    [24, 115, 270, 31, 41],
    [3, 43, 173, 21, 18],
    [7, 14, 38, 5, 1],
    [2, 12, 72, 4, 9],
    [7, 34, 162, 14, 13],
    [2, 7, 36, 2, 3],
    [1, 25, 151, 5, 13],
    [2, 18, 36, 12, 5],
    [19, 97, 254, 39, 31],
    [4, 15, 48, 2, 7],
    [2, 12, 21, 3, 5],
    [17, 19, 36, 8, 5],
    [13, 36, 77, 2, 7],
    [4, 19, 56, 5, 2],
    [6, 13, 113, 3, 6],
    [0, 10, 28, 6, 3],
    [6, 9, 73, 1, 6],
    [7, 13, 83, 6, 11],
    [0, 3, 1, 0, 1],
    [6, 85, 190, 27, 17],
    [48, 374, 857, 153, 137],
    [14, 65, 164, 19, 35],
    [85, 528, 917, 104, 124],
    [23, 38, 116, 6, 19]
  ],
  "method": "mvn_pdf",
  "cond_prob": [
    [
      [0.50340133761, 0.40810334616, 0.088495316238],
      [0.69812535962, 0.1740313802, 0.12784326017],
      [0.00037208916105, 0.97494615873, 0.024681752104],
      [0.1752161304, 0.46383558511, 0.36094828449],
      [0.053081941779, 0.53946666823, 0.40745138999]
    ],
    [
      [0.62069551675, 0.35260195453, 0.026702528717],
      [0.81975681831, 0.14365307018, 0.03659011151],
      [0.00052962058417, 0.99064617525, 0.0088242041707],
      [0.29871416683, 0.55488701562, 0.14639881756],
      [0.098659533806, 0.71859884215, 0.18274162405]
    ],
    [
      [0.41574578998, 0.5065645829, 0.077689627122],
      [0.63649471056, 0.23965677436, 0.12384851507],
      [0.00026044814473, 0.98177882089, 0.017960730963],
      [0.14197939229, 0.55598241519, 0.30203819252],
      [0.042113367198, 0.62764399129, 0.33024264151]
    ],
    [
      [0.6218089249, 0.29747045006, 0.080720625042],
      [0.77624710912, 0.11696479151, 0.10678809937],
      [0.00064243097956, 0.96858577929, 0.030771789728],
      [0.2496962625, 0.3812166493, 0.3690870882],
      [0.08099531021, 0.47351374449, 0.4454909453]
    ],
    [
      [0.32836029012, 0.59806060071, 0.073579109169],
      [0.55877746174, 0.3110984048, 0.13012413347],
      [0.00017649088718, 0.98545846445, 0.014365044658],
      [0.10656545339, 0.62151355175, 0.27192099487],
      [0.0308359742, 0.68122737001, 0.28793665579]
    ],
    [
      [0.4645993751, 0.40281429435, 0.13258633054],
      [0.6391758601, 0.17067747222, 0.19014666769],
      [0.00034604413965, 0.96250292201, 0.037151033849],
      [0.13817382312, 0.39229056443, 0.46953561245],
      [0.04090171451, 0.44271220559, 0.5163860799]
    ],
    [
      [0.66410039603, 0.28439046081, 0.051509143164],
      [0.81945523093, 0.11259068172, 0.067954087353],
      [0.00077726227314, 0.97778926542, 0.021433472304],
      [0.31525205898, 0.41862516501, 0.26612277601],
      [0.10977717791, 0.55060093302, 0.33962188907]
    ],
    [
      [0.45933511087, 0.50472044431, 0.035944444822],
      [0.72381888329, 0.21823909699, 0.057942019727],
      [0.00023438020563, 0.99286602144, 0.0068995983576],
      [0.1735111516, 0.65982109095, 0.16666775745],
      [0.050666134845, 0.77118416926, 0.17814969589]
    ],
    [
      [0.47388477871, 0.092104828137, 0.43401039315],
      [0.48137226451, 0.02916450367, 0.48946323182],
      [0.00057740866584, 0.76482297484, 0.23459961649],
      [0.02772602241, 0.020130871242, 0.95214310635],
      [0.0058176417385, 0.013640426156, 0.98054193211]
    ],
    [
      [0.79460398866, 0.18881682049, 0.016579190854],
      [0.91419786096, 0.066241267801, 0.019560871236],
      [0.0010291654769, 0.98956692455, 0.0094039099706],
      [0.47871352689, 0.40118904974, 0.12009742337],
      [0.1809186974, 0.63681517153, 0.18226613107]
    ],
    [
      [0.48543108271, 0.46831084919, 0.046258068104],
      [0.71697398254, 0.21171148874, 0.071314528727],
      [0.00031999714467, 0.98837194131, 0.011308061541],
      [0.19204823256, 0.5989893898, 0.20896237764],
      [0.058604774357, 0.70478734287, 0.23660788278]
    ],
    [
      [0.60963839538, 0.36561036927, 0.024751235351],
      [0.84690441123, 0.12449334032, 0.028602248442],
      [0.00028625256006, 0.9924565515, 0.0072571959413],
      [0.22656648169, 0.62870811145, 0.14472540686],
      [0.060853352966, 0.77049616928, 0.16865047775]
    ],
    [
      [0.53411342736, 0.40586393587, 0.060022636779],
      [0.73696725681, 0.17570581012, 0.087326933063],
      [0.000419422472, 0.98229516899, 0.01728540854],
      [0.21371839636, 0.51633069573, 0.26995090791],
      [0.067123566314, 0.61920063188, 0.3136758018]
    ],
    [
      [0.77659866019, 0.20592856316, 0.017472776651],
      [0.9054004239, 0.07365039219, 0.020949183908],
      [0.00098377605285, 0.98954252237, 0.0094737015753],
      [0.45841594868, 0.41874416589, 0.12283988542],
      [0.17160769698, 0.64553184417, 0.18286045884]
    ],
    [
      [0.61975265359, 0.32812825655, 0.052119089856],
      [0.7987205901, 0.13101762666, 0.070261783246],
      [0.00056248482636, 0.98136136844, 0.018076146738],
      [0.27001415432, 0.46698308006, 0.26300276562],
      [0.087791036975, 0.5903421974, 0.32186676563]
    ],
    [
      [0.66524245135, 0.27213635836, 0.062621190289],
      [0.81111556424, 0.10701040508, 0.081874030678],
      [0.00082601183086, 0.97188394736, 0.027290040809],
      [0.30574144005, 0.38448928738, 0.30976927257],
      [0.10620894181, 0.50162517858, 0.39216587961]
    ],
    [
      [0.59286091206, 0.34129027111, 0.065848816827],
      [0.76700021792, 0.14179853438, 0.091201247698],
      [0.00058265934047, 0.97658170565, 0.022835635007],
      [0.2511065042, 0.446473252, 0.3024202438],
      [0.082673531687, 0.55355384106, 0.36377262726]
    ],
    [
      [0.6896200926, 0.25207771267, 0.058302194735],
      [0.83022359082, 0.095722991557, 0.074053417624],
      [0.00083027542138, 0.97247284529, 0.026696879292],
      [0.31781134071, 0.37522694536, 0.30696171393],
      [0.10879742178, 0.49659952027, 0.39460305795]
    ],
    [
      [0.82568042198, 0.13879591174, 0.03552366628],
      [0.91105510375, 0.047958254097, 0.040986642155],
      [0.0014691277727, 0.97072042917, 0.027810443056],
      [0.47004488344, 0.27642518278, 0.25352993378],
      [0.17904785494, 0.43273092775, 0.3882212173]
    ],
    [
      [0.68707095348, 0.26982390133, 0.043105145198],
      [0.83830068038, 0.10547940861, 0.056219911006],
      [0.00084323194961, 0.98031896279, 0.018837805259],
      [0.34431474713, 0.42013746362, 0.23554778925],
      [0.12300497641, 0.56811999698, 0.30887502661]
    ],
    [
      [0.68017398983, 0.23441123818, 0.085414771984],
      [0.80270888322, 0.089202628432, 0.10808848835],
      [0.00096269360004, 0.95655203186, 0.042485274541],
      [0.29286971052, 0.31053621532, 0.39659407416],
      [0.10078445592, 0.40149722797, 0.49771831611]
    ],
    [
      [0.082564522169, 0.48592152581, 0.43151395202],
      [0.12423294688, 0.21052479598, 0.66524225714],
      [5.2944866331e-05, 0.90693698934, 0.09301006579],
      [0.011433061963, 0.21654922544, 0.7720177126],
      [0.0033098781264, 0.22034794945, 0.77634217243]
    ],
    [
      [0.38640893537, 0.56716610551, 0.046424959114],
      [0.63116968244, 0.28918938548, 0.07964093208],
      [0.00022399471504, 0.99005029375, 0.0097257115313],
      [0.14357121984, 0.66534181293, 0.19108696723],
      [0.042594187608, 0.74944090191, 0.20796491049]
    ],
    [
      [0.48391607643, 0.49288973123, 0.023194192344],
      [0.79567732492, 0.17587131355, 0.028451361529],
      [0.00017624762151, 0.99476516197, 0.0050585904134],
      [0.15206652021, 0.73322184252, 0.11471163727],
      [0.03907250909, 0.83816695139, 0.12276053952]
    ],
    [
      [0.33304935892, 0.57885676954, 0.088093871542],
      [0.5489363868, 0.29823028154, 0.15283333166],
      [0.00018921309163, 0.98187202797, 0.017938758942],
      [0.10606364744, 0.58090468077, 0.31303167179],
      [0.030829697985, 0.63677725927, 0.33239304274]
    ],
    [
      [0.42154377004, 0.50883251893, 0.069623711021],
      [0.64722895627, 0.24107257484, 0.11169846889],
      [0.00026266985745, 0.98382249313, 0.015914837013],
      [0.14807789642, 0.57297385195, 0.27894825163],
      [0.044076297004, 0.64984471079, 0.3060789922]
    ],
    [
      [0.31575625632, 0.54756787611, 0.13667586757],
      [0.51821034744, 0.25945784881, 0.22233180375],
      [0.00016972235159, 0.9716568396, 0.028173438047],
      [0.080684734265, 0.48105243605, 0.43826282968],
      [0.0231030673, 0.51831827406, 0.45857865864]
    ],
    [
      [0.62812750915, 0.312840948, 0.059031542847],
      [0.80014935264, 0.12196290051, 0.077887746853],
      [0.0005656372106, 0.97829847739, 0.0211358854],
      [0.2629333608, 0.43969291842, 0.29737372078],
      [0.084080049561, 0.55292941745, 0.36299053299]
    ],
    [
      [0.47503866014, 0.47497899006, 0.0499823498],
      [0.71077727378, 0.21317143272, 0.076051293494],
      [0.00029712762325, 0.98752441861, 0.012178453762],
      [0.1794329112, 0.59813616957, 0.22243091922],
      [0.053708626982, 0.69641421639, 0.24987715663]
    ],
    [
      [0.46270899303, 0.51114813586, 0.026142871117],
      [0.72883283548, 0.2308097555, 0.040357409025],
      [0.00025344085915, 0.99388254645, 0.0058640126949],
      [0.1824453926, 0.69489686579, 0.12265774161],
      [0.053192449778, 0.81043648918, 0.13637106105]
    ],
    [
      [0.83761323621, 0.13944377396, 0.022942989829],
      [0.92725156324, 0.046937556829, 0.025810879933],
      [0.0011791688335, 0.9824715741, 0.016349257071],
      [0.49683880182, 0.31923856725, 0.18392263093],
      [0.1843065405, 0.52353924071, 0.29215421879]
    ],
    [
      [0.72527544448, 0.21470481885, 0.06001973667],
      [0.84588820603, 0.07964818794, 0.074463606027],
      [0.0010432498671, 0.96702723409, 0.031929516038],
      [0.34754882707, 0.32713059449, 0.32532057845],
      [0.12333585233, 0.44541599469, 0.43124815298]
    ],
    [
      [0.71873042514, 0.19703172651, 0.084237848343],
      [0.82498050941, 0.072006167864, 0.10301332273],
      [0.0011010701628, 0.95112075448, 0.047778175361],
      [0.31164572857, 0.2720503592, 0.41630391223],
      [0.10708611739, 0.35826570057, 0.53464818203]
    ],
    [
      [0.28996542415, 0.52592989475, 0.1841046811],
      [0.4539274444, 0.2483496561, 0.2977228995],
      [0.0001699269118, 0.96050308349, 0.039326989593],
      [0.068848892748, 0.40711944877, 0.52403165848],
      [0.019674976945, 0.43498726312, 0.54533775993]
    ],
    [
      [0.35762288773, 0.54053665662, 0.10184045566],
      [0.58326379388, 0.25215598633, 0.16458021979],
      [0.00018992000072, 0.97880688183, 0.021003198166],
      [0.10200220795, 0.53191880177, 0.36607899028],
      [0.029303151822, 0.58264593073, 0.38805091744]
    ],
    [
      [0.69766809434, 0.23552923072, 0.066802674939],
      [0.82911498274, 0.087264209819, 0.083620807445],
      [0.0008340251901, 0.96821106295, 0.030954911861],
      [0.30645924261, 0.34131034853, 0.35223040887],
      [0.10260128732, 0.44685909862, 0.45053961406]
    ],
    [
      [0.42635654168, 0.4967533193, 0.076890139021],
      [0.63989762039, 0.23722775672, 0.12287462289],
      [0.00028658156806, 0.98136169559, 0.018351722845],
      [0.15157247566, 0.54920966247, 0.29921786187],
      [0.045713220186, 0.62446932249, 0.32981745732]
    ],
    [
      [0.60813785791, 0.25030547365, 0.14155666844],
      [0.72548135206, 0.094680315196, 0.17983833274],
      [0.00072920736961, 0.93703686699, 0.062233925636],
      [0.20064325189, 0.2624633306, 0.53689341751],
      [0.062780928407, 0.31256434454, 0.62465472705]
    ],
    [
      [0.61825296888, 0.34832721902, 0.033419812101],
      [0.80920340788, 0.14438615836, 0.046410433758],
      [0.00057644824084, 0.9881160465, 0.011307505256],
      [0.29678025491, 0.52646007724, 0.17675966785],
      [0.1002539132, 0.67921813767, 0.22052794913]
    ],
    [
      [0.77551111645, 0.19297413692, 0.031514746632],
      [0.89639453994, 0.066787039141, 0.036818420919],
      [0.00086296199151, 0.98238585072, 0.016751187292],
      [0.40302386893, 0.37678854051, 0.22018759056],
      [0.13763330891, 0.54965355579, 0.3127131353]
    ],
    [
      [0.73369515096, 0.20856765969, 0.057737189351],
      [0.85129781532, 0.07724074493, 0.071461439745],
      [0.0011065750656, 0.9671901029, 0.031703322032],
      [0.36033975205, 0.32270101755, 0.3169592304],
      [0.13009951141, 0.44482447224, 0.42507601635]
    ],
    [
      [0.54759563072, 0.34405200429, 0.10835236499],
      [0.71304625321, 0.1383380358, 0.14861571099],
      [0.00046679614099, 0.96499076569, 0.034542438168],
      [0.18340549139, 0.37531816241, 0.44127634621],
      [0.055886130259, 0.43871040651, 0.50540346323]
    ],
    [
      [0.47585248196, 0.46025192881, 0.063895589234],
      [0.69481372045, 0.20783932932, 0.097346950229],
      [0.00032415234255, 0.98350001639, 0.016175831264],
      [0.17711246308, 0.55171157856, 0.27117595836],
      [0.053768174798, 0.64121299782, 0.30501882738]
    ],
    [
      [0.4622204152, 0.48846448754, 0.049315097261],
      [0.69330975189, 0.22889426449, 0.077795983612],
      [0.00030609013192, 0.98779827926, 0.011895630608],
      [0.18045468946, 0.60470589918, 0.21483941135],
      [0.055067576946, 0.70336732622, 0.24156509684]
    ],
    [
      [0.54703027239, 0.38796831983, 0.065001407776],
      [0.74394563995, 0.16364343608, 0.092410923963],
      [0.00043252393455, 0.98021387303, 0.019353603036],
      [0.21419133359, 0.49232474513, 0.29348392127],
      [0.06684158207, 0.59133486284, 0.34182355509]
    ],
    [
      [0.63377167906, 0.29938251642, 0.066845804513],
      [0.79245366403, 0.11886962094, 0.088676715029],
      [0.00067452927367, 0.97324859921, 0.026076871515],
      [0.27242890704, 0.40697648779, 0.32059460518],
      [0.090470336103, 0.51537035003, 0.39415931387]
    ],
    [
      [0.30365059539, 0.65779872298, 0.038550681624],
      [0.56092556974, 0.36587492197, 0.07319950829],
      [0.0001485276591, 0.99296310249, 0.0068883698552],
      [0.10630725583, 0.74131034203, 0.15238240214],
      [0.0304448454, 0.80982839117, 0.15972676343]
    ],
    [
      [0.63546882823, 0.27814910888, 0.086382062895],
      [0.77906568502, 0.10830517254, 0.11262914244],
      [0.0007170762272, 0.96370831994, 0.035574603828],
      [0.25588178608, 0.35395379975, 0.39016441416],
      [0.08393166677, 0.44224364451, 0.47382468872]
    ],
    [
      [0.85370553325, 0.10273070033, 0.043563766419],
      [0.91477777654, 0.035345446641, 0.049876776814],
      [0.0024475971944, 0.95057085937, 0.046981543438],
      [0.50864423643, 0.19579313603, 0.29556262754],
      [0.21338082693, 0.31802780041, 0.46859137266]
    ],
    [
      [0.77991859897, 0.13624747354, 0.083833927484],
      [0.85768898868, 0.046243240703, 0.096067770614],
      [0.0010826997648, 0.94302968257, 0.055887617666],
      [0.30392915585, 0.20336359301, 0.49270725114],
      [0.094359006742, 0.26345774393, 0.64218324933]
    ],
    [
      [0.53921574037, 0.42407384265, 0.036710416979],
      [0.7596268713, 0.18582754962, 0.054545579075],
      [0.00040134781858, 0.98961147533, 0.0099871768488],
      [0.23397445383, 0.5871458616, 0.17887968457],
      [0.074173159457, 0.71574640903, 0.21008043152]
    ],
    [
      [0.62791557051, 0.30220104826, 0.069883381231],
      [0.79321831993, 0.1157192397, 0.091062440371],
      [0.00055809234279, 0.97424344239, 0.025198465268],
      [0.24786667299, 0.40835825052, 0.34377507649],
      [0.077806721771, 0.50680596433, 0.41538731389]
    ],
    [
      [0.64780627941, 0.31678370647, 0.035410014124],
      [0.82870592049, 0.12434611761, 0.046947961896],
      [0.00058932831722, 0.98671160815, 0.012699063528],
      [0.30641448434, 0.49790907265, 0.19567644301],
      [0.10150507833, 0.65141975098, 0.24707517069]
    ],
    [
      [0.37356835283, 0.60455337462, 0.021878272552],
      [0.66227692287, 0.2995486121, 0.03817446503],
      [0.00017693374302, 0.99578881327, 0.0040342529877],
      [0.13845812624, 0.76769549793, 0.093846375822],
      [0.039063026694, 0.8626638038, 0.098273169503]
    ],
    [
      [0.64320690725, 0.30306452258, 0.053728570177],
      [0.80564374849, 0.122244099, 0.072112152509],
      [0.00071834321547, 0.97816816718, 0.021113489607],
      [0.2982917543, 0.43289483153, 0.26881341416],
      [0.10261356557, 0.56000585156, 0.33738058287]
    ],
    [
      [0.5615435126, 0.21637007784, 0.22208640956],
      [0.65358067902, 0.077382681554, 0.26903663943],
      [0.00061848499502, 0.89622366944, 0.10315784557],
      [0.13014317041, 0.17858972177, 0.69126710782],
      [0.03739890285, 0.19951117499, 0.76308992216]
    ],
    [
      [0.32696755591, 0.59524507404, 0.07778737005],
      [0.55854541581, 0.30525970492, 0.13619487927],
      [0.00017256380322, 0.98468498559, 0.015142450602],
      [0.10299411449, 0.61108638136, 0.28591950415],
      [0.029684550721, 0.66830573536, 0.30200971392]
    ],
    [
      [0.63291339218, 0.32622525631, 0.040861351508],
      [0.8096244411, 0.13438014355, 0.055995415347],
      [0.00066134834847, 0.98431274755, 0.0150259041],
      [0.30458517732, 0.48350276808, 0.2119120546],
      [0.10517662014, 0.62789681184, 0.26692656801]
    ],
    [
      [0.52529810663, 0.43482934798, 0.039872545394],
      [0.7430927787, 0.19669901255, 0.060208208758],
      [0.00040805340433, 0.98861416287, 0.010977783727],
      [0.22784614868, 0.58454357432, 0.187610277],
      [0.073021938768, 0.70713966801, 0.21983839323]
    ],
    [
      [0.5467968247, 0.41164107946, 0.041562095836],
      [0.76098503566, 0.1783733631, 0.060641601234],
      [0.00041792446989, 0.98777800169, 0.011804073838],
      [0.23421165347, 0.56517709389, 0.20061125264],
      [0.074248638003, 0.68932142192, 0.23642994007]
    ],
    [
      [0.48208863016, 0.46197926529, 0.055932104553],
      [0.70191743662, 0.21197352576, 0.086109037619],
      [0.00034112591513, 0.985352915, 0.014305959081],
      [0.18854015914, 0.56891179824, 0.24254804262],
      [0.058168390031, 0.66662979841, 0.27520181156]
    ],
    [
      [0.51192439813, 0.44276620253, 0.04530939934],
      [0.73808752835, 0.19444985285, 0.067462618801],
      [0.00034940815487, 0.98784549302, 0.011805098824],
      [0.20563053401, 0.58341560278, 0.21095386321],
      [0.063075697594, 0.69461745714, 0.24230684527]
    ],
    [
      [0.59720064145, 0.35153237687, 0.051266981683],
      [0.78139219196, 0.14707192914, 0.071535878901],
      [0.00056543469001, 0.98210081038, 0.01733375493],
      [0.26542435308, 0.48599454063, 0.24858110628],
      [0.088036250621, 0.60961479605, 0.30234895333]
    ],
    [
      [0.54967613853, 0.39265104082, 0.057672820649],
      [0.74507842776, 0.17121569723, 0.083705875011],
      [0.00047580600679, 0.98195120179, 0.017572992201],
      [0.23075218077, 0.50793517341, 0.26131264583],
      [0.074588269091, 0.6173328156, 0.30807891531]
    ],
    [
      [0.62453536492, 0.32986650152, 0.045598133553],
      [0.80477986271, 0.13341851585, 0.061801621439],
      [0.0005906035524, 0.98323940522, 0.016169991228],
      [0.28416162635, 0.48152931446, 0.23430905919],
      [0.094270112529, 0.61553198086, 0.29019790661]
    ],
    [
      [0.51564543086, 0.40086643477, 0.083488134371],
      [0.70730614067, 0.17195424314, 0.12073961619],
      [0.00040375027591, 0.97559698946, 0.023999260261],
      [0.18776398057, 0.46589426618, 0.34634175324],
      [0.057835804867, 0.54726538983, 0.3948988053]
    ],
    [
      [0.70997489189, 0.24679831754, 0.043226790565],
      [0.85117476239, 0.093862067305, 0.054963170304],
      [0.00090225451417, 0.97873305988, 0.020364685606],
      [0.35869510838, 0.39654159752, 0.2447632941],
      [0.12830716478, 0.54515474343, 0.32653809179]
    ],
    [
      [0.44439582826, 0.51609306521, 0.03951110653],
      [0.69929792542, 0.23798571717, 0.062716357416],
      [0.00025084040473, 0.99107846227, 0.0086706973255],
      [0.16765142462, 0.6554084198, 0.17694015558],
      [0.049343324044, 0.75553634215, 0.1951203338]
    ],
    [
      [0.7179056213, 0.21708307551, 0.065011303188],
      [0.83836242774, 0.080748132544, 0.080889439719],
      [0.0010288180119, 0.96484729638, 0.034123885606],
      [0.33629067775, 0.32164139358, 0.34206792868],
      [0.11847207516, 0.43330019382, 0.44822773102]
    ],
    [
      [0.73943525517, 0.20246455815, 0.058100186672],
      [0.85422819021, 0.074298589935, 0.071473219857],
      [0.0011105318695, 0.96666943245, 0.032220035682],
      [0.36102583389, 0.31484254604, 0.32413162006],
      [0.12948995932, 0.43426841441, 0.43624162627]
    ],
    [
      [0.68591100764, 0.27780264781, 0.036286344554],
      [0.8439598054, 0.10862473522, 0.047415459379],
      [0.00079402351191, 0.98385235506, 0.015353621433],
      [0.34937405976, 0.44630517983, 0.20432076041],
      [0.12417670496, 0.60677015648, 0.26905313856]
    ],
    [
      [0.45301051175, 0.50550480786, 0.041484680394],
      [0.70814570862, 0.22723300018, 0.064621291201],
      [0.00025105116647, 0.9906165755, 0.0091323733293],
      [0.16838343432, 0.64544375453, 0.18617281115],
      [0.049251447719, 0.74563559405, 0.20511295823]
    ],
    [
      [0.4901837369, 0.45213102994, 0.057685233154],
      [0.70944849495, 0.20310389782, 0.087447607232],
      [0.00034197432754, 0.98479407571, 0.014863949966],
      [0.18911669313, 0.55896533881, 0.25191796807],
      [0.057983848302, 0.65607441445, 0.28594173725]
    ],
    [
      [0.64558016731, 0.30062111578, 0.053798716909],
      [0.80710805188, 0.12084868358, 0.072043264538],
      [0.00072246000468, 0.97805320866, 0.021224331336],
      [0.29953077587, 0.43041170693, 0.2700575172],
      [0.10304614414, 0.55758319472, 0.33937066114]
    ],
    [
      [0.67214229733, 0.28201665241, 0.045841050266],
      [0.82757055338, 0.1119248213, 0.060504625319],
      [0.00081035859323, 0.97977213079, 0.019417510613],
      [0.33056412159, 0.42669095142, 0.24274492699],
      [0.1172556355, 0.56880835133, 0.31393601318]
    ],
    [
      [0.68938269857, 0.2528737134, 0.057743588029],
      [0.82813582221, 0.09760296969, 0.074261208104],
      [0.00090459204301, 0.97225976354, 0.026835644421],
      [0.32839355986, 0.37275337494, 0.2988530652],
      [0.11608921245, 0.49713053759, 0.38678024996]
    ],
    [
      [0.69809662325, 0.25407806148, 0.047825315273],
      [0.83986365714, 0.098473886626, 0.061662456235],
      [0.00092764125176, 0.97669848756, 0.022373871193],
      [0.34961677201, 0.39199546587, 0.25838776212],
      [0.12633798106, 0.53287506975, 0.34078694919]
    ],
    [
      [0.42510846148, 0.53697115638, 0.037920382142],
      [0.68457826031, 0.25341197356, 0.06200976613],
      [0.00023331653705, 0.99182046646, 0.0079462170003],
      [0.15955774658, 0.67311581221, 0.16732644122],
      [0.046770529964, 0.77067104612, 0.18255842391]
    ],
    [
      [0.64137787045, 0.19756886681, 0.16105326275],
      [0.73333156877, 0.07124798454, 0.19542044669],
      [0.00088465920656, 0.91357515768, 0.085540183111],
      [0.19783035217, 0.20022624978, 0.60194339805],
      [0.060891070065, 0.23743970171, 0.70166922823]
    ],
    [
      [0.08990403321, 0.88532860465, 0.024767362141],
      [0.44067088774, 0.50548491504, 0.053844197224],
      [3.4324873517e-05, 0.99695770667, 0.0030079684594],
      [0.01959545979, 0.89769646954, 0.08270807067],
      [0.0065632568386, 0.91858890753, 0.074847835634]
    ],
    [
      [0.67581355057, 0.25820183966, 0.065984609769],
      [0.81448281194, 0.10027602846, 0.0852411596],
      [0.00087796515773, 0.96896440606, 0.030157628785],
      [0.30961888341, 0.36423406246, 0.32614705413],
      [0.10792456337, 0.47730961663, 0.41476582001]
    ],
    [
      [0.65277364077, 0.2833916491, 0.063834710127],
      [0.80361175284, 0.11221810366, 0.084170143503],
      [0.00077065654581, 0.97263682002, 0.026592523437],
      [0.29423202967, 0.3942532857, 0.31151468463],
      [0.10087580503, 0.50891943292, 0.39020476206]
    ],
    [
      [0.65592741675, 0.27855451847, 0.065518064775],
      [0.80392612697, 0.1100002793, 0.086073593733],
      [0.00079219152017, 0.97138321171, 0.02782459677],
      [0.29544375109, 0.38625124706, 0.31830500185],
      [0.10158329024, 0.49921223163, 0.39920447813]
    ],
    [
      [0.64160048154, 0.28771332545, 0.070686193003],
      [0.7919691275, 0.11448737764, 0.093543494858],
      [0.00075123738696, 0.97017876658, 0.029069996033],
      [0.28041000452, 0.38677156254, 0.33281843294],
      [0.095164358299, 0.49309044072, 0.41174520098]
    ],
    [
      [0.66159417556, 0.250705534, 0.087700290443],
      [0.79088669399, 0.096677930893, 0.11243537512],
      [0.0008795177934, 0.95820724539, 0.040913236815],
      [0.2784204661, 0.32428498184, 0.39729455206],
      [0.094579807645, 0.41362077945, 0.4917994129]
    ],
    [
      [0.50961649662, 0.44189795715, 0.048485546228],
      [0.72676990955, 0.19986210757, 0.073367982878],
      [0.00038152566329, 0.98657280869, 0.013045665648],
      [0.21012521595, 0.57030793044, 0.21956685361],
      [0.066103291122, 0.68025817097, 0.25363853791]
    ],
    [
      [0.43841156903, 0.51165168735, 0.049936743622],
      [0.6837471256, 0.23737566546, 0.078877208947],
      [0.00025548443987, 0.98848231347, 0.011262202092],
      [0.16039270377, 0.62441316702, 0.21519412922],
      [0.047339765574, 0.71527420351, 0.23738603091]
    ],
    [
      [0.68989354293, 0.25559721986, 0.054509237204],
      [0.83144723494, 0.098428436443, 0.070124328618],
      [0.00087458645637, 0.97429480092, 0.024830612621],
      [0.33027374124, 0.38245751311, 0.28726874565],
      [0.11623717571, 0.51118443124, 0.37257839304]
    ],
    [
      [0.64840455219, 0.29397111662, 0.05762433119],
      [0.8057893544, 0.11751626225, 0.076694383352],
      [0.00074126978402, 0.97601855637, 0.023240173844],
      [0.29758979971, 0.41633013999, 0.28608006029],
      [0.10226606453, 0.53863535398, 0.35909858149]
    ],
    [
      [0.57617973965, 0.3666716037, 0.057148656652],
      [0.76348811187, 0.15557373974, 0.080938148391],
      [0.0005255931959, 0.98100033853, 0.018474068277],
      [0.24683358494, 0.48679479495, 0.26637162011],
      [0.080707770801, 0.60061503572, 0.31867719348]
    ],
    [
      [0.51622401155, 0.40781110226, 0.075964886188],
      [0.70865223794, 0.17974511479, 0.11160264727],
      [0.00042645638348, 0.97745679557, 0.02211674805],
      [0.19872949258, 0.48454938052, 0.3167211269],
      [0.062546654376, 0.57368755898, 0.36376578665]
    ],
    [
      [0.58124470353, 0.3794602742, 0.039295022269],
      [0.78280074051, 0.16119592713, 0.056003332366],
      [0.00049444611862, 0.98732199601, 0.012183557875],
      [0.26224386206, 0.54099877475, 0.19675736319],
      [0.085774583807, 0.67625031581, 0.23797510038]
    ],
    [
      [0.67624908337, 0.25580655343, 0.067944363198],
      [0.81357671828, 0.098921137348, 0.087502144368],
      [0.00087505104778, 0.96796801144, 0.031156937509],
      [0.30649994491, 0.35874967004, 0.33475038505],
      [0.10625359364, 0.46893999514, 0.42480641122]
    ],
    [
      [0.57437333056, 0.36617375675, 0.05945291269],
      [0.76185072369, 0.15433257226, 0.083816704051],
      [0.00051232520544, 0.98036866109, 0.019119013705],
      [0.24154881902, 0.48274348659, 0.27570769438],
      [0.07821345597, 0.59329898514, 0.32848755889]
    ],
    [
      [0.74691070898, 0.18153028518, 0.071559005839],
      [0.84859039261, 0.065041517608, 0.086368089783],
      [0.0011504284811, 0.95675941138, 0.042090160141],
      [0.33880815916, 0.26876217174, 0.3924296691],
      [0.1171457846, 0.36199653612, 0.52085767928]
    ],
    [
      [0.60589019447, 0.31465034206, 0.079459463465],
      [0.77126838435, 0.12346884223, 0.10526277341],
      [0.00055309076828, 0.97103765543, 0.028409253805],
      [0.23285994912, 0.40229417734, 0.36484587355],
      [0.073224993182, 0.49247500473, 0.43430000209]
    ],
    [
      [0.52719588735, 0.42137833032, 0.051425782337],
      [0.73753586326, 0.18626566108, 0.076198475657],
      [0.00040836969059, 0.98518012369, 0.014411506615],
      [0.217662572, 0.54738591216, 0.23495151584],
      [0.06879187361, 0.6577908532, 0.27341727319]
    ],
    [
      [0.68329489854, 0.26998411097, 0.046720990495],
      [0.84216949184, 0.099314747759, 0.058515760401],
      [0.00062147879618, 0.98092416355, 0.018454357651],
      [0.30377093711, 0.42848483721, 0.26774422567],
      [0.097557524053, 0.56166542847, 0.34077704748]
    ],
    [
      [0.57526883047, 0.37020059188, 0.054530577643],
      [0.76897572469, 0.15456093105, 0.076463344261],
      [0.00048381530486, 0.98234251463, 0.017173670067],
      [0.24131211759, 0.49938585127, 0.25930203114],
      [0.077145508498, 0.61407604789, 0.30877844361]
    ],
    [
      [0.71922800105, 0.21031201709, 0.070459981859],
      [0.83594255745, 0.077173401795, 0.086884040759],
      [0.0010014018536, 0.96197788018, 0.037020717964],
      [0.32444522911, 0.30652425323, 0.36903051766],
      [0.11176632763, 0.40867517154, 0.47955850082]
    ],
    [
      [0.62304294575, 0.30796480827, 0.068992245979],
      [0.78302322141, 0.12422534081, 0.092751437779],
      [0.00067269611144, 0.97292573423, 0.026401569659],
      [0.26774348271, 0.40975570381, 0.32250081348],
      [0.089456106358, 0.51622504237, 0.39431885127]
    ],
    [
      [0.60423049108, 0.3330504535, 0.06271905542],
      [0.78228912204, 0.13289650248, 0.084814375481],
      [0.00053081934144, 0.97831858009, 0.021150600568],
      [0.24754985211, 0.44879352586, 0.30365662202],
      [0.0788531322, 0.55595932848, 0.36518753932]
    ],
    [
      [0.79794487026, 0.18018985179, 0.02186527795],
      [0.91030049633, 0.063724869751, 0.025974633921],
      [0.0011601988502, 0.98569211575, 0.013147685404],
      [0.47716726421, 0.36759636064, 0.15523637515],
      [0.18444913378, 0.57952618437, 0.23602468184]
    ],
    [
      [0.8077329995, 0.1525896926, 0.039677307904],
      [0.8987230859, 0.054214751053, 0.047062163044],
      [0.0016140907785, 0.96904564352, 0.029340265702],
      [0.4631294731, 0.27830138599, 0.25856914091],
      [0.1844828129, 0.42740122454, 0.38811596256]
    ],
    [
      [0.47449283447, 0.47990696584, 0.045600199689],
      [0.70457786241, 0.22366089473, 0.071761242869],
      [0.00032244723593, 0.98854391709, 0.011133635678],
      [0.19040884711, 0.6063238532, 0.20326729969],
      [0.058685426643, 0.71107214249, 0.23024243086]
    ],
    [
      [0.62869323493, 0.34232390111, 0.028982863959],
      [0.82205361197, 0.13828520884, 0.039661179188],
      [0.00055155741844, 0.98982578991, 0.0096226526747],
      [0.303319205, 0.5377338654, 0.15894692959],
      [0.10096454985, 0.70006954453, 0.19896590562]
    ],
    [
      [0.7106028642, 0.2409181486, 0.048478987201],
      [0.84927189007, 0.089996289019, 0.060731820916],
      [0.00085423567299, 0.97621275365, 0.022933010673],
      [0.34251367775, 0.38310208759, 0.27438423466],
      [0.1184096656, 0.51958769277, 0.36200264163]
    ],
    [
      [0.29995079958, 0.61940422681, 0.080644973607],
      [0.53545744988, 0.31882090158, 0.14572164854],
      [0.00014702676522, 0.9852778641, 0.014575109134],
      [0.090166383154, 0.61718493528, 0.29264868157],
      [0.025785484229, 0.66919855633, 0.30501595944]
    ],
    [
      [0.59840596353, 0.31701113051, 0.084582905959],
      [0.76371127854, 0.12419794073, 0.11209078074],
      [0.00053443492175, 0.96963480319, 0.029830761886],
      [0.2217842882, 0.39431142162, 0.38390429019],
      [0.068885089912, 0.47731738377, 0.45379752632]
    ],
    [
      [0.38448703205, 0.5767518475, 0.038761120449],
      [0.63915450458, 0.29399202752, 0.066853467897],
      [0.0002140778845, 0.99185561324, 0.0079303088797],
      [0.14407973703, 0.69251342888, 0.16340683409],
      [0.042447932456, 0.78023078971, 0.17732127783]
    ],
    [
      [0.99694690972, 0.0023387591932, 0.00071433109069],
      [0.99756824218, 0.0016465713031, 0.00078518651238],
      [0.0033232312757, 0.99026560824, 0.0064111604799],
      [0.95230054929, 0.033965443098, 0.013734007612],
      [0.65469428802, 0.25544475017, 0.089860961811]
    ],
    [
      [0.69952251184, 0.19701878371, 0.10345870444],
      [0.80077096507, 0.072429866021, 0.12679916891],
      [0.0011227632777, 0.93959688132, 0.0592803554],
      [0.28555746099, 0.25008559401, 0.464356945],
      [0.097204454922, 0.32175811021, 0.58103743487]
    ],
    [
      [0.61304271601, 0.32552246836, 0.061434815631],
      [0.78208237346, 0.13389462954, 0.084022997],
      [0.00063986688932, 0.97685205012, 0.022508082995],
      [0.26947415413, 0.43991318731, 0.29061265856],
      [0.090412973669, 0.55429707265, 0.35528995368]
    ],
    [
      [0.60725151963, 0.31486542331, 0.077883057058],
      [0.76752948196, 0.12735165756, 0.10511886048],
      [0.00063307250484, 0.97039772019, 0.028969207304],
      [0.24885034938, 0.40142056345, 0.34972908716],
      [0.081625570132, 0.49754594294, 0.42082848693]
    ],
    [
      [0.66514853251, 0.27069880528, 0.064152662206],
      [0.80990445363, 0.10632371955, 0.083771826812],
      [0.00083033279896, 0.97107547379, 0.028094193409],
      [0.30410130257, 0.38033187055, 0.31556682688],
      [0.10551722275, 0.49551613761, 0.39896663964]
    ],
    [
      [0.70117884219, 0.23727644253, 0.061544715281],
      [0.83207469596, 0.089992136678, 0.077933167362],
      [0.00094820412899, 0.96897565327, 0.030076142596],
      [0.32953591528, 0.34950555529, 0.32095852942],
      [0.11583160739, 0.46703824608, 0.41713014653]
    ]
  ],
  "expected_outcome": [
    [
      [1.0068026752, 1.8620865503, 0.83149157996, 0.6218089249, 0.65672058023, 2.7875962506, 14.6102087126, 0.91867022174, 0.47388477871, 0.79460398866, 0.97086216541, 0.60963839538, 3.7387939915, 3.8829933009, 1.2395053072, 31.9316376646, 9.4857745929, 2.7584803704, 2.4770412659, 7.5577804882, 26.5267856035, 0.082564522169, 0.38640893537, 0, 1.3321974357, 2.1077188502, 0, 1.8843825275, 0.95007732029, 0.46270899303, 0.83761323621, 7.9780298893, 4.3123825509, 0.57993084829, 0, 2.7906723774, 2.9844957917, 4.2569650053, 2.4730118755, 1.5510222329, 8.8043418116, 4.3807650458, 1.4275574459, 2.311102076, 3.2821816344, 5.0701734325, 0.60730119079, 1.9064064847, 5.1222331995, 0, 4.8529416633, 1.255831141, 1.9434188382, 0.37356835283, 19.2962072174, 0, 0.98090266773, 12.0253544514, 2.1011924265, 2.7339841235, 3.8567090413, 2.0476975925, 4.7776051316, 19.2386648485, 3.1226768246, 3.0938725852, 5.6797991351, 1.3331874848, 4.3074337278, 8.1337878069, 1.3718220153, 0, 0.98036747381, 5.8102215058, 14.7871305412, 3.4469134928, 9.0752561022, 1.2753253844, 1.9241336113, 0, 12.1646439102, 7.1805100485, 8.5270564178, 19.8896149279, 18.5246369157, 3.0576989797, 0.43841156903, 2.7595741717, 7.7808546263, 5.1856176568, 4.646016104, 5.8124470353, 16.2299780009, 1.7231199917, 5.2283749629, 1.2117803889, 3.6903712114, 1.3665897971, 0.57526883047, 1.4384560021, 11.8378159693, 2.4169219643, 1.5958897405, 13.7314609914, 6.1684068481, 2.5147729397, 4.2636171852, 0, 3.5904357812, 2.6914092243, 0, 4.1971350711, 29.4260503684, 8.5015212748, 56.5376252635, 16.1271133703],
