{
  "X": [
    [6, 4, 110, 127, 21],
    [28, 16, 346, 359, 31],
    [4, 10, 86, 143, 6],
    [11, 10, 87, 139, 15],
    [0, 0, 4, 13, 3],
    [56, 75, 837, 796, 93],
    [28, 144, 373, 1090, 113],
    [4, 2, 25, 45, 7],
    [12, 22, 140, 342, 22],
    [0, 2, 0, 6, 2],
    [0, 1, 3, 4, 4],
    [83, 165, 1067, 1719, 138],
    [46, 116, 737, 967, 75],
    [0, 3, 2, 28, 1],
    [6, 1, 25, 77, 7],
    [49, 55, 465, 1274, 137],
    [0, 1, 7, 4, 0],
    [4, 8, 67, 61, 11],
    [1, 1, 10, 9, 0],
    [7, 4, 63, 100, 11],
    [23, 29, 399, 388, 33],
    [0, 2, 2, 16, 5],
    [28, 41, 366, 563, 60],
    [10, 23, 205, 402, 30],
    [7, 0, 28, 22, 8],
    [6, 6, 67, 68, 6],
    [0, 4, 3, 7, 0],
    [0, 7, 20, 44, 7],
    [0, 0, 5, 17, 1],
    [1, 3, 13, 37, 8],
    [54, 36, 509, 406, 68],
    [0, 1, 12, 33, 1],
    [14, 25, 223, 567, 49],
    [66, 69, 1056, 1420, 109],
    [7, 17, 121, 172, 22],
    [103, 79, 1310, 1786, 125],
    [0, 1, 5, 4, 0],
    [4, 10, 38, 73, 11],
    [16, 3, 86, 114, 10],
    [17, 1, 123, 21, 9],
    [3, 9, 40, 49, 3],
    [3, 9, 20, 59, 4],
    [5, 13, 45, 126, 17],
    [14, 46, 108, 212, 20],
    [10, 23, 164, 215, 17],
    [13, 14, 94, 86, 15],
    [6, 22, 99, 157, 15],
    [2, 15, 38, 110, 13],
    [4, 12, 51, 82, 4],
    [13, 10, 119, 84, 12],
    [6, 1, 135, 53, 6],
    [14, 29, 170, 235, 21],
    [5, 2, 94, 55, 8],
    [15, 24, 130, 139, 29],
    [10, 22, 115, 193, 18],
    [0, 0, 0, 6, 0],
    [0, 4, 0, 9, 1],
    [6, 30, 102, 152, 24],
    [1, 2, 4, 18, 2],
    [4, 22, 135, 93, 14],
    [1, 3, 7, 13, 1],
    [16, 11, 79, 183, 21],
    [5, 6, 32, 79, 9],
    [2, 6, 28, 41, 3],
    [1, 0, 5, 1, 1],
    [4, 5, 25, 35, 3],
    [3, 2, 15, 31, 6],
    [6, 1, 19, 25, 7],
    [1, 3, 24, 32, 2],
    [13, 9, 112, 103, 13],
    [0, 2, 19, 4, 2],
    [1, 1, 3, 5, 1],
    [0, 0, 7, 10, 2],
    [3, 2, 8, 37, 3],
    [9, 10, 219, 154, 27],
    [0, 1, 2, 8, 0],
    [1, 0, 6, 10, 2],
    [8, 3, 29, 33, 10],
    [2, 1, 49, 81, 13],
    [14, 7, 78, 79, 16],
    [2, 1, 73, 43, 9],
    [12, 2, 79, 60, 1],
    [4, 3, 54, 18, 4],
    [27, 12, 227, 93, 16],
    [1, 1, 2, 6, 2],
    [0, 2, 2, 3, 0],
    [5, 6, 41, 40, 8],
    [17, 7, 165, 44, 10],
    [1, 1, 22, 15, 3],
    [10, 12, 83, 78, 7],
    [0, 0, 15, 22, 3],
    [0, 2, 1, 3, 0],
    [0, 3, 2, 14, 0],
    [0, 4, 16, 17, 4],
    [0, 2, 35, 31, 3],
    [0, 8, 6, 40, 1],
    [0, 2, 5, 23, 1],
    [3, 8, 69, 64, 6],
    [0, 1, 3, 3, 0],
    [8, 2, 47, 25, 2],
    [0, 1, 23, 47, 2],
    [4, 2, 61, 27, 8],
    [1, 1, 5, 19, 0],
    [1, 7, 18, 47, 5],
    [5, 12, 52, 52, 5],
    [2, 3, 5, 6, 1],
    [2, 1, 35, 24, 1],
    [1, 1, 14, 17, 1],
    [1, 2, 15, 7, 0],
    [7, 5, 89, 111, 17],
    [12, 3, 184, 63, 9],
    [5, 5, 77, 121, 18],
    [5, 1, 117, 77, 3],
    [6, 2, 33, 33, 4],
    [7, 8, 57, 95, 7],
    [10, 7, 100, 147, 10],
    [42, 14, 312, 331, 29],
    [0, 2, 16, 5, 2],
    [0, 2, 5, 9, 2],
    [9, 115, 154, 357, 49],
    [107, 262, 778, 1704, 259],
    [103, 175, 513, 910, 167],
    [0, 2, 5, 9, 1]
  ],
  "W": [
    [11, 3, 132, 97, 11, 14],
    [62, 22, 361, 266, 31, 38],
    [18, 27, 142, 54, 4, 4],
    [19, 10, 142, 69, 7, 15],
    [0, 0, 12, 5, 0, 3],
    [144, 81, 801, 681, 48, 102],
    [68, 118, 1114, 281, 40, 127],
    [6, 8, 42, 20, 0, 7],
    [33, 26, 334, 110, 17, 18],
    [0, 2, 6, 0, 0, 2],
    [1, 0, 5, 3, 0, 3],
    [214, 237, 1666, 807, 97, 151],
    [153, 138, 970, 540, 48, 92],
    [1, 1, 28, 3, 0, 1],
    [5, 2, 80, 23, 3, 3],
    [105, 53, 1199, 356, 114, 153],
    [0, 2, 2, 6, 2, 0],
    [15, 6, 63, 49, 3, 15],
    [3, 3, 7, 7, 0, 1],
    [14, 3, 95, 44, 10, 19],
    [95, 53, 371, 292, 29, 32],
    [1, 1, 15, 2, 0, 6],
    [75, 61, 513, 276, 60, 73],
    [53, 39, 371, 145, 26, 36],
    [7, 1, 30, 21, 1, 5],
    [11, 3, 70, 58, 2, 9],
    [0, 3, 9, 2, 0, 0],
    [1, 5, 47, 12, 5, 8],
    [0, 2, 15, 4, 1, 1],
    [3, 1, 35, 8, 10, 5],
    [113, 32, 424, 389, 42, 73],
    [2, 2, 29, 9, 4, 1],
    [42, 39, 543, 180, 24, 50],
    [233, 179, 1315, 790, 67, 136],
    [17, 18, 175, 89, 11, 29],
    [300, 182, 1691, 988, 93, 149],
    [1, 1, 3, 4, 0, 1],
    [6, 16, 66, 30, 5, 13],
    [22, 6, 107, 65, 12, 17],
    [32, 4, 19, 98, 2, 16],
    [14, 9, 50, 25, 2, 4],
    [8, 2, 65, 10, 6, 4],
    [7, 8, 128, 38, 8, 17],
    [20, 21, 228, 87, 18, 26],
    [35, 29, 215, 121, 6, 23],
    [22, 10, 94, 74, 5, 17],
    [23, 13, 173, 63, 8, 19],
    [8, 12, 113, 26, 8, 11],
    [12, 18, 66, 35, 10, 12],
    [35, 6, 87, 99, 3, 8],
    [30, 6, 50, 101, 7, 7],
    [52, 17, 253, 119, 13, 15],
    [16, 4, 52, 76, 11, 5],
    [28, 14, 162, 96, 24, 13],
    [32, 13, 205, 86, 13, 9],
    [0, 0, 6, 0, 0, 0],
    [0, 2, 11, 0, 1, 0],
    [19, 17, 167, 69, 14, 28],
    [2, 0, 21, 1, 2, 1],
    [27, 26, 93, 98, 4, 20],
    [2, 1, 14, 5, 1, 2],
    [13, 12, 185, 62, 19, 19],
    [11, 6, 69, 22, 11, 12],
    [1, 11, 30, 25, 6, 7],
    [1, 0, 1, 4, 1, 1],
    [1, 5, 34, 20, 3, 9],
    [5, 4, 30, 11, 4, 3],
    [9, 1, 23, 15, 3, 7],
    [4, 0, 33, 22, 2, 1],
    [33, 14, 104, 84, 4, 11],
    [1, 1, 4, 18, 1, 2],
    [1, 1, 5, 3, 1, 0],
    [1, 0, 7, 7, 3, 1],
    [6, 0, 38, 3, 2, 4],
    [42, 30, 135, 159, 20, 33],
    [1, 2, 6, 2, 0, 0],
    [1, 1, 9, 6, 2, 0],
    [10, 6, 30, 25, 6, 6],
    [9, 5, 74, 38, 5, 15],
    [13, 11, 72, 63, 24, 11],
    [12, 6, 40, 57, 3, 10],
    [16, 8, 56, 56, 13, 5],
    [7, 2, 22, 45, 3, 4],
    [47, 15, 98, 188, 9, 18],
    [1, 1, 5, 0, 2, 3],
    [0, 1, 2, 1, 0, 3],
    [11, 1, 47, 31, 2, 8],
    [37, 4, 53, 124, 11, 14],
    [4, 0, 14, 19, 2, 3],
    [27, 13, 76, 59, 8, 7],
    [1, 1, 17, 12, 5, 4],
    [0, 1, 2, 0, 0, 3],
    [0, 1, 10, 2, 1, 5],
    [4, 0, 19, 11, 3, 4],
    [6, 2, 30, 27, 2, 4],
    [1, 2, 40, 4, 4, 4],
    [1, 0, 18, 3, 6, 3],
    [23, 3, 70, 42, 4, 8],
    [0, 0, 2, 4, 0, 1],
    [11, 0, 26, 41, 2, 4],
    [2, 4, 38, 18, 5, 6],
    [17, 1, 23, 47, 5, 9],
    [1, 0, 19, 3, 1, 2],
    [4, 6, 42, 12, 4, 10],
    [11, 4, 60, 43, 3, 5],
    [2, 2, 5, 3, 2, 3],
    [17, 4, 15, 21, 3, 3],
    [3, 0, 16, 12, 2, 1],
    [3, 2, 6, 10, 3, 1],
    [19, 4, 116, 59, 13, 18],
    [49, 2, 66, 134, 10, 10],
    [12, 8, 116, 54, 15, 21],
    [19, 2, 79, 82, 8, 13],
    [9, 1, 38, 22, 1, 7],
    [17, 17, 79, 35, 9, 17],
    [27, 16, 141, 63, 13, 14],
    [87, 36, 309, 231, 23, 42],
    [3, 1, 2, 13, 3, 3],
    [1, 0, 10, 4, 0, 3],
    [25, 99, 366, 111, 10, 73],
    [179, 238, 1700, 604, 70, 319],
    [136, 95, 982, 393, 57, 205],
    [0, 0, 13, 4, 0, 0]
  ],
  "method": "mvn_pdf",
  "cond_prob": [
    [
      [0.09739331907, 7.5839456836e-06, 0.87597282562, 0.021738048136, 0.0048882232238],
      [1.2934219097e-05, 0.17360045994, 0.13548191483, 0.67976851933, 0.011136171675],
      [0.0051039033308, 0.029090307683, 0.037681306343, 0.86302836923, 0.065096113409],
      [0.030697458116, 5.2233726753e-06, 0.94191977005, 0.018369590963, 0.0090079574952],
      [0.051520937172, 7.1668244591e-05, 0.22726891328, 0.46818237897, 0.25295610234],
      [0.042441772136, 0.058726843865, 0.052286026814, 0.14991634384, 0.69662901335]
    ],
    [
      [0.11510552423, 5.3332727145e-06, 0.86918738662, 0.014331136303, 0.0013706195717],
      [2.2258588094e-05, 0.17002785955, 0.19735280144, 0.62818164163, 0.0044154388015],
      [0.009617908074, 0.031412635207, 0.060207100324, 0.87063124437, 0.028131112028],
      [0.03700192041, 3.730818302e-06, 0.94812971561, 0.012299816555, 0.0025648166065],
      [0.092759525573, 7.4650664294e-05, 0.34675816843, 0.45662988495, 0.10377777039],
      [0.11962186967, 0.095300203707, 0.12518445748, 0.22876062311, 0.43113284602]
    ],
    [
      [0.072169241956, 5.0043912161e-06, 0.91509896358, 0.011703621997, 0.0010231680714],
      [1.5361519062e-05, 0.18284971383, 0.2272444287, 0.58614048616, 0.0037500097901],
      [0.0069826184924, 0.035494808757, 0.072706014075, 0.85951921334, 0.025297345338],
      [0.022361720174, 3.3862632401e-06, 0.96606766424, 0.0097154824128, 0.001851746908],
      [0.066185274327, 8.1006737553e-05, 0.41091473051, 0.43248390844, 0.090335079988],
      [0.090226610209, 0.11030090097, 0.15570749167, 0.2301628082, 0.41360218895]
    ],
    [
      [0.17598632756, 1.100064468e-05, 0.79894900853, 0.022211233464, 0.0028424298042],
      [2.1486842359e-05, 0.2344778134, 0.11479160653, 0.64469133697, 0.0060177562562],
      [0.009093787626, 0.041991229177, 0.034241995654, 0.8770463826, 0.037626604941],
      [0.058689579629, 8.0651155389e-06, 0.91574809351, 0.019980574252, 0.0055736874965],
      [0.10035553492, 0.00011219168132, 0.22456032969, 0.51700212493, 0.15796981878],
      [0.10058420902, 0.11228106084, 0.062806597028, 0.20123855234, 0.52308958076]
    ],
    [
      [0.041396961201, 1.2103458342e-05, 0.85522820727, 0.092213462217, 0.011149265856],
      [1.1221711142e-06, 0.072974228706, 0.01354073989, 0.90703470638, 0.0064492028493],
      [0.00036078965191, 0.010130075927, 0.0033423853207, 0.95492137514, 0.031245373963],
      [0.012817285301, 7.6398925707e-06, 0.89679106623, 0.0715455077, 0.018838500879],
      [0.0043000816924, 3.9756482455e-05, 0.024582202281, 0.76161784478, 0.20946011476],
      [0.0032801820612, 0.027404851102, 0.0058607479597, 0.18908722095, 0.77436699793]
    ],
    [
      [0.10962444642, 1.1577301819e-05, 0.86857893369, 0.019306779065, 0.0024782635224],
      [1.5070900508e-05, 0.25927907591, 0.14030380617, 0.59477599228, 0.0056260547397],
      [0.0068111069045, 0.05011477259, 0.044808403474, 0.86082148198, 0.03744423505],
      [0.035168281984, 8.0698216291e-06, 0.94369173895, 0.016510747999, 0.0046211612466],
      [0.071594121816, 0.00013064202115, 0.28141100812, 0.49561253528, 0.15125169276],
      [0.07490098242, 0.1350218269, 0.082584575343, 0.20137676777, 0.50611584757]
    ],
    [
      [0.10857810959, 2.6506217559e-05, 0.85668642943, 0.030952407482, 0.0037565472739],
      [8.8225519136e-06, 0.35040993489, 0.081698148307, 0.5628465065, 0.0050365877524],
      [0.0042168566267, 0.071609308717, 0.027595375228, 0.86114093489, 0.035437524537],
      [0.034838253761, 1.848992015e-05, 0.93164335368, 0.026490004494, 0.0070098981478],
      [0.051686241884, 0.00021792546561, 0.20210634268, 0.57893407477, 0.16705541519],
      [0.047780229434, 0.19891967844, 0.052401170364, 0.20776133613, 0.49313758563]
    ],
    [
      [0.21678916933, 6.6720886818e-06, 0.75676798434, 0.022498100897, 0.0039380733408],
      [2.5258272764e-05, 0.15632201534, 0.10555342175, 0.72908919834, 0.0090101063],
      [0.0094928079808, 0.024820360516, 0.027758761241, 0.8873633916, 0.050564678666],
      [0.071601847866, 5.0255680879e-06, 0.89967456726, 0.020799320153, 0.0079192391545],
      [0.10657460676, 6.422209662e-05, 0.18134313327, 0.49933579108, 0.21268224679],
      [0.089774582306, 0.053822306396, 0.042150239157, 0.16226479491, 0.65198807723]
    ],
    [
      [0.12661901609, 1.7970923825e-05, 0.83108897665, 0.038692529679, 0.0035815066544],
      [9.8078925729e-06, 0.23280152868, 0.075542560961, 0.6869757566, 0.0046703458683],
      [0.0040319204357, 0.04075590012, 0.021933895866, 0.90497989894, 0.028298384642],
      [0.041085238172, 1.2728786102e-05, 0.91849266418, 0.033623120627, 0.006786248239],
      [0.052137318643, 0.00013002170155, 0.16928075377, 0.63782228574, 0.14062962014],
      [0.055982890811, 0.13837530163, 0.050911620456, 0.26567789214, 0.48905229497]
    ],
    [
      [9.3839980907e-06, 4.6748598382e-05, 0.95281115443, 0.038354712492, 0.00877800048],
      [5.4767220535e-07, 0.53242655373, 0.015931519052, 0.44440828783, 0.0072330917155],
      [0.00026803649758, 0.087719760162, 0.0070091699908, 0.84640422492, 0.058598808433],
      [0.00092300854283, 1.8720540601e-05, 0.97033598367, 0.018778210991, 0.0099440762508],
      [0.0012245883986, 0.00027062475833, 0.042981161091, 0.54881843306, 0.40670519269],
      [0.00030118864586, 0.087994633023, 0.0039842516082, 0.056120390383, 0.85159953634]
    ],
    [
      [0.058258736553, 4.9538765756e-05, 0.85210652512, 0.040550977606, 0.049034221957],
      [1.0228341489e-06, 0.60496008281, 0.0066971476052, 0.35978080196, 0.028560944789],
      [0.00054424773367, 0.07019234509, 0.0031852274501, 0.71393111192, 0.21214706781],
      [0.016537578797, 2.9604567582e-05, 0.87496889128, 0.029837978394, 0.078625946964],
      [0.0026942096251, 0.00011091263239, 0.008074695064, 0.22868133437, 0.76043884831],
      [0.00043789607302, 0.023379719802, 0.00049891847563, 0.012346043092, 0.96333742256]
    ],
    [
      [0.11601336273, 1.354185562e-05, 0.85799813181, 0.02358459858, 0.0023903650244],
      [1.3640903933e-05, 0.25795319476, 0.11858417839, 0.61882265529, 0.0046263306446],
      [0.0060449116078, 0.048941817941, 0.037140448531, 0.8776936517, 0.030179170218],
      [0.037452199137, 9.4963052395e-06, 0.9377631462, 0.02029096385, 0.004484194512],
      [0.068671525997, 0.00013816498879, 0.2520971196, 0.5472655414, 0.13182764801],
      [0.075586361617, 0.14999654344, 0.077862495955, 0.23388185433, 0.46267274466]
    ],
    [
      [0.096352900134, 1.3550625213e-05, 0.88307998935, 0.018714631724, 0.0018389281679],
      [1.2913730221e-05, 0.29546241584, 0.13904230028, 0.5614155058, 0.0040668643458],
      [0.0061636978116, 0.060326094199, 0.046897089962, 0.85803060427, 0.02858251376],
      [0.030613452784, 9.353893482e-06, 0.95013204002, 0.015849371499, 0.0033957818021],
      [0.06685358102, 0.00016231311692, 0.30393158074, 0.50994931442, 0.11910321071],
      [0.075025908136, 0.17992223755, 0.09566960102, 0.22227311626, 0.42710913703]
    ],
    [
      [0.04856040649, 0.00011616287398, 0.78908895049, 0.15520200892, 0.0070324712339],
      [5.9731578802e-07, 0.39141691506, 0.0078464046147, 0.59884020481, 0.0018958781921],
      [0.00028202461508, 0.065912430757, 0.002846810487, 0.9178300132, 0.013128720937],
      [0.014804248618, 7.6596186181e-05, 0.84716107008, 0.12555834169, 0.012399743422],
      [0.003838533445, 0.00027450195706, 0.02648129678, 0.87217579513, 0.097229872683],
      [0.0034746153403, 0.29625855053, 0.0076131650785, 0.31276623682, 0.37988743222]
    ],
    [
      [0.38727925903, 6.3800138696e-06, 0.58288008306, 0.02552086072, 0.0043134171786],
      [4.2525127561e-05, 0.14075772991, 0.079837231447, 0.76999069152, 0.0093718219909],
      [0.015368702839, 0.021408678509, 0.020217142762, 0.89271215351, 0.050293322378],
      [0.14729701921, 5.6373950664e-06, 0.81483137115, 0.027673471203, 0.010192501041],
      [0.16883841064, 5.4398125252e-05, 0.1273888169, 0.49770578311, 0.20601259122],
      [0.14246816803, 0.04534212945, 0.030026624253, 0.16293873884, 0.61922433943]
    ],
    [
      [0.13238748632, 1.3910626638e-05, 0.82443073724, 0.039336012937, 0.0038318528677],
      [1.0954349853e-05, 0.18683818258, 0.080117256598, 0.7278072464, 0.0052263600684],
      [0.004289366589, 0.031313227481, 0.022170585254, 0.91210331993, 0.030123500741],
      [0.043359366581, 9.9028532519e-06, 0.91497694987, 0.034356417601, 0.0072973630971],
      [0.054166455625, 9.8272296585e-05, 0.16727848408, 0.63213704523, 0.14631974277],
      [0.05952017257, 0.10648859066, 0.051563547616, 0.26951644437, 0.51291124478]
    ],
    [
      [0.0073369464864, 6.1086011229e-06, 0.981673063, 0.010841041787, 0.00014284012135],
      [1.3135473312e-06, 0.37431179144, 0.085776654234, 0.53954090135, 0.00036933943535],
      [0.00061381899352, 0.046073552681, 0.028752738971, 0.92222230143, 0.0023375879202],
      [0.0031790328514, 3.9433440804e-06, 0.98797864815, 0.0085944390036, 0.00024393665219],
      [0.008524830508, 0.00014716516333, 0.325815977, 0.65753700136, 0.007975025966],
      [0.014774062956, 0.30918274645, 0.16230943468, 0.50729417082, 0.0064395850908]
    ],
    [
      [0.082129670086, 1.082252687e-05, 0.90069974993, 0.015069031597, 0.0020907258563],
      [1.2218432143e-05, 0.29335188012, 0.15402177274, 0.54712491425, 0.005489214454],
      [0.005816857754, 0.058366995196, 0.051614186535, 0.84546470303, 0.038737257488],
      [0.025569833918, 7.3669645037e-06, 0.95802982488, 0.012586220673, 0.0038067535662],
      [0.060770663982, 0.00014513964117, 0.32298623194, 0.46304853474, 0.15304942969],
      [0.060933395102, 0.1487104163, 0.089745184431, 0.18111103881, 0.51949996536]
    ],
    [
      [0.088334911676, 3.7583476686e-06, 0.89920451412, 0.012294483063, 0.00016233278932],
      [1.0032915729e-05, 0.15743142217, 0.11378122152, 0.72819805344, 0.00057926995247],
      [0.0036326693178, 0.024112940845, 0.028990875452, 0.94028663187, 0.0029768825193],
      [0.025801790014, 2.5256804313e-06, 0.96376783341, 0.010140565968, 0.00028728492481],
      [0.064968081638, 7.5890097033e-05, 0.30696236717, 0.61665229798, 0.011341363113],
      [0.12774154435, 0.16967477496, 0.15655123937, 0.47267076629, 0.073361675037]
    ],
    [
      [0.11370122049, 6.0059074632e-06, 0.86541821533, 0.019443361712, 0.0014311965628],
      [1.6968518277e-05, 0.15549933462, 0.14957364082, 0.69122146543, 0.0036885906157],
      [0.0068655185835, 0.026753283175, 0.042566011998, 0.90176621283, 0.02204897341],
      [0.036181045041, 4.1898906473e-06, 0.94449894285, 0.016645438441, 0.0026703837749],
      [0.077496601356, 7.3039104329e-05, 0.28716099864, 0.54120811371, 0.094061247191],
      [0.10359862321, 0.097424638443, 0.10630855968, 0.27954559216, 0.41312258651]
    ],
    [
      [0.093468874746, 8.9783330709e-06, 0.88527858769, 0.019183526968, 0.0020600322645],
      [1.3559287825e-05, 0.21452354389, 0.15076928952, 0.62972142886, 0.0049721784491],
      [0.0058849126262, 0.039778543405, 0.046223507502, 0.87629557431, 0.031817462153],
      [0.029603409416, 6.1829022024e-06, 0.95038766801, 0.016207664324, 0.0037950753462],
      [0.062932166155, 0.00010506699789, 0.2953107457, 0.51107295468, 0.13057906647],
      [0.072381776069, 0.11964939996, 0.09518961296, 0.22837810925, 0.48440110177]
    ],
    [
      [0.07142375334, 3.875893009e-05, 0.83737581625, 0.078908058989, 0.012253612493],
      [2.1291414878e-06, 0.26610026034, 0.018422913582, 0.70827005048, 0.0072046464647],
      [0.00082598338301, 0.039587104383, 0.0053496838211, 0.91271123425, 0.04152599416],
      [0.020882387101, 2.5090493789e-05, 0.89511570509, 0.062788340452, 0.021188476865],
      [0.011208994824, 0.0001390750368, 0.042798537836, 0.69706484333, 0.24878854897],
      [0.0080588541426, 0.10507740544, 0.0089714412947, 0.17801447725, 0.69987782188]
    ],
    [
      [0.10782349307, 1.2253857108e-05, 0.8621171754, 0.027418146685, 0.0026289309815],
      [1.1685935395e-05, 0.21718434648, 0.10963908563, 0.66844721557, 0.0047176663753],
      [0.0048845149802, 0.038801225913, 0.032376981487, 0.89489768666, 0.029039590964],
      [0.034567680133, 8.5427904611e-06, 0.93706974013, 0.023451229668, 0.0049028072813],
      [0.057889470217, 0.0001139758154, 0.22928123588, 0.58046542227, 0.13224989581],
      [0.065515941024, 0.12744548936, 0.072731333565, 0.25489610018, 0.47941113588]
    ],
    [
      [0.083000645903, 1.3110375747e-05, 0.87992842035, 0.034349306606, 0.0027085167689],
      [7.5275604415e-06, 0.19611209657, 0.093378858788, 0.70640802097, 0.0040934961061],
      [0.0030332400299, 0.033751688954, 0.02657998639, 0.91232899559, 0.024306089035],
      [0.026138978351, 8.981965224e-06, 0.9400165027, 0.028871476637, 0.0049640603508],
      [0.038813550303, 0.00010691901503, 0.20337997603, 0.63812514369, 0.11957441096],
      [0.046534086078, 0.12680414219, 0.068280631167, 0.29666651078, 0.46171462978]
    ],
    [
      [0.42038577445, 7.358882807e-07, 0.57534304652, 0.0022100044766, 0.0020604386616],
      [0.00026323880623, 0.10042022685, 0.45576917672, 0.41636604996, 0.027181307657],
      [0.10845908808, 0.017874713745, 0.12872046453, 0.57139055374, 0.1735551799],
      [0.16293471513, 6.6717806385e-07, 0.82961340592, 0.0024633520059, 0.0049878597682],
      [0.41113024119, 1.3421396044e-05, 0.27593279073, 0.09035530561, 0.22256824107],
      [0.27865759964, 0.0091052676916, 0.050896530348, 0.025401942515, 0.6359386598]
    ],
    [
      [0.1374703814, 1.2576662649e-05, 0.83870342519, 0.021985737583, 0.0018278791663],
      [1.5391097354e-05, 0.26606098155, 0.10966805451, 0.62053793156, 0.0037176412888],
      [0.0067895836469, 0.048805745985, 0.034087093868, 0.88606032773, 0.024257248766],
      [0.044322421048, 8.9382930039e-06, 0.93301946559, 0.019174751884, 0.0034744231844],
      [0.082388389885, 0.00013993277069, 0.24596788358, 0.56106017479, 0.11044361898],
      [0.092919024913, 0.16155030525, 0.07704819475, 0.24597694578, 0.42250552931]
    ],
    [
      [1.8661273833e-10, 2.8385737244e-05, 0.99540621643, 0.0045107414831, 5.4656159952e-05],
      [5.0955257362e-08, 0.86778587294, 0.030360845104, 0.10176618905, 8.70419555e-05],
      [7.068609729e-05, 0.36306990783, 0.034846235134, 0.60006935063, 0.001943820311],
      [6.8082974139e-05, 2.0572541671e-05, 0.99572742038, 0.0040786627187, 0.0001052613859],
      [7.8983953991e-05, 0.0011939098713, 0.52736839889, 0.46685041848, 0.0045082888095],
      [3.1390471576e-07, 0.86557439477, 0.044152320064, 0.090270106773, 2.864490038e-06]
    ],
    [
      [0.024965132132, 1.0131131004e-05, 0.96308302784, 0.010431823778, 0.0015098851162],
      [4.8133375005e-06, 0.34525618525, 0.18691128623, 0.46297823249, 0.0048494827006],
      [0.0025881175019, 0.0760480591, 0.070084108839, 0.81251367465, 0.038766039905],
      [0.0077089447085, 6.6406871343e-06, 0.98124818969, 0.0083868121594, 0.0026494127536],
      [0.024789045465, 0.0001742621235, 0.42005640802, 0.41163285677, 0.14334742762],
      [0.025398843831, 0.18504095188, 0.11540840881, 0.16394042908, 0.5102113664]
    ],
    [
      [0.0086055193425, 2.9644831558e-06, 0.96912736551, 0.021236279282, 0.001027871387],
      [1.763243931e-06, 0.075063688514, 0.093480677759, 0.82880005092, 0.0026538195619],
      [0.00059022992131, 0.011609796016, 0.021995897319, 0.9520424103, 0.013761666442],
      [0.0036505428357, 1.9177783057e-06, 0.97771683356, 0.016848480925, 0.0017822248991],
      [0.0069861030198, 4.1114177701e-05, 0.21056867838, 0.7044846536, 0.077919450826],
      [0.0091329914726, 0.050680834409, 0.070421961722, 0.34323250238, 0.52653171001]
    ],
    [
      [0.080215751706, 1.7425886817e-05, 0.88474188537, 0.028899680991, 0.006125256042],
      [6.8003459769e-06, 0.29368451874, 0.081235997219, 0.61575986612, 0.0093128175754],
      [0.0029412730885, 0.05024429384, 0.024724290121, 0.86234494493, 0.05974519802],
      [0.024503626232, 1.1776186246e-05, 0.94044085454, 0.023966252341, 0.011077490703],
      [0.033826485366, 0.00013779475146, 0.17159241091, 0.5239410779, 0.27050223107],
      [0.024134644614, 0.10222718294, 0.03390987016, 0.1447514513, 0.69497685099]
    ],
    [
      [0.1488747989, 7.8254758205e-06, 0.83579417408, 0.01309769605, 0.0022255054917],
      [2.8313709891e-05, 0.244434644, 0.18682971615, 0.56168380615, 0.0070235199949],
      [0.01305673533, 0.048132617786, 0.060855760447, 0.83022819215, 0.047726694287],
      [0.049114470265, 5.6152027681e-06, 0.935077159, 0.011530851111, 0.0042719044195],
      [0.11556708059, 0.00010522002329, 0.32164060758, 0.4006960983, 0.16199099351],
      [0.11722386247, 0.10564771738, 0.091447265022, 0.15794521117, 0.52773594396]
    ],
    [
      [0.036466085549, 9.5368639198e-06, 0.92342948445, 0.038572473384, 0.0015224197485],
      [2.7813179378e-06, 0.14403943424, 0.06957389906, 0.78423515978, 0.0021487255998],
      [0.0010250896587, 0.022066327974, 0.018110065344, 0.94701062386, 0.011787893162],
      [0.011271472575, 6.2959564267e-06, 0.95479874778, 0.031234264321, 0.0026892193674],
      [0.01494282435, 7.9649917111e-05, 0.16675194996, 0.75013879746, 0.068086778313],
      [0.021881794152, 0.11953203146, 0.066429006865, 0.41622523255, 0.37593193498]
    ],
    [
      [0.10327579616, 1.3801417262e-05, 0.85288219532, 0.039922735414, 0.0039054716885],
      [8.3632871495e-06, 0.18344785359, 0.080937751357, 0.73034925923, 0.0052567725376],
      [0.0032661705033, 0.030626676839, 0.022331315583, 0.91353418707, 0.030241650008],
      [0.033020948498, 9.6047508939e-06, 0.92561210606, 0.034086570651, 0.0072707700397],
      [0.041732066286, 9.7028503158e-05, 0.1705113168, 0.63899267277, 0.14866691564],
      [0.045829225425, 0.10521718108, 0.052470741679, 0.27212279743, 0.52436005438]
    ],
    [
      [0.09841640023, 8.2482090143e-06, 0.87516507601, 0.024329857569, 0.0020804179848],
      [1.2562655778e-05, 0.17063065636, 0.13127960884, 0.69370335614, 0.0043738160035],
      [0.005099541761, 0.029668430604, 0.037662331482, 0.90142989486, 0.026139801288],
      [0.03136324301, 5.7091422257e-06, 0.94411799477, 0.02066086514, 0.003852187938],
      [0.05853184418, 8.4614930243e-05, 0.25831967382, 0.56771317017, 0.1153506969],
      [0.072898891763, 0.10392007425, 0.090264016961, 0.27448657777, 0.45843043925]
    ],
    [
      [0.077694716396, 8.5402209589e-06, 0.9059215879, 0.014639776872, 0.0017353786153],
      [1.3191709939e-05, 0.24418090658, 0.17873438004, 0.57210548292, 0.0049660387578],
      [0.0061185044029, 0.04815995799, 0.058427818305, 0.85328893939, 0.034004779909],
      [0.024225073749, 5.8025826876e-06, 0.96041125973, 0.012203933708, 0.0031539302341],
      [0.061135652171, 0.00011760742916, 0.34936007359, 0.45973331563, 0.12965335117],
      [0.069740430158, 0.13367907596, 0.11100449372, 0.20373197676, 0.4818440234]
    ],
    [
      [0.11728899817, 8.1192382855e-06, 0.85680353506, 0.023892223618, 0.002007123911],
      [1.5258361331e-05, 0.17102264629, 0.13103215315, 0.69363223591, 0.0042977062807],
      [0.0061911818772, 0.029725409475, 0.037577032491, 0.90083506254, 0.025671313617],
      [0.037920762187, 5.7014585815e-06, 0.93771931252, 0.02058379608, 0.0037704277521],
      [0.070381987885, 8.3987383489e-05, 0.25524706738, 0.56208661935, 0.11220033799],
      [0.087890092636, 0.1034069191, 0.089441254543, 0.27250219022, 0.4467595435]
    ],
    [
      [0.0066742516524, 7.9504656881e-06, 0.9766727492, 0.016515941894, 0.00012910679063],
      [4.1068836787e-07, 0.30730068165, 0.019364810654, 0.67305524908, 0.00027884792647],
      [0.00014620319705, 0.031054067485, 0.0058928817257, 0.96180489057, 0.0011019570264],
      [0.0030872092761, 5.1139429018e-06, 0.98367979483, 0.013007266908, 0.000220615038],
      [0.0015758540414, 0.00014043069299, 0.060716246347, 0.93312080353, 0.0044466653844],
      [0.0032656235514, 0.42109778214, 0.035288484611, 0.53236461228, 0.0079834974186]
    ],
    [
      [0.13183009847, 1.5756338804e-05, 0.83928195146, 0.025412922651, 0.0034592710851],
      [1.3041240898e-05, 0.28175307909, 0.096480198873, 0.61569591008, 0.0060577707123],
      [0.0057378110768, 0.05198690165, 0.029862894112, 0.87300315447, 0.039409238692],
      [0.042026018779, 1.1131657119e-05, 0.92940133917, 0.022029066519, 0.0065324438767],
      [0.067806160806, 0.0001473134678, 0.20953622477, 0.54504070942, 0.17746959154],
      [0.062653712965, 0.13663533631, 0.053692297322, 0.19468655334, 0.55233210006]
    ],
    [
      [0.24434205951, 4.649710411e-06, 0.73713948118, 0.017267384496, 0.0012464251055],
      [4.1883047993e-05, 0.13851908948, 0.14940595297, 0.70832129888, 0.0037117756266],
      [0.016486597684, 0.023240574809, 0.041395771501, 0.89730217877, 0.02157487724],
      [0.086024725296, 3.6065452184e-06, 0.89495006856, 0.016436297276, 0.0025853023206],
      [0.17057114592, 5.790901519e-05, 0.25398779624, 0.4915085436, 0.083874605223],
      [0.22332381274, 0.07529686836, 0.092495609919, 0.24897260878, 0.3599111002]
    ],
    [
      [0.20963341625, 1.86070211e-06, 0.78348800736, 0.0059845114054, 0.00089220428081],
      [7.5407331928e-05, 0.1209288375, 0.33284893893, 0.54043251416, 0.0057143020767],
      [0.033992229453, 0.023300959345, 0.1054929791, 0.79878424497, 0.038429587129],
      [0.071770118184, 1.3985187188e-06, 0.92091250915, 0.0055227037484, 0.001793270394],
      [0.22557716366, 3.5967177868e-05, 0.41554356148, 0.26504293857, 0.093800369102],
      [0.28064257317, 0.045322362335, 0.14350825612, 0.12929403933, 0.40123276904]
    ],
    [
      [0.094202110245, 2.0713188664e-05, 0.88580147211, 0.018519767344, 0.0014559371111],
      [9.3999831096e-06, 0.41412559623, 0.10243694587, 0.4807086342, 0.0027194237144],
      [0.0050700618767, 0.091060461162, 0.0389056743, 0.84319043085, 0.021773371816],
      [0.029380886504, 1.4237191297e-05, 0.95231245211, 0.015616562498, 0.0026758616939],
      [0.063630318085, 0.00026414125059, 0.29079724988, 0.54348197857, 0.10182631221],
      [0.063973698653, 0.27982578179, 0.081147724462, 0.21516810403, 0.35988469107]
    ],
    [
      [0.12910448443, 3.3873872235e-05, 0.8471249977, 0.021794275918, 0.0019423680822],
      [9.5161605801e-06, 0.512633138, 0.071714596353, 0.41298004799, 0.0026627014958],
      [0.005818302755, 0.12400343197, 0.030870588112, 0.8153010845, 0.024006592662],
      [0.040617590463, 2.3821833353e-05, 0.9368991672, 0.018807026129, 0.0036523943743],
      [0.07734129949, 0.00037959876557, 0.24346651071, 0.55970977024, 0.11910282079],
      [0.065719980047, 0.34417491521, 0.057235351672, 0.18653588645, 0.34633386662]
    ],
    [
      [0.14365703898, 2.3932550004e-05, 0.81676534386, 0.034611488247, 0.0049421963703],
      [1.0646064158e-05, 0.31260071778, 0.070347452342, 0.61068530993, 0.0063558738873],
      [0.0047389796583, 0.058385443263, 0.022089399981, 0.87305504544, 0.041731131655],
      [0.04650978401, 1.7093555396e-05, 0.91369833799, 0.03033440086, 0.0094403835837],
      [0.058631875862, 0.00017565725011, 0.16262602524, 0.58051044656, 0.19805599509],
      [0.050580667595, 0.15193416916, 0.039135364877, 0.19396033896, 0.56438945942]
    ],
    [
      [0.17221809086, 5.3913409511e-05, 0.79924771901, 0.025707225814, 0.0027730509073],
      [1.0659874641e-05, 0.57157118095, 0.058080661482, 0.3674271633, 0.0029103343941],
      [0.007045265619, 0.15879037945, 0.027111478919, 0.77874256589, 0.028310310127],
      [0.057556496564, 3.946545556e-05, 0.91388617511, 0.023088621633, 0.0054292412332],
      [0.092470997571, 0.00050888474516, 0.21189354716, 0.5531395831, 0.14198698743],
      [0.069172292314, 0.38214634481, 0.0443621968, 0.1608766295, 0.34344253657]
    ],
    [
      [0.092800450053, 1.1829395026e-05, 0.8862685815, 0.019152650156, 0.0017664888914],
      [1.2415025702e-05, 0.26671012492, 0.13874387234, 0.59054055427, 0.0039930334491],
      [0.0056948211335, 0.052058651801, 0.044916325611, 0.87029777463, 0.027032426819],
      [0.029299982071, 8.1397051356e-06, 0.95127179339, 0.01616869594, 0.003251388895],
      [0.06333222215, 0.0001417637922, 0.29835207087, 0.52336155871, 0.11481238448],
      [0.073206021489, 0.16323246191, 0.096376922977, 0.23516113996, 0.43202345366]
    ],
    [
      [0.19948902247, 1.4264348229e-05, 0.78421626924, 0.013707392774, 0.0025730511744],
      [2.9205486942e-05, 0.37532394952, 0.13527850958, 0.48276802234, 0.0066003130709],
      [0.015085925197, 0.080997715041, 0.049234336386, 0.80428332379, 0.050398699587],
      [0.06763002736, 1.0638816914e-05, 0.91468176317, 0.012545380324, 0.0051321903332],
      [0.1426643288, 0.00018267003544, 0.27632112473, 0.40067921117, 0.18015266526],
      [0.12277788626, 0.15935982935, 0.066322131744, 0.1346470497, 0.51689310295]
    ],
    [
      [0.076556966428, 1.3418861595e-05, 0.90855909309, 0.013356497505, 0.0015140241183],
      [1.1817555745e-05, 0.35508740859, 0.16279610985, 0.47813304341, 0.0039716205934],
      [0.0063051791602, 0.080016532103, 0.061220449543, 0.82116036965, 0.031297469546],
      [0.023832752551, 9.107815388e-06, 0.96228693584, 0.01112246433, 0.0027487394674],
      [0.063739032312, 0.00019627639017, 0.3702796704, 0.44549094687, 0.12029407403],
      [0.068389035996, 0.2117993308, 0.11063565344, 0.18634339041, 0.42283258935]
    ],
    [
      [0.080206309142, 2.6000782532e-05, 0.88724814692, 0.028288665678, 0.0042308774816],
      [6.4827454869e-06, 0.37083249067, 0.08204727803, 0.54121025766, 0.0059034908976],
      [0.0031658106835, 0.075686557915, 0.028249833683, 0.85028249401, 0.042615303709],
      [0.024898172461, 1.7693904002e-05, 0.94376436484, 0.023618023652, 0.0077017451445],
      [0.038441625635, 0.00022354625385, 0.20559849462, 0.5560138518, 0.19972248169],
      [0.031874944139, 0.18723874597, 0.047490393907, 0.17928255281, 0.55411336318]
    ],
    [
      [0.092401171628, 1.7634340384e-05, 0.87881410995, 0.027570778495, 0.0011963055892],
      [8.5697037591e-06, 0.29032642557, 0.094170479292, 0.61356636335, 0.0019281620864],
      [0.0038875509983, 0.055273528105, 0.0301173715, 0.89783513402, 0.012886415377],
      [0.028998255184, 1.2136600188e-05, 0.94550865878, 0.02327953273, 0.0022014167036],
      [0.052033772618, 0.00017863906846, 0.24102581715, 0.6415263682, 0.065235402958],
      [0.068417700216, 0.23699626041, 0.08782644586, 0.32532129394, 0.28143829958]
    ],
    [
      [0.17548767451, 3.0134148711e-05, 0.78347559109, 0.033897698537, 0.0071089017181],
      [1.1719140115e-05, 0.37420671833, 0.061665996204, 0.55566425785, 0.0084513084695],
      [0.0055267302369, 0.072682481872, 0.020543605132, 0.84229837117, 0.058948811588],
      [0.058662793708, 2.2092200162e-05, 0.89687647836, 0.030490106643, 0.013948529085],
      [0.064461838669, 0.00020454843668, 0.14257921788, 0.52550508696, 0.26724930805],
      [0.045014650112, 0.14531925741, 0.027940902119, 0.14279967181, 0.63892551855]
    ],
    [
      [0.076696796908, 2.3964476979e-06, 0.91257239318, 0.0097132906874, 0.0010151227781],
      [1.9848879767e-05, 0.10901805708, 0.2758296563, 0.61055049076, 0.0045819469775],
      [0.0085706426583, 0.020239851467, 0.083879213546, 0.85779533511, 0.029514957221],
      [0.023880830683, 1.6263610575e-06, 0.96618707589, 0.0080877429181, 0.0018427241462],
      [0.074955091171, 4.2088432638e-05, 0.43802483133, 0.39003703695, 0.09694095211],
      [0.10305209476, 0.058032727447, 0.16761234384, 0.20961047285, 0.46169236111]
    ],
    [
      [0.11717606162, 2.3369654219e-05, 0.85601075477, 0.023527583055, 0.0032622309003],
      [1.1204011456e-05, 0.37983581925, 0.096017076942, 0.51885510752, 0.0052807922708],
      [0.0056518943341, 0.081033821967, 0.034205614306, 0.83980237008, 0.039306299316],
      [0.037665008771, 1.6380729767e-05, 0.93596839628, 0.020232792018, 0.0061174221991],
      [0.065189137607, 0.00022897127658, 0.23548583197, 0.52514091568, 0.17395514346],
      [0.057567530879, 0.20222586981, 0.058262412635, 0.18058955692, 0.50135462976]
    ],
    [
      [0.089305136989, 5.0459878261e-06, 0.89270620048, 0.015495345098, 0.002488271448],
      [1.5428129446e-05, 0.15764261849, 0.17961140314, 0.65516992594, 0.0075606243001],
      [0.0063139465892, 0.027201692401, 0.051753723141, 0.86862881496, 0.046101822905],
      [0.027969358008, 3.4556234016e-06, 0.95444859629, 0.013019077212, 0.0045595128662],
      [0.06286463592, 6.4682944402e-05, 0.30773320797, 0.45377690461, 0.17556056856],
      [0.062596480793, 0.06464032847, 0.085381014325, 0.17609044218, 0.61129173423]
    ],
    [
      [0.15856137675, 1.9908611233e-05, 0.82300647264, 0.012999818706, 0.0054124232935],
      [2.1051524278e-05, 0.45840226097, 0.12848498095, 0.40085766693, 0.012234039622],
      [0.011883121629, 0.10832716708, 0.051148022447, 0.7265434541, 0.10209823475],
      [0.052204685199, 1.4346441866e-05, 0.92585330806, 0.01149332483, 0.010434335467],
      [0.098557728596, 0.0002177436259, 0.25254355424, 0.32361159339, 0.32506938014],
      [0.061953372693, 0.13769079242, 0.044470733806, 0.079512768391, 0.67637233269]
    ],
    [
      [0.12671204177, 2.7936648668e-05, 0.83878338608, 0.029716894306, 0.0047597411941],
      [9.878027847e-06, 0.3763265012, 0.076703974761, 0.54061438753, 0.0063452584794],
      [0.0048175775694, 0.077260204444, 0.026415658374, 0.84581173475, 0.045694824862],
      [0.04092043963, 1.9725261326e-05, 0.924326086, 0.025742076685, 0.0089916724197],
      [0.057365012313, 0.00022490370825, 0.18761208772, 0.54528259757, 0.20951539869],
      [0.046323741126, 0.18213166163, 0.042467226633, 0.17152758263, 0.55754978798]
    ],
    [
      [0.07061518648, 7.7332462661e-06, 0.90200006914, 0.025048674072, 0.0023283370567],
      [6.9538386376e-11, 0.0028289496113, 0.00089686784572, 0.99606066172, 0.00021352075791],
      [2.002055717e-09, 0.0028899098534, 0.00092404027955, 0.99558316442, 0.00060288344893],
      [0.020507378022, 4.8821285608e-06, 0.95612838942, 0.019429763948, 0.0039295864816],
      [0.038227950442, 7.56567069e-05, 0.13267993457, 0.71456622107, 0.11445023721],
      [0.053338890531, 0.10220394027, 0.047599692016, 0.29983866887, 0.49701880831]
    ],
    [
      [2.7705505158e-10, 0.00032697853704, 0.95095849183, 0.043206880809, 0.005507648542],
      [2.5136385456e-08, 0.92667654804, 0.0031466323595, 0.069575314913, 0.00060147955293],
      [5.0833976539e-05, 0.42968510219, 0.005909382178, 0.54234733886, 0.022007342801],
      [0.00023775789913, 0.00015215969608, 0.96796598928, 0.024713380091, 0.0069307130367],
      [7.2242126209e-05, 0.0019656050291, 0.074507853332, 0.64424477812, 0.27920952139],
      [1.4883311952e-06, 0.54137127021, 0.0041480943773, 0.050980213632, 0.40349893345]
    ],
    [
      [0.07757161157, 2.1410834605e-05, 0.90539718795, 0.014633414227, 0.0023763754211],
      [9.5706965844e-06, 0.45026728385, 0.12950484458, 0.41527116882, 0.0049471320591],
      [0.0056331718845, 0.1116275207, 0.053758499783, 0.78602707394, 0.042953733697],
      [0.024165860893, 1.453816335e-05, 0.95931246351, 0.012190843277, 0.0043162941585],
      [0.058271957227, 0.00028154021329, 0.33287334848, 0.43865363608, 0.16991951801],
      [0.050266252401, 0.24410219742, 0.080067307382, 0.14735464039, 0.47820960241]
    ],
    [
      [0.10775037651, 1.2212705202e-05, 0.87594675705, 0.014208533761, 0.0020821199743],
      [1.1196728703e-05, 0.40615550948, 0.091779464011, 0.49700574601, 0.0050480837717],
      [0.0058102514006, 0.07179136023, 0.033194120699, 0.84993965127, 0.039264616399],
      [0.030293500127, 8.097570475e-06, 0.95444168906, 0.011573256603, 0.0036834566391],
      [0.075650917923, 0.00018275162933, 0.25334603153, 0.48877686181, 0.1820434371],
      [0.05308960474, 0.15433300511, 0.048850533557, 0.14505985177, 0.59866700482]
    ],
    [
      [0.061557424838, 1.4148646785e-05, 0.92452807937, 0.012225535968, 0.0016748111763],
      [9.6021576428e-06, 0.38205821164, 0.16756348781, 0.44590823138, 0.0044604670118],
      [0.0053497304691, 0.08978914683, 0.065843709434, 0.80225159414, 0.036765819132],
      [0.018993809278, 9.4985296062e-06, 0.96791958507, 0.01006938049, 0.0030077266349],
      [0.052641895506, 0.00021365255522, 0.38770122202, 0.42163213616, 0.13781109375],
      [0.052738694008, 0.21631718812, 0.10831905643, 0.1649854585, 0.45763960293]
    ],
    [
      [0.10596038559, 3.4215109127e-05, 0.87314652984, 0.019669591238, 0.0011892782234],
      [4.7487496073e-06, 0.62614001534, 0.03893142273, 0.33353825787, 0.0013855553102],
      [0.0034690413587, 0.1387939135, 0.02046656515, 0.82274349738, 0.014526982611],
      [0.030590636227, 2.2935199245e-05, 0.95106077833, 0.016203488868, 0.0021221613803],
      [0.060418890745, 0.00046834230494, 0.21182439103, 0.64052570628, 0.086762669647],
      [0.044151393559, 0.47065221608, 0.04223412813, 0.18984184135, 0.25312042089]
    ],
    [
      [0.26689254348, 8.5687816848e-06, 0.71162152857, 0.018869459161, 0.002607900013],
      [3.9336493772e-05, 0.21674096151, 0.12430434232, 0.6523209203, 0.00659443938],
      [0.0163383828, 0.038185930568, 0.036361557268, 0.86872843208, 0.040385697288],
      [0.095630655376, 6.7745208345e-06, 0.88054365388, 0.018305231702, 0.0055136845233],
      [0.16384205151, 9.2920329699e-05, 0.21594111335, 0.46639391535, 0.15372999946],
      [0.16408360397, 0.09232414669, 0.060341036309, 0.18110827411, 0.50214293892]
    ],
    [
      [0.15637302814, 1.7863998756e-05, 0.80003283337, 0.040322270888, 0.0032540036004],
