{
  "Z_true": {},
  "V_true": [
    [186, 273, 15885, 1113],
    [320, 7794, 1032, 886],
    [97, 388, 668, 251],
    [508, 459, 1219, 1131]
  ],
  "p_true": [
    [0.0107, 0.0156, 0.91, 0.0638],
    [0.0319, 0.7769, 0.1029, 0.0883],
    [0.0691, 0.2764, 0.4758, 0.1788],
    [0.1532, 0.1384, 0.3675, 0.341]
  ],
  "Z_est": [
    [
      [8.7445, 2.3432, 34.9513, 21.0727, 3.2445, 3.773, 2.3294, 7.7883, 6.4738, 2.2065, 4.8203, 0.1412, 11.7174, 6.7211, 26.1981, 4.6616, 18.9956, 10.1082, 11.6887, 4.6149, 12.9483, 4.3691, 1.056, 8.1073, 8.5061, 0.0044, 4.0186, 7.5209, 5.652, 3.4165, 3.7765, 2.4674, 2.5729, 1.4068, 0, 25.7695, 2.6194, 31.4186, 0.0732],
      [2.0325, 0, 9.7647, 0.6168, 11.9669, 3.4387, 3.5804, 0.0125, 8.7638, 8.0743, 0, 4.6795, 0.0573, 2.5532, 0.4725, 0.0349, 0.0548, 0.0548, 0.0149, 0.0125, 0.0448, 4.943, 3.0706, 0.6079, 0.4111, 0.7638, 0.6304, 0.4759, 0.3787, 0.4559, 0.3513, 0.2317, 0.7573, 6.0437, 0.0822, 15.2683, 0.3538, 8.7225, 1.855],
      [477.7102, 127.5128, 626.5536, 506.4339, 303.8185, 403.5119, 125.326, 557.3684, 347.3916, 107.9509, 266.7671, 86.6205, 658.3271, 422.6312, 709.8623, 384.7796, 782.8694, 730.3198, 625.3588, 251.1625, 569.6099, 151.6783, 54.1329, 572.1708, 532.3244, 83.5854, 615.2682, 780.7592, 474.6259, 394.9065, 589.7066, 217.6885, 172.7359, 186.0773, 48.7671, 932.1178, 188.6341, 1458.8123, 91.2011],
      [11.5128, 3.144, 24.7304, 13.8766, 6.9701, 8.2764, 2.7642, 19.8308, 8.3708, 7.7684, 6.4126, 4.5587, 7.8982, 10.0946, 14.4671, 7.5239, 24.0803, 23.5172, 21.9375, 12.2101, 4.3969, 4.0096, 2.7405, 2.1139, 1.7583, 0.6464, 2.0829, 6.244, 1.3434, 10.221, 11.1656, 0.6124, 2.934, 4.4722, 3.1507, 11.8443, 16.3927, 91.0465, 2.8707]
    ],
    [
      [15.194, 6.4018, 24.6128, 9.8568, 1.0095, 1.2979, 3.0639, 0.9397, 9.5874, 3.2042, 2.4621, 0.2163, 7.7461, 1.4965, 1.8053, 1.123, 7.1877, 2.2949, 2.4158, 1.4419, 8.3522, 4.9887, 0.6454, 6.7972, 5.0034, 0.0721, 5.7821, 5.189, 4.4885, 4.1718, 3.8803, 2.4839, 2.4633, 1.7238, 0, 15.2667, 3.0123, 16.5772, 0.2163],
      [949.1865, 270, 1111.042, 194.0837, 490.0331, 506.7326, 195.2513, 4.9765, 563.6197, 181.4168, 562.3361, 130.5547, 22.8919, 18.4005, 29.4613, 13.9342, 21.8966, 21.8966, 5.9718, 4.9765, 17.9154, 236.9151, 56.7969, 242.8534, 164.2246, 34.0262, 251.8111, 189.4831, 151.2857, 182.1401, 140.3374, 92.563, 109.9977, 79.3918, 32.8671, 661.2349, 141.3327, 614.8072, 89.9419],
      [19.6155, 9.343, 13.0782, 2.3691, 2.3664, 7.5795, 2.255, 0, 7.0732, 0.7272, 32.7665, 0.5607, 1.4124, 0, 0, 2.2136, 0, 0, 0, 0, 0, 1.1494, 0, 50.8053, 15.8514, 0.4897, 9.1574, 1.588, 42.3912, 17.9893, 14.2379, 22.0269, 1.1554, 0, 1.2169, 4.0396, 1.1585, 0, 0.0511],
      [66.004, 19.2552, 95.267, 19.6905, 36.5909, 21.39, 12.4298, 1.0837, 45.7198, 16.6518, 38.4353, 10.6683, 4.9496, 1.1031, 1.7334, 2.7292, 1.9157, 2.8085, 5.6124, 1.5816, 3.7324, 20.9468, 5.5576, 25.5441, 12.9206, 3.412, 25.2494, 21.7399, 15.8346, 18.6988, 19.5443, 2.9262, 10.3836, 7.8843, 5.9161, 56.4588, 15.4965, 78.6156, 7.7907]
    ],
    [
      [1.6216, 0.5507, 3.641, 1.6522, 0.4284, 0.5507, 0.3366, 0.5813, 1.1015, 0.4284, 0.6119, 0.0918, 1.2239, 0.5201, 1.5298, 0.3672, 1.4992, 0.8261, 0.9485, 0.3672, 1.2239, 0.6731, 0.1224, 1.1015, 1.0403, 0.0306, 0.8567, 1.0097, 0.7343, 0.5507, 0.6731, 0.3978, 0.3672, 0.2448, 0, 2.4477, 0.3978, 3.1515, 0.0918],
      [1.464, 0, 0.6896, 0.2995, 0, 0, 0.1683, 0.0077, 0, 0, 0.2859, 0.7265, 0.0353, 0.0323, 0.0461, 0.0215, 0.0338, 0.0338, 0.0092, 0.0077, 0.0277, 0, 0.0922, 0.3748, 0.2535, 0.5481, 0.3886, 0.9128, 0.2335, 0.2811, 0.2166, 0.1429, 0.1705, 3.5047, 0.0507, 1.0415, 0.3135, 0.0513, 0.1413],
      [63.1643, 11.9262, 68.0654, 15.6674, 17.4947, 22.8569, 9.5874, 9.6456, 27.9138, 10.4024, 25.2983, 8.4355, 9.9786, 15.2976, 20.4164, 10.1075, 11.1526, 14.7593, 8.2177, 4.879, 18.6292, 12.2692, 6.2508, 72.8813, 66.5177, 8.2098, 53.2738, 67.2736, 34.5398, 29.1912, 23.3564, 37.9555, 35.1508, 28.5043, 9.4147, 114.3261, 25.1615, 49.8932, 8.5053],
      [15.7501, 4.5231, 25.604, 6.3808, 8.077, 7.5923, 2.9077, 4.7654, 10.9847, 5.1693, 8.8039, 2.7462, 5.7622, 3.15, 5.0077, 2.5039, 6.3144, 6.3808, 4.8246, 2.7462, 4.1192, 6.0577, 1.5346, 8.6423, 7.1885, 1.2115, 8.4808, 8.8039, 5.4923, 5.977, 7.7539, 2.5039, 3.3116, 2.7462, 1.5346, 15.1847, 6.1272, 31.904, 2.2615]
    ],
    [
      [27.4398, 8.7043, 55.7949, 21.4183, 9.3176, 12.3783, 5.2701, 9.6906, 18.8374, 8.161, 12.1057, 2.5507, 19.3126, 8.2623, 20.4667, 5.8482, 21.3175, 13.7708, 15.947, 5.5761, 17.4756, 11.9691, 2.1762, 19.994, 19.4502, 0.8929, 17.3425, 19.2804, 13.1252, 9.8609, 13.67, 7.651, 6.5966, 4.6245, 0, 36.5161, 6.9706, 51.8528, 2.6187],
      [0.317, 0, 0.5036, 0, 0, 2.8287, 0, 0.0034, 0.6165, 2.5089, 0.378, 0.0392, 0.0154, 0.0141, 0.0201, 0.0094, 0.0148, 0.0148, 0.004, 0.0034, 0.0121, 1.1419, 0.0403, 0.1638, 0.1108, 0.6619, 0.1699, 0.1282, 0.1021, 0.1229, 0.0947, 0.0624, 0.0745, 0.0598, 0, 0.4552, 0, 0.419, 0.0618],
      [35.5099, 9.218, 57.3028, 11.5296, 16.3204, 29.0517, 4.8316, 13.986, 24.6213, 11.9195, 20.1681, 5.3833, 27.2819, 12.0713, 14.7214, 7.8994, 19.978, 20.9209, 26.4235, 4.9585, 20.7609, 19.9032, 2.6163, 41.1426, 46.3064, 6.7152, 42.3006, 43.3792, 26.4431, 14.9129, 30.6991, 21.3291, 11.9579, 8.4184, 1.6013, 35.5165, 7.0458, 53.2944, 7.2425],
      [101.7332, 29.0777, 171.3986, 39.0522, 48.362, 56.7412, 17.8983, 33.3201, 70.9248, 34.4106, 55.3482, 16.0269, 57.39, 24.6523, 40.7917, 18.243, 51.6897, 46.2935, 52.6254, 17.4621, 38.7514, 43.9859, 9.1672, 70.6996, 67.1326, 9.7301, 69.187, 72.2122, 45.3296, 39.1033, 57.5362, 24.9575, 24.3709, 18.8973, 8.3987, 104.5122, 29.9836, 193.4338, 15.0771]
    ]
  ],
  "V_est": [
    [318.298, 101.633, 16617.0782, 419.9908],
    [194.4719, 8788.5878, 284.6684, 764.272],
    [33.993, 12.6065, 1086.571, 270.8295],
    [564.2371, 11.1727, 815.6825, 1925.9078]
  ],
  "p_est": [
    [0.0182, 0.0058, 0.9519, 0.0241],
    [0.0194, 0.8761, 0.0284, 0.0762],
    [0.0242, 0.009, 0.7739, 0.1929],
    [0.1701, 0.0034, 0.2459, 0.5806]
  ],
  "EI_Z": {},
  "EI_V": 9.7749,
  "MAE_Z": {},
  "MAE_V": 393.5637,
  "MAE_p": 0.0897,
  "runtime": 0.4619
}
