{
  "X": [
    [20, 17, 38, 207, 367, 3],
    [29, 34, 97, 447, 667, 11],
    [25, 38, 109, 827, 596, 19],
    [2, 3, 5, 35, 53, 1],
    [4, 8, 28, 257, 132, 10],
    [13, 13, 16, 303, 229, 5],
    [2, 3, 3, 11, 12, 1],
    [0, 1, 1, 14, 13, 1],
    [0, 1, 0, 11, 22, 0],
    [11, 12, 19, 358, 172, 9],
    [20, 15, 21, 341, 161, 10],
    [21, 16, 32, 425, 160, 11],
    [63, 32, 58, 459, 839, 32],
    [54, 45, 54, 406, 697, 34],
    [40, 42, 64, 506, 835, 21],
    [36, 30, 58, 352, 610, 17],
    [4, 10, 22, 208, 74, 4],
    [7, 12, 26, 191, 111, 4],
    [9, 43, 32, 552, 204, 13],
    [64, 80, 28, 657, 586, 33],
    [19, 47, 64, 402, 530, 18],
    [1, 6, 3, 34, 47, 5],
    [0, 4, 7, 27, 39, 2],
    [3, 5, 8, 25, 42, 1],
    [5, 3, 18, 74, 85, 2],
    [23, 14, 7, 77, 202, 8],
    [71, 32, 31, 827, 609, 36],
    [42, 49, 36, 432, 440, 38],
    [98, 60, 77, 933, 1032, 73],
    [25, 18, 23, 254, 248, 44],
    [40, 31, 30, 502, 485, 45],
    [13, 8, 36, 186, 240, 11],
    [21, 24, 30, 225, 467, 32],
    [17, 17, 56, 199, 430, 17],
    [30, 65, 148, 647, 894, 26],
    [9, 14, 25, 150, 230, 4],
    [9, 15, 24, 371, 162, 11],
    [16, 13, 7, 79, 113, 3],
    [3, 3, 0, 83, 27, 4],
    [10, 8, 5, 83, 76, 6],
    [12, 33, 16, 113, 184, 17],
    [13, 19, 21, 284, 128, 8],
    [53, 44, 49, 573, 661, 47],
    [26, 3, 3, 120, 134, 19],
    [114, 77, 118, 1548, 1319, 64],
    [5, 10, 11, 127, 131, 8],
    [50, 152, 145, 885, 777, 57],
    [5, 24, 8, 143, 88, 7]
  ],
  "W": [
    [28, 300, 263, 19, 42],
    [62, 508, 558, 58, 99],
    [56, 425, 959, 55, 119],
    [8, 42, 41, 2, 6],
    [8, 99, 297, 7, 28],
    [17, 180, 320, 19, 43],
    [2, 11, 14, 1, 4],
    [4, 8, 15, 1, 2],
    [5, 14, 11, 1, 3],
    [36, 104, 386, 12, 43],
    [41, 128, 348, 13, 38],
    [24, 111, 459, 16, 55],
    [45, 652, 610, 76, 100],
    [64, 577, 484, 67, 98],
    [59, 638, 627, 60, 124],
    [47, 499, 440, 45, 72],
    [15, 49, 211, 7, 40],
    [16, 88, 202, 12, 33],
    [70, 126, 581, 15, 61],
    [132, 412, 717, 58, 129],
    [69, 423, 481, 30, 77],
    [7, 37, 40, 2, 10],
    [6, 31, 34, 1, 7],
    [8, 36, 32, 3, 5],
    [4, 66, 97, 6, 14],
    [20, 163, 87, 29, 32],
    [74, 435, 924, 66, 107],
    [57, 369, 475, 45, 91],
    [119, 791, 1075, 116, 172],
    [35, 188, 294, 36, 59],
    [54, 365, 578, 43, 93],
    [25, 186, 230, 19, 34],
    [38, 389, 271, 35, 66],
    [27, 315, 306, 22, 66],
    [105, 678, 850, 58, 119],
    [27, 176, 185, 21, 23],
    [25, 122, 383, 12, 50],
    [21, 92, 85, 14, 19],
    [4, 25, 82, 1, 8],
    [7, 61, 89, 10, 21],
    [53, 141, 128, 16, 37],
    [28, 98, 282, 18, 47],
    [86, 474, 687, 85, 95],
    [10, 131, 129, 11, 24],
    [148, 1017, 1702, 175, 198],
    [21, 95, 142, 10, 24],
    [166, 637, 1044, 50, 169],
    [38, 66, 155, 2, 14]
  ],
  "method": "mvn_cdf",
  "mvncdf_method": "genz",
  "mvncdf_samples": 5000,
  "mvncdf_error": 1e-06,
  "cond_prob": [
    [
      [0.020220661686, 0.43152881539, 0.024201898254, 0.23163583537, 0.2728612003, 0.019551589005],
      [0.031084797082, 0.0021146414088, 0.037010393173, 0.008728883522, 0.92106128481, 0],
      [0.0044118624717, 0.007527971926, 0.073253586944, 0.71719882639, 0.19760775227, 0],
      [0.27694519625, 0.00011261354075, 0.0039846697451, 0.018331768389, 0.67164355788, 0.028982194197],
      [0.087764375936, 0.054781058874, 0.16375778108, 0.21247468128, 0.43593891668, 0.045283186146]
    ],
    [
      [0.014233172497, 0.40052658077, 0.035372325153, 0.25648346703, 0.27042537873, 0.022959075822],
      [0.020281596879, 0.0019796015801, 0.054877556238, 0.0017162086845, 0.91640002309, 0.0047450135249],
      [0, 0.0060543165373, 0.079779114011, 0.72978510286, 0.18438146659, 0],
      [0.21029183818, 0.00011632396967, 0.0063485880979, 0.022170276816, 0.72398046411, 0.037092508835],
      [0.056743085621, 0.048249080521, 0.22266821761, 0.21939623819, 0.40228979304, 0.05065358501]
    ],
    [
      [0.010584562941, 0.43258752874, 0.02635998865, 0.30620490262, 0.20005833593, 0.024204681124],
      [0.017356378796, 0.0028712908718, 0.054907838836, 0.0027532052492, 0.90719779855, 0.014913487696],
      [0, 0.0056734121846, 0.063869440642, 0.80402377567, 0.1251792925, 0.001254079002],
      [0.20511894259, 0.00016484427207, 0.0062074228636, 0.034749367084, 0.70243731053, 0.051322112653],
      [0.048313123062, 0.059705302943, 0.18988073359, 0.30010417783, 0.3408123968, 0.061184265777]
    ],
    [
      [0.015039946024, 0.3209121326, 0.022742628746, 0.30487784743, 0.31304626309, 0.023381182112],
      [0.021153833567, 0.0022958930387, 0.040734321401, 0, 0.92886045252, 0.0069554994708],
      [0.0053938931486, 0.0031428718506, 0.054659313599, 0.7560517511, 0.17702725492, 0.0037249153826],
      [0.20605161232, 7.2436421212e-05, 0.003482093956, 0.02202532092, 0.73592968319, 0.032438853193],
      [0.059661096374, 0.034545468813, 0.14320357096, 0.25313413057, 0.45891901191, 0.050536721377]
    ],
    [
      [0.0080866575429, 0.4732591961, 0.021727197316, 0.29507725884, 0.1603445702, 0.041505120002],
      [0.015201933606, 0.0035819474634, 0.055124241562, 0.0043987078625, 0.88661293699, 0.035080232519],
      [0, 0.0066913017915, 0.059141753393, 0.82548358551, 0.10104969258, 0.007633666724],
      [0.18717559402, 0.00019808076672, 0.0059936262175, 0.039176649239, 0.66361010177, 0.10384594798],
      [0.040003076946, 0.066807515531, 0.17006522734, 0.3128945861, 0.29591190238, 0.1143176917]
    ],
    [
      [0.011587068695, 0.43938268142, 0.011368825811, 0.34485798336, 0.17441058952, 0.018392851193],
      [0.028016742597, 0.0033018961641, 0.027683910139, 0.0079929498721, 0.92412447115, 0.0088800300786],
      [0.0014775481348, 0.0063592406616, 0.021078690587, 0.86970711114, 0.10137740947, 0],
      [0.2465003061, 0.00017567382657, 0.0028996846138, 0.042290099209, 0.66580300747, 0.042331228775],
      [0.060550812689, 0.0673920533, 0.093566305595, 0.3857882757, 0.33957179065, 0.053130762066]
    ],
    [
      [0.0038715946048, 0.93820323001, 0.0040587401172, 0.02832867433, 0.021542479555, 0.003995281378],
      [0.065862347335, 0.011948725014, 0.065938321404, 0.0018969983905, 0.83421111197, 0.020142495885],
      [0.016716223139, 0, 0.10774792071, 0.73220582794, 0.10876855926, 0.034561468953],
      [0.57508605789, 0.00044497881073, 0.0042697896515, 0.014016728534, 0.36669628543, 0.039486159687],
      [0.11466445207, 0.2479281465, 0.18845507619, 0.16439433734, 0.22278417353, 0.061773814371]
    ],
    [
      [0, 0.22381948508, 0.013675047852, 0.3859482223, 0.33260907265, 0.043948172121],
      [0, 0.00075953882721, 0.016237070245, 0.001874658995, 0.96215792949, 0.018970802441],
      [0, 0.0017452853286, 0.039331964609, 0.78638540177, 0.14324913064, 0.029288217652],
      [0, 5.133408772e-05, 0.051682405556, 0.027781081279, 0.86184212193, 0.058643057145],
      [0, 0.036207567528, 0.086870685968, 0.30882386552, 0.48086059595, 0.087237285032]
    ],
    [
      [0, 0.18009943424, 0, 0.31239380384, 0.50750676191, 0],
      [0, 0.00045570112647, 0, 0.0063790306563, 0.99316526822, 0],
      [0, 0.0016502880827, 0, 0.75766755612, 0.2406821558, 0],
      [0, 3.1573032492e-05, 0, 0.085746867616, 0.91422155935, 0],
      [0, 0.024979423693, 0, 0.30954485556, 0.66547572075, 0]
    ],
    [
      [0.017553787565, 0.28787109343, 0.015908019358, 0.40655395681, 0.23774809497, 0.034365047864],
      [0.030925682173, 0.0011883743751, 0.028244793123, 0.0031113892634, 0.9180653785, 0.01846438257],
      [0.0023140417811, 0, 0.028687315774, 0.84818261922, 0.11603410019, 0.0047819230351],
      [0.26533231833, 8.3697117988e-05, 0.0028664625363, 0.035256957335, 0.64060874336, 0.055851821312],
      [0.071501971026, 0.035163845028, 0.10191049718, 0.35392787357, 0.36013492151, 0.077360891682]
    ],
    [
      [0.030480486392, 0.30857340653, 0.01692048775, 0.43060873511, 0.17884697001, 0.0345699142],
      [0.063962001015, 0.0021782357098, 0.037666767377, 0.0046118913373, 0.86584526348, 0.025735841082],
      [0, 0.0018073618171, 0.032476051701, 0.88495465821, 0.076124691545, 0.004637236731],
      [0.44639891411, 8.57693744e-05, 0.0029174985057, 0.035710441009, 0.4610896578, 0.053797719209],
      [0.12526258012, 0.037884190713, 0.10908737647, 0.37700692053, 0.27246111303, 0.078297819136]
    ],
    [
      [0.025181839264, 0.41783496698, 0.017494758019, 0.34934484842, 0.15923535595, 0.030908231375],
      [0.062425607871, 0.0032650090008, 0.043684009634, 0.003760938379, 0.86405054662, 0.022813888499],
      [0.00043522460163, 0.0053493456872, 0.042854027908, 0.86416180869, 0.081794818974, 0.0054047741397],
      [0.42791264602, 0.00013365158961, 0.0035182993347, 0.033826471686, 0.4785180688, 0.056090862575],
      [0.1167276901, 0.057310121775, 0.12736198435, 0.34557755895, 0.27397508678, 0.079047558041]
    ],
    [
      [0.025699651053, 0.44170294203, 0.015306151745, 0.19622062467, 0.28197726414, 0.039093366362],
      [0.038526938918, 0.0033728879484, 0.022132614787, 0.011854014247, 0.90668912539, 0.017424418714],
      [0.0031509604959, 0.0068640308119, 0.05297488825, 0.69384768098, 0.23396958333, 0.0091928561256],
      [0.31212913816, 0.0001049103692, 0.0022566667544, 0.01393381351, 0.61970254241, 0.051872928802],
      [0.11080051126, 0.057292126831, 0.10394569824, 0.18135199374, 0.45330874306, 0.093300926868]
    ],
    [
      [0.019120624997, 0.50137632722, 0.014826729895, 0.21718729222, 0.21016562739, 0.037323398278],
      [0.038115798673, 0.0032787938962, 0.029581264391, 0.002023102617, 0.90431161166, 0.022689428764],
      [0.0023143788512, 0.0076990117576, 0.050663498877, 0.75851156214, 0.17214834119, 0.0086632071817],
      [0.30509363451, 0.00015645861475, 0.0028698554933, 0.020237399305, 0.60659189749, 0.065050754589],
      [0.094102360097, 0.074318842468, 0.11499271387, 0.22915491081, 0.38571577195, 0.10171540082]
    ],
    [
      [0.0152830988, 0.4629193444, 0.015635928035, 0.22040940147, 0.25978064217, 0.025971585119],
      [0.024022943631, 0.0035644933808, 0.026081276621, 0.0079779874847, 0.93063904246, 0.0077142564223],
      [0.0017612713423, 0.0067794598841, 0.050850297969, 0.73229735424, 0.2025700556, 0.0057415609586],
      [0.22914775273, 0.00013632995483, 0.0028501487971, 0.019350726475, 0.70591344659, 0.042601595454],
      [0.071923200312, 0.06576379644, 0.11599580651, 0.22253552096, 0.45612097874, 0.067660697034]
    ],
    [
      [0.018687986078, 0.45191489271, 0.02083162203, 0.22886276358, 0.25077496633, 0.028927769284],
      [0.031993812417, 0.0032099442475, 0.035251235438, 0.0048755670151, 0.91321236883, 0.011457072057],
      [0.0020709831475, 0.0063328797305, 0.065207566296, 0.73215444047, 0.18808556675, 0.0061485636091],
      [0.27176390101, 0.00012791541616, 0.0036699388061, 0.019406186077, 0.65914638087, 0.045885677821],
      [0.083557557334, 0.060639091503, 0.14686209534, 0.21929597211, 0.41807455597, 0.071570727738]
    ],
    [
      [0.0083119148482, 0.40919466718, 0.023630154896, 0.3895287992, 0.14815356655, 0.021180897326],
      [0.016389228055, 0.003437099892, 0.064800026616, 0.010836501378, 0.8873740059, 0.01716313816],
      [0, 0.0066259979372, 0.053185671909, 0.87768908577, 0.061624140899, 0.00087510348507],
      [0.21074550509, 0.00019140909093, 0.0070895402378, 0.056184340347, 0.66822843918, 0.05756076605],
      [0.039925764174, 0.057355916731, 0.17996357045, 0.40100979911, 0.26540193522, 0.056343014314]
    ],
    [
      [0.0091483517379, 0.48093441411, 0.025672727368, 0.32657804008, 0.1391473281, 0.018519138612],
      [0.026225639119, 0.0042041916575, 0.074045252917, 0.004478615024, 0.87568848955, 0.015357811732],
      [0.00059882453869, 0.0078609748516, 0.05998287454, 0.85648070548, 0.075076620587, 0],
      [0.24022174471, 0.00023081652769, 0.0079852491034, 0.048809311641, 0.6505834662, 0.052169411813],
      [0.046731716252, 0.071042236064, 0.20790577149, 0.35714602999, 0.26486596112, 0.052308285092]
    ],
    [
      [0.0085830298998, 0.47936668827, 0.01334814805, 0.32192328198, 0.15057568668, 0.026203165126],
      [0.018853938418, 0.0042350960621, 0.037141263113, 0.0086733443095, 0.90954326708, 0.021553091012],
      [0, 0.0070829040158, 0.033286860303, 0.86878624571, 0.086405832431, 0.0044381575362],
      [0.21165669969, 0.00022963840118, 0.0039645763096, 0.046056875694, 0.6679059133, 0.070186296602],
      [0.046700674933, 0.078558982105, 0.11453600006, 0.37568634398, 0.30552250718, 0.078995491739]
    ],
    [
      [0.025513862082, 0.48302480622, 0.0089456876958, 0.25440213735, 0.19556694518, 0.032546561463],
      [0.052694608744, 0.0032897972637, 0.019022855813, 0.0023350781445, 0.90114642301, 0.021511237025],
      [0, 0.0075501636197, 0.0136559947, 0.8171848649, 0.15451396855, 0.0070950082261],
      [0.38683615007, 0.00014418725612, 0.0016423570372, 0.022498096785, 0.53510223889, 0.05377696996],
      [0.12779453255, 0.073360456819, 0.070505021097, 0.27310409244, 0.36504179573, 0.090194101372]
    ],
    [
      [0.010576006952, 0.51690230721, 0.020407436702, 0.22495332664, 0.20112399473, 0.02603692777],
      [0.018777742079, 0.003435621474, 0.04276310095, 0.0020323942429, 0.91685803478, 0.01613310647],
      [0, 0.0078207309261, 0.065922705857, 0.76070770999, 0.16127423077, 0.0042746224498],
      [0.20579493939, 0.00019653103591, 0.0048161114434, 0.025559741084, 0.70828869942, 0.05534397762],
      [0.053940551156, 0.079387083279, 0.16428299098, 0.24612099945, 0.3827263593, 0.073542015845]
    ],
    [
      [0.0053591204524, 0.62743670442, 0.0073281747012, 0.15388727218, 0.14751838567, 0.058470342574],
      [0.009174620195, 0.0044564285147, 0.020239902693, 0.0017992042643, 0.9170745742, 0.04725527013],
      [0, 0.010501784447, 0.036072644901, 0.76725251612, 0.17756155658, 0.0086114979494],
      [0.13764347828, 0.00024591131472, 0.0021933691739, 0.02182929876, 0.67637053441, 0.16171740806],
      [0.034773825305, 0.10224920135, 0.075253384308, 0.21224592945, 0.35804087228, 0.21743678731]
    ],
    [
      [0, 0.52212176695, 0.032255130257, 0.20143385059, 0.20938491701, 0.034804335192],
      [0, 0.0025820411636, 0.062391700757, 0.001632537402, 0.90707843809, 0.026315282589],
      [0, 0.0064002312187, 0.090798979495, 0.71035082752, 0.1822795926, 0.01017036917],
      [0, 0.00016857840162, 0.0079201523342, 0.12527410339, 0.79885630501, 0.067780860865],
      [0, 0.081349954624, 0.25389157712, 0.20908371402, 0.37541378054, 0.080260973705]
    ],
    [
      [0.015591015618, 0.53407020208, 0.04448477812, 0.19188489477, 0.19594531944, 0.018023789976],
      [0.043067251909, 0.0058660745515, 0.030761711839, 0.022273284988, 0.88676775858, 0.011263918135],
      [0.0018226569548, 0.0067583129888, 0.15261973586, 0.67853081802, 0.15622935194, 0.0040391242413],
      [0.3055855577, 0.00015041665747, 0.0092661238484, 0.018862422987, 0.63186230245, 0.034273176356],
      [0.069953822135, 0.059908486774, 0.32501404597, 0.17870182735, 0.32277439326, 0.043647424508]
    ],
    [
      [0.017427263061, 0.4051664911, 0.048133040992, 0.25444895825, 0.2506864582, 0.024137788406],
      [0.027789167442, 0.00179612872, 0.076972490062, 0.0017380732742, 0.88032155575, 0.011382584754],
      [0.005987358995, 0.0071633937941, 0.088925821812, 0.72049334646, 0.17514424884, 0.0022858301011],
      [0.265735285, 0.00010055263234, 0.0084337403356, 0.021369042668, 0.66598409086, 0.038377288506],
      [0.065787168865, 0.040381216162, 0.28934830959, 0.20367303343, 0.35079534326, 0.050014928698]
    ],
    [
      [0.025810274221, 0.5105618274, 0.009424896956, 0.19759971146, 0.22674522095, 0.029858069017],
      [0.045629698722, 0.0043399930971, 0.0083820906864, 0.0045961239482, 0.91999538093, 0.017056712613],
      [0.0033413173464, 0.008063124882, 0.034595465333, 0.74771713464, 0.19887484042, 0.0074081173816],
      [0.36499101659, 0.000132286632, 0.0015854635492, 0.015885414863, 0.57208282879, 0.045322989573],
      [0.13033498543, 0.074250512502, 0.074669917254, 0.21208655696, 0.4254167293, 0.083241298559]
    ],
    [
      [0.03641350521, 0.33234602207, 0.011358397034, 0.33756559432, 0.23697381242, 0.045342668937],
      [0.057106949105, 0.0018456894414, 0.019692308672, 0.0025266105038, 0.89278288784, 0.02604555444],
      [0, 0.0024771124466, 0.0149811599, 0.8316702793, 0.14351378653, 0.007357661816],
      [0.42246210185, 7.587020537e-05, 0.0015944540274, 0.022829720793, 0.49574199781, 0.057295855317],
      [0.14562036478, 0.040277197433, 0.07145325826, 0.28926140937, 0.35306234634, 0.10032542382]
    ],
    [
      [0.01489336017, 0.58956397296, 0.0096613290386, 0.21173665761, 0.13172593393, 0.042418746291],
      [0.045352691418, 0.0057189203335, 0.029688314453, 0.0028055566134, 0.87788779017, 0.038546727009],
      [0.0025691382183, 0.0075238065047, 0.033734595436, 0.82682534929, 0.12136177826, 0.0079853322908],
      [0.33374899302, 0.00025594497774, 0.0026164443544, 0.027603690198, 0.53221917094, 0.10355575651],
      [0.089855934038, 0.10658512445, 0.091787289928, 0.27375333139, 0.29620131675, 0.14181700345]
    ],
    [
      [0.025948857837, 0.38126097115, 0.014494071419, 0.28491033337, 0.23577956524, 0.057606200989],
      [0.045049099884, 0.0021471692328, 0.025422694106, 0.0021577008584, 0.89533554917, 0.02988778675],
      [0.0014937098548, 0.0043316846712, 0.035932921762, 0.79190880401, 0.15680150865, 0.0095313710473],
      [0.33777494899, 9.8388740756e-05, 0.0022946710231, 0.021735293129, 0.55601794353, 0.082078754584],
      [0.10750357984, 0.048043950315, 0.094603382151, 0.25328878276, 0.36437272729, 0.13218757765]
    ],
    [
      [0.019332061261, 0.34779014338, 0.013030081795, 0.2372369625, 0.18644094812, 0.19616980294],
      [0.038563401575, 0.0022053490283, 0.02620073452, 0.011270914765, 0.90080753591, 0.020952064205],
      [0.012930325417, 0.010944947371, 0.044955246758, 0.78985926788, 0.14131021257, 0],
      [0.25534330605, 8.8528208968e-05, 0.0020700647476, 0.018130750564, 0.44248832945, 0.28187902098],
      [0.069145485925, 0.037148098675, 0.073336341856, 0.18146512812, 0.24827063913, 0.39063430629]
    ],
    [
      [0.02187508039, 0.40309965099, 0.011379380887, 0.26962112388, 0.21817509745, 0.075849666402],
      [0.040816122013, 0.002415376785, 0.021430831482, 0.0021908773381, 0.89091492002, 0.042231872361],
      [0.0034318231155, 0.0060522545631, 0.024798756324, 0.80041415605, 0.15886783035, 0.0064351796041],
      [0.30715557902, 0.00011061212951, 0.0019328989143, 0.022054282623, 0.55264724006, 0.11609938726],
      [0.093866424363, 0.05212953614, 0.076843700351, 0.24788250253, 0.34887270609, 0.18040513053]
    ],
    [
      [0.019942811954, 0.28271487999, 0.03887552443, 0.30785153388, 0.30385950315, 0.046755746591],
      [0.0269028329, 0, 0.052865683862, 0.0017999529379, 0.89844543099, 0.019986099308],
      [0.0022655849378, 0, 0.078241556267, 0.73897504785, 0.1720296832, 0.0084881277492],
      [0.24388750789, 6.6395566881e-05, 0.0056972443778, 0.021684469594, 0.66680889956, 0.061855483013],
      [0.068898694006, 0.027378426014, 0.20856732666, 0.22331336701, 0.38401370677, 0.087828479542]
    ],
    [
      [0.013984168968, 0.44449743788, 0.014558276102, 0.21986567231, 0.24237339872, 0.06472104602],
      [0.021917772341, 0.0036552340659, 0.024741495465, 0.0046094887795, 0.91600227918, 0.029073730168],
      [0.0016251523691, 0.0065037016495, 0.047806477767, 0.73902568872, 0.19063296275, 0.014406016739],
      [0.21070904257, 0.00012970956095, 0.0026578373732, 0.019297954185, 0.66066826032, 0.10653719599],
      [0.062535687219, 0.059396489807, 0.10263278772, 0.2106155042, 0.40424245802, 0.16057707303]
    ],
    [
      [0.018479822765, 0.39528965783, 0.032130844296, 0.15908956339, 0.35138175892, 0.043628352799],
      [0.021159232027, 0.0049682734211, 0.025527700111, 0.035168880512, 0.89555335241, 0.017622561518],
      [0.0022985038955, 0.0061694737882, 0.11307996751, 0.57214027779, 0.29591148706, 0.010400289952],
      [0.20989652124, 8.6560978628e-05, 0.0044148266119, 0.010524386286, 0.72109754167, 0.053980163217],
      [0.068406379358, 0.043521360457, 0.1877522034, 0.12605943826, 0.48485341731, 0.089407201217]
    ],
    [
      [0.012069959689, 0.46597691046, 0.036038674659, 0.21274962263, 0.24551256957, 0.027652262989],
      [0.016553838907, 0.0025249861507, 0.061066871462, 0.0015560134304, 0.90444172983, 0.013856560223],
      [0, 0.0084896412728, 0.086679089739, 0.70513812942, 0.1960382899, 0.0036548496663],
      [0.19682086913, 0.00015016818398, 0.0071514458931, 0.02034404837, 0.72614901515, 0.049384453272],
      [0.051206227264, 0.059962848362, 0.24134949722, 0.19377266979, 0.38874368132, 0.064965076041]
    ],
    [
      [0.013029057482, 0.41498019154, 0.025403641561, 0.25439504557, 0.26930054957, 0.022891514273],
      [0.018180274119, 0.0020291220273, 0.040080199967, 0.0018830388025, 0.93020961659, 0.0076177484951],
      [0, 0.0066444998089, 0.071311849167, 0.74032139033, 0.18172226069, 0],
      [0.1981635593, 0.00011936844014, 0.0046365443145, 0.022290769905, 0.73708953827, 0.037700219767],
      [0.055958802515, 0.052463919551, 0.17260551987, 0.23358067657, 0.4310649613, 0.054326120191]
    ],
    [
      [0.010476971374, 0.39313048177, 0.015567625391, 0.39119397615, 0.15811374547, 0.031517199846],
      [0.027207359189, 0.0032208666884, 0.040744833544, 0.004410922149, 0.90003044336, 0.024385575068],
      [0.00018393437421, 0.0051004923991, 0.033047393379, 0.88726815498, 0.068917076304, 0.0054829485618],
      [0.23470809249, 0.00016765892532, 0.0041734215482, 0.050467256276, 0.63414666356, 0.076336907199],
      [0.050636678388, 0.056465834476, 0.11865413901, 0.40505415321, 0.28476884172, 0.0844203532]
    ],
    [
      [0.033682607306, 0.50250701652, 0.011089963534, 0.24256471953, 0.18978954873, 0.020366144373],
      [0.054499246875, 0.0052594456425, 0.022234292664, 0.0043934164904, 0.90597279, 0.00764080833],
      [0.0038030306155, 0.0069056397333, 0.035657531268, 0.80373449925, 0.14548424804, 0.0044150510935],
      [0.47984832512, 0.00012653822063, 0.0018202956683, 0.01899919749, 0.46901590479, 0.030189738711],
      [0.17040002, 0.072354354821, 0.08764113387, 0.25886975639, 0.35434416034, 0.056390574574]
    ],
    [
      [0.015567329755, 0.43912970274, 0, 0.3714950231, 0.11051218124, 0.063295763168],
      [0.054911384481, 0.0039655527774, 0, 0.024916592491, 0.85654546188, 0.059661008375],
      [0.0012775929792, 0.0081804249759, 0, 0.94524324231, 0.036376242, 0.0089224977376],
      [0.39468245522, 0.0016498654496, 0, 0.044668164694, 0.42450178785, 0.13449772678],
      [0.13318762368, 0.058987207019, 0, 0.41706138268, 0.21712013703, 0.17364364959]
    ],
    [
      [0.015899595833, 0.63998365499, 0.0068679624356, 0.1953445899, 0.11471026656, 0.027193930282],
      [0.055668054255, 0.006118022916, 0.023998576262, 0.0029192251854, 0.88319205147, 0.028104069913],
      [0.0015334444702, 0.0074547974329, 0.021179922492, 0.84362264764, 0.11314190206, 0.013067285906],
      [0.40063157055, 0.00025631413493, 0.0019771606439, 0.026885564427, 0.49900068974, 0.071248700503],
      [0.11191234554, 0.11813690021, 0.075391733464, 0.29063065952, 0.29822270544, 0.10570565584]
    ],
    [
      [0.013873471224, 0.53290280912, 0.013600152537, 0.18818150639, 0.19407809907, 0.057363961656],
      [0.031458491923, 0.004191175, 0.031678184849, 0, 0.90250898632, 0.030163161903],
      [0.0019084586267, 0.0091000995577, 0.052387613505, 0.74307065796, 0.17862578679, 0.01490738356],
      [0.24733424365, 0.00018092248902, 0.0028994726645, 0.019249223809, 0.61981774938, 0.11051838801],
      [0.071011569225, 0.081013187529, 0.10974491245, 0.2055499557, 0.36970024266, 0.16298013243]
    ],
    [
      [0.011847273518, 0.46277409361, 0.014707556218, 0.35817583433, 0.12940381874, 0.023091423585],
      [0.037002864008, 0.0045244522431, 0.046237396107, 0.0048450311906, 0.88591982417, 0.021470432283],
      [0.0023724366327, 0.0076126485276, 0.035909315889, 0.89798148276, 0.052938286361, 0.0031858298323],
      [0.29907562428, 0.00021963928437, 0.0044150606484, 0.051700671721, 0.58191877533, 0.06267022874],
      [0.063608665986, 0.073366141853, 0.12448990287, 0.41138028412, 0.25858331058, 0.068571694592]
    ],
    [
      [0.021146886099, 0.39915883699, 0.01435117401, 0.25523592838, 0.25016405683, 0.059943117687],
      [0.035051519006, 0.0021358486406, 0.024020638811, 0.0018437314456, 0.90727779011, 0.029670471991],
      [0.0029288427801, 0.0055411445197, 0.039479674774, 0.766440146, 0.17540555033, 0.010204641595],
      [0.28330599281, 0.00010536348453, 0.0023338442866, 0.019994128498, 0.60647368836, 0.087786982565],
      [0.089198141138, 0.050991848228, 0.09535897794, 0.23086210766, 0.39349833702, 0.14009058801]
    ],
    [
      [0.094595955925, 0.22176871638, 0.0083449862662, 0.31236017313, 0.18479785258, 0.17813231571],
      [0.078546336065, 0.00013287160901, 0, 0.039423340442, 0.84336100656, 0.038536445322],
      [0.0085142011524, 0.0024888859246, 0.015613336965, 0.82969921431, 0.11309770405, 0.0305866576],
      [0.64582742201, 2.7217260922e-05, 0.00065071924385, 0.011643996652, 0.2158071592, 0.12604348563],
      [0.27341820106, 0.01848087422, 0.03730298988, 0.18969408589, 0.19617696007, 0.28492688889]
    ],
    [
      [0.018697246433, 0.38592018039, 0.015696953122, 0.34063605832, 0.20409925347, 0.034950308274],
      [0.037839189044, 0.0025380804957, 0.032102993709, 0.0030087413083, 0.90336289232, 0.021148103128],
      [0.0018957951246, 0.0040415616453, 0.035607144087, 0.83675926582, 0.11620639524, 0.0054898380792],
      [0.30278222519, 0.00012427606626, 0.0030964595807, 0.032387664953, 0.59957362811, 0.0620357461],
      [0.083519290704, 0.05253585458, 0.11051952866, 0.32673667506, 0.34022514839, 0.086463502605]
    ],
    [
      [0.011700294178, 0.38009381958, 0.015333216963, 0.30495716405, 0.24361816531, 0.044297339911],
      [0.017195312877, 0.0020394638432, 0.026659840203, 0.0022745795769, 0.92605976887, 0.025771034628],
      [0, 0.0045697025152, 0.039177333707, 0.79739166459, 0.15001899355, 0.0088423056325],
      [0.18862836425, 0.00011452026138, 0.0029440097651, 0.028074084809, 0.70321536747, 0.077023653446],
      [0.051435644019, 0.0489265735, 0.10636233918, 0.28622738645, 0.39889540526, 0.10815265158]
    ],
    [
      [0.0090414533692, 0.68697261559, 0.015924637635, 0.15520908277, 0.10560492075, 0.027247289889],
      [0.03383617312, 0.0083090878679, 0.060223160754, 0.0025340816773, 0.86462436415, 0.030473132432],
      [0.0021398820963, 0.0076468992881, 0.070856270987, 0.78235996699, 0.12685959569, 0.010137384947],
      [0.28025326255, 0.00042029563459, 0.0059990298654, 0.028179268153, 0.59274254876, 0.092405595043],
      [0.063306369391, 0.14594839764, 0.17586070029, 0.23330362892, 0.27588945476, 0.10569144901]
    ],
    [
      [0.012303009946, 0.55841437142, 0.0096265415925, 0.23852713887, 0.14444246328, 0.03668647489],
      [0.034869694393, 0.0049023029232, 0.027381896529, 0.0029129308856, 0.89918955018, 0.03074362509],
      [0.0040456257882, 0.007097577476, 0.02945283504, 0.83525269233, 0.11315001234, 0.011001257027],
      [0.28926093787, 0.00023714957756, 0.0026032925517, 0.030952016164, 0.58702455036, 0.08992205347],
      [0.0732494228, 0.096864506082, 0.089756445156, 0.3012602815, 0.31802679073, 0.12084255373]
    ]
  ],
  "expected_outcome": [
    [
      [0.56617852721, 0.88245669481, 0.59273552467, 0.12031956819, 0.064693260343, 0.19698016781, 0.0077431892097, 0, 0, 0.63193635236, 1.2496999421, 0.60436414234, 1.1564842974, 1.2237199998, 0.9017028292, 0.87833534564, 0.12467872272, 0.14637362781, 0.60081209298, 3.3678297948, 0.72974447967, 0.037513843167, 0, 0.12472812494, 0.069709052245, 0.51620548442, 2.6945993856, 0.84892152969, 3.0879140826, 0.67662214414, 1.181254341, 0.49857029885, 0.53139842077, 0.49895521465, 1.2673457674, 0.35178455201, 0.26192428434, 0.70733475343, 0.062269319019, 0.11129717083, 0.73529397489, 0.33172365851, 1.8186322045, 0.94595955925, 2.7671924721, 0.24570617775, 1.5008812593, 0.46751437794],
      [12.0828068308, 24.8326480077, 24.2249016093, 2.5672970608, 3.7860735688, 7.4695055841, 1.87640646, 0.89527794031, 0.90049717121, 10.3633593634, 12.6515096678, 10.0280392074, 19.8766323912, 32.0880849422, 27.3122413199, 21.2399999572, 6.1379200077, 7.6949506257, 33.5556681786, 63.7592744215, 35.6662591975, 4.392056931, 3.1327306017, 4.2725616167, 1.6206659644, 10.211236548, 24.5936056335, 33.6051464586, 45.3700555672, 12.1726550182, 21.7673811535, 7.0678719998, 16.8909026395, 10.6728207615, 48.9275755982, 11.2044651716, 9.8282620442, 10.5526473469, 1.7565188109, 4.4798855849, 28.2438488832, 12.9576746212, 34.3276599814, 2.2176871638, 57.1161866972, 7.9819702111, 114.0374541885, 21.219746114],
      [0.67765315111, 2.1930841595, 1.4761593644, 0.18194102997, 0.17381757852, 0.19327003878, 0.0081174802345, 0.054700191409, 0, 0.57268869688, 0.69373999774, 0.41987419246, 0.68877682853, 0.94891071327, 0.92251975405, 0.97908623543, 0.35445232344, 0.41076363788, 0.93437036353, 1.1808307758, 1.4081131325, 0.051297222909, 0.19353078154, 0.35587822496, 0.19253216397, 0.18849793912, 0.84052138053, 0.5506957552, 1.7247944988, 0.45605286284, 0.61448656789, 0.97188811075, 0.55321449187, 0.86753279598, 3.7840608392, 0.68589832216, 0.38919063477, 0.23288923422, 0, 0.048075737049, 0.72080808449, 0.4118115741, 1.2342009648, 0.083449862662, 2.3231490621, 0.32199755623, 2.6434898474, 0.36580858052],
      [6.4858033903, 15.9019749557, 17.1474745468, 2.4390227795, 2.3606180707, 5.8625857171, 0.056657348661, 1.5437928892, 1.5619690192, 14.6359424453, 17.6549581396, 8.3842763621, 8.8299281103, 13.8999867023, 13.0041546866, 10.7565498881, 5.842931988, 5.2252486412, 22.5346297387, 33.5810821304, 15.5217795382, 1.0772109052, 1.2086031035, 1.5350791581, 1.017795833, 3.9519942292, 24.97985398, 12.0689894839, 33.9043296706, 8.3032936877, 14.5595406894, 7.6962883471, 8.3548955477, 4.2954182116, 22.3387103765, 6.8686662304, 9.7798494038, 5.0938591102, 1.4859800924, 1.3674121293, 9.9736198388, 10.0289233612, 21.9502898408, 3.1236017313, 50.4141366309, 6.4041004452, 25.7647077394, 9.0640312772],
      [7.6401136084, 16.7663734815, 11.2032668118, 2.5043701047, 1.2827565616, 2.9649800219, 0.043084959111, 1.3304362906, 2.5375338096, 8.558931419, 7.3327257705, 3.8216485427, 12.6889768862, 13.4506001527, 15.3270578883, 11.7864234174, 2.2223034983, 2.2263572496, 10.5402980674, 25.8148367643, 13.8775556361, 1.0326286997, 1.2563095021, 1.5675625555, 1.0027458328, 4.5349044189, 17.5360621192, 7.508378234, 28.0577682631, 6.5254331843, 11.7814552625, 7.5964875787, 9.2101891515, 9.4873074907, 25.7788198049, 7.2711148385, 3.9528436367, 3.9855805234, 0.44204872497, 0.80297186589, 10.2861392509, 3.6233069246, 21.5141088874, 1.8479785258, 30.2066895131, 5.1159814716, 17.5304168438, 5.4888136046],
      [0.54744449214, 1.4234627009, 1.355462143, 0.1870494569, 0.33204096001, 0.31267847028, 0.007990562756, 0.17579268848, 0, 1.2371417231, 1.4173664822, 0.74179755299, 1.7592014863, 2.3886974898, 1.532323522, 1.3596051563, 0.31771345989, 0.29630621778, 1.8342215588, 4.2961461131, 1.7965480161, 0.40929239802, 0.20882601115, 0.14419031981, 0.096551153625, 0.59716138033, 3.3553575013, 2.4178685386, 6.8551379177, 6.8659431029, 4.0958819857, 1.1688936648, 2.4593997487, 1.1779655256, 2.9034876138, 0.61807088536, 0.78792999616, 0.42768903184, 0.25318305267, 0.19035751198, 3.0402899678, 0.64655986039, 5.1551081211, 1.7813231571, 5.1726456245, 0.93024413812, 4.5230501216, 1.3940860458]
    ],
    [
      [9.3254391246, 10.3030512145, 7.3764609883, 0.88846100983, 1.504991427, 5.0430136674, 0.72448582068, 0, 0, 3.216270946, 8.1871361299, 6.9292424737, 25.1195641744, 21.9928158346, 15.3266380366, 15.9649123959, 0.80307217468, 2.3078562425, 2.3755962407, 21.7101788025, 7.9429848996, 0.33946094722, 0, 1.5504210687, 1.8340850512, 7.4376408917, 24.8415228609, 16.7351431333, 35.6338380085, 7.249919496, 14.8978845346, 5.0039269194, 8.5260134407, 6.6651580885, 11.2235027787, 3.1997282449, 3.3192978211, 5.0139307125, 1.372784612, 3.3957513096, 4.4356473612, 3.6262806728, 16.6144200088, 10.2895700246, 38.4824552574, 1.6335547233, 21.5536422777, 2.30139983],
      [0.63439242265, 1.0056376027, 1.2202986205, 0.096427507623, 0.35461279887, 0.59434130953, 0.13143597516, 0.0060763106177, 0.0063798157705, 0.12359093501, 0.27881417085, 0.36241599909, 2.1991229424, 1.8918640781, 2.2741467769, 1.6017621795, 0.16841789471, 0.36996886586, 0.53362210382, 1.3553964726, 1.4532678835, 0.16488785505, 0.080043276071, 0.21117868385, 0.11854449552, 0.70741887483, 0.80287490699, 2.1102816031, 1.6984108632, 0.41460561732, 0.88161252651, 0, 1.4218860516, 1.5650061276, 1.7119406102, 0.3571254768, 0.39294573598, 0.48386899911, 0.099138819435, 0.37319939787, 0.590955675, 0.44339631983, 1.0123922557, 0.01740618078, 2.5812278641, 0.19374906511, 5.2928889718, 0.32355199293],
      [11.103117952, 27.8777985688, 23.3358315053, 1.7108414988, 5.4572999146, 4.9831038251, 0.72532153545, 0.12989656196, 0, 2.9374584848, 4.8213462242, 4.8489250694, 14.4304648413, 17.0683895535, 16.6398544842, 17.5903664836, 3.1752013042, 6.5159822567, 4.6797991523, 7.8374165949, 18.0887917017, 0.74887639963, 1.9341427235, 1.1074216262, 5.0801843441, 1.3662807819, 8.5661542721, 10.9549880333, 20.109351038, 4.9257380898, 7.8222534911, 9.8330171984, 9.6244417358, 8.0412255349, 41.4033388513, 7.0541151942, 4.9708696923, 2.0455549251, 0, 1.463913152, 4.4666240637, 4.5312648185, 11.3857827966, 0, 32.648744602, 2.5326848192, 38.3621534001, 1.8072051709],
      [2.6186650566, 0.87183401173, 1.1701122309, 0, 0.43547207838, 1.438730977, 0.020866982295, 0.01499727196, 0.089306429188, 0.32358448339, 0.59032209118, 0.41746416007, 7.7288172889, 1.16733021, 5.0899560152, 2.4329079405, 0.53098856754, 0.39411812211, 1.092841383, 0.96205219555, 0.85970276475, 0.06657055778, 0.050608659463, 0.80183825955, 0.1147128361, 0.74916820356, 1.0990755692, 1.0352503903, 1.706741379, 2.1189319759, 0.7996702284, 0.33479124645, 1.7930911352, 11.0781973612, 1.0549771058, 0.33141482924, 0.53813250217, 0.40419431712, 0.62291481228, 0.17807273631, 0, 0.47481305668, 0.87392870521, 5.1644575979, 3.0598899105, 0.2160850598, 1.6142100285, 0.19225343845],
      [276.3183854441, 465.5312117316, 385.5590643843, 39.0121390059, 87.7746807618, 166.3424048068, 9.1763222317, 7.6972634359, 13.904313755, 95.4787993635, 110.8281937254, 95.9096106744, 591.1613097516, 521.7877999269, 593.7477090896, 455.6929720439, 43.481326289, 77.0605870804, 114.6024516527, 371.2723262803, 387.8309487136, 33.9317592455, 28.1194315807, 31.9236393088, 58.1012226794, 149.9592470921, 388.3605562097, 323.9405945737, 708.2104193919, 169.3518167505, 325.1839458075, 167.1108501645, 356.3248866013, 282.0993060097, 613.2114928229, 163.7168925197, 109.8037140901, 83.3494966798, 21.4136365469, 53.8747151395, 127.2537670718, 86.8201427684, 430.04967251, 110.4802918596, 918.7200614845, 87.9756780428, 550.7657199626, 59.3465103118],
      [0, 2.4104668706, 6.3382322707, 0.29213097777, 3.4729430194, 1.5984054141, 0.22156745473, 0.15176641953, 0, 1.9202957873, 3.2941876585, 2.5323416234, 11.3607210014, 13.0918003969, 4.9216955974, 5.7170789566, 0.84099376986, 1.3514874324, 2.7156894676, 8.8626296542, 6.8243040369, 1.7484449948, 0.81577376025, 0.40550105286, 0.75125059376, 2.780244156, 11.3298161812, 14.2237422663, 23.6412393195, 3.9389880705, 15.4146334119, 3.7174144712, 11.3096810354, 5.551106878, 9.3947478312, 1.3407237351, 2.9750401583, 0.70295436636, 1.4915252094, 1.7143482647, 4.2530058283, 2.1041023638, 14.0638037238, 5.0482743372, 21.5076208814, 2.4482482897, 19.4113853593, 2.029079256]
    ],
    [
      [1.1603198301, 0, 0, 0.22114961909, 0, 0.47281540314, 0.23402712395, 0, 0, 0.89322012752, 0, 0.19976809215, 1.9220859025, 1.120159364, 1.1043171316, 0.9112325849, 0, 0.12096255682, 0, 0, 0, 0, 0, 0.058325022554, 0.58077382252, 0.29069460914, 0, 1.2203406537, 1.6057380939, 3.8015156726, 1.9835937608, 0.5210845357, 0.44041629202, 0.70334219202, 0, 0, 0.070446865321, 0.32325760232, 0.1047626243, 0.13647655785, 0.24428270422, 0.66902713041, 2.0121149899, 1.0983319487, 3.2266433021, 0, 2.2340369086, 0.62707199717],
      [1.9798566165, 3.3783086278, 5.440802285, 0.12885774587, 1.9873166321, 2.0349570117, 0, 0.026179279928, 0.01815316891, 0, 0.62896191237, 2.4553496704, 4.1870587953, 3.7263216907, 4.2507213473, 2.7864670814, 1.3980855648, 1.58791692, 4.1151672332, 5.4134673153, 3.7617715755, 0.42007137787, 0.21760786144, 0.21626601564, 0.69484919802, 0.70149186473, 2.2888519007, 3.5738080897, 4.6565610216, 3.2178145271, 3.4982031375, 0, 1.762503147, 1.8878589792, 7.2161950819, 1.2292324646, 1.9534885889, 0.58697937733, 0.67079484802, 0.66347697153, 1.1648127434, 2.1467668848, 3.8067662851, 0.32106628427, 6.8787379202, 0.64889775715, 7.9833628568, 1.1001245088],
      [19.2656933662, 44.5167456182, 61.2507935761, 2.2410318575, 17.5651007578, 6.7451809879, 1.5084708899, 0.58997946914, 0, 11.0733038889, 11.3016659918, 19.6699988096, 32.3146818323, 24.5211334563, 31.8831368268, 28.6913291702, 11.2221767728, 12.1165406571, 19.3396658361, 9.7913481996, 31.7088215174, 1.442905796, 3.0871653028, 4.8838315474, 8.6258047157, 3.0098054839, 13.8425917477, 16.0239328321, 38.6278908945, 13.216842547, 14.3336811551, 17.9955579414, 12.9555554749, 34.6024700594, 73.677226278, 13.192692096, 12.657151664, 3.0308901578, 0, 1.8850131018, 6.7056145286, 10.1264270807, 27.12253657, 2.0141204685, 60.6033592355, 5.5631813865, 73.9739469104, 4.5651894313],
      [188.6232913399, 407.2200873965, 771.0588008704, 30.9981217952, 245.1686248955, 278.3062755658, 10.2508815911, 11.7957810265, 8.3343431173, 327.3984910198, 307.9642210557, 396.6502701886, 423.2470854004, 367.1195960753, 459.1504411105, 322.147953806, 185.1923970975, 173.0091025074, 504.7648087599, 585.9215481361, 365.900408507, 30.690100645, 24.1519281355, 21.7129861766, 69.8878546069, 65.0513907135, 768.4633380759, 392.7420409106, 851.301964312, 232.2186247572, 462.6393821943, 169.9642610056, 200.2759616433, 175.0749250037, 599.3674100079, 136.9594572112, 339.8237033582, 68.3174324363, 77.5099458692, 75.0824156403, 95.1130442193, 253.2307781375, 526.5443803038, 107.0311986463, 1424.1642704292, 113.2296163721, 816.7838055378, 129.464167311],
      [51.9708388472, 102.8848583575, 120.0469415056, 7.2581174516, 30.0117586976, 32.4407710315, 1.5227598296, 2.1487369596, 2.6475037138, 44.7891626722, 26.4913926577, 37.5438219091, 142.7214458329, 83.3197971377, 127.0114248627, 82.7576493695, 13.0026937296, 15.1654773586, 50.2017886424, 110.7865154509, 77.5729050018, 7.1024622631, 6.1975061484, 4.9993392621, 16.988992137, 17.3021111165, 132.6067387577, 57.6468446757, 168.5616218022, 41.5452024961, 91.8256059412, 39.5668271349, 51.6615329066, 90.5489150404, 166.6325464159, 33.6186182282, 26.3952402244, 12.3661610833, 2.982851844, 10.0696292829, 22.8641007088, 14.9285967538, 120.5036130756, 14.5896038218, 197.7832847023, 21.3026970845, 132.4414179022, 17.5382519126],
      [0, 0, 1.2026617629, 0.15272153069, 2.267199017, 0, 0.48386056534, 0.43932326478, 0, 1.8458222915, 1.6137583824, 2.4807913301, 5.6076422366, 4.1929922759, 3.599958721, 2.705367988, 0.18464683535, 0, 2.5785695285, 5.0871208981, 2.0560933983, 0.34445991797, 0.3457925518, 0.12925197572, 0.22172551981, 0.6445062122, 6.798479518, 3.7930328381, 10.2462238759, 0, 3.7195338112, 1.9522693823, 3.9040305362, 3.1824887253, 3.1066222164, 0, 2.0999692992, 0.37527934295, 0.73164481449, 1.1629884457, 1.9081450957, 0.89840401271, 7.0105887756, 3.9456788304, 9.3437044107, 1.2556073998, 10.5834298843, 1.7051948391]
    ],
    [
