{
  "X": [
    [30, 46, 38, 445, 324, 46],
    [46, 51, 34, 405, 397, 44],
    [35, 52, 42, 515, 413, 34],
    [31, 28, 34, 307, 318, 38],
    [21, 47, 63, 366, 307, 38],
    [19, 44, 33, 394, 274, 23],
    [37, 35, 45, 271, 700, 85],
    [25, 23, 37, 138, 861, 68],
    [50, 48, 57, 310, 741, 79],
    [6, 5, 11, 56, 136, 10],
    [26, 20, 18, 132, 291, 45],
    [41, 45, 58, 364, 768, 87],
    [22, 17, 27, 160, 333, 28],
    [86, 87, 73, 925, 744, 85],
    [35, 37, 41, 320, 622, 69],
    [19, 12, 20, 88, 489, 34],
    [15, 16, 30, 133, 430, 37],
    [11, 3, 16, 55, 378, 44],
    [15, 8, 15, 70, 397, 34],
    [19, 11, 22, 87, 555, 45],
    [23, 8, 28, 73, 718, 45],
    [14, 17, 20, 51, 538, 45],
    [25, 12, 24, 121, 271, 30],
    [22, 33, 19, 178, 267, 39],
    [51, 33, 44, 341, 480, 61],
    [5, 2, 2, 35, 166, 24],
    [21, 28, 21, 331, 399, 38],
    [0, 0, 1, 6, 14, 1],
    [106, 161, 216, 856, 1733, 247],
    [11, 20, 25, 137, 209, 20]
  ],
  "W": [
    [134, 61, 320, 259, 57, 60, 38],
    [118, 49, 362, 241, 76, 82, 49],
    [173, 66, 388, 277, 107, 48, 32],
    [83, 36, 309, 178, 66, 53, 31],
    [109, 81, 285, 204, 61, 53, 49],
    [121, 39, 250, 247, 62, 52, 16],
    [87, 52, 663, 144, 76, 71, 80],
    [26, 42, 816, 98, 65, 33, 72],
    [97, 69, 704, 187, 92, 67, 69],
    [11, 15, 117, 27, 31, 9, 14],
    [29, 28, 263, 68, 74, 34, 36],
    [97, 61, 728, 197, 116, 88, 76],
    [33, 33, 313, 87, 55, 29, 37],
    [254, 119, 668, 521, 171, 187, 80],
    [86, 76, 551, 177, 87, 93, 54],
    [26, 25, 470, 44, 41, 23, 33],
    [34, 49, 397, 75, 41, 26, 39],
    [12, 27, 331, 41, 36, 21, 39],
    [8, 17, 365, 48, 45, 28, 28],
    [19, 18, 510, 51, 62, 26, 53],
    [13, 34, 651, 59, 50, 32, 56],
    [10, 24, 506, 42, 37, 7, 59],
    [39, 24, 232, 81, 32, 44, 31],
    [68, 26, 233, 118, 37, 42, 34],
    [87, 60, 443, 208, 89, 82, 41],
    [3, 2, 161, 30, 20, 1, 17],
    [112, 45, 338, 164, 88, 62, 29],
    [0, 1, 12, 6, 3, 0, 0],
    [293, 211, 1683, 529, 223, 170, 210],
    [47, 48, 183, 82, 22, 19, 21]
  ],
  "method": "mvn_pdf",
  "cond_prob": [
    [
      [9.7315797196e-06, 0.17477043653, 0.0017793805612, 0.8234253481, 1.3245551937e-07, 1.4970772531e-05],
      [0.0012667685499, 0.18978168342, 0.37205581423, 0.31863817838, 0.10848653316, 0.0097710222606],
      [0.012750608773, 0.0038632461964, 0.0037232416642, 0.024232601256, 0.90202007798, 0.053410224131],
      [0.032860526902, 0.017594477269, 0.011149688425, 0.92467866374, 0.007649216712, 0.00606742695],
      [0.11127997289, 0.068595386956, 0.022489349819, 0.5252786567, 0.22785070809, 0.044505925538],
      [0.17782721007, 0.021674673273, 0.019128588645, 0.63393467167, 0.043436820393, 0.10399803594],
      [0.0083621250641, 1.1920216069e-05, 0.22519324851, 2.3800785219e-05, 0.29371137004, 0.47269753538]
    ],
    [
      [1.3770015466e-05, 0.22335092287, 0.00190057825, 0.7747197382, 2.0724815942e-07, 1.4783419927e-05],
      [0.001600058686, 0.21625143143, 0.35443754022, 0.26755996603, 0.15153964666, 0.0086113569786],
      [0.011662624501, 0.0017148632293, 0.0008020833412, 0.016449445409, 0.93629852201, 0.033072461508],
      [0.048009356444, 0.023174505499, 0.012292855484, 0.89798311542, 0.012355396778, 0.0061847703743],
      [0.13529170409, 0.075210660603, 0.020642934252, 0.42453709656, 0.3065615326, 0.037756071895],
      [0.23600772142, 0.025924276183, 0.019152481115, 0.55900304578, 0.063718889609, 0.09619358589],
      [0.010062135162, 1.2934577201e-05, 0.20440803061, 1.9049187458e-05, 0.39047330289, 0.39502454758]
    ],
    [
      [1.0083010998e-05, 0.16221033075, 0.0019462739709, 0.83582150779, 1.5911925702e-07, 1.1645360959e-05],
      [0.0012556567449, 0.16843522402, 0.38900355868, 0.30946764038, 0.1245724006, 0.0072655195661],
      [0.012153444971, 0.00224588641, 0.0026953178289, 0.021679839924, 0.92829341186, 0.032932099008],
      [0.033539005134, 0.016104200359, 0.012016499431, 0.92463726409, 0.00905348209, 0.0046495488941],
      [0.11028539615, 0.060965401058, 0.0235339411, 0.51030548406, 0.26180506936, 0.03310470827],
      [0.18383389963, 0.020103297826, 0.020883479104, 0.6424631843, 0.052069728546, 0.080646410596],
      [0.0089055203934, 1.1386255052e-05, 0.25294273048, 2.4850083889e-05, 0.36187644689, 0.3762390659]
    ],
    [
      [1.2396919352e-05, 0.16925181186, 0.0028935643103, 0.8278251347, 1.7238176397e-07, 1.6919829827e-05],
      [0.0012719384214, 0.14470435861, 0.48178551851, 0.25214273039, 0.11138121315, 0.0087142409152],
      [0.012989308334, 0.0027691173342, 0.0025274524075, 0.017723160458, 0.91538826207, 0.048602699399],
      [0.040923931964, 0.016622282159, 0.017723620577, 0.90829934375, 0.0097290175513, 0.0067018040031],
      [0.12674133608, 0.059233311359, 0.032693314222, 0.47115866094, 0.26520678202, 0.044966595375],
      [0.20821276646, 0.01921971894, 0.028557802873, 0.58419986245, 0.051892777684, 0.10791707159],
      [0.0082200098038, 8.8894172955e-06, 0.28414341768, 1.8433084605e-05, 0.29514706727, 0.41246218274]
    ],
    [
      [7.8431262608e-06, 0.19817979247, 0.0028583428801, 0.79894112841, 1.5589641025e-07, 1.273721534e-05],
      [0.00081065737232, 0.17080419232, 0.47499103273, 0.24537459829, 0.10141512257, 0.0066043967219],
      [0.0062163645184, 0.0048290287672, 0.0024324094168, 0.02369384328, 0.92218820008, 0.040640153941],
      [0.027136003819, 0.020430021547, 0.018355055465, 0.91956318782, 0.0092258756666, 0.0052898556826],
      [0.087950850355, 0.076278311996, 0.035455000851, 0.49991812929, 0.26324539767, 0.037152309833],
      [0.15028401057, 0.025767823878, 0.032240210162, 0.64529092138, 0.053633791446, 0.092783242562],
      [0.0060411990504, 1.2117368402e-05, 0.32459209767, 2.0697380537e-05, 0.3097771881, 0.35955670043]
    ],
    [
      [7.7216885674e-06, 0.20971656083, 0.0030794037809, 0.78718170031, 2.1441850194e-07, 1.4398973527e-05],
      [0.00073467932732, 0.16616860466, 0.47520613401, 0.22252826767, 0.12849188392, 0.0068704304097],
      [0, 0.0029019684947, 0.0021803273099, 0.018870157999, 0.94375543952, 0.032292106674],
      [0.026396316019, 0.022278500215, 0.019929149115, 0.9125847181, 0.012785842558, 0.0060254739878],
      [0.078466985786, 0.073103501231, 0.034652116601, 0.44645357061, 0.32919469811, 0.038129127667],
      [0.14434020823, 0.026593267478, 0.033925917447, 0.62050099436, 0.072081425394, 0.10255818709],
      [0.0049924486465, 1.0743485081e-05, 0.29463702003, 1.7116720723e-05, 0.3583451367, 0.34199753442]
    ],
    [
      [1.5113240021e-05, 0.20449621793, 0.0031028595084, 0.7923543003, 3.4903736462e-07, 3.1159990636e-05],
      [0.0013247713179, 0.14910593046, 0.43713461577, 0.2060850714, 0.19264072544, 0.013708885615],
      [0.0075359962022, 0.0015805201344, 0.0012467077231, 0.0080124517662, 0.9372770146, 0.044347309575],
      [0.050380554667, 0.020268927715, 0.019188568722, 0.87780341029, 0.019894595409, 0.012463943199],
      [0.11593058344, 0.053687082076, 0.026330704291, 0.3384609969, 0.40337967442, 0.062210958871],
      [0.21670476949, 0.019830645259, 0.026173981138, 0.47759043838, 0.089844502272, 0.16985566347],
      [0.0060233588815, 6.4520612415e-06, 0.18187304875, 1.060837684e-05, 0.35834193219, 0.45374459974]
    ],
    [
      [1.6864255864e-05, 0.28512170267, 0.0038796101397, 0.71094498042, 5.5040513023e-07, 3.6292107723e-05],
      [0.0011720086373, 0.16426266829, 0.43461216394, 0.14621764911, 0.24106056896, 0.01267494107],
      [0.0055341287629, 0.0012997837095, 0.0013532523541, 0.0030182186281, 0.95519978059, 0.033594835959],
      [0.05972404436, 0.029748942215, 0.025451669426, 0.83637202842, 0.033296012087, 0.015407303497],
      [0.10367360168, 0.059476593552, 0.026353497521, 0.24242539723, 0.50997792531, 0.058092984701],
      [0.22662163215, 0.025615815615, 0.030570371732, 0.39966057722, 0.1324824052, 0.18504919809],
      [0.0050588024835, 6.712806202e-06, 0.17118197389, 7.1415698068e-06, 0.42567954352, 0.39806582573]
    ],
    [
      [1.9422113026e-05, 0.24359180123, 0.0035813132579, 0.75277772014, 3.4128582564e-07, 2.9401972331e-05],
      [0.0015757327413, 0.1644308379, 0.46646745685, 0.18136373934, 0.174199133, 0.011963100159],
      [0.0077087460542, 0.0015458887916, 0.0013964347314, 0.0088553489815, 0.93704415621, 0.043449425235],
      [0.066334081882, 0.024732028414, 0.022683203218, 0.85427969387, 0.019924767403, 0.012046225211],
      [0.14641868335, 0.062846145265, 0.029834649402, 0.31610028394, 0.38716750002, 0.057632738022],
      [0.26941275611, 0.022840204595, 0.029187430104, 0.43880699677, 0.084889726115, 0.15486288631],
      [0.0077795135392, 7.7300097403e-06, 0.21074149966, 1.0141864157e-05, 0.35171286366, 0.42974825126]
    ],
    [
      [1.0431571832e-05, 0.13959823999, 0.0026245247971, 0.85774910349, 3.3528359568e-07, 1.7364865106e-05],
      [0.0010110691839, 0.11278436357, 0.42738414762, 0.24304560975, 0.20722187224, 0.0085529376416],
      [0.0065312085875, 0.00062739892111, 0.0027845618606, 0.0084400668674, 0.95754116135, 0.024075602409],
      [0.033480539998, 0.01312900808, 0.015575784682, 0.91278702385, 0.018355344839, 0.006672298549],
      [0.086820872656, 0.038982973562, 0.024049879367, 0.38894900672, 0.4234706727, 0.037726594996],
      [0.1722455401, 0.015134959301, 0.02511339584, 0.58096857304, 0.098288404099, 0.10824912762],
      [0.0053525940723, 5.5857512182e-06, 0.20303294757, 1.4420160022e-05, 0.45368368204, 0.33791077041]
    ],
    [
      [1.7591783808e-05, 0.23184423933, 0.0021450330435, 0.76596060087, 2.910784363e-07, 3.2243900459e-05],
      [0.0018159792826, 0.19919009861, 0.35863677844, 0.23408529095, 0.1895366783, 0.016735174426],
      [0.0089647516247, 0.0020230586488, 0, 0.010297646406, 0.92637291088, 0.052341632445],
      [0.060343072472, 0.023433510081, 0.013620573123, 0.87230409287, 0.017045025694, 0.013253725762],
      [0.14372887498, 0.065132068406, 0.018396090984, 0.34647143204, 0.35780312947, 0.068468404113],
      [0.25217104082, 0.022164433551, 0.017973057752, 0.45789719621, 0.07451034577, 0.17528392589],
      [0.0077175465599, 7.9829317811e-06, 0.13881584935, 1.1235175115e-05, 0.3301956645, 0.52325172148]
    ],
    [
      [1.1452327311e-05, 0.21074967544, 0.003280961663, 0.78593323915, 2.7512936517e-07, 2.4396295022e-05],
      [0.0010206999368, 0.15638727363, 0.46941362911, 0.20810978971, 0.15417007367, 0.010898533946],
      [0.0068106982603, 0.0019349134021, 0.0013453672829, 0.010530095159, 0.93481905964, 0.044559866258],
      [0.039106459372, 0.021432106007, 0.02079728491, 0.89259160813, 0.016071673492, 0.010000868087],
      [0.10047624966, 0.063465127337, 0.031864861282, 0.38499024279, 0.36350485845, 0.055698660478],
      [0.18412233942, 0.023004013224, 0.031093184017, 0.53299423088, 0.079516660579, 0.14926957188],
      [0.0054796680075, 8.0002102177e-06, 0.23076972015, 1.2658840893e-05, 0.3383838686, 0.42534608419]
    ],
    [
      [1.3784554914e-05, 0.17377601419, 0.0023725069166, 0.8238236319, 2.1165161552e-07, 1.3850789548e-05],
      [0.0015049734235, 0.15820895539, 0.42063539714, 0.26622777151, 0.145815143, 0.0076077595367],
      [0.011479765716, 0.0027247277209, 0.0018273038852, 0.013696967863, 0.93973462519, 0.030536609621],
      [0.045615869866, 0.017016764731, 0.014542886054, 0.90537095513, 0.011960683095, 0.0054928411288],
      [0.13338911029, 0.057197222214, 0.025305197361, 0.44142608457, 0.3078954117, 0.034786973872],
      [0.23081912292, 0.019482574372, 0.023209883859, 0.57568035341, 0.06321761496, 0.087590450477],
      [0.0096750813181, 9.6166798345e-06, 0.24699160748, 1.9317571977e-05, 0.38494642444, 0.35835795251]
    ],
    [
      [1.1732893988e-05, 0.16956284245, 0.0018784349476, 0.82853154618, 2.0472984825e-07, 1.5238791297e-05],
      [0.0014225889586, 0.17141796749, 0.36305110335, 0.29901425312, 0.15585007481, 0.0092440122745],
      [0.011167211335, 0.0017317594973, 0.00014882333798, 0.017396793997, 0.93502365474, 0.034531757089],
      [0.03894360382, 0.016821432341, 0.011577732305, 0.91495486928, 0.011628613433, 0.0060737488243],
      [0.11639702199, 0.057971166612, 0.020629520178, 0.46008609538, 0.30560880512, 0.039307390708],
      [0.20046516455, 0.019773567653, 0.018937447266, 0.59883093362, 0.062924042118, 0.099068844794],
      [0.0085942558092, 9.8956201463e-06, 0.20149291394, 2.0487097311e-05, 0.3846697322, 0.40521271533]
    ],
    [
      [1.2771234824e-05, 0.18953243283, 0.0024745859661, 0.80794736345, 4.4949224726e-07, 3.2397026002e-05],
      [0.0011667660245, 0.14422408769, 0.3620250831, 0.21924206598, 0.25850330802, 0.014838689187],
      [0.0044999087557, 0.0010355106428, 0, 0.0080595655028, 0.94909092256, 0.037314092537],
      [0.042118335089, 0.019841828313, 0.013915488807, 0.88594247886, 0.025356513695, 0.012825355238],
      [0.08908593454, 0.045368739729, 0.019103708292, 0.31443577275, 0.47313410046, 0.058871744233],
      [0.18248821168, 0.01837882509, 0.020824734131, 0.48650578092, 0.11548907922, 0.17631336896],
      [0.0047028227711, 5.5379101917e-06, 0.13354657179, 1.000970751e-05, 0.42617328836, 0.43556176946]
    ],
    [
      [2.1131154303e-05, 0.19643951404, 0.003319148861, 0.80019100517, 4.5138157593e-07, 2.874939926e-05],
      [0.0017000688459, 0.13097309547, 0.43647390213, 0.18959167224, 0.22960137401, 0.011659887303],
      [0.0076079922651, 0.0012916913309, 0.001372852744, 0.0060068859861, 0.95146454398, 0.032256033695],
      [0.068326589396, 0.018661738296, 0.019843491146, 0.85715417394, 0.024888725687, 0.011125281534],
      [0.14019031663, 0.043862160686, 0.024218743518, 0.29149868707, 0.45067692084, 0.049553171251],
      [0.27708262799, 0.017021766502, 0.025291757119, 0.43328071037, 0.10522966049, 0.14209347753],
      [0.007700580159, 5.594545667e-06, 0.17905519025, 9.6813400025e-06, 0.42662055661, 0.3866083971]
    ],
    [
      [1.3764381595e-05, 0.17666803071, 0.0029476320345, 0.82034106773, 4.3897755574e-07, 2.9066169691e-05],
      [0.0011872077182, 0.12678435206, 0.41099595543, 0.20909494515, 0.23931254997, 0.01262498968],
      [0.0057553987261, 0.00084023538052, 0.0012131274715, 0.0067500479041, 0.95142285435, 0.034018336167],
      [0.044732755092, 0.016991616389, 0.01773781872, 0.88485246935, 0.024363606891, 0.011321733552],
      [0.096767730388, 0.042233104829, 0.022863832245, 0.31884301562, 0.4660338228, 0.053258494121],
      [0.19738948178, 0.016967209346, 0.024711667916, 0.49023392675, 0.11258911183, 0.15810860237],
      [0.005177062419, 5.2381747699e-06, 0.16331051787, 1.0293065812e-05, 0.42812366128, 0.4033732272]
    ],
    [
      [2.3911692739e-05, 0.15270558195, 0.0049438122546, 0.84221096949, 1.4925842679e-06, 0.00011423202695],
      [0.0010912399558, 0.037317464813, 0.36900820224, 0.11267755029, 0.44865121956, 0.031254323141],
      [0.0026107499399, 0, 0.00038372570565, 0, 0.95818942141, 0.038816102949],
      [0.076079206929, 0, 0.039521576702, 0.76733109328, 0.078561070212, 0.038507052876],
      [0.086015569994, 0, 0.016185968756, 0.13633794175, 0.67271500561, 0.088745513886],
      [0.18025530629, 0.0076172126972, 0.02174382566, 0.26106245006, 0.20128859725, 0.32803260804],
      [0.0026903055096, 0, 0.081813839102, 3.1366515515e-06, 0.43743323212, 0.47805948661]
    ],
    [
      [1.7496795845e-05, 0.23120832962, 0.0040170820568, 0.76471049231, 6.8919845549e-07, 4.5910024066e-05],
      [0.0011367007576, 0.12400982034, 0.42983624624, 0.14628195859, 0.28367618865, 0.015059085423],
      [0.0054545938577, 0.0016655123697, 0.0015523255473, 0.0010003476045, 0.95605515543, 0.034272065186],
      [0.057809508671, 0.022233852954, 0.024557822145, 0.83836843581, 0.038859671181, 0.018170709235],
      [0.09295835855, 0.041173864541, 0.023584325002, 0.22373900302, 0.55481257861, 0.063731870282],
      [0.21115168904, 0.018360112284, 0.028336431607, 0.38286722432, 0.14876071439, 0.21052382835],
      [0.0042635539466, 4.3718680342e-06, 0.14501993428, 6.1983547742e-06, 0.43643704603, 0.41426889553]
    ],
    [
      [1.8704435638e-05, 0.21846232823, 0.0042415015563, 0.77723899949, 6.2289451434e-07, 3.7843394343e-05],
      [0.0012331475358, 0.11897140514, 0.45666294506, 0.15103266731, 0.25952100676, 0.012578828187],
      [0.0059024503104, 0.0011698681516, 0.0016197244646, 0.0021816236096, 0.95827355498, 0.030852778485],
      [0.061120180305, 0.020949972181, 0.025675254986, 0.84268537036, 0.034751321624, 0.014817900539],
      [0.10536025429, 0.041511713987, 0.026421706321, 0.24157202005, 0.5295844544, 0.055549850956],
      [0.23254456701, 0.018025965463, 0.030879381098, 0.40178645378, 0.13843385944, 0.1783297732],
      [0.0051240490172, 4.674777805e-06, 0.17213153354, 7.094855537e-06, 0.44157100157, 0.38116164624]
    ],
    [
      [3.0504648961e-05, 0.21419460465, 0.0056861622678, 0.78002834319, 1.2554380694e-06, 5.9129810421e-05],
      [0.0014149137931, 0.082043587938, 0.4279646234, 0.1066424371, 0.36811459143, 0.013819846341],
      [0.0040516846717, 0, 0.00053528771241, 0, 0.97246001099, 0.022953016631],
      [0.10392184699, 0.013287742552, 0.060131000618, 0.72321780441, 0.07826233942, 0.021179266012],
      [0.1044646447, 0.024743909177, 0.021491738931, 0.14712342386, 0.64939441968, 0.052781863646],
      [0.27147606515, 0.012645818384, 0.029533556194, 0.28773546884, 0.19946032041, 0.19914877102],
      [0.0048570420833, 2.6730722853e-06, 0.13320393952, 4.1432356867e-06, 0.51683377066, 0.34509843144]
    ],
    [
      [1.8944975387e-05, 0.46564874072, 0.002966838549, 0.53133233558, 5.1053621296e-07, 3.2629631751e-05],
      [0.0013931437632, 0.28073957849, 0.3536385677, 0.11479338632, 0.2373312645, 0.012104059221],
      [0.0060876976453, 0, 0.00067515558092, 0.0017626128734, 0.9582032668, 0.0332712671],
      [0.09284325106, 0.037234621877, 0.036056736372, 0.77796375245, 0.038705204558, 0.017196433679],
      [0.12490328174, 0.10079419285, 0.021459662583, 0.19134127075, 0.50567988222, 0.05582170986],
      [0.28425526841, 0.044646207839, 0.025683860526, 0.3264715189, 0.13538935811, 0.18355378621],
      [0.006362292263, 0, 0.14666440337, 5.8983933398e-06, 0.4435540984, 0.40341330758]
    ],
    [
      [2.8337976683e-05, 0.19043124203, 0.0059210797302, 0.80357048487, 8.3013397307e-07, 4.8025258008e-05],
      [0.0014726499144, 0.081789389152, 0.50672295185, 0.12322624114, 0.27417249067, 0.012616277267],
      [0.0054199214283, 0, 0.0025863826903, 0.0022456118486, 0.95928716585, 0.030460918183],
      [0.085638124963, 0.013982685587, 0.036097998536, 0.80408131697, 0.042815510053, 0.017384363887],
      [0.1263667986, 0.028680018137, 0.029189672759, 0.19741340922, 0.56240936815, 0.055940733123],
      [0.28510309322, 0.012722330094, 0.034777945978, 0.33487163904, 0.14924313998, 0.18328185169],
      [0.0058441184038, 3.0833572501e-06, 0.18127255578, 5.5311637868e-06, 0.44623713282, 0.36663757848]
    ],
    [
      [1.6000652376e-05, 0.30621141228, 0.0029473633113, 0.69078463218, 4.9141240461e-07, 4.0100158475e-05],
      [0.0012597188675, 0.19975817291, 0.37700475993, 0.16100699264, 0.24505702919, 0.015913326459],
      [0.0052486242293, 0, 0.00075238982979, 0.0078141297961, 0.94573320313, 0.040451653017],
      [0.063185815753, 0.027908801827, 0.020628050404, 0.83989970374, 0.030759604489, 0.017618023788],
      [0.10462630012, 0.067835795818, 0.021319769195, 0.25017920298, 0.48751783684, 0.06852109504],
      [0.22016780085, 0.028107021671, 0.023766049711, 0.39654121901, 0.12124918773, 0.21016872103],
      [0.0049730241369, 7.4558299455e-06, 0.13532450619, 7.1826511581e-06, 0.39742318585, 0.46226464534]
    ],
    [
      [1.9065142222e-05, 0.17787460773, 0.0030826684446, 0.81899347059, 3.1461452717e-07, 2.9873473059e-05],
      [0.0017296533462, 0.13442858234, 0.44988768777, 0.22071410082, 0.17965061072, 0.013589365004],
      [0.0077697998944, 0.0008620040888, 0.0016486054528, 0.01080653004, 0.931710352, 0.047202708528],
      [0.06126440595, 0.017015361875, 0.018375152786, 0.87454154209, 0.017285071222, 0.01151846608],
      [0.14738360207, 0.04712768919, 0.026338777472, 0.35281628179, 0.36626858631, 0.060065063165],
      [0.25930810244, 0.016384427698, 0.024645760033, 0.46843492273, 0.076771612717, 0.15445517439],
      [0.0080277891844, 5.9438098027e-06, 0.19075802601, 1.1602558368e-05, 0.34109216615, 0.46010447229]
    ],
    [
      [1.6883780508e-05, 0.16111511617, 0.0022592966274, 0.83653040691, 5.4538377914e-07, 7.7751130907e-05],
      [0.0014594242139, 0.11339681389, 0.33818901955, 0.20759194816, 0.30458689586, 0.034775898318],
      [0.0046949894927, 0.0009301632417, 0, 0.0044924196647, 0.92975305753, 0.060129370074],
      [0.062279652826, 0.017741602943, 0, 0.86198024659, 0.028975142943, 0.029023354702],
      [0.10650832529, 0.029845046126, 0.005733146241, 0.25653780515, 0.4824067271, 0.11896895009],
      [0.18406652155, 0.010914149447, 0.014261351098, 0.36168904786, 0.10542549551, 0.32364343453],
      [0.0034420341006, 2.4459725801e-06, 0.069877635005, 5.4569677785e-06, 0.29869223438, 0.62798019357]
    ],
    [
      [9.5496634321e-06, 0.1447944275, 0.0017881389969, 0.85338377428, 3.8712894914e-07, 2.372243417e-05],
      [0.0010402379573, 0.13138839271, 0.31290629597, 0.2759504489, 0.26575261715, 0.0129620073],
      [0, 0, 0, 0.010930057897, 0.95629900974, 0.032770932361],
      [0.030373089234, 0.0092347946147, 0.0047862650943, 0.92509253944, 0.021337678666, 0.0091756329562],
      [0.074150674005, 0.038595288884, 0.015369780248, 0.36949028715, 0.45436663502, 0.048027334697],
      [0.15026381146, 0.015475793292, 0.016575298518, 0.56577705766, 0.10958845625, 0.14231958283],
      [0.0044592231842, 5.3629515339e-06, 0.12254442994, 1.338619325e-05, 0.46668607265, 0.40629152509]
    ],
    [
      [3.9062303444e-06, 0.024944717887, 0.0031997413804, 0.97181081191, 7.668446656e-07, 4.005574398e-05],
      [0, 0, 0.76199657448, 0.065433037135, 0.16071406203, 0.011856326354],
      [0, 0, 0.00027480524796, 0, 0.95108764892, 0.048637545829],
      [0, 0, 0.022515977862, 0.90375935476, 0.03783117344, 0.035893493935],
      [0, 0, 0.033203298458, 0.17067027809, 0.73308237008, 0.063044053363],
      [0.038909200678, 0.0032280095664, 0.023391509202, 0.42182811197, 0.21214968846, 0.30049348012],
      [0.0006128400878, 5.1305107863e-07, 0.040976331403, 3.8900958958e-06, 0.46076029378, 0.49764613158]
    ],
    [
      [1.417639386e-05, 0.29249067843, 0.0052585565446, 0.7022030052, 2.8016139426e-07, 3.3303270487e-05],
      [0.00095515619344, 0.16414706981, 0.5643982066, 0.14081482489, 0.11845717575, 0.011227566755],
      [0.0081035714864, 4.8780925675e-05, 0, 0.013191434002, 0.92222603796, 0.056430175629],
      [0.054100461645, 0.031759159709, 0.032099228201, 0.85007629922, 0.017427520742, 0.014537330487],
      [0.11795838335, 0.083834122616, 0.048446120991, 0.3270813965, 0.35061655554, 0.072063421],
      [0.21254539897, 0.029915821787, 0.046535486421, 0.44535326558, 0.075580123016, 0.19006990423],
      [0.0052353144136, 8.6031418825e-06, 0.28417243785, 8.7578365094e-06, 0.26497028893, 0.44560459782]
    ],
    [
      [1.3411031977e-05, 0.20012823498, 0.0027664714438, 0.79706428634, 4.2548449837e-07, 2.7170714313e-05],
      [0.00118030511, 0.1465243335, 0.3950838961, 0.20727099086, 0.23786012254, 0.012080351892],
      [0.0067886594275, 0.0026797218745, 0.0011314881842, 0.0048099691456, 0.95114399021, 0.033446171157],
      [0.044830397924, 0.019754499633, 0.017097715886, 0.88317642437, 0.024264391572, 0.010876570618],
      [0.096624903842, 0.048839192451, 0.02195817182, 0.31642120158, 0.46501365894, 0.051142871368],
      [0.1993817214, 0.019787115999, 0.023916395505, 0.49088395153, 0.11282343633, 0.15320737924],
      [0.005252244769, 6.163657906e-06, 0.15997059497, 1.03959571e-05, 0.43617704838, 0.39858355227]
    ]
  ],
  "expected_outcome": [
    [
      [0.0013040316824, 0.001624861825, 0.0017443609027, 0.0010289443062, 0.00085490076243, 0.00093432431665, 0.0013148518818, 0.00043847065246, 0.0018839449636, 0.00011474729015, 0.00051016173044, 0.0011108757491, 0.00045489031215, 0.0029801550728, 0.0010983261948, 0.00054941001189, 0.00046798897423, 0.00028694031287, 0.00013997436676, 0.00035538427712, 0.0003965604365, 0.00018944975387, 0.0011051810906, 0.0010880443616, 0.0016586673733, 5.0651341525e-05, 0.0010695623044, 0, 0.0041536834009, 0.00063031850293],
      [23.4192384946, 26.3554088987, 28.0623872193, 14.0479003841, 21.6015973793, 25.3757038604, 17.7911709598, 7.4131642695, 23.6284047192, 1.5355806399, 6.7234829405, 20.4427185174, 5.7346084682, 43.0689619833, 16.2997892233, 5.1074273649, 6.0067130442, 1.8324669834, 1.8496666369, 4.1507842364, 2.7845298604, 4.6564874072, 7.4268184392, 20.8223760351, 15.4750908728, 0.48334534851, 16.2169758797, 0, 85.699768779, 9.4060270442],
      [0.23843699521, 0.2242682335, 0.33670539696, 0.24016583776, 0.31155937394, 0.37260785749, 0.26994877723, 0.10086986363, 0.34738738602, 0.028869772768, 0.062205958262, 0.31825328131, 0.078292728247, 0.47712247668, 0.21281439308, 0.086297870385, 0.10021948917, 0.059325747056, 0.032136656454, 0.08058852957, 0.073920109481, 0.02966838549, 0.23092210948, 0.20042070517, 0.26819215468, 0.0067778898822, 0.20027156766, 0, 1.5407570676, 0.13002415786],
      [110.3389966459, 91.4169291071, 144.5971208478, 68.7094861803, 87.0845829968, 95.2489857373, 68.9348241257, 18.4845694909, 73.0194388537, 9.4352401384, 22.2128574252, 76.2355241973, 27.1861798527, 210.4470127306, 69.4834732568, 20.8049661344, 27.8915963027, 10.1065316339, 6.1176839385, 14.7675409902, 10.1403684615, 5.3133233558, 31.3392489099, 46.9733549886, 71.2524319415, 2.5095912207, 95.5789827193, 0, 205.7454805245, 37.4620214581],
      [1.7749039596e-05, 2.4455282812e-05, 2.7527631465e-05, 1.4307686409e-05, 1.6992708717e-05, 2.5944638735e-05, 3.0366250722e-05, 1.4310533386e-05, 3.3104725087e-05, 3.6881195525e-06, 8.4412746526e-06, 2.6687548422e-05, 6.9845033121e-06, 5.2001381454e-05, 3.8656333265e-05, 1.1735920974e-05, 1.4925236895e-05, 1.7911011215e-05, 5.513587644e-06, 1.1834995772e-05, 1.6320694903e-05, 5.1053621296e-06, 3.237522495e-05, 3.3416043513e-05, 2.7371463864e-05, 1.6361513374e-06, 4.3358442303e-05, 0, 8.2087288518e-05, 1.9997771423e-05],
      [0.0020060835192, 0.0017444435513, 0.002014647446, 0.0014043458757, 0.0013883564721, 0.0017422757968, 0.0027109191853, 0.00094359480081, 0.0028519913161, 0.00019101351617, 0.00093507311331, 0.0023664406171, 0.00045707605509, 0.0038706529895, 0.0027861442362, 0.00074748438076, 0.00098824976948, 0.0013707843233, 0.00036728019253, 0.00071902449252, 0.00076868753548, 0.00032629631751, 0.0018729850623, 0.0027268107763, 0.0025989921562, 0.00023325339272, 0.002656912627, 0, 0.0097578582528, 0.0012770235727]
    ],
    [
      [0.077272881546, 0.078402875613, 0.082873345166, 0.045789783171, 0.065663247158, 0.028652493765, 0.068888108532, 0.049224362766, 0.10872555915, 0.015166037759, 0.050847419913, 0.062262696144, 0.049664122977, 0.16928808607, 0.088674217861, 0.042501721148, 0.058173178191, 0.029463478808, 0.019323912879, 0.022196655644, 0.048107068967, 0.033435450318, 0.035343597946, 0.032752690555, 0.10377920077, 0.0029188484277, 0.046810708079, 0, 0.20153795681, 0.056654645282],
      [11.5766826887, 10.5963201399, 11.1167247851, 5.2093569099, 13.8351395781, 6.4805755818, 7.753508384, 6.8990320682, 11.3457278151, 1.6917654535, 5.577322761, 9.5396236916, 5.2208955279, 20.3987381313, 10.9610306642, 3.2743273868, 6.2124332508, 1.0075715499, 2.1081669458, 2.1414852925, 2.7894819899, 6.7377498838, 1.9629453397, 5.1937124957, 8.0657149405, 0.22679362779, 5.912477672, 0, 34.6350317299, 7.0331680081],
      [22.6954046683, 17.3674394709, 25.6742348732, 17.3442786665, 38.4742736511, 18.5330392266, 22.7310000198, 18.2537108854, 32.186254523, 6.4107622143, 10.0418297963, 28.6342313754, 13.8809681055, 43.2030812982, 27.5139063159, 10.9118475532, 20.138801816, 9.9632214606, 7.307216186, 8.2199330112, 14.5507971956, 8.4873256249, 12.1613508445, 9.8021237582, 26.993261266, 0.67637803911, 14.0807833188, 0.76199657448, 119.0880215931, 18.9640270128],
      [19.4369288811, 13.1104383353, 20.4248642653, 9.0771382941, 19.8753424613, 8.6786024391, 10.7164237125, 6.1411412625, 12.5140980146, 3.6456841462, 6.5543881466, 12.6946971725, 8.7855164598, 35.5826961215, 16.6623970146, 4.739791806, 10.2456523123, 3.0422938577, 2.4867932961, 2.7185880116, 3.6258428614, 2.7550412718, 2.9574297875, 4.1861818087, 13.2428460492, 0.41518389631, 12.4177702007, 0.065433037135, 29.7119280515, 9.9490075613],
      [6.6176785225, 7.4254426863, 8.2217784399, 4.0097236734, 8.2146249278, 5.0111834729, 10.0173177231, 10.1245438962, 12.0197401772, 3.1083280837, 5.3070269923, 9.4043744936, 4.8118997191, 18.5461589023, 19.6462514092, 5.7400343502, 11.7263149485, 12.1135829282, 4.8224952071, 4.6713781217, 12.5158961085, 5.695950348, 6.5801397761, 6.3714827589, 10.7790366433, 0.60917379173, 11.9588677719, 0.16071406203, 24.9944640834, 11.4172858818],
      [0.5960323579, 0.42195649195, 0.47952429136, 0.31371267295, 0.53495613448, 0.26794678598, 0.71286205196, 0.53234752492, 0.82545391094, 0.12829406462, 0.46858488392, 0.66481057071, 0.25105606471, 1.1000374607, 1.1277403782, 0.29149718258, 0.61862449432, 0.8438667248, 0.25600445218, 0.22641890737, 0.46987477558, 0.2904974213, 0.3027906544, 0.41374648795, 0.81536190025, 0.069551796635, 0.58329032851, 0.011856326354, 2.3690165853, 0.5798568908]
    ],
    [
      [4.0801948075, 4.2218700693, 4.7155366488, 4.0136962753, 1.7716638878, 0, 4.996365482, 4.5158490705, 5.4269572222, 0.76415140473, 2.3577296773, 4.9581883335, 3.5931666691, 7.4596971717, 2.4794497244, 3.5757563646, 2.2848932943, 0.86415823012, 1.9909267581, 3.0102496583, 2.6376467213, 3.0803750085, 1.2574217714, 1.2229294454, 3.4420213532, 0.75589330833, 0, 0, 13.6383108117, 1.2423246752],
      [1.2362387828, 0.620780489, 0.87140392707, 0.85565725626, 1.3762731986, 0.72549212366, 1.0478848491, 1.060623507, 1.0883057093, 0.07340567377, 0.53206442464, 1.4086169567, 0.85283977666, 1.1568153442, 0.57056636418, 0.60709492554, 0.33357344607, 0, 0.60791201495, 0.59663275733, 0, 0, 0, 0, 0.38186781134, 0.14975628191, 0, 0, 0.082098297911, 0.49038910303],
      [1.1914373326, 0.29035416952, 1.0457833176, 0.78098279391, 0.6932366838, 0.54508182747, 0.82656722042, 1.1042539209, 0.9830900509, 0.32579373769, 0, 0.97942738198, 0.57194611606, 0.099413989771, 0, 0.64524078967, 0.48161160618, 0.12701320857, 0.56659882476, 0.82605947697, 0.34847230078, 0.34162872394, 0.60004078415, 0.17530683034, 0.73033221559, 0, 0, 0.0032976629756, 0, 0.20706233772],
      [7.7544324018, 5.954699238, 8.4117778904, 5.4764565814, 6.7527453349, 4.7175394997, 5.312255521, 2.4628664005, 6.234165683, 0.98748782348, 2.7082810047, 7.6659092757, 4.287150941, 11.6210583898, 4.440820592, 2.8232364135, 2.6797690179, 0, 0.36512687564, 1.1126280409, 0, 0.89188211395, 0.52098194887, 1.8206922425, 4.7872928078, 0.72327956602, 3.6943595693, 0, 22.2011834251, 0.88022435365],
      [288.6464249535, 338.9400649681, 360.1778438009, 282.8549729787, 262.8236370217, 235.9388598805, 621.4146606791, 779.4430209584, 659.6790859695, 112.0323158784, 243.6360755602, 680.5482754162, 294.1369376856, 624.5958013692, 522.9490983315, 447.1883356698, 377.7148731774, 317.1606984851, 348.9601317336, 488.7195130393, 633.0714671513, 484.850853001, 222.5546224771, 220.3558363287, 412.7476859343, 149.6902422619, 323.2290652928, 11.4130517871, 1552.1064218818, 174.0593502087],
      [17.0912717218, 11.972231066, 12.7776544153, 15.0182341144, 11.5824438732, 8.0730266686, 29.4022662483, 27.4133861427, 30.5883953652, 2.8168454819, 13.7658493331, 32.4395826359, 9.5579588115, 23.0672137353, 20.5600649879, 15.1603358369, 13.5052794581, 12.8481300762, 12.509303793, 15.7349170272, 14.9424138266, 16.8352611526, 7.0669330186, 9.425235153, 20.9107998777, 9.6808285819, 11.0765751379, 0.58365054995, 94.9719855835, 6.1206493217]
    ],
    [
      [8.5108764675, 11.5702549029, 9.290304422, 7.2844598896, 5.535744779, 6.5198900568, 7.2547998721, 5.8529563473, 12.404473312, 0.90397457994, 4.1033289281, 7.7039724964, 3.9685806784, 20.2896175901, 7.4549453108, 3.0063699334, 3.3549566319, 3.1192474841, 2.7748564162, 3.1171291956, 6.1313889725, 3.8994165445, 6.936688122, 7.4559262588, 12.7429964376, 1.8683895848, 4.9811866343, 0, 28.6191442101, 3.6760926297],
      [4.5569696127, 5.5850558253, 4.4608634996, 2.9587662243, 4.1677243956, 5.5027895532, 2.918725591, 2.915396337, 4.6248893135, 0.35448321816, 1.5934786855, 4.2221248834, 1.4804585316, 8.7639662498, 3.5120036113, 0.82111648501, 1.2743712292, 0, 1.0672249418, 1.0684485812, 0.78397681055, 1.5638541188, 1.1325975325, 3.2932386156, 3.53919527, 0.53224808828, 1.5145063168, 0, 16.8005954863, 1.6198689699],
      [2.8877693021, 2.9625781716, 3.3285703424, 3.1548044627, 3.7444313149, 4.9224998314, 2.763153896, 2.4942636037, 4.2417590017, 0.42054618641, 0.92619897238, 4.0970651273, 1.2652310867, 6.0319985308, 2.4630415188, 0.87311361044, 1.330336404, 1.6203846448, 1.178775463, 1.3094380043, 3.5477290364, 1.5143829276, 2.9239378814, 2.4341099477, 3.8220317796, 0, 0.78494747546, 0.13509586717, 16.9804917181, 1.4020127026],
      [239.4917739092, 216.4139308165, 256.1245221535, 161.6772831867, 187.5908903152, 225.4084253718, 126.4036910815, 81.9644587847, 159.7503027539, 24.645249644, 59.316678315, 175.8405468019, 78.7672730959, 476.6914868933, 156.811818758, 37.7147836534, 66.3639352016, 31.4605748246, 40.2416849191, 42.9769538886, 42.6698504601, 32.6744776031, 65.130586675, 99.1081650413, 181.9046407538, 25.8594073976, 151.7151764674, 5.4225561286, 449.6903622853, 72.4204667981],
      [1.9811471284, 2.9776506234, 2.5078145389, 1.7317651241, 1.882078636, 3.1581031118, 2.8648217389, 3.2630091845, 3.7259315044, 0.49559431065, 1.1590617472, 3.1661196779, 1.0405794293, 6.0585075986, 4.488102924, 1.0951039302, 1.8272705168, 3.2210038787, 1.8652642167, 1.7723174028, 4.6174780258, 1.6256185914, 3.4680563143, 3.6296333297, 3.5952948143, 0.86925428829, 3.4993793012, 0.22698704064, 9.2191584725, 1.9896801089],
      [1.57146358, 1.4905296602, 1.2879250437, 1.1929211126, 1.0791305592, 1.488292075, 1.7948078206, 1.5099157427, 2.2526441145, 0.18015206082, 0.90125335184, 1.9701710132, 0.47787717821, 3.1644231374, 2.2700878771, 0.48951238748, 0.84913001643, 1.5787891679, 0.87219404327, 0.75571292751, 1.2495766947, 0.7222502145, 1.4081334749, 2.0789268069, 2.3958409447, 0.87070064105, 1.5048038048, 0.21536096361, 7.6902478277, 0.89187879067]
    ],
    [
      [6.3429584549, 10.2821695106, 11.8005373883, 8.3649281814, 5.3650018717, 4.8649531187, 8.8107243415, 6.7387841091, 13.4705188683, 2.6914470523, 10.6359367488, 11.6552449609, 7.3364010659, 19.9038907611, 7.750476305, 5.7478029818, 3.9674769459, 3.0965605198, 4.1831261348, 6.532335766, 5.2232322352, 4.6214214245, 4.0437375554, 3.8711731046, 13.1171405843, 2.1301665059, 6.5252593125, 0, 26.3047194864, 2.1257478845],
      [3.9099370565, 5.7160102058, 6.5232979132, 3.9093985497, 4.6529770317, 4.5324170763, 4.0802182378, 3.8659785809, 5.7818453644, 1.2084721804, 4.8197730621, 7.3619547711, 3.1458472217, 9.9130694906, 3.9470803565, 1.7983485881, 1.731557298, 0, 1.8528239043, 2.5737262672, 1.2371954588, 3.7293851353, 0.91776058039, 2.5099244453, 4.1943643379, 0.59690092253, 3.3963854218, 0, 18.6950093433, 1.0744622339],
      [1.2818929397, 1.5688630031, 2.5181316977, 2.1577587386, 2.1627550519, 2.1484312292, 2.0011335261, 1.7129773389, 2.744787745, 0.74554626038, 1.3613107328, 3.6963239087, 1.3917858548, 3.5276479504, 1.6620226214, 0.99296848424, 0.93741712204, 0.58269487523, 1.0612946251, 1.6381457919, 1.0745869466, 0.79400751556, 0.93406952827, 0.78883146022, 2.344151195, 0.11466292482, 1.3525406618, 0.099609895374, 10.8034849809, 0.48307978004],
      [29.9408834319, 32.2648193389, 54.602686794, 31.0964716221, 30.4950058868, 27.6801213778, 25.7230357645, 15.7576508202, 29.0812261225, 12.0574192083, 25.638885971, 44.6588681634, 24.2784346513, 78.6747223108, 27.3559122291, 11.95144617, 13.0725636403, 4.9081659031, 10.0682551358, 14.977465243, 7.356171193, 7.0796270178, 6.3172290951, 9.2566305103, 31.4006490793, 5.130756103, 32.515145269, 0.51201083428, 72.9391514199, 6.9612664347],
      [12.9874903613, 23.2986764775, 28.013142422, 17.5036476134, 16.057969258, 20.4100712826, 30.6568552558, 33.1485651453, 35.6194100018, 13.1275908537, 26.477431581, 42.1665635805, 16.9342476433, 52.259105676, 41.1626667398, 18.4777537545, 19.1073867347, 24.217740202, 24.9665660374, 32.8342361725, 32.469720984, 18.710155642, 17.9970997809, 18.0381599632, 32.5979041818, 9.648134542, 39.9842638816, 2.1992471103, 78.1874918864, 10.2303004967],
      [2.5368377557, 2.869461464, 3.5422037849, 2.9677952948, 2.2662908998, 2.3640059153, 4.7280328742, 3.7760440056, 5.302211898, 1.1695244449, 5.0666619044, 6.4610446154, 1.913283563, 6.721563811, 5.1218417483, 2.0316800213, 2.183598259, 3.1948384999, 2.8679341627, 3.4440907593, 2.6390931823, 2.0654032648, 1.7901034599, 2.5352805165, 5.3457906217, 2.3793790018, 4.2264054533, 0.18913216009, 16.070142883, 1.1251431701]
    ],
    [
      [10.6696326045, 19.3526331568, 8.8240271823, 11.0352766223, 7.9650525602, 7.505690828, 15.3860386335, 7.4785138608, 18.0506546592, 1.5502098609, 8.573815388, 16.2027658688, 6.6937545646, 37.4869857713, 16.9714036861, 6.3729004437, 5.1321265264, 3.785361432, 5.9122472932, 6.0461587422, 8.6872340849, 1.9897868789, 12.5445361017, 9.2470476356, 21.2632644002, 0.18406652155, 9.3163563105, 0, 36.1327178248, 3.7882527066],
      [1.3004803964, 2.125790647, 0.96495829564, 1.0186451038, 1.3656946655, 1.3828499088, 1.4079758134, 0.84532191531, 1.5302937078, 0.13621463371, 0.75359074075, 2.0243531637, 0.5649946568, 3.6976571511, 1.7092307333, 0.39150062953, 0.441147443, 0.15996146664, 0.51408314395, 0.46867510204, 0.40466618828, 0.31252345487, 0.55978252413, 1.1804949102, 1.3435230713, 0.010914149447, 0.95949918409, 0, 5.0856897038, 0.37595520398],
      [1.1477153187, 1.5705034514, 1.002406997, 1.5135635523, 1.7087311386, 1.7641477073, 1.8583526608, 1.0088222672, 1.9555578169, 0.22602056256, 0.61108396355, 2.7362001935, 0.6730866319, 3.5413026387, 1.9367002742, 0.58171041375, 0.64250336582, 0.45662033885, 0.793420085, 0.80286390855, 0.94507379821, 0.17978702368, 1.530229623, 0.99817408787, 2.0209523227, 0.014261351098, 1.0276685081, 0, 7.9110326915, 0.45441151459],
      [38.0360803002, 45.8382497539, 30.8382328463, 30.9625927098, 34.2004188333, 32.2660517068, 33.9089211246, 13.1887990481, 29.4000687836, 5.2287171573, 15.5685046712, 46.9034923173, 16.694730249, 111.9813845862, 45.2450376253, 9.9654563385, 12.7460820956, 5.4823114513, 10.720282281, 10.4464477984, 9.2075350028, 2.2853006323, 14.7343521176, 16.6547311984, 38.4116636635, 0.36168904786, 35.0781775748, 0, 75.710055148, 9.326795079],
      [2.6062092236, 5.2249489479, 2.4993469702, 2.7503172173, 2.8425909466, 3.7482341205, 6.3789596613, 4.3719193715, 5.6876116497, 0.88459563689, 2.5333517562, 6.997466131, 1.8333108339, 11.7667958761, 10.7404843679, 2.4202821912, 2.9273169075, 4.2270605423, 4.1653000029, 3.5992803456, 6.382730253, 0.94772550676, 6.5666981592, 5.0924658847, 6.2952722428, 0.10542549551, 6.7944842872, 0, 12.8486209127, 2.1436452902],
      [6.2398821567, 7.887874043, 3.8710277086, 5.7196047945, 4.9175118558, 5.3330257286, 12.0597521064, 6.1066235371, 10.3758133827, 0.97424214857, 5.9596534802, 13.1357223257, 2.5401230638, 18.5258739765, 16.3971433132, 3.2681499832, 4.1108236617, 6.8886847689, 5.8946671939, 4.6365741032, 6.3727606727, 1.2848765035, 8.0644014743, 8.8270862832, 12.6653242996, 0.32364343453, 8.8238141353, 0, 32.3118837192, 2.9109402056]
    ],
    [
