{
  "Z_true": {},
  "V_true": [
    [35, 18, 34, 18, 48, 45, 72],
    [34, 63, 694, 15, 91, 73, 164],
    [64, 45, 34, 1118, 125, 47, 199],
    [41, 48, 31, 18, 1265, 43, 191],
    [137, 338, 271, 132, 403, 2503, 329],
    [8, 23, 11, 6, 19, 11, 74]
  ],
  "p_true": [
    [0.1097, 0.0336, 0.0316, 0.0138, 0.0246, 0.0165, 0.07],
    [0.1066, 0.1178, 0.6456, 0.0115, 0.0466, 0.0268, 0.1594],
    [0.2006, 0.0841, 0.0316, 0.8554, 0.0641, 0.0173, 0.1934],
    [0.1285, 0.0897, 0.0288, 0.0138, 0.6484, 0.0158, 0.1856],
    [0.4295, 0.6318, 0.2521, 0.101, 0.2066, 0.9195, 0.3197],
    [0.0251, 0.043, 0.0102, 0.0046, 0.0097, 0.004, 0.0719]
  ],
  "Z_est": [
    [
      [1.106, 1.8028, 0.5652, 0.6429, 0.5426, 0.3263, 0.0567, 1.1436, 1.1631, 0.946, 1.9119, 1.4666, 1.5105, 0.4836, 1.6502, 0.7926, 1.4563, 0.5492, 0.9397, 0.1525, 0.9258, 0.7936],
      [0.2815, 0.2177, 0.2495, 0.1123, 0.1025, 0.1074, 0.032, 0.5862, 0.5197, 0.2706, 0.3383, 0.3877, 0.1713, 0.1618, 0.1811, 0.1156, 0.3452, 0.3126, 0.0727, 0.0292, 0.0933, 0.3885],
      [3.3017, 2.5336, 2.0926, 1.3317, 0.9793, 1.1888, 0.1112, 3.7387, 3.7199, 2.0313, 3.7758, 1.8425, 1.8246, 1.2861, 2.026, 0.8351, 2.5413, 1.1009, 0.7133, 0.334, 0.6398, 2.5833],
      [0.0476, 0.0382, 0.0253, 0.0199, 0.012, 0.0137, 0.002, 0.0508, 0.0382, 0.0176, 0.0383, 0.0431, 0.0246, 0.0191, 0.0342, 0.0219, 0.0285, 0.0304, 0.0079, 0.0036, 0.0146, 0.0432],
      [14.037, 16.1561, 8.9503, 5.7693, 6.275, 5.2774, 0.7875, 13.2353, 18.2968, 7.6053, 16.6355, 14.0381, 7.3268, 6.9637, 8.9632, 8.1724, 15.4174, 5.8988, 2.2133, 1.4526, 4.2478, 11.945],
      [0.1002, 0.1263, 0.0585, 0.0614, 0.042, 0.0456, 0.0043, 0.0943, 0.1262, 0.0557, 0.133, 0.096, 0.0617, 0.0364, 0.0734, 0.0485, 0.0756, 0.0587, 0.0268, 0.0136, 0.0344, 0.1044],
      [0.126, 0.1253, 0.0586, 0.0626, 0.0465, 0.0409, 0.0063, 0.151, 0.1362, 0.0735, 0.1671, 0.126, 0.0804, 0.0493, 0.0719, 0.0138, 0.1357, 0.0494, 0.0264, 0.0145, 0.0443, 0.142]
    ],
    [
      [4.997, 6.4419, 4.3913, 4.9528, 4.5536, 3.2983, 1.5273, 3.6964, 4.4977, 3.4911, 5.1285, 5.8314, 0.85, 2.264, 6.7411, 2.7506, 5.1753, 2.438, 3.5902, 1.0681, 16.7599, 7.0067],
      [2.1451, 1.3066, 3.3682, 1.399, 1.4449, 1.8931, 1.414, 3.1601, 3.441, 1.6467, 1.5345, 2.6102, 0.1632, 1.2838, 1.2519, 0.6731, 2.0775, 2.303, 0.4851, 0.345, 3.6107, 5.9961],
      [47.8282, 28.8812, 53.045, 32.6908, 26.2106, 39.5977, 9.6241, 38.7679, 46.5154, 23.9143, 32.3367, 23.3914, 3.3183, 19.3111, 26.6439, 9.3291, 28.7871, 15.6899, 8.9821, 7.6019, 41.7477, 74.6329],
      [0.5834, 0.3639, 0.5563, 0.4335, 0.2687, 0.3891, 0.1563, 0.4532, 0.4052, 0.175, 0.2803, 0.4663, 0.0373, 0.2412, 0.3818, 0.182, 0.2697, 0.3692, 0.0857, 0.066, 0.8599, 1.0753],
      [3.2827, 2.9793, 3.6675, 2.2606, 2.6616, 2.8348, 1.0725, 2.251, 3.6682, 1.4232, 2.2896, 2.8654, 0.2104, 1.6409, 1.8995, 1.4349, 2.7811, 1.3159, 0.4308, 0.5111, 4.659, 5.6027],
      [4.4872, 4.4267, 4.5505, 4.6803, 3.4813, 4.6882, 1.136, 2.9801, 4.8023, 2.0133, 3.5567, 3.7671, 0.3383, 1.7314, 2.9171, 1.4209, 2.6487, 2.501, 0.9866, 0.9466, 7.0079, 9.3683],
      [13.6764, 10.6004, 11.4212, 11.5831, 9.3794, 10.2989, 4.0698, 11.6912, 12.6703, 6.3364, 10.8738, 12.0681, 1.0826, 5.5276, 7.1647, 2.2093, 12.2606, 5.383, 2.4394, 2.4612, 21.355, 31.3179]
    ],
    [
      [0.0931, 0.1753, 0.0069, 0.1602, 0.1382, 0, 0.0993, 0.0714, 0.0291, 0.1798, 0.2551, 0.2433, 0.02, 0.1109, 0.0506, 0.1611, 0.3018, 0.1607, 0.0093, 0.1895, 0, 0],
      [9.9978, 6.0847, 10.2836, 6.616, 6.4552, 7.2837, 9.8149, 13.9397, 9.9656, 10.2341, 11.618, 14.9213, 9.5864, 8.0682, 7.5436, 6.8873, 16.9521, 13.3788, 2.6651, 6.4073, 3.0534, 29.6871],
      [0.4328, 0.2567, 0.3277, 0.3266, 0.2302, 0.3358, 0.1448, 0.3153, 0.2837, 0.2345, 0.4994, 0.0898, 0.4634, 0.2603, 0.3839, 0.1851, 0.5328, 0.2356, 0.1162, 0.3161, 0.1155, 0.9371],
      [67.6801, 39.2505, 40.7886, 45.7067, 30.7948, 36.9085, 24.9895, 44.8109, 29.2228, 26.029, 54.1723, 67.2582, 54.5707, 39.3402, 56.0321, 43.6183, 52.1511, 48.5953, 11.4235, 31.7097, 19.7483, 131.2304],
      [6.8267, 5.9817, 5.0368, 4.6417, 5.3331, 4.9063, 3.3142, 4.3193, 4.752, 3.8341, 7.7849, 7.4025, 5.5434, 4.6327, 5.1183, 6.5711, 10.2731, 3.4115, 1.0808, 4.2341, 1.9475, 12.7107],
      [6.3213, 6.0297, 4.2405, 6.4938, 4.7109, 5.5151, 2.3692, 3.8966, 4.2018, 3.6829, 8.1777, 6.5657, 6.0851, 3.2845, 5.3518, 4.6464, 6.6186, 4.5472, 1.6467, 5.2106, 2.0024, 14.4761],
      [9.6483, 7.2214, 5.316, 8.0551, 6.3377, 6.0507, 4.2681, 7.6468, 5.545, 5.8057, 12.4925, 10.5192, 9.731, 5.3031, 6.5196, 2.9308, 15.1706, 4.6708, 2.0585, 6.9328, 3.133, 23.9587]
    ],
    [
      [0.056, 0.2057, 0, 0.1735, 0.1356, 0, 0.0921, 0.0623, 0, 0.182, 0.1518, 0.1215, 0.0374, 0.1108, 0.0055, 0.0766, 0.2172, 0.0527, 0, 0.0637, 0, 0],
      [2.9526, 2.5669, 3.6556, 2.7645, 2.2715, 2.43, 3.3525, 6.1975, 4.8648, 3.5164, 3.0127, 3.6586, 1.728, 3.2096, 2.8867, 1.5364, 4.7085, 2.929, 1.4527, 1.0582, 1.0756, 10.4595],
      [9.2203, 8.4287, 8.1466, 9.2154, 5.7784, 7.3764, 3.3231, 10.6349, 9.389, 7.054, 8.9275, 4.525, 4.8756, 6.6454, 8.7049, 2.908, 9.141, 2.7746, 4.0798, 3.1986, 2.1746, 19.0885],
      [0.511, 0.5159, 0.3928, 0.594, 0.2597, 0.3326, 0.3048, 0.5927, 0.3708, 0.2432, 0.3427, 0.4097, 0.2547, 0.3551, 0.5765, 0.3421, 0.426, 0.3178, 0.1851, 0.1208, 0.1926, 1.2558],
      [54.8977, 75.3168, 48.7583, 55.5817, 51.7916, 45.5996, 32.7648, 52.8663, 64.303, 37.3443, 55.0009, 48.9543, 27.3546, 50.109, 53.5856, 39.8383, 76.9752, 20.7118, 17.5577, 19.4141, 19.9317, 122.497],
      [8.4745, 12.6724, 6.8263, 12.9044, 7.5518, 8.5412, 3.886, 8.0162, 9.4497, 5.9376, 9.6168, 7.2526, 4.9344, 5.8419, 9.2895, 4.5194, 8.1833, 4.3629, 4.3744, 3.9816, 3.3766, 23.1333],
      [7.8879, 9.2936, 5.2204, 9.7664, 6.2114, 5.7202, 4.2768, 9.6302, 7.6228, 5.7225, 8.9475, 7.0783, 4.8153, 5.7281, 6.9512, 1.7792, 11.3488, 2.8512, 3.3503, 3.1629, 3.2489, 23.5658]
    ],
    [
      [9.3928, 11.9102, 5.8265, 7.6413, 8.4235, 4.341, 5.1319, 7.8512, 5.21, 4.7047, 13.2436, 12.1474, 11.9352, 4.7555, 15.996, 9.1199, 11.4476, 3.5312, 11.524, 4.3859, 6.0371, 10.4348],
      [7.5632, 3.4862, 9.3369, 3.3879, 4.8367, 6.03, 7.1735, 12.0306, 8.1907, 4.0096, 7.2516, 10.284, 4.673, 5.1844, 5.7391, 4.4593, 8.7716, 5.4879, 4.6369, 2.5429, 2.5342, 23.9219],
      [17.1761, 9.8746, 14.358, 9.4008, 8.7871, 12.4965, 5.7897, 15.5211, 11.0796, 5.7266, 15.4369, 8.1423, 9.4872, 7.4686, 13.2145, 5.7386, 11.9703, 4.1777, 8.0783, 5.5375, 3.3147, 29.6567],
      [22.0452, 12.7505, 15.1575, 12.1339, 9.6246, 12.3439, 9.5188, 18.029, 9.9346, 4.456, 14.1109, 18.7734, 11.0214, 9.9476, 18.877, 11.816, 11.0607, 9.5665, 7.2296, 5.0711, 6.1475, 42.0334],
      [32.9552, 28.5653, 27.5866, 17.7465, 24.9386, 24.3819, 18.0608, 25.3274, 23.9799, 9.7922, 30.2888, 30.7395, 16.5644, 17.6537, 25.433, 24.9833, 31.5533, 9.6619, 9.7175, 10.388, 9.2136, 59.2428],
      [145.5713, 136.699, 110.2937, 119.8021, 106.1913, 130.2032, 61.5946, 107.9925, 101.4051, 45.2689, 152.485, 130.301, 86.5429, 61.0759, 125.3337, 80.3574, 97.4441, 59.4885, 72.9231, 62.8298, 44.5644, 317.7689],
      [25.2962, 18.7141, 15.4409, 16.8876, 16.1982, 16.2035, 12.7308, 24.2482, 15.2001, 8.042, 26.1834, 23.6123, 15.7759, 10.9143, 17.4066, 4.5255, 24.7525, 7.0863, 10.8906, 9.2448, 8.1885, 59.9414]
    ],
    [
      [0.355, 0.464, 0.2101, 0.4293, 0.2065, 0.0343, 0.0927, 0.1752, 0.1002, 0.4965, 0.3091, 0.1898, 0.6469, 0.2752, 0.5565, 0.0991, 0.4017, 0.2683, 0.9368, 0.1403, 0.2772, 0.7648],
      [2.0598, 1.3378, 2.1062, 1.7204, 0.8892, 0.2559, 1.2131, 2.0858, 1.0183, 3.3227, 1.2449, 1.1382, 1.6782, 2.0922, 1.3975, 0.3283, 2.1452, 3.5887, 1.6876, 0.6173, 0.6328, 8.5468],
      [0.0409, 0.0252, 0.03, 0.0348, 0.0144, 0.0048, 0.0071, 0.022, 0.0124, 0.0392, 0.0237, 0.009, 0.0308, 0.0285, 0.0267, 0.004, 0.0276, 0.0214, 0.0303, 0.0119, 0.0078, 0.1015],
      [0.1327, 0.0811, 0.0796, 0.112, 0.0402, 0.0123, 0.0286, 0.0634, 0.0283, 0.0793, 0.0555, 0.0492, 0.0913, 0.0968, 0.0983, 0.0197, 0.064, 0.1208, 0.0681, 0.0289, 0.037, 0.362],
      [0.0006, 0.0007, 0.0005, 0.0002, 0.0001, 0.0001, 0.0003, 0.0006, 0.0001, 0.0009, 0.0003, 0.0002, 0.0003, 0, 0.0005, 0.0001, 0, 0, 0, 0.0001, 0.0004, 0.0017],
      [0.0456, 0.0459, 0.0305, 0.0581, 0.0228, 0.0068, 0.01, 0.0203, 0.015, 0.0416, 0.0308, 0.0177, 0.0377, 0.0298, 0.0345, 0.0073, 0.0297, 0.0416, 0.0424, 0.0177, 0.0143, 0.149],
      [6.3654, 5.0452, 3.543, 6.6452, 2.8268, 0.6858, 1.6482, 3.6327, 1.8256, 6.0199, 4.3357, 2.5959, 5.5149, 4.4776, 3.8859, 0.5414, 6.3318, 3.9593, 4.2349, 2.1838, 2.0304, 22.0741]
    ]
  ],
  "V_est": [
    [20.9277, 5.0767, 40.5315, 0.5749, 199.6646, 1.477, 1.7476],
    [101.4513, 43.5529, 638.8472, 8.0993, 51.7425, 74.4365, 215.8703],
    [2.4556, 221.4437, 7.0235, 996.0313, 119.6563, 116.0745, 169.3152],
    [1.7444, 72.2881, 155.6102, 8.8964, 1071.1545, 173.1266, 154.1797],
    [184.9912, 151.5318, 232.4336, 291.6492, 508.7742, 2356.1363, 387.4837],
    [7.4298, 41.1068, 0.5539, 1.749, 0.0078, 0.7492, 100.4035]
  ],
  "p_est": [
    [0.0775, 0.0188, 0.1501, 0.0021, 0.7395, 0.0055, 0.0065],
    [0.0895, 0.0384, 0.5634, 0.0071, 0.0456, 0.0656, 0.1904],
    [0.0015, 0.1357, 0.0043, 0.6103, 0.0733, 0.0711, 0.1037],
    [0.0011, 0.0442, 0.0951, 0.0054, 0.6543, 0.1058, 0.0942],
    [0.045, 0.0368, 0.0565, 0.0709, 0.1237, 0.5729, 0.0942],
    [0.0489, 0.2704, 0.0036, 0.0115, 0.0001, 0.0049, 0.6605]
  ],
  "EI_Z": {},
  "EI_V": 13.6485,
  "MAE_Z": {},
  "MAE_V": 58.0908,
  "MAE_p": 0.1204,
  "runtime": 0.028
}
