{
  "X": [
    [46, 246, 367, 85],
    [37, 121, 200, 37],
    [32, 101, 276, 50],
    [13, 39, 96, 15],
    [36, 251, 232, 56],
    [42, 215, 220, 50],
    [45, 194, 142, 35],
    [77, 497, 444, 73],
    [46, 369, 195, 49],
    [34, 336, 173, 46],
    [35, 205, 144, 33],
    [67, 380, 318, 51],
    [86, 507, 663, 95],
    [123, 1183, 851, 148],
    [29, 170, 106, 35],
    [45, 389, 333, 52],
    [37, 217, 164, 29],
    [29, 343, 283, 50],
    [38, 246, 347, 37],
    [9, 31, 112, 7],
    [18, 52, 54, 14],
    [28, 96, 228, 37],
    [9, 9, 27, 0],
    [11, 92, 280, 33],
    [3, 13, 91, 6],
    [22, 98, 196, 24],
    [9, 9, 20, 7],
    [9, 34, 109, 15],
    [17, 99, 159, 18],
    [13, 127, 225, 45],
    [11, 20, 59, 6],
    [29, 189, 148, 27],
    [17, 58, 226, 18],
    [9, 85, 106, 28],
    [28, 154, 153, 25],
    [44, 240, 249, 47],
    [11, 27, 74, 12],
    [3, 6, 23, 2],
    [12, 36, 54, 8],
    [32, 142, 121, 35],
    [41, 136, 117, 15],
    [39, 99, 240, 62],
    [3, 7, 36, 3],
    [3, 9, 53, 2],
    [6, 17, 58, 12],
    [3, 10, 28, 3],
    [12, 34, 107, 14],
    [12, 23, 31, 4],
    [11, 36, 65, 9],
    [3, 16, 82, 2],
    [0, 14, 73, 1],
    [70, 321, 275, 64],
    [33, 178, 194, 26],
    [48, 341, 188, 38],
    [23, 88, 124, 25],
    [6, 17, 18, 3],
    [1, 14, 18, 18],
    [16, 47, 166, 10],
    [10, 78, 54, 5],
    [104, 459, 703, 105],
    [10, 61, 78, 14],
    [6, 30, 119, 4],
    [10, 17, 76, 3],
    [22, 163, 208, 28],
    [24, 101, 188, 46],
    [4, 7, 51, 2],
    [28, 141, 125, 26],
    [22, 71, 93, 12],
    [15, 67, 141, 15],
    [5, 13, 63, 11],
    [26, 55, 173, 16],
    [24, 142, 143, 14],
    [23, 59, 135, 30],
    [0, 7, 0, 1],
    [15, 62, 124, 27],
    [8, 28, 48, 2],
    [7, 33, 103, 24],
    [12, 29, 166, 17],
    [7, 145, 147, 21],
    [97, 633, 924, 121],
    [14, 119, 159, 25],
    [224, 483, 902, 233],
    [25, 60, 101, 17]
  ],
  "W": [
    [46, 51, 242, 214, 102, 42, 47],
    [34, 31, 121, 114, 50, 23, 22],
    [44, 29, 118, 156, 50, 33, 29],
    [18, 6, 44, 61, 13, 14, 7],
    [22, 38, 267, 117, 52, 46, 33],
    [18, 46, 235, 113, 37, 33, 45],
    [14, 34, 193, 83, 27, 30, 35],
    [41, 68, 518, 254, 63, 66, 81],
    [20, 36, 358, 95, 54, 45, 51],
    [18, 42, 315, 94, 41, 19, 60],
    [13, 30, 230, 68, 27, 24, 25],
    [27, 67, 391, 177, 46, 43, 65],
    [77, 90, 547, 397, 91, 73, 76],
    [58, 119, 1224, 433, 189, 112, 170],
    [10, 28, 157, 53, 30, 29, 33],
    [22, 38, 408, 169, 72, 50, 60],
    [18, 37, 212, 92, 30, 25, 33],
    [22, 21, 350, 152, 59, 50, 51],
    [31, 44, 269, 180, 57, 47, 40],
    [24, 13, 23, 67, 18, 5, 9],
    [3, 14, 54, 24, 15, 11, 17],
    [40, 28, 101, 140, 46, 10, 24],
    [5, 7, 12, 16, 1, 4, 0],
    [41, 8, 102, 186, 30, 27, 22],
    [20, 3, 16, 56, 7, 5, 6],
    [48, 17, 108, 115, 19, 17, 16],
    [0, 11, 14, 6, 2, 3, 9],
    [25, 3, 41, 65, 21, 8, 4],
    [14, 17, 95, 105, 23, 18, 21],
    [16, 21, 147, 134, 28, 28, 36],
    [4, 11, 22, 47, 9, 0, 3],
    [16, 25, 183, 76, 36, 32, 25],
    [33, 14, 71, 137, 28, 21, 15],
    [9, 11, 101, 59, 12, 21, 15],
    [11, 26, 165, 86, 41, 11, 20],
    [27, 40, 260, 127, 56, 30, 40],
    [8, 9, 27, 52, 11, 6, 11],
    [1, 3, 6, 22, 1, 0, 1],
    [4, 7, 46, 23, 14, 11, 5],
    [9, 29, 133, 63, 46, 20, 30],
    [13, 50, 125, 70, 27, 9, 15],
    [49, 50, 103, 122, 46, 47, 23],
    [5, 2, 10, 21, 8, 1, 2],
    [3, 5, 10, 41, 4, 1, 3],
    [11, 7, 20, 38, 6, 7, 4],
    [3, 1, 14, 17, 6, 2, 1],
    [8, 8, 41, 73, 10, 16, 11],
    [1, 10, 27, 17, 6, 3, 6],
    [12, 6, 39, 38, 11, 7, 8],
    [27, 7, 12, 44, 4, 6, 3],
    [10, 0, 17, 49, 9, 1, 2],
    [29, 69, 337, 131, 88, 21, 55],
    [10, 30, 198, 108, 43, 26, 16],
    [17, 40, 326, 105, 51, 26, 50],
    [6, 11, 89, 85, 19, 16, 34],
    [4, 7, 14, 8, 5, 4, 2],
    [3, 3, 12, 9, 6, 7, 11],
    [23, 16, 48, 107, 16, 14, 15],
    [5, 11, 82, 26, 12, 5, 6],
    [88, 82, 481, 376, 129, 83, 132],
    [8, 16, 60, 39, 10, 16, 14],
    [11, 5, 40, 73, 14, 9, 7],
    [17, 9, 19, 40, 9, 4, 8],
    [20, 26, 153, 118, 46, 15, 43],
    [33, 14, 99, 113, 58, 24, 18],
    [10, 2, 12, 24, 11, 4, 1],
    [9, 28, 135, 57, 32, 20, 39],
    [17, 25, 59, 39, 23, 15, 20],
    [23, 8, 72, 84, 27, 14, 10],
    [14, 8, 13, 43, 6, 1, 7],
    [24, 23, 65, 103, 28, 18, 9],
    [18, 24, 125, 80, 54, 7, 15],
    [28, 12, 62, 75, 22, 24, 24],
    [0, 1, 5, 0, 1, 0, 1],
    [23, 15, 59, 69, 12, 23, 27],
    [11, 9, 26, 23, 8, 4, 5],
    [17, 9, 43, 52, 19, 10, 17],
    [14, 11, 44, 109, 16, 10, 20],
    [3, 6, 170, 107, 19, 1, 14],
    [131, 100, 641, 509, 167, 100, 127],
    [20, 26, 108, 90, 26, 15, 32],
    [155, 206, 558, 487, 142, 121, 173],
    [24, 28, 77, 62, 3, 4, 5]
  ],
  "method": "mvn_pdf",
  "cond_prob": [
    [
      [0.0068298829791, 6.1118740091e-05, 0.88840407614, 0.10470492214],
      [0.57460703906, 0.099364863671, 0.14771910449, 0.17830899278],
      [0.015729006755, 0.83687908622, 0.12087279821, 0.026519108818],
      [0.0075286455167, 0.0024920420935, 0.95314968789, 0.036829624504],
      [0.048535800914, 0.18496343972, 0.53135367519, 0.23514708417],
      [0.077571406333, 0.081233716433, 0.43530141041, 0.40589346683],
      [0.055856006024, 0.3130229044, 0.24129660335, 0.38982448622]
    ],
    [
      [0.011977718731, 6.0597001845e-05, 0.9019475362, 0.086014148068],
      [0.72301826439, 0.069249475348, 0.10483863094, 0.10289362932],
      [0.027366936627, 0.82994799146, 0.12111855066, 0.021566521256],
      [0.013023175113, 0.002437245976, 0.95471548283, 0.029824096083],
      [0.08527748886, 0.18358849638, 0.53790606997, 0.19322794479],
      [0.1377111415, 0.081213988755, 0.44414673137, 0.33692813837],
      [0.10083320847, 0.31942826928, 0.25038546358, 0.32935305867]
    ],
    [
      [0.0071429023732, 3.169165166e-05, 0.9107993074, 0.082026098573],
      [0.64054225983, 0.054121117074, 0.15855037213, 0.14678625096],
      [0.02754911095, 0.73093548872, 0.20677263657, 0.034742763761],
      [0.0077548566076, 0.0012726826379, 0.96256397463, 0.028408486128],
      [0.05805632799, 0.10953206466, 0.62176513949, 0.21064646786],
      [0.091584510478, 0.047439153624, 0.50202758486, 0.35894875104],
      [0.075621447473, 0.20975433559, 0.31888984036, 0.39573437658]
    ],
    [
      [0.017485359077, 4.4668561623e-05, 0.89585833765, 0.086611634714],
      [0.81999366185, 0.035802499856, 0.071786763479, 0.072417074817],
      [0.049334370937, 0.77823755485, 0.14588204023, 0.026546033985],
      [0.019015005071, 0.0017970788831, 0.94923229269, 0.029955623354],
      [0.12749226477, 0.13755131266, 0.53714550716, 0.19781091541],
      [0.19622402207, 0.057337037123, 0.41827755029, 0.32816139052],
      [0.15439810383, 0.24514272057, 0.2538847429, 0.3465744327]
    ],
    [
      [0.0067510083339, 5.9028072088e-05, 0.90549955028, 0.087690413313],
      [0.59064696702, 0.099260330149, 0.15551268302, 0.15458001981],
      [0.016038763067, 0.83415332198, 0.12690815538, 0.022899759572],
      [0.0073515647289, 0.0023777610526, 0.95980547603, 0.030465198193],
      [0.0497399213, 0.18513188968, 0.56093529325, 0.20419289578],
      [0.081732799917, 0.083550527148, 0.47219019255, 0.36252648039],
      [0.059397183868, 0.32506590018, 0.2641049781, 0.35143193786]
    ],
    [
      [0.0069312639605, 4.855625355e-05, 0.91544339327, 0.077576786516],
      [0.61778745185, 0.083095541776, 0.15987834894, 0.13923865743],
      [0.019343860636, 0.806259872, 0.15059234449, 0.023803922878],
      [0.0074966453171, 0.0019426561816, 0.96379059492, 0.026770103586],
      [0.053707754958, 0.16010692912, 0.59620182216, 0.18998349375],
      [0.088299411852, 0.072292504321, 0.50198330717, 0.33742477666],
      [0.067313530494, 0.29500473822, 0.29443786122, 0.34324387007]
    ],
    [
      [0.016826685371, 8.4944176753e-05, 0.89423775564, 0.088850614812],
      [0.76759169777, 0.073387349781, 0.078618133453, 0.080402818998],
      [0.028706873632, 0.86494377676, 0.089705016259, 0.016644333344],
      [0.018311555401, 0.0034196295674, 0.94743468754, 0.030834127488],
      [0.10798929239, 0.23179280942, 0.48037978566, 0.17983811254],
      [0.17670842983, 0.10388686969, 0.40179455474, 0.31761014574],
      [0.12036551136, 0.37999467807, 0.21084869867, 0.28879111189]
    ],
    [
      [0.0090761691934, 6.7177116527e-05, 0.92493662178, 0.065920031915],
      [0.6698996469, 0.096009713127, 0.13539734768, 0.098693292294],
      [0.019355789262, 0.84850294593, 0.11666757611, 0.015473688695],
      [0.0097313612787, 0.0026641129696, 0.96504041104, 0.022564114716],
      [0.066556603405, 0.20963121708, 0.57117773098, 0.15263444853],
      [0.11443316039, 0.099075625184, 0.50341594889, 0.28307526554],
      [0.081188750554, 0.37586852501, 0.27502744567, 0.26791527877]
    ],
    [
      [0.011204426305, 9.9698713518e-05, 0.90841798695, 0.080277888031],
      [0.67848384894, 0.11588597819, 0.10789328003, 0.097736892841],
      [0.016833606834, 0.88935101699, 0.080552947819, 0.013262428355],
      [0.012117442445, 0.0039883644167, 0.95619035643, 0.027703836712],
      [0.072149874434, 0.27317620092, 0.49151357554, 0.1631603491],
      [0.12549304683, 0.1304282171, 0.43782693805, 0.30625179802],
      [0.079935349438, 0.44504478222, 0.21480614062, 0.26021372773]
    ],
    [
      [0.0073142253303, 0.00010636794063, 0.90461884624, 0.087960560489],
      [0.56651797737, 0.15849607304, 0.13759296196, 0.13739298762],
      [0.010411542901, 0.89988532655, 0.075934439458, 0.01376869109],
      [0.0079512261818, 0.0042773948592, 0.95726641141, 0.030504967551],
      [0.046758431701, 0.28960013939, 0.48595001631, 0.17769141259],
      [0.082434336046, 0.14018181459, 0.43889975474, 0.33848409462],
      [0.050803321792, 0.46285166122, 0.20822476232, 0.27812025466]
    ],
    [
      [0.010302141327, 5.5660729304e-05, 0.90801969463, 0.081622503315],
      [0.69941726995, 0.071571073723, 0.11887992145, 0.11013173488],
      [0.025491015225, 0.82021014653, 0.13212601307, 0.022172825168],
      [0.011168483213, 0.0022322602813, 0.95838497363, 0.028214282876],
      [0.075846266235, 0.17412899627, 0.56022350684, 0.18980123066],
      [0.12330036736, 0.077613525954, 0.46564850633, 0.33343760037],
      [0.091815191849, 0.3097750801, 0.2669200021, 0.33148972595]
    ],
    [
      [0.0087556529657, 6.8336989034e-05, 0.93021056757, 0.060965442477],
      [0.66601637114, 0.10038237685, 0.13975983457, 0.093841417442],
      [0.018403422113, 0.85199791488, 0.11549679583, 0.014101867185],
      [0.0093543748073, 0.0027005498436, 0.96715323141, 0.020791843941],
      [0.064682547926, 0.21486098395, 0.57824352556, 0.14221294255],
      [0.11279278316, 0.10294077565, 0.51670733412, 0.26755910706],
      [0.079524561746, 0.38836196749, 0.28045866897, 0.25165480179]
    ],
    [
      [0.0069884928132, 5.4315446121e-05, 0.92612184146, 0.066835350282],
      [0.62131356124, 0.093810355435, 0.16395353525, 0.12092254807],
      [0.017884401213, 0.8230063263, 0.14027986209, 0.018829410395],
      [0.0075021921881, 0.0021566722567, 0.96743364215, 0.0229074934],
      [0.054061104186, 0.1788395082, 0.60379526401, 0.1633041236],
      [0.091775460159, 0.083496217778, 0.52565398654, 0.29907433553],
      [0.0684044327, 0.33260236388, 0.30165642007, 0.29733678335]
    ],
    [
      [0.006918392143, 6.9006315382e-05, 0.92960746401, 0.063405137533],
      [0.60571914798, 0.11785698666, 0.16299259181, 0.11343127355],
      [0.014515568514, 0.85522225522, 0.11560822966, 0.014653946609],
      [0.0074054748713, 0.0027320079096, 0.96818926422, 0.021673252997],
      [0.051350068973, 0.21799040964, 0.58202370314, 0.14863581825],
      [0.090051122705, 0.10519444176, 0.52365797245, 0.28109646309],
      [0.062972962662, 0.39284292032, 0.28201761716, 0.26216649985]
    ],
    [
      [0.010079669957, 9.8421978087e-05, 0.8946402321, 0.095181675967],
      [0.64751548621, 0.12002409405, 0.11085828908, 0.12160213065],
      [0.015220118217, 0.88964982677, 0.079350691261, 0.015779363748],
      [0.011013715277, 0.0039784940633, 0.95185016162, 0.033157629038],
      [0.0642144303, 0.267107488, 0.47719541835, 0.19148266335],
      [0.10913216659, 0.12433580448, 0.41478434994, 0.35174767899],
      [0.069690339057, 0.42678276677, 0.2039231884, 0.29960370577]
    ],
    [
      [0.0070631654606, 6.1038477068e-05, 0.93598577964, 0.056890016418],
      [0.62863540357, 0.10474302122, 0.16433875206, 0.10228282314],
      [0.016406646834, 0.84059443095, 0.12845765346, 0.014541268758],
      [0.0075275367808, 0.002406128528, 0.97071120307, 0.019355131619],
      [0.054422150363, 0.20014117683, 0.6070297057, 0.13840696711],
      [0.095505702591, 0.096513832733, 0.54593493818, 0.26204552649],
      [0.069123195263, 0.37368500594, 0.30417372771, 0.25301807109]
    ],
    [
      [0.0096421125028, 8.7652783393e-05, 0.92244514819, 0.067825086523],
      [0.66689018598, 0.11557641285, 0.12382337872, 0.093710022447],
      [0.016223878053, 0.87993171289, 0.091304474962, 0.012539934092],
      [0.010340631128, 0.0034773635451, 0.9629776131, 0.023204392225],
      [0.066163877253, 0.25610012394, 0.53083055175, 0.14690544706],
      [0.11676684318, 0.12390029252, 0.47937625135, 0.27995661295],
      [0.076604781216, 0.43632756337, 0.24207343497, 0.24499422044]
    ],
    [
      [0.0068363578681, 7.1311454547e-05, 0.92678678326, 0.066305547414],
      [0.60178166662, 0.12058174522, 0.16019300787, 0.11744358029],
      [0.013890554783, 0.86012403314, 0.11116860989, 0.014816802186],
      [0.0073306132278, 0.00282841769, 0.96714890646, 0.022692062625],
      [0.050236882433, 0.22304620286, 0.57286197963, 0.15385493508],
      [0.087968772175, 0.10727865238, 0.51397502469, 0.29077755075],
      [0.060843845364, 0.39721468835, 0.27366743018, 0.26827403611]
    ],
    [
      [0.0047171813835, 4.2731551822e-05, 0.95331264368, 0.041927443387],
      [0.57072925041, 0.099643106359, 0.22716744301, 0.10246020022],
      [0.014760510882, 0.7947533509, 0.17604981846, 0.014436319755],
      [0.0049794103092, 0.0016684161889, 0.97922123572, 0.014130937786],
      [0.040519301487, 0.1562887714, 0.68943865542, 0.1137532717],
      [0.072413042736, 0.076751175444, 0.63147309852, 0.2193626833],
      [0.057400465783, 0.32559172058, 0.38502217819, 0.23198563545]
    ],
    [
      [0.0044247086324, 6.7709797855e-05, 0.95615594179, 0.039351639779],
      [0.54224092309, 0.15256064527, 0.21319332047, 0.092005111175],
      [0.0089945570618, 0.87046158098, 0.11180388002, 0.0087399819456],
      [0.0046559755102, 0.0026359805669, 0.97950029966, 0.013207744266],
      [0.035222208665, 0.23280908851, 0.6331905982, 0.098778104625],
      [0.066617401516, 0.11955273561, 0.61161438325, 0.20221547962],
      [0.045620686094, 0.4498377817, 0.32012994555, 0.18441158666]
    ],
    [
      [0.012791970422, 4.8486632463e-05, 0.91873285273, 0.068426690215],
      [0.7707341573, 0.052376428585, 0.099309381263, 0.077580032857],
      [0.03468595078, 0.8008988163, 0.14411701629, 0.020298216626],
      [0.013731916788, 0.0019257121041, 0.96095212144, 0.023390249669],
      [0.097696176422, 0.15706017347, 0.58066185415, 0.16458179596],
      [0.1593453106, 0.069724718516, 0.48097836679, 0.28995160409],
      [0.12309066248, 0.29129376102, 0.28567268574, 0.29994289076]
    ],
    [
      [0.0080695619714, 4.5360436793e-05, 0.90292859934, 0.08895647825],
      [0.64936397055, 0.06906435144, 0.1397133534, 0.14185832461],
      [0.023514584318, 0.79356523767, 0.15448593033, 0.028434247681],
      [0.0087978338148, 0.0018293783557, 0.95845104151, 0.030921746324],
      [0.061526881162, 0.14718612881, 0.57699151741, 0.21429547262],
      [0.097868734483, 0.064182691125, 0.46941631117, 0.36853226322],
      [0.075546859427, 0.26591234102, 0.27875175259, 0.37978904696]
    ],
    [
      [0.018130595847, 2.4846110385e-05, 0.9608892802, 0.020955277847],
      [0.9082898506, 0.016940457727, 0.059875799385, 0.01489389229],
      [0.073163103935, 0.71335928433, 0.20446737047, 0.0090102412733],
      [0.018884933283, 0.00095685308262, 0.97316662944, 0.0069915841906],
      [0.16449611196, 0.09395954055, 0.68370167714, 0.057842670349],
      [0.28092544371, 0.042231582102, 0.57286172675, 0.10398124744],
      [0.25594781191, 0.21928468837, 0.39551683571, 0.12925066401]
    ],
    [
      [0.0047530710203, 3.8448535054e-05, 0.92694150134, 0.068266979105],
      [0.55294339964, 0.084221540962, 0.20634032174, 0.15649473766],
      [0.015952419385, 0.77626589516, 0.1826492007, 0.025132484749],
      [0.0051095147252, 0.0015288141219, 0.96995485093, 0.023406820218],
      [0.039437343247, 0.13590053438, 0.64563341785, 0.17902870452],
      [0.065643395194, 0.062050871851, 0.55009906611, 0.32220666685],
      [0.052452197869, 0.26614111632, 0.33782731765, 0.34357936816]
    ],
    [
      [0.0031185186982, 1.9073263683e-05, 0.95822709225, 0.038635315792],
      [0.55017156973, 0.055962345803, 0.27568128719, 0.11818479728],
      [0.016827659654, 0.66779630038, 0.29276971439, 0.022606325577],
      [0.0032846693746, 0.00074306888179, 0.98300118015, 0.012971081596],
      [0.030233792813, 0.078627107639, 0.77242841942, 0.11871068013],
      [0.05273519567, 0.037457875521, 0.68488774389, 0.22491918492],
      [0.048972246297, 0.1889831115, 0.48258474965, 0.27945989256]
    ],
    [
      [0.010197938911, 5.1080323796e-05, 0.91782894379, 0.071922036971],
      [0.71469988883, 0.066464963986, 0.12096672537, 0.097868421812],
      [0.026872872215, 0.81084675253, 0.14153326868, 0.020747106573],
      [0.010982105223, 0.002034864679, 0.9622913912, 0.024691638898],
      [0.077697514914, 0.16545152497, 0.58413710287, 0.17271385725],
      [0.12786454495, 0.074456417905, 0.49076147863, 0.30691755852],
      [0.097142862576, 0.304461476, 0.28691895913, 0.3114767023]
    ],
    [
      [0.0047641850931, 1.1994620968e-05, 0.94661289778, 0.048610922506],
      [0.64578295183, 0.027389550528, 0.20700430753, 0.11982319011],
      [0.034337898198, 0.54986819778, 0.37741591855, 0.038377985468],
      [0.0050398220682, 0.00046945976359, 0.97814309492, 0.016347623244],
      [0.046221851115, 0.048620847366, 0.75437577285, 0.15078152867],
      [0.076709649646, 0.022095049809, 0.62731984557, 0.27387545498],
      [0.073770120375, 0.11357721323, 0.45500486359, 0.35764780281]
    ],
    [
      [0.013000779846, 3.4170112109e-05, 0.89767201508, 0.08929303496],
      [0.78165130889, 0.034358067152, 0.090398279523, 0.09359234443],
      [0.045561510327, 0.73898375864, 0.18154477595, 0.033909955085],
      [0.014175560346, 0.0013781350903, 0.95349845992, 0.030947844648],
      [0.10057658487, 0.1113208948, 0.57154540035, 0.21655711998],
      [0.15384668841, 0.0461788099, 0.44241054, 0.35756396169],
      [0.12553256896, 0.20417251157, 0.27835601232, 0.39193890714]
    ],
    [
      [0.0066904550225, 6.7201260177e-05, 0.93860409393, 0.054638249786],
      [0.61957832515, 0.11657912926, 0.16465989931, 0.099182646284],
      [0.014135822671, 0.8572256237, 0.11597388091, 0.012664672719],
      [0.0071150651282, 0.0026436984756, 0.97170849414, 0.018532742261],
      [0.051030851674, 0.21865192752, 0.59881937931, 0.1314978415],
      [0.091296254094, 0.10698368265, 0.54755741028, 0.25416265298],
      [0.063928299563, 0.40391441789, 0.29468214668, 0.23747513587]
    ],
    [
      [0.0031449635898, 3.2972721172e-05, 0.91728499391, 0.079537069777],
      [0.43916130106, 0.088115452514, 0.24960359777, 0.22311964865],
      [0.011964915279, 0.74955526007, 0.20523901863, 0.03324080602],
      [0.0034081320455, 0.0013217715352, 0.96777989038, 0.02749020604],
      [0.026305377262, 0.11749618301, 0.64543686818, 0.21076157155],
      [0.042593088269, 0.05229645184, 0.53554440091, 0.36956605898],
      [0.034721903248, 0.22809796113, 0.33532104631, 0.40185908932]
    ],
    [
      [0.011967862755, 4.317630951e-05, 0.91301815517, 0.074970805761],
      [0.77276552186, 0.046611382683, 0.095674858284, 0.08494823717],
      [0.034182634243, 0.79605541182, 0.14666899672, 0.023092957212],
      [0.012886567251, 0.0017211657831, 0.95980881236, 0.02558345461],
      [0.093402338728, 0.14307010291, 0.57872391638, 0.18480364198],
      [0.14951194537, 0.06161810575, 0.46615044887, 0.32271950001],
      [0.11695994839, 0.26481087474, 0.27943829938, 0.33879087748]
    ],
    [
      [0.0095881845537, 8.7651940421e-05, 0.92480243869, 0.065521724818],
      [0.6688649868, 0.11594309701, 0.1244335049, 0.090758411292],
      [0.01611327075, 0.88043270826, 0.091361181576, 0.012092839413],
      [0.010266414765, 0.0034717722734, 0.9638819571, 0.022379855865],
      [0.066086859408, 0.25725514242, 0.53419059168, 0.14246740649],
      [0.11725738716, 0.12503978406, 0.48481470399, 0.2728881248],
      [0.076818712909, 0.44017195761, 0.24450408865, 0.23850524083]
    ],
    [
      [0.0056598474364, 2.4823809513e-05, 0.95267965412, 0.041635674637],
      [0.64845173814, 0.052894091076, 0.20576034595, 0.092893824829],
      [0.026214790237, 0.69440976874, 0.25822738417, 0.021148056849],
      [0.0059761895933, 0.00096949748151, 0.9790241901, 0.014030122825],
      [0.051838598907, 0.096606848402, 0.73124440097, 0.12031015172],
      [0.08911618343, 0.045512373278, 0.64223035747, 0.22314108583],
      [0.07921212703, 0.21728693683, 0.43838603511, 0.26511490103]
    ],
    [
      [0.0042374831684, 3.7126254809e-05, 0.88754828339, 0.10817710719],
      [0.48554294185, 0.079357127009, 0.19178370334, 0.2433162278],
      [0.0145273335, 0.76721403148, 0.17769543201, 0.040563203006],
      [0.004682890972, 0.0015181000104, 0.95575029051, 0.038048718506],
      [0.032931923536, 0.12282089265, 0.57726838538, 0.26697879844],
      [0.050492167988, 0.051645632474, 0.45250529303, 0.44535690651],
      [0.039790517674, 0.21822834058, 0.27366597442, 0.46831516732]
    ],
    [
      [0.0089802041017, 5.7427441319e-05, 0.92100171631, 0.069960652148],
      [0.6798043966, 0.081943516681, 0.13354901214, 0.10470307458],
      [0.021695001531, 0.82913312104, 0.130622239, 0.01854963843],
      [0.0096554331802, 0.0022841588523, 0.96407584288, 0.023984565092],
      [0.067714882036, 0.18413503869, 0.58156674809, 0.16658333118],
      [0.11371846989, 0.08472165067, 0.49921769595, 0.30234218349],
      [0.083846710536, 0.33530833775, 0.28323081151, 0.2976141402]
    ],
    [
      [0.0084987335541, 5.2886418802e-05, 0.91905501821, 0.072393361821],
      [0.66583068432, 0.07939022295, 0.14087453095, 0.11390456178],
      [0.022070505059, 0.81651420271, 0.14074720474, 0.020668087489],
      [0.0091573046063, 0.0021078589457, 0.963845008, 0.024889828444],
      [0.064829743283, 0.17161262386, 0.58915569139, 0.17440194147],
      [0.10770662753, 0.07828348895, 0.50120422175, 0.31280566177],
      [0.080977998608, 0.31511603771, 0.29005215531, 0.31385380838]
    ],
    [
      [0.010781647589, 4.5582714933e-05, 0.90754448783, 0.081628281867],
      [0.73830129763, 0.054052617474, 0.10644905281, 0.10119703209],
      [0.030193177959, 0.79948427075, 0.14545141764, 0.024871133652],
      [0.011677156476, 0.0018265377996, 0.95839579759, 0.028100508138],
      [0.082641448056, 0.14847157521, 0.57178725727, 0.19709971946],
      [0.13201238174, 0.064280598054, 0.46258353509, 0.34112348512],
      [0.10196530203, 0.27050195191, 0.27442686654, 0.35310587953]
    ],
    [
      [0.010761007964, 5.8280406882e-05, 0.90218244761, 0.086998264021],
      [0.81952216335, 0.047875512051, 0.060581613917, 0.072020710682],
      [0.018105382654, 0.89455808032, 0.072682123351, 0.014654413677],
      [0.011554042678, 0.0023236858855, 0.95716735732, 0.028954914121],
      [0.083441151732, 0.19808445206, 0.50516770566, 0.21330669055],
      [0.13394235434, 0.079536760904, 0.39067829454, 0.39584259022],
      [0.093079314011, 0.33849000161, 0.20627912009, 0.36215156429]
    ],
    [
      [0.012316302631, 2.7853453064e-05, 0.93908299209, 0.048572851829],
      [0.80950807548, 0.030780749395, 0.10329842632, 0.056412748805],
      [0.050831039493, 0.70486284269, 0.22247934951, 0.021826768305],
      [0.013053033185, 0.0010920947342, 0.96946052999, 0.016394342088],
      [0.10574059787, 0.10053670031, 0.66298514578, 0.13073755605],
      [0.1738025185, 0.044799213342, 0.5500785076, 0.23131976056],
      [0.15109752627, 0.21077045717, 0.36745388218, 0.27067813437]
    ],
    [
      [0.011097443487, 7.9343083134e-05, 0.89439874206, 0.094424471369],
      [0.68529483008, 0.092771454563, 0.10626529395, 0.11566842141],
      [0.020206795279, 0.86526881226, 0.095650035535, 0.018874356931],
      [0.012128100425, 0.0032077997976, 0.95176515876, 0.032898941017],
      [0.074202835902, 0.22585423928, 0.50059774221, 0.19934518261],
      [0.12216059479, 0.10183613334, 0.42135525573, 0.35464801614],
      [0.083266947616, 0.37301201934, 0.22112362204, 0.32259741101]
    ],
    [
      [0.010056543912, 0.0001020220658, 0.93195939805, 0.057882035975],
      [0.67277525369, 0.12987842681, 0.1201091213, 0.077237198193],
      [0.01468078685, 0.89636950513, 0.079670981343, 0.0092787266797],
      [0.010702554314, 0.0040169073392, 0.96563478977, 0.019645748572],
      [0.067121362634, 0.29063220473, 0.52029521284, 0.12195121979],
      [0.12327426578, 0.14601000367, 0.48861968287, 0.24209604768],
      [0.07663085295, 0.48921318426, 0.23356678537, 0.20058917742]
    ],
    [
      [0.0061908754462, 4.1735173562e-05, 0.88834181989, 0.10542556949],
      [0.57009820867, 0.073929030906, 0.16034590512, 0.1956268553],
      [0.019329977062, 0.78119493522, 0.16332400163, 0.036151086082],
      [0.0068314868483, 0.0017036134026, 0.95435847204, 0.03710642771],
      [0.046911750188, 0.1347348531, 0.56571272198, 0.25264067473],
      [0.072525453417, 0.057192624371, 0.44797432811, 0.42230759411],
      [0.056353755128, 0.23813078117, 0.26774033341, 0.43777513029]
    ],
    [
      [0.0055421194768, 1.5127705551e-05, 0.95519506035, 0.039247692471],
      [0.7496607513, 0.025748757003, 0.1543507903, 0.070239701393],
      [0.033946783546, 0.6230959001, 0.31728507778, 0.025672238579],
      [0.0058326528482, 0.00058887087751, 0.98044789271, 0.013130583567],
      [0.054924923107, 0.061694294315, 0.76124196911, 0.12213881347],
      [0.094524418372, 0.028598208086, 0.64938741741, 0.22748995613],
      [0.08990216406, 0.1477913095, 0.46694248638, 0.29536404006]
    ],
    [
      [0.0023203109342, 2.1208608092e-05, 0.97234103415, 0.025317446306],
      [0.50693549214, 0.075412338249, 0.32335324494, 0.094298924673],
      [0.011271536654, 0.71887824049, 0.25652743375, 0.013322789105],
      [0.0024220090146, 0.00081900268033, 0.9883129091, 0.0084460792011],
      [0.023232243439, 0.091458054779, 0.80454006526, 0.080769636526],
      [0.042686224761, 0.045647546958, 0.749293588, 0.16237264028],
      [0.039821289482, 0.2366919588, 0.5205666252, 0.20292012652]
    ],
    [
      [0.0057649370926, 3.157589275e-05, 0.87018463741, 0.1240188496],
      [0.57662693895, 0.054113820097, 0.14593427228, 0.22332496867],
      [0.021113166135, 0.74960212907, 0.18042386161, 0.048860843185],
      [0.0064312618573, 0.0013039805698, 0.94848328631, 0.043781471268],
      [0.044256637116, 0.10312826562, 0.54876236723, 0.30385273004],
      [0.064604050697, 0.040900655179, 0.40602114628, 0.48847414785],
      [0.051666567586, 0.17751475695, 0.24822051589, 0.52259815957]
    ],
    [
      [0.010738039828, 1.9949649922e-05, 0.93689252648, 0.052349484045],
      [0.86886208116, 0.016152773488, 0.071141597936, 0.043843547411],
      [0.053947609546, 0.66681511157, 0.25165271866, 0.027584560227],
      [0.011387691715, 0.00078269825498, 0.97028260369, 0.017547006339],
      [0.10000086614, 0.074653777005, 0.67541222643, 0.14993313042],
      [0.16457393518, 0.032302110726, 0.53866807768, 0.26445587642],
      [0.14663916537, 0.15837146072, 0.36872615202, 0.3262632219]
    ],
    [
      [0.0087429374368, 2.877467564e-05, 0.93095298901, 0.060275298881],
      [0.72764116284, 0.042327139283, 0.1371298026, 0.092901895282],
      [0.035516265205, 0.71914763083, 0.21861043173, 0.026725672229],
      [0.0093427519617, 0.001137453266, 0.96900256761, 0.02051722716],
      [0.074643613304, 0.10403057047, 0.65923979319, 0.16208602304],
      [0.12178184493, 0.046257080814, 0.5463456319, 0.28561544236],
      [0.10373963572, 0.21282855532, 0.35731269677, 0.3261191122]
    ],
    [
      [0.014173991675, 3.4126402853e-05, 0.94170928615, 0.044082595768],
      [0.83584065356, 0.032579301865, 0.087061068303, 0.044518976274],
      [0.049414011149, 0.7499561612, 0.18389428008, 0.016735547562],
      [0.014957026385, 0.0013326143764, 0.96891023268, 0.014800126558],
      [0.11950017242, 0.12102070303, 0.64299412679, 0.11648499776],
      [0.19926699796, 0.054278957504, 0.53701699753, 0.20943704701],
      [0.16743001004, 0.24958705867, 0.34530476709, 0.2376781642]
    ],
    [
      [0.016878507568, 4.9081411304e-05, 0.91637265658, 0.066699754445],
      [0.83014307418, 0.039831344549, 0.073588459366, 0.056437121906],
      [0.044299428891, 0.79919761224, 0.1375105709, 0.018992387964],
      [0.018092072491, 0.0019464306064, 0.95722726434, 0.022734232566],
      [0.12671623975, 0.15536564951, 0.56154241219, 0.15637569854],
      [0.2044560408, 0.067581123964, 0.45646686883, 0.27149596641],
      [0.15843188931, 0.28606776868, 0.27269551926, 0.28280482275]
    ],
    [
      [0.0022508984331, 7.3317180428e-05, 0.97201345208, 0.025662332309],
      [0.39211402826, 0.23339840472, 0.29207850841, 0.082409058602],
      [0.0038973730741, 0.89748133952, 0.093830077219, 0.0047912101867],
      [0.0023470502179, 0.0028294830104, 0.98627585986, 0.0085476069092],
      [0.018191275843, 0.26592100391, 0.65057504571, 0.065312674539],
      [0.03682952093, 0.1439583821, 0.67529820413, 0.14391389284],
      [0.023505845888, 0.53114826381, 0.32443959103, 0.12090629928]
    ],
    [
      [0.0014888751165, 2.117899128e-05, 0.97752127723, 0.02096866866],
      [0.41442022037, 0.090482052072, 0.40235533382, 0.09274239374],
      [0.0074648587886, 0.70716611619, 0.27396662675, 0.011402398277],
      [0.0015501787337, 0.00081600577162, 0.99064406411, 0.0069897513874],
      [0.014915544445, 0.092235853539, 0.82545137697, 0.067397225047],
      [0.027792475393, 0.047060528492, 0.78761732368, 0.13752967244],
      [0.026328702289, 0.24399181247, 0.55682120376, 0.17285828149]
    ],
    [
      [0.0099013186291, 5.9669254482e-05, 0.90589712752, 0.084141884598],
      [0.68092447489, 0.079158838218, 0.12291675755, 0.11699992934],
      [0.023204789959, 0.82969470229, 0.12540736716, 0.02169314059],
      [0.01075463312, 0.0023973687612, 0.95768229915, 0.02916569897],
      [0.071713612489, 0.18386849016, 0.55191128927, 0.19250660808],
      [0.11702824665, 0.082437603536, 0.46142904996, 0.33910509985],
      [0.085686121594, 0.32291001895, 0.26013017912, 0.33127368034]
    ],
    [
      [0.0082020273139, 5.0466395679e-05, 0.93497649723, 0.056771009063],
      [0.67805651629, 0.07917444174, 0.14937806627, 0.09339097571],
      [0.022139211609, 0.81258315485, 0.14844547167, 0.016832161861],
      [0.0087420427468, 0.0019897175478, 0.9699631359, 0.01930510381],
      [0.065079415785, 0.17030854573, 0.62241078787, 0.14220125061],
      [0.11149209475, 0.080008127452, 0.54546113343, 0.26303864437],
      [0.08502077942, 0.32716691827, 0.32003716378, 0.26777513853]
    ],
    [
      [0.0123984158, 0.00010564427206, 0.91334628561, 0.074149654313],
      [0.7006799947, 0.11433927057, 0.10092097515, 0.084059759576],
      [0.017659847965, 0.89400448936, 0.076722837305, 0.01161282537],
      [0.013347051619, 0.0042068036251, 0.95697629853, 0.02546984623],
      [0.078753771981, 0.28551294149, 0.48711298405, 0.14862030248],
      [0.13893456049, 0.13820096921, 0.43994793578, 0.28291653452],
      [0.087054069869, 0.4641387705, 0.21233159547, 0.23647556416]
    ],
    [
      [0.01753268741, 5.6832680542e-05, 0.90115386311, 0.0812566168],
      [0.80495078796, 0.047587921199, 0.076270781603, 0.07119050924],
      [0.041659045013, 0.81216936255, 0.12501746098, 0.021154131461],
      [0.018993466156, 0.0022774037981, 0.95067642233, 0.028052707718],
      [0.12337658795, 0.16951972967, 0.52728670851, 0.17981697387],
      [0.19525156703, 0.073212299462, 0.42486378743, 0.30667234607],
      [0.14706898082, 0.29716306597, 0.24663485455, 0.30913309866]
    ],
    [
      [0.0086140545394, 0.00010423837627, 0.93762377189, 0.053657935191],
      [0.68375542382, 0.13372573372, 0.11128498241, 0.071233860053],
      [0.010865078663, 0.9177144436, 0.064154672491, 0.0072658052441],
      [0.0091123413367, 0.0040849788279, 0.96880151448, 0.018001165353],
      [0.059080797589, 0.31409739726, 0.51153662822, 0.11528517694],
      [0.1125876165, 0.15737552428, 0.48979652099, 0.24024033822],
      [0.065739746988, 0.5309730861, 0.21762277841, 0.18566438851]
    ],
    [
      [0.0028180672209, 4.7101880585e-05, 0.68318268632, 0.31395214458],
      [0.26316923409, 0.07809922761, 0.10946888794, 0.54926265037],
      [0.0073397876883, 0.80432812479, 0.10015728248, 0.08817480504],
      [0.0036400069437, 0.0022522110904, 0.86667432708, 0.12743345488],
      [0.015510490137, 0.11243928982, 0.3082000207, 0.56385019934],
      [0.018441191933, 0.036593377876, 0.18711339663, 0.75785203356],
      [0.013516839218, 0.1453875912, 0.10459241521, 0.73650315437]
    ],
    [
      [0.0059757940945, 3.7377856772e-05, 0.9586866497, 0.035300178346],
      [0.65482408878, 0.075608761957, 0.19496836164, 0.07459878762],
      [0.020306038567, 0.77712718426, 0.18942025608, 0.0131465211],
      [0.0062793606735, 0.0014528227475, 0.98042859876, 0.011839217823],
      [0.052828299846, 0.1409074151, 0.7079410071, 0.098323277954],
      [0.094564606646, 0.068897592351, 0.64672709186, 0.18981070914],
      [0.077715370776, 0.30624478427, 0.40759659553, 0.20844324942]
    ],
    [
      [0.0065010451759, 6.805106802e-05, 0.95262176283, 0.040809140931],
      [0.63887621624, 0.11931330407, 0.16650633664, 0.075304143045],
      [0.013545632485, 0.86271942802, 0.11443442138, 0.0093005181156],
      [0.0068455151288, 0.0026512930828, 0.9768076588, 0.013695532986],
      [0.05106637871, 0.22765695963, 0.62024838725, 0.10102827441],
      [0.094954659465, 0.1151009946, 0.58651268915, 0.20343165679],
      [0.065918159957, 0.43336670092, 0.31223193862, 0.18848320051]
    ],
    [
      [0.0087964418241, 4.7200493673e-05, 0.9335090583, 0.057647299384],
      [0.69025301874, 0.071919603772, 0.14583744696, 0.091989930533],
      [0.025149073898, 0.79870077783, 0.15800142218, 0.018148726084],
      [0.0093850364577, 0.0018626032298, 0.96911271198, 0.019639648332],
      [0.069947017056, 0.15970958154, 0.62561330963, 0.14473009177],
      [0.11840911481, 0.074355818813, 0.54306893209, 0.26416613429],
      [0.092049052671, 0.30889232306, 0.3250840204, 0.27397460387]
    ],
    [
      [0.003808356322, 5.4248870521e-05, 0.94207083723, 0.054066557573],
      [0.49830012609, 0.13252038117, 0.23055880382, 0.13862068892],
      [0.0096115162002, 0.83754139353, 0.13789447404, 0.014952616225],
      [0.0040487789952, 0.002133869103, 0.97549636213, 0.018320989776],
      [0.030999801309, 0.18903099613, 0.640570748, 0.13939845456],
      [0.055225944953, 0.092043287469, 0.58322950904, 0.26950125854],
      [0.040648422902, 0.36627793433, 0.32863671731, 0.26443692546]
    ],
    [
      [0.0034181415978, 1.7174430006e-05, 0.97410122678, 0.02246345719],
      [0.58602028374, 0.051499606564, 0.29182711791, 0.070652991788],
      [0.020383398092, 0.63024157684, 0.33471743959, 0.014657585477],
      [0.0035644436937, 0.00066240608834, 0.98828686933, 0.0074862808893],
      [0.034476281724, 0.073447725208, 0.82065091978, 0.071425073287],
      [0.062787480788, 0.036564109997, 0.76050096221, 0.14014744701],
      [0.061086261636, 0.19176521053, 0.56439351648, 0.18275501135]
    ],
    [
      [0.0068945509455, 2.3538425317e-05, 0.96777841816, 0.025303492465],
      [0.73800697149, 0.04257322881, 0.17166757836, 0.047752221346],
      [0.032248527481, 0.69838983534, 0.25645797554, 0.012903661637],
      [0.0072005381364, 0.00090922815241, 0.98344887754, 0.0084413561761],
      [0.065919839231, 0.095315672697, 0.76303269545, 0.075731792625],
      [0.117978676, 0.046256918273, 0.69034890441, 0.14541550132],
      [0.10796987143, 0.23136062151, 0.48178625541, 0.17888325166]
    ],
    [
      [0.0053100069895, 6.4714897086e-05, 0.94123808812, 0.053387189997],
      [0.56251244462, 0.13082056129, 0.19361140619, 0.1130555879],
      [0.011715718591, 0.85322611927, 0.12210765087, 0.012950511266],
      [0.005643881966, 0.002544303171, 0.97370358196, 0.018108232907],
      [0.041224741598, 0.21415552278, 0.61369991153, 0.13091982409],
      [0.074194366719, 0.10573789278, 0.56559683259, 0.25447090791],
      [0.052398434816, 0.40075284706, 0.30712134822, 0.23972736991]
    ],
    [
      [0.012313653999, 6.1934070956e-05, 0.85861711075, 0.12900730118],
      [0.69813594761, 0.065784747274, 0.092726673213, 0.14335263191],
      [0.027418318818, 0.82879279421, 0.11231038915, 0.031478497822],
      [0.01380838906, 0.0025691197397, 0.93752333667, 0.046099154531],
      [0.081452348119, 0.17423497896, 0.47504840815, 0.26926426477],
      [0.12286810279, 0.071943999763, 0.3661994199, 0.43898847755],
      [0.089161933919, 0.28063960032, 0.20476185456, 0.4254366112]
    ],
    [
      [0.0058819070556, 1.0392071897e-05, 0.97063131553, 0.023476385338],
      [0.76959756273, 0.018438811691, 0.16816759485, 0.043796030723],
      [0.045236575236, 0.52049275411, 0.41481641503, 0.019454255626],
      [0.0061379908218, 0.00040096497791, 0.98562951622, 0.0078315279753],
      [0.060983478593, 0.044110674689, 0.81928047373, 0.075625372986],
      [0.10870400178, 0.021275946695, 0.72666504449, 0.14335500704],
      [0.11196792572, 0.11840167054, 0.5684108916, 0.20121951214]
    ],
    [
      [0.0077714862397, 6.472003195e-05, 0.93302011539, 0.05914367834],
      [0.64928948305, 0.10249042459, 0.15004954594, 0.098170546424],
      [0.017030093061, 0.84873950965, 0.11998697409, 0.014243423197],
      [0.0082914240977, 0.0025542544095, 0.96902354877, 0.020130772718],
      [0.058791899446, 0.20849937776, 0.59146353498, 0.14124518782],
      [0.10297257028, 0.10007120906, 0.52983458313, 0.26712163753],
      [0.073316098601, 0.38271978483, 0.29012153891, 0.25384257766]
    ],
    [
      [0.0074107489605, 7.546184104e-05, 0.94832167178, 0.044192117418],
      [0.64556586442, 0.12322015289, 0.15576674071, 0.075447241979],
      [0.014068096156, 0.87189884962, 0.10482506077, 0.0092079934509],
      [0.0078218155535, 0.0029464202787, 0.97435043103, 0.01488133314],
      [0.055819104701, 0.24303759758, 0.59620814102, 0.1049351567],
      [0.10336382787, 0.12285728699, 0.56400388503, 0.20977500012],
      [0.069776032952, 0.44900764861, 0.29228081303, 0.18893550541]
    ],
    [
      [0.011267865286, 4.8628786262e-05, 0.93105483592, 0.057628670004],
      [0.75547810378, 0.058659721056, 0.1132593082, 0.07260286697],
      [0.030712254038, 0.80427988246, 0.14783750032, 0.017170363182],
      [0.012014508098, 0.001918008384, 0.9664807596, 0.019586723921],
      [0.088420382833, 0.16194824858, 0.60752067597, 0.14211069261],
      [0.14862555238, 0.074176980348, 0.51976261758, 0.25743484969],
      [0.1148482938, 0.30977407472, 0.30919951322, 0.26617811826]
    ],
    [
      [0.0041098598689, 3.4794478491e-05, 0.87863824645, 0.1172170992],
      [0.49212427948, 0.072901193859, 0.17800076826, 0.25697375841],
      [0.01389321319, 0.77683977919, 0.16659994354, 0.042667064087],
      [0.0045597044808, 0.0014285619243, 0.95286491562, 0.041146817974],
      [0.031883412657, 0.11594840969, 0.56059937238, 0.29156880527],
      [0.0475142059, 0.047011131194, 0.42466316808, 0.48081149483],
      [0.037463940253, 0.20215740772, 0.25473342473, 0.5056452273]
    ],
    [
      [0.0089747908433, 3.0688000564e-05, 0.94359799363, 0.047396527527],
