{
  "X": [
    [15, 30, 190, 210, 65, 15],
    [29, 45, 288, 296, 102, 44],
    [19, 56, 213, 258, 79, 17],
    [18, 39, 74, 272, 29, 14],
    [59, 88, 340, 610, 97, 24],
    [40, 88, 346, 397, 114, 46],
    [42, 31, 209, 213, 72, 19],
    [28, 29, 203, 195, 71, 23],
    [44, 74, 467, 411, 129, 39],
    [11, 36, 220, 195, 58, 33],
    [58, 120, 455, 622, 152, 42],
    [7, 15, 189, 56, 41, 15],
    [17, 36, 96, 246, 41, 17],
    [0, 5, 5, 2, 1, 0],
    [23, 69, 151, 392, 44, 24],
    [10, 6, 16, 117, 5, 13],
    [16, 70, 268, 227, 88, 35],
    [12, 78, 170, 251, 50, 21],
    [26, 96, 167, 370, 55, 28],
    [14, 69, 164, 146, 42, 14],
    [20, 135, 375, 580, 72, 58],
    [16, 54, 143, 406, 31, 25],
    [5, 16, 49, 95, 10, 5],
    [70, 114, 413, 916, 118, 37],
    [35, 140, 396, 794, 128, 45],
    [28, 121, 322, 477, 69, 42],
    [22, 106, 244, 525, 43, 30],
    [0, 1, 4, 4, 0, 0],
    [3, 7, 22, 117, 17, 6],
    [2, 20, 30, 50, 5, 7],
    [23, 36, 239, 215, 76, 20],
    [18, 139, 118, 431, 38, 32],
    [9, 40, 90, 156, 19, 20],
    [32, 92, 211, 517, 48, 34],
    [39, 93, 267, 640, 64, 21],
    [33, 104, 228, 517, 73, 22],
    [40, 149, 260, 701, 65, 32],
    [25, 122, 324, 503, 65, 50],
    [14, 59, 79, 177, 36, 11],
    [0, 0, 7, 9, 0, 0],
    [227, 615, 2154, 3134, 586, 210],
    [15, 62, 205, 275, 44, 22],
    [37, 240, 581, 679, 94, 77],
    [0, 35, 51, 145, 11, 2]
  ],
  "W": [
    [16, 213, 244, 52],
    [23, 336, 352, 93],
    [27, 259, 297, 59],
    [17, 89, 305, 35],
    [35, 386, 713, 84],
    [53, 410, 458, 110],
    [15, 244, 260, 67],
    [16, 237, 225, 71],
    [31, 525, 502, 106],
    [18, 240, 238, 57],
    [42, 553, 717, 137],
    [8, 218, 64, 33],
    [17, 132, 280, 24],
    [2, 8, 3, 0],
    [26, 188, 427, 62],
    [7, 18, 127, 15],
    [45, 346, 254, 59],
    [33, 240, 255, 54],
    [35, 253, 402, 52],
    [34, 201, 176, 38],
    [75, 464, 616, 85],
    [21, 209, 419, 26],
    [9, 53, 106, 12],
    [53, 535, 961, 119],
    [76, 515, 845, 102],
    [68, 414, 510, 67],
    [56, 313, 550, 51],
    [2, 5, 2, 0],
    [4, 24, 132, 12],
    [5, 40, 55, 14],
    [22, 270, 256, 61],
    [79, 204, 453, 40],
    [23, 96, 185, 30],
    [33, 319, 536, 46],
    [39, 366, 649, 70],
    [34, 349, 519, 75],
    [69, 374, 734, 70],
    [53, 493, 489, 54],
    [31, 119, 193, 33],
    [0, 6, 9, 1],
    [286, 2696, 3426, 518],
    [32, 239, 300, 52],
    [160, 656, 756, 136],
    [20, 65, 151, 8]
  ],
  "method": "mult",
  "cond_prob": [
    [
      [2.7349883032e-05, 0.82564516262, 0.030038654808, 0.046544850669, 0.001122989064, 0.096620992956],
      [0.011400199304, 0.034835231686, 0.71128841966, 0.057549233372, 0.1537163805, 0.031210535483],
      [0.034027953192, 0.037165017168, 0.078182354783, 0.80119267203, 0.035836381219, 0.013595621603],
      [0.082086526371, 0.0057982473047, 0.36420103016, 0.028966994321, 0.45185319446, 0.067094007379]
    ],
    [
      [5.8928543053e-05, 0.76637764381, 0.026476847308, 0.041410415115, 0.0011465907717, 0.16452957445],
      [0.0146073151, 0.037411549693, 0.68631118818, 0.051894313926, 0.15061333802, 0.059162295084],
      [0.042692237367, 0.040514026805, 0.072404343762, 0.78217517693, 0.036036769394, 0.02617744574],
      [0.097450744267, 0.0058289898934, 0.33660370193, 0.024574287024, 0.41594197862, 0.11960029827]
    ],
    [
      [3.6475657727e-05, 0.87186621928, 0.021892458108, 0.035971102174, 0.0010938219744, 0.069139922808],
      [0.012565213687, 0.056765382668, 0.67185169928, 0.0689076664, 0.16005726911, 0.029852768856],
      [0.035480200136, 0.057828131193, 0.061875716084, 0.79897812176, 0.033324599068, 0.012513231761],
      [0.088254328334, 0.009871576338, 0.33935976001, 0.031952414946, 0.46810556244, 0.062456357926]
    ],
    [
      [2.9424726454e-05, 0.85086396155, 0.015288310942, 0.039936084506, 4.6209408319e-05, 0.093836008866],
      [0.017038020731, 0.069589878934, 0.62423430393, 0.11659217184, 0.1250588045, 0.047486820062],
      [0.039949487538, 0.058712393859, 0.02259331401, 0.85006095734, 0.013747547085, 0.014936300172],
      [0.12281492101, 0.012415237189, 0.32263671118, 0.047879750914, 0.39074225652, 0.10351112318]
    ],
    [
      [3.2744822081e-05, 0.86991981554, 0.023398339516, 0.041638183093, 0.00047942926122, 0.064531487768],
      [0.019935182091, 0.053254731224, 0.69184555274, 0.085384976518, 0.12410450149, 0.025475055933],
      [0.054702775326, 0.050751838232, 0.058210932222, 0.80283096658, 0.023419244831, 0.010084242806],
      [0.14643803377, 0.009647851714, 0.36457476292, 0.037685517644, 0.38548762898, 0.056166204967]
    ],
    [
      [8.5800358471e-05, 0.82269246839, 0.02339523338, 0.03688677923, 0.0011985787769, 0.11574113987],
      [0.016328601233, 0.049765462587, 0.67879186046, 0.06946986642, 0.13769758667, 0.047946622634],
      [0.045513399201, 0.050369395018, 0.062323683361, 0.79284465384, 0.029044755199, 0.019904113381],
      [0.11323262947, 0.0084025145164, 0.3446467533, 0.031268218273, 0.401617881, 0.10083200344]
    ],
    [
      [0.00016994248977, 0.81829913282, 0.028292511092, 0.044719851942, 0.0011014436198, 0.10741711803],
      [0.03038110172, 0.035630797779, 0.69320059681, 0.055432675624, 0.14949267645, 0.035862151614],
      [0.084845197086, 0.03728846109, 0.068274256108, 0.75849057038, 0.035672895819, 0.015428619519],
      [0.1869359821, 0.0050238577032, 0.32363224064, 0.023822105528, 0.39152705043, 0.069058763593]
    ],
    [
      [0.00013044590747, 0.79237459192, 0.028162716299, 0.04650616137, 0.0011149368058, 0.1317111477],
      [0.021361093847, 0.033698808069, 0.69188520181, 0.061932483741, 0.14710340635, 0.044019006182],
      [0.05863474764, 0.035555859382, 0.064821751728, 0.78965753148, 0.032943664072, 0.018386445696],
      [0.13721852683, 0.0047228261405, 0.33785506439, 0.026830397015, 0.40431449703, 0.089058688595]
    ],
    [
      [0, 0.83355652663, 0.027707382922, 0.038097891822, 0.00087674537094, 0.099761453258],
      [0.014906120347, 0.042915983404, 0.73074893309, 0.039940420963, 0.13496717996, 0.03652136223],
      [0.04805432399, 0.049418155035, 0.084850568719, 0.76915580773, 0.031748487662, 0.016772656866],
      [0.11368883183, 0.0077447411284, 0.37644241281, 0.025792725176, 0.39789915668, 0.078432132374]
    ],
    [
      [0, 0.77301663967, 0.02734643937, 0.034939468621, 0.00093487786587, 0.16376257447],
      [0.0072955772177, 0.041541326078, 0.73164663976, 0.034381404555, 0.12253856319, 0.062596489197],
      [0.024619291098, 0.049064052717, 0.090639556384, 0.77622073398, 0.029782538185, 0.029673827634],
      [0.059467898006, 0.0076936435182, 0.39193607245, 0.024193294458, 0.37694163059, 0.13976746097]
    ],
    [
      [3.146005873e-05, 0.8715594826, 0.019330373431, 0.035150907895, 0.00055431634774, 0.073373459672],
      [0.016638158518, 0.064988113612, 0.66635917999, 0.07977069792, 0.13792555624, 0.034318293716],
      [0.045301247886, 0.063962086403, 0.053691151519, 0.79717727749, 0.026080072127, 0.013788164574],
      [0.11910060061, 0.01164422593, 0.34448862876, 0.035287284359, 0.416091054, 0.073388206343]
    ],
    [
      [0, 0.77978717063, 0.034643936554, 0.040275651698, 0.00066812327213, 0.14462511784],
      [0.0090429674714, 0.026358504303, 0.78025469264, 0.019150555117, 0.12278598727, 0.042407293199],
      [0.037329871049, 0.044322829417, 0.077559315338, 0.79293715256, 0.026302373419, 0.021548458216],
      [0.079985495275, 0.0054208367964, 0.41404634334, 0.022878666884, 0.38011993606, 0.09754872164]
    ],
    [
      [7.9168141217e-05, 0.8217695271, 0.017363518586, 0.040674089857, 0.00054306954589, 0.11957062677],
      [0.017209696593, 0.057686454772, 0.60141037877, 0.10210330069, 0.1680190382, 0.053571130977],
      [0.043295806591, 0.050697822167, 0.034426295489, 0.82473265881, 0.027542732072, 0.019304684871],
      [0.10850618107, 0.0091631584396, 0.2783036437, 0.037740013138, 0.46251207481, 0.10377492884]
    ],
    [
      [0, 1, 0, 0, 0, 0],
      [0, 0.26507425966, 0.61619033189, 0, 0.11873540845, 0],
      [0, 0.29313530758, 0.023492448298, 0.66666666667, 0.016705577454, 0],
      [0, 0.024511996525, 0.3438035062, 0.025684556077, 0.6059999412, 0]
    ],
    [
      [0, 0.86470934726, 0.014008726254, 0.036747825343, 0, 0.08453410114],
      [0.013617434156, 0.080436344598, 0.6382592985, 0.12021533817, 0.10078766194, 0.046683922629],
      [0.031969825105, 0.071206863256, 0.019194477955, 0.85516404518, 0.0081663743069, 0.014298414197],
      [0.10949688805, 0.015970864133, 0.36204811148, 0.053048801168, 0.34782060849, 0.11161472668]
    ],
    [
      [4.6770926538e-05, 0.54083194567, 0.018673115556, 0.065062656454, 0, 0.3753855114],
      [0.026927086134, 0.030566292204, 0.58901140447, 0.14093410758, 0.072037853218, 0.14052325639],
      [0.053880060566, 0.012631276715, 0.0092482257532, 0.89116507652, 0.004571922221, 0.028503438227],
      [0.17814782408, 0.003987398523, 0.272837216, 0.055318850038, 0.208178968, 0.28152974336]
    ],
    [
      [2.7180146617e-05, 0.82351137923, 0.022822016027, 0.033372880455, 0.0014992073247, 0.11876733682],
      [0.010696258436, 0.052417711694, 0.67041988574, 0.059326994531, 0.15548044502, 0.05165870458],
      [0.030983611398, 0.056156203961, 0.060402718425, 0.79983549445, 0.031000957607, 0.021621014157],
      [0.075051426769, 0.0091827776713, 0.33331251412, 0.030726520016, 0.44511963493, 0.10660712649]
    ],
    [
      [0, 0.88804964284, 0.010615164554, 0.033700741515, 0, 0.067634451093],
      [0.0091596855793, 0.1030776773, 0.61118720514, 0.12460671271, 0.11034096162, 0.041627757657],
      [0.022113938576, 0.089589600159, 0.01522269912, 0.85132137852, 0.0085789728268, 0.013173410797],
      [0.077085576371, 0.020562429511, 0.35338855668, 0.053616906623, 0.39500983595, 0.10033669487]
    ],
    [
      [0, 0.88201375583, 0.0095243446457, 0.031294876038, 0, 0.077167023491],
      [0.016795151711, 0.10537411362, 0.58202267013, 0.12283162417, 0.12148335198, 0.051493088388],
      [0.038184929705, 0.093222205771, 0.0085396557031, 0.83404122172, 0.010087379137, 0.015924607966],
      [0.12308624761, 0.019125789985, 0.30734559234, 0.048917447951, 0.3886458757, 0.11287904641]
    ],
    [
      [0, 0.9028527528, 0.018226860834, 0.020980409745, 0.00058112691798, 0.057358849703],
      [0.012763745155, 0.09844027663, 0.68906008054, 0.04915990444, 0.11735516499, 0.033220828247],
      [0.040939672537, 0.10113397639, 0.059411929296, 0.76270645619, 0.021346727692, 0.01446123789],
      [0.11129223308, 0.018866604126, 0.37954502599, 0.030768131232, 0.38512709074, 0.074400914835]
    ],
    [
      [0, 0.8302672649, 0.017821747664, 0.038218737845, 0, 0.11369224959],
      [0.0070486964875, 0.068780737311, 0.6784181454, 0.10619194807, 0.084471332259, 0.055089140475],
      [0.018455485227, 0.064274928694, 0.038288143398, 0.84987805016, 0.0098610013697, 0.019242391148],
      [0.06306854035, 0.014380434639, 0.41519827208, 0.051007668909, 0.31448147045, 0.14186361357]
    ],
    [
      [0, 0.82399405587, 0.01481899652, 0.044540901476, 0, 0.11664604614],
      [0.012058804507, 0.068022380647, 0.62554382597, 0.14132255007, 0.094414203017, 0.058638235796],
      [0.026262145273, 0.052824276016, 0.0061281205819, 0.89264252394, 0.006411016245, 0.015731917943],
      [0.095225807254, 0.013310600792, 0.3608638047, 0.058115791314, 0.33004676011, 0.14243723583]
    ],
    [
      [0, 0.85322384043, 0.022566658243, 0.040929974212, 0.00012903637177, 0.083150490744],
      [0.011192632469, 0.053935204124, 0.71606997547, 0.095614929544, 0.088670956528, 0.034516301869],
      [0.03051492549, 0.050267482616, 0.053726529205, 0.83968037875, 0.012965177185, 0.012845506754],
      [0.097684031435, 0.011172205019, 0.4291816067, 0.046493234893, 0.32708076626, 0.088388155694]
    ],
    [
      [5.0289558134e-05, 0.85164829847, 0.020429480138, 0.051665773289, 5.8229664024e-05, 0.076147928883],
      [0.019264838072, 0.052926063765, 0.65341032467, 0.1286412649, 0.11550612125, 0.030251387334],
      [0.04457776918, 0.040998479605, 0.021160677556, 0.87226601157, 0.01209833666, 0.0088987254291],
      [0.14160848826, 0.0096441778676, 0.35300254388, 0.052025211549, 0.3745767851, 0.069142793347]
    ],
    [
      [2.8964688546e-05, 0.85195006592, 0.018529328601, 0.044258568215, 0.00016151165639, 0.085071560919],
      [0.010456016044, 0.059629204309, 0.64420431455, 0.11434456092, 0.13391781369, 0.037448090483],
      [0.025698026424, 0.051383343613, 0.032378260744, 0.86023382064, 0.017779408935, 0.012527139648],
      [0.077432530319, 0.011017935469, 0.34771488925, 0.047561975538, 0.43133775012, 0.084934919306]
    ],
    [
      [0, 0.84886731569, 0.017310536593, 0.037846790618, 0, 0.095975357096],
      [0.012316656904, 0.070523068259, 0.66765595795, 0.10567989106, 0.096851596285, 0.046972829537],
      [0.03158193774, 0.065001195667, 0.036402682881, 0.83817204139, 0.012334474701, 0.016507667625],
      [0.10140471335, 0.013878544526, 0.38579027835, 0.047868690032, 0.33750532896, 0.11355244478]
    ],
    [
      [0, 0.85930867837, 0.015739647006, 0.04201647739, 0, 0.08293519723],
      [0.010609441572, 0.072334979363, 0.67191952241, 0.12585005019, 0.0780076102, 0.041278396263],
      [0.025167210808, 0.062640034374, 0.020467607929, 0.87324036325, 0.0060293063579, 0.012455477286],
      [0.094848604771, 0.015408756173, 0.42256048806, 0.058310034747, 0.2993627355, 0.10950938074]
    ],
    [
      [0, 0.5, 0.30747276171, 0.19252723829, 0, 0],
      [0, 0, 0.67701089532, 0.32298910468, 0, 0],
      [0, 0, 0, 1, 0, 0],
      [0, 0.010146894207, 0.84574669188, 0.14410641391, 0, 0]
    ],
    [
      [3.1333472898e-05, 0.73218582214, 0.023875097095, 0.060224933703, 0.00083952165116, 0.18284329194],
      [0.0067850628756, 0.033714352208, 0.58597915411, 0.10557613649, 0.2113883178, 0.056556976515],
      [0.017763052653, 0.024299736043, 0.036406997754, 0.86202684132, 0.039368597642, 0.020134774589],
      [0.041025850578, 0.0045455917261, 0.25293968412, 0.036477494602, 0.56055561646, 0.10445576252]
    ],
    [
      [0, 0.90033792666, 0.0053853081565, 0.019860124389, 0, 0.07441664079],
      [0.0089069178136, 0.16236227788, 0.6034605591, 0.11071635102, 0.045752595188, 0.068801299],
      [0.012436999114, 0.15336178301, 0.0030126889371, 0.81210568605, 0, 0.019082842887],
      [0.068549166872, 0.04063722758, 0.40492522882, 0.057588043172, 0.2264211566, 0.20187917695]
    ],
    [
      [4.1042165479e-05, 0.81508268232, 0.031509070271, 0.044101361564, 0.0013856695151, 0.10788017417],
      [0.015477525221, 0.031262331576, 0.72301663113, 0.045125449375, 0.15072019604, 0.034397866662],
      [0.047491282923, 0.036405177986, 0.082244366421, 0.78243695624, 0.036085055027, 0.015337161404],
      [0.10921962024, 0.0050430475265, 0.36127462698, 0.025279310113, 0.42684079104, 0.072342604101]
    ],
    [
      [0, 0.87463618303, 0.0008583963807, 0.038000232296, 0, 0.086505188294],
      [0.045528953201, 0.11487367357, 0.51876560171, 0.14749162492, 0.11156134436, 0.06177880223],
      [0.010436501086, 0.10069234287, 0, 0.87308123079, 0.00050653468192, 0.015283390572],
      [0.099608963879, 0.02139702032, 0.30260009843, 0.060097315386, 0.37530063848, 0.14099596351]
    ],
    [
      [0, 0.81626539994, 0.019430611719, 0.028972024502, 0.0002175135718, 0.13511445027],
      [0.01011663519, 0.070132530081, 0.69248268066, 0.077399206242, 0.081564505521, 0.068304442309],
      [0.029209256089, 0.075948784257, 0.059033770166, 0.79326965215, 0.013684787339, 0.028853750002],
      [0.087503021514, 0.014754927533, 0.40511703689, 0.038281133005, 0.28777063334, 0.16657324773]
    ],
    [
      [0, 0.85533016634, 0.011973161915, 0.038960642854, 0, 0.093736028887],
      [0.017502280506, 0.084228538305, 0.60740615083, 0.14247635631, 0.094370176368, 0.05401649768],
      [0.037719369012, 0.06749023103, 0.0020409850676, 0.87249784866, 0.0056841197236, 0.014567446506],
      [0.13476501583, 0.01587906433, 0.34235555534, 0.056641179134, 0.32280925145, 0.12754993391]
    ],
    [
      [0, 0.8786770844, 0.016228302676, 0.048061666818, 0, 0.05703294611],
      [0.016637709335, 0.067187204032, 0.6454924659, 0.14580470488, 0.098300818042, 0.026577097804],
      [0.036251093353, 0.051173149016, 0.0057902639605, 0.89447326326, 0.0054600488645, 0.0068521815449],
      [0.13405198282, 0.013281476016, 0.37655674807, 0.060684644999, 0.34969041262, 0.06573473547]
    ],
    [
      [0, 0.90038699512, 0.010016429233, 0.038556998871, 0, 0.051039576781],
      [0.022017507884, 0.095252205396, 0.58219945534, 0.15294335339, 0.11670818057, 0.030879297415],
      [0.030659621675, 0.074761496691, 0, 0.88206882572, 0.0046633687075, 0.0078466872047],
      [0.12538061465, 0.017901409334, 0.32629108659, 0.060241482054, 0.39798075494, 0.072204652434]
    ],
    [
      [0, 0.8842183985, 0.011294423469, 0.040049553803, 0, 0.064437624228],
      [0.0158242599, 0.08831379948, 0.62089002196, 0.13885247011, 0.09895543323, 0.037164015322],
      [0.03427986275, 0.073231939564, 0.0025834928387, 0.87494788159, 0.0049438873859, 0.01001293587],
      [0.12743296484, 0.017247512254, 0.3587361832, 0.058485884, 0.34802649472, 0.090070960985]
    ],
    [
      [0, 0.84607813884, 0.011560949803, 0.039582416853, 0, 0.10277849451],
      [0.012403304762, 0.085920909264, 0.60822559401, 0.1456943231, 0.089714483158, 0.058041385702],
      [0.027573084296, 0.069355726265, 0.0084091169736, 0.87109620246, 0.0067338442922, 0.016832025711],
      [0.10003578762, 0.016368522794, 0.35962951135, 0.05757014098, 0.32366499896, 0.14273103829]
    ],
    [
      [0, 0.90001372547, 0.0083257885245, 0.033274356388, 0, 0.058386129616],
      [0.017873098145, 0.1033269248, 0.57049736502, 0.11872917267, 0.15266632901, 0.036907110356],
      [0.040622299042, 0.094228550441, 0.0081486280469, 0.83075879329, 0.014260618327, 0.011981110851],
      [0.12221204865, 0.018713946189, 0.28121299714, 0.045553827237, 0.45698204578, 0.075325135006]
    ],
    [
      [0, 0, 0.3904122585, 0.6095877415, 0, 0],
      [0, 0, 0.91562037887, 0.084379621134, 0, 0],
      [0, 0, 0.064790476364, 0.93520952364, 0, 0],
      [0, 0, 0.92316343953, 0.076836560473, 0, 0]
    ],
    [
      [1.4109895109e-05, 0.85871461891, 0.019817274496, 0.039711578045, 0.00030325845142, 0.0814391602],
      [0.014587555864, 0.061721527605, 0.67011857534, 0.097619439463, 0.1195742228, 0.036378678923],
      [0.038022716989, 0.057500177069, 0.044501698293, 0.82812201245, 0.01852005713, 0.013333338071],
      [0.11081483698, 0.011603810675, 0.36530842089, 0.04307811823, 0.38627692601, 0.082917887206]
    ],
    [
      [0, 0.85503619881, 0.020483209257, 0.037237082151, 8.3491719252e-05, 0.087160018058],
      [0.0098384432557, 0.064135028396, 0.7000618459, 0.092442602567, 0.093667873723, 0.039854206154],
      [0.027162701954, 0.062075036312, 0.051160508075, 0.83116376012, 0.013502588154, 0.014935405386],
      [0.086534643762, 0.013231903035, 0.4169539175, 0.0454904485, 0.33769096152, 0.10009812568]
    ],
    [
      [0, 0.84852012089, 0.021861186951, 0.031623742333, 0, 0.097994949826],
      [0.0087164169392, 0.071687060998, 0.72018275958, 0.079530043467, 0.073178352324, 0.046705366692],
      [0.025969423563, 0.072876309967, 0.057660816503, 0.81449612731, 0.01052369984, 0.018473622815],
      [0.085655487311, 0.01555572285, 0.45199075388, 0.044186915183, 0.27969914556, 0.12291197522]
    ],
    [
      [0, 0.92250050225, 0.014059582232, 0.041400387091, 0, 0.022039528428],
      [0, 0.081681988846, 0.68054403831, 0.12543111793, 0.10072607305, 0.011616781863],
      [0, 0.07345666728, 0.018511245837, 0.89740337177, 0.0070676912085, 0.003561023909],
      [1.6420592056e-47, 0.018587990096, 0.46103096797, 0.06388255702, 0.4231979849, 0.033300500014]
    ]
  ],
  "expected_outcome": [
    [
      [0.00043759812851, 0.0013553564902, 0.00098484275863, 0.00050022034972, 0.0011460687728, 0.004547418999, 0.0025491373465, 0.0020871345196, 0, 0, 0.0013213224666, 0, 0.0013458584007, 0, 0, 0.00032739648577, 0.0012231065977, 0, 0, 0, 0, 0, 0, 0.0026653465811, 0.0022013163295, 0, 0, 0, 0.00012533389159, 0, 0.00090292764055, 0, 0, 0, 0, 0, 0, 0, 0, 0, 0.004035430001, 0, 0, 0],
      [13.2103226019, 17.6266858077, 23.5403879205, 14.4646873464, 30.4471935439, 43.6027008244, 12.2744869924, 12.6779934708, 25.8402523254, 13.9142995141, 36.605498269, 6.2382973651, 13.9700819607, 2, 22.4824430288, 3.7858236197, 37.0580120652, 29.3056382137, 30.8704814539, 30.6969935952, 62.2700448676, 17.3038751732, 7.6790145639, 45.1373598188, 64.74820501, 57.7229774671, 48.1212859889, 1, 2.9287432886, 4.5016896333, 17.931819011, 69.0962584593, 18.7741041987, 28.2258954893, 34.2684062914, 30.6131578339, 61.0110694965, 44.8421413584, 27.9004254896, 0, 245.5923810087, 27.3611583621, 135.7632193423, 18.450010045],
      [0.48061847692, 0.60896748809, 0.5910963689, 0.25990128601, 0.81894188307, 1.2399473692, 0.42438766638, 0.45060346078, 0.85892887059, 0.49223590867, 0.81187568412, 0.27715149243, 0.29517981597, 0, 0.3642268826, 0.13071180889, 1.0269907212, 0.35030043027, 0.3333520626, 0.61971326837, 1.3366310748, 0.31119892692, 0.20309992419, 1.0827624473, 1.4082289737, 1.1771164883, 0.88142023234, 0.61494552341, 0.095500388381, 0.026926540783, 0.69319954595, 0.067813314075, 0.44690406955, 0.3951143432, 0.63290380436, 0.34055859392, 0.77931521935, 0.61273033957, 0.25809944426, 0, 5.667740506, 0.65546269622, 3.4977899121, 0.28119164464],
      [0.7447176107, 0.95243954764, 0.9712197587, 0.67891343661, 1.4573364083, 1.9549992992, 0.67079777913, 0.74409858192, 1.1810346465, 0.62891043518, 1.4763381316, 0.32220521359, 0.69145952757, 0, 0.95544345892, 0.45543859518, 1.5017796205, 1.11212447, 1.0953206613, 0.71333393132, 2.8664053384, 0.935358931, 0.36836976791, 2.7382859843, 3.3636511843, 2.573581762, 2.3529227339, 0.38505447659, 0.24089973481, 0.099300621944, 0.97022995441, 3.0020183514, 0.66635656354, 1.2857012142, 1.8744050059, 1.3109379616, 2.7634192124, 2.0978680932, 1.031505048, 0, 11.3575113209, 1.1915866288, 5.0597987733, 0.82800774181],
      [0.017967825023, 0.02637158775, 0.02953319331, 0.00078555994142, 0.016780024143, 0.063524675174, 0.016521654297, 0.017838988893, 0.027179106499, 0.016827801586, 0.023281286605, 0.005344986177, 0.0092321822802, 0, 0, 0, 0.067464329613, 0, 0, 0.019758315211, 0, 0, 0.0011613273459, 0.0030861721933, 0.012274885886, 0, 0, 0, 0.0033580866046, 0, 0.030484729333, 0, 0.0050028121515, 0, 0, 0, 0, 0, 0, 0, 0.086731917107, 0.0026717350161, 0, 0],
      [1.5459358873, 3.7841802123, 1.8667779158, 1.5952121507, 2.2586020719, 6.134280413, 1.6112567705, 2.1073783631, 3.092605051, 2.9477263405, 3.0816853062, 1.1570009427, 2.0327006551, 0, 2.1978866296, 2.6276985798, 5.3445301569, 2.2319368861, 2.7008458222, 1.9502008899, 8.5269187192, 2.4495669689, 0.74835441669, 4.0358402308, 6.4654386298, 6.5263242825, 4.6443710449, 0, 0.73137316775, 0.37208320395, 2.3733638317, 6.8339098753, 3.1076323561, 3.0932889533, 2.2242848983, 1.7353456105, 4.4461960717, 5.4472602088, 1.8099700181, 0, 23.2915998173, 2.7891205778, 15.6791919722, 0.44079056856]
    ],
    [
      [2.4282424517, 4.9080578735, 3.2543903451, 1.516383845, 7.694980287, 6.6947265055, 7.4129888198, 5.0625792418, 7.8257131824, 1.7509385323, 9.2009016605, 1.9713669088, 2.2716799503, 0, 2.5600776213, 0.48468755042, 3.700905419, 2.198324539, 4.2491733828, 2.5655127763, 3.2705951702, 2.5202901419, 0.59320952085, 10.3066883687, 5.3848482625, 5.0990959584, 3.3207552122, 0, 0.16284150902, 0.35627671254, 4.1789318097, 9.2879064531, 0.97119697819, 5.5832274815, 6.0894016166, 7.6841102516, 5.9182732027, 6.1148292479, 2.1268986793, 0, 39.3280506092, 2.3513879381, 5.7179695121, 0],
      [7.4199043492, 12.5702806969, 14.7022341111, 6.1934992251, 20.5563262525, 20.4038396606, 8.6939146581, 7.9866175123, 22.5308912873, 9.9699182586, 35.9384268277, 5.7461539379, 7.6146120299, 2.1205940773, 15.1220327845, 0.55019325967, 18.1365282461, 24.7386425523, 26.6596507469, 19.7864956026, 31.9142621123, 14.2166775553, 2.8585658186, 28.3154441144, 30.7090402193, 29.1965502594, 22.6408485407, 0, 0.809144453, 6.4944911151, 8.4408295255, 23.4342294092, 6.7327228878, 26.8689037194, 24.5905166758, 33.2430196834, 33.0293610054, 42.3590082669, 12.2959040511, 0, 166.4012384231, 15.3282717866, 47.026712015, 5.309329275],
      [151.5044333877, 230.6005592283, 174.0095901133, 55.5568530496, 267.0523833577, 278.304662788, 169.1409456225, 163.9767928284, 383.6431898748, 175.595193542, 368.4966265364, 170.0955229956, 79.3861699982, 4.9295226551, 119.9927481186, 10.6022052805, 231.9652804655, 146.6849292335, 147.2517355431, 138.5010761881, 314.7860194649, 130.7386596271, 37.9517086997, 349.5745237003, 331.7652219938, 276.4095665929, 210.3108105155, 3.3850544766, 14.0634996987, 24.1384223642, 195.2144904046, 105.8281827488, 66.4783373431, 193.7625621148, 236.2502425204, 203.1876099122, 232.212868213, 299.8552178476, 67.8891864372, 5.4937222732, 1806.6396791184, 167.3147811712, 472.4398902837, 44.2353624903],
      [12.2579867081, 17.436489479, 17.8470855976, 10.376703294, 32.9586009361, 28.4826452322, 13.5255728523, 14.6779986466, 20.9687210056, 8.2515370932, 44.1131959496, 4.1748210154, 13.4776356905, 0, 22.6004835768, 2.5368139365, 20.5271401077, 29.9056110495, 31.0764009143, 9.8811407924, 49.2730639041, 29.536412964, 5.0675912658, 68.8230767228, 58.8874488733, 43.7514748991, 39.3910657089, 1.6149455234, 2.5338272758, 4.4286540407, 12.1838713313, 30.0882914839, 7.4303237993, 45.4499576629, 53.3645219877, 53.3772303347, 51.9308238204, 71.8273012896, 14.1287715478, 0.5062777268, 263.1820087926, 22.0937820135, 52.1717085143, 8.1530226654],
      [32.7415890455, 50.606081574, 41.4548326993, 11.1302336007, 47.9043375766, 56.4560105337, 36.4762130536, 34.8635073058, 70.8577694791, 29.4092551668, 76.2728326006, 26.767345225, 22.1785130422, 0.94988326764, 18.9480804444, 1.2966813579, 53.7962339772, 26.4818307881, 30.7352880506, 23.5883881629, 39.194698168, 19.7325684305, 4.699560696, 61.7957748703, 68.9676740524, 40.0965608619, 24.4163819925, 0, 5.0733196271, 1.8301038075, 40.6944529303, 22.75851425, 7.8301925301, 30.1040862614, 35.9780994034, 40.7311550204, 37.009332028, 44.2292401971, 18.1672931522, 0, 322.372104679, 22.3866218197, 48.0049991248, 6.5471947483],
      [6.6478440578, 19.8785311483, 7.7318671336, 4.2263269855, 9.83337159, 19.6581152799, 8.7503649938, 10.4325044651, 19.1737151708, 15.0231574072, 18.9780164252, 9.2447899173, 7.0713892889, 0, 8.7765774543, 2.529418615, 17.8739117845, 9.9906618376, 13.0277513623, 6.6773864777, 25.5613611805, 12.2553912813, 1.8293639991, 16.1844922235, 19.2857665987, 19.4467514283, 12.9201380302, 0, 1.3573674364, 2.75205196, 9.2874239986, 12.602875655, 6.5572264616, 17.2312627599, 9.7272177961, 10.7768747977, 13.8993417305, 28.6144031509, 4.3919461324, 0, 98.0769183777, 9.5251552708, 30.6387205501, 0.75509082106]
    ],
    [
      [8.3028205789, 15.0276675532, 10.5376194405, 12.1845936992, 39.0030788073, 20.8451368342, 22.0597512422, 13.192818219, 24.1232706431, 5.8593912814, 32.4809947341, 2.3891117472, 12.1228258455, 0, 13.6511153197, 6.8427676919, 7.869837295, 5.6390543369, 15.3503417412, 7.2053823666, 11.3685789, 11.0038388695, 3.2345821019, 42.8392361818, 21.7148323286, 16.1067882472, 13.8419659445, 0, 2.3447229502, 0.68403495125, 12.1577684282, 4.7277349918, 5.4037123764, 20.2175817902, 23.5269595858, 15.9123436494, 25.1614192588, 13.4832382205, 7.8401037152, 0, 130.2658284051, 8.1488105862, 19.6328842136, 0],
      [9.068264189, 14.2609374353, 17.1749549644, 17.9072801269, 36.1860606596, 23.0691829182, 9.6949998835, 8.000068361, 24.8079138276, 11.6772445468, 45.8608159509, 2.8366610827, 14.1953902068, 0.87940592275, 30.4053306104, 1.6041721428, 14.263675806, 22.8453480405, 37.47532672, 17.7995798454, 39.5933560758, 22.1333716509, 5.3283531573, 39.3995389005, 43.4189253529, 33.1506097902, 34.4520189055, 0, 3.2075651577, 8.4348980655, 9.3197255644, 45.6136313187, 14.0505250876, 36.174763832, 33.2113737116, 38.8012167826, 53.7522436403, 33.9149501438, 18.186110235, 0, 196.9956066384, 18.6225108935, 55.0944903351, 11.0919567593],
      [19.076494567, 25.4863290041, 18.377087677, 6.8909607729, 41.504394674, 28.5442469795, 17.7513065882, 14.5848941389, 42.594985497, 21.5722144195, 38.4965556389, 4.9637961816, 9.6393627369, 0.070477344894, 8.196042087, 1.1745246707, 15.34229048, 3.8817882757, 3.4329415926, 10.4564995561, 23.5854963331, 2.5676825238, 5.6950120957, 20.3354111311, 27.359630329, 18.5653682693, 11.2571843609, 0, 4.8057237035, 0.16569789154, 21.0545578037, 0, 10.9212474808, 1.0939679963, 3.7578813104, 0, 1.8962837436, 4.1120582001, 1.5726852131, 0.58311428727, 152.4628183521, 15.3481524226, 43.5915772766, 2.7951981214],
      [195.4910119765, 275.3256622801, 237.2965021619, 259.2685919875, 572.4184791736, 363.1228514585, 197.2075482982, 177.6729445834, 386.1162154793, 184.7405346875, 571.5761079617, 50.7479777638, 230.9251444667, 2, 365.1550472918, 113.1779647177, 203.1582155909, 217.0869515228, 335.2845711309, 134.2363362895, 523.5248789002, 374.0172175308, 89.0061201475, 838.2476371186, 726.8975784375, 427.4677411068, 480.2821997851, 2, 113.7875430542, 44.665812733, 200.3038607974, 395.5057975493, 146.7548856471, 467.6588468827, 580.5131478565, 457.7937205496, 642.2117450872, 425.9660430042, 160.3364471054, 8.4168857127, 2837.1460146435, 249.3491280357, 615.7590722476, 135.5079091366],
      [8.7440770174, 12.6849428267, 9.8974059232, 4.193001861, 16.6979215647, 13.302497881, 9.2749529129, 7.4123244161, 15.9377408064, 7.088244088, 18.6994117149, 1.6833518988, 7.7119649801, 0.050116732361, 3.487041829, 0.58063412206, 7.8742432323, 2.1876380708, 4.055126413, 3.7570240738, 6.0743768437, 2.6862158067, 1.3743087816, 11.6265015305, 15.0236005497, 6.2905820977, 3.3161184969, 0, 5.1966548887, 0, 9.2377740869, 0.22946021091, 2.5316856577, 3.0466881718, 3.5435717131, 2.4202883592, 3.6288133413, 3.2928498589, 2.752299337, 0, 63.4497157283, 4.0507764462, 7.9559170793, 1.0672213725],
      [3.3173316712, 9.2144609005, 3.7164298329, 4.5555715526, 7.1900651208, 9.1160839286, 4.011441075, 4.1369502815, 8.4198737466, 7.0623709768, 9.8861139995, 1.3791013258, 5.4053117639, 0, 6.1054228621, 3.6199366548, 5.4917375958, 3.3592197532, 6.4016924023, 2.5451778686, 11.8533129472, 6.5916736182, 1.3616237159, 8.5516751374, 10.5854330023, 8.4189104888, 6.8505125071, 0, 2.6577902457, 1.0495563588, 3.9263133195, 6.9233759293, 5.3379437504, 7.808151327, 4.4470658226, 4.0724306592, 7.3494949288, 8.2308605725, 2.3123543943, 0, 45.6800162326, 4.4806216158, 13.9660588478, 0.53771461026]
    ],
    [
      [4.2684993713, 9.0629192168, 5.2070053717, 4.2985222354, 12.3007948369, 12.4555892413, 12.5247108007, 9.7425154047, 12.0510161745, 3.3896701863, 16.316782283, 2.6395213441, 2.6041483458, 0, 6.788807059, 2.6722173612, 4.4280341794, 4.1626211241, 6.400484876, 4.2291048572, 5.3608259297, 2.4758709886, 1.1722083772, 16.8514101029, 7.8981180925, 6.7941157944, 4.8372788433, 0, 0.49231020693, 0.9596883362, 6.6623968345, 3.9843585551, 2.6250906454, 6.1991907283, 9.3836387977, 9.403546099, 8.9203075385, 5.4019325316, 4.0329976055, 0, 57.4020855557, 4.4998014756, 11.6491462743, 1.3136473645e-46],
      [0.30150885984, 0.54209606009, 0.58242300394, 0.4345333016, 0.81041954397, 0.92427659681, 0.33659846611, 0.33532065598, 0.82094255961, 0.43853768054, 1.5952589524, 0.17888761428, 0.21991580255, 0, 0.99019357622, 0.059810977846, 0.54178388261, 1.1103711936, 0.99454107923, 0.7169309568, 1.2223369444, 0.34607562059, 0.13406646023, 1.1476571662, 1.1238294179, 0.92986248324, 0.78584656482, 0, 0.054547100713, 0.56892118613, 0.30762589912, 0.85588081282, 0.44264782599, 0.73043695919, 0.92970332109, 1.3426057001, 1.2073258578, 0.88390023087, 0.61756022423, 0, 6.0107739298, 0.68805895784, 2.1155783076, 0.14870392077],
      [18.9384535684, 31.3041442795, 20.0222258407, 11.2922848915, 30.6242800852, 37.9111428633, 21.683360123, 23.9877095719, 39.9028957576, 22.3403561299, 47.1949421405, 13.6635293303, 6.6792874489, 0, 22.4469829118, 4.0925582399, 19.6654383333, 19.0829820606, 15.9819708017, 14.4227109874, 35.2918531272, 9.3824589222, 5.1501792804, 42.0073027213, 35.4669187036, 25.8479486495, 21.5505848913, 0, 3.0352762094, 5.6689532035, 22.0377522458, 12.1040039371, 12.1535111066, 15.7483555458, 26.3589723648, 24.4718314939, 25.111532824, 19.4199936128, 9.2800289055, 0.92316343953, 189.2297620235, 21.68160371, 61.4707425275, 3.6882477437],
      [1.5062837047, 2.2854086932, 1.8851924818, 1.675791282, 3.1655834821, 3.43950401, 1.5960810704, 1.9049581881, 2.7340288686, 1.3790177841, 4.8343579571, 0.75499600718, 0.90576031532, 0, 3.2890256724, 0.82978275058, 1.812864681, 2.8953129576, 2.5437072935, 1.1691889868, 4.3356518573, 1.5110105742, 0.55791881871, 6.1910001743, 4.8513215048, 3.2072022321, 2.9738117721, 0, 0.43772993522, 0.80623260441, 1.5420379169, 2.4038926155, 1.1484339901, 2.6054942402, 4.2479251499, 4.5181111541, 4.09401188, 3.1087876129, 1.5032762988, 0.076836560473, 22.314465243, 2.365503322, 6.0094204648, 0.51106045616],
      [23.4963661121, 38.6826040115, 27.6182281841, 13.6759789783, 32.3809608346, 44.1779669102, 26.2323123791, 28.7063292892, 42.177310608, 21.4856729436, 57.0044743979, 12.54395789, 11.1002897954, 0, 21.5648777265, 3.12268452, 26.2620584609, 21.3305311411, 20.2095855364, 14.634829448, 26.7309249883, 8.5812157628, 3.9249691951, 44.574637427, 43.996450512, 22.6128570404, 15.2674995106, 0, 6.7266673975, 3.1698961925, 26.0372882535, 15.0120255391, 8.6331190001, 14.8492255667, 24.4783288836, 29.8485566204, 24.3618546307, 17.477909944, 15.0804075108, 0, 200.0914476756, 17.559929999, 38.0390837959, 3.3855838792],
      [3.4888883837, 11.1228277389, 3.6849251177, 3.6228893112, 4.7179612173, 11.0915203784, 4.6269371607, 6.3231668902, 8.3138060316, 7.9667452755, 10.0541842691, 3.2191078141, 2.490598292, 0, 6.920113054, 4.2229461505, 6.2898204628, 5.4181815231, 5.8697104132, 2.8272347637, 12.0584071531, 3.7033681316, 1.0606578683, 8.2279924083, 8.6633617692, 7.6080138004, 5.5849784178, 0, 1.2534691502, 2.8263084773, 4.4128988502, 5.6398385404, 4.9971974318, 5.8672969598, 4.6014314829, 5.4153489325, 6.3049672689, 7.7074760679, 2.4857294552, 0, 42.9514655725, 5.2051025355, 16.7160286298, 0.26640400011]
    ]
  ],
  "prob": [
    [1.5860466148e-05, 0.85248886978, 0.01822959137, 0.038669192868, 0.00028753324694, 0.090308952268],
    [0.014663679276, 0.064630447341, 0.66502988799, 0.0965712671, 0.11749531865, 0.041609399643],
    [0.035732052899, 0.060255879862, 0.036842146192, 0.83625549015, 0.01640201988, 0.014512411015],
    [0.10814854103, 0.011947507147, 0.36273987286, 0.042189613344, 0.37953179879, 0.095442666835]
  ],
  "iterations": 116,
  "time": 0.000375,
  "message": "Converged",
  "status": 0,
  "miniter": 0,
  "maxiter": 1000,
  "maxtime": 3600,
  "param_threshold": 0.001,
  "ll_threshold": "-Inf",
  "initial_prob": "group_proportional",
  "adjust_prob_cond_method": "project_lp",
  "adjust_prob_cond_every": false,
  "candidates_id": ["Conservative Party.p", "Green Party.p", "Labour Party.p", "National Party.p", "New Zealand First Party.p", "Other parties votes.p"],
  "group_id": ["GILCHRIST, Michael Alexander.c", "FOSTER, Peter Allen Cranleigh.c", "GUY, Allen Nathan.c", "Other candidates votes.c"]
}
