{
  "Z_true": {},
  "V_true": [
    [505, 51, 1236, 34],
    [792, 130, 14484, 545],
    [192, 8711, 957, 979],
    [72, 586, 586, 319],
    [83, 531, 824, 1164]
  ],
  "p_true": [
    [0.2766, 0.0279, 0.6769, 0.0186],
    [0.0497, 0.0081, 0.908, 0.0342],
    [0.0177, 0.8037, 0.0883, 0.0903],
    [0.0461, 0.3749, 0.3749, 0.2041],
    [0.0319, 0.2041, 0.3167, 0.4473]
  ],
  "Z_est": [
    [
      [35.487, 5.6032, 11.829, 16.8096, 10.5838, 14.9419, 11.2064, 18.6774, 44.8257, 2.4903, 28.6387, 53.5418, 3.1129, 21.7903, 6, 8.0935, 1, 79.0676, 14.9419, 18.0548, 2.4903, 7.471, 3.1129, 29.8838, 28.6387, 6.2258, 4.9806, 29.2612, 24.9032, 26.1483, 4.9806, 42.958, 22.4129, 13.0742, 21.7903, 72.886, 32.9967, 34.2419, 19.9225, 76.8616, 6, 61.6354, 19.3, 95.2546, 18.9298],
      [1.4892, 0.2351, 0.4964, 0.7054, 0.4441, 0.627, 0.4703, 0.7838, 1.8811, 0.1045, 1.2018, 2.2468, 0.1306, 0.9144, 0.3135, 0.3396, 0.9461, 3.318, 0.627, 0.7577, 0.1045, 0.3135, 0.1306, 1.254, 1.2018, 0.2613, 0.209, 1.2279, 1.045, 1.0973, 0.209, 1.8027, 0.9405, 0.5486, 0.9144, 15.3379, 1.3847, 1.4369, 0.836, 3.4486, 0.2874, 2.5865, 0.8099, 3.9973, 4.4236],
      [20.0238, 3.1617, 6.6746, 9.485, 5.972, 8.4311, 6.3233, 10.5388, 25.2932, 1.4052, 16.1596, 30.2113, 1.7565, 12.2953, 5.6865, 4.5668, 1.0539, 44.6144, 8.4311, 10.1875, 1.4052, 4.2155, 1.7565, 16.8621, 16.1596, 3.5129, 2.8104, 16.5109, 14.0518, 14.7544, 2.8104, 24.2393, 12.6466, 7.3772, 12.2953, 47.7761, 18.6186, 19.3212, 11.2414, 51.6898, 4.7126, 34.7782, 10.8901, 53.7481, 12.6466],
      [0, 0, 0, 0, 0, 0, 0, 0, 0, 0, 0, 0, 0, 0, 0, 0, 0, 0, 0, 0, 0, 0, 0, 0, 0, 0, 0, 0, 0, 0, 0, 0, 0, 0, 0, 0, 0, 0, 0, 0, 0, 0, 0, 0, 0]
    ],
    [
      [10.1661, 1.0144, 3.3053, 1.1674, 3.0214, 16.7201, 9.3725, 15.6476, 3.9007, 4.0984, 11.8564, 8.0389, 0.7727, 18.1513, 0, 8.1076, 0, 11.1592, 4.8231, 8.838, 10.7837, 3.6399, 5.3774, 15.9856, 15.6744, 7.5107, 0.3179, 40.6266, 9.9881, 9.5712, 5.6751, 10.2651, 2.3665, 4.4609, 2.3182, 0, 2.4147, 3.4531, 4.2345, 0, 0, 13.2554, 1.4657, 80.5379, 0],
      [0, 1.2633, 0, 4.8824, 0, 22.0905, 0, 12.9248, 14.2899, 1.8868, 6.612, 8.8981, 0.3113, 0, 0, 0, 1.4621, 0, 8.354, 3.56, 3.5435, 0, 5.408, 19.2321, 2.0479, 0, 0, 0, 16.3621, 0, 0, 0, 2.855, 1.1089, 0.9338, 9.7897, 0.9727, 1.3909, 0.9727, 0, 11.3218, 4.0898, 6.6209, 0, 1.5077],
      [396.8985, 126.0964, 274.9515, 371.0531, 248.6994, 381.9556, 383.0972, 767.1302, 504.2323, 30.0148, 461.0392, 389.3331, 30.0474, 94.8487, 151.7653, 145.8924, 40.5379, 335.9734, 365.2632, 343.6667, 254.9184, 191.5089, 64.9095, 626.7823, 471.8416, 165.7198, 165.9053, 1105.9347, 657.9954, 546.3298, 251.0643, 868.2965, 92.7786, 107.0437, 90.1421, 271.3652, 93.898, 134.2741, 93.898, 317.892, 216.6782, 704.169, 217.0311, 1228.8759, 153.4923],
      [13.9354, 3.6259, 6.7432, 30.897, 35.2792, 0.2338, 6.5303, 0.2974, 14.5772, 0, 11.4924, 10.73, 0.8687, 0, 4.2347, 0, 0, 5.8674, 10.5596, 9.9353, 20.7543, 11.8512, 3.305, 0, 5.4361, 8.7694, 6.7767, 30.4387, 22.6544, 0.099, 2.2606, 34.4384, 0, 1.3865, 2.606, 7.8451, 2.7146, 3.8818, 0.8948, 1.108, 0, 18.4858, 14.8824, 84.5861, 0]
    ],
    [
      [4.1739, 0.35, 0.806, 3.6905, 2.2907, 3.1921, 2.2483, 3.4254, 0, 0.3897, 3.2647, 4.2738, 0.0928, 3.0172, 0, 0.7636, 0, 5.6378, 0, 3.8234, 1.6014, 1.8029, 0.4772, 6.8355, 2.4922, 1.1772, 0.6257, 4.5495, 2.7891, 3.033, 1.1984, 5.3449, 0.7954, 8.4297, 2.8479, 0, 2.561, 6.2561, 2.7753, 0, 0, 6.6281, 2.1422, 23.8042, 0],
      [133.945, 27.3895, 59.7036, 288.8351, 179.1645, 249.8258, 171.5429, 268.0855, 509.189, 12.4498, 469.4493, 334.4843, 39.4834, 81.6851, 79.819, 52.9263, 10.408, 254.1048, 440.8095, 335.7417, 125.3279, 136.4825, 37.3494, 348.3781, 195.0467, 88.019, 48.0139, 337.8394, 218.2863, 226.5088, 87.3343, 410.4722, 64.2544, 110.1975, 125.8446, 296.3067, 96.8283, 156.8936, 123.9343, 247.3623, 141.0976, 518.7412, 167.6572, 570.4936, 79.9555],
      [23.4424, 4.3781, 13.4583, 46.1693, 28.6568, 39.9338, 32.5403, 42.8525, 76.7557, 1.9901, 69.286, 53.4661, 9.287, 13.1344, 14.6758, 18.3101, 1.592, 40.9951, 65.7429, 34.7604, 20.0332, 22.554, 5.9702, 55.3235, 31.1775, 14.7264, 8.7829, 75.1402, 34.8923, 48.8109, 21.4458, 74.7065, 9.9503, 8.3728, 21.5521, 47.0741, 10.378, 18.6245, 19.2905, 46.5626, 26.3801, 82.9189, 26.7994, 93.7979, 16.0445],
      [4.4386, 0.8824, 2.0321, 9.3051, 5.888, 8.0484, 5.6686, 8.6366, 17.0553, 0.1705, 0, 10.7757, 0.1369, 1.1633, 7.5053, 0, 0, 8.2623, 12.4476, 33.6745, 4.0376, 9.1607, 1.2032, 6.4628, 6.2836, 7.0775, 1.5776, 11.4709, 7.0323, 7.6473, 3.0215, 13.4763, 0, 0, 1.7553, 3.6192, 2.2328, 5.2258, 0, 8.0751, 2.5223, 16.7117, 5.4012, 18.9043, 0]
    ],
    [
      [0.0012, 0.0002, 0.0007, 0.0022, 0.0021, 0.0009, 0.001, 0.0027, 0.0025, 0.0001, 0.004, 0.0032, 0.0002, 0.0009, 0, 0.0005, 0, 0.0013, 0.0015, 0.002, 0.0011, 0.0004, 0.0002, 0.0024, 0.0015, 0.0004, 0.0006, 0.0016, 0.0028, 0.0031, 0.0009, 0.0025, 1.2747, 0.0003, 0.0007, 0.0013, 0.0007, 0.0006, 0.0006, 0.0015, 0, 0.0033, 0.0009, 0.0032, 0.0004],
      [15.4735, 3.0947, 8.7683, 29.3997, 27.3366, 12.3788, 12.8946, 35.0733, 32.4944, 1.5474, 52.61, 42.2943, 2.0631, 12.3788, 10.8315, 6.7052, 0, 16.5051, 19.084, 25.7892, 14.9577, 5.1578, 3.0947, 31.9786, 19.5998, 5.6736, 7.7368, 20.6314, 37.1365, 41.2628, 12.3788, 32.4944, 8.9372, 4.1263, 9.2841, 16.5051, 9.7999, 8.2526, 7.221, 20.1156, 21.1488, 43.3259, 11.863, 42.2943, 5.6736],
      [9.5762, 1.9152, 5.4265, 18.1948, 16.9179, 7.661, 7.9802, 21.706, 20.11, 0.9576, 32.5591, 26.1749, 1.2768, 7.661, 6.7042, 4.1497, 0, 10.2146, 11.8106, 15.9603, 9.257, 3.1921, 1.9152, 19.7908, 12.1298, 3.5113, 4.7881, 12.7683, 22.9829, 25.5365, 7.661, 20.11, 4.7881, 2.5537, 5.7457, 10.2146, 6.0649, 5.1073, 4.4689, 12.4491, 13.0875, 26.8133, 7.3417, 26.1749, 3.5113],
      [4.9491, 0.9898, 2.8045, 9.4033, 8.7434, 3.9593, 4.1242, 11.2179, 10.3931, 0.4949, 16.8269, 13.5275, 0.6599, 3.9593, 3.4644, 2.1446, 0, 5.279, 6.1039, 8.2485, 4.7841, 1.6497, 0.9898, 10.2281, 6.2689, 1.8147, 2.4745, 6.5988, 11.8778, 13.1976, 3.9593, 10.3931, 0, 1.3198, 2.9695, 5.279, 3.1344, 2.6395, 2.3096, 6.4338, 6.7638, 13.8575, 3.7943, 13.5275, 1.8147]
    ],
    [
      [0.1718, 0.0322, 0.0591, 0.3302, 0.102, 0.145, 0.1718, 0.247, 0.2711, 0.0215, 0.2362, 0.1423, 0.0215, 0.0403, 0, 3.0348, 0, 0.1342, 0.2335, 0.2819, 0.1235, 0.0859, 0.0322, 0.2926, 0.1933, 0.0859, 0.0752, 0.561, 0.3168, 0.2443, 0.145, 0.4295, 0.1506, 0.0349, 0.043, 0.1127, 0.0268, 0.0483, 0.0671, 0.1369, 0, 0.4778, 0.0913, 0.4, 0.0698],
      [0.0923, 0.0173, 0.0317, 0.1773, 0.0548, 0.0779, 0.0923, 0.1326, 0.1456, 0.0115, 0.1269, 0.0764, 0.0115, 0.0216, 0.036, 0.0288, 0.1838, 0.0721, 0.1254, 0.1514, 0.0663, 0.0461, 0.0173, 0.1572, 0.1038, 0.0461, 0.0404, 0.3013, 0.1701, 0.1312, 0.0779, 0.2307, 0.013, 0.0187, 0.0231, 0.0606, 0.0144, 0.026, 0.036, 0.0735, 0.1444, 0.2566, 0.049, 0.2148, 1.4396],
      [13.0591, 2.4486, 4.4891, 25.0979, 7.7538, 11.0186, 13.0591, 18.7724, 20.6088, 1.6324, 17.9562, 10.8145, 1.6324, 3.0607, 5.1683, 4.081, 0.8162, 10.2024, 17.7522, 21.425, 9.3862, 6.5295, 2.4486, 22.2412, 14.6914, 6.5295, 5.7133, 42.646, 24.0776, 18.5683, 11.0186, 32.6476, 1.8364, 2.6526, 3.2648, 8.57, 2.0405, 3.6729, 5.1012, 10.4064, 7.1417, 36.3205, 6.9376, 30.4031, 5.3052],
      [50.6769, 9.5019, 17.4202, 97.3946, 30.0894, 42.7586, 50.6769, 72.848, 79.9744, 6.3346, 69.6807, 41.9668, 6.3346, 11.8774, 19.7957, 12.8554, 3, 39.5913, 68.8889, 83.1417, 36.424, 25.3384, 9.5019, 86.309, 57.0115, 25.3384, 22.1711, 165.4916, 93.4355, 72.0562, 42.7586, 126.6922, 7, 10.2937, 12.6692, 33.2567, 7.9183, 14.2529, 19.7957, 40.3831, 27.7139, 140.945, 26.9221, 117.9821, 19.1853]
    ]
  ],
  "V_est": [
    [1113.0561, 63.8415, 649.1025, 0],
    [390.0836, 174.6927, 14935.2414, 450.9824],
    [129.6065, 8957.6672, 1472.7361, 278.9902],
    [1.3332, 807.373, 498.9206, 255.3732],
    [9.9207, 5.4256, 530.9994, 2055.6543]
  ],
  "p_est": [
    [0.6096, 0.035, 0.3555, 0],
    [0.0245, 0.011, 0.9363, 0.0283],
    [0.012, 0.8264, 0.1359, 0.0257],
    [0.0009, 0.5166, 0.3192, 0.1634],
    [0.0038, 0.0021, 0.2041, 0.79]
  ],
  "EI_Z": {},
  "EI_V": 9.128,
  "MAE_Z": {},
  "MAE_V": 299.2262,
  "MAE_p": 0.0926,
  "runtime": 0.7579
}
