{
  "X": [
    [9, 7, 29, 3],
    [96, 127, 309, 44],
    [144, 198, 607, 62],
    [162, 253, 872, 83],
    [5, 3, 20, 0],
    [49, 75, 213, 19],
    [49, 110, 212, 33],
    [111, 269, 556, 59],
    [123, 318, 626, 65],
    [93, 225, 362, 43],
    [100, 248, 403, 62],
    [103, 112, 486, 34],
    [160, 269, 387, 46],
    [192, 275, 583, 61],
    [69, 155, 330, 47],
    [79, 115, 400, 45],
    [138, 277, 533, 69],
    [89, 147, 494, 35],
    [5, 5, 4, 2],
    [8, 12, 28, 7],
    [42, 17, 88, 3],
    [0, 2, 21, 0],
    [2, 4, 19, 0],
    [115, 80, 464, 33],
    [53, 30, 396, 18],
    [136, 173, 797, 52],
    [96, 77, 471, 23],
    [99, 71, 586, 34],
    [28, 43, 229, 14],
    [90, 82, 260, 37],
    [257, 272, 577, 104],
    [222, 269, 807, 92],
    [90, 62, 419, 26],
    [166, 108, 604, 36],
    [11, 11, 25, 2],
    [7, 11, 30, 10],
    [14, 20, 53, 9],
    [86, 123, 268, 44],
    [191, 169, 550, 54],
    [58, 71, 196, 18],
    [91, 58, 247, 36],
    [17, 18, 42, 5],
    [2, 7, 10, 1],
    [3, 11, 13, 1],
    [59, 82, 180, 31],
    [0, 1, 5, 0],
    [66, 84, 277, 19],
    [427, 636, 2036, 190],
    [6, 8, 50, 4],
    [196, 218, 769, 56],
    [17, 32, 84, 8],
    [547, 635, 1813, 172],
    [121, 73, 230, 15]
  ],
  "W": [
    [9, 4, 32, 1, 2],
    [84, 125, 301, 39, 27],
    [122, 188, 602, 36, 63],
    [158, 250, 829, 59, 74],
    [3, 6, 15, 3, 1],
    [39, 71, 210, 19, 17],
    [50, 98, 215, 20, 21],
    [94, 237, 541, 66, 57],
    [121, 269, 619, 71, 52],
    [82, 204, 358, 39, 40],
    [85, 233, 366, 65, 64],
    [94, 108, 464, 31, 38],
    [132, 269, 371, 37, 53],
    [180, 266, 560, 45, 60],
    [73, 134, 322, 28, 44],
    [78, 115, 386, 19, 41],
    [134, 252, 522, 54, 55],
    [92, 123, 478, 39, 33],
    [7, 3, 4, 1, 1],
    [9, 9, 32, 1, 4],
    [29, 25, 90, 2, 4],
    [2, 0, 21, 0, 0],
    [1, 5, 19, 0, 0],
    [100, 65, 457, 22, 48],
    [36, 34, 400, 6, 21],
    [124, 176, 787, 25, 46],
    [81, 84, 457, 10, 35],
    [64, 68, 579, 28, 51],
    [20, 48, 224, 6, 16],
    [71, 78, 258, 23, 39],
    [258, 241, 593, 39, 79],
    [185, 278, 802, 38, 87],
    [68, 72, 408, 13, 36],
    [121, 121, 609, 25, 38],
    [8, 14, 23, 3, 1],
    [2, 11, 36, 3, 6],
    [9, 20, 56, 3, 8],
    [73, 124, 270, 18, 36],
    [183, 174, 542, 22, 43],
    [65, 62, 188, 13, 15],
    [78, 53, 253, 15, 33],
    [18, 14, 44, 0, 6],
    [4, 5, 9, 2, 0],
    [6, 8, 12, 1, 1],
    [53, 85, 171, 23, 20],
    [0, 1, 5, 0, 0],
    [48, 83, 278, 12, 25],
    [351, 573, 2020, 153, 192],
    [9, 7, 44, 5, 3],
    [182, 211, 766, 36, 44],
    [18, 29, 75, 10, 9],
    [483, 610, 1768, 98, 208],
    [112, 67, 229, 4, 27]
  ],
  "method": "mvn_cdf",
  "mvncdf_method": "genz",
  "mvncdf_samples": 5000,
  "mvncdf_error": 1e-06,
  "cond_prob": [
    [
      [0.71996738969, 0.13819906733, 0.028114916002, 0.11371862698],
      [0.036221068481, 0.91230000335, 0.018718743102, 0.032760185072],
      [0.059544488979, 0.036257714593, 0.89029321202, 0.013904584412],
      [0.003048321311, 0.73899571677, 0.064813349527, 0.19314261239],
      [0.23346862513, 0.10388289846, 0.05894732477, 0.60370115164]
    ],
    [
      [0.75653161424, 0.074400316463, 0.05664725911, 0.11242081019],
      [0.088417693378, 0.76351581759, 0.078259376487, 0.069807112548],
      [0.044546343403, 0.013970627348, 0.93951326962, 0.0019697596269],
      [0.0056051634906, 0.49879211647, 0.20732035522, 0.28828236482],
      [0.28785488858, 0.061216475735, 0.13260074681, 0.51832788888]
    ],
    [
      [0.73554490634, 0.097466264759, 0.065353746034, 0.10163508287],
      [0.069881846767, 0.80610919101, 0.072974121539, 0.051034840684],
      [0.038041068722, 0.015126958579, 0.94358554039, 0.003246432309],
      [0.0047408096973, 0.56393880123, 0.20659610999, 0.22472427908],
      [0.28657685261, 0.081783521919, 0.1560595692, 0.47558005626]
    ],
    [
      [0.6914314438, 0.096892076884, 0.09732117433, 0.11435530499],
      [0.063819712879, 0.7751059035, 0.10537692241, 0.05569746121],
      [0.022569404449, 0.011064146932, 0.9635041995, 0.002862249115],
      [0.0039719836675, 0.49761109465, 0.27363857229, 0.2247783494],
      [0.24127730184, 0.072747886299, 0.20796441486, 0.47801039701]
    ],
    [
      [0.86415174248, 0.015034185694, 0.12081407183, 0],
      [0.19478937107, 0.31475885471, 0.49045177423, 0],
      [0.043314028332, 0.049909926468, 0.9067760452, 0],
      [0.035832998341, 0.10203139083, 0.86213561083, 0],
      [0.48159912615, 0.011601245158, 0.5067996287, 0]
    ],
    [
      [0.76192876944, 0.088094932897, 0.063347694463, 0.086628603199],
      [0.0771211628, 0.79931338712, 0.076523537009, 0.047041913066],
      [0.039679987115, 0.013074026629, 0.94357621345, 0.0036697728041],
      [0.0052916801399, 0.56395268495, 0.21988966591, 0.210865969],
      [0.31622565978, 0.079552972059, 0.16278590064, 0.44143546752]
    ],
    [
      [0.64187727882, 0.13799261139, 0.055751077258, 0.16437903253],
      [0.044513619347, 0.84896241521, 0.045861376447, 0.060662589],
      [0.039074776271, 0.028285248483, 0.92985036301, 0.0027896122395],
      [0.0030385972744, 0.59585395476, 0.13065904447, 0.27044840349],
      [0.19437869138, 0.090649772435, 0.1041439195, 0.61082761668]
    ],
    [
      [0.69887275647, 0.12867497351, 0.071994803383, 0.10045746664],
      [0.052665008665, 0.84348361489, 0.063801313868, 0.040050062574],
      [0.03215447333, 0.018466012576, 0.94636725561, 0.0030122584821],
      [0.0037574620367, 0.62099222558, 0.18993661454, 0.18531369784],
      [0.26632967145, 0.10567256261, 0.16826447806, 0.45973328788]
    ],
    [
      [0.66243468691, 0.15395199425, 0.070243246613, 0.11337007222],
      [0.042868901914, 0.86497665235, 0.053390226721, 0.038764219011],
      [0.030246632874, 0.023057796061, 0.94276128122, 0.0039342898422],
      [0.0031269555765, 0.65112535164, 0.16242405472, 0.18332363807],
      [0.2378651668, 0.11904641316, 0.15456260019, 0.48852581986]
    ],
    [
      [0.7039877244, 0.13612596835, 0.060770791088, 0.099115516167],
      [0.050877542782, 0.85940020166, 0.051762796521, 0.037959459042],
      [0.03846803215, 0.023483249652, 0.93412324011, 0.0039254780842],
      [0.0037571921032, 0.65471068663, 0.15954516283, 0.18198695844],
      [0.27439754676, 0.11448273259, 0.14547008324, 0.46564963741]
    ],
    [
      [0.70107670015, 0.11362278517, 0.083542076059, 0.10175843862],
      [0.057865787771, 0.81649054848, 0.08118004591, 0.044463617842],
      [0.02715165446, 0.014050927081, 0.95576798008, 0.0030294383749],
      [0.0039216097659, 0.5709150059, 0.2297025924, 0.19546079194],
      [0.26145846515, 0.091369543284, 0.19128474408, 0.45588724748]
    ],
    [
      [0.74558523393, 0.081177914308, 0.09349704439, 0.079739807369],
      [0.079432488622, 0.75809687904, 0.11742995618, 0.045040676159],
      [0.027250328678, 0.0094603456526, 0.96112381848, 0.0021655071888],
      [0.0050530770693, 0.49661197711, 0.31222854519, 0.18610640064],
      [0.30356529851, 0.071322143293, 0.23390278643, 0.39120977176]
    ],
    [
      [0.77856892611, 0.095973080881, 0.055634232358, 0.069823760652],
      [0.07670449241, 0.82242378716, 0.064479434804, 0.03639228563],
      [0.046680373754, 0.018791446687, 0.93434417845, 0.00018400111052],
      [0.005631689075, 0.62338231915, 0.19766280336, 0.17332318842],
      [0.35978494598, 0.095524189605, 0.15766225354, 0.38702861087]
    ],
    [
      [0.74546333883, 0.10107379285, 0.069235667524, 0.084227200792],
      [0.069203312175, 0.81405403967, 0.075456374491, 0.041286273663],
      [0.036646147403, 0.01495994527, 0.94630986698, 0.0020840403448],
      [0.0048405426334, 0.58765002854, 0.22026462378, 0.18724480505],
      [0.31114751679, 0.090775368309, 0.17701251085, 0.42106460405]
    ],
    [
      [0.63444787617, 0.15346256113, 0.075467640076, 0.13662192262],
      [0.040383491451, 0.85690744988, 0.05664621984, 0.046062838834],
      [0.025269129065, 0.021331623344, 0.94913910374, 0.0042601438494],
      [0.0028398751432, 0.62044760326, 0.16624831436, 0.21046420724],
      [0.20585775277, 0.10750725333, 0.15051192293, 0.53612307097]
    ],
    [
      [0.6801432834, 0.099400343033, 0.087513124385, 0.13294324918],
      [0.0610437646, 0.78314644473, 0.092617460408, 0.063192330257],
      [0.025101505571, 0.012395344531, 0.96037883033, 0.0021243195682],
      [0.00379233118, 0.50040924085, 0.24034533247, 0.2554530955],
      [0.22359891519, 0.070550086189, 0.17683362261, 0.52901737601]
    ],
    [
      [0.69085556315, 0.12607979379, 0.066335932547, 0.11672871051],
      [0.052983155328, 0.83995370562, 0.059767959714, 0.047295179337],
      [0.034784227732, 0.019686734978, 0.94166719152, 0.0038618457716],
      [0.0037099932454, 0.60685347123, 0.17459149934, 0.21484503619],
      [0.24937987061, 0.098007467462, 0.14674989553, 0.5058627664]
    ],
    [
      [0.68558916234, 0.1266418473, 0.093154882543, 0.094614107816],
      [0.051265301544, 0.82917855701, 0.082068563794, 0.037487577657],
      [0.023041438363, 0.014509051545, 0.96029445106, 0.0021550590315],
      [0.0035469455829, 0.59101604235, 0.23710584017, 0.1683311719],
      [0.25660686544, 0.10227379535, 0.21416491169, 0.42695442752]
    ],
    [
      [0.65943247135, 0.167237214, 0.014815107913, 0.15851520674],
      [0.022743942578, 0.93807616593, 0.014678300904, 0.024501590586],
      [0.032140082042, 0.028748518973, 0.93559168365, 0.0035197153332],
      [0.0020976621142, 0.78735610112, 0.053389498367, 0.1571567384],
      [0.18508288256, 0.11276082719, 0.056503108922, 0.64565318133]
    ],
    [
      [0.53571984172, 0.15920800968, 0.021406228401, 0.2836659202],
      [0.027523976984, 0.87501177123, 0.014093618279, 0.083370633506],
      [0.079935913198, 0.059182791868, 0.86088129493, 0],
      [0.0018334845527, 0.56263731198, 0.038034621984, 0.39749458148],
      [0.092755731193, 0.058883830008, 0.02356633, 0.8247941088]
    ],
    [
      [0.91928737272, 0.021856486758, 0.040155817861, 0.018700322662],
      [0.25891201263, 0.59017021498, 0.10704714751, 0.043870624876],
      [0.071167934298, 0.0067639088665, 0.92206815684, 0],
      [0.018791944873, 0.43783284692, 0.33070222056, 0.21267298765],
      [0.60629197467, 0.031872254422, 0.1279410095, 0.2338947614]
    ],
    [
      [0, 0.86684645581, 0.13315354419, 0],
      [4.0594002427e-05, 0.99948019008, 0.00047866159068, 5.5432970205e-07],
      [0, 0.012681289923, 0.98731871008, 0],
      [0, 1, 1.2433541119e-16, 4.1406228286e-77],
      [0.29523383549, 0.082146864285, 0.16674294354, 0.45587635668]
    ],
    [
      [0.89944266922, 0.037849306257, 0.062708024523, 0],
      [0.10569652728, 0.79243013875, 0.10187333397, 0],
      [0.030109194441, 0, 0.96989080556, 0],
      [0.0060357427537, 0.60221916971, 0.38031837659, 0.011426710948],
      [0.55794181182, 0.08226055238, 0.3527955151, 0.0070021206995]
    ],
    [
      [0.77053032666, 0.082333936856, 0.074500911861, 0.072634824625],
      [0.083038989298, 0.78081563549, 0.094658311899, 0.041487063312],
      [0.035465664362, 0.011612951749, 0.95158160685, 0.0013397770438],
      [0.0056230642929, 0.5440231694, 0.26787124764, 0.18248251866],
      [0.33787327087, 0.077874194406, 0.20064909925, 0.38360343547]
    ],
    [
      [0.78277867477, 0.051216190948, 0.075585406034, 0.090419728243],
      [0.11539933376, 0.68085957933, 0.13252335764, 0.071217729272],
      [0.03553285799, 0.0041261129032, 0.95722204086, 0.0031189882501],
      [0.0066738017402, 0.40211871969, 0.32078535354, 0.27042212503],
      [0.31634306447, 0.044944473771, 0.18855251234, 0.45015994942]
    ],
    [
      [0.71823499435, 0.091311111591, 0.085120249425, 0.10533364463],
      [0.070258840445, 0.77749952424, 0.097808875296, 0.054432760023],
      [0.028256507766, 0.011094444124, 0.95788257676, 0.0027664713536],
      [0.0044750880469, 0.51038945953, 0.25999856679, 0.22513688564],
      [0.2657294776, 0.0727487366, 0.19298206395, 0.46853972185]
    ],
    [
      [0.7737620402, 0.067747047635, 0.093318669731, 0.065172242437],
      [0.094451371809, 0.72887487027, 0.13445778841, 0.042215969515],
      [0.029446334964, 0.0073220282125, 0.9623969896, 0.00083464722057],
      [0.0059186165777, 0.46962648942, 0.35246142397, 0.17199347003],
      [0.33929137909, 0.064130521475, 0.2516198582, 0.34495824124]
    ],
    [
      [0.80037360677, 0.056492788447, 0.075068788549, 0.068064816229],
      [0.11397198152, 0.70836178453, 0.12618217978, 0.051484054167],
      [0.036804665449, 0.0063169791826, 0.9546239013, 0.00225445407],
      [0.0071128654145, 0.45483882135, 0.32914300627, 0.20890530696],
      [0.36307711561, 0.055349847971, 0.2092542408, 0.37231879562]
    ],
    [
      [0.72716431277, 0.078433512469, 0.09526219635, 0.099139978413],
      [0.07609367708, 0.74855224997, 0.11950710728, 0.055846965662],
      [0.024596210981, 0.0075841505184, 0.96450374409, 0.003315894413],
      [0.0046397335105, 0.46606836716, 0.30568419823, 0.2236077011],
      [0.266676724, 0.062847614546, 0.21721694115, 0.45325872031]
    ],
    [
      [0.79044691577, 0.067656228969, 0.05011095853, 0.09178589673],
      [0.10058751335, 0.76173280376, 0.075535405005, 0.062144277885],
      [0.04964421699, 0.013410013672, 0.93275824827, 0.0041875210642],
      [0.0066406080628, 0.51743086654, 0.20853474999, 0.26739377541],
      [0.33516669154, 0.062065528001, 0.13083161666, 0.4719361638]
    ],
    [
      [0.72441986362, 0.1053405774, 0.043646894472, 0.12659266451],
      [0.065667614501, 0.8274501893, 0.046388827179, 0.060493369019],
      [0.055924985597, 0.026708752913, 0.91336899645, 0.0039972650413],
      [0.0045406413894, 0.59036058414, 0.13374669874, 0.27135207573],
      [0.26497694452, 0.082839014565, 0.097664021916, 0.55452001899]
    ],
    [
      [0.75252663842, 0.081829689968, 0.059743494962, 0.10590017665],
      [0.082677906499, 0.77895825968, 0.076985859957, 0.061377973864],
      [0.042444689036, 0.014201578831, 0.94034988625, 0.0030038458786],
      [0.0053990108107, 0.5248799008, 0.20971898987, 0.26000209851],
      [0.29370472261, 0.068689755309, 0.14270636751, 0.49489915458]
    ],
    [
      [0.79859353125, 0.051876745422, 0.080221703173, 0.069308020156],
      [0.11914444134, 0.68432645789, 0.14154947519, 0.054979625586],
      [0.034825400761, 0.0046891605166, 0.95785658943, 0.0026288492901],
      [0.0071530022369, 0.42215228841, 0.35568201402, 0.21501269534],
      [0.35598576553, 0.049992197318, 0.22011131389, 0.37391072326]
    ],
    [
      [0.83993988586, 0.046204833111, 0.052019607882, 0.06183567315],
      [0.14430537219, 0.69414622565, 0.10525154135, 0.056296860808],
      [0.050466710549, 0.0080138928262, 0.93884588714, 0.002673509488],
      [0.0093961634913, 0.46587419283, 0.28633799699, 0.23839164669],
      [0.41939981485, 0.049742272069, 0.15933146714, 0.37152644593]
    ],
    [
      [0.89032130662, 0.030309706161, 0.04437167126, 0.034997315959],
      [0.17112898268, 0.66684971931, 0.1193999091, 0.042621388909],
      [0.041119811279, 0.0019037081811, 0.94598167285, 0.010994807686],
      [0.01126349708, 0.44564004013, 0.34812932424, 0.19496713855],
      [0.5020776388, 0.040920871857, 0.17146145416, 0.28554003518]
    ],
    [
      [0.62637263209, 0.043724475749, 0.010731065127, 0.31917182704],
      [0.080845880844, 0.65617284551, 0.081356431844, 0.18162484181],
      [0.11779698027, 0.078762701058, 0.80344031867, 0],
      [0.0031689181614, 0.25188275393, 0.03029666261, 0.7146516653],
      [0.10129200037, 0.017257374679, 0.011479276589, 0.86997134836]
    ],
    [
      [0.75493037984, 0.076227352401, 0.034209739786, 0.13463252798],
      [0.078068016902, 0.79928064222, 0.044633484294, 0.078017856581],
      [0.064424886538, 0.023029862756, 0.90798990942, 0.004555341289],
      [0.0050976680022, 0.52577590388, 0.12240611637, 0.34672031175],
      [0.25264744916, 0.057667619742, 0.073098672448, 0.61658625865]
    ],
    [
      [0.73401787019, 0.088941484974, 0.048979189263, 0.12806145558],
      [0.074739913834, 0.79710715216, 0.058950274042, 0.069202659963],
      [0.050233747676, 0.020351441306, 0.92708233987, 0.0023324711488],
      [0.0048993276866, 0.53797232334, 0.16138810453, 0.29574024444],
      [0.26382351083, 0.069099826559, 0.10826298768, 0.55881367493]
    ],
    [
      [0.76579789996, 0.077122091534, 0.063210747415, 0.093869261093],
      [0.087873294415, 0.77003376583, 0.085208646337, 0.056884293423],
      [0.040557169467, 0.012087376691, 0.94405264664, 0.0033028071998],
      [0.0057515322892, 0.51961525691, 0.23282739883, 0.24180581197],
      [0.31303515158, 0.06785786458, 0.15831143038, 0.46079555346]
    ],
    [
      [0.70203166392, 0.11963612508, 0.084232377013, 0.094099833988],
      [0.054455363827, 0.82905461888, 0.077601452722, 0.038888564575],
      [0.026285997365, 0.014010457431, 0.9564022538, 0.0033012914054],
      [0.0037953699979, 0.59312779753, 0.22645303726, 0.17662379521],
      [0.26670679821, 0.09850920899, 0.19773948179, 0.43704451101]
    ],
    [
      [0.78160167445, 0.064450811778, 0.043509622561, 0.11043789121],
      [0.1026656903, 0.75251223548, 0.067704650657, 0.077117423558],
      [0.056581138604, 0.015378112782, 0.9242108807, 0.0038298679174],
      [0.0065400022094, 0.49218730292, 0.18029905769, 0.32097363718],
      [0.30850483962, 0.055036852209, 0.10569891739, 0.53075939078]
    ],
    [
      [0.70223588016, 0.16968794322, 0.042890663956, 0.085185512668],
      [0.03638451062, 0.91195485503, 0.027520992796, 0.024139641557],
      [0.048936105894, 0.028874147028, 0.91332352217, 0.0088662249059],
      [0.0030404534941, 0.7669990185, 0.096360388405, 0.13360013961],
      [0.28286372486, 0.15129776374, 0.10940652901, 0.45643198239]
    ],
    [
      [0.49943982384, 0.24844650701, 0.11536731296, 0.13674635618],
      [0, 0.90248128089, 0.046694239904, 0.050824479205],
      [0, 0, 0.99900856562, 0.00099143438265],
      [0.0011203523184, 0.74690378375, 0.15699122904, 0.094984634897],
      [0.11578579413, 0.15518529286, 0.20266585739, 0.52636305562]
    ],
    [
      [0.47286500722, 0.35740703649, 0.10017999849, 0.069547957795],
      [0.0015138074783, 0.95482804467, 0.027435277569, 0.016222870287],
      [0, 0.0082208536818, 0.98731734165, 0.0044618046633],
      [0.00087890981869, 0.84601451819, 0.10676218428, 0.046344387721],
      [0.14982058706, 0.27226866135, 0.22486750434, 0.35304324725]
    ],
    [
      [0.7408273066, 0.073139529021, 0.061728683355, 0.12430448102],
      [0.085702497143, 0.75247397484, 0.085302088034, 0.076521439982],
      [0.041224259269, 0.01276986519, 0.94600587554, 0],
      [0.005223605885, 0.47159402058, 0.21692447155, 0.30625790198],
      [0.26409746112, 0.056650383973, 0.13607173681, 0.54318041809]
    ],
    [
      [0.73942495447, 0.095959557333, 0.068459577164, 0.096155911036],
      [0, 0.99973038397, 0.00026961602515, 5.7891986216e-21],
      [0, 5.3923205031e-05, 0.99994607679, 0],
      [0.0048741755178, 0.56032332546, 0.21942968253, 0.21537281649],
      [0.29523383549, 0.082146864285, 0.16674294354, 0.45587635668]
    ],
    [
      [0.78709101571, 0.084922268552, 0.058803242115, 0.069183473621],
      [0.083559708365, 0.80307472099, 0.0741477224, 0.039217848249],
      [0.043780826474, 0.014656478382, 0.93955884435, 0.0020038507954],
      [0.0059661199886, 0.5899947289, 0.22154758716, 0.18249156395],
      [0.36166049007, 0.084563661227, 0.16669014578, 0.38708570292]
    ],
    [
      [0.7323300446, 0.10158188505, 0.06726490709, 0.098823163262],
      [0.067879125114, 0.81096980836, 0.072928730349, 0.048222336176],
      [0.037113401567, 0.015556188535, 0.94439700772, 0.0029334021734],
      [0.0046471156485, 0.57347462911, 0.20813056707, 0.21374768817],
      [0.28842362394, 0.085905932618, 0.16185376435, 0.46381667909]
    ],
    [
      [0.57498145339, 0.084827052065, 0.2024613637, 0.13773013084],
      [0.046337274356, 0.70417146925, 0.20109570433, 0.04839555207],
      [0, 0.007536358256, 0.98553114627, 0.0069324954701],
      [0.0024735338193, 0.36318735315, 0.4620804429, 0.17225867014],
      [0.16281277664, 0.053273239227, 0.36546838195, 0.41844560219]
    ],
    [
      [0.75282365206, 0.089938387275, 0.067128947255, 0.090109013409],
      [0.076611900103, 0.79478704253, 0.080185379773, 0.048415677596],
      [0.037921682939, 0.013636008296, 0.94554279875, 0.0028995100148],
      [0.0051894594655, 0.5553691186, 0.22664277656, 0.21279864538],
      [0.30877624389, 0.079379020877, 0.1686021061, 0.44324262913]
    ],
    [
      [0.68086671199, 0.11034970971, 0.1224984308, 0.086285147503],
      [0.05199301575, 0.79718094285, 0.11466426881, 0.03616177259],
      [0.013492254643, 0.011137071949, 0.97089785542, 0.0044728179864],
      [0.0033816197859, 0.52735320614, 0.31522581878, 0.15403935529],
      [0.24342960348, 0.087405047235, 0.27779634507, 0.39136900422]
    ],
    [
      [0.75733492419, 0.093748133167, 0.06821013668, 0.080706805959],
      [0.075341325552, 0.80304501479, 0.079357490051, 0.042256169611],
      [0.038075409409, 0.014451627692, 0.94573437344, 0.0017385894572],
      [0.0052268749564, 0.57547078264, 0.22952531066, 0.18977703175],
      [0.32413204542, 0.086132587509, 0.17833933829, 0.41139602879]
    ],
    [
      [0.81681271343, 0.088963075019, 0.058192049545, 0.036032162005],
      [0.090232777975, 0.81181011502, 0.068805337925, 0.029151769075],
      [0.052219831832, 0.01572361052, 0.93205655765, 0],
      [0.0068247667835, 0.63199783779, 0.21786570932, 0.1433116861],
      [0.4253977561, 0.093191101143, 0.16889326931, 0.31251787345]
    ]
  ],
  "expected_outcome": [
    [
      [6.4797065072, 63.5486555958, 89.7364785734, 109.2461681201, 2.5924552274, 29.7152220082, 32.0938639412, 65.694039108, 80.1545971167, 57.7269934005, 59.5915195128, 70.0850119897, 102.7710982464, 134.1834009894, 46.3146949606, 53.0511761053, 92.5746454623, 63.0742029353, 4.6160272994, 4.8214785755, 26.6593338089, 0, 0.89944266922, 77.0530326658, 28.1800322919, 89.0611392995, 62.6747252559, 51.2239108336, 14.5432862554, 56.1217310197, 186.9003248144, 139.2174281086, 54.3043601249, 101.6327261886, 7.122570453, 1.2527452642, 6.7943734185, 53.5833045237, 140.1410156923, 45.632058155, 60.9649306067, 12.6402458428, 1.9977592954, 2.8371900433, 39.26384725, 0, 37.7803687542, 257.0478456551, 5.1748330805, 137.0139046753, 12.2556008159, 365.7927683856, 91.4830239043],
      [1.2437916059, 6.2496265829, 11.8908843006, 15.3089481476, 0.045102557081, 3.435702383, 6.8996305696, 12.0954475097, 18.6281913047, 11.1623294046, 9.6579367396, 7.630723945, 12.6684466763, 18.1932827136, 11.2027669624, 7.7532267566, 16.8946923681, 11.6510499517, 1.170660498, 1.4328720871, 0.63383811598, 1.7336929116, 0.037849306257, 8.2333936856, 1.8437828741, 11.3225778373, 5.4875108585, 3.6155384606, 1.5686702494, 4.8035922568, 27.1778689688, 15.1384926441, 3.5276186887, 5.5907848065, 0.24247764928, 0.087448951497, 0.68604617161, 6.4927284031, 14.1133427508, 7.77634813, 5.0271633187, 3.0543829779, 0.99378602805, 2.144442219, 3.8763950381, 0, 4.0762688905, 35.6552416512, 0.76344346859, 16.368786484, 1.9862947747, 45.2803483198, 9.9638644022],
      [0.25303424402, 4.7583697653, 7.9731570162, 15.3767455441, 0.36244221549, 2.4705600841, 2.7875538629, 6.767511518, 8.4994328402, 4.9832048692, 7.101076465, 8.7887221726, 7.3437186713, 12.4624201544, 5.5091377256, 6.826023702, 8.8890149614, 8.5702491939, 0.10370575539, 0.19265605561, 1.164518718, 0.26630708837, 0.062708024523, 7.4500911861, 2.7210746172, 10.5549109287, 7.5588122482, 4.8044024671, 1.905243927, 3.5578780556, 11.2608987737, 11.052546568, 5.4550758158, 6.2943725537, 0.35497337008, 0.021462130253, 0.30788765807, 3.5754808162, 11.567566777, 5.4751045059, 3.3937505598, 0.77203195121, 0.46146925185, 0.60107999097, 3.2716202178, 0, 2.8225556215, 23.6099823886, 1.8221522733, 12.2174684004, 2.2049717544, 32.9454960165, 6.517509549],
      [1.0234676429, 9.443348056, 12.3994801098, 18.0681381883, 0, 3.3785155248, 8.2189516263, 9.4430018642, 13.7177787384, 8.1274723257, 8.6494672825, 7.4955418927, 9.216736406, 15.1608961426, 9.9734003514, 10.3695734361, 15.6416472083, 8.704497919, 1.1096064472, 2.5529932818, 0.54230935719, 0, 0, 7.2634824625, 3.2551102167, 13.0613719345, 5.2789516374, 4.3561482387, 1.9827995683, 6.5167986678, 32.660907443, 19.5915326794, 4.7129453706, 7.4821164512, 0.27997852767, 0.63834365407, 1.2116927518, 9.348486257, 17.1780747799, 6.1164892092, 8.6141555148, 1.533339228, 0.54698542474, 0.41728774677, 6.588137494, 0, 3.3208067338, 34.6869303051, 1.2395711776, 16.3998404404, 1.5531326551, 38.9813872781, 4.0356021445]
    ],
    [
      [0.14488427392, 11.0522116723, 13.1377871922, 15.9549282197, 1.1687362264, 5.4756025588, 4.362334696, 12.4816070536, 11.531734615, 10.3790187275, 13.4827285506, 8.5787087712, 20.6335084582, 18.4080810387, 5.4113878545, 7.020032929, 13.3517551428, 6.3056320899, 0.068231827735, 0.24771579285, 6.4728003158, 0, 0.5284826364, 5.3975343044, 3.9235773479, 12.3655559183, 7.933915232, 7.7500947433, 3.6524964998, 7.8458260413, 15.8258950948, 22.9844580069, 8.5783997764, 17.4609500356, 2.3958057576, 0.88930468929, 1.561360338, 9.2677493154, 15.2899532282, 3.3762325573, 5.441281586, 0.50938314868, 0, 0.012110459826, 7.2847122572, 0, 6.9354557943, 38.8947386901, 0.32436092049, 16.1651109217, 1.5077974567, 45.9582085867, 6.0455961243],
      [3.6492000134, 95.4394771983, 151.5485279098, 193.7764758754, 1.8885531282, 56.7512504858, 83.1983166902, 199.9056167296, 232.678719483, 175.3176411377, 190.2422977952, 81.8744629367, 221.2319987452, 216.5383745525, 114.8255982833, 90.0618411445, 211.6683338166, 101.9889625116, 2.8142284978, 7.8751059411, 14.7542553745, 0, 3.9621506937, 50.7530163069, 23.1492256973, 136.8399162656, 61.2254891026, 48.1686013483, 35.9305079988, 59.4151586933, 199.4154956216, 216.5503961908, 49.2715049678, 83.9916933031, 9.3358960703, 7.2179013006, 15.9856128445, 98.841286868, 133.9858752536, 51.4013863703, 39.8831484806, 12.7673679704, 4.5124064045, 7.6386243573, 63.9602878614, 0.99973038397, 66.6552018418, 464.6857001908, 4.9292002847, 167.7000659734, 23.1182473426, 489.8574590198, 54.3912777067],
      [0.074874972407, 9.7824220609, 13.7191348493, 26.3442306024, 2.9427106454, 5.4331711277, 4.4944148918, 15.1209113868, 14.361970988, 10.5596104903, 18.914950697, 12.682435267, 17.3449679622, 20.0713956145, 7.5905934585, 10.651007947, 15.0615258478, 10.0944333466, 0.044034902711, 0.12684256451, 2.6761786878, 0, 0.50936666986, 6.1527902735, 4.5057941596, 17.2143620521, 11.2944542262, 8.5803882251, 5.7363411496, 5.8917615904, 11.1797073501, 21.4020690681, 10.1915622136, 12.7354365036, 1.6715987274, 0.89492075029, 0.89266968588, 7.3098339812, 14.8263044627, 4.8112900688, 3.5883464848, 0.38529389914, 0.23347119952, 0.21948222055, 7.2506774829, 0.00026961602515, 6.1542609592, 41.7881624901, 1.4076699303, 16.9191151321, 3.3252637956, 48.4080689309, 4.609957641],
      [0.13104074029, 8.7258890685, 9.5945500486, 13.9243653025, 0, 3.3399758277, 5.944933722, 9.49186483, 10.427574914, 7.7437296445, 10.3600229572, 4.8643930251, 9.7895248344, 10.9821487943, 6.1724204038, 7.2671179795, 11.9183851928, 4.6109720518, 0.073504771759, 0.75033570156, 1.0967656219, 0, 0, 2.6966591153, 2.4214027953, 9.580165764, 3.5461414393, 3.5009156834, 2.6806543518, 4.847253675, 14.5789019335, 17.0630767342, 3.9585330422, 6.8119201577, 0.59669944473, 1.9978732599, 1.5603571316, 8.5811298354, 9.8978670556, 2.4110910037, 4.0872234486, 0.33795498179, 0.25412239602, 0.1297829623, 6.5043223985, 5.7891986216e-21, 3.2550814047, 27.631398629, 0.33876886449, 10.2157079728, 1.0486914051, 25.7762634626, 1.953168528]
    ],
    [
      [1.9054236473, 13.4084493642, 22.9007233705, 18.710036288, 0.64971042498, 8.3327972941, 8.4010768983, 17.3955700715, 18.7226657488, 13.7715555096, 9.9375055323, 12.6441525064, 17.3184186627, 20.5218425459, 8.1366595589, 9.6891811505, 18.1573668763, 11.0138075375, 0.12856032817, 2.5579492223, 6.4051140869, 0, 0.57207469438, 16.2078086136, 14.2131431959, 22.2378716115, 13.4569750784, 21.3099012952, 5.5095512598, 12.8082079835, 33.1635164592, 34.0406406068, 14.2087635105, 30.7342267241, 0.94575565942, 4.2406912898, 3.6077936461, 13.5631118726, 21.9819858513, 4.9417675045, 14.3150280668, 2.1531886594, 0, 0, 7.0493483351, 0, 12.1710697599, 74.969071165, 0, 29.048009131, 1.0119190982, 67.3173238351, 11.9583414895],
      [1.160246867, 4.2051588317, 9.1064290643, 9.1721778066, 0.74864889703, 2.745545592, 6.0813284239, 9.9901128039, 14.2727757619, 8.4070033755, 5.1426393116, 4.3896003828, 6.9716267208, 8.377569351, 6.8687827168, 4.7846029891, 10.2764756586, 6.9353266385, 0.11499407589, 1.8938493398, 0.60875179798, 0.26630708837, 0, 5.3071189491, 1.6504451613, 8.7313275253, 3.3461668931, 3.6575309467, 1.6988497161, 3.4597835274, 15.8382904776, 11.3896662227, 1.9131774908, 4.8804607312, 0.043785288166, 2.8354572381, 1.2896723143, 5.4948891527, 6.5513581667, 2.6339659971, 3.890662534, 1.2704624692, 0, 0.098650244181, 2.1836469476, 0.00026961602515, 4.0745009902, 31.4235008415, 0.33159976326, 10.4451823545, 0.83528039617, 25.5504777599, 3.6007068091],
      [28.4893827845, 282.7934941564, 568.0384953152, 798.7449813891, 13.601640678, 198.1510048251, 199.9178280463, 511.9846852858, 583.569233077, 334.4161199607, 349.8110807108, 445.9614517751, 346.6416902045, 529.9335255101, 305.6227914048, 370.7062285071, 491.5502739723, 459.020747607, 3.7423667346, 27.5482014379, 82.9861341152, 20.7336929116, 18.4279253056, 434.8727943282, 382.8888163428, 753.853587908, 439.8154242487, 552.7272388515, 216.0488386756, 240.6516280545, 541.6278148937, 754.1606087758, 390.8054884883, 571.7571452665, 21.7575784756, 28.9238514721, 50.8474349274, 250.3122317645, 511.6765344797, 179.8036237142, 233.8253528161, 40.1862349756, 8.9910770906, 11.8478080999, 161.7670047174, 4.999730384, 261.1973587288, 1907.6819556033, 43.363370436, 724.2857838431, 72.8173391566, 1672.0583722447, 213.4409517014],
      [0.44494670118, 0.59289764771, 1.95435225, 2.3728045163, 0, 0.77065228885, 0.5997666315, 1.6296318388, 2.4353254123, 1.4053211541, 1.1087744452, 1.0047953356, 0.068264412004, 1.1670625931, 1.3717663195, 0.81998735333, 2.0158834928, 1.0301182171, 0.014078861333, 0, 0, 0, 0, 0.61227810904, 1.2475953, 2.1772129552, 0.3814337798, 1.3053289065, 0.7427603485, 1.0803804346, 2.3703781695, 2.4090843947, 1.0725705104, 1.6281672782, 0.25288057677, 0, 0.25509911219, 0.62976721018, 1.7901215023, 0.62064278422, 0.96895658311, 0.39011389586, 0.0089229094439, 0.05354165596, 0, 0, 0.55707052111, 5.9254723902, 0.30502980069, 2.2210246714, 0.33546134898, 3.0738261603, 0]
    ],
    [
      [0.003048321311, 0.21860137613, 0.1706691491, 0.23434703638, 0.10749899502, 0.10054192266, 0.060771945488, 0.24799249442, 0.22201384593, 0.14653049202, 0.25490463478, 0.15664538915, 0.20837249578, 0.2178244185, 0.07951650401, 0.07205429242, 0.20033963525, 0.13833087773, 0.0020976621142, 0.0018334845527, 0.037583889746, 0, 0, 0.12370741444, 0.040042810441, 0.11187720117, 0.059186165777, 0.1991602316, 0.027838401063, 0.15273398544, 0.17708501419, 0.20516241081, 0.09298902908, 0.23490408728, 0.033790491241, 0.0095067544843, 0.015293004007, 0.088187898359, 0.12653371036, 0.049339809972, 0.098100033141, 0, 0.0022407046368, 0.00087890981869, 0.12014293535, 0, 0.071593439863, 0.71100869422, 0.012367669097, 0.18682054076, 0.033816197859, 0.51223374573, 0.027299067134],
      [0.73899571677, 19.4528925422, 20.3017968444, 29.3590545842, 0.3060941725, 10.7151010141, 11.9170790952, 40.985486888, 46.2298999662, 25.5337167784, 37.1094753834, 15.3949712903, 23.0651458087, 26.4442512844, 17.3725328912, 9.5077755761, 32.7700874463, 23.0496256517, 0.78735610112, 0.56263731198, 0.87566569383, 0, 0, 11.9685097269, 2.4127123181, 12.7597364882, 4.6962648942, 12.7354869979, 2.796410203, 11.9009099305, 23.0240627814, 19.9454362305, 5.4879797493, 11.6468548207, 1.3369201204, 0.75564826179, 1.5773277117, 9.6835018201, 11.431535652, 7.7106613679, 7.3828095438, 0, 1.4938075675, 0.84601451819, 10.8466624734, 0, 7.0799367469, 87.7416182539, 1.8159367657, 19.9932882694, 5.2735320614, 56.3961366987, 2.5279913512],
      [0.064813349527, 8.0854938535, 7.4374599595, 16.144675765, 2.5864068325, 4.1779036523, 2.6131808895, 12.5358165599, 11.532107885, 6.2222613503, 14.9306685058, 9.6790849008, 7.3135237242, 9.91190807, 4.654952802, 4.566561317, 9.4279409644, 9.2471277666, 0.053389498367, 0.038034621984, 0.66140444112, 0, 0, 5.8931674481, 1.9247121213, 6.4999641696, 3.5246142397, 9.2160041756, 1.8341051894, 4.7962992498, 5.216121251, 7.9693216151, 4.6238661822, 7.1584499247, 1.0443879727, 0.09088998783, 0.3672183491, 2.9049858815, 5.1222027744, 2.9438894844, 2.7044858653, 0, 0.31398245808, 0.10676218428, 4.9892628456, 0, 2.6585710459, 31.8439767623, 2.3104022145, 8.1591399562, 3.1522581878, 22.4934804443, 0.87146283728],
      [0.19314261239, 11.2430122281, 8.090074047, 13.2619226144, 0, 4.0064534109, 5.4089680698, 12.2307040577, 13.0159783028, 7.0974913793, 12.7049514761, 5.7692984198, 6.4129579714, 8.4260162271, 5.8929978029, 4.8536088145, 11.601631954, 6.5649157039, 0.1571567384, 0.39749458148, 0.4253459753, 0, 0, 4.0146154105, 1.6225327502, 5.628422141, 1.7199347003, 5.8493485949, 1.3416462066, 6.1500568343, 10.5827309534, 9.8800797436, 2.7951650394, 5.9597911673, 0.58490141565, 2.1439549959, 1.0401609352, 5.3233244, 5.3197278633, 2.2961093378, 4.8146045578, 0, 0.18996926979, 0.046344387721, 7.0439317456, 0, 2.1898987674, 32.7033962896, 0.86129335068, 7.6607512336, 1.5403935529, 18.5981491113, 0.57324674442]
    ],
    [
      [0.46693725025, 7.7720819916, 18.0543417147, 17.8545203359, 0.48159912615, 5.3758362163, 4.081952519, 15.1807912725, 12.3689886736, 10.9759018704, 16.7333417695, 11.5354813435, 19.0686021369, 18.6688510075, 9.057741122, 9.1675555227, 13.7158928834, 8.4680265595, 0.18508288256, 0.37102292477, 2.4251678987, 0, 0, 16.2179170018, 6.6432043539, 12.2235559696, 11.875198268, 18.5169328963, 4.266827584, 13.07150097, 20.9331786174, 25.5523108669, 12.815487559, 15.9371929644, 0.5020776388, 0.60775200223, 2.0211795933, 9.4976463899, 13.4605115179, 4.0006019732, 10.1806597073, 1.6971823491, 0, 0.14982058706, 5.2819492224, 0, 9.0415122518, 55.3773357955, 0.48843832991, 13.5861547313, 2.1908664313, 67.4194654468, 11.4857394147],
      [0.20776579693, 1.6528448449, 5.1523618809, 5.3833435861, 0.011601245158, 1.352400525, 1.9036452211, 6.0233360687, 6.1904134841, 4.5793093037, 5.8476507702, 2.7102414452, 5.0627820491, 5.4465220986, 4.7303191464, 2.8925535338, 5.3904107104, 3.3750352465, 0.11276082719, 0.23553532003, 0.12748901769, 0, 0, 3.7379613315, 0.94383394918, 3.3464418836, 2.2445682516, 2.8228422465, 1.0055618327, 2.420555592, 6.5442821506, 5.9760087119, 1.7997191034, 1.8902063386, 0.040920871857, 0.10354424807, 0.46134095794, 2.4875937561, 2.9178881769, 1.4776381349, 1.8162161229, 0.90778658247, 0, 0.27226866135, 1.1330076795, 0, 2.1140915307, 16.4939390627, 0.15981971768, 3.4926769186, 0.78664542512, 17.9155782018, 2.5161597309],
      [0.11789464954, 3.5802201639, 9.8317528598, 15.3893666994, 0.5067996287, 2.7673603109, 2.1870223095, 9.5910752495, 8.0372552098, 5.8188033295, 12.2422236213, 8.8883058845, 8.3560994378, 10.620750651, 6.6225246091, 7.250178527, 8.0712442541, 7.0674420858, 0.056503108922, 0.094265320002, 0.51176403801, 0, 0, 9.631156764, 3.9596027591, 8.8771749415, 8.8066950371, 10.6719662806, 3.4754710584, 5.1024330497, 7.7154577314, 12.415453973, 7.9240073001, 6.0545957515, 0.17146145416, 0.068875659535, 0.58478937958, 3.8974675566, 6.8073915062, 2.9660922268, 3.488064274, 0.65643917408, 0, 0.22486750434, 2.7214347363, 0, 4.1672536446, 31.0759227557, 1.0964051458, 7.4184926683, 2.5001671056, 37.0945823636, 4.5601182713],
      [1.2074023033, 13.9948529996, 29.9615435446, 35.3727693786, 0, 7.5044029478, 12.8273799504, 26.2047974092, 25.4033426325, 18.6259854964, 29.176783839, 14.8659713268, 20.5125163762, 25.2638762429, 23.5894151225, 21.6897124165, 27.8224521521, 14.0894961082, 0.64565318133, 3.2991764352, 0.93557904561, 0, 0, 18.4129649026, 9.4533589378, 21.5528272052, 12.0735384432, 18.9882585766, 7.2521395249, 18.4055103883, 43.8070815006, 43.0562264482, 13.4607860374, 14.1180049455, 0.28554003518, 5.2198280902, 4.9326900692, 20.1172922974, 19.8142087989, 6.5556676651, 17.5150598958, 2.7385918943, 0, 0.35304324725, 10.8636083619, 0, 9.677142573, 89.052802386, 1.2553368066, 19.5026756818, 3.522321038, 85.5703739877, 8.437982583]
    ]
  ],
  "prob": [
    [0.73942495447, 0.095959557333, 0.068459577164, 0.096155911036],
    [0.072017403644, 0.80096656139, 0.077813731248, 0.049202303718],
    [0.036994083205, 0.014572907908, 0.94572636298, 0.0027066459032],
    [0.0048741755178, 0.56032332546, 0.21942968253, 0.21537281649],
    [0.29523383549, 0.082146864285, 0.16674294354, 0.45587635668]
  ],
  "iterations": 141,
  "time": 0.169772,
  "message": "Converged",
  "status": 0,
  "miniter": 0,
  "maxiter": 1000,
  "maxtime": 3600,
  "param_threshold": 0.001,
  "ll_threshold": "-Inf",
  "initial_prob": "random",
  "adjust_prob_cond_method": "lp",
  "adjust_prob_cond_every": true,
  "candidates_id": ["GRAHAM, Kennedy Gollan Montrose.c", "PARSONS, John Francis.c", "BROWNLEE, Gerard Anthony.c", "Other candidates votes.c"],
  "group_id": ["Green Party.p", "Labour Party.p", "National Party.p", "New Zealand First Party.p", "Other parties votes.p"]
}
