{
  "Z_true": {},
  "V_true": [
    [29, 132, 1321, 598],
    [1971, 2575, 654, 123],
    [631, 7530, 960, 196],
    [302, 558, 15571, 380],
    [274, 1182, 1047, 389],
    [242, 418, 447, 337]
  ],
  "p_true": [
    [0.0139, 0.0635, 0.6351, 0.2875],
    [0.3703, 0.4837, 0.1229, 0.0231],
    [0.0677, 0.8082, 0.103, 0.021],
    [0.018, 0.0332, 0.9262, 0.0226],
    [0.0947, 0.4087, 0.362, 0.1345],
    [0.1676, 0.2895, 0.3096, 0.2334]
  ],
  "Z_est": [
    [
      [0.002, 0.0147, 0.0158, 0.0244, 0.0154, 0.02, 0.0208, 0.0112, 0.0141, 0.0172, 0.019, 0.0157, 0.0034, 0.0125, 0.0091, 0.054, 0.0178, 0.0183, 0.0444, 0.0157, 0.0139, 0.0359, 0.0161, 0.0445, 0.0066, 0.0129, 0.0052, 0.0149, 0.0043, 0.0009, 0.2419, 0.0134, 0.0331, 0.0036],
      [0.3312, 2.0128, 3.2642, 3.8234, 1.5422, 2.1357, 1.6284, 1.8064, 2.3001, 2.6599, 2.9857, 2.6519, 0.7735, 3.0659, 2.2735, 8.1003, 3.9816, 3.4275, 6.5076, 1.7731, 4.2751, 6.6726, 3.1131, 6.9111, 2.2004, 2.0139, 1.2011, 2.2322, 0.5023, 0.0267, 49.9101, 2.229, 4.5575, 0.6194],
      [3.6603, 25.5984, 32.8821, 38.3215, 6.5397, 22.4958, 29.6744, 16.3072, 13.4016, 31.9525, 23.6996, 24.3071, 7.8374, 27.2982, 19.9507, 28.5141, 52.7307, 39.1347, 82.1391, 25.4606, 27.7328, 56.2275, 43.6486, 61.6487, 30.1113, 19.0121, 12.2819, 35.1537, 7.601, 0.5441, 458.5448, 24.4948, 50.3316, 6.3857],
      [3.0065, 9.3741, 12.838, 11.8307, 4.9027, 15.3486, 10.6764, 6.8752, 9.2841, 11.3704, 9.2957, 9.0252, 3.3858, 8.6234, 9.7667, 22.3316, 12.2699, 16.4196, 25.3089, 10.7506, 12.9783, 18.0639, 13.2222, 30.3957, 9.6817, 7.9612, 3.5117, 7.5991, 3.8923, 0.4283, 182.3031, 9.2628, 26.0779, 1.9913]
    ],
    [
      [4.2634, 88.9483, 19.7053, 56.6908, 39.4725, 11.2662, 28.365, 70.9099, 52.0126, 78.9526, 110.1606, 136.1083, 32.8608, 79.3892, 43.9687, 87.8492, 31.852, 28.47, 80.7427, 31.7013, 22.4896, 61.9603, 26.6499, 55.1752, 24.7102, 36.213, 29.7962, 59.7681, 23.5351, 2.5716, 687.9606, 104.9587, 181.7965, 105.7685],
      [1.4132, 55.5821, 20.5074, 40.8527, 25.312, 7.8026, 19.5338, 51.2755, 53.6257, 66.5206, 86.0222, 111.953, 34.1529, 90.0886, 27.4042, 110.2963, 36.1905, 28.0533, 55.1065, 25.0012, 29.9717, 61.9237, 28.2407, 41.1528, 29.0904, 26.8666, 32.6825, 63.4114, 25.0312, 1.777, 690.5116, 87.5887, 115.9494, 89.0683],
      [0.3028, 15.8813, 4.6187, 9.2165, 2.0463, 1.8306, 7.8403, 10.3631, 6.9932, 17.8926, 15.2512, 23.1025, 7.6143, 18.07, 5.3546, 8.2329, 10.7578, 7.1999, 15.7118, 8.0011, 4.3428, 11.805, 8.8608, 8.3036, 8.9278, 5.6887, 7.3316, 22.5022, 8.1512, 0.6398, 144.2392, 21.64, 29.188, 20.5378],
      [0.0206, 0.5884, 0.1686, 0.24, 0.1693, 0.1006, 0.2609, 0.4515, 0.3686, 0.6342, 0.566, 0.8363, 0.372, 0.4522, 0.2725, 0.6216, 0.1998, 0.2767, 0.439, 0.2964, 0.1959, 0.311, 0.2486, 0.3684, 0.2717, 0.2317, 0.1897, 0.3184, 0.2826, 0.0116, 5.2885, 0.8125, 1.0661, 0.6254]
    ],
    [
      [1.1192, 8.6876, 4.8512, 11.5798, 3.5963, 2.6768, 4.0558, 10.6841, 5.6595, 7.535, 10.9512, 12.7949, 2.7973, 6.8307, 10.2127, 19.0971, 4.1053, 9.2423, 17.7381, 6.4625, 4.2902, 15.7428, 5.3173, 21.1191, 7.0006, 10.0945, 2.3154, 8.1715, 0.6889, 0.2374, 81.9068, 8.3032, 24.5554, 3.5218],
      [13.1002, 144.3058, 134.6605, 222.1768, 60.2797, 50.6425, 74.2718, 206.5268, 151.1531, 167.3897, 225.848, 278.1201, 78.0678, 205.6078, 175.3988, 559.3876, 123.8008, 241.1646, 320.5227, 134.4353, 153.0812, 413.2228, 149.6045, 417.3999, 223.2064, 199.9859, 67.9567, 225.1204, 19.4372, 4.7676, 2159.894, 182.9003, 413.7845, 78.5638],
      [0.3453, 5.0895, 3.7015, 6.2223, 0.3834, 1.5189, 3.6582, 5.0765, 2.4418, 5.5001, 4.8243, 7.0451, 2.1188, 5.1505, 4.1485, 0.8125, 4.5738, 7.5886, 11.3332, 5.2835, 2.7597, 9.8706, 5.7465, 10.4379, 8.2161, 5.1535, 1.8746, 9.7254, 0.7697, 0.2112, 55.6274, 5.542, 13.2071, 2.2256],
      [1.4354, 9.917, 7.7867, 10.0211, 2.7406, 5.1617, 7.0142, 11.7127, 8.7456, 10.5751, 10.3764, 14.0399, 5.0161, 8.411, 11.2401, 22.7029, 5.5201, 17.0045, 18.406, 11.8187, 6.8689, 16.1638, 9.3316, 27.0431, 14.5769, 11.7661, 2.8533, 10.9827, 2.1042, 0.7837, 117.5719, 11.2545, 34.453, 3.6888]
    ],
    [
      [0, 0.0853, 0.2324, 0.1631, 0.4378, 0.3777, 0.5997, 0.0616, 0.5354, 0.2486, 0.2639, 0.1802, 0.0227, 0.0859, 0, 0.6463, 0.2279, 0.298, 0.3148, 0.3945, 0.0718, 0.6802, 0.2236, 0.4304, 0, 0.1305, 0.0481, 0.4816, 0.1269, 0.1389, 2.3344, 0.2352, 0.2854, 0.0799],
      [0.6224, 3.3032, 5.465, 6.0026, 3.5235, 3.4233, 1.4097, 3.4428, 5.2958, 3.3281, 5.5589, 4.4236, 1.0991, 4.7711, 1.5179, 8.5399, 6.2562, 5.5542, 8.4202, 2.462, 5.5124, 11.4665, 3.7547, 9.8539, 2.8312, 3.296, 2.0317, 4.0803, 0.9331, 0.0893, 68.7504, 4.5185, 8.2847, 2.8756],
      [54.559, 373.5204, 449.289, 457.2323, 102.2916, 247.9467, 298.623, 248.1371, 248.1174, 336.2735, 339.5365, 326.3106, 96.7168, 335.1309, 103.9188, 229.8854, 606.3666, 503.7063, 873.0531, 284.4895, 304.0885, 747.0967, 425.5322, 687.1918, 288.4039, 254.1177, 169.5604, 398.1566, 83.1188, 13.6295, 5054.2336, 413.2541, 678.3923, 243.2555],
      [1.8186, 7.0911, 9.0136, 6.602, 3.7471, 6.2523, 5.3675, 5.3586, 8.0513, 6.1499, 6.6407, 6.0856, 2.1613, 5.0121, 2.5632, 8.9285, 5.1494, 10.4416, 13.2119, 5.654, 7.3273, 10.7566, 6.4896, 16.5239, 4.765, 5.4557, 2.3599, 3.2815, 1.8212, 0.1424, 100.6815, 7.9922, 16.0377, 3.789]
    ],
    [
      [0.017, 0.327, 0.2536, 0.4645, 0.216, 0.188, 0.1231, 0.3473, 0.1923, 0.2376, 0.3115, 0.3496, 0.1046, 0.211, 0.2087, 0.5223, 0.1485, 0.3124, 0.6333, 0.1734, 0.2207, 0.6485, 0.2154, 0.9358, 0.2157, 0.5708, 0.0599, 0.3161, 0.0375, 0.0143, 3.6655, 0.3427, 0.609, 0.1156],
      [0.5607, 17.0708, 21.9248, 27.9828, 11.0216, 10.8683, 6.8027, 21.1479, 15.8423, 16.368, 20.0414, 23.7509, 9.175, 19.8896, 11.2458, 48.7824, 13.9472, 25.3343, 35.866, 10.9956, 24.7737, 52.7837, 18.7587, 57.9424, 21.9619, 35.6404, 5.4752, 25.731, 3.1023, 0.5269, 302.5928, 23.535, 32.1481, 8.0558],
      [0.9593, 34.9035, 35.4757, 45.1594, 7.4235, 18.422, 19.7915, 30.7009, 14.806, 31.6157, 25.5981, 35.0555, 14.8602, 28.4825, 15.8659, 27.6292, 29.7361, 46.5813, 72.9537, 25.3862, 25.7446, 71.7085, 42.3043, 83.3686, 48.4298, 54.1151, 8.9279, 65.4657, 7.5587, 1.7243, 449.0871, 41.635, 57.3626, 13.3302],
      [0.463, 7.6988, 8.3459, 8.3933, 3.3389, 7.5217, 4.2827, 7.804, 6.1594, 6.7787, 6.049, 7.844, 3.8603, 5.4169, 4.6796, 13.0661, 4.1682, 11.7719, 13.5469, 6.4448, 7.2609, 13.8593, 7.7216, 24.7532, 9.3926, 13.6738, 1.537, 8.4873, 2.3015, 0.7345, 107.6546, 9.4874, 17.8804, 2.4984]
    ],
    [
      [2.5984, 12.9372, 9.9417, 13.0775, 6.262, 5.4714, 5.8355, 18.986, 10.5861, 14.0091, 17.2938, 21.5514, 4.2113, 9.4707, 16.6009, 22.8312, 9.6486, 12.659, 22.5266, 6.2527, 7.9139, 25.9322, 6.5777, 23.2951, 6.0669, 13.9784, 4.7752, 15.2478, 2.6073, 1.037, 116.8908, 19.1468, 39.7207, 7.5106],
      [0.9724, 8.7254, 11.1781, 10.1616, 4.3211, 4.1276, 4.3537, 14.8006, 11.783, 12.7337, 14.5437, 19.1005, 4.7317, 11.577, 11.1599, 30.8935, 11.8237, 13.4661, 16.577, 5.3328, 11.3859, 27.9307, 7.5284, 18.74, 7.7097, 11.1972, 5.6527, 17.4248, 2.9938, 0.8125, 126.341, 17.2285, 27.2758, 6.8171],
      [0.1734, 2.0068, 2.033, 1.848, 0.3155, 0.786, 1.4126, 2.4153, 1.2399, 2.7656, 2.0904, 3.1792, 0.8525, 1.8679, 1.7614, 1.9259, 2.835, 2.7892, 3.8091, 1.379, 1.3316, 4.2917, 1.9076, 3.0493, 1.9112, 1.9129, 1.0236, 4.9964, 0.8006, 0.251, 21.2679, 3.4341, 5.5185, 1.2652],
      [1.2558, 6.3306, 6.8472, 4.9128, 2.1014, 4.615, 4.3982, 8.7981, 7.391, 8.4916, 7.0722, 10.169, 3.2045, 5.0844, 7.4778, 13.3494, 5.6927, 10.0857, 10.0873, 5.0354, 5.3686, 11.8454, 4.9864, 12.9156, 5.3122, 6.9115, 2.5484, 9.331, 3.5982, 1.8995, 72.5003, 11.1906, 24.485, 3.4071]
    ]
  ],
  "V_est": [
    [0.8125, 143.5093, 1385.6245, 550.0537],
    [2537.0425, 2269.9605, 498.4398, 17.5572],
    [353.9422, 8275.7856, 218.1838, 469.0885],
    [10.4425, 212.6975, 16275.1359, 312.724],
    [13.3089, 981.646, 1532.1686, 364.8765],
    [533.4514, 511.4011, 90.4474, 308.7001]
  ],
  "p_est": [
    [0.0004, 0.069, 0.6662, 0.2644],
    [0.4766, 0.4264, 0.0936, 0.0033],
    [0.038, 0.8882, 0.0234, 0.0503],
    [0.0006, 0.0127, 0.9681, 0.0186],
    [0.0046, 0.3394, 0.5298, 0.1262],
    [0.3694, 0.3542, 0.0626, 0.2138]
  ],
  "EI_Z": {},
  "EI_V": 8.5436,
  "MAE_Z": {},
  "MAE_V": 269.6006,
  "MAE_p": 0.0607,
  "runtime": 0.019
}
