{
  "X": [
    [0, 6, 7, 1],
    [11, 58, 116, 25],
    [1, 28, 40, 7],
    [12, 128, 284, 29],
    [23, 452, 663, 76],
    [19, 166, 224, 38],
    [1, 35, 47, 2],
    [3, 57, 29, 9],
    [10, 9, 20, 0],
    [2, 23, 46, 3],
    [10, 117, 157, 16],
    [49, 563, 585, 73],
    [8, 48, 107, 14],
    [2, 28, 35, 13],
    [17, 101, 198, 20],
    [12, 121, 234, 18],
    [17, 125, 155, 23],
    [5, 21, 37, 3],
    [3, 13, 50, 3],
    [1, 7, 24, 3],
    [174, 1926, 2720, 344],
    [1, 3, 9, 0],
    [6, 136, 102, 12],
    [28, 59, 183, 11],
    [105, 909, 1096, 137],
    [29, 111, 256, 20],
    [10, 87, 76, 7],
    [4, 30, 60, 3],
    [1, 13, 14, 7],
    [224, 2272, 2783, 313],
    [5, 51, 52, 9],
    [2, 31, 48, 5],
    [0, 26, 19, 1],
    [126, 1607, 1434, 151],
    [16, 104, 155, 9],
    [12, 73, 92, 10],
    [4, 89, 131, 9],
    [7, 22, 48, 4],
    [5, 14, 12, 2],
    [1, 11, 8, 2],
    [0, 24, 28, 2],
    [7, 97, 67, 15],
    [7, 148, 129, 15],
    [125, 1144, 1327, 109],
    [89, 1415, 1182, 136],
    [16, 138, 140, 10],
    [12, 44, 58, 9],
    [6, 68, 70, 8],
    [9, 18, 27, 1],
    [4, 26, 26, 2],
    [2, 7, 12, 1],
    [5, 72, 69, 18],
    [7, 125, 119, 24],
    [2, 75, 93, 14],
    [6, 153, 56, 10],
    [9, 221, 157, 23],
    [21, 163, 224, 40],
    [8, 73, 81, 23],
    [13, 159, 198, 24],
    [7, 72, 103, 17],
    [17, 200, 192, 41],
    [4, 21, 70, 11],
    [5, 168, 74, 19],
    [12, 244, 101, 26],
    [0, 4, 3, 2],
    [7, 108, 107, 33],
    [10, 68, 123, 19],
    [7, 112, 79, 17],
    [12, 57, 95, 15],
    [29, 307, 195, 40],
    [17, 102, 117, 24],
    [5, 44, 40, 8],
    [13, 176, 123, 25],
    [7, 61, 56, 6],
    [2, 121, 98, 13],
    [11, 109, 106, 14],
    [14, 102, 86, 15],
    [1, 6, 4, 2],
    [1, 1, 4, 0],
    [3, 54, 17, 11],
    [8, 35, 9, 2],
    [2, 15, 7, 2],
    [17, 189, 103, 16],
    [17, 159, 89, 9],
    [11, 174, 93, 17],
    [13, 130, 94, 20],
    [20, 218, 156, 25],
    [29, 228, 149, 19],
    [20, 93, 65, 8],
    [109, 165, 416, 39],
    [264, 1021, 1718, 283],
    [125, 459, 742, 144],
    [2, 6, 14, 2]
  ],
  "W": [
    [2, 0, 8, 4, 0],
    [5, 9, 122, 55, 19],
    [7, 1, 39, 22, 7],
    [23, 22, 283, 89, 36],
    [86, 64, 662, 285, 117],
    [34, 12, 242, 124, 35],
    [7, 0, 50, 23, 5],
    [13, 4, 35, 37, 9],
    [2, 16, 13, 6, 2],
    [3, 2, 45, 19, 5],
    [16, 13, 160, 84, 27],
    [108, 52, 638, 377, 95],
    [5, 9, 114, 34, 15],
    [8, 1, 38, 20, 11],
    [18, 5, 219, 65, 29],
    [16, 8, 245, 87, 29],
    [22, 8, 195, 71, 24],
    [4, 2, 38, 16, 6],
    [1, 4, 54, 6, 4],
    [1, 1, 23, 3, 7],
    [284, 231, 2943, 1288, 418],
    [1, 2, 7, 1, 2],
    [30, 13, 109, 85, 19],
    [14, 60, 147, 36, 24],
    [169, 183, 1139, 577, 179],
    [27, 39, 250, 71, 29],
    [13, 15, 85, 54, 13],
    [5, 15, 56, 17, 4],
    [2, 4, 16, 10, 3],
    [413, 327, 3038, 1501, 313],
    [8, 2, 67, 34, 6],
    [9, 4, 50, 19, 4],
    [6, 0, 21, 17, 2],
    [246, 208, 1668, 1004, 192],
    [26, 20, 175, 49, 14],
    [13, 19, 99, 49, 7],
    [12, 19, 141, 46, 15],
    [5, 6, 50, 12, 8],
    [3, 6, 11, 12, 1],
    [2, 3, 9, 7, 1],
    [3, 2, 29, 17, 3],
    [19, 12, 83, 57, 15],
    [25, 18, 153, 87, 16],
    [181, 277, 1394, 710, 143],
    [243, 163, 1352, 884, 180],
    [22, 32, 154, 87, 9],
    [6, 16, 67, 30, 4],
    [19, 22, 69, 36, 6],
    [3, 10, 26, 10, 6],
    [2, 9, 31, 13, 3],
    [2, 5, 11, 2, 2],
    [12, 3, 79, 55, 15],
    [23, 6, 122, 89, 35],
    [23, 3, 91, 55, 12],
    [26, 6, 65, 106, 22],
    [49, 13, 182, 139, 27],
    [29, 13, 252, 111, 43],
    [18, 6, 87, 41, 33],
    [30, 10, 214, 99, 41],
    [10, 10, 112, 46, 21],
    [27, 17, 214, 140, 52],
    [2, 2, 75, 17, 10],
    [33, 11, 92, 108, 22],
    [49, 16, 134, 161, 23],
    [3, 0, 4, 2, 0],
    [19, 14, 118, 63, 41],
    [12, 14, 122, 50, 22],
    [26, 18, 91, 55, 25],
    [6, 16, 95, 34, 28],
    [58, 27, 246, 180, 60],
    [23, 20, 136, 61, 20],
    [9, 7, 43, 23, 15],
    [27, 15, 144, 108, 43],
    [8, 8, 65, 39, 10],
    [23, 12, 112, 67, 20],
    [15, 9, 117, 75, 24],
    [14, 12, 111, 65, 15],
    [1, 0, 8, 4, 0],
    [0, 2, 3, 1, 0],
    [15, 2, 21, 39, 8],
    [7, 8, 22, 15, 2],
    [4, 1, 8, 11, 2],
    [34, 28, 130, 116, 17],
    [27, 19, 102, 106, 20],
    [28, 15, 111, 107, 34],
    [15, 19, 116, 80, 27],
    [33, 34, 180, 131, 41],
    [44, 42, 173, 130, 36],
    [17, 10, 72, 69, 18],
    [35, 113, 437, 91, 53],
    [165, 267, 1847, 687, 320],
    [83, 104, 823, 288, 172],
    [1, 3, 14, 3, 3]
  ],
  "method": "mult",
  "cond_prob": [
    [
      [0, 0.87850568973, 0.067593507595, 0.053900802674],
      [0, 0.069066657522, 0.91666101995, 0.014272322529],
      [0, 0.06366696071, 0.85625869479, 0.080074344501],
      [0, 0.93341323371, 0.0036858566239, 0.062900909661],
      [0, 0, 0, 1]
    ],
    [
      [0.0005619234276, 0.86758865983, 0.08612723939, 0.045722177352],
      [0.40192647214, 0.039491886865, 0.55210629143, 0.0064753495678],
      [0.051776881555, 0.0078250939739, 0.85773767119, 0.08266035328],
      [0.0023948212937, 0.93845004156, 0.0048647141784, 0.054290422966],
      [0.0490188112, 0.038800840437, 0.29941326395, 0.61276708441]
    ],
    [
      [0.00018410505895, 0.88277200812, 0.085191668888, 0.031852217936],
      [0.20139160307, 0.053077464323, 0.73949846505, 0.0060324675572],
      [0.016358372932, 0.0098904175117, 0.92230810358, 0.051443105973],
      [0.00078555344031, 0.9565371931, 0.0048099871082, 0.037867266347],
      [0.020294420212, 0.048281992513, 0.36976058523, 0.56166300205]
    ],
    [
      [0.00024481266333, 0.89095462936, 0.084419457827, 0.024381100148],
      [0.22659320232, 0.054007428418, 0.71482323673, 0.0045761325377],
      [0.020433237445, 0.06461222342, 0.88445114458, 0.030503394556],
      [0.0010452108066, 0.96517581319, 0.0047785969207, 0.029000379086],
      [0.031491358308, 0.059277041613, 0.43353533944, 0.47569626064]
    ],
    [
      [0.00015573564714, 0.90957379027, 0.07135941625, 0.01891105783],
      [0.17712887135, 0.068749208239, 0.74971082513, 0.0044110952809],
      [0.012962866605, 0.12580356718, 0.83833972341, 0.02289384281],
      [0.000656796328, 0.97313365769, 0.0039907819166, 0.022218764068],
      [0.02463037882, 0.074800434171, 0.4509686124, 0.44960057461]
    ],
    [
      [0.00049393270848, 0.89298130314, 0.075086711477, 0.031438052671],
      [0.3977976331, 0.046877216918, 0.55022066869, 0.0051044812897],
      [0.049454498647, 0.060279385997, 0.83593395122, 0.05433216414],
      [0.0020857855967, 0.95672507946, 0.004203649666, 0.036985485276],
      [0.056657388692, 0.05298822359, 0.3436324295, 0.54672195822]
    ],
    [
      [0.0001681888378, 0.916960766, 0.073727385803, 0.0091436593549],
      [0.21001424782, 0.062755370396, 0.72526340024, 0.0019669815407],
      [0.016285323562, 0.10969582178, 0.86984918493, 0.0041696697333],
      [0.00071109077683, 0.98439109036, 0.004125915026, 0.010771903838],
      [0.033640282429, 0.091097694154, 0.5793106015, 0.29595142191]
    ],
    [
      [0.00030678696749, 0.92233697769, 0.050672585167, 0.026683650171],
      [0.38717745585, 0.068478980418, 0.53815712428, 0.0061864394504],
      [0.03008948894, 0.23633667169, 0.67441229913, 0.059161540242],
      [0, 0.96934481096, 0, 0.030655189041],
      [0.043796648123, 0.066462428203, 0.28713304734, 0.60260787633]
    ],
    [
      [0.00063267877914, 0.93014356586, 0.069223755362, 0],
      [0.50577797894, 0, 0.49422202106, 0],
      [0.12022230302, 0.073023664949, 0.80675403203, 0],
      [0.0026497957645, 0.99351711847, 0.0038330857641, 0],
      [0.16374913277, 0.11465125656, 0.72159961067, 0]
    ],
    [
      [0.00031137404591, 0.89375204888, 0.089042226703, 0.016894350376],
      [0.28485100703, 0.046160133342, 0.66622807201, 0.0027607876167],
      [0.026287185333, 0.031481670355, 0.92904574015, 0.013185404163],
      [0.0013348734336, 0.97342838079, 0.0050525623587, 0.020184183419],
      [0.044215585716, 0.062921837147, 0.49947203687, 0.39339054027]
    ],
    [
      [0.00030506836954, 0.91085205529, 0.07186555956, 0.016977316779],
      [0.29970042511, 0.05782110473, 0.63913756106, 0.0033409090962],
      [0.029178852374, 0.11100227954, 0.84236529968, 0.017453568404],
      [0.0012865823537, 0.97474811623, 0.0040175086182, 0.019947792794],
      [0.048974966002, 0.075388380129, 0.46020163261, 0.41543502126]
    ],
    [
      [0.00036898945948, 0.91420155104, 0.065534361468, 0.019895098034],
      [0.35525576632, 0.058461697685, 0.58235767449, 0.0039248615033],
      [0.038359735748, 0.13783422206, 0.79581675817, 0.027989284029],
      [0.0015458767863, 0.97159300643, 0.003640746175, 0.023220370605],
      [0.057163603513, 0.073657127486, 0.40564249336, 0.46353677564]
    ],
    [
      [0.00039001682284, 0.89476709035, 0.076697199202, 0.028145693621],
      [0.34276275751, 0.049693992796, 0.60266030909, 0.0048829405979],
      [0.036391362336, 0.084031414479, 0.8376764677, 0.041900755486],
      [0.0016497719334, 0.96087865132, 0.0042995049661, 0.033172071785],
      [0.047231836418, 0.055297547847, 0.37008471571, 0.52738590003]
    ],
    [
      [0.0003328597703, 0.88588379798, 0.071087372013, 0.04269597024],
      [0.34616914722, 0.051318822583, 0.59470959415, 0.0078024360392],
      [0.033318084841, 0.039349792859, 0.80919920567, 0.11813291663],
      [0.0013976644311, 0.9447079965, 0.0039500756343, 0.049944263436],
      [0.032466132911, 0.042923521364, 0.27345637287, 0.65115397285]
    ],
    [
      [0.00058422799039, 0.90356175181, 0.075412291446, 0.020441728757],
      [0.44001061549, 0.043889994446, 0.51301957589, 0.0030798141824],
      [0.055998793403, 0.089643153884, 0.82937785921, 0.024980193502],
      [0.0024696533647, 0.96923040034, 0.0042260068266, 0.024073939469],
      [0.081557503268, 0.064986612845, 0.41962204358, 0.43383384031]
    ],
    [
      [0.00035211895713, 0.90202580123, 0.080145024712, 0.017477055099],
      [0.30853003079, 0.05128041961, 0.63711155391, 0.003077995686],
      [0.032101550684, 0.079418277132, 0.87073792526, 0.01774224692],
      [0.001497343933, 0.97327928411, 0.0045181870392, 0.020705184923],
      [0.052792310708, 0.069812696861, 0.47920390383, 0.3981910886]
    ],
    [
      [0.00050812802637, 0.9196616071, 0.056578868047, 0.023251396824],
      [0.46911056969, 0.054763618143, 0.47183324622, 0.0042925659375],
      [0.05788938814, 0.1740025443, 0.72707188005, 0.04103618751],
      [0.002107541441, 0.967913523, 0.0031108266859, 0.026868108875],
      [0.074911270677, 0.069874142793, 0.33252973454, 0.52268485199]
    ],
    [
      [0.00083229859997, 0.90206855626, 0.081199652654, 0.01589949249],
      [0.53970225311, 0.032481835606, 0.42599756245, 0.0018183488331],
      [0.083015747804, 0.036310516056, 0.86921423639, 0.011459499746],
      [0.0035332705787, 0.97309654127, 0.0045613463719, 0.018808841784],
      [0.11768925893, 0.062902972231, 0.45334728993, 0.36606047892]
    ],
    [
      [0.00032600584545, 0.90468079574, 0.076667598217, 0.018325600194],
      [0.31593373503, 0.050152025117, 0.6306164008, 0.0032978390579],
      [0.028483842014, 0.10745641419, 0.84457619899, 0.01948354481],
      [0.0013771792103, 0.97275536683, 0.0042883982946, 0.021579055661],
      [0.047387127502, 0.063883134166, 0.44200541587, 0.44672432247]
    ],
    [
      [0.00022301605802, 0.91324012633, 0.071536884169, 0.01499997344],
      [0.27925867039, 0.053225859417, 0.6645065253, 0.0030089448895],
      [0.01965436561, 0.11354026034, 0.86565720561, 0.0011481684362],
      [0.00093446105019, 0.97759291732, 0.0039613662536, 0.017511255372],
      [0.03795207448, 0.069904182055, 0.47742239468, 0.41472134879]
    ],
    [
      [0.0002963782707, 0.90932610889, 0.068087679534, 0.022289833306],
      [0.29834645351, 0.061215437332, 0.63581318304, 0.0046249261169],
      [0.028970652874, 0.12799946056, 0.80950870337, 0.033521183189],
      [0.0012449067068, 0.96887955931, 0.0037928242439, 0.02608270974],
      [0.043382120967, 0.069357258903, 0.3983755552, 0.48888506492]
    ],
    [
      [0.00026124786633, 0.93886971741, 0.060869034725, 0],
      [0.37254412127, 0.044092702373, 0.58336317636, 0],
      [0.011504153791, 0.10734312695, 0.88115271926, 0],
      [0.0010674641495, 0.99566387111, 0.0032686647436, 0],
      [0.086526984455, 0.11293955906, 0.80053345649, 0]
    ],
    [
      [0.00020626917975, 0.92426926039, 0.060024207948, 0.015500262482],
      [0.2549650008, 0.073321026432, 0.66790434232, 0.0038096304449],
      [0.017318384603, 0.20684216277, 0.76051456156, 0.015324891066],
      [0.00086001722738, 0.97781745861, 0.0033167389253, 0.018005785238],
      [0.037813764636, 0.087287848454, 0.43886880489, 0.43602958202]
    ],
    [
      [0.00043993058609, 0.8937684454, 0.089671354677, 0.016120269338],
      [0.33154160559, 0.044066982775, 0.62191699913, 0.0024744125015],
      [0.044325631473, 0.048994947916, 0.89713681058, 0.0095426100288],
      [0.0018881977977, 0.97373193113, 0.0051021515396, 0.019277719535],
      [0.063229237038, 0.066108997234, 0.51528301982, 0.3553787459]
    ],
    [
      [0.00031825406554, 0.91470651949, 0.064593404797, 0.020381821648],
      [0.32406730077, 0.062172032265, 0.60948892876, 0.00427173821],
      [0.031625387178, 0.14867574304, 0.78987397784, 0.029824891942],
      [0.0013322307189, 0.9713131607, 0.0035857610585, 0.023768847526],
      [0.049451876544, 0.07400978358, 0.40118321638, 0.47535512349]
    ],
    [
      [0.00049731479775, 0.89520201436, 0.08382877248, 0.020471898364],
      [0.37401993848, 0.044196800395, 0.57865176784, 0.00313149328],
      [0.049227412356, 0.058048921867, 0.87101594641, 0.021707719366],
      [0.002121017905, 0.96881314522, 0.0047401257243, 0.024325711149],
      [0.066977570322, 0.062341607566, 0.45098857476, 0.41969224735]
    ],
    [
      [0.00035221565635, 0.93260290053, 0.054400187966, 0.012644695849],
      [0.38986209954, 0.065821761019, 0.5415408642, 0.0027752752392],
      [0.037024006303, 0.23136393312, 0.72150940305, 0.010102657527],
      [0.0014596805881, 0.98095140116, 0.0029873944783, 0.014601523776],
      [0.070894339684, 0.096271223099, 0.43692815632, 0.3959062809]
    ],
    [
      [0.00018630332961, 0.91531538855, 0.069855268507, 0.014643039618],
      [0.21390312641, 0.065306527738, 0.71749252304, 0.0032978228182],
      [0.011613739584, 0.1339529992, 0.83791352497, 0.016519736248],
      [0.00078356801424, 0.97815663496, 0.0038916104347, 0.017168186596],
      [0.031707878589, 0.078448597955, 0.47475525905, 0.4150882644]
    ],
    [
      [0.00016261812689, 0.87932259681, 0.055118059074, 0.065396725993],
      [0.24167665839, 0.069996287776, 0.66823105751, 0.020095996324],
      [0, 0.103954478, 0.67139050178, 0.22465502022],
      [0, 0.92127582965, 0.0029958989271, 0.075728271422],
      [0.010989376722, 0.028446570257, 0.14821087801, 0.81235317501]
    ],
    [
      [0.00032935781763, 0.91031746253, 0.066564479386, 0.022788700267],
      [0.32527066013, 0.060138837699, 0.6099505991, 0.0046399030688],
      [0.033062421874, 0.13211965834, 0.79968653884, 0.035131380944],
      [0.001381099035, 0.96829566635, 0.0037017217902, 0.026621512825],
      [0.047871572057, 0.068952622436, 0.38674451979, 0.49643128572]
    ],
    [
      [0.00048726576385, 0.91149448588, 0.057328401882, 0.030689846469],
      [0.47231330901, 0.052479642347, 0.4696856987, 0.0055213499374],
      [0.054068737279, 0.15886668618, 0.72861042015, 0.058454156389],
      [0.0020202842566, 0.95937445666, 0.0031480010136, 0.035457258075],
      [0.060030032237, 0.056714221324, 0.27967853381, 0.60357721263]
    ],
    [
      [0.0002170066868, 0.89772239601, 0.075130781603, 0.026929815703],
      [0.23835130522, 0.057999706445, 0.69817549657, 0.0054734917648],
      [0.018403282854, 0.08332616253, 0.85962675944, 0.038643795171],
      [0.00091669163045, 0.9631744266, 0.0042019235792, 0.031706958192],
      [0.02676510881, 0.055469344564, 0.36748661477, 0.55027893186]
    ],
    [
      [2.0166160408e-17, 0.9255892863, 0.065182367072, 0.0092283466273],
      [2.6454533009e-17, 0.08737867392, 0.90986466877, 0.002756657311],
      [0, 0.16666301585, 0.8313925352, 0.0019444489553],
      [0, 0.98560629243, 0.0036085073799, 0.010785200187],
      [4.9303806576e-32, 0.095616989041, 0.54415896646, 0.3602240445]
    ],
    [
      [0.00028337506736, 0.92711824053, 0.055880583364, 0.016717801042],
      [0.32691180126, 0.07146215658, 0.59765391671, 0.0039721254438],
      [0.028101378267, 0.21997136384, 0.72841090927, 0.023516348621],
      [0.0011765113331, 0.97641050889, 0.0030767407516, 0.019336239026],
      [0.051449576785, 0.087689575271, 0.40553602832, 0.45532481963]
    ],
    [
      [0.00038192928859, 0.92561123098, 0.061124794403, 0.01288204533],
      [0.38180426939, 0.059976466856, 0.5556284925, 0.0025907712471],
      [0.041508259742, 0.16827874961, 0.7752502769, 0.014962713741],
      [0.001593482931, 0.98005065185, 0.0033806235931, 0.014975241627],
      [0.072282738014, 0.090236823891, 0.46169546295, 0.37578497515]
    ],
    [
      [0.00040286856863, 0.90814208264, 0.064880179566, 0.026574869229],
      [0.38264936553, 0.055297868193, 0.55702105545, 0.0050317108336],
      [0.043167300623, 0.12619605022, 0.7881732013, 0.042463447854],
      [0.0016844415226, 0.96375664394, 0.0035949536598, 0.030963960876],
      [0.052617766752, 0.060858415016, 0.33826542198, 0.54825839625]
    ],
    [
      [9.9247638023e-05, 0.92890734667, 0.058180655225, 0.012812750463],
      [0.14394030219, 0.086858429321, 0.76547462118, 0.0037266473043],
      [0.006664600015, 0.20982643659, 0.76928372956, 0.014225233835],
      [0.00041317055673, 0.98151431929, 0.0032104249314, 0.014862085224],
      [0.020348589263, 0.097841029112, 0.47607526132, 0.4057351203]
    ],
    [
      [0.00060853534811, 0.91213581389, 0.071765496653, 0.01549015411],
      [0.4730162475, 0.042227870101, 0.48247409843, 0.0022817839674],
      [0.067354878458, 0.098309029641, 0.82264009073, 0.011696001167],
      [0.0025598910821, 0.97528372064, 0.0039975321835, 0.018158856092],
      [0.095049652798, 0.070887197523, 0.44579412541, 0.38826902427]
    ],
    [
      [0.00074484028225, 0.89556458686, 0.065484853712, 0.038205719145],
      [0.55206894984, 0.036453837495, 0.40649284167, 0.004984370999],
      [0.069495598823, 0.12631051047, 0.75235888771, 0.051835002998],
      [0.071943922672, 0.80596963662, 0.073772147042, 0.048314293664],
      [0.057573121019, 0.033531959814, 0.20337485955, 0.70552005962]
    ],
    [
      [0.0002071913348, 0.91669120628, 0.046569654938, 0.036531947451],
      [0.32766508926, 0.070767691112, 0.57638103952, 0.025186180113],
      [0, 0.2477699353, 0.66793452156, 0.084295543136],
      [0, 0.95579728851, 0.0025053747367, 0.04169733675],
      [0.016590349565, 0.033804076801, 0.14876925436, 0.80083631928]
    ],
    [
      [1.6604726004e-31, 0.91768808133, 0.06807620979, 0.014235708884],
      [0, 0.083763945359, 0.91210891591, 0.004127138732],
      [0, 0.14436986326, 0.84386263844, 0.011767498303],
      [0, 0.97954989025, 0.0037812027002, 0.016668907054],
      [0, 0.080111232211, 0.47841885939, 0.4414699084]
    ],
    [
      [0.00027240331371, 0.92711639371, 0.048439711445, 0.024171491535],
      [0.35393419058, 0.076510284604, 0.56335769397, 0.0061978308526],
      [0.02466696022, 0.26687135587, 0.65850913684, 0.049952547071],
      [0.0011212890971, 0.96851437234, 0.0026420104299, 0.027722328128],
      [0.042422858223, 0.074068222891, 0.30083334686, 0.58267557203]
    ],
    [
      [0.00017242497804, 0.92770307845, 0.053573730982, 0.018550765587],
      [0.23870581567, 0.083203668985, 0.6729368674, 0.0051536479518],
      [0.014037254016, 0.24269407215, 0.71390144519, 0.029367228647],
      [0.00071412672511, 0.97493800864, 0.0029411505828, 0.02140671405],
      [0.030572237749, 0.08487232538, 0.37906199363, 0.50549344324]
    ],
    [
      [0.00027017870678, 0.92211539768, 0.061420379853, 0.016194043759],
      [0.29864992674, 0.068100894729, 0.6295619366, 0.0036872419356],
      [0.02479922579, 0.18123257416, 0.77244981463, 0.021518385426],
      [0.0011280525325, 0.97663486699, 0.0034008217132, 0.018836258769],
      [0.047930279017, 0.085204204526, 0.43555685175, 0.43130866471]
    ],
    [
      [0.00024884986476, 0.92622290284, 0.056590174112, 0.016938073181],
      [0.29675831679, 0.073751582775, 0.62533242655, 0.0041576738812],
      [0.02334370656, 0.22131594113, 0.73224907268, 0.023091279635],
      [0.0010339865917, 0.97624127301, 0.0031182389006, 0.019606501501],
      [0.044962157944, 0.087166049284, 0.4086785151, 0.45919327767]
    ],
    [
      [0.00030625237383, 0.92454291191, 0.058521070871, 0.016629764842],
      [0.33852739492, 0.066679442719, 0.5910787769, 0.0037143854597],
      [0.029650378621, 0.19377849217, 0.75212805586, 0.024443073344],
      [0.0012743608073, 0.97621577204, 0.0032279971096, 0.019281870042],
      [0.053706456946, 0.083739312043, 0.40993991432, 0.45261431669]
    ],
    [
      [0.0005145150635, 0.9025708981, 0.058541732026, 0.038372854811],
      [0.46592830658, 0.051502269103, 0.47571874679, 0.0068506775181],
      [0.063637136174, 0.13522696648, 0.7308505418, 0.070285355545],
      [0.0021333387412, 0.95030230215, 0.0032157108147, 0.04434864829],
      [0.053592929596, 0.047815621769, 0.24344800848, 0.65514344015]
    ],
    [
      [0.00018673759307, 0.91625268779, 0.059191272807, 0.02436930181],
      [0.2375954839, 0.074555401152, 0.68167381279, 0.0061753021583],
      [0.0084014784976, 0.19865910391, 0.7494661919, 0.04347322569],
      [0.00077692728086, 0.96770286174, 0.0032629272586, 0.02825728372],
      [0.026946656919, 0.06769981903, 0.34131821879, 0.56403530526]
    ],
    [
      [0.0006237031937, 0.93813965519, 0.056365140518, 0.0048715010967],
      [0.53180993915, 0.047195371906, 0.42099468894, 0],
      [0.096385585703, 0.16004922103, 0.74356519327, 0],
      [0.0082079857496, 0.98870293275, 0.0030890815047, 0],
      [0.18198740218, 0.11088637353, 0.54289530817, 0.16423091612]
    ],
    [
      [0.00023908315641, 0.94780206158, 0.040673034489, 0.011285820773],
      [0.36692154401, 0.086007841873, 0.54379328025, 0.003277333866],
      [0.016734256128, 0.32949456886, 0.64097125057, 0.012799924446],
      [0.00097594292673, 0.98398053231, 0.0021970771693, 0.01284644759],
      [0.055259579869, 0.10808224845, 0.37528121262, 0.46137695905]
    ],
    [
      [0.00022880176565, 0.95449654159, 0.045274656642, 0],
      [0.35321829089, 0.073431735294, 0.57334997381, 0],
      [0.012446732995, 0.23420249111, 0.75335077589, 0],
      [0.00093100472435, 0.98875267513, 0.0024302626842, 0.0078860574581],
      [0.0473374348, 0.085057743923, 0.37549087874, 0.49211394254]
    ],
    [
      [0.00038012479588, 0.89947625548, 0.065330253624, 0.034813366096],
      [0.37652016546, 0.054800939163, 0.56208106417, 0.0065978312144],
      [0.039631846442, 0.098439147039, 0.78367515932, 0.078253847202],
      [0.0015890488445, 0.95424751925, 0.0036180230232, 0.040545408887],
      [0.043170963379, 0.052105062808, 0.29469766078, 0.61002631303]
    ],
    [
      [0.00029127179663, 0.91049662832, 0.067367177884, 0.021844922001],
      [0.30435987569, 0.060770270559, 0.63035094992, 0.0045189038264],
      [0.029097955408, 0.12280153929, 0.81504274766, 0.033057757637],
      [0.0012223192169, 0.96949221854, 0.0037468529633, 0.025538609275],
      [0.043097272125, 0.069353162325, 0.39713611659, 0.49041344896]
    ],
    [
      [0.00015604254398, 0.88323005323, 0.084874137557, 0.03173976667],
      [0.16313506334, 0.057120887715, 0.77336874762, 0.0063753013255],
      [0.01384471943, 0.01409120235, 0.9221513539, 0.049912724319],
      [0.00066612833794, 0.95678321428, 0.0048004649983, 0.037750192388],
      [0.017541608727, 0.050747492802, 0.37899915112, 0.55271174735]
    ],
    [
      [0.00033255328802, 0.93706145673, 0.050427243021, 0.012178746965],
      [0.39700649922, 0.070054156639, 0.53011971682, 0.0028196273172],
      [0.031485341349, 0.30699842452, 0.64729672313, 0.014219511001],
      [0, 1, 0, 0],
      [0.071034883249, 0.10278089054, 0.42881301713, 0.39737120909]
    ],
    [
      [0.00023391093063, 0.9220396618, 0.057997352801, 0.019729074472],
      [0.2839912356, 0.072695224282, 0.63850500074, 0.0048085393723],
      [0.022599340731, 0.20601825096, 0.74200150314, 0.02938090517],
      [0.00097291072168, 0.97296757666, 0.0031977936615, 0.022861718957],
      [0.038827322159, 0.079155697287, 0.38402954859, 0.49798743196]
    ],
    [
      [0.00048272924431, 0.90398564708, 0.06777234351, 0.027759280163],
      [0.41439503797, 0.050645397132, 0.53014721138, 0.0048123535134],
      [0.050523763362, 0.10638616681, 0.79334207975, 0.049747990072],
      [0.002024237824, 0.96177884519, 0.0037677346429, 0.032429182346],
      [0.061446199827, 0.059517679517, 0.34423873598, 0.53479738467]
    ],
    [
      [0.00038612377924, 0.9172179584, 0.058881181226, 0.023514736597],
      [0.39724490178, 0.059439723633, 0.53856820673, 0.0047471678626],
      [0.042105584962, 0.16280476456, 0.74889509977, 0.046194550703],
      [0.0016053704822, 0.96791439079, 0.0032439170137, 0.027236321709],
      [0.05698709939, 0.069240420226, 0.34611682484, 0.52765565554]
    ],
    [
      [0.00033345455271, 0.91691933941, 0.065791863787, 0.016955342249],
      [0.33555680837, 0.059941142071, 0.60107061766, 0.0034314319029],
      [0.033725189786, 0.14540130503, 0.80242205802, 0.01845144717],
      [0.0013976907724, 0.97514716466, 0.0036558752422, 0.019799269324],
      [0.055582104369, 0.078964873648, 0.43744599622, 0.42800702576]
    ],
    [
      [0.00027901581388, 0.91227934589, 0.063833609416, 0.023608028876],
      [0.30520625048, 0.063477437963, 0.62620103193, 0.0051152796238],
      [0.027178715142, 0.14556952221, 0.78757491784, 0.0396768448],
      [0.0011661772302, 0.9678068527, 0.0035358353645, 0.027491134701],
      [0.040356528028, 0.067596688046, 0.3680292553, 0.52401752863]
    ],
    [
      [0.00035044200781, 0.91588184952, 0.060213896655, 0.023553811822],
      [0.36342655456, 0.06206297974, 0.56957393145, 0.0049365342546],
      [0.037024446444, 0.16392980538, 0.75613754762, 0.042908200553],
      [0.0014596802583, 0.96788346486, 0.003325027333, 0.027331827552],
      [0.051628843523, 0.069835691844, 0.35408709496, 0.52444836967]
    ],
    [
      [0.00046922309677, 0.86584315788, 0.093387729497, 0.040299889526],
      [0.35354989241, 0.038815621999, 0.60192112384, 0.0057133617487],
      [0.037716004928, 0.036516290367, 0.86845233311, 0.057315371592],
      [0.0020146299241, 0.94446307273, 0.0053112143452, 0.048211083005],
      [0.042901269064, 0.039608842636, 0.3385166666, 0.5789732217]
    ],
    [
      [0.0001863862359, 0.9305765109, 0.047824088207, 0.021413014658],
      [0.27456430926, 0.087633368427, 0.63156038094, 0.0062419413699],
      [0.013829905132, 0.31165102297, 0.6336940671, 0.040825004802],
      [0, 0.98010110021, 0, 0.019898899787],
      [0.031876844555, 0.082008870522, 0.32612666936, 0.55998761557]
    ],
    [
      [0.00032581553432, 0.92798328374, 0.046915796192, 0.024775104533],
      [0.39934972726, 0.073727091521, 0.52084044329, 0.006082737933],
      [0.033085766316, 0.29259087978, 0.62460697592, 0.049716377985],
      [0, 0.97162734243, 0, 0.028372657575],
      [0.050475944187, 0.074348070083, 0.29001496176, 0.58516102397]
    ],
    [
      [0, 0.7696297354, 0.053791269599, 0.176578995],
      [0, 0.064237617491, 0.88534686833, 0.050415514178],
      [2.4651903288e-32, 0.024795921291, 0.70824632959, 0.26695774911],
      [0, 0.79596355432, 0.0028204364122, 0.20121600927],
      [0, 0, 0, 1]
    ],
    [
      [0.0001977699917, 0.92123501385, 0.053463772168, 0.025103443992],
      [0.26512014566, 0.079576166003, 0.64856982527, 0.006733863069],
      [0.017008603343, 0.21612417157, 0.70758408312, 0.059283141961],
      [0.00081829419813, 0.96731281796, 0.0029319862434, 0.028936901599],
      [0.029902258583, 0.071685576488, 0.32255058129, 0.57586158364]
    ],
    [
      [0.00037781360432, 0.89227887578, 0.078962514962, 0.028380795656],
      [0.32753742362, 0.049607740106, 0.6179464483, 0.004908387973],
      [0.03551557681, 0.060394599027, 0.85957182156, 0.044518002607],
      [0.0016022761657, 0.96042540163, 0.0044383454305, 0.03353397677],
      [0.045314914866, 0.054942453009, 0.37779636558, 0.52194626654]
    ],
    [
      [0.00018898298689, 0.93619416104, 0.045726298043, 0.017890557932],
      [0.28354785186, 0.090337480818, 0.62075231026, 0.0053623570606],
      [0.010396716392, 0.33011046934, 0.63498270148, 0.024510112793],
      [0.0007765271587, 0.97625230639, 0.0024899649497, 0.0204812015],
      [0.03609659694, 0.091957903885, 0.34868803038, 0.5232574688]
    ],
    [
      [0.00038577185894, 0.92042791882, 0.061769988297, 0.01741632102],
      [0.38343280758, 0.058395218398, 0.55471821253, 0.0034537614958],
      [0.042140287052, 0.16001767454, 0.78004239181, 0.017799646593],
      [0.0016091312428, 0.97473632942, 0.003414563391, 0.020239975947],
      [0.064454382693, 0.078585525384, 0.41192022473, 0.44503986719]
    ],
    [
      [0.00041691988188, 0.93464571361, 0.047215665447, 0.017721701058],
      [0.45584998489, 0.067184669162, 0.47302966035, 0.0039356855923],
      [0.047883932496, 0.28488062784, 0.64355258221, 0.023682857452],
      [0.0017150333193, 0.97540074776, 0.0025750738325, 0.020309145087],
      [0.076328594386, 0.088729891635, 0.34520403433, 0.48973747964]
    ],
    [
      [0.00045512746155, 0.90974475851, 0.058390242828, 0.031409871204],
      [0.43323551788, 0.056029876429, 0.50473118961, 0.0060034160819],
      [0.05207603812, 0.14942975039, 0.73230782239, 0.066186389102],
      [0.001889681107, 0.9585613825, 0.0032134447772, 0.036335491621],
      [0.05636049895, 0.058029132057, 0.28862583229, 0.5969845367]
    ],
    [
      [0.00031573648462, 0.93372856572, 0.050312727752, 0.01564297004],
      [0.38756006823, 0.069732720757, 0.53903297126, 0.0036742397523],
      [0.031350800414, 0.26193025475, 0.69671979845, 0.0099991463934],
      [0.001302117863, 0.9779758905, 0.0027474595788, 0.017974532056],
      [0.060413651025, 0.090124495167, 0.38345411653, 0.46600773728]
    ],
    [
      [0.00031446737348, 0.93337576881, 0.049905385774, 0.016404378039],
      [0.37833415012, 0.072835204531, 0.5448671781, 0.0039634672498],
      [0.032028613284, 0.2794917333, 0.67323303241, 0.015246621002],
      [0.0012974744176, 0.97711707821, 0.0027293790124, 0.018856068361],
      [0.059633711143, 0.091415630976, 0.37765621656, 0.47129444132]
    ],
    [
      [0.00039303714114, 0.93044602196, 0.054721755965, 0.014439184933],
      [0.42016691732, 0.061686530133, 0.51515790778, 0.0029886447615],
      [0.043582091047, 0.21543555019, 0.72654644273, 0.014435916036],
      [0.001628525318, 0.97869714748, 0.0030034450348, 0.016670882168],
      [0.073917195879, 0.089044006922, 0.40983095565, 0.42720784155]
    ],
    [
      [6.5101588668e-05, 0.93181504392, 0.052559775271, 0.015560079223],
      [0.10840020336, 0.099344585342, 0.78710786518, 0.0051473461169],
      [0.003755987295, 0.27574381748, 0.70370713054, 0.016793064693],
      [0.00026950886795, 0.97889976917, 0.0028836988247, 0.017947023141],
      [0.012948627595, 0.095326343719, 0.41687121726, 0.47485381142]
    ],
    [
      [0.00042688776803, 0.92186513407, 0.06131617601, 0.016391802152],
      [0.41091506559, 0.056667077922, 0.52929134663, 0.0031265098588],
      [0.046241834425, 0.16695414795, 0.76953311825, 0.017270899369],
      [0.0017806475758, 0.97578056409, 0.0033896753975, 0.019049112932],
      [0.072979912385, 0.081035069583, 0.41779311458, 0.42819190345]
    ],
    [
      [0.00049877320782, 0.92606465917, 0.050420955065, 0.023015612553],
      [0.49117893723, 0.058262237693, 0.4460628159, 0.0044960091751],
      [0.061450957166, 0.21869721742, 0.67703106131, 0.042820764102],
      [0.0020560077036, 0.96875557587, 0.0027544675017, 0.026433948923],
      [0.076278212146, 0.072762956901, 0.30745764303, 0.54350118792]
    ],
    [
      [0.00094890522531, 0.87032243808, 0.032783565676, 0.095945091021],
      [1, 0, 0, 0],
      [0.12298811206, 0.19761128972, 0.49504597542, 0.1843546228],
      [0.0037865495736, 0.88719681105, 0.0017121577378, 0.10730448164],
      [0, 0, 0, 1]
    ],
    [
      [0.0002879907788, 0.95100085462, 0.048711154598, 0],
      [0.47450614912, 0.0017433965952, 0.52375045428, 0],
      [0.016632913518, 0, 0.98336708648, 0],
      [0.0010889611953, 0.99651320681, 0.002397831995, 0],
      [0.11538483861, 0.080041258448, 0.80457390294, 0]
    ],
    [
      [0.00053867526129, 0.90966954305, 0.049819597361, 0.03997218433],
      [0.5469505444, 0.050128246236, 0.39604820128, 0.0068730080866],
      [0.063468624858, 0.16684229272, 0.65551366203, 0.11417542039],
      [0.0025893398092, 0.93229456828, 0, 0.065116091915],
      [0.058024175962, 0.048940506494, 0.2118528418, 0.68118247574]
    ],
    [
      [0.00054702184634, 0.96763247188, 0.017959593335, 0.013860912939],
      [0.71870066501, 0.074590098474, 0.20332604847, 0.0033831880441],
      [0.089156676663, 0.57666230194, 0.31374044204, 0.020440579358],
      [0.0021829616601, 0.98144031354, 0.00094776232864, 0.015428962471],
      [0.12618710774, 0.11083828162, 0.16558414957, 0.59739046107]
    ],
    [
      [0.00090625929433, 0.91636560596, 0.056066931303, 0.026661203446],
      [0.72748439959, 0.025463323289, 0.24466400559, 0.0023882715293],
      [0.094969504389, 0.13994372165, 0.72591359477, 0.039173179189],
      [0.027516013356, 0.91761045731, 0.020745956976, 0.034127572357],
      [0.1032291906, 0.047904724625, 0.24777699215, 0.60108909262]
    ],
    [
      [0.00034157665969, 0.93492684529, 0.045994946024, 0.018736632026],
      [0.4136367888, 0.073799450382, 0.5079882202, 0.0045755406217],
      [0.032273708533, 0.31234066889, 0.6252639519, 0.030121670685],
      [0.0014034367921, 0.97464240618, 0.0025049281389, 0.021449228892],
      [0.061657384115, 0.087252739865, 0.33162448583, 0.51946539019]
    ],
    [
      [0.00047887887249, 0.93636070483, 0.052268458979, 0.010891957315],
      [0.47178829923, 0.059614436419, 0.46645036493, 0.002146899414],
      [0.057597309106, 0.24173120916, 0.68512740543, 0.015544076306],
      [0.0011199081735, 0.99888009183, 0, 0],
      [0.10147283949, 0.1023856805, 0.44215996599, 0.35398151402]
    ],
    [
      [0.00029993790737, 0.93949213822, 0.046729931226, 0.013477992649],
      [0.38158123248, 0.077186621311, 0.53780337307, 0.0034287731401],
      [0.026713151381, 0.34311277273, 0.62933625999, 0.00083781590738],
      [0.0012340633104, 0.98076849818, 0.0025482377765, 0.015449200735],
      [0.063843490408, 0.10319628626, 0.39692720674, 0.4360330166]
    ],
    [
      [0.00032017783888, 0.93452707495, 0.045946554721, 0.019206192486],
      [0.3995883032, 0.075396286404, 0.52020888953, 0.0048065208663],
      [0.032289271589, 0.29550740907, 0.64081381236, 0.031389506977],
      [0.0013152937744, 0.97420111375, 0.0025016842849, 0.021981908191],
      [0.057490391309, 0.086467254872, 0.32934428894, 0.52669806487]
    ],
    [
      [0.00029784735226, 0.93505989834, 0.048953019365, 0.015689234938],
      [0.36732295854, 0.075647373531, 0.55310356227, 0.0039261056645],
      [0.027521165774, 0.29202017765, 0.66421956605, 0.01623909053],
      [0.0012279313433, 0.97807622828, 0.0026755150801, 0.018020325293],
      [0.058207843946, 0.094619384704, 0.38217109463, 0.46500167672]
    ],
    [
      [0.00039029982472, 0.93923215757, 0.047378773731, 0.012998768874],
      [0.438800351, 0.069397255431, 0.4888322648, 0.0029701287636],
      [0.042676074439, 0.30375949102, 0.64557076753, 0.0079936670091],
      [0.0016065733324, 0.98090093996, 0.0025854383207, 0.014907048382],
      [0.082261018179, 0.10254406104, 0.39901469636, 0.41618022442]
    ],
    [
      [0.0010010235816, 0.9256102002, 0.06019533035, 0.013193445873],
      [0.62631260415, 0.036603884735, 0.33546356079, 0.0016199503197],
      [0.14419946485, 0.11143472147, 0.73723955372, 0.0071262599574],
      [0.0041646213755, 0.97722450038, 0.0033179793215, 0.015292898927],
      [0.16945201188, 0.080377626518, 0.40621418527, 0.34395617634]
    ],
    [
      [0.00077362410212, 0.90439033696, 0.0723823666, 0.022453672341],
      [0.5132026361, 0.039792983401, 0.44394848947, 0.0030558910371],
      [0.10352273533, 0.086062444416, 0.78391070174, 0.026504118512],
      [0.0032579812994, 0.96635575866, 0.0040420220383, 0.026344238004],
      [0.1027379932, 0.062303185554, 0.38421956968, 0.45073925156]
    ],
    [
      [0.00056923764562, 0.90259466831, 0.069058191652, 0.027777902389],
      [0.44619039826, 0.047283702822, 0.50203941694, 0.0044864819776],
      [0.065111055847, 0.097542263897, 0.78993363576, 0.0474130445],
      [0.002389904087, 0.96127554748, 0.0038450352442, 0.032489513192],
      [0.071472672487, 0.059032089191, 0.3465997175, 0.52289552082]
    ],
    [
      [0.00062095594411, 0.90664211914, 0.065300812941, 0.027436111977],
      [0.48089863857, 0.046758470533, 0.46797652061, 0.0043663702856],
      [0.073551399178, 0.1111922736, 0.76485986345, 0.050396463772],
      [0.0025967302713, 0.96181895943, 0.0036212689088, 0.031963041391],
      [0.07938571165, 0.060294893533, 0.33365047277, 0.52666892204]
    ],
    [
      [0.00037300452402, 0.92155739601, 0.05868985767, 0.019379741793],
      [0.42822779803, 0.048951819353, 0.51918393466, 0.0036364479524],
      [0.038929223072, 0.13098567377, 0.81016491629, 0.01992018687],
      [0.0015379682602, 0.972983854, 0.0031934675292, 0.022284710208],
      [0.055106857862, 0.059612050377, 0.34395636924, 0.54132472252]
    ]
  ],
  "expected_outcome": [
    [
      [0, 0.002809617138, 0.0012887354127, 0.0056306912567, 0.013393265654, 0.016793712088, 0.0011773218646, 0.0039882305773, 0.0012653575583, 0.00093412213773, 0.0048810939127, 0.039850861624, 0.0019500841142, 0.0026628781624, 0.010516103827, 0.0056339033141, 0.01117881658, 0.0033291943999, 0.00032600584545, 0.00022301605802, 0.084171428879, 0.00026124786633, 0.0061880753925, 0.0061590282052, 0.053784937077, 0.013427499539, 0.0045788035326, 0.00093151664804, 0.00032523625378, 0.13602477868, 0.0038981261108, 0.0019530601812, 1.2099696245e-16, 0.06971026657, 0.0099301615033, 0.0052372913922, 0.0011909716563, 0.0030426767406, 0.0022345208467, 0.00041438266961, 4.9814178012e-31, 0.0051756629605, 0.004310624451, 0.048902345927, 0.060470517137, 0.0067375522243, 0.003087090381, 0.0035480142683, 0.0018711095811, 0.00047816631282, 0.00045760353129, 0.0045614975506, 0.0066992513224, 0.0035889785116, 0.0086463854886, 0.011461635601, 0.013999148085, 0.0069502280263, 0.010003636581, 0.0027901581388, 0.0094619342109, 0.00093844619354, 0.0061507457846, 0.015964961182, 0, 0.0037576298423, 0.0045337632518, 0.0049135576591, 0.0023146311536, 0.024181353149, 0.010467931616, 0.0028416283616, 0.008490619084, 0.0031442971291, 0.0014973365394, 0.0064033165204, 0.0069828249095, 0.00094890522531, 0, 0.0080801289193, 0.0038291529243, 0.0036250371773, 0.011613606429, 0.012929729557, 0.0083982614063, 0.0048026675832, 0.0098289626245, 0.017173192288, 0.017017400888, 0.027076843574, 0.093924211527, 0.051539343361, 0.00037300452402],
