{
  "X": [
    [4, 167, 299, 32],
    [5, 83, 165, 53],
    [2, 1, 25, 1],
    [2, 11, 43, 4],
    [11, 34, 123, 11],
    [5, 81, 146, 32],
    [108, 254, 1078, 108],
    [12, 138, 209, 30],
    [73, 71, 294, 36],
    [53, 195, 387, 33],
    [2, 4, 7, 3],
    [31, 90, 255, 35],
    [145, 360, 1312, 183],
    [17, 36, 85, 5],
    [100, 342, 1012, 81],
    [6, 6, 26, 0],
    [8, 65, 56, 7],
    [2, 24, 31, 5],
    [12, 22, 45, 8],
    [4, 3, 33, 4],
    [46, 37, 216, 21],
    [2, 5, 13, 0],
    [92, 157, 1038, 175],
    [0, 0, 9, 4],
    [4, 5, 43, 2],
    [4, 93, 129, 25],
    [11, 35, 120, 16],
    [13, 120, 215, 30],
    [2, 49, 48, 1],
    [7, 15, 45, 11],
    [13, 154, 366, 63],
    [6, 8, 27, 4],
    [9, 72, 148, 29],
    [79, 518, 869, 129],
    [100, 736, 1562, 249],
    [8, 62, 76, 7],
    [0, 29, 49, 7],
    [3, 12, 100, 11],
    [1, 3, 7, 1],
    [5, 27, 85, 9],
    [29, 104, 340, 43],
    [0, 9, 25, 5],
    [11, 14, 32, 10],
    [49, 121, 302, 49],
    [1, 1, 4, 0],
    [48, 107, 487, 77],
    [6, 10, 50, 8],
    [89, 318, 1016, 167],
    [3, 16, 43, 5],
    [25, 84, 279, 46],
    [0, 3, 16, 4],
    [16, 100, 182, 21],
    [18, 85, 152, 15],
    [5, 37, 65, 11],
    [8, 85, 164, 10],
    [7, 14, 40, 5],
    [75, 164, 524, 79],
    [23, 84, 121, 15],
    [12, 26, 45, 17],
    [3, 13, 28, 5],
    [10, 13, 66, 8],
    [3, 7, 31, 9],
    [6, 7, 44, 2],
    [0, 5, 14, 4],
    [5, 15, 18, 3],
    [14, 57, 170, 20],
    [12, 39, 114, 14],
    [1, 20, 18, 4],
    [0, 4, 9, 3],
    [2, 3, 10, 5],
    [0, 1, 5, 1],
    [2, 4, 10, 0],
    [2, 36, 35, 10],
    [3, 32, 55, 5],
    [4, 5, 30, 5],
    [2, 11, 20, 6],
    [23, 61, 119, 25],
    [2, 13, 14, 1],
    [11, 49, 110, 11],
    [11, 69, 118, 11],
    [1, 3, 1, 1],
    [1, 8, 11, 2],
    [0, 7, 9, 1],
    [0, 5, 5, 2],
    [0, 1, 4, 1],
    [8, 19, 110, 34],
    [1, 2, 10, 5],
    [0, 2, 7, 4],
    [11, 24, 70, 14],
    [0, 1, 8, 5],
    [10, 18, 50, 6],
    [12, 99, 150, 29],
    [16, 108, 166, 44],
    [11, 92, 142, 27],
    [0, 4, 5, 1],
    [1, 6, 20, 5],
    [4, 83, 53, 12],
    [2, 45, 29, 6],
    [2, 14, 28, 6],
    [4, 20, 24, 7],
    [6, 17, 67, 7],
    [14, 32, 67, 13],
    [2, 11, 17, 5],
    [0, 27, 28, 7],
    [5, 30, 51, 16],
    [13, 53, 83, 24],
    [3, 22, 45, 14],
    [10, 63, 121, 22],
    [12, 229, 164, 17],
    [5, 34, 59, 13],
    [0, 16, 24, 4],
    [2, 32, 56, 11],
    [0, 12, 5, 0],
    [8, 16, 114, 23],
    [5, 8, 41, 7],
    [3, 34, 91, 26],
    [9, 53, 86, 20],
    [11, 161, 287, 65],
    [5, 20, 43, 8],
    [2, 3, 10, 1],
    [3, 2, 15, 4],
    [1, 5, 9, 3],
    [7, 27, 65, 25],
    [1, 3, 20, 2],
    [0, 0, 4, 2],
    [9, 32, 85, 18],
    [7, 28, 65, 18],
    [5, 14, 17, 3],
    [1, 2, 10, 1],
    [3, 7, 26, 7],
    [3, 8, 49, 5],
    [1, 1, 5, 1],
    [0, 4, 0, 2],
    [13, 125, 100, 16],
    [10, 188, 226, 45],
    [5, 53, 111, 8],
    [8, 85, 117, 23],
    [24, 202, 349, 39],
    [6, 12, 37, 10],
    [1, 4, 9, 2],
    [10, 21, 57, 18],
    [7, 18, 62, 6],
    [3, 5, 18, 3],
    [13, 32, 114, 31],
    [5, 22, 75, 15],
    [2, 3, 23, 5],
    [0, 2, 16, 4],
    [130, 149, 647, 60],
    [326, 768, 2312, 561],
    [215, 597, 1198, 379],
    [0, 10, 8, 4]
  ],
  "W": [
    [5, 12, 298, 158, 29],
    [4, 10, 175, 90, 27],
    [0, 4, 22, 1, 2],
    [1, 13, 34, 10, 2],
    [12, 29, 105, 28, 5],
    [22, 15, 142, 66, 19],
    [71, 308, 856, 197, 116],
    [36, 58, 169, 104, 22],
    [26, 136, 228, 49, 35],
    [49, 164, 283, 132, 40],
    [0, 4, 7, 4, 1],
    [13, 63, 225, 74, 36],
    [111, 265, 1183, 283, 158],
    [12, 32, 61, 25, 13],
    [93, 397, 694, 255, 96],
    [2, 9, 20, 2, 5],
    [10, 10, 53, 57, 6],
    [7, 9, 24, 18, 4],
    [10, 5, 45, 18, 9],
    [6, 10, 23, 1, 4],
    [10, 110, 149, 29, 22],
    [0, 3, 9, 5, 3],
    [43, 157, 983, 142, 137],
    [0, 1, 11, 0, 1],
    [1, 7, 39, 4, 3],
    [15, 11, 123, 84, 18],
    [12, 22, 109, 24, 15],
    [30, 30, 195, 87, 36],
    [6, 7, 45, 40, 2],
    [2, 11, 44, 14, 7],
    [43, 35, 351, 128, 39],
    [1, 8, 27, 7, 2],
    [22, 14, 138, 62, 22],
    [99, 114, 838, 425, 119],
    [163, 218, 1444, 614, 208],
    [11, 18, 66, 54, 4],
    [4, 6, 40, 26, 9],
    [4, 13, 89, 11, 9],
    [1, 2, 7, 1, 1],
    [10, 6, 77, 20, 13],
    [34, 43, 324, 89, 26],
    [1, 0, 23, 9, 6],
    [5, 9, 32, 12, 9],
    [26, 73, 278, 98, 46],
    [0, 0, 5, 1, 0],
    [31, 99, 424, 92, 73],
    [3, 11, 46, 9, 5],
    [76, 163, 961, 260, 130],
    [4, 7, 39, 11, 6],
    [26, 46, 260, 59, 43],
    [2, 1, 15, 2, 3],
    [24, 38, 155, 77, 25],
    [28, 38, 129, 55, 20],
    [8, 11, 59, 29, 11],
    [11, 38, 134, 73, 11],
    [2, 13, 35, 12, 4],
    [42, 141, 452, 126, 81],
    [19, 34, 113, 59, 18],
    [10, 16, 39, 22, 13],
    [1, 8, 25, 13, 2],
    [7, 11, 65, 8, 6],
    [5, 5, 32, 5, 3],
    [5, 13, 32, 4, 5],
    [1, 1, 13, 3, 5],
    [4, 6, 15, 12, 4],
    [12, 59, 118, 41, 31],
    [14, 38, 91, 25, 11],
    [4, 2, 14, 20, 3],
    [1, 0, 10, 4, 1],
    [4, 2, 8, 3, 3],
    [0, 0, 6, 1, 0],
    [0, 5, 6, 3, 2],
    [7, 5, 40, 27, 4],
    [10, 16, 39, 23, 7],
    [3, 6, 23, 5, 7],
    [3, 3, 23, 9, 1],
    [10, 35, 109, 58, 16],
    [5, 4, 9, 11, 1],
    [15, 35, 89, 28, 14],
    [18, 47, 77, 43, 24],
    [1, 0, 2, 2, 1],
    [0, 1, 11, 8, 2],
    [1, 0, 10, 4, 2],
    [3, 1, 4, 4, 0],
    [0, 0, 5, 1, 0],
    [15, 14, 109, 13, 20],
    [2, 1, 11, 1, 3],
    [0, 2, 6, 0, 5],
    [4, 24, 59, 18, 14],
    [3, 1, 7, 0, 3],
    [6, 15, 42, 15, 6],
    [18, 23, 141, 88, 20],
    [40, 21, 163, 66, 44],
    [39, 21, 130, 60, 22],
    [2, 0, 4, 3, 1],
    [3, 4, 17, 6, 2],
    [20, 18, 37, 70, 7],
    [10, 4, 26, 37, 5],
    [7, 3, 28, 8, 4],
    [2, 9, 22, 18, 4],
    [4, 27, 46, 13, 7],
    [6, 22, 63, 23, 12],
    [3, 1, 19, 7, 5],
    [6, 3, 30, 20, 3],
    [8, 10, 46, 21, 17],
    [8, 11, 98, 47, 9],
    [8, 4, 41, 23, 8],
    [15, 10, 116, 58, 17],
    [45, 37, 144, 183, 13],
    [9, 11, 49, 27, 15],
    [2, 1, 23, 17, 1],
    [6, 5, 58, 26, 6],
    [3, 0, 6, 8, 0],
    [7, 25, 92, 13, 24],
    [4, 16, 26, 6, 9],
    [10, 6, 93, 29, 16],
    [10, 9, 89, 45, 15],
    [42, 35, 273, 128, 46],
    [6, 2, 41, 21, 6],
    [1, 4, 6, 4, 1],
    [1, 3, 13, 5, 2],
    [0, 4, 7, 4, 3],
    [13, 7, 69, 20, 15],
    [2, 2, 16, 3, 3],
    [0, 1, 4, 0, 1],
    [11, 17, 78, 28, 10],
    [11, 7, 67, 20, 13],
    [4, 5, 13, 11, 6],
    [1, 3, 7, 1, 2],
    [1, 5, 29, 6, 2],
    [9, 7, 42, 3, 4],
    [0, 1, 2, 1, 4],
    [0, 0, 2, 4, 0],
    [31, 22, 86, 98, 17],
    [45, 39, 204, 137, 44],
    [10, 44, 70, 32, 21],
    [20, 23, 100, 60, 30],
    [44, 88, 265, 173, 44],
    [2, 11, 34, 9, 9],
    [0, 4, 7, 4, 1],
    [12, 12, 52, 19, 11],
    [6, 12, 48, 14, 13],
    [1, 4, 18, 4, 2],
    [7, 25, 105, 27, 26],
    [6, 17, 68, 17, 9],
    [2, 3, 20, 3, 5],
    [1, 0, 15, 4, 2],
    [29, 252, 519, 116, 70],
    [223, 445, 2267, 635, 397],
    [169, 242, 1238, 476, 264],
    [5, 2, 7, 8, 0]
  ],
  "method": "mvn_pdf",
  "cond_prob": [
    [
      [0.007807675769, 0.77183368119, 0.13292576664, 0.087432876401],
      [0.11933866038, 0.057947110195, 0.82269695708, 1.727234011e-05],
      [0.018056048572, 0.023367636552, 0.89237421508, 0.0662020998],
      [0.00059322360148, 0.95271920298, 0.023622048137, 0.023065525286],
      [0.04413785655, 0.13650718474, 0.48755309072, 0.33180186799]
    ],
    [
      [0.013281133288, 0.49083446111, 0.16891110757, 0.32697329803],
      [0.1585409858, 0.028480236328, 0.81292903541, 4.9742463249e-05],
      [0.021508511141, 0.010376942695, 0.79540027536, 0.17271427081],
      [0.0013751176922, 0.84041190423, 0.040917125225, 0.11729585285],
      [0.036971647676, 0.042643187509, 0.305309668, 0.61507549681]
    ],
    [
      [0.031018202042, 0.53470881936, 0.3214795534, 0.11279342519],
      [0.19844121786, 0.0077309316812, 0.79381946674, 8.3837165268e-06],
      [0.029810778128, 0.0034055301536, 0.9322774732, 0.034506218518],
      [0.0020248129586, 0.92342267217, 0.048966592437, 0.025585922432],
      [0.09614054735, 0.025253984793, 0.64116369883, 0.23744176903]
    ],
    [
      [0.011043850712, 0.68166508118, 0.17694744556, 0.13034362255],
      [0.12956563814, 0.029548646586, 0.84086733965, 1.8375629106e-05],
      [0.019004306041, 0.011689186451, 0.89894935788, 0.07035714963],
      [0.00083854226744, 0.93378115442, 0.031315029535, 0.03406527378],
      [0.047255000686, 0.072134135477, 0.49473598794, 0.3858748759]
    ],
    [
      [0.026966617254, 0.58733570631, 0.23850065702, 0.14719701941],
      [0.21515949263, 0.021869481608, 0.76295626108, 1.4764682454e-05],
      [0.034739339887, 0.0095310002637, 0.89444378355, 0.061285876295],
      [0.002465456999, 0.8997684458, 0.051026253695, 0.046739843508],
      [0.090582230599, 0.059455496845, 0.51867716917, 0.33128510339]
    ],
    [
      [0.01060903604, 0.68124469337, 0.14170026578, 0.16644600481],
      [0.14921703882, 0.046293020246, 0.80446010426, 2.9836679134e-05],
      [0.021825833384, 0.018160991369, 0.84847620767, 0.11153696757],
      [0.00087873624417, 0.92388042647, 0.027446098939, 0.04779473835],
      [0.044957969772, 0.08964875511, 0.38986787765, 0.47552539746]
    ],
    [
      [0.023735908687, 0.63662144909, 0.20663001606, 0.13301262617],
      [0.21456080117, 0.02913580336, 0.7562877367, 1.5658775487e-05],
      [0.035193010085, 0.012721753326, 0.88721873359, 0.064866502997],
      [0.0021060599516, 0.91400854705, 0.042904575215, 0.040980817788],
      [0.088745614448, 0.076257533609, 0.50109313061, 0.33390372133]
    ],
    [
      [0.0091587123064, 0.77088988968, 0.11600278103, 0.10394861698],
      [0.15297649247, 0.06329168977, 0.78370951254, 2.2305218823e-05],
      [0.023480839156, 0.025940910702, 0.86360521253, 0.086973037613],
      [0.00069620171607, 0.95125572088, 0.020626315426, 0.027421761973],
      [0.051290523913, 0.1355929949, 0.42158525788, 0.39153122331]
    ],
    [
      [0.046255374077, 0.63848028171, 0.17323155462, 0.14203278959],
      [0.38808277308, 0.026409822755, 0.58549207137, 1.5332792561e-05],
      [0.076666977941, 0.013964570068, 0.83230736601, 0.07706108598],
      [0.0040686906548, 0.91689657066, 0.035666801795, 0.043367936891],
      [0.16887240157, 0.073261795879, 0.40970617953, 0.34815962302]
    ],
    [
      [0.013227858226, 0.81653379785, 0.10130121555, 0.068937128377],
      [0.22707191227, 0.069805560967, 0.70310720978, 1.5316980848e-05],
      [0.038872733754, 0.031860684949, 0.86285810664, 0.066408474659],
      [0.00096555397691, 0.96425332883, 0.017303758892, 0.017477358303],
      [0.087565750992, 0.17116507244, 0.43486308387, 0.3064060927]
    ],
    [
      [0.010314242773, 0.59910965064, 0.051221256558, 0.33935485003],
      [0.36780073571, 0.028494271528, 0.60362542849, 7.9564272082e-05],
      [0.040174270439, 0.010973277406, 0.60363855342, 0.34521389874],
      [0.00066831088129, 0.9250955994, 0.0077402650414, 0.06649582468],
      [0.023658660937, 0.019421402049, 0.077780572389, 0.87913936462]
    ],
    [
      [0.021424138413, 0.72161586899, 0.14054242384, 0.11641756876],
      [0.26270667622, 0.04313531331, 0.69413966454, 1.8345924569e-05],
      [0.044945555836, 0.019759457871, 0.85537262679, 0.079922359504],
      [0.0017096986025, 0.93978267186, 0.026249744872, 0.032257884668],
      [0.10052330703, 0.10548600856, 0.42723789653, 0.36675278787]
    ],
    [
      [0.029296467888, 0.62312439329, 0.19237021257, 0.15520892626],
      [0.26555879385, 0.028663968602, 0.70575891106, 1.8326483875e-05],
      [0.045366606982, 0.013039284664, 0.86250984331, 0.079084265042],
      [0.0026412176586, 0.90818015982, 0.040588397322, 0.048590225195],
      [0.10528767653, 0.071903647928, 0.44835039694, 0.3744582786]
    ],
    [
      [0.036169476703, 0.7189956741, 0.17202107487, 0.072813774329],
      [0.33561140846, 0.030272313789, 0.63410786405, 8.4137009073e-06],
      [0.063475292104, 0.015564281209, 0.8798145862, 0.041145840488],
      [0.0028630400583, 0.94513405393, 0.031890664775, 0.020112241237],
      [0.16696430818, 0.098037989915, 0.51227543494, 0.22272226696]
    ],
    [
      [0.017303110932, 0.70204657334, 0.1776708883, 0.10297942743],
      [0.18640045308, 0.038306772251, 0.77527832709, 1.444758308e-05],
      [0.030084037428, 0.01645160118, 0.89459642477, 0.05886793662],
      [0.0014255037252, 0.93486054433, 0.03425239822, 0.029461553726],
      [0.077177299319, 0.10036433605, 0.51406525718, 0.30839310745]
    ],
    [
      [0.018948677805, 0.88994376564, 0.071382938881, 0.019724617675],
      [0.39402709477, 0.048916619128, 0.55705152436, 4.761739274e-06],
      [0.077551581042, 0.027553848681, 0.86923712254, 0.025657447734],
      [0.0012581940976, 0.9829198299, 0.01113702707, 0.0046849489354],
      [0.2016687171, 0.18024285702, 0.4829359027, 0.13515252318]
    ],
    [
      [0.025267115937, 0.77359710494, 0.11737444513, 0.083761333994],
      [0.34144882321, 0.045684839628, 0.61285286804, 1.346912206e-05],
      [0.062588267257, 0.023414511309, 0.84811500642, 0.065882215016],
      [0.0018875109195, 0.95569618318, 0.020568260463, 0.021848045442],
      [0.14183913543, 0.12721417497, 0.42168410941, 0.30926258018]
    ],
    [
      [0.0085742869228, 0.77268246846, 0.11611421387, 0.10262903075],
      [0.14701424915, 0.053522903631, 0.79944220772, 2.0639501946e-05],
      [0.021826110216, 0.021727200862, 0.8756192257, 0.080827463224],
      [0.00062916571787, 0.95345425392, 0.019866946624, 0.026049633742],
      [0.048975150321, 0.12125242861, 0.43206403985, 0.39770838122]
    ],
    [
      [0.17802099332, 0.48336315112, 0.19814884549, 0.14046701007],
      [0.71053588162, 0.0077376545561, 0.28172028274, 6.1810886334e-06],
      [0.22111551835, 0.0072602219246, 0.71643465134, 0.055189608391],
      [0.018594328099, 0.88075972413, 0.048954467355, 0.051691480411],
      [0.43962391823, 0.033531162604, 0.30506732808, 0.22177759109]
    ],
    [
      [0.041626265574, 0.37764927039, 0.37498751834, 0.20573694569],
      [0.21854546302, 0.0080409621474, 0.77340120568, 1.236915028e-05],
      [0.034084684987, 0.0035310284434, 0.91065400451, 0.051730282058],
      [0.0046710148951, 0.81705594976, 0.098286242483, 0.079986792863],
      [0.096726898098, 0.023761372071, 0.56265080625, 0.31686092358]
    ],
    [
      [0.040553834246, 0.59281419214, 0.21276693046, 0.15386504315],
      [0.31400404527, 0.022246270115, 0.66373443058, 1.5254039837e-05],
      [0.056650545886, 0.010750261906, 0.86245867165, 0.07014052056],
      [0.0037365426145, 0.90123458626, 0.045874247463, 0.049154623662],
      [0.1350551465, 0.061125649402, 0.45918426079, 0.3446349433]
    ],
    [
      [0.032777210948, 0.67866687988, 0.24187676276, 0.046679146413],
      [0.27202096557, 0.010434754933, 0.71754039265, 3.8868495903e-06],
      [0.040897845913, 0.0049395152905, 0.93739838189, 0.016764256909],
      [0.0020800992793, 0.95106887607, 0.035941704693, 0.010909319959],
      [0.14937347799, 0.042321093215, 0.68797874994, 0.12032667886]
    ],
    [
      [0.031692193583, 0.49995080106, 0.23669583675, 0.2316611686],
      [0.24379895078, 0.019458562831, 0.73671929656, 2.3189828884e-05],
      [0.039610257663, 0.0084232278204, 0.85672126993, 0.095245244587],
      [0.0033361119611, 0.85369313732, 0.058311387624, 0.0846593631],
      [0.088829472755, 0.044874602851, 0.43023986843, 0.43605605597]
    ],
    [
      [0.0041263188288, 0.019724614893, 0.12902507116, 0.84712399512],
      [0.062910031689, 0.0039581746815, 0.9329775243, 0.00015426933085],
      [0.0058073362954, 0.0010071955035, 0.57773336426, 0.41545210395],
      [0.00024624213459, 0.82962522634, 0.01703435512, 0.15309417641],
      [0.0028343354537, 0.00067886543118, 0.069279218223, 0.92720758089]
    ],
    [
      [0.029558318601, 0.64170160621, 0.23287470425, 0.095865370934],
      [0.24207537829, 0.01734736383, 0.74056793429, 9.3235919432e-06],
      [0.039230607991, 0.0078969483925, 0.91239105024, 0.040481393377],
      [0.002243378694, 0.93101670048, 0.0413824273, 0.025357493528],
      [0.11498529023, 0.055836624429, 0.58139971102, 0.24777837432]
    ],
    [
      [0.010669154855, 0.697513712, 0.1498636752, 0.14195345795],
      [0.14320065839, 0.044975144765, 0.81179997576, 2.4221077978e-05],
      [0.021234653715, 0.017903549002, 0.86901779109, 0.09184400619],
      [0.00086868862594, 0.93049871478, 0.02853136065, 0.040101235945],
      [0.047420188999, 0.095851897167, 0.43234841988, 0.42437949395]
    ],
    [
      [0.019629140947, 0.70231457251, 0.15669610823, 0.12136017832],
      [0.22925774451, 0.037993617806, 0.73273075477, 1.788291205e-05],
      [0.037453580263, 0.016756264974, 0.8705752874, 0.075214867363],
      [0.0015767656026, 0.93512389771, 0.029455755813, 0.033843580875],
      [0.087789655225, 0.094175602466, 0.45362142387, 0.36441331844]
    ],
    [
      [0.010855543696, 0.79093984977, 0.11363235915, 0.084572247382],
      [0.1792082427, 0.063825793196, 0.7569480145, 1.7949602178e-05],
      [0.028648261679, 0.027297577944, 0.87105756617, 0.072996594202],
      [0.00080922421678, 0.95748027558, 0.01981754927, 0.021892950929],
      [0.065399064138, 0.14887502096, 0.443819215, 0.34190669991]
    ],
    [
      [0.0053020368351, 0.88793680539, 0.072086796333, 0.034674361445],
      [0.14027456123, 0.097583050247, 0.76213127188, 1.1116641248e-05],
      [0.022286265344, 0.042012064707, 0.88991469055, 0.045786979398],
      [0.0003599848113, 0.98001915958, 0.011419502789, 0.0082013528234],
      [0.053365975005, 0.24719668994, 0.46918346448, 0.23025387058]
    ],
    [
      [0.029374449351, 0.58895249046, 0.14807297475, 0.23360008544],
      [0.32994418804, 0.026488551909, 0.6435365955, 3.0664545401e-05],
      [0.054069030445, 0.012183321066, 0.79752054733, 0.13622710116],
      [0.0025265896122, 0.89833365175, 0.029846061934, 0.069293696699],
      [0.098076674552, 0.05344596623, 0.31813316988, 0.53034418933]
    ],
    [
      [0.013638816345, 0.64309306618, 0.17800000243, 0.16526811504],
      [0.15350860023, 0.036097370015, 0.81036997206, 2.4057700803e-05],
      [0.023009017058, 0.014439827534, 0.87112931177, 0.091421843637],
      [0.0011902010586, 0.9124050405, 0.036342984597, 0.050061773845],
      [0.052340074256, 0.078254895296, 0.44317257813, 0.42623245232]
    ],
    [
      [0.041715356357, 0.69210582758, 0.13009721324, 0.13608160282],
      [0.45765719376, 0.022757350798, 0.51956958642, 1.5869014618e-05],
      [0.088409864914, 0.013078939293, 0.80964626231, 0.088864933479],
      [0.003007775673, 0.94095835016, 0.022057190158, 0.033976684006],
      [0.18054541244, 0.065353538025, 0.35667813016, 0.39742291938]
    ],
    [
      [0.020559379792, 0.59520309239, 0.20313572378, 0.18110180404],
      [0.19573804003, 0.02738390091, 0.77685616012, 2.1898940138e-05],
      [0.030300759757, 0.011424418729, 0.87134441065, 0.086930410868],
      [0.0018816948164, 0.89704952445, 0.04350838519, 0.057560395544],
      [0.070365933256, 0.0632825535, 0.45041070481, 0.41594080843]
    ],
    [
      [0.018532824289, 0.75021038576, 0.127098189, 0.10415860094],
      [0.25137968397, 0.051468539355, 0.69713340577, 1.8370912033e-05],
      [0.043002200952, 0.02346626951, 0.85406063909, 0.079470890451],
      [0.0014482567198, 0.94703818824, 0.023244999593, 0.028268555445],
      [0.095101856533, 0.12337329638, 0.42286018586, 0.35866466122]
    ],
    [
      [0.016451188578, 0.68726835941, 0.16015193249, 0.13612851952],
      [0.19398336508, 0.041224308427, 0.76477139797, 2.0928523098e-05],
      [0.030793057132, 0.017415464257, 0.86792791987, 0.083863558737],
      [0.0013756703316, 0.92775538545, 0.031340279335, 0.039528664883],
      [0.07035464485, 0.094549611436, 0.44424486414, 0.39085087958]
    ],
    [
      [0.019346427126, 0.7439234463, 0.14599321032, 0.090736916253],
      [0.23992457832, 0.041794527046, 0.71826708292, 1.3811714935e-05],
      [0.040035703129, 0.019022075582, 0.88099328758, 0.059948933708],
      [0.0014907175116, 0.94780938919, 0.026337861098, 0.024362032201],
      [0.098732546622, 0.11290237709, 0.48077181907, 0.30759325722]
    ],
    [
      [0.0067622692115, 0.71173684737, 0.17301255704, 0.10848832639],
      [0.082988253938, 0.038031697231, 0.8789633546, 1.6694229141e-05],
      [0.01203120107, 0.014633852253, 0.91182167272, 0.061513273962],
      [0.00052809430296, 0.93867636899, 0.031448757778, 0.02934677893],
      [0.031637675874, 0.094199019032, 0.53070248578, 0.34346081931]
    ],
    [
      [0.018650084551, 0.47892554216, 0.30337822394, 0.19904614935],
      [0.12990641236, 0.015082928171, 0.85499316543, 1.7494039731e-05],
      [0.019102853308, 0.0059652617903, 0.90896609134, 0.06596579356],
      [0.0019020781883, 0.8555613651, 0.072305803761, 0.070230752949],
      [0.051211409716, 0.038212481523, 0.54149704862, 0.36907906014]
    ],
    [
      [0.00055077135153, 0.99052149045, 0.004852178699, 0.0040755594968],
      [0.21066155652, 0.13286462315, 0.65645871938, 1.510094215e-05],
      [0.029876973963, 0.057751534576, 0.84324749646, 0.069123994998],
      [6.3911654834e-05, 0.99689987053, 0.0013029725254, 0.0017332452946],
      [0.050203346862, 0.33661519441, 0.29522714876, 0.31795430997]
    ],
    [
      [0.020914340935, 0.64897844436, 0.21708126062, 0.11302595409],
      [0.18930870889, 0.026457941771, 0.7842205817, 1.2767643111e-05],
      [0.029830451691, 0.011344597645, 0.90669442213, 0.052130528535],
      [0.0017649033525, 0.92217753478, 0.042861887118, 0.033195674748],
      [0.081835581861, 0.07439897452, 0.54906306451, 0.29470237911]
    ],
    [
      [0.032138994053, 0.57037220208, 0.23012673617, 0.1673620677],
      [0.25177988645, 0.022121487753, 0.72608174973, 1.6876068807e-05],
      [0.04218297307, 0.0099299999438, 0.8759449133, 0.071942113687],
      [0.0030687377125, 0.88998492362, 0.051436360991, 0.055509977676],
      [0.10320975431, 0.057783742777, 0.4786842414, 0.36032226151]
    ],
    [
      [0.0084589729715, 0.56759729392, 0.24540824703, 0.17853548609],
      [0.072172744225, 0.018289940539, 0.90951832314, 1.8992098747e-05],
      [0.010271874265, 0.0068375197287, 0.91454732541, 0.068343280601],
      [0.00069809643829, 0.90190733796, 0.046780713323, 0.050613852277],
      [0.027241773552, 0.044646789333, 0.52909888613, 0.39901255098]
    ],
    [
      [0.10794626868, 0.51196600203, 0.15630781652, 0.22377991277],
      [0.64766091942, 0.011922173424, 0.34040217675, 1.4730406227e-05],
      [0.16862512369, 0.0092377490395, 0.71248160173, 0.10965552555],
      [0.010379010366, 0.87923389066, 0.035442206847, 0.074944892129],
      [0.29359149925, 0.038057653663, 0.2677080956, 0.40064275149]
    ],
    [
      [0.032856158904, 0.687830226, 0.14552071935, 0.13379289575],
      [0.34661455165, 0.035786723903, 0.61758057034, 1.8154106737e-05],
      [0.064725757841, 0.017909646132, 0.83103150177, 0.086333094253],
      [0.0027295544026, 0.9303657647, 0.028301360019, 0.038603320877],
      [0.13777804878, 0.090789388697, 0.39513096153, 0.37630160099]
    ],
    [
      [0.026986809731, 0.73115218564, 0.10358541859, 0.13827558604],
      [1, 3.4874510061e-17, 2.077703906e-13, 7.7417236543e-18],
      [0.2393865088, 0.00032925479322, 0.75177754725, 0.0085066891508],
      [6.4989281619e-05, 0.99965121087, 0.00023346494452, 5.0334907806e-05],
      [0.82773195206, 8.3620186678e-05, 0.16587405452, 0.0063103732296]
    ],
    [
      [0.029454186222, 0.54787880737, 0.22846988966, 0.19419711675],
      [0.23653746672, 0.022022137072, 0.74142019384, 2.02023707e-05],
      [0.038618113219, 0.0095972819791, 0.86819752304, 0.08358708176],
      [0.0028981755754, 0.87815702312, 0.052610447335, 0.06633435397],
      [0.090517996812, 0.053489468052, 0.4552351027, 0.40075743244]
    ],
    [
      [0.034085829152, 0.51654944721, 0.22601448693, 0.22335023671],
      [0.27389140902, 0.016839993366, 0.70924739421, 2.1203411783e-05],
      [0.044079722925, 0.0075625743314, 0.85688424685, 0.091473455895],
      [0.0031712144173, 0.87583993575, 0.049234484811, 0.071754365022],
      [0.098879870977, 0.040667291358, 0.42267712348, 0.43777571418]
    ],
    [
      [0.022179132327, 0.6489425849, 0.16898404405, 0.15989423872],
      [0.23634455786, 0.034999428647, 0.72863383919, 2.2174298686e-05],
      [0.038715156536, 0.015271827021, 0.85420521216, 0.091807804278],
      [0.0019336180456, 0.9151859233, 0.034477959488, 0.048402499169],
      [0.085328921754, 0.080008285339, 0.42161271763, 0.41305007527]
    ],
    [
      [0.010382851662, 0.80471624321, 0.10991182981, 0.074989075315],
      [0.18204185085, 0.05384247979, 0.76409984211, 1.5827247286e-05],
      [0.028305208852, 0.022940730968, 0.88382384219, 0.064930217989],
      [0.00073410275809, 0.96270285611, 0.018152446787, 0.018410594345],
      [0.068006965732, 0.13577647317, 0.46599007403, 0.33022648707]
    ],
    [
      [0.019088694543, 0.69850134103, 0.14776357709, 0.13464638733],
      [0.23255443472, 0.041771245055, 0.72565319959, 2.1120635954e-05],
      [0.038093691127, 0.018312315273, 0.855563259, 0.088030734598],
      [0.0015618337405, 0.93190046434, 0.02829373114, 0.038243970777],
      [0.084026412517, 0.096318794767, 0.42154213252, 0.39811266019]
    ],
    [
      [0.0071828972327, 0.51826921448, 0.21933176115, 0.25521612714],
      [0.066336977729, 0.015956693607, 0.91767801885, 2.8309810019e-05],
      [0.0092220765137, 0.0057649092399, 0.88478733339, 0.10022568085],
      [0.00056751545829, 0.89241772032, 0.039636309309, 0.067378454915],
      [0.019845163454, 0.031444928721, 0.4185921737, 0.53011773413]
    ],
    [
      [0.015718410529, 0.7556848376, 0.13772457745, 0.090872174421],
      [0.21003349046, 0.048943512538, 0.74100746616, 1.5530838092e-05],
      [0.034521595466, 0.02157053408, 0.87881421684, 0.065093653616],
      [0.0012117461429, 0.94960157848, 0.024844749425, 0.024341925955],
      [0.083032278463, 0.12398416645, 0.47133237069, 0.3216511844]
    ],
    [
      [0.01597849162, 0.80295050641, 0.11058048726, 0.070490514706],
      [0.24881422656, 0.059934850197, 0.69123694996, 1.3973285807e-05],
      [0.043109772995, 0.02791600596, 0.86704682013, 0.061927400917],
      [0.0011755741642, 0.96175405275, 0.01904136997, 0.018029003115],
      [0.10018767332, 0.15522021643, 0.44879273945, 0.29579937079]
    ],
    [
      [0.012384550964, 0.76534902597, 0.11801619998, 0.10425022309],
      [0.19725103808, 0.053700085121, 0.74902841229, 2.0464515926e-05],
      [0.030930215807, 0.02291716791, 0.8625481042, 0.083604512084],
      [0.00092753159233, 0.95131023538, 0.020670447192, 0.027091785839],
      [0.068413505557, 0.12272097626, 0.42198047152, 0.38688504666]
    ],
    [
      [0.010815791905, 0.76721030261, 0.14735454677, 0.074619358716],
      [0.14606907832, 0.049439595062, 0.80447844451, 1.2882106018e-05],
      [0.022847197901, 0.020661633752, 0.90526754924, 0.051223619106],
      [0.00082193858758, 0.95327626858, 0.026190299958, 0.01971149287],
      [0.06013085241, 0.1305041629, 0.53140210796, 0.27796287673]
    ],
    [
      [0.028582222208, 0.70922928874, 0.14352293367, 0.11866555538],
      [0.32972843715, 0.030482194235, 0.63977348461, 1.5884004325e-05],
      [0.057835440751, 0.014999611673, 0.85179145366, 0.075373493919],
      [0.0021552713038, 0.94142603463, 0.025360079678, 0.031058614387],
      [0.13076085692, 0.082820191991, 0.42176365927, 0.36465529182]
    ],
    [
      [0.028404690657, 0.67117954854, 0.16146962589, 0.1389461349],
      [0.29283957664, 0.034667241351, 0.67247461449, 1.8567516575e-05],
      [0.0515671753, 0.016290846322, 0.84930257236, 0.082839406016],
      [0.002411885515, 0.92453251136, 0.032088827567, 0.040966775562],
      [0.11467250261, 0.08618662344, 0.42257114782, 0.37656972613]
    ],
    [
      [0.019819885958, 0.84112660072, 0.076438841896, 0.062614671422],
      [0.365852657, 0.072811961345, 0.56132083583, 1.4545830078e-05],
      [0.072641266142, 0.039154560124, 0.81366717264, 0.074537001095],
      [0.0014056816715, 0.97045442399, 0.012697833732, 0.015442060604],
      [0.1450872726, 0.18741534852, 0.36121816941, 0.30627920947]
    ],
    [
      [0.048367826284, 0.52424857262, 0.15096605801, 0.27641754308],
      [0.44358822855, 0.021151517207, 0.53523031667, 2.9937565179e-05],
      [0.082914761355, 0.011098263393, 0.75519986026, 0.150787115],
      [0.0046984260427, 0.86789695686, 0.034405444912, 0.092999172182],
      [0.1394985353, 0.044736646284, 0.2794115641, 0.53635325432]
    ],
    [
      [0.017919417764, 0.6223225242, 0.15890773003, 0.200850328],
      [0.21924311924, 0.026627189915, 0.75410273413, 2.6956708939e-05],
      [0.032317989552, 0.011123316364, 0.84670296047, 0.10985573361],
      [0.0014204981763, 0.91452806315, 0.029436286941, 0.054615151733],
      [0.065102832916, 0.055891297073, 0.37385436998, 0.50515150003]
    ],
    [
      [0.048426322856, 0.62232954819, 0.18909073393, 0.14015339503],
      [0.39024315605, 0.02091360947, 0.58882970526, 1.3529221959e-05],
      [0.074228248781, 0.011130428637, 0.8458080599, 0.068833262678],
      [0.004115233136, 0.91674624377, 0.037701003364, 0.041437519734],
      [0.17292595689, 0.061920146687, 0.43258775485, 0.33256614157]
    ],
    [
      [0.02211308959, 0.44398055383, 0.17204959816, 0.36185675842],
      [0.24645245326, 0.019112025803, 0.73439091812, 4.4602816629e-05],
      [0.034164123821, 0.0076209199939, 0.78478174964, 0.17343320655],
      [0.0022107876738, 0.83418049594, 0.04023466568, 0.12337405071],
      [0.055541538556, 0.030103304804, 0.27974100852, 0.63461414812]
    ],
    [
      [0.041090777774, 0.56250104374, 0.29597096153, 0.10043721695],
      [0.25755158269, 0.01395438121, 0.7284865291, 7.5069948432e-06],
      [0.043193663512, 0.0065033972895, 0.91711488898, 0.033188050221],
      [0.0036445959567, 0.90374912099, 0.061432812577, 0.031173470472],
      [0.1316949708, 0.047398056476, 0.61041807166, 0.21048890106]
    ],
    [
      [0.0022294059624, 0.86975237808, 0.05937641202, 0.068641803941],
      [0.07213062324, 0.067589949499, 0.86025213899, 2.7288271393e-05],
      [0.010349399179, 0.024681856615, 0.86525120786, 0.099717536346],
      [0.00014824778758, 0.97547531742, 0.0090232047131, 0.015353230083],
      [0.020556600712, 0.1341974285, 0.37488706642, 0.47035890437]
    ],
    [
      [0.045772708173, 0.72820218714, 0.13041819239, 0.0956069123],
      [0.48777058831, 0.025024204069, 0.48719496948, 1.0238141188e-05],
      [0.097904650539, 0.015531893695, 0.82546089322, 0.061102562542],
      [0.003358865756, 0.94932072297, 0.022576449969, 0.024743961304],
      [0.22283519529, 0.085408448368, 0.3961797051, 0.29557665124]
    ],
    [
      [0.012413581806, 0.74742026801, 0.14403239357, 0.096133756617],
      [0.16717484293, 0.048276772768, 0.78453177401, 1.6610290639e-05],
      [0.026292308584, 0.020276033523, 0.88700904879, 0.066422609102],
      [0.00096112574289, 0.94711874666, 0.026083300507, 0.025836827087],
      [0.064151262099, 0.11859749568, 0.48306180133, 0.33418944089]
    ],
    [
      [0.014849054693, 0.74146053318, 0.13253908769, 0.11115132444],
      [0.20739458146, 0.048142821515, 0.74444300494, 1.9592081422e-05],
      [0.033295752832, 0.020773971162, 0.86519287843, 0.080737397576],
      [0.0011482162561, 0.94506819956, 0.023973901059, 0.02980968313],
      [0.074988824351, 0.11264750152, 0.4339779024, 0.37838577173]
    ],
    [
      [0.016796149631, 0.54342479623, 0.26585384632, 0.17392520782],
      [0.13409674062, 0.016877859178, 0.84901011934, 1.5280859519e-05],
      [0.018884026566, 0.0067582366723, 0.91579602005, 0.058561716707],
      [0.0015084984862, 0.88821019735, 0.055576624821, 0.054704679341],
      [0.052496263089, 0.045814605498, 0.54256694154, 0.35912218988]
    ],
    [
      [0.004001856868, 0.46456386429, 0.17025358597, 0.36118069287],
      [0.036634989377, 0.014591167282, 0.94872990179, 4.3941554503e-05],
      [0.0058863702058, 0.0049613166326, 0.83880265425, 0.15034965891],
      [0.00030077546972, 0.88696007186, 0.028163819736, 0.084575332932],
      [0.0080129533775, 0.02025386039, 0.27345349367, 0.69827969257]
    ],
    [
      [0.05020790883, 0.20688051012, 0.25477429453, 0.48813728652],
      [0.37829031499, 0.0049498109716, 0.61673016423, 2.9709812973e-05],
      [0.051577370357, 0.0024214500004, 0.80426107512, 0.14174010453],
      [0.0069954142473, 0.67637227516, 0.08374890068, 0.23288340991],
      [0.091257649204, 0.0099692098326, 0.28945597653, 0.60931716443]
    ],
    [
      [0.011685957599, 0.73854505153, 0.10839345331, 0.14137553756],
      [8.6490202298e-05, 0.001755040439, 0.99813279185, 2.5677513186e-05],
      [0.0016383395277, 0.00084512695216, 0.90554647812, 0.091970055404],
      [2.4771098491e-06, 0.99840803502, 0.00064957981616, 0.00093990805597],
      [0.00079910468825, 0.00072595049003, 0.25264376312, 0.7458311817]
    ],
    [
      [0.0045625648233, 0.95425595112, 0.034163004387, 0.0070184796668],
      [0.2494725103, 0.042123093276, 0.70840003645, 4.3599688921e-06],
      [0.039038406977, 0.019123005016, 0.92338008773, 0.018458500275],
      [0.0003367994437, 0.99171011059, 0.0059174855521, 0.0020356044101],
      [0.12174784873, 0.16887023081, 0.59129253642, 0.11808938404]
    ],
    [
      [0.0040266508048, 0.86258895051, 0.041863424326, 0.091520974361],
      [0.16808572265, 0.14443374063, 0.68743582712, 4.4709590304e-05],
      [0.024364499702, 0.057868922477, 0.74363852086, 0.17412805696],
      [0.00027953547279, 0.97117807216, 0.006776416486, 0.021765975881],
      [0.033987124614, 0.20269027728, 0.22975123181, 0.5335713663]
    ],
    [
      [0.010108457812, 0.75943581923, 0.15000553523, 0.080450187727],
      [0.13633276421, 0.045047970989, 0.81860586275, 1.3402058363e-05],
      [0.020822121762, 0.018513945184, 0.9080386446, 0.052625288451],
      [0.00076108563936, 0.95179487497, 0.026371761265, 0.021072278126],
      [0.055134200489, 0.11929343452, 0.53190743796, 0.29366492703]
    ],
    [
      [0.052375467371, 0.3573366629, 0.36565637202, 0.2246314977],
      [0.27005343926, 0.007209221273, 0.72272425245, 1.3087018187e-05],
      [0.043151821391, 0.0033310268489, 0.89605899983, 0.057458151931],
      [0.0059393911109, 0.80832536026, 0.097110056334, 0.088625192296],
      [0.1179931895, 0.021270167526, 0.52778638339, 0.33295025958]
    ],
    [
      [0.011536897522, 0.67617189572, 0.086232108349, 0.22605909841],
      [0.25542711187, 0.046262728668, 0.69826019225, 4.9967209509e-05],
      [0.033877029225, 0.018448349968, 0.74924000567, 0.19843461514],
      [0.00087445718443, 0.92597077897, 0.01526460771, 0.057890156132],
      [0.046861615733, 0.06576970965, 0.2266910376, 0.66067763702]
    ],
    [
      [0.043016376344, 0.58655872343, 0.16723030151, 0.20319459872],
      [0.38321977885, 0.024679818709, 0.59207778029, 2.2622147277e-05],
      [0.07145159626, 0.01250791588, 0.80672605558, 0.10931443228],
      [0.0039578522337, 0.8950980061, 0.036044589578, 0.064899552084],
      [0.14091949265, 0.058912128986, 0.35374790092, 0.44642047745]
    ],
    [
      [0.035928297721, 0.57808744785, 0.29988746925, 0.086096785172],
      [0.24361004386, 0.012799888206, 0.74358440163, 5.6663028128e-06],
      [0.036615786398, 0.0058504970537, 0.93330174603, 0.02423197052],
      [0.0029925493945, 0.912237985, 0.058574970196, 0.026194495409],
      [0.12476023842, 0.047196197674, 0.65538832684, 0.17265523706]
    ],
    [
      [0.0088628669016, 0.85270431678, 0.080457627683, 0.057975188633],
      [0.19623607177, 0.08701465676, 0.71673300977, 1.6261701638e-05],
      [0.032519799095, 0.038687487783, 0.85975145384, 0.069041259279],
      [0.00062056666768, 0.9721037283, 0.013177716632, 0.014097988399],
      [0.070624336855, 0.20292184144, 0.41565602051, 0.31079780119]
    ],
    [
      [0.0078414279278, 0.85267653231, 0.087124585079, 0.052357454681],
      [0.16655340706, 0.08557033291, 0.74786207528, 1.4184758712e-05],
      [0.027103665008, 0.037221928583, 0.87688256692, 0.058791839487],
      [0.00055059385729, 0.97236733517, 0.014307280002, 0.012774790974],
      [0.062501228662, 0.20667075607, 0.45063176534, 0.28019624993]
    ],
    [
      [0.020599815044, 0.94072369659, 0.0081507831855, 0.030525705179],
      [0.56181283952, 0.04169698036, 0.39646328562, 2.6894498003e-05],
      [0.43552025789, 0.018664001167, 0.44852419223, 0.097291548711],
      [0.0013769060581, 0.98955552731, 0.0015921018617, 0.0074754647652],
      [0.72420015306, 0.038144888529, 0.039912058801, 0.19774289961]
    ],
    [
      [0.0099890839218, 0.79539431343, 0.10375438779, 0.090862214855],
      [0.20986662879, 0.030104471513, 0.76001191519, 1.6984498961e-05],
      [0.027818828119, 0.012820502777, 0.88899340651, 0.070367262592],
      [0.00062524829634, 0.96470592867, 0.015057214648, 0.019611608384],
      [0.067651661579, 0.081390962861, 0.44674497509, 0.40421240047]
    ],
    [
      [0.0001269214713, 0.99202519765, 0.0044451306705, 0.0034027502048],
      [0.034764229402, 0.30499986801, 0.66022277183, 1.3130757775e-05],
      [0.0071417815439, 0.12746628013, 0.80852430643, 0.056867631901],
      [1.3537179944e-05, 0.99779200847, 0.0010251317523, 0.0011693226015],
      [0.0090855670053, 0.5740464234, 0.22961863991, 0.18724936968]
    ],
    [
      [0.0022797803526, 0.50307391785, 0.14688934052, 0.34775696128],
      [0.014706148245, 0.017787731624, 0.9674724432, 3.3676927629e-05],
      [0.0036791266513, 0.0064561704862, 0.86480659241, 0.12505811045],
      [0.00020265581559, 0.88341174865, 0.02754954117, 0.088836054368],
      [0.0033749001077, 0.028056157537, 0.21654722961, 0.75202171274]
    ],
    [
      [0.011661015161, 0.7519135054, 0.095544017144, 0.1408814623],
      [2.2930403933e-12, 0.0012767782339, 0.99868893023, 3.4291532691e-05],
      [0.00093542427041, 0.00073383212124, 0.88158001347, 0.11675073014],
      [6.4269845216e-07, 0.99933770998, 0.00023339172752, 0.00042825559696],
      [9.138406406e-05, 0.00020587388994, 0.1223051523, 0.87739758975]
    ],
    [
      [0.02171514815, 0.42973727409, 0.19403729509, 0.35451028267],
      [0.21402247145, 0.020102548044, 0.765831112, 4.3868505016e-05],
      [0.030681794933, 0.0078065422293, 0.79879526439, 0.16271639845],
      [0.002426015853, 0.80990498494, 0.050719919952, 0.13694907925],
      [0.05417994802, 0.032888816379, 0.31393710617, 0.59899412943]
    ],
    [
      [0.014380880254, 0.4346371236, 0.13215640962, 0.41882558653],
      [0.23008944824, 0.01788068582, 0.75196977106, 6.0094883745e-05],
      [0.026091352216, 0.0065965138728, 0.74382552891, 0.223486605],
      [0.0011966916935, 0.85875336994, 0.025560969264, 0.11448896911],
      [0.033005740519, 0.020799753174, 0.19960273433, 0.74659177198]
    ],
    [
      [0.00011865916041, 0.99142475859, 0.0025178626677, 0.005938719579],
      [0.067428387319, 0.25713771988, 0.67539002952, 4.3863277752e-05],
      [0.01021279905, 0.092162761619, 0.72054983209, 0.17707460724],
      [1.5435333513e-05, 0.99657809994, 0.00075817686408, 0.0026482878669],
      [0.010484864572, 0.33548205115, 0.1603546528, 0.49367843148]
    ],
    [
      [0.018011024207, 0.74021165711, 0.11020494219, 0.13157237649],
      [0.2768118628, 0.049454242636, 0.67370891543, 2.4979137832e-05],
      [0.046091282494, 0.02238104899, 0.82296961431, 0.10855805421],
      [0.0013722106538, 0.94427977343, 0.019649843819, 0.034698172102],
      [0.090233873763, 0.10614388946, 0.35721564156, 0.44640659522]
    ],
    [
      [0.0053313974316, 0.25715370451, 0.16443294338, 0.57308195468],
      [0.060651523003, 0.011649899556, 0.92762564769, 7.2929754802e-05],
      [0.0074310326865, 0.0036762005448, 0.7552105488, 0.23368221797],
      [0.0006264505055, 0.74373612634, 0.043609364775, 0.21202805838],
      [0.0082356974028, 0.010837191751, 0.18575135715, 0.7951757537]
    ],
    [
      [0.055140120241, 0.58951123739, 0.21563233798, 0.1397163044],
      [0.39133663385, 0.017433859716, 0.59121781958, 1.1686846888e-05],
