{
  "X": [
    [63, 14, 23],
    [58, 20, 22],
    [48, 22, 30],
    [57, 23, 20],
    [60, 20, 20],
    [61, 18, 21],
    [65, 14, 21],
    [62, 16, 22],
    [59, 18, 23],
    [52, 24, 24],
    [65, 15, 20],
    [68, 14, 18],
    [57, 13, 30],
    [60, 11, 29],
    [43, 9, 48],
    [49, 14, 37],
    [52, 17, 31],
    [46, 18, 36],
    [39, 24, 37],
    [37, 32, 31],
    [37, 29, 34],
    [38, 34, 28],
    [41, 32, 27],
    [42, 31, 27],
    [33, 38, 29],
    [31, 32, 37],
    [39, 31, 30],
    [33, 31, 36],
    [27, 37, 36],
    [31, 33, 36],
    [31, 31, 38],
    [32, 24, 44],
    [36, 22, 42],
    [35, 26, 39],
    [33, 20, 47],
    [29, 36, 35],
    [33, 30, 37],
    [34, 34, 32],
    [43, 26, 31],
    [42, 24, 34],
    [40, 23, 37],
    [45, 27, 28],
    [48, 16, 36],
    [37, 31, 32],
    [53, 31, 16],
    [49, 25, 26],
    [49, 37, 14],
    [59, 26, 15],
    [45, 39, 16],
    [49, 35, 16]
  ],
  "W": [
    [56, 1, 6, 6, 5, 7, 8, 11],
    [59, 6, 4, 10, 3, 8, 5, 5],
    [53, 9, 8, 7, 4, 8, 7, 4],
    [50, 7, 3, 3, 10, 12, 6, 9],
    [57, 7, 6, 6, 5, 5, 3, 11],
    [53, 4, 11, 5, 3, 9, 5, 10],
    [22, 47, 7, 3, 4, 5, 8, 4],
    [9, 58, 6, 5, 5, 3, 9, 5],
    [4, 58, 8, 7, 6, 4, 7, 6],
    [2, 57, 4, 6, 8, 10, 6, 7],
    [3, 55, 9, 6, 4, 7, 8, 8],
    [10, 52, 7, 10, 3, 7, 4, 7],
    [6, 23, 33, 3, 2, 15, 10, 8],
    [9, 4, 54, 4, 8, 6, 6, 9],
    [5, 11, 58, 2, 9, 4, 6, 5],
    [8, 5, 59, 3, 5, 5, 10, 5],
    [4, 6, 61, 4, 7, 5, 4, 9],
    [6, 3, 53, 11, 7, 7, 3, 10],
    [8, 8, 36, 28, 7, 7, 4, 2],
    [7, 4, 5, 63, 6, 8, 4, 3],
    [2, 5, 5, 65, 5, 4, 7, 7],
    [12, 7, 2, 57, 9, 6, 2, 5],
    [7, 7, 6, 61, 7, 2, 3, 7],
    [7, 5, 3, 51, 9, 7, 7, 11],
    [4, 7, 6, 55, 7, 7, 2, 12],
    [10, 8, 5, 6, 59, 3, 7, 2],
    [4, 8, 7, 5, 54, 7, 8, 7],
    [5, 4, 8, 8, 55, 10, 6, 4],
    [6, 6, 6, 4, 53, 8, 5, 12],
    [2, 4, 3, 10, 60, 7, 4, 10],
    [7, 10, 3, 4, 59, 7, 5, 5],
    [4, 7, 5, 1, 16, 51, 7, 9],
    [4, 8, 5, 11, 9, 57, 3, 3],
    [10, 5, 8, 2, 10, 56, 3, 6],
    [6, 4, 8, 7, 7, 54, 5, 9],
    [6, 5, 12, 6, 4, 54, 10, 3],
    [3, 9, 2, 5, 7, 53, 11, 10],
    [8, 7, 7, 5, 2, 31, 30, 10],
    [6, 7, 5, 5, 6, 6, 61, 4],
    [7, 5, 9, 7, 6, 4, 58, 4],
    [7, 5, 5, 3, 6, 4, 59, 11],
    [8, 5, 3, 6, 9, 4, 59, 6],
    [10, 5, 9, 7, 4, 6, 53, 6],
    [9, 5, 6, 3, 5, 5, 43, 24],
    [5, 8, 8, 6, 14, 4, 3, 52],
    [4, 11, 11, 3, 5, 9, 11, 46],
    [5, 9, 5, 6, 10, 1, 10, 54],
    [9, 6, 7, 10, 4, 8, 10, 46],
    [8, 8, 8, 8, 8, 5, 5, 50],
    [9, 10, 10, 6, 5, 3, 5, 52]
  ],
  "method": "mult",
  "cond_prob": [
    [
      [0.77530962132, 0.076738048276, 0.1479523304],
      [0.80609845694, 0.061309922793, 0.13259162026],
      [0.54886139415, 0.021801156904, 0.42933744895],
      [0.37119949285, 0.28860361313, 0.34019689402],
      [0.23311496057, 0.29252811763, 0.4743569218],
      [0.23371280615, 0.20473940586, 0.56154778799],
      [0.42417895101, 0.1691106284, 0.40671042058],
      [0.64192739754, 0.32092993611, 0.037142666353]
    ],
    [
      [0.70876997743, 0.13740333896, 0.15382668361],
      [0.76381846815, 0.10037641272, 0.13580511913],
      [0.52117319302, 0.037211447919, 0.44161535906],
      [0.2989217424, 0.40355393782, 0.29752431979],
      [0.18563248739, 0.40429252844, 0.41007498417],
      [0.19435767393, 0.29708921365, 0.50855311243],
      [0.36557096676, 0.25383695812, 0.38059207512],
      [0.51722732787, 0.449556654, 0.033216018128]
    ],
    [
      [0.59842816414, 0.17793442517, 0.22363741069],
      [0.68223501919, 0.12779305236, 0.18997192846],
      [0.41303584353, 0.043109504691, 0.54385465178],
      [0.22317450202, 0.42921010324, 0.34761539475],
      [0.13254585576, 0.41089462491, 0.45655951933],
      [0.13600252169, 0.30073098123, 0.56326649707],
      [0.2769104475, 0.27366345016, 0.44942610234],
      [0.43002678412, 0.52623018356, 0.043743032316]
    ],
    [
      [0.74091524084, 0.13834529139, 0.12073946777],
      [0.78669796593, 0.1019466372, 0.11135539687],
      [0.57147733192, 0.040231525188, 0.38829114289],
      [0.319745209, 0.42549337227, 0.25476141874],
      [0.2043480309, 0.43671797007, 0.35893399903],
      [0.21865424344, 0.32735641646, 0.45398934011],
      [0.39722669865, 0.27202576723, 0.33074753411],
      [0.52477701682, 0.44936921959, 0.025853763588]
    ],
    [
      [0.71588769932, 0.13363802862, 0.15047427207],
      [0.76848708986, 0.097938953075, 0.13357395706],
      [0.52654342558, 0.036457777659, 0.43699879676],
      [0.30482097647, 0.39859340622, 0.29658561732],
      [0.18959405283, 0.40035783249, 0.41004811469],
      [0.19840010108, 0.29367715782, 0.5079227411],
      [0.37142547635, 0.2500379443, 0.37853657936],
      [0.52477799083, 0.44240580088, 0.032816208282]
    ],
    [
      [0.74993871616, 0.11865568278, 0.13140560107],
      [0.7918779198, 0.088406531784, 0.11971554842],
      [0.56211001583, 0.033534435309, 0.40435554886],
      [0.33414472511, 0.38333885342, 0.28251642147],
      [0.2112604903, 0.39155916971, 0.39718033999],
      [0.2219330228, 0.28685476781, 0.4912122094],
      [0.40383722886, 0.23846211683, 0.35770065431],
      [0.55814377444, 0.41233686266, 0.029519362896]
    ],
    [
      [0.73404673473, 0.11575551363, 0.15019775164],
      [0.78563082019, 0.083114889268, 0.13125429055],
      [0.53491580998, 0.031346949902, 0.43373724012],
      [0.32490090681, 0.3660315267, 0.30906756649],
      [0.20288679267, 0.36869067303, 0.4284225343],
      [0.20968540574, 0.26649813604, 0.52381645822],
      [0.38875557974, 0.2245034368, 0.38674098346],
      [0.55929776489, 0.40654370211, 0.034158533002]
    ],
    [
      [0.70568162272, 0.12999826819, 0.16432010909],
      [0.75554540847, 0.096516557069, 0.14793803446],
      [0.50406022025, 0.034570267315, 0.46136951243],
      [0.296447502, 0.38533669415, 0.31821580385],
      [0.18226080441, 0.38279136286, 0.43494783274],
      [0.18898789893, 0.27769518653, 0.53331691454],
      [0.35792162151, 0.23935180483, 0.40272657367],
      [0.52421411206, 0.43934831687, 0.036437571065]
    ],
    [
      [0.69468595671, 0.13999123597, 0.16532280732],
      [0.74220166502, 0.10677698236, 0.15102135262],
      [0.49667011123, 0.037682984345, 0.46564690443],
      [0.28364888551, 0.40402274685, 0.31232836764],
      [0.17388775125, 0.40041922517, 0.42569302359],
      [0.18178680795, 0.29267297839, 0.52554021366],
      [0.34667787783, 0.2539468865, 0.39937523566],
      [0.50290627157, 0.46108525111, 0.03600847732]
    ],
    [
      [0.65848434937, 0.1729659716, 0.16854967903],
      [0.694871456, 0.14370698784, 0.16142155616],
      [0.47424222984, 0.047358530336, 0.47839923982],
      [0.24612255072, 0.45995847847, 0.2939189708],
      [0.14823657837, 0.45357669432, 0.39818672731],
      [0.15747827556, 0.3400620841, 0.50245964034],
      [0.31172988817, 0.29971529685, 0.38855481498],
      [0.43865705346, 0.52657979727, 0.034763149268]
    ],
    [
      [0.75638425253, 0.10964976816, 0.13396597931],
      [0.81609830797, 0.073544975778, 0.11035671625],
      [0.5724559288, 0.02980750845, 0.39773656275],
      [0.3526811156, 0.35990134996, 0.28741753445],
      [0.2241441627, 0.36955600141, 0.40629983589],
      [0.23331204168, 0.26812448311, 0.49856347521],
      [0.42085807654, 0.22027846036, 0.35886346311],
      [0.58507808705, 0.38513478521, 0.029787127734]
    ],
    [
      [0.77871918476, 0.097994807616, 0.12328600762],
      [0.83936559812, 0.062201127899, 0.098433273978],
      [0.59624563443, 0.027109833286, 0.37664453229],
      [0.38040928561, 0.34046794606, 0.27912276833],
      [0.24337386978, 0.35520981226, 0.40141631796],
      [0.25320886649, 0.25632714019, 0.49046399332],
      [0.44595361012, 0.2071937227, 0.34685266718],
      [0.61451237681, 0.35749295294, 0.02799467025]
    ],
    [
      [0.76531245313, 0.098087055865, 0.13660049101],
      [0.81687432008, 0.066985725736, 0.11613995418],
      [0.58281014038, 0.020193360117, 0.3969964995],
      [0.36437871937, 0.33391451282, 0.30170676781],
      [0.23150105224, 0.3428934793, 0.42560546846],
      [0.24284403939, 0.24334394523, 0.51381201538],
      [0.43070778919, 0.19979373669, 0.36949847412],
      [0.6101755677, 0.35859975582, 0.031224676486]
    ],
    [
      [0.80508706396, 0.083368103531, 0.11154483251],
      [0.84249031297, 0.060458592593, 0.097051094437],
      [0.64737741053, 0.013252591137, 0.33936999834],
      [0.41787518124, 0.31278402731, 0.26934079145],
      [0.27643568544, 0.33126957587, 0.39229473868],
      [0.28383623815, 0.23863345915, 0.4775303027],
      [0.48653998591, 0.18609819577, 0.32736181832],
      [0.65784793903, 0.31583668119, 0.026315379777]
    ],
    [
      [0.6758359566, 0.1001998839, 0.2239641595],
      [0.72632227363, 0.072744380679, 0.20093334569],
      [0.41794114946, 0.014774875366, 0.56728397518],
      [0.27941300693, 0.29610029138, 0.4244867017],
      [0.16330448055, 0.28053801756, 0.55615750189],
      [0.1615755306, 0.19344310156, 0.64498136783],
      [0.31884561175, 0.17280167443, 0.50835271381],
      [0.56054928138, 0.38284888563, 0.056601832998]
    ],
    [
      [0.70563675534, 0.14279528345, 0.15156796121],
      [0.75993388491, 0.10531197255, 0.13475414254],
      [0.52024093661, 0.041279140011, 0.43847992337],
      [0.29195218891, 0.41886927313, 0.28917853796],
      [0.18125953524, 0.42041944851, 0.39832101625],
      [0.19169868905, 0.3107791994, 0.49752211156],
      [0.36070963826, 0.26572482576, 0.37356553599],
      [0.50265544034, 0.4651518585, 0.032192701162]
    ],
    [
      [0.7236277191, 0.15320011864, 0.12317216226],
      [0.77772556369, 0.11331017639, 0.10896425992],
      [0.57060504278, 0.054345609133, 0.37504934809],
      [0.30450247758, 0.45601088322, 0.2394866392],
      [0.19351457117, 0.46892991348, 0.33755551535],
      [0.21026029188, 0.35616374597, 0.43357596215],
      [0.38588423817, 0.29672733329, 0.31738842853],
      [0.49608642347, 0.47977503552, 0.024138541012]
    ],
    [
      [0.70728700385, 0.13826522738, 0.15444776877],
      [0.76093359544, 0.10190965338, 0.13715675118],
      [0.51703548516, 0.039569825531, 0.44339468931],
      [0.2949611442, 0.40769937189, 0.29733948392],
      [0.18284518171, 0.40822331133, 0.40893150695],
      [0.19210579227, 0.30043347812, 0.50746072961],
      [0.3619634763, 0.25687243114, 0.38116409256],
      [0.51154766441, 0.45515710121, 0.033295234374]
    ],
    [
      [0.66327840746, 0.16295013422, 0.17377145832],
      [0.72178719108, 0.1221363952, 0.15607641371],
      [0.46149581328, 0.052902843092, 0.48560134363],
      [0.24659901984, 0.44400798171, 0.30939299845],
      [0.15349989644, 0.43066266822, 0.41583743534],
      [0.16219511586, 0.31930213294, 0.5185027512],
      [0.31798286166, 0.28090510736, 0.40111203097],
      [0.45952842255, 0.5046039439, 0.035867633545]
    ],
    [
      [0.7273034571, 0.12336656285, 0.14932998006],
      [0.77771060236, 0.090515066873, 0.13177433076],
      [0.53474204562, 0.033854024214, 0.43140393016],
      [0.31920548035, 0.37885735251, 0.30193716714],
      [0.19842645567, 0.38292188461, 0.41865165972],
      [0.2062871685, 0.27953518545, 0.51417764606],
      [0.38321627423, 0.23613780623, 0.38064591954],
      [0.546885574, 0.4195754824, 0.0335389436]
    ],
    [
      [0.72260957593, 0.10757455423, 0.16981586985],
      [0.77162854104, 0.078643324676, 0.14972813429],
      [0.50537642181, 0.027923054478, 0.46670052371],
      [0.31949710011, 0.33137590393, 0.34912699596],
      [0.19575263009, 0.33136515163, 0.47288221828],
      [0.19826847567, 0.23577386339, 0.56595766094],
      [0.37354596979, 0.20170347318, 0.42475055702],
      [0.57368366931, 0.38581995949, 0.040496371195]
    ],
    [
      [0.71094979472, 0.1379401264, 0.15111007888],
      [0.76438582256, 0.10164399117, 0.13397018627],
      [0.52454036275, 0.037952459397, 0.43750717785],
      [0.29674896459, 0.4087418436, 0.29450919181],
      [0.1855758685, 0.40884071583, 0.40558341567],
      [0.19505198027, 0.30157461303, 0.5033734067],
      [0.36653662362, 0.25719446872, 0.37626890766],
      [0.51611241054, 0.45112349657, 0.032764092893]
    ],
    [
      [0.73627550684, 0.12310328461, 0.14062120855],
      [0.78603210615, 0.090111740487, 0.12385615336],
      [0.55139135468, 0.034327887174, 0.41428075814],
      [0.32983748856, 0.38284625791, 0.28731625353],
      [0.20572269737, 0.39072909146, 0.40354821117],
      [0.21464317266, 0.28683860495, 0.49851822239],
      [0.39488779732, 0.23986070281, 0.36525149987],
      [0.55162902281, 0.41707754432, 0.031293432868]
    ],
    [
      [0.75391186366, 0.11258168372, 0.13350645263],
      [0.80075776744, 0.082077898863, 0.1171643337],
      [0.56979056301, 0.031748008755, 0.39846142823],
      [0.35517664962, 0.36322065658, 0.2816026938],
      [0.22176499318, 0.37546528682, 0.40276972],
      [0.23026975776, 0.27428395072, 0.49544629152],
      [0.41656602095, 0.22592411345, 0.35750986559],
      [0.57924653709, 0.39103610703, 0.029717355881]
    ],
    [
      [0.67132666651, 0.16046110142, 0.16821223207],
      [0.72893237371, 0.12009855454, 0.15096907175],
      [0.48166731266, 0.043673399726, 0.47465928761],
      [0.25159704532, 0.4436880122, 0.30471494249],
      [0.15816254912, 0.43197314751, 0.40986430337],
      [0.16721659724, 0.32091323277, 0.51187016998],
      [0.32504861958, 0.28129769672, 0.3936536837],
      [0.4630478405, 0.50164871567, 0.035303443833]
    ],
    [
      [0.69514364237, 0.13892624877, 0.16593010887],
      [0.74973635674, 0.1027526652, 0.14751097806],
      [0.49798625323, 0.037347823586, 0.46466592318],
      [0.28520640197, 0.40028984525, 0.31450375278],
      [0.16699953357, 0.40089352122, 0.43210694521],
      [0.18248389105, 0.29061783542, 0.52689827354],
      [0.34766296924, 0.25192010546, 0.4004169253],
      [0.50771905314, 0.45611300239, 0.036167944464]
    ],
    [
      [0.7726994167, 0.11305910726, 0.11424147604],
      [0.81962003881, 0.081378685101, 0.099001276086],
      [0.61196846275, 0.032559922802, 0.35547161445],
      [0.36820171721, 0.37973880573, 0.25205947707],
      [0.25523552983, 0.39073861875, 0.35402585141],
      [0.2529835579, 0.29454757747, 0.45246886463],
      [0.44580992262, 0.23614361414, 0.31804646324],
      [0.58676732861, 0.38846474768, 0.024767923707]
    ],
    [
      [0.74490216003, 0.11788320906, 0.13721463091],
      [0.79331639339, 0.086088382941, 0.12059522367],
      [0.56125569599, 0.032820496703, 0.40592380731],
      [0.33696833119, 0.37580383641, 0.2872278324],
      [0.21823000166, 0.38122320459, 0.40054679375],
      [0.2224943426, 0.28107664212, 0.49642901528],
      [0.4053012434, 0.23333841742, 0.36136033917],
      [0.56425760779, 0.40479064494, 0.030951747264]
    ],
    [
      [0.6529394807, 0.16551834487, 0.18154217443],
      [0.71242043707, 0.12409356206, 0.16348600087],
      [0.45747101994, 0.044178437507, 0.49835054255],
      [0.24587887735, 0.43793939514, 0.31618172751],
      [0.13113222087, 0.43637140992, 0.43249636922],
      [0.1545698189, 0.31743001409, 0.52800016701],
      [0.30638558108, 0.28200276451, 0.4116116544],
      [0.44675039182, 0.514030141, 0.039219467181]
    ],
    [
      [0.73879299194, 0.11459620657, 0.14661080149],
      [0.78748205135, 0.083694273045, 0.1288236756],
      [0.54416428907, 0.031531518646, 0.42430419228],
      [0.33218450157, 0.36268441656, 0.30513108188],
      [0.21077186876, 0.36618601843, 0.42304211281],
      [0.21494417015, 0.26677129504, 0.51828453482],
      [0.39602717937, 0.22341041061, 0.38056241001],
      [0.56831178938, 0.39823899594, 0.033449214677]
    ],
    [
      [0.7014500521, 0.12889237164, 0.16965757626],
      [0.75396113583, 0.095237242868, 0.1508016213],
      [0.49617052134, 0.034118823882, 0.46971065478],
      [0.29319062825, 0.3790464218, 0.32776294995],
      [0.17295643546, 0.37736112204, 0.4496824425],
      [0.18469915541, 0.27217469139, 0.54312615321],
      [0.35270078069, 0.23536642598, 0.41193279332],
      [0.52562730326, 0.43609552821, 0.038277168526]
    ],
    [
      [0.72254382619, 0.10920834224, 0.16824783157],
      [0.7715898296, 0.079810814923, 0.14859935548],
      [0.50792249601, 0.028537147625, 0.46354035637],
      [0.31812530776, 0.33964939496, 0.34222529728],
      [0.19467053068, 0.33699581171, 0.46833365761],
      [0.19600816651, 0.23880953841, 0.56518229508],
      [0.37367594148, 0.20559960585, 0.42072445267],
      [0.56934239188, 0.39019323403, 0.040464374089]
    ],
    [
      [0.76677987819, 0.093108007827, 0.14011211399],
      [0.81134656751, 0.067012359537, 0.12164107295],
      [0.56739823355, 0.025379392037, 0.40722237441],
      [0.37114036323, 0.31669475475, 0.31216488202],
      [0.23551475369, 0.32472287063, 0.43976237568],
      [0.24994357113, 0.22731494434, 0.52274148453],
      [0.4294957112, 0.19018036163, 0.38032392716],
      [0.62255643761, 0.343643694, 0.033799868387]
    ],
    [
      [0.73479737079, 0.1239676616, 0.14123496761],
      [0.78444270713, 0.090848377966, 0.1247089149],
      [0.549780275, 0.034545543568, 0.41567418143],
      [0.32401408935, 0.38654991356, 0.28943599709],
      [0.20425379296, 0.39258198083, 0.40316422622],
      [0.21735618248, 0.28725415713, 0.49538966039],
      [0.39254228275, 0.24130742032, 0.36615029693],
      [0.5485718968, 0.42010707501, 0.031321028194]
    ],
    [
      [0.72738898335, 0.092866963192, 0.17974405346],
      [0.77451757382, 0.067823666407, 0.15765875978],
      [0.496575159, 0.023133298755, 0.48029154224],
      [0.32819546928, 0.29697788509, 0.37482664562],
      [0.19995331589, 0.29296137852, 0.50708530559],
      [0.19543247776, 0.20047001497, 0.60409750726],
      [0.37643362666, 0.17541810367, 0.44814826967],
      [0.60360345599, 0.35048788811, 0.045908655899]
    ],
    [
      [0.66539205553, 0.19993912553, 0.13466881895],
      [0.72833184461, 0.15010301868, 0.1215651367],
      [0.52240830474, 0.061519897594, 0.41607179767],
      [0.24633704509, 0.52207653122, 0.23158642368],
      [0.15352982871, 0.52595403592, 0.32051613537],
      [0.15772903446, 0.42275634458, 0.41951462097],
      [0.32447143309, 0.35645376248, 0.31907480442],
      [0.41428833664, 0.56065193975, 0.025059723603]
    ],
    [
      [0.71797564896, 0.13686402528, 0.14516032577],
      [0.77071920553, 0.10093861684, 0.12834217763],
      [0.53620496369, 0.038235531837, 0.42555950447],
      [0.30492780027, 0.40973398005, 0.28533821968],
      [0.19046138734, 0.4139262435, 0.39561236916],
      [0.20112518526, 0.30780035492, 0.49107445982],
      [0.37449348191, 0.25966940802, 0.36583711006],
      [0.52002584437, 0.4488553405, 0.031118815138]
    ],
    [
      [0.66243282976, 0.18928874811, 0.14827842214],
      [0.72418825403, 0.14213435239, 0.13367739358],
      [0.50293937423, 0.055164333427, 0.44189629234],
      [0.24785432883, 0.49511780293, 0.25702786824],
      [0.15355467326, 0.49379437735, 0.35265094939],
      [0.1585111673, 0.38727242308, 0.45421640962],
      [0.31354414757, 0.3388174319, 0.34763842053],
      [0.424409236, 0.54714533726, 0.02844542674]
    ],
    [
      [0.73229299975, 0.13494194958, 0.13276505067],
      [0.78375173141, 0.099051549212, 0.11719671937],
      [0.56154164427, 0.038612290682, 0.39984606505],
      [0.3188908074, 0.41384769479, 0.26726149781],
      [0.20179546017, 0.42303935125, 0.37516518858],
      [0.21424359952, 0.31516277247, 0.47059362801],
      [0.39514763933, 0.26290598542, 0.34194637525],
      [0.52939431648, 0.44205241946, 0.028553264057]
    ],
    [
      [0.72222366925, 0.1293745157, 0.14840181505],
      [0.773719948, 0.095057262294, 0.13122278971],
      [0.53395950217, 0.035670189251, 0.43037030858],
      [0.31141414438, 0.39303204568, 0.29555380995],
      [0.1943314483, 0.39637454236, 0.40929400935],
      [0.20327534858, 0.2909249528, 0.50579969863],
      [0.37889585208, 0.24605345324, 0.37505069468],
      [0.53381263509, 0.43344717555, 0.032740189359]
    ],
    [
      [0.6993129969, 0.12032337435, 0.18036362876],
      [0.75152461373, 0.088674206883, 0.15980117939],
      [0.4823756695, 0.03087138275, 0.48675294775],
      [0.29405461057, 0.35672640588, 0.34921898356],
      [0.17840508505, 0.35029112109, 0.47130379386],
      [0.1820345982, 0.2506273099, 0.5673380919],
      [0.34472421986, 0.2164087724, 0.43886700774],
      [0.53780417264, 0.41976869785, 0.042427129518]
    ],
    [
      [0.75170734904, 0.1287343526, 0.11955829836],
      [0.80059423611, 0.094096851892, 0.105308912],
      [0.59120413522, 0.037796154604, 0.37099971017],
      [0.33978172483, 0.40980680857, 0.2504114666],
      [0.21853474374, 0.42491229062, 0.35655296563],
      [0.23238368976, 0.31795720604, 0.4496591042],
      [0.42344951872, 0.25892700044, 0.31762348083],
      [0.54853303584, 0.42577985643, 0.025687107734]
    ],
    [
      [0.7632247333, 0.081738146975, 0.15503711972],
      [0.80531338585, 0.059460917683, 0.13522569646],
      [0.54470369253, 0.021030590381, 0.43426571709],
      [0.3703186161, 0.282228525, 0.34745285891],
      [0.23165725034, 0.28573553801, 0.48260721165],
      [0.23143656354, 0.19967577769, 0.56888765877],
      [0.42764269498, 0.15999771676, 0.41235958826],
      [0.6443851626, 0.31659385783, 0.039020979567]
    ],
    [
      [0.64189407774, 0.16128612221, 0.19681980005],
      [0.70252046261, 0.12078593687, 0.17669360052],
      [0.4368762655, 0.041116745433, 0.52200698907],
      [0.2400608993, 0.42297770291, 0.33696139779],
      [0.14277681158, 0.40914180242, 0.448081386],
      [0.14885645007, 0.29939201652, 0.55175153341],
      [0.28508940261, 0.27090604983, 0.44400454757],
      [0.44382916984, 0.50988468322, 0.046286146949]
    ],
    [
      [0.75754073064, 0.11292132999, 0.12953793937],
      [0.80496744222, 0.082125120674, 0.11290743711],
      [0.57749836993, 0.031841576897, 0.39066005317],
      [0.35251269326, 0.36813774832, 0.27934955843],
      [0.22652028044, 0.37846861274, 0.39501110682],
      [0.23372500242, 0.27705114292, 0.48922385467],
      [0.42122666623, 0.22763336962, 0.35113996415],
      [0.58976211068, 0.38894553886, 0.021292350457]
    ],
    [
      [0.70062542423, 0.10410172682, 0.19527284894],
      [0.74924545944, 0.074115192677, 0.17663934788],
      [0.46444912503, 0.022836173532, 0.51271470144],
      [0.29988189955, 0.31574461424, 0.38437348621],
      [0.17956523701, 0.30604591899, 0.514388844],
      [0.17820851174, 0.21275501051, 0.60903647775],
      [0.34501643935, 0.18565863026, 0.46932493039],
      [0.55761583808, 0.37136140433, 0.071022757587]
    ],
    [
      [0.72296941203, 0.14388374801, 0.13314683996],
      [0.77619492509, 0.10656846486, 0.11723661005],
      [0.55364144601, 0.041508497246, 0.40485005674],
      [0.30803716998, 0.42863809927, 0.26332473075],
      [0.19428336465, 0.43660060221, 0.36911603313],
      [0.20651363423, 0.32594455825, 0.46754180752],
      [0.3823897461, 0.27538246985, 0.34222778405],
      [0.51499488189, 0.46474664288, 0.020258475227]
    ],
    [
      [0.80089611479, 0.094554134406, 0.1045497508],
      [0.84043253058, 0.068261814387, 0.091305655031],
      [0.63703516844, 0.027621388758, 0.3353434428],
      [0.41001793768, 0.33992394837, 0.25005811395],
      [0.26857487673, 0.36193749276, 0.36948763051],
      [0.28135802168, 0.26419617379, 0.45444580453],
      [0.48324647886, 0.20677126667, 0.30998225446],
      [0.65287577736, 0.33734392763, 0.0097802950134]
    ],
    [
      [0.68916369793, 0.16579918489, 0.14503711718],
      [0.74670363658, 0.12378043259, 0.12951593084],
      [0.51839631777, 0.048003882064, 0.43359980016],
      [0.27344734778, 0.45858586736, 0.26796678486],
      [0.16945814152, 0.45987743174, 0.37066442675],
      [0.18209172496, 0.34621802275, 0.47169025228],
      [0.34574135109, 0.29889802325, 0.35536062567],
      [0.46366962974, 0.51452090762, 0.021809462638]
    ],
    [
      [0.69380041445, 0.15054630829, 0.15565327726],
      [0.74939638583, 0.11202678106, 0.13857683312],
      [0.50684277029, 0.042032392694, 0.45112483702],
      [0.28122939608, 0.42559868538, 0.29317191854],
      [0.17336294607, 0.42383792292, 0.40279913101],
      [0.18287686746, 0.31370457368, 0.50341855886],
      [0.34790800679, 0.27185413518, 0.38023785803],
      [0.48752005703, 0.48329471854, 0.029185224429]
    ]
  ],
  "expected_outcome": [
    [
      [43.4173387941, 41.8174286683, 31.7166926994, 37.0457620422, 40.805598861, 39.7467519563, 16.1490281641, 6.3511346045, 2.7787438268, 1.3169686987, 2.2691527576, 7.7871918476, 4.5918747188, 7.2457835756, 3.379179783, 5.6450940427, 2.8945108764, 4.2437220231, 5.3062272597, 5.0911241997, 1.4452191519, 8.5313975367, 5.1539285479, 5.2773830456, 2.685306666, 6.9514364237, 3.0907976668, 3.7245108001, 3.9176368842, 1.4775859839, 4.9101503647, 2.8901753048, 3.0671195127, 7.3479737079, 4.3643339001, 3.9923523332, 2.1539269469, 5.2994626381, 4.3937579985, 5.0555656848, 4.8951909783, 6.0136587923, 7.632247333, 5.7770466996, 3.7877036532, 2.8025016969, 3.6148470602, 7.2080650331, 5.5133095834, 6.2442037301],
      [4.2973307034, 8.1067969987, 9.4305245337, 6.9172645693, 7.6173676311, 6.2887511873, 2.5466212998, 1.1699844137, 0.55996494389, 0.34593194321, 0.32894930447, 0.97994807616, 0.58852233519, 0.75031293178, 0.5009994195, 1.1423622676, 0.61280047454, 0.82959136428, 1.3036010738, 0.86356593993, 0.21514910845, 1.6552815168, 0.86172299227, 0.78807178601, 0.64184440569, 1.3892624877, 0.45223642905, 0.58941604532, 0.99311006921, 0.22919241314, 0.90224660151, 0.43683336895, 0.37243203131, 1.239676616, 0.55720177915, 1.1996347532, 0.41059207584, 1.5143099848, 0.80965169747, 0.90562160989, 0.84226362043, 1.0298748208, 0.81738146975, 1.4515750999, 0.56460664996, 0.41640690729, 0.71941874006, 0.85098720966, 1.3263934791, 1.3549167746],
      [8.2853305025, 9.0757743329, 11.8527827668, 6.0369733885, 8.577033508, 6.9644968565, 3.3043505361, 1.4788809818, 0.66129122927, 0.33709935805, 0.40189793793, 1.2328600762, 0.81960294605, 1.0039034926, 1.1198207975, 1.2125436896, 0.49268864905, 0.9266866126, 1.3901716665, 1.0453098604, 0.33963173969, 1.8133209465, 0.98434845984, 0.93454516838, 0.67284892829, 1.6593010887, 0.45696590416, 0.68607315455, 1.0892530466, 0.29322160298, 1.1876030338, 0.67299132629, 0.56044845595, 1.4123496761, 1.0784643207, 0.80801291367, 0.4354809773, 1.1862273771, 0.79659030405, 1.0388127054, 1.2625454013, 0.95646638686, 1.5503711972, 1.7713782004, 0.64768969684, 0.78109139578, 0.66573419978, 0.94094775724, 1.1602969375, 1.4008794953]
    ],
    [
      [0.80609845694, 4.5829108089, 6.1401151727, 5.5068857615, 5.379409629, 3.1675116792, 36.9246485488, 43.8216336912, 43.0476965712, 39.6076729917, 44.8854069383, 43.6470111024, 18.7881093618, 3.3699612519, 7.9895450099, 3.7996694246, 4.6663533821, 2.2828007863, 5.7742975287, 3.1108424095, 3.8581427052, 5.3507007579, 5.502224743, 4.0037888372, 5.102526616, 5.9978908539, 6.5569603105, 3.1732655735, 4.2745226224, 3.1499282054, 7.5396113583, 5.4011288072, 6.4907725401, 3.9222135357, 3.0980702953, 3.6416592231, 6.9364728498, 5.0693177782, 5.4862621199, 3.86859974, 3.7576230686, 4.0029711805, 4.0265669293, 3.512602313, 6.4397395377, 8.2417000539, 6.9857543258, 5.0425951835, 5.9736290926, 7.4939638583],
      [0.061309922793, 0.60225847631, 1.1501374712, 0.71362646038, 0.68557267153, 0.35362612714, 3.9063997956, 5.59796031, 6.1930649767, 8.1912983071, 4.0449736678, 3.2344586507, 1.5406716919, 0.24183437037, 0.80018818747, 0.52655986274, 0.67986105837, 0.30572896013, 0.97709116163, 0.36206026749, 0.39321662338, 0.7115079382, 0.63078218341, 0.41038949431, 0.8406898818, 0.82202132161, 0.65102948081, 0.34435353176, 0.74456137234, 0.33477709218, 0.95237242868, 0.55867570446, 0.5360988763, 0.45424188983, 0.27129466563, 0.75051509342, 0.90844755154, 0.99494046674, 0.69336084449, 0.47528631147, 0.44337103442, 0.47048425946, 0.29730458842, 0.60392968435, 0.65700096539, 0.81526711944, 0.95911618376, 0.40957088632, 0.99024346069, 1.1202678106],
      [0.13259162026, 0.81483071478, 1.7097473561, 0.77948777812, 0.93501769945, 0.47886219368, 6.1689516556, 8.5804059988, 8.7592384521, 9.2010287012, 6.0696193939, 5.1185302468, 2.6712189462, 0.38820437775, 2.2102668026, 0.67377071269, 0.65378555952, 0.41147025355, 1.2486113097, 0.52709732306, 0.74864067143, 0.93779130388, 0.86699307355, 0.58582166848, 1.0567835022, 1.1800878245, 0.79201020869, 0.48238089469, 0.98091600525, 0.5152947024, 1.508016213, 1.0401954883, 0.97312858363, 0.6235445745, 0.6306350391, 0.60782568351, 1.1550795987, 0.93574175503, 0.82037703562, 0.65611394854, 0.79900589693, 0.52654456001, 0.67612848232, 0.8834680026, 0.90325949687, 1.9430328267, 1.0551294904, 0.54783393018, 1.0361274467, 1.3857683312]
    ],
    [
      [3.2931683649, 2.0846927721, 3.3042867482, 1.7144319958, 3.1592605535, 6.1832101742, 3.7444106699, 3.0243613215, 3.9733608898, 1.8969689194, 5.1521033592, 4.173719441, 19.2327346325, 34.9583801684, 24.2405866685, 30.6942152603, 34.8069076097, 27.4028807135, 16.6138492782, 2.6737102281, 2.5268821091, 1.0490807255, 3.3083481281, 1.709371689, 2.890003876, 2.4899312662, 4.2837792392, 4.4900455679, 2.7448261196, 1.6324928672, 1.488511564, 2.53961248, 2.8369911678, 4.3982422, 3.972601272, 6.2688996569, 1.0724099274, 3.5205756196, 2.8077082213, 4.8056355195, 2.4118783475, 1.7736124057, 4.9023332328, 2.621257593, 4.6199869595, 5.1089403753, 2.7682072301, 4.4592461791, 4.1471705422, 5.0684277029],
      [0.13080694142, 0.14884579168, 0.34487603752, 0.12069457556, 0.21874666596, 0.3688787884, 0.21942864931, 0.20742160389, 0.30146387476, 0.18943412134, 0.26826757605, 0.189768833, 0.66638088385, 0.71563992138, 0.85694277122, 2.4354692607, 3.3150821571, 2.0972007531, 1.9045023513, 0.16927012107, 0.13961527239, 0.075904918795, 0.20596732305, 0.095244026264, 0.26204039836, 0.18673911793, 0.22791945961, 0.26256397363, 0.26507062504, 0.094594555939, 0.10235647165, 0.14268573812, 0.12689696018, 0.27636434854, 0.18506639004, 0.73823877113, 0.076471063673, 0.38615033399, 0.19306145341, 0.32103170326, 0.15435691375, 0.11338846381, 0.18927531343, 0.2467004726, 0.25473261517, 0.25119790885, 0.20754248623, 0.1933497213, 0.38403105652, 0.42032392694],
      [2.5760246937, 1.7664614362, 4.3508372143, 1.1648734287, 2.6219927806, 4.4479110374, 3.0361606808, 2.7682170746, 3.7251752354, 1.9135969593, 3.5796290647, 2.636511726, 13.1008844836, 18.3259799103, 32.9024705603, 25.8703154791, 22.8780102332, 23.4999185334, 17.4816483705, 2.1570196508, 2.3335026186, 0.87501435571, 2.4856845489, 1.1953842847, 2.8479557257, 2.3233296159, 2.4883013011, 3.2473904585, 2.9901032553, 1.2729125768, 1.4091319643, 2.3177017818, 2.0361118721, 3.3253934514, 3.8423323379, 4.992861572, 0.85111900895, 3.0932740464, 1.9992303252, 3.8733327772, 2.4337647387, 1.1129991305, 3.9083914538, 3.1320419344, 3.1252804254, 5.6398617159, 2.0242502837, 2.3474040996, 3.4687984013, 4.5112483702]
    ],
    [
      [2.2271969571, 2.989217424, 1.5622215141, 0.95923562699, 1.8289258588, 1.6707236256, 0.97470272042, 1.48223751, 1.9855421986, 1.4767353043, 2.1160866936, 3.8040928561, 1.0931361581, 1.6715007249, 0.55882601385, 0.87585656674, 1.2180099103, 3.2445725862, 6.9047725556, 20.1099452618, 20.767311507, 16.9146909818, 20.1200868024, 18.1140091306, 13.8378374923, 1.7112384118, 1.841008586, 2.6957466495, 0.98351550941, 3.3218450157, 1.172762513, 0.31812530776, 4.0825439955, 0.6480281787, 2.297368285, 1.4780222706, 1.5246390013, 1.2392716441, 1.594454037, 2.1798990106, 0.8821638317, 2.038690349, 2.5922303127, 0.72018269791, 2.1150761595, 0.89964569865, 1.8482230199, 4.1001793768, 2.1875787822, 1.6873763765],
      [1.7316216788, 4.0355393782, 3.0044707227, 1.2764801168, 2.3915604373, 1.9166942671, 1.0980945801, 1.9266834707, 2.8281592279, 2.7597508708, 2.1594080997, 3.4046794606, 1.0017435385, 1.2511361093, 0.59220058276, 1.2566078194, 1.8240435329, 4.4846930907, 12.4322234879, 23.8680132081, 21.5394337554, 23.2982850853, 23.3536217325, 18.5242534855, 24.4028406708, 2.4017390715, 1.8986940286, 3.0064306913, 1.7517575805, 3.6268441656, 1.5161856872, 0.33964939496, 3.4836423023, 0.77309982712, 2.0788451957, 3.1324591873, 2.0486699003, 2.4755890147, 2.0692384739, 2.7512243197, 1.0701792176, 2.4588408514, 1.975599675, 1.2689331087, 2.2088264899, 0.94723384271, 2.5718285956, 3.3992394837, 3.6686869389, 2.5535921123],
      [2.0411813641, 2.9752431979, 2.4333077632, 0.76428425621, 1.7795137039, 1.4125821074, 0.92720269948, 1.5910790192, 2.1862985735, 1.7635138248, 1.7245052067, 2.7912276833, 0.90512030342, 1.0773631658, 0.84897340339, 0.86753561388, 0.95794655681, 3.2707343231, 8.6630039565, 19.02204153, 22.6932547376, 16.7870239329, 17.5262914651, 14.3617373839, 16.7593218369, 1.8870225167, 1.2602973853, 2.2978226592, 1.26472691, 3.0513108188, 1.3110517998, 0.34222529728, 3.4338137023, 0.57887199418, 2.6237865194, 1.3895185421, 1.4266910984, 1.2851393412, 1.3363074891, 2.0688766696, 1.0476569507, 1.5024687996, 2.4321700123, 1.0108841934, 1.6760973506, 1.1531204586, 1.5799483845, 2.5005811395, 2.1437342789, 1.7590315113]
    ],
    [
      [1.1655748029, 0.55689746217, 0.53018342304, 2.043480309, 0.94797026413, 0.6337814709, 0.81154717067, 0.91130402203, 1.0433265075, 1.185892627, 0.89657665078, 0.73012160935, 0.46300210448, 2.2114854835, 1.4697403249, 0.90629767621, 1.3546019982, 1.279916272, 1.0744992751, 1.190558734, 0.97876315044, 1.6701828165, 1.4400588816, 1.9958849386, 1.1071378439, 9.8529724804, 13.7827186109, 12.0026500914, 6.9500077059, 12.6463121255, 10.2044296924, 3.1147284908, 2.1196327832, 2.0425379296, 1.3996732112, 0.61411931486, 1.3332297114, 0.30710934652, 1.210772761, 1.1659886898, 1.0704305103, 1.9668126937, 0.92662900137, 0.71388405789, 3.1712839261, 0.89782618507, 1.9428336465, 1.0742995069, 1.3556651321, 0.86681473037],
      [1.4626405881, 1.2128775853, 1.6435784996, 4.3671797007, 2.0017891624, 1.1746775091, 1.4747626921, 1.9139568143, 2.402515351, 3.6286135545, 1.4782240056, 1.0656294368, 0.6857869586, 2.650156607, 2.5248421581, 2.1020972426, 3.2825093944, 2.8575631793, 3.0146386775, 2.2975313077, 1.6568257581, 3.6795664425, 2.7351036402, 3.3791875814, 3.0238120325, 23.652717752, 21.0998854127, 20.9672762524, 23.1276847256, 21.9711611061, 22.2643062003, 5.3919329873, 2.9225058357, 3.9258198083, 2.0507296497, 2.1038161437, 2.8974837045, 0.9875887547, 2.5382361075, 2.3782472541, 2.1017467265, 3.8242106156, 1.142942152, 2.0457090121, 5.2985605784, 1.5302295949, 4.3660060221, 1.447749971, 3.6790194539, 2.1191896146],
      [2.371784609, 1.2302249525, 1.8262380773, 3.5893399903, 2.0502405734, 1.19154102, 1.7136901372, 2.1747391637, 2.5541581415, 3.1854938185, 1.6251993436, 1.2042489539, 0.85121093692, 3.1383579095, 5.005417517, 1.9916050812, 2.3628886074, 2.8625205487, 2.9108620474, 2.5119099583, 2.3644110914, 3.650250741, 2.8248374782, 3.62492748, 2.8690501236, 25.4943097676, 19.1173959764, 22.0300736562, 22.9223075685, 25.3825267685, 26.5312641074, 7.4933385218, 3.9578613811, 4.0316422622, 3.5495971391, 1.2820645415, 2.7692865841, 0.70530189878, 2.2509911315, 2.4557640561, 2.8278227632, 3.2089766907, 1.9304288466, 2.24040693, 5.5301554955, 2.57194422, 3.6911603313, 1.477950522, 2.965315414, 2.013995655]
    ],
    [
      [1.6359896431, 1.5548613914, 1.0880201735, 2.6238509213, 0.99200050539, 1.9973972052, 1.0484270287, 0.5669636968, 0.72714723182, 1.5747827556, 1.6331842918, 1.7724620654, 3.6426605909, 1.7030174289, 0.64630212242, 0.95849344524, 1.0513014594, 1.3447405459, 1.135365811, 1.650297348, 0.79307390268, 1.1703118816, 0.42928634532, 1.6118883043, 1.1705161807, 0.54745167314, 1.7708849053, 2.224943426, 1.2365585512, 1.504609191, 1.2928940878, 9.9964164921, 14.2467835543, 12.1719462191, 10.5533537992, 8.5173678606, 10.6596348185, 4.9138461863, 1.2854615971, 0.8131013943, 0.72813839279, 0.92953475902, 1.3886193812, 0.74428225035, 0.93490000966, 1.6038766056, 0.20651363423, 2.2508641735, 0.91045862482, 0.54863060238],
      [1.433175841, 2.3767137092, 2.4058478499, 3.9282769975, 1.4683857891, 2.5816929102, 1.3324906802, 0.83308555959, 1.1706919135, 3.400620841, 1.8768713818, 1.7942899813, 3.6501591785, 1.4318007549, 0.77377240626, 1.553895997, 1.7808187298, 2.1030343469, 2.2351149306, 2.2362814836, 0.94309545355, 1.8094476782, 0.5736772099, 1.919987655, 2.2463926294, 0.87185350625, 2.0618330423, 2.8107664212, 2.5394401127, 1.8673990653, 1.9052228397, 12.1792864589, 12.9569518274, 16.0862327992, 10.8253808085, 22.8288426072, 16.313418811, 12.0054451155, 1.8909766348, 1.1636998112, 1.0025092396, 1.2718288242, 1.1980546661, 1.4969600826, 1.1082045717, 1.9147950946, 0.32594455825, 2.1135693903, 1.7310901138, 0.94111372104],
      [3.9308345159, 4.0684248994, 4.5061319766, 5.4478720813, 2.5396137055, 4.4209098846, 2.6190822911, 1.5999507436, 2.1021608546, 5.0245964034, 3.4899443265, 3.4332479533, 7.7071802306, 2.8651818162, 2.5799254713, 2.4876105578, 2.1678798107, 3.5522251072, 3.6295192584, 4.1134211684, 2.2638306438, 3.0202404402, 0.99703644478, 3.4681240407, 3.5830911899, 1.5806948206, 3.1672820524, 4.9642901528, 4.2240013361, 3.6279917437, 3.8018830725, 28.824297049, 29.7962646183, 27.7418209817, 32.6212653923, 22.6537895322, 26.0269463705, 14.0807086982, 2.8235617681, 2.0231987945, 2.2693523676, 1.7986364168, 3.4133259526, 2.7587576671, 1.9568954187, 5.4813282998, 0.46754180752, 3.6355664362, 2.3584512614, 1.5102556766]
    ],
    [
      [3.3934316081, 1.8278548338, 1.9383731325, 2.3833601919, 1.114276429, 2.0191861443, 3.1100446379, 3.2212945936, 2.4267451448, 1.870379329, 3.3668646123, 1.7838144405, 4.3070778919, 2.9192399155, 1.9130736705, 3.6070963826, 1.5435369527, 1.0858904289, 1.2719314467, 1.5328650969, 2.6148217886, 0.73307324724, 1.184663392, 2.9159621467, 0.65009723917, 2.4336407847, 3.5664793809, 2.4318074604, 1.5319279054, 1.5841087175, 1.7635039035, 2.6157315904, 1.2884871336, 1.1776268483, 1.8821681333, 3.2447143309, 4.1194283011, 9.4063244271, 24.1040059992, 21.9759594206, 20.3387289718, 24.9835216047, 22.665062834, 12.2588443121, 1.2636799987, 3.7951808328, 3.823897461, 4.8324647886, 1.7287067554, 1.739540034],
      [1.3528850272, 1.2691847906, 1.9156441511, 1.6321546034, 0.75011383289, 1.1923105841, 1.7960274944, 2.1541662435, 1.7776282055, 1.7982917811, 1.7622276828, 0.82877489079, 1.9979373669, 1.1165891746, 1.0368100466, 2.6572482576, 1.1869093332, 0.77061729341, 1.1236204295, 0.94455122493, 1.4119243123, 0.51438893743, 0.71958210842, 1.5814687942, 0.56259539343, 1.7634407382, 1.8891489131, 1.4000305045, 1.4100138226, 0.89364164245, 1.1768321299, 1.439197241, 0.5705410849, 0.72392226096, 0.87709051833, 3.5645376248, 2.8563634883, 10.164522957, 16.0372651105, 14.2711002881, 12.7681175713, 15.2766930262, 8.4798789883, 11.6489601425, 0.68290010886, 2.0422449329, 2.7538246985, 2.0677126667, 1.4944901162, 1.3592706759],
      [3.2536833646, 1.9029603756, 3.1459827164, 1.9844852047, 1.1356097381, 1.7885032716, 3.0939278676, 3.624539163, 2.7956266496, 2.3313288899, 2.8709077049, 1.3874106687, 3.6949847412, 1.9641709099, 3.0501162829, 3.7356553599, 1.2695537141, 1.1434922777, 1.6044481239, 1.5225836781, 2.9732538992, 0.75253781533, 1.0957544996, 2.5025690591, 0.7873073674, 2.8029184771, 2.5443717059, 2.168162035, 2.058058272, 1.5222496401, 2.0596639666, 2.9450711687, 1.1409717815, 1.0984508908, 2.2407413483, 3.1907480442, 4.0242082107, 10.4291526159, 20.8587288903, 21.7529402913, 25.8931534569, 18.7397853691, 21.8550581777, 19.0921955454, 1.0534198924, 5.1625742343, 3.4222778405, 3.0998225446, 1.7768031283, 1.9011892901]
    ],
    [
