{
  "Z_true": {},
  "V_true": [
    [50, 669, 719, 355, 64],
    [127, 130, 997, 13039, 639],
    [96, 302, 3144, 645, 142],
    [109, 201, 538, 1003, 317],
    [450, 32, 270, 474, 76],
    [52, 59, 218, 1027, 832]
  ],
  "p_true": [
    [0.0269, 0.3603, 0.3872, 0.1912, 0.0345],
    [0.0085, 0.0087, 0.0668, 0.8732, 0.0428],
    [0.0222, 0.0698, 0.7263, 0.149, 0.0328],
    [0.0503, 0.0927, 0.2482, 0.4626, 0.1462],
    [0.3456, 0.0246, 0.2074, 0.3641, 0.0584],
    [0.0238, 0.027, 0.0996, 0.4694, 0.3803]
  ],
  "Z_est": [
    [
      [32.7932, 7.5284, 25.9028, 4.2108, 17.7364, 8.8044, 0.2552, 19.6504, 17.4812, 2.9348, 5.742, 0.8932, 0.3828, 1.1484, 0.1276, 0.2552, 0.638, 0.2552, 0.1276, 0.3828, 7.656, 2.8072, 4.466, 7.5284, 3.9556, 3.828, 4.8488, 3.5728, 3.5728, 1.5312, 2.1692, 1.4036, 0.2552, 14.1636, 1.6588, 25.0096, 1.276],
      [105.627, 24.249, 83.433, 13.563, 57.129, 28.359, 0.822, 63.294, 56.307, 9.453, 18.495, 2.877, 1.233, 3.699, 0.411, 0.822, 2.055, 0.822, 0.411, 1.233, 24.66, 9.042, 14.385, 24.249, 12.741, 12.33, 15.618, 11.508, 11.508, 4.932, 6.987, 4.521, 0.822, 45.621, 5.343, 80.556, 4.11],
      [65.7406, 15.0922, 51.9274, 8.4414, 35.5562, 17.6502, 0.5116, 39.3932, 35.0446, 5.8834, 11.511, 1.7906, 0.7674, 2.3022, 0.2558, 0.5116, 1.279, 0.5116, 0.2558, 0.7674, 15.348, 5.6276, 8.953, 15.0922, 7.9298, 7.674, 9.7204, 7.1624, 7.1624, 3.0696, 4.3486, 2.8138, 0.5116, 28.3938, 3.3254, 50.1368, 2.558],
      [34.8235, 7.9945, 27.5065, 4.4715, 18.8345, 9.3495, 0.271, 20.867, 18.5635, 3.1165, 6.0975, 0.9485, 0.4065, 1.2195, 0.1355, 0.271, 0.6775, 0.271, 0.1355, 0.4065, 8.13, 2.981, 4.7425, 7.9945, 4.2005, 4.065, 5.149, 3.794, 3.794, 1.626, 2.3035, 1.4905, 0.271, 15.0405, 1.7615, 26.558, 1.355],
      [18.0414, 4.1418, 14.2506, 2.3166, 9.7578, 4.8438, 0.1404, 10.8108, 9.6174, 1.6146, 3.159, 0.4914, 0.2106, 0.6318, 0.0702, 0.1404, 0.351, 0.1404, 0.0702, 0.2106, 4.212, 1.5444, 2.457, 4.1418, 2.1762, 2.106, 2.6676, 1.9656, 1.9656, 0.8424, 1.1934, 0.7722, 0.1404, 7.7922, 0.9126, 13.7592, 0.702]
    ],
    [
      [3.8796, 0.9638, 2.7694, 2.2082, 1.2322, 1.1651, 3.9711, 2.4766, 1.5738, 0.5551, 0.5307, 3.7759, 2.7877, 4.0504, 2.4827, 4.7214, 4.3859, 3.1903, 1.769, 3.1598, 0.9028, 0.4514, 2.4644, 3.3306, 3.7576, 1.8727, 1.7324, 3.3916, 2.7084, 1.0919, 1.159, 0.7686, 0.244, 3.5685, 1.0553, 10.614, 0.3233],
      [5.724, 1.422, 4.086, 3.258, 1.818, 1.719, 5.859, 3.654, 2.322, 0.819, 0.783, 5.571, 4.113, 5.976, 3.663, 6.966, 6.471, 4.707, 2.61, 4.662, 1.332, 0.666, 3.636, 4.914, 5.544, 2.763, 2.556, 5.004, 3.996, 1.611, 1.71, 1.134, 0.36, 5.265, 1.557, 15.66, 0.477],
      [64.9356, 16.1318, 46.3534, 36.9602, 20.6242, 19.5011, 66.4671, 41.4526, 26.3418, 9.2911, 8.8827, 63.1999, 46.6597, 67.7944, 41.5547, 79.0254, 73.4099, 53.3983, 29.609, 52.8878, 15.1108, 7.5554, 41.2484, 55.7466, 62.8936, 31.3447, 28.9964, 56.7676, 45.3324, 18.2759, 19.399, 12.8646, 4.084, 59.7285, 17.6633, 177.654, 5.4113],
      [549.6312, 136.5436, 392.3468, 312.8404, 174.5684, 165.0622, 562.5942, 350.8652, 222.9636, 78.6422, 75.1854, 534.9398, 394.9394, 573.8288, 351.7294, 668.8908, 621.3598, 451.9766, 250.618, 447.6556, 127.9016, 63.9508, 349.1368, 471.8532, 532.3472, 265.3094, 245.4328, 480.4952, 383.7048, 154.6918, 164.198, 108.8892, 34.568, 505.557, 149.5066, 1503.708, 45.8026],
      [11.8932, 2.9546, 8.4898, 6.7694, 3.7774, 3.5717, 12.1737, 7.5922, 4.8246, 1.7017, 1.6269, 11.5753, 8.5459, 12.4168, 7.6109, 14.4738, 13.4453, 9.7801, 5.423, 9.6866, 2.7676, 1.3838, 7.5548, 10.2102, 11.5192, 5.7409, 5.3108, 10.3972, 8.3028, 3.3473, 3.553, 2.3562, 0.748, 10.9395, 3.2351, 32.538, 0.9911]
    ],
    [
      [14.3114, 4.075, 12.551, 2.1842, 8.5738, 4.4662, 0.3912, 9.617, 8.639, 2.2168, 2.934, 1.4344, 0.326, 1.2714, 0.4238, 0.7824, 0.9454, 0.5216, 0.1304, 0.5542, 3.3252, 0.8476, 4.8248, 7.1068, 3.5208, 3.586, 4.238, 4.6618, 2.7384, 1.7278, 2.4776, 1.5974, 0.7498, 6.194, 1.2714, 14.996, 0.9128],
      [18.5697, 5.2875, 16.2855, 2.8341, 11.1249, 5.7951, 0.5076, 12.4785, 11.2095, 2.8764, 3.807, 1.8612, 0.423, 1.6497, 0.5499, 1.0152, 1.2267, 0.6768, 0.1692, 0.7191, 4.3146, 1.0998, 6.2604, 9.2214, 4.5684, 4.653, 5.499, 6.0489, 3.5532, 2.2419, 3.2148, 2.0727, 0.9729, 8.037, 1.6497, 19.458, 1.1844],
      [296.0177, 84.2875, 259.6055, 45.1781, 177.3409, 92.3791, 8.0916, 198.9185, 178.6895, 45.8524, 60.687, 29.6692, 6.743, 26.2977, 8.7659, 16.1832, 19.5547, 10.7888, 2.6972, 11.4631, 68.7786, 17.5318, 99.7964, 146.9974, 72.8244, 74.173, 87.659, 96.4249, 56.6412, 35.7379, 51.2468, 33.0407, 15.5089, 128.117, 26.2977, 310.178, 18.8804],
      [92.7607, 26.4125, 81.3505, 14.1571, 55.5719, 28.9481, 2.5356, 62.3335, 55.9945, 14.3684, 19.017, 9.2972, 2.113, 8.2407, 2.7469, 5.0712, 6.1277, 3.3808, 0.8452, 3.5921, 21.5526, 5.4938, 31.2724, 46.0634, 22.8204, 23.243, 27.469, 30.2159, 17.7492, 11.1989, 16.0588, 10.3537, 4.8599, 40.147, 8.2407, 97.198, 5.9164],
      [17.3405, 4.9375, 15.2075, 2.6465, 10.3885, 5.4115, 0.474, 11.6525, 10.4675, 2.686, 3.555, 1.738, 0.395, 1.5405, 0.5135, 0.948, 1.1455, 0.632, 0.158, 0.6715, 4.029, 1.027, 5.846, 8.611, 4.266, 4.345, 5.135, 5.6485, 3.318, 2.0935, 3.002, 1.9355, 0.9085, 7.505, 1.5405, 18.17, 1.106]
    ],
    [
      [11.7738, 2.232, 8.5932, 1.2834, 3.2922, 2.232, 0.5022, 6.6402, 4.0176, 1.5066, 0.7254, 1.116, 1.3392, 0.6696, 0.0558, 0.9486, 0.837, 0.6138, 0.3348, 1.0602, 1.953, 0.558, 6.2496, 6.8076, 5.301, 3.5154, 3.7944, 10.4346, 4.3524, 2.3994, 3.9618, 2.6226, 0.5022, 6.9192, 2.0646, 9.5418, 0.2232],
      [10.8032, 2.048, 7.8848, 1.1776, 3.0208, 2.048, 0.4608, 6.0928, 3.6864, 1.3824, 0.6656, 1.024, 1.2288, 0.6144, 0.0512, 0.8704, 0.768, 0.5632, 0.3072, 0.9728, 1.792, 0.512, 5.7344, 6.2464, 4.864, 3.2256, 3.4816, 9.5744, 3.9936, 2.2016, 3.6352, 2.4064, 0.4608, 6.3488, 1.8944, 8.7552, 0.2048],
      [31.9665, 6.06, 23.331, 3.4845, 8.9385, 6.06, 1.3635, 18.0285, 10.908, 4.0905, 1.9695, 3.03, 3.636, 1.818, 0.1515, 2.5755, 2.2725, 1.6665, 0.909, 2.8785, 5.3025, 1.515, 16.968, 18.483, 14.3925, 9.5445, 10.302, 28.3305, 11.817, 6.5145, 10.7565, 7.1205, 1.3635, 18.786, 5.6055, 25.9065, 0.606],
      [135.7574, 25.736, 99.0836, 14.7982, 37.9606, 25.736, 5.7906, 76.5646, 46.3248, 17.3718, 8.3642, 12.868, 15.4416, 7.7208, 0.6434, 10.9378, 9.651, 7.0774, 3.8604, 12.2246, 22.519, 6.434, 72.0608, 78.4948, 61.123, 40.5342, 43.7512, 120.3158, 50.1852, 27.6662, 45.6814, 30.2398, 5.7906, 79.7816, 23.8058, 110.0214, 2.5736],
      [20.6991, 3.924, 15.1074, 2.2563, 5.7879, 3.924, 0.8829, 11.6739, 7.0632, 2.6487, 1.2753, 1.962, 2.3544, 1.1772, 0.0981, 1.6677, 1.4715, 1.0791, 0.5886, 1.8639, 3.4335, 0.981, 10.9872, 11.9682, 9.3195, 6.1803, 6.6708, 18.3447, 7.6518, 4.2183, 6.9651, 4.6107, 0.8829, 12.1644, 3.6297, 16.7751, 0.3924]
    ],
    [
      [24.752, 7.616, 30.464, 7.9968, 6.2832, 7.4256, 0.952, 11.9952, 13.1376, 5.3312, 1.904, 1.3328, 0.952, 1.7136, 0.3808, 0.5712, 2.2848, 0.5712, 0, 1.1424, 9.7104, 1.5232, 13.1376, 9.7104, 7.4256, 7.8064, 7.616, 9.7104, 6.664, 4.3792, 3.4272, 5.1408, 0, 13.1376, 1.5232, 19.6112, 0.5712],
      [14.248, 4.384, 17.536, 4.6032, 3.6168, 4.2744, 0.548, 6.9048, 7.5624, 3.0688, 1.096, 0.7672, 0.548, 0.9864, 0.2192, 0.3288, 1.3152, 0.3288, 0, 0.6576, 5.5896, 0.8768, 7.5624, 5.5896, 4.2744, 4.4936, 4.384, 5.5896, 3.836, 2.5208, 1.9728, 2.9592, 0, 7.5624, 0.8768, 11.2888, 0.3288],
      [33.163, 10.204, 40.816, 10.7142, 8.4183, 9.9489, 1.2755, 16.0713, 17.6019, 7.1428, 2.551, 1.7857, 1.2755, 2.2959, 0.5102, 0.7653, 3.0612, 0.7653, 0, 1.5306, 13.0101, 2.0408, 17.6019, 13.0101, 9.9489, 10.4591, 10.204, 13.0101, 8.9285, 5.8673, 4.5918, 6.8877, 0, 17.6019, 2.0408, 26.2753, 0.7653],
      [41.795, 12.86, 51.44, 13.503, 10.6095, 12.5385, 1.6075, 20.2545, 22.1835, 9.002, 3.215, 2.2505, 1.6075, 2.8935, 0.643, 0.9645, 3.858, 0.9645, 0, 1.929, 16.3965, 2.572, 22.1835, 16.3965, 12.5385, 13.1815, 12.86, 16.3965, 11.2525, 7.3945, 5.787, 8.6805, 0, 22.1835, 2.572, 33.1145, 0.9645],
      [16.042, 4.936, 19.744, 5.1828, 4.0722, 4.8126, 0.617, 7.7742, 8.5146, 3.4552, 1.234, 0.8638, 0.617, 1.1106, 0.2468, 0.3702, 1.4808, 0.3702, 0, 0.7404, 6.2934, 0.9872, 8.5146, 6.2934, 4.8126, 5.0594, 4.936, 6.2934, 4.319, 2.8382, 2.2212, 3.3318, 0, 8.5146, 0.9872, 12.7102, 0.3702]
    ],
    [
      [4.2024, 0.8652, 2.8119, 1.3287, 0.8961, 0.7107, 1.8849, 2.472, 0.6798, 0.5562, 0.5871, 1.9467, 1.5141, 1.6377, 1.2051, 1.854, 1.5759, 1.2669, 0.6798, 2.0085, 0.8961, 0.4326, 3.1209, 2.9973, 3.2136, 2.3484, 1.5141, 3.4299, 2.6265, 1.2051, 1.0506, 0.6798, 0.2163, 3.2445, 0.8034, 8.7138, 0.4326],
      [4.5832, 0.9436, 3.0667, 1.4491, 0.9773, 0.7751, 2.0557, 2.696, 0.7414, 0.6066, 0.6403, 2.1231, 1.6513, 1.7861, 1.3143, 2.022, 1.7187, 1.3817, 0.7414, 2.1905, 0.9773, 0.4718, 3.4037, 3.2689, 3.5048, 2.5612, 1.6513, 3.7407, 2.8645, 1.3143, 1.1458, 0.7414, 0.2359, 3.5385, 0.8762, 9.5034, 0.4718],
      [18.9856, 3.9088, 12.7036, 6.0028, 4.0484, 3.2108, 8.5156, 11.168, 3.0712, 2.5128, 2.6524, 8.7948, 6.8404, 7.3988, 5.4444, 8.376, 7.1196, 5.7236, 3.0712, 9.074, 4.0484, 1.9544, 14.0996, 13.5412, 14.5184, 10.6096, 6.8404, 15.4956, 11.866, 5.4444, 4.7464, 3.0712, 0.9772, 14.658, 3.6296, 39.3672, 1.9544],
      [37.8896, 7.8008, 25.3526, 11.9798, 8.0794, 6.4078, 16.9946, 22.288, 6.1292, 5.0148, 5.2934, 17.5518, 13.6514, 14.7658, 10.8654, 16.716, 14.2086, 11.4226, 6.1292, 18.109, 8.0794, 3.9004, 28.1386, 27.0242, 28.9744, 21.1736, 13.6514, 30.9246, 23.681, 10.8654, 9.4724, 6.1292, 1.9502, 29.253, 7.2436, 78.5652, 3.9004],
      [70.3392, 14.4816, 47.0652, 22.2396, 14.9988, 11.8956, 31.5492, 41.376, 11.3784, 9.3096, 9.8268, 32.5836, 25.3428, 27.4116, 20.1708, 31.032, 26.3772, 21.2052, 11.3784, 33.618, 14.9988, 7.2408, 52.2372, 50.1684, 53.7888, 39.3072, 25.3428, 57.4092, 43.962, 20.1708, 17.5848, 11.3784, 3.6204, 54.306, 13.4472, 145.8504, 7.2408]
    ]
  ],
  "V_est": [
    [236.9532, 763.227, 475.0206, 251.6235, 130.3614],
    [91.0852, 134.388, 1524.5572, 12904.2344, 279.2284],
    [141.1254, 183.1167, 2919.0447, 914.7177, 170.9955],
    [120.9744, 111.0016, 328.452, 1394.8912, 212.6808],
    [247.9008, 142.6992, 332.1402, 418.593, 160.6668],
    [67.6092, 73.7356, 305.4448, 609.5768, 1131.6336]
  ],
  "p_est": [
    [0.1276, 0.411, 0.2558, 0.1355, 0.0702],
    [0.0061, 0.009, 0.1021, 0.8642, 0.0187],
    [0.0326, 0.0423, 0.6743, 0.2113, 0.0395],
    [0.0558, 0.0512, 0.1515, 0.6434, 0.0981],
    [0.1904, 0.1096, 0.2551, 0.3215, 0.1234],
    [0.0309, 0.0337, 0.1396, 0.2786, 0.5172]
  ],
  "EI_Z": {},
  "EI_V": 8.5946,
  "MAE_Z": {},
  "MAE_V": 153.4187,
  "MAE_p": 0.0585,
  "runtime": 121.449
}
