{
  "Z_true": {},
  "V_true": [
    [554, 46, 78, 1074, 63],
    [901, 363, 331, 13159, 604],
    [151, 581, 9152, 885, 645],
    [29, 85, 320, 332, 488],
    [10, 729, 261, 221, 45],
    [74, 101, 243, 454, 566]
  ],
  "p_true": [
    [0.3052, 0.0253, 0.043, 0.5917, 0.0347],
    [0.0587, 0.0236, 0.0216, 0.8568, 0.0393],
    [0.0132, 0.0509, 0.8018, 0.0775, 0.0565],
    [0.0231, 0.0678, 0.2552, 0.2648, 0.3892],
    [0.0079, 0.5758, 0.2062, 0.1746, 0.0355],
    [0.0515, 0.0702, 0.169, 0.3157, 0.3936]
  ],
  "Z_est": [
    [
      [30.2771, 2.0773, 17.3235, 1.9268, 11.9341, 5.6188, 55.582, 101.3653, 39.4806, 12.3472, 10.9178, 15.4991, 7.9982, 23.7199, 32.3632, 10.8873, 19.8605, 12.881, 27.2347, 24.6082, 4.8729, 12.448, 4.1815, 24.9057, 66.6398, 62.4205, 14.5737, 1.4166, 22.8549, 6.1068, 18.3022, 19.1808, 5.9718, 11.1123, 38.3147, 13.5726, 15.6687, 20.3479, 13.8709, 36.8498, 2.0931, 78.0777, 11.6803, 88.493, 30.5276],
      [3.7757, 0.2704, 1.543, 0.1256, 1.1885, 0.5671, 4.2776, 9.6118, 4.8852, 1.31, 1.0558, 1.701, 0.5876, 3.995, 4.2789, 1.0228, 2.5891, 1.5674, 3.3929, 2.693, 0.483, 1.4343, 0.3204, 2.8854, 10.9984, 13.9488, 1.7104, 0.0755, 2.1846, 0.7743, 2.7801, 2.4566, 1.0273, 0.6676, 3.0139, 2.3836, 1.235, 2.8127, 0.9252, 5.2289, 0.4777, 13.0876, 0.8461, 6.4103, 2.2436],
      [1.4621, 0.1397, 0.8906, 0.0653, 0.6714, 0.2018, 3.235, 4.7744, 2.1427, 0.6376, 0.5913, 0.9499, 0.3231, 1.7207, 2.2019, 0.7029, 1.0654, 0.6782, 1.6749, 1.3528, 0.2627, 0.9648, 0.1895, 1.1859, 3.0637, 3.0862, 1.3147, 0.0651, 1.189, 0.3237, 1.1323, 1.1824, 0.5336, 0.5452, 2.1311, 0.974, 0.8378, 1.123, 1.124, 2.3659, 0.264, 6.1421, 0.422, 3.0984, 1.8351],
      [11.9327, 1.0252, 5.3378, 0.5989, 4.3084, 2.3454, 25.0145, 47.716, 12.3047, 3.7637, 3.8447, 6.0158, 2.5675, 10.638, 13.038, 4.4164, 8.3493, 4.9226, 12.3684, 9.7213, 2.0602, 6.9528, 1.1095, 8.5752, 26.7175, 26.7365, 8.5998, 0.3942, 9.8473, 2.474, 7.7938, 9.9056, 3.8143, 4.6659, 15.0948, 7.9821, 5.2921, 8.6067, 6.287, 16.4207, 1.9076, 42.1289, 3.3398, 26.1475, 12.5105],
      [2.5523, 0.4874, 0.9051, 0.2834, 0.8976, 0.267, 3.8909, 9.5326, 2.1869, 0.9415, 0.5904, 0.8342, 0.5236, 1.9265, 2.118, 0.9706, 1.1357, 0.9508, 2.3291, 1.6248, 0.3213, 1.2001, 0.1991, 1.4478, 4.5806, 3.8081, 1.8015, 0.0487, 1.9242, 0.3211, 0.9917, 1.2746, 0.653, 1.0091, 2.4455, 1.0876, 0.9664, 1.1097, 1.7929, 3.1348, 0.2577, 7.5637, 0.7118, 4.8508, 0.8832]
    ],
    [
      [9.2118, 0, 11.8648, 0, 4.8476, 0.1546, 4.7017, 6.7402, 23.2419, 10.7881, 6.3993, 10.431, 4.1471, 6.3899, 7.9759, 4.3993, 7.2144, 4.0481, 11.2284, 11.8441, 3.9817, 5.6394, 4.7173, 9.2331, 14.6545, 13.3295, 0, 1.0325, 9.6874, 6.0268, 9.6829, 7.7868, 4.584, 1.837, 20.0069, 4.8094, 9.464, 8.506, 3.5463, 17.4174, 0.6629, 12.8087, 7.1712, 39.1165, 5.7419],
      [10.4002, 1.0796, 6.2805, 0, 3.1203, 0.6152, 2.2568, 6.6977, 19.9505, 7.6898, 3.8181, 7.5777, 1.9997, 7.8934, 7.5271, 2.6253, 6.303, 3.4148, 9.7129, 8.0297, 2.2226, 4.3526, 2.2164, 6.4428, 24.3775, 31.2936, 1.3617, 0.2219, 9.4003, 5.3862, 12.0475, 12.0489, 6.2784, 2.5433, 7.8045, 10.4242, 3.8879, 8.4741, 0.6903, 17.7658, 1.8523, 20.452, 2.9209, 15.2036, 2.1762],
      [0, 0, 9.7556, 0, 2.8046, 0, 1.3601, 0, 21.0032, 8.622, 4.5588, 10.0144, 0, 5.7791, 8.3509, 3.6257, 0.5556, 0.8659, 2.5495, 3.628, 0.2734, 3.5218, 3.2488, 1.641, 0, 0, 1.0734, 1.3386, 0, 0.7698, 7.1389, 0, 3.8013, 0, 7.2801, 0, 6.6587, 1.3417, 7.7923, 9.4566, 1.6712, 13.6798, 0, 0, 3.6761],
      [372.4974, 75.3523, 248.7786, 20.3002, 133.5066, 35.5021, 170.7423, 436.3417, 483.1391, 228.2072, 163.3805, 308.3175, 118.5187, 229.9351, 254.4221, 142.3017, 228.0327, 116.5014, 426.3281, 342.905, 140.7946, 316.7356, 86.4043, 205.3436, 551.0847, 525.8567, 53.962, 28.1219, 561.7118, 190.219, 321.7134, 645.454, 282.7554, 322.5424, 575.2992, 404.7107, 223.5431, 273.0141, 169.3816, 612.4725, 96.1104, 719.032, 147.6395, 810.209, 177.0358],
      [53.8906, 24.5682, 28.3205, 6.6998, 18.7209, 2.7281, 17.9391, 59.2204, 57.6652, 38.6928, 16.8433, 28.6594, 16.3345, 28.0025, 27.7241, 21.0479, 20.8942, 15.1698, 54.1811, 38.5932, 14.7278, 36.7506, 10.4131, 23.3395, 63.8834, 50.5202, 7.6029, 2.2851, 74.2005, 16.5982, 27.4172, 55.7104, 32.5809, 47.0773, 62.6093, 37.0557, 27.4463, 23.6641, 32.5895, 78.8877, 8.7032, 87.0275, 21.2684, 101.4709, 8.3701]
    ],
    [
      [8.8164, 1.7097, 3.8011, 0.8494, 3.3224, 1.0593, 2.483, 11.7005, 7.3083, 2.3852, 1.6389, 5.2944, 2.9165, 3.2698, 3.5571, 2.2956, 3.6963, 2.1667, 1.8893, 1.6444, 0.2496, 0.7672, 0.3742, 3.2219, 9.9806, 8.1052, 0, 0.2024, 9.2382, 1.0428, 1.5884, 10.3164, 0.5788, 9.5358, 3.5896, 4.0275, 2.3654, 2.4011, 0.5399, 6.1668, 0.0979, 2.0166, 2.9955, 26.0228, 2.5526],
      [22.0874, 2.093, 11.3624, 0.8419, 13.3054, 0.9586, 10.3161, 27.379, 31.528, 9.4623, 5.9875, 25.5543, 4.0717, 38.65, 25.6181, 10.4097, 19.2987, 10.545, 10.55, 7.1169, 1.0593, 4.3837, 1.1294, 11.6333, 26.1988, 37.5272, 2.2422, 0.5049, 8.554, 5.5745, 10.6671, 16.5627, 4.8772, 3.8768, 10.68, 12.7052, 6.4972, 13.9044, 2.1274, 41.6755, 2.1087, 45.8262, 3.6376, 27.5248, 6.8563],
      [303.7619, 30.9781, 219.7691, 16.2583, 262.4055, 15.3267, 296.3441, 586.5246, 428.9328, 152.2458, 114.5222, 494.8177, 82.7276, 541.1157, 424.9743, 260.7907, 274.9944, 154.5975, 182.9531, 124.5666, 20.9693, 105.2794, 23.1528, 164.0955, 261.657, 289.737, 116.9466, 17.4719, 160.7225, 80.9821, 143.516, 277.8057, 88.5913, 110.5455, 269.949, 179.4301, 154.5681, 189.7381, 99.4799, 636.4525, 41.7028, 713.2643, 66.2591, 504.18, 203.7206],
      [22.7877, 2.137, 6.5195, 1.6862, 10.1872, 1.3636, 20.5904, 56.6985, 9.4159, 5.1212, 4.9382, 13.0949, 5.8857, 14.69, 10.5636, 9.6322, 18.8362, 8.893, 11.1401, 7.0752, 1.2899, 6.2746, 0.9352, 8.6576, 17.6715, 18.7545, 6.7856, 0.625, 11.7436, 5.0096, 7.1015, 21.8357, 5.0664, 9.1572, 15.393, 13.2348, 6.5495, 11.7338, 4.0331, 33.052, 2.3943, 38.3176, 4.195, 34.1022, 10.231],
      [9.5466, 2.0822, 3.5479, 1.3641, 5.7796, 0.2917, 6.2664, 19.6975, 6.815, 3.7855, 1.9131, 6.2387, 2.3985, 9.2745, 6.2868, 5.8719, 5.1744, 3.7977, 4.4674, 2.5969, 0.4319, 2.2951, 0.4084, 3.3916, 6.4921, 5.8761, 3.0256, 0.1958, 4.7416, 1.3911, 2.1271, 5.4794, 1.8864, 3.8846, 5.3884, 3.6024, 3.0198, 3.2225, 2.8197, 14.6533, 0.6963, 15.5753, 1.9128, 13.1702, 1.6396]
    ],
    [
      [0.284, 0.0274, 0.2187, 0.0117, 0.113, 0, 0.0674, 0.2996, 0.5579, 0.1808, 0.106, 0.1727, 0.0408, 0.1511, 0.1474, 0.0869, 0.123, 0.1084, 0.1658, 0.1568, 0.0246, 0.087, 0.0968, 0.2216, 0.2843, 0.2604, 0.0289, 0.0229, 0.3841, 0.1242, 0.2656, 0.2493, 0.1279, 0.1586, 0.6016, 0.1781, 0.2416, 0.1347, 0.0472, 0.4212, 0.0244, 0.3815, 0.1368, 0.4712, 0.085],
      [2.795, 0.3342, 1.5376, 0.0775, 0.9253, 0, 0.4301, 2.3372, 5.3201, 1.5336, 0.834, 1.548, 0.2459, 2.1161, 1.6005, 0.6816, 1.2989, 1.0747, 1.7089, 1.3815, 0.2075, 0.8622, 0.6081, 1.9319, 3.6334, 4.5632, 0.2746, 0.1269, 2.9824, 1.3135, 3.3522, 2.6295, 1.9856, 0.7782, 3.7431, 2.7192, 1.5007, 1.5115, 0.2739, 4.9216, 0.6121, 5.842, 0.7509, 2.5588, 0.5118],
      [1.2368, 0.189, 0.9939, 0.049, 0.5883, 0, 0.3719, 1.4998, 2.6235, 0.8442, 0.5239, 0.9767, 0.1579, 1.0186, 0.893, 0.5266, 0.6113, 0.5279, 0.9571, 0.7849, 0.1282, 0.6562, 0.4113, 0.9034, 1.2306, 1.2182, 0.2858, 0.1257, 1.7922, 0.6166, 1.5527, 1.4119, 1.1734, 0.7056, 3.0071, 1.2312, 1.1586, 0.687, 0.359, 2.5214, 0.3884, 3.0768, 0.432, 1.5007, 0.4478],
      [32.1077, 4.6549, 19.5662, 1.3483, 12.2988, 0, 8.9916, 41.1552, 49.4085, 16.1711, 11.1495, 20.0501, 3.9087, 20.6826, 17.9954, 10.7856, 15.2798, 12.3555, 22.6997, 18.2084, 3.2308, 15.2575, 7.7575, 21.063, 32.3532, 32.2361, 6.3363, 2.4772, 49.0598, 15.3314, 34.2929, 38.6694, 26.9687, 19.8683, 68.6264, 33.2001, 23.6079, 16.8985, 6.7603, 56.4069, 8.9906, 68.7019, 10.8119, 37.7772, 10.3605],
      [5.5766, 1.7946, 2.6835, 0.5135, 2.0747, 0, 1.139, 6.7082, 7.09, 3.2703, 1.3866, 2.2526, 0.6468, 3.0316, 2.3637, 1.9193, 1.687, 1.9336, 3.4684, 2.4683, 0.4089, 2.1371, 1.1262, 2.8801, 4.4985, 3.7221, 1.0745, 0.2473, 7.7815, 1.6142, 3.5365, 4.0398, 3.7443, 3.4893, 9.0219, 3.6714, 3.4912, 1.7683, 1.5596, 8.7289, 0.9845, 9.9979, 1.8684, 5.6921, 0.5949]
    ],
    [
      [0.4555, 0.0441, 0.5755, 0.068, 0.3327, 0.0471, 0.2989, 0.8075, 1.0177, 0.398, 0.2567, 0.5493, 0.1969, 0.4439, 0.5817, 0.3189, 0.3464, 0.4407, 0.3776, 0.4019, 0.1957, 0.2804, 0.0857, 0.3147, 0.7846, 0.5066, 0.0688, 0.0835, 0.3128, 0.2104, 0.5118, 0.6747, 0.1426, 0.2956, 0.8343, 0.3482, 0.4776, 0.4503, 0.4013, 0.9543, 0.0342, 1.4499, 0.2369, 1.9333, 0.3895],
      [16.389, 1.9582, 14.8557, 1.8082, 9.8646, 1.6874, 6.8367, 22.3821, 35.4805, 12.3491, 7.4284, 17.6543, 4.4087, 22.0742, 22.5917, 8.9945, 13.2099, 15.8248, 13.8294, 12.8534, 6.1152, 9.7735, 2.1479, 10.4479, 36.1587, 31.8247, 1.9913, 1.8602, 8.7301, 8.117, 22.8439, 25.296, 7.4561, 5.2953, 19.0464, 18.2889, 11.066, 18.1911, 8.4505, 39.3475, 2.6645, 75.509, 5.1022, 38.7297, 8.5269],
      [4.0179, 0.5855, 4.8901, 0.5859, 3.2456, 0.411, 3.1173, 8.0019, 8.8693, 3.4803, 2.3849, 5.7683, 1.4799, 5.5321, 6.5451, 3.5846, 3.3155, 4.1179, 4.1077, 3.8454, 1.9518, 3.893, 0.6986, 2.592, 6.6831, 4.6375, 1.0386, 0.8278, 2.9223, 2.0123, 5.4977, 7.4094, 2.2896, 2.6569, 7.9979, 4.5274, 4.3098, 4.3966, 5.6778, 10.636, 0.8389, 20.9116, 1.5728, 12.3077, 3.8657],
      [6.2721, 0.8502, 6.211, 0.9288, 4.3077, 0.7369, 4.7215, 13.144, 10.9237, 4.2804, 3.2377, 7.5663, 2.2703, 7.1467, 8.384, 4.6724, 5.1531, 6.0032, 6.0902, 5.5976, 3.0714, 5.6877, 0.8545, 3.7621, 10.8, 7.5383, 1.472, 1.0477, 4.745, 3.1005, 7.7691, 12.4038, 3.3209, 4.4218, 11.5233, 7.4297, 5.698, 6.7511, 6.7793, 15.0615, 1.2309, 29.7087, 2.382, 19.0994, 5.6601],
      [1.8655, 0.5621, 1.4678, 0.609, 1.2494, 0.1177, 1.0257, 3.6645, 2.7088, 1.4923, 0.6922, 1.4618, 0.6441, 1.8031, 1.8974, 1.4296, 0.9751, 1.6134, 1.5952, 1.3016, 0.6659, 1.3654, 0.2134, 0.8833, 2.5736, 1.493, 0.4292, 0.1808, 1.2899, 0.5598, 1.3775, 2.2161, 0.7909, 1.3304, 2.5981, 1.4059, 1.4486, 1.2109, 2.691, 4.0006, 0.2314, 7.4207, 0.7061, 4.93, 0.5578]
    ],
    [
      [0.9552, 0.1415, 1.2164, 0.1441, 0.4502, 0.1202, 0.867, 2.087, 2.3936, 1.9007, 0.6812, 2.0535, 0.7004, 1.0254, 1.3747, 1.012, 0.7594, 0.3551, 1.1042, 1.3446, 0.6756, 0.778, 0.5445, 1.103, 2.6563, 2.3778, 0.3286, 0.242, 2.5226, 0.4889, 1.6491, 1.7919, 0.595, 1.0608, 2.6529, 1.0642, 0.7826, 1.1599, 0.5944, 2.1905, 0.0875, 3.2656, 0.7793, 4.9632, 0.7036],
      [1.5528, 0.2648, 1.4208, 0.1468, 0.596, 0.1716, 0.8827, 2.5922, 3.8356, 2.6551, 0.8761, 2.9647, 0.6864, 2.2713, 2.3837, 1.2661, 1.3003, 0.5733, 1.8058, 1.9254, 0.9124, 1.1937, 0.5777, 1.6586, 5.6332, 6.8427, 0.4198, 0.2106, 3.1486, 0.8345, 3.3092, 3.0062, 1.3754, 0.8387, 2.7122, 2.4789, 0.8133, 2.1062, 0.5328, 4.0607, 0.2847, 7.2832, 0.7423, 4.5728, 0.6852],
      [0.5212, 0.1076, 0.7007, 0.0414, 0.2847, 0.0606, 0.5716, 1.1994, 1.4286, 1.1701, 0.4188, 1.473, 0.3115, 0.8338, 1.0347, 0.7695, 0.4579, 0.2125, 0.7577, 0.8223, 0.4147, 0.6847, 0.299, 0.5822, 1.3656, 1.3212, 0.341, 0.171, 1.3741, 0.2954, 1.1625, 1.1906, 0.6107, 0.5469, 1.6348, 0.8373, 0.4669, 0.7136, 0.5669, 1.5677, 0.1347, 2.9254, 0.314, 1.9132, 0.4548],
      [14.4024, 2.9805, 14.587, 2.1377, 6.3914, 2.0521, 14.9398, 36.9446, 28.808, 22.4564, 9.4495, 30.9554, 8.8493, 17.9077, 21.5969, 16.1918, 12.3489, 5.3244, 19.3735, 20.4925, 11.5531, 17.0919, 5.939, 14.5986, 40.3732, 38.8778, 7.8442, 3.334, 41.8924, 7.8655, 27.3293, 35.7316, 15.0744, 17.3444, 40.0633, 24.4426, 10.3094, 18.9959, 10.7587, 37.5864, 3.3662, 69.1109, 8.6319, 54.6648, 11.202],
      [7.5685, 3.5056, 6.0752, 2.53, 3.2778, 0.5955, 5.739, 18.1769, 12.5342, 13.8176, 3.5745, 10.5533, 4.4525, 7.9618, 8.61, 8.7606, 4.1336, 2.5347, 8.9587, 8.4153, 4.4442, 7.2517, 2.6398, 6.0576, 16.9717, 13.5805, 4.0664, 1.0423, 20.0622, 2.5156, 8.55, 11.2797, 6.3445, 9.2092, 15.9368, 8.1771, 4.6277, 6.0244, 7.5472, 17.5947, 1.1269, 30.4149, 4.5325, 24.8861, 1.9544]
    ]
  ],
  "V_est": [
    [1088.3866, 130.8496, 60.8375, 455.5931, 79.3333],
    [367.0727, 328.8377, 157.837, 12976.1574, 1528.0951],
    [179.7814, 595.4706, 9888.824, 535.4004, 214.5236],
    [8.0787, 77.9755, 42.396, 985.8618, 139.688],
    [19.9364, 685.4615, 200.0393, 289.8162, 70.7466],
    [55.7441, 86.4051, 35.0663, 882.171, 378.6135]
  ],
  "p_est": [
    [0.5997, 0.0721, 0.0335, 0.251, 0.0437],
    [0.0239, 0.0214, 0.0103, 0.8449, 0.0995],
    [0.0158, 0.0522, 0.8664, 0.0469, 0.0188],
    [0.0064, 0.0622, 0.0338, 0.7862, 0.1114],
    [0.0157, 0.5414, 0.158, 0.2289, 0.0559],
    [0.0388, 0.0601, 0.0244, 0.6135, 0.2633]
  ],
  "EI_Z": {},
  "EI_V": 10.8351,
  "MAE_Z": {},
  "MAE_V": 235.0848,
  "MAE_p": 0.092,
  "runtime": 0.003
}
