{
  "Z_true": {},
  "V_true": [
    [443, 43, 29, 447, 353, 45],
    [26, 40, 52, 74, 772, 250],
    [81, 180, 161, 162, 12764, 581],
    [188, 129, 152, 2249, 605, 231],
    [57, 71, 1289, 463, 910, 138],
    [40, 1016, 44, 351, 519, 112],
    [40, 61, 84, 143, 898, 821]
  ],
  "p_true": [
    [0.3257, 0.0316, 0.0213, 0.3287, 0.2596, 0.0331],
    [0.0214, 0.0329, 0.0428, 0.061, 0.6359, 0.2059],
    [0.0058, 0.0129, 0.0116, 0.0116, 0.9164, 0.0417],
    [0.0529, 0.0363, 0.0428, 0.6328, 0.1702, 0.065],
    [0.0195, 0.0242, 0.4402, 0.1581, 0.3108, 0.0471],
    [0.0192, 0.488, 0.0211, 0.1686, 0.2493, 0.0538],
    [0.0195, 0.0298, 0.041, 0.0699, 0.4387, 0.4011]
  ],
  "Z_est": [
    [
      [0, 0.8042, 8.6744, 9.4288, 8.5862, 1.1558, 7.8904, 11.4222, 0, 6.5777, 9.1691, 3.0691, 3.5547, 5.9213, 14.4383, 15.1415, 0.3663, 0.2338, 1.9328, 5.6781, 8.2465, 4.0447, 7.7464, 4.9469, 13.797, 16.8312, 16.0472, 19.5083, 14.6378, 0.2288, 4.7349, 2.4532, 21.0921, 1.621],
      [0, 0.0987, 3.1168, 2.9539, 3.8157, 0.9874, 2.6126, 3.57, 0.3352, 0.9139, 3.2751, 0.816, 1.1482, 1.3861, 3.4439, 4.4471, 0.0837, 0.061, 0.3137, 3.4216, 2.1777, 2.0388, 1.9943, 2.0558, 5.0941, 4.5497, 4.8256, 6.9372, 3.6123, 0.2886, 3.0901, 0.2416, 6.0609, 0.0808],
      [0, 0.1213, 2.1317, 1.2222, 1.986, 0.4727, 1.4254, 2.5929, 0.3927, 0.6245, 1.7949, 0.4972, 0.6945, 0.9303, 2.3227, 2.882, 0.0195, 0.2452, 0.059, 1.4939, 1.3503, 1.1936, 0.9772, 0.763, 3.6592, 3.809, 3.4054, 4.3664, 3.2081, 0.2529, 2.0642, 0.4876, 3.7375, 0.0732],
      [0, 1.3638, 21.7075, 11.4159, 20.7178, 3.1217, 15.3199, 21.7723, 3.1339, 9.3032, 18.5467, 5.5792, 8.5183, 11.4426, 25.4427, 29.4729, 0.393, 1.1717, 1.3021, 13.6139, 11.359, 18.2357, 16.2466, 14.6588, 48.8741, 41.2697, 30.2097, 41.7925, 39.609, 1.431, 20.9228, 4.6261, 42.1289, 4.3018],
      [0, 1.2847, 13.4751, 11.4228, 13.8998, 3.8642, 11.0362, 14.6956, 1.9538, 6.1933, 10.8118, 4.7272, 6.5689, 8.5292, 18.3698, 19.5185, 0.1347, 0.2565, 1.2871, 10.7001, 8.367, 15.021, 7.7094, 10.2544, 28.377, 37.6429, 25.4903, 25.4334, 30.1332, 0.6891, 14.7802, 3.8863, 27.6696, 4.5583],
      [0, 0.3273, 0.8945, 0.5563, 0.9945, 0.3982, 0.7155, 0.947, 0.1844, 0.3875, 0.4024, 0.3113, 0.5153, 0.7905, 0.9827, 1.5381, 0.0029, 0.0317, 0.1053, 1.0924, 0.4995, 0.4662, 0.3262, 0.321, 1.1987, 0.8976, 1.0218, 0.9622, 0.7995, 0.1096, 0.4078, 0.3052, 2.3109, 0.3648]
    ],
    [
      [0, 0.2039, 2.6576, 2.7463, 3.3829, 0.6078, 2.37, 4.5678, 0, 3.9455, 3.3017, 1.518, 1.9364, 3.3862, 4.9265, 5.8176, 0.3875, 0.3243, 0.237, 2.6908, 2.5176, 2.155, 6.3511, 2.547, 6.0493, 7.277, 5.04, 5.5021, 5.3583, 0.078, 1.7503, 0.763, 13.8654, 0.751],
      [0.1195, 0.0091, 0.5399, 0.4441, 0.948, 0.3263, 0.411, 1.0208, 0.0324, 0.4532, 0.6488, 0.282, 0.4604, 0.5179, 0.641, 1.0859, 0.048, 0.0786, 0.0798, 0.9967, 0.4279, 0.6314, 1.1479, 0.5936, 1.0452, 1.0349, 0.7997, 0.8756, 0.618, 0.0172, 0.5146, 0.0411, 2.8162, 0.0113],
      [0, 0.0033, 0.1033, 0.0327, 0.1764, 0.0383, 0.0438, 0.1932, 0.0102, 0.2908, 0.0685, 0.0493, 0.1059, 0.1166, 0.1097, 0.1705, 0.0023, 0.2785, 0.0002, 0.1839, 0.0651, 0.1164, 0.302, 0.1115, 0.3289, 0.2606, 0.1246, 0.1225, 0.1505, 0.0108, 0.0959, 0.0292, 0.7558, 0.002],
      [0.3175, 0.1027, 1.9675, 0.9326, 2.3599, 0.4696, 1.4466, 2.9129, 0.4654, 1.729, 2.0814, 0.9085, 1.5995, 2.4387, 3.0462, 4.0583, 0.168, 1.4746, 0.0421, 2.0711, 1.0449, 3.5615, 4.8957, 2.5926, 7.3015, 6.21, 3.1337, 3.7045, 4.9049, 0.0431, 2.392, 0.4769, 8.781, 0.6046],
      [0.563, 1.2738, 21.4207, 15.6789, 32.2503, 13.7912, 18.9751, 36.4927, 2.8782, 21.9793, 24.1333, 14.6161, 26.9345, 31.4633, 28.2952, 42.9732, 1.2932, 4.6964, 0.5296, 27.7747, 15.2062, 38.7678, 44.0554, 24.7196, 60.2105, 67.9075, 34.4578, 31.9004, 45.2833, 0.6548, 21.0537, 6.6215, 124.8993, 8.176],
      [0, 0.4072, 2.311, 2.1653, 3.8826, 1.7668, 2.7535, 3.8125, 0.6139, 3.6022, 2.7663, 1.626, 3.9634, 4.0772, 3.9814, 5.8944, 0.1009, 1.1476, 0.1114, 4.2828, 1.7383, 3.7679, 4.248, 2.4356, 6.0646, 6.3099, 4.4442, 3.895, 4.685, 0.1959, 2.1934, 1.0683, 20.8823, 1.4551]
    ],
    [
      [0, 0.2821, 8.7019, 8.3069, 8.0674, 1.0764, 6.4244, 11.4807, 0, 12.4451, 9.5576, 3.4291, 4.3713, 5.3257, 11.3058, 12.1419, 1.2729, 0.1446, 1.6266, 3.0822, 8.1012, 2.6113, 9.5491, 4.7602, 11.5822, 11.5643, 10.0766, 13.8122, 11.1589, 0.2721, 2.7396, 2.3555, 24.4355, 0.8813],
      [0.4614, 0.0836, 15.3425, 9.4411, 16.4732, 5.4463, 9.8918, 16.9992, 0.6188, 6.6124, 16.5339, 4.1311, 8.2429, 4.6631, 8.8223, 14.2473, 1.0662, 0.1616, 0.4573, 7.1457, 8.7658, 6.779, 8.5743, 8.3008, 17.9528, 11.8216, 11.3964, 17.9744, 10.1208, 4.4335, 8.4681, 0.8436, 29.6287, 0.1126],
      [0, 0.2666, 26.2514, 7.9505, 20.4918, 4.9892, 11.6954, 28.7688, 1.6504, 12.4207, 19.9639, 5.9822, 13.4455, 8.1246, 13.5364, 21.2223, 0.3578, 1.5009, 0.2023, 7.5585, 12.4233, 9.0389, 9.8207, 6.4853, 30.9194, 23.4383, 16.66, 22.0223, 21.809, 10.3186, 11.8261, 5.6908, 46.0809, 0.3243],
      [0.2207, 0.0838, 9.8446, 1.7982, 6.5562, 0.6512, 3.829, 7.9117, 0.8074, 5.8127, 7.0153, 1.9785, 4.1986, 3.1575, 7.0334, 8.5408, 0.3736, 0.275, 0.1286, 1.8395, 2.7591, 5.2407, 6.4762, 6.3591, 20.8546, 9.4536, 5.5672, 9.7506, 12.9812, 1.6579, 4.8899, 1.7743, 13.2922, 0.5074],
      [2.318, 10.2011, 520.1842, 255.5397, 468.3071, 155.7736, 351.4756, 547.4343, 37.9076, 395.1532, 501.7154, 168.6607, 387.7119, 253.1382, 353.9689, 529.9546, 17.3834, 11.7937, 16.4932, 180.5705, 286.8118, 351.7603, 319.064, 292.7493, 845.7701, 668.7561, 428.5319, 531.0264, 630.1633, 130.1673, 276.5194, 133.3501, 1097.2023, 53.2033],
      [0, 4.0828, 56.6754, 39.9637, 62.1044, 19.0633, 58.6839, 62.4053, 8.0159, 63.5558, 64.2139, 20.8184, 60.0299, 39.5909, 59.3332, 85.8931, 1.5461, 3.1243, 3.0921, 32.8036, 34.1387, 41.5699, 36.5156, 33.3453, 96.9209, 73.966, 67.7679, 77.4141, 75.7667, 33.1507, 34.5569, 22.9857, 211.3604, 11.9711]
    ],
    [
      [0, 0.2726, 4.273, 5.1776, 2.7104, 0.4594, 4.3027, 5.9189, 0, 6.8838, 7.063, 1.2739, 1.8321, 2.6904, 6.9312, 7.2151, 1.4972, 0.1162, 1.0528, 1.7432, 3.7721, 1.6154, 4.3561, 2.4833, 6.8182, 7.5872, 7.5142, 10.2973, 7.7593, 0.266, 2.0532, 1.276, 11.3401, 1.1461],
      [0.2453, 0.0394, 4.0021, 3.3768, 2.689, 0.9822, 3.437, 4.6281, 0.4962, 1.6247, 6.5734, 0.6972, 1.6647, 1.1928, 3.1443, 4.8182, 0.7748, 0.0617, 0.2952, 1.8207, 2.1252, 1.7997, 2.1574, 2.2446, 5.3753, 4.0469, 4.737, 7.5677, 3.9592, 2.0042, 2.8663, 0.2288, 6.6095, 0.0925],
      [0, 0.3345, 16.2544, 6.7937, 9.4689, 2.2044, 10.5402, 19.5602, 2.7693, 8.1567, 20.153, 2.9354, 6.947, 5.1667, 11.1905, 17.1679, 0.7189, 1.1845, 0.2358, 4.8945, 7.9028, 5.5275, 5.2376, 3.9532, 18.5353, 18.3336, 17.2987, 22.1372, 17.8402, 7.2188, 9.6407, 3.5855, 27.2899, 0.6122],
      [1.4576, 2.0651, 83.1549, 31.86, 50.7328, 10.1423, 56.0368, 83.1069, 13.8536, 51.9822, 96.5235, 16.9198, 40.032, 34.6654, 70.9035, 96.3258, 6.1167, 3.7465, 2.6355, 24.4569, 35.926, 52.7825, 55.7334, 48.7811, 164.3296, 115.0269, 84.7041, 125.7462, 131.0321, 19.5758, 55.4011, 17.6626, 137.8283, 11.0012],
      [0.2972, 1.0216, 52.1713, 25.6201, 25.5929, 8.4659, 40.1377, 58.418, 9.2123, 40.3566, 70.7946, 11.8625, 28.1895, 22.4116, 41.091, 60.0775, 4.8015, 0.7912, 1.623, 12.325, 23.6772, 33.5636, 24.8601, 28.916, 82.0179, 83.3082, 59.6282, 66.02, 88.2794, 14.7966, 29.2862, 14.6437, 72.009, 13.7345],
      [0, 0.2669, 1.1443, 1.1718, 0.8061, 0.7458, 1.5456, 1.3679, 0.6686, 1.996, 1.8925, 0.3112, 1.3347, 0.8731, 1.7395, 2.3955, 0.0909, 0.0999, 0.1578, 0.7597, 0.5967, 0.7112, 0.6553, 0.6218, 1.9238, 1.6971, 2.1178, 2.2316, 2.1299, 2.1387, 0.7525, 0.6034, 4.9232, 1.4135]
    ],
    [
      [0, 0.0342, 0.7701, 0.9956, 0.7406, 0.0664, 1.045, 1.3849, 0, 0.7053, 1.6437, 0.2558, 0.332, 0.5364, 1.2686, 1.7115, 0.1297, 0.0172, 0.167, 0.3558, 1.16, 0.4519, 1.0564, 0.5333, 1.4814, 1.7236, 1.9631, 2.6972, 1.6076, 0.0254, 0.4443, 0.2614, 1.8006, 0.079],
      [0, 0.1153, 10.0842, 9.222, 11.2066, 3.6299, 11.9653, 13.7068, 1.2918, 3.9403, 17.5213, 2.655, 6.2797, 4.091, 7.5198, 13.9915, 0.9016, 0.2205, 0.6254, 5.4624, 8.956, 7.9291, 6.7139, 6.1413, 16.8038, 13.0454, 13.8669, 20.9957, 11.0521, 4.2948, 8.805, 1.0394, 18.8377, 0.2155],
      [0, 0.6071, 26.8375, 14.4506, 25.8052, 6.5982, 25.0089, 38.5104, 4.8367, 14.3928, 37.5474, 7.2358, 18.4622, 12.4452, 20.3231, 36.1034, 0.7016, 1.719, 0.4502, 11.5746, 21.7648, 20.1142, 15.679, 10.3064, 50.0124, 43.4928, 36.1911, 48.2669, 39.5946, 13.5681, 21.4539, 8.7655, 57.8117, 0.7299],
      [0, 0.5192, 24.0417, 11.8423, 22.3354, 4.137, 25.5274, 29.7964, 6.0122, 17.0693, 36.8707, 6.4653, 18.3099, 12.8336, 21.3684, 36.2989, 1.4337, 1.3491, 0.6703, 8.0999, 17.1513, 29.5083, 23.3157, 17.4534, 67.9538, 43.8785, 33.8817, 50.968, 48.0734, 8.2941, 21.862, 8.1972, 49.5098, 1.4957],
      [0, 0.659, 38.9723, 31.0423, 41.4286, 15.3919, 56.4876, 60.0476, 9.4936, 23.4609, 73.6161, 14.248, 40.9821, 23.7357, 31.0602, 62.9012, 1.825, 0.6632, 1.0314, 15.1692, 40.5305, 55.4854, 25.9948, 26.3754, 85.0408, 88.1832, 67.1212, 76.0825, 78.0035, 17.1094, 34.0998, 18.4043, 66.0803, 2.3281],
      [0, 0.0652, 0.2942, 0.4472, 0.4835, 0.1766, 0.9658, 0.5539, 0.3658, 0.4314, 0.8008, 0.1402, 0.634, 0.3581, 0.4599, 0.9935, 0.0084, 0.031, 0.0556, 0.3381, 0.4374, 0.5111, 0.2402, 0.1901, 0.7078, 0.6766, 0.9759, 0.9897, 0.6687, 0.7084, 0.335, 0.3321, 1.9598, 0.1517]
    ],
    [
      [0, 0.21, 2.8023, 3.8896, 2.8863, 0.2711, 2.8231, 2.9829, 0, 1.8726, 3.7481, 0.8892, 0.9588, 1.7844, 3.7641, 3.9706, 0.1581, 0.0239, 0, 1.5302, 2.7407, 1.2242, 2.6227, 1.7932, 4.8184, 4.3723, 4.6832, 7.5011, 3.4934, 0.0554, 1.8393, 0.4208, 6.8814, 0.1153],
      [0.9676, 0.6058, 33.8691, 27.3042, 36.4735, 8.4884, 29.1243, 33.6302, 3.1763, 12.3877, 42.5491, 8.9241, 15.8485, 14.2223, 23.9956, 36.69, 1.012, 0.3129, 0, 18.7839, 22.282, 20.3229, 19.3552, 20.5234, 50.7317, 34.9285, 35.1836, 56.1938, 27.742, 4.348, 27.2132, 2.4675, 65.1591, 0.4494],
      [0, 0.5952, 13.0601, 7.5306, 12.4951, 2.1138, 9.6143, 12.2526, 2.2771, 4.0849, 14.3227, 2.9381, 5.192, 6.4411, 8.4331, 12.421, 0.1757, 0.2973, 0, 6.5258, 7.8297, 6.9083, 5.6692, 4.83, 21.2537, 15.0226, 13.6087, 21.3555, 12.289, 1.7694, 11.2502, 2.0173, 25.4707, 0.2153],
      [0.7775, 0.7233, 19.9592, 10.0325, 18.6329, 2.0695, 15.5659, 14.4589, 4.5951, 8.399, 20.9233, 4.7393, 9.0059, 9.2769, 16.3155, 20.3416, 0.4168, 0.2945, 0, 7.0983, 9.1873, 16.2243, 13.9886, 14.8173, 52.8703, 27.6127, 21.2439, 37.0051, 25.6911, 1.5215, 19.7317, 2.7936, 36.8663, 0.6761],
      [0.2549, 0.7264, 23.8762, 21.5621, 24.8363, 4.9126, 23.1128, 16.1962, 4.6134, 7.816, 26.8811, 6.2634, 10.5718, 10.6463, 14.9307, 19.72, 0.2348, 0.0666, 0, 8.5319, 14.6057, 21.9684, 9.1271, 16.7644, 45.5319, 34.5642, 25.5583, 37.946, 24.3882, 1.2114, 22.4952, 3.0349, 36.6332, 0.5104],
      [0, 0.1392, 0.4331, 0.681, 0.676, 0.1445, 0.7596, 0.4793, 0.3381, 0.4399, 0.5758, 0.246, 0.423, 0.6291, 0.561, 0.8568, 0.0025, 0.0048, 0, 0.5299, 0.3547, 0.3519, 0.2372, 0.2717, 0.7941, 0.4997, 0.7223, 0.9985, 0.3963, 0.0942, 0.4703, 0.266, 1.9893, 0.0335]
    ],
    [
      [0, 0.193, 2.1208, 2.4551, 1.6262, 0.3631, 2.1444, 2.2426, 0, 2.5698, 2.5169, 0.5649, 1.0147, 1.3555, 2.3654, 3.0018, 0.1882, 0.14, 0.9838, 0.9198, 2.4619, 0.8974, 3.3182, 0.936, 4.4535, 3.6445, 2.6757, 5.6819, 2.9846, 0.0743, 1.4385, 0.4702, 6.585, 0.4062],
      [0.2062, 0.048, 3.0454, 2.2579, 2.3941, 1.1394, 2.5579, 2.4449, 0.0493, 1.0678, 3.8984, 0.4946, 1.3557, 0.9268, 1.4332, 2.72, 0.1137, 0.1037, 0.2286, 1.369, 2.2656, 1.4991, 2.0569, 1.1406, 4.9972, 2.5729, 2.1908, 5.4556, 1.8955, 0.6136, 3.0426, 0.138, 5.8878, 0.038],
      [0, 0.072, 2.3616, 1.0198, 1.5766, 0.5833, 1.672, 2.1219, 0.0637, 1.0297, 2.1496, 0.362, 1.1529, 0.7755, 1.0846, 2.033, 0.0242, 0.7747, 0.0526, 0.7688, 1.664, 1.1012, 1.3143, 0.5505, 5.2911, 2.6431, 1.7115, 3.7292, 2.1085, 0.8615, 2.669, 0.4241, 4.8534, 0.043],
      [0.2267, 0.1422, 3.3246, 1.1185, 1.665, 0.4087, 2.2745, 2.0409, 0.1325, 1.7047, 3.0391, 0.4095, 1.3357, 1.1853, 1.8903, 2.9616, 0.0982, 0.6885, 0.2216, 0.8203, 1.5724, 2.447, 3.3438, 1.3377, 10.8161, 4.5486, 2.2598, 6.0332, 4.7084, 0.4766, 3.8003, 0.4692, 5.5935, 0.4132],
      [0.567, 2.8335, 62.9002, 38.134, 46.6851, 25.8007, 55.7751, 53.7157, 1.9411, 48.0408, 62.0478, 14.6222, 47.0413, 31.0758, 35.2842, 61.855, 1.3272, 3.7325, 5.0357, 21.9286, 44.8016, 48.4335, 47.1893, 26.2208, 121.0518, 89.6379, 50.2122, 72.5913, 72.7491, 14.3715, 44.7656, 14.0592, 149.5063, 10.4894],
      [0, 1.7114, 13.2475, 11.0146, 12.053, 5.7048, 16.5761, 12.4341, 0.8134, 13.5872, 15.3482, 3.5468, 13.0997, 8.6811, 10.9424, 18.4286, 0.2484, 1.5606, 1.4777, 7.1934, 10.2346, 10.6218, 9.7776, 5.8144, 25.3902, 18.9531, 14.95, 19.5088, 16.5538, 6.6025, 10.284, 4.4392, 49.574, 3.6102]
    ]
  ],
  "V_est": [
    [249.9809, 79.8481, 51.256, 559.0045, 398.7414, 21.1691],
    [105.0131, 19.718, 4.4532, 80.2393, 891.9264, 112.65],
    [222.9423, 292.0144, 433.2372, 173.6201, 11210.7605, 1596.4257],
    [129.698, 88.3784, 311.7892, 1832.2484, 1150.0016, 41.8846],
    [27.4451, 263.1271, 691.3615, 706.5233, 1223.0549, 16.488],
    [77.1266, 735.2655, 270.26, 463.8561, 520.0925, 15.3992],
    [62.7941, 61.6486, 48.643, 73.5084, 1426.4227, 373.9834]
  ],
  "p_est": [
    [0.1838, 0.0587, 0.0377, 0.411, 0.2932, 0.0156],
    [0.0865, 0.0162, 0.0037, 0.0661, 0.7347, 0.0928],
    [0.016, 0.021, 0.0311, 0.0125, 0.8049, 0.1146],
    [0.0365, 0.0249, 0.0877, 0.5155, 0.3236, 0.0118],
    [0.0094, 0.0899, 0.2361, 0.2413, 0.4177, 0.0056],
    [0.037, 0.3532, 0.1298, 0.2228, 0.2498, 0.0074],
    [0.0307, 0.0301, 0.0238, 0.0359, 0.6968, 0.1827]
  ],
  "EI_Z": {},
  "EI_V": 16.0727,
  "MAE_Z": {},
  "MAE_V": 207.5221,
  "MAE_p": 0.064,
  "runtime": 381.629
}
