{
  "Z_true": {},
  "V_true": [
    [19, 584, 19, 866, 34],
    [469, 647, 5519, 751, 383],
    [281, 3242, 102, 15050, 507],
    [457, 244, 870, 715, 546]
  ],
  "p_true": [
    [0.0125, 0.3837, 0.0125, 0.569, 0.0223],
    [0.0604, 0.0833, 0.7104, 0.0967, 0.0493],
    [0.0146, 0.169, 0.0053, 0.7846, 0.0264],
    [0.1614, 0.0862, 0.3072, 0.2525, 0.1928]
  ],
  "Z_est": [
    [
      [0.1434, 0.2552, 0.1133, 0.1295, 0.0745, 0.0279, 0.0056, 0.0994, 0.0261, 0.272, 0.1133, 0.0948, 0.0112, 0.0208, 0.0484, 0.1804, 0.0971, 0.0347, 0.0879, 0, 0.1156, 0.123, 0.0037, 0, 0.0093, 0.0056, 0, 0.1064, 0, 0.0162, 0.222, 0.0224, 0.1733, 0.0532],
      [11.447, 23.1421, 11.379, 18.3237, 5.9465, 2.2299, 0.446, 6.8247, 2.0813, 21.7048, 15.3123, 9.7358, 0.892, 1.0326, 3.873, 13.3796, 5.3218, 2.2231, 6.5412, 0, 14.2908, 9.8117, 0.2973, 0, 1.1949, 0.446, 0, 5.9146, 0.1505, 0.2398, 17.3644, 1.784, 13.8256, 1.1512],
      [0.1798, 0.2599, 0.1245, 0.1747, 0.0934, 0.035, 0.007, 0.1074, 0.0327, 0.341, 0.2406, 0.1054, 0.014, 0.0169, 0.0524, 0.1975, 0.0841, 0.035, 0.0981, 0, 0.1169, 0.1542, 0.0639, 0, 0.0187, 0.007, 0, 0.0934, 0.0023, 0.021, 0.279, 0.028, 0.2172, 0.0257],
      [65.2242, 113.333, 64.3772, 82.3666, 33.8827, 12.706, 2.5412, 38.9651, 11.859, 123.6719, 87.3266, 55.0594, 5.0824, 5.9295, 22.0238, 76.2361, 30.4944, 12.706, 37.271, 0, 80.4715, 55.9065, 1.6349, 0, 6.7765, 2.5412, 0, 33.8827, 0.8471, 8.7214, 117.1256, 10.1648, 78.7773, 9.768],
      [0.0054, 0.0097, 0.006, 0.0054, 0.0028, 0.0011, 0.0002, 0.0033, 0.001, 0.0103, 0.0073, 0.0046, 0.0004, 0.0001, 0.0023, 0.0064, 0.0025, 0.0012, 0.0019, 0, 0.0052, 0.0047, 0.0001, 0, 0.0007, 0.0002, 0, 0.0028, 0.0001, 0.0015, 0.0089, 0.0008, 0.0066, 0.0019]
    ],
    [
      [18.157, 38.1525, 17.2265, 20.5136, 19.0185, 7.7132, 8.7916, 13.281, 5.3181, 24.5565, 17.9494, 17.6694, 9.5242, 3.2968, 8.4252, 28.5725, 15.3852, 5.4947, 10.657, 0.3663, 16.5906, 10.5137, 4.0295, 0.7326, 1.4653, 2.9162, 0, 17.0995, 0, 2.5642, 35.1662, 10.6678, 47.4016, 7.6689],
      [27.3844, 110.9055, 43.0619, 48.835, 33.0119, 7.7498, 2.8809, 0, 11.2282, 46.6992, 46.3976, 46.2443, 3.9423, 1.4478, 22.5762, 10.8785, 11.8268, 2.7668, 8.3645, 0.3033, 51.4013, 28.809, 1.0614, 0.3033, 5.3069, 4.5768, 0.4549, 13.9496, 0.7815, 0.7581, 54.8887, 6.0002, 46.6514, 3.639],
      [238.3926, 458.6751, 209.4745, 292.9118, 251.9781, 330.8192, 252.0278, 78.9653, 63.7179, 236.3148, 285.2125, 186.2576, 628.5666, 23.7803, 88.6935, 156.0323, 106.2474, 40.3103, 75.8827, 25.955, 197.207, 110.4647, 102.8481, 61.184, 36.0317, 24.8479, 3.4527, 84.9979, 5.7577, 46.1945, 472.1081, 85.3843, 668.6394, 56.1468],
      [4.6134, 23.6242, 10.3082, 13.5598, 11.3806, 12.868, 0.8658, 3.5283, 4.5883, 18.8624, 17.981, 52.7556, 1.0668, 1.0377, 7.3084, 2.8376, 5.5439, 0, 0, 2.7195, 9.9277, 5.7076, 0, 0.0309, 1.2283, 2.3466, 0.0924, 7.2682, 0.2421, 8.8916, 25.2558, 11.6056, 28.3649, 2.5252],
      [12.4526, 28.6426, 17.929, 16.1798, 13.611, 12.8498, 7.434, 6.2253, 13.1475, 14.5671, 19.4595, 13.0732, 12.9001, 0.4373, 6.9967, 13.679, 6.9967, 3.4282, 4.0957, 0.6559, 11.8734, 9.505, 3.061, 1.7492, 1.9678, 4.3125, 0, 5.6848, 0.2186, 4.5916, 26.5813, 6.342, 28.9427, 3.0201]
    ],
    [
      [3.2839, 6.9869, 2.9207, 3.3379, 2.1349, 1.2517, 0.2172, 5.0336, 0.7153, 4.3487, 2.9207, 2.4439, 0.2591, 0.5365, 1.3709, 4.6493, 2.5035, 0.8941, 2.265, 0.0343, 2.9803, 2.0862, 0.0724, 0.1192, 0.2384, 0.4172, 0, 16.3452, 0, 0.4, 5.7222, 1.7286, 7.3316, 2.1272],
      [150.0384, 448.6223, 211.9946, 279.2769, 116.7751, 37.323, 10.4629, 66.9675, 45.534, 300.488, 236.4255, 160.4723, 12.4821, 8.8722, 71.9403, 153.4152, 56.6436, 18.6615, 80.6249, 1.4929, 249.7984, 140.5133, 3.4876, 1.4929, 27.2403, 17.1686, 2.2394, 68.6743, 5.6904, 3.7323, 270.2184, 29.1119, 226.1773, 17.915],
      [4.7913, 2.9918, 0, 0, 0, 2.2124, 0.1216, 5.2054, 0.4274, 1.6091, 2.3955, 0, 0.1451, 0.1948, 0, 1.0622, 0.7015, 2.1843, 0.5531, 0.0192, 0, 0, 0.3457, 1.3626, 0.7201, 0.1451, 0.0251, 0.5783, 0.1997, 0, 3.2118, 0.5056, 8.5859, 0.6015],
      [703.1664, 1373.8178, 886.1622, 875.5527, 434.4937, 182.845, 46.1492, 433.353, 173.0645, 1329.4938, 1045.1479, 695.4764, 55.0552, 68.374, 313.3287, 771.0707, 310.7916, 113.0801, 366.2645, 7.4458, 969.4225, 607.8829, 15.0779, 1.9353, 117.6754, 50.1791, 2.7355, 407.9764, 25.0987, 100.6314, 1528.288, 205.3277, 1027.589, 258.2489],
      [0.72, 1.5811, 0.9225, 0.8325, 0.5962, 0.3678, 0.0491, 0.4405, 0.2587, 1.0605, 1.1104, 0.6075, 0.0586, 0.0225, 0.36, 0.8026, 0.3598, 0.18, 0.2925, 0.0078, 0.7987, 0.5175, 0.0164, 0.09, 0.1259, 0.09, 0, 0.4259, 0.0112, 0.2362, 1.5596, 0.3262, 1.3162, 3.1073]
    ],
    [
      [33.4156, 53.6053, 28.7395, 32.0189, 22.7721, 12.0071, 14.9857, 24.586, 5.9406, 38.8228, 28.0166, 20.7919, 16.2056, 5.1459, 13.1554, 44.5978, 24.0142, 8.5765, 24.9901, 0.5994, 30.3135, 22.2771, 6.8944, 1.1482, 2.2871, 3.661, 0, 12.449, 0, 4.0196, 54.8896, 16.5812, 68.0935, 13.1506],
      [12.1302, 18.33, 17.5646, 35.5644, 8.2665, 2.6973, 5.2102, 4.2078, 2.1565, 14.1081, 7.8646, 7.5476, 8.6837, 0.6474, 5.6104, 6.3267, 4.2078, 1.3487, 6.4694, 0.2038, 23.5094, 10.8659, 2.1536, 0.2038, 1.2579, 0.8087, 0.3057, 3.4614, 0.3776, 0.2697, 19.5285, 2.1039, 16.3457, 1.2947],
      [24.6363, 14.0731, 18.401, 26.9135, 13.9285, 18.9333, 41.8436, 10.7218, 3.822, 17.7352, 4.1514, 6.637, 79.2743, 7.0079, 7.2541, 11.708, 7.967, 5.4703, 11.4661, 2.0258, 16.6762, 9.3811, 13.7423, 14.4534, 2.2295, 0, 0.5221, 6.3304, 1.0402, 3.7845, 35.4011, 4.0821, 34.5576, 4.226],
      [13.996, 17.225, 28.1524, 17.5209, 8.243, 3.581, 6.4438, 7.1535, 2.4882, 15.9719, 12.5446, 8.7086, 7.7956, 1.6588, 8.3391, 12.8556, 6.17, 3.2139, 7.4645, 4.8346, 25.1783, 11.503, 0.2872, 0.0338, 1.3198, 0.9331, 0.1721, 4.8727, 0.8121, 6.7556, 27.3306, 3.9019, 11.2687, 4.458],
      [50.822, 100.7666, 63.1425, 56.9823, 38.79, 24.7813, 26.5167, 22.3309, 9.5928, 52.3621, 68.4228, 40.3148, 46.0408, 1.5401, 24.641, 48.512, 24.641, 12.3906, 21.6099, 2.3363, 58.3227, 35.9729, 10.9224, 6.1608, 6.9057, 3.5973, 0, 19.8865, 0.77, 16.1707, 93.8502, 22.3309, 86.7345, 19.8707]
    ]
  ],
  "V_est": [
    [2.6863, 228.3074, 3.227, 1287.6737, 0.1056],
    [446.8855, 705.087, 5985.4803, 298.9365, 332.6108],
    [87.6766, 3531.9734, 40.896, 15502.202, 19.252],
    [688.7516, 251.6322, 480.3967, 293.1878, 1118.0317]
  ],
  "p_est": [
    [0.0018, 0.15, 0.0021, 0.846, 0.0001],
    [0.0575, 0.0908, 0.7704, 0.0385, 0.0428],
    [0.0046, 0.1841, 0.0021, 0.8082, 0.001],
    [0.2432, 0.0889, 0.1696, 0.1035, 0.3948]
  ],
  "EI_Z": {},
  "EI_V": 7.9854,
  "MAE_Z": {},
  "MAE_V": 249.9832,
  "MAE_p": 0.067,
  "runtime": 3.128
}
