{
  "X": [
    [22, 29, 104, 254, 28],
    [20, 72, 139, 383, 43],
    [15, 58, 74, 370, 31],
    [12, 25, 31, 151, 18],
    [32, 36, 181, 389, 42],
    [33, 35, 159, 299, 27],
    [16, 53, 149, 299, 25],
    [35, 40, 96, 154, 27],
    [37, 72, 261, 422, 38],
    [22, 40, 100, 228, 20],
    [31, 31, 142, 216, 34],
    [17, 15, 76, 112, 15],
    [28, 33, 163, 162, 36],
    [119, 119, 614, 811, 125],
    [36, 70, 222, 678, 49],
    [31, 17, 91, 121, 25],
    [28, 42, 177, 348, 55],
    [33, 63, 212, 327, 38],
    [29, 63, 209, 559, 34],
    [2, 12, 18, 142, 11],
    [4, 10, 31, 71, 15],
    [13, 28, 51, 263, 19],
    [26, 21, 53, 270, 19],
    [7, 22, 50, 276, 18],
    [6, 13, 17, 116, 13],
    [3, 15, 38, 126, 16],
    [16, 37, 75, 307, 30],
    [2, 16, 12, 61, 8],
    [23, 37, 74, 216, 40],
    [10, 29, 25, 201, 29],
    [7, 25, 42, 83, 13],
    [5, 13, 17, 69, 6],
    [18, 32, 86, 178, 14],
    [11, 39, 66, 178, 20],
    [3, 7, 7, 33, 2],
    [31, 42, 99, 187, 16],
    [9, 24, 48, 125, 13],
    [19, 53, 93, 362, 35],
    [3, 7, 8, 58, 5],
    [11, 29, 33, 157, 26],
    [5, 2, 11, 23, 0],
    [8, 5, 12, 82, 17],
    [1, 0, 5, 86, 3],
    [2, 2, 16, 63, 3],
    [47, 68, 127, 229, 34],
    [46, 44, 146, 134, 31],
    [22, 57, 101, 265, 36],
    [14, 20, 47, 112, 32],
    [12, 15, 12, 55, 8],
    [9, 14, 24, 152, 11],
    [11, 22, 48, 85, 7],
    [75, 80, 286, 830, 108],
    [13, 12, 26, 126, 21],
    [4, 5, 24, 118, 8],
    [1, 11, 4, 50, 5],
    [28, 26, 78, 289, 31],
    [18, 27, 58, 215, 24],
    [24, 26, 76, 170, 22],
    [21, 25, 58, 122, 24],
    [9, 18, 57, 166, 24],
    [1, 11, 12, 67, 14],
    [11, 24, 32, 153, 23],
    [8, 9, 65, 118, 10],
    [11, 10, 35, 134, 17],
    [9, 23, 57, 139, 12],
    [4, 11, 9, 31, 7],
    [15, 6, 27, 120, 18],
    [7, 9, 32, 77, 17],
    [485, 599, 1994, 5186, 519],
    [43, 140, 223, 564, 71],
    [98, 231, 361, 860, 151],
    [9, 52, 81, 274, 20]
  ],
  "W": [
    [25, 45, 71, 257, 28, 11],
    [27, 88, 104, 375, 48, 15],
    [27, 50, 52, 374, 35, 10],
    [23, 23, 21, 144, 19, 7],
    [41, 41, 141, 373, 69, 15],
    [30, 53, 117, 279, 56, 18],
    [19, 38, 128, 286, 59, 12],
    [16, 43, 76, 159, 43, 15],
    [30, 74, 214, 406, 77, 29],
    [14, 41, 82, 221, 38, 14],
    [25, 24, 106, 217, 73, 9],
    [15, 13, 62, 108, 28, 9],
    [24, 30, 142, 165, 49, 12],
    [81, 123, 473, 814, 246, 51],
    [42, 97, 168, 641, 83, 24],
    [16, 14, 78, 132, 42, 3],
    [47, 50, 116, 340, 79, 18],
    [30, 85, 158, 320, 63, 17],
    [29, 82, 150, 534, 77, 22],
    [8, 13, 8, 143, 5, 8],
    [10, 11, 16, 76, 8, 10],
    [5, 34, 41, 249, 30, 15],
    [13, 18, 44, 275, 32, 7],
    [18, 29, 34, 278, 10, 4],
    [6, 8, 17, 116, 14, 4],
    [13, 19, 28, 121, 12, 5],
    [19, 46, 51, 309, 29, 11],
    [6, 20, 8, 57, 6, 2],
    [20, 34, 62, 218, 40, 16],
    [21, 27, 27, 200, 11, 8],
    [5, 24, 31, 90, 18, 2],
    [7, 11, 14, 70, 8, 0],
    [7, 40, 64, 180, 29, 8],
    [7, 34, 52, 187, 23, 11],
    [1, 4, 5, 34, 8, 0],
    [12, 43, 72, 190, 48, 10],
    [8, 31, 20, 128, 25, 7],
    [28, 61, 63, 357, 40, 13],
    [3, 10, 5, 61, 2, 0],
    [16, 24, 33, 163, 13, 7],
    [2, 4, 8, 19, 7, 1],
    [9, 7, 4, 85, 17, 2],
    [1, 3, 1, 84, 3, 3],
    [2, 1, 13, 64, 5, 1],
    [27, 76, 93, 218, 77, 14],
    [28, 42, 114, 132, 69, 16],
    [30, 57, 67, 271, 45, 11],
    [22, 14, 41, 108, 31, 9],
    [10, 6, 11, 55, 18, 2],
    [10, 16, 14, 152, 13, 5],
    [6, 33, 29, 84, 15, 6],
    [67, 98, 188, 822, 168, 36],
    [12, 12, 15, 127, 22, 10],
    [2, 7, 15, 122, 11, 2],
    [3, 9, 2, 50, 4, 3],
    [13, 38, 56, 296, 40, 9],
    [17, 27, 38, 209, 36, 15],
    [14, 27, 56, 169, 37, 15],
    [10, 25, 38, 131, 36, 10],
    [17, 23, 35, 170, 21, 8],
    [10, 12, 4, 69, 6, 4],
    [13, 18, 33, 151, 23, 5],
    [13, 18, 49, 113, 16, 1],
    [14, 17, 26, 125, 18, 7],
    [7, 23, 39, 141, 23, 7],
    [7, 9, 8, 29, 6, 3],
    [14, 9, 17, 119, 20, 7],
    [6, 9, 24, 83, 18, 2],
    [409, 677, 1440, 5115, 911, 231],
    [36, 151, 184, 540, 74, 56],
    [61, 212, 307, 898, 146, 77],
    [17, 82, 53, 253, 22, 9]
  ],
  "method": "mvn_cdf",
  "mvncdf_method": "genz",
  "mvncdf_samples": 5000,
  "mvncdf_error": 0.001,
  "cond_prob": [
    [
      [0.077096226397, 0.023022430401, 0.1797287974, 0.27209913403, 0.44805341177],
      [0.013640878712, 0.46854235479, 0.28920228063, 0.21841210595, 0.010202379913],
      [0.047589936339, 0.02401037934, 0.89639946548, 0.023018052659, 0.0089821661779],
      [0.0083265212203, 0.012689131553, 0.032336640812, 0.90556638932, 0.04108131709],
      [0.45761298818, 0.018846726616, 0.43827590645, 0.029528428374, 0.055735950376],
      [0.10243542684, 0.16786192607, 0.20600666526, 0.19793973562, 0.32575624621]
    ],
    [
      [0.030826416293, 0.033525335529, 0.11316540735, 0.30933081358, 0.51315202725],
      [0.0047515171121, 0.60117674778, 0.1619454926, 0.22164836765, 0.01047787486],
      [0.029583286722, 0.054650569757, 0.87445894116, 0.025516079345, 0.015791123018],
      [0.0024389228578, 0.017626141608, 0.019259679369, 0.91846799273, 0.042207263435],
      [0.29447461422, 0.045471141924, 0.44993444336, 0.105161675, 0.1049581255],
      [0.041567592072, 0.24767899775, 0.12869118182, 0.20107211698, 0.38099011137]
    ],
    [
      [0.033961406163, 0.058683663181, 0.11151077738, 0.35168778121, 0.44415637207],
      [0.0036121152077, 0.7133657914, 0.10760661596, 0.16931730148, 0.0060981759537],
      [0.031685495137, 0.092310444692, 0.83755383756, 0.025333750466, 0.01311647214],
      [0.0029050244404, 0.025386394671, 0.016803580144, 0.92242494016, 0.032480060584],
      [0.30761058298, 0.075046181276, 0.41880005685, 0.11320696763, 0.085336211266],
      [0.040194098109, 0.38259804488, 0.11135376955, 0.17720383223, 0.28865025524]
    ],
    [
      [0.060004663583, 0.053799942298, 0.10825278936, 0.31957903311, 0.45836357165],
      [0.0063620110485, 0.6756973338, 0.10624257082, 0.20562672938, 0.0060713549443],
      [0.052972756041, 0.083534645364, 0.81725468629, 0.033779462706, 0.012458449599],
      [0.0053430671832, 0.021871970459, 0.01313759243, 0.93205922029, 0.027588149638],
      [0.42921299769, 0.055754761004, 0.33153052708, 0.1166993065, 0.06680240773],
      [0.06238428231, 0.32263298456, 0.10190928276, 0.25386917153, 0.25920427885]
    ],
    [
      [0.041762801084, 0.026279968549, 0.13359613608, 0.3547548107, 0.44360628358],
      [0.0069674876193, 0.50080888421, 0.20519085393, 0.2775582468, 0.0094745274493],
      [0.034203497346, 0.036408569808, 0.89338685592, 0.024477879463, 0.011523197459],
      [0.0035887723544, 0.011339231402, 0.019943958453, 0.93405699736, 0.031071040434],
      [0.33319243001, 0.030029567024, 0.45398524737, 0.10683577336, 0.075956982236],
      [0.056698351892, 0.19694501711, 0.15854054352, 0.25659035082, 0.33122573666]
    ],
    [
      [0.063672987793, 0.024410789768, 0.1672597782, 0.36915650276, 0.37549994148],
      [0.010398430808, 0.45322835169, 0.24863075051, 0.28024461033, 0.0074978566541],
      [0.04240471753, 0.027053109255, 0.9024691835, 0.020831033613, 0.0072419561025],
      [0.0060054933471, 0.0092788841784, 0.024452246555, 0.93629791721, 0.023965458709],
      [0.39937094476, 0.021814792806, 0.44426041641, 0.084440444469, 0.050113401556],
      [0.085390890666, 0.18171793342, 0.1952845722, 0.25996254694, 0.27764405678]
    ],
    [
      [0.02171994498, 0.054754073381, 0.11197109603, 0.40841418833, 0.40314069727],
      [0.0020077662188, 0.6921044264, 0.1080255356, 0.19222093167, 0.0056413401042],
      [0.014764466533, 0.091760210936, 0.84727498509, 0.034088040982, 0.012112296462],
      [0.00081295923364, 0.017595541258, 0.018302780165, 0.9378755733, 0.025413146045],
      [0.22167074053, 0.078554006291, 0.47002753999, 0.14212111962, 0.087626593575],
      [0.025841181733, 0.35394885265, 0.1125133954, 0.24624214597, 0.26145442425]
    ],
    [
      [0.097595268407, 0.03494054667, 0.134420472, 0.21629685686, 0.51674685606],
      [0.014219306044, 0.62773372259, 0.19143892587, 0.15594907296, 0.010658972534],
      [0.075405992881, 0.04695826015, 0.85098958224, 0.0133335104, 0.013312654326],
      [0.0082920725668, 0.025821004761, 0.03343327387, 0.87421005497, 0.058243593837],
      [0.55675172015, 0.027835137708, 0.31325146301, 0.039974664627, 0.062187014505],
      [0.12249510548, 0.23847484879, 0.14376579535, 0.14011893628, 0.35514531409]
    ],
    [
      [0.045316898019, 0.038910002415, 0.15928219424, 0.36020867473, 0.3962822306],
      [0.0059856504442, 0.57749756561, 0.18974518128, 0.22019315192, 0.0065784507529],
      [0.031801316418, 0.046365877688, 0.89265376869, 0.020790056902, 0.0083889803003],
      [0.0038738095657, 0.017897853196, 0.023054055723, 0.92791767494, 0.027256606573],
      [0.32676992224, 0.040132475177, 0.4788348916, 0.092637433676, 0.061625277307],
      [0.057173190238, 0.26961562969, 0.16973279247, 0.22699020412, 0.27648818348]
    ],
    [
      [0.053702087909, 0.040700878995, 0.12850877553, 0.35789149254, 0.41919676503],
      [0.0071818722956, 0.61224507277, 0.1537832148, 0.21979614255, 0.0069936975847],
      [0.044988365484, 0.05739031646, 0.86421212109, 0.022574789226, 0.010834407745],
      [0.0051094316155, 0.018607689176, 0.01819686629, 0.9289066449, 0.029179368023],
      [0.40010286863, 0.042809451372, 0.39701152105, 0.094131990047, 0.065944168903],
      [0.066541045763, 0.27736252148, 0.13731615406, 0.23295431427, 0.28582596443]
    ],
    [
      [0.041847822959, 0.035451339438, 0.14013807933, 0.27707419827, 0.50548856],
      [0.0059786788922, 0.63195456653, 0.18310460029, 0.16943811544, 0.0095240388481],
      [0.033479004584, 0.048012983087, 0.88177853366, 0.023632860617, 0.013096618057],
      [0.0046622885629, 0.02096088811, 0.025803748607, 0.90235179439, 0.046221280334],
      [0.33907452631, 0.040743541866, 0.46157190973, 0.071090446949, 0.087519575141],
      [0.055264956444, 0.25940438155, 0.14881668709, 0.16684500428, 0.36966897064]
    ],
    [
      [0.064273326561, 0.032686465099, 0.15348265019, 0.31603936785, 0.4335181903],
      [0.0093012480521, 0.5692943804, 0.20599067098, 0.2075573735, 0.0078563270666],
      [0.045246082321, 0.038924960243, 0.88834082585, 0.018231149623, 0.0092569819593],
      [0.0066122472728, 0.016706425973, 0.024111520843, 0.91993875497, 0.032631050942],
      [0.4166044619, 0.029905619078, 0.42038323977, 0.075321230905, 0.057785448351],
      [0.081186570494, 0.22820857822, 0.17421948409, 0.21871692757, 0.29766843962]
    ],
    [
      [0.049191161849, 0.030456298947, 0.13468967234, 0.2156632132, 0.56999965366],
      [0.0085246290562, 0.60642510949, 0.20475349483, 0.16797214302, 0.012324623604],
      [0.041279805386, 0.043119509437, 0.88623971129, 0.015045029918, 0.014315943971],
      [0.007227363385, 0.022147336392, 0.029455189797, 0.87850599234, 0.062664118088],
      [0.38226175175, 0.033737662001, 0.43019227817, 0.059684103687, 0.094124204387],
      [0.064883340391, 0.22048910481, 0.15327300576, 0.14754287733, 0.41381167171]
    ],
    [
      [0.050233056996, 0.029031484892, 0.15493127143, 0.26176464549, 0.5040395412],
      [0.0083817045169, 0.54882056149, 0.23276257974, 0.19914164956, 0.010893504687],
      [0.036673782745, 0.035762970216, 0.89939936408, 0.016296898086, 0.011866984877],
      [0.0060488040245, 0.017392682875, 0.029656838159, 0.89891687461, 0.04798480033],
      [0.35870986638, 0.029854105428, 0.46457423756, 0.068153977098, 0.078707813534],
      [0.066414115356, 0.21031141083, 0.17605768232, 0.17862732794, 0.36858946355]
    ],
    [
      [0.035235270672, 0.0265533506, 0.1207620877, 0.41620659623, 0.40124269479],
      [0.005764106573, 0.49179823433, 0.17957532168, 0.314473713, 0.0083886244238],
      [0.032229753748, 0.041115967697, 0.88511141517, 0.030031971515, 0.011510891866],
      [0.0023741835989, 0.010343083201, 0.016124893766, 0.94675009021, 0.024407749222],
      [0.31144362168, 0.033551614692, 0.44616375084, 0.1321578818, 0.076683130994],
      [0.048947057426, 0.20242281754, 0.1434508392, 0.29725373198, 0.30792555386]
    ],
    [
      [0.091502697749, 0.026788543144, 0.13224081404, 0.17423816123, 0.57522978383],
      [0.014872445523, 0.61893805676, 0.21138615958, 0.14131809264, 0.013485245503],
      [0.070319157696, 0.039387815437, 0.86101497113, 0.014536482651, 0.014741573081],
      [0.010132979227, 0.02316842594, 0.036690075276, 0.85659033546, 0.073418184094],
      [0.52962304279, 0.024105106835, 0.32631955734, 0.043903111514, 0.076049181523],
      [0.08704241446, 0.25445139997, 0.072353882641, 0.062011837304, 0.52414046563]
    ],
    [
      [0.033100010438, 0.026686159935, 0.14650086684, 0.28131557046, 0.51239739232],
      [0.0055392377241, 0.51636105104, 0.23174903344, 0.23503019745, 0.011320480342],
      [0.02473913309, 0.034268172821, 0.90873485908, 0.019755091673, 0.012502743336],
      [0.0022656689969, 0.014438137032, 0.026522108275, 0.91281325724, 0.043960828454],
      [0.27502171229, 0.031597569599, 0.5186826081, 0.083750431947, 0.090947678068],
      [0.044475303057, 0.19707862748, 0.17335117111, 0.20901533862, 0.37607955973]
    ],
    [
      [0.052251843377, 0.030635207792, 0.17357819432, 0.29212194281, 0.45141281169],
      [0.0082015559723, 0.53808797216, 0.2408543698, 0.20380179804, 0.0090543040262],
      [0.03445685112, 0.033976154024, 0.90519070666, 0.016815251488, 0.0095610367082],
      [0.0059174503268, 0.0168959985, 0.029588165443, 0.90848361833, 0.039114767401],
      [0.35296922234, 0.029361088812, 0.48488751706, 0.067183771967, 0.065598399821],
      [0.068263814829, 0.21875092243, 0.19316320992, 0.19464962635, 0.32517242647]
    ],
    [
      [0.035378880332, 0.031332357379, 0.15094953327, 0.41826744565, 0.36407178337],
      [0.0050197257523, 0.50992592227, 0.19786162904, 0.28069482353, 0.0064978994151],
      [0.026140326207, 0.03944924973, 0.90170276214, 0.024602348082, 0.0081053138378],
      [0.001883977393, 0.012410450356, 0.020075562039, 0.94491091461, 0.020719095601],
      [0.28060979321, 0.035494635047, 0.50194780693, 0.11980726162, 0.062140503196],
      [0.046743091925, 0.22726278007, 0.17145747139, 0.28887858127, 0.26565807535]
    ],
    [
      [0.022591402377, 0.031414996143, 0.16218546603, 0.35267173535, 0.4311364001],
      [0.0033519733804, 0.55133646968, 0.18288018905, 0.25432542907, 0.008105938817],
      [0.018757580945, 0.043529834576, 0.91699220947, 0.009935197083, 0.010785177923],
      [0.0013692992019, 0.014646584253, 0.020007783664, 0.93381271545, 0.030163617432],
      [0.23617362207, 0.043490555264, 0.57335042628, 0.057792878723, 0.089192517658],
      [0.031119322904, 0.2401441155, 0.15765886786, 0.24609140748, 0.32498628626]
    ],
    [
      [0.03772821314, 0.025474322316, 0.20914689954, 0.20867740833, 0.51897315668],
      [0.0065097978135, 0.49533348853, 0.31799466523, 0.1683092616, 0.011852786824],
      [0.020610305955, 0.023200486879, 0.92872415275, 0.018253034328, 0.0092120200862],
      [0.0068723668991, 0.021478326706, 0.043395672755, 0.86578963681, 0.062463996833],
      [0.26749357136, 0.024085441411, 0.5989361605, 0.037269309776, 0.072215516953],
      [0.05590967422, 0.2100344252, 0.24614428297, 0.067160861436, 0.42075075618]
    ],
    [
      [0.034413419902, 0.030611253748, 0.077366135097, 0.31177402381, 0.54583516744],
      [0.0048857223216, 0.52593911326, 0.1102385729, 0.34922226544, 0.0097143260856],
      [0.040305981431, 0.064602081255, 0.82288894138, 0.052419689017, 0.019783306916],
      [0.002308939106, 0.011155692904, 0.0064731611811, 0.95360675566, 0.026455451145],
      [0.32744838624, 0.043621027483, 0.34035014966, 0.18097055788, 0.10760987874],
      [0.040726378547, 0.21532867942, 0.086952641697, 0.30274444732, 0.35424785301]
    ],
    [
      [0.089080713333, 0.033140622694, 0.099801863749, 0.34748702156, 0.43048977866],
      [0.013806797085, 0.61217529846, 0.14371417068, 0.22164280537, 0.008660928403],
      [0.08915584535, 0.056102257492, 0.81171893866, 0.029458032169, 0.013564926326],
      [0.0055756341347, 0.01624478701, 0.015268900441, 0.93143659886, 0.031474079553],
      [0.57262191861, 0.029663726796, 0.263326922, 0.07673929802, 0.057648134579],
      [0.11619577161, 0.23785164542, 0.11066832466, 0.22803179771, 0.3072524606]
    ],
    [
      [0.040687062554, 0.02948684239, 0.16933523643, 0.34690774433, 0.4135831143],
      [0.0063667267564, 0.52275566595, 0.197447192, 0.26535624972, 0.008074165563],
      [0.031505753283, 0.038406404351, 0.88736000459, 0.032798134307, 0.0099297034725],
      [0.003921500243, 0.013144095711, 0.020282377081, 0.93436097484, 0.028291052126],
      [0.36790360536, 0.036060375514, 0.47109998002, 0.048083823137, 0.076852215966],
      [0.060647266321, 0.24721060343, 0.17656409785, 0.17800088927, 0.33757714314]
    ],
    [
      [0.021502891471, 0.040296234555, 0.042009334451, 0.33075802213, 0.56543351739],
      [0.0032277149505, 0.74098254439, 0.056593710404, 0.18891264729, 0.010283382964],
      [0.053451569675, 0.13934770205, 0.71621198529, 0.055698370561, 0.035290372419],
      [0.0021133566135, 0.018562938186, 0.0031006499018, 0.93333560594, 0.042887449364],
      [0.32715403997, 0.082020232585, 0.25520241052, 0.16711284277, 0.16851047415],
      [0.027794580098, 0.28996680421, 0.046770356049, 0.23769207553, 0.39777618411]
    ],
    [
      [0.016031325106, 0.025693525885, 0.10029264188, 0.33080670421, 0.52717580291],
      [0.0023844362908, 0.54182087165, 0.16476384146, 0.27899020346, 0.012040647131],
      [0.0075158237559, 0.056178644676, 0.89336358334, 0.025409487844, 0.017532460387],
      [0.00068729436771, 0.010695121198, 0.016515502522, 0.9316122859, 0.04048979601],
      [0.19483061348, 0.042425045305, 0.49533478696, 0.14024885021, 0.12716070405],
      [0.022943087745, 0.19903506851, 0.12182181709, 0.25583210465, 0.400367922]
    ],
    [
      [0.043328780774, 0.02952541789, 0.11852479151, 0.31057175592, 0.49804925391],
      [0.0073027269281, 0.56320593226, 0.17972445987, 0.23905057987, 0.010716301075],
      [0.039818951517, 0.045709704465, 0.87788329072, 0.022140493535, 0.01444755976],
      [0.004643908416, 0.015458076072, 0.019637052491, 0.91931078102, 0.040950182003],
      [0.37014386869, 0.035352236882, 0.41863471657, 0.086165199203, 0.089703978662],
      [0.058265573348, 0.21805353389, 0.13639999823, 0.21889297104, 0.36838792349]
    ],
    [
      [0.017522349828, 0.033762717578, 0.067541613891, 0.32603147918, 0.55514183953],
      [0.0026835349146, 0.66348301264, 0.1006984806, 0.22157635377, 0.011558618072],
      [0.025861199184, 0.079835817356, 0.8372265369, 0.033398860888, 0.023677585676],
      [0.0010626797613, 0.017337066078, 0.0078698131435, 0.92972001092, 0.044010430092],
      [0.25368658582, 0.0619524507, 0.37814524707, 0.16060102984, 0.14561468657],
      [0.025806673971, 0.26457471609, 0.082758788959, 0.19372318031, 0.43313664067]
    ],
    [
      [0.039557676298, 0.030740529705, 0.074101700891, 0.24150056192, 0.61409953119],
      [0.0074380330172, 0.64833327129, 0.12390816289, 0.20629583667, 0.014024696128],
      [0.054522312112, 0.071330905063, 0.82276005592, 0.02572438946, 0.025662337448],
      [0.0058832717217, 0.020412283471, 0.014343460214, 0.89999663547, 0.059364349128],
      [0.41092300675, 0.045106093751, 0.31962443633, 0.089907716934, 0.13443874623],
      [0.053506030958, 0.22907628258, 0.086382074809, 0.17284018497, 0.45819542668]
    ],
    [
      [0.038942223721, 0.03465702777, 0.043187156139, 0.29330620939, 0.58990738298],
      [0.024234050946, 0.68052971314, 0.048517619331, 0.23390719021, 0.012811426373],
      [0.078669297092, 0.11809928121, 0.71366757974, 0.052401660531, 0.037162181427],
      [0.0026599548673, 0.020066537285, 0.0034763283746, 0.92317289615, 0.050624283322],
      [0.49576313913, 0.059048483699, 0.22006278814, 0.072671499179, 0.15245408985],
      [0.052304675119, 0.25579734894, 0.049764125222, 0.20953311397, 0.43260073674]
    ],
    [
      [0.032233671806, 0.070829922055, 0.13215654313, 0.14011265659, 0.62466720642],
      [0.004131196653, 0.72601581892, 0.13920917554, 0.12138926118, 0.0092545477073],
      [0.028273711683, 0.072313110207, 0.86776750941, 0.015835376908, 0.01581029179],
      [0.0048343697828, 0.03517885171, 0.030314280147, 0.86146986903, 0.068202629332],
      [0.29647867677, 0.062714866798, 0.45792831714, 0.068735549287, 0.11414259001],
      [0.04574419843, 0.34240003146, 0.063204678983, 0.062834832444, 0.48581625868]
    ],
    [
      [0.057424613561, 0.10200263418, 0.11134591794, 0.28039594497, 0.44883088935],
      [0.0050772624294, 0.75291057236, 0.090169299733, 0.14699603995, 0.0048468255314],
      [0.047695575358, 0.099145802083, 0.81439962898, 0.027607878259, 0.011151115321],
      [0.0063973110798, 0.029374346421, 0.015567828572, 0.91804463432, 0.030615879609],
      [0.42832849847, 0.069964973268, 0.34217168395, 0.096329655988, 0.063205188329],
      ["NaN", "NaN", "NaN", "NaN", "NaN"]
    ],
    [
      [0.073149983104, 0.036616490838, 0.16985902933, 0.27152689736, 0.44884759936],
      [0.0097034925517, 0.57340646304, 0.21641726967, 0.19303363979, 0.0074391349422],
      [0.044547177695, 0.039083487477, 0.8910139578, 0.016903004285, 0.0084523727439],
      [0.0074226974874, 0.019267812297, 0.028482860853, 0.91049021469, 0.034336414672],
      [0.42176127963, 0.03067248892, 0.43216075421, 0.061715966562, 0.053689510677],
      [0.085203548333, 0.24354680645, 0.18372823539, 0.20227152226, 0.28524988757]
    ],
    [
      [0.04119496706, 0.053311971509, 0.12290290343, 0.21031020178, 0.57227995622],
      [0.0045431919135, 0.71138007467, 0.13240871971, 0.14364334454, 0.0080246691709],
      [0.032746929072, 0.075362561327, 0.8593428401, 0.018273872706, 0.014273796796],
      [0.0046133328336, 0.029107549244, 0.024194694416, 0.89301121693, 0.049073206573],
      [0.32658214695, 0.062778658411, 0.43779415886, 0.078836651204, 0.094008384576],
      [0.043658524923, 0.33036541997, 0.12348018283, 0.17157935893, 0.33091651335]
    ],
    [
      [0.029463245688, 0.26574050635, 0.083860759423, 0.1888889893, 0.43204649923],
      [0.0018113984024, 0.86433051604, 0.039147290499, 0.091914582495, 0.0027962125683],
      [0.027116017332, 0.18139882838, 0.69271634524, 0.087887354651, 0.010881454401],
      [0.0056706111967, 0.033545757316, 0.010906555422, 0.92424036939, 0.025636706673],
      [0.32936378667, 0.15367344236, 0.3656431835, 0.072480418515, 0.078839168951],
      ["NaN", "NaN", "NaN", "NaN", "NaN"]
    ],
    [
      [0.089612686011, 0.049397975171, 0.17518320363, 0.29356954523, 0.39223658997],
      [0.01014108342, 0.64591175616, 0.18225682837, 0.15619739349, 0.0054929385597],
      [0.055106039458, 0.051588697636, 0.87279211286, 0.013300009856, 0.0072131401889],
      [0.0085079032868, 0.026707093423, 0.031136038914, 0.90201562009, 0.031633344288],
      [0.4769088423, 0.037084575584, 0.38725768579, 0.054991121613, 0.043757774718],
      [0.10128202851, 0.30642251748, 0.17155094991, 0.17805351734, 0.24269098675]
    ],
    [
      [0.041461873, 0.035699900528, 0.23443752545, 0.2405950458, 0.44780565522],
      [0.0058395100695, 0.57005786003, 0.25131669882, 0.16471605814, 0.0080698729383],
      [0.024024294529, 0.03395208389, 0.92862344636, 0.0053664442378, 0.0080337309835],
      [0.0051485850855, 0.022330162434, 0.03379461958, 0.89686154838, 0.041865084517],
      [0.27965636357, 0.033445943427, 0.55728393104, 0.067521868601, 0.062091893361],
      [0.050909476144, 0.23845086855, 0.21477194621, 0.19648400548, 0.29938370361]
    ],
    [
      [0.038524572519, 0.036649636706, 0.11823202129, 0.33870301424, 0.46789075524],
      [0.005613128953, 0.60405154891, 0.15552967818, 0.22604310299, 0.0087625409648],
      [0.03533349679, 0.056683636705, 0.87167585517, 0.022715216783, 0.013591794551],
      [0.0035746731806, 0.01779257238, 0.018118476421, 0.92496716815, 0.035547109868],
      [0.33564670985, 0.045151223369, 0.42785244375, 0.10459493833, 0.086754684702],
      [0.0500672374, 0.26135379244, 0.1310938713, 0.22304239219, 0.33444270667]
    ],
    [
      [0.087568363089, 0.025055275982, 0.20793011265, 0.12095656813, 0.55848968015],
      [0.020593022747, 0.58002893617, 0.16940505166, 0.21816834883, 0.011804640601],
      [0.085662462232, 0.037562496644, 0.82973451694, 0.03302894487, 0.014011579318],
      [0.0094534194272, 0.014726991976, 0.020821635495, 0.90579410401, 0.049203849096],
      [0.76319689352, 0.019192908316, 0.13168339779, 0.018430869323, 0.067495931057],
      ["NaN", "NaN", "NaN", "NaN", "NaN"]
    ],
    [
      [0.043599749348, 0.04078288144, 0.056985507035, 0.24354613267, 0.6150857295],
      [0.0068868273515, 0.73304072553, 0.079368280755, 0.16890558982, 0.011798576542],
      [0.071054755237, 0.11114016614, 0.75398741352, 0.033277024399, 0.030540640708],
      [0.006447453867, 0.026152945017, 0.0094888264764, 0.89645735658, 0.061453418057],
      [0.48818625648, 0.060989166964, 0.25513929358, 0.056774803265, 0.13891047971],
      [0.056422416652, 0.29015454192, 0.062616995865, 0.15582347871, 0.43498256685]
    ],
    [
      [0.10623097363, 0.035101706217, 0.2159530808, 0.64271423935, 0],
      [0.012701374918, 0.37661402596, 0.19811828603, 0.41256631309, 0],
      [0.060689163248, 0.020594133756, 0.8933969334, 0.0253197696, 0],
      [0.0019542366582, 0.0021536291369, 0.0091662689646, 0.98672586524, 0],
      [0.5734619471, 0.012673948573, 0.32470105643, 0.089163047898, 0],
      [0.19985512085, 0.12895082006, 0.18137872183, 0.48981533727, 0]
    ],
    [
      [0.028735984522, 0.012192107128, 0.079466156585, 0.19022338268, 0.68938236908],
      [0.0095099660464, 0.48240822502, 0.16253613919, 0.31843146234, 0.027114207404],
      [0.055836233146, 0.040498153992, 0.87438302877, 0.01209039793, 0.017192186165],
      [0.0062910463808, 0.0085451726319, 0.013643928568, 0.89897296518, 0.072546887239],
      [0.40108284409, 0.022424311172, 0.31332339447, 0.081977418787, 0.18119203148],
      [0.049157076249, 0.12193394054, 0.081643933553, 0.10214478401, 0.64512026565]
    ],
    [
      [0.024049384443, 0, 0.29219879249, 0.24157675125, 0.44217507182],
      [0.0047698210169, 0, 0.40906321176, 0.57541266163, 0.010754305594],
      [0.024662967682, 0, 0.94761805861, 0.014827666178, 0.01289130753],
      [0.00055728411841, 0, 0.0067906448214, 0.97622765394, 0.016424417123],
      [0.24304332711, 0, 0.50480660844, 0.17760212908, 0.074547935369],
      [0.053678779179, 0, 0.14938650777, 0.49380942658, 0.30312528647]
    ],
    [
      [0.029283706776, 0.021411662069, 0.19448962068, 0.36169409144, 0.39312091904],
      [0.0069163365859, 0.68600847729, 0.14881470822, 0.14691834979, 0.011342128111],
      [0.023890759608, 0.028207243245, 0.91468277482, 0.024429215093, 0.0087900072346],
      [0.0027273112492, 0.0093616897687, 0.01502502968, 0.95020162706, 0.022684342246],
      [0.28128417451, 0.025919868655, 0.48935307042, 0.13759565315, 0.065847233257],
      [0.042967582444, 0.17572654791, 0.16296272617, 0.31123127375, 0.30711186973]
    ],
    [
      [0.068632359361, 0.041261680459, 0.12254237002, 0.28855408277, 0.47900950739],
      [0.0090711644974, 0.64915812124, 0.152447215, 0.18065511838, 0.0086683808771],
      [0.059159155585, 0.06025654123, 0.84556590098, 0.021600033253, 0.013418368953],
      [0.0063378391637, 0.022756069988, 0.022233443412, 0.90670796459, 0.041964682848],
      [0.47248918549, 0.039962400863, 0.34829926038, 0.068644771484, 0.070604381783],
      [0.085171436109, 0.27915221108, 0.12870036895, 0.18017599936, 0.32679998451]
    ],
    [
      [0.08817805489, 0.041944329529, 0.15859531607, 0.22191616705, 0.48936613245],
      [0.01140490313, 0.6403421648, 0.19955923414, 0.14018636708, 0.0085073308526],
      [0.057222330293, 0.04785127444, 0.87330017571, 0.010907947468, 0.010718272088],
      [0.009735597136, 0.029037189034, 0.036179171649, 0.87366937956, 0.051378662618],
      [0.48664741232, 0.033428726083, 0.37823279654, 0.044469901765, 0.057221163291],
      [0.10405578787, 0.27104071958, 0.17174435413, 0.14138953562, 0.3117696028]
    ],
    [
      [0.046674846465, 0.047598644077, 0.14195735388, 0.26327890284, 0.50049025274],
      [0.0058423892706, 0.67182182663, 0.15978943254, 0.15453006455, 0.0080162870067],
      [0.035642784143, 0.061475403726, 0.8755416831, 0.015218079738, 0.012122049295],
      [0.0055833591144, 0.027208362658, 0.026996491361, 0.89414617798, 0.04606560889],
      [0.3499358006, 0.050872379418, 0.44578055731, 0.073647222207, 0.079764040464],
      [0.056224593911, 0.31787465057, 0.14507406576, 0.1496426056, 0.33118408416]
    ],
    [
      [0.026363165685, 0.031046646234, 0.057058001256, 0.23448840752, 0.6510437793],
      [0.004931077941, 0.68763568762, 0.097707633506, 0.19612799654, 0.013597604396],
      [0.044342507505, 0.088198770263, 0.7985267049, 0.037080607352, 0.03185140998],
      [0.0051154212965, 0.020547903825, 0.010820267011, 0.90382546035, 0.059690947518],
      [0.34396471958, 0.057205854099, 0.31722334536, 0.10646160469, 0.17514447627],
      [0.035284516555, 0.23126327614, 0.070523295448, 0.18463319092, 0.47829572094]
    ],
    [
      [0.070633414725, 0.13586859551, 0.067519413863, 0.28577807163, 0.44020050427],
      [0.002414948732, 0.92734842933, 0.031180481019, 0.036575214081, 0.0024809268348],
      [0.076392049787, 0.24910990556, 0.60400319726, 0.055649582321, 0.014845265066],
      [0.015124955733, 0.031093693528, 0.013467992416, 0.90458430347, 0.035729054855],
      [0.52775028097, 0.13033183676, 0.20357078077, 0.076986813814, 0.061360287689],
      [0.053742995004, 0.64044415101, 0.044337084301, 0.086361627137, 0.17511414255]
    ],
    [
      [0.063885605119, 0.032506582475, 0.12214868012, 0.36605098609, 0.41540814619],
      [0.0095530543347, 0.57097913547, 0.16328244275, 0.24844996407, 0.0077354033759],
      [0.056347448239, 0.047853493467, 0.87350446661, 0.011247042279, 0.011047549401],
      [0.0059023563058, 0.015152632037, 0.017473318102, 0.93294248215, 0.028529211405],
      [0.47016914298, 0.032049525576, 0.35535719517, 0.082100396886, 0.060323739391],
      [0.082014757389, 0.22989503943, 0.13226873872, 0.2664539351, 0.28936752937]
    ],
    [
      [0.095242927518, 0.032304307926, 0.22613400483, 0.28872820936, 0.35759055036],
      [0.013733612903, 0.53855114505, 0.28808935983, 0.15355084088, 0.0060750413395],
      [0.04768982501, 0.027383988694, 0.89500466165, 0.024747639928, 0.0051738847136],
      [0.010952414681, 0.019903465821, 0.038409747122, 0.90039831973, 0.030336052651],
      [0.46460416338, 0.020973628162, 0.43461669121, 0.045118618001, 0.03468689925],
      [0.1172105, 0.20889252374, 0.23924046373, 0.19542221829, 0.23923429425]
    ],
    [
      [0.039047494948, 0.023257191283, 0.1135614857, 0.30061689172, 0.52351693635],
      [0.0076475650784, 0.50846348566, 0.19943709064, 0.271247196, 0.013204662624],
      [0.038061461851, 0.038312161868, 0.88162286573, 0.025632889262, 0.016370621288],
      [0.0041373850048, 0.012037449702, 0.019995702614, 0.91930293613, 0.044526526547],
      [0.35173991455, 0.029904337207, 0.42698552607, 0.088801692755, 0.10256852941],
      [0.055154597604, 0.18030410703, 0.13698363582, 0.21866005504, 0.40889760451]
    ],
    [
      [0.048088869148, 0.023030971309, 0.085259333887, 0.2725978414, 0.57102298426],
      [0.01003066101, 0.559606189, 0.15989418644, 0.25546873996, 0.015000223588],
      [0.059155367699, 0.047366373785, 0.85873276608, 0.013469273168, 0.021276219272],
      [0.0059392095299, 0.014178642678, 0.015550699657, 0.9115022617, 0.052829186438],
      [0.45299975062, 0.029573696362, 0.32538028486, 0.083336575924, 0.10870969224],
      [0.069496099868, 0.18465495294, 0.10438611416, 0.18669700203, 0.454765831]
    ],
    [
      [0.037120985671, 0.022256867012, 0.1499151968, 0.16521137194, 0.62549557858],
      [0.0059832431518, 0.44096414104, 0.24016697462, 0.30044259095, 0.012443050246],
      [0.025022418892, 0.02523603648, 0.91751316887, 0.019641828216, 0.012586547538],
      [0.0027795595585, 0.0076810859088, 0.020144156603, 0.93114776734, 0.038247430586],
      [0.28004245185, 0.022775666586, 0.49696570465, 0.10971380359, 0.090502373324],
      [0.044482903365, 0.1512859591, 0.16604669717, 0.23248612038, 0.40569831999]
    ],
    [
      [0.013189935142, 0.10539585816, 0.058302419748, 0.31893642356, 0.50417536339],
      [0.00047591064206, 0.80373348156, 0.04804847583, 0.1413823629, 0.0063597690585],
      [0.020992961245, 0.11954271057, 0.82083930112, 0.015318080726, 0.023306946339],
      [0.00052626393654, 0.029431029546, 0.0040065344129, 0.9266538017, 0.039382370402],
      [0.21118158006, 0.13184999051, 0.34733554951, 0.1703318185, 0.13930106141],
      [0.014373853074, 0.40405807697, 0.053769645788, 0.24203198086, 0.2857664433]
    ],
    [
      [0.069859673138, 0.020088536651, 0.107488278, 0.23751063094, 0.56505288128],
      [0.014569575243, 0.48740804911, 0.21017947013, 0.27274971738, 0.015093188138],
      [0.067210717196, 0.032968827812, 0.85967740104, 0.023061096969, 0.017081956989],
      [0.0066655917801, 0.010689290407, 0.021146257801, 0.91117590267, 0.050322957338],
      [0.49830745488, 0.020307499186, 0.32611549033, 0.070813065758, 0.084456489844],
      [0.096562984989, 0.154973208, 0.12999846009, 0.19065125393, 0.42781409299]
    ],
    [
      [0.043488522007, 0.033387632636, 0.10926873295, 0.3526267963, 0.46122831611],
      [0.0067457738488, 0.58406340055, 0.15104838347, 0.24902403585, 0.0091184062822],
      [0.042681061597, 0.055007707324, 0.86234718033, 0.025735754141, 0.014228296605],
      [0.0042853273392, 0.01607150143, 0.015778937014, 0.92963497153, 0.034229262689],
      [0.37993642406, 0.040721648455, 0.39241946838, 0.10238718448, 0.084535274622],
      [0.058888947415, 0.24983216058, 0.12466890905, 0.22160594314, 0.34500403981]
    ],
    [
      [0.068996081538, 0.031875373402, 0.135776765, 0.29544348424, 0.46790829582],
      [0.010874966825, 0.5733405429, 0.19249524627, 0.21372864717, 0.0095605968275],
      [0.05532846588, 0.043131328057, 0.87229758096, 0.01726398577, 0.011978639338],
      [0.0066921993279, 0.017878040633, 0.023834920645, 0.91084299376, 0.040751845633],
      [0.46295386091, 0.029963345471, 0.37240289245, 0.068676791361, 0.066003109814],
      [0.092117474996, 0.23521087289, 0.14973869984, 0.17685515453, 0.34607779774]
    ],
    [
      [0.060019280167, 0.031988359696, 0.11948038846, 0.17830942707, 0.61020254461],
      [0.010311280333, 0.6369855347, 0.18889833865, 0.15115087902, 0.012653967295],
      [0.052979642473, 0.048161952118, 0.8712272322, 0.011830265907, 0.015800907298],
      [0.009029409883, 0.026317072985, 0.031322577704, 0.86171646301, 0.071614476419],
      [0.44944535282, 0.033765054162, 0.37550795771, 0.047878260042, 0.093403375268],
      [0.076591337975, 0.22622453442, 0.13545586688, 0.13801096335, 0.42371729737]
    ],
    [
      [0.035002890777, 0.024120377412, 0.14574420388, 0.25460362607, 0.54052890186],
      [0.0065055517423, 0.51711262511, 0.24535932328, 0.21831081117, 0.012711688693],
      [0.027089120822, 0.031386924337, 0.91602833348, 0.012551738406, 0.012943882958],
      [0.0042141776295, 0.01499908728, 0.028064902555, 0.90064324494, 0.052078587593],
      [0.29562052197, 0.028396515765, 0.50814557998, 0.073570553673, 0.094266828607],
      [0.047845347437, 0.18145614826, 0.17200022662, 0.19461819852, 0.40408007917]
    ],
    [
      [0.0042812663523, 0.03680944866, 0.1296631152, 0.17695112624, 0.65229504355],
      [0.00062132259845, 0.64668026931, 0.15354346545, 0.18554221799, 0.013612724653],
      [0.013169970078, 0.058958389367, 0.90979701773, 0.0083769901201, 0.0096976327003],
      [0.00057416552445, 0.019232771323, 0.0237547967, 0.89153160686, 0.064906659593],
      [0.13292309157, 0.070810876138, 0.52409489621, 0.10897503996, 0.16319609612],
      [0.014973903587, 0.22099556152, 0.10950221054, 0.20023576204, 0.45429256231]
    ],
    [
      [0.023960137327, 0.0381468094, 0.041925262631, 0.30312440386, 0.59284338678],
      [0.004042833338, 0.71120529452, 0.059528606151, 0.21343128841, 0.011791977584],
      [0.054804426936, 0.1369331835, 0.72429109101, 0.045115654287, 0.038855644268],
      [0.0039865341412, 0.01950386891, 0.0035707211867, 0.92359068225, 0.049348193515],
      [0.34956604007, 0.076830509959, 0.24797935621, 0.14789046055, 0.17773363322],
      [0.033043109766, 0.29428303731, 0.047829315946, 0.17302587103, 0.45181866594]
    ],
    [
      [0.047409245991, 0.018167319205, 0.193914939, 0.34181073351, 0.39869776229],
      [0.0084312270047, 0.37944400421, 0.30221555672, 0.30130413755, 0.0086050745131],
      [0.028917120483, 0.017507994722, 0.92598637239, 0.020389158543, 0.0071993538667],
      [0.0050094811396, 0.0050361134867, 0.027759094971, 0.93544476095, 0.026750549452],
      [0.32164192332, 0.017176934726, 0.52595382271, 0.081089252108, 0.054138067141],
      [0.1026366705, 0.2320292535, 0.11385463012, 0.13123119868, 0.4202482472]
    ],
    [
      [0.04460059506, 0.015308590373, 0.085368370253, 0.35160980225, 0.50311264207],
      [0.010284516694, 0.41877713736, 0.17902799888, 0.37727212599, 0.014638221077],
      [0.054793683404, 0.031598583326, 0.8629299803, 0.031601405264, 0.019076347703],
      [0.0048014581038, 0.0047752309727, 0.012078659554, 0.9414358558, 0.036908795574],
      [0.42857414293, 0.020319699751, 0.33595350377, 0.11761289025, 0.097539763304],
      [0.065943183032, 0.1260352523, 0.1097416908, 0.29224087013, 0.40603900374]
    ],
    [
      [0.039392621525, 0.044593439577, 0.16432913245, 0.30956777267, 0.44211703378],
      [0.0047554532756, 0.62805232606, 0.18205508223, 0.17832913819, 0.0068080002481],
      [0.026269264647, 0.050294793602, 0.89995828152, 0.014265471415, 0.0092121888117],
      [0.0036316913326, 0.022614476116, 0.025887232357, 0.91343591979, 0.034430680401],
      [0.2936851538, 0.046388770102, 0.50982146296, 0.082419828868, 0.067684784273],
      [0.04622112678, 0.28936608977, 0.16972325597, 0.21214018185, 0.28254934562]
    ],
    [
      [0.047137565523, 0.057030322855, 0.065078086339, 0.25697544702, 0.57377857827],
      [0.0076039446523, 0.79349595853, 0.058535602568, 0.13302783695, 0.0073366572945],
      [0.058969886943, 0.1301177576, 0.75946873168, 0.031236787977, 0.020206835803],
      [0.0070093994664, 0.028909215622, 0.0057133766523, 0.9142111113, 0.044156896956],
      [0.46339498271, 0.078102833035, 0.26292629121, 0.10031268368, 0.095263209369],
      [0.048733321052, 0.37046593372, 0.066212482984, 0.21334290154, 0.30124536071]
    ],
    [
      [0.074974104385, 0.013945233839, 0.098781807707, 0.27995104543, 0.53234780864],
      [0.018333890066, 0.41349039639, 0.22145434228, 0.33015816067, 0.016563210596],
      [0.079227435326, 0.024895728662, 0.86281478461, 0.015853018346, 0.017209033059],
      [0.0062328679766, 0.0050372526882, 0.018972611255, 0.92248575294, 0.04727151514],
      [0.54670104144, 0.013670342326, 0.29182848683, 0.070465928252, 0.077334201151],
      [0.10896557277, 0.11246940787, 0.12311482819, 0.23637677733, 0.41907341385]
    ],
    [
      [0.022625094315, 0.018534554097, 0.082866546083, 0.14423853497, 0.73173527054],
      [0.0061988830482, 0.59198393823, 0.17433599079, 0.20513383464, 0.02234735329],
      [0.033448892229, 0.045677676237, 0.86762271431, 0.025804277632, 0.027446439591],
      [0.0054490533949, 0.017867594833, 0.023119469507, 0.86975124012, 0.083812642148],
      [0.30431769018, 0.03404534175, 0.39452686729, 0.075612146924, 0.19149795386],
      [0.037848109103, 0.1844232395, 0.045216041318, 0.059345020485, 0.67316758959]
    ],
    [
      [0.053651077039, 0.030959274968, 0.13870384204, 0.33167576085, 0.4450100451],
      [0.0084589826408, 0.54345513664, 0.19722943406, 0.24179028098, 0.0090661656808],
      [0.042818888955, 0.041888617816, 0.88258663468, 0.02130063591, 0.011405222642],
