{
  "X": [
    [2, 6, 20, 4],
    [0, 1, 4, 1],
    [3, 5, 57, 2],
    [7, 3, 25, 4],
    [2, 2, 18, 2],
    [5, 5, 21, 1],
    [0, 1, 10, 3],
    [1, 4, 20, 3],
    [1, 3, 14, 2],
    [0, 0, 10, 2],
    [1, 6, 19, 7],
    [23, 103, 342, 37],
    [74, 124, 629, 84],
    [3, 11, 43, 2],
    [42, 72, 236, 33],
    [37, 84, 388, 50],
    [47, 77, 345, 60],
    [2, 1, 12, 3],
    [24, 10, 329, 23],
    [25, 13, 206, 16],
    [60, 22, 554, 33],
    [23, 10, 313, 26],
    [52, 13, 497, 29],
    [22, 14, 245, 19],
    [19, 4, 423, 17],
    [26, 6, 211, 15],
    [20, 7, 254, 13],
    [19, 34, 176, 18],
    [77, 242, 637, 108],
    [17, 159, 293, 60],
    [4, 16, 58, 3],
    [34, 155, 249, 55],
    [35, 182, 363, 55],
    [58, 217, 504, 90],
    [25, 190, 346, 37],
    [49, 192, 348, 46],
    [47, 146, 489, 60],
    [58, 132, 568, 38],
    [34, 83, 266, 35],
    [20, 72, 148, 21],
    [35, 109, 176, 38],
    [11, 63, 126, 20],
    [1, 0, 4, 0],
    [613, 1344, 5252, 548],
    [57, 167, 930, 120],
    [121, 297, 1423, 195],
    [11, 15, 75, 12]
  ],
  "W": [
    [0, 20, 9, 0, 3],
    [0, 5, 0, 1, 0],
    [0, 54, 3, 2, 8],
    [1, 27, 6, 4, 1],
    [2, 18, 3, 1, 0],
    [0, 21, 4, 3, 4],
    [1, 11, 1, 0, 1],
    [0, 21, 4, 2, 1],
    [1, 13, 3, 1, 2],
    [0, 9, 1, 1, 1],
    [0, 16, 8, 6, 3],
    [22, 306, 114, 27, 36],
    [37, 587, 151, 70, 66],
    [4, 35, 14, 4, 2],
    [21, 220, 81, 22, 39],
    [22, 367, 93, 35, 42],
    [20, 337, 93, 39, 40],
    [3, 12, 1, 1, 1],
    [4, 315, 17, 31, 19],
    [5, 203, 21, 21, 10],
    [16, 542, 33, 53, 25],
    [9, 311, 16, 12, 24],
    [6, 486, 35, 38, 26],
    [10, 239, 18, 16, 17],
    [5, 403, 7, 17, 31],
    [8, 219, 13, 8, 10],
    [6, 231, 12, 23, 22],
    [8, 168, 43, 20, 8],
    [56, 536, 313, 98, 61],
    [17, 268, 164, 31, 49],
    [3, 50, 22, 4, 2],
    [20, 196, 202, 44, 31],
    [33, 278, 241, 47, 36],
    [30, 416, 256, 92, 75],
    [20, 286, 211, 46, 35],
    [33, 277, 222, 63, 40],
    [39, 429, 170, 67, 37],
    [30, 509, 160, 57, 40],
    [13, 223, 124, 35, 23],
    [16, 113, 90, 27, 15],
    [14, 156, 124, 40, 24],
    [12, 100, 76, 20, 12],
    [0, 4, 0, 1, 0],
    [216, 4852, 1550, 675, 464],
    [57, 883, 174, 72, 88],
    [88, 1332, 367, 123, 126],
    [19, 56, 19, 12, 7]
  ],
  "method": "mvn_pdf",
  "cond_prob": [
    [
      [0.035500972632, 0.020578581931, 0.3201549909, 0.62376545454],
      [0.05734258966, 0.0016105570055, 0.90260736671, 0.038439486629],
      [0.030666025479, 0.66609250801, 0.1351733539, 0.16806811262],
      [0.37159430452, 0.030233279206, 0.46208634893, 0.13608606734],
      [0.036691218996, 0.036188043053, 0.3158527383, 0.61126799965]
    ],
    [
      [0.02875494622, 0.11351005561, 0.25597457084, 0.60176042733],
      [0.0049319990793, 0.6058109944, 0.32121072762, 0.068046278905],
      [0.0029789366758, 0.95998548174, 0.011457641506, 0.025577940073],
      [1.3260205154e-14, 1, 2.5414109096e-13, 1.089728968e-12],
      [0.02723340289, 0.19605482341, 0.22764587221, 0.54906590149]
    ],
    [
      [0.040358157969, 0.12067953346, 0.6024853952, 0.23647691337],
      [0.037057664288, 0.0055291279554, 0.94660838408, 0.01080482368],
      [0.0057482764624, 0.93928723507, 0.042519462643, 0.012445025821],
      [0.24489044907, 0.12750954285, 0.5842076775, 0.043392330585],
      [0.038215104465, 0.20383468395, 0.54442066083, 0.21352955075]
    ],
    [
      [0.11612660981, 0.0092874822281, 0.28095583208, 0.59363007588],
      [0.18536992145, 0.00075032458382, 0.77693546998, 0.036944283986],
      [0.14358839468, 0.4512911609, 0.17338853477, 0.23173190965],
      [0.68741730632, 0.007805660029, 0.23060280006, 0.074174233594],
      [0.12038987504, 0.016156724924, 0.27835892877, 0.58509447126]
    ],
    [
      [0.048791052852, 0.014941754881, 0.45052932814, 0.48573786413],
      [0.056921061427, 0.00085669430573, 0.9214316498, 0.020790594468],
      [0.034247255907, 0.70619947759, 0.15313272242, 0.10642054409],
      [0.40289455561, 0.016570676692, 0.50263333327, 0.077901434428],
      [0.050575002273, 0.025937600432, 0.44557479379, 0.47791260351]
    ],
    [
      [0.15279627821, 0.11362490184, 0.50201018916, 0.23156863079],
      [0.14716047407, 0.0053487466554, 0.83692177828, 0.010569000991],
      [0.021157522215, 0.93275916064, 0.034276741006, 0.011806576139],
      [0.63120264173, 0.067669403533, 0.27793288026, 0.023195074471],
      [0.14495752318, 0.19281480044, 0.45355116244, 0.20867651393]
    ],
    [
      [0.0010943726415, 0.0042938742671, 0.046509667863, 0.94810208523],
      [0.011252553659, 0.0015861204422, 0.85670336603, 0.13045795987],
      [0.00040857161056, 0.94087078364, 0.0083000045273, 0.050420640217],
      [0.046562284687, 0.032013618101, 0.39207464793, 0.52934944928],
      [0.0012086927778, 0.0073841227685, 0.049101641991, 0.94230554246]
    ],
    [
      [0.008280532614, 0.036132844809, 0.1465118381, 0.80907478448],
      [0.028320488856, 0.0052358884722, 0.89226403684, 0.074179585836],
      [0.0033226990849, 0.89219415436, 0.02871758904, 0.075765557516],
      [0.15753565746, 0.10769367621, 0.45016941653, 0.2846012498],
      [0.0086026991867, 0.065647501876, 0.14531430413, 0.78043549481]
    ],
    [
      [0.027115326835, 0.050670535663, 0.45632413072, 0.46589000678],
      [0.031493140944, 0.0027481768593, 0.94488009666, 0.020878585532],
      [0.0064061342093, 0.90702806384, 0.051531816151, 0.035033985805],
      [0.24286049588, 0.068043092938, 0.59643958539, 0.092656825799],
      [0.027352541627, 0.090133228754, 0.43835952101, 0.44415470861]
    ],
    [
      [0.0018620045992, 0.00020829436489, 0.1044883004, 0.89344140064],
      [0.0087522663739, 5.6502599388e-05, 0.94422978778, 0.04696144325],
      [0.011465961769, 0.040786415445, 0.29483099982, 0.65291662297],
      [0.059613551459, 0.00094088799996, 0.66409817931, 0.27534738123],
      [0.0019670242424, 0.00022858595079, 0.1068090684, 0.89099532141]
    ],
    [
      [0.0058294172315, 0.012870909689, 0.12445330663, 0.85684636645],
      [0.022522706975, 0.0024315451431, 0.85673224105, 0.11831350683],
      [0.007474383821, 0.60330968822, 0.078994061353, 0.3102218666],
      [0.11813920296, 0.044245911527, 0.42197118926, 0.41564369625],
      [0.0060973856824, 0.022904554304, 0.12447085598, 0.84652720403]
    ],
    [
      [0.038644498512, 0.067983954172, 0.50935826998, 0.38401327734],
      [0.041782016917, 0.0039467071926, 0.93261195757, 0.021659318324],
      [0.015846289338, 0.82182160842, 0.10450240951, 0.057829692736],
      [0.26043215479, 0.083475407173, 0.57141580439, 0.084676633654],
      [0.038333597972, 0.11498901835, 0.48277808274, 0.36389930094]
    ],
    [
      [0.054678610085, 0.043920762069, 0.44624103844, 0.45515958941],
      [0.065419814219, 0.002827605078, 0.90323504694, 0.028517533767],
      [0.031648961178, 0.74211239097, 0.12938522485, 0.096853423003],
      [0.35950160941, 0.052746140542, 0.48934614139, 0.098406108656],
      [0.055186189118, 0.075523009946, 0.43038384635, 0.43890695459]
    ],
    [
      [0.042265054091, 0.038896947558, 0.70293228705, 0.2159057113],
      [0.033466429996, 0.0016277606075, 0.95629158262, 0.0086142267751],
      [0.022859735724, 0.74739504046, 0.18643118661, 0.0433140372],
      [0.25322159788, 0.040112762971, 0.66768618514, 0.038979454003],
      [0.042858876861, 0.067736838359, 0.68015860287, 0.20924568191]
    ],
    [
      [0.10605419393, 0.060677630126, 0.45985645269, 0.37341172326],
      [0.11685351331, 0.0035860460443, 0.85813205742, 0.021428383224],
      [0.046583407872, 0.79202731789, 0.10112996687, 0.060259307361],
      [0.5179033808, 0.053401459476, 0.36975443917, 0.058940720555],
      [0.10546070221, 0.1029162619, 0.43691893812, 0.35470409776]
    ],
    [
      [0.045879093946, 0.059017211646, 0.43829882455, 0.45680486986],
      [0.056304406888, 0.0038872136243, 0.91059888035, 0.029209499134],
      [0.021077226344, 0.80114071768, 0.10080384337, 0.076978212605],
      [0.31754032597, 0.074382464988, 0.5047666859, 0.10331052315],
      [0.045801494519, 0.10046166329, 0.41810391387, 0.43563292832]
    ],
    [
      [0.053480558136, 0.042873671813, 0.35807248035, 0.5455732897],
      [0.077467491133, 0.0033320569232, 0.87814676925, 0.041053682696],
      [0.03151658351, 0.74513059053, 0.10566924995, 0.11768357601],
      [0.38615422792, 0.056238496672, 0.42942630055, 0.12818097486],
      [0.054029021743, 0.073825204816, 0.34566971433, 0.52647605911]
    ],
    [
      [0.052396902585, 0.0156272245, 0.32039537115, 0.61158050177],
      [0.081780546066, 0.0011965631257, 0.88242623554, 0.034596655273],
      [0.019328586454, 0.85451862454, 0.057852420836, 0.068300368165],
      [0.5089139954, 0.018145570401, 0.37052356345, 0.10241687075],
      [0.054510629307, 0.027237242301, 0.31779747851, 0.60045464989]
    ],
    [
      [0.040712062549, 0.017375748325, 0.51832709742, 0.42358509171],
      [0.043246527774, 0.000991577923, 0.93255506331, 0.02320683099],
      [0.041049255226, 0.54178457321, 0.26128118544, 0.15588498613],
      [0.28326330853, 0.021956856043, 0.59943486793, 0.095344967497],
      [0.041957990739, 0.030490260555, 0.51045177137, 0.41709997734]
    ],
    [
      [0.065589725292, 0.020031399194, 0.49203621635, 0.42234265916],
      [0.071107925903, 0.0011621846582, 0.90435635886, 0.02337353058],
      [0.060086644513, 0.57391418608, 0.22524546818, 0.14075370123],
      [0.40085078003, 0.021968045483, 0.49519072358, 0.081990450904],
      [0.06738823509, 0.03506215239, 0.48303308235, 0.41451653017]
    ],
    [
      [0.065277123387, 0.0230773053, 0.54298051762, 0.36866505369],
      [0.064985914738, 0.0012358516979, 0.91463060442, 0.019147629139],
      [0.056030886195, 0.59444577107, 0.23332711838, 0.11619622435],
      [0.37963390543, 0.024452166973, 0.52577771921, 0.070136208381],
      [0.066901561997, 0.04029678936, 0.53177557655, 0.36102607209]
    ],
    [
      [0.047797722913, 0.019005399011, 0.49465080303, 0.43854607504],
      [0.052582289277, 0.00112132813, 0.92141562147, 0.024880761119],
      [0.04557355821, 0.56566566615, 0.23592388002, 0.15283689562],
      [0.32446306336, 0.023330573655, 0.5562245063, 0.095981856687],
      [0.049184225765, 0.03331112338, 0.48637319348, 0.43113145737]
    ],
    [
      [0.068170551875, 0.010390407611, 0.56305250866, 0.35838653186],
      [0.06553958997, 0.00053854834495, 0.91598253448, 0.017939327207],
      [0.086077167421, 0.39185517558, 0.35587231828, 0.16619533872],
      [0.38880044485, 0.010765454302, 0.53381691095, 0.066617189895],
      [0.070539956246, 0.018283018986, 0.55676008915, 0.35441693562]
    ],
    [
      [0.055421825751, 0.029612498239, 0.51947933443, 0.39548634158],
      [0.057877949131, 0.0016534444281, 0.91919897748, 0.021269628961],
      [0.039774502573, 0.6701287181, 0.18636677294, 0.10373000639],
      [0.34794625242, 0.033532588298, 0.53878402888, 0.079737130401],
      [0.056546673631, 0.051569731958, 0.50642518216, 0.38545841225]
    ],
    [
      [0.040759513943, 0.017235547471, 0.64488712916, 0.29711780943],
      [0.035480169727, 0.00080739745368, 0.95024480914, 0.013467623675],
      [0.040130343955, 0.53471919309, 0.31759531103, 0.10755515192],
      [0.25333154396, 0.019483047152, 0.66692608178, 0.060259327108],
      [0.042007581423, 0.030253989248, 0.63509181305, 0.29264661628]
    ],
    [
      [0.092538677997, 0.012524037245, 0.49699230167, 0.39794498309],
      [0.096858916839, 0.00070385135393, 0.8811821012, 0.021255130603],
      [0.10415671985, 0.45271806604, 0.27975795218, 0.16336726193],
      [0.4908802853, 0.011794554754, 0.43085923081, 0.066465929132],
      [0.09550442731, 0.021959503299, 0.49010597286, 0.39243009653]
    ],
    [
      [0.052069723019, 0.017713496378, 0.64083538063, 0.28938139997],
      [0.045125800459, 0.00082540708455, 0.94103904538, 0.013009747078],
      [0.050270922707, 0.53808055507, 0.30902392879, 0.10262459343],
      [0.30499450313, 0.018756854302, 0.62141375434, 0.054834888226],
      [0.053618271887, 0.031069347856, 0.63052183773, 0.28479054252]
    ],
    [
      [0.049808539341, 0.041280693172, 0.45725889967, 0.45165186782],
      [0.058533969912, 0.002586776721, 0.91179245804, 0.02708679533],
      [0.02925094323, 0.74015131414, 0.1341678877, 0.096429854936],
      [0.33876522515, 0.050487006059, 0.5129457373, 0.097802031483],
      [0.050392130881, 0.071278860524, 0.44199530754, 0.43633370106]
    ],
    [
      [0.047722187479, 0.041532457882, 0.45888889741, 0.45185645723],
      [0.056143816984, 0.002631867942, 0.91333824891, 0.027886066159],
      [0.028972901622, 0.73054284415, 0.13956397654, 0.10092027768],
      [0.32501699378, 0.051732087473, 0.52181076482, 0.10144015393],
      [0.04826733021, 0.071542668862, 0.44352504529, 0.43666495563]
    ],
    [
      [0.025398743734, 0.086536121659, 0.35787561946, 0.53018951515],
      [0.038258617303, 0.0069957725148, 0.91318769769, 0.041557912495],
      [0.0086640852934, 0.8640197678, 0.061097748502, 0.066218398408],
      [0.2148997521, 0.13353765982, 0.50482535889, 0.14673722919],
      [0.024869488064, 0.14444424691, 0.33483213765, 0.49585412738]
    ],
    [
      [0.044552254546, 0.033857945416, 0.67629635099, 0.24529344904],
      [0.036633601041, 0.0014755265656, 0.95176446545, 0.010126406947],
      [0.028109854774, 0.70428422071, 0.21052786097, 0.057078063544],
      [0.26818290485, 0.035374927621, 0.65160692311, 0.044835244422],
      [0.045343998446, 0.058949122514, 0.6571046778, 0.23860220124]
    ],
    [
      [0.0465415559, 0.042343911536, 0.43679128355, 0.47432324901],
      [0.057206061892, 0.0027980457284, 0.90961955793, 0.030376334453],
      [0.027836022858, 0.73738992431, 0.13075120342, 0.1040228494],
      [0.3270828307, 0.054099572541, 0.51007014279, 0.10874745396],
      [0.047051400401, 0.072920858002, 0.42194335568, 0.45808438592]
    ],
    [
      [0.043589082571, 0.041024045625, 0.54221449055, 0.37317238125],
      [0.044326278458, 0.0022459952384, 0.9335590487, 0.0198686776],
      [0.02650740746, 0.72500997939, 0.16502600284, 0.083456610312],
      [0.28368755222, 0.048703181126, 0.58786836666, 0.079740899994],
      [0.044112914991, 0.07071675976, 0.52433780691, 0.36083251834]
    ],
    [
      [0.041885958782, 0.054073510002, 0.44674477679, 0.45729575443],
      [0.050786355164, 0.0035296276084, 0.91662937822, 0.029054639005],
      [0.020903392339, 0.78352518197, 0.11166662116, 0.083904804524],
      [0.29621517432, 0.069913109715, 0.52738295788, 0.10648875809],
      [0.041977970856, 0.092313980369, 0.42784100029, 0.43786704849]
    ],
    [
      [0.036604414968, 0.076913434658, 0.53063867027, 0.35584348011],
      [0.03821154051, 0.0043184062809, 0.93803938459, 0.019430668616],
      [0.013677171097, 0.83822186869, 0.099216197608, 0.048884762609],
      [0.24272124769, 0.093105956494, 0.58667893735, 0.077493858472],
      [0.036075290048, 0.12917802812, 0.499702772, 0.33504390984]
    ],
    [
      [0.058719513408, 0.065286134832, 0.52081459388, 0.35517975788],
      [0.06100603892, 0.0036503655604, 0.91601441363, 0.019329181894],
      [0.024970845232, 0.80857707785, 0.11088156808, 0.055570508837],
      [0.34751455808, 0.07044349411, 0.51304638705, 0.068995560763],
      [0.058314099338, 0.11047000472, 0.49421973121, 0.33699616473]
    ],
    [
      [0.043298610032, 0.056428729044, 0.48648678121, 0.41378587971],
      [0.048578076622, 0.0034055023268, 0.92372360186, 0.024292819189],
      [0.020748959306, 0.78963783701, 0.11673148179, 0.072881721894],
      [0.291847534, 0.069477697539, 0.54700103586, 0.091673732601],
      [0.043313745066, 0.096188026737, 0.46503259935, 0.39546562884]
    ],
    [
      [0.060385935113, 0.050937226513, 0.5851334963, 0.30354334207],
      [0.056483612329, 0.0025643683677, 0.92606280893, 0.014889210373],
      [0.030895030257, 0.76199785559, 0.14990344603, 0.057203668121],
      [0.34077704651, 0.052481247844, 0.5503936062, 0.056348099438],
      [0.060607259481, 0.087117298149, 0.56117933971, 0.29109610266]
    ],
    [
      [0.059098728251, 0.027690216776, 0.52680147197, 0.386409583],
      [0.060726745858, 0.0015293109684, 0.91708558546, 0.020658357713],
      [0.046303494334, 0.63609104487, 0.20648229278, 0.11112316802],
      [0.36033320106, 0.030609089084, 0.53248636335, 0.076571346502],
      [0.060377344314, 0.048185843641, 0.51426361011, 0.37717320193]
    ],
    [
      [0.055105547443, 0.048596455688, 0.54011131546, 0.35618668141],
      [0.055511413966, 0.0026262350689, 0.92325406838, 0.018608282583],
      [0.029056626792, 0.75981652066, 0.14226568643, 0.068861166113],
      [0.33502404468, 0.053308472161, 0.54179796053, 0.06986952263],
      [0.055426017305, 0.083339854068, 0.519015308, 0.34221882063]
    ],
    [
      [0.062384066107, 0.0648522575, 0.37514665842, 0.49761701798],
      [0.085730544858, 0.0047774538891, 0.87408326934, 0.035408731915],
      [0.026661265153, 0.8153387112, 0.080254208254, 0.077745815395],
      [0.40984035958, 0.077022058505, 0.40751234519, 0.10562523672],
      [0.061973229012, 0.10983202865, 0.35608661428, 0.47210812807]
    ],
    [
      [0.035858635256, 0.053619568373, 0.49531292524, 0.41520887113],
      [0.039768762856, 0.0031815012969, 0.93335757024, 0.023692165604],
      [0.017626308812, 0.78642826615, 0.12149135105, 0.074454073986],
      [0.25476369636, 0.068747947596, 0.58174121387, 0.094747142169],
      [0.035965301483, 0.091733956547, 0.47460183065, 0.39769891132]
    ],
    [
      [0.056210411457, 0.032560683145, 0.47014751713, 0.44108138827],
      [0.050274722479, 7.0805306122e-07, 0.94929553606, 0.00042903340534],
      [0.022147432882, 0.82999737883, 0.077066593495, 0.070788594789],
      [0.68097360032, 6.8876347337e-20, 0.31887462338, 0.00015177629988],
      [0.057380924165, 0.057618565549, 0.45330988694, 0.43169062335]
    ],
    [
      [0.055496115146, 0.05802731601, 0.48137341089, 0.40510315795],
      [0.062100866777, 0.0035030884199, 0.9104973828, 0.023898662006],
      [0.026225579544, 0.78915579415, 0.1140348698, 0.070583756501],
      [0.34636352423, 0.066499652114, 0.50319171644, 0.083945107223],
      [0.055417036339, 0.098662080967, 0.45936821591, 0.38655266678]
    ],
    [
      [0.031473033798, 0.064897716177, 0.41681577109, 0.48681347894],
      [0.041115786548, 0.0045624877794, 0.92096883808, 0.033352887592],
      [0.013618077949, 0.81856339105, 0.090354292625, 0.077464238375],
      [0.24375810975, 0.092066427822, 0.53972777171, 0.12444769072],
      [0.031301380321, 0.10998153637, 0.39613935444, 0.46257772887]
    ],
    [
      [0.040433176108, 0.04317473266, 0.43202864191, 0.48436344933],
      [0.05062195189, 0.0029130733876, 0.91458695543, 0.031878019294],
      [0.02400771054, 0.74154740394, 0.12855238721, 0.10589249831],
      [0.29591786278, 0.057917951627, 0.52889148713, 0.11727269846],
      [0.040856699331, 0.074298416881, 0.41718388573, 0.46766099806]
    ],
    [
      [0.067011861276, 0.03513027707, 0.557228385, 0.34062947666],
      [0.064757221842, 0.0018112029078, 0.91656138749, 0.016870187763],
      [0.041984046696, 0.706355579, 0.17372947596, 0.077930898347],
      [0.38597361644, 0.035608071623, 0.51722089096, 0.061197420971],
      [0.068060914228, 0.0609741819, 0.54055239714, 0.33041250673]
    ]
  ],
  "expected_outcome": [
    [
      [0, 0, 0, 0.11612660981, 0.097582105705, 0, 0.0010943726415, 0, 0.027115326835, 0, 0, 0.85017896727, 2.0231085731, 0.16906021637, 2.2271380725, 1.0093400668, 1.0696111627, 0.15719070776, 0.1628482502, 0.32794862646, 1.0444339742, 0.43017950622, 0.40902331125, 0.55421825751, 0.20379756972, 0.74030942398, 0.31241833811, 0.39846831473, 2.6724424988, 0.43177864347, 0.13365676364, 0.93083111799, 1.4384397248, 1.2565787635, 0.73208829936, 1.9377439425, 1.6886457912, 1.8115780534, 0.76828346726, 0.88168875909, 0.8733769255, 0.43030362307, 0, 11.9871608715, 1.7939629265, 3.5581194975, 1.2732253642],
      [0, 0, 0, 0.0092874822281, 0.029883509762, 0, 0.0042938742671, 0, 0.050670535663, 0, 0, 1.4956469918, 1.6250681966, 0.15558779023, 1.2742302327, 1.2983786562, 0.85747343626, 0.046881673501, 0.0695029933, 0.10015699597, 0.3692368848, 0.1710485911, 0.062342445664, 0.29612498239, 0.086177737353, 0.10019229796, 0.10628097827, 0.33024554537, 2.3258176414, 1.4711140682, 0.10157383625, 0.84687823073, 1.3537935056, 1.6222053001, 1.5382686932, 2.1544424495, 2.2007204327, 1.5281167954, 0.35997281809, 0.777543291, 0.90793160499, 0.64343482048, 0, 12.5339002581, 3.6991698221, 3.7993764741, 0.66747526433],
      [0, 0, 0, 0.28095583208, 0.90105865627, 0, 0.046509667863, 0, 0.45632413072, 0, 0, 11.2058819395, 16.5109184222, 2.8117291482, 9.6569855064, 9.6425741402, 7.1614496069, 0.96118611345, 2.0733083897, 2.4601810818, 8.6876882819, 4.4518572273, 3.3783150519, 5.1947933443, 3.2244356458, 3.9759384133, 3.8450122838, 3.6580711974, 25.6977782551, 6.0838855308, 2.028889053, 8.735825671, 17.8930781882, 13.4023433036, 10.6127734053, 17.1868815981, 18.9729844672, 17.554004889, 6.8484191356, 8.6417810473, 5.2520532178, 5.9437551029, 0, 103.9766567523, 23.7584989521, 38.0185204877, 10.5873393149],
      [0, 0, 0, 0.59363007588, 0.97147572826, 0, 0.94810208523, 0, 0.46589000678, 0, 0, 8.4482921014, 16.8409048081, 0.86362284522, 7.8416461884, 10.0497071368, 10.9114657941, 1.8347415053, 1.6943403668, 2.1117132958, 5.8986408591, 3.9469146754, 2.1503191911, 3.9548634158, 1.4855890471, 3.1835598647, 1.7362883998, 3.6132149425, 25.3039616047, 9.0132217575, 0.73588034713, 9.4864649803, 12.3146885813, 13.7188726329, 7.1168696022, 11.7209320099, 16.1376493088, 9.1063002622, 5.0233245791, 5.6989869026, 6.9666382517, 4.9825064536, 0, 87.5022821181, 27.7483682994, 42.6239835407, 6.4719600565]
    ],
    [
      [1.1468517932, 0.024659995396, 2.0011138715, 5.004987879, 1.0245791057, 3.0903699555, 0.12377809025, 0.59473026598, 0.40941083228, 0.078770397366, 0.36036331159, 12.7852971767, 38.4014309467, 1.1713250499, 25.7077729285, 20.6637173279, 26.1065445117, 0.98136655279, 13.6226562488, 14.4349089582, 35.2223657883, 16.3530919651, 31.8522407256, 13.8328298422, 14.2985084, 21.2121027878, 10.4240599061, 9.8337069452, 30.0930859037, 10.2533094373, 1.831680052, 11.2123881309, 12.3227054113, 21.1271237483, 10.928500586, 16.8986727808, 20.8399948706, 28.7501586756, 13.5420643264, 6.2727897781, 13.3739649978, 3.9768762856, 0.20109888992, 301.313405601, 36.305239522, 67.4284399169, 3.6264044232],
      [0.032211140109, 3.029054972, 0.29857290959, 0.020258763763, 0.015420497503, 0.11232367976, 0.017447324864, 0.10995365792, 0.035726299171, 0.0005085233945, 0.03890472229, 1.207692401, 1.6598041808, 0.056971621263, 0.78893012975, 1.4266074001, 1.1229031831, 0.014358757508, 0.31234704575, 0.23592348562, 0.66983162028, 0.34873304843, 0.26173449565, 0.39517321831, 0.32538117383, 0.15414344651, 0.19066903653, 0.43457848913, 1.4106812169, 1.874867034, 0.073776328279, 0.54841696277, 0.62438667628, 1.4683250851, 1.2350641963, 1.0111512602, 1.4609604982, 1.3052634992, 0.34103634594, 0.29676456278, 0.7452828067, 0.31815012969, 2.8322122449e-06, 16.9969850132, 4.0286767092, 3.8802137523, 0.10142736284],
      [18.0521473341, 1.6060536381, 51.1168527401, 20.9772576896, 16.5857696964, 17.5753573439, 9.4237370264, 18.7375447736, 12.2834412566, 8.49806809, 13.7077158569, 285.3792590152, 530.1989725511, 33.4702053917, 188.7890526325, 334.1897890897, 295.9354612366, 10.5891148264, 293.7548449438, 183.5843408485, 495.7297875979, 286.5602582784, 445.1675117562, 219.6885556178, 382.9486580849, 192.9788801636, 217.3800194823, 153.1811329503, 489.5493014183, 244.73430298, 47.5882232723, 178.2854333535, 259.5294155396, 381.3178213407, 268.2792639935, 253.7359925743, 396.2774251992, 471.3659697452, 204.5100855576, 104.3277097272, 136.3569900168, 93.3357570243, 3.7971821443, 4417.7333013321, 813.215484025, 1218.229824631, 51.3274376993],
      [0.76878973259, 0.34023139453, 0.58346047873, 0.99749566761, 0.37423070043, 0.22194902082, 1.4350375585, 1.5577713025, 0.27142161191, 0.42265298925, 1.8930161092, 6.6277514072, 16.7397923215, 0.30149793713, 4.7142443092, 10.7198861823, 13.8350910685, 0.41515986328, 7.3101517617, 4.7448267076, 10.3780149935, 7.7379167081, 8.7185130225, 5.0834413217, 5.4274523412, 4.654873602, 3.005251575, 4.5505816154, 14.9469314611, 11.1375205487, 0.50632034735, 5.9537615528, 5.5234923728, 12.086729826, 5.5571712242, 5.3541833847, 10.421619432, 7.57860808, 4.6068137701, 2.1027359319, 5.5237621787, 2.3692165604, 0.0017161336214, 115.9563080537, 29.4505997438, 42.4615216998, 0.94473051473]
    ],
    [
      [0.27599422931, 0, 0.017244829387, 0.8615303681, 0.10274176772, 0.084630088859, 0.00040857161056, 0.01329079634, 0.019218402628, 0.011465961769, 0.059795070568, 1.8064769846, 4.7789931379, 0.32003630013, 3.7732560376, 1.96018205, 2.9310422665, 0.019328586454, 0.69783733884, 1.2618195348, 1.8490192444, 0.72917693136, 3.0127008597, 0.71594104632, 0.28091240769, 1.3540373581, 0.60325107248, 1.2577905589, 9.0685182076, 1.4209099881, 0.61841680503, 5.6228766174, 6.3882851979, 5.3512684388, 2.8858831014, 5.5435276416, 3.5273230819, 4.9432048412, 5.7416332974, 2.6150964112, 3.305996879, 1.3395994697, 0, 40.649648294, 2.3695455631, 8.8108297681, 0.79769688723],
      [5.994832572, 0, 2.8178617052, 2.7077469654, 2.1185984328, 3.7310366426, 0.94087078364, 3.5687766174, 2.7210841915, 0.040786415445, 4.8264775058, 93.6876633595, 112.0589710361, 10.4635305665, 64.1542127494, 74.506086744, 69.2971449197, 0.85451862454, 9.2103377445, 12.0521979076, 19.6167104453, 9.0506506584, 13.7149311452, 12.0623169258, 3.7430343516, 5.8853348585, 6.4569666609, 31.8265065078, 228.6599102197, 141.6992419186, 15.4942528556, 148.9527647115, 174.7274050324, 200.5824465849, 176.8648142928, 179.5041112821, 134.238432291, 121.9196568951, 78.8752895634, 68.3834868598, 101.1020001885, 59.7685482277, 0, 1223.1914809373, 142.4300300429, 272.1478972446, 13.420756001],
      [1.2165601851, 0, 0.12755838793, 1.0403312086, 0.45939816725, 0.13710696402, 0.0083000045273, 0.11487035616, 0.15459544845, 0.29483099982, 0.63195249082, 11.913274684, 19.5371689525, 2.6100366126, 8.1915273167, 9.3747574338, 9.8272402449, 0.057852420836, 4.4417801525, 4.7301548318, 7.6997949067, 3.7747820803, 12.4555311399, 3.3546019129, 2.2231671772, 3.6368533783, 3.7082871455, 5.769219171, 43.6835246581, 10.0200307544, 4.6316129414, 26.4117430915, 39.7712666846, 28.5866550181, 20.9346176953, 24.6157081145, 19.844351905, 23.9845513644, 25.6038043044, 12.8039117787, 9.9515218235, 9.2333426797, 0, 176.7540481925, 15.7216469168, 47.1787261062, 3.3008600432],
      [1.5126130136, 0, 0.037335077464, 1.3903914579, 0.31926163227, 0.047226304558, 0.050420640217, 0.30306223007, 0.10510195741, 0.65291662297, 2.4817749328, 6.5925849719, 14.6248668735, 0.60639652081, 4.8810038963, 7.1589737722, 10.944572569, 0.068300368165, 2.6500447642, 2.9558277259, 3.8344754036, 2.4453903299, 5.8168368551, 1.867140115, 0.75288606347, 2.1237744051, 1.2314951211, 4.1464837623, 31.5880469146, 10.8598173389, 1.255717398, 21.0126155796, 20.1130430851, 21.4796299583, 10.3146849104, 12.3366529618, 12.389892722, 9.1525868994, 13.7792728348, 6.1975049502, 9.640481109, 5.6585096229, 0, 109.4048225763, 13.4787774772, 38.862546881, 1.4806870686]
    ],
    [
      [0, 1.3260205154e-14, 0.48978089813, 2.7496692253, 0.40289455561, 1.8936079252, 0, 0.31507131493, 0.24286049588, 0.059613551459, 0.70883521777, 7.0316681793, 25.1651126588, 1.0128863915, 11.3938743775, 11.1139114088, 15.0600148889, 0.5089139954, 8.7811625643, 8.4178663807, 20.1205969879, 3.8935567603, 14.7744169044, 5.5671400387, 4.3066362473, 3.9270422824, 7.014873572, 6.7753045031, 31.8516653903, 6.661892315, 1.0727316194, 14.3916445509, 13.3333149542, 27.2517960374, 11.1651773936, 21.8934171591, 19.5537847781, 19.4242916512, 12.6116620371, 9.0456492064, 16.3936143833, 5.0952739273, 0.68097360032, 233.7953788528, 17.5505839019, 36.3978971218, 4.6316833973],
      [0, 1, 0.2550190857, 0.031222640116, 0.016570676692, 0.2030082106, 0, 0.21538735242, 0.068043092938, 0.00094088799996, 0.26547546916, 2.2538359937, 3.692229838, 0.16045105188, 1.1748321085, 2.6033862746, 2.1933013702, 0.018145570401, 0.68066253732, 0.46132895513, 1.2959648496, 0.27996688387, 0.40908726346, 0.53652141276, 0.33121180158, 0.094356438034, 0.43140764895, 1.0097401212, 5.0697445724, 4.1396674544, 0.14149971048, 2.3803811918, 2.2890495129, 6.4320060938, 4.2828739987, 4.4379401289, 4.6550057351, 2.9914311271, 1.0713181179, 1.4393287483, 3.0808823402, 1.3749589519, 6.8876347337e-20, 44.887265177, 6.6287828032, 7.1239080501, 0.42729685947],
      [0, 2.5414109096e-13, 1.168415355, 0.92241120024, 0.50263333327, 0.83379864079, 0, 0.90033883306, 0.59643958539, 0.66409817931, 2.5318271356, 15.4282267184, 34.2542298973, 2.6707447406, 8.1345976618, 17.6668340065, 16.7476257213, 0.37052356345, 18.582480906, 10.3990051952, 27.8662191183, 6.6746940756, 20.2850426161, 8.6205444621, 11.3377433902, 3.4468738465, 14.2925163499, 10.2589147461, 51.1374549527, 15.6495861257, 2.6064276924, 22.4430862828, 27.6298132332, 48.5192321246, 26.987231118, 32.321922384, 36.6490694026, 31.3724355537, 18.6370227174, 14.6285449343, 16.3004938076, 11.6348242774, 0.31887462338, 339.6544085944, 38.8603995632, 65.0536529173, 6.2066506915],
      [0, 1.089728968e-12, 0.08678466117, 0.29669693438, 0.077901434428, 0.069585223413, 0, 0.56920249959, 0.092656825799, 0.27534738123, 2.4938621775, 2.2862691086, 6.8884276059, 0.15591781601, 1.2966958522, 3.6158683101, 4.9990580195, 0.10241687075, 2.9556939924, 1.721799469, 3.7172190442, 1.1517822802, 2.531453216, 1.2757940864, 1.0244085608, 0.53172743306, 1.2612024292, 1.9560406297, 9.9411350847, 4.5488541049, 0.17934097769, 4.7848879744, 3.7478222997, 9.7969657442, 3.5647174897, 4.3467203281, 6.1421400842, 3.211841668, 2.6799971276, 1.886477111, 4.2250094689, 1.8949428434, 0.00015177629988, 56.6629473757, 8.9602337318, 14.4245419107, 0.73436905166]
    ],
    [
      [0.11007365699, 0, 0.30572083572, 0.12038987504, 0, 0.57983009272, 0.0012086927778, 0.0086026991867, 0.054705083253, 0.0019670242424, 0.018292157047, 1.380009527, 3.6422884818, 0.085717753721, 4.1129673864, 1.9236627698, 2.1611608697, 0.054510629307, 0.79720182404, 0.6738823509, 1.6725390499, 1.1804214184, 1.8340388624, 0.96129345173, 1.3022350241, 0.9550442731, 1.1796019815, 0.40313704704, 2.9443071428, 1.2186049151, 0.090687996892, 1.4585934124, 1.5880649397, 3.1483478142, 1.2626351517, 2.3325639735, 1.6026085674, 2.4242903793, 1.3886789192, 0.83139025958, 1.4873574963, 0.4315836178, 0, 25.7135048613, 2.7545214683, 5.1479441157, 0.47642639959],
      [0.10856412916, 0, 1.6306774716, 0.016156724924, 0, 0.77125920178, 0.0073841227685, 0.065647501876, 0.18026645751, 0.00022858595079, 0.068713662913, 4.1396046605, 4.9845186564, 0.13547367672, 4.0137342142, 4.2193898583, 2.9530081926, 0.027237242301, 0.57931495054, 0.3506215239, 1.007419734, 0.79946696112, 0.47535849364, 0.87668544329, 0.93787366669, 0.21959503299, 0.68352565283, 0.57023088419, 4.3641028006, 7.0777680984, 0.11789824503, 2.2605465981, 2.5458033513, 6.9235485277, 4.5212309841, 4.4188001889, 3.5589569893, 3.484691926, 1.1082744037, 1.250097811, 2.6359686875, 1.1008074786, 0, 45.7792055687, 9.6783752003, 9.3616005271, 0.4268192733],
      [0.94755821489, 0, 4.3553652866, 0.27835892877, 0, 1.8142046498, 0.049101641991, 0.14531430413, 0.87671904203, 0.1068090684, 0.37341256794, 17.3800109788, 28.4053338589, 1.3603172057, 17.0398385867, 17.5603643824, 13.8267885734, 0.31779747851, 9.698583656, 4.8303308235, 13.2943894138, 11.6729566436, 14.4757623178, 8.6092280967, 19.6878462044, 4.9010597286, 13.8714804302, 3.5359624603, 27.0550277629, 16.4067747448, 1.3142093556, 13.080244026, 18.8761610486, 32.0880750216, 17.4895970199, 19.7687892483, 17.2062061761, 22.4471735885, 11.8280630326, 7.7852296199, 8.5460787427, 5.6952219678, 0, 213.1468521819, 34.8602631905, 52.5651696021, 3.78386678],
      [1.833803999, 0, 1.708236406, 0.58509447126, 0, 0.83470605573, 0.94230554246, 0.78043549481, 0.88830941721, 0.89099532141, 2.5395816121, 13.1003748337, 28.9678590029, 0.41849136381, 13.8334598128, 18.2965829894, 21.0590423643, 0.60045464989, 7.9248995694, 4.1451653017, 9.0256518023, 10.3471549769, 9.2148403262, 6.5527930083, 9.0720451048, 3.9243009653, 6.2653919355, 3.4906696084, 26.6365622937, 24.2968522417, 0.47720440249, 14.2006159635, 12.9899706604, 32.8400286365, 11.7265368444, 13.4798465892, 14.6322282672, 11.6438441063, 8.6749836444, 5.1332823095, 11.3305950736, 4.7723869358, 0, 179.3604373881, 40.706840141, 58.9252857551, 2.3128875471]
    ]
  ],
  "prob": [
    [0.050793354727, 0.051174159546, 0.47652814172, 0.421504344],
    [0.057643275528, 0.0031342096169, 0.91398265354, 0.025239861318],
    [0.026520230889, 0.76757227761, 0.1247380227, 0.081169468808],
    [0.32969474588, 0.061031967663, 0.51832515007, 0.090948136385],
    [0.050992125317, 0.087466692565, 0.45717969131, 0.4043614908]
  ],
  "iterations": 130,
  "time": 0.019839,
  "message": "Converged",
  "status": 0,
  "miniter": 0,
  "maxiter": 1000,
  "maxtime": 3600,
  "param_threshold": 0.001,
  "ll_threshold": "-Inf",
  "initial_prob": "group_proportional",
  "candidates_id": ["LOLE-TAYLOR, Asenati.c", "BAKSHI, Kanwaljit Singh.c", "SALESA, Jennifer Teresia.c", "Other candidates votes.c"],
  "group_id": ["Green Party.p", "Labour Party.p", "National Party.p", "New Zealand First Party.p", "Other parties votes.p"]
}
