{
  "Z_true": {},
  "V_true": [
    [17, 79, 2549, 540],
    [608, 771, 271, 70],
    [778, 10090, 3960, 724],
    [88, 112, 13624, 500],
    [141, 473, 1171, 719]
  ],
  "p_true": [
    [0.0053, 0.0248, 0.8003, 0.1695],
    [0.3535, 0.4483, 0.1576, 0.0407],
    [0.05, 0.6488, 0.2546, 0.0466],
    [0.0061, 0.0078, 0.9511, 0.0349],
    [0.0563, 0.1889, 0.4677, 0.2871]
  ],
  "Z_est": [
    [
      [4, 0.1606, 0, 0, 5.0002, 2, 1.9791, 4, 13, 1.8755, 22, 4.0001, 1.9658, 3.6547, 0.1982, 1.4729, 1.2404, 2.0003, 3, 3.9995, 14, 1.7582, 0.0293, 14, 3, 0.2921, 2.8577, 1.5109, 0.1999, 0.1606, 0.0338, 0.099, 0, 1.9949, 2.9989, 3, 2, 2.9999, 0, 0, 3.9999, 2.9107, 2, 4, 1.9999, 0.2165, 0.9336, 0.2945, 0.5993, 1.1638, 2.0004, 4, 3, 2, 2.9996, 0.5899, 3, 1.956, 0.6316, 3, 0, 0, 7, 14, 7, 0],
      [11, 1.6277, 0.2558, 0.251, 14.0001, 7.9999, 9.948, 12, 95, 4.4906, 138, 13.9999, 4.9851, 3.1936, 0.6237, 3.8791, 5.5345, 8.9997, 13.9999, 7.0001, 81, 7.1908, 0.1781, 119, 30, 2.169, 8.0118, 3.1271, 0.6982, 0, 0.3284, 0.6765, 0, 7.9968, 11.0023, 8, 7.0017, 5.9999, 0, 0.567, 11.0002, 5.0275, 4.0062, 11, 13, 0.2651, 5.988, 0.1978, 5.5281, 2.2627, 8.9997, 16, 5, 5.0001, 8.9989, 2.2145, 12.0002, 3.9785, 4.8328, 10, 0.6555, 0, 14, 81, 38, 0],
      [17, 2.9019, 1.7442, 0.7042, 38.9997, 17, 46.0373, 32, 190, 11.8433, 301, 28, 9.0325, 22.8719, 2.1781, 9.2071, 4.9819, 8.9997, 29.0001, 16, 181, 9.0016, 0.7385, 159, 42, 4.2791, 27.1289, 3.2712, 1.0508, 0.8394, 0.4797, 3.0119, 0, 30.0098, 43.9993, 29, 15.9975, 31, 0, 2.2363, 23.0001, 20.0319, 8.9971, 34, 34, 1.2665, 25.098, 1.3204, 7.972, 4.1058, 18.0001, 48, 13, 12.9999, 14.0013, 3.6344, 16.9998, 5.0647, 8.7591, 44.9999, 0.9598, 3, 13, 100, 43, 1],
      [2, 0.3099, 0, 0.0448, 3, 1, 2.0356, 6, 20, 0.7906, 24, 3, 0.0166, 1.2797, 0, 0.4408, 1.2433, 1.0003, 3, 1.0004, 17, 1.0494, 0.054, 20, 6, 1.2598, 1.0016, 1.0909, 0.0511, 0, 0.1581, 0.2126, 0, 2.9985, 2.9995, 3, 2.0008, 1.0002, 0, 0.1967, 2.9998, 1.0299, 0.9967, 3, 3.0001, 0.2519, 0.9805, 0.1873, 0.9007, 0.4677, 1.9997, 5, 1, 2.0001, 1.0001, 0.5612, 2, 1.0007, 0.7766, 3, 0.3847, 0, 1, 20, 7, 0]
    ],
    [
      [2, 0.0886, 0, 0, 1.0001, 1, 0.0048, 1, 5, 0.3456, 12, 1, 0.0116, 0.0545, 0.0661, 0.3647, 0.0051, 0.9999, 2, 0, 7, 0.0037, 0.03, 6, 2, 0.0067, 0.0057, 0.258, 0.0805, 0, 0.0295, 0.0451, 0, 0.9992, 1, 1, 1.9996, 0, 0, 0, 0.9999, 0.011, 1.005, 1, 1.0002, 0, 0.986, 0, 0.4597, 0.2186, 1, 1, 2.0018e-06, 1, 0.0004, 0.1722, 1, 1.0218, 0.6106, 1, 0, 0, 17, 9, 4, 0],
      [12, 1.0365, 0, 0, 8.0001, 7.0001, 2.9921, 4, 45, 1.0216, 80, 5, 3.9909, 1.9059, 0.2555, 2.8838, 1.6492, 5.0002, 9.9998, 5.9994, 40, 2.7917, 0.2811, 67, 13, 0.7229, 4.7965, 2.1896, 0.3857, 0, 0.4619, 0.496, 0, 2.9891, 2.9995, 4, 4, 4.9999, 0, 0.2535, 5.0001, 2.9717, 4.0042, 7, 3.9997, 0, 1.9144, 0, 1.9446, 2.5334, 5.0003, 9, 7, 3, 4.0007, 1.4868, 7, 3.9989, 3.3266, 3, 0, 0, 53, 60, 37, 0],
      [15, 1.71, 0, 0, 18.9999, 13.9999, 10.0011, 9, 86, 1.5775, 170, 8, 3.9939, 5.0169, 0.6784, 5.5025, 0.2683, 4.9998, 19.0001, 9.0001, 89, 3.039, 0.6178, 87, 18, 1.092, 12.196, 1.2052, 0.5048, 0, 0.4097, 1.3819, 0, 8.0117, 9.9993, 13, 10.0004, 13.0001, 0, 0.6835, 9.0001, 6.9772, 7.9911, 19, 11.0001, 0, 8.0818, 0, 2.3252, 2.8215, 7.9997, 23, 12.9999, 4.9999, 4.9982, 2.9379, 8, 4.9795, 4.9398, 13, 0, 0, 45, 71, 38, 0],
      [2, 0.1649, 0, 0, 0.9999, 1, 0.002, 1, 9, 0.0552, 13, 1, 0.0036, 0.0226, 0, 0.2489, 0.0774, 0.0001, 2, 0.0005, 8, 0.1656, 0.0711, 11, 2, 0.1784, 0.0019, 0.3473, 0.029, 0, 0.0989, 0.077, 0, 0, 0.0012, 1, 1, 0.0001, 0, 0.063, 0.9999, 0.04, 0.9996, 2, 1, 0, 0.0178, 0, 0.2704, 0.4265, 1, 2, 1.0001, 0.0001, 0.0007, 0.4031, 1, 0.9998, 0.123, 1, 0, 0, 6, 14, 6, 0]
    ],
    [
      [19, 0.9108, 0, 0, 10.9999, 5.0002, 1.015, 10, 50, 2.2556, 82, 7, 1.9791, 2.0334, 0.407, 1.921, 1.8974, 6.9998, 8.0001, 6.0001, 56, 2.1483, 0.5539, 83, 11, 0.4809, 3.0666, 2.0874, 0.8595, 0.1212, 0.4723, 0.2171, 0, 2.0187, 3.0021, 6, 4.9987, 1.0001, 0.1178, 0, 8.9998, 1.0308, 5.0094, 11, 3.9998, 0.6899, 0.1096, 0.3133, 0.4811, 2.316, 4.9998, 6, 6, 4.9999, 5.9993, 1.1174, 9.0002, 3.9774, 0.556, 4, 0, 0, 62, 90, 50, 0],
      [94, 7.566, 0.7282, 1.6102, 47.0001, 63.0003, 16.0176, 46, 441, 14.6106, 557, 51.0001, 36.0414, 6.7146, 1.6525, 7.3935, 49.8458, 65.9999, 70.0004, 42.0003, 348, 42.2946, 5.8642, 844, 200, 19.7162, 23.9034, 11.2458, 3.7788, 0, 8.2077, 3.2055, 2.5405, 32.9911, 27.9954, 27, 47.9996, 19.9999, 0.335, 0.2298, 48.9995, 11.931, 27, 47, 42.0007, 1.7243, 12.9239, 0.386, 18.7683, 23.2797, 41.0014, 52, 42.9996, 22.9998, 39.0016, 7.3237, 81.9996, 22.0869, 23.8729, 26.9999, 0.7452, 0, 187, 573, 374, 0],
      [141, 16.1133, 4.2718, 4.0862, 129.0001, 126.9996, 72.995, 125, 877, 38.4117, 1209, 91.9999, 56.9428, 42.8954, 4.9405, 18.3656, 33.1684, 68.0011, 134.9995, 89.9998, 774, 53.6279, 13.5614, 1123, 275, 25.8217, 68.7489, 9.3605, 4.9241, 0.8788, 10.0482, 12.8102, 1.6482, 126.9745, 102.0015, 97, 105.0013, 93.9999, 1.5472, 0.7121, 94.0008, 46.94, 56.9938, 135, 105.9999, 5.0095, 46.943, 1.9562, 32.7879, 31.3947, 80.9986, 146, 101.0004, 58.0002, 65.9997, 12.849, 110.0003, 28.9553, 38.8999, 113, 0.8026, 2, 165, 711, 421, 0],
      [18, 2.4099, 0, 0.3036, 10, 12.9999, 3.9723, 24, 94, 1.722, 96, 11, 5.0366, 3.3566, 0, 1.3199, 11.0884, 12.9993, 14.0001, 8.9998, 72, 5.9292, 2.0205, 142, 43, 6.9812, 3.281, 4.3063, 0.4377, 0, 3.2718, 0.7672, 0.8113, 13.0157, 8.001, 10, 15.0004, 4.0001, 0, 0.0581, 11.9999, 3.0981, 6.9969, 14, 9.9996, 1.5763, 2.0235, 0.3444, 2.9627, 3.0096, 10.0001, 17, 11, 10.0001, 6.9994, 3.7099, 17, 5.9805, 4.6711, 8.0001, 0.4522, 0, 23, 144, 75, 0]
    ],
    [
      [16, 0.7532, 0, 0, 14.9997, 5.9997, 0.9847, 16, 48, 2.2752, 85, 5.9999, 2.0244, 4.1097, 0.2463, 2.1408, 0.6843, 3.9998, 7.9999, 6.0002, 57, 1.0715, 0.3281, 58, 9, 0.1897, 4.0694, 0.9956, 0.7948, 0.7182, 0.3217, 0.5495, 0, 3.9814, 6.9985, 9, 4.0008, 2.9999, 0.7028, 0, 7.0003, 2.0256, 4.9877, 11, 4, 0.8116, 0.9682, 0.3038, 0.3574, 1.1753, 3.9997, 8, 6, 5, 3.0005, 1.069, 6.9998, 2.044, 0.1788, 7, 0, 0, 28, 62, 28, 0],
      [78, 8.0458, 0.8675, 3.1388, 62.9998, 67.9998, 28.0386, 71, 424, 14.3744, 571, 42, 28.9827, 11.0068, 1.0143, 7.9711, 15.5427, 38, 67.9995, 36.0002, 351, 26.4877, 5.2831, 585, 157, 10.4749, 31.2647, 4.3841, 3.8193, 0, 4.5855, 4.8195, 0.4595, 54.0288, 48.0002, 39, 40.0004, 39.0002, 2.1535, 1.2786, 39.0002, 19.0764, 24.9899, 46, 47.9995, 2.2536, 26.1687, 0.2964, 16.4199, 17.5106, 34.9984, 64, 45.0004, 22.0001, 23.998, 7.8032, 61.0001, 12.9316, 18.6977, 39, 1.2879, 0, 86, 395, 211, 0],
      [120, 19.6637, 5.1325, 9.2096, 178.0006, 143.0004, 132.9838, 197, 847, 36.6194, 1238, 84.0001, 47.0335, 73.2958, 3.7394, 23.2785, 12.7467, 38.9999, 137.0007, 80, 787, 37.3098, 14.0908, 782, 218, 17.1446, 100.8797, 4.0977, 5.9794, 6.2818, 6.1308, 21.2698, 0.3518, 204.0091, 193.0018, 150, 93.0004, 186.0002, 11.1437, 4.3261, 79.9992, 71.0072, 56.0125, 141, 128.0005, 7.8603, 109.8598, 2.0874, 30.1189, 28.5445, 73.0014, 184, 105.9997, 59, 40.001, 16.6551, 84.0002, 20.0436, 34.2443, 174.0001, 1.8344, 7, 79, 488, 237, 3],
      [16, 3.5372, 0, 0.6515, 12.9999, 15.0001, 9.9929, 38, 92, 2.7309, 100, 9, 4.9595, 5.5878, 0, 1.6096, 4.0262, 8.0003, 13.9998, 8.9995, 73, 3.131, 2.2979, 99, 34, 4.1909, 4.7862, 2.5226, 0.4065, 0, 1.962, 1.3611, 0.1887, 21.9807, 14.9995, 15, 12.9983, 9.9998, 0, 0.3953, 10.0002, 6.8907, 6.0099, 14, 13, 2.0746, 5.0033, 0.3125, 4.1038, 1.7696, 8.0004, 23, 14, 10.9999, 5.0005, 4.4728, 13, 2.9809, 4.8792, 12.9999, 0.8777, 0, 10, 101, 44, 0]
    ],
    [
      [2, 0.0867, 0, 0, 1.0002, 1, 0.0164, 2, 7, 0.2479, 11, 0, 0.0191, 0.1477, 0.0824, 0.1006, 0.1728, 1.0002, 1, 0.0001, 7, 0.0183, 0.0587, 11, 1, 0.0306, 0.0007, 0.1482, 0.0654, 0, 0.1426, 0.0893, 0, 0.0059, 0.0005, 1, 0.0008, 0, 0.1794, 0, 1.0001, 0.0218, 0.9979, 2, 0.0001, 0.282, 0.0026, 0.0884, 0.1026, 0.1261, 1, 1, 1, 1, 1.0002, 0.0516, 1, 1.0008, 0.0229, 1, 0, 0, 8, 15, 8, 0],
      [12, 1.724, 0.1485, 0, 5.9999, 9.9999, 2.0036, 9, 63, 1.5027, 78, 4, 1.9999, 0.179, 0.454, 0.8724, 5.4277, 11.0002, 10.0003, 5, 47, 3.2352, 1.3934, 117, 31, 1.917, 3.0236, 1.0535, 0.318, 0, 2.4165, 0.8024, 0, 6.9943, 4.0026, 6, 6.9983, 4.0002, 0.5115, 0.6711, 9, 1.9933, 4.9996, 9, 9.0001, 0.757, 2.0051, 0.1199, 4.3391, 2.4136, 10.0002, 12, 8, 6, 8.0007, 1.1717, 15.0002, 7.0041, 4.2701, 5, 0.3114, 0, 26, 96, 62, 0],
      [18, 3.6111, 0.8515, 0, 16.9997, 21.0001, 8.9827, 25, 127, 3.5481, 170, 8, 2.9973, 3.92, 1.4636, 2.6462, 2.8347, 10.9995, 21.9996, 11.0001, 107, 5.0217, 2.9914, 157, 44, 2.6627, 12.0465, 1.0655, 0.541, 0, 2.9316, 4.5262, 0, 25.9949, 17.9981, 22, 15.0004, 19.9999, 2.3091, 2.042, 17.9998, 7.0437, 11.0055, 29, 23.9995, 2.8638, 10.0174, 0.636, 5.796, 3.1335, 22.0001, 34, 19, 18, 13.9998, 1.9236, 20.9997, 10.9569, 9.157, 24, 0.4032, 2, 23, 119, 70, 0],
      [4, 0.5781, 0, 0, 3.0002, 4, 0.9973, 6, 15, 0.7012, 15, 3, 0.9837, 1.7533, 0, 0.3807, 2.5648, 3.0001, 3, 2.9998, 12, 1.7248, 0.5565, 21, 9, 1.3897, 1.9293, 0.7329, 0.0757, 0, 1.5093, 0.5822, 0, 4.005, 3.9988, 4, 4.0004, 2.9999, 0, 0.2869, 4.0001, 1.9412, 2.9969, 5, 4.0003, 1.0972, 1.9749, 0.1557, 1.7623, 1.3267, 3.9997, 6, 2.9999, 5, 2.9993, 0.8531, 5.0001, 4.0381, 1.55, 3, 0.2854, 0, 6, 25, 14, 0]
    ]
  ],
  "V_est": [
    [195.7783, 918.6922, 1879.7565, 190.7731],
    [89.8847, 575.2838, 960.9418, 93.8897],
    [677.1641, 5017.533, 8798.3887, 1058.9143],
    [577.8614, 4248.455, 8529.9923, 967.6914],
    [91.3116, 765.036, 1405.9208, 241.7316]
  ],
  "p_est": [
    [0.0615, 0.2884, 0.5902, 0.0599],
    [0.0523, 0.3345, 0.5587, 0.0546],
    [0.0435, 0.3226, 0.5657, 0.0681],
    [0.0403, 0.2966, 0.5955, 0.0676],
    [0.0365, 0.3055, 0.5615, 0.0965]
  ],
  "EI_Z": {},
  "EI_V": 33.5968,
  "MAE_Z": {},
  "MAE_V": 1252.6569,
  "MAE_p": 0.1634,
  "runtime": 0.4494
}
