{
  "Z_true": {},
  "V_true": [
    [3, 10, 30, 126, 1087, 192],
    [691, 33, 307, 221, 354, 61],
    [234, 229, 5452, 1402, 1724, 312],
    [29, 46, 29, 455, 6430, 91],
    [56, 72, 250, 4564, 1805, 104],
    [8, 789, 154, 334, 1097, 109],
    [77, 52, 272, 276, 478, 381]
  ],
  "p_true": [
    [0.0021, 0.0069, 0.0207, 0.087, 0.7507, 0.1326],
    [0.4145, 0.0198, 0.1842, 0.1326, 0.2124, 0.0366],
    [0.025, 0.0245, 0.5829, 0.1499, 0.1843, 0.0334],
    [0.0041, 0.0065, 0.0041, 0.0643, 0.9082, 0.0129],
    [0.0082, 0.0105, 0.0365, 0.6662, 0.2635, 0.0152],
    [0.0032, 0.3167, 0.0618, 0.1341, 0.4404, 0.0438],
    [0.0501, 0.0339, 0.1771, 0.1797, 0.3112, 0.248]
  ],
  "Z_est": [
    [
      [0.3179, 0.2312, 0.6647, 0.4046, 0.4046, 0.0867, 0.1445, 0.4624, 0.4913, 0.6647, 1.5317, 0.5491, 0.2023, 0.1445, 0.8381, 0.6936, 0.2023, 0.1445, 0.6358, 2.3697, 2.0518, 1.2716, 0.4335, 0.0578, 0.3468, 1.0115, 0.0867, 0.3179, 1.3583, 1.0982, 1.6761, 0.0867, 0.2601, 0.289, 0.0867, 1.5028, 1.2716, 0.6358, 0.4412, 0.1156, 0.2312, 0.0867, 0.0867, 0.8381, 0.4046, 4.5372, 0.2601],
      [0.0625, 0.0441, 0.0846, 0.0331, 0.0515, 0.0147, 0.0368, 0.0368, 0.0883, 0.2354, 0.3863, 0.0773, 0.0258, 0.0037, 0.1508, 0.0846, 0.0441, 0.0184, 0.0883, 0.2538, 0.3789, 0.1288, 0.0184, 0.5028, 0.0294, 0.0956, 0.0258, 0.0368, 0.1214, 0.1471, 0.2722, 0.0074, 0.0478, 0.0074, 0.0074, 0.3348, 0.2207, 0.1839, 0, 0.011, 0.0625, 0.0074, 0.011, 0.1324, 0.0258, 0.3826, 0.0074],
      [0.0657, 0.0773, 0.1255, 0.0333, 0, 0.0108, 0.0723, 0.0756, 0.0998, 0.1796, 0.6226, 0.1097, 0.0249, 0.3136, 0.074, 0.0565, 0.0474, 0.0116, 0.084, 0.3275, 0.5212, 0.2535, 0.0432, 0.01, 0.0698, 0.069, 0.0299, 0.0391, 0.0798, 0.1979, 0.4157, 0.0067, 0.0648, 0.0208, 0.0183, 0.2386, 0.1879, 0.0881, 0.0274, 0.015, 0.0582, 0.015, 0.059, 0.2095, 0.0374, 0.4073, 0.0191],
      [0.5021, 0.4802, 0.6039, 0.5166, 0.4657, 0.0582, 0.4002, 3.0141, 1.6517, 2.3212, 0, 1.0478, 0.1674, 0.1746, 1.2297, 0.8004, 0.3784, 0.1164, 0.9386, 3.1725, 4.133, 1.7245, 0.4148, 1.3569, 0.4948, 1.2405, 0.3274, 0.5093, 1.2006, 2.0883, 3.8419, 0.1528, 0.2838, 0.1674, 0.0873, 3.4199, 2.2921, 1.1206, 0.08, 0.0655, 0.2983, 0.0655, 0.553, 2.3721, 0.5603, 3.4417, 0.1237],
      [46.0518, 23.1671, 30.5212, 14.0124, 7.0782, 2.8296, 10.3462, 17.4111, 27.6689, 40.5992, 59.4594, 16.2161, 11.5797, 6.3636, 23.7074, 19.3649, 11.3278, 8.7091, 38.2533, 59.8764, 100.9151, 38.6216, 28.0901, 13.0725, 19.0592, 56.5834, 10.5302, 12.0969, 39.2399, 55.4685, 92.7941, 12.7465, 4.3435, 13.5155, 4.8003, 54.504, 63.0278, 36.9716, 7.4513, 7.7929, 12.3497, 0.8255, 3.2902, 75.4479, 4.972, 106.2312, 5.5897],
      [0, 0, 0, 0, 0, 0, 0, 0, 0, 0, 0, 0, 0, 0, 0, 0, 0, 0, 0, 0, 0, 0, 0, 0, 0, 0, 0, 0, 0, 0, 0, 0, 0, 0, 0, 0, 0, 0, 0, 0, 0, 0, 0, 0, 0, 0, 0]
    ],
    [
      [10.4811, 6.9368, 20.346, 12.9447, 11.2103, 2.3845, 3.0167, 15.2642, 15.0814, 20.0982, 39.7314, 14.7716, 4.9858, 4.115, 22.8851, 18.8284, 6.4723, 3.7389, 19.386, 71.0404, 61.7191, 32.5779, 14.1524, 1.91, 9.5381, 29.884, 2.8598, 10.0646, 35.2101, 32.2685, 52.4598, 2.1368, 4.5251, 8.1003, 2.1368, 45.2132, 41.0018, 19.6337, 3.2776, 3.3445, 6.9368, 2.8715, 2.3845, 27.6666, 10.2193, 123.716, 8.1446],
      [2.0143, 0.8886, 2.6216, 1.7263, 1.2867, 0.2744, 0.2609, 2.1862, 1.9728, 2.6954, 4.3346, 1.6365, 0.4803, 0.4017, 2.6174, 2.0998, 0.8886, 0.3431, 2.4946, 8.9083, 7.9149, 3.3145, 1.1654, 0.3947, 1.0707, 3.6753, 0.6107, 1.3383, 3.6338, 3.9837, 6.9687, 0.2024, 0.3913, 0.6201, 0.2024, 5.8524, 5.6168, 2.648, 0, 0.4015, 0.9055, 0.9551, 0.2711, 3.9701, 1.002, 13.7229, 0.2612],
      [0.4172, 0.2034, 0.561, 0.3506, 0.9999, 0.0566, 0.0516, 0.4605, 0.4201, 0.5731, 1.0752, 0.3603, 0.1018, 0.0995, 0.5242, 0.4258, 0.1896, 0.0699, 0.5159, 1.8664, 1.7371, 0.7493, 0.3939, 0.121, 0.2386, 0.741, 0.4042, 0.2759, 0.7331, 0.8523, 1.5206, 0.0418, 0.0773, 0.1772, 0.0472, 1.2064, 1.1571, 0.5307, 0.0516, 0.3494, 0.1946, 0.3534, 0.0789, 0.8577, 0.2107, 2.8315, 0.2151],
      [2.1499, 1.1207, 2.7597, 2.5431, 1.4679, 0.2804, 0.2385, 8.106, 2.918, 3.9364, 3.6364, 2.1851, 0.5378, 0.6147, 3.1507, 2.4243, 1.0474, 0.3819, 2.8815, 10.2127, 9.8907, 4.1626, 2.0274, 0.4625, 1.31, 4.0855, 3.3479, 1.559, 4.0835, 5.0207, 8.9062, 0.2889, 0.3577, 0.8955, 0.2417, 7.5293, 6.5981, 3.0721, 0.2385, 0.4048, 0.9898, 0.4941, 0.6366, 5.225, 1.2976, 14.6987, 1.0429],
      [13.6121, 3.2761, 10.9886, 7.9079, 3.1957, 0.8274, 0.2556, 5.1813, 7.3264, 9.0178, 9.5272, 3.9861, 0.5851, 1.4598, 7.1437, 5.852, 3.8278, 0.423, 10.0873, 35.0958, 29.6129, 6.0308, 9.9796, 2.3802, 3.1357, 14.1841, 1.7774, 5.8785, 7.9535, 14.268, 28.5939, 0.1976, 0.3834, 2.6325, 0.2394, 21.4432, 24.9591, 10.4366, 0.2556, 1.4998, 3.3989, 2.0166, 0.4522, 18.6738, 1.6076, 40.9734, 5.6293],
      [1.3255, 0.5744, 1.7231, 0.5276, 0.8395, 0.1767, 0.1767, 1.8018, 1.2813, 1.679, 2.6952, 1.0604, 0.3093, 0.3093, 1.679, 1.3697, 0.5744, 0.0432, 1.6348, 5.8763, 5.1252, 2.165, 1.2813, 0.7316, 0.7069, 2.4301, 0, 0.8837, 2.3859, 2.6068, 4.5508, 0.1325, 0.2651, 0.5744, 0.1325, 3.7555, 3.6672, 1.679, 0.1767, 0, 0.5744, 0.3093, 0.1767, 2.6068, 0.6627, 9.0575, 0.7069]
    ],
    [
      [0, 0, 0.5049, 0.1667, 1.5869, 0.1185, 0.6323, 0, 0, 0, 5.0529, 1.1058, 1.4572, 0.4778, 2.5781, 0.599, 0, 0.158, 0.803, 3.7768, 1.0933, 6.1259, 0, 0, 1.2876, 0.8162, 0, 0, 3.9622, 2.3589, 0, 0.1251, 0.5529, 0.2896, 0.2679, 1.0529, 0, 0.2884, 0.3172, 0.158, 0.2208, 0, 0, 0, 0.4542, 22.3853, 0.2238],
      [1.4507, 1.7547, 2.8302, 0.8783, 3.1044, 0.3397, 2.0019, 0.7, 1.4189, 15.4922, 22.8096, 3.1703, 1.8234, 0, 7.4047, 1.7172, 1.5285, 0.4529, 2.3022, 7.9733, 17.9699, 3.6813, 0, 0.0948, 0.6214, 2.34, 0.4819, 0.1978, 2.6985, 2.2542, 7.5573, 0, 1.5851, 0, 0, 16.4181, 7.3263, 11.1337, 0, 0.4529, 4.4728, 0.2712, 0, 1.0234, 1.2675, 15.04, 0],
      [71.5433, 83.9569, 132.8808, 36.1098, 82.9832, 11.9387, 79.058, 74.2908, 108.0248, 195.5028, 690.0084, 120.3743, 27.7617, 21.3366, 79.3991, 59.9119, 51.6785, 12.5476, 84.9212, 359.2668, 578.6149, 282.6517, 45.8549, 10.2456, 77.2469, 77.1208, 33.2081, 42.5939, 86.0488, 216.3833, 453.2891, 7.576, 71.3596, 22.5921, 18.9381, 257.8824, 204.6896, 96.0375, 30.7635, 15.8318, 64.3824, 16.4154, 64.7167, 227.5221, 42.3596, 451.0618, 21.0814],
      [10.7978, 10.3283, 12.9886, 17.3295, 10.022, 1.2519, 33.1081, 12.835, 75.2251, 82.9104, 294.9398, 39.3284, 4.7996, 5.4194, 39.7708, 20.1652, 8.1375, 2.5038, 22.435, 99.4688, 135.3184, 52.3488, 10.3778, 2.9539, 11.8477, 31.9953, 17.0422, 19.6226, 35.0649, 59.2873, 108.2513, 4.5145, 6.1031, 3.5993, 1.8779, 122.4328, 78.808, 35.8, 1.9844, 1.4084, 6.4161, 1.7822, 23.1036, 71.8705, 16.5101, 120.8718, 2.6603],
      [26.8518, 24.3541, 29.86, 5.5157, 6.2646, 3.2683, 4.1997, 7.9994, 46.4034, 37.0946, 44.6673, 0.8114, 17.0784, 1.7504, 26.3035, 7.5046, 18.6745, 8.3377, 10.0611, 132.5143, 167.4132, 83.1923, 10.0624, 1.483, 5.0773, 10.226, 2.2678, 12.5857, 13.4938, 70.3525, 54.9647, 6.5543, 2.9751, 16.9861, 6.577, 87.2138, 66.176, 37.7404, 11.9349, 6.1489, 26.508, 2.2859, 2.9293, 56.8109, 7.5384, 74.257, 7.0848],
      [1.3564, 4.606, 10.9355, 0, 2.0388, 1.0829, 0, 1.1748, 1.928, 0, 8.5219, 3.2098, 2.0798, 0.0157, 3.5438, 1.1021, 0.981, 0, 1.4775, 0, 7.5903, 0, 2.7048, 0.2227, 4.9191, 1.5018, 0, 0, 1.7319, 9.3639, 11.9375, 0.2301, 1.4243, 0.5329, 0.3391, 0, 0, 0, 0, 0, 0, 0.2452, 1.2505, 5.7731, 0.8703, 20.3841, 2.9497]
    ],
    [
      [0.1337, 0.3947, 0.8173, 0.1702, 0.3533, 0.1166, 0.594, 0.1945, 0.4577, 1.05, 2.6732, 0.6085, 0.2224, 0.118, 1.8194, 3.2322, 0.0851, 0.2438, 0.2674, 2.2478, 3.0294, 1.9295, 0.1824, 0.0243, 0.3556, 2.4766, 0.0365, 0.2885, 5.5872, 0.462, 0.7051, 0.4475, 1.4648, 1.1276, 0.4095, 1.803, 1.4845, 0.6603, 0.1447, 0.1363, 0.2803, 0.0365, 0.1512, 0.3525, 0.441, 3.8422, 0.2411],
      [0.0032, 0.321, 0.5805, 0.0017, 0.1988, 0.361, 0.2552, 0.3043, 0.6992, 0.8375, 2.1937, 0.4085, 0.1484, 0.0002, 0.8127, 2.0423, 0.3619, 0.1971, 0.2114, 1.3533, 2.3404, 0.8443, 0.0009, 0.0002, 0.2263, 1.0638, 0.1035, 0.2879, 3.0633, 0.0075, 2.3636, 0.0004, 0.2754, 0.0004, 0.0004, 1.2716, 3.006, 0.5934, 0, 0.1244, 0.6341, 0.0821, 0.0006, 1.3594, 0.0013, 2.0913, 0.0004],
      [0.4719, 0.3469, 2.2797, 0.0274, 0.1743, 0.0852, 0.3182, 0.331, 0.6995, 0.8814, 2.4444, 0.4498, 0.1513, 0.1322, 0.0609, 0.8884, 0.3586, 0.0096, 5.133, 1.4607, 2.4917, 0.9531, 0.5331, 0.1135, 0.2572, 0.0568, 0.1154, 0.2864, 0.0657, 0.1628, 4.6232, 0.0055, 0.3291, 0.0171, 0.2614, 1.3113, 1.0589, 0.4466, 0.3916, 0.0958, 0.2222, 0.1612, 0.9718, 1.3745, 0.0308, 2.1765, 0.0157],
      [1.2843, 2.1492, 1.5449, 7.0986, 1.7579, 0.1489, 4.0588, 2.6046, 6.232, 9.5913, 23.2497, 3.849, 0.8531, 0.6238, 5.4711, 2.0537, 0.9679, 0.2978, 2.4012, 11.9873, 17.2773, 6.8313, 1.061, 0.3723, 1.915, 11.2167, 1.502, 2.8468, 12.094, 5.3422, 16.6154, 0.3909, 1.387, 0.4281, 0.2234, 12.3723, 8.8025, 4.0823, 0.4644, 0.1675, 1.3298, 0.4036, 2.477, 9.9752, 5.7247, 14.789, 0.3164],
      [180.4807, 67.2972, 122.4391, 66.9433, 41.5631, 17.645, 55.0148, 64.3364, 153.5873, 181.2898, 477.7747, 88.0132, 32.5399, 13.4874, 180.5185, 99.7462, 82.7838, 47.0004, 166.6152, 290.642, 517.8658, 185.157, 128.7049, 27.2219, 46.2197, 117.3998, 22.4889, 64.0003, 125.7127, 346.295, 516.0854, 43.4686, 48.77, 87.0322, 45.6298, 273.8923, 225.8266, 92.6785, 19.9941, 22.2246, 43.5234, 18.6329, 82.8203, 302.1253, 53.3086, 447.8482, 31.5966],
      [8.6261, 7.4909, 13.3383, 1.7589, 3.9526, 2.6433, 1.7589, 6.2293, 8.3242, 8.3501, 23.6642, 5.6709, 2.085, 0.6384, 8.3175, 4.0372, 3.4428, 0.2513, 6.3718, 20.3089, 24.9954, 9.2848, 6.5177, 1.2678, 6.0262, 8.7862, 0.7538, 2.2901, 7.4772, 21.7306, 34.6073, 2.6872, 3.7738, 1.3946, 2.4755, 16.3495, 8.8214, 4.5389, 1.0051, 0.2513, 2.0102, 0.6837, 3.5792, 15.8131, 11.4936, 36.2528, 2.8298]
    ],
    [
      [0, 0.35, 0.5317, 0.2659, 0.391, 0.2696, 0.5682, 0, 0.8393, 0.9812, 3.6855, 1.8966, 0.1147, 0.1355, 0.7506, 0.563, 0.1792, 0.7026, 0.7867, 2.1946, 2.7472, 1.8954, 0.1649, 0, 0.4118, 0.7037, 0, 0.2711, 0.7298, 1.5274, 2.6979, 0.1199, 2.1419, 0.172, 0.0782, 2.0903, 0.012, 0.6568, 0.0521, 0.0782, 0.2763, 0, 0.344, 0, 2.4321, 2.0226, 0.1095],
      [0.8487, 0.7543, 0.962, 0.4809, 0.7073, 0.5396, 1.0614, 0.0004, 1.5181, 2.6221, 6.6663, 2.6537, 0.2076, 0, 1.3585, 1.0186, 1.0597, 0.9458, 1.4238, 3.9698, 4.97, 2.197, 0.0002, 0, 0.7447, 1.2731, 0.1887, 0.4904, 1.3205, 2.7625, 5.1574, 0.0001, 2.6311, 0.0001, 0.0001, 3.7822, 2.5371, 1.304, 0, 0.1415, 0.5001, 0.0849, 0.5553, 3.0922, 0.0003, 3.6601, 0.0001],
      [6.2621, 8.179, 14.8083, 3.3747, 9.7029, 0.8498, 7.2677, 15.6447, 10.4247, 18.3212, 53.8748, 10.5272, 1.9205, 2.097, 8.6556, 6.5373, 4.5673, 1.3371, 10.0557, 30.1845, 42.6633, 19.8758, 5.0203, 1.4896, 6.0311, 4.7901, 2.0641, 3.6675, 8.7606, 19.687, 38.9372, 0.2917, 6.0214, 2.1515, 2.6812, 25.5314, 18.3477, 8.5992, 1.6733, 1.4207, 4.5438, 1.0414, 5.0687, 21.5125, 2.2529, 32.4452, 1.6277],
      [47.3144, 48.0592, 57.6311, 40.9656, 47.3309, 5.4806, 85.8021, 63.1904, 129.7516, 202.4055, 529.134, 92.7896, 15.2113, 16.9776, 105.3618, 73.7601, 37.8313, 11.743, 90.9065, 289.7904, 369.7348, 159.0317, 40.7756, 14.8232, 50.0395, 97.3828, 16.0687, 40.8655, 102.6532, 196.5194, 364.4314, 14.2222, 28.1739, 17.21, 8.0408, 293.2092, 198.7776, 94.3688, 7.0856, 6.3208, 28.6766, 6.0943, 47.8327, 221.476, 50.6247, 289.4319, 11.5996],
      [33.9491, 20.8907, 25.0435, 5.5154, 15.8539, 2.377, 13.9031, 18.391, 16.4629, 51.91, 107.3152, 21.6714, 4.0842, 6.6003, 25.9764, 25.0106, 17.4432, 7.2148, 46.0801, 89.8285, 100.8594, 48.1833, 15.6625, 11.3783, 20.2929, 25.5006, 1.5081, 6.0425, 24.5938, 67.5027, 127.5347, 6.9035, 17.127, 13.0861, 3.8152, 72.346, 47.3951, 20.2194, 0.9327, 6.9821, 18.549, 1.6395, 11.315, 78.0652, 14.2334, 52.1523, 7.034],
      [1.6257, 1.7668, 3.0234, 0.3974, 1.014, 0.4834, 0.3974, 1.7736, 2.0035, 1.7601, 6.3243, 1.4616, 0.4617, 0.1895, 1.897, 1.1105, 0.9193, 0.0568, 1.7471, 5.0321, 6.0254, 1.8169, 1.3764, 0.3089, 1.48, 5.3496, 0.1703, 0.663, 1.9421, 5.001, 8.2414, 1.4626, 0.9047, 0.3803, 0.3845, 4.0409, 1.9304, 0.8517, 0.2563, 0.0568, 0.4542, 0.1399, 0.8842, 3.8541, 1.4566, 8.2878, 0.6291]
    ],
    [
      [0, 0.0143, 0.0287, 0.009, 0.0108, 0.003, 0.009, 0.0114, 0.0412, 0.0664, 0.1058, 0.0167, 0.0054, 0.0006, 0.0538, 0.0299, 0.0137, 0.0036, 0.0359, 0.0783, 0.1178, 0.0478, 0.0084, 0, 0.0084, 0.0299, 0, 0.0173, 0.0371, 0.0705, 0.095, 0.0271, 0.0102, 0.0024, 0.006, 0.1172, 0.0741, 0.0604, 0.0042, 0.0024, 0.0126, 0.0006, 0.0042, 0, 0.0078, 0.1118, 0.0048],
      [12.5506, 8.1577, 15.8162, 5.8472, 8.6137, 2.4481, 6.3463, 6.7077, 18.2128, 41.9715, 68.3978, 13.0109, 4.3069, 0.5894, 28.5949, 15.997, 8.0673, 3.0376, 17.3996, 46.2741, 69.2067, 24.6968, 3.7605, 0, 5.2577, 17.4942, 5.5719, 7.6113, 22.0722, 30.6258, 51.2995, 1.7897, 8.0243, 1.3596, 1.7748, 63.1273, 41.1498, 34.0806, 0, 1.8587, 10.3823, 0.5968, 2.1298, 26.2801, 4.6683, 68.8023, 1.721],
      [0.0635, 0.0338, 0.0677, 0.0212, 0.0254, 0.0071, 0.0213, 0.0268, 0.0973, 0.1565, 0.2496, 0.0395, 0.0127, 0.0014, 0.1269, 0.0705, 0.0324, 0.0085, 0.0846, 0.1847, 0.2778, 0.1128, 0.0197, 0, 0.0197, 0.0705, 0.0324, 0.0409, 0.0874, 0.1664, 0.2242, 0.0127, 0.024, 0.0056, 0.0141, 0.2764, 0.1749, 0.1424, 0.0099, 0.0056, 0.0296, 0.0014, 0.0099, 0.1297, 0.0183, 0.2637, 0.0113],
      [6.8256, 3.7365, 7.3116, 2.4332, 2.8501, 0.7595, 2.1995, 3.0922, 10.865, 17.3264, 25.9536, 4.5798, 1.3954, 0.154, 13.7532, 10.625, 3.5437, 0.9325, 9.2226, 20.6443, 30.7565, 12.5108, 2.2405, 0, 2.2767, 7.8386, 6.6412, 4.4828, 9.6344, 18.2474, 25.0528, 1.3888, 2.6211, 0.6623, 1.5058, 30.2872, 19.2194, 15.3168, 1.1203, 0.6162, 3.2142, 0.1466, 1.2767, 14.5635, 2.1597, 28.9774, 1.229],
      [25.5599, 12.0574, 24.7753, 6.6893, 6.4999, 1.7823, 6.424, 9.1617, 39.7829, 51.4781, 82.2913, 10.3528, 3.2796, 0.2546, 47.4702, 23.2771, 11.3425, 2.0178, 33.2567, 63.8172, 96.6391, 42.6309, 7.9708, 0, 6.4373, 24.5662, 10.7545, 16.8474, 30.1683, 68.8886, 82.3267, 5.7816, 6.3203, 1.9701, 6.5722, 102.1898, 63.3805, 51.3987, 5.8656, 1.5171, 7.3613, 0.2546, 3.5794, 51.0257, 6.1457, 88.8428, 5.0338],
      [0.0005, 0.0003, 0.0005, 0.0002, 0.0002, 0.0001, 0, 0.0002, 0.0007, 0.0012, 0.0019, 0.0003, 0.0001, 0, 0.0009, 0.0005, 0.0002, 0, 0.0006, 0.0014, 0.0021, 0.0008, 0.0001, 0, 0.0001, 0.0005, 0, 0.0003, 0.0007, 0.0012, 0.0017, 0.0001, 0.0002, 0, 0.127, 0.0021, 0.0013, 0.0011, 0.0001, 0, 0, 0, 0.0001, 0.001, 0.0001, 0.002, 0.0001]
    ],
    [
      [0.0673, 0.0729, 0.1067, 0.0391, 0.0432, 0.0212, 0.0353, 0.0676, 0.089, 0.1396, 0.2195, 0.0517, 0.0123, 0.0085, 0.0749, 0.054, 0.0473, 0.0085, 0.0852, 0.2923, 0.2415, 0.1519, 0.0585, 0.0079, 0.0517, 0.0781, 0.017, 0.0405, 0.1154, 0.2146, 0.3659, 0.057, 0.045, 0.0191, 0.015, 0.2207, 0.156, 0.0646, 0.7629, 0.165, 0.042, 0.0047, 0.0294, 0.1428, 0.0411, 0.385, 0.0161],
      [0.0699, 0.0796, 0.1048, 0.0325, 0.0376, 0.0224, 0.0375, 0.0647, 0.09, 0.1459, 0.2118, 0.0429, 0.0077, 0.005, 0.0609, 0.0405, 0.0499, 0.0051, 0.0801, 0.2673, 0.2192, 0.1374, 0.0546, 0.0075, 0.0498, 0.0579, 0.0176, 0.0375, 0.0903, 0.2192, 0.3813, 0.0001, 0.045, 0.0124, 0.0149, 0.2138, 0.1433, 0.0563, 0, 0.01, 0.0427, 0.0026, 0.0323, 0.1424, 0.0349, 0.3008, 0.01],
      [0.1764, 0.2026, 0.277, 0.0832, 0.1142, 0.052, 0.2109, 0.1705, 0.2338, 0.3854, 0.7249, 0.1392, 0.0271, 0.0196, 0.1593, 0.1095, 0.1262, 0.0158, 0.2057, 0.7093, 0.6939, 0.4037, 0.1347, 0.0203, 0.1365, 0.1518, 0.1458, 0.0963, 0.2247, 0.5504, 0.9899, 0.0657, 0.1238, 0.0357, 0.0397, 0.5535, 0.384, 0.1554, 0.0828, 0.2817, 0.5693, 0.0121, 0.095, 0.3939, 0.0903, 0.8138, 0.0297],
      [0.126, 0.1259, 0.1601, 0.1134, 0.1056, 0.0205, 0.1929, 0.1577, 0.3567, 0.5089, 0.0864, 0.2203, 0.0355, 0.0359, 0.2627, 0.1714, 0.0938, 0.0246, 0.2146, 0.724, 0.8893, 0.3903, 0.1029, 0.0312, 0.1163, 0.2405, 0.0706, 0.114, 0.2694, 0.4947, 0.9009, 0.0419, 0.0734, 0.0375, 0.0231, 0.7493, 0.5022, 0.2395, 0.0268, 0.0168, 0.0752, 0.0137, 0.1204, 0.5177, 0.1228, 0.7895, 0.0281],
      [16.4946, 18.9574, 22.3723, 8.416, 8.5446, 5.2704, 9.8566, 15.5191, 21.7681, 37.6105, 48.9648, 8.9489, 0.8533, 1.0839, 12.8803, 9.2446, 12.6004, 1.2972, 19.6463, 67.2257, 49.6946, 35.1841, 12.5296, 1.4641, 10.778, 11.5399, 4.6732, 9.5487, 21.8379, 52.2246, 92.7007, 7.3478, 11.0808, 2.7776, 3.366, 53.4109, 36.2349, 13.5547, 7.5658, 2.8346, 11.3096, 0.345, 7.6136, 32.8513, 6.1942, 65.6951, 1.0317],
      [11.0658, 12.5616, 18.9792, 4.3159, 6.1548, 3.6135, 4.6669, 10.0204, 13.4623, 19.2097, 33.7926, 7.597, 2.0641, 0.8471, 10.5619, 6.38, 7.0823, 0.6487, 11.7681, 37.7814, 35.2616, 18.7325, 9.1197, 1.469, 8.8677, 10.9318, 2.0758, 5.163, 13.4623, 34.2965, 57.6613, 4.4874, 6.632, 2.1177, 2.5413, 29.852, 19.5796, 7.9294, 2.5618, 0.6919, 4.9612, 0.6219, 5.1094, 22.9519, 7.5166, 52.0158, 2.8844]
    ]
  ],
  "V_est": [
    [32.028, 5.0275, 5.6141, 50.4557, 1354.8748, 0],
    [917.6722, 111.2255, 25.4702, 141.4603, 398.1702, 73.0016],
    [60.9981, 176.0413, 5899.9632, 1787.618, 1310.3543, 118.0252],
    [43.9, 31.0346, 35.2332, 228.6332, 6366.2415, 374.9575],
    [36.941, 66.1922, 512.7891, 4766.9077, 1376.3757, 91.7943],
    [1.4152, 837.6892, 3.5132, 392.1905, 1256.0394, 0.1525],
    [5.0455, 3.7898, 11.4171, 10.7346, 912.9441, 592.0689]
  ],
  "p_est": [
    [0.0221, 0.0035, 0.0039, 0.0348, 0.9357, 0],
    [0.5505, 0.0667, 0.0153, 0.0849, 0.2389, 0.0438],
    [0.0065, 0.0188, 0.6308, 0.1911, 0.1401, 0.0126],
    [0.0062, 0.0044, 0.005, 0.0323, 0.8992, 0.053],
    [0.0054, 0.0097, 0.0748, 0.6958, 0.2009, 0.0134],
    [0.0006, 0.3363, 0.0014, 0.1574, 0.5042, 0.0001],
    [0.0033, 0.0025, 0.0074, 0.007, 0.5944, 0.3855]
  ],
  "EI_Z": {},
  "EI_V": 10.4328,
  "MAE_Z": {},
  "MAE_V": 151.1559,
  "MAE_p": 0.0547,
  "runtime": 2.1231
}
