{
  "Z_true": {},
  "V_true": [
    [464, 12, 1328, 172, 72],
    [679, 229, 10972, 705, 523],
    [116, 228, 374, 15716, 552],
    [31, 871, 372, 834, 72],
    [1, 23, 184, 778, 290],
    [43, 48, 373, 696, 509]
  ],
  "p_true": [
    [0.2266, 0.0059, 0.6484, 0.084, 0.0352],
    [0.0518, 0.0175, 0.837, 0.0538, 0.0399],
    [0.0068, 0.0134, 0.022, 0.9252, 0.0325],
    [0.0142, 0.3995, 0.1706, 0.3826, 0.033],
    [0.0008, 0.018, 0.1442, 0.6097, 0.2273],
    [0.0258, 0.0288, 0.2235, 0.417, 0.305]
  ],
  "Z_est": [
    [
      [32.3334, 21.825, 17.877, 28.5098, 26.2927, 25.1287, 27.7821, 16.1139, 13.7064, 12.1473, 14.2271, 15.3584, 15.3584, 22.6405, 3.6857, 0, 31.198, 40.4167, 42.1218, 56.8654, 59.8168, 1.6167, 1.5796, 55.8236, 93.1945, 5.6845, 5.9058, 18.1782, 0, 0, 5.6583, 5.2449, 1.5796, 13.1193, 2.5632, 10.5305, 10.5305, 46.4539, 12.9334, 8.0833, 1.584, 2.1975, 0, 60.6251, 5.804, 90.6643, 17.3635],
      [0.055, 0.1107, 0.0103, 0.0612, 0.063, 0.0399, 0.0434, 0.0266, 0.0222, 0.0347, 0.0239, 0.0373, 0.0245, 0.0381, 0.0062, 0, 0.0541, 0.0257, 0.0709, 0.0399, 0.045, 0, 0.0027, 0.0502, 0.1569, 0.0062, 0.0071, 0.0293, 0, 0, 0.0219, 0.008, 0.0027, 0.0204, 0.7427, 0.0177, 0.0177, 0.0695, 0.0372, 1.8875, 0.0013, 0.0026, 0, 0.2033, 0.0098, 0.1326, 0.0116],
      [27.44, 36.8295, 14.2261, 38.0122, 31.7577, 19.6904, 21.9372, 13.1269, 10.9391, 18.6871, 11.8143, 20.5615, 14.8772, 18.8153, 3.063, 0, 26.6915, 25.4688, 35.0052, 51.6327, 47.6661, 1.2845, 1.3127, 65.5265, 74.7633, 1.0641, 1.8069, 13.6367, 0, 1.4009, 5.6883, 3.7217, 1.3127, 9.0569, 1.6827, 8.7513, 8.7513, 49.0073, 18.3777, 8.7513, 1.3127, 0.7905, 0, 55.9334, 4.8132, 69.6326, 25.1739],
      [1.9773, 1.9454, 1.5413, 2.2006, 12.6642, 0, 3.0711, 0.6385, 0.2539, 3.0641, 0.8501, 3.9505, 3.6255, 1.3714, 0.2232, 0, 2.9197, 0.971, 2.5514, 9.1725, 1.2717, 0.0957, 0.0957, 8.3453, 5.6449, 0.2232, 0.2551, 1.0524, 0, 0.0638, 1.5806, 0, 0.0957, 0.7335, 0.0069, 0.6378, 0.6378, 16.1184, 10.5201, 0.8916, 0.0957, 0, 0, 3.8589, 0.3508, 4.0535, 1.4033],
      [0.1943, 0.2894, 1.3453, 0.2162, 0.2225, 0.141, 0.1661, 0.094, 0.0783, 0.0668, 0.0846, 0.0922, 0.1145, 0.1347, 0.0219, 0, 0.1367, 0.1177, 0.2507, 0.2895, 0.2003, 0.0032, 0.0094, 0.2544, 3.2403, 0.0219, 0.0251, 0.1034, 0, 0.5353, 0.0509, 0.0254, 0.0094, 0.07, 0.0044, 0.0627, 0.0627, 0.351, 0.1316, 0.3863, 0.0064, 0.0094, 0, 0.3792, 0.0223, 0.517, 0.0477]
    ],
    [
      [1.732, 1.1691, 0.5156, 1.4322, 1.3423, 8.638, 1.4289, 0.9093, 0.9959, 0.6495, 2.6763, 0.8227, 0.8227, 1.3423, 0.3464, 2.9226, 1.6454, 2.165, 2.2083, 2.0138, 3.2042, 0.1841, 0.2598, 2.3399, 3.154, 0.3464, 0.3464, 1.0825, 2.572, 0, 0.3031, 2.0754, 0.0866, 0.943, 0.1299, 1.5952, 0.6495, 2.4248, 0.6928, 0.2307, 0.6773, 0.1732, 0.0866, 3.2475, 7.3381, 15.1815, 0.7535],
      [3.7157, 4.7171, 0.4468, 1.787, 2.965, 3.9593, 1.7312, 1.3946, 1.1301, 1.5078, 3.1195, 1.6195, 1.061, 3.0511, 0.3547, 1.7655, 1.9537, 1.1169, 2.4406, 1.7312, 1.9546, 0, 0.1623, 2.1779, 2.7922, 0.4468, 0.8935, 0, 0.386, 0, 0.5891, 4.5529, 0.3351, 0.8935, 0.3575, 1.8706, 1.6753, 3.0156, 1.1061, 0.4929, 0.0558, 0.1067, 0.2164, 8.9287, 0.6143, 6.7327, 0.5026],
      [589.529, 486.9648, 97.8, 282.3269, 297.7962, 539.5397, 276.5636, 201.6656, 162.9096, 220.9187, 272.1123, 234.4397, 188.5284, 422.0201, 41.8365, 37.4199, 271.6888, 307.6846, 349.0884, 401.7798, 404.8098, 14.8265, 23.2709, 460.6196, 600.292, 31.3401, 42.6539, 165.5499, 12.032, 6.0332, 82.5628, 56.4755, 20.763, 183.5452, 7.757, 311.7671, 300.6488, 493.4388, 154.3198, 68.8158, 21.5471, 8.4017, 31.0278, 851.3897, 139.6497, 893.8406, 157.1367],
      [16.0501, 8.1621, 2.0538, 1.9368, 4.7961, 4.4983, 12.0166, 0, 1.6731, 4.4758, 4.6401, 3.7849, 20.1053, 10.6443, 2.8453, 0.4208, 18.0801, 2.8152, 5.8651, 6.6019, 3.6868, 1.214, 0, 7.6709, 6.4519, 0.5634, 0.7512, 0.4956, 2.2743, 0, 3.4464, 1.0112, 0, 5.8138, 0.02, 10.7613, 0, 8.191, 7.043, 0, 1.0442, 0, 0, 17.1818, 2.2485, 11.7517, 1.5727],
      [72.9731, 63.987, 16.1838, 37.517, 25.1004, 69.3646, 37.2597, 28.0305, 21.2912, 15.4482, 30.4519, 21.3332, 26.4826, 66.9422, 13.6172, 1.4713, 31.632, 27.2182, 46.3976, 44.8733, 46.3446, 0.7753, 3.307, 58.1916, 99.3098, 6.3034, 7.355, 25.872, 0.7356, 0.9668, 11.0986, 5.885, 4.8153, 22.8045, 0.7356, 36.0058, 48.0264, 59.9298, 20.8382, 12.4606, 1.6756, 1.3184, 4.6691, 102.2523, 5.1494, 192.4935, 11.0344]
    ],
    [
      [1.0294, 0.6949, 0.4388, 0.5295, 0.3198, 1.0552, 0.7822, 0.5404, 0.5919, 0.3638, 0.5404, 0.3092, 0.489, 2.2314, 0.479, 2.4862, 0.5781, 1.0177, 0.6718, 0.6528, 1.9044, 0.0512, 3.3655, 1.4977, 1.1137, 0.9881, 0.4911, 1.0501, 0.0189, 0, 0.1801, 0.576, 0.0943, 0.4632, 0.0772, 1.7281, 0.386, 0.997, 0.4118, 0.2574, 0.0772, 1.1388, 1.1448, 1.9302, 0.4375, 46.8069, 0.4289],
      [0.3207, 0.4179, 0.0389, 0.1333, 0.1555, 0.3402, 0.1506, 0.0658, 0.0537, 0.0727, 0.0848, 0.1409, 0.0923, 0.4456, 0.068, 0.0166, 0.1409, 0.0961, 0.1992, 0.1304, 0.1296, 0, 0.5904, 0.1895, 0.243, 0.0429, 0.2707, 0.1895, 0.0049, 0, 0.0826, 2.6669, 4.4387, 0.0778, 0.1147, 0.1604, 0.1458, 0, 0.1118, 0.1263, 0.0049, 0.0117, 0.0194, 2.6945, 0.0535, 0.5005, 0.0437],
      [3.4431, 0.7215, 0.1512, 0.2558, 0.1913, 0.3798, 0, 0.3084, 0.1298, 0.1757, 0.205, 0.1494, 0, 1.0778, 0, 0.0488, 0.2537, 0.2324, 0, 0.3153, 0.3134, 0.0146, 0.2518, 0.7509, 0, 0.0463, 0.0646, 0.5028, 0, 0.7077, 0.1219, 0.0829, 0.9883, 0.0021, 0.002, 0.4401, 10.4155, 0.5077, 0.2536, 0.2402, 0.0461, 0.0146, 3.8577, 1.5152, 0.2039, 1.2886, 0.2438],
      [1258.3277, 735.4386, 183.9536, 260.4906, 194.8914, 386.3478, 385.1553, 161.3451, 131.9247, 178.9892, 208.8123, 152.1346, 400.7354, 1097.7558, 236.0734, 38.4105, 284.3824, 236.6539, 273.4446, 321.1731, 317.9288, 14.9152, 106.4131, 738.5619, 547.8836, 97.6995, 241.6256, 512.0872, 6.9604, 7.399, 311.9096, 281.5224, 51.3738, 363.3663, 1.7872, 851.7604, 820.707, 517.0589, 632.481, 244.6086, 31.8339, 24.1272, 31.276, 1543.222, 147.1723, 1062.0197, 175.9989],
      [1.879, 1.7271, 0.4176, 0.5908, 0.442, 0.8771, 0.9119, 0.7402, 0.2999, 0.3986, 0.3575, 0.2658, 0.6833, 2.4894, 0.3796, 0.038, 0.6449, 0, 0.6844, 0.7283, 0.7238, 0.019, 3.3792, 0, 1.7598, 0.2232, 0.5479, 1.1704, 0.0158, 0.8934, 0.7058, 0.1518, 1.1049, 0.0906, 0.019, 0.911, 2.3457, 1.4365, 0.7418, 0.7675, 0.038, 3.7077, 2.7021, 2.6382, 0.1329, 4.3843, 0.2847]
    ],
    [
      [0.2941, 0.1985, 0.063, 0.2114, 0.1889, 0.3734, 0.2426, 0.2114, 2.825, 0.1103, 0.2391, 0.1397, 0.1397, 0.4408, 1.0861, 0.009, 0.1979, 0.6367, 0.2294, 0.2159, 0.544, 0.0147, 0.058, 0.4999, 0.3374, 0.0588, 0.0588, 1.8072, 0.0045, 0, 0.0515, 0.0662, 0.009, 0.1574, 0.0045, 0.1176, 0.1836, 0.4117, 0.1176, 0.0735, 0.5694, 0.0294, 0.0315, 0.5513, 1.4607, 0.6073, 0.072],
      [61.766, 80.4829, 7.4868, 29.9471, 28.7474, 65.5094, 29.0159, 26.4502, 23.7324, 25.338, 48.6641, 27.1396, 17.7811, 53.3433, 13.5385, 1.2115, 26.774, 18.717, 38.2026, 29.0316, 32.7951, 0, 11.2302, 36.4981, 46.6998, 7.4868, 14.794, 38.7259, 0.6057, 0, 16.2808, 8.2363, 1.2115, 14.9736, 0.7811, 30.883, 28.0859, 50.7992, 21.6952, 23.4371, 0.9363, 1.8717, 3.7555, 144.3245, 10.2989, 95.4138, 8.4226],
      [16.4724, 16.394, 2.0825, 8.0768, 6.2475, 12.3463, 7.8838, 14.8609, 7.0027, 8.3037, 10.6763, 5.6525, 5.8095, 14.5775, 1.335, 0.2975, 6.4229, 17.1295, 3.6462, 7.1833, 8.4044, 0.4647, 2.38, 36.7344, 9.8859, 0.0478, 0, 10.115, 0.1488, 0, 3.7726, 1.621, 0.2975, 5.2063, 0.1488, 8.6057, 8.6295, 14.3508, 7.5863, 2.1216, 0.6845, 0.3163, 2.1519, 24.4345, 5.1261, 20.0813, 3.649],
      [25.0984, 23.4739, 4.0578, 8.099, 6.3372, 3.6887, 15.1667, 4.8647, 10.0314, 13.9522, 11.857, 4.9173, 17.722, 28.3565, 18.5841, 0.456, 10.0314, 10.9434, 8.2568, 10.9434, 12.5393, 0.5065, 2.1641, 22.1408, 17.099, 2.2799, 3.9781, 15.5031, 0.228, 0, 14.4388, 2.9638, 0.456, 14.2261, 0.0526, 21.7176, 11.1713, 20.2974, 20.9359, 2.1142, 1.7577, 0.684, 0.9203, 35.6897, 5.0157, 17.1374, 3.6478],
      [1.3691, 1.4507, 0.3099, 0.6656, 0.4789, 1.0823, 0.6911, 0.6128, 0.4085, 0.2958, 0.5634, 0.151, 0.5476, 1.2818, 0.4564, 0.0261, 0.5737, 0.5735, 0.665, 0.6259, 0.7172, 0.0141, 0.1677, 1.1269, 0.9779, 0.1268, 0.169, 1.8488, 0.013, 0, 0.4564, 0.1127, 0.0261, 0.4367, 0.013, 0.6761, 0.9297, 1.141, 0.665, 0.2535, 0.0522, 0.0986, 0.1409, 0, 0.0986, 1.7603, 0.2086]
    ],
    [
      [0, 0, 0, 0, 0, 0, 0, 0, 0, 0, 0, 0, 0, 0, 0.9286, 0, 0, 0, 0, 0, 0, 0, 0, 0, 0, 0, 0, 0, 0, 0, 0, 0, 0, 0, 0, 0, 0, 0, 0, 0, 0, 0, 0, 0, 0, 0, 0],
      [0.0089, 0.0085, 0.0011, 0.0066, 0.0043, 0.0095, 0.0075, 0.0028, 0.0034, 0.0022, 0.0024, 0.0039, 0.0025, 0.007, 0.0042, 0.0004, 0.0019, 0.0027, 0.0036, 0.0042, 0.0048, 0, 0.0007, 0.0053, 0.0068, 0.0012, 0.0022, 0.0022, 0, 0, 0.0016, 0.1856, 0, 0.0024, 0, 0.0066, 0.0041, 0.0096, 0.0031, 0.0035, 0, 0.0004, 0.0006, 0.0214, 0.0013, 0.0118, 0.0012],
      [19.3881, 17.1887, 4.8249, 13.2685, 6.6646, 18.0934, 14.3271, 7.1566, 6.6342, 4.6312, 4.8249, 6.4988, 5.1265, 14.12, 5.7747, 1.005, 3.9202, 8.8086, 7.2374, 8.4436, 9.6498, 0, 1.5078, 21.4105, 20.5058, 2.4125, 3.1598, 4.5233, 0, 0, 2.8287, 2.4125, 0, 8.4436, 0, 16.6898, 10.5545, 19.2996, 5.8837, 2.9269, 0, 0.9047, 1.423, 35.2821, 3.0007, 23.8229, 7.0537],
      [40.6793, 36.23, 10.1698, 27.967, 13.9835, 38.1363, 32.5314, 10.2949, 13.9835, 9.5342, 10.1698, 13.3479, 10.8054, 29.8738, 19.5374, 1.9068, 8.263, 16.7223, 15.2547, 17.7972, 20.3396, 0, 3.1781, 45.1339, 43.2217, 5.0849, 10.8977, 9.5342, 0, 0, 7.4972, 5.0849, 0, 17.799, 0, 40.1638, 22.2465, 40.6793, 13.7969, 6.3561, 0, 1.5484, 1.9734, 74.3668, 5.7205, 50.2135, 13.3479],
      [3.9237, 3.5728, 1.0042, 2.7579, 1.3475, 3.7608, 3.134, 1.5457, 1.3789, 0.8323, 1.0029, 1.1494, 1.0656, 2.9991, 1.7551, 0.0877, 0.8148, 1.4664, 1.5043, 1.7551, 2.0058, 0, 0.3134, 4.4503, 4.2657, 0.5014, 0.9402, 0.9402, 0, 0, 0.6725, 0.3171, 0, 1.7551, 0, 2.1397, 2.195, 4.0116, 1.3163, 0.7134, 0, 0.5465, 0.603, 7.3298, 0.2774, 4.9518, 0.5972]
    ],
    [
      [4.6111, 3.1125, 1.1057, 3.317, 2.8563, 5.8048, 2.7642, 3.2249, 4.8808, 1.7292, 3.317, 2.37, 2.1903, 4.345, 1.4742, 0.5822, 4.3806, 5.7639, 5.7687, 5.252, 8.5306, 0.1333, 0.7371, 7.8389, 8.2004, 0.9222, 1.1978, 2.8819, 0.4045, 0, 0.8069, 1.0375, 0.2306, 3.317, 0.2252, 2.0286, 3.2505, 5.7126, 1.8444, 1.3551, 0.0921, 0.4611, 0.7371, 8.6458, 1.9597, 14.7399, 1.3821],
      [0.1337, 0.2629, 0.0162, 0.0648, 0.0648, 0.1418, 0.0514, 0.0599, 0.0582, 0.0445, 0.1053, 0.0587, 0.0385, 0.1147, 0.0284, 0.0061, 0.0753, 0.0416, 0.083, 0.0628, 0.0709, 0, 0.0137, 0.079, 0.1013, 0.0162, 0.0324, 0.0531, 0.0034, 0, 0.024, 0.3504, 0.0122, 0.0324, 0.0041, 0.0616, 0.0712, 0.1062, 0.0466, 0.0527, 0.0017, 0.0068, 0.0081, 1.8276, 0.0223, 0.2086, 0.0182],
      [34.7273, 29.9016, 4.9153, 16.0598, 13.3426, 25.9504, 12.2883, 15.8816, 14.3845, 13.2836, 15.3673, 15.6981, 12.6585, 27.3892, 3.9909, 1.2288, 18.0229, 21.6761, 18.0229, 23.6454, 24.1564, 0.4096, 3.2769, 30.958, 31.5529, 3.0893, 5.3148, 12.6723, 0.8192, 0.8582, 5.0257, 3.6865, 1.6384, 14.746, 0.4096, 14.746, 23.0005, 25.3959, 21.5789, 6.1442, 0.4096, 1.5721, 4.5396, 56.4451, 6.2064, 48.3341, 6.7428],
      [25.8671, 19.7501, 3.2236, 7.3059, 8.3275, 16.3289, 8.0589, 7.8568, 9.1334, 6.9844, 9.6707, 8.8648, 11.0064, 17.9982, 6.7367, 0.8059, 12.3234, 12.8942, 8.6274, 15.3119, 12.2338, 0.2686, 2.149, 20.1472, 23.6989, 2.149, 3.4922, 8.3275, 0.5373, 0.5373, 5.1275, 2.4177, 1.0745, 12.0613, 0.1333, 10.9591, 14.2374, 16.655, 18.223, 4.0294, 0.2686, 0.6405, 0.8302, 40.6808, 3.4922, 27.8243, 4.0294],
      [18.6608, 19.973, 2.7392, 9.2524, 6.4087, 14.7741, 6.8372, 7.9768, 5.5432, 3.9583, 7.5397, 6.0084, 7.1064, 17.1528, 3.7699, 0.377, 9.1978, 7.6241, 11.498, 12.728, 13.0083, 0.1885, 1.8233, 15.9768, 25.4465, 1.8233, 2.9628, 7.0651, 0.2355, 0.6045, 3.0159, 1.5079, 1.0443, 5.8433, 0.2279, 8.2047, 12.4405, 14.1303, 12.307, 3.4186, 0.2279, 1.3194, 1.8849, 26.4006, 1.3194, 26.8931, 2.8274]
    ]
  ],
  "V_est": [
    [1000.3235, 4.2714, 921.7949, 111.0242, 10.586],
    [85.8564, 82.4274, 11227.1279, 224.6597, 1487.9286],
    [83.4176, 16.0776, 30.9152, 16810.1395, 45.4502],
    [15.9504, 1303.1218, 349.3652, 486.5027, 25.0599],
    [0.9286, 0.3644, 381.6328, 815.3726, 77.7016],
    [147.5235, 4.7374, 692.1641, 453.3012, 371.2738]
  ],
  "p_est": [
    [0.4884, 0.0021, 0.4501, 0.0542, 0.0052],
    [0.0065, 0.0063, 0.8565, 0.0171, 0.1135],
    [0.0049, 0.0009, 0.0018, 0.9896, 0.0027],
    [0.0073, 0.5978, 0.1603, 0.2232, 0.0115],
    [0.0007, 0.0003, 0.2991, 0.639, 0.0609],
    [0.0884, 0.0028, 0.4147, 0.2716, 0.2225]
  ],
  "EI_Z": {},
  "EI_V": 10.5759,
  "MAE_Z": {},
  "MAE_V": 262.7556,
  "MAE_p": 0.0704,
  "runtime": 8.407
}
