{
  "X": [
    [4, 2, 3, 14, 24, 0],
    [2, 5, 4, 84, 32, 12],
    [11, 5, 14, 153, 36, 5],
    [8, 17, 21, 114, 153, 28],
    [2, 4, 11, 20, 26, 8],
    [8, 7, 16, 60, 67, 13],
    [2, 1, 8, 4, 27, 6],
    [27, 21, 74, 67, 308, 35],
    [50, 49, 149, 114, 692, 71],
    [12, 17, 6, 82, 128, 9],
    [12, 14, 16, 23, 68, 13],
    [8, 10, 7, 53, 73, 15],
    [36, 103, 104, 396, 675, 105],
    [6, 43, 29, 183, 211, 38],
    [12, 15, 17, 57, 131, 30],
    [4, 7, 15, 45, 46, 4],
    [1, 0, 1, 6, 9, 3],
    [6, 8, 16, 30, 75, 6],
    [10, 13, 34, 24, 122, 8],
    [2, 14, 19, 79, 81, 12],
    [3, 1, 5, 4, 26, 6],
    [73, 99, 194, 417, 842, 155],
    [7, 8, 12, 49, 88, 17],
    [20, 36, 68, 118, 326, 43],
    [23, 53, 76, 108, 384, 51],
    [10, 10, 17, 158, 103, 27],
    [9, 5, 26, 76, 50, 14],
    [1, 4, 11, 24, 51, 3],
    [11, 18, 26, 103, 136, 14],
    [18, 30, 24, 63, 246, 35],
    [20, 22, 50, 115, 305, 41],
    [31, 44, 96, 227, 515, 58],
    [15, 10, 32, 39, 178, 25],
    [23, 29, 73, 119, 330, 43],
    [28, 24, 52, 108, 225, 42],
    [9, 18, 21, 23, 97, 14],
    [31, 35, 52, 156, 406, 54],
    [22, 8, 25, 51, 165, 18],
    [27, 61, 82, 168, 531, 69],
    [26, 77, 97, 294, 502, 81],
    [9, 11, 12, 15, 64, 9],
    [22, 28, 64, 116, 474, 51],
    [2, 12, 27, 86, 158, 26],
    [17, 44, 49, 141, 269, 39],
    [18, 35, 72, 219, 398, 49],
    [22, 27, 63, 89, 273, 39],
    [27, 16, 42, 60, 256, 41],
    [23, 40, 66, 134, 497, 66],
    [7, 15, 28, 77, 137, 22],
    [30, 73, 113, 339, 745, 118],
    [32, 35, 67, 119, 367, 60],
    [16, 6, 16, 30, 92, 14],
    [1, 0, 0, 0, 6, 0],
    [2, 2, 5, 4, 26, 3],
    [3, 0, 5, 31, 32, 5],
    [3, 7, 3, 72, 69, 10],
    [0, 0, 2, 0, 4, 0],
    [5, 6, 14, 36, 35, 5],
    [3, 14, 51, 92, 195, 43],
    [54, 93, 154, 449, 856, 113],
    [11, 6, 19, 64, 93, 13],
    [133, 71, 115, 397, 766, 164],
    [8, 2, 5, 38, 78, 12]
  ],
  "W": [
    [3, 7, 15, 11, 5, 2, 4],
    [23, 4, 25, 59, 7, 11, 10],
    [27, 10, 22, 114, 24, 6, 21],
    [30, 22, 106, 82, 50, 22, 29],
    [4, 2, 21, 20, 16, 3, 5],
    [13, 16, 38, 43, 31, 17, 13],
    [0, 6, 26, 4, 7, 2, 3],
    [9, 23, 260, 46, 112, 26, 56],
    [16, 43, 611, 82, 205, 51, 117],
    [30, 34, 66, 67, 19, 20, 18],
    [9, 12, 52, 12, 26, 18, 17],
    [24, 17, 34, 36, 17, 18, 20],
    [89, 69, 461, 379, 200, 132, 89],
    [40, 20, 135, 156, 67, 62, 30],
    [16, 22, 98, 54, 25, 18, 29],
    [11, 3, 27, 42, 16, 10, 12],
    [0, 1, 8, 6, 1, 0, 4],
    [14, 19, 37, 23, 28, 11, 9],
    [4, 13, 94, 27, 34, 18, 21],
    [27, 2, 40, 60, 38, 19, 21],
    [1, 4, 23, 6, 6, 2, 3],
    [96, 110, 587, 355, 360, 119, 153],
    [4, 14, 60, 42, 30, 18, 13],
    [31, 28, 255, 104, 112, 45, 36],
    [31, 46, 283, 82, 124, 72, 57],
    [30, 7, 70, 143, 32, 14, 29],
    [17, 10, 33, 62, 33, 11, 14],
    [2, 4, 35, 16, 19, 9, 9],
    [22, 23, 81, 80, 57, 27, 18],
    [20, 34, 184, 58, 56, 33, 31],
    [35, 38, 208, 96, 99, 31, 46],
    [48, 55, 369, 211, 155, 73, 60],
    [9, 22, 151, 35, 49, 14, 19],
    [11, 34, 259, 115, 114, 39, 45],
    [18, 37, 177, 104, 86, 28, 29],
    [3, 13, 78, 20, 33, 21, 14],
    [46, 39, 305, 145, 99, 57, 43],
    [9, 27, 122, 38, 51, 22, 20],
    [35, 48, 407, 149, 159, 70, 70],
    [66, 72, 325, 266, 190, 101, 57],
    [2, 11, 45, 18, 26, 13, 5],
    [24, 50, 366, 94, 133, 31, 57],
    [15, 8, 103, 82, 60, 25, 18],
    [32, 20, 188, 126, 94, 55, 44],
    [40, 36, 273, 197, 144, 54, 47],
    [16, 23, 220, 77, 106, 23, 48],
    [13, 43, 215, 54, 64, 23, 30],
    [20, 34, 386, 137, 123, 52, 74],
    [26, 11, 95, 61, 48, 21, 24],
    [78, 57, 542, 313, 224, 109, 95],
    [18, 31, 299, 103, 123, 38, 68],
    [4, 19, 71, 35, 26, 11, 8],
    [0, 2, 5, 0, 0, 0, 0],
    [1, 3, 19, 4, 6, 3, 6],
    [9, 1, 22, 24, 14, 4, 2],
    [26, 5, 42, 57, 18, 12, 4],
    [0, 0, 2, 0, 2, 2, 0],
    [8, 10, 19, 24, 17, 12, 11],
    [4, 5, 176, 104, 70, 17, 22],
    [118, 76, 618, 378, 303, 123, 103],
    [15, 7, 75, 50, 33, 8, 18],
    [97, 157, 576, 363, 221, 94, 138],
    [21, 20, 54, 31, 6, 1, 10]
  ],
  "method": "mvn_pdf",
  "cond_prob": [
    [
      [5.0275998438e-05, 0.0011944175572, 1.0631179565e-06, 0.84214428666, 0.15660995666, 0],
      [0.41714887133, 0.0015593123079, 0.00037132760845, 0.001845782574, 0.57907470618, 0],
      [0.022229683965, 0.0079267289028, 0.038885208435, 0.011823628786, 0.91913474991, 0],
      [8.0993608168e-05, 0.0017594655713, 0.013572420852, 0.90562858025, 0.078958539716, 0],
      [0.0043607106348, 0.035645261957, 0.34456680009, 0.063159760314, 0.552267467, 0],
      [6.4291977197e-05, 0.72591921258, 0.021340257787, 0.091267570427, 0.16140866722, 0],
      [0.18088468659, 0.054295442848, 0.12482706136, 0.20576097625, 0.43423183295, 0]
    ],
    [
      [1.5220809121e-05, 0.0004272280984, 5.1171533329e-07, 0.92811595876, 0.071124335186, 0.00031674543124],
      [0.27480517154, 0.001346721921, 0.00042135199171, 0.0058340416178, 0.58582932986, 0.13176338307],
      [0.013637532751, 0.0059651132685, 0.038367139787, 0.024613092244, 0.81226364123, 0.10515348072],
      [0.0022343101937, 0.0071561425572, 0.0050688608567, 0.9189325998, 0, 0.066608086597],
      [0.0024302076579, 0.023341953568, 0.2754042969, 0.15488222064, 0.45796221198, 0.085979109246],
      [5.3985166083e-05, 0.37764354883, 0.015839320355, 0.3279131792, 0.2030886467, 0.075461319747],
      [0.041006132458, 0.0095973911314, 0.063799893514, 0.31064255723, 0.22745213431, 0.34750189136]
    ],
    [
      [0, 0.00062536659412, 7.7016029827e-07, 0.99543683098, 0.0039370322697, 0],
      [0.63824836891, 0.0012398073881, 0.00039604815323, 0.0037644277526, 0.32138182986, 0.034969517943],
      [0.051904013814, 0.0098078860044, 0.064320565529, 0.0071527439941, 0.81704246819, 0.049772322465],
      [0, 0.00088999192485, 0.0050006975413, 0.99410931053, 0, 0],
      [0, 0.053998989657, 0.40451436078, 0.15227837165, 0.38431964981, 0.0048886281007],
      [0.00017080544928, 0.50611406564, 0.020638293194, 0.29064258106, 0.15474803216, 0.027686222488],
      [0.16545729402, 0.015277348138, 0.1037482069, 0.34291443388, 0.21679941626, 0.15580330081]
    ],
    [
      [2.3446729795e-05, 0.0011895859782, 8.393584125e-07, 0.87933214415, 0.11912156788, 0.00033241591039],
      [0.25625940474, 0.0024916913564, 0.00045499531545, 0.0037513687056, 0.64489674499, 0.092145794889],
      [0.0071583462684, 0.013813401989, 0.037225101276, 0.0025750341174, 0.86706139393, 0.072166722419],
      [3.6187200344e-05, 0.0016694962388, 0.00019378069998, 0.86947135413, 0.057598377082, 0.071030804649],
      [0.002481475579, 0.043304381722, 0.28535057754, 0.10002251998, 0.5082313831, 0.060609662079],
      [4.711927636e-05, 0.56874938831, 0.014630627451, 0.17906164407, 0.19239713325, 0.045114087643],
      [0.050852663305, 0.021747251012, 0.084096947889, 0.24232478416, 0.30906013138, 0.29191822226]
    ],
    [
      [5.8301979062e-05, 0.0031662314996, 3.1764346602e-06, 0.82577200224, 0.17026883698, 0.0007314508724],
      [0.42079554197, 0.0033282768134, 0.00087646198826, 0.001605279016, 0.47172584408, 0.10166859613],
      [0.03573630488, 0.023658172892, 0.080433804248, 0.0009493812372, 0.76705540527, 0.092166931468],
      [8.4860554318e-05, 0.0041876163875, 0.00069070381139, 0.76705235812, 0.077321905718, 0.15066255541],
      [0.0027687677297, 0.052681222633, 0.52153746157, 0.037802474927, 0.32675799222, 0.058452080917],
      [4.041572454e-05, 0.79928265848, 0.019452803723, 0.052678344434, 0.094895922856, 0.033649854784],
      [0.072318912745, 0.031871404863, 0.17847052171, 0.1139685265, 0.24161113894, 0.36175949525]
    ],
    [
      [3.4603150827e-05, 0.00049411025032, 1.0919045424e-06, 0.89032974425, 0.10884089927, 0.00029955117172],
      [0.36679960617, 0.00095906044364, 0.00055164806621, 0.0034326329843, 0.55123883834, 0.077018213994],
      [0.020740113823, 0.0041927607659, 0.054532398552, 0.0018321273175, 0.85156100818, 0.067141591357],
      [0.0052324744981, 0, 0.010303960435, 0.87127467764, 0.04347695473, 0.069711932698],
      [0.0036026614754, 0.01754468744, 0.37157846357, 0.096697703926, 0.45724484245, 0.053331641143],
      [0.00010732608903, 0.36211963737, 0.029414312728, 0.27414529255, 0.27165375107, 0.062559680196],
      [0.077240667871, 0.0091528880478, 0.11206786965, 0.24448157119, 0.28797812674, 0.2690788765]
    ],
    [
      [2.803099468e-05, 0.00055852401321, 3.9170640382e-06, 0.85587516461, 0.14278069709, 0.00075366622786],
      [0.25021387397, 0.00081661870007, 0.0015656227907, 0.0016607721238, 0.59207520808, 0.15366790434],
      [0.014725923501, 0.0048016866822, 0.098186706137, 0.0066715030302, 0.77617783704, 0.099436343608],
      [4.1269369972e-05, 0.00074263487302, 0.00086071792588, 0.77458692196, 0.065679823622, 0.15808863225],
      [0.0012463320568, 0.0079565584746, 0.6508167839, 0.025333124231, 0.2587069348, 0.055940266536],
      [6.5351134902e-05, 0.39736462851, 0.080011270914, 0.13602484001, 0.26986320713, 0.11667070229],
      [0.035607547002, 0.0056202427395, 0.23952300095, 0.08961568366, 0.2178435787, 0.41178994695]
    ],
    [
      [8.1760956503e-05, 0.0013184176289, 2.011202377e-06, 0.83505168315, 0.16321136041, 0.00033476665003],
      [0.47715460579, 0.0014706085104, 0.00057973588286, 0.0018948255522, 0.46938993906, 0.049510285201],
      [0.030848525616, 0.0089489888224, 0.064744998575, 0.0019288016944, 0.84361096947, 0.049917715824],
      [0.00012887931525, 0.0018898774241, 0.00047423251282, 0.8439065405, 0.080607362533, 0.072993107712],
      [0.0054424186774, 0.030147500752, 0.4282980849, 0.059720326952, 0.43786940853, 0.038522260189],
      [0.00014544514103, 0.54479249668, 0.031000734216, 0.15035374634, 0.23340598059, 0.040301597034],
      [0.13187197579, 0.01784846058, 0.14920944733, 0.17003375959, 0.31390016373, 0.21713619299]
    ],
    [
      [8.1998151468e-05, 0.0019872787955, 2.4310307132e-06, 0.80275098386, 0.19480528971, 0.00037201844921],
      [0.43193637741, 0.0020367560919, 0.00064271935908, 0.0016978800028, 0.51319157573, 0.050494691413],
      [0.027346745534, 0.010886039161, 0.065157385598, 0.0016806266003, 0.84939070038, 0.045538502725],
      [0.00013030143323, 0.0028717256797, 0.00057789209058, 0.81770221146, 0.097007751143, 0.081710118194],
      [0.0045865511373, 0.038219140968, 0.4333561608, 0.048980708824, 0.43883541001, 0.036022028253],
      [0.00011086639208, 0.61460288239, 0.028461837524, 0.11115785239, 0.2116089386, 0.034057622708],
      [0.11760667003, 0.024052142686, 0.16089066445, 0.14781568756, 0.33444623213, 0.21518860314]
    ],
    [
      [5.1122375346e-05, 0.0027751562999, 1.0261920575e-06, 0.73971964723, 0.25719922704, 0.00025382086172],
      [0.2753578766, 0.0028549087382, 0.00027363628699, 0.0015488884069, 0.68546604681, 0.034498643153],
      [0.014068829949, 0.01199086226, 0.0074693518362, 0.0007219808246, 0.93961656793, 0.026132407196],
      [0.0025313847022, 0.006087206505, 0, 0.81436311043, 0.1428478936, 0.034170404763],
      [0.0032132187617, 0.060063496869, 0.20797193698, 0.049802130632, 0.65155561383, 0.027393602928],
      [5.1484899956e-05, 0.69030677906, 0.0089776914367, 0.075338026487, 0.20808925711, 0.017236761004],
      [0.082004006557, 0.037394258175, 0.075925984881, 0.14959823511, 0.49174074654, 0.16333676873]
    ],
    [
      [0.00012698001686, 0.0020462498916, 1.8826291459e-06, 0.82981313234, 0.16750772902, 0.00050402610101],
      [0.58655838118, 0.0016564273163, 0.00039842677647, 0.0013053699768, 0.35523909327, 0.054842301488],
      [0.033844538647, 0.011327240009, 0.062399802833, 0.0039213005877, 0.81051741491, 0.077989703017],
      [0.00019365684427, 0.0028368872396, 0.00042938438372, 0.80947594295, 0.079937141074, 0.10712698751],
      [0.0082168889044, 0.045164516896, 0.39845702863, 0.054568201924, 0.43738327153, 0.056210092118],
      [0.00016516466461, 0.65402193026, 0.021276459925, 0.10473341764, 0.17538414087, 0.044418886649],
      [0.17537086109, 0.023057371287, 0.11778826777, 0.1349660974, 0.27026649742, 0.27855090503]
    ],
    [
      [5.6660094053e-05, 0.0011996274371, 1.1719243891e-06, 0.77767668784, 0.22058084461, 0.00048500809588],
      [0.32192480772, 0.00126891852, 0.0003220892713, 0.0016545916298, 0.60665340065, 0.068176192209],
      [0.01749914251, 0.005791694626, 0.02101028479, 0.00083828825073, 0.88968062586, 0.065179963965],
      [0.005111197386, 0.0030807617907, 0, 0.78044789543, 0.10481085971, 0.10654928568],
      [0.0038198773985, 0.027688879288, 0.25717498401, 0.055377508244, 0.59971321118, 0.056225539887],
      [9.6308079254e-05, 0.49305952163, 0.017312955798, 0.13236605342, 0.30141597984, 0.055749181235],
      [0.084013650703, 0.014801497388, 0.079826937045, 0.14294993982, 0.38750037312, 0.29090760192]
    ],
    [
      [5.7750899991e-05, 0.0024582817684, 1.951805002e-06, 0.76458038815, 0.23242851198, 0.00047311540086],
      [0.30807941432, 0.0025618929267, 0.00052444532148, 0.0016591908027, 0.62196008508, 0.065214971553],
      [0.015366426608, 0.010880630944, 0.047244280651, 0.00057587564005, 0.87335310602, 0.052579680138],
      [9.1541686311e-05, 0.0035435785203, 0.00046282207259, 0.77677470702, 0.11545525664, 0.10367209407],
      [0.0031840984251, 0.046603359479, 0.34283127096, 0.046394381569, 0.51585546275, 0.045131426814],
      [6.6183443992e-05, 0.63951933784, 0.019368315092, 0.090425709196, 0.21391967208, 0.036700782351],
      [0.078350648503, 0.028182367372, 0.12231173969, 0.13437863743, 0.37771688943, 0.25905971757]
    ],
    [
      [2.5818553813e-05, 0.0016424928956, 1.1548972582e-06, 0.83517923311, 0.16276495929, 0.00038634125456],
      [0.22002571944, 0.0027011978965, 0.00049082938961, 0.0028334350762, 0.68993036336, 0.084018454843],
      [0.00038678074795, 0.010990308664, 0.038076331078, 0.001524801384, 0.88501451673, 0.064007261401],
      [0, 0.0026379415316, 0, 0.83451436205, 0.079488019669, 0.083359676744],
      [0.0020781662514, 0.045418484324, 0.29792195647, 0.073189428375, 0.52775163236, 0.053640332224],
      [4.0929343179e-05, 0.59980769758, 0.015869103896, 0.13557071434, 0.20731318659, 0.041398368247],
      [0.046815423668, 0.025131669261, 0.09683923319, 0.19456657721, 0.35336421996, 0.28328287671]
    ],
    [
      [7.118953671e-05, 0.0025879068271, 2.0842963581e-06, 0.75462800037, 0.24194501206, 0.00076580690482],
      [0.33899082317, 0.0023348693127, 0.00048746350109, 0.0013785685102, 0.56511952072, 0.091688754784],
      [0.021443647196, 0.011843540727, 0.049409286467, 0.0030157813733, 0.84762207558, 0.066665668655],
      [0.00010648597041, 0.0035204596586, 0.00046636801807, 0.72332201879, 0.11328281158, 0.15930185598],
      [0.0036333427026, 0.045423223773, 0.34491497, 0.041038458751, 0.49763358992, 0.067356414861],
      [7.3143826573e-05, 0.6503886082, 0.018597397652, 0.077999178068, 0.19975709719, 0.053184575059],
      [0.080747759779, 0.024616517626, 0.10911452069, 0.10726693874, 0.32674302143, 0.35151124174]
    ],
    [
      [9.7645791984e-05, 0.0018434274033, 4.8765816611e-06, 0.74733702596, 0.25045996527, 0.000257058991],
      [0.46588525811, 0.0014247428859, 0.00098398143526, 0.0011495086808, 0.50439145423, 0.026165054657],
      [0.025062447791, 0.007355837446, 0.069228571919, 0.00065697238449, 0.87346262949, 0.024233540968],
      [0.0098902235537, 0.0073265557144, 0, 0.81216049642, 0.13842650905, 0.032196215254],
      [0.0033953290297, 0.021977728654, 0.58183094503, 0.027008749865, 0.35062769016, 0.015159557258],
      [0.0001193246914, 0.58971329578, 0.052227389538, 0.090502300455, 0.24637263385, 0.021065055687],
      [0.12113967758, 0.01836237522, 0.27468782963, 0.10918350682, 0.35504935514, 0.12157725561]
    ],
    [
      [2.1360394702e-05, 3.2797792602e-05, 5.1601453598e-07, 0.91169044838, 0.087896706109, 0.00035817130478],
      [0.37223267462, 0, 0.00029664589451, 0.0023227690261, 0.53004584716, 0.0951020633],
      [0.029775904112, 0, 0.056384845243, 0, 0.81862406748, 0.095215183166],
      [0.024999692655, 0, 0.00011911050126, 0.85441339324, 0.042474999513, 0.077992804093],
      [0.0041025495929, 0, 0.29489989934, 0.082048731805, 0.53909499478, 0.079853824483],
      [8.7371013671e-05, 0.58792037957, 0.018389785498, 0.14064066014, 0.19983640421, 0.053125399569],
      [0.058864846741, 0, 0.063252507453, 0.19728703493, 0.28175415529, 0.39884145558]
    ],
    [
      [5.3864998927e-05, 0.0020061929444, 3.0624164532e-06, 0.69884248347, 0.29874815086, 0.00034624530972],
      [0.25776011767, 0.0017938437856, 0.00071276204517, 0.0012330038749, 0.6974132356, 0.041087037029],
      [0.011478226599, 0.011443467874, 0.063062993376, 0.0024566289507, 0.89036576834, 0.021192914864],
      [9.0509511469e-05, 0.003070737525, 0.00077008732986, 0.75785248731, 0.15706004783, 0.081156130496],
      [0.002225713206, 0.028407801166, 0.41724088799, 0.029846516352, 0.49777893409, 0.024500147202],
      [6.1978717864e-05, 0.58711000289, 0.030699950268, 0.079011754699, 0.27625937035, 0.026856943076],
      [0.068002868415, 0.021129614226, 0.17943639637, 0.10738265766, 0.44823296163, 0.1758155017]
    ],
    [
      [0.00011927666133, 0.0025773008924, 7.0544903835e-06, 0.63070025886, 0.36619783362, 0.00039827548079],
      [0.38950048453, 0.0015577811988, 0.0011079524356, 0.00076098919324, 0.57510654741, 0.03196624524],
      [0.022616032755, 0.01288340165, 0.078021640142, 0, 0.87539977035, 0.0110791551],
      [0.0002055319327, 0.0040434043083, 0.0018185883362, 0.70105458562, 0.19743514814, 0.095442741662],
      [0.017509685042, 0.021910141509, 0.57498159187, 0.0018463692511, 0.36674041909, 0.017011793237],
      [0.0001114372829, 0.58381362931, 0.057310668829, 0.058452694492, 0.2751823284, 0.025129241685],
      [0.10510595194, 0.018839896688, 0.28673648474, 0.067805106562, 0.38181142744, 0.13970113263]
    ],
    [
      [3.1816719576e-05, 0.001719970488, 1.7221652208e-06, 0.7978115826, 0.20012385388, 0.00031105415175],
      [0.23446157847, 0.0023381222662, 0.00060694289846, 0.0022016819816, 0.704490333, 0.055901341381],
      [0.007912655533, 0.0092010374145, 0.050295029353, 0.00096122536375, 0.89201078096, 0.039619271375],
      [0, 0.0035947815694, 0.0029876206396, 0.82623369558, 0.10104941978, 0.066134482439],
      [0.0020275864589, 0.03773209909, 0.35693876516, 0.05439394075, 0.51483580538, 0.034071803158],
      [4.5740235039e-05, 0.6009274949, 0.021537319332, 0.11586293132, 0.23144183371, 0.030184680502],
      [0.054085439067, 0.0244625711, 0.13499043141, 0.17018322444, 0.40395825759, 0.21232007639]
    ],
    [
      [0.00016655903269, 0.0011010582882, 4.9149682089e-06, 0.58821142296, 0.40878638124, 0.0017296635101],
      [0.45915527207, 0.00044043875261, 0.00052778578903, 0.00038190663704, 0.44481584451, 0.094678752248],
      [0.035963125428, 0.0047665918565, 0.073128775209, 0.0078221902252, 0.81039362472, 0.067925692563],
      [0.00021998081219, 0.0013201224095, 0.00096949865008, 0.49229895976, 0.16758690909, 0.33760452928],
      [0.0043397334838, 0.0093754360831, 0.46737614823, 0.012398088126, 0.43071050089, 0.07580009319],
      [0.00018520795396, 0.40395441158, 0.048276481327, 0.052135911106, 0.36632488316, 0.12912310488],
      [0.10277725539, 0.0051411332983, 0.13643175605, 0.032632155269, 0.28348754867, 0.43953015132]
    ],
    [
      [6.8723330305e-05, 0.0019861276926, 1.9775927216e-06, 0.80887777797, 0.18855185411, 0.00051353930685],
      [0.38706583825, 0.002189272703, 0.00056183970855, 0.0018570001595, 0.53343448962, 0.074891559566],
      [0.024113810485, 0.010788009427, 0.05699249238, 0.0014461222811, 0.8410770622, 0.065582503226],
      [0.00010564418023, 0.0027762977357, 0.00045476912543, 0.79672714177, 0.090836643287, 0.1090995039],
      [0.0041867934443, 0.041611700011, 0.38337155062, 0.054266135483, 0.46240150424, 0.054162316209],
      [9.3249172022e-05, 0.61073293497, 0.023230374151, 0.11329611776, 0.20546757773, 0.04717974621],
      [0.096114428907, 0.02348322385, 0.12773724818, 0.14665625753, 0.31599216336, 0.29001667818]
    ],
    [
      [3.4700986076e-05, 0.00057959402825, 8.3107298512e-07, 0.87407840217, 0.12491679338, 0.00038967836441],
      [0.33127440965, 0.00101844927, 0.0003805495248, 0.0030330658874, 0.5735083308, 0.090785194861],
      [0.018334703984, 0.004765505155, 0.035924080194, 0, 0.86327765652, 0.077698054144],
      [0.0054999647213, 0.0013671344529, 0.00019016886532, 0.84328861317, 0.066853969377, 0.082800149414],
      [0.0036384396525, 0.020702799075, 0.28192366191, 0.095003337192, 0.52886122475, 0.069870537424],
      [9.7182891952e-05, 0.38285614697, 0.020190696015, 0.24179463276, 0.28159075155, 0.073470589812],
      [0.070772017072, 0.0098137507788, 0.077699591753, 0.21851524695, 0.30247844767, 0.32072094578]
    ],
    [
      [7.4516449541e-05, 0.0022092003153, 2.5449423991e-06, 0.76911825005, 0.22809855812, 0.00049693013205],
      [0.37097336512, 0.0021132039086, 0.000628830163, 0.0015142513614, 0.56182301551, 0.062947333939],
      [0.022324018609, 0.010430073731, 0.060321305733, 0, 0.85174503429, 0.055179567639],
      [0.00011719389381, 0.0031598717512, 0.00059873505883, 0.77552394742, 0.1123905019, 0.10820974998],
      [0.0041643652917, 0.038230448457, 0.41012183909, 0.041667117931, 0.46257798341, 0.043238245829],
      [8.9980998675e-05, 0.61657203352, 0.026628799087, 0.094859354537, 0.22125592492, 0.040593906935],
      [0.095421244416, 0.02379160782, 0.15017140327, 0.12569601435, 0.34858482113, 0.25633490902]
    ],
    [
      [5.5944529149e-05, 0.0021184936864, 2.3817086287e-06, 0.77158241739, 0.22575301753, 0.00048774515834],
      [0.30719534739, 0.0022570072424, 0.00065538565325, 0.0016942626151, 0.61931498086, 0.068883016239],
      [0.014985185523, 0.0099760890591, 0.058202821119, 0.00032481084338, 0.86107397213, 0.055437121324],
      [8.8077236036e-05, 0.0030331731515, 0.00056092277331, 0.77869119172, 0.11135725388, 0.10626938124],
      [0.0029186602178, 0.037951075821, 0.39702929508, 0.043794933481, 0.47429260366, 0.044013431736],
      [7.0046631639e-05, 0.60687715929, 0.025829250885, 0.098805381284, 0.22707199591, 0.041346165998],
      [0.074601625947, 0.023815124376, 0.14668501279, 0.13182194012, 0.36028897976, 0.26278731701]
    ],
    [
      [7.536506037e-05, 0.0011117305313, 1.1853824533e-06, 0.85660588533, 0.14182826556, 0.00037756813658],
      [0.49833570594, 0.0013320538347, 0.00036767354937, 0.002104694467, 0.43815968378, 0.059700188423],
      [0.034473481239, 0.0080042346174, 0.045284491644, 0.0014037361418, 0.84605144796, 0.064782608392],
      [0, 0.0028126392129, 0.0010913312444, 0.85092439409, 0.062520147899, 0.08265148755],
      [0.0065053856506, 0.033049684534, 0.33141448453, 0.07993107707, 0.49310558478, 0.055993783437],
      [0.00014844949137, 0.53300763084, 0.020287332134, 0.17191142998, 0.22448799066, 0.05015716689],
      [0.13399982021, 0.016383556542, 0.095935509856, 0.19110642095, 0.29627038474, 0.26630430771]
    ],
    [
      [8.1565422621e-05, 0.00063122242118, 2.9187983012e-06, 0.8798722462, 0.11903544246, 0.00037660470273],
      [0.56580797289, 0.00075745549993, 0.00090985794705, 0.0021184445721, 0.37072857492, 0.059677694164],
      [0.039869074708, 0.0024096297753, 0.080812930915, 0.020607124189, 0.76419232281, 0.092108917597],
      [0, 0, 0, 0.86341201459, 0.056651333166, 0.079936652248],
      [0.0049818597886, 0.013199970876, 0.5930509298, 0.05664453182, 0.29282846228, 0.039294245437],
      [0.00021017245448, 0.39534815285, 0.065538680824, 0.22685676222, 0.24674452055, 0.065301711106],
      [0.13272435168, 0.0084105829297, 0.21660135059, 0.17462238799, 0.22577524562, 0.2418660812]
    ],
    [
      [1.1147905621e-05, 0.00041246400106, 9.2222245984e-07, 0.90333269727, 0.09612286712, 0.00011990147883],
      [0.18195438434, 0.0012267004268, 0.00072297483071, 0.0049329965825, 0.76390629031, 0.04725665351],
      [0, 0.0044965622181, 0.064920069696, 0, 0.92091916041, 0.0096642076716],
      [0, 0.00059574599031, 0.00023663619369, 0.92517086633, 0.047792594119, 0.026204157366],
      [0, 0.022886542168, 0.38292995775, 0.092250748057, 0.47720141401, 0.024731338022],
      [0, 0.36269854016, 0.028713428208, 0.30173799136, 0.27819684106, 0.028653199206],
      [0.030240018538, 0.014247277127, 0.13189195408, 0.32249584694, 0.35385317205, 0.14727173126]
    ],
    [
      [3.8103947852e-05, 0.0011282434829, 1.1849661401e-06, 0.85609035452, 0.14250825528, 0.00023385780138],
      [0.33362680693, 0.0018661127766, 0.00050767791877, 0.002879830251, 0.61000860505, 0.051110967077],
      [0.020718520069, 0.011585180729, 0.050458770788, 0.0073940318493, 0.88220313364, 0.027640362925],
      [6.0712122103e-05, 0.0016352328279, 0.00028245712677, 0.87531682072, 0.071140100894, 0.051564676305],
      [0.0033707543018, 0.034248922434, 0.33757871385, 0.081167090814, 0.50809101114, 0.035543507459],
      [7.7301063353e-05, 0.53894951205, 0.020854381492, 0.1757469875, 0.23237900462, 0.031992813271],
      [0.08047044081, 0.019956354449, 0.11519363028, 0.22799005711, 0.35830765618, 0.19808186116]
    ],
    [
      [7.9385086302e-05, 0.0034669515823, 1.7377990564e-06, 0.71039842141, 0.28540368914, 0.00064981497903],
      [0.3329814469, 0.0027915102821, 0.00036207409268, 0.0011675423839, 0.59327416052, 0.069423265821],
      [0.019868741928, 0.012594242148, 0.02890086392, 0.00045271868078, 0.87912794743, 0.059055485897],
      [0.00012430114639, 0.0049377487316, 0.00040704470065, 0.71340151561, 0.13995989833, 0.14116949148],
      [0.0039266847333, 0.058925512838, 0.27517316286, 0.037796703062, 0.5686666959, 0.055511240606],
      [6.7373794387e-05, 0.69417153866, 0.012783882655, 0.061077929857, 0.19458679633, 0.037312478697],
      [0.09006024007, 0.033049359429, 0.09079748139, 0.1019212881, 0.38634480905, 0.29782682195]
    ],
    [
      [6.2233451563e-05, 0.0015560152266, 1.9479674427e-06, 0.75747114305, 0.24043492016, 0.00047374014564],
      [0.31962477926, 0.0015445569061, 0.00049933183382, 0.0015466025415, 0.61452739173, 0.062257337721],
      [0.017472862914, 0.0071844439459, 0.04619461206, 0.0009810959483, 0.87625466102, 0.051912324111],
      [9.9028636782e-05, 0.0022518374207, 0.00046368761734, 0.77294685124, 0.11985566384, 0.10438293124],
      [0.0034285183888, 0.029461626762, 0.34320007551, 0.045318142081, 0.53349864186, 0.045092995397],
      [9.1453250074e-05, 0.53049874873, 0.024806356432, 0.1136644029, 0.28383993973, 0.047099098958],
      [0.084042600231, 0.01769876764, 0.12135129058, 0.13071045357, 0.38804826112, 0.25814862686]
    ],
    [
      [6.4873677617e-05, 0.0014034836243, 2.4707350068e-06, 0.75970380916, 0.23842880905, 0.00039655375452],
      [0.33271088234, 0.0014000699595, 0.00063588739134, 0.0015716688168, 0.61135284014, 0.052328651354],
      [0.018564200582, 0.0055051128802, 0.058360069543, 0.0018609539955, 0.87556334172, 0.04014632128],
      [0.00010491014339, 0.0020641325557, 0.00059772037467, 0.78772900884, 0.12082151221, 0.088682715873],
      [0.0033182505026, 0.02466506456, 0.40339840056, 0.042569624456, 0.49098211635, 0.035066543567],
      [0.00010175001876, 0.50133792134, 0.033562926791, 0.1225462242, 0.3003651934, 0.04208598425],
      [0.088395081671, 0.016132617523, 0.15545128658, 0.13343493881, 0.3887651939, 0.21782088151]
    ],
    [
      [8.7832034028e-05, 0.0014995867275, 2.5316845932e-06, 0.76397570745, 0.23381939095, 0.00061495115208],
      [0.40289610716, 0.0012957866787, 0.00056712126348, 0.0013179292481, 0.52333538379, 0.07058767186],
      [0.02596318467, 0.0067397903103, 0.059103595879, 0.00055240615871, 0.84288785335, 0.064753169637],
      [0.00013508054251, 0.0020974434604, 0.00058241162684, 0.75318079544, 0.11260873426, 0.13139553467],
      [0.0043802788084, 0.02563300999, 0.40719083008, 0.040035195941, 0.46989931427, 0.052861370913],
      [0.00012783706921, 0.52332612477, 0.031962278166, 0.11056575697, 0.273520437, 0.060497566018],
      [0.10494226681, 0.014962858856, 0.13908687337, 0.11267567475, 0.33213278773, 0.29619953849]
    ],
    [
      [6.4674147648e-05, 0.0016140431609, 2.3559936476e-06, 0.79894921462, 0.1989562312, 0.00041348087337],
      [0.37016159837, 0.0017802989298, 0.00067124386254, 0.0018111641735, 0.56522004514, 0.06035564953],
      [0.022332657799, 0.0087735404669, 0.062724745894, 0.00077206033564, 0.85320240066, 0.052194594848],
      [0.00010205582838, 0.0023163174905, 0.00055614966583, 0.80837052873, 0.098366626841, 0.09028832144],
      [0.0036431971751, 0.031236007814, 0.42466028908, 0.048832104282, 0.45140884031, 0.040219561342],
      [9.7612934638e-05, 0.56256659541, 0.030810984278, 0.12305936065, 0.24126860463, 0.042196842098],
      [0.093305957053, 0.019599772389, 0.1567685345, 0.14713843716, 0.34294072644, 0.24024657245]
    ],
    [
      [0.00010196887944, 0.0020497511583, 2.2889527946e-06, 0.80951861218, 0.18776515222, 0.0005622266137],
      [0.48750895295, 0.0018666471638, 0.00053879630344, 0.0015100138231, 0.44080673279, 0.067768856967],
      [0.031833663708, 0.011630739897, 0.063824465028, 0.0014300135678, 0.82011689202, 0.071164225775],
      [0.00015501929246, 0.0028338277953, 0.00052053838626, 0.78863475085, 0.089424555207, 0.11843130847],
      [0.005807716361, 0.040135396893, 0.41835815037, 0.049820369305, 0.4306459888, 0.055232378266],
      [0.00013201379676, 0.62310700697, 0.025693246319, 0.10659329996, 0.19528627176, 0.049188161195],
      [0.13125837327, 0.022139281158, 0.1355429381, 0.13215530415, 0.28779185761, 0.29111224572]
    ],
    [
      [7.641487311e-05, 0.0028545464979, 2.3634357857e-06, 0.79228288281, 0.20428244344, 0.00050134894223],
      [0.40921932346, 0.0027805703113, 0.00060094714267, 0.0015091845586, 0.52061810787, 0.065271866658],
      [0.026909952074, 0.012563058151, 0.062953101877, 0, 0.83394369434, 0.063630193563],
      [0.00011850541421, 0.0040266475344, 0.0005482286342, 0.7879030801, 0.099160351837, 0.10824318648],
      [0.0043514401722, 0.052230175582, 0.41227642931, 0.043216661018, 0.44173376103, 0.046191532886],
      [7.7074150784e-05, 0.70136690715, 0.020697450561, 0.077918463826, 0.16578174237, 0.03415836195],
      [0.10238264983, 0.031609758265, 0.14507896063, 0.12735948546, 0.3235479549, 0.27002119092]
    ],
    [
      [0.00011082978228, 0.0016024355923, 2.0720803841e-06, 0.72453454416, 0.27320311914, 0.00054699924096],
      [0.42478591945, 0.001183524344, 0.00039513244059, 0.0011065708701, 0.51905190022, 0.053476952667],
      [0.027197263566, 0.0063010232263, 0.0425118762, 0.0027717168988, 0.86958012341, 0.051637996694],
      [0.00017654129722, 0.0023214808229, 0.00049375282287, 0.7400403325, 0.13634571342, 0.12062217913],
      [0.0055373555917, 0.027496133121, 0.33070800899, 0.039511956988, 0.54951606011, 0.047230485197],
      [0.00015482010609, 0.51271810151, 0.025074715667, 0.10380798947, 0.30653581563, 0.051708557623],
      [0.12908056153, 0.015689645235, 0.11110294035, 0.1080998534, 0.37960313678, 0.2564238627]
    ],
    [
      [0.00010190276724, 0.00056815573157, 1.3190902645e-06, 0.82771579379, 0.17128273098, 0.00033009764917],
      [0.52676719436, 0.00054774742534, 0.0003300999946, 0.00159677869, 0.4284943642, 0.042263815335],
      [0.032681185435, 0, 0.042569595205, 0, 0.87386427743, 0.05088494193],
      [0.00016138202942, 0.00081843002732, 0.00031251569039, 0.84129040663, 0.084970259677, 0.072447005948],
      [0.0079124479209, 0.0057983642715, 0.33601583129, 0.067473409061, 0.53869093583, 0.044109011628],
      [0.000264242938, 0.34078214367, 0.029639283985, 0.21436207273, 0.35712205947, 0.057830197204],
      [0.16868916493, 0.0078036669121, 0.099841878679, 0.16906499586, 0.33594364191, 0.2186566517]
    ],
    [
      [5.5231830905e-05, 0.0025141109242, 1.8380077521e-06, 0.77459345252, 0.22236718958, 0.00046817713752],
      [0.30769609224, 0.0027266602778, 0.00051438934217, 0.0017384717442, 0.6201064969, 0.067217889494],
      [0.015500546699, 0.011186832347, 0.046139898665, 0.00057356752488, 0.87221098515, 0.054388169618],
      [8.7176164279e-05, 0.0036086962309, 0.00043397689203, 0.78369035836, 0.10997805512, 0.10220173723],
      [0.0031761729657, 0.049702789037, 0.33694733367, 0.048698751398, 0.51490611723, 0.046568835697],
      [6.2669043616e-05, 0.65305062547, 0.018060665159, 0.09020693659, 0.20266578073, 0.035953323009],
      [0.077107776697, 0.029630038299, 0.11846815789, 0.13921271581, 0.37169654365, 0.26388476765]
    ],
    [
      [4.1832206864e-05, 0.0021041427447, 1.9241840858e-06, 0.79549588986, 0.20188886674, 0.0004673442612],
      [0.26812708571, 0.0026330461327, 0.00062106282833, 0.0020678644829, 0.64918739854, 0.077363542306],
      [0.0083019517785, 0.010612861368, 0.053704827257, 0.00057334071895, 0.86702054235, 0.059786476525],
      [6.5364562237e-05, 0.0029899306458, 0.00044977645012, 0.79665800053, 0.098854496566, 0.10098243125],
      [0.0025034021024, 0.043287586169, 0.36720209776, 0.052253635718, 0.48638725827, 0.048366019984],
      [5.4227769029e-05, 0.6209552982, 0.021601275095, 0.10620157315, 0.21018947595, 0.040998149834],
      [0.061323582414, 0.026068759135, 0.1303740303, 0.15081528907, 0.35463427382, 0.27678406526]
    ],
    [
      [0.00021257537127, 0.0034242085517, 2.6369870167e-06, 0.67164943765, 0.32400657073, 0.00070457071528],
      [0.56951837166, 0.0015486973061, 0.00031254543668, 0.00058385038912, 0.38545259145, 0.042583943756],
      [0.03390879662, 0.010631649727, 0.045364260232, 0, 0.84992261966, 0.060172673758],
      [0.00033394518151, 0.0048986187134, 0.00061969682061, 0.67927256302, 0.15909805745, 0.15577711882],
      [0.0085272675036, 0.050947644789, 0.35257020427, 0.01593296598, 0.52379096266, 0.048230954801],
      [0.00016718856423, 0.68909313939, 0.018037335178, 0.050485588352, 0.20488689821, 0.037329850315],
      [0.19581669868, 0.025333392289, 0.10853996095, 0.070560574418, 0.34392614557, 0.2558232281]
    ],
    [
      [4.2939946964e-05, 0.0016760095456, 1.5145554756e-06, 0.79296258141, 0.20492593775, 0.0003910167904],
      [0.27450935188, 0.0020863390279, 0.00048661680263, 0.0020288389827, 0.65644886431, 0.064439989002],
      [0.01097756269, 0.0094608694969, 0.040655857025, 0.001153845458, 0.88770924741, 0.050042617918],
      [6.8317239964e-05, 0.0024250255913, 0.0003604721048, 0.80893623961, 0.10216179651, 0.08604814895],
      [0.0028175252916, 0.03781550945, 0.31691142899, 0.056511037241, 0.54158379367, 0.044360705351],
      [6.382893824e-05, 0.57609680672, 0.019498883418, 0.12030585238, 0.24470977514, 0.039324853407],
      [0.06794004424, 0.022392358122, 0.11066700561, 0.1606963642, 0.38838409238, 0.24992013544]
    ],
    [
      [2.7467701842e-05, 0.00091344546715, 1.6191190862e-06, 0.78246072951, 0.21610739298, 0.0004893452183],
      [0.18632365483, 0.001186569858, 0.00054447906346, 0.0020703498194, 0.72581459149, 0.084060354943],
      [0, 0.0011160577033, 0.042454965527, 0.00084686544311, 0.89284054417, 0.062741567154],
      [0, 0.0013008411557, 0.00037920926452, 0.7859715348, 0.10600355346, 0.10634486133],
      [0, 0.019640145041, 0.32749093724, 0.052689307958, 0.54736217015, 0.052817439607],
      [0, 0.41476187331, 0.027439167216, 0.15459671774, 0.33875983746, 0.064442404277],
      [0.028277708102, 0.011540405876, 0.12534599204, 0.14907538022, 0.3881265997, 0.29763391406]
    ],
    [
      [7.2498157051e-05, 0.0023927704251, 1.9044548118e-06, 0.78048027004, 0.21662473211, 0.00042782481475],
      [0.37993353057, 0.0023970654725, 0.00049289921355, 0.0016126189077, 0.55883794574, 0.056725940097],
      [0.023720178431, 0.010922078487, 0.049608967697, 0, 0.86538128992, 0.050367485462],
      [0.00038057991724, 0.0034537686319, 0.00045214275963, 0.79401332918, 0.10770681748, 0.093993362033],
      [0.0041900882678, 0.047527023647, 0.35224683276, 0.049100306121, 0.50423800991, 0.042697739292],
      [8.5075403675e-05, 0.64862010599, 0.019368871116, 0.093730587205, 0.20423872958, 0.033956630702],
      [0.10211625883, 0.028302690486, 0.12341215836, 0.1403656462, 0.36356829752, 0.24223494861]
    ],
    [
      [4.377831204e-05, 0.0012683544551, 1.6740128006e-06, 0.80470906603, 0.19362423677, 0.00035289041714],
      [0.29172212197, 0.0016392929465, 0.00055835519077, 0.0021523571903, 0.64362040933, 0.060307463374],
      [0.013493945226, 0.0069336907418, 0.049924167364, 0.0012790942314, 0.88287828648, 0.045490815954],
      [6.9837364193e-05, 0.0018400991917, 0.00039948783814, 0.82304965582, 0.096787026835, 0.077853892952],
      [0.0028973070357, 0.028847347638, 0.35367757854, 0.058221538256, 0.5160099501, 0.040346278434],
      [7.7222188353e-05, 0.51213965866, 0.025578461747, 0.14574874459, 0.27435629748, 0.04209961533],
      [0.071856707614, 0.017559458186, 0.12683036625, 0.1699966779, 0.38023843446, 0.23351835559]
    ],
    [
      [8.1526359408e-05, 0.0028723855407, 2.1803037966e-06, 0.80319027952, 0.19340665932, 0.00044696895505],
      [0.43119320639, 0.0029047404936, 0.00056949959368, 0.0016612822186, 0.50382162031, 0.059849650993],
      [0.027850048764, 0.012640421292, 0.06126165136, 0.0008531328967, 0.83941189565, 0.05798285004],
      [0.00012731658067, 0.004079260689, 0.00050931836912, 0.80403254989, 0.094621395955, 0.096630158516],
      [0.0046637087644, 0.056587565572, 0.39920117087, 0.049629909421, 0.44575025502, 0.04416739035],
      [8.4468768405e-05, 0.70348100236, 0.019583458766, 0.084518557733, 0.16101856957, 0.031313942797],
      [0.1135029545, 0.033622750787, 0.13967379473, 0.14183027565, 0.32100369834, 0.250366526]
    ],
    [
      [8.9401150053e-05, 0.0015186389784, 2.3235320858e-06, 0.77586192152, 0.22185838871, 0.00066932611735],
      [0.41206981133, 0.0013417606819, 0.00053121359318, 0.0013904566631, 0.50618902308, 0.078477734654],
      [0.026896958561, 0.0070957348139, 0.05727412951, 0.0015353636058, 0.8375590383, 0.069638775212],
      [0.0001352150916, 0.0020886742011, 0.00052568437328, 0.75175947346, 0.10510998588, 0.14038096699],
      [0.0047077794608, 0.027433882217, 0.39274198943, 0.043683034739, 0.4705754652, 0.060857848959],
      [0.00013189000151, 0.52496674783, 0.029708576437, 0.11543032112, 0.26297011648, 0.066792348125],
      [0.10617856123, 0.015139564334, 0.12720060758, 0.11594263441, 0.31444793437, 0.32109069807]
    ],
    [
      [6.7132467566e-05, 0.0020880729966, 2.0595204271e-06, 0.72177394806, 0.2755280339, 0.00054075305294],
      [0.30572453394, 0.0018484566228, 0.00047052318679, 0.0013206226915, 0.62727210131, 0.063363762245],
      [0.015857062175, 0.0089539400721, 0.041891750633, 0.0012001705725, 0.88083414405, 0.051262932502],
      [0.00010720479604, 0.0030324505941, 0.00049198191169, 0.73903273354, 0.13785393567, 0.11948169348],
      [0.0033276604843, 0.035577638934, 0.32564687484, 0.039058627605, 0.55003440313, 0.04635479501],
      [8.0968153019e-05, 0.57805771449, 0.02151482847, 0.089249623134, 0.26695745242, 0.044139413329],
      [0.081824291304, 0.021468563149, 0.11585144689, 0.11302267476, 0.40186756727, 0.26596545663]
    ],
    [
      [5.1598632279e-05, 0.001639935957, 2.1056325359e-06, 0.78871916427, 0.20912574546, 0.0004614500473],
      [0.31201344807, 0.0018632721925, 0.00061954824903, 0.001822022887, 0.61422245948, 0.069459249129],
      [0.016342849845, 0.0084937682118, 0.056655588332, 0, 0.86006921543, 0.058438578184],
      [0.001496974864, 0.0029088254189, 0.00049425160919, 0.79184216915, 0.10275757053, 0.10050020842],
      [0.0029505206758, 0.032217217822, 0.38914044933, 0.048314203772, 0.481919425, 0.045458183402],
      [7.4932664857e-05, 0.56822002044, 0.026548521165, 0.11578041837, 0.24408770888, 0.045288398478],
      [0.074142738603, 0.019728018981, 0.13935164461, 0.142517358, 0.35723008372, 0.26703015608]
    ],
    [
      [5.0776052861e-05, 0.0016247421594, 1.8267204857e-06, 0.77060055102, 0.22719003949, 0.00053206455743],
      [0.28317806244, 0.0017714167712, 0.00051350502963, 0.0017480241523, 0.63604379162, 0.076745199981],
