{
  "X": [
    [2, 15, 21, 126, 10],
    [8, 35, 31, 175, 12],
    [18, 56, 31, 306, 11],
    [8, 11, 9, 69, 2],
    [62, 61, 101, 241, 10],
    [106, 250, 288, 940, 91],
    [28, 72, 103, 633, 22],
    [6, 5, 20, 54, 3],
    [0, 3, 2, 8, 0],
    [5, 5, 36, 80, 11],
    [12, 24, 33, 148, 8],
    [20, 52, 83, 506, 33],
    [11, 21, 106, 98, 13],
    [63, 108, 74, 599, 22],
    [1, 2, 2, 6, 0],
    [3, 6, 13, 56, 3],
    [9, 17, 16, 178, 6],
    [4, 30, 77, 156, 11],
    [14, 39, 77, 263, 21],
    [3, 3, 22, 26, 1],
    [31, 64, 112, 495, 41],
    [25, 30, 86, 320, 24],
    [40, 74, 67, 368, 33],
    [2, 14, 14, 164, 11],
    [14, 37, 81, 156, 18],
    [3, 3, 7, 13, 1],
    [0, 0, 3, 4, 2],
    [51, 107, 136, 596, 46],
    [14, 27, 47, 261, 14],
    [2, 5, 12, 26, 4],
    [17, 42, 84, 325, 16],
    [1, 1, 2, 4, 2],
    [8, 6, 67, 78, 22],
    [10, 14, 34, 167, 12],
    [8, 30, 44, 191, 15],
    [0, 1, 1, 13, 2],
    [8, 14, 24, 110, 6],
    [25, 56, 117, 567, 31],
    [11, 43, 32, 328, 17],
    [46, 116, 339, 1297, 84],
    [103, 144, 484, 1294, 132],
    [32, 28, 226, 245, 64],
    [46, 129, 190, 877, 47],
    [46, 55, 250, 718, 87],
    [21, 23, 34, 192, 15],
    [16, 49, 81, 393, 21],
    [20, 49, 70, 407, 25],
    [0, 3, 3, 23, 3],
    [1, 2, 1, 10, 1],
    [26, 50, 163, 375, 46],
    [28, 37, 112, 289, 38],
    [13, 37, 44, 206, 11],
    [36, 83, 251, 659, 71],
    [38, 64, 170, 495, 58],
    [76, 132, 371, 899, 105],
    [35, 129, 78, 634, 28],
    [0, 0, 2, 4, 1],
    [0, 3, 36, 91, 11],
    [106, 278, 487, 2284, 152],
    [25, 27, 79, 193, 26],
    [140, 222, 440, 1261, 115],
    [18, 25, 36, 220, 8]
  ],
  "W": [
    [22, 4, 24, 109, 10, 5],
    [34, 9, 33, 171, 10, 4],
    [57, 17, 36, 292, 10, 10],
    [19, 8, 7, 61, 3, 1],
    [58, 25, 125, 221, 21, 25],
    [133, 88, 310, 1016, 77, 51],
    [85, 19, 112, 597, 29, 16],
    [2, 5, 20, 59, 0, 2],
    [1, 0, 2, 10, 0, 0],
    [0, 5, 35, 86, 3, 8],
    [20, 12, 33, 149, 10, 1],
    [53, 18, 93, 472, 35, 23],
    [11, 9, 102, 115, 3, 9],
    [93, 51, 71, 598, 26, 27],
    [0, 1, 2, 8, 0, 0],
    [9, 2, 13, 54, 0, 3],
    [15, 8, 16, 174, 5, 8],
    [11, 2, 76, 180, 2, 7],
    [29, 15, 75, 270, 9, 16],
    [3, 1, 21, 26, 3, 1],
    [91, 26, 130, 432, 40, 24],
    [33, 17, 101, 298, 20, 16],
    [70, 39, 80, 349, 22, 22],
    [34, 3, 15, 139, 7, 7],
    [38, 11, 87, 142, 16, 12],
    [3, 1, 8, 12, 0, 3],
    [0, 0, 3, 4, 1, 1],
    [71, 43, 148, 598, 47, 29],
    [39, 13, 48, 243, 9, 11],
    [2, 1, 12, 29, 2, 3],
    [31, 9, 74, 343, 11, 16],
    [0, 0, 2, 7, 1, 0],
    [13, 7, 56, 71, 21, 13],
    [25, 8, 45, 144, 12, 3],
    [30, 11, 47, 170, 14, 16],
    [2, 0, 1, 12, 1, 1],
    [19, 4, 26, 102, 6, 5],
    [66, 18, 127, 527, 38, 20],
    [54, 9, 38, 300, 11, 19],
    [147, 35, 391, 1170, 66, 73],
    [165, 82, 536, 1151, 113, 110],
    [25, 11, 253, 217, 37, 52],
    [111, 23, 215, 840, 45, 55],
    [87, 33, 269, 631, 72, 64],
    [27, 15, 40, 178, 12, 13],
    [47, 13, 96, 368, 21, 15],
    [56, 13, 85, 374, 22, 21],
    [2, 1, 4, 22, 1, 2],
    [1, 0, 3, 7, 1, 3],
    [59, 17, 173, 331, 38, 42],
    [33, 17, 124, 277, 30, 23],
    [47, 14, 52, 173, 17, 8],
    [71, 19, 286, 604, 66, 54],
    [64, 23, 198, 448, 45, 47],
    [128, 43, 431, 814, 105, 62],
    [78, 38, 83, 658, 25, 22],
    [0, 0, 3, 3, 0, 1],
    [1, 3, 43, 85, 6, 3],
    [245, 107, 533, 2176, 156, 90],
    [23, 16, 96, 183, 19, 13],
    [135, 88, 481, 1280, 65, 129],
    [11, 17, 39, 230, 6, 4]
  ],
  "method": "mvn_pdf",
  "cond_prob": [
    [
      [0, 0.34448619781, 0.0011525877473, 0.65206028318, 0.0023009312581],
      [0.44875683608, 0.410145725, 0.01304358751, 0.12334095446, 0.0047128969477],
      [0, 0.0030945262886, 0.77410030447, 0.18082771342, 0.041977455822],
      [0, 0.041569267613, 0.016778278839, 0.92243059809, 0.01922185546],
      [0, 0.065826201977, 0.029480028484, 0.50509873522, 0.39959503432],
      [0.040994531137, 0.10342798552, 0.044085746791, 0.24510445726, 0.56638727929]
    ],
    [
      [0.00081172319616, 0.49474257952, 0.0012657100495, 0.50175670267, 0.0014232845706],
      [0.63625914288, 0.30381483535, 0.007399405665, 0.049608443031, 0.0029181730699],
      [0.00082342837166, 0.0063261609342, 0.80603777801, 0.13705997608, 0.049752656603],
      [0.00063429491847, 0.086446255497, 0.0224744741, 0.8699088488, 0.020536126682],
      [0.1191974992, 0.027456290013, 0.029837621106, 0.36236498816, 0.46114360152],
      [0.22961414151, 0.044695719334, 0.037403312699, 0.14818847116, 0.5400983553]
    ],
    [
      [0.0010374935071, 0.47021680304, 0.00054465870705, 0.52749983275, 0.00070121200103],
      [0.70482885416, 0.24544292856, 0.0039876617337, 0.044404313094, 0.0013362424589],
      [0.0015344921811, 0.0090201624214, 0.73997238262, 0.20999263661, 0.039480326167],
      [0.00046015311356, 0.081723786127, 0.012808328585, 0.89437747942, 0.010630252752],
      [0.19530736334, 0.031577687712, 0.022979311539, 0.45642355209, 0.29371208533],
      [0.38160922884, 0.0521264168, 0.029233336751, 0.18954417809, 0.34748683952]
    ],
    [
      [0.0014085628534, 0.36134331305, 0.003061009054, 0.6326890548, 0.0014980602415],
      [0.84755399405, 0.11299640206, 0.0075276141302, 0.030716083545, 0.0012059062127],
      [0.00065657320136, 0.0020774502167, 0.90596275607, 0.077107796036, 0.014195424478],
      [1.4374886591e-05, 0.0513778507, 0.037980582579, 0.89834787353, 0.012279318309],
      [0.24253188435, 0.018150208302, 0.053648298967, 0.41295153015, 0.27271807824],
      [0.45973681986, 0.027464166421, 0.06212018825, 0.15534984268, 0.2953289828]
    ],
    [
      [0.0073386669611, 0.585659827, 0.0016264566802, 0.40531929827, 5.5751082364e-05],
      [0.94432721321, 0.047119111874, 0.00099840913173, 0.0075552657813, 0],
      [0.0093533801625, 0.0055073163991, 0.76782610894, 0.18398685215, 0.033326342352],
      [0, 0.1106219917, 0.020340291825, 0.86030547741, 0.0087322390657],
      [0.72307814764, 0.015630543091, 0.0099893061272, 0.15106751809, 0.10023448505],
      [0.86449453461, 0.015585444632, 0.0078984697916, 0.040172566021, 0.071848984949]
    ],
    [
      [0.0015179572577, 0.651688212, 0.0013406328426, 0.34415463821, 0.0012985596878],
      [0.71612422092, 0.25446481902, 0.0043179030707, 0.023466448444, 0.0016266085444],
      [0.0019099141382, 0.0031928057447, 0.82203858955, 0.1223108661, 0.050547824467],
      [0.00088895880973, 0.13197437396, 0.028323105222, 0.81505524882, 0.023758313186],
      [0.25869594966, 0.03899899472, 0.029068177886, 0.27500851032, 0.39822836741],
      [0.41890856051, 0.055958968894, 0.031279078386, 0.097533903235, 0.39631948897]
    ],
    [
      [0.0013372941864, 0.3817163589, 0.0013347792715, 0.61499634864, 0.0006152190028],
      [0.77128521536, 0.17588213428, 0.0058070994344, 0.045758825044, 0.0012667258774],
      [0.0013637825108, 0.0049467199906, 0.7957048186, 0.16828283579, 0.029701843115],
      [0.00058527087794, 0.057679517187, 0.020240538631, 0.9124011672, 0.0090935061021],
      [0.2127120398, 0.022118185808, 0.031940408882, 0.45763496333, 0.27559440218],
      [0.41006946204, 0.036388572169, 0.040462235592, 0.18958152032, 0.32349820988]
    ],
    [
      [0.0030652050674, 0.42245872635, 0.0023660431344, 0.57028478443, 0.0018252410209],
      [0.92947087665, 0.055338179571, 0.0029477331451, 0.010878520949, 0.0013646896885],
      [0.0022816749336, 0.0032046161657, 0.88546118133, 0.075223146275, 0.033829381293],
      [0.0034300698583, 0.064066121012, 0.037369391586, 0.86696855244, 0.028165865102],
      [0.3322954998, 0.013608172061, 0.035158338131, 0.24229421162, 0.37664377838],
      [0.54925379316, 0.017199093226, 0.033255758895, 0.074715153409, 0.32557620131]
    ],
    [
      [0, 0.90989839315, 0.00035579460155, 0.089745812246, 0],
      [0.63015527116, 0.34238893367, 0.0044314106145, 0.021223424258, 0.0018009602956],
      [0, 0, 0.9332956481, 0.066704351904, 0],
      [1.0495431213e-35, 0.20901016068, 0.013305290921, 0.77768454839, 0],
      [0.14831516134, 0.052488588521, 0.032154177631, 0.29178136143, 0.47526071107],
      [0.29223137438, 0.074509193464, 0.035418705251, 0.098825547592, 0.49901517931]
    ],
    [
      [0.00085524963267, 0.33918775503, 0.0034119791522, 0.65385863334, 0.0026863828406],
      [0.72494882823, 0.19181016927, 0.018778259785, 0.058999357049, 0.0054633856687],
      [0, 0.0013122351223, 0.88967506935, 0.070120384819, 0.038892310712],
      [0, 0.043538410831, 0.048181601821, 0.87835216784, 0.029927819503],
      [0.081593333096, 0.010915542403, 0.049108862146, 0.27805454095, 0.58032772141],
      [0.14130948245, 0.027246370708, 0.059567116364, 0.10979246108, 0.6620845694]
    ],
    [
      [0.001382988742, 0.4699568525, 0.001683357875, 0.5255697157, 0.0014070851831],
      [0.78092750488, 0.17918601714, 0.0062579235314, 0.031929462914, 0.001699091526],
      [0.0010179670503, 0.0050268455472, 0.85178335125, 0.10895839308, 0.033213443069],
      [0.0001888409379, 0.080567785078, 0.029248917235, 0.8714571493, 0.018537307452],
      [0.21509431735, 0.024359341173, 0.038026133431, 0.3529286991, 0.36959150895],
      [0.3885367807, 0.036551452753, 0.044037166461, 0.13342292316, 0.39745167692]
    ],
    [
      [0, 0.36701392397, 0.0012055566271, 0.63066912361, 0.0011113957938],
      [0.62137551025, 0.28711592986, 0.0091269973386, 0.079630129312, 0.00275143324],
      [0, 0.0053922617868, 0.77549974954, 0.18063383075, 0.038474157931],
      [0, 0.053042120412, 0.018143601569, 0.91524396292, 0.0135703151],
      [0.1023615424, 0.025958595068, 0.030875061383, 0.4895704666, 0.35123433454],
      [0.22750377528, 0.040620142787, 0.043736336983, 0.22661439273, 0.46152535222]
    ],
    [
      [0.0018300432214, 0.57951582392, 0.0049008056999, 0.41168959528, 0.0020637318731],
      [0.78194429675, 0.18302459555, 0.012487416355, 0.0202068068, 0.0023368845421],
      [0.0016602385075, 0.0018809649762, 0.93310140265, 0.033155437631, 0.030201956237],
      [0.0019258580922, 0.10814676905, 0.085580394985, 0.77055673695, 0.033790240918],
      [0.1988874668, 0.022521029644, 0.064140539202, 0.21178077129, 0.50267019307],
      [0.32832116056, 0.031311624349, 0.069243808797, 0.073147943237, 0.49797546306]
    ],
    [
      [0, 0.49215064934, 0.0013460301041, 0.50589979052, 0.00060353003948],
      [0.80082743863, 0.16627881567, 0.0041818765073, 0.027909036554, 0.00080283263893],
      [0.00062451022029, 0.007940603533, 0.81682575225, 0.14585264874, 0.028756485255],
      [0, 0.085820412558, 0.023268687939, 0.88057054551, 0.010340353991],
      [0.30817513429, 0.028569348147, 0.031156068773, 0.37862120615, 0.25347824264],
      [0.52225581159, 0.041576940722, 0.034895626401, 0.13878085117, 0.26249077012]
    ],
    [
      [0.00048572999047, 0.97693467064, 3.8345564002e-05, 0.022539068768, 2.1850419504e-06],
      [0.98837179556, 0, 0.00015664362941, 0.011471560814, 0],
      [0, 0, 0.94145140315, 0.058548596849, 0],
      [0.0014535255554, 0.25, 0.014617568759, 0.73392890569, 0],
      [0.22223468811, 0.040895657344, 0.031052390235, 0.24363651913, 0.46218074518],
      [0.39727123843, 0.054586893997, 0.031209440057, 0.075811873684, 0.44112055383]
    ],
    [
      [0.0014350409891, 0.34848634095, 0.001932738436, 0.64582247743, 0.0023234021925],
      [0.89770068279, 0.07432612151, 0.0043792303315, 0.022092438283, 0.0015015270832],
      [0.00087338451465, 0.0025809237894, 0.86829754907, 0.096040075513, 0.032208067114],
      [0.00080141379707, 0.048571025385, 0.029014816564, 0.89889501002, 0.022717734235],
      [0.19498665782, 0.013617031935, 0.036147263283, 0.33216604283, 0.42308300413],
      [0.37901764059, 0.019527769445, 0.039726220365, 0.11818710128, 0.44354126832]
    ],
    [
      [0.00082166527087, 0.3606775858, 0.0011215321248, 0.63678444467, 0.00059477213723],
      [0.69925703115, 0.22798959449, 0.0067708574745, 0.064465018949, 0.0015174979295],
      [0.00088968061073, 0.0050022275549, 0.78208156175, 0.18469438583, 0.027332144249],
      [0.00069333156317, 0.053073094268, 0.016792634075, 0.92187742894, 0.0075635111492],
      [0.14483301363, 0.02313000333, 0.030520603958, 0.52917687058, 0.2723395085],
      [0.31682239022, 0.041939424616, 0.042647977683, 0.24060575197, 0.35798445551]
    ],
    [
      [0.00092012950833, 0.62653719789, 0.0021477655547, 0.36912669021, 0.0012682168358],
      [0.66014294614, 0.29929270936, 0.0095665369967, 0.028896170419, 0.0021016370807],
      [0.0010326030641, 6.8653419659e-05, 0.89322752884, 0.074016332205, 0.031654882466],
      [0.0014646968702, 0.12244984424, 0.047419295635, 0.80502165979, 0.023644503472],
      [0.15878525589, 0.037587451671, 0.053605060173, 0.29291240908, 0.45710982318],
      [0.28712841455, 0.055448696938, 0.061323711141, 0.10954989138, 0.48654928599]
    ],
    [
      [0.00073671679327, 0.45443761672, 0.0021894305299, 0.54110415539, 0.0015320805656],
      [0.63614152912, 0.29085269618, 0.013930402901, 0.055737678916, 0.0033376928837],
      [0.00027021502641, 0.0040856887465, 0.87075738289, 0.091119265645, 0.033767447693],
      [0, 0.075283486569, 0.036917386833, 0.8667397645, 0.021059362093],
      [0.11118717674, 0.023402986413, 0.049676409112, 0.35989078152, 0.45584264622],
      [0.21347259741, 0.038432735309, 0.062872789223, 0.14870099604, 0.53652088202]
    ],
    [
      [0, 0.41235455891, 0.0052817528348, 0.58188891034, 0.00047477792016],
      [0.96960941757, 0.021988001224, 0.0028814296223, 0.0054066335323, 0.0001145180488],
      [0, 0.0015533717083, 0.9471864557, 0.043627458024, 0.0076327145674],
      [0, 0.055781579356, 0.07188033515, 0.86501713763, 0.0073209478669],
      [0.41961101049, 0.081854785356, 0.059949658038, 0.26087027422, 0.1777142719],
      [0.77155755096, 0.012442096855, 0.041620054145, 0.059693615994, 0.11468668205]
    ],
    [
      [0.00096414917352, 0.3663661257, 0.0012989828831, 0.62997796958, 0.0013927726656],
      [0.71354119846, 0.21631811453, 0.0074282792843, 0.059989934996, 0.0027224727375],
      [0.00095290305096, 0.004344958596, 0.77875371799, 0.16859967118, 0.047348749184],
      [0.00029026616985, 0.053129452948, 0.019491044841, 0.91023343783, 0.016855798213],
      [0.1387731031, 0.018807043759, 0.028468518937, 0.41745701919, 0.39649431502],
      [0.27333311498, 0.031973397592, 0.037158409508, 0.17813263736, 0.47940244056]
    ],
    [
      [0.0017201462312, 0.35678040792, 0.0013163743605, 0.63872200101, 0.0014610704705],
      [0.81939175259, 0.13485537187, 0.0049077848053, 0.038990790581, 0.0018543001487],
      [0.0017322406695, 0.0036400737062, 0.78216951359, 0.16497662439, 0.047481547648],
      [0.00096159518276, 0.049798198815, 0.019638433871, 0.91185485054, 0.017746921595],
      [0.21490102174, 0.016170287905, 0.026131071151, 0.37588550913, 0.36691211007],
      [0.39087770459, 0.025174297962, 0.031195732236, 0.14663973878, 0.40611252643]
    ],
    [
      [0.0013314816792, 0.4831094547, 0.00097304234291, 0.5133890173, 0.0011970039851],
      [0.73036180147, 0.22450206787, 0.0043418327276, 0.038574004967, 0.002220292967],
      [0.0016873297521, 0.0079081325069, 0.74718492469, 0.17602931483, 0.067190298219],
      [0.00085728985594, 0.084288710985, 0.017137249209, 0.8773592228, 0.020357527152],
      [0.17848911614, 0.024585506977, 0.020890066617, 0.33621594067, 0.4398193696],
      [0.32098840592, 0.038021165299, 0.024876370226, 0.13095081626, 0.4851632423]
    ],
    [
      [0, 0.27158052079, 0.0012484500115, 0.72475224442, 0.0024187847763],
      [0.54346512947, 0.30853838427, 0.012457297371, 0.12982099777, 0.0057181911229],
      [0, 0.0021243776789, 0.75331465396, 0.19319296467, 0.051368003699],
      [0, 0.020339046524, 0.01578016923, 0.94401093285, 0.0198698514],
      [0, 0.061119548127, 0.024901961981, 0.47114611776, 0.44283237213],
      [0.0528006588, 0.079116738757, 0.036100534479, 0.22221767665, 0.60976439131]
    ],
    [
      [0.0011557727302, 0.51576248146, 0.0018605941547, 0.47979942619, 0.0014217254606],
      [0.68328639212, 0.26557525033, 0.008969781215, 0.03991453957, 0.00225403677],
      [0.0011151559736, 0.004503592008, 0.85947593427, 0.10020850717, 0.034696810576],
      [0.00098851714561, 0.092084866433, 0.033287634856, 0.85423086289, 0.019408118676],
      [0.1626856862, 0.029024424393, 0.04358982612, 0.3525647888, 0.41213527449],
      [0.29996427828, 0.045620301866, 0.052661848302, 0.1390502162, 0.46270335534]
    ],
    [
      [0, 0.54276343127, 0, 0.45236139796, 0.0048751707679],
      [0.95890490434, 0.03395265713, 0, 0.0054415005312, 0.0017009380007],
      [0, 0.0036632472403, 0.8575809837, 0.10698268882, 0.031773080235],
      [0, 0.080083064513, 0.0088936944893, 0.88477458672, 0.026248654278],
      [0.50590889109, 0.019668739515, 0.019880782906, 0.2496556134, 0.20488597309],
      [0.68036503189, 0.11581809899, 0.010875932166, 0.054772584792, 0.13816835216]
    ],
    [
      [0.00026415541208, 0.010811634086, 0.0030177542418, 0.98172017991, 0.004186276354],
      [0.77820923111, 0.16803100486, 0.0090976459255, 0.041659135177, 0.0030029829354],
      [0, 0, 0.94900549313, 0.033484422534, 0.017510084333],
      [0, 0, 0.029642461739, 0.94486508998, 0.025492448279],
      [0, 0, 0.019527492856, 0.090275243131, 0.89019726401],
      [0, 0, 0.014886180787, 0.029811129341, 0.95530268987]
    ],
    [
      [0.0012152727617, 0.5186667125, 0.0012221091082, 0.47776856213, 0.0011273434975],
      [0.70911376151, 0.24662550733, 0.0056095515631, 0.036857609397, 0.0017935702048],
      [0.0013351961741, 0.0066464903215, 0.80710287174, 0.14247902726, 0.042436414505],
      [0.00051121005734, 0.093215051099, 0.022901156525, 0.86614898282, 0.017223599497],
      [0.20061290681, 0.030822886548, 0.030920572751, 0.36759806122, 0.37004557267],
      [0.36171395244, 0.048096889828, 0.036987448176, 0.14387787054, 0.40932383901]
    ],
    [
      [0.00097446273467, 0.336368356, 0.0017760209664, 0.65949479205, 0.0013863682488],
      [0.73445109044, 0.19259946574, 0.0097247202259, 0.060690109172, 0.0025346144181],
      [0.00074245422272, 0.002636483205, 0.82811744426, 0.13437604162, 0.034127576687],
      [0.00038681707394, 0.044361797194, 0.025358915137, 0.91412004402, 0.015772426573],
      [0.13781838472, 0.016986085084, 0.038092437468, 0.43106494782, 0.3760381449],
      [0.2767392694, 0.02895439851, 0.049966198129, 0.18453876954, 0.45980136442]
    ],
    [
      [0.0011345087105, 0.61013868894, 0.0016726813116, 0.38561512213, 0.0014389989055],
      [0.75440725537, 0.21292983301, 0.0065621028036, 0.023809459404, 0.002291349418],
      [0.0024304919667, 0.0054926444156, 0.89283854271, 0.063791131499, 0.035447189409],
      [0.0049885692973, 0.11505908498, 0.037083195476, 0.81663199067, 0.026237159584],
      [0.14293173529, 0.026040306215, 0.037838408733, 0.2472361552, 0.54595339456],
      [0.26120861447, 0.037362326456, 0.041646845258, 0.087555559548, 0.57222665427]
    ],
    [
      [0.001714157565, 0.45163423554, 0.0026709079325, 0.54285845217, 0.0011222467948],
      [0.80237641862, 0.15628468403, 0.0095514653458, 0.030421435866, 0.0013659961398],
      [0.00084742324791, 0.0032483736625, 0.89998489965, 0.075187121876, 0.020732181567],
      [0.00049275304893, 0.074574400838, 0.045121769559, 0.86433028105, 0.015480795503],
      [0.24388181684, 0.022368051437, 0.060194803891, 0.34648349919, 0.32707182864],
      [0.42569060916, 0.032958052351, 0.068340393153, 0.12857144687, 0.34443949847]
    ],
    [
      [0.019354712996, 0.85027273414, 0.00047515130697, 0.11921172695, 0.010685674603],
      [0.93269571791, 0.06023243757, 0.0018918748807, 0.0041969778128, 0.00098299183019],
      [0.0040019117082, 0.021834068096, 0.73874904298, 0.030763744349, 0.20465123287],
      [0.0028174517035, 0.13510464834, 0.073543579921, 0.56129181514, 0.2272425049],
      [0.97227401466, 0.010599325457, 0.0076968545868, 0.0094298052971, 0],
      [0.54865533701, 0.021709134683, 0.021041005069, 0.027005957172, 0.38158856606]
    ],
    [
      [0.00037339613383, 0.26823600705, 0.0096685897288, 0.71764515585, 0.0040768512381],
      [0.70379712004, 0.16225639857, 0.057402433723, 0.06994773137, 0.0065963163043],
      [0, 0, 0.94524789421, 0.033807021871, 0.020945083921],
      [0, 0.015826815337, 0.11983763338, 0.82963778607, 0.034697765207],
      [0.060329505582, 0.0052139707267, 0.14227790272, 0.28178355583, 0.51039506514],
      [0.13858818406, 0.011072295703, 0.15710009958, 0.11277293432, 0.58046648634]
    ],
    [
      [0.0015793974276, 0.30330802712, 0.0010578681329, 0.69249495156, 0.0015597557545],
      [0.82234541051, 0.12550210638, 0.0037868142888, 0.046108908057, 0.0022567607656],
      [0.00202498687, 0.0027207357602, 0.70428492251, 0.2237098369, 0.067259517967],
      [0.0016950702612, 0.035242690704, 0.013716641768, 0.93135975029, 0.017985846977],
      [0.17152606501, 0.012720977851, 0.017541908107, 0.3888935144, 0.40931753463],
      [0.32940815777, 0.021083388745, 0.021579319223, 0.1564286905, 0.47150044376]
    ],
    [
      [0, 0.41550520941, 0.0014372433231, 0.58174107839, 0.0013164688694],
      [0.45017799525, 0.4356329041, 0.013614157053, 0.097731172537, 0.0028437710644],
      [0, 0.0047240422987, 0.81763684333, 0.15141667979, 0.02622243458],
      [0, 0.06286758748, 0.022155756717, 0.90193866964, 0.013037986167],
      [0.068501781795, 0.030142223487, 0.041943689524, 0.54785772041, 0.31155458478],
      [0.1305635692, 0.088210674003, 0.064031565049, 0.27228492977, 0.44490926198]
    ],
    [
      [0, 0.26543643236, 0.0011814439654, 0.73191414438, 0.0014679792978],
      [0.90666752445, 0.038345126449, 0.0027567950305, 0.040696539864, 0.011534014203],
      [0, 0.0022355000872, 0.8549292321, 0.098023566932, 0.044811700884],
      [0, 0.037105903754, 0.010950431308, 0.93290108364, 0.019042581298],
      [0, 0.011985761749, 0.0058429352813, 0.18621312964, 0.79595817333],
      [0, 0.0096350284012, 0.0054597690004, 0.057122010986, 0.92778319161]
    ],
    [
      [0, 0.38878317304, 0.0013832075825, 0.60814252386, 0.0016910955199],
      [0.88250237882, 0.090105946394, 0.0033689513289, 0.02294905476, 0.0010736686941],
      [0, 0.0057863216623, 0.82212623586, 0.1374602684, 0.03462717408],
      [0, 0.057667639458, 0.022226903661, 0.90286904403, 0.017236412847],
      [0.30552099219, 0.017169410211, 0.028102552762, 0.34765686357, 0.30155018126],
      [0.52737290632, 0.023427175496, 0.029840325639, 0.12018903528, 0.29917055727]
    ],
    [
      [0.00097875664283, 0.3568104069, 0.0015157526318, 0.63974145405, 0.00095362977159],
      [0.71138561483, 0.21550008751, 0.0087200710534, 0.062337051394, 0.0020571752122],
      [0.00091597707346, 0.0037194533642, 0.80827475737, 0.15520904921, 0.03188076298],
      [0.00060884906467, 0.050512862495, 0.022296863016, 0.91462982303, 0.011951602391],
      [0.14849521319, 0.020236007155, 0.036074249159, 0.46867375991, 0.32652077059],
      [0.30252251741, 0.03549470927, 0.048541829158, 0.20619641215, 0.40724453202]
    ],
    [
      [0.00056442616618, 0.38609253494, 0.00060427290979, 0.61177909339, 0.00095967259567],
      [0.59394233909, 0.3162955853, 0.006643194015, 0.080723453439, 0.0023954281519],
      [0.00078618076621, 0.0069534292077, 0.72264611963, 0.22808495234, 0.041529318061],
      [0.00021795145293, 0.059478086628, 0.011771480556, 0.9170654295, 0.011467051864],
      [0.10409610393, 0.025599430171, 0.023734070444, 0.5225258059, 0.32404458956],
      [0.23072223615, 0.048162779765, 0.034447843646, 0.24751457749, 0.43915256294]
    ],
    [
      [0, 0.33613525707, 0.0014462372838, 0.66133648543, 0.0010820202231],
      [0.63737508518, 0.26506664215, 0.010548201116, 0.084261250949, 0.0027488205983],
      [0, 0.0034534740257, 0.78930570875, 0.17234085406, 0.034899963166],
      [0, 0.044220707392, 0.020460597371, 0.92258327804, 0.012735417196],
      [0.10738996933, 0.019607827367, 0.03437464596, 0.4992333167, 0.33939424065],
      [0.227453891, 0.040111399139, 0.049206279461, 0.23393540703, 0.44929302337]
    ],
    [
      [0.00091501287108, 0.36121384311, 0.0017745627308, 0.63477931693, 0.0013172643597],
      [0.70163783179, 0.2220576012, 0.010529129662, 0.063068925375, 0.0027065119803],
      [0.00062018087656, 0.0028265703069, 0.82559572099, 0.135082932, 0.035874595821],
      [6.7023329822e-05, 0.051265791927, 0.026245464041, 0.90641731372, 0.016004406983],
      [0.13581661665, 0.018764531098, 0.039189132809, 0.42612617612, 0.38010354332],
      [0.26870801987, 0.03226029439, 0.051705463144, 0.18406112073, 0.46326510186]
    ],
    [
      [0.0018231896188, 0.40836886337, 0.0024952031515, 0.58527353082, 0.0020392130414],
      [0.79374252055, 0.15817797093, 0.0084829704426, 0.036659334032, 0.0029372040479],
      [0.0028183983338, 0.0032161455861, 0.84725617917, 0.097490155878, 0.049219121029],
      [0.002146786459, 0.062071121338, 0.036760111714, 0.87182850946, 0.027193471031],
      [0.1725639177, 0.015348773773, 0.036061928722, 0.28458131404, 0.49144406576],
      [0.30114384881, 0.023073037352, 0.041870352133, 0.10737700858, 0.52653575312]
    ],
    [
      [0.0010881116502, 0.46178850182, 0.0011451198704, 0.53540109739, 0.00057716927116],
      [0.69491514892, 0.25081131842, 0.0058916121569, 0.046995037682, 0.0013868828197],
      [0.001317093016, 0.0070537022458, 0.78928909236, 0.17053147208, 0.031808640306],
      [0.0007383969502, 0.078877444296, 0.019518704278, 0.89131158921, 0.0095538652613],
      [0.19109440888, 0.030691703584, 0.031481090264, 0.45668161448, 0.29005118279],
      [0.37079080628, 0.051238002205, 0.040506710965, 0.192234877, 0.34522960355]
    ],
    [
      [0, 0.29881325304, 0.0029355076086, 0.69650508762, 0.0017461517368],
      [0.71740288223, 0.19296422685, 0.013235571086, 0.072730167609, 0.003667152224],
      [0, 0, 0.8342191551, 0.12684555087, 0.038935294032],
      [0, 0.031746726092, 0.029155179045, 0.91973457924, 0.019363515623],
      [0.10894003865, 0.016080253138, 0.042415144607, 0.40636244093, 0.42620212267],
      [0.22628159537, 0.022585392332, 0.053938685655, 0.1761233346, 0.52107099204]
    ],
    [
      [0.001842195431, 0.38013377355, 0.001012144216, 0.61542861034, 0.0015832764633],
      [0.83029391497, 0.13035424194, 0.0036530943598, 0.03394108541, 0.00175766332],
      [0.0020127855357, 0.0051409321588, 0.76037293085, 0.17952741697, 0.052945934491],
      [0.00080967125327, 0.056352862589, 0.01638599119, 0.90776817629, 0.018683298681],
      [0.23537172053, 0.017232029842, 0.021649733811, 0.36111525846, 0.36463125735],
      [0.41898141907, 0.02598794613, 0.025111939953, 0.13669969849, 0.39321899635]
    ],
    [
      [0.00081022950754, 0.41114520941, 0.0010327321904, 0.58613229721, 0.00087953168323],
      [0.6533837434, 0.27467741313, 0.0067973673039, 0.063123030197, 0.0020184459697],
      [0.0010097751322, 0.0065748439033, 0.76583702239, 0.18904574533, 0.03753261324],
      [0.00063029533772, 0.065813171303, 0.016720349481, 0.9051291586, 0.011707025277],
      [0.1366056845, 0.026358753145, 0.028641520217, 0.48347453238, 0.32491950976],
      [0.28468827184, 0.046760194459, 0.039212075249, 0.2161530361, 0.41318642236]
    ],
    [
      [0.0010399876132, 0.38922217465, 0.00091468044356, 0.60778056057, 0.0010425967194],
      [0.71600707071, 0.22097300755, 0.0053681710858, 0.055668058888, 0.0019836917627],
      [0.0013171796827, 0.0063660964708, 0.74289665443, 0.204432435, 0.044987634417],
      [0.00069223357595, 0.060111254661, 0.014800050287, 0.91114615395, 0.013250307529],
      [0.16031414425, 0.022622493101, 0.024126307045, 0.45430812757, 0.33862892804],
      [0.32075723669, 0.038594610951, 0.031751356298, 0.19525745165, 0.41363934441]
    ],
    [
      [0, 0.4076594538, 0.0001791205986, 0.59000736436, 0.0021540612355],
      [0, 0.84447261423, 0.015824236982, 0.13248824782, 0.0072149009672],
      [0, 0.0081133824645, 0.71144339574, 0.21362037592, 0.066822845877],
      [0, 0.053629165388, 0.0044507453466, 0.91548374425, 0.026436345018],
      [0, 0.030555045364, 0.011674365633, 0.39072045838, 0.56705013062],
      [0, 0.048679132209, 0.014226587795, 0.15082634398, 0.78626793602]
    ],
    [
      [0.0054627618761, 0.67789410267, 0.0029157382795, 0.31119786451, 0.0025295326657],
      [0.16749687459, 0.75888994562, 0.00045719625494, 0.072668371069, 0.0004876124668],
      [0.016868028518, 0.03421126436, 0.26840107128, 0.64648251055, 0.034037125291],
      [0.03766460242, 0.099358407348, 0.020994239842, 0.82305102378, 0.018931726605],
      [0.051507195101, 0.064080833303, 0.0053328455516, 0.78393895045, 0.095140175591],
      [0.20959124684, 0.15329413984, 0.013196174476, 0.40135282897, 0.22256560988]
    ],
    [
      [0, 0.39215963813, 0.002073349002, 0.60439606629, 0.0013709465809],
      [0.6633792183, 0.25664746826, 0.013152091713, 0.063943294204, 0.0028779275219],
      [0, 0.0036342318721, 0.85382092105, 0.11137599925, 0.03116884783],
      [0, 0.058831639447, 0.031770769132, 0.89273695583, 0.016660635592],
      [0.12175867401, 0.021061651557, 0.047373239747, 0.41855200104, 0.39125443365],
      [0.24037437325, 0.038029449048, 0.062541900353, 0.18058666188, 0.47846761547]
    ],
    [
      [0.0018278002441, 0.42430530255, 0.0018179509672, 0.57031959726, 0.0017293489772],
      [0.79982823884, 0.15729175872, 0.0063728352525, 0.03413857315, 0.0023685940426],
      [0.0017755633986, 0.0044570253596, 0.82380358882, 0.11799285526, 0.05197096716],
      [0.001694327894, 0.06733020595, 0.028659037757, 0.87842034539, 0.023896083013],
      [0.19484359279, 0.017427278024, 0.030842666341, 0.30128161758, 0.45560484527],
      [0.33946939392, 0.026000373225, 0.035486563313, 0.11335214326, 0.48569152628]
    ],
    [
      [0.00088672234596, 0.41729668804, 0.001067531124, 0.58021174056, 0.00053731792899],
      [0.60391822163, 0.31631100556, 0.007407156943, 0.070615698279, 0.0017479175911],
      [0.0010562615429, 0.0068551919537, 0.77127520842, 0.19089480847, 0.02991852961],
      [0.0012354938474, 0.067379100212, 0.01657058149, 0.90618434983, 0.0086304746242],
      [0.12245088399, 0.029663550845, 0.030642172486, 0.53234016608, 0.2849032266],
      [0.26914223541, 0.055170862714, 0.044023434022, 0.2494028792, 0.38226058865]
    ],
    [
      [0.00081622640666, 0.42811213454, 0.0014150042456, 0.56847240751, 0.0011842272998],
      [0.65667783585, 0.27328800197, 0.0088922307317, 0.058617354445, 0.0025245769973],
      [0.00067744495276, 0.0054381792352, 0.8106807202, 0.14438878609, 0.038814869526],
      [7.8386223062e-05, 0.069412158988, 0.023229745107, 0.89141105379, 0.015868655891],
      [0.13445869457, 0.024890502688, 0.03537819808, 0.42397247497, 0.38130012969],
      [0.26573704939, 0.042380184128, 0.046484615178, 0.18213104952, 0.46326710179]
    ],
    [
      [0.001118613441, 0.41045593774, 0.0013438396594, 0.58574895557, 0.0013326535931],
      [0.72050915213, 0.21938274058, 0.0070485564483, 0.050549713253, 0.0025098375825],
      [0.0011264195077, 0.0053569615463, 0.79305044234, 0.15305306999, 0.047413106619],
      [0.0005548503522, 0.064836357849, 0.021491239361, 0.89530260382, 0.017814948617],
      [0.15565135486, 0.021170745551, 0.029747513181, 0.38768138641, 0.405749],
      [0.29533581386, 0.034573759546, 0.037471841552, 0.15965290813, 0.47296567691]
    ],
    [
      [0.0014252754822, 0.44405845013, 0.0014049269324, 0.55175261029, 0.0013587371659],
      [0.75653072854, 0.19601716542, 0.006017765555, 0.039345501105, 0.0020888393847],
      [0.0013797678427, 0.0056654971002, 0.80312820138, 0.14253611426, 0.047290419413],
      [0.00060968314647, 0.073450883215, 0.023397697062, 0.88358131494, 0.018960421637],
      [0.19484407104, 0.022359323695, 0.029939680669, 0.35587887544, 0.39697804915],
      [0.35059925695, 0.034729082183, 0.035867076781, 0.13948825492, 0.43931632917]
    ],
    [
      [0.00090544444616, 0.56184286181, 0.00085692650153, 0.43566686907, 0.00072789817632],
      [0.595412888, 0.35314117169, 0.0053006542473, 0.044581504031, 0.0015637820298],
      [0.0012807790281, 0.0095025383576, 0.77755838402, 0.17362603398, 0.038032264615],
      [0.0015056127378, 0.10376484014, 0.017714016687, 0.86469402151, 0.012321508922],
      [0.1657686998, 0.043573325796, 0.028918794265, 0.43659135615, 0.32514782399],
      [0.32102137515, 0.072799255209, 0.037072552788, 0.18315800815, 0.3859488087]
    ],
    [
      [0.00051084835602, 0.2503680408, 0.00077370033685, 0.74734166032, 0.0010057501854],
      [0.76570978326, 0.16370054351, 0.0050635685528, 0.062932228005, 0.0025938766723],
      [0, 0, 0.66666666667, 0.30975360317, 0.023579730165],
      [0, 0, 0, 0.99744469546, 0.002555304544],
      [5.2503810807e-05, 0.0018834705185, 0.018935738603, 0.55761820831, 0.42151007875],
      [0, 0, 0, 0.078405104128, 0.92159489587]
    ],
    [
      [0, 0.24195604269, 0.0016745013175, 0.75404213743, 0.0023273185682],
      [0, 0.63929356736, 0.16002723227, 0.18789344441, 0.012785755964],
      [0, 0, 0.77569270199, 0.15889255878, 0.065414739226],
      [0, 0.0064020444847, 0.022181784768, 0.94228616911, 0.029130001642],
      [0, 0.02460809805, 0.027578908185, 0.37621206071, 0.57160093306],
      [0, 0.04944696191, 0.037510820658, 0.16610025446, 0.74694196297]
    ],
    [
      [0, 0.40455238567, 0.0014076381221, 0.592907417, 0.0011325592052],
      [0.62201230701, 0.29537444381, 0.0098877004983, 0.069995688736, 0.0027298599493],
      [0, 0.0055994651258, 0.80220041127, 0.15472170379, 0.037478419811],
      [0, 0.062760714845, 0.02212538708, 0.90044199775, 0.014671900321],
      [0.11552246797, 0.024700051127, 0.035385144232, 0.45547455003, 0.36891778665],
      [0.23803531275, 0.043050684808, 0.048437785691, 0.20406287891, 0.46641333784]
    ],
    [
      [0.0026757565543, 0.4524900398, 0.001473482327, 0.54166695466, 0.0016937666538],
      [0.85697402581, 0.11572602238, 0.0032795641844, 0.022414051337, 0.0016063362841],
      [0.0030900057352, 0.0058082718729, 0.7718267345, 0.14624755572, 0.073027432181],
      [0.0020623758081, 0.074183654802, 0.022785355171, 0.8751305522, 0.025838062021],
      [0.26293121372, 0.016428528018, 0.019771595622, 0.25478337391, 0.44608528872],
      [0.42747113862, 0.022751366579, 0.020991542675, 0.088730362775, 0.44005558935]
    ],
    [
      [0.0016031158777, 0.52898200982, 0.0014440260221, 0.46672959324, 0.0012412550428],
      [0.76576170835, 0.19897423814, 0.0051459655876, 0.028576822256, 0.0015412656726],
      [0.0010488183647, 0.005725529808, 0.82698877892, 0.12569067681, 0.040546196101],
      [0, 0.096097218336, 0.027108554478, 0.85779922594, 0.018995001246],
      [0.25394006917, 0.028908488594, 0.032659148446, 0.32872196668, 0.35577032711],
      [0.42934854955, 0.042172284118, 0.036812515316, 0.12146970521, 0.37019694581]
    ],
    [
      [0.0019185043914, 0.44731363918, 0.0011771762029, 0.54855755519, 0.0010331250363],
      [0.82952199283, 0.13867872366, 0.003538756755, 0.027105038737, 0.0011554880183],
      [0.0019877953929, 0.0062804139018, 0.79736567484, 0.15674295891, 0.03762315695],
      [0.00042869986389, 0.074806031647, 0.019804733345, 0.8898793061, 0.015081229046],
      [0.28605945995, 0.023039026168, 0.026279583457, 0.36496616087, 0.29965576956],
      [0.49613520624, 0.033363522202, 0.029216176989, 0.13251711723, 0.30876797734]
    ]
  ],
  "expected_outcome": [
    [
      [0, 0.027598588669, 0.059137129906, 0.026762694215, 0.42564268375, 0.20188831528, 0.11367000585, 0.0061304101347, 0, 0, 0.027659774839, 0, 0.020130475436, 0, 0, 0.012915368902, 0.012324979063, 0.010121424592, 0.021364787005, 0, 0.087737574791, 0.056764825629, 0.093203717542, 0, 0.043919363748, 0, 0, 0.086284366082, 0.038004046652, 0.002269017421, 0.053138884515, 0, 0.0048541497398, 0.039484935691, 0, 0, 0, 0.064597938427, 0.030479012974, 0, 0.15097712373, 0.045579740469, 0.12078039318, 0, 0.049739276638, 0.038080786854, 0.058239306342, 0, 0.0054627618761, 0, 0.060317408055, 0.04167595026, 0.057952074873, 0.071591260226, 0.18243526172, 0.070624666801, 0, 0, 0, 0.061542400749, 0.21642064349, 0.021103548305],
      [7.5786963519, 16.8212477036, 26.8023577732, 6.865522948, 33.9682699662, 86.6745321964, 32.4458905062, 0.84491745269, 0.90989839315, 0, 9.3991370501, 19.4517379703, 6.3746740632, 45.7700103888, 0, 3.1363770686, 5.4101637869, 6.8919091768, 13.178690885, 1.2370636767, 33.3393174386, 11.7737534615, 33.8176618288, 9.233737707, 19.5989742955, 1.6282902938, 0, 36.8253365874, 13.1183658841, 1.2202773779, 14.0006613017, 0, 3.4870680917, 7.582700678, 12.4651562824, 0.53087286472, 7.3868802878, 23.5494868555, 20.8489968867, 49.4118827889, 59.6002841126, 10.2092215843, 51.2585237022, 25.9967530144, 10.2636118859, 19.3238248422, 21.7964417804, 0.81531890761, 0.67789410267, 23.1374186497, 14.0020749841, 19.6129443378, 30.3959615524, 26.2691800154, 56.8394816166, 43.8237432212, 0, 0.24195604269, 99.1153344889, 10.4072709154, 71.4125713259, 4.9204500309],
      [0.025356930441, 0.043034141684, 0.031045546302, 0.058159172026, 0.094334487451, 0.17830416807, 0.11345623808, 0.0047320862687, 0.00035579460155, 0, 0.0336671575, 0.063894501234, 0.053908862699, 0.12518079968, 0, 0.017394645924, 0.016822981872, 0.023625421102, 0.063493485367, 0.015845258504, 0.11820744237, 0.043440353897, 0.068112964004, 0.042447300392, 0.07070257788, 0, 0, 0.086769746681, 0.06926481769, 0.0033453626232, 0.082798145908, 0, 0.12569166647, 0.026446703321, 0.043117299693, 0.0023628879308, 0.026280944067, 0.1000396737, 0.032630737129, 0.21259688071, 0.29280285057, 0.062380078788, 0.12710830561, 0.25538916194, 0.027327893831, 0.048538412947, 0.051222104839, 0.00035824119721, 0.0029157382795, 0.12232759112, 0.059992381918, 0.05017396283, 0.10046530144, 0.0860057382, 0.17983064734, 0.066840267119, 0, 0.0016745013175, 0.34487133992, 0.033890093522, 0.19494351299, 0.012948938232],
      [14.34532623, 17.0597278906, 30.0674904665, 12.0210920412, 23.5085192998, 45.7725668818, 52.2746896347, 1.1405695689, 0.089745812246, 0, 10.5113943139, 33.4254635514, 4.5285855481, 47.0486805179, 0, 5.8124022969, 9.5517666701, 4.0603935923, 15.6920205062, 1.745666731, 57.3279952317, 21.0778260335, 35.9372312107, 24.6415763102, 18.2323781954, 1.3570841939, 0, 33.9215679115, 25.7202968899, 0.77123024426, 16.8286120172, 0, 9.329387026, 17.3123737891, 17.4522323518, 1.4638282888, 11.5547079533, 42.2229359674, 33.0360710431, 97.2164633576, 104.7385872938, 14.6318382704, 59.4295218099, 60.5959426226, 16.6165724791, 27.5482179689, 34.0357113921, 1.1800147287, 0.31119786451, 35.659367911, 18.8205467097, 27.2699518065, 40.361540933, 37.4879331562, 70.6243341172, 33.9820157871, 0, 0.75404213743, 145.2623171659, 12.4583399573, 63.0084950869, 6.0341331071],
      [0.050620487679, 0.048391675399, 0.039969084059, 0.028463144588, 0.0032335627771, 0.17270843848, 0.052293615238, 0.0036504820418, 0, 0, 0.028141703661, 0.058903977074, 0.022701050604, 0.056128293671, 0, 0.020910619733, 0.0089215820585, 0.013950385194, 0.044430336404, 0.0014243337605, 0.12674231257, 0.048215325525, 0.083790278954, 0.082238682393, 0.054025567502, 0.014625512304, 0, 0.080041388324, 0.054068361702, 0.002877997811, 0.034789650639, 0, 0.052999066095, 0.038993893862, 0.039494066083, 0.0029359585955, 0.032130814878, 0.062939564925, 0.051822320166, 0.1590569728, 0.21734861935, 0.050980326036, 0.064065789099, 0.1519152011, 0.04274846451, 0.041337989112, 0.058385416285, 0.004308122471, 0.0025295326657, 0.080885848272, 0.057068516249, 0.025253942663, 0.084080138283, 0.08528982996, 0.17391835723, 0.056776057753, 0, 0.0023273185682, 0.27747700527, 0.038956633037, 0.16756943078, 0.011364375399]
    ],
    [
