{
  "X": [
    [12, 20, 30, 50, 11],
    [5, 1, 8, 64, 5],
    [53, 77, 209, 687, 60],
    [11, 26, 51, 374, 22],
    [45, 43, 168, 579, 51],
    [34, 94, 172, 839, 60],
    [9, 24, 33, 337, 23],
    [20, 30, 71, 282, 34],
    [48, 101, 227, 848, 57],
    [45, 45, 162, 646, 60],
    [3, 8, 4, 79, 5],
    [0, 1, 6, 13, 3],
    [9, 13, 35, 193, 17],
    [0, 7, 13, 96, 12],
    [4, 11, 14, 165, 11],
    [1, 5, 16, 91, 5],
    [9, 16, 41, 296, 23],
    [2, 15, 22, 140, 13],
    [19, 5, 72, 59, 24],
    [2, 4, 6, 111, 10],
    [0, 1, 0, 25, 1],
    [1, 5, 23, 94, 8],
    [4, 12, 19, 125, 7],
    [4, 8, 16, 82, 7],
    [1, 5, 15, 115, 17],
    [47, 32, 141, 333, 51],
    [13, 22, 47, 109, 11],
    [50, 45, 146, 345, 55],
    [3, 3, 14, 92, 4],
    [3, 0, 6, 17, 1],
    [9, 15, 9, 181, 3],
    [22, 35, 69, 680, 50],
    [1, 4, 19, 77, 7],
    [12, 62, 91, 631, 29],
    [14, 13, 69, 145, 23],
    [8, 16, 22, 187, 16],
    [20, 32, 108, 469, 63],
    [14, 18, 63, 131, 21],
    [0, 0, 8, 26, 3],
    [3, 9, 17, 93, 14],
    [11, 10, 37, 161, 27],
    [12, 16, 56, 196, 21],
    [26, 22, 102, 243, 26],
    [48, 59, 178, 516, 66],
    [1, 3, 6, 39, 6],
    [3, 10, 21, 117, 13],
    [33, 42, 90, 350, 38],
    [31, 16, 79, 264, 17],
    [8, 4, 14, 56, 7],
    [24, 35, 131, 459, 45],
    [9, 28, 89, 359, 42],
    [0, 2, 5, 26, 2],
    [32, 42, 87, 456, 39],
    [0, 3, 8, 83, 5],
    [7, 18, 72, 162, 30],
    [27, 25, 192, 118, 40],
    [68, 50, 329, 317, 79],
    [31, 23, 308, 106, 39],
    [29, 28, 171, 135, 41],
    [33, 34, 201, 120, 33],
    [33, 19, 182, 114, 42],
    [35, 45, 223, 346, 41],
    [3, 3, 9, 38, 1],
    [6, 2, 32, 21, 25],
    [50, 36, 169, 283, 75],
    [0, 1, 16, 44, 3],
    [15, 33, 65, 257, 14],
    [1, 6, 12, 36, 14],
    [5, 6, 14, 60, 16],
    [0, 0, 0, 5, 0],
    [1, 0, 5, 10, 1],
    [263, 299, 1086, 3930, 386],
    [23, 40, 104, 310, 27],
    [78, 193, 426, 1159, 133],
    [2, 20, 38, 132, 2]
  ],
  "W": [
    [7, 22, 25, 42, 23, 4],
    [2, 3, 8, 62, 6, 2],
    [34, 96, 199, 629, 81, 47],
    [8, 25, 60, 360, 19, 12],
    [29, 61, 157, 519, 85, 35],
    [37, 131, 166, 746, 73, 46],
    [16, 26, 41, 314, 21, 8],
    [15, 46, 53, 261, 44, 18],
    [45, 108, 208, 788, 90, 42],
    [38, 49, 167, 582, 86, 36],
    [6, 9, 1, 75, 2, 6],
    [1, 3, 5, 12, 2, 0],
    [10, 15, 29, 165, 33, 15],
    [2, 8, 9, 98, 5, 6],
    [5, 15, 15, 156, 6, 8],
    [5, 3, 16, 85, 2, 7],
    [12, 28, 40, 274, 13, 18],
    [3, 12, 20, 134, 9, 14],
    [5, 10, 65, 64, 25, 10],
    [6, 5, 3, 107, 6, 6],
    [4, 0, 0, 21, 1, 1],
    [6, 8, 21, 89, 1, 6],
    [5, 8, 17, 117, 11, 9],
    [4, 9, 14, 73, 10, 7],
    [17, 5, 14, 102, 9, 6],
    [42, 41, 120, 292, 85, 24],
    [4, 23, 46, 101, 24, 4],
    [39, 35, 135, 330, 79, 23],
    [5, 6, 14, 85, 3, 3],
    [0, 0, 5, 16, 3, 3],
    [3, 11, 13, 168, 11, 11],
    [27, 65, 64, 630, 47, 23],
    [5, 9, 21, 65, 4, 4],
    [21, 73, 98, 560, 37, 36],
    [11, 28, 66, 120, 23, 16],
    [8, 17, 23, 172, 14, 15],
    [46, 39, 114, 431, 41, 21],
    [5, 18, 55, 118, 33, 18],
    [2, 3, 8, 24, 0, 0],
    [7, 10, 23, 75, 5, 16],
    [12, 17, 39, 147, 20, 11],
    [15, 22, 57, 170, 25, 12],
    [10, 19, 106, 208, 47, 29],
    [29, 54, 181, 459, 112, 32],
    [5, 3, 7, 35, 1, 4],
    [6, 16, 25, 102, 10, 5],
    [17, 48, 106, 314, 47, 21],
    [13, 33, 71, 220, 45, 25],
    [4, 8, 14, 47, 10, 6],
    [28, 55, 135, 401, 45, 30],
    [21, 59, 92, 312, 21, 22],
    [2, 2, 5, 24, 0, 2],
    [29, 54, 85, 410, 49, 29],
    [6, 3, 8, 70, 3, 9],
    [15, 20, 79, 145, 18, 12],
    [12, 23, 190, 106, 54, 17],
    [28, 52, 324, 270, 117, 52],
    [15, 22, 320, 75, 48, 27],
    [14, 32, 175, 113, 52, 18],
    [10, 37, 198, 91, 64, 21],
    [21, 21, 188, 90, 50, 20],
    [27, 48, 230, 297, 69, 19],
    [1, 5, 8, 33, 5, 2],
    [1, 9, 37, 16, 11, 12],
    [22, 52, 152, 252, 90, 45],
    [1, 2, 17, 38, 3, 3],
    [11, 37, 62, 229, 20, 25],
    [2, 6, 13, 28, 10, 10],
    [14, 3, 16, 54, 9, 5],
    [0, 0, 0, 5, 0, 0],
    [0, 1, 6, 8, 2, 0],
    [214, 401, 1039, 3578, 497, 235],
    [11, 41, 104, 283, 44, 21],
    [64, 199, 431, 1059, 134, 102],
    [1, 33, 27, 123, 3, 7]
  ],
  "method": "mult",
  "cond_prob": [
    [
      [0.004896946921, 0.064660951195, 0.0096409836362, 0.41148045063, 0.50932066762],
      [0.011054742823, 0.63885531597, 0.060464643831, 0.25334091683, 0.036284380553],
      [0.014952227019, 0.065859616186, 0.87037821826, 0, 0.048809938535],
      [0.0072650414993, 0.029225261494, 0.025957243992, 0.93217767913, 0.0053747738822],
      [0.4757929678, 0.081074473039, 0.23733878071, 0.029713030903, 0.17608074755],
      [0.025085337894, 0.18847303077, 0.073459822447, 0.42781861027, 0.28516319862]
    ],
    [
      [0.0056526796291, 0.012198080582, 0.0042581087045, 0.35638828639, 0.6215028447],
      [0.050220028051, 0.29341910025, 0.071227203948, 0.49786764713, 0.087266020624],
      [0.045279322073, 0, 0.84969364217, 0.025047645339, 0.079979390423],
      [0.011505998817, 0, 0, 0.97475414374, 0.013739857441],
      [0.61511067736, 0, 0.14451603553, 0.042776394436, 0.19759689267],
      [0.035881994585, 0.047673269042, 0.05657841013, 0.45091202227, 0.40895430397]
    ],
    [
      [0.0053838071336, 0.047440121266, 0.0072503970836, 0.45826756624, 0.48165810827],
      [0.013536138145, 0.54344864212, 0.059468409824, 0.34268883841, 0.040857971495],
      [0.02158063876, 0.04285661666, 0.86494973215, 0.020347508143, 0.050265504289],
      [0.0073034498812, 0.0057488214437, 0.015715562306, 0.96604325545, 0.0051889109179],
      [0.5095850209, 0.051929359769, 0.218095496, 0.054342072456, 0.16604805088],
      [0.028780372645, 0.14606835507, 0.071674438143, 0.47720648068, 0.27627035346]
    ],
    [
      [0.003511853162, 0.049139271418, 0.0043311872981, 0.38976710956, 0.55325057856],
      [0.009154442736, 0.59711852875, 0.040196556454, 0.30535779081, 0.048172681253],
      [0.03237197801, 0.095255686436, 0.76403666516, 0.029642283811, 0.078693386586],
      [0, 0.0048308332452, 0, 0.98650268408, 0.0086664826772],
      [0.45014915733, 0.067713860929, 0.18468673731, 0.060129846445, 0.23732039799],
      [0.020657619703, 0.16149317481, 0.050765722668, 0.43216233119, 0.33492115162]
    ],
    [
      [0.0042540413632, 0.037494724634, 0.0067970803835, 0.47236531539, 0.47908883823],
      [0.011922226927, 0.48319772261, 0.064331838792, 0.39561564037, 0.044932571309],
      [0.02005147555, 0.028528284398, 0.87298838117, 0.028216929189, 0.050214929695],
      [0, 0, 0.0080684837198, 0.989581346, 0.002350170279],
      [0.47230631048, 0.044697679027, 0.23661810683, 0.064885368737, 0.18149253492],
      [0.024435968728, 0.11883852968, 0.071982415083, 0.50373768546, 0.28100540104]
    ],
    [
      [0.0033524452907, 0.046306344216, 0.0061009882029, 0.46914821807, 0.47509200422],
      [0.0082994600014, 0.53788213901, 0.054297826188, 0.35920111843, 0.040319456378],
      [0.0055620288715, 0.052599406746, 0.8603169887, 0.029369509741, 0.052152065946],
      [0, 0.0026676969193, 0.0010891794146, 0.99442486141, 0.0018182622533],
      [0.42419172019, 0.061260995982, 0.24595717368, 0.070463048526, 0.19812706162],
      [0.019552997769, 0.14414019404, 0.066983186097, 0.49404525314, 0.27527836895]
    ],
    [
      [0.0026518378272, 0.047895034675, 0.0030726527744, 0.40928148906, 0.53709898567],
      [0.0071786800219, 0.58616808547, 0.0358451873, 0.32374354337, 0.047064503835],
      [0.001391048946, 0.12644026777, 0.67600277632, 0.11351551773, 0.082650389232],
      [0, 0, 0, 0.99440887939, 0.0055911206123],
      [0.40858534236, 0.073807091993, 0.18735580735, 0.071684427304, 0.25856733099],
      [0.016699964727, 0.15741366409, 0.046034612771, 0.4537833399, 0.32606841851]
    ],
    [
      [0.0033309813987, 0.035594047908, 0.0078995873254, 0.39014638336, 0.56302900001],
      [0.010170099279, 0.50384233893, 0.07299232542, 0.354491071, 0.058504165375],
      [0.013506987717, 0.032477286029, 0.87654767698, 0.016474053029, 0.060993996241],
      [0.0028421100767, 0.0013521265559, 0.03143218335, 0.95285060625, 0.011522973764],
      [0.40158361662, 0.047198122458, 0.26123927906, 0.054164868897, 0.23581411296],
      [0.019715027882, 0.11880128399, 0.076028011532, 0.4383793172, 0.34707635939]
    ],
    [
      [0.0044211861239, 0.060613600745, 0.0080364817621, 0.48981058066, 0.43711815071],
      [0.0094223698137, 0.59029875094, 0.055958649558, 0.31299640444, 0.031323825248],
      [0.01584684887, 0.051436364383, 0.87094618156, 0.020618366065, 0.041152239122],
      [0.00102602534, 0.012873503687, 0.017554835623, 0.96697307607, 0.0015725592788],
      [0.46318898121, 0.069397531737, 0.24956759199, 0.060944766454, 0.1569011286],
      [0.023613567679, 0.17693476932, 0.074850586985, 0.48586855059, 0.23873252543]
    ],
    [
      [0.0039636810386, 0.041993980211, 0.0050695407666, 0.45598105509, 0.4929917429],
      [0.010875809772, 0.52168276563, 0.053415409838, 0.36914208411, 0.044883930655],
      [0.019591953476, 0.050728616607, 0.82848094019, 0.043123491673, 0.058074998052],
      [0, 0, 0, 0.99658081657, 0.0034191834347],
      [0.46756405043, 0.053013971968, 0.2159977221, 0.066977320439, 0.19644693507],
      [0.023169468726, 0.1336359076, 0.062718923795, 0.48925138548, 0.2912243144]
    ],
    [
      [0.009926509852, 0.05890030895, 0.0097853711841, 0.44747153011, 0.4739162799],
      [0.020500089377, 0.60249299285, 0.066756089181, 0.27914691759, 0.031103911002],
      [0.021178478746, 0.029760820349, 0.90960664522, 0.013062576338, 0.026391479345],
      [0.01392292657, 0.01461414303, 0.020822569477, 0.94797052908, 0.0026698318405],
      [0.6965955348, 0.033324521962, 0.16134903717, 0.0277020584, 0.081028847667],
      [0.049558515903, 0.17194843653, 0.091080923322, 0.4394320311, 0.24798009314]
    ],
    [
      [2.4287289707e-32, 0.0080907248472, 0.0068033827741, 0.20207810735, 0.78302778503],
      [0, 0.31240512087, 0.1765888937, 0.39263494484, 0.11837104059],
      [6.5682943451e-19, 0, 0.89715293253, 0.0083695920935, 0.094477475378],
      [0, 0, 0.025756021186, 0.95410571672, 0.020138262093],
      [0, 0.027346956275, 0.33429650962, 0.064450248503, 0.5739062856],
      [0, 0.05076145557, 0.056741708889, 0.32713305417, 0.56536378137]
    ],
    [
      [0.0013731461532, 0.040770283759, 0.0053173438819, 0.48698359678, 0.46555562943],
      [0.0046795656995, 0.51159049472, 0.055700911392, 0.38802643319, 0.040002594992],
      [0.0069831672701, 0.038393060073, 0.86957950797, 0.035898148877, 0.049146115808],
      [0, 0, 0, 1, 0],
      [0.25878414616, 0.056220107428, 0.23944896203, 0.25600634032, 0.18954044407],
      [0.011579091925, 0.12998516362, 0.06611276081, 0.52136746576, 0.27095551788]
    ],
    [
      [0, 0.02841980792, 0.0048461740957, 0.23650974769, 0.73022427029],
      [0, 0.56232004946, 0.062714558703, 0.28213328061, 0.092832111222],
      [0, 0.035906872389, 0.8506681967, 0.013547850391, 0.099877080524],
      [0, 0.011139152597, 0.028919447465, 0.9281417928, 0.031799607141],
      [0, 0.070359663223, 0.32725918179, 0.06307719338, 0.53930396161],
      [0, 0.11300047772, 0.060362608561, 0.31245032421, 0.51418658951]
    ],
    [
      [0.0036434025679, 0.037176016017, 0.0040986314639, 0.37469053383, 0.58039141612],
      [0.036965693705, 0.5457369358, 0.015575768975, 0.34400374891, 0.057717852609],
      [0.02044102957, 0.047159070763, 0.8213578029, 0.028490539319, 0.082551557452],
      [0, 0.00382197808, 0, 0.98541894798, 0.010759073939],
      [0.49007047016, 0.049235260409, 0.17029223058, 0.055402620102, 0.23499941875],
      [0.022532414635, 0.12862995981, 0.050468735145, 0.43517017522, 0.36319871519]
    ],
    [
      [0.0025132544282, 0.0608995483, 0.0070785483411, 0.48120500711, 0.44830364182],
      [0.0052732148572, 0.63217623727, 0.047550533858, 0.28679834823, 0.028201665787],
      [0.0017550717395, 0.060059796892, 0.87364827259, 0.024781504473, 0.039755354301],
      [0, 0.0044562211799, 0.0097253866231, 0.9858183922, 0],
      [0.42164254121, 0.077463507746, 0.26093951352, 0.067925362391, 0.17202907514],
      [0.014321121864, 0.18633014009, 0.07072091503, 0.48666596952, 0.24196185349]
    ],
    [
      [0.0041171804169, 0.02907085862, 0.0053728522131, 0.40179249939, 0.55964660936],
      [0.013766896086, 0.457011015, 0.062433937806, 0.40403029506, 0.062757856056],
      [0.035987561623, 0.014681866874, 0.85269823246, 0.026430312688, 0.070202026356],
      [0.0013209595995, 0, 0.0048708267074, 0.98454476273, 0.0092634509655],
      [0.48578257827, 0.036620664676, 0.20121448852, 0.056537425323, 0.21984484321],
      [0.024916768435, 0.099527664497, 0.062725074886, 0.46156542898, 0.3512650632]
    ],
    [
      [0.0012256587556, 0.053474666185, 0.0053426503984, 0.3595270973, 0.58042992736],
      [0, 0.63913633972, 0.0452196524, 0.26815348896, 0.047490518919],
      [0, 0.065682130441, 0.84183059488, 0.020954524332, 0.071532750343],
      [0, 0.01719866164, 0.0093456873138, 0.96279315954, 0.010662491501],
      [0.2218136693, 0.10444059317, 0.28012574337, 0.071342252034, 0.32227774213],
      [0, 0.18655080841, 0.059376466569, 0.40200876476, 0.35206396027]
    ],
    [
      [0.0070330563119, 0.015468740715, 0.010577130644, 0.27616451806, 0.69075655427],
      [0.02778784096, 0.36289513769, 0.10626962926, 0.39097195439, 0.1120754377],
      [0, 0, 0.90045479915, 0, 0.099545200848],
      [0.083098696831, 0.0049999093819, 0.095023954677, 0.78562714521, 0.031250293902],
      [0.5198712475, 0.015315995206, 0.21727074464, 0, 0.24754201265],
      [0.037185852411, 0.059081083895, 0.084155439399, 0.34293205725, 0.47664556705]
    ],
    [
      [0, 0.031939393855, 0.005434846988, 0.34773840829, 0.61488735087],
      [0.0065163678393, 0.51629770889, 0.061881869906, 0.34920623559, 0.06609781777],
      [0.0085541586368, 0.029725750511, 0.87464599168, 0.019980158873, 0.067093940297],
      [0, 0.00077468334322, 0.010112091756, 0.97411121411, 0.015002010794],
      [0.31113741124, 0.066512304829, 0.26039374552, 0.061998297238, 0.29995824118],
      [0.012488536246, 0.1092888157, 0.064947883746, 0.41761803381, 0.3956567305]
    ],
    [
      [0, 0.028390778898, 0, 0.82130258054, 0.15030664056],
      [0, 1, 0, 0, 0],
      [1.9428902931e-16, 0.67772333037, -0, 0.17718545548, 0.14509121415],
      [0, 0, 0, 1, 0],
      [0, 0.48089389745, 0, 0.23522723067, 0.28387887187],
      [1.6653345369e-16, 0.40554298695, 0, 0.47956244715, 0.11489456589]
    ],
    [
      [0.0027947871335, 0.029859272825, 0.0082877528025, 0.39725958413, 0.56179860311],
      [0.0091306850657, 0.47618850351, 0.075600719064, 0.38136964681, 0.057710445552],
      [0.016061816105, 0.016883116475, 0.89422822643, 0.016771412624, 0.056055428366],
      [0, 0, 0.032120699577, 0.95985134547, 0.0080279549571],
      [0.46776803966, 0.03638092714, 0.23736520732, 0.053115910066, 0.20536991581],
      [0.017519936468, 0.10340166032, 0.078427917659, 0.45556666652, 0.34508381904]
    ],
    [
      [0.0027107090804, 0.076692690369, 0.0066939121963, 0.48289211661, 0.43101057175],
      [0.0049301918638, 0.66841899012, 0.041572476541, 0.26020286597, 0.024875475505],
      [0, 0.078007559303, 0.85703668547, 0.024866126318, 0.040089628907],
      [0, 0.01183252651, 0.0047300531096, 0.98343742038, 0],
      [0.34655426295, 0.14125416438, 0.26517668831, 0.071698151919, 0.17531673243],
      [0.014989780806, 0.22276163435, 0.065996354267, 0.47003716513, 0.22621506545]
    ],
    [
      [0.0026719834544, 0.047695027342, 0.0062006737627, 0.4535795317, 0.48985278374],
      [0.0066266713833, 0.56891698087, 0.05282747592, 0.33368142508, 0.037947446745],
      [0, 0.048457369906, 0.87498741259, 0.027422132778, 0.049133084726],
      [0, 0, 0.0033978835808, 0.99604543418, 0.00055668223437],
      [0.38116194282, 0.094704183345, 0.25290203394, 0.070132733244, 0.20109910665],
      [0.016864656507, 0.15193172152, 0.067551486364, 0.48371359438, 0.27993854122]
    ],
    [
      [0, 0.032983126301, 0, 0.40069891102, 0.56631796268],
      [0.0020422140215, 0.51799378969, 0.05498625439, 0.36703168959, 0.057946052309],
      [0, 0.036630997025, 0.81963138865, 0.072402651268, 0.071334963058],
      [0, 0, 0, 0.99375354684, 0.0062464531609],
      [0.10714380566, 0.070502011011, 0.32091131005, 0.135236608, 0.36620626527],
      [0.0042491131566, 0.11699430783, 0.060337916085, 0.45988861622, 0.35853004671]
    ],
    [
      [0.0052866083034, 0.038166421213, 0.010187993361, 0.45492937516, 0.49142960196],
      [0.013633743696, 0.49278837078, 0.07133998364, 0.37652791355, 0.045709988339],
      [0.020501110736, 0.030375247528, 0.88534120681, 0.015697087576, 0.048085347346],
      [0.0063947335547, 0, 0.029822082493, 0.960498081, 0.0032851029535],
      [0.48521902643, 0.042694046688, 0.24479086612, 0.052534234029, 0.17476182674],
      [0.026998592794, 0.12161097647, 0.078789517663, 0.48503423894, 0.28756667413]
    ],
    [
      [0.0044754414326, 0.060206433245, 0.0066026833351, 0.44073287109, 0.4879825709],
      [0.0098502539127, 0.61862982791, 0.049116583635, 0.28700608958, 0.035397244962],
      [0.018098685313, 0.062156210121, 0.85329694274, 0.015451553128, 0.050996608695],
      [0.0030547465737, 0.021685607378, 0.010401539922, 0.95891555158, 0.0059425545417],
      [0.47987581619, 0.072934380521, 0.21976522455, 0.052527358861, 0.17489721988],
      [0.024363469355, 0.18270777045, 0.066831888882, 0.45350742219, 0.27258944912]
    ],
    [
      [0.0065640888485, 0.057248918275, 0.008851253077, 0.40342340293, 0.52391233687],
      [0.013222984092, 0.60796167678, 0.054424557949, 0.28230692806, 0.042083853117],
      [0.025652539597, 0.055456789867, 0.85767213851, 0.0029669217561, 0.05825161027],
      [0.016269037913, 0.015027760984, 0.028962301617, 0.92776901116, 0.011971888328],
      [0.50357750686, 0.063615602716, 0.21267028903, 0.038617730697, 0.1815188707],
      [0.028986856224, 0.17465970125, 0.069812632005, 0.42481025911, 0.30173055141]
    ],
    [
      [0.0069619585595, 0.029531828487, 0.0069399451655, 0.51200921174, 0.44455705605],
      [0.019850511474, 0.41565917173, 0.086476286544, 0.43850853992, 0.039505490332],
      [0.055660311116, 0, 0.88363794124, 0.027473541296, 0.033228206344],
      [0, 0, 0.003996852334, 0.99600314767, 0],
      [0.64993340103, 0.024252338089, 0.17034960094, 0.0468601183, 0.10860454165],
      [0.039014193213, 0.095209604306, 0.074910042102, 0.54114173904, 0.24972442134]
    ],
    [
      [0.009559853133, 0, 0.0087474951721, 0.53676881836, 0.44492383333],
      [0.045435717934, 0, 0.14150512313, 0.75885577549, 0.054203383445],
      [0.043070304158, 0, 0.93493071936, 0.0075400592224, 0.014458917258],
      [0.024320867385, 0, 0.032706954771, 0.94297217784, 0],
      [0.73697258468, 0, 0.16481299904, 0.028508045783, 0.069706370505],
      [0.06153228234, 0, 0.10253204325, 0.59640690701, 0.2395287674]
    ],
    [
      [0.0085453267557, 0.09932848516, 0.0044838696152, 0.64326369425, 0.24437862422],
      [0.012095241616, 0.6791427256, 0.022125115966, 0.27552840905, 0.01110850777],
      [0.071798792503, 0.27128741266, 0.54030969068, 0.099348683497, 0.017255420665],
      [0, 0, 0, 1, 0],
      [0.6799944151, 0.08217628762, 0.11606772813, 0.060247412134, 0.061514157013],
      [0.038908499391, 0.25461536678, 0.040218284299, 0.55319472716, 0.11306312237]
    ],
    [
      [0.0030401580581, 0.028601243071, 0.0047257500313, 0.39999527396, 0.56363757488],
      [0.013461060921, 0.42837512965, 0.052731201662, 0.44012647036, 0.065306137401],
      [0.016021445288, 0.033425967854, 0.84389671516, 0.029158516213, 0.077497355488],
      [0, 0, 0, 0.99194896103, 0.0080510389708],
      [0.41654361638, 0.041891414817, 0.21483120837, 0.066421793325, 0.26031196711],
      [0.0191314915, 0.098922807412, 0.058192177285, 0.46417792423, 0.35957559957]
    ],
    [
      [0, 0.022018300811, 0.0034637699447, 0.43911608498, 0.53540184426],
      [0, 0.37834489924, 0.062394602238, 0.49931112639, 0.05994937213],
      [0, 0, 0.81077723359, 0.1292470885, 0.059975677911],
      [0, 0, 0, 1, 0],
      [0.24129726664, 0.0411789899, 0.28691979998, 0.13564240902, 0.29496153446],
      [0.0087027333558, 0.080022110787, 0.061782156195, 0.51346523577, 0.33602776389]
    ],
    [
      [0.0023155123672, 0.057594336585, 0.0054844733413, 0.52433685753, 0.41026882017],
      [2.0312899004e-16, 0.57608542351, 0.043730328404, 0.35085793619, 0.029326311893],
      [0, 0.079258105827, 0.76858937728, 0.12276663748, 0.029385879413],
      [0, 0, 8.9214350193e-18, 1, 0],
      [0.31016382421, 0.12987397585, 0.2745157469, 0.090370421628, 0.19507603141],
      [0.013203131791, 0.17121254272, 0.06149084661, 0.52781834934, 0.22627512954]
    ],
    [
      [0.004502148144, 0.022879382639, 0.0073069895067, 0.42268740286, 0.54262407685],
      [0.015703236851, 0.38757421514, 0.083991651012, 0.44827298914, 0.064457907855],
      [0.029898608259, 0, 0.8849756768, 0.023193206881, 0.061932508055],
      [0, 0, 0.015171120319, 0.97694880661, 0.0078800730698],
      [0.4834464107, 0.026970854191, 0.22495399813, 0.057122844117, 0.20750589287],
      [0.02613813422, 0.079744945045, 0.072811613923, 0.48252256315, 0.33878274366]
    ],
    [
      [0.0038265401749, 0.046458531614, 0.0042562412837, 0.40962815981, 0.53583052712],
      [0.010114476764, 0.57635240215, 0.042329555875, 0.32432428154, 0.046879283672],
      [0.033105883543, 0.087635313788, 0.77784065221, 0.029360615787, 0.072057534668],
      [0, 0.0039799595654, 0, 0.98788753624, 0.0081325041899],
      [0.47842724655, 0.060688033665, 0.18377998637, 0.060111550614, 0.2169931828],
      [0.022534986694, 0.15203621179, 0.052206187321, 0.45172998864, 0.32149262556]
    ],
    [
      [0.0029859628316, 0.034965348231, 0.0042911722187, 0.38112867903, 0.57662883769],
      [0.009701302761, 0.51172704271, 0.054851284485, 0.36142509762, 0.062295272417],
      [0.015453584754, 0.040225682414, 0.83834689553, 0.026535016498, 0.079438820806],
      [0.0013717545534, 0.0029338244977, 1.1848103634e-06, 0.98054271625, 0.015150519885],
      [0.40820305421, 0.050651617059, 0.21603435784, 0.061691845393, 0.2634191255],
      [0.018811181192, 0.11939604107, 0.058759074668, 0.43829684334, 0.36473685973]
    ],
    [
      [0.0030575481586, 0.044273067156, 0.0074851593445, 0.40437600952, 0.54080821582],
      [0.0080596381012, 0.5569333628, 0.063171563101, 0.32324501159, 0.048590424408],
      [0.0079392265887, 0.045852359559, 0.87567039659, 0.01229772097, 0.058240296294],
      [0, 0.0055477682144, 0.03123101536, 0.95555168991, 0.0076695265161],
      [0.3962989315, 0.060195004014, 0.26169301496, 0.054715824145, 0.22709722538],
      [0.018062031751, 0.1439379209, 0.074582497156, 0.44014519358, 0.32327235661]
    ],
    [
      [0, 0, 0.0049233898059, 0.27002783838, 0.72504877181],
      [0, 0, 0.12694954587, 0.71234598068, 0.16070447344],
      [0, 0, 0.89657698494, 0.016427672486, 0.086995342578],
      [0, 0, 0.018195362637, 0.96631187505, 0.015492762309],
      [-0, 0, 0.36661754116, 0.087734495859, 0.54564796298],
      [0, 0, 0.063591860026, 0.41271365949, 0.52369448048]
    ],
    [
      [0.0023725672009, 0.03591387768, 0, 0.40682144879, 0.55489210633],
      [0.0089643535281, 0.52728377293, 0.035231323211, 0.37285194933, 0.055668601003],
      [0.011800820662, 0.053649103827, 0.66263133405, 0.18363839495, 0.088280346512],
      [0, 0, 0, 0.99024209741, 0.0097579025878],
      [0.46594047319, 0.052135620098, 0.16614445709, 0.067939307742, 0.24784014189],
      [0.018289203322, 0.12382235241, 0.036027737458, 0.47451208979, 0.34734861702]
    ],
    [
      [0.0035273289159, 0.022843905263, 0.0034789825023, 0.33792917496, 0.63222060836],
      [0.013398046213, 0.43809781232, 0.058574773752, 0.40436839296, 0.085560974752],
      [0.042825883438, 0.017536384111, 0.81260755375, 0.027657753957, 0.099372424739],
      [0, 0, 0, 0.97504033379, 0.024959666212],
      [0.44116259842, 0.033037878656, 0.18431332648, 0.054362328342, 0.28712386811],
      [0.021494894994, 0.084866706717, 0.053138175476, 0.41579628929, 0.42470393352]
    ],
    [
      [0.0031977971789, 0.036822904514, 0.0049424922321, 0.45382663959, 0.50121016649],
      [0.0097147269155, 0.49623595589, 0.056885762097, 0.38973193263, 0.04743162247],
      [0.0072639034829, 0.03275791139, 0.84463559731, 0.058211935772, 0.057130652044],
      [0, 0, 0, 0.99764788049, 0.0023521195077],
      [0.44308270289, 0.048753152118, 0.23020263851, 0.070377574533, 0.20758393195],
      [0.020599914944, 0.12036963755, 0.064590070072, 0.49506987519, 0.29937050225]
    ],
    [
      [0.0044634687359, 0.045474355078, 0.0057352937122, 0.48970599665, 0.45462088583],
      [0.011216710881, 0.52943537979, 0.053487966898, 0.36795330675, 0.037906635677],
      [0.017997023791, 0.046291735301, 0.83797634334, 0.049748560729, 0.047986336844],
      [0, 0, 0, 0.99876786952, 0.0012321304832],
      [0.49176884656, 0.053412437047, 0.21756278308, 0.069538645237, 0.16771728807],
      [0.024876810193, 0.14029916379, 0.064670085984, 0.5112567787, 0.25889716133]
    ],
    [
      [0.0029435581444, 0.04910284841, 0.0047340326605, 0.42793462965, 0.51528493113],
      [0.0077381818295, 0.57245814011, 0.04720781148, 0.32824870649, 0.044347160083],
      [0.0048879411605, 0.077026776686, 0.81956360141, 0.035244397425, 0.06327728332],
      [0, 0, 0, 0.99532464957, 0.0046753504306],
      [0.41092819959, 0.06903814931, 0.2238360858, 0.070391293271, 0.22580627202],
      [0.018378102827, 0.15591120397, 0.059463680244, 0.46085595803, 0.30539105493]
    ],
    [
      [0.003686797955, 0.037829427374, 0.0022821684519, 0.35841785151, 0.59778375471],
      [0.011433771998, 0.5905579187, 0.041605135487, 0.30342182, 0.052981353808],
      [0.023718445812, 0.066641245625, 0.79331395496, 0.038854293236, 0.07747206037],
      [0, 0, 0, 0.98038401389, 0.019615986114],
      [0.67875126751, 0.031563039683, 0.10957056131, 0.033032828781, 0.14708230271],
      [0.025621076508, 0.13528183699, 0.05025137632, 0.41979797874, 0.36904773144]
    ],
    [
      [0.0013814327413, 0.029844805436, 0.0022512056084, 0.37156567301, 0.5949568832],
      [0, 0.49545167831, 0.043270640362, 0.39451745564, 0.066760225695],
      [0, 0.03215391985, 0.71560705664, 0.15950223494, 0.092736788571],
      [0, 0, 0, 0.99262958486, 0.0073704151408],
      [0.29372102542, 0.055012277892, 0.21660845934, 0.098914006505, 0.33574423084],
      [0.010900229872, 0.10794670786, 0.047580302227, 0.44668261552, 0.38689014452]
    ],
    [
      [0.0054214956707, 0.045650682797, 0.0034188068108, 0.41608515336, 0.52942386136],
      [0.01456542181, 0.56140904962, 0.040407588561, 0.33539434278, 0.048223597226],
      [0.061405027972, 0.081703631791, 0.74824053061, 0.034826254468, 0.073824555164],
      [0, 0, 0, 0.99032693803, 0.0096730619667],
      [0.53363079195, 0.053731490236, 0.16189050897, 0.055954386441, 0.1947928224],
      [0.029481625714, 0.14715899999, 0.051426946066, 0.45445363145, 0.31747879678]
    ],
    [
      [0.0070300544641, 0.030504867252, 0.0080091646503, 0.58819671976, 0.36625919387],
      [0.019070985826, 0.39171391589, 0.075194397429, 0.48150856221, 0.032512138638],
      [0.03372672384, 0, 0.90766636031, 0.039192723028, 0.019414192825],
      [0, 0, 0, 1, 0],
      [0.59932541458, 0.008740337775, 0.22090087177, 0.065007951918, 0.10602542396],
      [0.036601028442, 0.091342492054, 0.081184597325, 0.59022475675, 0.20064712542]
    ],
    [
      [0.0076515275694, 0.024852127374, 0.0042216033802, 0.44943302789, 0.51384171379],
      [0.023348696965, 0.41862784578, 0.059890520884, 0.44396989979, 0.054163036574],
      [0.085430062655, 0, 0.82462222953, 0.030873053565, 0.05907465425],
      [0.0012826857046, 0, 0, 0.99288693349, 0.0058303808081],
      [0.62909945076, 0.0037160200049, 0.15964255292, 0.052124631561, 0.15541734476],
      [0.039217116855, 0.08573475403, 0.060475446136, 0.50522562511, 0.30934705786]
    ],
    [
      [0.0036574971298, 0.033312768626, 0.0053832649728, 0.45052277701, 0.50712369226],
      [0.011202869875, 0.4675071023, 0.060867894392, 0.40900144011, 0.051420693319],
      [0.016573640561, 0.023117531749, 0.85381294976, 0.047572858111, 0.058923019814],
      [0, 0, 0, 0.99638536355, 0.003614636454],
      [0.45291182743, 0.043305711333, 0.22812580934, 0.067571519351, 0.20808513254],
      [0.022098617567, 0.10949093519, 0.06570415835, 0.49588993466, 0.30681635423]
    ],
    [
      [0.0021742884142, 0.023939167624, 0.0047154830674, 0.38441510884, 0.58475595205],
      [0.0082685305276, 0.42008827944, 0.064713542375, 0.43298268687, 0.073946960789],
      [0.0085380244994, 0, 0.85455634647, 0.0573113862, 0.079594242834],
      [0, 0, 0, 0.9890605645, 0.010939435503],
      [0.35045774657, 0.039073327498, 0.24372251408, 0.070104142394, 0.29664226946],
      [0.014608441372, 0.085978596151, 0.06115996295, 0.45679879753, 0.381454202]
    ],
    [
      [0, 0.04545906271, 0.0061760242126, 0.39628511813, 0.55207979495],
      [0, 0.65623429915, 0.045786670315, 0.26542880488, 0.032550225662],
      [4.5066760699e-32, 0.042626726743, 0.8945724772, 0.021268217307, 0.041532578747],
      [0, 0.0023311189509, 0.011905241431, 0.98576363962, 0],
      [1.1102230246e-16, 0.11001540769, 0.4307374935, 0.10434869052, 0.35489840829],
      [0, 0.16376639388, 0.068743215291, 0.45595185831, 0.31153853252]
    ],
    [
      [0.0053852295462, 0.045040434651, 0.0056185608509, 0.46161833189, 0.48233744307],
      [0.013711031119, 0.53456554998, 0.052842806983, 0.35705819674, 0.041822415172],
      [0.022949826998, 0.04415591075, 0.85018054246, 0.02782774757, 0.054885972221],
      [0.0064030320907, 0.0037345879755, 0.00039011193776, 0.98537307533, 0.0040991926633],
      [0.52418343325, 0.050271392284, 0.19803040383, 0.058101180836, 0.16941358981],
      [0.02905055109, 0.1406743445, 0.063957529898, 0.48678098139, 0.27953659313]
    ],
    [
      [1.9935093426e-33, 0.037588569446, 0.0042042982761, 0.54260676961, 0.41560036267],
      [5.5095974509e-33, 0.50461127557, 0.053654307921, 0.40878657086, 0.032947845645],
      [6.156425911e-34, 0.033941066208, 0.80623459947, 0.11974486831, 0.040079466011],
      [0, 0, 0, 1, 0],
      [0, 0.09260432826, 0.45464483028, 0.14674717356, 0.3060036679],
      [0, 0.079032582463, 0, 0.79108880028, 0.12987861725]
    ],
    [
      [0.0019013690351, 0.035894878325, 0.004185069716, 0.35511981163, 0.6028988713],
      [0.0066716647133, 0.53492119678, 0.052776368531, 0.34013836115, 0.065492408832],
      [0.0077360180189, 0.045791298869, 0.8335918289, 0.025171209416, 0.087709644793],
      [0, 0.0041171780117, 0.0010269686999, 0.97736895016, 0.017486903129],
      [0.33689718152, 0.058390609021, 0.23290133381, 0.064372570909, 0.30743830474],
      [0.01356262328, 0.12480154207, 0.057233969186, 0.4170588341, 0.38734303135]
    ],
    [
      [0.0037290406221, 0.039493533953, 0.0091048312107, 0.37443794288, 0.57323465133],
      [0.010866633432, 0.53661034359, 0.070130993554, 0.32552534288, 0.056866686551],
      [0, 0.030407685051, 0.90432795747, 0, 0.065264357482],
      [0.031499583795, 0.013915994456, 0.032932460461, 0.91208352043, 0.0095684408535],
      [0.42581422868, 0.050045978344, 0.25300283179, 0.041297705249, 0.22983925594],
      [0.021905571333, 0.1311177228, 0.076613148779, 0.41816073822, 0.35220281887]
    ],
    [
      [0.0049701347761, 0.037837102415, 0.0083928599241, 0.41607523803, 0.53272466485],
      [0.013933749139, 0.5054027144, 0.068771034406, 0.35922848701, 0.05266401504],
      [0.021978485551, 0.033029616407, 0.88546751894, 0, 0.059524379099],
      [0.0092526744633, 0.0016819636197, 0.026288200211, 0.9545452692, 0.0082318925035],
      [0.47958230677, 0.043769386344, 0.23305328706, 0.045823840168, 0.19777117965],
      [0.027036537602, 0.12274761323, 0.075622718306, 0.45348846204, 0.32110466882]
    ],
    [
      [0.0049239427409, 0.03379507622, 0.008783979229, 0.46363111139, 0.48886589042],
      [0.014320730687, 0.4577935946, 0.075794919658, 0.40414556425, 0.047945190811],
      [0.018394720366, 0.023803786056, 0.9095713955, 0.0035026976677, 0.044727400408],
      [0.0031959846038, 0.0016712631832, 0.016423054308, 0.97392022432, 0.0047894735824],
      [0.49444885999, 0.037022525902, 0.24374279402, 0.054360141697, 0.17042567839],
      [0.027834449694, 0.1074806391, 0.081723049343, 0.49556163098, 0.28740023089]
    ],
    [
      [0.0043168547017, 0.03690990362, 0.0076017699153, 0.38662338072, 0.56454809104],
      [0.012775520858, 0.51646222668, 0.066144614891, 0.34649903271, 0.058118604862],
      [0.019896338208, 0.034814280776, 0.87571908105, 0, 0.06957029997],
      [0.0078642994306, 0.0023431126669, 0.021408163059, 0.95795240864, 0.010432016201],
      [0.45624038075, 0.045804833207, 0.22769985338, 0.046923274924, 0.22333165774],
      [0.024206808087, 0.12318599454, 0.070366308913, 0.43392617502, 0.34831471343]
    ],
    [
      [0.0041753310519, 0.045222271244, 0.0086690465561, 0.45685267567, 0.48508067548],
      [0.010456057226, 0.53343197344, 0.06830008419, 0.3465524521, 0.041259433038],
      [0.01302999487, 0.036555874613, 0.90051700787, 0.0045900616406, 0.045307061008],
      [0.0013489218447, 0.0028770896925, 0.02197225812, 0.96948069351, 0.0043210368333],
      [0.45892315765, 0.05250543589, 0.25665931357, 0.053789799698, 0.17812229319],
      [0.02369521953, 0.1405032399, 0.078960347825, 0.47785285813, 0.27898833462]
    ],
    [
      [0.0060343293396, 0.031047655658, 0.008591703236, 0.4057475197, 0.54857879207],
      [0.016791916854, 0.46558287335, 0.072136471322, 0.38632715194, 0.059161586532],
      [0.02680049706, 0.025072724568, 0.88453355421, 0, 0.063593224158],
      [0.015872338881, 0.00059396441337, 0.018764873951, 0.95629900339, 0.0084698193675],
      [0.50896297511, 0.034365736781, 0.21684383442, 0.044275232152, 0.19555222153],
      [0.030274806395, 0.10426715179, 0.074068488263, 0.45428799916, 0.33710155439]
    ],
    [
      [0.0037934361609, 0.048145397133, 0.0068792194144, 0.48968293462, 0.45149901267],
      [0.0094604253999, 0.53874701907, 0.057441542512, 0.35780401185, 0.036547001168],
      [0.011014315346, 0.044829713226, 0.86776868934, 0.032686433701, 0.043700848388],
      [0, 0.0023783547859, 0.0074611717802, 0.98922888466, 0.00093158877453],
      [0.45628856224, 0.058476868173, 0.24490955227, 0.068285716566, 0.17203930075],
      [0.02243544634, 0.14674252867, 0.071344282195, 0.50386290834, 0.25561483446]
    ],
    [
      [0.0062257274316, 0.048579209595, 0.0089823985971, 0.65483717824, 0.28137548614],
      [0, 0.49539182291, 0.061546979444, 0.42747991807, 0.015581279575],
      [0, 0, 0.91374695487, 0.081497765604, 0.0047552795292],
      [0, 0, 0, 1, 0],
      [0.58601528788, 0.039829336127, 0.24086108412, 0.066289016555, 0.067005275322],
      [0.031848916589, 0.1376574976, 0.084500822333, 0.61216801191, 0.13382475157]
    ],
    [
      [0.0026201896899, 0.0049846973031, 0.0028397210803, 0.18718716214, 0.80236822979],
      [0.022046625876, 0.2102071094, 0.083702740125, 0.45287271251, 0.2311708121],
      [0, 0, 0.77110705041, 0, 0.22889294959],
      [0.078117063458, 0, 0.032757906158, 0.83980230719, 0.049322723189],
      [0.37186347029, 0.0055756113425, 0.15314405297, 0.018019526471, 0.45139733893],
      [0.038215749079, 0.0034849661125, 0.042013639291, 0.25849222659, 0.65779341893]
    ],
    [
      [0.0048051435919, 0.028383589453, 0.0080209194442, 0.35264551073, 0.60614483678],
      [0.015846624314, 0.46646845699, 0.075273222178, 0.36764336866, 0.074768327853],
      [0.024248980439, 0.023008554533, 0.87180916675, 0, 0.080933298276],
      [0.013743818993, 0, 0.034608724554, 0.930313592, 0.02133386445],
      [0.4528198602, 0.035123554173, 0.22669174892, 0.035955343972, 0.24940949273],
      [0.025937501005, 0.099128468974, 0.072681841824, 0.4099852767, 0.3922669115]
    ],
    [
      [0, 0.01628782132, 0.0052973510646, 0.46339427061, 0.51502055701],
      [7.4805402483e-35, 0.34909157477, 0.07570694622, 0.51946885102, 0.055732627989],
      [2.0723162392e-32, 0, 0.84021013353, 0.14182219637, 0.017967670099],
      [0, 0, 0, 1, 0],
      [0, 0.035441100321, 0.45014411841, 0.14020678768, 0.37420799359],
      [0, 0.059735242724, 0.069761377101, 0.55535677532, 0.31514660486]
    ],
    [
      [0.0064768444473, 0.062778387537, 0.0081280969851, 0.5453907686, 0.37722590243],
      [0.013053127516, 0.58082974438, 0.054760014552, 0.32675187287, 0.024605240678],
      [0.02492075421, 0.049426776537, 0.872599372, 0.02350730925, 0.029545787999],
      [0.0041714120489, 0.0093919205201, 0.011077859637, 0.97535880779, 0],
      [0.55673636199, 0.059005753136, 0.21744506509, 0.056531393953, 0.11028142583],
      [0.03242886532, 0.17693648751, 0.075903126872, 0.51862536847, 0.19610615183]
    ],
    [
      [0, 0.028983082267, 0.00054032941141, 0.28832199749, 0.68215459083],
      [0.00036778685585, 0.5458170964, 0.034930118096, 0.33313515164, 0.085749847006],
      [0, 0.049515688959, 0.7141304186, 0.10865364436, 0.12770024808],
      [0, 0, 0, 0.9761098399, 0.023890160101],
      [0.098913041193, 0.089564165276, 0.22157768301, 0.0870528098, 0.50289230072],
      [0.00086628669346, 0.11277856478, 0.028986636066, 0.38104441033, 0.47632410213]
    ],
    [
      [0.0034184508146, 0.052984397215, 0, 0.34148221565, 0.60211493632],
      [0.0089522567424, 0.6498887755, 0.035567938099, 0.25571622853, 0.049874801133],
      [0.037730373781, 0.088703497429, 0.76038848962, 0.020462274127, 0.09271536504],
      [0, 0.0073228578254, 0, 0.95821783706, 0.034459305112],
      [0.46819077891, 0.069114148875, 0.1657231127, 0.048172147889, 0.24879981162],
      [0.021576385533, 0.17436689824, 0.047114467478, 0.38947827538, 0.36746397337]
    ],
    [
      [0, -0, 0, 1, -0],
      [0, -0, -0, 1, -0],
      [-0, -0, -0, 1, -0],
      [0, 0, 0, 1, 0],
      [-0, -0, -0, 1, -0],
      [-0, -0, -0, 1, -0]
    ],
    [
      [0.0019234748994, 0, 0.0027280878571, 0.26889295758, 0.72645547966],
      [0.016474227152, 0, 0.084591833538, 0.79464999483, 0.10428394448],
      [0, 0, 0.77295065076, 0.15630502878, 0.070744320452],
      [0, 0, 0, 0.99812110223, 0.0018788977724],
      [0.49176288642, 0, 0.13885213094, 0.14127550732, 0.22810947531],
      [0.018496253123, 0, 0.048720016022, 0.48236051121, 0.45042321964]
    ],
    [
      [0.0040045162083, 0.037538732752, 0.0063692808596, 0.4389415096, 0.51314596058],
      [0.011570677086, 0.49567912297, 0.062134288659, 0.38013013667, 0.050485774618],
      [0.017124169136, 0.035921153974, 0.86237165884, 0.025983901495, 0.058599116558],
      [0.0023819902134, 0.00081609411438, 0.0091418706158, 0.98192234046, 0.0057377045919],
      [0.45421230534, 0.047215960904, 0.23115855334, 0.062195454344, 0.20521772607],
      [0.023169802333, 0.12123824082, 0.068602368245, 0.4783309936, 0.308658595]
    ],
    [
      [0.0040744716004, 0.054772527041, 0.0064003124433, 0.45652760664, 0.47822508228],
      [0.0093323220248, 0.5852659937, 0.050786803466, 0.31748397221, 0.0371309086],
      [0.016300745627, 0.053491962816, 0.85409994058, 0.024816722017, 0.051290628955],
      [0.00063590698188, 0.011848645452, 0.0055221955037, 0.97790431564, 0.0040889364206],
      [0.45961876582, 0.067438304387, 0.22862710111, 0.061801876261, 0.18251395242],
      [0.022575747245, 0.16752287008, 0.066598572563, 0.47210526166, 0.27119754845]
    ],
    [
      [0.0042234702566, 0.055031315609, 0.0064656842369, 0.41931560697, 0.51496392293],
      [0.010179028394, 0.59692144782, 0.051538779532, 0.2989628695, 0.042397874759],
      [0.018167884782, 0.057863759562, 0.84872562067, 0.015994600852, 0.059248134131],
      [0.0041479992802, 0.018193497953, 0.012414768504, 0.95694594512, 0.0082977891433],
      [0.4560440061, 0.068021416099, 0.22146358172, 0.054896607062, 0.19957438902],
      [0.023245929975, 0.17028983554, 0.065743889963, 0.44131976401, 0.29940058052]
    ],
    [
