{
  "X": [
    [2, 9, 6, 7, 18, 38, 4, 4, 8, 4],
    [2, 13, 10, 8, 15, 35, 0, 5, 9, 3],
    [2, 5, 11, 7, 12, 31, 6, 5, 14, 7],
    [4, 15, 11, 8, 11, 28, 2, 6, 10, 5],
    [1, 10, 12, 7, 7, 43, 2, 7, 6, 5],
    [10, 6, 14, 9, 9, 32, 4, 9, 6, 1],
    [6, 9, 13, 8, 11, 38, 3, 3, 7, 2],
    [3, 12, 8, 11, 10, 36, 3, 3, 11, 3],
    [3, 8, 4, 10, 15, 44, 0, 4, 8, 4],
    [3, 10, 11, 6, 9, 43, 1, 7, 9, 1],
    [3, 6, 7, 6, 12, 49, 4, 0, 9, 4],
    [2, 6, 6, 7, 8, 47, 7, 7, 7, 3],
    [5, 7, 9, 10, 15, 33, 6, 2, 10, 3],
    [2, 7, 17, 7, 3, 41, 4, 4, 10, 5],
    [1, 9, 7, 6, 14, 43, 4, 1, 12, 3],
    [1, 8, 7, 12, 15, 44, 4, 2, 4, 3],
    [5, 10, 10, 11, 13, 29, 7, 3, 6, 6],
    [6, 11, 5, 10, 20, 14, 17, 8, 7, 2],
    [10, 7, 12, 6, 19, 15, 13, 12, 2, 4],
    [8, 10, 9, 5, 25, 16, 11, 10, 4, 2],
    [9, 7, 8, 8, 23, 14, 14, 7, 3, 7],
    [4, 7, 12, 12, 19, 10, 15, 11, 6, 4],
    [10, 12, 5, 3, 20, 18, 12, 13, 6, 1],
    [7, 6, 9, 9, 21, 9, 11, 12, 10, 6],
    [4, 17, 11, 8, 17, 8, 16, 11, 5, 3],
    [4, 6, 7, 12, 20, 15, 17, 14, 1, 4],
    [10, 7, 12, 5, 23, 13, 6, 13, 8, 3],
    [7, 8, 8, 10, 23, 16, 18, 3, 4, 3],
    [6, 13, 6, 5, 23, 18, 12, 7, 8, 2],
    [10, 7, 6, 7, 21, 16, 11, 12, 6, 4],
    [13, 9, 11, 6, 22, 9, 15, 9, 3, 3],
    [7, 9, 9, 12, 25, 15, 15, 5, 1, 2],
    [8, 11, 7, 5, 25, 14, 14, 8, 5, 3],
    [3, 7, 14, 15, 9, 25, 10, 7, 3, 7],
    [4, 8, 16, 21, 8, 27, 6, 5, 4, 1],
    [4, 9, 3, 26, 10, 32, 5, 6, 3, 2],
    [5, 13, 8, 19, 7, 27, 8, 7, 2, 4],
    [7, 6, 11, 16, 7, 36, 7, 6, 2, 2],
    [9, 8, 15, 17, 9, 25, 4, 8, 2, 3],
    [6, 5, 7, 22, 8, 31, 7, 5, 5, 4],
    [9, 13, 14, 20, 6, 24, 4, 3, 6, 1],
    [5, 8, 12, 11, 9, 36, 3, 7, 5, 4],
    [5, 13, 14, 29, 2, 27, 5, 3, 0, 2],
    [6, 8, 11, 22, 7, 28, 6, 6, 4, 2],
    [7, 9, 12, 13, 7, 34, 6, 6, 3, 3],
    [8, 9, 9, 21, 8, 28, 3, 7, 5, 2],
    [7, 7, 10, 21, 11, 25, 4, 10, 2, 3],
    [7, 7, 9, 23, 10, 26, 6, 4, 4, 4],
    [5, 8, 4, 17, 8, 32, 8, 5, 7, 6],
    [6, 5, 11, 16, 9, 39, 5, 4, 3, 2]
  ],
  "W": [
    [69, 17, 14],
    [74, 11, 15],
    [64, 19, 17],
    [64, 17, 19],
    [70, 15, 15],
    [69, 16, 15],
    [67, 11, 22],
    [72, 8, 20],
    [68, 14, 18],
    [72, 15, 13],
    [69, 16, 15],
    [61, 16, 23],
    [59, 22, 19],
    [65, 15, 20],
    [78, 13, 9],
    [69, 14, 17],
    [44, 35, 21],
    [18, 64, 18],
    [12, 74, 14],
    [23, 67, 10],
    [19, 67, 14],
    [17, 60, 23],
    [19, 69, 12],
    [14, 74, 12],
    [11, 76, 13],
    [15, 63, 22],
    [23, 62, 15],
    [21, 59, 20],
    [20, 65, 15],
    [14, 69, 17],
    [13, 70, 17],
    [11, 68, 21],
    [16, 71, 13],
    [13, 32, 55],
    [18, 14, 68],
    [15, 20, 65],
    [11, 21, 68],
    [14, 13, 73],
    [17, 17, 66],
    [18, 17, 65],
    [13, 16, 71],
    [21, 15, 64],
    [14, 17, 69],
    [14, 19, 67],
    [20, 19, 61],
    [12, 16, 72],
    [13, 24, 63],
    [16, 19, 65],
    [17, 22, 61],
    [21, 14, 65]
  ],
  "method": "mult",
  "cond_prob": [
    [
      [0.0065118753683, 0.089951472696, 0.060333153332, 0.03891697936, 0.15063267456, 0.48293403803, 0.0030375477757, 0.02092293037, 0.10512436033, 0.041634968181],
      [0.054724549859, 0.090592970543, 0.043482938751, 0.029877236734, 0.39420244179, 0.019843186246, 0.18872703984, 0.10775980928, 0.03183948, 0.038950346953],
      [0.042956970987, 0.086273223205, 0.07953037558, 0.29510056302, 0.03180166914, 0.33933739943, 0.033498567281, 0.045716047094, 0.014281560099, 0.031503624157]
    ],
    [
      [0.0074850165301, 0.12943318356, 0.097986895389, 0.042378717309, 0.13772323704, 0.41166257414, 0, 0.029956412047, 0.11234828623, 0.031025677762],
      [0.070777696034, 0.14604426583, 0.079121559858, 0.036451348407, 0.40447319435, 0.018965055208, 0, 0.17351322493, 0.03813560373, 0.032518051654],
      [0.047316275756, 0.11863391081, 0.12343208578, 0.30671252885, 0.027766361548, 0.27650646298, 0, 0.062605193957, 0.014592674407, 0.02243450591]
    ],
    [
      [0.0058697580326, 0.04969358418, 0.10957137095, 0.035242563756, 0.098739882906, 0.40658002728, 0.0040469072178, 0.024424817444, 0.19282212651, 0.07300896173],
      [0.050072146804, 0.050928075627, 0.080358669793, 0.027534306349, 0.26290273698, 0.016991639125, 0.25448803785, 0.12782286012, 0.059399055382, 0.069502471962],
      [0.039327198008, 0.048483387103, 0.14692535084, 0.2710326666, 0.021206948017, 0.29056416407, 0.04536531889, 0.054270073028, 0.026630594515, 0.056194298921]
    ],
    [
      [0.012099953523, 0.15166013508, 0.11003468674, 0.038441790795, 0.09588907598, 0.36610416471, 0.0014762792008, 0.030748025995, 0.14035811148, 0.053187776501],
      [0.10448391052, 0.15726759897, 0.081655005244, 0.030390686133, 0.25851391205, 0.015484281212, 0.094276117732, 0.16294916751, 0.043746805911, 0.051232514723],
      [0.073775013642, 0.13461713935, 0.13423266725, 0.26848307603, 0.018731014023, 0.23805112159, 0.015063608233, 0.062167518435, 0.017634760227, 0.037244081218]
    ],
    [
      [0.0032828377018, 0.097501403652, 0.11658967757, 0.036583023522, 0.059182402323, 0.52105546557, 0.001623312563, 0.037166356281, 0.07622035175, 0.050795169062],
      [0.035499303682, 0.12623172314, 0.10801880732, 0.036104756797, 0.19921543631, 0.027528422262, 0.13031030809, 0.24632716276, 0.029677476405, 0.061086603227],
      [0.02020392979, 0.087190032792, 0.14329131509, 0.25834773347, 0.011646624021, 0.34139290773, 0.016703263242, 0.075733765541, 0.0096552388842, 0.035835189429]
    ],
    [
      [0.036411407389, 0.066569102329, 0.1552644516, 0.053621415105, 0.085318911475, 0.44702937101, 0.0035107430838, 0.053119527152, 0.087586013765, 0.011569057092],
      [0.23587956745, 0.051668694219, 0.086239622426, 0.03172636423, 0.17213310316, 0.014156910186, 0.16847539695, 0.2109358458, 0.020443477512, 0.0083410180645],
      [0.16888346233, 0.044884089855, 0.14387896678, 0.28552180902, 0.012660862387, 0.22082464462, 0.027226325795, 0.08160133715, 0.0083646247188, 0.0061538773445]
    ],
    [
      [0.020330035051, 0.092785289947, 0.12886900035, 0.035659666072, 0.10957776379, 0.47293942169, 0.0030269696606, 0.017694973539, 0.097389408688, 0.021727471213],
      [0.1669691242, 0.091269394808, 0.090718139737, 0.026743402197, 0.28081658773, 0.018987962048, 0.1865998138, 0.089244258794, 0.028798671748, 0.019852644947],
      [0.11992169438, 0.07954309375, 0.15182940146, 0.23996817566, 0.020654686823, 0.29708533847, 0.029903595733, 0.034579355636, 0.01182069492, 0.014693963179]
    ],
    [
      [0.011470055103, 0.12381226573, 0.079160142828, 0.0515923297, 0.10351067669, 0.42925262375, 0.0038250103696, 0.019456967379, 0.14551365971, 0.032406268734],
      [0.094103954178, 0.12123506806, 0.055471769402, 0.038514682454, 0.26424857272, 0.017163895269, 0.23898793242, 0.09794636953, 0.042852612907, 0.029475143059],
      [0.066506814748, 0.10410201696, 0.091471282626, 0.34098780376, 0.019130237036, 0.26450690751, 0.037152828828, 0.037314546414, 0.017332491617, 0.021495070504]
    ],
    [
      [0.0095511566527, 0.077841665552, 0.038277491423, 0.047383774295, 0.13087892139, 0.53035828549, 0, 0.021269640542, 0.10366873563, 0.040770329019],
      [0.10473668143, 0.10226700677, 0.035987798253, 0.047458312304, 0.44733398267, 0.028433264653, 0, 0.14307705987, 0.040951360531, 0.049754533524],
      [0.060728003261, 0.071944583776, 0.048621219977, 0.34485493993, 0.02661294788, 0.35914534499, 0, 0.044797156292, 0.013568818141, 0.029726985753]
    ],
    [
      [0.010197435425, 0.097270044823, 0.10733842209, 0.033474568971, 0.075012809197, 0.51647857367, 0.00082422104252, 0.037582058304, 0.1117277654, 0.010094101072],
      [0.10826293801, 0.12351625118, 0.097539003861, 0.032401263189, 0.24760379137, 0.026765871559, 0.064952473404, 0.24437540718, 0.042676643118, 0.011906357136],
      [0.064201847209, 0.088926868891, 0.13487042655, 0.24221786571, 0.015093217968, 0.34596760679, 0.0086714914692, 0.078297122437, 0.014473074051, 0.0072804789294]
    ],
    [
      [0.009333780262, 0.056881567063, 0.066334718414, 0.030545403323, 0.097203721947, 0.58489917928, 0.0029998386815, 0, 0.11225995713, 0.039541833902],
      [0.10555524326, 0.077071838623, 0.064319859085, 0.031549848652, 0.34235081672, 0.032335740585, 0.25130707872, 0, 0.045741906878, 0.049767667477],
      [0.065185487857, 0.057747736298, 0.09255712502, 0.24490100595, 0.021719237108, 0.43504700521, 0.035029309661, 0, 0.016142851867, 0.031670241036]
    ],
    [
      [0.0057006277616, 0.059608316052, 0.058013528357, 0.029524748467, 0.071296921884, 0.60396287619, 0.0051517710516, 0.035130658106, 0.10001601752, 0.031594534616],
      [0.050578500328, 0.06356824641, 0.044274775993, 0.024006087946, 0.19781883662, 0.026268278782, 0.33867093487, 0.19147069203, 0.032046100014, 0.03129754701],
      [0.037395751863, 0.056957748447, 0.076184355884, 0.22132537661, 0.014988016584, 0.42275127565, 0.056597320057, 0.076463803751, 0.013520849095, 0.023815502062]
    ],
    [
      [0.013551762831, 0.070675698341, 0.091314829703, 0.048407477462, 0.12161448375, 0.46184557586, 0.0036003376609, 0.0092245706579, 0.14777443557, 0.031990828165],
      [0.11712933857, 0.073549759193, 0.068003274327, 0.038405493593, 0.32865246059, 0.019587125767, 0.22860532459, 0.048941234102, 0.046201353653, 0.030924635615],
      [0.081268613998, 0.061805673725, 0.10975088301, 0.33312159396, 0.023416678328, 0.29577490939, 0.036146242165, 0.018364564402, 0.0182809902, 0.022069850832]
    ],
    [
      [0.0059631393601, 0.067685887502, 0.16108740041, 0.031144660242, 0.025935936639, 0.50086380032, 0.0030832522585, 0.020374229932, 0.1329687873, 0.050892906043],
      [0.068401307647, 0.093160390209, 0.15866639817, 0.03268093567, 0.092866690318, 0.028124078284, 0.26256889287, 0.14345419454, 0.055010905263, 0.065066207032],
      [0.03765363921, 0.062187568329, 0.20340489973, 0.22496210585, 0.0052426513909, 0.33713341218, 0.032586092455, 0.042648488034, 0.017293927725, 0.036887215093]
    ],
    [
      [0.0039275355144, 0.088081219653, 0.069223053317, 0.038970765605, 0.11807286718, 0.50040899203, 0.0038653568272, 0.0058390884004, 0.14143122057, 0.030179900898],
      [0.037886680935, 0.1012005027, 0.05691469045, 0.03412539943, 0.35265625924, 0.023475189337, 0.27820448858, 0.03442315848, 0.04890417702, 0.032209453829],
      [0.026721601831, 0.086789704453, 0.09374486596, 0.30558057587, 0.025604483149, 0.36133477822, 0.043886776381, 0.013117112208, 0.019758623234, 0.023461478691]
    ],
    [
      [0.0033714541129, 0.080959700501, 0.06990168515, 0.060966660474, 0.13527483372, 0.5498229095, 0.0034914400227, 0.011136068964, 0.053337702985, 0.031737544571],
      [0.031301259102, 0.090010396867, 0.055615789487, 0.051673201682, 0.39122577028, 0.024946112438, 0.24121646004, 0.063402499076, 0.017832032117, 0.03277647891],
      [0.019149835669, 0.066825544395, 0.079297505805, 0.39661930419, 0.024566891593, 0.3325207284, 0.033170840541, 0.020947097246, 0.0062355471218, 0.02066670504]
    ],
    [
      [0.010036712757, 0.096635910787, 0.10048390235, 0.049212975108, 0.086599441135, 0.48042112486, 0.0026998148588, 0.0104754475, 0.10133012354, 0.062104547107],
      [0.099118447079, 0.11549383347, 0.085936156504, 0.044842433849, 0.26817089627, 0.023330868547, 0.19430276415, 0.063538057109, 0.036319402396, 0.068947140634],
      [0.058201947321, 0.081984984387, 0.11717113969, 0.32812601572, 0.016192327207, 0.2981679391, 0.026246746791, 0.020211035026, 0.012133091292, 0.041564773473]
    ],
    [
      [0.0087882448834, 0.10867365318, 0.057013490483, 0.052564045834, 0.10196563758, 0.4493746601, 0.0040149115329, 0.020205520061, 0.17590896519, 0.02149087116],
      [0.075513271776, 0.11358243257, 0.042634591398, 0.041883177615, 0.27519286065, 0.018831349082, 0.24998630477, 0.10663089372, 0.05487982065, 0.02086529777],
      [0.052315229362, 0.094957645452, 0.068482420424, 0.36211018555, 0.019665118951, 0.28585607375, 0.040136743865, 0.040102677002, 0.021559894279, 0.014814011368]
    ],
    [
      [0.012027851613, 0.060784636327, 0.12616721473, 0.032255537924, 0.077978275857, 0.57754643398, 0.002402360296, 0.02452477357, 0.0485700744, 0.037742841305],
      [0.12127440752, 0.074614584859, 0.11080072089, 0.030182077842, 0.24695945025, 0.028140782552, 0.175365068, 0.15185258407, 0.017772311169, 0.043038012859],
      [0.072634355308, 0.053911452709, 0.15383808903, 0.22659281573, 0.015270689803, 0.37154673039, 0.024370658574, 0.049394948766, 0.0060315218059, 0.026408737894]
    ],
    [
      [0.011721439851, 0.095423955472, 0.10304275869, 0.033946292347, 0.11747369103, 0.50368901715, 0.0024695230465, 0.024343713628, 0.087422636335, 0.020466972458],
      [0.10365737204, 0.10261586577, 0.079276917451, 0.027822720499, 0.32604521872, 0.021714492013, 0.15814616888, 0.13216396556, 0.028111835315, 0.020445443755],
      [0.073147504599, 0.087393901998, 0.12973727315, 0.24760172488, 0.023751635588, 0.33580963963, 0.025874290521, 0.050639536632, 0.011256202299, 0.014788290703]
    ],
    [
      [0.013464047614, 0.07051111077, 0.095298791477, 0.049237511038, 0.11538762435, 0.48419894365, 0.0032776114414, 0.017739081012, 0.074653848203, 0.076231430444],
      [0.11271789938, 0.071806279012, 0.069434303787, 0.038222242864, 0.30331922873, 0.019741841195, 0.19874546769, 0.091191736921, 0.022706232105, 0.072114768316],
      [0.075846217804, 0.058306103153, 0.10833202923, 0.32240737897, 0.021063058278, 0.29132818978, 0.031005568947, 0.033316346162, 0.0086652372679, 0.049729870401]
    ],
    [
      [0.0065613627826, 0.077415305049, 0.14852111068, 0.060638007315, 0.11389398306, 0.33393465562, 0.004129617818, 0.031836400478, 0.17459166558, 0.048477891618],
      [0.049237678402, 0.070656839001, 0.096991211919, 0.042197003382, 0.26856916832, 0.012242342857, 0.22470501742, 0.14676828221, 0.047531431669, 0.041101024824],
      [0.035676274923, 0.061781621995, 0.16292788216, 0.37994499389, 0.020057238424, 0.19414128962, 0.037709732018, 0.057715709866, 0.01952618019, 0.030519076914]
    ],
    [
      [0.01283762177, 0.10417432074, 0.05205275246, 0.017191159905, 0.084685286868, 0.56136842394, 0.0023729521269, 0.02803266717, 0.12792377179, 0.0093610432301],
      [0.12703528668, 0.12540836705, 0.044831379569, 0.015774513168, 0.26309878067, 0.02702167715, 0.17003717429, 0.17032305012, 0.046001466972, 0.010468304328],
      [0.092754832096, 0.11049379779, 0.075900400964, 0.14478291274, 0.019830322499, 0.43303404243, 0.028791820949, 0.067529261083, 0.019049486044, 0.0078331234061]
    ],
    [
      [0.0090301141997, 0.055022924243, 0.10066380621, 0.055013663994, 0.090540585505, 0.35642146961, 0.0021590349219, 0.026071474073, 0.24553012301, 0.059546804238],
      [0.084359275844, 0.062570371515, 0.081895413981, 0.047684811333, 0.26562294957, 0.016105757281, 0.14600978254, 0.14955444912, 0.083294166858, 0.062903021961],
      [0.054141158878, 0.048447569663, 0.12185329789, 0.38469699176, 0.017602723958, 0.22772080661, 0.021743637114, 0.052130052643, 0.030300040976, 0.041363720505]
    ],
    [
      [0.0053440080874, 0.1658401565, 0.13129095643, 0.050293058574, 0.077064467768, 0.37174064753, 0.0032532463256, 0.024883318039, 0.13850801578, 0.031782124969],
      [0.046433416817, 0.17545486478, 0.099373268999, 0.040558684625, 0.21032134265, 0.015568060068, 0.20461457042, 0.13276853498, 0.043671848448, 0.031235408208],
      [0.030163660524, 0.13749350436, 0.14964603844, 0.33071064715, 0.014108274575, 0.22332240881, 0.03084828856, 0.046845967392, 0.016073603975, 0.020787606218]
    ],
    [
      [0.0063780651127, 0.065996090332, 0.087325825754, 0.062304372244, 0.11587537329, 0.54029523286, 0.0044757083378, 0.039210190017, 0.029919484306, 0.04821965775],
      [0.049100454298, 0.061811543831, 0.058519782149, 0.044490933277, 0.2803099526, 0.020281696338, 0.2497492611, 0.18542938176, 0.0083544534187, 0.041952541233],
      [0.032904238724, 0.04998208372, 0.090912285191, 0.37076372841, 0.019367875754, 0.29785422192, 0.038781642354, 0.067452142894, 0.0031734050099, 0.028808376018]
    ],
    [
      [0.015313933109, 0.069007609706, 0.13709585471, 0.02881803132, 0.1178478279, 0.38169027479, 0.0014680118325, 0.033807796142, 0.18302802257, 0.031922637924],
      [0.12888790327, 0.070608176354, 0.10036383667, 0.022477656799, 0.31138699943, 0.015697277816, 0.089532574353, 0.17472338469, 0.055980473364, 0.030341717257],
      [0.10050982885, 0.066458466125, 0.18149988551, 0.21947595544, 0.025049611855, 0.26784522882, 0.016176235757, 0.073960813151, 0.024770382145, 0.024253592357]
    ],
    [
      [0.011269954943, 0.083758324676, 0.094421754367, 0.051978673542, 0.13037491842, 0.47898227619, 0.0048073839613, 0.0083991658666, 0.10182827927, 0.034179268758],
      [0.089907264623, 0.081236097799, 0.065524760649, 0.038435250378, 0.32668615934, 0.018688355021, 0.27807386428, 0.041156475123, 0.029497819788, 0.030793953],
      [0.064399366535, 0.070230186327, 0.10882974005, 0.34296459618, 0.024123075561, 0.29273512547, 0.046125073161, 0.015998949774, 0.011985737444, 0.022608149499]
    ],
    [
      [0.0076570462221, 0.11030136276, 0.059588804562, 0.024940741712, 0.099013260505, 0.49713231607, 0.0024233898391, 0.015190978359, 0.16539526887, 0.018356831095],
      [0.078896569524, 0.13822578184, 0.053427072293, 0.02382573205, 0.32034510034, 0.024980017031, 0.1808978962, 0.096118089666, 0.061914439663, 0.02136930139],
      [0.056377951161, 0.11920005138, 0.088524999827, 0.21316429937, 0.023618918813, 0.39111833501, 0.029961950555, 0.037288384288, 0.025095019962, 0.015650089641]
    ],
    [
      [0.012420193588, 0.061201824605, 0.061783269026, 0.033912573261, 0.090819915838, 0.53112929675, 0.0021583230855, 0.02561929596, 0.14285712514, 0.038098182748],
      [0.12375346256, 0.074215073599, 0.053602273875, 0.031350296728, 0.28426438439, 0.025702104774, 0.15576521386, 0.15677590929, 0.051655444392, 0.042915836531],
      [0.081538145523, 0.058996890652, 0.081873933127, 0.25801925983, 0.019326873139, 0.37209445713, 0.023800024486, 0.056088174653, 0.019289812471, 0.028972428987]
    ],
    [
      [0.020899114052, 0.10285850518, 0.14855794355, 0.038064751726, 0.12342296411, 0.40502327036, 0.0037987450249, 0.024877899432, 0.095119133466, 0.037377673104],
      [0.14812131692, 0.088731769862, 0.091688994669, 0.025033128714, 0.27480001805, 0.013926138805, 0.19499537461, 0.10829024211, 0.024460237617, 0.029952778647],
      [0.11722444119, 0.084721895498, 0.16821461893, 0.24746679517, 0.02244299738, 0.242343245, 0.035791480069, 0.046536863986, 0.010970125795, 0.024287536986]
    ],
    [
      [0.0094415347345, 0.087319803396, 0.10104133545, 0.057015899254, 0.12232008827, 0.55810290123, 0.0032689181746, 0.011798014718, 0.028391833771, 0.021299671007],
      [0.086083023169, 0.096909747168, 0.080232405265, 0.048244104566, 0.35047436103, 0.024705248508, 0.21593230402, 0.066076914665, 0.0093829052593, 0.021958986345],
      [0.051172328103, 0.0695002082, 0.11055284768, 0.35688668254, 0.021490602815, 0.32277395453, 0.02976326862, 0.021326742868, 0.003159781668, 0.013373582966]
    ],
    [
      [0.010566780207, 0.10107373469, 0.07737316956, 0.029325119616, 0.11068550756, 0.50133615657, 0.0028482300521, 0.017850563165, 0.11911298213, 0.029827756438],
      [0.097123861373, 0.11305475628, 0.061917216531, 0.025002922845, 0.31947637578, 0.022362522543, 0.18955686587, 0.10074823852, 0.039764646482, 0.030992593778],
      [0.070972108398, 0.099678013847, 0.10490032825, 0.22933451234, 0.024100000381, 0.35922475214, 0.032130195907, 0.039979567977, 0.016473927243, 0.023206593515]
    ],
    [
      [0.0045675189847, 0.069716713865, 0.12827904185, 0.03461899665, 0.076725438038, 0.48254890443, 0.0036465302047, 0.022491505166, 0.097002907294, 0.080402443522],
      [0.042652424107, 0.079100025476, 0.10416372685, 0.029956067442, 0.226372876, 0.022184012834, 0.24882703687, 0.12934979139, 0.032656533751, 0.084737505291],
      [0.028702947703, 0.064254314995, 0.16247317146, 0.2474527356, 0.015560780475, 0.32503532571, 0.038506314573, 0.047130577318, 0.012445281294, 0.058438550868]
    ],
    [
      [0.0072545345901, 0.086121486398, 0.14407181764, 0.042632195327, 0.11529389746, 0.43420357509, 0.0037374169649, 0.021683788097, 0.13235782046, 0.012643467967],
      [0.060304596581, 0.08683248547, 0.10397071081, 0.032783270886, 0.30533504008, 0.017806590056, 0.23020630725, 0.11130418513, 0.039615644555, 0.011841169181],
      [0.043931757828, 0.076401128881, 0.17562395174, 0.29265945467, 0.022410751174, 0.28191667441, 0.038074027144, 0.043781760139, 0.016356324914, 0.0088441691045]
    ],
    [
      [0.0067347134456, 0.094289415995, 0.027013352148, 0.05386861655, 0.11900345406, 0.5466700151, 0.0025114678194, 0.023187058982, 0.1021838441, 0.024538061808],
      [0.063999534095, 0.1087655738, 0.022302700963, 0.047392187164, 0.35905217451, 0.025617891571, 0.17569960115, 0.13592255335, 0.034955437915, 0.026292345482],
      [0.040463854319, 0.083033785214, 0.032688777496, 0.36725067574, 0.023003549805, 0.35217719782, 0.025370922317, 0.0464539247, 0.01251810209, 0.017039210502]
    ],
    [
      [0.0083303479629, 0.14039154975, 0.073768431903, 0.039061218992, 0.086300039177, 0.49116072302, 0.0039500928756, 0.027022729485, 0.079000123033, 0.051014743799],
      [0.06967163873, 0.14260361686, 0.053630679563, 0.030260915066, 0.22931844647, 0.020255970863, 0.24298051817, 0.13941599763, 0.023728884048, 0.048133332598],
      [0.049972206862, 0.12347886148, 0.089155376617, 0.26585372123, 0.016660077877, 0.31595922352, 0.039846109902, 0.054064971193, 0.0096301598171, 0.035379291495]
    ],
    [
      [0.011912946765, 0.062921621426, 0.094707570079, 0.029672828503, 0.10650772269, 0.56706933485, 0.0042654709614, 0.02510949117, 0.072898914157, 0.0249340994],
      [0.099339808073, 0.063669051963, 0.068593284422, 0.022900051485, 0.2837622079, 0.023334587572, 0.26378940072, 0.12934317724, 0.021832682103, 0.023435748528],
      [0.075413049172, 0.058366770084, 0.12071438438, 0.21284931412, 0.021625427706, 0.38496032441, 0.045439292472, 0.05301157088, 0.0093836172694, 0.018236249493]
    ],
    [
      [0.01681415997, 0.090414921525, 0.14396384624, 0.037342630368, 0.12437804721, 0.43964860126, 0.0023769951591, 0.034905526048, 0.070442079675, 0.03971319254],
      [0.12780743652, 0.083387089081, 0.095031470998, 0.026266739706, 0.30057445913, 0.016483412784, 0.13340275359, 0.16374287519, 0.019282323872, 0.034021439126],
      [0.096522485871, 0.076052051822, 0.16639767846, 0.24313162107, 0.022946911901, 0.27060038783, 0.022946977466, 0.066810021035, 0.0082517178302, 0.02634014671]
    ],
    [
      [0.010419077327, 0.052000109381, 0.062018363884, 0.045064279326, 0.1007948324, 0.49939616807, 0.0038518745994, 0.020182529835, 0.15767003928, 0.048602725897],
      [0.092340515686, 0.055909980983, 0.047726481733, 0.036953769927, 0.28390015542, 0.021829876328, 0.25206851955, 0.11038382081, 0.050346294404, 0.048540585161],
      [0.064932145853, 0.047480744626, 0.077814041016, 0.31854915046, 0.020188634767, 0.33367480785, 0.040366680248, 0.041934635963, 0.02006532219, 0.034993837028]
    ],
    [
      [0.014499865108, 0.13143357055, 0.11796985009, 0.036803617972, 0.079731901587, 0.37981305229, 0.0021331982044, 0.011601337675, 0.21402836012, 0.011985246404],
      [0.14028826209, 0.15435721331, 0.099164071948, 0.032965471524, 0.24584173252, 0.018129521902, 0.15250395504, 0.069296628466, 0.074378622621, 0.013074520569],
      [0.093107834577, 0.12369712623, 0.1525594807, 0.26792043554, 0.01644491642, 0.26154589998, 0.023042825407, 0.02484480942, 0.027942883446, 0.0088937882828]
    ],
    [
      [0.0080150646428, 0.074025224696, 0.094335216127, 0.020263300533, 0.10457938619, 0.49708782203, 0.001588902864, 0.026194965854, 0.13084357387, 0.043066543191],
      [0.079950226294, 0.089531616708, 0.081663056952, 0.018691577076, 0.33164489776, 0.024456287658, 0.11732397582, 0.16129100064, 0.04706408554, 0.04838327555],
      [0.058709545054, 0.079416662707, 0.13906856673, 0.16832037344, 0.024601822786, 0.39031622122, 0.019572918547, 0.063960849618, 0.019600042807, 0.036432997089]
    ],
    [
      [0.01004590501, 0.16276510908, 0.147447881, 0.067871528541, 0.031506089786, 0.53330551328, 0.0032307810511, 0.014272015198, 0, 0.029555177052],
      [0.10298812607, 0.20253424573, 0.1313211816, 0.064412635309, 0.10280576546, 0.026969856977, 0.24449887953, 0.090308389845, 0, 0.034160919481],
      [0.047304125554, 0.11232832082, 0.13982516002, 0.36240605034, 0.0047674815529, 0.26928727431, 0.025587554536, 0.02241134957, 0, 0.016082683286]
    ],
    [
      [0.010137884076, 0.084697406403, 0.09916760593, 0.044799724888, 0.08750663281, 0.47957007884, 0.0031067892922, 0.023579676029, 0.14253078629, 0.024903415445],
      [0.09323583085, 0.094558451597, 0.079241796604, 0.038146107882, 0.25577172617, 0.021752243146, 0.21051961047, 0.13380042364, 0.047148290174, 0.025825519464],
      [0.060905398437, 0.074582207307, 0.11999388477, 0.30531299874, 0.0169072703, 0.30894046154, 0.031386508697, 0.04723958054, 0.017440247468, 0.017291442208]
    ],
    [
      [0.01194192168, 0.090651439203, 0.10490460493, 0.027314070917, 0.079020311112, 0.53872842537, 0.0030632257059, 0.023144919255, 0.086223335911, 0.03500774592],
      [0.11244906957, 0.10354428535, 0.085761503692, 0.02379436311, 0.23599418713, 0.025014012146, 0.21258076862, 0.13442979709, 0.029289079909, 0.037142933383],
      [0.076400137295, 0.084966700011, 0.13511431892, 0.19832233309, 0.016260105347, 0.36947393018, 0.032944170642, 0.049359930566, 0.011283652716, 0.025874721234]
    ],
    [
      [0.012677111731, 0.090371179964, 0.075083326717, 0.037904839994, 0.10667203982, 0.44212816334, 0.0015789988372, 0.026742479209, 0.1829730983, 0.023868762093],
      [0.11813701879, 0.10223754788, 0.060797805146, 0.03270576984, 0.3169295361, 0.02032754194, 0.10871944024, 0.15386180713, 0.061201170366, 0.025082362577],
      [0.082906769563, 0.086628887004, 0.098898525336, 0.28101736925, 0.022406544892, 0.31009313005, 0.017372185035, 0.05833127261, 0.02430501286, 0.0180403034]
    ],
    [
      [0.012158933949, 0.077946952096, 0.097467779328, 0.047771407467, 0.12654793507, 0.48296327702, 0.0019195152539, 0.038919882186, 0.07525706883, 0.039047248798],
      [0.099491448899, 0.077458147992, 0.069322142453, 0.036205718624, 0.32822298511, 0.019479146817, 0.11527581488, 0.19634005421, 0.022161544733, 0.036042996283],
      [0.069250903314, 0.065089279917, 0.11184278864, 0.30892606591, 0.023216920081, 0.29493096842, 0.01837794638, 0.073919841015, 0.0087337684186, 0.025711517905]
    ],
    [
      [0.012270709245, 0.075401039451, 0.083075789142, 0.048928366266, 0.12494702999, 0.44880684221, 0.0031984781891, 0.016159951259, 0.13679347257, 0.050418321674],
      [0.10293306204, 0.076763143215, 0.060534304409, 0.037990775319, 0.33287792878, 0.018566863001, 0.19770338552, 0.083631548267, 0.041320340228, 0.047678649213],
      [0.073439625502, 0.066134744622, 0.1001276034, 0.33223591127, 0.024050823976, 0.28800331156, 0.0321870545, 0.032248471646, 0.016701953835, 0.034870499691]
    ],
    [
      [0.0075568573712, 0.074194382682, 0.032485837947, 0.033023453736, 0.078377015477, 0.49168225921, 0.0034235459092, 0.016895136947, 0.19774217661, 0.064619334113],
      [0.075795420323, 0.090322363875, 0.028304862545, 0.030660846138, 0.24914590929, 0.024312701696, 0.25239929183, 0.10448724551, 0.071499757482, 0.073071601308],
      [0.053747676788, 0.077340526243, 0.046533637852, 0.26667019868, 0.017946511778, 0.37491895909, 0.040929517209, 0.04006334235, 0.028732366348, 0.053117263654]
    ],
    [
      [0.010380206268, 0.049774635052, 0.092465687947, 0.031243771126, 0.1163283284, 0.57254518062, 0.0029399615669, 0.016311647353, 0.084804212638, 0.023206369027],
      [0.099144213802, 0.057639552464, 0.076639143241, 0.027594085188, 0.35352123089, 0.02697396956, 0.20813288852, 0.096190734081, 0.02920227747, 0.024961904783],
      [0.068467276779, 0.048083139391, 0.12273993786, 0.23365486164, 0.024631705513, 0.40482710199, 0.032616519805, 0.03586552729, 0.011436872931, 0.017677056795]
    ]
  ],
  "expected_outcome": [
    [
      [0.44931940041, 0.55389122323, 0.37566451408, 0.77439702545, 0.22979863912, 2.5123871099, 1.3621123484, 0.82584396741, 0.64947865238, 0.73421535061, 0.64403083808, 0.34773829346, 0.79955400703, 0.38760405841, 0.30634777012, 0.23263033379, 0.44161536131, 0.1581884079, 0.14433421936, 0.26959311657, 0.25581690466, 0.1115431673, 0.24391481362, 0.1264215988, 0.058784088961, 0.095670976691, 0.3522204615, 0.2366690538, 0.15314092444, 0.17388271023, 0.27168848267, 0.10385688208, 0.16906848331, 0.059377746801, 0.13058162262, 0.10102070168, 0.091633827592, 0.16678125471, 0.2858407195, 0.18754339189, 0.1884982464, 0.1683163575, 0.14064267014, 0.14193037706, 0.2388384336, 0.15212534077, 0.15806614134, 0.19633134793, 0.12846657531, 0.21798433163],
      [6.206651616, 9.5780555831, 3.1803893875, 9.7062486453, 6.8250982557, 4.5932680607, 6.2166144265, 8.9144831326, 5.2932332575, 7.0034432273, 3.9248281273, 3.6361072792, 4.1698662021, 4.3995826876, 6.8703351329, 5.5862193346, 4.2519800746, 1.9561257573, 0.72941563592, 2.1947509759, 1.3397111046, 1.3160601858, 1.9793120941, 0.7703209394, 1.8242417215, 0.98994135499, 1.5871750232, 1.7589248182, 2.2060272553, 0.85682554447, 1.3371605673, 0.96051783735, 1.6171797551, 0.90631728025, 1.5501867552, 1.4143412399, 1.5443070473, 0.88090269996, 1.5370536659, 0.93600196887, 1.7086364172, 1.5545297186, 2.2787115272, 1.1857636896, 1.8130287841, 1.0844541596, 1.0133103772, 1.2064166312, 1.2613045056, 1.0452673361],
      [4.1629875799, 7.2510302588, 7.012567741, 7.0422199511, 8.1612774301, 10.7132471604, 8.6342230231, 5.6995302836, 2.6028694168, 7.7283663907, 4.5770955706, 3.5388252298, 5.3875749525, 10.4706810266, 5.3993981587, 4.8232162753, 4.4212917034, 1.0262428287, 1.5140065767, 2.3699834499, 1.8106770381, 2.5248588815, 0.98900229675, 1.4092932869, 1.4442005207, 1.3098873863, 3.1532046582, 1.9828568417, 1.1917760912, 0.86496576636, 1.9312532661, 1.11145469, 1.237970713, 1.667627544, 2.5932927176, 0.40520028223, 0.81145275093, 1.3259059811, 2.4473853862, 1.1163305499, 1.5336080511, 1.9810395387, 2.064270334, 1.388346483, 2.0980920985, 0.9009999206, 1.2670811313, 1.3292126263, 0.5522592451, 1.9417794469],
      [2.6852715758, 3.1360250809, 2.2555240804, 2.4602746109, 2.5608116465, 3.6998776422, 2.3891976268, 3.7146477384, 3.2220966521, 2.4101689659, 2.1076328293, 1.8010096565, 2.8560411703, 2.0244029157, 3.0397197172, 4.2066995727, 2.1653709047, 0.94615282501, 0.38706645509, 0.78076472399, 0.93551270972, 1.0308461244, 0.32663203819, 0.77019129592, 0.55322364431, 0.93456558366, 0.66281472035, 1.0915521444, 0.49881483423, 0.47477602565, 0.49484177244, 0.62717489179, 0.46920191385, 0.45004695645, 0.76737951589, 0.80802924825, 0.42967340891, 0.41541959904, 0.63482471626, 0.81115702787, 0.47844703363, 0.4255293112, 0.95020139957, 0.62719614843, 0.54628141835, 0.45485807992, 0.62102829707, 0.78285386026, 0.56139871351, 0.65611919365],
      [10.3936545447, 10.1915195408, 6.319352506, 6.1369008627, 4.1427681626, 5.8870048918, 7.3417101741, 7.4527687218, 8.8997666548, 5.4009222622, 6.7070568143, 4.3491122349, 7.1752545412, 1.6858358815, 9.2096836402, 9.3339635268, 3.81037541, 1.8353814764, 0.93573931028, 2.7018948936, 2.1923648626, 1.9361977121, 1.6090204505, 1.2675681971, 0.84770914544, 1.7381305993, 2.7105000416, 2.7378732869, 1.9802652101, 1.2714788217, 1.6044985335, 1.3455209709, 1.770968121, 0.99743069449, 2.0752901543, 1.7850518108, 0.94930043095, 1.4911081176, 2.1144268026, 1.8143069833, 1.0365147206, 2.19616711, 0.44108525701, 1.2250928593, 1.5804062222, 1.2800644778, 1.6451231559, 1.9991524798, 1.3324092631, 2.4428948965],
      [33.322448624, 30.463030486, 26.0211217456, 23.4306665413, 36.4738825901, 30.8450265997, 31.6869412532, 30.9061889103, 36.0643634135, 37.186457304, 40.3580433702, 36.8417354473, 27.2488889758, 32.5561470205, 39.0319013786, 37.9377807554, 21.1385294939, 8.0887438818, 6.9305572078, 11.5848473944, 9.1997799294, 5.6768891456, 10.6660000549, 4.9899005745, 4.0891471228, 8.1044284929, 8.7788763202, 10.0586278, 9.9426463215, 7.4358101545, 5.2653025146, 6.1391319135, 8.0213785052, 6.2731357576, 7.8156643516, 8.2000502265, 5.4027679532, 7.9389706879, 7.4740262214, 8.9891310252, 4.9375696798, 10.4388442626, 7.4662771859, 6.7139811037, 10.7745685074, 5.3055379601, 6.2785226013, 7.1809094754, 8.3585984066, 12.023448793],
      [0.20959079653, 0, 0.25900206194, 0.094481868849, 0.11363187941, 0.24224127278, 0.20280696726, 0.27540074661, 0, 0.059343915061, 0.20698886902, 0.31425803415, 0.212419922, 0.2004113968, 0.30149783252, 0.24090936156, 0.11879185379, 0.072268407593, 0.028828323552, 0.05679903007, 0.062274617387, 0.070203502906, 0.045086090412, 0.030226488906, 0.035785709582, 0.067135625067, 0.033764272149, 0.10095506319, 0.048467796781, 0.030216523197, 0.049383685324, 0.03595809992, 0.045571680834, 0.047404892661, 0.067273505368, 0.037672017291, 0.043451021632, 0.05971659346, 0.040408917704, 0.069333742789, 0.027731576657, 0.033366960144, 0.045230934716, 0.043495050091, 0.061264514119, 0.018947986046, 0.0249536983, 0.051175651025, 0.058200280457, 0.061739192905],
      [1.4436821955, 2.2167744915, 1.5631883164, 1.9678736637, 2.6016449397, 3.6652473735, 1.1855632271, 1.4009016513, 1.4463355568, 2.7059081979, 0, 2.1429701445, 0.54424966882, 1.3243249456, 0.45544889523, 0.76838875849, 0.46091969001, 0.36369936109, 0.29429728284, 0.55990541344, 0.33704253923, 0.54121880813, 0.53262067622, 0.36500063703, 0.27371649843, 0.58815285025, 0.77757931127, 0.1763824832, 0.30381956718, 0.35867014345, 0.32341269262, 0.1297781619, 0.28560901065, 0.29238956715, 0.39030818574, 0.34780588474, 0.29725002433, 0.35153287638, 0.59339394281, 0.36328553702, 0.15081738978, 0.55009428294, 0.19980821278, 0.3301154644, 0.46289838511, 0.32090975051, 0.50595846841, 0.25855922015, 0.28721732811, 0.34254459442],
      [7.2535808626, 8.3137731813, 12.3406160963, 8.9829191347, 5.3354246225, 6.0434349498, 6.5250903821, 10.4769834991, 7.0494740228, 8.0443991091, 7.7459370419, 6.1009770687, 8.7186916986, 8.6429711744, 11.0316352045, 3.680301506, 4.4585254356, 3.1663613734, 0.5828408928, 2.0107206357, 1.4184231159, 2.9680583148, 2.430551664, 3.4374217222, 1.5235881736, 0.44879226459, 4.2096445191, 2.1383938648, 3.3079053774, 1.999999752, 1.2365487351, 0.31231017149, 1.9058077142, 1.2610377948, 2.3824407683, 1.5327576614, 0.86900135336, 1.0205847982, 1.1975153545, 2.838060707, 2.7823686816, 2.7477150513, 0, 1.9954310081, 1.7244667182, 2.1956771796, 0.97834189479, 2.1886955611, 3.3616170023, 1.7808884654],
      [2.8728128045, 2.2959001544, 4.6725735507, 3.4040176961, 3.5556618343, 0.79826493934, 1.4557405713, 2.3332513489, 2.7723823733, 0.72677527717, 2.7283865392, 1.9272666116, 1.8874588617, 3.3080388928, 2.35403227, 2.1898905754, 2.7326000727, 0.38683568089, 0.45291409566, 0.47074036654, 1.4483971784, 0.8241241575, 0.17785982137, 0.83365525934, 0.34960337465, 0.72329486626, 0.73422067226, 0.71776464391, 0.36713662189, 0.53337455847, 0.48590975035, 0.23429638108, 0.47724410301, 1.0452317658, 0.22758242341, 0.36807092711, 0.56116218179, 0.34907739159, 0.67512427317, 0.87484906614, 0.15580820325, 0.90439740701, 0.41377247873, 0.34864781623, 0.7001549184, 0.28642514512, 0.50761423437, 0.80669314678, 1.0985286799, 0.48733374956]
    ],
    [
      [0.93031734761, 0.77855465637, 0.95137078927, 1.7762264789, 0.53248955524, 3.7740730793, 1.8366603661, 0.75283163342, 1.46631354, 1.6239440701, 1.6888838921, 0.80925600525, 2.5768454486, 1.0260196147, 0.49252685216, 0.43821762743, 3.4691456478, 4.8328493937, 8.9743061561, 6.9450439264, 7.5520992584, 2.9542607041, 8.7654347809, 6.2425864125, 3.5289396781, 3.0933286208, 7.9910500026, 5.3045286128, 5.128277019, 8.5389889167, 10.3684921841, 5.8536455755, 6.8957941575, 1.3648775714, 0.84426435214, 1.2799906819, 1.4631044133, 1.2914175049, 2.1727264208, 1.5697887667, 2.2446121935, 1.1992533944, 1.7507981432, 1.7714807862, 2.1365323219, 1.8901923006, 2.3877947736, 1.9557281788, 1.6674992471, 1.3880189932],
      [1.5400804992, 1.6064869242, 0.9676334369, 2.6735491824, 1.8934758471, 0.82669910751, 1.0039633429, 0.96988054449, 1.4317380947, 1.8527437677, 1.233149418, 1.0170919426, 1.6180947022, 1.3974058531, 1.3156065351, 1.2601455561, 4.0422841713, 7.2692756844, 5.5214792795, 6.8752630069, 4.8110206938, 4.23941034, 8.6531773266, 4.6302074921, 13.3345697236, 3.8941272614, 4.3777069339, 4.7929297701, 8.9846758197, 5.1208400783, 6.2112238903, 6.5898628074, 8.0268876957, 2.5312008152, 1.2156547966, 2.1753114761, 2.9946759542, 0.82769767552, 1.4175805144, 0.95046967672, 2.4697154129, 1.3429742506, 3.4430821774, 1.7966105803, 1.9673414217, 1.635800766, 1.8589955518, 1.4584997211, 1.9870920053, 0.8069537345],
      [0.73920995876, 0.87033715843, 1.5268147261, 1.3881350891, 1.6202821097, 1.3798339588, 0.99789953711, 0.44377415522, 0.50382917554, 1.4630850579, 1.0291177454, 0.70839641589, 1.4960720352, 2.3799959726, 0.73989097584, 0.77862105281, 3.0077654776, 2.7286138495, 8.1992533459, 5.3115534692, 4.6520983537, 5.8194727151, 3.0933651902, 6.0602606346, 7.5523684439, 3.6867462754, 6.2225578735, 3.8659608783, 3.4727596991, 3.6985568973, 6.4182296268, 5.455803558, 4.3961223737, 3.3332392591, 1.4555899513, 0.44605401927, 1.1262442708, 0.89171269749, 1.615535007, 0.81135018947, 1.5866251512, 1.2249458543, 2.2324600872, 1.5055941355, 1.6294685702, 0.97276488234, 1.6637314189, 1.1501517838, 0.622706976, 1.0729480054],
      [0.50791302447, 0.40096483248, 0.52315182063, 0.51664166426, 0.54157135196, 0.50762182767, 0.29417742416, 0.30811745963, 0.66441637226, 0.48601894783, 0.50479757843, 0.38409740713, 0.84492085905, 0.49021403505, 0.4436301926, 0.72342482355, 1.5694851847, 2.6805233674, 2.2334737603, 1.8641222735, 2.5608902719, 2.5318202029, 1.0884414086, 3.5286760386, 3.0824600315, 2.8029287964, 1.3936147215, 2.2676797723, 1.5486725832, 2.1631704742, 1.75231901, 3.2805991105, 1.775207522, 0.95859415815, 0.4589657924, 0.94784374327, 0.63547921638, 0.2977006693, 0.446534575, 0.62821408876, 0.52744754438, 0.28037365614, 1.0950148003, 0.72477604975, 0.45209289909, 0.52329231744, 0.86893724698, 0.72182473107, 0.67453861504, 0.38631719264],
      [6.7014415105, 4.4492051378, 4.9951520027, 4.3947365048, 2.9882315447, 2.7541296506, 3.088982465, 2.1139885818, 6.2626757574, 3.7140568706, 5.4776130675, 3.1651013858, 7.230354133, 1.3930003548, 4.5845313701, 5.4771607839, 9.3859813694, 17.6123430814, 18.2749993184, 21.845029654, 20.322388325, 16.1141500989, 18.1538158666, 19.6560982681, 15.9844220417, 17.6595270139, 19.3059939644, 19.274483401, 20.8224315221, 19.6142425229, 19.2360012638, 23.8322565503, 22.6828226803, 7.243932032, 4.2746905611, 7.1810434902, 4.8156873758, 3.6889087027, 5.1097658053, 4.8263026421, 3.9334677204, 4.9746734664, 1.7476980128, 4.8596627973, 4.4838895554, 5.0708725775, 7.8773516425, 6.3246806468, 5.4812100045, 4.9492972324],
      [0.33733416618, 0.20861560729, 0.32284114338, 0.26323278061, 0.41292633393, 0.22651056297, 0.20886758253, 0.13731116216, 0.39806570514, 0.40148807338, 0.51737184937, 0.42029246051, 0.43091676688, 0.42186117425, 0.30517746138, 0.34924557414, 0.81658039915, 1.2052063413, 2.0824179089, 1.4548709648, 1.3227033601, 0.73454057144, 1.8644957234, 1.1918260388, 1.1831725651, 1.2777468693, 0.97323122456, 1.1026129462, 1.623701107, 1.7734452294, 0.97482971638, 1.6799568985, 1.5877391006, 0.70988841068, 0.24929226079, 0.51235783142, 0.42537538812, 0.30334963843, 0.28021801733, 0.37110789757, 0.29007235043, 0.36684431487, 0.45848756862, 0.41329261977, 0.47526623078, 0.32524067104, 0.4674995236, 0.35277039702, 0.53487943731, 0.37763557384],
