{
  "X": [
    [10, 0, 11, 9, 15, 13, 9, 4, 14, 15],
    [7, 0, 13, 13, 14, 17, 9, 5, 7, 15],
    [8, 3, 8, 14, 19, 13, 6, 2, 15, 12],
    [8, 3, 13, 11, 18, 13, 5, 4, 14, 11],
    [8, 4, 10, 17, 13, 18, 5, 3, 12, 10],
    [6, 1, 13, 19, 16, 11, 7, 7, 9, 11],
    [6, 0, 12, 5, 21, 13, 6, 4, 15, 18],
    [11, 3, 12, 13, 15, 11, 9, 2, 16, 8],
    [7, 4, 13, 12, 13, 19, 1, 5, 11, 15],
    [10, 1, 15, 9, 17, 10, 9, 6, 11, 12],
    [6, 2, 15, 8, 18, 10, 3, 9, 11, 18],
    [4, 4, 16, 18, 8, 13, 8, 3, 14, 12],
    [12, 4, 14, 12, 14, 6, 10, 5, 14, 9],
    [4, 1, 18, 13, 17, 6, 8, 5, 19, 9],
    [13, 1, 15, 8, 14, 15, 5, 4, 14, 11],
    [4, 0, 17, 11, 20, 14, 9, 5, 11, 9],
    [10, 1, 10, 11, 17, 12, 4, 7, 13, 15],
    [10, 7, 3, 21, 18, 6, 3, 5, 14, 13],
    [7, 6, 5, 15, 11, 7, 6, 9, 20, 14],
    [10, 2, 9, 19, 12, 8, 3, 8, 20, 9],
    [7, 4, 6, 12, 9, 2, 8, 12, 20, 20],
    [11, 6, 1, 15, 12, 5, 7, 8, 19, 16],
    [8, 5, 9, 16, 14, 7, 2, 7, 16, 16],
    [9, 3, 11, 11, 14, 7, 4, 9, 13, 19],
    [3, 8, 7, 16, 14, 9, 6, 10, 13, 14],
    [6, 4, 6, 18, 16, 4, 2, 9, 18, 17],
    [7, 5, 7, 15, 17, 5, 4, 5, 20, 15],
    [6, 3, 8, 11, 14, 4, 7, 12, 27, 8],
    [10, 7, 4, 18, 11, 7, 2, 8, 16, 17],
    [7, 3, 5, 22, 18, 9, 2, 10, 14, 10],
    [9, 7, 8, 13, 9, 5, 2, 7, 17, 23],
    [7, 4, 9, 17, 16, 8, 4, 9, 19, 7],
    [6, 9, 5, 10, 16, 8, 7, 6, 15, 18],
    [6, 2, 11, 25, 7, 7, 2, 7, 25, 8],
    [7, 2, 11, 14, 12, 18, 5, 3, 20, 8],
    [11, 2, 14, 13, 9, 10, 6, 8, 15, 12],
    [2, 0, 9, 16, 15, 18, 4, 11, 18, 7],
    [3, 2, 8, 17, 14, 17, 2, 4, 21, 12],
    [9, 2, 9, 15, 7, 14, 5, 8, 24, 7],
    [9, 2, 9, 9, 11, 15, 3, 7, 20, 15],
    [11, 1, 11, 19, 12, 15, 1, 6, 14, 10],
    [4, 3, 9, 21, 17, 18, 4, 7, 9, 8],
    [8, 2, 7, 13, 13, 8, 4, 6, 24, 15],
    [3, 1, 10, 18, 7, 10, 1, 10, 23, 17],
    [4, 2, 11, 10, 12, 24, 5, 3, 19, 10],
    [11, 4, 11, 14, 4, 11, 0, 11, 18, 16],
    [10, 2, 7, 11, 13, 12, 5, 8, 15, 17],
    [5, 3, 10, 19, 19, 12, 3, 6, 16, 7],
    [4, 3, 13, 11, 14, 12, 6, 8, 18, 11],
    [7, 1, 15, 11, 12, 18, 5, 7, 16, 8]
  ],
  "W": [
    [64, 19, 17],
    [70, 16, 14],
    [60, 16, 24],
    [67, 14, 19],
    [67, 19, 14],
    [67, 18, 15],
    [68, 18, 14],
    [63, 20, 17],
    [58, 19, 23],
    [67, 12, 21],
    [65, 14, 21],
    [70, 16, 14],
    [58, 21, 21],
    [62, 16, 22],
    [74, 11, 15],
    [70, 17, 13],
    [52, 34, 14],
    [16, 66, 18],
    [19, 67, 14],
    [15, 67, 18],
    [17, 74, 9],
    [14, 74, 12],
    [22, 61, 17],
    [18, 65, 17],
    [14, 60, 26],
    [13, 73, 14],
    [19, 59, 22],
    [15, 64, 21],
    [15, 56, 29],
    [18, 56, 26],
    [20, 67, 13],
    [19, 68, 13],
    [15, 71, 14],
    [13, 36, 51],
    [15, 19, 66],
    [18, 9, 73],
    [13, 24, 63],
    [23, 13, 64],
    [18, 16, 66],
    [19, 14, 67],
    [13, 16, 71],
    [16, 20, 64],
    [18, 18, 64],
    [14, 28, 58],
    [16, 16, 68],
    [18, 22, 60],
    [16, 22, 62],
    [24, 18, 58],
    [17, 13, 70],
    [25, 15, 60]
  ],
  "method": "mult",
  "cond_prob": [
    [
      [0.10365359552, 0, 0.13852219922, 0.069841819049, 0.16805509073, 0.14536183305, 0.11470738901, 0.021050797732, 0.097082041224, 0.14172523447],
      [0.10407803547, 0, 0.026283792107, 0.13677880879, 0.13486900011, 0.022587976018, 0.053666746127, 0.08998173116, 0.21771299824, 0.21404091197],
      [0.080741914296, 0, 0.088640535519, 0.11844046195, 0.095049027376, 0.18546454116, 0.032693999586, 0.061211685034, 0.22471302905, 0.11304480602]
    ],
    [
      [0.071618825949, 0, 0.15592867229, 0.10416261478, 0.15265430056, 0.18551502091, 0.10885086184, 0.02839732663, 0.050882304724, 0.14199007231],
      [0.075066250843, 0, 0.030898697555, 0.2129871955, 0.12789094381, 0.030097875722, 0.053178998686, 0.12687382798, 0.11915739193, 0.22384881798],
      [0.055786323292, 0, 0.099795038213, 0.17666413601, 0.086344268101, 0.2366680027, 0.031037069158, 0.082635345956, 0.11782166841, 0.11324814816]
    ],
    [
      [0.08694613558, 0.012904543575, 0.10418013704, 0.11030451125, 0.22583558983, 0.14308473207, 0.082537624029, 0.010638888154, 0.10335966115, 0.12020817732],
      [0.075974134921, 0.1089550204, 0.017202374101, 0.18797446549, 0.15771119254, 0.019358016012, 0.033594155244, 0.03956298855, 0.20166079667, 0.15800685608],
      [0.065087495053, 0.018595155101, 0.064068423992, 0.17976069271, 0.1227370126, 0.17542966027, 0.022599072515, 0.029725438127, 0.22985413543, 0.092142914191]
    ],
    [
      [0.085625072479, 0.013952985971, 0.16174571601, 0.089986999141, 0.20703011159, 0.14212352669, 0.064537965195, 0.023068796832, 0.10218866344, 0.10974016265],
      [0.075365088693, 0.11899616911, 0.026914646332, 0.15450428172, 0.14564468316, 0.019369027532, 0.026471665258, 0.086524762835, 0.20091489069, 0.14529478468],
      [0.063413892886, 0.01989349556, 0.098425009756, 0.14510547709, 0.11132939112, 0.1723803803, 0.017491830625, 0.063815635589, 0.22492709742, 0.083217789648]
    ],
    [
      [0.085741165944, 0.016097045466, 0.1293248137, 0.13959230369, 0.14944854375, 0.21142300118, 0.064572560857, 0.016944893902, 0.089042517356, 0.097813154151],
      [0.075338997027, 0.13632082451, 0.021476859219, 0.23925474315, 0.10496031078, 0.028747403421, 0.026442581953, 0.063413850308, 0.17477705202, 0.12926737761],
      [0.059816538622, 0.021612185932, 0.074119803371, 0.21202534872, 0.075706082565, 0.24159057507, 0.016487179605, 0.04414069158, 0.18462763307, 0.069873961463]
    ],
    [
      [0.063836072192, 0.0041056416482, 0.16564395339, 0.15480165602, 0.18265969936, 0.12642882436, 0.089755721096, 0.039420944919, 0.066094520026, 0.10725296699],
      [0.056946646776, 0.035332567314, 0.027929440559, 0.26937096269, 0.13024033556, 0.017454920387, 0.037315034889, 0.14979212195, 0.13171058632, 0.14390738355],
      [0.046565651333, 0.0057640280231, 0.099268075894, 0.24585256486, 0.09674902953, 0.15105298013, 0.02396195198, 0.10738021895, 0.14329464604, 0.080110853257]
    ],
    [
      [0.061793987291, 0, 0.14768474653, 0.03974067219, 0.23148742731, 0.14539536836, 0.073982675312, 0.022083867827, 0.10787418046, 0.16995707472],
      [0.061797762738, 0, 0.027916930436, 0.077526221149, 0.18503775481, 0.022502716847, 0.034482922399, 0.094087782583, 0.24100545251, 0.25564245652],
      [0.048272759403, 0, 0.094783586662, 0.067592606222, 0.13130949204, 0.18603306406, 0.021153394975, 0.064427331308, 0.25047850533, 0.13594925999]
    ],
    [
      [0.11614984596, 0.011383362168, 0.1554843044, 0.10203717119, 0.1715733533, 0.12644893843, 0.11763532254, 0.010548444877, 0.1120903574, 0.07664889974],
      [0.10793124442, 0.10183898279, 0.027299806113, 0.18492603795, 0.12742673753, 0.018182511539, 0.050930942951, 0.041717812953, 0.23261783479, 0.10712808896],
      [0.088423838895, 0.016677279737, 0.097232934976, 0.16910871509, 0.094836618069, 0.15767905338, 0.03276579541, 0.029972695775, 0.25355141052, 0.059751658149]
    ],
    [
      [0.07663034656, 0.015802605193, 0.17535370665, 0.093958113179, 0.15628519176, 0.21740094125, 0.014048778751, 0.025852327532, 0.075357787827, 0.1493102013],
      [0.06884371378, 0.13676397533, 0.029760301716, 0.16460767876, 0.11220981374, 0.03023070316, 0.005878314224, 0.098787275147, 0.15114859741, 0.20176962674],
      [0.054600138182, 0.021669940177, 0.10262648336, 0.14573082683, 0.080842075611, 0.25371783113, 0.0036607030058, 0.068727480362, 0.15948725772, 0.10893726363]
    ],
    [
      [0.10460263634, 0.0048549669333, 0.17972717791, 0.071885564021, 0.19123469316, 0.10398088098, 0.11357001217, 0.034128300086, 0.077995793746, 0.11801997465],
      [0.10009035197, 0.045133025806, 0.032516167451, 0.1341812997, 0.14625260373, 0.015408847291, 0.050640543422, 0.13918973515, 0.16670723055, 0.16988019492],
      [0.083749604465, 0.0074843820089, 0.11824145424, 0.12531786037, 0.11117159481, 0.13633623702, 0.033275775836, 0.10207895416, 0.18559331519, 0.0967508219]
    ],
    [
      [0.064909446573, 0.0093138299639, 0.18943180038, 0.065129788006, 0.21033806706, 0.10937303581, 0.039673105437, 0.051135927075, 0.079319127313, 0.18137587239],
      [0.05457532573, 0.075866323371, 0.030108394485, 0.10681502647, 0.14134696349, 0.01423944218, 0.015542584455, 0.1831532356, 0.1489530838, 0.22939962043],
      [0.048474871763, 0.013390597705, 0.11623513041, 0.10589911051, 0.11405174923, 0.13376983115, 0.010841043875, 0.14261630204, 0.17602760158, 0.13869376174]
    ],
    [
      [0.042976511193, 0.017806082342, 0.20153228058, 0.15145479741, 0.091603697349, 0.14897572882, 0.10160646867, 0.017892487207, 0.10686580914, 0.11928613729],
      [0.036212073157, 0.14506379068, 0.032104322971, 0.2489598765, 0.061694785091, 0.019430187323, 0.039905645967, 0.064264333218, 0.2011859725, 0.1511790126],
      [0.030116967363, 0.024018397309, 0.11603984148, 0.23109954706, 0.046614068663, 0.17098402029, 0.026064519864, 0.046842347082, 0.22262642464, 0.085593866259]
    ],
    [
      [0.12847785709, 0.0146817946, 0.18762004396, 0.091998372399, 0.16446611684, 0.06909861003, 0.13731653012, 0.025094233491, 0.094359732254, 0.086886709207],
      [0.11283006442, 0.12400298931, 0.031122643173, 0.15755078161, 0.11543230566, 0.0093903651556, 0.056167320305, 0.093720258129, 0.18501254457, 0.11477072767],
      [0.10222869463, 0.022480956043, 0.12261524493, 0.15934514688, 0.095006659383, 0.09006050556, 0.039959029559, 0.074491519562, 0.2230177676, 0.070794475854]
    ],
    [
      [0.042927176827, 0.0042866732309, 0.23042299295, 0.10269839394, 0.19846444182, 0.065889754605, 0.10712053033, 0.026913551431, 0.1321836329, 0.089092851977],
      [0.039357904983, 0.037980796283, 0.039926095328, 0.18364496097, 0.14542840915, 0.0093529242556, 0.045754331666, 0.10504536736, 0.27063539568, 0.12287381433],
      [0.032043067053, 0.0061592661403, 0.14130391186, 0.16689176881, 0.1075570375, 0.080552930947, 0.029251161373, 0.074994821899, 0.29314971987, 0.068096314556]
    ],
    [
      [0.13588438265, 0.0052005509274, 0.17587372517, 0.067444654078, 0.15469201235, 0.15932641977, 0.060269426165, 0.025105037379, 0.10737582853, 0.10882796298],
      [0.13082970733, 0.048750516797, 0.032027929871, 0.12670416751, 0.11904994901, 0.023755529993, 0.027052191317, 0.10317568025, 0.23104116555, 0.15761316238],
      [0.10012056004, 0.0073784645869, 0.10649425782, 0.1082183605, 0.082768424749, 0.19224100614, 0.016259140626, 0.069162360563, 0.23525722117, 0.082100203805]
    ],
    [
      [0.040535342317, 0, 0.20345858932, 0.087336855268, 0.21592551569, 0.15347926978, 0.10780104833, 0.02799647367, 0.079437226144, 0.084029679489],
      [0.044099973011, 0, 0.041845836503, 0.18536231148, 0.18776896434, 0.025842908096, 0.054666796221, 0.12981823203, 0.19309398257, 0.13750099575],
      [0.031860707562, 0, 0.13139131089, 0.14946854422, 0.12324014859, 0.1975799838, 0.03101690308, 0.082201728934, 0.18561203562, 0.067628637301]
    ],
    [
      [0.1050353869, 0.0026733289966, 0.14882467128, 0.079748342549, 0.19801485511, 0.16050505693, 0.05612892101, 0.030835074661, 0.083709589784, 0.13452477277],
      [0.10067418818, 0.024453637787, 0.026907245499, 0.14901347103, 0.15168024509, 0.023765168172, 0.025050697999, 0.12547541683, 0.17908709928, 0.19389283013],
      [0.078711185481, 0.003853413917, 0.091540713912, 0.13005672636, 0.1077251195, 0.19710625508, 0.015377430238, 0.08611482052, 0.18627289727, 0.10324143772]
    ],
    [
      [0.11581393473, 0.011880472816, 0.082433294917, 0.13408477555, 0.25323078424, 0.13376348712, 0.064038785176, 0.016178480144, 0.076442726206, 0.11213325909],
      [0.099437626598, 0.096519292071, 0.013230649607, 0.22421229036, 0.17369529022, 0.017626711297, 0.025515044511, 0.058736112067, 0.14629493114, 0.14473205213],
      [0.087344179918, 0.017227778614, 0.05081859489, 0.21991584166, 0.13855911677, 0.16562710358, 0.017580900056, 0.045363068409, 0.17092950136, 0.086633914735]
    ],
    [
      [0.078798892234, 0.0099037312121, 0.13246292028, 0.09503953672, 0.14882955018, 0.15925109243, 0.12003015014, 0.028974714819, 0.10940691051, 0.11730250147],
      [0.070094527011, 0.083348428544, 0.022034871624, 0.164655965, 0.10576991095, 0.021725999475, 0.049572511803, 0.10899574599, 0.21694897129, 0.1568530683],
      [0.05716936087, 0.013814954406, 0.078568855665, 0.14995370815, 0.07834657717, 0.18972199554, 0.031720181848, 0.078158108488, 0.23536409366, 0.087182164207]
    ],
    [
      [0.10346079093, 0.0029925002806, 0.22565080103, 0.10776070133, 0.15121759608, 0.16217249769, 0.057832640722, 0.022900380639, 0.096940445555, 0.069071645746],
      [0.10632679622, 0.029095374336, 0.04332986354, 0.215678691, 0.12414976902, 0.025570678404, 0.027576883902, 0.099506730382, 0.22205577557, 0.10670943762],
      [0.075611978779, 0.0042050240945, 0.13477320458, 0.17126629271, 0.080177840348, 0.1946046837, 0.015382935773, 0.062219789755, 0.21004538964, 0.051712860622]
    ],
    [
      [0.079733536184, 0.0062177003772, 0.18018173184, 0.076394356718, 0.12345005659, 0.055160905513, 0.16433806852, 0.038048667481, 0.11080954415, 0.16566543262],
      [0.068670068798, 0.05061394435, 0.028951925911, 0.12813326853, 0.084944043308, 0.0072603982546, 0.065707744884, 0.1385326804, 0.21273175221, 0.21445417336],
      [0.062061573301, 0.0093043413463, 0.11453134977, 0.1293057859, 0.069721543772, 0.070568691005, 0.046587769978, 0.11008779926, 0.25573003016, 0.13210111552]
    ],
    [
      [0.12944530994, 0.0095384635404, 0.031819260946, 0.096744342255, 0.17173939888, 0.13881275037, 0.15393564007, 0.025578577618, 0.10582702927, 0.1365592271],
      [0.10850029894, 0.075566590203, 0.0049720541738, 0.15791485982, 0.11500214301, 0.017788923918, 0.059872159132, 0.090625140497, 0.19770888231, 0.172048948],
      [0.096484272857, 0.013668841507, 0.019361625838, 0.15680549694, 0.092874601396, 0.17004409239, 0.041763655089, 0.070865758102, 0.23385447095, 0.10427718492]
    ],
    [
      [0.087032569185, 0.0085672693905, 0.20904941507, 0.099428627599, 0.18199220595, 0.13579957935, 0.037635294806, 0.022557402784, 0.085534011067, 0.1324036248],
      [0.081345094224, 0.075831856948, 0.036607225112, 0.18101347379, 0.13589894817, 0.019508062389, 0.016335921953, 0.08919135614, 0.17822744416, 0.18604061711],
      [0.065309487534, 0.012361538012, 0.12836325062, 0.16227465659, 0.09909351418, 0.167238419, 0.010290524683, 0.062949934464, 0.1903404722, 0.10177820271]
    ],
    [
      [0.088728739162, 0.0044080023614, 0.25025773579, 0.060529489985, 0.16665963597, 0.13154570751, 0.071065147118, 0.025243916472, 0.061369716649, 0.14019190898],
      [0.094818292678, 0.044579236166, 0.050025038418, 0.12598024424, 0.14228296112, 0.02157997425, 0.035251263479, 0.11408243182, 0.14618844214, 0.22521211568],
      [0.072987883727, 0.0069718924181, 0.16832537105, 0.10828491171, 0.09946795133, 0.17764434548, 0.02128762387, 0.077208667204, 0.14968476123, 0.11813659198]
    ],
    [
      [0.032897715726, 0.013575332409, 0.17044644568, 0.094932092948, 0.18857654741, 0.16251782068, 0.12534083329, 0.030404025233, 0.064907486043, 0.11640170059],
      [0.031027686949, 0.12126630926, 0.03008207031, 0.17437722438, 0.14207434029, 0.023580274331, 0.054826276663, 0.12126533901, 0.13644124772, 0.1650592311],
      [0.025728640905, 0.020415883577, 0.10902167848, 0.16146800417, 0.10698647987, 0.20855399386, 0.035658393697, 0.088413395531, 0.15049639357, 0.093257136345]
    ],
    [
      [0.068128339685, 0.0061695263414, 0.18301443623, 0.1111905837, 0.22184551372, 0.10314247415, 0.043020875844, 0.027581594969, 0.095605132175, 0.14030152318],
      [0.060257315989, 0.051581424972, 0.03017793823, 0.19151316007, 0.15675181716, 0.013957513583, 0.017652722468, 0.10311529643, 0.18846586139, 0.18652694972],
      [0.050579385107, 0.0088062106945, 0.11092443805, 0.17950651427, 0.11949117558, 0.12582469194, 0.011622563778, 0.076112472026, 0.21042227007, 0.10671027848]
    ],
    [
      [0.078208538439, 0.0088955237111, 0.16596293983, 0.09366319823, 0.2295116396, 0.093186291402, 0.080178814298, 0.016182593324, 0.10619720585, 0.12801325531],
      [0.0705504054, 0.076018308859, 0.028046521369, 0.1645687084, 0.1653991766, 0.012931552293, 0.033571940013, 0.061750426781, 0.21354832208, 0.17361463821],
      [0.060643550515, 0.013263552883, 0.10530038999, 0.15795814191, 0.12911797162, 0.118559493, 0.022638983824, 0.04666368909, 0.24417165836, 0.1016825688]
    ],
    [
      [0.066374384032, 0.0049440855088, 0.20582478984, 0.066524499335, 0.18903408163, 0.080487934083, 0.14486631758, 0.036892489467, 0.13877059911, 0.066280819407],
      [0.061643544615, 0.043460476291, 0.035743542799, 0.12032539728, 0.14024708202, 0.011482733887, 0.062418282821, 0.14488063465, 0.28725714076, 0.092541164874],
      [0.050007477778, 0.0071623928044, 0.12677799383, 0.10899961714, 0.10332313635, 0.099538332575, 0.03971883705, 0.10334161457, 0.30997413856, 0.051156459347]
    ],
    [
      [0.12527952573, 0.014232671539, 0.10501605532, 0.12236642111, 0.16917876906, 0.1334554337, 0.047393531993, 0.028195671892, 0.091071803708, 0.16381011594],
      [0.099082399646, 0.1066919009, 0.015558320035, 0.18849106698, 0.10688119687, 0.016255628693, 0.017384416527, 0.094319547858, 0.16053753791, 0.19479798459],
      [0.089086921583, 0.019463073699, 0.061105579664, 0.1892510126, 0.08726972446, 0.15567236485, 0.012259997557, 0.074560179892, 0.19200498189, 0.1193261638]
    ],
    [
      [0.080846255901, 0.0056847133853, 0.11880607483, 0.14067619536, 0.25258226836, 0.16142362053, 0.042094788714, 0.033335264602, 0.075504803098, 0.089046015228],
      [0.072160361771, 0.048093718538, 0.019874063566, 0.24456471634, 0.18009704707, 0.02218596163, 0.017434991369, 0.12586731712, 0.1502215967, 0.11950022589],
      [0.057854251524, 0.007822863865, 0.069582260731, 0.21895141365, 0.13113017473, 0.18949342654, 0.010965490427, 0.08871619899, 0.16020905407, 0.065274865472]
    ],
    [
      [0.10220260191, 0.011695929666, 0.21229128378, 0.083642493942, 0.12244045632, 0.11564686496, 0.039906409106, 0.022924088819, 0.094682897364, 0.19456697414],
      [0.088867247515, 0.096217056042, 0.034526442345, 0.14165222531, 0.085059242935, 0.01542072516, 0.016112925762, 0.084298483185, 0.18353350697, 0.25431214477],
      [0.076340879262, 0.016797102052, 0.12965176414, 0.13587365973, 0.066362074987, 0.14184992886, 0.010859788505, 0.063666285118, 0.20971733584, 0.14888118151]
    ],
    [
      [0.071018387739, 0.0058932560603, 0.2178078279, 0.097160825973, 0.19497655705, 0.16840656081, 0.072035338833, 0.026072993157, 0.093933676256, 0.052694576216],
      [0.073168055825, 0.057435061301, 0.041953694774, 0.19496117214, 0.16048897702, 0.02659756626, 0.03445854006, 0.11359348571, 0.21573583316, 0.081607613764],
      [0.052785014251, 0.0084216400157, 0.13233497755, 0.15704953335, 0.10515120658, 0.20556213995, 0.019503113499, 0.072049601039, 0.20702057309, 0.04012220068]
    ],
    [
      [0.061616212707, 0.01287142746, 0.13170451234, 0.056499772697, 0.19957454733, 0.17915794569, 0.13323990912, 0.016949063699, 0.07296842186, 0.1354181871],
      [0.061341022765, 0.12116057019, 0.024471646824, 0.10953959175, 0.1587270453, 0.027312243335, 0.061554247461, 0.071332796627, 0.161914715, 0.20264612076],
      [0.050402179265, 0.020243121611, 0.087998638878, 0.10050358636, 0.11844458603, 0.24075109282, 0.039674722814, 0.051538236828, 0.17696300586, 0.11348082955]
    ],
    [
      [0.07762555, 0.0054559812558, 0.23856428854, 0.16978420188, 0.11376971551, 0.095125351617, 0.05185895519, 0.025862775416, 0.13634341214, 0.085609768455],
      [0.065961004943, 0.04417334375, 0.038093665542, 0.28102038641, 0.077206410598, 0.012499905283, 0.020411450044, 0.093011092479, 0.25819223352, 0.10943050742],
      [0.05180809798, 0.0070055703462, 0.13049096773, 0.24649781496, 0.055063672923, 0.10404327623, 0.012571302718, 0.064220628188, 0.26977585184, 0.058522817083]
    ],
    [
      [0.080790532399, 0.0068557703816, 0.1771519175, 0.084503687944, 0.17517760396, 0.17288461733, 0.11565953678, 0.010388462802, 0.094308981271, 0.082278889641],
      [0.08568019687, 0.069897973661, 0.035386964835, 0.17459148818, 0.14835137719, 0.028409377455, 0.056794179002, 0.046667680939, 0.22289893102, 0.13132183084],
      [0.063218342237, 0.010327001673, 0.11374062064, 0.14386848128, 0.099388473901, 0.22160284228, 0.032858032996, 0.030262021257, 0.2187999609, 0.065934222832]
    ],
    [
      [0.12692933787, 0.0092545073513, 0.20320720431, 0.07930469471, 0.13093990664, 0.085921874309, 0.13507955173, 0.029116785003, 0.070572360682, 0.12967377739],
      [0.11906458197, 0.084349392176, 0.035947576591, 0.14494540408, 0.098078608535, 0.012498811988, 0.058681710223, 0.11577508389, 0.14754322229, 0.18311560825],
      [0.1040946895, 0.014619417708, 0.13682159947, 0.14152421475, 0.077857697948, 0.11540593351, 0.040230825994, 0.088935517997, 0.17161575915, 0.10889434397]
    ],
    [
      [0.024010126667, 0, 0.15961539253, 0.099577394856, 0.22857699989, 0.19032175203, 0.098283176834, 0.03851383538, 0.087975929974, 0.07312539184],
      [0.024633171294, 0, 0.03082132409, 0.19901343822, 0.18726281955, 0.030241038726, 0.046677514483, 0.16731470528, 0.20114257108, 0.11289341728],
      [0.017604919779, 0, 0.095994002731, 0.15884667763, 0.12151900295, 0.22861896139, 0.026155637667, 0.10510448229, 0.19124371117, 0.054912604391]
    ],
    [
      [0.037816709331, 0.0091368845786, 0.12964586324, 0.11792475735, 0.21749204956, 0.172127894, 0.045665164868, 0.016576534233, 0.11441857102, 0.13919557181],
      [0.033265849346, 0.077729643298, 0.021507275472, 0.20213117018, 0.15279536809, 0.023470332223, 0.018626571372, 0.061821430253, 0.2243615947, 0.18429076506],
      [0.026663104381, 0.012404834026, 0.075042705438, 0.18092371623, 0.11120935898, 0.19877126805, 0.01171073448, 0.043532028236, 0.23924490816, 0.10049734202]
    ],
    [
      [0.11489715263, 0.0083003739873, 0.15421874437, 0.10198222387, 0.11199070599, 0.14531710001, 0.12313304952, 0.031737415207, 0.12754207416, 0.080881160249],
      [0.10148650224, 0.070669420053, 0.025671921895, 0.175503113, 0.078993878086, 0.019892824613, 0.050386477873, 0.11878692774, 0.25108676646, 0.10752216804],
      [0.080771128875, 0.011234167571, 0.088977865023, 0.15599212946, 0.057086846989, 0.16732876689, 0.031448514159, 0.083075598855, 0.26585904253, 0.058225939648]
    ],
    [
      [0.1097199148, 0.008415718353, 0.14408199297, 0.058729347418, 0.16768488413, 0.14568007576, 0.069790062473, 0.026894829821, 0.10183474254, 0.16716843174],
      [0.098493152765, 0.072964441631, 0.024382118665, 0.10271928897, 0.12020679698, 0.020270828639, 0.029027496785, 0.10232048079, 0.20375073977, 0.22586465502],
      [0.082443302315, 0.012176082207, 0.088865728984, 0.096021705708, 0.091364084792, 0.17929165327, 0.019055193352, 0.075256006636, 0.22689821194, 0.12862803079]
    ],
    [
      [0.13453582195, 0.0038815269065, 0.18358495024, 0.11943699049, 0.18765617448, 0.1452599871, 0.025407133579, 0.021723378293, 0.068090629213, 0.11042340775],
      [0.1302033854, 0.036199947458, 0.033470500306, 0.22518779143, 0.14501207049, 0.02179003976, 0.011377623145, 0.089054859391, 0.1468514781, 0.16085230451],
      [0.10103674394, 0.0056124669435, 0.11313824757, 0.19516230179, 0.10217012275, 0.17869135856, 0.006921724839, 0.060736122409, 0.1516068491, 0.084924062108]
    ],
    [
      [0.046474507768, 0.010154730109, 0.14682643834, 0.12864228206, 0.24862101076, 0.17731753368, 0.091640848644, 0.024588864023, 0.043241717412, 0.082492067192],
      [0.045768164976, 0.096073039864, 0.027234657351, 0.2468109717, 0.195521609, 0.027054072205, 0.041798896361, 0.10257503333, 0.09490752141, 0.12225603381],
      [0.036460966985, 0.015335337665, 0.094513734756, 0.2195851043, 0.14143256593, 0.22788111953, 0.026111664287, 0.071815162821, 0.10058645955, 0.066277884177]
    ],
    [
      [0.098621217817, 0.0076113381939, 0.11804410231, 0.085523518359, 0.20049482112, 0.082304661568, 0.094821408527, 0.022890261007, 0.12388631198, 0.16580235911],
      [0.082173580441, 0.061025549, 0.018532791474, 0.1388359903, 0.13340926102, 0.010626357048, 0.036605757425, 0.080810645488, 0.23006928618, 0.20791078163],
      [0.073970493789, 0.010990010658, 0.072658234793, 0.13957109324, 0.1090462552, 0.10111968583, 0.025841734773, 0.063923940095, 0.27552518344, 0.12735336819]
    ],
    [
      [0.039878024507, 0.0032386053619, 0.20377447358, 0.12543428096, 0.11723415244, 0.12454610701, 0.026618625801, 0.038848328268, 0.12707819135, 0.19334921073],
      [0.032757950146, 0.025434224748, 0.031493057608, 0.20071968376, 0.076905677907, 0.015837496017, 0.01012664833, 0.13511389783, 0.23264045006, 0.23897091359],
      [0.026511217747, 0.004143169054, 0.11109233379, 0.18141554103, 0.056515052354, 0.13565956624, 0.0064263817215, 0.096115229318, 0.25047259183, 0.13164891692]
    ],
    [
      [0.046046802856, 0.0074131205597, 0.17107565031, 0.060440223578, 0.17449090714, 0.22226608798, 0.11426550833, 0.010524372652, 0.089389730155, 0.10408759644],
      [0.051468998096, 0.079861290936, 0.036031758733, 0.13161867282, 0.15574344319, 0.038505168464, 0.059142743634, 0.049840038426, 0.22267874763, 0.17510913806],
      [0.036111799754, 0.011193150763, 0.11010564449, 0.10313368339, 0.099219140091, 0.28551794749, 0.03253817192, 0.030730480942, 0.20785634179, 0.083593639367]
    ],
    [
      [0.14661462434, 0.014969517392, 0.20844121585, 0.099988005032, 0.066476927999, 0.12909675978, 0, 0.045006197329, 0.10164381301, 0.18776293927],
      [0.11303042109, 0.11072479168, 0.030265898932, 0.1501783653, 0.040928584022, 0.015415415013, 0, 0.14698202152, 0.17465331563, 0.21782118681],
      [0.098736494138, 0.019403263818, 0.11517065095, 0.14650456524, 0.032464955371, 0.14242107703, 0, 0.11283346509, 0.20296859792, 0.12949693045]
    ],
    [
      [0.115465339, 0.006425904103, 0.11573626105, 0.067105275302, 0.18861740091, 0.12068956108, 0.11346352171, 0.027818544881, 0.07204332292, 0.17263486905],
      [0.105961544, 0.056574054912, 0.020000456538, 0.11997169363, 0.13822774232, 0.017155735649, 0.0482305689, 0.10812990523, 0.14734705353, 0.23840124529],
      [0.093234496415, 0.0099869214982, 0.076669502174, 0.11789027539, 0.1104376883, 0.15964522458, 0.033278516926, 0.083617036005, 0.17248074852, 0.14275959019]
    ],
    [
      [0.059376877941, 0.011310424487, 0.15931976993, 0.12566863966, 0.27595922687, 0.12278310875, 0.063302495568, 0.023391624627, 0.084129218206, 0.074758613963],
      [0.053437904338, 0.097976910155, 0.027029978862, 0.22037575056, 0.1983620693, 0.017120215839, 0.026427292705, 0.089236517622, 0.16878607397, 0.10124728666],
      [0.044885810018, 0.016459009421, 0.09885327315, 0.2067102146, 0.15130429777, 0.1520352931, 0.017413511773, 0.065853177019, 0.18861221995, 0.057873193214]
    ],
    [
      [0.046188188436, 0.012185633824, 0.19650922589, 0.066952998358, 0.20392242038, 0.10786009112, 0.13623715391, 0.028603492451, 0.084971414488, 0.11656938114],
      [0.043566265417, 0.11111496901, 0.034939562813, 0.12304180551, 0.15359350023, 0.015772024888, 0.059510322406, 0.11433228802, 0.17862703996, 0.16550222174],
      [0.037598363243, 0.019101435081, 0.13130247801, 0.11859067218, 0.12035778808, 0.14380876568, 0.040272839331, 0.086704617803, 0.20509327173, 0.097169768868]
    ],
    [
      [0.079367540423, 0.0039173267481, 0.22132463834, 0.069763080789, 0.16617759929, 0.16995575066, 0.099866248943, 0.026501498255, 0.080372506046, 0.082753810503],
      [0.086614964877, 0.041262463185, 0.045548795356, 0.14835409431, 0.14484456346, 0.028743574935, 0.050558834984, 0.12262363941, 0.19553573665, 0.13591333284],
      [0.062128604835, 0.0059039581415, 0.14222732105, 0.11883268492, 0.094348385089, 0.21790742366, 0.028449871241, 0.077269973528, 0.18659622705, 0.066335550493]
    ]
  ],
  "expected_outcome": [
    [
      [6.6338301132, 5.0133178164, 5.2167681348, 5.7368798561, 5.7446581182, 4.2770168369, 4.2019911358, 7.3174402953, 4.4445601005, 7.0083766349, 4.2191140272, 3.0083557835, 7.4517157114, 2.6614849633, 10.0554443164, 2.8374739622, 5.4618401187, 1.8530229557, 1.4971789524, 1.5519118639, 1.3554701151, 1.8122343392, 1.9147165221, 1.5971173049, 0.46056802017, 0.88566841591, 1.4859622303, 0.99561576048, 1.879192886, 1.4552326062, 2.0440520382, 1.349349367, 0.92424319061, 1.00913215, 1.211857986, 2.2847280816, 0.31213164667, 0.86978431462, 2.0681487474, 2.0846783812, 1.7489656854, 0.74359212428, 1.7751819207, 0.55829234309, 0.7367488457, 2.6390632382, 1.847445424, 1.4250450706, 0.78519920341, 1.9841885106],
      [0, 0, 0.77427261452, 0.93485006004, 1.0785020462, 0.27507799043, 0, 0.7171518166, 0.9165511012, 0.32528278453, 0.60539894766, 1.246425764, 0.85154408682, 0.26577374031, 0.38484076863, 0, 0.13901310782, 0.19008756506, 0.18817089303, 0.044887504208, 0.10570090641, 0.13353848956, 0.18847992659, 0.079344042505, 0.19005465372, 0.080203842438, 0.16901495051, 0.074161282632, 0.21349007308, 0.10232484093, 0.23391859332, 0.11197186515, 0.1930714119, 0.070927756325, 0.10283655572, 0.16658113232, 0, 0.21014834531, 0.14940673177, 0.15989864871, 0.050459849785, 0.16247568174, 0.13700408749, 0.045340475067, 0.11860992895, 0.26945131305, 0.10281446565, 0.27145018768, 0.20715577501, 0.097933168703],
      [8.8654207501, 10.9150070603, 6.2508082225, 10.8369629724, 8.6647625177, 11.0981448772, 10.0425627641, 9.7955111769, 10.1705149856, 12.04172092, 12.3130670245, 14.1072596408, 10.8819625496, 14.286225563, 13.0146556625, 14.2421012521, 7.7388829066, 1.3189327187, 2.5167954853, 3.3847620154, 3.0630894413, 0.44546965324, 4.5990871315, 4.5046392442, 2.3862502395, 2.379187671, 3.1532958568, 3.0873718477, 1.5752408298, 2.1385093469, 4.2458256756, 4.1383487302, 1.9755676851, 3.101335751, 2.6572787624, 3.6577296776, 2.075000103, 2.9818548546, 2.7759373987, 2.7375578664, 2.3866043531, 2.3492230135, 2.1247938417, 2.8528426301, 2.7372104049, 3.7519418853, 1.8517801767, 3.8236744782, 3.3406568401, 5.5331159586],
      [4.4698764191, 7.2913830345, 6.6182706747, 6.0291289424, 9.3526843474, 10.3717109532, 2.7023657089, 6.428341785, 5.4495705644, 4.8163327894, 4.2334362204, 10.6018358184, 5.3359055991, 6.367300424, 4.9909044018, 6.1135798688, 4.1469138125, 2.1453564088, 1.8057511977, 1.61641052, 1.2987040642, 1.3544207916, 2.1874298072, 1.0895308197, 1.3290493013, 1.4454775881, 1.7796007664, 0.99786749003, 1.8354963167, 2.5321715166, 1.6728498788, 1.8460556935, 0.84749659045, 2.2071946244, 1.2675553192, 1.4274845048, 1.2945061331, 2.7122694191, 1.8356800297, 1.1158576009, 1.5526808763, 2.058276513, 1.5394233305, 1.7560799334, 0.96704357725, 1.7997840906, 1.0736844048, 3.0160473519, 1.1382009721, 1.7440770197],
      [10.7555258066, 10.6858010393, 13.5501353899, 13.8710174768, 10.0130524314, 12.2381998573, 15.7411450571, 10.8091212579, 9.064541122, 12.8127244419, 13.6719743587, 6.4122588145, 9.5390347769, 12.3047953926, 11.4472089138, 15.1147860982, 10.2967724658, 4.0516925479, 2.8277614534, 2.2682639413, 2.0986509621, 2.4043515844, 4.003828531, 2.9998734474, 2.6400716637, 2.8839916784, 4.3607211524, 2.8355112245, 2.537681536, 4.5464808304, 2.4488091264, 3.704554584, 2.9936182099, 1.4790063016, 2.6276640593, 2.3569183196, 2.9715009985, 5.0023171399, 2.0158327078, 3.1860127984, 2.4395302682, 3.9779361722, 3.6089067802, 1.6412781342, 2.7918545142, 1.196584704, 3.0178784146, 6.6230214449, 3.4666811464, 4.1544399822],
      [9.3031573152, 12.986051464, 8.5850839245, 9.5222762883, 14.1653410792, 8.4707312322, 9.8868850487, 7.9662831212, 12.6092545926, 6.9667190253, 7.1092473274, 10.4283010175, 4.0077193817, 4.0851647855, 11.7901550627, 10.7435488845, 8.3462629606, 2.140215794, 3.0257707562, 2.4325874653, 0.93773539372, 1.9433785051, 2.9875907456, 2.3678227352, 2.2752494895, 1.340852164, 1.7705395366, 1.2073190112, 2.0018315054, 2.9056251695, 2.3129372991, 3.1997246554, 2.6873691854, 1.236629571, 2.59326926, 1.5465937376, 2.4741827763, 3.9589415621, 2.6157078002, 2.7679214395, 1.8883798324, 2.837080539, 1.4814839082, 1.7436454982, 3.5562574077, 2.323741676, 1.9310329772, 2.94679461, 1.8336215491, 4.2488937664],
      [7.3412728964, 7.6195603289, 4.9522574418, 4.3240436681, 4.3263615774, 6.0136333134, 5.0308219212, 7.41102532, 0.81482916754, 7.6091908154, 2.5787518534, 7.1124528066, 7.9643587471, 6.6414728803, 4.4599375362, 7.5460733831, 2.9187038925, 1.0246205628, 2.2805728527, 0.86748961084, 2.7937471649, 2.155098961, 0.82797648574, 1.2791726481, 1.7547716661, 0.55927138597, 1.5233974717, 2.1729947636, 0.7109029799, 0.75770619686, 0.79812818213, 1.3686714378, 1.9985986368, 0.67416641747, 1.7348930517, 2.4314319311, 1.2776812988, 1.050298792, 2.2163948913, 1.326011187, 0.33029273653, 1.4662535783, 1.7067853535, 0.37266076121, 1.8282481333, 0, 1.8154163474, 1.5192598936, 2.3160316165, 2.4966562236],
      [1.3472510548, 1.9878128641, 0.63833328927, 1.5456093877, 1.1353078914, 2.6412033096, 1.5017030122, 0.66455202727, 1.4994349969, 2.2865961057, 3.3238352599, 1.2524741045, 1.4554655425, 1.6686401887, 1.857772766, 1.9597531569, 1.6034238824, 0.2588556823, 0.55051958155, 0.34350570959, 0.64682734717, 0.35810008666, 0.49626286124, 0.4543904965, 0.42565635326, 0.3585607346, 0.30746927316, 0.55338734201, 0.42293507838, 0.60003476284, 0.45848177638, 0.49538686997, 0.25423595548, 0.33621608041, 0.15582694204, 0.52410213006, 0.50067985994, 0.38126028736, 0.57127347372, 0.51100176661, 0.28240391781, 0.39342182437, 0.41202469812, 0.54387659576, 0.16838996243, 0.81011155192, 0.4450967181, 0.56139899105, 0.48625937167, 0.66253745639],
      [6.2132506384, 3.5617613307, 6.2015796688, 6.8466404503, 5.9658486629, 4.4283328417, 7.335444271, 7.0616925162, 4.370751694, 5.225718181, 5.1557432754, 7.4806066399, 5.4728644707, 8.1953852396, 7.9458113113, 5.5606058301, 4.3528986688, 1.2230836193, 2.0787312998, 1.4541066833, 1.8837622506, 1.4815784098, 1.8817482435, 1.1046548997, 0.9087048046, 1.2428667183, 2.0177469112, 2.0815589867, 1.3660770556, 1.3590864558, 1.8936579473, 1.7847398489, 1.0945263279, 1.7724643578, 1.4146347191, 1.2703024923, 1.1436870897, 2.6316271336, 2.2957573349, 1.9348601083, 0.88517817977, 0.69186747859, 2.2299536157, 1.7790946788, 1.4302356825, 1.8295886341, 1.1526931667, 2.0191012369, 1.4445140463, 2.0093126512],
      [9.0704150062, 9.9393050617, 7.2124906393, 7.3525908978, 6.5534813281, 7.1859487882, 11.557081081, 4.8288806836, 8.6599916753, 7.9073383018, 11.7894317055, 8.3500296104, 5.039429134, 5.5237568226, 8.0532692607, 5.8820775642, 6.9952881842, 1.7941321455, 2.2287475279, 1.0360746862, 2.8163123545, 1.9118291794, 2.9128797456, 2.5234543617, 1.6296238082, 1.8239198014, 2.4322518508, 0.9942122911, 2.4571517391, 1.6028282741, 3.8913394827, 1.0011969481, 2.0312728064, 1.1129269899, 1.2341833446, 2.334127993, 0.95063009392, 3.2014981515, 1.4558608845, 3.176200203, 1.4355043008, 1.3198730751, 2.9844424639, 2.7068889502, 1.665401543, 3.3797329069, 2.7621579047, 1.7942067351, 1.9816794794, 2.0688452626]
    ],
    [
      [1.977482674, 1.2010600135, 1.2155861587, 1.0551112417, 1.4314409435, 1.025039642, 1.1123597293, 2.1586248884, 1.3080305618, 1.2010842237, 0.76405456022, 0.57939317051, 2.3694313528, 0.62972647972, 1.4391267807, 0.74969954118, 3.4229223983, 6.5628833555, 4.6963333098, 7.1238953471, 5.0815850911, 8.0290221219, 4.9620507477, 6.1631890241, 1.8616612169, 4.3987840672, 4.1624739186, 3.9451868554, 5.5486143802, 4.0409802592, 5.9541055835, 4.9754277961, 4.3552126163, 2.374596178, 1.6279237405, 1.0715812378, 0.59119611105, 0.43245604149, 1.6237840359, 1.3789041387, 2.0832541665, 0.91536329953, 1.4791244479, 0.91722260408, 0.82350396953, 2.4866692639, 2.331153968, 0.96188227808, 0.56636145042, 1.2992244732],
      [0, 0, 1.7432803264, 1.6659463675, 2.5900956658, 0.63598621165, 0, 2.0367796558, 2.5985155312, 0.54159630967, 1.0621285272, 2.3210206509, 2.6040627754, 0.60769274053, 0.53625568477, 0, 0.83142368477, 6.3702732767, 5.5843447124, 1.9493900805, 3.7454318819, 5.591927675, 4.6257432739, 2.8976503508, 7.2759785558, 3.7654440229, 4.4850802227, 2.7814704827, 5.9747464501, 2.6932482381, 6.4465427548, 3.9055841685, 8.6024004837, 1.590240375, 1.3280614996, 0.75914452959, 0, 1.0104853629, 1.1307107209, 1.0215021828, 0.57919915933, 1.9214607973, 1.098459882, 0.71215829295, 1.277780655, 2.435945417, 1.2446292081, 1.7635843828, 1.4444945972, 0.61893694778],
      [0.49939205003, 0.49437916088, 0.27523798562, 0.37680504865, 0.40806032516, 0.50272993007, 0.50250474785, 0.54599612226, 0.5654457326, 0.39019400941, 0.42151752278, 0.51366916753, 0.65357550664, 0.63881752525, 0.35230722858, 0.71137922055, 0.91484634698, 0.87322287407, 1.4763363988, 2.9031008572, 2.1424425174, 0.36793200886, 2.2330407319, 3.2516274972, 1.8049242186, 2.2029894908, 1.6547447608, 2.2875867391, 0.87126592198, 1.1129475597, 2.3132716371, 2.8528512446, 1.7374869245, 1.3713719595, 0.67235233187, 0.32352818932, 0.73971177815, 0.27959458114, 0.41075075032, 0.34134966131, 0.53552800489, 0.54469314702, 0.33359024652, 0.88180561303, 0.57650813973, 0.66584977649, 0.44001004384, 0.48653961951, 0.45421431657, 0.68323193033],
      [2.5987973671, 3.407795128, 3.0075914478, 2.1630599441, 4.5458401198, 4.8486773285, 1.3954719807, 3.6985207591, 3.1275458965, 1.6101755964, 1.4954103706, 3.983358024, 3.3085664138, 2.9383193755, 1.3937458426, 3.1511592951, 5.0664580151, 14.7980111635, 11.031949655, 14.4504722969, 9.4818618709, 11.6856996265, 11.0418219014, 8.1887158756, 10.4626334626, 13.9804606853, 9.7095537955, 7.700825426, 10.5554997508, 13.6956241153, 9.4906990959, 13.2573597052, 7.777311014, 10.1167339109, 3.3172382755, 1.3045086367, 4.7763225173, 2.6277052123, 2.808049808, 1.4380700455, 3.6030046629, 4.936219434, 2.4990478254, 5.6201511453, 2.1058987652, 3.3039240367, 2.6393772599, 3.96676351, 1.5995434716, 2.2253114146],
      [2.5625110021, 2.0462551009, 2.5233790806, 2.0390255642, 1.9942459049, 2.3443260401, 3.3306795866, 2.5485347506, 2.131986461, 1.7550312448, 1.9788574888, 0.98711656145, 2.4240784189, 2.3268545463, 1.3095494391, 3.1920723937, 5.157128333, 11.4638891547, 7.0865840337, 8.3180345246, 6.2858592048, 8.5101585824, 8.2898358383, 9.2483924731, 8.5244604171, 11.4428826526, 9.7585514191, 8.9758132494, 5.9853470247, 10.0854346357, 5.6989692767, 10.9132504372, 11.2696202161, 2.7794307815, 2.8186761667, 0.88270747681, 4.4943076691, 1.9863397852, 1.2639020494, 1.6828951577, 2.3201931279, 3.9104321799, 2.4013666983, 2.1533589814, 2.4918950911, 0.90042884848, 3.0410103309, 3.5705172474, 1.9967155031, 2.1726684519],
      [0.42917154434, 0.48156601155, 0.30972825619, 0.27116638544, 0.546200665, 0.31418856696, 0.40504890325, 0.36365023079, 0.57438336004, 0.18490616749, 0.19935219052, 0.31088299716, 0.19719766827, 0.14964678809, 0.26131082992, 0.43932943764, 0.80801571786, 1.1633629456, 1.4556419648, 1.713235453, 0.53726947084, 1.31638037, 1.1899918057, 1.4026983263, 1.4148164599, 1.0188984915, 0.76296158529, 0.73489496875, 0.91031520684, 1.2424138513, 1.0331885858, 1.8086345057, 1.9391692768, 0.44999659021, 0.53977817165, 0.11248930789, 0.72578492943, 0.30511431889, 0.31828519381, 0.28379160095, 0.34864063617, 0.54108144409, 0.19127442687, 0.44344988849, 0.61608269543, 0.33913913028, 0.37742618428, 0.30816388509, 0.20503632354, 0.43115362403],
      [1.0196681764, 0.85086397897, 0.5375064839, 0.37060331361, 0.50240905711, 0.67167062801, 0.62069260318, 1.018618859, 0.11168797026, 0.60768652106, 0.21759618237, 0.63849033547, 1.1795137264, 0.73206930665, 0.29757410449, 0.92933553576, 0.85172373197, 1.6839929377, 3.3213582908, 1.8476512215, 4.8623731214, 4.4305397757, 0.99649123911, 2.2913321262, 3.2895765998, 1.2886487402, 1.9807444608, 3.9947701006, 0.97352732552, 0.97635951668, 1.0795660261, 2.3431807241, 4.3703515697, 0.73481220157, 1.079089401, 0.528135392, 1.1202603476, 0.24214542784, 0.80618364596, 0.406384955, 0.18204197033, 0.83597792721, 0.65890363366, 0.28354615324, 0.94628389815, 0, 1.0610725158, 0.47569126869, 0.77363419128, 0.75838252476],
