{
  "Z_true": {},
  "V_true": [
    [1250, 233, 2465, 91],
    [468, 89, 11175, 443],
    [396, 10604, 1475, 620],
    [148, 290, 1329, 293],
    [102, 593, 555, 825]
  ],
  "p_true": [
    [0.3095, 0.0577, 0.6103, 0.0225],
    [0.0384, 0.0073, 0.9179, 0.0364],
    [0.0302, 0.8098, 0.1126, 0.0473],
    [0.0718, 0.1408, 0.6451, 0.1422],
    [0.0492, 0.2858, 0.2675, 0.3976]
  ],
  "Z_est": [
    [
      [0.1224, 3.9847, 0.8156, 2, 5, 1.0026, 0.1394, 1, 1.9979, 4, 7, 3, 4, 1.9997, 1, 2.0044, 2.9966, 5, 1.697, 14, 1.9309, 6, 19, 2.4178, 8.0011, 5, 3, 3, 36, 0, 0.3921, 0, 0.0309, 0, 0, 12, 6, 10, 3, 5, 5, 4, 1.2376, 2.3324, 11, 19, 25, 50, 29, 0, 3.2794, 2.9917, 13, 2.0884, 3.0276, 5, 44, 7.5528],
      [0.1629, 7.0058, 3.2748, 4, 16, 3.0057, 0.211, 8.9996, 2.9996, 18, 40, 10, 16, 12.0024, 7, 7.9977, 5.0323, 18, 4.2768, 45, 7.9767, 40, 98, 3.506, 19.9997, 14, 8, 5, 89, 0, 0.7341, 0.5244, 0.4349, 0, 0.818, 59, 26, 44, 6, 22, 23, 12, 3.6946, 9.791, 33, 113, 79, 144, 93, 2.4816, 6.9703, 14.0165, 104, 5.8094, 11.7703, 18, 115, 19.528],
      [0.7148, 10.0064, 2.6963, 12, 54, 6.9928, 0.5811, 10, 6.0024, 26, 35, 20, 16, 22.9983, 7, 6.9968, 9.9738, 17, 5.8086, 40, 8.0292, 43, 90, 4.7879, 24.9996, 45, 27, 25, 104, 0, 0.8738, 1.1501, 0.4687, 0, 1.182, 69, 57, 87, 14, 58, 43, 27, 5.5288, 6.8132, 32, 80, 79, 150, 89, 4.1704, 6.5841, 10.9918, 141, 6.8702, 13.2955, 28, 202, 27.7654],
      [0, 1.0031, 0.2133, 1, 4, 0.9989, 0.0685, 2.0005, 1.0001, 4, 7, 2, 2, 1.9997, 1, 1.0011, 0.9973, 4, 0.2176, 6, 0.0632, 7, 13, 0.2884, 2.9996, 5, 2, 2, 8, 0, 0, 0.3255, 0.0655, 0, 0, 11, 8, 9, 3, 9, 5, 3, 0.539, 1.0634, 3, 7, 5, 12, 12, 0.348, 0.1662, 1, 18, 0.232, 0.9066, 3, 28, 1.1538]
    ],
    [
      [0.5856, 5.9948, 1.128, 14, 17, 4.9873, 0.9781, 4.9981, 4.0045, 13, 15, 11, 9, 8.9997, 4, 2.9991, 4.925, 6, 2.6185, 16, 2.9918, 19, 32, 2.1424, 8, 21, 11, 10, 26, 2.4513, 1.2192, 0, 0.3571, 0.7975, 0, 34, 19, 37, 9, 30, 17, 17, 1.2038, 1.8177, 17, 27, 13, 41, 30, 0, 3.2527, 2.9978, 44, 1.7548, 3.7827, 16, 120, 6.3841],
      [1.0871, 27.9988, 10.6723, 54, 90, 24.9783, 5.2505, 53.9945, 44.9889, 95, 121, 95, 60, 92, 49, 18.9954, 16.9282, 37, 16.7464, 65, 27.6814, 128, 170, 3.8621, 22.0021, 108, 65, 68, 68, 20.0748, 3.6919, 1.8472, 7.9598, 4.087, 1.4219, 181, 112, 176, 46, 193, 112, 80, 7.9507, 7.736, 58, 165, 47, 125, 96, 5.5108, 11.9875, 23.9909, 442, 14.7925, 15.5289, 78, 326, 26.0616],
      [5.3273, 36.0128, 15.0467, 157, 298, 58.018, 17.1145, 60.0065, 72.9981, 129, 106, 181, 60, 180.9993, 49, 17.0103, 27.1536, 33, 17.4445, 56, 33.354, 137, 156, 7.2653, 26.9986, 325, 206, 279, 78, 19.6329, 6.0889, 5.3255, 8.71, 4.681, 2.5781, 208, 248, 348, 99, 488, 209, 180, 13.2264, 6.5033, 54, 117, 46, 129, 91, 12.6682, 13.7673, 20.0145, 596, 19.2235, 20.5695, 118, 574, 36.3862],
      [0, 4.9936, 2.153, 20, 24, 9.0164, 1.6568, 13.0009, 13.0085, 22, 22, 20, 10, 20.001, 9, 2.9951, 3.9932, 7, 1.1906, 9, 1.9728, 22, 22, 0.7302, 2.9993, 38, 21, 30, 6, 5.8411, 0, 1.8274, 1.9731, 1.4345, 0, 33, 36, 38, 20, 75, 26, 23, 1.6191, 0.943, 6, 10, 3, 11, 12, 1.821, 0.9925, 1.9968, 78, 1.2291, 1.1189, 15, 82, 1.1681]
    ],
    [
      [0.1462, 6.0224, 0.9363, 5, 7, 2.0063, 0.5945, 4.9988, 2.9957, 15, 27, 9, 17, 6.0003, 5, 6.999, 4.0187, 11, 3.6114, 33, 2.9994, 27, 59, 2.8804, 13.9989, 12, 4, 3, 51, 2.2558, 0.9699, 0, 0.5255, 0.8185, 0, 44, 14, 29, 6, 17, 14, 11, 2.2053, 4.3403, 29, 62, 35, 81, 60, 0, 4.0109, 6.0025, 47, 2.9456, 3.9731, 14, 100, 8.9352],
      [0.3974, 27.0042, 11.9429, 24, 37, 14.0094, 2.8908, 71.006, 33.0187, 107, 217, 73, 111, 63.998, 77, 43.9999, 16.042, 62, 19.0433, 128, 27.2456, 209, 321, 5.0049, 42.0006, 61, 29, 20, 136, 26.3215, 3.0874, 1.4031, 9.8677, 4.6684, 2.0377, 246, 89, 142, 30, 113, 96, 52, 11.8661, 22.7253, 103, 401, 119, 242, 201, 8.6578, 14.4836, 49.9929, 473, 18.5058, 20.8493, 77, 273, 34.2089],
      [1.4564, 36.9779, 13.0759, 68, 120, 30.9959, 7.8474, 78.9966, 56.9946, 147, 190, 142, 113, 125.0024, 75, 38.9963, 27.9404, 58, 19.8082, 115, 32.6679, 222, 296, 7.5238, 49.0005, 184, 90, 86, 159, 22.4759, 3.9428, 3.3195, 8.7033, 4.0807, 2.9623, 283, 197, 277, 71, 290, 184, 115, 14.2574, 14.9409, 99, 285, 120, 255, 192, 14.558, 15.3374, 40.0039, 639, 21.5986, 26.0359, 115, 479, 44.9412],
      [0, 4.9954, 2.0449, 8, 9, 4.9884, 0.6674, 16.9986, 9.9909, 25, 39, 16, 20, 12.9993, 13, 7.0048, 3.9988, 13, 1.5371, 18, 2.0871, 36, 42, 0.591, 5, 21, 9, 9, 13, 5.9468, 0, 1.2774, 1.9035, 1.4323, 0, 45, 28, 30, 14, 44, 23, 14, 2.6712, 1.9935, 11, 24, 8, 21, 25, 1.7842, 1.1681, 4.0006, 84, 1.95, 2.1417, 15, 68, 1.9146]
    ],
    [
      [0.1458, 0.0015, 0.0236, 1, 2, 0.0015, 0.0345, 0.0004, 0.0016, 2, 3, 1, 2, 0.0007, 1.3164e-06, 0.998, 0.0383, 2, 0.6362, 4, 0.0508, 5, 9, 0.4432, 2, 2, 2.6728e-06, 8.523e-08, 7, 0.0788, 0.2149, 0, 0.0079, 0.1494, 0, 6, 2, 6, 1, 3, 2, 2, 0.0721, 0.1001, 2, 5, 3, 9, 6, 0, 0.1395, 0.0012, 9, 0.1033, 0.0378, 2, 12, 0.0044],
      [0.3526, 1.0007, 0.5829, 4, 12, 2.9974, 0.1603, 13.0008, 2.9988, 18, 28, 14, 18, 6.0003, 13, 6.0049, 3.0234, 12, 5.7052, 16, 4.0133, 41, 52, 1.3392, 7.9986, 10, 3, 5, 18, 1.1284, 0.7431, 0.4825, 0.4477, 0.7668, 0.7224, 38, 17, 30, 7, 25, 13, 10, 0.513, 1.6445, 10, 33, 10, 27, 20, 0.9299, 0.3877, 2.0005, 90, 1.0939, 2.956, 14, 32, 0.0707],
      [1.5016, 1.9967, 1.3152, 15, 45, 8.002, 0.7263, 14.9999, 6.9988, 28, 27, 27, 20, 12.9983, 15, 6.9962, 6.9131, 13, 6.8512, 16, 4.9659, 45, 51, 1.9237, 11.0003, 35, 13, 23, 22, 1.7006, 1.042, 1.1397, 0.4198, 0.7755, 1.2776, 45, 39, 62, 18, 66, 27, 25, 0.9529, 1.1725, 11, 25, 11, 30, 21, 1.7472, 1.4025, 2.9958, 124, 1.2843, 4.8247, 24, 59, 1.9245],
      [0, 0.001, 0.0783, 2, 3, 0.9992, 0.0789, 2.9988, 1.0009, 4, 5, 4, 4, 1.0007, 3, 1.0008, 1.0251, 3, 0.8074, 2, 0.97, 7, 6, 0.2939, 1.001, 3, 1, 3, 2, 0.0922, 0, 0.3778, 0.1246, 0.3083, 0, 6, 7, 7, 4, 11, 3, 3, 0.4621, 0.0828, 1, 2, 2, 2, 3, 0.323, 0.0703, 0.0025, 16, 0.5186, 0.1816, 3, 8, 0.0004]
    ],
    [
      [0, 0.9966, 0.0965, 1, 1, 0.0024, 0.2536, 0.0027, 0.0004, 2, 3, 1, 2, 0.9997, 1, 0.9995, 0.0213, 3, 0.4368, 3, 0.0271, 3, 8, 0.1163, 1, 1, 1, 8.7886e-08, 7, 0.214, 0.2039, 0, 0.0786, 0.2345, 0, 6, 3, 4, 2, 4, 2, 2, 0.2813, 0.4094, 2, 4, 3, 10, 7, 0, 0.3176, 0.0068, 7, 0.1079, 0.1789, 2, 16, 0.1234],
      [0, 4.9905, 1.5271, 4, 8, 3.0092, 1.4874, 10.9992, 7.9939, 16, 28, 10, 16, 9.9993, 16, 7.0021, 1.974, 16, 2.2283, 15, 4.0829, 29, 46, 0.2879, 3.999, 8, 6, 5, 20, 3.4754, 0.7436, 0.7428, 2.2899, 1.4778, 0, 35, 19, 21, 10, 26, 17, 12, 1.9756, 3.1032, 9, 31, 13, 32, 23, 1.4199, 1.1709, 5.9991, 77, 1.7984, 1.8955, 13, 44, 2.1308],
      [0, 6.0061, 1.8659, 14, 27, 7.9913, 3.7307, 12.9969, 14.0061, 22, 24, 20, 16, 20.0017, 16, 7.0003, 3.0191, 15, 2.0875, 13, 4.9831, 31, 42, 0.4994, 5.001, 26, 22, 23, 23, 3.1907, 1.0525, 2.0653, 2.6982, 1.4628, 0, 41, 43, 43, 22, 66, 32, 28, 3.0345, 2.57, 8, 22, 13, 33, 22, 2.8563, 1.9087, 5.9941, 105, 2.0234, 2.2745, 19, 79, 3.9827],
      [0, 2.0068, 0.5106, 3, 4, 2.9971, 0.5284, 3.0012, 3.9996, 5, 7, 3, 4, 3.9993, 4, 2.9981, 1.9856, 4, 1.2473, 4, 1.9069, 7, 8, 0.0965, 2, 5, 4, 4, 4, 2.1199, 0, 1.1919, 0.9333, 0.8249, 0, 8, 7, 6, 6, 11, 6, 5, 0.7086, 0.9174, 3, 3, 2, 5, 4, 0.7238, 0.6028, 1, 16, 1.0702, 1.6512, 4, 13, 1.7631]
    ]
  ],
  "V_est": [
    [411.0427, 1482.0242, 1923.2816, 222.6514],
    [776.3716, 4029.8273, 6519.1251, 849.676],
    [943.1908, 4875.2795, 6430.4419, 846.0878],
    [115.2856, 709.0655, 1091.8488, 143.8001],
    [118.1092, 712.8035, 1034.3026, 209.7846]
  ],
  "p_est": [
    [0.1018, 0.3669, 0.4762, 0.0551],
    [0.0638, 0.331, 0.5355, 0.0698],
    [0.072, 0.3723, 0.4911, 0.0646],
    [0.056, 0.3442, 0.53, 0.0698],
    [0.0569, 0.3435, 0.4985, 0.1011]
  ],
  "EI_Z": {},
  "EI_V": 38.2716,
  "MAE_Z": {},
  "MAE_V": 1279.9552,
  "MAE_p": 0.1662,
  "runtime": 0.3889
}
