{
  "X": [
    [14, 72, 120, 26, 14],
    [72, 283, 286, 99, 33],
    [14, 46, 102, 27, 13],
    [45, 131, 146, 45, 25],
    [104, 84, 51, 14, 13],
    [50, 239, 69, 38, 23],
    [115, 368, 192, 86, 61],
    [26, 102, 58, 18, 14],
    [25, 120, 102, 28, 24],
    [73, 383, 204, 100, 35],
    [22, 38, 29, 3, 3],
    [23, 46, 49, 13, 7],
    [13, 37, 35, 16, 8],
    [8, 14, 15, 1, 6],
    [16, 21, 29, 1, 3],
    [19, 11, 20, 1, 3],
    [8, 10, 14, 1, 0],
    [23, 89, 336, 36, 25],
    [95, 296, 680, 91, 56],
    [65, 119, 163, 25, 34],
    [73, 372, 382, 137, 56],
    [56, 242, 227, 85, 42],
    [9, 20, 74, 9, 7],
    [11, 12, 30, 8, 6],
    [3, 3, 52, 4, 1],
    [178, 208, 235, 49, 39],
    [12, 30, 142, 15, 11],
    [13, 34, 28, 6, 2],
    [16, 42, 235, 20, 16],
    [17, 94, 170, 42, 18],
    [68, 237, 347, 69, 38],
    [26, 91, 131, 27, 12],
    [53, 193, 432, 68, 45],
    [27, 117, 176, 36, 17],
    [13, 72, 72, 23, 17],
    [77, 366, 537, 119, 63],
    [21, 72, 97, 11, 20],
    [203, 473, 564, 115, 81],
    [48, 187, 119, 35, 24],
    [33, 161, 110, 53, 16],
    [46, 105, 139, 54, 22],
    [16, 17, 24, 9, 5],
    [48, 83, 433, 33, 28],
    [85, 116, 117, 32, 15],
    [51, 241, 156, 52, 34],
    [57, 218, 134, 40, 23],
    [69, 128, 199, 27, 30],
    [46, 152, 60, 30, 20],
    [62, 261, 101, 33, 34],
    [37, 128, 102, 28, 11],
    [117, 268, 344, 47, 40],
    [49, 115, 200, 40, 27],
    [33, 114, 101, 26, 17],
    [32, 126, 63, 27, 13],
    [141, 263, 220, 61, 32],
    [159, 296, 630, 86, 70],
    [21, 41, 124, 14, 9],
    [1180, 3335, 3828, 960, 607],
    [85, 220, 215, 50, 53],
    [298, 541, 704, 138, 116],
    [145, 96, 153, 17, 31]
  ],
  "W": [
    [10, 116, 109, 11],
    [50, 283, 397, 43],
    [9, 96, 76, 21],
    [24, 134, 202, 32],
    [58, 48, 148, 12],
    [38, 55, 294, 32],
    [70, 181, 523, 48],
    [13, 59, 134, 12],
    [21, 96, 159, 23],
    [58, 198, 492, 47],
    [11, 19, 61, 4],
    [20, 50, 63, 5],
    [11, 37, 56, 5],
    [9, 15, 12, 8],
    [10, 27, 31, 2],
    [13, 19, 19, 3],
    [4, 14, 13, 2],
    [25, 317, 151, 16],
    [61, 636, 457, 64],
    [33, 163, 186, 24],
    [74, 373, 525, 48],
    [46, 217, 346, 43],
    [7, 78, 29, 5],
    [4, 25, 28, 10],
    [3, 51, 8, 1],
    [97, 213, 367, 32],
    [7, 142, 48, 13],
    [11, 27, 43, 2],
    [15, 226, 74, 14],
    [16, 167, 140, 18],
    [54, 318, 354, 33],
    [11, 130, 132, 14],
    [36, 417, 300, 38],
    [21, 169, 173, 10],
    [7, 69, 107, 14],
    [75, 520, 505, 62],
    [20, 92, 97, 12],
    [110, 507, 737, 82],
    [26, 113, 256, 18],
    [26, 111, 216, 20],
    [32, 122, 182, 30],
    [8, 21, 39, 3],
    [20, 424, 157, 24],
    [59, 100, 184, 22],
    [48, 139, 318, 29],
    [34, 122, 294, 22],
    [48, 189, 191, 25],
    [22, 65, 204, 17],
    [40, 94, 315, 42],
    [21, 88, 185, 12],
    [61, 319, 400, 36],
    [30, 204, 169, 28],
    [19, 95, 156, 21],
    [17, 52, 179, 13],
    [82, 205, 394, 36],
    [79, 607, 498, 57],
    [15, 123, 64, 7],
    [635, 3751, 4944, 580],
    [58, 213, 289, 63],
    [196, 708, 763, 130],
    [75, 155, 189, 23]
  ],
  "method": "mult",
  "cond_prob": [
    [
      [0.75514457096, 0.14113422406, 0.043037762972, 0.021966597088, 0.038716844923],
      [0, 0, 0.93427009848, 0.041082550715, 0.024647350803],
      [0.055165693172, 0.63225775116, 0.094076116248, 0.17189086854, 0.046609570883],
      [0.039590339522, 0.15205117122, 0.085454025031, 0.20715031592, 0.51575414831]
    ],
    [
      [0.7889034272, 0.13436449018, 0.033006110395, 0.02154114677, 0.022184825457],
      [0, 0.0078105083088, 0.92631529322, 0.05038697272, 0.015487225755],
      [0.075756914607, 0.66943828316, 0.045999577046, 0.1818537043, 0.026951520887],
      [0.057658919558, 0.1931256564, 0.091642660758, 0.26668625057, 0.39088651271]
    ],
    [
      [0.80620683569, 0.10585938609, 0.039973561131, 0.023203000302, 0.024757216781],
      [0, 0, 0.93965191633, 0.045552244954, 0.014795838714],
      [0.074280286965, 0.55303232723, 0.12234825888, 0.2170156237, 0.033323503234],
      [0.052325555688, 0.14365755505, 0.10167553844, 0.28214143241, 0.42019991841]
    ],
    [
      [0.83089947482, 0.099001412726, 0.03200926879, 0.015054054239, 0.023035789429],
      [0, 0, 0.9435533599, 0.037969339265, 0.018477300837],
      [0.11320892765, 0.61117863807, 0.077991677252, 0.16153853056, 0.036082226462],
      [0.06844403809, 0.16143378761, 0.095040891184, 0.21625087698, 0.45883040613]
    ],
    [
      [0.94333232634, 0.037180348488, 0.0054591261626, 0.0011417378875, 0.012886461118],
      [0.019077741308, 0, 0.94268715742, 0.018404934085, 0.01983016719],
      [0.31626558347, 0.54074851501, 0.029579225774, 0.078788079864, 0.03461859589],
      [0.13030726136, 0.15106329723, 0.088055142664, 0.11580887888, 0.51476541986]
    ],
    [
      [0.76829083352, 0.16169617898, 0.033266710377, 0.013000182785, 0.023746094345],
      [0, 0.0045076298691, 0.94916051551, 0.029220849964, 0.017111004658],
      [0.06455931256, 0.76521026818, 0.042408872007, 0.10408345624, 0.023738091018],
      [0.057015951057, 0.23861895975, 0.09574463383, 0.16557219287, 0.44304826249]
    ],
    [
      [0.81265648266, 0.1154772744, 0.02588320437, 0.013607054051, 0.032375984521],
      [0.001280627562, 0.0047314336936, 0.92665564478, 0.037278222045, 0.030054071921],
      [0.10526736347, 0.67167519578, 0.036225685807, 0.13474023679, 0.052091518164],
      [0.058904615245, 0.16195987298, 0.073280631501, 0.16314592057, 0.54270895971]
    ],
    [
      [0.81655807579, 0.12221915821, 0.023054451925, 0.010601039584, 0.027567274489],
      [0.0029638575162, 0.012792086015, 0.92574874098, 0.031703540484, 0.026791775006],
      [0.10775563616, 0.72677166429, 0.016356064803, 0.10673497189, 0.04238166286],
      [0.064218514687, 0.18908457107, 0.074116976972, 0.14076594702, 0.53181399025]
    ],
    [
      [0.7474805355, 0.1561725501, 0.039140065065, 0.016835390862, 0.040371458481],
      [0, 0, 0.93731394212, 0.034613574914, 0.028072482967],
      [0.052733668888, 0.70891428507, 0.058590724348, 0.12981172571, 0.04994959598],
      [0.039924147884, 0.17404370093, 0.081738913861, 0.16015170487, 0.54414153245]
    ],
    [
      [0.75243638844, 0.16785078386, 0.033975823171, 0.021570243619, 0.024166760905],
      [0, 0.0099093162895, 0.92738711696, 0.046770412787, 0.015933153967],
      [0.054874958214, 0.73348080374, 0.028865669104, 0.15858819078, 0.024190378159],
      [0.050217234662, 0.22191605255, 0.089464763819, 0.24389349518, 0.39450845379]
    ],
    [
      [0.8858544297, 0.062343411976, 0.040013340061, 0.0021198440068, 0.009668974256],
      [0, 0, 0.9864094384, 0.0065239303832, 0.0070666312216],
      [0.19264521112, 0.59803154434, 0.15030184004, 0.041787610589, 0.017233793907],
      [0.12606084878, 0.20857456583, 0.16241542178, 0.075920698185, 0.42702846542]
    ],
    [
      [0.81633841887, 0.11761001516, 0.022398669705, 0.016025925593, 0.027626970676],
      [0.00012152003879, 0.012949665926, 0.91866202858, 0.043195313116, 0.025071472341],
      [0.10112681017, 0.66944391678, 0.03555757778, 0.15185054438, 0.042021150888],
      [0.059233315925, 0.1650699287, 0.075759555369, 0.19062630731, 0.5093108927]
    ],
    [
      [0.79057312068, 0.11847976626, 0.02490618355, 0.025153027491, 0.04088790202],
      [0, 0.0070825232967, 0.89137881588, 0.064222490733, 0.037316170086],
      [0.073182617007, 0.62153732638, 0.02596548054, 0.21839192778, 0.060922648293],
      [0.041093824027, 0.12571578638, 0.058189776601, 0.22342731696, 0.55157329604]
    ],
    [
      [0.77553277242, 0.17454468589, 0.013441743414, 0.0048096977637, 0.031671100513],
      [0, 0.025700534171, 0.93560001944, 0.011496496907, 0.027202949487],
      [0.054285872357, 0.84365339257, 0.027504802916, 0.033335618005, 0.041220314153],
      [0.046096822492, 0.23996863795, 0.064370797843, 0.048029731308, 0.60153401041]
    ],
    [
      [0.88928818055, 0.067654489869, 0.024533114893, 0.0013471634476, 0.017177051236],
      [0.0036475272704, 0, 0.974758168, 0.0048334722818, 0.016760832451],
      [0.21973704173, 0.6443319079, 0.072195430431, 0.025366569897, 0.038369050047],
      [0.098393332337, 0.17458297822, 0.099069985886, 0.034830473548, 0.59312323001]
    ],
    [
      [0.94500224495, 0.026713449926, 0.016140610092, 3.4798934131e-05, 0.012108896102],
      [0.022672381518, 0, 0.95982048818, 0.005064896857, 0.012442233443],
      [0.31278796967, 0.53984398671, 0.066896148516, 0.039712408773, 0.040759486333],
      [0.11374138106, 0.13189646782, 0.09418532385, 0.049592935629, 0.61058389164]
    ],
    [
      [0.92943041487, 0.062787416214, 0.0067466615724, 0.0010355073431, 0],
      [0.044062044868, 0, 0.94914591334, 0.0067920417948, 0],
      [0.24353680088, 0.68733252177, 0.023983898657, 0.04514677869, 0],
      [0.24971565045, 0.40676377607, 0.18658994222, 0.15693063126, 0]
    ],
    [
      [0.74433264109, 0.13670416552, 0.053974021321, 0.020099023572, 0.0448901485],
      [0, 0, 0.95013468602, 0.027475780044, 0.022389533935],
      [0.025177965735, 0.55214485845, 0.21146643751, 0.15839336489, 0.052817373415],
      [0.036863196673, 0.13803263976, 0.095407620919, 0.17939400236, 0.55030254029]
    ],
    [
      [0.8137903996, 0.10977160952, 0.039138261309, 0.013285458959, 0.024014270608],
      [0, 0, 0.95904385973, 0.026597424957, 0.014358715316],
      [0.090113775582, 0.60857889217, 0.13275503763, 0.13404669973, 0.034505594889],
      [0.065262346613, 0.17474028279, 0.10924404806, 0.18772317118, 0.46303015136]
    ],
    [
      [0.86483673537, 0.076953912915, 0.020904550722, 0.0070889556055, 0.030215845384],
      [0.0092800487084, 0, 0.92958118734, 0.02375586023, 0.037382903724],
      [0.17792406743, 0.6089310063, 0.048666551446, 0.098373431898, 0.066104942926],
      [0.077244302127, 0.13330640426, 0.072351571717, 0.10818337144, 0.60891435046]
    ],
    [
      [0.7206498556, 0.16756416216, 0.043636766095, 0.029032742859, 0.039116473288],
      [0, 0, 0.92233541914, 0.053894915921, 0.02376966494],
      [0.034237831044, 0.66968067193, 0.0586913821, 0.19599696348, 0.041393151438],
      [0.035355195573, 0.16703956739, 0.081808174328, 0.24688265751, 0.46891440519]
    ],
    [
      [0.75830924052, 0.1446302834, 0.038698056968, 0.023643782687, 0.034718636423],
      [0, 0, 0.92729202632, 0.048813814936, 0.023894158739],
      [0.055728787578, 0.65962011365, 0.059035594157, 0.18315554873, 0.042459955889],
      [0.042688707769, 0.16554529397, 0.083051257871, 0.23134809991, 0.47736664048]
    ],
    [
      [0.82363781149, 0.10175292076, 0.027577842679, 0.015154467889, 0.031876957184],
      [0, 0.0030561058111, 0.92148449548, 0.043445420171, 0.032013978541],
      [0.10240621615, 0.63304438453, 0.054301251944, 0.15883166678, 0.051416480596],
      [0.052951010228, 0.13821323001, 0.071285629531, 0.17981152299, 0.55773860724]
    ],
    [
      [0.91352031057, 0.034789630296, 0.029757692779, 0.0081173319949, 0.013815034361],
      [0, 0, 0.9669626784, 0.022425703125, 0.010611618476],
      [0.22420211253, 0.3929537466, 0.16061743571, 0.18594229867, 0.036284406482],
      [0.10682596069, 0.08581365739, 0.1209614069, 0.2200503731, 0.46634860192]
    ],
    [
      [0.88377590883, 0.053800666003, 0.034158054633, 0.016026200596, 0.012239169936],
      [0, 0, 0.95994755745, 0.032999398563, 0.0070530439824],
      [0.034621052927, 0.34076101135, 0.3527427243, 0.24520445072, 0.026670760705],
      [0.071703850083, 0.11250991123, 0.1182586115, 0.30731646574, 0.39021116146]
    ],
    [
      [0.89626856741, 0.055348238278, 0.023994916535, 0.0054021332544, 0.018986144522],
      [0.0060843175441, 0, 0.9520739104, 0.021146842587, 0.020694929471],
      [0.23559261406, 0.53996692844, 0.073186874212, 0.10756741014, 0.043686173144],
      [0.10323437386, 0.13947994221, 0.094411479553, 0.14045237751, 0.52242182688]
    ],
    [
      [0.84035227718, 0.091108335247, 0.031246691613, 0.013666806065, 0.023625889894],
      [0, 0, 0.94847175369, 0.033449856774, 0.018078389533],
      [0.10933495959, 0.57093887792, 0.12211497616, 0.15734955895, 0.040261627383],
      [0.066881230715, 0.15055196256, 0.095135790659, 0.20012875894, 0.48730225712]
    ],
    [
      [0.81674077694, 0.13122206143, 0.026703260414, 0.011497214533, 0.013836686686],
      [0, 0.010290077552, 0.94936390345, 0.029784180957, 0.010561838045],
      [0.089827878073, 0.73931951672, 0.043219528184, 0.10917677729, 0.018456299729],
      [0.076626348269, 0.24399300562, 0.10749951523, 0.18737816544, 0.38450296545]
    ],
    [
      [0.79593219649, 0.10875929169, 0.044912956779, 0.015932157364, 0.034463397679],
      [0, 0, 0.95503882337, 0.025751210514, 0.019209966115],
      [0.045634098896, 0.51956408311, 0.23085501961, 0.1545795036, 0.049367294782],
      [0.048863838172, 0.13720489102, 0.10030429395, 0.17874005693, 0.53488691993]
    ],
    [
      [0.72262749327, 0.1611946169, 0.048035097544, 0.029910278733, 0.038232513554],
      [0, 0, 0.9278541825, 0.05089453409, 0.021251283407],
      [0.034414003528, 0.63254524786, 0.09072383184, 0.20282294383, 0.039493972938],
      [0.034444422988, 0.15914174604, 0.087691861312, 0.25704645616, 0.4616755135]
    ],
    [
      [0.78436221727, 0.12588331485, 0.043057144166, 0.016398794602, 0.030298529116],
      [0, 0, 0.94816964636, 0.032427120347, 0.019403233294],
      [0.067574786293, 0.6345958144, 0.11267782042, 0.14537703046, 0.039774548428],
      [0.05221108847, 0.16834493028, 0.099061158954, 0.1920961224, 0.4882866999]
    ],
    [
      [0.83592259593, 0.10394236828, 0.027919362034, 0.013338614448, 0.0188770593],
      [0.0029919761842, 0.0050013001572, 0.93943953562, 0.03728083521, 0.015286352833],
      [0.11626557751, 0.65575732188, 0.054730488641, 0.14422564556, 0.029020966411],
      [0.076345593524, 0.1890356029, 0.095808777645, 0.21207010357, 0.42673992237]
    ],
    [
      [0.79060559859, 0.1192205387, 0.039494685164, 0.016832623246, 0.033846554295],
      [0, 0, 0.94223145322, 0.033931508534, 0.02383703825],
      [0.075398145151, 0.60980641177, 0.11402839509, 0.15367751299, 0.047089534993],
      [0.050493550145, 0.15174044934, 0.091030442492, 0.18792980547, 0.51880575256]
    ],
    [
      [0.76769351782, 0.13736827739, 0.041253041378, 0.019154269955, 0.034530893466],
      [0, 0, 0.93931949069, 0.03814377135, 0.022536737956],
      [0.060246488619, 0.65017577869, 0.089611202412, 0.15703613402, 0.042930396258],
      [0.045579359487, 0.16348564613, 0.088595418642, 0.19842117874, 0.503918397]
    ],
    [
      [0.76116079685, 0.13660443305, 0.038218927352, 0.019912560162, 0.044103282588],
      [0, 0, 0.92519100578, 0.041424456312, 0.033384537905],
      [0.066695294641, 0.64534221596, 0.064030649903, 0.16328806817, 0.06064377133],
      [0.038248421105, 0.14229656152, 0.074500612134, 0.1807500928, 0.56420431244]
    ],
    [
      [0.73401020672, 0.16211616531, 0.045118043504, 0.022738557738, 0.036017026724],
      [0, 0, 0.93655881767, 0.042177490848, 0.021263691477],
      [0.038590400325, 0.67882059855, 0.081122988224, 0.16240655445, 0.039059458454],
      [0.039694876324, 0.17801427959, 0.090942782153, 0.21527424083, 0.4760738211]
    ],
    [
      [0.75928091559, 0.1386783273, 0.040219682171, 0.0095004392041, 0.052320635736],
      [0, 0, 0.93763129346, 0.020289835468, 0.042078871077],
      [0.05523970588, 0.69571789069, 0.093130955307, 0.08166433379, 0.07424711433],
      [0.038010851498, 0.14514983805, 0.07498539116, 0.085157164601, 0.65669675469]
    ],
    [
      [0.84763153741, 0.088645922978, 0.031827204483, 0.0096981382431, 0.022197196887],
      [0, 0, 0.95548144601, 0.025715374202, 0.018803179787],
      [0.14003427558, 0.61024559394, 0.091993067422, 0.11894024739, 0.038786815663],
      [0.079942314419, 0.16460909435, 0.10086614255, 0.16142131396, 0.49316113472]
    ],
    [
      [0.80858378072, 0.12268495123, 0.028503529649, 0.011442081706, 0.028785656689],
      [0.00074324623886, 0.0064542784661, 0.93758850886, 0.030326261922, 0.024887704516],
      [0.100720022, 0.70230857212, 0.042255579415, 0.11181783851, 0.042897987955],
      [0.061583846929, 0.18277018551, 0.082998799896, 0.14723731215, 0.52540985552]
    ],
    [
      [0.75983763864, 0.15758599366, 0.032871940953, 0.025131547667, 0.024572879086],
      [0, 0.011532632988, 0.91583810703, 0.055934880121, 0.016694379863],
      [0.0567991519, 0.70180261322, 0.02684579779, 0.18816718315, 0.026385253945],
      [0.048780229255, 0.20166387243, 0.084430366621, 0.27468482535, 0.39044070634]
    ],
    [
      [0.82572374072, 0.090691086591, 0.039780099689, 0.020591501659, 0.023213571337],
      [0, 0, 0.93745384574, 0.045676106746, 0.016870047514],
      [0.097481056489, 0.53840345003, 0.11179834134, 0.21665596835, 0.035661183795],
      [0.061176267196, 0.13694857744, 0.10034565021, 0.27790668949, 0.42362281566]
    ],
    [
      [0.89822491611, 0.039889050962, 0.027410606219, 0.0095771230365, 0.024898303671],
      [0, 0, 0.93831190417, 0.033963861275, 0.027724234557],
      [0.22012727046, 0.42152778235, 0.098773786829, 0.19586981968, 0.06370134068],
      [0.076412374329, 0.080434693543, 0.074662492125, 0.19040632053, 0.57808411947]
    ],
    [
      [0.88087614601, 0.063977740178, 0.026642107899, 0.0082117506293, 0.020292255288],
      [0, 0, 0.95954764663, 0.021779206393, 0.018673146982],
      [0.17927499784, 0.49989188841, 0.14788961418, 0.12681128471, 0.046132214855],
      [0.093179267467, 0.13489244651, 0.10001192692, 0.1538337407, 0.51808261841]
    ],
    [
      [0.86955181402, 0.074835513942, 0.033884660588, 0.0084908535268, 0.013237157927],
      [0, 0, 0.96239896412, 0.0268177144, 0.010783321484],
      [0.17138721031, 0.58521559509, 0.08812411829, 0.13200379543, 0.023269280878],
      [0.098236194347, 0.17750159916, 0.11573049311, 0.20584408374, 0.40268762965]
    ],
    [
      [0.7384831427, 0.16404936643, 0.041899777677, 0.017626071926, 0.037941641262],
      [0, 0, 0.94195838203, 0.034054823371, 0.023986794597],
      [0.045182946317, 0.71628597232, 0.064508572416, 0.13057679459, 0.043445714358],
      [0.040849386943, 0.18436866255, 0.087685156575, 0.16885887653, 0.5182379174]
    ],
    [
      [0.80657225863, 0.12714094381, 0.030928177735, 0.011594453495, 0.02376416633],
      [0, 0.0050002440016, 0.94720858939, 0.029083159317, 0.018708007296],
      [0.095640217916, 0.7094330706, 0.052011566543, 0.11053884082, 0.032376304117],
      [0.066287233598, 0.20426615384, 0.095345158557, 0.16178290654, 0.47231854746]
    ],
    [
      [0.84135388712, 0.091395838211, 0.030853713405, 0.0082512547527, 0.028145306514],
      [0, 0, 0.9515464534, 0.022436358996, 0.026017187607],
      [0.14048781443, 0.62698746789, 0.080883526869, 0.10085510791, 0.050786082902],
      [0.071273634458, 0.15433573599, 0.089119537302, 0.12400569244, 0.56126539982]
    ],
    [
      [0.83502203003, 0.11194660815, 0.016414839572, 0.011175311995, 0.025441210255],
      [0.019138820178, 0.011213483536, 0.90070040217, 0.039256788085, 0.02969050603],
      [0.12334306372, 0.71406051374, 0, 0.1201765458, 0.04241987674],
      [0.071971001694, 0.18470314048, 0.064314552251, 0.15802568043, 0.52098562515]
    ],
    [
      [0.79240951488, 0.14662810142, 0.026198410682, 0.0089926998421, 0.02577127318],
      [0, 0.010760245998, 0.94359543383, 0.023937430395, 0.021706889781],
      [0.087751917372, 0.77617829328, 0.024541178931, 0.080414148435, 0.031114461981],
      [0.06337536744, 0.22922024848, 0.083895748331, 0.12046944743, 0.50303918832]
    ],
    [
      [0.8215035619, 0.11327796845, 0.035048223648, 0.012137911056, 0.018032334945],
      [0, 0, 0.95855036487, 0.028699638703, 0.012749996431],
      [0.10188012079, 0.66566681686, 0.084069103069, 0.12366683378, 0.024717125492],
      [0.075050237838, 0.20606679522, 0.11323092728, 0.19509761765, 0.41055442202]
    ],
    [
      [0.85482236513, 0.08889735454, 0.028788293631, 0.0069646488173, 0.020527337885],
      [0, 0, 0.96209831556, 0.019768745511, 0.018132938933],
      [0.15422709873, 0.64022254487, 0.079153947586, 0.089288789077, 0.03710761973],
      [0.087916562043, 0.180228984, 0.10202701087, 0.12648363815, 0.50334380493]
    ],
    [
      [0.83635032047, 0.098536434457, 0.025785292303, 0.013956429086, 0.02537152368],
      [0.0061438942532, 0.0040939799381, 0.92441049152, 0.040444830964, 0.024906803328],
      [0.12257875104, 0.63168780712, 0.049528157485, 0.15307535106, 0.043129933294],
      [0.069297393986, 0.15905341627, 0.081301512376, 0.1950295458, 0.49531813157]
    ],
    [
      [0.81672853748, 0.11787726583, 0.030199530946, 0.012251091725, 0.022943574016],
      [0.00024016087866, 0.005225678893, 0.94508772983, 0.0316693634, 0.017777067],
      [0.10280225809, 0.68716380712, 0.055583936113, 0.12229034739, 0.03215965128],
      [0.067723344859, 0.19363516872, 0.093894311654, 0.17530216862, 0.46944500614]
    ],
    [
      [0.8116836359, 0.11924612996, 0.033003759323, 0.013021494508, 0.023044980305],
      [0, 0.0011568717681, 0.9499295693, 0.031306990528, 0.017606568405],
      [0.096913655577, 0.67833140916, 0.065710934602, 0.12722583396, 0.031818166696],
      [0.065679526266, 0.19164124759, 0.098487784169, 0.18286513896, 0.46132630301]
    ],
    [
      [0.86436977382, 0.086437087306, 0.023415701535, 0.0092606416885, 0.016516795648],
      [0.0097459033427, 0, 0.94464233754, 0.029615682739, 0.015996076378],
      [0.16421005307, 0.63261865417, 0.053011586377, 0.12093322312, 0.029226483263],
      [0.095139095878, 0.18501136387, 0.098379673497, 0.18115895859, 0.44031090816]
    ],
    [
      [0.86582186906, 0.074303284977, 0.027636924974, 0.0088511162193, 0.023386804771],
      [0, 0, 0.95157216938, 0.025153094979, 0.023274735638],
      [0.17228970156, 0.56627990216, 0.090323227586, 0.1232525314, 0.047854637289],
      [0.084207034507, 0.14250261774, 0.091779101291, 0.15180828995, 0.52970295651]
    ],
    [
      [0.84101098678, 0.092167685344, 0.031164849996, 0.011787792902, 0.023868684974],
      [0, 0, 0.94942858544, 0.030520730435, 0.020050684129],
      [0.12336969223, 0.60194195181, 0.095426381798, 0.13801287168, 0.041249102476],
      [0.069882127958, 0.15617140053, 0.092217543773, 0.17661563931, 0.50511328843]
    ],
    [
      [0.8312697153, 0.10210281968, 0.02753320537, 0.01324853027, 0.025845729382],
      [0.003868859037, 0.0020982125474, 0.93312415666, 0.036861935045, 0.024046836713],
      [0.12081304607, 0.64055813421, 0.052825785549, 0.14280200691, 0.043001027262],
      [0.069537828894, 0.16443948054, 0.084822446926, 0.18500852201, 0.49619172163]
    ],
    [
      [0.82009746258, 0.11617044533, 0.024501589098, 0.011334896133, 0.027895606857],
      [0.0036215197099, 0.0097147679973, 0.92850816129, 0.031867443263, 0.02628810774],
      [0.11235943672, 0.6912650236, 0.037482734522, 0.11446004123, 0.044432763935],
      [0.066525178745, 0.18122661535, 0.078954907944, 0.15041045548, 0.52288284248]
    ],
    [
      [0.84951665175, 0.095969142711, 0.021445296149, 0.010275541442, 0.022793367952],
      [0.015174455488, 0.0029144506752, 0.92768290056, 0.031558343487, 0.022669849787],
      [0.14438596282, 0.65218941927, 0.042010760093, 0.12113825431, 0.040275603507],
      [0.081421016483, 0.17312376957, 0.084177064659, 0.16318614347, 0.49809200582]
    ],
    [
      [0.94226435596, 0.030622863571, 0.0061460963323, 0.0011659846261, 0.019800699516],
      [0.036028935062, 0, 0.92515085346, 0.011373989528, 0.027446221949],
      [0.34898590566, 0.48228706427, 0.038938733671, 0.070313659643, 0.05947463675],
      [0.12118922601, 0.11091435151, 0.077445209777, 0.080882656685, 0.60956855602]
    ]
  ],
  "expected_outcome": [
    [
      [7.5514457096, 39.44517136, 7.2558615212, 19.9415873956, 54.7132749279, 29.1950516737, 56.8859537863, 10.6152549852, 15.6970912454, 43.6413105297, 9.7443987267, 16.3267683774, 8.6963043274, 6.9797949518, 8.8928818055, 12.2850291843, 3.7177216595, 18.6083160273, 49.6412143759, 28.5396122673, 53.3280893142, 34.8822250639, 5.7654646804, 3.6540812423, 2.6513277265, 86.9380510389, 5.8824659403, 8.9841485463, 11.9389829473, 11.5620398923, 42.3555597326, 9.1951485553, 28.4618015493, 16.1215638741, 5.3281255779, 55.0507655039, 15.1856183117, 93.2394691149, 21.0231782988, 19.7557786046, 26.4231597032, 7.1857993289, 17.6175229201, 51.3035570269, 35.4471908498, 27.4234567934, 40.3849865816, 18.3704846606, 31.6963805952, 17.2515747998, 52.1441642727, 25.0905096142, 15.5178422122, 13.7986218103, 70.8783214534, 68.3999276556, 12.6151648018, 527.856269213, 47.5656528295, 166.5052637421, 70.6698266966],
      [1.4113422406, 6.7182245089, 0.95273447484, 2.3760339054, 2.1564602123, 6.1444548011, 8.0834092078, 1.5888490568, 3.279623552, 9.735345464, 0.68577753173, 2.3522003031, 1.3032774289, 1.570902173, 0.67654489869, 0.34727484904, 0.25114966486, 3.4176041379, 6.6960681807, 2.5394791262, 12.3997479999, 6.6529930365, 0.7122704453, 0.13915852118, 0.16140199801, 5.3687791129, 0.63775834673, 1.4434426757, 1.6313893754, 2.5791138704, 6.7976990016, 1.1433660511, 4.2919393933, 2.8847338251, 0.95623103134, 12.1587123986, 2.7735665461, 9.7510515276, 3.1898087321, 4.0972358351, 2.9021147709, 0.3191124077, 1.2795548036, 4.4152953226, 7.8743695887, 4.3227920895, 4.3870002341, 2.4628253793, 5.8651240566, 2.3788373375, 5.4227386269, 2.9560930337, 2.2396680508, 2.0271842094, 7.0878411591, 5.8699595132, 1.3825152802, 64.8352904983, 6.7378858294, 18.8099519714, 2.2967147678],
      [0.43037762972, 1.6503055197, 0.35976205018, 0.76822245097, 0.31662931743, 1.2641349943, 1.8118243059, 0.29970787503, 0.82194136637, 1.9705977439, 0.44014674068, 0.4479733941, 0.27396801905, 0.12097569073, 0.24533114893, 0.2098279312, 0.026986646289, 1.349350533, 2.3874339398, 0.68985017383, 3.229120691, 1.7801106205, 0.19304489875, 0.11903077112, 0.1024741639, 2.3275069039, 0.21872684129, 0.29373586455, 0.67369435169, 0.7685615607, 2.325085785, 0.30711298237, 1.4218086659, 0.86631386894, 0.26753249146, 3.3838532628, 0.80439364342, 3.5009924931, 0.74109177087, 0.85467046479, 1.2729631901, 0.21928484976, 0.53284215797, 1.9991949747, 2.0111893285, 1.051558043, 1.4809782434, 0.36112647059, 1.0479364273, 0.73601269661, 1.7560859115, 0.7735587691, 0.57379108798, 0.56106390849, 1.9200875259, 2.1833170729, 0.46747274994, 17.4835854101, 1.4210921677, 4.2032780452, 0.46095722492],
      [0.21966597088, 1.0770573385, 0.20882700272, 0.36129730174, 0.066220797474, 0.49400694581, 0.95249378356, 0.13781351459, 0.35354320811, 1.2510741299, 0.023318284075, 0.32051851186, 0.2766833024, 0.043287279874, 0.013471634476, 0.0004523861437, 0.0041420293724, 0.5024755893, 0.81041299652, 0.23393553498, 2.1484229716, 1.0876140036, 0.10608127522, 0.03246932798, 0.048078601787, 0.52400692568, 0.095667642456, 0.12646935986, 0.23898236046, 0.47856445973, 0.88553490853, 0.14672475893, 0.60597443687, 0.40223966906, 0.13938792114, 1.7053918304, 0.19000878408, 1.0667952067, 0.29749412437, 0.65342023933, 0.65892805308, 0.076616984292, 0.16423501259, 0.50096035808, 0.84605145245, 0.39421141882, 0.39606022813, 0.24585686388, 0.35970799368, 0.25489613218, 0.42484357786, 0.41869287259, 0.23277074277, 0.22136540663, 0.75937261846, 0.69923818132, 0.17681689353, 8.4128167213, 0.6574239757, 2.0140061227, 0.087448846955],
      [0.38716844923, 1.1092412729, 0.22281495103, 0.5528589463, 0.74741474486, 0.90235158509, 2.2663189165, 0.35837456836, 0.8478006281, 1.4016721325, 0.10635871682, 0.55253941352, 0.44976692222, 0.28503990462, 0.17177051236, 0.15741564933, 0, 1.1222537125, 1.4648705071, 0.99712289766, 2.8946190233, 1.5970572755, 0.22313870029, 0.055260137444, 0.036717509808, 1.8416560186, 0.16538122926, 0.15220355354, 0.51695096518, 0.61172021686, 1.6361205723, 0.2076476523, 1.2184759546, 0.72514876279, 0.30872297812, 2.7012770043, 1.0464127147, 2.4416916576, 0.74842707391, 0.63889485623, 0.74283428277, 0.19918642937, 0.40584510576, 0.78099231772, 1.8211987806, 0.80798165521, 1.3509747127, 0.55970662562, 1.0308509272, 0.37867903385, 1.252167611, 0.7611457104, 0.4359279063, 0.39176466519, 1.3543772432, 1.8475575769, 0.35803027461, 16.4120381573, 1.6179451977, 4.4675001186, 1.4850524637]
    ],
    [
      [0, 0, 0, 0, 0.9157315828, 0, 0.23179358872, 0.17486759345, 0, 0, 0, 0.0060760019395, 0, 0, 0.0984832363, 0.43077524885, 0.61686862815, 0, 0, 1.5126479395, 0, 0, 0, 0, 0, 1.2959596369, 0, 0, 0, 0, 0, 0.38895690395, 0, 0, 0, 0, 0, 0, 0.083986824991, 0, 0, 0, 0, 0, 0, 0, 0, 1.2440233116, 0, 0, 0, 1.2533544277, 0.022815283473, 0, 1.9979101853, 0, 0, 14.5120902478, 0.77138369821, 10.7435144855, 5.5844849347],
      [0, 2.2103738514, 0, 0, 0, 0.2479196428, 0.85638949854, 0.7547330749, 0, 1.9620446253, 0, 0.64748329628, 0.26205336198, 0.38550801257, 0, 0, 0, 0, 0, 0, 0, 0, 0.23837625326, 0, 0, 0, 0, 0.27783209391, 0, 0, 0, 0.65016902044, 0, 0, 0, 0, 0, 0, 0.72933346667, 1.2801222617, 0, 0, 0, 0, 0, 0.61002976819, 0, 0.72887642981, 1.0114631239, 0, 0, 0.83517190737, 0.49643949484, 0.060157331939, 0, 0, 0, 7.8703952652, 2.0692455834, 2.063431078, 0],
      [108.3753314239, 262.1472279803, 90.2065839678, 126.4361502263, 45.248983556, 52.203828353, 167.724671705, 54.6191757177, 89.9821384434, 183.6226491575, 18.7417793295, 45.9331014289, 32.9810161877, 14.0340002915, 26.3184705359, 18.2365892754, 13.2880427867, 301.1926954687, 609.9518947862, 151.521733536, 344.0311113389, 201.2223697125, 71.8757906472, 24.17406696, 48.9573254302, 202.7917429147, 134.6829890244, 25.6328253931, 215.8387740818, 154.9516484781, 301.517947542, 122.12713963, 392.9105159911, 158.7449939274, 63.8381793991, 487.0105851908, 86.2620789979, 484.4290931275, 105.9475015009, 101.6580298801, 114.3693691802, 19.7045499875, 406.8482021691, 96.2398964116, 130.9322151025, 115.559447905, 179.8422796921, 58.5455261411, 88.6979707796, 84.3524321082, 306.9093626627, 188.5797402695, 89.7833343337, 49.3963376035, 193.6516791957, 577.6043068156, 116.7797160086, 3500.1487116201, 197.7722383549, 656.7994935984, 143.3983822864],
      [4.765575883, 14.2595132796, 4.3730155156, 5.0878914615, 0.88343683607, 1.607146748, 6.7473581901, 1.8705088885, 3.3229031917, 9.2605417317, 0.12395467728, 2.1597656558, 2.3762321571, 0.1724474536, 0.13050375161, 0.096233040282, 0.095088585127, 8.7098222741, 16.9159622725, 3.8722052175, 20.1028036385, 10.5925978411, 3.3887427733, 0.56064257811, 1.6829693267, 4.5042774711, 4.7498796618, 0.80417288583, 5.8197735762, 8.499387193, 10.3118242705, 4.8465085773, 14.1494390586, 6.4462973581, 2.8582874855, 21.932295241, 1.866664863, 13.0376947206, 3.4268675972, 6.2087716934, 5.5724850231, 0.71324108677, 9.2343835106, 2.68177144, 4.7336204485, 3.5481454367, 4.2404718502, 2.5516912255, 2.2501184572, 2.5255682059, 6.3062298179, 8.2507455166, 3.008589523, 1.6279635075, 6.0712149616, 15.2679286521, 3.7540498436, 138.2691183554, 6.787765415, 22.3433071886, 1.7629683768],
      [2.8590926931, 4.3828848887, 1.4204005166, 2.4759583122, 0.9518480251, 0.94110525617, 5.4397870176, 1.5807147254, 2.6949583649, 3.1547644854, 0.13426599321, 1.2535736171, 1.3806982932, 0.4080442423, 0.45254247617, 0.23640243542, 0, 7.0974822573, 9.1321429413, 6.0934133071, 8.8660850226, 5.1850324464, 2.4970903262, 0.26529046191, 0.3597052431, 4.4080199773, 2.5671313137, 0.28516962721, 4.341452342, 3.5489643289, 6.1702281875, 1.9872258683, 9.9400449504, 3.8087087145, 2.3035331154, 11.0571195682, 3.8712561391, 9.5332121519, 2.8123106103, 1.8530761648, 2.0581457967, 0.5822089257, 7.9174143203, 1.0783321484, 3.3341644489, 2.2823768901, 4.9172484577, 1.929882892, 2.0404476394, 1.1219996859, 5.7844075195, 5.0809878789, 1.688821365, 0.91554155709, 3.2791956575, 14.1277645323, 2.4662341479, 90.1996845115, 5.5993669485, 16.0502536495, 4.2541644021]
    ],
    [
      [6.0130605557, 30.075495099, 5.6453018093, 22.8682033856, 46.8073063529, 18.9804378925, 55.0548310932, 14.4392552451, 8.3846533532, 26.9984794412, 11.7513578782, 6.370989041, 4.0982265524, 0.65143046829, 6.8118482935, 5.9429714237, 3.1659784115, 3.801872826, 41.1819954409, 33.0938765421, 17.9748612983, 19.282160502, 2.9697802684, 6.2776591508, 0.27696842342, 86.4624893608, 5.2480780604, 3.8625987572, 3.3769233183, 4.8179604939, 23.9214743479, 15.3470562314, 22.6194435452, 10.422642531, 7.1363965266, 19.488152164, 5.3582514703, 103.2052611027, 25.7843256315, 12.2686168103, 17.7415522809, 8.5849635481, 28.1461746607, 31.5352466974, 14.3681769289, 28.1182240674, 26.8331725569, 25.161984999, 27.6418539723, 18.8478223461, 61.6908394937, 20.7158089265, 16.0371522623, 17.3475443482, 64.6987609097, 85.8002713775, 7.8956603025, 597.2996997807, 32.4718772113, 110.1664896296, 65.9583361705],
      [68.916094876, 265.7669984144, 42.0304568692, 123.458084891, 80.0307802209, 224.971818844, 351.2861273909, 97.3874030155, 112.7173713265, 360.8725554406, 36.4799242049, 42.1749667571, 34.8060902773, 10.1238407108, 19.9742891449, 10.2570357475, 8.935322783, 83.373873626, 278.120553721, 113.2611671716, 351.5823527652, 228.2285593228, 18.3582871514, 11.0027049049, 2.7260880908, 198.1678627365, 27.4050661399, 31.7907392191, 38.4477421503, 88.5563347008, 224.6469182992, 86.5599664879, 182.9419235319, 112.4804097136, 69.0516171074, 342.8044022666, 67.4846353973, 449.7510027354, 179.7909944622, 151.5893644547, 97.9894279058, 16.4395835117, 78.4830264802, 107.679669496, 227.7789391972, 208.5733227577, 119.7546063662, 145.6683448028, 244.4961623835, 123.1483611199, 256.089017949, 106.7552394034, 107.1975539112, 121.4213222399, 249.2517497415, 282.0073912756, 38.5242849162, 3166.9194155248, 199.7755918201, 497.6205269063, 91.1522551474],
      [10.2542966711, 18.2618320874, 9.2984676747, 15.7543188048, 4.3777254146, 12.4682083701, 18.946033677, 2.1917126836, 9.3159251714, 14.2019091991, 9.1684122427, 2.2401274001, 1.4540669103, 0.330057635, 2.2380583434, 1.2710268218, 0.31179068255, 31.9314320636, 60.6690521984, 9.051978569, 30.8129756023, 20.4263155785, 1.5747363064, 4.4972881999, 2.8219417944, 26.8595828358, 5.8615188557, 1.8584397119, 17.0832714512, 12.7013364576, 39.8879484275, 7.2244245006, 34.2085185283, 15.5027380172, 6.8512795396, 40.9671090529, 9.0337026648, 67.7988906899, 10.8174283301, 5.7986923227, 20.3472981234, 3.8521776863, 23.2186694268, 16.2148377653, 20.5137260283, 15.2914005637, 15.4487536319, 0, 7.7304713633, 15.5527840678, 31.6615790344, 8.3702586149, 8.6710940336, 11.7622572938, 20.8865650325, 44.9809673379, 6.1072884351, 261.1706837525, 10.832510277, 32.0542099507, 7.3594206638],
      [18.736104671, 72.1959206073, 16.4931874011, 32.6307831734, 11.6606358199, 30.6005361342, 70.4691438392, 14.3024862327, 20.6400643881, 78.0253898651, 2.5490442459, 9.5665842958, 12.2299479557, 0.40002741606, 0.78636366682, 0.75453576669, 0.58690812298, 23.9173980989, 61.2593417754, 18.297458333, 102.8984058293, 63.3718198592, 4.6061183365, 5.2063843629, 1.9616356058, 39.477239523, 7.5527788295, 4.6946014234, 11.4388832663, 28.3952121364, 51.4634687818, 19.0377852138, 46.1032538967, 27.1672511855, 17.4718232941, 82.0153099972, 7.9214403777, 87.6589623282, 28.6253666598, 40.6441115602, 39.4313862391, 7.6389229674, 19.9093717001, 24.2886983597, 41.5234206797, 32.4984192007, 19.2633256108, 24.5160153432, 25.330456757, 22.8783642502, 35.7155156308, 25.8697343284, 19.0772941932, 22.7734242794, 47.6476899105, 61.3797606392, 8.8328237877, 706.0131221562, 33.0789519143, 92.4284880376, 13.2892816725],
      [5.0804432262, 10.699753792, 2.5325862458, 7.2886097452, 5.1235521917, 6.9789987592, 27.2438639997, 5.6791428232, 7.9419857607, 11.901666054, 1.0512614283, 2.6473325059, 3.4116683044, 0.49464376983, 1.1894405514, 0.77443024033, 0, 7.9754233856, 15.7690568643, 12.2955193843, 21.7314045049, 14.6911447375, 1.4910779373, 1.0159633815, 0.21336608564, 16.0328255439, 1.9325581144, 0.79362088836, 3.6531798139, 5.5291562113, 14.0801901436, 3.8307675663, 14.1268604979, 7.4269585526, 6.4888835323, 19.7250265192, 7.20197009, 28.5858831437, 10.9818849164, 5.6992148521, 6.4903354507, 2.4843522865, 7.2427577322, 4.2815476816, 13.8157371659, 9.5186334105, 9.7001418342, 8.6536548549, 9.801055524, 4.572668216, 14.843047892, 7.2889587267, 5.0169055997, 5.6954518386, 11.5152344057, 23.8316093698, 2.6399425585, 212.5970787858, 12.8410687773, 30.7302854758, 11.2407063458]
    ],
    [
      [0.43549373475, 2.479333541, 1.0988366695, 2.1902092189, 1.5636871364, 1.8245104338, 2.8274215318, 0.77062217624, 0.91825540133, 2.3602100291, 0.50424339514, 0.29616657963, 0.20546912014, 0.36877457993, 0.19678666467, 0.34122414317, 0.4994313009, 0.58981114676, 4.1767901832, 1.8538632511, 1.6970493875, 1.835614434, 0.26475505114, 1.0682596069, 0.071703850083, 3.3034999634, 0.8694559993, 0.15325269654, 0.6840937344, 0.61999961378, 1.7229659195, 1.0688383093, 1.9187549055, 0.45579359487, 0.53547789547, 2.4610823321, 0.45613021798, 6.5552697823, 1.1085092447, 0.97560458511, 1.8352880159, 0.22923712299, 2.2363024192, 2.1611962756, 1.1846322214, 1.4583191392, 1.7818408614, 1.2235070288, 2.6617654325, 0.90060285405, 3.1649962335, 1.9403270316, 1.422190242, 0.85383384146, 3.4250074516, 4.7998009669, 0.48917489571, 40.3319407585, 4.1910862609, 10.5847321428, 2.7873521982],
      [1.6725628834, 8.3044032253, 3.016808656, 5.1658812035, 1.8127595668, 7.6358067121, 7.7740739028, 2.2690148528, 4.0030051215, 10.43005447, 0.83429826333, 0.82534964349, 0.62857893188, 1.9197491036, 0.34916595644, 0.39568940347, 0.81352755213, 2.2085222362, 11.1833780984, 3.1993537022, 8.0178992349, 7.1184476407, 0.69106615004, 0.8581365739, 0.11250991123, 4.4633581506, 1.9571755133, 0.48798601123, 1.9208684743, 2.8645514288, 5.5553826992, 2.6464984405, 5.7661370748, 1.6348564613, 1.9921518613, 11.0368853348, 1.7417980567, 13.497945737, 3.2898633391, 4.0332774486, 4.1084573233, 0.24130408063, 3.2374187162, 3.9050351814, 5.346691214, 4.4938553846, 3.8583933997, 3.1399533881, 9.6272504361, 2.4728015426, 6.488243424, 4.4534956555, 4.0663385432, 2.4913362187, 6.6604090994, 8.1226492112, 1.0931998037, 95.3748987117, 11.4172767671, 22.5060900443, 2.5510300848],
      [0.93999427534, 3.9406344126, 2.1351863073, 3.0413085179, 1.056661712, 3.0638282826, 3.5174703121, 0.88940372366, 1.8799950188, 4.2048438995, 0.64966168713, 0.37879777684, 0.290948883, 0.51496638274, 0.19813997177, 0.28255597155, 0.37317988444, 1.5265219347, 6.9916190756, 1.7364377212, 3.9267923677, 3.5712040885, 0.35642814765, 1.209614069, 0.1182586115, 3.0211673457, 1.2367652786, 0.21499903046, 1.4042601153, 1.5784535036, 3.2690182455, 1.341322887, 3.4591568147, 0.88595418642, 1.0430085699, 5.6384524935, 0.89982469392, 8.2710236895, 1.4939783981, 1.6886073324, 3.0103695063, 0.22398747638, 2.4002862461, 2.5460708484, 2.5428695407, 2.0975934883, 2.2279884325, 1.0933473883, 3.5236214299, 1.3587711274, 3.6729723914, 2.2764423465, 1.9717805447, 1.2803411942, 3.5416682459, 5.2314087736, 0.64552280641, 49.1970192173, 4.9741592005, 10.9430184057, 1.7812398249],
      [2.2786534751, 11.4675087746, 5.9249700806, 6.9200280634, 1.3897065465, 5.2983101719, 7.8310041871, 1.6891913642, 3.6834892121, 11.4629942733, 0.30368279274, 0.95313153655, 1.1171365848, 0.38423785046, 0.069660947096, 0.14877880689, 0.31386126252, 2.8703040378, 12.0142829555, 2.5964009145, 11.8503675606, 9.9479682961, 0.89905761496, 2.200503731, 0.30731646574, 4.4944760802, 2.6016738662, 0.37475633088, 2.502360797, 4.6268362109, 6.3391720392, 2.9689814499, 7.1413326079, 1.9842117874, 2.5305012992, 13.3470029314, 1.0218859752, 13.2365477445, 2.6502716187, 5.493696507, 8.3372006848, 0.57121896159, 3.6920097767, 4.5285698422, 4.8969074193, 3.5592239438, 3.1001423109, 2.6864365674, 5.0597167922, 2.3411714118, 4.5534109734, 5.4608272824, 3.681345541, 2.3772468065, 6.5217225094, 8.6530725273, 1.2363094752, 107.3049427672, 9.475858695, 21.2141986511, 1.8603011037],
