{
  "Z_true": {},
  "V_true": [
    [295, 43, 638, 209, 29],
    [18, 943, 110, 2644, 39],
    [26, 434, 105, 13756, 185],
    [980, 430, 8522, 2057, 273],
    [73, 169, 431, 1491, 507]
  ],
  "p_true": [
    [0.243, 0.0354, 0.5255, 0.1722, 0.0239],
    [0.0048, 0.2512, 0.0293, 0.7043, 0.0104],
    [0.0018, 0.0299, 0.0072, 0.9483, 0.0128],
    [0.0799, 0.0351, 0.695, 0.1678, 0.0223],
    [0.0273, 0.0633, 0.1614, 0.5582, 0.1898]
  ],
  "Z_est": [
    [
      [2.347, 4.9562, 3.5179, 2.963, 6.9955, 5.9514, 0.7761, 0.1648, 0, 3.4563, 12.3953, 4.0598, 4.1796, 8.6476, 5.8365, 10.1293, 2.8311, 7.7246, 12.4227, 5.4524, 12.1423, 4.5223, 0.1856, 9.293, 0.1098, 2.2553, 1.9689, 1.0148, 0.4913, 1.5409, 1.3081, 0, 0, 0, 6.6212, 5.5841, 10.3717, 15.2234, 0.8526, 4.4051, 14.0093, 4.4799, 0.353, 8.4786, 2.3724, 7.8517, 0, 0.6702, 15.8117, 3.7173, 32.6668, 4.2018],
      [0.5642, 0.943, 0.5312, 0.4945, 1.3854, 1.0101, 0.0947, 0.0548, 0, 0.462, 1.8606, 1.0043, 0.6666, 1.6228, 1.1436, 1.2176, 0.7632, 2.6584, 1.14, 0.7271, 1.356, 0.9524, 0.2189, 1.2974, 0.0546, 0.7939, 0.3058, 0.0405, 0, 0.2769, 0.3403, 0.1295, 0, 0, 1.4354, 0.8464, 2.0127, 3.1194, 0.2119, 0.6336, 2.5017, 0.5668, 0.1235, 1.8518, 0.584, 1.4836, 0, 0.0864, 2.8941, 0.5661, 7.2141, 0.9372],
      [4.3053, 8.7189, 7.5994, 2.2941, 15.2455, 11.9517, 1.3634, 0.2348, 0, 5.4236, 16.6591, 5.5167, 4.31, 15.9803, 12.3455, 20.375, 6.7201, 16.472, 19.988, 7.374, 15.6889, 8.8717, 0.2645, 14.7175, 0.5527, 4.7659, 2.8491, 0.2793, 0.8211, 2.4768, 1.1776, 0.3234, 0, 0, 15.0916, 8.1584, 20.8055, 32.2738, 3.5396, 10.0929, 26.1, 9.4934, 0.1224, 11.2394, 5.2979, 13.5199, 0, 1.795, 29.081, 4.9351, 42.0557, 6.3654],
      [4.7752, 7.3795, 7.3485, 3.2484, 13.3684, 10.0778, 1.7658, 0.5452, 0, 4.6577, 19.0778, 4.4138, 3.8396, 16.7355, 9.6644, 15.2571, 5.6799, 10.1323, 14.4363, 5.4396, 14.7987, 6.6454, 0.331, 8.6847, 0.282, 5.1748, 3.8688, 0.6599, 0.6876, 1.7006, 1.1735, 0.5408, 0, 0, 15.8399, 7.4023, 14.7933, 24.3698, 1.3958, 8.8563, 25.3704, 7.4551, 0.2326, 9.4163, 4.7397, 12.1297, 0, 1.4484, 22.1871, 3.7754, 41.0074, 6.492],
      [0.0084, 0.0024, 0.0029, 0, 0.0052, 0.009, 0, 0.0004, 0, 0.0004, 0.0073, 0.0054, 0.0042, 0.0139, 0.01, 0.0209, 0.0057, 0.0128, 0.013, 0.0069, 0.0141, 0.0083, 0, 0.0075, 0.001, 0.0101, 0.0073, 0.0055, 0, 0.0048, 0.0004, 0.0063, 0, 0, 0.0119, 0.0088, 0.0167, 0.0135, 0.0002, 0.012, 0.0186, 0.0048, 0.1686, 0.0139, 0.0061, 0.0151, 0, 0, 0.0261, 0.0061, 0.0559, 0.0035]
    ],
    [
      [0.9166, 2.2852, 1.0479, 0.724, 2.5228, 2.7148, 0.3724, 0.399, 0.6191, 3.6244, 8.6997, 2.1829, 2.9465, 4.6813, 2.7556, 5.0733, 2.4741, 1.5168, 3.0298, 2.4855, 5.8692, 1.1708, 0.0414, 2.1835, 0.102, 0.3718, 0.8331, 0.1757, 0, 0.4456, 0, 0, 0, 0.7173, 1.8957, 2.0648, 4.6065, 6.2299, 0.4536, 2.8426, 6.8486, 2.0826, 0, 3.1325, 1.4652, 4.1979, 0.4512, 0.174, 9.7957, 3.4171, 15.9146, 4.8],
      [14.4288, 27.9596, 10.3446, 9.0974, 32.0775, 29.7238, 3.4493, 8.9081, 5.1966, 31.6312, 84.8012, 35.2902, 30.8617, 56.3335, 34.6716, 39.1169, 43.406, 34.2597, 18.0908, 21.5409, 42.2847, 16.2647, 3.419, 19.8083, 5.0451, 9.1411, 9.0282, 0.7974, 0, 5.6838, 0, 1.6411, 0.6085, 0, 26.5467, 20.4269, 57.0558, 82.5315, 7.6021, 26.4868, 78.2138, 17.1757, 0, 44.4143, 23.3394, 51.0355, 2.4746, 1.8871, 113.7686, 33.7603, 224.1584, 72.3732],
      [0.9264, 1.9025, 1.0594, 0.3102, 2.3346, 3.0211, 0.2591, 0.1589, 0.536, 2.6452, 5.8287, 1.6579, 1.7843, 4.6766, 3.271, 5.7756, 3.1837, 1.7864, 2.461, 1.7444, 4.1278, 1.3768, 0.0367, 1.8296, 0.3705, 0.726, 0.6545, 0.0347, 0, 0.3685, 0, 0.0127, 0.0189, 0.2097, 2.0011, 1.6901, 5.0672, 7.2647, 0.8256, 3.5622, 7.0922, 2.4268, 0, 2.2272, 1.8152, 3.7257, 0.1797, 0.1319, 10.0577, 2.5719, 11.3745, 3.6646],
      [17.7215, 32.8518, 17.5471, 7.8685, 41.0652, 44.5401, 7.9192, 11.4796, 7.6328, 44.0992, 125.6703, 22.8651, 29.4035, 87.3086, 44.3014, 75.0275, 50.9282, 22.4304, 34.4184, 24.2253, 69.7182, 20.1818, 0.5029, 21.1786, 3.4822, 10.7579, 16.4843, 1.9762, 0, 4.4989, 0, 0.3352, 0.3726, 4.073, 40.5554, 29.8113, 63.2698, 99.9739, 8.1187, 55.099, 120.8449, 33.3149, 0, 33.2261, 29.3759, 63.0246, 1.887, 3.807, 138.3769, 37.2456, 194.5371, 76.1623],
      [0.0066, 0.0009, 0.001, 0, 0, 0.0002, 0, 0.0544, 0.0155, 0, 0, 0.004, 0.0039, 0, 0.0005, 0.0068, 0.008, 0.0067, 0, 0.0039, 0, 0.0059, 0, 0, 0.0002, 0.0032, 0, 0.0159, 0, 0.0032, 0, 0.011, 0, 0, 0.0012, 0.0069, 0.0008, 0.0001, 0, 0.0094, 0.0005, 0, 0, 0, 0.0043, 0.0163, 0.0075, 0, 0.001, 0.0051, 0.0153, 0]
    ],
    [
      [0.4858, 1.988, 1.2599, 0.4953, 2.426, 0.962, 0.1726, 0.09, 0.2825, 0.811, 2.2434, 1.1915, 0.8333, 1.5533, 1.079, 2.0131, 0.5794, 0.9569, 1.6539, 1.3334, 1.5381, 0.3981, 0.0976, 1.2752, 0.0116, 0.083, 0.367, 0.0622, 0.1954, 0.3558, 0.1718, 0, 0, 0.0331, 1.1733, 0.8232, 2.251, 1.7138, 0.2062, 0.9422, 3.4622, 1.229, 0.0483, 1.641, 0.9075, 1.2451, 0.0584, 2.203, 4.1097, 1.3161, 6.5853, 1.3656],
      [1.1094, 3.7231, 1.8376, 1.0242, 5.4461, 1.5881, 0.0881, 0.2142, 0.2582, 1.0187, 3.1967, 2.5423, 1.9419, 2.846, 2.1708, 1.9751, 2.035, 2.8796, 1.2862, 2.0794, 1.913, 0.8126, 0.2252, 1.829, 0.1477, 0.3844, 0.3658, 0.0538, 0, 0.555, 0.228, 0.0792, 0.135, 0, 3.5101, 1.1587, 4.334, 3.6811, 1.0597, 1.1061, 6.0533, 1.1993, 0.1977, 3.5549, 2.4609, 2.2891, 0.1382, 0.64, 7.5454, 2.2142, 14.8426, 2.7522],
      [6.2647, 26.6724, 21.7681, 3.6646, 46.9505, 14.8748, 0.8396, 0.4163, 1.7729, 9.2259, 22.259, 12.4941, 10.1988, 22.0857, 18.0525, 31.5763, 13.9701, 16.2515, 21.5138, 16.188, 18.2907, 5.9176, 0.3836, 16.1969, 1.1276, 2.1883, 2.5948, 0.1048, 1.0214, 3.4847, 1.2549, 0.2143, 0.2411, 0.8877, 28.8744, 8.5657, 34.7729, 30.1237, 13.5872, 18.4409, 50.5679, 19.1346, 0.4066, 18.5195, 17.0972, 16.1619, 0.73, 8.0187, 59.8592, 15.0278, 73.9098, 14.6795],
      [130.4157, 449.352, 385.6087, 97.6265, 781.905, 234.9697, 19.8997, 24.7395, 38.1158, 143.4944, 470.6214, 185.5423, 182.1482, 432.7232, 267.4531, 448.012, 231.7124, 209.7957, 290.8248, 227.119, 323.6671, 95.8606, 7.2936, 188.8718, 12.1211, 41.9427, 68.4067, 9.3787, 12.7832, 44.9077, 25.1168, 7.1035, 9.6238, 5.0792, 559.8174, 163.2194, 464.1441, 431.0184, 112.9298, 302.1697, 922.455, 280.6298, 7.7686, 286.6312, 296.7585, 276.8889, 11.4704, 88.9901, 887.4095, 234.7567, 1352.1824, 287.727],
      [5.7244, 15.2645, 15.5257, 8.1893, 33.2724, 6.6054, 0, 1.54, 1.5707, 3.45, 9.6794, 6.2298, 5.8778, 11.7919, 8.2446, 17.4235, 7.7032, 9.1164, 8.7212, 9.2803, 9.5911, 3.0112, 0, 5.8271, 1.592, 3.4015, 5.2656, 0.4005, 0, 2.6968, 2.2286, 0.603, 0, 0, 24.6248, 5.2331, 15.498, 9.463, 2.2171, 11.3411, 23.4616, 6.8074, 0.5789, 13.6533, 10.7759, 10.415, 0.603, 17.1482, 31.0762, 11.6852, 52.4799, 5.4757]
    ],
    [
      [9.0742, 20.9333, 7.5766, 7.4919, 23.5389, 19.0477, 1.6181, 1.3171, 1.9913, 11.64, 33.8519, 14.1563, 22.4971, 27.4823, 22.7889, 43.6644, 13.7437, 13.329, 36.1695, 23.0642, 37.5848, 7.728, 1.577, 19.5514, 0.7632, 4.2601, 4.761, 0.5473, 1.2754, 4.5732, 2.4792, 0, 0, 0.2208, 18.6472, 9.2064, 32.4854, 43.0701, 4.2956, 15.3745, 44.4279, 13.6645, 2.5987, 25.766, 7.9251, 18.3077, 2.3831, 1.8716, 69.4585, 16.0705, 108.5301, 22.4027],
      [3.7575, 6.8465, 1.9794, 2.1912, 8.0772, 5.5033, 0.3613, 0.7786, 0.494, 2.6778, 8.7413, 5.8338, 6.2384, 8.8106, 7.6684, 8.2699, 6.4571, 7.6717, 5.2685, 5.3567, 7.1291, 2.8421, 2.0054, 4.7464, 0.7219, 2.6506, 1.2668, 0.0522, 0, 1.4334, 0.417, 0.1379, 0.2373, 0, 7.0164, 2.4064, 10.8001, 15.1623, 1.9629, 3.5755, 13.5112, 2.8418, 0.6788, 9.4881, 3.3463, 5.9534, 0.35, 0.3621, 21.7098, 4.2191, 40.4252, 8.8327],
      [86.6768, 194.2554, 86.141, 31.2048, 269.7931, 199.6258, 15.3818, 9.9658, 15.8238, 95.5514, 238.1065, 101.1575, 126.3545, 265.6261, 251.8117, 459.4448, 174.9265, 154.5376, 306.3489, 165.4686, 256.4341, 83.6734, 10.0112, 165.9024, 23.4185, 53.0533, 36.3698, 1.2064, 11.9982, 37.9252, 14.3092, 1.3946, 3.6763, 5.6577, 224.2211, 71.8658, 340.1123, 481.1592, 101.1968, 185.1927, 433.0858, 151.4494, 9.4711, 179.6369, 93.5183, 165.7869, 8.6208, 53.6927, 672.8468, 113.7839, 733.3963, 179.7752],
      [37.6117, 70.7591, 29.6682, 17.7642, 97.4627, 67.9842, 7.6388, 9.6217, 6.5205, 32.7821, 111.4487, 32.3027, 49.1054, 112.6834, 79.5496, 140.769, 62.7947, 44.4358, 90.989, 50.0261, 98.4767, 29.2641, 4.4065, 42.1578, 4.9966, 25.2548, 20.0048, 1.1609, 2.7264, 9.7233, 5.5813, 0.4446, 2.0864, 1.1215, 95.045, 29.0431, 97.926, 150.8875, 18.5278, 65.5807, 171.1143, 47.567, 3.9989, 60.6569, 33.5911, 61.7791, 2.5253, 23.8249, 215.2874, 37.9969, 291.9746, 80.5072],
      [0.8798, 1.2057, 0.6348, 0.3479, 2.1282, 0.8391, 0, 0.3167, 0.1703, 0.3487, 0.8516, 0.5497, 0.8045, 1.3977, 1.1814, 2.8518, 1.078, 1.0259, 1.224, 1.0844, 1.3752, 0.4924, 0, 0.6421, 0.0997, 0.7812, 0.5975, 0.0332, 0, 0.345, 0.2133, 0.0229, 0, 0, 2.0703, 0.4783, 1.6762, 0.7209, 0.0169, 1.2767, 1.8609, 0.4772, 0.2525, 1.4522, 0.6192, 1.1729, 0.1209, 0.2488, 3.6976, 0.9296, 5.6738, 0.4822]
    ],
    [
      [0.1765, 0.8372, 0.5977, 0.3258, 1.5169, 0.3241, 0.0609, 0.0291, 0.1071, 0.4684, 0.8097, 0.4094, 0.5434, 0.6355, 0.54, 1.1199, 0.3717, 0.4728, 0.724, 0.6644, 0.8656, 0.1808, 0.0984, 0.697, 0.0135, 0.0298, 0.07, 0.2, 0.0379, 0.0846, 0.0409, 0, 0, 0.0288, 0.6626, 0.3215, 1.2854, 0.7628, 0.1921, 0.4356, 1.2521, 0.544, 0, 0.9819, 0.3298, 0.3975, 0.1073, 0.0812, 1.8244, 0.479, 3.3031, 0.23],
      [0.1401, 0.5279, 0.3072, 0.1927, 1.0138, 0.1747, 0.0066, 0.0443, 0.0512, 0.2103, 0.4002, 0.3295, 0.2914, 0.3871, 0.3456, 0.4205, 0.3387, 0.5306, 0.2144, 0.2959, 0.3172, 0.1282, 0.1315, 0.3188, 0.0307, 0.03, 0.0333, 0.0561, 0, 0.051, 0.0147, 0.0123, 0.0192, 0, 0.4915, 0.1616, 0.7974, 0.5056, 0.1633, 0.198, 0.72, 0.2164, 0, 0.6909, 0.2694, 0.2385, 0.0371, 0.0245, 1.082, 0.2404, 2.3595, 0.1047],
      [1.8268, 8.4508, 7.4321, 1.5263, 18.6762, 3.5266, 0.1561, 0.2242, 0.8673, 4.1538, 6.1467, 3.1738, 3.3525, 6.6314, 6.5193, 12.8283, 5.1996, 5.9526, 6.6884, 5.2251, 6.4584, 2.1606, 0.304, 6.3537, 0.5307, 0.2665, 0.5317, 0.3747, 0.1593, 0.7447, 0.2583, 0.055, 0.0637, 0.2449, 8.8118, 2.72, 14.2421, 9.1786, 4.8508, 5.7113, 13.1541, 6.4958, 0, 7.3771, 4.2714, 3.8056, 0.4696, 1.3617, 19.1553, 3.6812, 24.2636, 1.5153],
      [16.4759, 62.6576, 57.8274, 17.4924, 138.1988, 25.4283, 1.7765, 4.6139, 7.7309, 28.9665, 58.1818, 20.8761, 26.5032, 57.5494, 42.0315, 79.9342, 37.8848, 34.2058, 40.3315, 32.19, 50.3392, 15.0481, 2.466, 33.1071, 2.1181, 3.8697, 6.2354, 7.8243, 0.8028, 4.1696, 2.1284, 0.5759, 0.9171, 0.7263, 75.7423, 22.5239, 84.8668, 58.7504, 18.028, 41.2942, 106.2154, 42.0333, 0, 51.0695, 32.5349, 29.1777, 3.1173, 8.9296, 124.7392, 25.2254, 196.2986, 16.1115],
      [5.3808, 15.5264, 16.8356, 13.4628, 43.5943, 5.5462, 0, 2.0885, 2.2435, 5.201, 9.4617, 5.2112, 6.3095, 11.7966, 9.5636, 22.697, 9.2051, 10.8383, 9.0418, 9.6246, 11.0196, 3.4823, 0, 7.5234, 2.307, 2.8039, 4.1296, 2.5449, 0, 1.9502, 1.5577, 0.3569, 0, 0, 24.2918, 5.273, 20.8084, 9.8025, 2.7658, 11.3609, 20.6584, 7.7105, 0, 17.8806, 8.5945, 8.3806, 1.2687, 22.603, 32.1991, 9.374, 55.7751, 3.0385]
    ]
  ],
  "V_est": [
    [277.3103, 51.1789, 475.633, 409.302, 0.5757],
    [133.3542, 1568.1622, 120.7679, 1931.4955, 0.2202],
    [58.28, 104.7272, 799.4251, 13071.2026, 472.3651],
    [896.7834, 279.2653, 8152.0446, 2887.1572, 46.7495],
    [26.2721, 15.6663, 258.1295, 1857.8427, 513.0894]
  ],
  "p_est": [
    [0.2284, 0.0422, 0.3918, 0.3372, 0.0005],
    [0.0355, 0.4177, 0.0322, 0.5145, 0.0001],
    [0.004, 0.0072, 0.0551, 0.9011, 0.0326],
    [0.0731, 0.0228, 0.6648, 0.2355, 0.0038],
    [0.0098, 0.0059, 0.0966, 0.6956, 0.1921]
  ],
  "EI_Z": {},
  "EI_V": 9.2334,
  "MAE_Z": {},
  "MAE_V": 254.154,
  "MAE_p": 0.0519,
  "runtime": 0.248
}
