{
  "X": [
    [34, 25, 58, 342, 399, 55],
    [35, 45, 72, 459, 623, 85],
    [10, 10, 25, 108, 198, 23],
    [96, 33, 68, 572, 766, 79],
    [18, 18, 55, 209, 336, 53],
    [17, 18, 44, 243, 355, 45],
    [20, 28, 36, 367, 222, 39],
    [11, 13, 44, 387, 249, 58],
    [16, 19, 34, 315, 186, 34],
    [12, 19, 30, 229, 139, 31],
    [12, 5, 13, 167, 105, 19],
    [28, 21, 34, 208, 320, 29],
    [19, 41, 44, 364, 251, 47],
    [35, 62, 73, 526, 436, 63],
    [24, 19, 34, 168, 227, 34],
    [20, 28, 41, 234, 230, 36],
    [47, 33, 79, 449, 445, 69],
    [17, 13, 23, 240, 302, 32],
    [1, 11, 2, 14, 17, 7],
    [2, 1, 2, 15, 13, 2],
    [6, 3, 0, 17, 15, 2],
    [27, 28, 20, 165, 324, 25],
    [46, 26, 32, 100, 409, 11],
    [13, 18, 34, 75, 232, 9],
    [28, 24, 29, 190, 370, 27],
    [62, 56, 71, 426, 910, 75],
    [38, 23, 23, 171, 518, 22],
    [8, 7, 7, 46, 79, 10],
    [49, 80, 73, 468, 533, 118],
    [38, 26, 53, 303, 378, 61],
    [59, 37, 48, 307, 585, 50],
    [29, 26, 25, 157, 358, 33],
    [44, 54, 28, 281, 533, 35],
    [27, 29, 22, 152, 274, 31],
    [8, 13, 29, 203, 141, 34],
    [2, 5, 4, 18, 27, 1],
    [15, 16, 25, 132, 131, 18],
    [32, 53, 76, 418, 418, 52],
    [17, 22, 12, 84, 171, 11],
    [7, 12, 11, 37, 53, 10],
    [7, 8, 10, 59, 43, 4],
    [16, 21, 18, 139, 209, 25],
    [5, 1, 3, 16, 18, 2],
    [11, 18, 27, 158, 255, 21],
    [4, 2, 8, 44, 57, 7],
    [14, 16, 29, 197, 199, 45],
    [0, 0, 0, 1, 3, 0],
    [6, 8, 11, 213, 209, 70],
    [78, 80, 78, 664, 1116, 80],
    [7, 9, 18, 161, 212, 39],
    [125, 196, 117, 726, 967, 174],
    [25, 39, 8, 157, 207, 18]
  ],
  "W": [
    [78, 33, 327, 243, 67, 107, 58],
    [123, 70, 436, 383, 82, 132, 93],
    [39, 9, 114, 116, 36, 39, 21],
    [187, 47, 550, 477, 158, 126, 69],
    [63, 32, 180, 205, 48, 112, 49],
    [52, 20, 225, 251, 61, 68, 45],
    [43, 22, 345, 141, 43, 63, 55],
    [30, 28, 386, 145, 55, 66, 52],
    [35, 17, 296, 119, 52, 42, 43],
    [20, 41, 203, 92, 21, 49, 34],
    [23, 17, 158, 59, 27, 17, 20],
    [75, 35, 198, 206, 36, 60, 30],
    [42, 53, 349, 168, 52, 47, 55],
    [85, 77, 475, 269, 84, 129, 76],
    [51, 28, 143, 162, 30, 65, 27],
    [42, 26, 216, 147, 56, 63, 39],
    [93, 42, 453, 252, 99, 104, 79],
    [60, 21, 234, 180, 53, 50, 29],
    [3, 7, 15, 14, 2, 5, 6],
    [5, 1, 12, 9, 1, 5, 2],
    [7, 7, 12, 10, 3, 1, 3],
    [104, 39, 166, 197, 36, 23, 24],
    [135, 22, 115, 252, 31, 54, 15],
    [61, 19, 81, 151, 27, 29, 13],
    [87, 41, 140, 251, 50, 61, 38],
    [223, 98, 377, 576, 113, 119, 94],
    [142, 44, 162, 331, 45, 47, 24],
    [16, 4, 47, 53, 14, 9, 14],
    [97, 139, 414, 373, 77, 116, 105],
    [69, 30, 287, 263, 63, 89, 58],
    [118, 51, 308, 396, 64, 89, 60],
    [79, 40, 165, 245, 34, 44, 21],
    [145, 91, 254, 357, 45, 41, 42],
    [67, 47, 148, 187, 26, 32, 28],
    [24, 24, 197, 84, 34, 41, 24],
    [10, 4, 17, 16, 1, 5, 4],
    [25, 22, 130, 75, 30, 32, 23],
    [85, 85, 394, 267, 56, 110, 52],
    [48, 31, 88, 101, 24, 16, 9],
    [17, 11, 41, 36, 3, 11, 11],
    [15, 13, 48, 30, 8, 6, 11],
    [43, 36, 124, 134, 36, 37, 18],
    [6, 4, 14, 14, 2, 4, 1],
    [42, 21, 138, 178, 52, 40, 19],
    [10, 6, 46, 33, 8, 12, 7],
    [35, 15, 185, 132, 55, 39, 39],
    [0, 0, 1, 3, 0, 0, 0],
    [8, 3, 227, 183, 40, 18, 38],
    [271, 100, 626, 707, 170, 141, 81],
    [27, 14, 166, 156, 32, 20, 31],
    [240, 236, 725, 632, 122, 180, 170],
    [54, 63, 153, 134, 19, 13, 18]
  ],
  "method": "mult",
  "cond_prob": [
    [
      [0.24479819229, 0.0044880158328, 0.0001637210181, 0, 0.75055007086, 0],
      [0.11433274804, 0.56504507135, 0.0051921017673, 0.080268738182, 0.22313847016, 0.012022870503],
      [0.0081779758805, 0.0055370634778, 0.018985142712, 0.82885169343, 0.08306902382, 0.055379100677],
      [0.018499496041, 0.004388005872, 0.00035245559609, 0.0044509613497, 0.964265706, 0.0080433751415],
      [0.019975859458, 0.0015445511814, 0.027387418339, 0.38020256874, 0.53985802743, 0.031031574853],
      [0.019840029244, 0.0026208533515, 0.43000514644, 0.21233282695, 0.29861622492, 0.036584919099],
      [0.008653775038, 0.047286654976, 0.063389557384, 0.3283079257, 0.060189029418, 0.49217305748]
    ],
    [
      [0.16424484148, 0.004064183473, 0, 0, 0.83169097504, 0],
      [0.074676207753, 0.53180621841, 0.0053870898924, 0.13959900077, 0.23504108099, 0.013490402182],
      [0.0047978701113, 0.0039591451394, 0.018267216122, 0.82791981667, 0.085298322749, 0.059757629208],
      [0.010940354265, 0.0026526246162, 0.00043826562001, 0.0039023450274, 0.97394424704, 0.0081221634304],
      [0.012809312591, 0.0011679982961, 0.025772170735, 0.36680163122, 0.56122133979, 0.03222754737],
      [0.013121928757, 0.0021068167362, 0.42319534352, 0.20605296606, 0.31591238048, 0.039610564454],
      [0.0054415556379, 0.044705935117, 0.059305789257, 0.31702910164, 0.067933709464, 0.50558390889]
    ],
    [
      [0.15555996071, 0.0061396740161, 0.00068300791384, 0, 0.83761735736, 0],
      [0.072808686121, 0.72388509203, 0.0038398794081, 0.061204079556, 0.12773560396, 0.010526658928],
      [0.013282971211, 0.013466714258, 0.028652686776, 0.74837484446, 0.12592676915, 0.070296014139],
      [0.0058178437306, 0.0019309579914, 0.00082780621814, 0.00051386894942, 0.98353493854, 0.0073745845685],
      [0.013381167941, 0.0022618953726, 0.032565858711, 0.30157793176, 0.61651034039, 0.033702805829],
      [0.012506110074, 0.0034324925033, 0.48349870323, 0.14991723955, 0.31278564079, 0.037859813856],
      [0.0056806870333, 0.060528328177, 0.073692934446, 0.2557735396, 0.064027896569, 0.54029661417]
    ],
    [
      [0.31050185446, 0.0036701290652, 0, 0, 0.68582801647, 0],
      [0.17027873436, 0.51425014668, 0.0046902463782, 0.11047440346, 0.18812638654, 0.012180082585],
      [0.013811874214, 0.0049883838675, 0.015680888041, 0.82673945961, 0.083767656047, 0.055011738217],
      [0.027119026923, 0.0037997463092, 0.00046305838795, 0.0083950617789, 0.95284993484, 0.007373171761],
      [0.028819273701, 0.0013555606947, 0.023179373681, 0.37031869784, 0.5466101903, 0.02971690378],
      [0.031283577894, 0.002447249211, 0.4070709941, 0.21209087893, 0.30811755089, 0.03898974897],
      [0.013124202626, 0.044424737155, 0.057694273169, 0.33134421415, 0.045498109102, 0.5079144638]
    ],
    [
      [0.16332746468, 0.0030819219151, 0.00013968533237, 0.00020210846303, 0.83255484088, 0.00069397872599],
      [0.082522410674, 0.48280567015, 0.0064046773166, 0.15204682167, 0.25765791739, 0.018562502808],
      [0.0049431747911, 0.0022250794356, 0.020192362421, 0.83220202458, 0.060937110502, 0.079500248274],
      [0.0098751620878, 0.001190895141, 0.00042789374641, 0.0078187893431, 0.96761971339, 0.013067546297],
      [0.012643080612, 0.00066441643192, 0.028224374036, 0.35769653963, 0.5598167431, 0.040954846191],
      [0.011737676171, 0.00079191274582, 0.41806307627, 0.19636537201, 0.32609928657, 0.046942676232],
      [0.0047752100508, 0.032465784817, 0.058899432649, 0.27673871564, 0.052631566733, 0.57448929011]
    ],
    [
      [0.17831599097, 0.0053558454982, 0.00072523863758, 0.00076858249784, 0.81467412856, 0.00016021383358],
      [0.081933835006, 0.62823987821, 0.0058602863785, 0.10982164362, 0.16143234115, 0.012712015649],
      [0.0050599523192, 0.0063817126408, 0.024057481967, 0.83256423618, 0.068710031253, 0.063226585642],
      [0.011764079883, 0.0048023502593, 0.0027228107887, 0.016573750218, 0.9541752394, 0.0099617694522],
      [0.01385513103, 0.0017488057967, 0.031609462113, 0.3705426031, 0.54860384429, 0.033640153668],
      [0.013172649572, 0.0027315268181, 0.48014865337, 0.18942550843, 0.27585911269, 0.038662549109],
      [0.0057047840736, 0.049400049633, 0.070454162097, 0.30650228957, 0.049495604571, 0.51844311006]
    ],
    [
      [0.26019569476, 0.0086104690573, 0.00014054445339, 0.0023016057812, 0.72875168594, 0],
      [0.081004502739, 0.7825108576, 0.0023115709562, 0.070115103609, 0.058480346369, 0.005577618731],
      [0.0056361330438, 0.011769373726, 0.01375444251, 0.87838602769, 0.053714348932, 0.036739674095],
      [0.019184731051, 0.010692146185, 0.00058724390745, 0.013588575425, 0.94728065809, 0.0086666453391],
      [0.018259963826, 0.0030390083104, 0.024988098758, 0.47811495859, 0.45045138425, 0.025146586269],
      [0.018588820607, 0.005150226299, 0.42600368753, 0.27326197073, 0.24552696332, 0.03146833152],
      [0.0077036171618, 0.079842596391, 0.058223589271, 0.41136150196, 0.044390518179, 0.39847817704]
    ],
    [
      [0.16338100618, 0.0028684735719, 0.00052372630445, 0.00095515512671, 0.83223511025, 3.6528568433e-05],
      [0.079520045724, 0.4109037658, 0.0087290605148, 0.11160970956, 0.36951351313, 0.019723905277],
      [0.0013255075411, 0.00078992713729, 0.019530936437, 0.84486481952, 0.073601851287, 0.059886958073],
      [0.010907039242, 0.0010826645063, 0.0012210493693, 0.0088153517719, 0.964791453, 0.013182442106],
      [0.010824312034, 1.795286266e-05, 0.029376692152, 0.43657728095, 0.48576886058, 0.037434901417],
      [0.010781091634, 0.00017830678926, 0.47275117838, 0.22370690075, 0.24844675981, 0.044135762632],
      [0.0090760139166, 0.017961278204, 0.061665097148, 0.33988117757, 0.043590760821, 0.52782567235]
    ],
    [
      [0.25679145437, 0.0073098465495, 0.00066654411994, 0.0025283435113, 0.73270381145, 0],
      [0.087171776872, 0.72074375949, 0.0054790289909, 0.077014232657, 0.10131277374, 0.008278428248],
      [0.0048138178378, 0.0083333779206, 0.021776795289, 0.88092663828, 0.04374421689, 0.040405153787],
      [0.018543044441, 0.0084366919218, 0.0023726623298, 0.014725995193, 0.94593025822, 0.0099913478967],
      [0.017564739138, 0.0024877256944, 0.033825167714, 0.48087805372, 0.43811325206, 0.027131061674],
      [0.016191004717, 0.0035317055546, 0.52702845602, 0.21615604804, 0.20607488648, 0.031017899194],
      [0.0071041369414, 0.063794695042, 0.075840589907, 0.39561336869, 0.039116887885, 0.41853032153]
    ],
    [
      [0.24633195921, 0.0034129975905, 0.00053555471771, 0.0029210149334, 0.74675603955, 4.2434002161e-05],
      [0.094645551043, 0.42260018264, 0.020497501538, 0.21810518117, 0.22888334493, 0.015268238691],
      [0.0020833222129, 0.0012992810059, 0.016117997952, 0.89900451135, 0.0306742562, 0.050820631281],
      [0.016550270379, 0.0018910377215, 0.0016242453726, 0.018803567972, 0.94811962425, 0.013011254304],
      [0.015563356669, 0.00063467981423, 0.030254750911, 0.48118947905, 0.43882394188, 0.033533791681],
      [0.014748379188, 0.00039451566187, 0.46770667977, 0.25942307634, 0.21958490168, 0.03814244737],
      [0.0058192020215, 0.033374808882, 0.063956767837, 0.38102098282, 0.036818225463, 0.47901001298]
    ],
    [
      [0.27823888776, 0.00027480304054, 0.0012531712879, 0.002601413293, 0.71763172462, 0],
      [0.16008583449, 0.27851011615, 0.016683132296, 0.15604713306, 0.37213032523, 0.016543458769],
      [0.0026000339852, 0.00051596260107, 0.015712032329, 0.88311943455, 0.05286415313, 0.045188383409],
      [0.020060816074, 0.000710801063, 0.0013566174145, 0.012888551089, 0.95479640965, 0.010186804711],
      [0.019934490035, 1.1969078006e-05, 0.026697723008, 0.45998434358, 0.46380336161, 0.029568112684],
      [0.020763975533, 0.00063266278635, 0.47977292997, 0.22017990435, 0.24065010827, 0.038000419089],
      [0.019671703108, 0.0062234884682, 0.06240219726, 0.39157177046, 0.043449391837, 0.47668144887]
    ],
    [
      [0.2253050899, 0.0036434494501, 0.00027025211178, 0.001163799827, 0.76959501062, 2.2398091564e-05],
      [0.10949511782, 0.5070104895, 0.0057752838088, 0.14359975176, 0.22254934833, 0.011570008789],
      [0.0079680892559, 0.0042072119349, 0.020210644318, 0.83768124659, 0.078941418172, 0.050991389729],
      [0.017197033569, 0.0025774723334, 0.00085827428983, 0.0095076237955, 0.96411352561, 0.0057460704057],
      [0.01924275768, 0.0012164931197, 0.027201438548, 0.36235012766, 0.56313924051, 0.026849942489],
      [0.019702584231, 0.0020399186055, 0.44235435813, 0.19720294476, 0.30593540539, 0.032764788884],
      [0.0091541405158, 0.048373267542, 0.069285693478, 0.33968283646, 0.054140765243, 0.47936329676]
    ],
    [
      [0.22401718999, 0.006851960092, 0.00094359307176, 0.0019175951512, 0.76626966169, 0],
      [0.069759702712, 0.61879721152, 0.00717184364, 0.12579980003, 0.16796449836, 0.010506943743],
      [0.0043633987989, 0.0084574241934, 0.026878513033, 0.8688769534, 0.04340622107, 0.048017489502],
      [0.015658753055, 0.0080248253909, 0.0034183482163, 0.013019728981, 0.94898328458, 0.010895059777],
      [0.015010211987, 0.0022631198956, 0.038606242057, 0.45433046422, 0.45901628573, 0.030773676114],
      [0.013506909039, 0.0027358986843, 0.57617019673, 0.1775485119, 0.19671070721, 0.033327776427],
      [0.0059120242616, 0.061270623336, 0.082506436285, 0.36103156722, 0.040406231573, 0.44887311733]
    ],
    [
      [0.22135119502, 0.0070232522629, 0.00026066344198, 0.0024860407509, 0.76887884853, 0],
      [0.07343894079, 0.63164262005, 0.0046650477178, 0.10884086274, 0.1722710175, 0.0091415111967],
      [0.0050937181525, 0.0096494848885, 0.017356434714, 0.87511023334, 0.049185085435, 0.043605043474],
      [0.01581384405, 0.0084005778848, 0.00075207037452, 0.013671606749, 0.95302710051, 0.0083348004278],
      [0.015851661163, 0.0024542335669, 0.027909129757, 0.44196735326, 0.48447235109, 0.027345271169],
      [0.015581114994, 0.0043701867469, 0.44110194579, 0.2484657405, 0.25829834602, 0.032182665954],
      [0.0067816636711, 0.067807517508, 0.064809257987, 0.37994182707, 0.047856049739, 0.43280368403]
    ],
    [
      [0.27293130891, 0.0051418377727, 0.00066247178565, 0.009472061109, 0.7104008471, 0.0013914733312],
      [0.1165004423, 0.55166769203, 0.0054813138601, 0.14163052987, 0.16868496956, 0.016035052373],
      [0.0079023975809, 0.0062839597511, 0.019678190973, 0.86533324998, 0.02461980755, 0.076182394169],
      [0.020861033466, 0.005577439208, 0.0018487160114, 0.033081816723, 0.92277637113, 0.015854623457],
      [0.022544509499, 0.0017336785144, 0.028847809556, 0.40506731485, 0.49984696298, 0.041959724602],
      [0.021689849726, 0.003033414969, 0.43490600288, 0.22147052335, 0.27041979421, 0.048480414865],
      [0.0082512988433, 0.045916191563, 0.057960717559, 0.29265768623, 0.017158427166, 0.57805567864]
    ],
    [
      [0.25748623822, 0.0086217099329, 0.00070347980683, 0.0012016628425, 0.73194845231, 3.845688242e-05],
      [0.084440854142, 0.74003124849, 0.0033746780494, 0.065704306869, 0.098277065069, 0.0081718473777],
      [0.0073675778307, 0.014330533143, 0.023753769409, 0.84054201127, 0.059256786473, 0.054749321874],
      [0.01930846829, 0.0117779163, 0.0024568029804, 0.012115470538, 0.94419367143, 0.01014767046],
      [0.019802868445, 0.0038386210548, 0.033681442674, 0.41162567867, 0.49881560428, 0.032235784878],
      [0.018131470075, 0.0055763953129, 0.48743149468, 0.20884762346, 0.24481274304, 0.035200273436],
      [0.0079264330552, 0.077026953417, 0.071702641889, 0.32550593064, 0.044875617483, 0.47296242351]
    ],
    [
      [0.28055001119, 0.0046373929143, 0.0010408100348, 0, 0.71377178586, 0],
      [0.12647417584, 0.57439561967, 0.0069583592495, 0.074829003334, 0.20646433306, 0.010878508845],
      [0.01035549, 0.0062333166161, 0.028881198098, 0.80337651767, 0.099432869978, 0.051720607641],
      [0.022402978137, 0.0050675760329, 0.0026090985096, 0.0015394638565, 0.9606448179, 0.0077360655681],
      [0.023204821921, 0.0016893517379, 0.037157443721, 0.37868726835, 0.52937993527, 0.029881179004],
      [0.020843309363, 0.0025118918702, 0.52496975692, 0.17499061343, 0.24484541384, 0.031839014577],
      [0.010067905941, 0.049555724924, 0.083478941364, 0.32722292534, 0.062653178301, 0.46702132413]
    ],
    [
      [0.16982767639, 0.003331018126, 0, 0, 0.82684130548, 0],
      [0.089981449164, 0.50122417388, 0.0044872349181, 0.13140488335, 0.25914214388, 0.01376011481],
      [0.0059360345733, 0.0027290864618, 0.010651086578, 0.83344721323, 0.094800138697, 0.052436440464],
      [0.010373215878, 0.0020195268716, 0.00032116153243, 0.0038165664807, 0.97678969362, 0.0066798356223],
      [0.013381606154, 0.00087381147566, 0.018580908104, 0.37412523028, 0.56431469565, 0.028723748335],
      [0.015529748733, 0.002014572166, 0.35968792195, 0.23379501688, 0.34827411501, 0.040698625257],
      [0.00616570597, 0.038802399156, 0.047807603605, 0.34511998412, 0.05585430081, 0.50625000634]
    ],
    [
      [0.17913876824, 0.15068919319, 0, 0, 0.66813671581, 0.0020353227584],
      [0.021457106135, 0.92572582712, 0, 0.023507125779, 0.016411596129, 0.012898344834],
      [0.0043157914538, 0.10584850588, 0.0043271375417, 0.72651569257, 0.0299999994, 0.12899287315],
      [0.010340258538, 0.084904144804, 0.00058559741671, 0.01631072962, 0.8535532646, 0.034306005017],
      [0.011353848708, 0.019301046317, 0.018473944998, 0.37317156404, 0.49994691507, 0.077752680868],
      [0.012825401124, 0.042933092628, 0.36846535407, 0.20853480053, 0.27138397722, 0.095857374434],
      [0.0026747929926, 0.17303307655, 0.0079366521197, 0.15339123094, 0.020691544667, 0.64227270274]
    ],
    [
      [0.30784151838, 0.0046275383763, 0.00053778793481, 0.046242539662, 0.64001959932, 0.00073101632703],
      [0.086050026992, 0.80737268098, 0.00065189479489, 0.050860837562, 0.049109134525, 0.0059554251451],
      [0.0025450070189, 0.0012693846386, 0.0039329871724, 0.9441932428, 0.00056751042776, 0.047491867939],
      [0.020560211477, 0.0040915633522, 0.0007362830155, 0.065996897461, 0.8979657901, 0.010649254596],
      [0.022234634965, 0.0018091851457, 0.018678604451, 0.49808182203, 0.42851593695, 0.030679816457],
      [0.024537578499, 0.0060821677318, 0.36972634819, 0.31937594642, 0.24185794012, 0.038420019039],
      [0.0071189330681, 0.042606458751, 0.037763213469, 0.34933695959, 0.012242497649, 0.55093193747]
    ],
    [
      [0.49912906324, 0.00096578462283, 0, 0.037709682135, 0.46200105152, 0.00019441847497],
      [0.21320635326, 0.40400495997, 0, 0.22561254928, 0.15017617571, 0.0069999617733],
      [0.013537690547, 0.00069174980163, 0, 0.95542944277, 0, 0.030341116879],
      [0.056132872315, 0.00206917527, 0, 0.039107134403, 0.89728252186, 0.005408296148],
      [0.046010933978, 0.00034403944958, 0, 0.50914496493, 0.42146975382, 0.02303030782],
      [0.087799735184, 0.0032469270092, 0, 0.46810889275, 0.38923899406, 0.051605450997],
      [0.021346179203, 0.043977664049, 0, 0.43499197841, 0.029428645081, 0.47025553326]
    ],
    [
      [0.18083457066, 0.0058031674836, 0.00085614374408, 0.0059924031054, 0.80637635957, 0.00013735543683],
      [0.077878220858, 0.5923447875, 0.0057040034776, 0.11363962374, 0.199475504, 0.01095786042],
      [0.006951486756, 0.0084890829649, 0.025235707611, 0.81728810593, 0.084780790859, 0.057254825882],
      [0.014561059122, 0.0056851593265, 0.0020468435915, 0.0059349067588, 0.96574001313, 0.0060320180709],
      [0.01587662951, 0.001932683218, 0.030773640704, 0.33101179942, 0.59246303842, 0.027942208728],
      [0.016574606554, 0.0026052608693, 0.52669653529, 0.16527564056, 0.25348107555, 0.035366881175],
      [0.0075293323664, 0.068181754744, 0.078094911961, 0.30783658432, 0.036424414919, 0.50193300169]
    ],
    [
      [0.23135785781, 0.0094351588859, 0.00016314384455, 0.0035429931632, 0.75548326166, 1.7584628808e-05],
      [0.10155392387, 0.77892192499, 0.0036494800359, 0.045169948528, 0.066030538232, 0.0046741843493],
      [0.064034456553, 0.038082874173, 0.029381916825, 0.69204370262, 0.14436465515, 0.032092394679],
      [0.010530845196, 0.0025433676341, 0.00046932230368, 0.0023858170735, 0.9825458318, 0.0015248159906],
      [0.026172543593, 0.0034594676335, 0.030818967448, 0.23571287351, 0.68952423547, 0.014311912346],
      [0.02663843751, 0.0055241550097, 0.47808391468, 0.11984027983, 0.35284360052, 0.017069612445],
      [0.017662860009, 0.14426427732, 0.1085718654, 0.30421541079, 0.061653143344, 0.36363244313]
    ],
    [
      [0.14076390167, 0.0081570134102, 0.0068665054449, 0.0027263508742, 0.84144705805, 3.9170557514e-05],
      [0.05923507886, 0.7123889778, 0.010810987142, 0.075121413817, 0.13660378321, 0.0058397591661],
      [0.021603616976, 0.025919884432, 0.073510712035, 0.7321264842, 0.10978886769, 0.037050434665],
      [0.0054159414321, 0.002416357222, 0.012879021136, 0.0046792844243, 0.97249880403, 0.0021105917555],
      [0.013160635882, 0.0029285062634, 0.065388528986, 0.26143010943, 0.64071768674, 0.0163745327],
      [0.009233667558, 0.0027873415636, 0.73133464271, 0.088497227118, 0.15402088519, 0.01412623586],
      [0.0074709108285, 0.10328834229, 0.19249535575, 0.29019507883, 0.043850513378, 0.36269979893]
    ],
    [
      [0.19978022978, 0.0036483618218, 0.00015011255095, 0.017088424867, 0.77921509578, 0.00011777519215],
      [0.095744616553, 0.49877900626, 0.0044583519201, 0.15796669252, 0.23299516944, 0.010056163302],
      [0.0086505401609, 0.0042720542958, 0.013232460268, 0.9033804077, 0.026848069878, 0.043616467697],
      [0.012705259681, 0.0019076515065, 0.00051146515354, 0.028844521767, 0.95194226192, 0.0040888399765],
      [0.016618791784, 0.00096551686242, 0.021556630765, 0.38670423016, 0.5517549414, 0.022399889035],
      [0.018639866598, 0.0021243654112, 0.38490079362, 0.2310721651, 0.33330237478, 0.029960434494],
      [0.0085664072631, 0.052049552682, 0.059643306299, 0.3919165006, 0.05368566486, 0.4341385683]
    ],
    [
      [0.17718483721, 0.0011583234252, 0.00030663325198, 0.0030070719891, 0.81825022856, 9.290556743e-05],
      [0.088757047269, 0.49353238176, 0.0057571358542, 0.14030435981, 0.25981768744, 0.011831387861],
      [0.0065071197457, 0.0040510649104, 0.021176827369, 0.8398043114, 0.075192423621, 0.053268252954],
      [0.012133823476, 0.0016599268785, 0.00076450343454, 0.0074457063952, 0.97384478133, 0.0041512584896],
      [0.015150439457, 0.00084102834097, 0.026215499495, 0.33432121285, 0.59781268424, 0.025659135616],
      [0.016173460813, 0.0018007094863, 0.44110129881, 0.18515561919, 0.32300324147, 0.03276567023],
      [0.0075604543479, 0.04875351573, 0.069042527384, 0.32843433689, 0.072294775087, 0.47391439056]
    ],
    [
      [0.17756335455, 0.00048614054437, 5.560790759e-05, 0.0025025462859, 0.81935103785, 4.1312866519e-05],
      [0.10316708908, 0.46802827368, 0.0043953755006, 0.12922127759, 0.28486534406, 0.010322640082],
      [0.024588302111, 0.0035251049117, 0.013968130543, 0.82124752101, 0.091459904822, 0.045211036603],
      [0.0069749944028, 0.0010384565429, 0.0003082328853, 0.0042333692055, 0.98497964288, 0.002465304081],
      [0.016777176824, 0.00087290211849, 0.020083717044, 0.29745649218, 0.64458159639, 0.020228115444],
      [0.020247989189, 0.0019239919179, 0.38254507071, 0.18444505491, 0.38146219211, 0.029375701163],
      [0.010333133183, 0.053884153073, 0.064602472164, 0.35254578641, 0.055767343535, 0.46286711164]
    ],
    [
      [0.29332560064, 0.025783937029, 0.0001811866932, 0, 0.68070927564, 0],
      [0.050788622239, 0.84730610088, 0.0021632433411, 0.043331262972, 0.051081563558, 0.0053292070067],
      [0.029954616036, 0.01862281406, 0.023129675951, 0.76332613424, 0.11017821477, 0.054788544949],
      [0.01677393187, 0.014285020939, 0.00067560331139, 0.0037840157409, 0.95963784501, 0.0048435831333],
      [0.02770159131, 0.0046197964391, 0.029556724127, 0.32088627509, 0.58931715524, 0.027918457793],
      [0.027217987744, 0.0058624642457, 0.50078938462, 0.15815680812, 0.27467834217, 0.033295013098],
      [0.012426170717, 0.1034582075, 0.067474835354, 0.27385533431, 0.081614157378, 0.46117129474]
    ],
    [
      [0.24428091838, 0.0046117299322, 0.0006919990988, 0.0025303096532, 0.74650102862, 0.001384014314],
      [0.089125514448, 0.51332767455, 0.0064991607879, 0.17062043168, 0.19931597593, 0.021111242601],
      [0.0056801636796, 0.0042706548805, 0.021296847193, 0.8474698715, 0.034864632955, 0.086417829791],
      [0.017229106339, 0.004031390659, 0.0025125760983, 0.022876903712, 0.93331895943, 0.02003106376],
      [0.018347504744, 0.0012507724124, 0.030235465382, 0.40717919414, 0.49459427653, 0.048392786792],
      [0.017931910116, 0.0021942285903, 0.46684886827, 0.20954851751, 0.2475199052, 0.055956570306],
      [0.0061466718301, 0.043595386721, 0.055169595824, 0.27611697233, 0.033585536773, 0.58538583653]
    ],
    [
      [0.29655450954, 0.0053801952257, 0.00049060392474, 0.0006733615024, 0.69650053114, 0.00040079866723],
      [0.131599078, 0.61044352512, 0.0044700428899, 0.085927114328, 0.1555247815, 0.012035458162],
      [0.010351896197, 0.0078414513383, 0.021646973333, 0.82722950409, 0.063632296615, 0.069297878425],
      [0.023879467406, 0.0064821522504, 0.0018645838401, 0.014719563839, 0.9405730353, 0.012481197367],
      [0.025264724976, 0.0020992630675, 0.030027346093, 0.38271528688, 0.52178016401, 0.038113214969],
      [0.024403327612, 0.0033388236596, 0.45646615481, 0.2013074287, 0.27071583506, 0.043768430162],
      [0.0099120436924, 0.050530160706, 0.062271889035, 0.29417564542, 0.046149704174, 0.53696055697]
    ],
    [
      [0.2759832128, 0.0045179705534, 0, 0, 0.71949881665, 0],
      [0.1376713251, 0.55387758468, 0.0042429871997, 0.10151847169, 0.19312319322, 0.0095664381],
      [0.026143296054, 0.0075099586988, 0.017280858015, 0.79326647317, 0.10565593663, 0.050143477436],
      [0.015881580328, 0.0048660568429, 0.00043045541124, 0.0038422981074, 0.97096017966, 0.0040194296514],
      [0.026497895468, 0.0017817777605, 0.024214183642, 0.32333878424, 0.59898471763, 0.025182641256],
      [0.028831168529, 0.0030765131899, 0.41466730807, 0.18240590276, 0.33856738055, 0.032451726892],
      [0.013494383438, 0.059854223604, 0.063925747827, 0.31745211034, 0.079001305943, 0.46627222885]
    ],
    [
      [0.21703863086, 0.0046547337622, 0.00013908507682, 0.0029300568521, 0.77495547506, 0.00028201838653],
      [0.1021994178, 0.55169798808, 0.0047724523899, 0.10887412276, 0.21673625253, 0.015719766441],
      [0.018198280669, 0.0073819406274, 0.021012343228, 0.77709626976, 0.093521328774, 0.082789836943],
      [0.01208303671, 0.0042124750605, 0.00046180463801, 0.0051820887833, 0.96838138206, 0.0096792127515],
      [0.019956144636, 0.001684584937, 0.025412990596, 0.30465019887, 0.61001191204, 0.03828416892],
      [0.021509244866, 0.0028056714144, 0.43492377181, 0.16785729863, 0.32374738719, 0.049156626095],
      [0.0084759739832, 0.053978785062, 0.057964179746, 0.24663030641, 0.020919974861, 0.61203077994]
    ],
    [
      [0.19333455166, 0.0043837953612, 0.00031216620676, 0.0074010784753, 0.79447934528, 8.9063021846e-05],
      [0.082052333404, 0.52580673202, 0.0046046735846, 0.14096889205, 0.23703593101, 0.0095314379254],
      [0.0066148528609, 0.0056642965085, 0.018932073623, 0.86911994704, 0.054214149057, 0.04545468091],
      [0.013856285259, 0.0031614163562, 0.0008455212149, 0.017383134295, 0.96049333396, 0.0042603089177],
      [0.016415223381, 0.0013779708129, 0.024545389217, 0.36268104939, 0.57191257384, 0.023067793355],
      [0.018938144072, 0.002247956458, 0.4510144696, 0.20473631506, 0.29128261281, 0.031780502002],
      [0.008516958252, 0.066533457268, 0.0673565967, 0.36718078126, 0.044882337643, 0.44552986888]
    ],
    [
      [0.23827969739, 0.004801019378, 0.00065994069845, 0.0031606926631, 0.75260157207, 0.00049707780711],
      [0.10041692955, 0.53481559412, 0.0055042622075, 0.12655487149, 0.21838412427, 0.014324218365],
      [0.0091179055487, 0.0068717801254, 0.022868426929, 0.82121112839, 0.068439200378, 0.071491558633],
      [0.018640836002, 0.0045656505919, 0.0018523077193, 0.0097933131811, 0.95500536556, 0.010142526942],
      [0.020858630577, 0.0015922169563, 0.028984198402, 0.34438506565, 0.5683632897, 0.035816598717],
      [0.021646600098, 0.0024210003026, 0.48167142702, 0.17709199304, 0.27323533023, 0.043933649301],
      [0.0087629512326, 0.05544032173, 0.064253574907, 0.28030723504, 0.038416418395, 0.5528194987]
    ],
    [
      [0.17267783234, 0.0030006903944, 0.0017521094943, 0.0019866631058, 0.82010226433, 0.00048044033124],
      [0.068540706366, 0.49038746751, 0.008863137279, 0.13715632167, 0.27460340667, 0.020448960497],
      [0.0014495307917, 0.0013325540531, 0.024323765053, 0.85262821879, 0.046189829704, 0.07407610161],
      [0.011905449954, 0.0016915302745, 0.00258957919, 0.01227023016, 0.95407649579, 0.017466714634],
      [0.011678168835, 3.0361109114e-05, 0.034823654204, 0.44127526684, 0.4668972223, 0.045295326708],
      [0.010719450554, 0.00026567756323, 0.51173411199, 0.21003854851, 0.218159371, 0.049082840388],
      [0.0036910206601, 0.030923227542, 0.065451036489, 0.2936320987, 0.027758417864, 0.57854419874]
    ],
    [
      [0.14993181454, 0.016845492421, 0.001282795335, 0.0097952129381, 0.82211448731, 3.0197453785e-05],
      [0.036390878141, 0.85221409782, 0.0031954987923, 0.052285976214, 0.054879528609, 0.0010340204274],
      [0.008381497849, 0.02423389712, 0.028588970182, 0.86302723491, 0.068737595472, 0.0070308044716],
      [0.0078751641774, 0.020028437415, 0.0023273339527, 0.0086691122751, 0.95984913813, 0.0012508140513],
      [0.011757781701, 0.0041039158099, 0.038308028065, 0.37487480037, 0.56330249207, 0.0076529819849],
      [0.0096257635696, 0.0073239112496, 0.58662737705, 0.15851179331, 0.23097368914, 0.006937465681],
      [0.0066859130523, 0.1623834907, 0.11992382545, 0.42882535227, 0.078760185396, 0.20342123313]
    ],
    [
      [0.30037727246, 0.0051060979295, 0.0011146872596, 0, 0.69340194235, 0],
      [0.11539841253, 0.58006559641, 0.0070382231473, 0.070111692486, 0.2185498616, 0.0088362138277],
      [0.011198858987, 0.0083414499598, 0.030618032538, 0.81286112892, 0.092612935115, 0.044367594478],
      [0.024222546615, 0.006318502385, 0.0029107641042, 0.0014257713629, 0.95903892082, 0.0060834947156],
      [0.024488529516, 0.0020742730903, 0.039172088203, 0.38042101106, 0.52779665886, 0.026047439272],
      [0.02154205159, 0.0029722664722, 0.54239000426, 0.16997796214, 0.23622221101, 0.026895504522],
      [0.011098213564, 0.060664675536, 0.090739025611, 0.34029295795, 0.065054058328, 0.43215106901]
    ],
    [
      [0.20380810176, 0.0050425816167, 0.0012028564362, 0.001772897646, 0.78817356255, 0],
      [0.075861650948, 0.54504225933, 0.0081006039833, 0.16245717069, 0.1972186324, 0.011319682644],
      [0.0046572319694, 0.0047492471568, 0.02759435484, 0.85719037319, 0.056194734451, 0.049614058394],
      [0.014071434379, 0.004487082711, 0.0038430418467, 0.012021569164, 0.95683385254, 0.0087430193638],
      [0.014968080415, 0.0014467585412, 0.03656093963, 0.41242682377, 0.50545270374, 0.029144693903],
      [0.013324848737, 0.0022212501305, 0.5172368132, 0.19871312653, 0.23743051627, 0.031073445134],
      [0.0063865919362, 0.05477265506, 0.083989919475, 0.34891023345, 0.042376754414, 0.46356384567]
    ],
    [
      [0.21545678087, 0.0070277571318, 0.00037276643523, 0.0019225506169, 0.77518731056, 3.2834395471e-05],
      [0.0852441772, 0.60748857452, 0.0047753268183, 0.095357224401, 0.19818349696, 0.008951200101],
      [0.023877356336, 0.012401529723, 0.024857810797, 0.77484017818, 0.10981485752, 0.054208267443],
      [0.0099186296442, 0.0083874427283, 0.0011408027317, 0.0025001113421, 0.97403362041, 0.0040193931439],
      [0.02024832049, 0.0025495866693, 0.029806082965, 0.30712491762, 0.61460282727, 0.025668264983],
      [0.021027109623, 0.0030580989643, 0.50691341982, 0.15503979679, 0.28180184788, 0.03215972693],
      [0.01001362532, 0.086881761439, 0.078378105045, 0.29572910193, 0.038546682614, 0.49045072365]
    ],
    [
      [0.26682913651, 0.014991023488, 0.004304684366, 0.0063833436657, 0.70643446437, 0.0010573475969],
      [0.072777048838, 0.7802148213, 0.006883870597, 0.056105052183, 0.075081151053, 0.0089380560245],
      [0.01701507234, 0.028266763365, 0.047390427799, 0.76330181065, 0.066436099881, 0.077589825963],
      [0.017199511977, 0.022863444353, 0.009274441178, 0.0063704373076, 0.93155994307, 0.012732222117],
      [0.023191680458, 0.004385903198, 0.054725489176, 0.3415297911, 0.53529972444, 0.040867411631],
      [0.016825173758, 0.0065863896999, 0.66491483634, 0.11190868761, 0.16537902232, 0.034385890267],
      [0.0083549811143, 0.099560025035, 0.099633699976, 0.22673024244, 0.043601361792, 0.52211968964]
    ],
    [
      [0.29915462134, 0.0046733070265, 0.0046394924399, 0.035492139416, 0.65590871572, 0.00013172406015],
      [0.099455210562, 0.53040821328, 0.014397555638, 0.21248442429, 0.13890154026, 0.0043530559652],
      [0.003019391303, 0.0030702879939, 0.046658046, 0.92489366415, 0.012317369399, 0.010041241158],
      [0.023817604446, 0.0059251743311, 0.010224809354, 0.055633016192, 0.88877273705, 0.015626658629],
      [0.021302372078, 0.001306942382, 0.064657976985, 0.49248902378, 0.40703481692, 0.013208867851],
      [0.013761556965, 0.0012726339409, 0.8098609863, 0.085983525501, 0.077887968439, 0.011233328855],
      [0.0097559734764, 0.062852111416, 0.16549810616, 0.47142006226, 0.034329732031, 0.25614401465]
    ],
    [
      [0.20633283005, 0.004302745916, 4.0600967416e-05, 0.0030773674846, 0.7856579799, 0.000588475677],
      [0.085416847401, 0.52299082533, 0.0040930653395, 0.14914740591, 0.22216833351, 0.016183522505],
      [0.0070697884441, 0.0046321647596, 0.013861383398, 0.84198084089, 0.059500749873, 0.07295507264],
      [0.013346281004, 0.0030511922304, 0.00045776185549, 0.017158902539, 0.95404494957, 0.011940912799],
      [0.016466522571, 0.0010695214214, 0.021706006323, 0.37331386631, 0.54881536378, 0.038628719594],
      [0.018258320173, 0.0024903088048, 0.38991105782, 0.21914448958, 0.31960792229, 0.050587901326],
      [0.0066263178192, 0.048523323758, 0.047923711615, 0.29143355967, 0.023093578314, 0.58239950883]
    ],
    [
      [0.46509035526, 0.00019422131389, 0.0020501786577, 0.030684566966, 0.50111612796, 0.00086454984785],
      [0.30478791513, 0.24260792032, 0.010106425259, 0.21201541072, 0.21336452074, 0.017117807836],
      [0.010766234176, 0.00048019971262, 0.026237987364, 0.89292967994, 0.0072499237927, 0.062335975018],
      [0.042960881135, 0.00053638927682, 0.0051715189757, 0.047867836429, 0.89103419394, 0.012429180242],
      [0.043972734189, 7.2807446444e-06, 0.037583179842, 0.43524614099, 0.44686697254, 0.036323691689],
      [0.034705332108, 3.763148312e-05, 0.58934821213, 0.17529796806, 0.16462989327, 0.035980962951],
      [0.011359796789, 0.014005657572, 0.07498093005, 0.22498157199, 0.011613982859, 0.66305806075]
    ],
    [
      [0.15083512932, 0.006720291265, 0.00098921212125, 0.0056550217965, 0.83568869401, 0.00011165149007],
      [0.060259188809, 0.65901761515, 0.0057366375603, 0.11497671138, 0.14940148945, 0.01060835765],
      [0.0041400105528, 0.0084408575799, 0.024440834915, 0.85252409567, 0.057044817054, 0.053409384228],
      [0.0094566223012, 0.0067343489908, 0.0030788519892, 0.024071211023, 0.94909960839, 0.0075593573022],
      [0.011489990169, 0.0023016809691, 0.031865852128, 0.37464718393, 0.55168669757, 0.028008595236],
      [0.011177709773, 0.0033713024898, 0.49430894403, 0.18959135375, 0.26864810431, 0.03290258564],
      [0.0052786051659, 0.066330835388, 0.078301618835, 0.33419314034, 0.027268214709, 0.48862758556]
    ],
    [
      [0.20863400352, 0.0002088627948, 0.00058662247368, 0, 0.79057051122, 0],
      [0.14652984682, 0.31608745106, 0.013530706389, 0.10420021948, 0.40333696277, 0.01631481348],
      [0.0069417536604, 0.00070929965694, 0.024939196981, 0.79292969056, 0.1204778659, 0.054002193243],
      [0.0078913832378, 0.00051369958135, 0.00062182506886, 0, 0.98561324662, 0.0053598454917],
      [0.016605273737, 1.2975320993e-05, 0.031509964554, 0.3414377664, 0.58150053429, 0.028933485703],
      [0.015446233087, 0.00012060748161, 0.4966547494, 0.16700712956, 0.28838286227, 0.032388418198],
      [0.019506797391, 0.0071793861342, 0.076184219896, 0.30920646165, 0.070636502824, 0.5172866321]
    ],
    [
      [0.22617471577, 0.0070232142012, 0.00084443496517, 0.0016131556726, 0.76326360091, 0.0010808784733],
      [0.085294284418, 0.71002625387, 0.0049346899022, 0.071727800264, 0.11583519869, 0.012181772856],
      [0.0053402255604, 0.0093016890306, 0.024172260848, 0.82619958895, 0.052292348534, 0.082693887081],
      [0.015676619407, 0.0080824679769, 0.0030966096313, 0.019296397449, 0.93521042618, 0.018637479355],
      [0.016779163567, 0.0026919260363, 0.033727534822, 0.40618621173, 0.49300488157, 0.047610282273],
      [0.015541003195, 0.0036399019256, 0.50691992362, 0.1923236333, 0.22959268919, 0.051982848773],
      [0.0055964633427, 0.051950854979, 0.061305442645, 0.27263360988, 0.034794920216, 0.57371870894]
    ],
    [
      ["NaN", "NaN", "NaN", "NaN", "NaN", "NaN"],
      ["NaN", "NaN", "NaN", "NaN", "NaN", "NaN"],
      [0, 0, 0, 0.98919272597, 0.010807274031, 0],
      [0, 0, 0, 0.0036024246769, 0.99639757532, 0],
      ["NaN", "NaN", "NaN", "NaN", "NaN", "NaN"],
      ["NaN", "NaN", "NaN", "NaN", "NaN", "NaN"],
      ["NaN", "NaN", "NaN", "NaN", "NaN", "NaN"]
    ],
    [
      [0.19670340349, 0.039261395982, 0.00097713353363, 0.00071293353287, 0.76181843487, 0.00052669858466],
      [0.083829413082, 0.75634529756, 0.0018675032367, 0.071497006695, 0.068395300816, 0.018065478614],
      [0.004163924151, 0.008310098071, 0.011409788588, 0.79897049276, 0.042213810625, 0.13493188581],
      [0.012400327594, 0.0079541520545, 0.00056001484159, 0.023633881706, 0.91946442653, 0.035987197271],
      [0.013421062985, 0.0022655386848, 0.017868051298, 0.40362947443, 0.48638981803, 0.076426054575],
      [0.016121621231, 0.0040983823897, 0.36558528796, 0.22976573813, 0.27759247714, 0.10683649314],
      [0.0035100552428, 0.05027574792, 0.026284696348, 0.17914581684, 0.010618006361, 0.73016567728]
    ],
    [
      [0.18558263046, 0.0060703591748, 6.6582320527e-05, 0.0036949544114, 0.80453199554, 5.3478089458e-05],
      [0.080815680705, 0.61969855208, 0.0041420596941, 0.11496842964, 0.17091670093, 0.0094585769503],
      [0.0071849975373, 0.0085514695221, 0.01626636646, 0.83875378337, 0.081964477944, 0.047278905161],
      [0.013196688539, 0.0062825516798, 0.00045421109177, 0.011410663019, 0.96384755195, 0.0048083337226],
      [0.01572333104, 0.0021455595949, 0.022907944999, 0.35666497338, 0.5782804235, 0.02427776748],
      [0.017623830084, 0.003617095059, 0.41217157779, 0.20724905997, 0.32633679034, 0.033001646757],
      [0.0078980925892, 0.070559727932, 0.062386845154, 0.35209202855, 0.047024904469, 0.4600384013]
    ],
    [
      [0.1351439291, 0.003767374041, 0.00071597067119, 0.00031546046418, 0.8593653613, 0.00069190442083],
      [0.068440083691, 0.51301887334, 0.0080133678446, 0.1499834372, 0.23949439702, 0.021049840911],
      [0.0030824087722, 0.0027503121162, 0.02390087729, 0.80634915494, 0.076355648606, 0.087561598275],
      [0.0080721218464, 0.0018228093586, 0.0025943538016, 0.012728863744, 0.95779418743, 0.01698766382],
      [0.009912320502, 0.00097130532424, 0.031507270936, 0.36592036298, 0.54516461627, 0.04652412399],
      [0.0099400203623, 0.0017111304124, 0.52999497348, 0.16722373481, 0.23596055856, 0.055169582379],
      [0.0034202327436, 0.02934845885, 0.060905957399, 0.25800405391, 0.038348512488, 0.60997278461]
    ],
    [
      [0.28795736539, 0.0097902101975, 0.00041381581365, 0, 0.70123421027, 0.00060439833105],
      [0.092632109602, 0.65342266718, 0.0043187606408, 0.09590919356, 0.14104216433, 0.012675104678],
      [0.012528033887, 0.019596222969, 0.022316961141, 0.80038196012, 0.067298338605, 0.077878483281],
      [0.024855521249, 0.015755849393, 0.0014816146637, 0.0028451017059, 0.94182330958, 0.013238603405],
      [0.025107086207, 0.0037237013054, 0.030488825026, 0.36246977395, 0.53626301558, 0.04194759794],
      [0.025124066341, 0.0061173895127, 0.4724456177, 0.18220689067, 0.26581081024, 0.048295225534],
