{
  "X": [
    [4, 21, 17, 40, 4],
    [1, 12, 24, 42, 2],
    [0, 2, 6, 9, 3],
    [256, 304, 980, 3550, 165],
    [21, 49, 211, 781, 62],
    [51, 27, 114, 390, 30],
    [28, 29, 719, 107, 40],
    [1, 1, 16, 32, 3],
    [60, 55, 498, 860, 55],
    [15, 42, 153, 669, 39],
    [43, 73, 207, 723, 50],
    [13, 98, 239, 991, 59],
    [2, 1, 12, 22, 1],
    [1, 2, 17, 19, 1],
    [4, 5, 22, 26, 1],
    [7, 13, 105, 106, 16],
    [43, 62, 206, 1110, 68],
    [0, 1, 2, 7, 0],
    [15, 4, 64, 8, 5],
    [2, 0, 10, 53, 3],
    [4, 8, 30, 78, 3],
    [1, 1, 0, 12, 1],
    [9, 8, 154, 486, 25],
    [0, 0, 4, 4, 0],
    [14, 38, 115, 394, 29],
    [12, 60, 156, 417, 30],
    [57, 111, 298, 1056, 67],
    [22, 52, 149, 505, 31],
    [12, 9, 55, 174, 10],
    [12, 41, 186, 397, 26],
    [6, 27, 67, 244, 22],
    [6, 17, 230, 170, 29],
    [1, 35, 83, 328, 27],
    [39, 70, 163, 916, 44],
    [43, 62, 190, 704, 45],
    [29, 53, 189, 640, 34],
    [11, 4, 314, 44, 20],
    [7, 13, 196, 50, 11],
    [1, 2, 22, 81, 10],
    [5, 18, 91, 177, 14],
    [6, 28, 70, 203, 19],
    [20, 74, 137, 618, 54],
    [5, 17, 45, 135, 15],
    [0, 9, 36, 105, 6],
    [1, 0, 11, 11, 4],
    [15, 54, 130, 575, 45],
    [15, 30, 70, 369, 26],
    [4, 6, 58, 1, 3],
    [4, 1, 35, 6, 0],
    [1, 3, 67, 4, 5],
    [0, 1, 6, 2, 0],
    [4, 2, 16, 22, 3],
    [8, 44, 65, 339, 19],
    [0, 1, 3, 18, 1],
    [14, 64, 160, 379, 26],
    [131, 176, 776, 1214, 110],
    [79, 163, 539, 953, 82],
    [0, 0, 1, 2, 0]
  ],
  "W": [
    [27, 37, 0, 22],
    [30, 36, 0, 15],
    [7, 9, 0, 4],
    [1235, 3639, 195, 186],
    [262, 768, 43, 51],
    [136, 430, 18, 28],
    [744, 90, 39, 50],
    [15, 29, 5, 4],
    [557, 848, 52, 71],
    [162, 666, 57, 33],
    [257, 723, 61, 55],
    [282, 936, 83, 99],
    [14, 16, 6, 2],
    [22, 16, 1, 1],
    [27, 24, 2, 5],
    [122, 98, 12, 15],
    [240, 1105, 85, 59],
    [2, 7, 0, 1],
    [77, 7, 5, 7],
    [9, 52, 3, 4],
    [33, 75, 11, 4],
    [1, 12, 1, 1],
    [158, 463, 42, 19],
    [4, 3, 1, 0],
    [136, 389, 32, 33],
    [180, 400, 56, 39],
    [388, 1040, 73, 88],
    [179, 469, 71, 40],
    [58, 168, 17, 17],
    [235, 375, 23, 29],
    [99, 223, 25, 19],
    [267, 152, 13, 20],
    [85, 309, 37, 43],
    [186, 923, 49, 74],
    [248, 697, 49, 50],
    [225, 654, 29, 37],
    [325, 38, 16, 14],
    [201, 39, 17, 20],
    [27, 83, 3, 3],
    [106, 175, 11, 13],
    [96, 192, 20, 18],
    [180, 608, 48, 67],
    [49, 128, 23, 17],
    [32, 103, 11, 10],
    [14, 11, 0, 2],
    [161, 564, 46, 48],
    [83, 372, 24, 31],
    [60, 5, 1, 6],
    [39, 5, 1, 1],
    [69, 2, 4, 5],
    [7, 2, 0, 0],
    [18, 25, 1, 3],
    [86, 333, 25, 31],
    [2, 20, 0, 1],
    [197, 366, 15, 65],
    [895, 1284, 63, 165],
    [649, 983, 63, 121],
    [1, 2, 0, 0]
  ],
  "method": "mvn_pdf",
  "cond_prob": [
    [
      [0.10420851155, 0.16305576893, 0.58973401425, 0.082969631207, 0.060032074059],
      [0.018622705817, 0.028057023039, 1.0833986054e-05, 0.94655031922, 0.0067591179366],
      [0.0013189220808, 0.047532096685, 0.026027103087, 0.87242904465, 0.052692833495],
      [0.012892155744, 0.73222004481, 0.019408653181, 0.12719908508, 0.10828006119]
    ],
    [
      [0.037866549761, 0.073018810954, 0.76174511416, 0.094738071131, 0.03263145399],
      [0.0059804284243, 0.011046927557, 1.2058469692e-05, 0.97973790345, 0.0032226821015],
      [0.00043813300137, 0.019070033151, 0.029679948902, 0.9254586747, 0.025353210249],
      [0.008394707201, 0.58305868394, 0.043871666295, 0.26083454386, 0.1038403987]
    ],
    [
      [0.0092428692894, 0.028252860988, 0.84369684868, 0.016894049349, 0.10191337169],
      [0.0050487609998, 0.014409708873, 2.9023505707e-05, 0.94872104571, 0.031791460913],
      [0.00033443776626, 0.022765150025, 0.067074996349, 0.65438721505, 0.25543820081],
      [0.002528258228, 0.3336704811, 0.044481049877, 0.063569748248, 0.55575046255]
    ],
    [
      [0.088616252216, 0.064109968358, 0.76418351463, 0.035083716035, 0.048006548764],
      [0.042079641158, 0.028795587323, 4.034022704e-05, 0.91486165384, 0.014222777452],
      [0.0027123239093, 0.044012233691, 0.088215590546, 0.76515677159, 0.099903080259],
      [0.02584782041, 0.60295519119, 0.061881825844, 0.11811702975, 0.1911981328]
    ],
    [
      [0.043142355579, 0.048170519667, 0.77305890623, 0.04422178809, 0.091406430434],
      [0.016643859849, 0.017570642436, 3.2762614071e-05, 0.94378889727, 0.021963837829],
      [0.0010285717715, 0.02576223295, 0.068798887492, 0.75607563656, 0.14833467123],
      [0.012022305684, 0.43577389763, 0.059355686334, 0.14278279495, 0.35006531539]
    ],
    [
      [0.14626794238, 0.027416814981, 0.76277167533, 0.016456617612, 0.047086949691],
      [0.13069532938, 0.023189268719, 7.3799675743e-05, 0.81983837978, 0.026203222449],
      [0.0078120966083, 0.03301351209, 0.1510562214, 0.63574787462, 0.17237029529],
      [0.069670061618, 0.42858329974, 0.099421721418, 0.091328787463, 0.31099612976]
    ],
    [
      [0.0333158059, 0.01854698586, 0.91034517728, 0.0099676874183, 0.027824343544],
      [0.053210808096, 0.028069760415, 0.00016161619502, 0.89078712189, 0.0277706934],
      [0.002566371867, 0.032119113777, 0.26473103962, 0.55430184378, 0.14628163095],
      [0.024048627612, 0.43450344435, 0.18248354726, 0.083297501039, 0.27566687974]
    ],
    [
      [0.017487260147, 0.0088393337196, 0.93674060744, 0.01361051682, 0.023322281875],
      [0.018533404191, 0.0089518960238, 8.4245099178e-05, 0.957012115, 0.015418339687],
      [0.0010941708161, 0.012666554991, 0.17810292814, 0.70505326185, 0.1030830842],
      [0.015949863391, 0.29495430949, 0.19871409684, 0.15546273406, 0.33491899622]
    ],
    [
      [0.051737668055, 0.026524292637, 0.8595066123, 0.026153192764, 0.03607823424],
      [0.033496122149, 0.016248714966, 6.1586785301e-05, 0.93562404546, 0.014569530643],
      [0.0020638124953, 0.023749756344, 0.12889386619, 0.74734583204, 0.097946732935],
      [0.026592251808, 0.44139435679, 0.12237931715, 0.15555109898, 0.25408297526]
    ],
    [
      [0.027003881497, 0.036549382636, 0.86712293141, 0.022620272601, 0.046703531858],
      [0.020116487961, 0.025730473997, 7.024059945e-05, 0.93241832472, 0.021664472721],
      [0.001151095532, 0.034946482062, 0.13696946578, 0.69134489201, 0.13558806462],
      [0.011444141318, 0.50487030879, 0.10047852548, 0.11111725524, 0.27208976917]
    ],
    [
      [0.068079312955, 0.06510446841, 0.77154562499, 0.033961941368, 0.061308652273],
      [0.033266475622, 0.030088100967, 4.1463257197e-05, 0.91792564391, 0.018678316241],
      [0.0020657986977, 0.044356350171, 0.087551708735, 0.7392698707, 0.1267562717],
      [0.01872487791, 0.58299626494, 0.058532279687, 0.10825742144, 0.23148915602]
    ],
    [
      [0.034495733812, 0.062975562436, 0.79902245057, 0.045557289104, 0.057948964076],
      [0.013045710348, 0.022516155812, 3.327516115e-05, 0.95074221169, 0.013662646987],
      [0.00084192917085, 0.034465026223, 0.072920961892, 0.79559565807, 0.096176424644],
      [0.0095348723168, 0.56441515232, 0.06090934512, 0.14570915998, 0.21943147026]
    ],
    [
      [0.079071105708, 0.019637209996, 0.83278355066, 0.043833323914, 0.024674809722],
      [0.02333794712, 0.0058371740635, 2.3142024758e-05, 0.96588918084, 0.0049125559482],
      [0.0016669406021, 0.010020569198, 0.057220025899, 0.89254045993, 0.038552004367],
      [0.037691539703, 0.39288242852, 0.09969686056, 0.28078294214, 0.18894622908]
    ],
    [
      [0.039948440135, 0.051424631495, 0.78553668241, 0.089340567345, 0.033749678613],
      [0.0052754970582, 0.0064703726617, 9.9748882903e-06, 0.98548279725, 0.0027613581411],
      [0.00039249466367, 0.011271134379, 0.024523531064, 0.94254748357, 0.021265356321],
      [0.0096396179104, 0.53716854282, 0.04879323397, 0.28774004634, 0.11665855896]
    ],
    [
      [0.10063824028, 0.043807688955, 0.79930101716, 0.034741951828, 0.021511101774],
      [0.038690767741, 0.016350501729, 3.0583303239e-05, 0.9396690975, 0.0052590497271],
      [0.0027249953023, 0.027772468523, 0.074693169412, 0.85395501182, 0.040854354944],
      [0.035731532439, 0.61842744177, 0.074940557236, 0.15793831987, 0.11296214869]
    ],
    [
      [0.038444652319, 0.034699772456, 0.83951042192, 0.028178725706, 0.059166427599],
      [0.022073317799, 0.018907212763, 5.2234485286e-05, 0.93777545272, 0.021191782238],
      [0.0013263208142, 0.027013395528, 0.10716828617, 0.7242374166, 0.14025458088],
      [0.014845229194, 0.44763844317, 0.088907770703, 0.12798798238, 0.32062057456]
    ],
    [
      [0.052363069304, 0.04245154725, 0.80577590543, 0.033499136187, 0.065910341826],
      [0.026436495964, 0.020265159661, 4.467739081e-05, 0.93251390453, 0.020739762453],
      [0.0016132612424, 0.029343544011, 0.092690593909, 0.73812644291, 0.13822615792],
      [0.01779908583, 0.46775116974, 0.075393070611, 0.13176450992, 0.30729216389]
    ],
    [
      [0.00066728160791, 0.0043796895893, 0.99182245109, 0.0022389723609, 0.00089160534855],
      [0.0019654268231, 0.007864760396, 1.0320721352e-05, 0.98908473363, 0.0010747584331],
      [0.00020839964864, 0.016097894944, 0.021484416565, 0.95646847174, 0.0057408170996],
      [0.0012323818895, 0.89626156425, 0.028508970436, 0.066580442996, 0.0074166404297]
    ],
    [
      [0.33003915167, 0.014446663212, 0.62828815428, 0.0056585093784, 0.021567521455],
      [0.45027703201, 0.019264018086, 9.4467077902e-05, 0.51144766924, 0.018916813588],
      [0.035081992394, 0.03649276311, 0.25726598268, 0.50328740081, 0.16787186101],
      [0.23404906833, 0.36642795256, 0.12486816328, 0.048759689504, 0.22589512633]
    ],
    [
      [0.020957378241, 0.0054204459222, 0.94113749797, 0.013103188395, 0.019381489469],
      [0.024564671374, 0.0059075482133, 7.4333645406e-05, 0.95580137444, 0.013652072327],
      [0.0014744023219, 0.0085609394485, 0.16569790993, 0.73060207673, 0.093664671565],
      [0.024432226705, 0.21936113849, 0.21357253835, 0.18829198149, 0.35434211497]
    ],
    [
      [0.040071430155, 0.052283346848, 0.86047278796, 0.021574178873, 0.025598256167],
      [0.028892494246, 0.035671167797, 6.1745364123e-05, 0.92384778045, 0.011526812139],
      [0.0017840722088, 0.05275108177, 0.13254957778, 0.73396099312, 0.078954275114],
      [0.014288222437, 0.68480851785, 0.079627443796, 0.092501063402, 0.12877475252]
    ],
    [
      [0.39133398404, 0.14799387825, 0.078461196762, 0.15517999541, 0.22703094553],
      [0.026852460239, 0.0089660800601, 4.6609114904e-07, 0.95550317143, 0.008677822185],
      [0.0017206483973, 0.014615197144, 0.00023585214283, 0.912810908, 0.070617394315],
      [0.019289282384, 0.59687540408, 0.00049754820148, 0.13700606494, 0.2463317004]
    ],
    [
      [0.025185016, 0.016691081528, 0.89520945043, 0.024902784519, 0.038011667518],
      [0.017368196824, 0.01088780437, 6.693231551e-05, 0.95535321004, 0.01632385645],
      [0.0010393113862, 0.015458265509, 0.13652041738, 0.74012716266, 0.10685484307],
      [0.015472674235, 0.33413318145, 0.15019643089, 0.17772246638, 0.32247524704]
    ],
    [
      [0.0023888866684, 0.0020179080187, 0.98469858584, 0.0083665181872, 0.0025281012897],
      [0.00088731121261, 0.00083374858614, 1.4409404347e-05, 0.99743007389, 0.00083445690765],
      [9.8784081641e-05, 0.0015195991524, 0.036090397561, 0.95889366286, 0.0033975563432],
      [0.01234064055, 0.49615931452, 0.099233348442, 0.13473752235, 0.25752917414]
    ],
    [
      [0.042012870608, 0.055948578664, 0.80790881498, 0.032427361801, 0.061702373946],
      [0.021646373663, 0.027245692687, 4.5148217841e-05, 0.93127110299, 0.019791682443],
      [0.0013168817649, 0.039375646811, 0.09360947292, 0.73378397494, 0.13191402357],
      [0.012619413857, 0.55187823428, 0.066330721309, 0.11331579637, 0.25585583419]
    ],
    [
      [0.032493045358, 0.07992537541, 0.81149874464, 0.027471546064, 0.048611288524],
      [0.019505036434, 0.045360331262, 5.3262238587e-05, 0.9168858927, 0.018195477363],
      [0.0011628665276, 0.064213224951, 0.10809341419, 0.70790025068, 0.11863024365],
      [0.008401260642, 0.67864858431, 0.057659113729, 0.082480450972, 0.17281059034]
    ],
    [
      [0.072601170034, 0.076300355623, 0.73969446695, 0.046356017405, 0.065047989988],
      [0.026468134336, 0.026309526286, 2.9802071113e-05, 0.9324033082, 0.014789229107],
      [0.0017218549963, 0.040606762304, 0.065828589964, 0.78686200128, 0.10498079146],
      [0.017373646495, 0.59208837348, 0.04896701551, 0.12836856991, 0.21320239461]
    ],
    [
      [0.055345227478, 0.066770624668, 0.78735909181, 0.038548895023, 0.051976161021],
      [0.024161142185, 0.02757636803, 3.7653834697e-05, 0.93406638494, 0.014158451013],
      [0.001546989342, 0.041922129728, 0.0820017319, 0.77546130638, 0.099067842653],
      [0.015287083542, 0.60383978331, 0.059817196273, 0.12362775387, 0.19742818301]
    ],
    [
      [0.064011883365, 0.019890003418, 0.86206009357, 0.023740843024, 0.030297176626],
      [0.044002082511, 0.012955288766, 6.1914211417e-05, 0.92999818652, 0.012982527988],
      [0.0027572660888, 0.019361344762, 0.13356451559, 0.75467410237, 0.089642771195],
      [0.038440002436, 0.39945568495, 0.13828084409, 0.16796333319, 0.25586013533]
    ],
    [
      [0.042556168819, 0.069411049633, 0.77328786657, 0.055409118754, 0.059335796225],
      [0.01313571655, 0.020262167518, 2.6187530607e-05, 0.95516671958, 0.011409208826],
      [0.0008756403646, 0.032045425993, 0.059294827187, 0.82471788661, 0.083066219849],
      [0.010663735544, 0.56998395583, 0.053408143355, 0.1614416674, 0.20450249787]
    ],
    [
      [0.052434308903, 0.11346804109, 0.63274640623, 0.079569760889, 0.12178148289],
      [0.011096264512, 0.022702507427, 1.4492964041e-05, 0.95014413459, 0.016042600504],
      [0.00073444734212, 0.035683719919, 0.032561213347, 0.81455910243, 0.11646151696],
      [0.0079083863174, 0.57021077327, 0.026061978604, 0.1405130049, 0.2553058569]
    ],
    [
      [0.02809462153, 0.031090453109, 0.83869560631, 0.036704438013, 0.065414881037],
      [0.01286822032, 0.01348739135, 4.227564664e-05, 0.95493132199, 0.018670790693],
      [0.00079812562617, 0.019841092183, 0.089112501695, 0.7634836471, 0.1267646334],
      [0.010759209064, 0.38981372489, 0.088756813054, 0.16382397337, 0.34684627962]
    ],
    [
      [0.019344452782, 0.040757461898, 0.86355901263, 0.026551276682, 0.049787796012],
      [0.012320661793, 0.02449422782, 5.8825080803e-05, 0.94340612926, 0.019720156042],
      [0.00072635034674, 0.034292176741, 0.11839784907, 0.71926811921, 0.12731550463],
      [0.0074742915012, 0.51708109619, 0.090160846255, 0.11931290023, 0.26597086583]
    ],
    [
      [0.056097310726, 0.045679465631, 0.81923289739, 0.032976197472, 0.046014128781],
      [0.028784336543, 0.022152980842, 4.5938761581e-05, 0.93430645541, 0.014710288443],
      [0.0018168391604, 0.033189237895, 0.098660381036, 0.76493150541, 0.1014020365],
      [0.020197056319, 0.53412629491, 0.0809138702, 0.13750344255, 0.22725933601]
    ],
    [
      [0.0834931668, 0.066126502101, 0.73772085262, 0.045272438835, 0.067387039643],
      [0.030986026163, 0.023212721039, 3.0102078931e-05, 0.93018047531, 0.015590675406],
      [0.0020153401769, 0.035839620799, 0.066541576889, 0.78480319649, 0.11080026565],
      [0.021457294027, 0.5534723584, 0.052286196426, 0.13491830834, 0.2378658428]
    ],
    [
      [0.048842111506, 0.054127390695, 0.81648846372, 0.030929972892, 0.049612061185],
      [0.026467117331, 0.027729128571, 4.8418020346e-05, 0.9290121796, 0.016743156481],
      [0.0016333178747, 0.040622269152, 0.10168310696, 0.74309856572, 0.1129627403],
      [0.015860854093, 0.5734556776, 0.072900262245, 0.11651224258, 0.22127096348]
    ],
    [
      [0.031090190705, 0.014616180598, 0.9110013653, 0.0095610990687, 0.033731164328],
      [0.050364433819, 0.022476299657, 0.00016333074893, 0.892815826, 0.034180109777],
      [0.0023639020794, 0.025053544217, 0.26093451202, 0.53556209246, 0.17608594922],
      [0.023168109017, 0.35710585414, 0.1881240526, 0.082933569303, 0.34866841494]
    ],
    [
      [0.0297616, 0.020325560653, 0.91360072731, 0.012367864067, 0.023944247968],
      [0.037899952959, 0.024646568035, 0.0001280841389, 0.91818077521, 0.019144619662],
      [0.0020125914504, 0.031092549439, 0.23184014165, 0.62358359593, 0.11147112154],
      [0.020739399555, 0.47038087697, 0.17587842721, 0.10088513329, 0.23211616297]
    ],
    [
      [0.021346458056, 0.022143977103, 0.72773436269, 0.026518166737, 0.20225703541],
      [0.012177536523, 0.011873489602, 3.9114953501e-05, 0.90656941746, 0.069340441465],
      [0.00057276093081, 0.013320438339, 0.064291738895, 0.5422481243, 0.37956693754],
      [0.0048569062776, 0.16943789192, 0.041468840039, 0.072668632659, 0.71156772911]
    ],
    [
      [0.030164288251, 0.049996512327, 0.8371541377, 0.029236257998, 0.053448803721],
      [0.016975657275, 0.02659004348, 5.0472868678e-05, 0.93770488685, 0.018678939523],
      [0.0010277582359, 0.03826556436, 0.10441938354, 0.73186895584, 0.12441833803],
      [0.0099947576023, 0.55440270824, 0.075446363893, 0.11359065142, 0.24656551885]
    ],
    [
      [0.044575221655, 0.11254428736, 0.69319233593, 0.053682509707, 0.096005645347],
      [0.013707828084, 0.032708967923, 2.2979396221e-05, 0.93519155755, 0.018368667051],
      [0.00087384550424, 0.049559921957, 0.049857990321, 0.77104855027, 0.12865969195],
      [0.0074652776915, 0.63190632477, 0.031656838553, 0.1053732704, 0.22359828859]
    ],
    [
      [0.051490794857, 0.086952996161, 0.71967318894, 0.045709477061, 0.096173542977],
      [0.018892965081, 0.030154743843, 2.8916063106e-05, 0.92894187391, 0.021981501105],
      [0.0011687224268, 0.044285130338, 0.060804339052, 0.74505207221, 0.14868973597],
      [0.010430610371, 0.57416961184, 0.040072301996, 0.10739448426, 0.26793299154]
    ],
    [
      [0.0335827206, 0.047900555822, 0.83600717808, 0.022376383636, 0.060133161862],
      [0.024107538015, 0.032499712779, 6.2632453417e-05, 0.91645302601, 0.026877090743],
      [0.0013576869821, 0.043668860331, 0.12141091584, 0.66599877455, 0.1675637623],
      [0.011226256497, 0.5427088504, 0.074510733441, 0.088064550643, 0.28348960902]
    ],
    [
      [0.0091816418363, 0.018722012511, 0.94254751354, 0.010393625027, 0.019155207085],
      [0.014331407878, 0.027425880219, 0.00014207363251, 0.93965292217, 0.018447716103],
      [0.00072790376566, 0.033195310449, 0.25261263037, 0.60969219168, 0.10377196373],
      [0.0071462257961, 0.50149183286, 0.18509713918, 0.095576063577, 0.21068873859]
    ],
    [
      [0.029743783675, 0.011044588449, 0.72053653461, 0.020866481036, 0.21780861223],
      [0.013395011923, 0.0048363256762, 2.7572761394e-05, 0.92550705143, 0.056234038212],
      [0.00072088061135, 0.0063028298972, 0.052885480611, 0.54344650609, 0.39664430279],
      [0.0051853589703, 0.064963555222, 0.030935170168, 0.049098299726, 0.84981761591]
    ],
    [
      [0.042380053063, 0.067634650634, 0.76567433773, 0.04050591095, 0.083805047621],
      [0.017627462589, 0.026585063253, 3.4745508362e-05, 0.9340472563, 0.021705472348],
      [0.0010806725208, 0.038691981853, 0.072460430352, 0.74219366072, 0.14557325456],
      [0.010378627164, 0.54059993544, 0.051405533074, 0.11510708136, 0.28250882296]
    ],
    [
      [0.05249229868, 0.050518718198, 0.79518793019, 0.033208480931, 0.068592572],
      [0.026302456868, 0.02390094467, 4.2542822935e-05, 0.92839236266, 0.021361692977],
      [0.0016013213439, 0.034604350631, 0.088496040624, 0.73248373629, 0.14281455111],
      [0.016064850359, 0.50886213585, 0.065733494906, 0.11843250084, 0.29090701804]
    ],
    [
      [0.045277721318, 0.025796003047, 0.90509158674, 0.0020049472794, 0.021829741619],
      [0.19908209042, 0.10984883065, 0.00042450758511, 0.63000958414, 0.0606349872],
      [0.0062175388401, 0.083214954106, 0.46601503435, 0.22443958689, 0.22011288581],
      [0.028149905984, 0.60258883607, 0.15425354844, 0.014595755147, 0.20041195436]
    ],
    [
      [0.086135198424, 0.017351006041, 0.87038433696, 0.013223166111, 0.012906292461],
      [0.06634705994, 0.013059357705, 7.1469667871e-05, 0.91411077639, 0.0064113363014],
      [0.0044963640582, 0.021404832252, 0.16864650859, 0.75735818414, 0.048094110963],
      [0.061917434953, 0.50814820589, 0.1716600205, 0.12152590947, 0.13674842919]
    ],
    [
      [0.021713060013, 0.018396994762, 0.91886658502, 0.0079194410144, 0.033103919185],
      [0.035018876024, 0.028724413601, 0.00016089642291, 0.90209601313, 0.033999800821],
      [0.0016857195801, 0.032908600845, 0.26568523223, 0.51640168225, 0.1833187651],
      [0.014422274522, 0.43384211121, 0.16668478015, 0.062841698036, 0.32220913608]
    ],
    [
      [0.0056905417506, 0.071082997842, 0.91384519065, 0.0051942339966, 0.0041870357576],
      [0.0013072006523, 0.012963744126, 1.4335152572e-05, 0.9851379959, 0.00057672417129],
      [0.00012786638274, 0.022200912549, 0.028991118404, 0.9478879796, 0.00079212306697],
      [1.4565598623e-07, 0.99999249487, 6.9905751919e-06, 3.6889672322e-07, 4.3852517505e-12]
    ],
    [
      [0.085036444057, 0.015101541086, 0.85694794372, 0.0079058171958, 0.035008253939],
      [0.12388036682, 0.021220115589, 0.00010976213006, 0.8234347479, 0.03135500756],
      [0.0065865376989, 0.028168147422, 0.21850059138, 0.5417435924, 0.20500113111],
      [0.053623236736, 0.37813936529, 0.13522770384, 0.064438895522, 0.36857079862]
    ],
    [
      [0.046525887586, 0.12096981665, 0.71344614837, 0.049300596986, 0.069757550406],
      [0.015720624374, 0.038574894823, 2.5870430768e-05, 0.93102219475, 0.014656415627],
      [0.0010153728401, 0.059205152623, 0.056891374601, 0.77918669857, 0.10370140137],
      [0.0080360080796, 0.69295349207, 0.033389141353, 0.09930778977, 0.16631356873]
    ],
    [
      [1.0478423398e-05, 4.1647552927e-05, 0.99986502678, 1.4492818268e-05, 6.8354422888e-05],
      [0.0096909336431, 0.024679103248, 0.00051017611646, 0.93903554138, 0.026084245614],
      [0.00013782276981, 0.0093206773629, 0.80800101374, 0.12735042078, 0.05519006535],
      [0.0016973001816, 0.21444591833, 0.59612587173, 0.027812586154, 0.1599183236]
    ],
    [
      [0.045424665105, 0.072836708709, 0.78514270531, 0.047105852356, 0.049490068525],
      [0.016366931942, 0.024821388853, 3.0956856451e-05, 0.9476699097, 0.01111081265],
      [0.0010805218994, 0.038894717021, 0.069470384574, 0.81044416455, 0.080110211953],
      [0.011724532675, 0.61535485014, 0.055747798096, 0.14139907103, 0.17577374806]
    ],
    [
      [0.066668842618, 0.041201814608, 0.83420159107, 0.018038434058, 0.039889317643],
      [0.059299942463, 0.034671524242, 8.2371974882e-05, 0.88381080053, 0.022135360788],
      [0.0033780386225, 0.046854859619, 0.15933328769, 0.65288346792, 0.13755034614],
      [0.027969798639, 0.55855890647, 0.0971305713, 0.087444780488, 0.2288959431]
    ],
    [
      [0.058093951674, 0.066755923032, 0.80440334737, 0.023715348315, 0.047031429612],
      [0.039820529211, 0.0432863476, 6.1125728761e-05, 0.89672183525, 0.020110162205],
      [0.0023473573435, 0.060540731724, 0.12237319161, 0.68538440521, 0.12935431412],
      [0.01728418451, 0.64327241719, 0.066370276308, 0.08158551091, 0.19148761108]
    ],
    [
      [0, 0, 1, 0, 0],
      [3.1362757008e-06, 1.0056864699e-06, 8.9361059282e-08, 0.99999560979, 1.5888798291e-07],
      [0.00092815561597, 0.018324962581, 0.064796438497, 0.82237065077, 0.093579792537],
      [0.012408788602, 0.56114802142, 0.067302204622, 0.10066245555, 0.25847852981]
    ]
  ],
  "expected_outcome": [
    [
      [2.8136298119, 1.1359964928, 0.064700085026, 109.4410714867, 11.3032971617, 19.8924401638, 24.7869595892, 0.2623089022, 28.8178811068, 4.3746288025, 17.4963834293, 9.7277969349, 1.1069954799, 0.87886568297, 2.7172324877, 4.6902475829, 12.567136633, 0.0013345632158, 25.4130146786, 0.18861640417, 1.3223571951, 0.39133398404, 3.9792325281, 0.0095555466736, 5.7137504027, 5.8487481644, 28.1692539733, 9.9067957186, 3.7126892351, 10.0006996726, 5.1909965814, 7.5012639485, 1.6442784865, 10.4340997949, 20.7063053665, 10.9894750889, 10.1043119793, 5.9820815999, 0.57635436752, 3.1974145546, 4.2792212789, 9.2683430742, 1.6455533094, 0.29381253876, 0.41641297145, 6.8231885431, 4.3568607904, 2.7166632791, 3.3592727386, 1.4982011409, 0.039833792254, 1.530655993, 4.0012263324, 2.0956846796e-05, 8.9486590256, 59.6686141433, 37.7029746366, 0],
      [4.4025057611, 2.1905643286, 0.19777002691, 79.1758109225, 12.6206761528, 3.7286868374, 13.7989574798, 0.13259000579, 14.7740309988, 5.9209999871, 16.7318483815, 17.7591086069, 0.27492093995, 1.1313418929, 1.1828076018, 4.2333722396, 10.1883713399, 0.0087593791785, 1.1123930673, 0.0487840133, 1.725350446, 0.14799387825, 2.6371908814, 0.0080716320748, 7.6090066984, 14.3865675738, 29.6045379818, 11.9519418157, 1.1536201983, 16.3115966636, 11.2333360682, 8.30115098, 3.4643842614, 8.4963806074, 16.399372521, 12.1786629064, 4.7502586944, 4.0854376912, 0.59788738179, 5.2996303066, 10.8042515865, 15.651539309, 2.3471272353, 0.59910440036, 0.15462423828, 10.8891787521, 4.1930536104, 1.5477601828, 0.6766892356, 1.2693926386, 0.49758098489, 0.27182773955, 10.4034042322, 8.3295105854e-05, 14.3488316157, 36.8756240743, 43.3245940479, 0],
      [15.9228183849, 22.8523534249, 5.9058779408, 943.7666405647, 202.5414334324, 103.7369478455, 677.296811895, 14.0511091116, 478.7451830531, 140.473914888, 198.2872256237, 225.3243310613, 11.6589697092, 17.2818070131, 21.5811274633, 102.4202714744, 193.3862173038, 1.9836449022, 48.3781878799, 8.4702374818, 28.3956020026, 0.078461196762, 141.4430931687, 3.9387943433, 109.8755988374, 146.069774036, 287.0014531764, 140.9372774339, 49.9994854269, 181.7226486437, 62.6418942167, 223.9317268851, 73.4025160732, 152.3773189147, 182.9547714499, 183.7099043374, 296.0754437224, 183.6337461899, 19.6488277926, 88.7383385966, 66.5464642494, 129.54117401, 40.9643517259, 30.1615204333, 10.0875114845, 123.2735683747, 66.0005982059, 54.3054952042, 33.9449891415, 63.4017943667, 6.3969163346, 15.425062987, 61.3563687598, 1.9997300536, 154.6731129452, 746.6104240098, 522.0577724408, 1],
      [2.2401800426, 2.8421421339, 0.11825834544, 43.328389303, 11.5861084795, 2.2380999953, 7.4159594392, 0.2041577523, 14.5673283698, 3.6644841614, 8.7282189315, 12.8471555274, 0.6136665348, 1.9654924816, 0.93803269937, 3.4378045361, 8.039792685, 0.0044779447218, 0.43570522214, 0.11792869555, 0.71194790281, 0.15517999541, 3.934639954, 0.033466072749, 4.4101212049, 4.9448782916, 17.9861347532, 6.900252209, 1.3769688954, 13.0211429071, 7.877406328, 9.8000849496, 2.256858518, 6.1335727298, 11.2275648311, 6.9592439006, 3.1073571973, 2.4859406774, 0.71599050191, 3.0990433478, 5.1535209319, 8.227705871, 1.0964427982, 0.33259600086, 0.2921307345, 6.521451663, 2.7563039173, 0.12029683676, 0.51570347832, 0.54644142999, 0.036359637976, 0.14230470952, 4.2398513408, 2.8985636536e-05, 9.2798529141, 16.1443984819, 15.3912610562, 0],
      [1.6208659996, 0.9789436197, 0.71339360183, 59.2880877231, 23.9484847736, 6.403825158, 20.7013115967, 0.34983422813, 20.0955764715, 7.5659721611, 15.7563236341, 16.3416078694, 0.34544733611, 0.74249292949, 0.58079974791, 7.218304167, 15.8184820383, 0.0017832106971, 1.660699152, 0.17443340522, 0.84474245352, 0.22703094553, 6.0058434679, 0.010112405159, 8.3915228566, 8.7500319343, 25.2386201152, 9.3037328228, 1.7572362443, 13.9439121129, 12.0563668057, 17.4657732369, 4.231962661, 8.5586279532, 16.7119858316, 11.1627137666, 10.9626284066, 4.8127938417, 5.4609399562, 5.6655731944, 9.2165419533, 17.3112377358, 2.9465249313, 0.61296662672, 3.0493205712, 13.492612667, 5.693183476, 1.3097844971, 0.50334540598, 2.2841704238, 0.029309250303, 0.6301485709, 5.9991493349, 0.00013670884578, 9.7495434994, 35.7009392907, 30.5233978185, 0]
    ],
    [
      [0.68904011521, 0.21529542328, 0.045438848998, 153.1278141741, 12.7824843643, 56.1989916328, 4.7889727286, 0.53746872155, 28.4047115826, 13.3975809819, 24.0516618748, 12.2107848854, 0.37340715391, 0.084407952932, 0.9285784258, 2.1631851443, 29.2123280403, 0.013757987761, 3.1519392241, 1.2773629114, 2.1669370684, 0.32222952286, 8.0414751295, 0.0026619336378, 8.4204393548, 7.8020145736, 27.52685971, 11.3315756848, 7.3923498618, 4.9258937061, 2.4744669862, 1.9559694886, 3.8070844939, 26.5679426296, 21.5972602356, 17.3094947342, 1.9138484851, 1.4780981654, 1.0107355314, 2.9707400231, 2.6319029922, 11.486922769, 3.0857648659, 1.4761350114, 0.14734513116, 9.9418889004, 9.7845139549, 0.99541045212, 0.3317352997, 0.070037752049, 0.0026144013046, 3.0970091706, 5.2349679164, 0.19381867286, 5.9902970909, 76.1411261227, 39.1435802145, 6.2725514015e-06],
      [1.0381098524, 0.39768939207, 0.12968737985, 104.7871422667, 13.4942533907, 9.9713855493, 2.5262784374, 0.25960498469, 13.7789102909, 17.1364956818, 21.7536969991, 21.0751218403, 0.093394785016, 0.10352596259, 0.39241204149, 1.8529068507, 22.3930014252, 0.055053322772, 0.1348481266, 0.30719250709, 2.6753375848, 0.10759296072, 5.0410534235, 0.0025012457584, 10.5985744553, 18.1441325049, 27.361907337, 12.933316606, 2.1764885126, 7.5983128191, 5.0626591562, 2.0500834853, 7.5687163965, 20.4472013176, 16.1792665642, 18.1348500851, 0.85409938696, 0.96121615336, 0.98549963693, 4.6532576089, 6.2801218412, 18.3340842563, 4.1599632357, 2.8248656625, 0.053199582438, 14.9939756748, 8.8911514172, 0.54924415324, 0.065296788526, 0.057448827202, 0.025927488251, 0.53050288973, 12.8454399762, 0.49358206496, 9.0846283203, 44.518237127, 42.5504796908, 2.0113729397e-06],
      [0.000400857484, 0.00043410490892, 0.00026121155137, 0.1467980862, 0.025161687606, 0.03173386057, 0.014545457552, 0.0024431078762, 0.052225593935, 0.046780239234, 0.029977934954, 0.031145550836, 0.00037027239612, 0.00015959821264, 0.00073399927773, 0.005118979558, 0.049368516845, 7.2245049461e-05, 0.00066126954532, 0.0038653495611, 0.0046309023093, 5.5930937885e-06, 0.030989662081, 4.3228213042e-05, 0.01756265674, 0.021304895435, 0.030994153958, 0.017659648473, 0.010401587518, 0.0098203239778, 0.0032319309811, 0.0064258982894, 0.018176949968, 0.04240147694, 0.020981149015, 0.031665385306, 0.0062065684593, 0.0049952814172, 0.0032465411405, 0.0088327520187, 0.0044120440745, 0.017580966369, 0.0080169540374, 0.014633584149, 0.00030330037534, 0.019596466716, 0.015825930132, 0.0021225379256, 0.00035734833935, 0.00032179284583, 2.8670305143e-05, 0.0027440532514, 0.0086148534456, 0.010203522329, 0.011330209461, 0.10576561575, 0.060086591372, 1.7872211856e-07],
      [35.0223618112, 35.2705645241, 8.5384894114, 3329.1815583268, 724.8298731047, 352.5305033042, 80.1708409705, 27.753351335, 793.4091905477, 620.9906042652, 663.6602405487, 889.8947101434, 15.4542268935, 15.767724756, 22.55205834, 91.9019943661, 1030.4278645068, 6.9235931354, 3.5801336847, 49.7016714709, 69.288583534, 11.4660380571, 442.3285362486, 2.9922902217, 362.2644590628, 366.754357081, 969.6994405281, 438.0771345359, 156.2396953361, 358.187519841, 211.8821420142, 145.1495609425, 291.5124939427, 862.3648583434, 648.3357912934, 607.5739654567, 33.9270013879, 35.809050233, 75.2452616489, 164.0983551994, 179.5567790488, 564.7966593366, 117.3059873292, 96.7842509833, 10.1805775657, 526.8026525539, 345.3619589102, 3.1500479207, 4.5705538819, 1.8041920263, 1.9702759918, 20.5858686974, 310.0303908502, 18.7807108276, 346.8471869494, 1134.813067883, 881.4775640554, 1.9999912196],
      [0.25008736365, 0.11601655566, 0.28612314822, 51.7566871462, 16.8682274528, 11.2673856531, 2.499362406, 0.44713185093, 12.354961985, 14.4285388319, 13.5044226425, 12.7882375801, 0.078600895171, 0.044181730258, 0.12621719345, 2.0767946593, 22.9174375108, 0.0075233090319, 0.13241769512, 0.709907761, 0.86451091041, 0.10413386622, 7.5579455362, 0.002503370723, 7.6989644704, 7.2781909451, 15.3807982709, 6.6403135249, 2.181064702, 4.2784533099, 3.5774999124, 2.8379601853, 6.0935282169, 13.5775962325, 10.8667007578, 10.9500243387, 1.2988441715, 0.7466401668, 5.7552566416, 3.2688144165, 3.5267840738, 13.3647526717, 3.4402676152, 1.9001147586, 0.61857442033, 12.2418864042, 7.9465497876, 0.303174936, 0.032056681507, 0.067999601642, 0.0011534483426, 0.78387518899, 4.8805864037, 0.52168491227, 4.06655743, 28.4218032515, 19.768289448, 3.1777596582e-07]
    ],
    [
      [0, 0, 0, 0.52890316231, 0.044228586174, 0.14061773895, 0.10008850281, 0.0054708540803, 0.10731824976, 0.065612445325, 0.12601372056, 0.06988012118, 0.010001643613, 0.00039249466367, 0.0054499906046, 0.01591584977, 0.13712720561, 0, 0.17540996197, 0.0044232069657, 0.019624794297, 0.0017206483973, 0.043651078221, 9.8784081641e-05, 0.042140216476, 0.065120525547, 0.12569541473, 0.10983624328, 0.04687352351, 0.020139728386, 0.018361183553, 0.01037563314, 0.026874962829, 0.08902511886, 0.098751668668, 0.047366218366, 0.037822433271, 0.034214054657, 0.0017182827924, 0.011305340595, 0.017476910085, 0.056098676489, 0.031226800588, 0.0080069414223, 0, 0.049710935959, 0.038431712253, 0.0062175388401, 0.0044963640582, 0.0067428783203, 0, 0.0065865376989, 0.025384321002, 0, 0.01620782849, 0.21281643322, 0.14788351264, 0],
      [0, 0, 0, 8.5823855697, 1.1077760168, 0.59424321762, 1.2526454373, 0.063332774953, 1.2349873299, 1.9919494775, 2.7057373604, 2.8605971765, 0.060123415191, 0.011271134379, 0.055544937045, 0.32416074634, 2.4942012409, 0, 0.18246381555, 0.025682818345, 0.58026189947, 0.014615197144, 0.64924715138, 0.0015195991524, 1.2600206979, 3.5959405973, 2.9642936482, 2.9764712107, 0.32914286096, 0.73704479784, 0.89209299797, 0.25793419838, 1.2688105394, 1.6262726568, 1.7561414192, 1.1780458054, 0.40085670747, 0.52857334046, 0.039961315017, 0.42092120796, 0.99119843915, 2.1256862562, 1.0043837876, 0.36514841494, 0, 1.7798311652, 0.83050441514, 0.083214954106, 0.021404832252, 0.13163440338, 0, 0.028168147422, 1.4801288156, 0, 0.58342075532, 2.951856156, 3.8140660986, 0],
      [0, 0, 0, 17.2020401565, 2.9583521621, 2.7190119851, 10.3245105453, 0.89051464068, 6.7024810417, 7.8072595496, 5.3406542329, 6.052439837, 0.34332015539, 0.024523531064, 0.14938633882, 1.2860194341, 7.8787004823, 0, 1.2863299134, 0.4970937298, 1.4580453556, 0.00023585214283, 5.7338575298, 0.036090397561, 2.9955031334, 6.0532311944, 4.8054870674, 5.8221229649, 2.270596765, 1.3637810253, 0.81403033367, 1.158462522, 4.3807204155, 4.8343586708, 3.2605372676, 2.9488101018, 4.1749521922, 3.941282408, 0.19287521669, 1.1486132189, 0.99715980642, 2.9186082745, 2.7924510644, 2.7787389341, 0, 3.3331797962, 2.123904975, 0.46601503435, 0.16864650859, 1.0627409289, 0, 0.21850059138, 1.422284365, 0, 1.0420557686, 10.0379971247, 7.7095110712, 0],
      [0, 0, 0, 149.2055704609, 32.511252372, 11.4434617431, 21.6177719075, 3.5252663093, 38.8619832661, 39.4066588444, 45.0954621126, 66.0344396199, 5.3552427596, 0.94254748357, 1.7079100236, 8.6908489992, 62.7407476477, 0, 2.516437004, 2.1918062302, 8.0735709244, 0.912810908, 31.0853408315, 0.95889366286, 23.481087198, 39.6424140381, 57.4409260932, 55.0577527527, 12.8294597403, 18.9685113919, 20.3639775609, 9.9252874123, 26.6129204109, 37.4816437651, 38.4553566279, 21.5498584059, 8.5689934794, 10.6009211307, 1.6267443729, 8.0505585142, 15.4209710054, 35.762499466, 15.3179718146, 6.7066141085, 0, 34.1409083929, 17.579609671, 0.22443958689, 0.75735818414, 2.065606729, 0, 0.5417435924, 19.4796674641, 0, 12.1566624683, 41.1316584792, 43.179217528, 0],
      [0, 0, 0, 19.4811006505, 6.3783908629, 3.1026653152, 5.7049836071, 0.51541542102, 5.0932301126, 7.7285196832, 7.7321325735, 7.9826432454, 0.2313120262, 0.021265356321, 0.081708709889, 1.6830549706, 11.7492234235, 0, 0.83935930505, 0.2809940147, 0.86849702626, 0.070617394315, 4.4879034091, 0.0033975563432, 4.2212487542, 6.6432936446, 7.6635977765, 7.0338168284, 1.5239271103, 1.9105230565, 2.911537924, 1.6479402342, 4.7106736713, 4.9686997884, 5.4292130167, 3.2759194686, 2.8173751876, 1.8950090661, 1.1387008126, 1.3686017183, 2.5731938389, 7.1371073268, 3.8539665329, 1.141491601, 0, 6.6963697097, 3.4275492266, 0.22011288581, 0.048094110963, 0.7332750604, 0, 0.20500113111, 2.5925350343, 0, 1.2016531793, 8.6656718069, 8.1493217895, 0]
    ],
    [
      [0.28362742637, 0.12592060802, 0.010113032912, 4.8076945962, 0.6131375899, 1.9507617253, 1.2024313806, 0.063799453565, 1.8880498783, 0.37765666348, 1.0298682851, 0.94395235937, 0.075383079405, 0.0096396179104, 0.1786576622, 0.2226784379, 1.050146064, 0.0012323818895, 1.6383434783, 0.097728906819, 0.057152889749, 0.019289282384, 0.29398081046, 0, 0.41644065728, 0.32764916504, 1.5288808915, 0.61148334169, 0.65348004141, 0.30924833077, 0.15025934003, 0.21518418128, 0.32139453455, 1.4945821676, 1.0728647013, 0.58685160143, 0.32435352623, 0.41478799111, 0.014570718833, 0.12993184883, 0.13437499845, 0.69885089489, 0.19084636045, 0.071462257961, 0.010370717941, 0.49817410385, 0.49801036114, 0.1688994359, 0.061917434953, 0.07211137261, 0, 0.16086971021, 0.24911625047, 0.0016973001816, 0.76209462386, 4.6150167754, 2.0913863257, 0],
      [16.1088409857, 8.7458802591, 1.3346819244, 112.1496655617, 22.2244687794, 12.0003323928, 21.7251722173, 1.179817238, 31.3389993321, 16.6607201901, 32.0647945719, 55.8771000795, 0.78576485704, 0.53716854282, 3.0921372088, 6.7145766475, 27.5973190147, 0.89626156425, 2.5649956679, 0.87744455396, 2.7392340714, 0.59687540408, 6.3485304476, 0, 18.2119817311, 26.4672947883, 52.103776866, 24.1535913325, 6.7907466441, 16.5295347192, 10.8340046922, 7.7962744979, 22.234487136, 39.5253458236, 27.6736179201, 21.2178600711, 4.999481958, 9.4076175394, 0.50831367576, 7.2072352071, 11.3743138458, 38.4693639932, 9.2260504568, 5.0149183286, 0.12992711044, 25.9487969014, 15.7747262115, 3.6155330164, 0.50814820589, 2.1692105561, 0, 1.1344180959, 21.481558254, 0.21444591833, 39.9980652591, 92.1622195678, 77.8359624804, 0],
      [0.42699036998, 0.65807499443, 0.17792419951, 11.510019607, 3.0271400031, 2.7838081997, 9.1241773632, 0.79485638737, 8.688931518, 3.3157913409, 3.2192753828, 6.0300251669, 0.19939372112, 0.04879323397, 0.37470278618, 1.3336165605, 4.4481911661, 0.028508970436, 0.87407714299, 0.85429015339, 0.31850977518, 0.00049754820148, 2.8537321869, 0, 2.1889138032, 2.2487054354, 4.3090973649, 2.3926878509, 2.3507743495, 1.5488361573, 0.49517759348, 1.7751362611, 3.876916389, 5.9876263948, 2.6143098213, 2.6973097031, 2.6337367364, 3.5175685442, 0.12440652012, 0.98080273061, 0.56982309396, 2.6848442337, 1.2666824685, 1.8509713918, 0.061870340336, 2.4674655875, 2.0377383421, 0.92552129061, 0.1716600205, 0.83342390077, 0, 0.40568311151, 1.035063382, 0.59612587173, 3.6236068763, 16.0265442644, 8.0308034333, 0],
      [2.7983798718, 3.9125181579, 0.25427899299, 21.9697675337, 7.2819225426, 2.557206049, 4.164875052, 0.62185093623, 11.0441280279, 3.6668694229, 5.9541581793, 14.4252068382, 0.56156588427, 0.28774004634, 0.78969159933, 1.9198197357, 7.7741060856, 0.066580442996, 0.34131782653, 0.75316792595, 0.37000425361, 0.13700606494, 3.3767268612, 0, 3.7394212802, 3.2167375879, 11.2964341517, 4.9451101546, 2.8553766643, 4.6818083546, 2.6697470931, 3.2764794673, 5.1304547099, 10.175254749, 6.7459154172, 4.3109529756, 1.1610699702, 2.0177026659, 0.21800589798, 1.4766784685, 1.8967188672, 7.1954304451, 1.4970973609, 0.95576063577, 0.098196599451, 5.5251399052, 3.6714075261, 0.08757453088, 0.12152590947, 0.31420849018, 0, 0.19331668657, 3.0785414829, 0.027812586154, 9.1909396169, 14.4283887806, 9.8718468201, 0],
