{
  "Z_true": {},
  "V_true": [
    [1358, 533, 2393, 77],
    [630, 399, 11302, 414],
    [366, 12070, 902, 312],
    [157, 328, 1030, 128],
    [141, 763, 696, 323]
  ],
  "p_true": [
    [0.3114, 0.1222, 0.5487, 0.0177],
    [0.0494, 0.0313, 0.8868, 0.0325],
    [0.0268, 0.8842, 0.0661, 0.0229],
    [0.0956, 0.1996, 0.6269, 0.0779],
    [0.0733, 0.3968, 0.3619, 0.168]
  ],
  "Z_est": [
    [
      [27.7703, 20.2761, 15.4275, 2.6447, 5.7302, 8.997, 33.2027, 6.1521, 19.3945, 13.2236, 40.1114, 13.5385, 58.152, 54.4027, 74.5402, 40.5522, 22.48, 47.164, 63.5617, 22.1894, 71.848, 25.4596, 13.641, 3.5622, 33.4997, 9.2565, 82.4268, 133.5579, 68.7625, 60.8284, 0.8816, 6.171, 7.948, 14.9867, 13.2236, 36.1705, 26.8879, 15.8683, 41.7627, 9.2565, 4.8486, 12.342, 3.4947, 6.2356, 5.0008, 43.6377, 52.6178, 38.8595, 35.5423, 79.7821, 16.1027, 72.2888, 12.3347, 31.7365, 147.2222, 37.4667],
      [10.8773, 3.1575, 2.4024, 0.4118, 0.8923, 1.6474, 5.4226, 1.9987, 3.0202, 2.0592, 6.2463, 2.7631, 25.3938, 3.4892, 0, 6.315, 3.5007, 7.3446, 14.8899, 19.107, 11.1885, 3.9125, 2.1965, 1.1669, 5.2167, 1.4415, 12.8358, 20.7982, 10.708, 9.4724, 0.1373, 0.961, 1.3728, 2.3338, 2.0592, 5.7658, 4.1871, 2.4711, 6.4522, 1.4415, 0.755, 1.9219, 1.9099, 0, 1.9414, 7.3771, 8.1683, 5.9718, 10.3195, 12.424, 2.8143, 11.2571, 12.9151, 4.9421, 22.926, 5.8345],
      [36.3524, 22.2961, 16.9645, 2.9082, 6.3011, 13.2146, 39.9105, 7.7552, 21.4886, 14.541, 44.1076, 21.4751, 79.4906, 71.2961, 91.4598, 44.5923, 24.7196, 51.8628, 74.6436, 28.2924, 79.0059, 27.6278, 15.9745, 12.171, 36.8371, 10.1787, 90.6387, 146.8637, 75.613, 66.8884, 0.9694, 6.7858, 10.5617, 16.4798, 14.541, 42.0636, 29.5666, 17.4492, 45.5617, 10.1787, 5.3317, 13.5716, 1.5955, 0, 4.0578, 47.9852, 58.2139, 42.1688, 43.1382, 87.7305, 19.8726, 79.4906, 23.7502, 34.8983, 161.8894, 41.1994],
      [0, 0.2703, 0.2056, 0.0353, 0.0764, 0.141, 0.4641, 0.094, 0.0967, 0.1763, 0.5347, 0.2233, 0.9635, 0.812, 0, 0.5405, 0.2996, 0.6287, 0.9048, 0.4113, 0.9577, 0, 0.188, 0.0999, 0.4465, 0.1234, 1.0987, 1.7802, 0.9165, 0.8108, 0.0118, 0.0823, 0.1175, 0.1998, 0.1763, 0, 0.3584, 0.2115, 0.2234, 0.1234, 0.0646, 0.1645, 0, 0.7644, 0, 0, 0, 0, 0, 1.0634, 2.2104, 0.9635, 0, 0.423, 1.9623, 0.4994]
    ],
    [
      [0, 5.8757, 3.1282, 3.2297, 2.8011, 0, 0, 0, 1.2355, 0.9053, 28.4169, 0, 0, 1.5942, 2.0193, 2.192, 10.334, 3.3079, 0, 0.8901, 4.348, 1.0628, 0, 0, 8.0772, 1.2131, 2.706, 7.2883, 21.9741, 2.6702, 0.0933, 1.7387, 0, 1.4893, 0.9472, 0, 0, 1.199, 3.8168, 0, 0, 4.0521, 0.1857, 0.7277, 0.1328, 1.6494, 2.6968, 4.3628, 0, 13.8506, 0, 16.2026, 0, 11.809, 11.9297, 1.5809],
      [18.0489, 0, 0, 0, 0.5121, 0.991, 0, 7.3936, 1.6904, 1.4722, 14.0754, 1.4904, 15.2285, 2.1811, 0, 4.3138, 2.8414, 31.6332, 9.5526, 1.2178, 3.8715, 6.0249, 0, 0, 0, 0, 7.092, 9.6877, 3.9078, 3.6534, 0.704, 3.0093, 1.036, 2.1148, 0, 0, 3.8617, 6.1721, 0, 0, 0, 2.1624, 0.1091, 0, 0.1827, 12.0395, 3.6897, 7.1331, 7.0591, 26.3582, 5.5493, 9.9739, 1.345, 10.3927, 0, 2.1629],
      [182.9511, 325.7602, 729.0344, 173.0588, 351.1225, 340.895, 287.8163, 71.6064, 90.0742, 77.0207, 273.4828, 77.9715, 216.0168, 114.1047, 149.9807, 156.8939, 63.6242, 209.6598, 216.7989, 63.7084, 201.0175, 72.9123, 183.6698, 54.7637, 586.0043, 354.4599, 178.8399, 506.8149, 185.3197, 190.1707, 20.814, 36.9064, 54.1997, 107.1916, 109.1369, 246, 207.9633, 130.2749, 228.1832, 344.2158, 322.355, 228.1426, 5.7052, 2.2193, 9.5087, 156.3111, 196.6135, 222.5041, 117.9409, 1016.9146, 89.737, 228.2478, 72.655, 230.7006, 853.8833, 113.1538],
      [0, 7.3641, 17.8374, 5.7116, 12.5644, 6.114, 12.1837, 0, 0, 1.6018, 16.0249, 2.538, 6.7547, 2.12, 0, 1.6003, 3.2004, 4.3991, 1.6485, 1.1837, 3.7631, 0, 7.3302, 2.2363, 13.9185, 15.327, 2.3621, 9.209, 3.7984, 4.5057, 0.3887, 5.3456, 1.7643, 3.2042, 3.9159, 0, 1.175, 3.354, 0, 17.7842, 4.645, 1.6429, 0, 0.053, 0.1757, 0, 0, 0, 0, 9.8766, 1.7137, 4.5758, 0, 3.0977, 32.1869, 2.1024]
    ],
    [
      [0, 1.69, 0.7538, 0.2796, 0.3161, 0, 0, 0, 0.2443, 0, 5.1674, 0, 0, 1.1064, 1.3131, 1.1809, 1.2888, 5.1439, 0, 0, 12.1902, 4.7594, 0, 0, 9.4742, 0.5836, 3.8907, 25.5628, 7.9031, 28.1394, 0, 0.4499, 0, 1.2402, 0.5715, 0, 1.9318, 0.8268, 1.4955, 0.3769, 0, 0.6809, 0.2457, 1.0365, 0.4563, 0, 7.6842, 4.8269, 0, 9.2648, 0, 5.0701, 0, 2.7114, 45.239, 10.238],
      [568, 122.5958, 46.8161, 16.8304, 25.0874, 26.0523, 70.6342, 46.902, 208.4015, 85.9332, 410.0832, 73.3325, 578.6687, 87.8061, 101.2694, 506.3512, 103.9237, 293.8825, 561.97, 465.006, 475.1233, 221.2406, 100.4446, 37.4595, 175.7533, 40.5851, 316.1093, 912.4152, 250.3934, 278.0408, 29.3811, 35.7014, 66.1934, 98.42, 41.0083, 159.0376, 181.4015, 65.6133, 112.6666, 27.452, 22.5918, 54.0345, 6.7543, 1.8947, 12.5437, 590, 611.7694, 388.6824, 848, 735.2551, 160.7969, 406.0762, 105.6216, 215.1731, 767.6733, 144.0787],
      [0, 13.6814, 13.9695, 3.7469, 0.4033, 0.7471, 20.6823, 0.7445, 11.3543, 11.9356, 0, 2.0157, 0, 1.4114, 5.4175, 6.4679, 0, 0, 4.03, 0, 0, 0, 14.6936, 0.6049, 7.3312, 6.4747, 0, 25.022, 0, 0, 0, 0.5739, 3.9318, 1.5821, 0.729, 18.9624, 3.2699, 1.0547, 8.8379, 2.9408, 7.1853, 0.8686, 0, 0.0465, 0, 0, 12.5464, 3.4907, 0, 11.8189, 0, 0, 3.3784, 3.4588, 17.9397, 6.4024],
      [0, 1.0327, 0.4606, 2.1431, 0.1932, 0.2006, 0.6835, 0.3535, 0, 3.1312, 9.7494, 0.6517, 4.3313, 0.6761, 0, 0, 0.7875, 4.9736, 0, 1.994, 0.6865, 0, 0.8618, 0.9356, 1.4413, 0.3566, 0, 0, 3.7035, 2.8198, 0.6189, 0.2749, 6.8748, 0.7578, 4.6913, 0, 1.3967, 0.5052, 0, 0.2303, 0.2229, 0.416, 0, 0.0223, 0, 0, 0, 0, 0, 5.6611, 4.2031, 5.8537, 0, 1.6567, 13.148, 1.2808]
    ],
    [
      [0.0073, 0.0099, 0.0088, 0.0015, 0.0043, 0.003, 0.0094, 0.0034, 0.0021, 0.0019, 0.0077, 0.0021, 0.0107, 0.0028, 0.0039, 0.0079, 0.0032, 0.0135, 0.0109, 0.0019, 0.0062, 0.0045, 0.0058, 0.0032, 0.0129, 0.0034, 0.0084, 0.0225, 0.0071, 0.0088, 0.0004, 0.0009, 0.0026, 0.0047, 0.0034, 0.0169, 0.0073, 0.0071, 0.0064, 0.0043, 0.0024, 0.0064, 0, 0.0002, 0.0002, 0.0064, 0.0081, 0.0075, 0.0056, 0.0253, 0.0034, 0.0111, 0.0011, 0.0047, 0.0159, 0.0006],
      [3.5811, 4.8451, 4.3184, 0.7373, 2.1066, 1.4746, 4.6344, 1.6852, 1.0533, 0.9479, 3.7918, 1.0533, 5.2664, 1.3693, 1.8959, 3.8971, 1.5799, 6.6356, 5.3717, 0.9479, 3.0545, 2.2119, 2.8438, 1.5799, 6.3197, 1.6852, 4.1078, 11.0594, 3.4758, 4.3184, 0.2107, 0.4213, 1.2639, 2.3172, 1.6852, 8.3209, 3.5811, 3.4758, 3.1598, 2.1066, 1.1586, 3.1598, 0, 0.1053, 0.1053, 3.1598, 4.0024, 3.9245, 2.7385, 12.4287, 1.6852, 5.477, 0.5266, 2.3172, 7.7942, 0.316],
      [24.9626, 33.7729, 30.1019, 5.1394, 14.6839, 10.2787, 32.3045, 11.7471, 7.3419, 6.6077, 26.4309, 7.3419, 36.7096, 9.5445, 13.2155, 27.1651, 11.0129, 46.2542, 37.4438, 6.6077, 21.2916, 15.4181, 19.8232, 11.0129, 44.0516, 11.7471, 28.6335, 77.0903, 24.2284, 30.1019, 1.4684, 2.9368, 8.8103, 16.1522, 11.7471, 58.9393, 24.9626, 24.2284, 22.0258, 14.6839, 8.0761, 22.0258, 0, 0.7342, 0.7342, 22.0258, 27.8993, 25.6968, 19.089, 86.6348, 11.7471, 38.178, 3.671, 16.1522, 54.3303, 2.2026],
      [5.449, 7.3722, 6.5709, 1.1219, 3.2053, 2.2437, 7.0517, 2.5642, 1.6027, 1.4424, 5.7695, 1.6027, 8.0133, 2.0834, 2.8848, 5.9298, 2.404, 10.0967, 8.1735, 1.4424, 4.6477, 3.3656, 4.3272, 2.404, 9.6159, 2.5642, 6.2503, 16.8278, 5.2888, 6.5709, 0.3205, 0.6411, 1.9232, 3.5258, 2.5642, 11.7229, 5.449, 5.2888, 4.808, 3.2053, 1.7629, 4.808, 0, 0.1603, 0.1603, 4.808, 6.0901, 5.3712, 4.1669, 18.9113, 2.5642, 8.3338, 0.8013, 3.5258, 11.8596, 0.4808]
    ],
    [
      [9.2224, 6.1483, 11.6817, 1.8445, 6.1483, 0, 7.7878, 1.8445, 5.1236, 2.8692, 12.2966, 2.4593, 9.8373, 3.8939, 5.1236, 11.0669, 3.8939, 15.3707, 9.4274, 4.9186, 8.6076, 4.7137, 6.3532, 1.4346, 13.9361, 5.9433, 6.9681, 23.5684, 6.3532, 6.3532, 1.0247, 1.6395, 2.0494, 3.2791, 2.2544, 8.8125, 7.173, 4.0989, 4.9186, 4.3623, 3.149, 4.9186, 1.0739, 0, 0.4099, 12.7065, 14.993, 5.9433, 10.4521, 28.0772, 3.8939, 9.4274, 2.6643, 5.7384, 24.5931, 4.7137],
      [5.4926, 3.4016, 6.4631, 1.0205, 3.4016, 2.8347, 4.3087, 1.0205, 2.8347, 1.5874, 6.8032, 1.3606, 5.4426, 2.1544, 2.8347, 6.1229, 2.1544, 8.504, 5.2158, 2.7213, 4.7623, 6.6101, 3.515, 0.7937, 7.7103, 3.2882, 3.8552, 13.0395, 3.515, 3.515, 0.5669, 0.9071, 1.1339, 1.8142, 1.2473, 4.8756, 3.9686, 2.2677, 2.7213, 0, 2.4945, 2.7213, 0.2268, 0, 0.2268, 14.4236, 7.3702, 3.2882, 11.883, 15.534, 2.1544, 5.2158, 3.5917, 3.1748, 13.6065, 2.6079],
      [15.734, 10.4893, 19.9297, 3.1468, 10.4893, 13.8647, 13.2865, 3.1468, 8.7411, 4.895, 20.9786, 4.1957, 16.7829, 6.6432, 8.9265, 18.8808, 6.6432, 26.2233, 16.0836, 8.3915, 14.6851, 8.0418, 10.839, 2.4475, 23.7758, 10.1397, 11.8879, 40.2091, 10.839, 10.839, 1.7482, 2.7972, 3.4964, 5.5943, 3.8461, 15.0347, 12.2375, 6.9929, 8.3915, 16.9809, 9.0519, 8.3915, 0.6993, 0, 0.6993, 21.6779, 22.7269, 10.1397, 17.8318, 47.9012, 6.6432, 16.0836, 4.5454, 9.79, 41.9573, 8.0418],
      [14.551, 9.9608, 18.9255, 2.9882, 9.9608, 8.3006, 12.617, 2.9882, 8.3006, 4.6484, 19.9216, 3.9843, 15.9372, 6.3085, 8.1152, 17.9294, 6.3085, 24.9019, 15.2732, 7.9686, 13.9451, 3.6344, 10.2928, 2.3242, 22.5778, 9.6288, 11.2889, 38.183, 10.2928, 10.2928, 1.6601, 2.6562, 3.3203, 5.3124, 3.6523, 14.2771, 11.6209, 6.6405, 7.9686, 11.6568, 7.3046, 7.9686, 0, 0, 0.6641, 13.192, 19.9099, 9.6288, 10.8331, 45.4875, 6.3085, 15.2732, 2.1987, 9.2967, 39.8431, 7.6366]
    ]
  ],
  "V_est": [
    [1865.0228, 338.5359, 2134.5216, 22.9196],
    [193.7341, 251.9352, 12037.0324, 262.2983],
    [205.3342, 13094.9321, 259.7519, 89.9818],
    [0.352, 173.2913, 1207.2171, 262.1396],
    [387.5568, 234.3055, 684.477, 616.6607]
  ],
  "p_est": [
    [0.4277, 0.0776, 0.4895, 0.0053],
    [0.0152, 0.0198, 0.9445, 0.0206],
    [0.015, 0.9593, 0.019, 0.0066],
    [0.0002, 0.1055, 0.7348, 0.1595],
    [0.2015, 0.1218, 0.3559, 0.3207]
  ],
  "EI_Z": {},
  "EI_V": 9.0862,
  "MAE_Z": {},
  "MAE_V": 311.8562,
  "MAE_p": 0.0719,
  "runtime": 0.6623
}
