{
  "Z_true": {},
  "V_true": [
    [45, 53, 50, 1501, 168, 3020, 42],
    [44, 1018, 31, 99, 718, 232, 67],
    [258, 566, 280, 369, 7923, 983, 393],
    [119, 99, 144, 648, 94, 8234, 130],
    [72, 58, 1415, 193, 406, 1293, 75],
    [750, 24, 46, 152, 305, 1046, 79],
    [41, 95, 47, 56, 356, 260, 462]
  ],
  "p_true": [
    [0.0092, 0.0109, 0.0102, 0.3076, 0.0344, 0.619, 0.0086],
    [0.0199, 0.4608, 0.014, 0.0448, 0.325, 0.105, 0.0303],
    [0.024, 0.0525, 0.026, 0.0343, 0.7355, 0.0913, 0.0365],
    [0.0126, 0.0105, 0.0152, 0.0684, 0.0099, 0.8697, 0.0137],
    [0.0205, 0.0165, 0.4029, 0.055, 0.1156, 0.3682, 0.0214],
    [0.3122, 0.01, 0.0192, 0.0633, 0.127, 0.4355, 0.0329],
    [0.0311, 0.0721, 0.0357, 0.0425, 0.2703, 0.1974, 0.3508]
  ],
  "Z_est": [
    [
      [0.0471, 0.1775, 0.2087, 0.0272, 0.1558, 0, 0.1093, 0.2386, 0.2894, 0.2323, 0.3656, 0.0068, 0, 0, 0.2717, 0.0246, 0.1458, 0.099, 0, 0.2487, 0.1377, 0.6104, 0.471, 0, 0.078, 0, 0.0063, 0.0615, 0.4017, 0.2489, 0.1251, 0.167, 0, 0.0601, 0, 0.4325, 0.0275, 0, 0.0747],
      [0.0104, 0.0365, 0.0173, 0, 0.0853, 0.0737, 0, 0, 0.0546, 0.041, 0, 0, 0, 0, 0, 0, 0.0433, 0, 0, 0.0227, 0.0154, 0.0172, 0.0088, 0, 0.0823, 0, 0.0241, 0, 0.0429, 0.0388, 0.0197, 0, 0, 0.009, 0, 0.0726, 0.0122, 0, 0],
      [0.0153, 0.3096, 0.2503, 0.0185, 0.3801, 0.191, 0.2565, 0.1614, 0.2741, 0.2428, 0.4121, 0.0103, 0, 0, 0.3294, 0.1696, 0.0676, 0.3633, 0, 0.0035, 0.1877, 0.5877, 0.437, 0, 0.0819, 0.0171, 0.1541, 0.1617, 0.3985, 0.301, 0.1232, 0.1034, 0.1352, 0.1145, 0.0115, 0.1545, 0.0698, 0.4444, 0.1559],
      [1.3169, 34.5551, 21.9067, 1.4939, 40.8431, 31.6746, 32.0504, 34.3825, 37.3541, 31.0612, 41.5676, 1.1347, 0.4984, 2.3219, 36.352, 9.5482, 19.1488, 31.7532, 13.308, 32.9121, 17.8419, 69.8645, 43.0892, 4.6525, 30.4902, 1.2437, 17.8247, 14.4556, 39.4271, 30.4071, 9.4368, 19.6528, 26.6337, 13.4875, 1.5129, 49.8173, 4.6305, 71.5947, 12.55],
      [0.2002, 5.2456, 4.3979, 0.1858, 4.8883, 3.7547, 4.6089, 5.6775, 6.0931, 4.409, 6.9534, 0.0764, 0.2749, 0.2271, 4.768, 1.6752, 2.0108, 4.0064, 1.3868, 3.6911, 3.3015, 11.3423, 7.8197, 0.7474, 4.8699, 0.5682, 2.2842, 2.6733, 7.1288, 4.2993, 1.9547, 3.4228, 2.1865, 1.8242, 0.5667, 6.6418, 1.1388, 9.059, 1.9976],
      [6.4073, 143.6756, 92.1898, 6.2539, 182.6473, 134.3061, 160.8923, 110.4658, 130.8757, 85.0137, 149.6344, 1.7715, 3.1381, 5.4273, 157.2667, 72.5165, 71.5105, 160.7781, 52.3052, 120.0325, 67.4811, 230.4664, 190.1231, 19.6002, 88.3976, 8.1003, 62.7066, 70.6079, 158.5954, 147.6514, 44.3404, 104.6274, 107.0447, 49.4814, 10.9088, 257.8813, 23.1212, 243.7278, 60.162],
      [0.0028, 0, 0.0294, 0.0206, 0, 0, 0.0826, 0.0742, 0.0589, 0, 0.0669, 0.0003, 0.0886, 0.0236, 0.0121, 0.0658, 0.0732, 0, 0, 0.0894, 0.0348, 0.1115, 0.0512, 0, 0, 0.0707, 0, 0.04, 0.0055, 0.0536, 0, 0.0266, 0, 0.0235, 0, 0, 0, 0.1741, 0.0598]
    ],
    [
      [0.0277, 1.062, 0.9572, 0.0171, 0.5552, 0.5105, 0.4323, 1.3144, 1.4833, 1.2439, 1.4424, 0.0361, 0, 0.0029, 0.9721, 0.3943, 0.9529, 0.779, 0.8476, 0.8652, 0.3191, 0.7487, 1.1073, 0.0773, 0.4452, 0, 0.3414, 1.0374, 1.0074, 0.879, 0.4595, 0.5862, 0.2149, 0.1769, 0.0617, 1.137, 0.0881, 2.1289, 0.5653],
      [2.0369, 61.2751, 46.9339, 2.3086, 32.5305, 29.1976, 21.7058, 118.1576, 88.0431, 62.5224, 40.7457, 0.8182, 1.726, 1.1744, 34.845, 13.1873, 30.9387, 26.6241, 11.725, 25.3135, 17.377, 33.7692, 41.7606, 6.7153, 38.171, 2.3687, 33.7007, 22.0137, 44.0081, 46.3707, 16.711, 24.5319, 12.7189, 10.1554, 3.0563, 46.4253, 12.3337, 233.6578, 23.6451],
      [0.0016, 0.0438, 0.0397, 0.0019, 0.0204, 0.014, 0.0144, 0, 0.0463, 0.0621, 0.0316, 0.0085, 0.0105, 0, 0.0312, 0.0206, 0.0038, 0.0303, 0, 0, 0.0132, 0.0217, 0.0279, 0.024, 0, 0.0088, 0.0262, 0.0204, 0.0274, 0.0328, 0.0138, 0.008, 0.0079, 0.0074, 0.0053, 0.012, 0.003, 0.107, 0.0325],
      [0.2101, 11.8338, 8.0008, 0.1664, 5.9481, 6.2635, 4.9814, 10.6657, 14.9087, 12.7111, 8.5178, 0.9082, 0.624, 0.2918, 9.1745, 3.3219, 7.529, 7.4943, 4.824, 6.9474, 3.1812, 7.1144, 7.7682, 1.291, 6.4924, 0.2254, 5.1674, 6.0829, 7.5885, 8.3889, 2.4019, 5.0519, 4.2311, 2.4188, 0.3563, 9.9806, 0.8186, 17.5616, 5.748],
      [0.659, 29.6071, 26.614, 0.4405, 11.835, 11.9641, 11.7318, 28.3986, 40.5173, 29.5877, 23.1684, 1.1172, 1.3911, 0.4713, 19.6517, 9.0119, 13.1062, 15.1333, 7.186, 12.6276, 9.8762, 19.0772, 23.2261, 2.1001, 17.1797, 2.2208, 10.883, 18.0046, 22.6032, 19.7962, 8.21, 14.3174, 5.5468, 5.4587, 2.0467, 21.3405, 3.2769, 35.2002, 15.6067],
      [0.0509, 3.073, 2.0908, 0.0369, 1.6615, 1.6592, 1.5616, 2.1055, 3.2379, 2.1714, 1.9156, 0.0902, 0.1197, 0.0432, 2.4739, 1.5519, 1.7499, 2.3689, 1.1907, 1.5902, 0.7483, 1.4683, 2.1442, 0.3405, 1.2257, 0.0962, 1.1379, 1.8651, 1.9071, 2.5384, 0.7031, 1.6806, 1.0597, 0.5532, 0.1632, 3.2271, 0.2563, 3.9328, 1.6969],
      [0.0138, 1.1052, 1.3636, 0.0286, 0.4493, 0.3912, 0.5727, 1.3582, 1.7635, 1.7014, 1.1784, 0.0216, 0.1286, 0.0164, 0.8515, 0.5121, 0.7195, 0.57, 0.2266, 0.6562, 0.485, 0.8005, 0.9659, 0.4517, 0.4861, 0.0802, 0.7434, 0.9761, 0.8583, 0.9941, 0.5007, 0.8241, 0.2207, 0.2297, 0.3105, 0.8775, 0.2234, 2.4117, 0.7055]
    ],
    [
      [0.1501, 7.4965, 5.5419, 0.3951, 4.5655, 3.6957, 3.5043, 9.5929, 6.9105, 6.4757, 12.766, 0.39, 0.1269, 0, 8.8522, 2.9696, 4.676, 7.5352, 5.0012, 5.8881, 3.0676, 9.5652, 9.7437, 0.6902, 2.8566, 0, 2.0673, 7.893, 14.3189, 6.099, 3.8373, 4.3136, 1.6551, 2.3199, 1.7614, 9.9129, 1.117, 21.8774, 2.1109],
      [0.2905, 17.7198, 10.7347, 1.2575, 10.7174, 8.5258, 7.22, 31.9857, 16.6197, 12.8631, 15.3229, 0, 0.0933, 0.6536, 12.0808, 2.7273, 6.2596, 10.0249, 3.1089, 7.0047, 6.6039, 16.9639, 14.6221, 1.6184, 10.1116, 0.194, 8.2719, 3.964, 25.1135, 12.9461, 5.6376, 6.7931, 4.1682, 5.4739, 2.9347, 16.1932, 6.1253, 77.8638, 3.0998],
      [0.1582, 18.5201, 12.9007, 0.4819, 9.3304, 6.9334, 8.2321, 11.5838, 12.8249, 11.4609, 20.6637, 0.4651, 0.4175, 0, 17.7863, 7.2615, 4.8419, 17.0249, 3.1858, 5.6231, 7.8498, 22.1026, 19.1553, 1.6625, 5.1021, 0.2111, 5.7668, 14.2926, 28.8069, 13.7379, 6.3102, 6.85, 4.1237, 7.9323, 6.4918, 13.7984, 4.4938, 28.926, 5.6175],
      [0.3337, 24.4777, 13.0283, 1.0246, 14.0612, 13.0736, 11.9536, 21.5608, 19.9071, 17.6388, 23.6539, 0.879, 0.1088, 1.4579, 23.4971, 5.3511, 10.6601, 20.4517, 9.1886, 13.6538, 8.8608, 25.4922, 19.4652, 2.1309, 11.6745, 0.1513, 9.1979, 12.2359, 30.8138, 16.617, 5.6162, 10.1467, 9.7321, 9.5755, 0.8031, 24.4772, 2.7317, 46.651, 5.9115],
      [6.2591, 379.943, 272.6526, 14.7809, 174.5413, 156.0636, 176.8625, 362.9831, 337.7695, 268.5984, 396.8934, 10.8485, 1.9453, 17.6128, 314.8287, 105.3415, 117.6358, 259.7979, 86.5771, 156.8957, 169.6168, 430.349, 365.8931, 14.9833, 200.0661, 12.0941, 120.8968, 229.094, 572.3835, 246.262, 124.5243, 184.3436, 81.2021, 134.4531, 94.3811, 330.3951, 77.0893, 580.5631, 99.5388],
      [0.5915, 46.6392, 25.2657, 1.403, 28.9602, 25.5717, 27.8341, 32.1128, 31.9396, 23.2921, 38.7011, 1.058, 0.1555, 2.1199, 46.6933, 21.6435, 18.5593, 48.0211, 17.1193, 23.4263, 15.1114, 39.2545, 40.0051, 2.8019, 16.9864, 0.6132, 14.9222, 28.3243, 57.0166, 37.3239, 12.5978, 25.6588, 18.3801, 16.1045, 10.4488, 59.0916, 7.1126, 75.0098, 12.7738],
      [0.2169, 25.2037, 24.8761, 1.657, 11.824, 9.1362, 15.3934, 30.181, 26.0287, 27.6712, 35.9991, 0.3593, 0.1526, 1.1559, 24.2616, 10.7055, 11.3674, 17.1442, 4.819, 14.5083, 14.8897, 32.2726, 27.1155, 5.1128, 10.2028, 0.7363, 14.877, 22.1961, 38.5467, 22.0142, 13.4765, 18.8941, 5.7387, 10.1408, 18.1792, 24.1317, 9.3303, 69.1088, 7.9478]
    ],
    [
      [0.242, 2.9383, 2.7523, 0.1606, 3.5907, 2.8111, 2.6537, 4.0462, 3.1198, 2.3024, 7.5801, 0.2392, 0, 0, 3.6487, 1.0596, 2.0402, 4.1234, 1.8182, 4.6385, 2.3332, 7.2747, 6.6785, 0, 1.8168, 0, 1.0488, 2.4668, 7.1891, 3.6402, 2.4943, 2.2107, 0.8676, 1.1797, 1.0192, 5.3497, 0.7052, 10.3758, 1.0448],
      [0.054, 0.6327, 0.4565, 0.036, 0.8193, 0.6869, 0.3657, 0.7757, 0.6997, 0.4388, 0.6427, 0, 0.0948, 0, 0.2578, 0, 0.3143, 0.1361, 0.185, 0.5132, 0.4345, 1.0177, 0.7652, 0, 0.6935, 0, 0.3977, 0, 1.1333, 0.7175, 0.3795, 0.1751, 0.7159, 0.245, 0.1874, 0.826, 0.3455, 0, 0.0189],
      [0.1887, 6.8574, 6.0421, 0.1908, 6.6367, 4.6033, 6.334, 4.7761, 5.4525, 3.8872, 11.6285, 0.43, 0.4189, 0, 6.936, 3.2696, 1.989, 8.3421, 1.3768, 3.8535, 5.6128, 15.6491, 12.2771, 1.661, 3.099, 0.339, 2.895, 5.3065, 13.6016, 7.7075, 3.8829, 3.241, 3.0267, 3.8219, 3.5682, 6.4681, 2.6748, 15.6823, 2.6483],
      [1.1914, 29.7018, 20.2525, 1.2063, 32.3189, 28.6085, 30.2226, 29.418, 27.9019, 20.8388, 43.4538, 2.7239, 0.5519, 2.347, 30.1175, 8.0177, 14.7756, 32.3068, 14.8383, 34.637, 20.6657, 60.0714, 41.4413, 5.273, 24.0075, 1.0198, 15.0811, 15.0759, 47.9033, 30.5863, 11.6281, 16.3038, 22.8736, 15.2423, 3.9388, 39.4731, 5.866, 82.9927, 9.0941],
      [0.6198, 16.3604, 14.8039, 0.5439, 14.0267, 12.3096, 15.8494, 17.7053, 16.5693, 10.7915, 26.4237, 0.8677, 0.6135, 0.8793, 14.3523, 5.6175, 5.6706, 14.9424, 5.736, 14.2683, 13.789, 35.5288, 27.4, 2.7214, 14.059, 1.7876, 7.0225, 10.261, 31.4931, 15.7197, 8.9069, 10.4152, 6.9289, 7.4823, 8.2566, 19.1754, 5.5544, 38.7257, 5.2663],
      [11.6263, 265.6489, 183.9549, 10.6275, 310.5544, 260.8706, 327.6123, 204.2647, 210.6765, 123.7531, 335.6936, 11.656, 4.0728, 12.5512, 280.6984, 143.3654, 119.5789, 353.2801, 124.6616, 274.254, 167.7022, 427.9793, 394.8058, 40.3447, 151.4649, 15.3064, 114.3375, 159.1734, 414.9554, 320.5999, 119.1719, 188.7469, 201.65, 120.4039, 73.7826, 442.271, 65.1726, 608.7829, 93.6565],
      [0.0778, 2.8605, 3.7378, 0.2348, 2.0534, 1.1099, 3.9624, 4.014, 3.5804, 2.9882, 6.5776, 0.0833, 0.2481, 0.2225, 2.9895, 1.6702, 1.6313, 1.869, 0.3842, 3.8356, 3.4625, 7.479, 5.632, 0, 1.8593, 0.5472, 2.2174, 2.7164, 5.7242, 4.0288, 2.5364, 2.9072, 0.9373, 1.6249, 1.2472, 3.4366, 1.6815, 12.4406, 1.2712]
    ],
    [
      [0.1257, 1.2883, 0.9655, 0.0354, 0.7654, 0.6196, 0.6871, 1.2509, 0.7951, 0.6444, 2.3189, 0, 0, 0.1586, 1.3756, 0.3055, 0.7031, 1.3326, 0.6274, 1.5584, 0.6136, 1.7036, 2.3138, 0.0599, 0.5367, 0, 0.269, 0.6862, 2.1338, 1.071, 0.683, 0.5994, 0.3755, 0.2838, 0.4356, 1.7111, 0.2476, 2.2702, 0.1555],
      [0.0125, 0.022, 0.0057, 0, 0.0185, 0.0188, 0, 0, 0.015, 0.0116, 0, 0, 0, 0.4198, 0, 0, 0.0149, 0, 0.0037, 0.0116, 0.0063, 0.0018, 0, 0.029, 0.026, 0.0004, 0.0071, 0, 0.0243, 0.0184, 0.0147, 0, 0.0361, 0.0034, 0.0225, 0.0267, 0.0098, 0, 0],
      [2.538, 69.0925, 49.4619, 1.1771, 34.0692, 25.553, 35.348, 37.3019, 32.6084, 25.4657, 80.3566, 0, 3.0948, 0.9799, 62.5173, 20.6413, 16.2556, 64.7877, 8.7097, 34.4446, 34.4245, 88.1898, 100.9884, 5.9722, 22.0599, 0.2902, 15.8578, 34.4723, 95.1012, 52.6524, 24.4113, 22.2917, 21.2277, 21.3293, 30.0674, 53.6916, 22.6694, 85.9257, 9.9851],
      [0.2084, 3.1467, 1.7225, 0.0813, 1.7713, 1.6448, 1.7563, 2.3193, 1.7302, 1.4139, 3.1441, 0, 0.0891, 0.4823, 2.8449, 0.5039, 1.1925, 2.7, 0.8037, 2.7024, 1.3307, 3.4374, 3.4841, 0.2473, 1.6626, 0.0102, 0.8751, 0.98, 3.4589, 2.1895, 0.7523, 1.1047, 1.6921, 0.8579, 0.0529, 3.1758, 0.4457, 4.8519, 0.3537],
      [1.1779, 19.867, 14.6133, 0.4991, 8.9026, 7.9642, 10.5453, 15.7468, 11.9517, 8.4859, 21.5416, 0, 0.2707, 1.8643, 15.4987, 4.2116, 5.3123, 14.0127, 3.0745, 12.6509, 10.3245, 23.5563, 26.6406, 0.9197, 11.3388, 0.2414, 4.6672, 7.4614, 26.1607, 13.1557, 6.7158, 8.0866, 5.7946, 4.8808, 8.0503, 17.4652, 5.2237, 24.6892, 2.4196],
      [4.7186, 78.1676, 43.8141, 1.9462, 47.5411, 41.9112, 53.2507, 45.1662, 36.4916, 23.7064, 67.287, 0, 0.4188, 6.5426, 74.0132, 27.2967, 27.0705, 82.7249, 18.933, 60.0195, 29.9389, 68.6345, 93.0749, 4.8446, 29.5078, 0.3959, 18.5086, 28.9639, 83.6019, 64.2501, 21.8919, 35.9278, 41.9004, 18.8804, 20.802, 99.7721, 15.355, 99.2893, 10.1663],
      [0.219, 6.4157, 6.417, 0.2607, 2.932, 2.2883, 4.4125, 6.2149, 4.408, 4.2721, 9.3517, 0, 0.1266, 0.5525, 5.7503, 2.0411, 2.4511, 4.4421, 0.8481, 5.6125, 4.3614, 8.4766, 9.4982, 1.9274, 2.8683, 0.062, 2.8152, 3.4362, 8.5194, 5.6629, 3.531, 3.9898, 1.9737, 1.7643, 7.5693, 6.1575, 3.0487, 13.9736, 0.9197]
    ],
    [
      [1.0813, 19.7915, 22.6177, 0.9733, 24.178, 17.8961, 23.1093, 25.0855, 25.7474, 28.7846, 74.99, 0, 0, 0.6602, 27.4015, 8.1315, 12.9214, 46.0142, 25.2015, 39.0117, 21.3239, 44.2395, 47.52, 2.9197, 17.7165, 0, 10.6962, 32.0267, 62.5914, 20.5898, 13.2997, 16.1224, 9.9287, 9.7169, 4.1597, 37.8365, 5.2642, 65.5366, 2.067],
      [0.0014, 0.0029, 0.0005, 0, 0.0083, 0.0084, 0, 0, 0.006, 0.0088, 0, 0, 0, 0.005, 0, 0, 0.0041, 0, 0.0043, 0.0028, 0.0014, 0, 0, 0.021, 0.0153, 0.2613, 0.0028, 0, 0.0069, 0.0033, 0.0033, 0, 0.0127, 0.0008, 0.0011, 0.0074, 0.0016, 0, 0],
      [0.0489, 1.9734, 2.2063, 0.0548, 2.0396, 1.3828, 2.1527, 1.3459, 1.9905, 2.1698, 4.5959, 0, 0, 0.0201, 2.3225, 0.9398, 0.5359, 4.3546, 0.561, 1.5313, 2.2494, 4.3674, 3.9077, 0.5371, 1.3256, 0.1171, 1.1281, 2.6212, 5.2983, 1.915, 0.8642, 1.112, 0.9468, 1.3081, 0.6089, 2.2589, 0.8358, 4.0328, 0.2356],
      [0.2935, 7.9193, 6.8712, 0.3505, 9.3764, 7.9179, 9.5503, 7.5305, 9.4063, 10.8842, 15.7922, 0, 0, 0.9219, 9.3754, 2.4625, 3.577, 16.071, 4.9005, 11.1776, 7.6729, 15.2585, 12.0683, 1.7326, 9.1765, 0.2574, 5.5585, 6.7526, 17.1098, 7.1077, 2.4548, 5.0258, 6.9073, 4.7338, 0.8417, 12.0723, 1.7141, 20.0819, 0.7554],
      [0.362, 8.3105, 9.574, 0.375, 7.8029, 6.3332, 9.4202, 8.3559, 10.7193, 10.5951, 18.047, 0, 0, 0.5997, 8.4225, 2.8103, 2.6017, 13.6659, 3.14, 8.5352, 9.9363, 17.1542, 15.1317, 1.1913, 10.1429, 0.964, 4.8918, 8.4313, 21.3771, 7.0226, 3.508, 5.9656, 3.7913, 4.4565, 2.0713, 10.8411, 2.8423, 16.8486, 0.8579],
      [1.2072, 27.789, 24.3857, 1.2283, 35.4041, 28.338, 40.4361, 20.4051, 27.8027, 25.142, 47.9149, 0, 0, 1.7742, 34.2241, 15.5385, 11.256, 68.6513, 16.1595, 34.4087, 24.4653, 42.4684, 44.9279, 5.551, 22.43, 1.3745, 16.4949, 27.8321, 58.0599, 29.1122, 9.7238, 22.5334, 23.3171, 14.6486, 5.1581, 52.684, 7.2088, 57.6932, 3.0574],
      [0.0056, 0.2135, 0.3445, 0.0181, 0.1907, 0.1236, 0.3312, 0.277, 0.3279, 0.4155, 0.66, 0, 0, 0.019, 0.254, 0.1174, 0.1039, 0.2431, 0.0331, 0.3326, 0.3509, 0.512, 0.4444, 0.0474, 0.1933, 0.0256, 0.2277, 0.336, 0.5566, 0.2494, 0.1462, 0.2409, 0.0961, 0.1352, 0.1592, 0.2998, 0.1331, 0.8069, 0.0268]
    ],
    [
      [0.326, 4.2458, 3.9567, 0.3914, 2.1894, 1.4669, 2.504, 5.4715, 3.6545, 3.3168, 7.537, 0.328, 1.8731, 0.1783, 4.4782, 2.1149, 2.5606, 4.1165, 2.5041, 4.7895, 2.205, 3.8578, 5.1658, 0.2529, 1.5503, 0, 0.5711, 4.8283, 7.3577, 2.4722, 2.1011, 2.0008, 1.9582, 1.2626, 0.5624, 3.6202, 0.5504, 10.8111, 0.9818],
      [0.5942, 7.311, 5.8513, 1.3979, 3.8206, 2.4889, 3.7085, 15.081, 6.562, 5.1144, 6.2887, 0.1818, 0.0858, 0.7473, 4.8165, 2.0853, 2.4252, 4.2149, 0.9732, 4.1315, 3.5615, 5.2302, 5.8433, 0.6164, 3.9005, 0.1756, 1.5956, 3.0223, 9.6709, 3.9052, 2.2341, 2.4999, 3.3483, 2.1126, 0.7981, 4.4489, 2.1718, 36.4784, 1.2363],
      [0.0493, 1.2032, 1.099, 0.075, 0.5237, 0.3225, 0.6623, 0.8309, 0.8033, 0.7115, 1.3116, 0.0861, 0.0582, 0, 1.0772, 0.6977, 0.3061, 1.0971, 0.1667, 0.544, 0.6627, 1.0817, 1.2066, 0.1432, 0.3315, 0.0168, 0.1719, 1.1253, 1.766, 0.6534, 0.3944, 0.3939, 0.5319, 0.4865, 0.247, 0.6166, 0.2534, 1.8818, 0.325],
      [0.4461, 7.3655, 5.2181, 0.6769, 3.6809, 2.8171, 4.4854, 7.1232, 5.7916, 5.452, 6.8705, 1.3542, 0.1278, 1.1772, 6.6385, 2.7947, 3.117, 6.223, 2.1369, 5.9697, 3.4468, 5.7617, 5.6836, 0.6729, 3.4963, 0.0922, 1.2952, 4.4172, 8.6987, 3.7035, 1.7099, 2.7143, 5.9301, 2.6842, 0.4942, 5.0036, 0.7933, 14.2661, 1.5873],
      [1.722, 22.6663, 21.3443, 2.1747, 9.0032, 6.6106, 12.9818, 23.1328, 19.3797, 15.5324, 22.9724, 2.0902, 0.5045, 2.3456, 17.4781, 9.3321, 6.6625, 15.4414, 3.8996, 13.3312, 13.1557, 18.9922, 20.8888, 1.3367, 11.3436, 1.1239, 3.3545, 16.0744, 31.8537, 10.7445, 7.1801, 9.4488, 9.5499, 7.4444, 3.6273, 13.141, 3.8745, 34.9142, 5.3133],
      [0.3982, 6.0067, 4.299, 0.504, 3.2315, 2.3432, 4.4129, 4.4799, 3.9762, 2.9213, 4.8534, 0.4243, 0.0952, 0.5415, 5.6304, 4.0874, 2.2748, 6.1755, 1.6307, 4.2688, 2.5527, 3.7286, 4.919, 0.5172, 1.9876, 0.1134, 0.8923, 4.2333, 6.8637, 3.5242, 1.5712, 2.8251, 4.648, 1.928, 0.7364, 5.0728, 0.7735, 9.5642, 1.4872],
      [0.4641, 11.2014, 14.2316, 1.7802, 4.5507, 2.9508, 8.2451, 13.8808, 10.8327, 11.9516, 15.1663, 0.5355, 0.2555, 1.0101, 9.8811, 6.8878, 4.6538, 7.7315, 1.689, 8.9654, 8.4157, 10.3478, 11.2928, 5.4608, 4.3902, 0.4781, 3.1194, 11.2993, 15.7893, 6.9969, 5.8091, 7.1172, 5.0335, 4.0818, 7.5346, 7.0969, 3.583, 30.0842, 3.0692]
    ]
  ],
  "V_est": [
    [5.5506, 0.7277, 7.0944, 933.7962, 138.358, 3792.1335, 1.3397],
    [25.2774, 1321.2998, 0.7799, 227.1915, 550.1908, 57.4873, 26.7733],
    [201.7402, 403.9091, 372.9276, 498.246, 7686.9599, 950.6446, 657.5726],
    [107.46, 15.1618, 196.3759, 873.9682, 479.4448, 7689.7092, 105.8801],
    [31.7071, 0.7806, 1346.0112, 61.2204, 385.9832, 1526.726, 159.5715],
    [847.152, 0.3913, 65.896, 271.6602, 277.0961, 930.8061, 8.9983],
    [110.1128, 170.7297, 23.915, 151.9175, 451.9672, 120.4933, 287.8645]
  ],
  "p_est": [
    [0.0011, 0.0001, 0.0015, 0.1914, 0.0284, 0.7772, 0.0003],
    [0.0114, 0.5981, 0.0004, 0.1028, 0.2491, 0.026, 0.0121],
    [0.0187, 0.0375, 0.0346, 0.0463, 0.7136, 0.0883, 0.061],
    [0.0113, 0.0016, 0.0207, 0.0923, 0.0506, 0.8122, 0.0112],
    [0.009, 0.0002, 0.3833, 0.0174, 0.1099, 0.4347, 0.0454],
    [0.3527, 0.0002, 0.0274, 0.1131, 0.1154, 0.3875, 0.0037],
    [0.0836, 0.1296, 0.0182, 0.1154, 0.3432, 0.0915, 0.2186]
  ],
  "EI_Z": {},
  "EI_V": 9.3923,
  "MAE_Z": {},
  "MAE_V": 132.4854,
  "MAE_p": 0.0373,
  "runtime": 0.045
}
