{
  "X": [
    [20, 26, 35, 154, 12],
    [1, 2, 6, 14, 1],
    [2, 7, 11, 34, 1],
    [94, 133, 328, 621, 45],
    [9, 14, 46, 89, 16],
    [30, 38, 164, 218, 54],
    [35, 59, 212, 339, 29],
    [89, 116, 310, 670, 56],
    [117, 100, 240, 601, 73],
    [104, 139, 370, 803, 95],
    [74, 42, 116, 481, 19],
    [62, 116, 124, 1337, 37],
    [44, 69, 91, 662, 23],
    [19, 25, 46, 309, 18],
    [2, 2, 10, 11, 3],
    [1, 5, 27, 20, 4],
    [6, 31, 44, 233, 12],
    [21, 27, 74, 566, 31],
    [30, 32, 72, 444, 12],
    [56, 75, 298, 384, 25],
    [27, 60, 327, 247, 38],
    [58, 73, 474, 415, 42],
    [50, 74, 382, 415, 39],
    [62, 129, 620, 633, 77],
    [7, 0, 12, 14, 5],
    [5, 10, 8, 34, 6],
    [32, 28, 105, 201, 18],
    [2, 13, 12, 32, 0],
    [65, 64, 186, 1111, 45],
    [41, 41, 150, 349, 25],
    [20, 45, 206, 187, 16],
    [53, 57, 155, 377, 16],
    [28, 58, 211, 371, 30],
    [1, 2, 10, 35, 3],
    [0, 0, 1, 1, 0],
    [370, 393, 1883, 3673, 187],
    [54, 123, 402, 580, 60],
    [139, 330, 765, 1361, 154],
    [9, 61, 90, 289, 10]
  ],
  "W": [
    [16, 15, 43, 154, 13, 6],
    [1, 2, 4, 15, 0, 2],
    [7, 3, 10, 30, 3, 2],
    [69, 105, 297, 617, 94, 39],
    [10, 12, 43, 94, 7, 8],
    [22, 47, 149, 217, 36, 33],
    [26, 51, 198, 342, 29, 28],
    [69, 121, 262, 661, 83, 45],
    [78, 83, 226, 606, 90, 48],
    [69, 110, 335, 809, 117, 71],
    [65, 26, 117, 463, 41, 20],
    [55, 101, 120, 1305, 66, 29],
    [35, 60, 71, 642, 57, 24],
    [25, 14, 43, 300, 20, 15],
    [3, 1, 9, 11, 3, 1],
    [1, 5, 23, 20, 3, 5],
    [5, 36, 33, 230, 9, 13],
    [30, 31, 66, 537, 34, 21],
    [28, 30, 60, 425, 41, 6],
    [48, 59, 256, 382, 70, 23],
    [22, 47, 290, 253, 62, 25],
    [48, 82, 386, 414, 96, 36],
    [41, 63, 331, 397, 94, 34],
    [61, 103, 534, 614, 143, 66],
    [3, 1, 9, 20, 3, 2],
    [4, 4, 15, 32, 7, 1],
    [30, 26, 90, 185, 37, 16],
    [2, 5, 16, 33, 2, 1],
    [51, 61, 163, 1072, 68, 56],
    [33, 36, 132, 342, 48, 15],
    [15, 40, 178, 195, 33, 13],
    [55, 36, 126, 367, 50, 24],
    [37, 29, 178, 358, 65, 31],
    [1, 0, 9, 33, 5, 3],
    [0, 0, 2, 0, 0, 0],
    [357, 376, 1628, 3487, 443, 215],
    [56, 102, 350, 577, 78, 56],
    [104, 286, 705, 1338, 191, 125],
    [17, 67, 56, 283, 22, 14]
  ],
  "method": "mvn_pdf",
  "cond_prob": [
    [
      [0.70675933295, 0.087847699399, 0.017330002651, 0.15978810406, 0.028274860942],
      [0.057449084943, 0.78273516337, 0.040406882774, 0.025340047187, 0.09406882173],
      [0.036586927369, 0.22430487069, 0.7105200874, 0.018913142356, 0.0096749721884],
      [0.018375662902, 0.0018675816681, 0.0074433634504, 0.96429199006, 0.0080214019212],
      [0.24163937568, 0.16688662261, 0.16128158927, 0.1037756915, 0.32641672094],
      [0.047618758508, 0.1251943748, 0.053552387658, 0.066662341243, 0.70697213779]
    ],
    [
      [0.70610251735, 0.069487043594, 0.13195668413, 0.081430464639, 0.011023290285],
      [0.015593635581, 0.68475461571, 0.26722990799, 0.0062582891788, 0.026163551534],
      [0.00017961079939, 0.019618544564, 0.97625077074, 0, 0.0039510738983],
      [0.015058848824, 0.01814266457, 0.027560878686, 0.9233692881, 0.015868319819],
      [0.031319367648, 0.058779441657, 0.8456020332, 0.018487341771, 0.045811815724],
      [0.018054517966, 0.10519478909, 0.50758361832, 0.027756817742, 0.34141025689]
    ],
    [
      [0.25103702874, 0.20167737278, 0.081804062852, 0.45515308777, 0.010328447858],
      [0.0074660459159, 0.90104401977, 0.053590306447, 0.025155932572, 0.012743695291],
      [0, 0.1420914556, 0.84074986991, 0.015578051696, 0.001580622796],
      [0, 0, 0.0094484711076, 0.98811188767, 0.0024396412259],
      [0.061039812958, 0.2754354846, 0.39622343845, 0.18834032548, 0.078960938517],
      [0.018611611095, 0.31895266072, 0.19348874653, 0.18715123224, 0.28179574942]
    ],
    [
      [0.69489648762, 0.074898472266, 0.044052854832, 0.17035631246, 0.015795872824],
      [0.068780283111, 0.72134569896, 0.11861563618, 0.031208883494, 0.060049498247],
      [0.018377598417, 0.094306485307, 0.87504249694, 0.0095256082228, 0.0027478111092],
      [0.015029794038, 0.010120079439, 0.015561127125, 0.95552888898, 0.0037601104185],
      [0.22782001345, 0.12919487734, 0.37872755428, 0.10282407865, 0.16143347628],
      [0.068810300288, 0.1459813693, 0.19016625862, 0.10032277278, 0.49471929901]
    ],
    [
      [0.5692539984, 0.092250073694, 0.069304857603, 0.13516907647, 0.13402199383],
      [0.063091275731, 0.53519346075, 0.10951097351, 0.015178310972, 0.27702597904],
      [0.0088905843293, 0.078045018481, 0.90385231049, 0.0092120866989, 0],
      [0.017181330572, 0.02770778953, 0.032401574626, 0.92270930527, 0],
      [0.06825902717, 0.063114794878, 0.2380111588, 0.031843115712, 0.59877190344],
      [0.0094014146325, 0.031613269932, 0.051918033037, 0.014059158759, 0.89300812364]
    ],
    [
      [0.65162917779, 0.048929587903, 0.053436097323, 0.18304198789, 0.062963149101],
      [0.10318578358, 0.49159421806, 0.15046936146, 0.035152560506, 0.2195980764],
      [0.014876990649, 0.055747196995, 0.91955750773, 0.0098183046282, 0],
      [0.012865382613, 0.010567306414, 0.023166131717, 0.95340117926, 0],
      [0.13813020699, 0.055351255791, 0.2987959597, 0.072038560453, 0.43568401706],
      [0.025250884098, 0.037167811054, 0.089532487485, 0.041713165399, 0.80633565197]
    ],
    [
      [0.66731336876, 0.070430028655, 0.057869087967, 0.18131857758, 0.023068937037],
      [0.06365615842, 0.66552890053, 0.15276342797, 0.032157512462, 0.085894000614],
      [0.014054064126, 0.069687584696, 0.90568329973, 0.0074463274851, 0.0031287239615],
      [0.014405294022, 0.010195475245, 0.016617968602, 0.9538170205, 0.0049642416278],
      [0.18228383758, 0.1025850027, 0.42294555149, 0.091962471104, 0.20022313713],
      [0.050280063953, 0.10596021236, 0.19394318873, 0.082106368961, 0.56771016599]
    ],
    [
      [0.6775828028, 0.057474800603, 0.049608145326, 0.19547608483, 0.019858166441],
      [0.077703249897, 0.63861533907, 0.15485788198, 0.04137000634, 0.087453522709],
      [0.016541398558, 0.066515052723, 0.904014223, 0.0098266672252, 0.0031026584918],
      [0.013031092421, 0.0078758645266, 0.01400456465, 0.96098601189, 0.0041024665082],
      [0.20757953552, 0.092565546098, 0.39984813837, 0.11017590326, 0.18983087675],
      [0.059293186867, 0.098798936427, 0.18984655794, 0.10167641631, 0.55038490246]
    ],
    [
      [0.77784609826, 0.048713157258, 0.027052551405, 0.12367326958, 0.022714923502],
      [0.10568478755, 0.64286634673, 0.10040634308, 0.031498266644, 0.119544256],
      [0.031140517285, 0.098242014759, 0.85304694109, 0.01161992645, 0.0059506004171],
      [0.018213490172, 0.012955672772, 0.012823624249, 0.94917288963, 0.0068343231743],
      [0.28966398216, 0.095350573247, 0.26438391959, 0.085163474664, 0.26543805034],
      [0.071068263003, 0.087647548491, 0.10837284939, 0.067698783886, 0.66521255523]
    ],
    [
      [0.69862075203, 0.069548899861, 0.042507542467, 0.16176666158, 0.02755614407],
      [0.07034849296, 0.67681676094, 0.11612820428, 0.030072068083, 0.10663447374],
      [0.019522741747, 0.091277125177, 0.87563621619, 0.0093545899781, 0.0042093269038],
      [0.0165543688, 0.0114543245, 0.015130628059, 0.95174143336, 0.0051192452839],
      [0.2092620381, 0.10938901493, 0.3338163539, 0.08913834865, 0.25839424442],
      [0.051275670177, 0.1001180564, 0.1360218756, 0.070540547073, 0.64204385075]
    ],
    [
      [0.71965097567, 0.042393569717, 0.020822504897, 0.20717277871, 0.0099601710055],
      [0.11509703982, 0.67012582322, 0.092397686745, 0.061523655065, 0.060855795148],
      [0.036876193774, 0.10552824979, 0.83085605242, 0.023275963606, 0.0034635404104],
      [0.0094273811977, 0.0061561032143, 0.0041618225278, 0.97726073299, 0.0029939600741],
      [0.32841715646, 0.10218057694, 0.25402904989, 0.17445525163, 0.14091796509],
      [0.10428339825, 0.1217330948, 0.1345962159, 0.17932409606, 0.46006319499]
    ],
    [
      [0.54039478745, 0.07236072497, 0.026035488482, 0.34567727836, 0.015531720741],
      [0.056910223662, 0.7386919173, 0.074583081709, 0.067218735868, 0.062596041462],
      [0.033782266375, 0.14032106877, 0.79232060807, 0.02959058887, 0.0039854679155],
      [0.0060103426595, 0.0055907366986, 0, 0.98572849071, 0.0026704299307],
      [0.1981310643, 0.13923821109, 0.25242080795, 0.23284021771, 0.17736969895],
      [0.053666714508, 0.14096947943, 0.11368657198, 0.20360868816, 0.48806854592]
    ],
    [
      [0.57649352462, 0.06886183542, 0.032721261393, 0.30943490325, 0.012488475309],
      [0.06208897667, 0.72796637525, 0.09639954351, 0.061614062245, 0.051931042325],
      [0.019994515615, 0.11163573492, 0.84383952942, 0.021935830532, 0.0025943895125],
      [0.008277902647, 0.0061826692031, 0.0039800093783, 0.98034925216, 0.0012101666082],
      [0.20813771826, 0.13118872185, 0.3131480793, 0.20588498138, 0.14164049922],
      [0.062479749558, 0.1474452205, 0.15639875463, 0.19982611901, 0.4338501563]
    ],
    [
      [0.50588231773, 0.094174334069, 0.0368762219, 0.33375872854, 0.029308397767],
      [0.0389350871, 0.74487279337, 0.079400249416, 0.047872578588, 0.088919291529],
      [0.014695691661, 0.13068862692, 0.82913098452, 0.020135984554, 0.0053487123375],
      [0.0062397952366, 0.0066381691315, 0.0039097988261, 0.97924075962, 0.0039714771831],
      [0.14145315257, 0.14133285248, 0.27921491435, 0.17324317222, 0.26475590837],
      [0.031662298237, 0.11864691962, 0.10377471275, 0.12552513462, 0.62039093478]
    ],
    [
      [0.61213972296, 0.14313643571, 0.08024252082, 0.16250659302, 0.0019747274883],
      [0.020728052296, 0.59977109418, 0.11801628907, 0.01295163569, 0.24853292876],
      [0, 0.056612315153, 0.94338768485, 0, 0],
      [0, 0.024496404501, 0.029383943694, 0.9461196518, 0],
      [0.046452812385, 0.058753650598, 0.26575524139, 0.028618619045, 0.60041967658],
      [0.0034943416766, 0.015587361002, 0.030277880048, 0.0063565582494, 0.94428385902]
    ],
    [
      [0.51209835761, 0.091212343036, 0.13476291389, 0.23054612757, 0.031380257896],
      [0.024266544173, 0.63525404012, 0.23931179602, 0.023732187883, 0.077435431796],
      [0.000867213773, 0.038470114943, 0.95362389658, 0.0010022366661, 0.006036538039],
      [0.0032007091367, 0.0091287569646, 0.022726190963, 0.9572298616, 0.0077144813385],
      [0.064370141914, 0.080202610559, 0.62452935962, 0.063526698411, 0.16737118949],
      [0.017899679254, 0.084904368335, 0.28144331731, 0.058512832505, 0.5572398026]
    ],
    [
      [0.46354623754, 0.080155859057, 0.062837089516, 0.37076626349, 0.022694550403],
      [0.037739561982, 0.68240979188, 0.14729174903, 0.057376817345, 0.075182079755],
      [0.0080843084585, 0.070839799481, 0.90434722467, 0.014019628364, 0.0027090390291],
      [0.0027760742924, 0.0056858026464, 0.009629363368, 0.97882992361, 0.0030788360856],
      [0.11334168898, 0.10728253151, 0.42633992391, 0.17068536506, 0.18235049053],
      [0.030637701059, 0.10934441706, 0.1913877141, 0.15006960053, 0.51856056726]
    ],
    [
      [0.41183554915, 0.0424931882, 0.034003853599, 0.48077380492, 0.030893604129],
      [0.05386500659, 0.55013203142, 0.12264615005, 0.11622730924, 0.1571295027],
      [0.01396004731, 0.068322355083, 0.87722629915, 0.034019920698, 0.0064713777622],
      [0.0026095316116, 0.0014836433111, 0.00042584328381, 0.99269893987, 0.0027820419237],
      [0.12069507334, 0.065949184039, 0.26598251441, 0.25972471881, 0.28764850939],
      [0.026133534737, 0.05346891567, 0.095658793504, 0.18183111192, 0.64290764417]
    ],
    [
      [0.54495453972, 0.049367174889, 0.032892441105, 0.35989118124, 0.012894663051],
      [0.072191837447, 0.65251817251, 0.12054131454, 0.088284422994, 0.066464252504],
      [0.019113756083, 0.081516565375, 0.87081710021, 0.025755415603, 0.0027971627304],
      [0.0070201463658, 0.0038298129866, 0.0028276857064, 0.98464947898, 0.0016728759565],
      [0.19746355859, 0.094964429331, 0.31885463911, 0.24083440313, 0.14788296984],
      [0.058187381952, 0.10499464722, 0.15648992863, 0.22982503373, 0.45050300846]
    ],
    [
      [0.64689318982, 0.078729629579, 0.073065341516, 0.1850469788, 0.016264860289],
      [0.057360313718, 0.67986231118, 0.17693310931, 0.03025205249, 0.055592213305],
      [0.01163310871, 0.062916640862, 0.91769264664, 0.0063672084792, 0.0013903953082],
      [0.01454855838, 0.011529614187, 0.019957685321, 0.95116480177, 0.0027993403453],
      [0.16800412605, 0.10792350944, 0.50277314262, 0.088528860241, 0.13277036165],
      [0.055171931515, 0.13232535132, 0.27419725397, 0.093951915581, 0.44435354761]
    ],
    [
      [0.58753839283, 0.095215668934, 0.1029871851, 0.17601796911, 0.03824078403],
      [0.040148588746, 0.64168912214, 0.19428040515, 0.022128634354, 0.1017532496],
      [0.0060591119851, 0.055240434468, 0.93236370875, 0.0025384952651, 0.0037982495304],
      [0.011614876849, 0.014097789837, 0.031598287767, 0.93409213262, 0.0085969129258],
      [0.10926826973, 0.094336989271, 0.51066535881, 0.060347659265, 0.22538172292],
      [0.0286733058, 0.092420255325, 0.22248033186, 0.051381232419, 0.60504487459]
    ],
    [
      [0.62319017538, 0.061311423252, 0.10517854254, 0.18862708418, 0.021692774648],
      [0.058775094796, 0.5613418093, 0.26920947547, 0.032784733996, 0.077888886443],
      [0.0086438915467, 0.032237621235, 0.95052736846, 0.0051406606554, 0.0034504580979],
      [0.01383855634, 0.0049555933197, 0.029586924661, 0.94547638419, 0.006142541494],
      [0.13164112015, 0.067752750606, 0.58529529683, 0.073306514481, 0.14200431793],
      [0.043446161459, 0.084095050895, 0.32042648434, 0.078016897658, 0.47401540564]
    ],
    [
      [0.58523213879, 0.066313735974, 0.073229963126, 0.25527028865, 0.019953873456],
      [0.057034833344, 0.62803073546, 0.19441237547, 0.045875098512, 0.074646957219],
      [0.010117017676, 0.05283784336, 0.92556306177, 0.0091522879152, 0.0023297892775],
      [0.0091443573919, 0.0063256522086, 0.015371106272, 0.96593729829, 0.0032215858405],
      [0.14782561853, 0.088168240751, 0.48787820458, 0.1186527549, 0.15747518124],
      [0.045224615642, 0.100787523, 0.24780405855, 0.11717391996, 0.48900988285]
    ],
    [
      [0.53666364971, 0.087560051011, 0.091153892131, 0.25635117269, 0.028271234457],
      [0.041010026023, 0.64938753133, 0.19015431442, 0.036350842163, 0.083097286068],
      [0.0056078971351, 0.056920511062, 0.92659552213, 0.0075716860596, 0.0033043836172],
      [0.0061467419769, 0.0092652093301, 0.019614359223, 0.9597996364, 0.0051740530696],
      [0.11293769016, 0.097046773719, 0.50509316386, 0.09944970827, 0.18547266399],
      [0.032131490165, 0.10317941036, 0.23909349067, 0.091467823253, 0.53412778555]
    ],
    [
      [0.94035526263, 0, 0.017145297837, 0.02774908515, 0.014750354386],
      [0.18256216219, 0, 0.31509378715, 0.010332656706, 0.49201139395],
      [0, 0, 0.92278838022, 0.077211619778, 0],
      [0.16570169569, 0, 0.13381328744, 0.65468774432, 0.04579727255],
      [0.22216267976, 0, 0.19922967281, 0.027532408888, 0.55107523854],
      [0.0079250484051, 0, 0.027210065047, 0.017581698417, 0.94728318813]
    ],
    [
      [0.5768490794, 0.12907083416, 0.0098989175477, 0.216850072, 0.06733109689],
      [0.026480655562, 0.80463969689, 0.012763886938, 0.021026175095, 0.13508958552],
      [0.1169116138, 0.34347607234, 0.49007642345, 0.039259674103, 0.010276216308],
      [0, 0, 0.0060582132423, 0.99394178676, 0],
      [0.11722768284, 0.14991066733, 0.050738184298, 0.089170229785, 0.59295323575],
      [0.012413073211, 0.063642119427, 0.0091723164921, 0.029271115324, 0.88550137555]
    ],
    [
      [0.61324309493, 0.046767037075, 0.04309238241, 0.28040251674, 0.016494968847],
      [0.080009566249, 0.61217601425, 0.15628414257, 0.067823953087, 0.083706323846],
      [0.01702873494, 0.061216615397, 0.90296199172, 0.015594980112, 0.003197677829],
      [0.0088921054508, 0.0039477864522, 0.0079286605575, 0.97618726977, 0.0030441777672],
      [0.20038409231, 0.08157951437, 0.37808212907, 0.16957427594, 0.17037998831],
      [0.058163835076, 0.088883412882, 0.1825887867, 0.15950377436, 0.51086019098]
    ],
    [
      [0.39418085632, 0.45887377465, 0.03222125451, 0.11472411452, 0],
      [0.00659221098, 0.95950468845, 0.02566820507, 0.0082348955029, 0],
      [0.050005521256, 0.32692053829, 0.60088712774, 0.022186812714, 0],
      [0, 0, 0.053940788045, 0.94605921196, 0],
      [0.11682544682, 0.66284186809, 0.16724671778, 0.053085967314, 0],
      [0.14493799873, 0.72831665966, 0.078482980734, 0.048262360874, 0]
    ],
    [
      [0.57952918278, 0.040467894594, 0.031258574677, 0.33562223425, 0.013122113698],
      [0.089354536541, 0.60635727271, 0.13134416471, 0.095426584054, 0.077517441989],
      [0.022047869052, 0.071678613755, 0.87699103983, 0.02615490198, 0.0031275753826],
      [0.0073061778247, 0.0025918743006, 0.0033579639435, 0.98446989715, 0.0022740867769],
      [0.21934345041, 0.080503630455, 0.31191797152, 0.2335726304, 0.15466231721],
      [0.065214375677, 0.089499885308, 0.15418070966, 0.22436297833, 0.46674205102]
    ],
    [
      [0.65618361846, 0.054179551008, 0.04603748585, 0.22173497453, 0.021864370157],
      [0.076679632878, 0.62716550877, 0.14851296077, 0.048115272398, 0.099526625185],
      [0.017035828269, 0.066830792341, 0.90079307729, 0.011787026981, 0.0035532751156],
      [0.011459887215, 0.0066483073663, 0.010932926139, 0.96712008105, 0.0038387982341],
      [0.20029371516, 0.087890440847, 0.37479489686, 0.12527706139, 0.21174388574],
      [0.053557648034, 0.087999308816, 0.16669295916, 0.10842278723, 0.58332729676]
    ],
    [
      [0.62362761859, 0.09459326044, 0.10884564959, 0.1496101506, 0.023323320774],
      [0.043526749723, 0.66114489777, 0.21175674216, 0.019603781186, 0.063967829152],
      [0.0074381727988, 0.051604172974, 0.93384638334, 0.0037167590546, 0.0033945118333],
      [0.015608792206, 0.015956596786, 0.034049000694, 0.92701901827, 0.007366592041],
      [0.12212506917, 0.099736518726, 0.57756339207, 0.054741272392, 0.14583374764],
      [0.038975323948, 0.11899391553, 0.3056340201, 0.056534063819, 0.4798626766]
    ],
    [
      [0.63119175446, 0.088747310677, 0.058358757255, 0.21888800475, 0.0028141728545],
      [0.052679365827, 0.74009937528, 0.13474543231, 0.034255475578, 0.038220351007],
      [0.013546646795, 0.085560343807, 0.89132205327, 0.0095709561284, 0],
      [0.011057141369, 0.0098158897233, 0.015960305535, 0.96316666337, 0],
      [0.18265596336, 0.13774342907, 0.45285227317, 0.1183985988, 0.1083497356],
      [0.062097907826, 0.17521308756, 0.25553367857, 0.12999694784, 0.3771583782]
    ],
    [
      [0.47544442513, 0.12198144614, 0.08244494453, 0.29619834688, 0.023930837322],
      [0.029103432569, 0.74118381456, 0.13909452643, 0.033844107217, 0.056774119228],
      [0.0052714740517, 0.083499528385, 0.89866839561, 0.0098287194193, 0.00273188253],
      [0.0028411299145, 0.0092549819505, 0.01681988421, 0.96687895659, 0.0042050473346],
      [0.10291245625, 0.14023493386, 0.47490097884, 0.11889979219, 0.16305183885],
      [0.029670973511, 0.15164147029, 0.2278302966, 0.11091990477, 0.47993735483]
    ],
    [
      [0.37764402851, 0.066187567683, 0.042109900432, 0.4921986017, 0.021859901671],
      [0.024160173282, 0.74719912231, 0.096340187158, 0.063356280787, 0.068944236459],
      [0.011703717258, 0.091466903287, 0.87368676197, 0.019816512726, 0.0033261047571],
      [0, 0.0095866036244, 0, 0.98825163938, 0.002161756999],
      [0.091365786251, 0.10622968441, 0.34496751175, 0.24024611466, 0.21719090293],
      [0.020064528305, 0.087701320359, 0.12329056102, 0.17197270369, 0.59697088663]
    ],
    [
      [0.45525375258, 0.031249747483, 0.015940611932, 0.47877675661, 0.018779131401],
      [0.041978825076, 0.71849552853, 0.058759265833, 0.088616394334, 0.09214998623],
      [0, 0, 0.5, 0.5, 0],
      [0.0013715666296, 0.00089124095646, 0.00095583319745, 0.99601668952, 0.00076466969974],
      [0.15096233652, 0.073818343172, 0.19349729142, 0.33928709658, 0.24243493231],
      [0.03265067817, 0.06435299323, 0.070286615766, 0.25321620672, 0.57949350611]
    ],
    [
      [0.57276595504, 0.050220321191, 0.057284875847, 0.30559851522, 0.014130332696],
      [0.07163184875, 0.59904862979, 0.19204427048, 0.069937471147, 0.067337779836],
      [0.013060818675, 0.051129753381, 0.92055001223, 0.013795964379, 0.0014634513336],
      [0.0082767377347, 0.0031981200165, 0.011837916234, 0.97584089296, 0.00084633305798],
      [0.17253030331, 0.078837624204, 0.44814511349, 0.16830254448, 0.13218441452],
      [0.055972359387, 0.095408883769, 0.24129364895, 0.17595251145, 0.43137259644]
    ],
    [
      [0.55828874802, 0.10167199806, 0.084618808249, 0.22621946145, 0.029200984224],
      [0.039030973944, 0.69144861404, 0.16159117518, 0.02930728561, 0.07862195122],
      [0.0075024325976, 0.069680407314, 0.91280827878, 0.0068889003356, 0.0031199809727],
      [0.0085188817045, 0.011735920048, 0.020072773972, 0.95403709585, 0.0056353284237],
      [0.12000032148, 0.11506223244, 0.47950097749, 0.089511015575, 0.19592545301],
      [0.033096420363, 0.11864262354, 0.21987647268, 0.079821221204, 0.54856326221]
    ],
    [
      [0.60598274037, 0.088692911324, 0.052125754022, 0.22584192026, 0.02735667403],
      [0.050714576851, 0.71004529481, 0.11751534763, 0.034665817031, 0.087058963679],
      [0.014244765891, 0.094549123612, 0.87678614195, 0.010683577189, 0.0037363913597],
      [0.011092037469, 0.0090873446089, 0.013433233848, 0.96198506019, 0.0044023238804],
      [0.16416818679, 0.12549020483, 0.36840440057, 0.11210020777, 0.22983700003],
      [0.041868770066, 0.1193468364, 0.15597115751, 0.092151555849, 0.59066168017]
    ],
    [
      [0.39125671549, 0.11778502238, 0.11820558841, 0.35571723295, 0.017035440766],
      [0.0043547504149, 0.72161835764, 0.19633258644, 0.040540730824, 0.037153574683],
      [0.0024103694666, 0.058735156185, 0.92974634252, 0.0084839744485, 0.00062415737932],
      [0, 0.0095741278405, 0.018022279926, 0.97240359223, 0],
      [0.071728928491, 0.11629200995, 0.58974695363, 0.12169744215, 0.10053466578],
      [0.024560745856, 0.14943953667, 0.33540630897, 0.13527965543, 0.35531375307]
    ]
  ],
  "expected_outcome": [
    [
      [11.3081493272, 0.70610251735, 1.7572592012, 47.9478576459, 5.692539984, 14.3358419113, 17.3501475879, 46.7532133929, 60.6719956641, 48.2048318898, 46.7773134187, 29.7217133098, 20.1772733619, 12.6470579432, 1.8364191689, 0.51209835761, 2.3177311877, 12.3550664746, 15.2587271121, 31.0508731114, 12.9258446423, 29.9131284181, 23.9945176906, 32.7364826323, 2.8210657879, 2.3073963176, 18.3972928479, 0.78836171264, 29.5559883216, 21.654059409, 9.3544142789, 34.7155464955, 17.5914437296, 0.37764402851, 0, 204.4774459497, 31.2641698889, 63.0222049982, 6.6513641633],
      [1.4055631904, 0.069487043594, 1.4117416094, 5.1679945864, 0.92250073694, 1.0764509339, 1.831180745, 3.9657612416, 3.7996262661, 4.7988740904, 2.7555820316, 3.9798398734, 2.4101642397, 2.3543583517, 0.42940930713, 0.091212343036, 0.40077929529, 1.274795646, 1.3822808969, 3.7790222198, 2.0947447166, 2.9429483161, 2.7188631749, 5.3411631117, 0, 0.51628333664, 1.4030111122, 0.9177475493, 2.0638626243, 1.7879251832, 1.4188989066, 4.8811020872, 4.5133135072, 0.066187567683, 0, 17.9286546653, 5.6936318913, 9.2240627776, 2.0023453805],
      [0.27728004242, 0.13195668413, 0.57262843996, 3.0396469834, 0.69304857603, 1.1755941411, 1.5045962871, 3.4229620275, 2.1100990096, 2.9330204302, 1.3534628183, 1.4319518665, 1.1452441488, 0.9219055475, 0.24072756246, 0.13476291389, 0.31418544758, 1.020115608, 0.92098835095, 3.5071363928, 2.2657180721, 5.0485700421, 3.0024284882, 5.56038742, 0.051435893511, 0.039595670191, 1.2927714723, 0.064442509019, 1.5941873085, 1.519237033, 1.6326847439, 3.209731649, 3.0504629476, 0.042109900432, 0, 20.4507006772, 4.7386532619, 5.4210784183, 2.0094950031],
      [2.5566096649, 0.081430464639, 3.1860716144, 11.7545855595, 1.3516907647, 4.0269237335, 4.714283017, 13.4878498535, 9.6465150271, 11.1618996487, 13.466230616, 19.0122503095, 10.8302216139, 8.3439682134, 0.48751977907, 0.23054612757, 1.8538313174, 14.4232141475, 10.0769530746, 8.8822549822, 3.8723953204, 9.0541000406, 10.4660818346, 15.6374215341, 0.083247255451, 0.867400288, 8.4120755021, 0.22944822905, 17.116733947, 7.3172541595, 2.2441522589, 12.0388402613, 10.9593388346, 0.4921986017, 0, 109.0986699353, 12.6682898414, 23.4875597068, 6.0471929601],
      [0.45239777508, 0.011023290285, 0.072299135007, 1.0899152248, 1.3402199383, 1.3851892802, 0.59979236296, 1.3702134844, 1.7717640332, 1.9013739408, 0.64741111536, 0.85424464076, 0.4370966358, 0.73270994417, 0.005924182465, 0.031380257896, 0.11347275201, 0.92680812388, 0.36105056543, 0.78071329388, 0.84129724866, 1.0412531831, 0.81810881169, 1.7245453019, 0.044251063159, 0.26932438756, 0.49484906541, 0, 0.66922779861, 0.72152421519, 0.34984981161, 0.154779507, 0.88544098092, 0.021859901671, 0, 5.0445287724, 1.6352551166, 2.8450940991, 0.28960249303]
    ],
    [
      [0.86173627414, 0.031187271161, 0.022398137748, 7.2219297267, 0.75709530877, 4.8497318281, 3.2464640794, 9.4020932375, 8.7718373669, 7.7383342256, 2.9925230354, 5.7479325898, 3.7253386002, 0.5450912194, 0.020728052296, 0.12133272087, 1.3586242313, 1.6698152043, 2.1657551234, 3.3842585093, 1.886983671, 4.8195577733, 3.5931945007, 4.2240326804, 0.18256216219, 0.10592262225, 2.0802487225, 0.0329610549, 5.450626729, 2.7604667836, 1.7410699889, 1.8964571698, 0.84399954449, 0, 0, 26.9335751301, 3.9811593423, 14.5043689795, 0.2917682778],
      [11.7410274505, 1.3695092314, 2.7031320593, 75.7412983912, 6.422321529, 23.1049282488, 33.941973927, 77.2724560275, 53.3579067786, 74.4498437037, 17.4232714037, 74.6078836473, 43.677982515, 10.4282191071, 0.59977109418, 3.1762702006, 24.5667525078, 17.0540929741, 19.5755451754, 40.1118763594, 30.1593887408, 46.0300283625, 39.5659363337, 66.886915727, 0, 3.2185587876, 15.9165763706, 4.7975234422, 36.9877936351, 22.5779583156, 26.445795911, 26.6435775099, 21.4943306223, 0, 0, 225.2422847998, 70.5277586324, 203.0729543163, 48.3484299619],
      [0.6061032416, 0.53445981599, 0.16077091934, 12.4546417993, 1.3141316821, 7.0720599887, 7.7909348267, 18.7378037201, 8.3337264755, 12.7741024704, 2.4023398554, 7.5328912526, 5.7839726106, 1.1116034918, 0.11801628907, 1.1965589801, 5.3025029653, 3.8020306514, 3.6162394363, 10.4390534493, 9.1311790422, 22.0751769883, 12.2479796546, 19.5858943849, 0.31509378715, 0.051055547754, 4.0633877067, 0.12834102535, 8.0119940473, 5.3464665878, 8.4702696866, 4.8508355632, 4.0337412664, 0, 0, 72.2086457006, 16.4822998686, 33.6093894212, 13.1542832914],
      [0.3801007078, 0.012516578358, 0.075467797716, 3.2769327668, 0.18213973166, 1.6521703438, 1.6400331356, 5.0057707671, 2.6143561314, 3.3079274891, 1.5996150317, 6.7890923227, 3.6968437347, 0.67021610024, 0.01295163569, 0.11866093941, 2.0655654244, 3.6030465863, 2.6485326898, 1.7848710969, 1.0400458146, 2.6883481877, 2.8901312063, 3.7441367428, 0.010332656706, 0.08410470038, 1.7634227803, 0.041174477515, 5.8210216273, 1.7321498063, 0.78415124745, 1.2331971208, 0.98147910928, 0, 0, 26.2964891512, 2.9893431322, 9.9144236708, 2.7162289652],
      [1.4110323259, 0.052327103068, 0.038231085874, 6.305197316, 3.3243117485, 10.3211095906, 4.3805940313, 10.5818762478, 9.9221732476, 11.7297921111, 1.5822506739, 6.3222001876, 3.1158625395, 1.2448700814, 0.24853292876, 0.38717715898, 2.7065548712, 4.8710145839, 1.9939275751, 3.279940585, 4.7824027313, 6.3868886883, 4.7027583048, 8.559020465, 0.49201139395, 0.54035834206, 2.17636442, 0, 4.7285639613, 3.5829585067, 2.5587131661, 1.3759326363, 1.6464494576, 0, 0, 25.3190052183, 8.0194390244, 24.8988636122, 2.4892895037]
    ],
    [
      [1.5732378769, 0.00071844319758, 0, 5.4581467299, 0.38229512616, 2.2166716068, 2.782704697, 4.3338464221, 7.0377569064, 6.5401184853, 4.3145146716, 4.053871965, 1.4196106086, 0.63191474142, 0, 0.019945916779, 0.26678217913, 0.92136312247, 1.146825365, 2.9780758298, 1.7571424757, 3.336542137, 3.3487328509, 2.9946170701, 0, 1.7536742071, 1.5325861446, 0.8000883401, 3.5938026554, 2.2487293315, 1.3239947582, 1.7068774962, 0.9383223812, 0.10533345532, 0, 21.2630128034, 2.6258514092, 10.042559953, 0.13498069013],
      [9.6451094395, 0.078474178255, 1.420914556, 28.0090261363, 3.3559357947, 8.3063323523, 13.7981417699, 17.4269438135, 22.2026953354, 30.5778369344, 12.3468052259, 16.838528252, 7.9261371796, 5.6196109576, 0.50951083638, 0.8848126437, 2.3377133829, 4.5092754354, 4.8909939225, 16.1066600606, 16.0197259958, 12.4437217967, 17.489326152, 30.3955529069, 0, 5.1521410851, 5.5094953857, 5.2307286126, 11.6836140421, 8.821664589, 9.1855427894, 10.7806033197, 14.8629160525, 0.82320212959, 0, 83.2392385049, 24.3881425598, 66.6571321462, 3.2891687463],
      [30.5523637582, 3.905003083, 8.4074986991, 259.8876215922, 38.8656493511, 137.0140686513, 179.3252933467, 236.8517264266, 192.788608686, 293.3381324248, 97.2101581326, 95.0784729687, 59.9126065885, 35.6526323346, 8.4904891636, 21.9333496213, 29.843458414, 57.8969357437, 52.2490260125, 234.92931754, 270.3854755378, 366.9035642275, 306.3613734463, 494.8020088156, 8.305095422, 7.3511463517, 81.266579255, 9.6141940439, 142.9495394923, 118.9046862028, 166.2246562344, 112.3065787119, 159.9629744194, 7.8631808577, 1, 1498.6554199121, 319.4828975731, 618.1342300737, 52.0657951812],
      [0.81326512132, 0, 0.15578051696, 2.8291056422, 0.39611972805, 1.4629273896, 1.4743728421, 2.574586813, 2.6261033778, 3.1337876427, 2.7232877419, 3.5508706644, 1.5574439678, 0.86584733584, 0, 0.02305144332, 0.46264773602, 2.2453147661, 1.5453249362, 1.6300053707, 0.73616362688, 1.984295013, 3.0294072999, 4.0432803558, 0.694904578, 0.58889511155, 1.4035482101, 0.35498900342, 4.2632490228, 1.5558875614, 0.66158311171, 1.2059404722, 1.7495120566, 0.17834861453, 1, 22.4598300085, 2.4111151175, 7.5319219186, 0.47510256911],
      [0.4160238041, 0.015804295593, 0.01580622796, 0.81609989942, 0, 0, 0.61948734437, 0.81289652484, 1.3448356943, 1.4101245128, 0.40523422802, 0.47825614987, 0.18420165539, 0.22999463051, 0, 0.1388403749, 0.08939828796, 0.42711093231, 0.16782976382, 0.35594119889, 1.1014923638, 1.3318768258, 0.77116025086, 1.7645408516, 0, 0.15414324462, 0.28779100461, 0, 0.50979478736, 0.46903231526, 0.60422310633, 0, 0.48627509034, 0.029934942814, 0, 2.3824987711, 1.0919933404, 2.6341559086, 0.034952813242]
    ],
    [
      [2.8298520869, 0.22588273236, 0, 9.2733829217, 1.6150450738, 2.7917880271, 4.9266105554, 8.6135520904, 11.0373750443, 13.3924843594, 4.3648774945, 7.8434971707, 5.3144134993, 1.871938571, 0, 0.064014182734, 0.63849708726, 1.4013184754, 2.9835622055, 5.557549301, 2.9385638428, 5.7291623246, 3.6303098846, 3.7740995738, 3.3140339138, 0, 1.6450395084, 0, 7.832222628, 3.9192814276, 3.0437144801, 4.0579708826, 1.0171245094, 0, 0, 28.8609844808, 4.9153947435, 14.8411461339, 0],
      [0.28760757689, 0.27213996855, 0, 6.2440890137, 2.6045322158, 2.2931054917, 3.4868525338, 5.2059464521, 7.8511377, 9.2665485207, 2.8502757882, 7.2959113917, 3.9692736284, 1.9914507395, 0.26946044952, 0.18257513929, 1.3077346087, 0.79671645807, 1.6276705193, 4.4043126192, 3.5667408289, 2.0516156344, 2.5112839268, 5.6888385287, 0, 0, 0.73034049367, 0, 2.7784892503, 2.2737211193, 3.1115363732, 3.6024315285, 3.3132835383, 0.31635791961, 0, 11.1518444975, 6.7716258675, 12.1588670866, 2.7094781789],
      [1.1462779714, 0.41341318029, 0.28345413323, 9.601215436, 3.0457480149, 5.0270505825, 5.6833452617, 9.2570172334, 7.7711162946, 12.2406781, 1.9269238304, 0, 2.5551660209, 1.1729396478, 0.32322338063, 0.45452381926, 2.2147535747, 0.2286778434, 1.2017664252, 7.6238357928, 7.994366805, 12.2489868097, 6.1023291899, 12.0432165627, 2.6762657488, 0.19386282375, 1.4668022031, 1.7800460055, 3.5997373474, 3.7390607395, 6.6395551353, 5.8574321314, 6.0215185473, 0, 0, 41.2788139079, 11.5819905818, 17.973666888, 5.100305219],
      [148.500966469, 13.8505393215, 29.64335663, 589.5613245003, 86.7346746956, 206.8880558987, 326.2054210124, 635.2117538622, 575.1987711174, 769.9588195853, 452.4717193725, 1286.375680378, 629.384219889, 293.7722278868, 10.4073161699, 19.1445972319, 225.1308824297, 533.0793307101, 418.4760285685, 363.344954275, 236.3253095532, 391.4272230528, 383.47710742, 589.31697675, 13.0937548863, 31.8061371762, 180.5946449078, 31.2199539945, 1055.3517297494, 330.7550677175, 180.7687085633, 353.4821654576, 346.1426664592, 32.6123040994, 0, 3402.7571937406, 550.4794043067, 1287.1360105394, 275.1902166021],
      [1.2352958959, 0.23802479728, 0.073189236776, 2.3199881282, 0, 0, 1.6977706367, 2.7117303619, 4.1415998436, 4.1414694346, 1.3862035143, 3.4849110596, 0.77692696244, 1.1914431549, 0, 0.15428962677, 0.7081322997, 1.493956513, 0.71097228152, 1.0693480119, 2.1750189702, 2.5430121785, 1.2789695787, 3.1768685848, 0.91594545101, 0, 0.56317288694, 0, 2.4378210248, 1.3128689961, 1.436485448, 0, 1.5054069458, 0.071337980967, 0, 2.9511633732, 3.2515845005, 5.8903093519, 0]
    ],
    [
      [3.1413118839, 0, 0.18311943887, 21.4150812646, 0.47781319019, 4.9726874516, 5.2862312897, 17.229101448, 26.0697583942, 24.4836584573, 13.4651034148, 13.0766502439, 11.8638499406, 2.8290630515, 0.13935843715, 0.19311042574, 1.0200752008, 4.1036324937, 8.0960059023, 11.7602888235, 6.7746327232, 12.6375475345, 13.8956081415, 16.1500896924, 0.66648803929, 0.82059377988, 7.4142114154, 0.23365089364, 14.915354628, 9.6140983277, 4.0301272825, 9.1327981681, 6.6893096564, 0.45682893126, 0, 76.4309243678, 9.3600250758, 31.3561236771, 1.5780364268],
      [2.1695260939, 0, 0.82630645379, 12.1443184698, 0.44180356415, 1.9926452085, 2.9749650782, 7.6829403262, 8.5815515923, 12.7985147465, 4.1894036545, 9.1897219321, 7.4777571452, 2.8266570497, 0.17626095179, 0.24060783168, 0.96554278359, 2.2422722573, 3.8935416026, 7.5546456605, 5.8488933348, 6.5042640581, 8.2878146306, 13.8776886419, 0, 1.0493746713, 3.0184420317, 1.3256837362, 5.474246871, 4.2187411606, 3.2913051179, 6.8871714533, 9.1152707009, 0.53114842205, 0, 34.9250675222, 8.9748541305, 23.9686291233, 2.558424219],
      [2.0966606605, 0, 1.1886703153, 35.6003901026, 1.6660781116, 10.7566545493, 12.2654209933, 33.187395485, 23.7945527635, 39.0565134069, 10.4151910454, 16.6597733248, 17.84944052, 5.5842982871, 0.79726572417, 1.8735880789, 3.8370593152, 9.0434054899, 13.0730402033, 35.1941199837, 31.6612522463, 56.1883484961, 45.8605512305, 72.2283224325, 0.59768901842, 0.35516729009, 13.9890387756, 0.33449343556, 21.2104220635, 17.9901550494, 19.0595919385, 22.6426136587, 30.8685636248, 1.7248375588, 0, 198.528285277, 37.4010762444, 70.3652405097, 12.9744329798],
      [1.3490839895, 0, 0.56502097644, 9.6654633927, 0.22290180999, 2.5933881763, 2.666911662, 9.1445999704, 7.6647127198, 10.429186792, 7.1526653167, 15.3674543687, 11.7354439385, 3.4648634445, 0.085855857135, 0.19058009523, 1.5361682856, 8.8306404396, 9.8742105285, 6.1970202168, 3.7415548745, 7.0374253902, 11.1533589605, 14.2213082826, 0.082597226664, 0.6241916085, 6.27424821, 0.10617193463, 15.8829388669, 6.0132989468, 1.8064619889, 5.91992994, 7.7284864924, 1.2012305733, 0, 74.5580272028, 6.9818592148, 21.4111396833, 2.6773437274],
      [4.2434173722, 0, 0.23688281555, 15.1747467703, 4.1914033241, 15.6846246143, 5.8064709768, 15.7559627705, 23.8894245303, 30.2321265973, 5.7776365686, 11.7064001305, 8.0735084557, 5.2951181673, 1.8012590297, 0.50211356848, 1.6411544148, 9.7800493194, 6.0632017633, 9.2939253153, 13.9736668212, 13.6324145211, 14.8026670369, 26.5225909507, 1.6532257156, 4.1506726502, 6.3040595673, 0, 10.5170375705, 10.1637065155, 4.8125136721, 5.4174867799, 10.5983695255, 1.0859545147, 0, 58.5576956302, 15.2821853344, 43.8988670065, 2.2117626471]
    ],
    [
      [0.28571255105, 0.036109035932, 0.037223222191, 2.6836017112, 0.07521131706, 0.83327917522, 1.4078417907, 2.668193409, 3.4112766241, 3.6405725826, 2.085667965, 1.5563347207, 1.4995139894, 0.47493447355, 0.0034943416766, 0.089498396271, 0.39829011376, 0.54880422947, 0.34912429171, 1.2689544248, 0.71683264501, 1.5640618125, 1.5376369318, 2.1206783509, 0.01585009681, 0.012413073211, 0.93062136122, 0.14493799873, 3.6520050379, 0.80336472052, 0.50667921132, 1.4903497878, 0.91980017884, 0.060193584915, 0, 12.0340572682, 1.8533995403, 5.2335962583, 0.34385044198],
      [0.75116624878, 0.21038957817, 0.63790532144, 5.6932734026, 0.25290615946, 1.2265377648, 2.9668859461, 4.4459521392, 4.2070823276, 7.1083820042, 2.4346618961, 4.0881149035, 3.5386852921, 1.7797037944, 0.015587361002, 0.42452184167, 1.4214774218, 1.1228472291, 0.62996788334, 3.0434830804, 2.3105063831, 3.0274218322, 3.426775782, 6.8098410839, 0, 0.063642119427, 1.4221346061, 0.72831665966, 5.0119935772, 1.3199896322, 1.5469209019, 4.2051141014, 4.700885579, 0.26310396108, 0, 20.5129100104, 6.6439869184, 14.9183545498, 2.0921535134],
      [0.32131432595, 1.0151672366, 0.38697749305, 7.4164840864, 0.4153442643, 2.954572087, 5.4304092844, 8.5430951074, 5.2018967708, 9.6575531677, 2.691924318, 3.2969105874, 3.7535701112, 1.5566206912, 0.030277880048, 1.4072165865, 2.4880402833, 2.0088346636, 0.93893957178, 6.3065368414, 5.5620082966, 11.5353534364, 8.4253379906, 15.7801703844, 0.054420130093, 0.0091723164921, 2.9214205872, 0.078482980734, 8.6341197409, 2.5003943874, 3.9732422613, 6.1328082858, 7.0627391946, 0.36987168307, 0, 51.8781345251, 12.3130824702, 19.4963946891, 4.6956883256],
      [0.39997404746, 0.055513635484, 0.37430246449, 3.9125881384, 0.11247327008, 1.3765344582, 2.2989783309, 4.5754387338, 3.2495416265, 5.0083788422, 3.5864819211, 5.9046519567, 4.7958268561, 1.8828770192, 0.0063565582494, 0.29256416252, 1.9509048068, 3.8184533504, 1.3789502024, 2.1608940584, 1.2845308105, 2.8086083157, 3.9839132786, 6.0368763347, 0.035163396835, 0.029271115324, 2.5520603897, 0.048262360874, 12.5643267866, 1.6263418084, 0.73494282965, 3.1199267482, 3.4385170478, 0.51591811106, 0, 37.8297899616, 4.4699883874, 11.5189444811, 1.8939151761],
      [4.2418328268, 0.68282051377, 0.56359149883, 19.2940526613, 7.1440649891, 26.6090765148, 15.8958846478, 24.7673206106, 31.930202651, 45.5851134033, 9.2012638999, 14.1539878316, 10.4124037512, 9.3058640217, 0.94428385902, 2.786199013, 6.7412873744, 13.5010605275, 2.7030180508, 10.220131595, 15.1261218648, 17.0645546032, 16.626336017, 35.2524338461, 1.8945663763, 0.88550137555, 8.1737630557, 0, 26.1375548574, 8.7499094514, 6.2382147958, 9.0518010768, 14.8780579999, 1.7909126599, 0, 92.7451082347, 30.7195426837, 73.8327100217, 4.9743925429]
    ]
  ],
  "prob": [
    [0.60565798656, 0.067616924389, 0.055171907205, 0.25054951157, 0.02100367027],
    [0.062094549022, 0.65779032113, 0.1516275971, 0.046992706896, 0.081494825856],
    [0.013754067522, 0.070535591998, 0.90137151488, 0.011491957295, 0.002846868302],
    [0.009809980771, 0.0071345445095, 0.012178571467, 0.96770188455, 0.0031750186998],
    [0.17327321512, 0.10060717401, 0.40997196444, 0.13096979006, 0.18517785636],
    [0.049385777178, 0.10681918516, 0.19396510272, 0.12027471336, 0.52955522158]
  ],
  "iterations": 102,
  "time": 4.450926,
  "message": "Converged",
  "status": 0,
  "miniter": 0,
  "maxiter": 1000,
  "maxtime": 3600,
  "param_threshold": 0.001,
  "ll_threshold": "-Inf",
  "initial_prob": "random",
  "adjust_prob_cond_method": "project_lp",
  "adjust_prob_cond_every": true,
  "candidates_id": ["BLAIR, Callum Ross.c", "MAYNE, Nicholas Robert.c", "RETZLAFF, Hermann Paul.c", "BENNETT, Paula Lee.c", "Other candidates votes.c"],
  "group_id": ["Conservative.p", "Green Party.p", "Labour Party.p", "National Party.p", "New Zealand First Party.p", "Other parties votes.p"]
}
