{
  "X": [
    [16, 8, 77, 4],
    [8, 16, 37, 2],
    [7, 22, 69, 2],
    [28, 49, 142, 9],
    [1, 3, 8, 2],
    [48, 227, 865, 37],
    [209, 527, 2146, 113],
    [189, 294, 1774, 91],
    [6, 7, 52, 4],
    [17, 45, 148, 6],
    [5, 32, 57, 5],
    [75, 116, 540, 27],
    [35, 44, 291, 17],
    [1, 3, 4, 1],
    [17, 63, 257, 11],
    [80, 558, 1531, 129],
    [94, 469, 1798, 104],
    [48, 274, 1061, 65],
    [17, 70, 229, 22],
    [2, 12, 39, 1],
    [23, 81, 284, 16],
    [13, 47, 144, 6],
    [1, 0, 34, 2],
    [6, 13, 93, 2],
    [4, 7, 5, 0],
    [3, 19, 101, 8],
    [1, 7, 18, 1],
    [0, 13, 45, 5],
    [0, 1, 6, 4],
    [1, 3, 24, 3],
    [9, 34, 173, 13],
    [10, 56, 181, 8],
    [1, 5, 17, 0],
    [6, 59, 208, 13],
    [3, 11, 31, 2],
    [119, 554, 1656, 92],
    [20, 89, 301, 8],
    [27, 132, 244, 17],
    [0, 3, 4, 0],
    [0, 1, 7, 0],
    [4, 27, 110, 5],
    [57, 207, 1091, 60],
    [4, 16, 38, 2],
    [0, 4, 23, 1],
    [96, 255, 1068, 46],
    [44, 157, 559, 39],
    [0, 0, 7, 0],
    [11, 70, 160, 13],
    [4, 15, 44, 1],
    [34, 135, 399, 35],
    [26, 82, 333, 20],
    [8, 15, 89, 2],
    [6, 38, 137, 4],
    [7, 38, 66, 3],
    [1, 10, 14, 2],
    [13, 46, 148, 10],
    [36, 113, 301, 25],
    [13, 72, 257, 24],
    [22, 160, 346, 24],
    [15, 134, 395, 25],
    [6, 86, 242, 19],
    [4, 40, 112, 13],
    [1, 8, 35, 2],
    [3, 1, 6, 0],
    [5, 39, 103, 10],
    [0, 0, 9, 1],
    [1, 8, 21, 0],
    [4, 42, 90, 6],
    [0, 2, 4, 1],
    [2, 11, 33, 3],
    [0, 4, 21, 3],
    [0, 3, 7, 3],
    [2, 4, 21, 1],
    [1, 4, 4, 1],
    [0, 5, 14, 3],
    [8, 5, 36, 4],
    [10, 72, 220, 20],
    [1, 0, 6, 1],
    [0, 4, 4, 0],
    [16, 109, 258, 15],
    [3, 33, 95, 4],
    [27, 149, 362, 20],
    [6, 13, 46, 3],
    [3, 11, 41, 4],
    [12, 91, 292, 17],
    [8, 25, 143, 8],
    [2, 1, 6, 0],
    [0, 1, 5, 1],
    [0, 2, 4, 0],
    [24, 112, 276, 18],
    [2, 26, 62, 11],
    [17, 44, 106, 12],
    [20, 103, 249, 17],
    [123, 185, 1573, 47],
    [305, 777, 2991, 223],
    [129, 402, 1435, 126],
    [3, 2, 20, 3]
  ],
  "W": [
    [5, 49, 31, 11, 9],
    [5, 12, 24, 16, 6],
    [4, 24, 38, 27, 7],
    [18, 84, 68, 46, 12],
    [3, 4, 3, 2, 2],
    [62, 214, 607, 224, 70],
    [177, 761, 1425, 475, 157],
    [98, 701, 1128, 281, 140],
    [2, 28, 27, 7, 5],
    [11, 63, 88, 44, 10],
    [8, 21, 37, 29, 4],
    [31, 223, 350, 110, 44],
    [26, 128, 167, 39, 27],
    [0, 2, 2, 4, 1],
    [17, 83, 170, 61, 17],
    [139, 334, 1130, 520, 175],
    [121, 429, 1272, 476, 167],
    [78, 199, 801, 272, 98],
    [12, 75, 156, 74, 21],
    [5, 10, 24, 12, 3],
    [22, 96, 184, 76, 26],
    [13, 54, 93, 37, 13],
    [3, 12, 18, 4, 0],
    [5, 35, 61, 12, 1],
    [2, 4, 6, 3, 1],
    [4, 8, 95, 16, 8],
    [1, 3, 11, 8, 4],
    [1, 8, 35, 12, 7],
    [1, 1, 4, 3, 2],
    [1, 4, 16, 4, 6],
    [8, 22, 150, 33, 16],
    [21, 53, 110, 59, 12],
    [2, 6, 10, 5, 0],
    [11, 46, 156, 57, 16],
    [4, 16, 14, 11, 2],
    [157, 390, 1227, 518, 129],
    [34, 89, 188, 89, 18],
    [44, 95, 165, 95, 21],
    [3, 1, 2, 1, 0],
    [1, 1, 5, 0, 1],
    [5, 17, 93, 25, 6],
    [58, 242, 811, 226, 78],
    [8, 11, 23, 15, 3],
    [0, 6, 16, 4, 2],
    [88, 354, 706, 238, 79],
    [63, 131, 395, 146, 64],
    [0, 1, 4, 1, 1],
    [32, 30, 116, 63, 13],
    [4, 12, 31, 14, 3],
    [50, 108, 267, 132, 46],
    [24, 104, 218, 81, 34],
    [4, 33, 55, 15, 7],
    [8, 44, 89, 36, 8],
    [16, 23, 46, 27, 2],
    [6, 5, 5, 7, 4],
    [14, 49, 88, 52, 14],
    [39, 103, 186, 106, 41],
    [28, 58, 178, 71, 31],
    [57, 77, 232, 147, 39],
    [43, 66, 265, 139, 56],
    [29, 49, 158, 85, 32],
    [13, 27, 71, 43, 15],
    [4, 10, 23, 6, 3],
    [1, 5, 3, 1, 0],
    [18, 29, 54, 47, 9],
    [1, 0, 7, 0, 2],
    [2, 9, 10, 6, 3],
    [9, 13, 68, 41, 11],
    [2, 1, 1, 1, 2],
    [10, 6, 20, 8, 5],
    [1, 3, 12, 7, 5],
    [1, 2, 5, 2, 3],
    [3, 1, 17, 3, 4],
    [0, 0, 4, 5, 1],
    [1, 2, 11, 4, 4],
    [0, 21, 21, 8, 3],
    [25, 32, 158, 73, 34],
    [1, 2, 4, 1, 0],
    [1, 1, 4, 2, 0],
    [27, 42, 179, 113, 37],
    [4, 13, 73, 35, 10],
    [48, 70, 247, 156, 37],
    [9, 8, 29, 16, 6],
    [6, 10, 21, 18, 4],
    [34, 52, 204, 95, 27],
    [7, 34, 97, 30, 16],
    [0, 2, 5, 2, 0],
    [0, 0, 5, 1, 1],
    [1, 1, 2, 1, 1],
    [29, 76, 183, 101, 41],
    [9, 16, 36, 24, 16],
    [15, 33, 75, 45, 11],
    [36, 71, 165, 95, 22],
    [65, 592, 977, 189, 105],
    [202, 826, 2170, 738, 360],
    [148, 339, 1021, 379, 205],
    [3, 6, 14, 3, 2]
  ],
  "method": "mcmc",
  "mcmc_stepsize": 3000,
  "mcmc_samples": 1000,
  "burn_in": 10000,
  "cond_prob": [
    [
      [0.23815776823, 0.072940711252, 0.66924862832, 0.019652892201],
      [0.17097958065, 0.085800957038, 0.71806272027, 0.025156742047],
      [0.13669439819, 0.078885944597, 0.74374872318, 0.040670934032],
      [0.12280067305, 0.040021746693, 0.79773945364, 0.039438126623],
      [0.093653106644, 0.060594005859, 0.73748212852, 0.10827075898]
    ],
    [
      [0.19569167094, 0.20923711214, 0.54134953965, 0.053721677267],
      [0.13073666278, 0.2715311478, 0.57370176424, 0.02403042519],
      [0.13205985064, 0.24156179138, 0.59702030135, 0.029358056632],
      [0.10666563404, 0.28219833974, 0.58993025142, 0.021205774806],
      [0.096102521999, 0.23046403949, 0.60690997929, 0.066523459222]
    ],
    [
      [0.081758874167, 0.20566424467, 0.7017028647, 0.010874016467],
      [0.078334472441, 0.2006749166, 0.7024478291, 0.018542781855],
      [0.066190329235, 0.22496897914, 0.68924713782, 0.019593553805],
      [0.069263335217, 0.25554880899, 0.66203704872, 0.013150807081],
      [0.058227800419, 0.13035799615, 0.75257844146, 0.058835761976]
    ],
    [
      [0.22159730178, 0.16681282769, 0.61144316882, 0.00014670170776],
      [0.11916901095, 0.22616094622, 0.61891646471, 0.035753578121],
      [0.11767579155, 0.23516367351, 0.61775912841, 0.029401406522],
      [0.10868713584, 0.19573715344, 0.65212401548, 0.043451695227],
      [0.083290797818, 0.16706756347, 0.58330954012, 0.1663320986]
    ],
    [
      [0.096704989745, 0.23017725765, 0.56002173781, 0.11309601479],
      [0.065754812825, 0.21538433108, 0.59801211987, 0.12084873623],
      [0.067358864592, 0.20749272694, 0.58610301588, 0.13904539259],
      [0.066169312868, 0.22841307582, 0.55790602835, 0.14751158296],
      [0.056225279976, 0.18431328513, 0.52688260138, 0.23257883351]
    ],
    [
      [0.08064516129, 0.17741935484, 0.72580645161, 0.016129032258],
      [0.03738317757, 0.20093457944, 0.73364485981, 0.028037383178],
      [0.039538714992, 0.19275123558, 0.73640856672, 0.031301482702],
      [0.040178571429, 0.19196428571, 0.73660714286, 0.03125],
      [0.028571428571, 0.18571428571, 0.72857142857, 0.057142857143]
    ],
    [
      [0.079096045198, 0.17514124294, 0.71186440678, 0.033898305085],
      [0.069645203679, 0.17739816032, 0.7161629435, 0.03679369251],
      [0.069473684211, 0.17614035088, 0.71719298246, 0.037192982456],
      [0.069473684211, 0.17473684211, 0.71789473684, 0.037894736842],
      [0.063694267516, 0.17197452229, 0.71337579618, 0.050955414013]
    ],
    [
      [0.091836734694, 0.12244897959, 0.75510204082, 0.030612244898],
      [0.081312410842, 0.12553495007, 0.75463623395, 0.038516405136],
      [0.079787234043, 0.12588652482, 0.75620567376, 0.038120567376],
      [0.078291814947, 0.12455516014, 0.75800711744, 0.039145907473],
      [0.078571428571, 0.12142857143, 0.75, 0.05]
    ],
    [
      [0.18164150675, 0.12774018962, 0.63727135773, 0.0533469459],
      [0.10265904114, 0.097855573898, 0.74916421642, 0.050321168548],
      [0.077578858961, 0.1098900687, 0.76218264137, 0.050348430972],
      [0.050974586311, 0.08553519694, 0.81053170026, 0.052958516485],
      [0.062162507709, 0.087757063651, 0.6992412012, 0.15083922744]
    ],
    [
      [0.1766220844, 0.1831930448, 0.63937208938, 0.00081278141463],
      [0.093654928943, 0.20553399996, 0.68488962674, 0.01592144435],
      [0.068424138096, 0.21523872585, 0.69302466831, 0.023312467746],
      [0.069626825426, 0.20718475125, 0.70069406868, 0.022494354648],
      [0.0071992076955, 0.19790975802, 0.60021506986, 0.19467596442]
    ],
    [
      [0.14937617647, 0.31232901871, 0.51902964186, 0.019265162964],
      [0.048006375399, 0.32134258554, 0.59126576189, 0.039385277169],
      [0.035529672319, 0.33281535532, 0.59049948468, 0.04115548768],
      [0.042465410527, 0.31669720939, 0.57801110134, 0.06282627875],
      [0.062690480959, 0.31369658369, 0.4550947484, 0.16851818695]
    ],
    [
      [0.12903225913, 0.12903225764, 0.7096774185, 0.03225806473],
      [0.10313901301, 0.156950673, 0.7085201794, 0.031390134589],
      [0.097142857314, 0.15714285701, 0.7114285715, 0.034285714171],
      [0.090909090971, 0.14545454533, 0.72727272709, 0.036363636606],
      [0.090909090909, 0.13636363622, 0.70454545485, 0.06818181803]
    ],
    [
      [0.15384512732, 0.076923109748, 0.73076780429, 0.038463958639],
      [0.085937990091, 0.12499901063, 0.74999877584, 0.039064223439],
      [0.089819492358, 0.11377120815, 0.75449504342, 0.041914256069],
      [0.076927474291, 0.10257817385, 0.76921495116, 0.051279400701],
      [0.074071749517, 0.11110315719, 0.74074586795, 0.074079225346]
    ],
    [
      [0, 0, 0, 0],
      [0.13998169266, 0.34128129885, 0.43190573355, 0.08683127494],
      [0.10579600677, 0.35024424496, 0.44563340368, 0.098326344594],
      [0.10089819291, 0.33358851581, 0.45491693813, 0.11059635314],
      [0.10485182949, 0.28259484913, 0.42525397302, 0.18729934835]
    ],
    [
      [0.11898715416, 0.176547803, 0.70439233976, 7.2703084637e-05],
      [0.05958554497, 0.17951446706, 0.73709381653, 0.023806171441],
      [0.046931561379, 0.18277249203, 0.74087761091, 0.029418335689],
      [0.033222182923, 0.18074069704, 0.75208351292, 0.033953607118],
      [0.0015705620037, 0.17661649526, 0.70707384176, 0.11473910098]
    ],
    [
      [0.043165467626, 0.24460431655, 0.6618705036, 0.05035971223],
      [0.032934131737, 0.24550898204, 0.66766467066, 0.053892215569],
      [0.034513274336, 0.24247787611, 0.66725663717, 0.055752212389],
      [0.034615384615, 0.24230769231, 0.66538461538, 0.057692307692],
      [0.034285714286, 0.24, 0.66285714286, 0.062857142857]
    ],
    [
      [0.04132231405, 0.19008264463, 0.72727272727, 0.04132231405],
      [0.039627039627, 0.19114219114, 0.72727272727, 0.041958041958],
      [0.037735849057, 0.19103773585, 0.72955974843, 0.041666666667],
      [0.03781512605, 0.18907563025, 0.73109243697, 0.042016806723],
      [0.035928143713, 0.18562874251, 0.73053892216, 0.047904191617]
    ],
    [
      [0.051282051282, 0.17948717949, 0.73076923077, 0.038461538462],
      [0.030150753769, 0.20100502513, 0.72864321608, 0.040201005025],
      [0.032459425718, 0.18851435705, 0.73533083645, 0.043695380774],
      [0.033088235294, 0.1875, 0.73161764706, 0.047794117647],
      [0.030612244898, 0.18367346939, 0.72448979592, 0.061224489796]
    ],
    [
      [0.16666217188, 0.16666866725, 0.66665861425, 1.0546614951e-05],
      [0.053331830695, 0.22666438337, 0.666671191, 0.053332594932],
      [0.044872079589, 0.20512897254, 0.68589744765, 0.064101500217],
      [0.040541812696, 0.20270447134, 0.67567454755, 0.08107916842],
      [0.047620384759, 0.19047126879, 0.6666589977, 0.095249348749]
    ],
    [
      [0.038300451411, 0.23817712321, 0.71493641112, 0.0085860142623],
      [0.031053060447, 0.23216617092, 0.72285320838, 0.013927560256],
      [0.040405779648, 0.21701686879, 0.72372771944, 0.018849632117],
      [0.036067016085, 0.22371824637, 0.71738511582, 0.022829621718],
      [0.031808077966, 0.19814295573, 0.7395664014, 0.030482564904]
    ],
    [
      [0.13633331361, 0.18186663188, 0.68175462047, 4.5434037636e-05],
      [0.05209438052, 0.21872905681, 0.69792699698, 0.031249565684],
      [0.054351164163, 0.19564914402, 0.71196157847, 0.038038113342],
      [0.052618066109, 0.19736987737, 0.69737994599, 0.05263211053],
      [0.038462282321, 0.19236121019, 0.69225385786, 0.076922649629]
    ],
    [
      [0.22014546909, 0.16298234212, 0.61584333839, 0.0010288503967],
      [0.056105108682, 0.23880362634, 0.68554896775, 0.019542297232],
      [0.054177009097, 0.23633945368, 0.68755014877, 0.021933388454],
      [0.051495374302, 0.212957678, 0.70737542024, 0.028171527461],
      [0.012664795212, 0.1636023425, 0.68148753521, 0.14224532708]
    ],
    [
      [0.036676583339, 0, 0.9124143336, 0.05090908306],
      [0.02797412341, 0, 0.91891310821, 0.05311276838],
      [0.026079010614, 0, 0.9195996187, 0.054321370686],
      [0.021214644502, 0, 0.92075164102, 0.058033714478],
      [0, 0, 0, 0]
    ],
    [
      [0.11409129187, 0.16866708103, 0.70423996147, 0.013001665627],
      [0.040225847701, 0.11585719412, 0.8297805362, 0.014136421983],
      [0.054784654326, 0.10343058672, 0.8241541024, 0.017630656554],
      [0.05131804784, 0.13174779306, 0.79860556666, 0.018328592446],
      [0.06395838316, 0.21142349426, 0.57981437927, 0.14480374331]
    ],
    [
      [0.33309719998, 0.39736511844, 0.26953768159, 0],
      [0.25283126215, 0.43842227403, 0.30874646382, 0],
      [0.23748725257, 0.44780389785, 0.31470884957, 0],
      [0.23332380896, 0.44091235971, 0.32576383134, 0],
      [0.19758560913, 0.44202020079, 0.36039419008, 0]
    ],
    [
      [0.17058301512, 0.050750833392, 0.77564747176, 0.0030186797319],
      [0.0026913409002, 0.20810037653, 0.73901768164, 0.050190600935],
      [0.02137363763, 0.14437474165, 0.77641676354, 0.05783485718],
      [0.016074610078, 0.12314020394, 0.77350106299, 0.087284122992],
      [0.0010559845259, 0.18079374181, 0.73120738947, 0.086942884201]
    ],
    [
      [0.058756142211, 0.22773058942, 0.68451192564, 0.029001342734],
      [0.037077942746, 0.2328716666, 0.70030459724, 0.029745793419],
      [0.038058772561, 0.26319303593, 0.66745896961, 0.0312892219],
      [0.03222022276, 0.27368980822, 0.65463056173, 0.039459407292],
      [0.038400437327, 0.24725313744, 0.65887028079, 0.055476144444]
    ],
    [
      [0, 0.17061351511, 0.7832691234, 0.046117361482],
      [0, 0.19700502287, 0.73925165703, 0.063743320098],
      [0, 0.20845099551, 0.71414280071, 0.077406203785],
      [0, 0.20866215379, 0.70141886502, 0.089918981189],
      [0, 0.20765937339, 0.69867045933, 0.093670167284]
    ],
    [
      [0, 0.11149297154, 0.60109953896, 0.2874074895],
      [0, 0.10803159187, 0.58329788958, 0.30867051855],
      [0, 0.083695975017, 0.57013823913, 0.34616578585],
      [0, 0.097389503326, 0.5476354896, 0.35497500707],
      [0, 0.076761513275, 0.44607157305, 0.47716691367]
    ],
    [
      [0.049283628534, 0.12741986684, 0.76287497059, 0.060421534036],
      [0.041432103916, 0.11332447172, 0.75711149989, 0.088131924469],
      [0.0303619743, 0.086389837613, 0.7984168595, 0.08483132859],
      [0.044412593284, 0.1138702706, 0.74456958798, 0.097147548141],
      [0.020257665644, 0.09692729368, 0.742621821, 0.14019321968]
    ],
    [
      [0.1249263187, 0.124798903, 0.75016208211, 0.00011269618506],
      [0.090757750332, 0.13655533155, 0.72722515176, 0.045461766353],
      [0.0333492567, 0.15997127047, 0.75336039129, 0.053319081543],
      [0.030309239763, 0.12129292231, 0.78771250696, 0.060685330967],
      [8.2845371105e-05, 0.12493965469, 0.75007366135, 0.12490383859]
    ],
    [
      [0.094623882419, 0.2377188285, 0.66693975595, 0.00071753313405],
      [0.037805180325, 0.24532534564, 0.69805877838, 0.018810695654],
      [0.036339056538, 0.21779670963, 0.71847290488, 0.027391328948],
      [0.033898722599, 0.2038029146, 0.72855046763, 0.033747895171],
      [0.00099192162044, 0.16863760515, 0.6650543953, 0.16531607793]
    ],
    [
      [0.057527514106, 0.18777528065, 0.75469720524, 0],
      [0.050984676217, 0.20988082994, 0.73913449384, 0],
      [0.036435363309, 0.2197339767, 0.74383065999, 0],
      [0.042936656279, 0.2335649384, 0.72349840532, 0],
      [0, 0, 0, 0]
    ],
    [
      [0.090294785266, 0.18433016071, 0.72530008203, 7.4971993064e-05],
      [0.021703735215, 0.21712667539, 0.71775672831, 0.043412861084],
      [0.019201845092, 0.21136601037, 0.7245888904, 0.044843254137],
      [0.017767377049, 0.19338838285, 0.75361785185, 0.03522638825],
      [9.8260044859e-06, 0.18676910778, 0.68830032106, 0.12492074516]
    ],
    [
      [0.092826053128, 0.23280307288, 0.63552358006, 0.03884729393],
      [0.069949487893, 0.23950947848, 0.64548418729, 0.045056846333],
      [0.058300020762, 0.22079602038, 0.68775251228, 0.033151446576],
      [0.055698599341, 0.23902970316, 0.65817518055, 0.047096516943],
      [0.040309548886, 0.25808251627, 0.63084826259, 0.070759672253]
    ],
    [
      [0.057324840764, 0.22929936306, 0.68152866242, 0.031847133758],
      [0.048717948718, 0.23333333333, 0.68205128205, 0.035897435897],
      [0.048899755501, 0.22819885901, 0.68541157294, 0.037489812551],
      [0.048262548263, 0.2277992278, 0.6833976834, 0.040540540541],
      [0.046511627907, 0.22480620155, 0.68217054264, 0.046511627907]
    ],
    [
      [0.088230928881, 0.20587507942, 0.70588681033, 7.1813709742e-06],
      [0.05618460243, 0.21348427034, 0.71909162826, 0.011239498966],
      [0.042549575333, 0.22340054238, 0.71809369688, 0.015956185406],
      [0.044947457148, 0.20224958916, 0.74156430766, 0.011238646038],
      [4.1640597006e-06, 0.16670176873, 0.66665861878, 0.16663544843]
    ],
    [
      [0.090908493937, 0.31818174687, 0.5681820298, 0.02272772939],
      [0.063157832493, 0.32631527716, 0.57894782424, 0.0315790661],
      [0.060606139689, 0.31515117379, 0.58787920749, 0.036363479034],
      [0.063158039548, 0.3052641493, 0.57894637246, 0.052631438695],
      [0.047619303528, 0.28571494995, 0.57142727458, 0.095238471943]
    ],
    [
      [0, 0.42922820714, 0.57077179286, 0],
      [0, 0.40156507273, 0.59843492727, 0],
      [0, 0.42344184834, 0.57655815166, 0],
      [0, 0.46386660917, 0.53613339083, 0],
      [0, 0, 0, 0]
    ],
    [
      [0, 0.130820263, 0.869179737, 0],
      [0, 0.11847728792, 0.88152271208, 0],
      [0, 0.12692374804, 0.87307625196, 0],
      [0, 0, 0, 0],
      [0, 0.1160837089, 0.8839162911, 0]
    ],
    [
      [0.017686696176, 0.19667471481, 0.78150458762, 0.0041340013894],
      [0.0095688662764, 0.18166466381, 0.75305671194, 0.055709757972],
      [0.03033562197, 0.17179664131, 0.75748487619, 0.040382860539],
      [0.036540278908, 0.26944216477, 0.68547052237, 0.0085470339493],
      [0.0023626627539, 0.03586423008, 0.95127606905, 0.010497038115]
    ],
    [
      [0.068965517241, 0.13793103448, 0.75862068966, 0.034482758621],
      [0.037190082645, 0.15289256198, 0.76859504132, 0.04132231405],
      [0.039457459926, 0.14549938348, 0.77311960543, 0.041923551171],
      [0.03982300885, 0.14601769912, 0.76991150442, 0.044247787611],
      [0.038461538462, 0.14102564103, 0.76923076923, 0.051282051282]
    ],
    [
      [0.076248778649, 0.27210222988, 0.62565493591, 0.025994055563],
      [0.06057064612, 0.25554479244, 0.6549679393, 0.028916622143],
      [0.068680032982, 0.27634670963, 0.6250007107, 0.029972546679],
      [0.066410776305, 0.26857934036, 0.6280691108, 0.036940772532],
      [0.049310086774, 0.20917500571, 0.66468672408, 0.076828183438]
    ],
    [
      [0, 0, 0, 0],
      [0, 0.14021139247, 0.82909022608, 0.030698381451],
      [0, 0.14519074314, 0.81944825047, 0.035361006384],
      [0, 0.14193851799, 0.82069234449, 0.037369137519],
      [0, 0.13396284146, 0.815758629, 0.050278529539]
    ],
    [
      [0.079545454545, 0.17045454545, 0.72727272727, 0.022727272727],
      [0.064971751412, 0.17514124294, 0.72881355932, 0.031073446328],
      [0.065155807365, 0.17563739377, 0.72804532578, 0.031161473088],
      [0.063025210084, 0.17226890756, 0.73529411765, 0.029411764706],
      [0.063291139241, 0.16455696203, 0.72151898734, 0.050632911392]
    ],
    [
      [0.063492063492, 0.19047619048, 0.69841269841, 0.047619047619],
      [0.06106870229, 0.19847328244, 0.69465648855, 0.045801526718],
      [0.053164556962, 0.2, 0.69873417722, 0.048101265823],
      [0.054794520548, 0.19178082192, 0.70547945205, 0.047945205479],
      [0.046875, 0.1875, 0.703125, 0.0625]
    ],
    [
      [0, 0, 0, 0],
      [0, 0, 1, 0],
      [0, 0, 1, 0],
      [0, 0, 1, 0],
      [0, 0, 1, 0]
    ],
    [
      [0.093648496095, 0.25058755606, 0.6244071889, 0.031356758938],
      [0.033190568892, 0.33312616787, 0.60025213609, 0.033431127146],
      [0.043105177249, 0.27579898335, 0.63787345592, 0.043222383481],
      [0.031709441315, 0.26960931119, 0.6352981283, 0.063383119199],
      [0.00074120726735, 0.23148803818, 0.61494637715, 0.15282437741]
    ],
    [
      [0.067007870014, 0.25293153918, 0.67447461642, 0.0055859743813],
      [0.060170771427, 0.25758031479, 0.66499803373, 0.017250880053],
      [0.064579307024, 0.22572942226, 0.694854236, 0.014837034713],
      [0.061800163285, 0.23320332198, 0.68898551704, 0.0160109977],
      [0.047586153025, 0.211617156, 0.71194885834, 0.028847832642]
    ],
    [
      [0.079999980045, 0.21999988391, 0.66000009934, 0.040000036701],
      [0.055555612456, 0.23148143391, 0.65740741744, 0.055555536197],
      [0.056179751688, 0.22471910506, 0.66292134807, 0.056179795181],
      [0.053030322256, 0.21969703489, 0.66666661595, 0.060606026899],
      [0.043478230739, 0.21739133229, 0.65217392845, 0.086956508516]
    ],
    [
      [0.083333366787, 0.16666676398, 0.7083330363, 0.041666832934],
      [0.067307693639, 0.17307703803, 0.72115374083, 0.038461527497],
      [0.055045872355, 0.18348622224, 0.72018350429, 0.041284401118],
      [0.049382670416, 0.17283944505, 0.74074085169, 0.037037032845],
      [0.029411840631, 0.17647041804, 0.70588250469, 0.08823523664]
    ],
    [
      [0.12613167871, 0.067904904894, 0.80100903762, 0.0049543787827],
      [0.076913030253, 0.14675656155, 0.75190799979, 0.024422408414],
      [0.073653877682, 0.13104883783, 0.77836523787, 0.016932046613],
      [0.05291455055, 0.099275781159, 0.84417482821, 0.0036348400791],
      [0.016094536578, 0.1697987216, 0.78718419292, 0.026922548897]
    ],
    [
      [0.052701556021, 0.2125298047, 0.71280671764, 0.021961921633],
      [0.032898083657, 0.19723576504, 0.75159827889, 0.018267872405],
      [0.025558311221, 0.19305716564, 0.76568355806, 0.015700965082],
      [0.040760692579, 0.26235724854, 0.66644690627, 0.030435152619],
      [0.048599654932, 0.1243049014, 0.76116208685, 0.065933356817]
    ],
    [
      [0.082115216219, 0.32780870967, 0.57080958948, 0.019266484635],
      [0.070082404247, 0.35112979726, 0.56866973567, 0.010118062826],
      [0.0507308642, 0.33828911933, 0.59032118215, 0.020658834317],
      [0.061054037029, 0.32193077567, 0.57498194347, 0.042033243836],
      [0.046091244922, 0.21282243808, 0.55417789765, 0.18690841935]
    ],
    [
      [0.066315527169, 0.38923662396, 0.48803693457, 0.056410914301],
      [0.03497133788, 0.37670042096, 0.53948865199, 0.048839589168],
      [0.023874524034, 0.37383330858, 0.53676882612, 0.06552334127],
      [0.027416915791, 0.36171276347, 0.53018526886, 0.080685051885],
      [0.02898977922, 0.34498056607, 0.49479853001, 0.1312311247]
    ],
    [
      [0.21386123954, 0.14292888948, 0.6427231652, 0.00048670577778],
      [0.040938074339, 0.24468806404, 0.67351382443, 0.040860037195],
      [0.056839930998, 0.21583809791, 0.68190770704, 0.045414264056],
      [0.057566774171, 0.2115794587, 0.69242013718, 0.038433629957],
      [0.00032791565207, 0.1438139958, 0.71328378127, 0.14257430728]
    ],
    [
      [0.10256548432, 0.23077132172, 0.61538183083, 0.051281363136],
      [0.067961428235, 0.25242561083, 0.6310682237, 0.048544737231],
      [0.075269107881, 0.2365585583, 0.63978523792, 0.048387095907],
      [0.07547093354, 0.23584956134, 0.64151096589, 0.047168539227],
      [0.073169414196, 0.21951549248, 0.60975280293, 0.097562290395]
    ],
    [
      [0.071428729328, 0.21428713208, 0.67856989188, 0.035714246709],
      [0.034482827767, 0.20689578401, 0.70689701114, 0.05172437708],
      [0.033707617983, 0.19662923238, 0.70786528139, 0.06179786824],
      [0.028169589471, 0.18309886539, 0.70422527691, 0.084506268228],
      [0.03225789403, 0.19354780717, 0.67741940749, 0.096774891309]
    ],
    [
      [0.070175437757, 0.28070175249, 0.61403508911, 0.035087720646],
      [0.038961039099, 0.29870129776, 0.62337662412, 0.038961039029],
      [0.038793103682, 0.29310344831, 0.62500000017, 0.043103447841],
      [0.034013605256, 0.28571428674, 0.63945578128, 0.04081632673],
      [0.025641025911, 0.28205128264, 0.6153846148, 0.076923076649]
    ],
    [
      [0.069767359811, 0.23255833606, 0.67441845282, 0.023255851312],
      [0.030303116611, 0.25757579013, 0.68181810704, 0.030302986219],
      [0.022641501482, 0.23396225672, 0.70188682829, 0.041509413515],
      [0.021582732219, 0.23021577017, 0.69784169253, 0.050359805082],
      [0.017857145727, 0.23214284495, 0.67857154833, 0.071428460987]
    ],
    [
      [0.068755623841, 0.24129608914, 0.6553896405, 0.034558646526],
      [0.020363084963, 0.26514460956, 0.67375792873, 0.040734376743],
      [0.012689647303, 0.24682306949, 0.68985410555, 0.050633177652],
      [0.011794751489, 0.23550808557, 0.705529508, 0.047167654946],
      [2.429984142e-05, 0.21856547793, 0.65664390814, 0.12476631409]
    ],
    [
      [0.076372445105, 0.23075710696, 0.616607127, 0.076263320936],
      [0.036450518991, 0.25796040922, 0.63129002683, 0.074299044959],
      [0.01410359422, 0.24053629378, 0.67512788773, 0.070232224266],
      [0.023439865858, 0.23100004563, 0.67543348577, 0.070126602745],
      [0.00091498528781, 0.20160984935, 0.66410378049, 0.13337138487]
    ],
    [
      [0.025214373311, 0.15686699617, 0.7735481706, 0.044370459917],
      [0.017487459099, 0.19668904163, 0.74153114089, 0.044292358381],
      [0.022587433723, 0.17064780272, 0.77384359471, 0.032921168844],
      [0.025030504618, 0.1766786253, 0.7525713561, 0.045719513977],
      [0.018191304141, 0.14022346154, 0.72555503124, 0.11603020308]
    ],
    [
      [0.39762840877, 0.084253064083, 0.51811852715, 0],
      [0.30377411634, 0.098751065564, 0.5974748181, 0],
      [0.28518677122, 0.10369246065, 0.61112076813, 0],
      [0.22794069589, 0.11091422615, 0.66114507796, 0],
      [0, 0, 0, 0]
    ],
    [
      [0.10052608489, 0.21675900085, 0.63121710242, 0.051497811848],
      [0.034099395255, 0.27354022099, 0.6412113174, 0.051149066355],
      [0.019593219559, 0.26080376783, 0.65072339338, 0.068879619226],
      [0.022621731647, 0.23624547957, 0.68555737843, 0.055575410351],
      [0.0089325295573, 0.2198589526, 0.63141154699, 0.13979697086]
    ],
    [
      [0, 0, 0.92178762295, 0.078212377054],
      [0, 0, 0, 0],
      [0, 0, 0.91270508596, 0.08729491404],
      [0, 0, 0, 0],
      [0, 0, 0.84463838767, 0.15536161233]
    ],
    [
      [0.044775619495, 0.2610272983, 0.69419708221, 0],
      [0.040045413914, 0.25465056338, 0.7053040227, 0],
      [0.031373573629, 0.27031246448, 0.69831396189, 0],
      [0.028768494294, 0.29032532479, 0.68090618092, 0],
      [0.021231111241, 0.24700457982, 0.73176430894, 0]
    ],
    [
      [0.10469581463, 0.26712763302, 0.60906725836, 0.019109293985],
      [0.040324622023, 0.26326010731, 0.66020156356, 0.036213707104],
      [0.02100527508, 0.29160665049, 0.65295266655, 0.034435407882],
      [0.024480011925, 0.32794827483, 0.60660478863, 0.040966924621],
      [0.009225307972, 0.26348530968, 0.60583606268, 0.12145331967]
    ],
    [
      [0, 0.31670014846, 0.58035885517, 0.10294099637],
      [0, 0.29905474948, 0.59771288492, 0.1032323656],
      [0, 0.25838310531, 0.61734251451, 0.12427438018],
      [0, 0.30606669783, 0.56131108317, 0.132622219],
      [0, 0.25154757523, 0.53145790353, 0.21699452124]
    ],
    [
      [0.064309669418, 0.22369480077, 0.65656903751, 0.0554264923],
      [0.033300720561, 0.23736222639, 0.67245828506, 0.056878767993],
      [0.03687173616, 0.23568878087, 0.6712073286, 0.056232154365],
      [0.034926775208, 0.20312796816, 0.69505607218, 0.066889184453],
      [0.028050011518, 0.20001585424, 0.68299295302, 0.088941181226]
    ],
    [
      [0, 0.17630900565, 0.73158871819, 0.092102276166],
      [0, 0.15986909805, 0.74995620761, 0.090174694338],
      [0, 0.13474564092, 0.76317038733, 0.10208397174],
      [0, 0.15205718025, 0.75558666006, 0.092356159687],
      [0, 0.13254714947, 0.71427827811, 0.15317457242]
    ],
    [
      [0, 0.26922848344, 0.54183757949, 0.18893393707],
      [0, 0.25481704547, 0.5603019539, 0.18488100063],
      [0, 0.22261506553, 0.56383056439, 0.21355437008],
      [0, 0.21962568845, 0.54640920205, 0.2339651095],
      [0, 0.22293690703, 0.47519576223, 0.30186733075]
    ],
    [
      [0.11537273447, 0.13666712219, 0.72866913172, 0.019291011628],
      [0.070435802928, 0.12926644624, 0.77691360264, 0.023384148186],
      [0.069242570625, 0.1384383855, 0.7601075789, 0.032211464971],
      [0.059642795384, 0.15026208423, 0.748829015, 0.041266105383],
      [0.056848476724, 0.16412334525, 0.71719077896, 0.061837399069]
    ],
    [
      [0, 0, 0, 0],
      [0, 0, 0, 0],
      [0.10936878302, 0.39831836894, 0.40755973169, 0.084753116341],
      [0.097807668578, 0.4088546927, 0.38918533331, 0.10415230541],
      [0.073486525018, 0.36245306071, 0.42383440669, 0.14022600758]
    ],
    [
      [0, 0.24273202399, 0.63818753483, 0.11908044117],
      [0, 0.2111145246, 0.68074440983, 0.10814106557],
      [0, 0.22405640172, 0.65053259936, 0.12541099892],
      [0, 0.22971389511, 0.64805226713, 0.12223383777],
      [0, 0.23789073186, 0.56306399602, 0.19904527212]
    ],
    [
      [0, 0, 0, 0],
      [0.1715596697, 0.10053985279, 0.66171936595, 0.066181111564],
      [0.14083650023, 0.090660282779, 0.69328144777, 0.07522176922],
      [0.13626563398, 0.086917787402, 0.69812644907, 0.078690129546],
      [0.11651845325, 0.096484951243, 0.65332377312, 0.13367282239]
    ],
    [
      [0.079857162092, 0.20017330309, 0.67999130055, 0.039978234271],
      [0.03125739743, 0.28102169566, 0.65624421738, 0.031476689527],
      [0.025313275082, 0.22146891805, 0.69623011577, 0.056987691099],
      [0.027444582516, 0.21929402111, 0.67113721363, 0.082124182752],
      [0.029423007157, 0.20595354615, 0.67655963658, 0.08806381011]
    ],
    [
      [0.18343230879, 0, 0.70660541777, 0.10996227344],
      [0.12754890048, 0, 0.74945066158, 0.12300043794],
      [0.11372659277, 0, 0.76094277311, 0.12533063413],
      [0.10656351919, 0, 0.75072216664, 0.14271431417],
      [0, 0, 0, 0]
    ],
    [
      [0, 0.53102098568, 0.46897901432, 0],
      [0, 0.49559812531, 0.50440187469, 0],
      [0, 0.4836312096, 0.5163687904, 0],
      [0, 0.5194280253, 0.4805719747, 0],
      [0, 0, 0, 0]
    ],
    [
      [0.074066560511, 0.25925940335, 0.62963326894, 0.0370407672],
      [0.047614200759, 0.28569485906, 0.64287896187, 0.023811978315],
      [0.039107852996, 0.27933357938, 0.6480407081, 0.033517859518],
      [0.035398210615, 0.26548944446, 0.66371324174, 0.03539910319],
      [0.02702980942, 0.27026470529, 0.62162438577, 0.081081099519]
    ],
    [
      [0.12516133384, 0.17872018931, 0.66144032163, 0.034678155226],
      [0.015910588771, 0.27251443625, 0.65914610262, 0.052428872365],
      [0.024047662101, 0.22475943884, 0.72354741959, 0.027645479474],
      [0.011649975764, 0.26691655329, 0.70017923186, 0.021254239084],
      [0.012928852551, 0.29929131713, 0.64601046344, 0.041769366879]
    ],
    [
      [0.083327142251, 0.24999585548, 0.64584366888, 0.020833333393],
      [0.057140029554, 0.27142288969, 0.64286281067, 0.028574270088],
      [0.044536418237, 0.2753036472, 0.64777087157, 0.032389062993],
      [0.044870522082, 0.26282560045, 0.65384551799, 0.038458359481],
      [0.027032387944, 0.24323789543, 0.64864327196, 0.081086444667]
    ],
    [
      [0.15686521049, 0.1672967962, 0.66220184276, 0.013636150561],
      [0.11350117063, 0.1973866215, 0.66373185142, 0.025380356457],
      [0.073407300061, 0.19069892591, 0.69501639521, 0.040877378825],
      [0.078128301213, 0.20515517525, 0.66781262555, 0.048903897984],
      [0.050223203243, 0.18374736782, 0.64830852234, 0.1177209066]
    ],
    [
      [0.078474975527, 0.18758630168, 0.67735595831, 0.05658276449],
      [0.082345995309, 0.18235317341, 0.67486213076, 0.060438700519],
      [0.041340256851, 0.19030080224, 0.702710235, 0.065648705917],
      [0.036439346893, 0.19420195384, 0.70525362239, 0.064105076877],
      [0.045409138952, 0.13974960992, 0.68394070117, 0.13090054995]
    ],
    [
      [0.058568218548, 0.20609993167, 0.70596916448, 0.029362685302],
      [0.057368580303, 0.21188614436, 0.69229450749, 0.038450767842],
      [0.024499959631, 0.23040119567, 0.70593231945, 0.039166525251],
      [0.021336494444, 0.22075784795, 0.7262063379, 0.031699319701],
      [2.0579879803e-05, 0.18521049422, 0.70362736111, 0.11114156478]
    ],
    [
      [0.17420005608, 0.056773583284, 0.76004407383, 0.0089822867978],
      [0.03847314119, 0.15382166032, 0.78303300391, 0.024672194586],
      [0.044486337659, 0.12399170729, 0.78213719992, 0.049384755125],
      [0.033979832269, 0.16749638371, 0.77345759041, 0.025066193616],
      [0.008621442875, 0.14503508421, 0.74909582785, 0.097247645057]
    ],
    [
      [0, 0, 0, 0],
      [0.25368087213, 0.11347363391, 0.63284549395, 0],
      [0.21397052346, 0.10949184504, 0.6765376315, 0],
      [0.21139281921, 0.11279675348, 0.67581042731, 0],
      [0, 0, 0, 0]
    ],
    [
      [0, 0, 0, 0],
      [0, 0, 0, 0],
      [0, 0.14200671107, 0.73130992626, 0.12668336267],
      [0, 0.1527738192, 0.71207541133, 0.13515076947],
      [0, 0.13719262545, 0.63137495738, 0.23143241718]
    ],
    [
      [0, 0.37504153359, 0.62495846641, 0],
      [0, 0.34362308761, 0.65637691239, 0],
      [0, 0.30659254682, 0.69340745318, 0],
      [0, 0.33866001303, 0.66133998697, 0],
      [0, 0.32949027212, 0.67050972788, 0]
    ],
    [
      [0.10345212258, 0.24138283062, 0.62067852855, 0.034486518251],
      [0.052632293321, 0.27631594899, 0.63157949524, 0.039472262451],
      [0.054644464606, 0.26229102993, 0.6448122792, 0.038252226269],
      [0.049504450051, 0.25742935617, 0.65346277643, 0.039603417352],
      [0.04877921158, 0.24390883754, 0.63414374442, 0.073168206457]
    ],
    [
      [0.10281325228, 0.27519585874, 0.57390589971, 0.048084989274],
      [0.017894493787, 0.29423397936, 0.61875912689, 0.069112399957],
      [0.01535494538, 0.2492023301, 0.6275563699, 0.10788635462],
      [0.0060857066101, 0.2655558483, 0.59946993138, 0.12888851371],
      [0.0055958647868, 0.21692933492, 0.62221207519, 0.15526272511]
    ],
    [
      [0.13372612872, 0.26634686611, 0.53332432443, 0.066602680738],
      [0.090972535131, 0.27268189882, 0.57570070288, 0.060644863168],
      [0.093311513002, 0.24047601094, 0.59973526634, 0.066477209721],
      [0.088824414572, 0.24378403976, 0.60031059452, 0.067080951153],
      [0.090595661728, 0.18184652164, 0.63708092813, 0.090476888497]
    ],
    [
      [0.083333323486, 0.25000002101, 0.63888881665, 0.027777838861],
      [0.056338055625, 0.26760564633, 0.63380278562, 0.042253512422],
      [0.048484847788, 0.27272725034, 0.63636366942, 0.04242423245],
      [0.04210525033, 0.26315791823, 0.65263157249, 0.042105258945],
      [0.045454533583, 0.2272727189, 0.63636363547, 0.090909112047]
    ],
    [
      [0.076923076923, 0.092307692308, 0.81538461538, 0.015384615385],
      [0.064189189189, 0.097972972973, 0.81418918919, 0.023648648649],
      [0.063459570113, 0.095189355169, 0.81780962129, 0.023541453429],
      [0.063492063492, 0.095238095238, 0.81481481481, 0.026455026455],
      [0.057142857143, 0.095238095238, 0.80952380952, 0.038095238095]
    ],
    [
      [0.079207920792, 0.17821782178, 0.69306930693, 0.049504950495],
      [0.070217917676, 0.18280871671, 0.69612590799, 0.050847457627],
      [0.070967741935, 0.18064516129, 0.69677419355, 0.051612903226],
      [0.070460704607, 0.18021680217, 0.69647696477, 0.052845528455],
      [0.069444444444, 0.18055555556, 0.69444444444, 0.055555555556]
    ],
    [
      [0.074324324324, 0.18918918919, 0.68243243243, 0.054054054054],
      [0.061946902655, 0.19469026549, 0.68436578171, 0.058997050147],
      [0.060724779628, 0.19294809011, 0.68658178257, 0.059745347698],
      [0.060686015831, 0.18997361478, 0.68865435356, 0.060686015831],
      [0.058536585366, 0.19024390244, 0.68292682927, 0.068292682927]
    ],
    [
      [0.18110992447, 0.076257800281, 0.6445313313, 0.098100943951],
      [0.10343696675, 0.074875576811, 0.72643370757, 0.095253748873],
      [0.094758044225, 0.064769878216, 0.73727314417, 0.10319893339],
      [0.106497281, 0.095019777423, 0.68760592217, 0.11087701941],
      [0.094971981986, 0.065067755503, 0.66158098789, 0.17837927463]
    ]
  ],
  "expected_outcome": [
    [
      [1.1907888412, 0.97845835468, 0.32703549667, 3.9887514321, 0.29011496924, 5, 14, 9, 0.3632830135, 1.9428429284, 1.1950094117, 4.0000000332, 3.9999733103, 0, 2.0227816207, 6, 5, 4, 1.9999460625, 0.19150225705, 2.9993328994, 2.8618910982, 0.11002975002, 0.57045645934, 0.66619439995, 0.68233206048, 0.058756142211, 0, 0, 0.049283628534, 0.99941054963, 1.9871015308, 0.11505502821, 0.99324263793, 0.37130421251, 9, 2.999851582, 3.9999737332, 0, 0, 0.088433480881, 4, 0.60999022919, 0, 7, 4, 0, 2.996751875, 0.26803148006, 3.9999990022, 2.0000008029, 0.50452671483, 0.42161244817, 1.3138434595, 0.39789316301, 2.9940573536, 4.0000538886, 2.0000044212, 3.9999999521, 2.9999964719, 1.9939130914, 0.99284178637, 0.10085749324, 0.39762840877, 1.809469528, 0, 0.08955123899, 0.94226233165, 0, 0.64309669418, 0, 0, 0.3461182034, 0, 0, 0, 1.9964290523, 0.18343230879, 0, 1.9997971338, 0.50064533534, 3.999702828, 1.4117868944, 0.47084985316, 1.9913194306, 1.2194003926, 0, 0, 0, 3.0001115548, 0.9253192705, 2.0058919308, 2.9999996455, 5, 16, 11, 0.5433297734],
      [0.36470355626, 1.0461855607, 0.82265697866, 3.0026308984, 0.69053177296, 11, 31, 12, 0.25548037925, 2.0151234928, 2.4986321497, 3.9999999867, 2.0000008535, 0, 3.0013126509, 34, 23, 14, 2.000024007, 1.190885616, 4.0010659013, 2.1187704475, 0, 0.84333540515, 0.79473023687, 0.20300333357, 0.22773058942, 0.17061351511, 0.11149297154, 0.12741986684, 0.99839122404, 4.9920953984, 0.3755505613, 2.0276317678, 0.93121229153, 36, 6.9997527002, 13.9999968623, 1.2876846214, 0.130820263, 0.98337357405, 8, 2.1768178391, 0, 15, 12, 0, 8.0188017941, 1.0117261567, 10.9999941957, 4.0000023354, 0.27161961958, 1.7002384376, 5.2449393547, 2.3354197438, 2.0010044527, 9.0000815469, 6.0000396982, 15.9999998919, 10.0000084505, 6.997586585, 2.9998423905, 0.6274679847, 0.084253064083, 3.9016620152, 0, 0.52205459659, 2.4041486972, 0.63340029692, 2.2369480077, 0.17630900565, 0.26922848344, 0.41000136657, 0, 0.24273202399, 0, 5.0043325773, 0, 0.53102098568, 7.0000038905, 0.71488075724, 11.9998010629, 1.5056711658, 1.1255178101, 7.0073976769, 0.39741508299, 0, 0, 0.37504153359, 7.000102088, 2.4767627286, 3.9952029916, 9.0000007563, 6, 36, 28, 0.22877340084],
