{
  "Z_true": {},
  "V_true": [
    [55, 94, 137, 2297, 163, 2461, 91],
    [697, 39, 41, 71, 480, 154, 67],
    [404, 239, 238, 420, 8586, 705, 544],
    [81, 283, 294, 1266, 147, 6691, 231],
    [36, 68, 1359, 217, 275, 675, 91],
    [38, 819, 54, 256, 256, 633, 79],
    [69, 28, 38, 50, 357, 152, 393]
  ],
  "p_true": [
    [0.0104, 0.0177, 0.0259, 0.4336, 0.0308, 0.4645, 0.0172],
    [0.45, 0.0252, 0.0265, 0.0458, 0.3099, 0.0994, 0.0433],
    [0.0363, 0.0215, 0.0214, 0.0377, 0.771, 0.0633, 0.0489],
    [0.009, 0.0315, 0.0327, 0.1408, 0.0163, 0.744, 0.0257],
    [0.0132, 0.025, 0.4994, 0.0798, 0.1011, 0.2481, 0.0334],
    [0.0178, 0.3836, 0.0253, 0.1199, 0.1199, 0.2965, 0.037],
    [0.0635, 0.0258, 0.035, 0.046, 0.3284, 0.1398, 0.3615]
  ],
  "Z_est": [
    [
      [1, 6, 4, 4, 4, 10, 7, 9, 8, 14, 23, 8, 9, 13, 14, 14, 2.316, 13, 10, 4, 4, 1, 2, 4, 4, 3, 9, 2.9258, 0.0632, 10, 7, 17, 14, 2, 12, 5, 34, 8],
      [1.7024e-12, 10, 1, 2, 1, 11, 6, 12, 13, 17, 21, 5, 7, 16, 15, 14, 0.8809, 9, 4, 2, 1, 5.2664e-10, 2, 1.661e-14, 8.1602e-30, 1, 8, 0.9299, 0.7676, 9, 8, 17, 12, 1, 13, 1, 22, 1],
      [1.057e-11, 11, 2.1749e-21, 1, 3, 5, 8, 15, 19, 19, 27, 5, 6, 18, 23, 14, 0.8611, 15, 9, 2, 2, 4.1521e-14, 1, 5.4729e-15, 7.9444e-23, 1.199e-32, 6, 0.0026, 0.4136, 13, 11, 30, 21, 2, 22, 1, 20, 2],
      [5.0721e-13, 16, 4.8854e-20, 1, 3, 32, 9, 23, 32, 60, 81, 16, 26, 43, 41, 44, 2.1481, 36, 25, 1.3579e-26, 2, 4.8685e-13, 1, 1.6417e-14, 1.3054e-29, 4.796e-33, 19, 1.1402, 2.1956, 32, 36, 56, 49, 2.1285e-12, 65, 4, 60, 12],
      [3, 36, 8, 29, 34, 26, 38, 43, 26, 55, 91, 31, 31, 63, 89, 39, 4.7882, 75, 31, 17, 20, 9.2869e-12, 8, 7, 12, 14, 31, 1.9989, 1.9497, 39, 23, 77, 39, 4, 92, 13, 153, 27],
      [1.2823e-12, 36, 1, 5, 7, 64, 28, 59, 73, 137, 181, 36, 67, 112, 116, 103, 3.602, 97, 52, 5, 6, 4.865e-14, 2, 1, 1, 1, 57, 6.0013, 5.0402, 82, 63, 161, 117, 5, 144, 13, 142, 39],
      [9.3603e-13, 4, 9.9608e-20, 1, 5, 3, 4, 6, 5, 11, 14, 3, 3, 10, 14, 8, 0.4036, 12, 4, 2, 4, 1.6738e-15, 7.3538e-13, 1, 1, 1, 8, 1.0013, 0.5701, 6, 4, 12, 8, 3.8803e-12, 12, 1, 25, 1]
    ],
    [
      [1, 1, 3.7958e-21, 1, 2, 1, 1, 2, 2, 1, 5, 2, 1, 2, 3, 3, 0.4928, 3, 1, 1, 1.4762e-24, 1, 5.5912e-13, 1.0499e-14, 4.663e-27, 2.398e-33, 1, 0, 0.015, 1, 1, 5, 3, 2.7658e-13, 2, 1.1079e-07, 14, 2],
      [1, 5, 3, 2, 3, 5, 5, 5, 3, 4, 7, 4, 4, 6, 7, 6, 1.4028, 4, 5, 2, 4, 1, 3, 3, 3, 2, 6, 0, 0.2657, 5, 3, 7, 5, 2, 5, 2, 13, 2],
      [1, 6, 1.0516e-19, 1, 1, 1, 2, 5, 3, 5, 7, 2, 2, 4, 6, 2, 0.0395, 4, 2, 4, 4.8645e-25, 5.4512e-10, 3, 2.6333e-14, 2.6486e-23, 2, 1, 0, 0.0793, 3, 3, 9, 4, 1, 3, 1, 9, 2],
      [1.328e-13, 5, 5.6778e-21, 1, 1, 7, 3, 7, 5, 9, 20, 6, 5, 10, 12, 9, 0.3939, 10, 6, 4.5218e-27, 2.0599e-24, 4.0444e-14, 5.1413e-13, 3.4331e-19, 2.3262e-27, 2.8332e-32, 5, 0, 0.7985, 6, 7, 16, 10, 4.9876e-13, 11, 1, 27, 5],
      [11, 12, 7, 21, 20, 5, 13, 13, 4, 8, 22, 11, 6, 14, 26, 8, 1.5629, 20, 8, 16, 7, 5, 7, 7, 8, 16, 8, 0, 0.4424, 8, 4, 22, 8, 1, 16, 4, 71, 11],
      [1.1932e-12, 12, 1, 4, 4, 14, 9, 18, 12, 21, 45, 14, 14, 26, 33, 21, 1.0872, 26, 14, 5, 2, 9.7656e-14, 2, 1, 1, 2, 15, 0, 1.3377, 17, 12, 47, 25, 2, 25, 4, 66, 16],
      [1.4834e-12, 1, 4.8783e-20, 1, 3, 5.7933e-27, 1, 2, 1.1176e-40, 1, 3, 1, 1.4739e-26, 2, 4, 1, 0.021, 3, 1, 2, 1, 9.6981e-13, 5.1206e-13, 1, 2.6486e-23, 1, 2, 0, 0.0614, 1, 1.5541e-25, 3, 1, 9.5597e-15, 2, 1.4722e-09, 12, 1.178e-13]
    ],
    [
      [6, 8, 10, 21, 25, 5, 14, 11, 5, 10, 26, 10, 6, 13, 21, 11, 1.9776, 18, 9, 11, 9, 7, 4, 8, 9, 16, 7, 1.8665, 0.1325, 8, 2, 21, 10, 1, 9, 3, 78, 8],
      [2, 20, 12, 12, 20, 9, 22, 20, 14, 15, 25, 10, 9, 24, 29, 15, 1.2771, 17, 5, 11, 7, 2, 7, 6, 11, 15, 10, 0.9314, 0.9254, 10, 6, 25, 10, 3, 15, 3, 56, 5.9047e-14],
      [15, 25, 18, 30, 37, 7, 33, 30, 18, 19, 36, 12, 10, 25, 44, 16, 2.4941, 30, 15, 23, 21, 11, 18, 15, 14, 22, 11, 2.9257, 0.6804, 18, 10, 46, 21, 23, 26, 5, 55, 5],
      [2, 37, 9, 22, 33, 25, 33, 42, 28, 59, 104, 30, 32, 57, 76, 43, 3.7964, 65, 32, 9, 16, 3, 13, 7, 12, 9, 26, 5.0669, 0.6016, 37, 26, 81, 42, 4, 69, 11, 151, 21],
      [181, 78, 150, 421, 382, 20, 132, 78, 23, 51, 114, 58, 37, 82, 163, 38, 12.7499, 135, 40, 145, 146, 177, 90, 132, 236, 346, 40, 6.0774, 2.9253, 45, 16, 112, 33, 49, 99, 31, 387, 41],
      [9, 78, 24, 80, 79, 50, 98, 108, 64, 127, 226, 69, 79, 148, 212, 102, 5.3208, 174, 67, 48, 48, 7, 32, 26, 37, 44, 74, 18.0657, 4.3267, 95, 45, 233, 101, 61, 155, 31, 359, 58],
      [4, 9, 14, 26, 62, 2, 14, 12, 4, 10, 18, 6, 3, 13, 26, 8, 0.3842, 22, 6, 24, 32, 10, 10, 28, 19, 42, 10, 3.0663, 0.4082, 7, 3, 17, 7, 6, 13, 3, 65, 2]
    ],
    [
      [9.7186e-12, 5, 1, 2, 3, 9, 6, 12, 9, 17, 33, 10, 9, 19, 21, 19, 0.5826, 16, 11, 2, 2, 1.0543e-09, 1, 1, 1, 1, 9, 3.1361, 0.6705, 12, 6, 29, 20, 2, 10, 2, 48, 8],
      [6.752e-13, 12, 1, 1, 2, 17, 10, 20, 19, 25, 33, 9, 13, 32, 28, 24, 0.2504, 15, 7, 2, 1, 5.2262e-13, 1, 1.3777e-14, 1, 1, 14, 0.0701, 1.3596, 15, 14, 36, 21, 3, 16, 2, 35, 5.1296e-15],
      [1.0727e-11, 14, 2, 3, 5, 9, 15, 28, 29, 30, 43, 10, 11, 37, 43, 23, 0.1563, 23, 15, 5, 4, 5.457e-10, 4, 3, 2, 2, 11, 1.0699, 1.2495, 22, 18, 62, 37, 24, 26, 2, 33, 3],
      [1.9729e-11, 24, 3, 5, 8, 50, 18, 46, 51, 93, 134, 32, 48, 83, 81, 76, 2.925, 61, 44, 4, 7, 5.2681e-10, 4, 2, 2, 3, 36, 7.7873, 4.646, 59, 63, 118, 86, 3, 77, 10, 98, 21],
      [9, 49, 21, 48, 57, 40, 64, 81, 40, 86, 151, 57, 55, 120, 166, 66, 5.5187, 120, 51, 34, 35, 9, 23, 17, 27, 28, 55, 7.9901, 4.0697, 68, 39, 159, 66, 58, 107, 22, 242, 47],
      [5.9974e-13, 47, 3, 9, 12, 96, 48, 111, 109, 208, 293, 67, 114, 215, 216, 171, 2.3724, 155, 84, 11, 11, 1.0468e-11, 8, 3, 4, 3, 97, 20.944, 12.303, 142, 106, 330, 199, 69, 168, 21, 224, 63],
      [1.0157e-11, 5, 2, 3, 9, 5, 7, 12, 8, 17, 24, 6, 5, 19, 26, 13, 0.1947, 20, 7, 5, 7, 1.054e-09, 2, 3, 2, 3, 13, 3.0025, 0.7017, 11, 7, 24, 14, 7, 14, 2, 40, 2]
    ],
    [
      [1.9181e-11, 3, 9.7798e-20, 1, 2, 1, 3, 4, 3, 4, 8, 1, 1, 4, 7, 4, 0.6064, 4, 3, 2, 1, 1.5996e-09, 1, 8.5003e-15, 7.9456e-23, 1, 1, 0.0016, 0.0264, 3, 1, 8, 6, 1, 3, 3.6906e-07, 12, 1],
      [1.2823e-13, 8, 4.0567e-21, 8.6781e-42, 1, 2, 6, 6, 7, 6, 8, 1, 2, 7, 9, 5, 0.0999, 4, 1, 2, 8.2638e-25, 5.2745e-10, 1, 8.6941e-15, 5.2963e-23, 1, 2, 0.0684, 0.1936, 4, 4, 10, 6, 1, 4, 6.2918e-07, 9, 1.8623e-16],
      [2.8786e-11, 9, 1, 1, 3, 1, 7, 9, 10, 7, 10, 1, 2, 8, 14, 5, 0.3486, 6, 4, 4, 1, 2.2323e-12, 4, 1, 2.3407e-27, 1, 2, 0.0004, 0.4042, 5, 5, 18, 11, 11, 7, 2.4837e-09, 8, 8.8322e-14],
      [2.8426e-13, 14, 2, 2, 3, 7, 9, 14, 18, 22, 32, 5, 8, 21, 26, 17, 0.2963, 17, 11, 1, 2, 5.3601e-10, 2, 2, 2, 1, 6, 0.0019, 0.1654, 14, 17, 33, 25, 1, 23, 1, 25, 2],
      [7, 33, 13, 30, 35, 7, 38, 29, 17, 22, 37, 14, 11, 32, 56, 17, 2.2379, 36, 16, 31, 19, 12, 26, 16, 20, 26, 11, 1.9289, 0.1357, 20, 14, 48, 22, 26, 31, 9, 65, 5],
      [1, 30, 1, 5, 7, 16, 27, 37, 41, 50, 73, 12, 20, 52, 70, 42, 1.3977, 43, 22, 11, 6, 2, 9, 2, 2, 3, 20, 1.998, 1.0298, 37, 30, 95, 60, 34, 48, 6, 58, 10],
      [1.2708e-12, 3, 1, 1, 5, 1.1257e-24, 3, 4, 3, 4, 5, 1, 1, 4, 8, 3, 0.0133, 5, 2, 5, 3, 5.5581e-10, 2, 3, 1, 3, 2, 0.0007, 0.0449, 3, 2, 7, 4, 3, 4, 1.9539e-09, 10, 3.228e-14]
    ],
    [
      [1.6669e-14, 2, 5.2648e-20, 9.4096e-44, 1, 2, 3, 3, 2, 3, 8, 2, 1, 4, 6, 4, 0.0131, 2, 1, 1, 2.5253e-24, 8.9352e-12, 1.7089e-13, 5.6668e-15, 8.2534e-30, 8.7394e-32, 2, 0.0688, 0.0846, 2, 1.5566e-25, 5, 3, 6.3215e-13, 2, 2.605e-07, 13, 5.1253e-15],
      [4.6535e-15, 6, 5.271e-20, 8.7346e-42, 6.6493e-32, 5, 4, 6, 5, 5, 7, 2, 2, 7, 8, 5, 0.0564, 2, 4.0416e-29, 1, 8.0731e-25, 3.6658e-13, 9.7571e-16, 8.6942e-15, 7.9444e-23, 3.073e-32, 2, 0.0001, 0.4288, 3, 2, 7, 3, 2.1282e-12, 3, 2.6114e-07, 9, 1.432e-17],
      [5.1129e-13, 7, 1, 8.697e-42, 1, 2, 6, 8, 8, 6, 10, 2, 1, 8, 13, 5, 0.071, 3, 2, 2, 1.1466e-24, 9.1014e-12, 1, 5.8605e-15, 4.6457e-27, 2.8332e-32, 2, 0.0013, 0.1623, 4, 2, 12, 6, 1, 6, 3.2652e-07, 8, 2.685e-15],
      [1.2274e-13, 10, 9.9625e-20, 5.1975e-41, 1, 14, 7, 12, 14, 20, 31, 8, 7, 19, 23, 15, 0.3495, 9, 5, 9.0442e-27, 1.2668e-24, 7.7432e-14, 2.2401e-13, 2.8335e-15, 1.5889e-22, 3.073e-32, 7, 0.0029, 0.4239, 10, 8, 22, 15, 5.4945e-15, 18, 1, 25, 1],
      [1, 22, 13, 14, 16, 11, 29, 23, 11, 19, 35, 15, 9, 28, 50, 14, 1.034, 20, 7, 15, 8, 1, 6, 9, 12, 17, 11, 1, 1.3342, 13, 7, 32, 13, 2, 28, 3, 66, 2],
      [1, 25, 4, 5, 5, 29, 24, 35, 34, 50, 70, 22, 21, 54, 68, 39, 1.1303, 27, 14, 7, 5, 3.977e-13, 5, 4, 5, 5, 22, 4.9266, 2.486, 30, 17, 69, 40, 5, 43, 6, 65, 4],
      [9.5652e-12, 2, 1, 1, 2, 3, 3, 3, 3, 3, 7, 2, 1.4738e-26, 4, 7, 3, 0.3457, 3, 1, 2, 3, 1, 2.8275e-13, 1, 2.6491e-23, 1, 3, 0.0003, 0.0803, 3, 1, 4, 3, 3.2289e-12, 3, 2.6082e-07, 11, 1]
    ],
    [
      [1.0676e-11, 7.5269e-32, 5.2608e-20, 8.6593e-42, 2, 4.2331e-27, 1, 1, 3.2958e-40, 1, 2, 1, 7.3656e-27, 1, 3, 1, 0.0114, 1, 1, 1, 1, 9.7337e-12, 3.2876e-16, 1.4169e-15, 2.6481e-23, 1, 1, 0.0012, 0.0078, 6.1609e-35, 3.9277e-29, 1, 1, 2.9932e-12, 3.4063e-63, 3.6785e-07, 8, 2.7309e-15],
      [4.7216e-14, 2, 1, 5.1994e-41, 1, 4.5678e-27, 2, 2, 1, 1, 2, 1, 7.3969e-27, 1, 4, 1, 0.0325, 1, 5.97e-21, 1, 3.4516e-24, 5.8121e-13, 1.0768e-12, 3.8888e-16, 5.2965e-23, 1, 1, 0.0001, 0.0593, 6.6245e-30, 5.1535e-28, 2, 1, 2.627e-12, 1, 1.9251e-10, 6, 7.1976e-18],
      [2.1208e-12, 2, 1, 1, 2, 1.1264e-24, 2, 3, 2, 2, 3, 1, 5.2147e-32, 2, 7, 1, 0.0294, 2, 1, 2, 1, 5.275e-10, 2, 1, 1, 1, 1, 0, 0.0108, 1, 2.622e-28, 3, 1, 3, 1, 2.683e-11, 5, 9.1212e-14],
      [5.4396e-13, 4, 1.4661e-19, 1.7319e-41, 2, 2, 3, 4, 3, 6, 10, 4, 2, 5, 12, 4, 0.0908, 5, 5, 4.5517e-27, 1, 5.2749e-10, 1, 4.8551e-19, 1, 8.4996e-32, 3, 0.0009, 0.1691, 2, 2, 6, 4, 2.863e-12, 5, 1.09e-07, 16, 1],
      [8, 9, 12, 17, 31, 1, 12, 9, 3, 6, 11, 8, 3, 7, 27, 3, 1.1085, 12, 6, 16, 15, 6, 10, 15, 20, 29, 5, 0.0047, 0.1431, 3, 1, 9, 3, 7, 7, 1, 41, 2],
      [4.0482e-11, 10, 2, 3, 6, 4, 9, 12, 8, 15, 22, 10, 6, 13, 35, 9, 0.0897, 15, 11, 5, 5, 3.6529e-11, 3, 4, 3, 3, 9, 3.0643, 0.4765, 6, 5, 19, 9, 10, 12, 1, 38, 3],
      [2, 4, 4, 4, 8, 3, 4, 4, 3, 5, 4, 4, 4, 3, 7, 3, 0.6376, 5, 3, 6, 6, 2, 5, 6, 4, 7, 4, 1.9288, 0.1334, 3, 2, 4, 3, 4, 3, 3, 10, 3]
    ]
  ],
  "V_est": [
    [316.305, 264.5784, 332.2773, 829.4839, 1332.7368, 2027.6436, 194.975],
    [63.5078, 148.6686, 99.1187, 205.1924, 450.0053, 532.4249, 50.0824],
    [443.9766, 480.1338, 770.1001, 1275.4649, 4329.7526, 3275.7133, 560.8588],
    [360.3892, 431.6801, 600.4757, 1465.3583, 2334.5784, 3452.6194, 347.8989],
    [94.6344, 117.3619, 176.7532, 385.4635, 855.3024, 986.4255, 105.0589],
    [72.1665, 94.4853, 127.2346, 302.7763, 585.3682, 867.5429, 85.4263],
    [29.0205, 33.092, 55.0402, 113.2608, 376.2563, 328.6305, 151.6998]
  ],
  "p_est": [
    [0.0597, 0.0499, 0.0627, 0.1566, 0.2516, 0.3827, 0.0368],
    [0.041, 0.096, 0.064, 0.1325, 0.2905, 0.3437, 0.0323],
    [0.0399, 0.0431, 0.0692, 0.1145, 0.3888, 0.2942, 0.0504],
    [0.0401, 0.048, 0.0668, 0.1629, 0.2596, 0.3839, 0.0387],
    [0.0348, 0.0431, 0.065, 0.1417, 0.3143, 0.3625, 0.0386],
    [0.0338, 0.0443, 0.0596, 0.1418, 0.2742, 0.4063, 0.04],
    [0.0267, 0.0304, 0.0506, 0.1042, 0.3461, 0.3023, 0.1396]
  ],
  "EI_Z": {},
  "EI_V": 37.2549,
  "MAE_Z": {},
  "MAE_V": 500.5692,
  "MAE_p": 0.105,
  "runtime": 0.4578
}
