{
  "Z_true": {},
  "V_true": [
    [545, 38, 753, 167, 33],
    [799, 860, 7880, 736, 211],
    [265, 866, 480, 18983, 351],
    [63, 2842, 582, 868, 106],
    [209, 118, 441, 375, 93],
    [54, 105, 111, 370, 296]
  ],
  "p_true": [
    [0.3548, 0.0247, 0.4902, 0.1087, 0.0215],
    [0.0762, 0.082, 0.7515, 0.0702, 0.0201],
    [0.0127, 0.0413, 0.0229, 0.9063, 0.0168],
    [0.0141, 0.6371, 0.1305, 0.1946, 0.0238],
    [0.1691, 0.0955, 0.3568, 0.3034, 0.0752],
    [0.0577, 0.1122, 0.1186, 0.3953, 0.3162]
  ],
  "Z_est": [
    [
      [4.7672, 48.1967, 36.9967, 0.604, 0, 12.164, 29.9742, 0, 3.2135, 1.3194, 9.5357, 31.9614, 24.3486, 3.3506, 0.5594, 8.7271, 6.2708, 18.6812, 7.3553, 5.8659, 9.1316, 10.7232, 0.3063, 0, 27.2984, 0.6229, 0.2478, 10.8777, 1.9448, 10.4038, 4.5234, 11.1196, 1.1594, 5.4149, 17.8011, 11.3106, 1.5316, 0.2544, 0.8373, 0, 3.0313, 10.0686, 11.2861, 3.6785, 6.8778, 11.5017, 0.9521, 0, 0, 0, 30.5754, 56.6041, 40.9396],
      [0.6377, 4.7842, 5.1121, 0.0834, 0.1086, 1.099, 2.5805, 0, 0.0803, 0.007, 0.3342, 3.8994, 1.3728, 0.2108, 0.0187, 0.8328, 0.5342, 1.7661, 0.7826, 0.4793, 1.1459, 0.7493, 0.0324, 0, 1.8629, 0.0494, 0.0372, 1.4505, 0.1324, 1.6302, 0.3956, 0.9556, 0.0314, 0.4103, 1.2482, 1.2456, 0.1742, 0.0475, 0.213, 0, 0.3267, 1.1733, 0.9122, 0.407, 1.0586, 1.0257, 0.0625, 0, 0, 0.0993, 1.3176, 2.129, 1.9134],
      [5.9712, 51.3309, 49.1994, 0.8434, 1.4054, 7.8133, 19.6266, 0, 3.6772, 0.8913, 6.2772, 42.2731, 23.7475, 3.2242, 0.3799, 8.0959, 4.6732, 17.1558, 8.5711, 8.4485, 9.9873, 9.281, 0.371, 0, 22.7204, 0.8536, 0.5471, 11.6103, 0.9442, 15.9593, 4.521, 5.4835, 0.3078, 6.2251, 21.3403, 10.054, 0.8487, 0.4962, 0.4008, 0, 6.8178, 11.669, 8.6431, 2.4578, 11.4877, 13.1091, 0.3614, 0, 0, 1.2376, 24.3039, 36.8456, 22.1556],
      [2.9027, 26.2171, 16.5308, 0.2355, 0.3481, 6.4565, 16.2052, 0, 1.7634, 0.6755, 4.2368, 25.9107, 13.7379, 2.1594, 0.0419, 4.4457, 2.567, 7.9449, 4.7849, 2.3964, 3.3618, 4.1854, 0.1725, 0, 12.2941, 0.2763, 0.0547, 4.8723, 0.7056, 8.2682, 3.0879, 4.1017, 0.2262, 2.3076, 10.2834, 4.4915, 0.2788, 0.0817, 0.5489, 0, 2.0301, 4.2748, 4.0925, 1.1623, 4.1171, 5.5063, 0.4124, 0, 0, 0.6631, 24.8631, 27.7804, 18.0977],
      [1.7209, 10.4711, 8.0077, 0.2337, 0.1379, 2.4345, 4.5433, 0, 0.2641, 0.1068, 1.6161, 6.9554, 3.7931, 1.055, 0, 1.8985, 0.9548, 3.4521, 2.5291, 1.8099, 2.3571, 3.0616, 0.1177, 0, 4.8243, 0.1978, 0.1132, 3.1893, 0.2729, 3.7385, 1.4721, 2.3204, 0.2752, 1.6485, 4.3269, 2.8984, 0.1668, 0.1202, 0, 0, 0.7783, 2.8224, 2.0773, 1.2945, 1.4907, 2.8409, 0.2116, 0, 0, 0, 3.94, 9.5367, 8.8686]
    ],
    [
      [5.1497, 42.6099, 34.6799, 0.7883, 0, 9.855, 27.5606, 0, 3.428, 3.9813, 16.9964, 23.3599, 21.769, 3.4329, 1.1566, 9.0302, 5.8199, 21.627, 6.6605, 8.9148, 10.5982, 18.0701, 0.2856, 0, 25.9896, 1.0034, 0.2397, 9.3695, 3.6138, 6.9132, 2.7662, 10.5664, 0.8332, 10.1534, 18.2302, 11.3069, 1.6996, 0.2355, 1.0945, 0, 4.6942, 11.1143, 13.1229, 4.5997, 5.8699, 11.4528, 3.413, 0.8652, 0.7909, 0, 27.2168, 66.841, 51.0965],
      [24.7052, 138.9636, 133.162, 3.4526, 0.7861, 21.025, 56.1215, 0.7874, 3.2093, 0.8223, 6.9333, 66.7183, 42.3743, 15.2695, 0.8129, 24.1198, 14.0689, 61.7323, 27.8163, 43.053, 30.4981, 52.37, 0.7763, 0.8387, 43.8396, 2.5654, 0.7467, 20.4735, 5.0451, 18.2896, 2.7401, 14.8635, 0.2632, 26.5952, 45.4843, 25.8976, 1.8754, 0.7392, 1.6647, 0, 21.0248, 33.006, 29.5159, 9.6031, 19.5596, 21.213, 5.0278, 1.7183, 1.4414, 1.4528, 19.8128, 75.0401, 69.8492],
      [128.2971, 937.6845, 738.9982, 17.1865, 5.951, 83.922, 295.5132, 4.6217, 50.254, 22.6175, 66.5096, 399.2887, 309.3781, 75.2312, 6.0221, 151.8496, 82.3118, 280.6522, 127.9685, 220.8025, 166.7343, 255.2022, 4.337, 3.161, 342.4538, 15.0185, 5.5734, 106.5405, 23.6517, 102.7339, 36.2896, 77.3615, 1.4279, 149.3851, 326.5045, 160.9277, 7.0219, 4.6757, 1.599, 4.0297, 141.6203, 204.4642, 196.203, 46.1513, 115.895, 174.8997, 18.1766, 2.4091, 4.7282, 9.1423, 181.5548, 550.4702, 392.146],
      [4.8955, 36.5984, 14.8327, 0.1961, 0.0105, 3.0492, 12.7911, 0.5909, 2.3093, 2.0213, 4.0275, 12.5863, 12.885, 6.4244, 0.0085, 5.4504, 2.3404, 9.1898, 6.6381, 8.2841, 2.8927, 11.8247, 0.122, 0.0003, 10.5249, 0.3939, 0.0038, 1.4026, 1.202, 1.7544, 0.8769, 1.7997, 0.0073, 3.7841, 11.6321, 3.6303, 0.0189, 0.0097, 0.6418, 0.3129, 3.481, 4.6766, 5.8557, 0.5175, 2.0631, 3.807, 1.338, 0.4367, 0.0395, 0.4049, 11.0354, 43.8423, 24.0799],
      [11.9525, 50.1435, 34.062, 1.3766, 0.2524, 8.0116, 15.6212, 0, 0.789, 0.5576, 4.5331, 21.0466, 13.5934, 7.6418, 0, 8.55, 4.459, 13.7985, 10.8817, 10.9447, 10.1391, 21.25, 0.4787, 0, 19.1918, 1.0189, 0.4366, 9.2142, 1.4861, 8.3088, 3.3271, 7.3187, 0.4685, 10.1625, 17.1486, 12.2373, 0.3845, 0.3401, 0, 0.6574, 3.9679, 12.8101, 10.4101, 6.1287, 4.8008, 10.5204, 3.0447, 1.5704, 0, 0, 9.3798, 35.202, 35.6725]
    ],
    [
      [1.1964, 18.0452, 8.1162, 0.5856, 0, 3.3737, 14.1009, 0, 1.2775, 1.2237, 3.0322, 8.5676, 6.8341, 1.0745, 1.19, 4.4254, 3.0661, 3.2959, 1.1982, 1.6739, 2.9458, 3.349, 0.0561, 0, 9.4076, 0.6024, 0.214, 5.4601, 1.1674, 4.4089, 2.6728, 5.3966, 0.975, 4.6418, 5.0239, 3.9683, 1.0145, 0.1439, 0.0682, 0, 1.855, 3.9648, 6.3401, 2.7473, 2.47, 5.6415, 0.9445, 0.0643, 0.572, 0, 10.5519, 24.337, 17.0349],
      [17.7573, 123.2202, 77.9924, 5.1481, 1.6386, 12.7537, 48.915, 0.2223, 1.0434, 0.3106, 1.2777, 52.6817, 24.8517, 8.0812, 0.7847, 22.9156, 20.6576, 23.2882, 12.191, 11.73, 19.3971, 18.2791, 0.294, 1.7359, 30.7935, 1.3653, 0.9113, 15.7567, 2.915, 19.6314, 3.3865, 11.9325, 0.1647, 11.3908, 28.1285, 23.2554, 1.4621, 0.7413, 0.1223, 0, 4.8155, 27.5155, 28.5523, 11.0877, 13.0417, 15.1997, 3.2223, 0.1937, 1.5957, 0.2452, 5.4451, 21.9127, 22.9322],
      [3.4884, 37.7487, 17.9135, 1.7616, 0.6083, 1.4362, 9.8295, 0.1251, 2.0564, 1.0201, 0.2934, 13.3891, 8.5448, 1.7902, 0.645, 6.1276, 4.1268, 2.1523, 1.2493, 2.5338, 3.6156, 1.7066, 0.0447, 0.5727, 10.338, 0.8419, 1.9914, 3.9642, 0.6574, 5.9519, 2.655, 1.7462, 0.0226, 3.9723, 8.4754, 3.8444, 0.3249, 0.4307, 0.0002, 0.5045, 2.249, 7.0104, 8.3858, 1.3862, 5.6242, 7.5806, 0.1974, 0.0003, 0.3005, 0.3064, 3.4, 5.4169, 3.1799],
      [403.5936, 3428.3578, 1476.2938, 44.0702, 24.6944, 254.1883, 1253.8318, 10.6526, 79.5415, 62.3421, 63.8171, 1205.5676, 738.9071, 262.9795, 9.3802, 592.5728, 389.0838, 421.6989, 278.6687, 241.6849, 326.5872, 370.6001, 8.5067, 4.6914, 897.383, 14.943, 7.7137, 250.6046, 86.0007, 322.5231, 179.8423, 268.4458, 5.6482, 187.7814, 723.8902, 476.488, 12.1315, 6.5958, 2.8093, 7.4107, 83.4548, 504.0149, 639.6277, 146.8273, 225.7716, 402.9538, 111.143, 4.7107, 10.5318, 8.4483, 384.9101, 946.4606, 755.6309],
      [2.9647, 9.6281, 4.9661, 0.4346, 0.0583, 1.5016, 3.0498, 0, 0.0962, 0.1035, 0.58, 3.7944, 1.8624, 1.0747, 0, 1.9586, 1.066, 1.5651, 1.7315, 1.3789, 1.7079, 3.5205, 0.0991, 0, 3.0782, 0.2474, 0.1696, 2.214, 0.2614, 2.4847, 1.4434, 1.669, 0.1895, 2.0868, 2.4826, 2.4442, 0.0666, 0.0879, 0, 0.0848, 0.9427, 2.3677, 1.904, 1.9512, 0.7756, 1.8146, 0.4929, 0.0317, 0, 0, 1.6934, 4.7599, 5.4629]
    ],
    [
      [0.1593, 1.0449, 1.6517, 0.0071, 0, 0.2695, 0.4793, 0, 0.0663, 0.0312, 0.1155, 0.4822, 0.6253, 0.0791, 0.0939, 0.2329, 0.1813, 1.4055, 0.3432, 0.7854, 0.602, 1.4721, 0.0239, 0, 1.0832, 0.001, 0.0042, 0.2096, 0.0666, 0.0388, 0.1124, 0.4662, 0.0324, 0.1994, 0.6125, 0.751, 0.0896, 0.0043, 0, 0, 0.0908, 0.4428, 0.4741, 0.2449, 0.1026, 0.2984, 0.0877, 0.0706, 0.0196, 0, 0.1469, 1.2446, 1.3935],
      [53.595, 319.7402, 269.9676, 4.8139, 3.9897, 28.4973, 83.2403, 0.8571, 5.7505, 1.8447, 5.6442, 122.5879, 72.9475, 21.9642, 2.3837, 54.6429, 37.8794, 111.7584, 52.6232, 62.531, 61.336, 92.0621, 1.8465, 2.2244, 94.8088, 0.617, 1.2533, 31.4555, 7.1026, 17.8563, 7.9661, 30.6536, 0.5407, 32.5374, 84.3179, 81.8401, 3.1108, 1.1131, 0, 0, 25.4675, 65.7841, 62.2956, 23.1392, 29.9463, 43.2912, 10.7467, 2.088, 1.898, 0.9118, 19.4276, 91.5334, 88.4724],
      [20.5633, 133.7412, 137.8133, 2.008, 3.3876, 8.1692, 25.6668, 0.5621, 6.2835, 2.8186, 4.0307, 45.9643, 37.2006, 7.8936, 2.953, 20.1351, 13.7504, 48.2603, 19.0571, 37.5101, 27.8512, 41.5685, 1.007, 1.5589, 48.8397, 0.295, 1.4921, 12.3489, 2.4343, 6.6413, 4.6868, 9.4159, 0.2418, 17.0793, 43.0839, 32.5336, 1.2603, 0.6553, 0, 0, 18.5124, 27.8196, 24.2324, 7.1628, 14.8176, 25.6671, 2.4119, 0.5906, 0.7526, 0.7454, 10.376, 51.0474, 38.3042],
      [28.1112, 172.5432, 98.8644, 0.9763, 1.4716, 8.894, 32.5083, 0.5808, 3.7714, 3.2467, 1.8271, 46.3994, 33.1011, 14.0799, 0.5694, 25.3817, 17.2146, 37.1411, 25.5537, 20.7335, 18.8401, 38.0466, 1.0012, 0.2167, 44.7865, 0.0596, 0.156, 7.4194, 3.1958, 3.6731, 3.7237, 9.9643, 0.1183, 8.6694, 36.9576, 35.4129, 0.444, 0.1603, 0, 0, 6.141, 22.478, 25.1237, 5.9684, 8.4058, 17.779, 10.2494, 0.8526, 0.3297, 0.3428, 6.3454, 38.6203, 38.8219],
      [2.5712, 9.9305, 8.0195, 0.1947, 0.1512, 1.1189, 1.9671, 0, 0.1257, 0.0589, 0.3825, 3.5661, 2.1254, 0.9832, 0, 1.6074, 0.9743, 3.4346, 2.4035, 2.4396, 2.3016, 4.7103, 0.1213, 0, 3.4817, 0.0274, 0.0943, 1.5667, 0.2003, 0.7906, 0.5109, 1.4582, 0.0668, 1.5386, 3.0281, 3.4623, 0.0954, 0.0671, 0, 0, 0.7266, 2.5074, 1.9223, 1.4848, 0.7963, 1.9214, 0.5044, 0.3979, 0, 0, 0.7041, 4.4079, 4.9611]
    ],
    [
      [1.14, 37.6985, 22.0738, 0.963, 0, 8.3451, 36.0422, 0, 2.6882, 1.4444, 4.0994, 22.9701, 18.0937, 2.5751, 0, 12.837, 2.9895, 18.3204, 5.1844, 6.4528, 12.5464, 8.3215, 0.3281, 0, 23.0647, 0.6916, 0.2943, 11.2922, 2.0149, 11.2968, 4.5879, 14.7626, 0, 8.4439, 19.6893, 13.1967, 0.5239, 0.3029, 0, 0, 2.7108, 12.9451, 14.1054, 7.1005, 5.183, 10.5386, 2.2163, 0, 0.6175, 0, 15.4285, 50.1751, 47.626],
      [0.1212, 3.7423, 2.9994, 0.1882, 0.1802, 0.9788, 3.6253, 0.1333, 0.0897, 0.0154, 0.1546, 2.9378, 1.348, 0.2558, 0, 1.4842, 0.2256, 2.4931, 0.7669, 1.0237, 1.9895, 1.1201, 0.0508, 0.201, 1.9769, 0.0812, 0.0515, 1.7541, 0.1513, 1.9642, 0.3769, 1.577, 0, 1.1898, 2.0793, 1.7557, 0.0587, 0.067, 0, 0, 0.3822, 1.8151, 1.3122, 1.1968, 0.7539, 1.0867, 0.2117, 0, 0.0648, 0, 0.6972, 2.7285, 3.6447],
      [0.6398, 20.2761, 14.7806, 0.8363, 1.1624, 3.2482, 14.5742, 0.6911, 1.6533, 0.6525, 2.0204, 14.3485, 9.499, 1.3844, 0, 6.568, 1.0411, 9.4948, 3.2935, 6.3982, 7.7262, 5.4375, 0.2403, 0.7075, 11.0803, 0.6106, 0.396, 7.1141, 0.6495, 9.3326, 2.8113, 5.0856, 0, 6.4645, 12.98, 6.5683, 0.21, 0.3372, 0, 0.4658, 3.4526, 8.1455, 6.2467, 3.3813, 4.0735, 6.8261, 0.5638, 0, 0.2187, 0, 7.1275, 21.3784, 18.7821],
      [0.4402, 18.7293, 7.7825, 0.4724, 0.4187, 3.6838, 21.0216, 1.1757, 1.2154, 0.7144, 1.423, 12.5974, 8.3826, 1.5323, 0, 7.3624, 0.9345, 7.5909, 3.0535, 2.9594, 5.3936, 3.908, 0.1976, 0.0916, 9.3899, 0.3125, 0.0718, 5.18, 0.7639, 8.8127, 3.1003, 6.5518, 0, 4.3809, 11.3019, 5.6742, 0.0796, 0.1018, 0, 0.2764, 1.4494, 6.0806, 5.6575, 3.0605, 2.2253, 4.598, 1.2716, 0, 0.099, 0, 7.2512, 23.0825, 23.0801],
      [0.6588, 13.5539, 8.2897, 0.5399, 0.2388, 2.7234, 7.6575, 0, 0.3525, 0.1733, 1.3027, 8.1462, 4.6767, 1.2524, 0, 3.7484, 0.8093, 5.1007, 2.6988, 3.1659, 4.3243, 4.2207, 0.1832, 0, 6.4882, 0.3042, 0.1863, 4.6597, 0.4202, 5.5938, 2.1237, 3.9971, 0, 3.5306, 6.9495, 4.8048, 0.1278, 0.1911, 0, 0.2578, 0.9941, 5.0227, 3.6912, 3.2608, 1.7821, 3.9377, 0.7366, 0, 0, 0, 3.4955, 12.5493, 13.8381]
    ],
    [
      [0.5873, 5.4049, 4.4818, 0.052, 0, 0.9927, 3.8429, 0, 0.3266, 0, 1.2208, 2.6588, 2.3293, 0.4878, 0, 0.7474, 0.6725, 2.67, 1.2584, 1.3072, 1.1759, 3.0642, 0, 0, 3.1565, 0.0787, 0, 0.7909, 0.1924, 0.9386, 0.3373, 1.6886, 0, 1.1466, 2.643, 1.4664, 0.1408, 0.0589, 0, 0, 0.618, 1.4644, 1.6712, 0.6291, 0.4967, 1.5671, 0.3865, 0, 0, 0, 1.0805, 6.7983, 5.9095],
      [5.1836, 32.5495, 26.7666, 0.3139, 0.2967, 3.6461, 15.5173, 0, 0.8268, 0, 1.6561, 14.1748, 9.1056, 3.2186, 0, 4.0047, 3.6343, 11.9619, 8.8199, 8.183, 5.6334, 16.4194, 0, 0, 11.7184, 0.3217, 0, 3.1098, 0.6536, 4.6283, 1.1348, 5.0178, 0, 4.8764, 12.7418, 7.0056, 0.3188, 0.2919, 0, 0, 3.9832, 7.7059, 7.4119, 2.5664, 2.64, 6.1838, 1.7291, 0, 0, 0.2908, 2.2997, 15.6563, 15.1881],
      [5.0402, 40.2186, 31.2951, 0.3642, 0.4852, 3.4111, 17.7896, 0, 2.0756, 0, 2.8688, 16.7364, 12.6299, 3.4763, 0, 4.2239, 4.0967, 12.2846, 8.8604, 10.3069, 6.0855, 17.8041, 0, 0, 15.5678, 0.3803, 0, 3.4219, 0.6629, 5.381, 2.0363, 4.9074, 0, 5.8738, 17.616, 7.072, 0.3343, 0.4048, 0, 0, 6.3478, 8.8913, 9.289, 2.4606, 3.1019, 8.9174, 1.289, 0, 0, 0.5683, 3.2379, 21.8414, 17.4323],
      [1.0569, 7.5543, 4.6958, 0.0495, 0.0566, 0.7282, 4.642, 0, 0.399, 0, 0.6686, 2.9387, 1.9863, 0.8245, 0, 0.787, 0.8597, 2.4344, 2.301, 1.9418, 0.9246, 4.4352, 0, 0, 2.6215, 0.0148, 0, 0.5211, 0.1319, 0.9685, 0.369, 1.1367, 0, 1.0767, 2.935, 1.303, 0.0472, 0.0507, 0, 0, 1.4436, 1.4751, 1.6428, 0.464, 0.417, 1.3559, 0.5856, 0, 0, 0.1408, 0.5948, 5.2138, 4.2895],
      [3.1318, 17.2728, 12.655, 0.2206, 0.1614, 2.2099, 7.1611, 0, 0.3727, 0, 1.5857, 7.4913, 4.9489, 1.9929, 0, 2.237, 1.7367, 5.649, 4.7553, 4.2611, 3.17, 9.237, 0, 0, 6.9358, 0.2044, 0, 2.1562, 0.3591, 3.0837, 1.1227, 3.2366, 0, 3.033, 7.0643, 4.153, 0.1588, 0.1936, 0, 0, 1.5904, 4.4698, 3.9952, 1.88, 1.3546, 3.9652, 1.0098, 0, 0, 0, 1.7872, 11.5442, 11.1968]
    ]
  ],
  "V_est": [
    [554.9156, 46.9604, 524.6452, 292.1589, 116.9458],
    [580.866, 1289.7645, 7837.5495, 299.5421, 475.2915],
    [210.3166, 814.8839, 213.5383, 19627.0091, 84.3486],
    [18.4394, 2334.9029, 1053.2026, 967.2727, 85.91],
    [503.9221, 53.1023, 270.9758, 244.9343, 162.7596],
    [66.5403, 289.3861, 347.0885, 68.0831, 164.7445]
  ],
  "p_est": [
    [0.3614, 0.0306, 0.3416, 0.1903, 0.0762],
    [0.0554, 0.123, 0.7476, 0.0286, 0.0453],
    [0.01, 0.0389, 0.0102, 0.9368, 0.004],
    [0.0041, 0.5236, 0.2362, 0.2169, 0.0193],
    [0.4078, 0.043, 0.2193, 0.1982, 0.1317],
    [0.0711, 0.3092, 0.3709, 0.0728, 0.176]
  ],
  "EI_Z": {},
  "EI_V": 7.4096,
  "MAE_Z": {},
  "MAE_V": 195.6145,
  "MAE_p": 0.0754,
  "runtime": 271.84
}
