{
  "X": [
    [2, 2, 5, 10, 0],
    [0, 0, 3, 9, 2],
    [0, 1, 2, 10, 0],
    [1, 1, 3, 14, 0],
    [8, 0, 3, 14, 0],
    [1, 0, 1, 5, 0],
    [3, 0, 2, 7, 0],
    [2, 2, 2, 13, 1],
    [0, 1, 9, 8, 0],
    [4, 0, 1, 14, 2],
    [1, 1, 1, 11, 1],
    [2, 1, 10, 25, 1],
    [7, 2, 13, 42, 0],
    [0, 0, 2, 9, 0],
    [0, 1, 2, 6, 1],
    [2, 1, 2, 3, 0],
    [3, 4, 2, 17, 1],
    [5, 0, 2, 7, 0],
    [1, 1, 4, 2, 0],
    [2, 1, 10, 16, 0],
    [4, 1, 5, 12, 0],
    [2, 3, 7, 23, 1],
    [4, 1, 11, 25, 0],
    [6, 1, 2, 13, 0],
    [3, 0, 3, 2, 3],
    [0, 1, 1, 13, 1],
    [6, 5, 21, 77, 2],
    [0, 1, 1, 5, 0],
    [5, 0, 5, 8, 4],
    [7, 1, 8, 14, 3],
    [6, 1, 2, 8, 2],
    [7, 2, 8, 28, 0],
    [3, 4, 6, 9, 3],
    [1, 1, 5, 12, 1],
    [3, 3, 15, 50, 3],
    [1, 4, 4, 15, 2],
    [2, 1, 10, 13, 3],
    [2, 0, 2, 2, 0],
    [8, 1, 7, 27, 5],
    [0, 0, 3, 5, 1],
    [2, 1, 2, 4, 0],
    [7, 2, 4, 18, 1],
    [3, 3, 11, 35, 0],
    [3, 6, 24, 58, 0],
    [2, 1, 3, 9, 1],
    [1, 0, 0, 10, 3],
    [5, 0, 18, 39, 0],
    [3, 0, 6, 13, 0],
    [2, 0, 1, 5, 0],
    [2, 3, 1, 3, 0],
    [3, 1, 7, 21, 0],
    [0, 0, 11, 9, 0],
    [3, 0, 7, 17, 0],
    [5, 3, 6, 13, 0],
    [5, 1, 8, 19, 1],
    [1, 0, 8, 9, 0],
    [4, 0, 2, 5, 1],
    [3, 0, 1, 6, 1],
    [1, 0, 2, 3, 0],
    [4, 2, 4, 4, 0],
    [3, 1, 8, 13, 2],
    [0, 1, 5, 7, 1],
    [0, 1, 5, 7, 0],
    [0, 0, 3, 8, 0],
    [3, 0, 2, 15, 1],
    [2, 0, 22, 23, 0],
    [3, 1, 4, 9, 2],
    [1, 0, 4, 2, 0],
    [3, 0, 1, 6, 1],
    [6, 4, 46, 108, 4],
    [6, 2, 25, 56, 0],
    [7, 3, 19, 61, 1],
    [4, 2, 12, 34, 0],
    [3, 4, 15, 35, 2],
    [0, 3, 6, 10, 0],
    [1, 0, 9, 10, 0],
    [3, 0, 6, 5, 0],
    [0, 2, 7, 30, 1],
    [1, 0, 3, 13, 0],
    [2, 1, 10, 31, 1],
    [4, 2, 10, 22, 1],
    [5, 1, 5, 12, 0],
    [6, 4, 11, 33, 1],
    [1, 0, 5, 23, 0],
    [3, 5, 34, 50, 6],
    [0, 2, 10, 22, 3],
    [3, 1, 0, 8, 0],
    [1, 0, 7, 27, 0],
    [3, 1, 11, 15, 1],
    [0, 3, 50, 143, 7],
    [1, 0, 2, 7, 2],
    [1, 4, 42, 106, 2],
    [0, 0, 7, 17, 1],
    [0, 0, 5, 1, 0],
    [0, 1, 10, 35, 0],
    [2, 6, 36, 53, 4],
    [0, 2, 20, 46, 2],
    [1, 0, 23, 45, 3],
    [0, 0, 5, 2, 0],
    [0, 2, 14, 36, 2],
    [0, 3, 14, 36, 8],
    [1, 1, 6, 13, 0],
    [1, 8, 46, 91, 5],
    [1, 1, 22, 39, 3],
    [3, 13, 100, 183, 15],
    [2, 15, 94, 160, 17],
    [0, 1, 5, 6, 0],
    [3, 5, 68, 108, 9],
    [6, 7, 150, 325, 18],
    [1, 0, 1, 7, 0],
    [1, 2, 28, 39, 0],
    [0, 0, 25, 11, 0],
    [0, 5, 108, 108, 5],
    [9, 9, 46, 58, 1],
    [5, 5, 11, 19, 2],
    [0, 4, 20, 36, 1],
    [1, 0, 11, 20, 8],
    [6, 3, 10, 18, 3],
    [1, 1, 22, 78, 4],
    [0, 1, 14, 25, 2],
    [0, 7, 27, 63, 3],
    [2, 0, 12, 20, 2],
    [2, 5, 23, 27, 3],
    [1, 8, 171, 203, 6],
    [0, 2, 12, 18, 1],
    [0, 3, 20, 39, 3],
    [1, 4, 28, 42, 4],
    [1, 4, 18, 55, 3],
    [1, 5, 35, 79, 5],
    [1, 1, 13, 10, 1],
    [0, 1, 3, 2, 1],
    [0, 1, 5, 11, 1],
    [3, 3, 41, 78, 7],
    [1, 2, 14, 21, 2],
    [0, 2, 12, 13, 6],
    [1, 1, 10, 49, 2],
    [2, 1, 35, 106, 6],
    [0, 1, 8, 15, 0],
    [0, 0, 4, 19, 2],
    [3, 0, 5, 25, 2],
    [1, 1, 11, 39, 0],
    [2, 0, 2, 5, 0],
    [0, 0, 4, 20, 0],
    [1, 1, 15, 27, 5],
    [0, 0, 12, 37, 0],
    [0, 0, 16, 26, 4],
    [0, 2, 23, 64, 3],
    [0, 1, 9, 25, 1],
    [3, 2, 18, 30, 6],
    [4, 2, 18, 35, 2],
    [0, 0, 19, 40, 1],
    [1, 4, 30, 77, 3],
    [0, 0, 4, 7, 0],
    [0, 2, 1, 5, 0],
    [0, 0, 1, 11, 2],
    [0, 2, 20, 33, 1],
    [0, 0, 12, 51, 6],
    [1, 0, 12, 28, 1],
    [0, 0, 23, 80, 4],
    [2, 7, 29, 62, 5],
    [1, 0, 13, 24, 1],
    [0, 2, 14, 16, 5],
    [0, 0, 8, 16, 0],
    [0, 0, 12, 54, 1],
    [1, 1, 12, 4, 1],
    [0, 1, 2, 8, 0],
    [1, 2, 3, 18, 1],
    [1, 0, 19, 12, 0],
    [0, 5, 19, 45, 4],
    [0, 3, 17, 33, 0],
    [2, 5, 45, 45, 6],
    [1, 2, 11, 18, 0],
    [0, 0, 0, 6, 1],
    [6, 0, 24, 29, 1],
    [0, 0, 10, 12, 1],
    [1, 0, 1, 4, 1],
    [6, 5, 37, 58, 2],
    [0, 1, 4, 22, 3],
    [0, 3, 2, 27, 0],
    [0, 3, 6, 15, 0],
    [1, 0, 21, 51, 1],
    [0, 0, 10, 10, 0],
    [4, 2, 4, 14, 1],
    [2, 0, 5, 10, 0],
    [2, 0, 1, 7, 0],
    [2, 0, 6, 12, 1],
    [3, 2, 5, 5, 0],
    [1, 1, 4, 15, 2],
    [3, 1, 5, 10, 0],
    [0, 0, 6, 14, 0],
    [0, 1, 14, 23, 1],
    [4, 1, 8, 13, 0],
    [0, 1, 1, 6, 0],
    [2, 0, 0, 4, 0],
    [1, 0, 1, 6, 0],
    [8, 0, 3, 18, 3],
    [4, 2, 12, 11, 1],
    [1, 0, 2, 2, 2],
    [2, 1, 8, 13, 0],
    [2, 0, 4, 7, 2],
    [1, 0, 3, 3, 2],
    [2, 3, 17, 31, 3],
    [1, 1, 11, 11, 2],
    [3, 3, 2, 1, 0],
    [5, 1, 7, 12, 1],
    [0, 1, 4, 13, 1],
    [2, 1, 7, 13, 2],
    [5, 3, 10, 14, 3],
    [2, 10, 32, 53, 5],
    [6, 3, 26, 47, 3],
    [1, 1, 18, 44, 2],
    [4, 6, 41, 76, 5],
    [0, 2, 20, 29, 1],
    [6, 7, 34, 51, 1],
    [5, 6, 25, 79, 2],
    [8, 6, 42, 74, 4],
    [1, 4, 19, 33, 3],
    [2, 3, 29, 56, 0],
    [3, 2, 23, 45, 4],
    [2, 0, 8, 21, 0],
    [0, 1, 29, 58, 1],
    [5, 0, 24, 71, 4],
    [3, 4, 12, 38, 1],
    [3, 7, 55, 126, 3],
    [4, 6, 23, 55, 0],
    [2, 4, 27, 65, 4],
    [1, 2, 21, 32, 0],
    [3, 4, 20, 28, 4],
    [0, 0, 6, 8, 2],
    [0, 1, 3, 6, 0],
    [0, 1, 1, 4, 0],
    [1, 0, 14, 81, 0],
    [5, 7, 26, 41, 3],
    [1, 2, 25, 45, 2],
    [2, 2, 12, 25, 2],
    [0, 2, 12, 23, 4],
    [0, 1, 11, 12, 1],
    [0, 0, 8, 11, 0],
    [0, 0, 5, 4, 0],
    [4, 1, 21, 29, 3],
    [2, 2, 30, 48, 1],
    [0, 4, 23, 68, 2],
    [4, 12, 74, 98, 3],
    [0, 3, 11, 31, 1],
    [0, 1, 14, 27, 1],
    [1, 5, 19, 26, 2],
    [9, 8, 30, 44, 3],
    [2, 3, 7, 16, 1],
    [0, 1, 7, 47, 0],
    [2, 9, 38, 87, 3],
    [3, 7, 20, 34, 0],
    [2, 8, 47, 91, 11],
    [2, 1, 7, 9, 1],
    [3, 3, 18, 25, 3],
    [0, 1, 20, 41, 2],
    [1, 4, 20, 16, 2],
    [2, 6, 25, 35, 4],
    [0, 0, 0, 9, 0],
    [1, 2, 3, 4, 1],
    [0, 0, 3, 9, 0],
    [0, 0, 2, 7, 1],
    [1, 1, 2, 5, 1],
    [3, 2, 7, 10, 0],
    [1, 1, 5, 17, 0],
    [0, 0, 5, 6, 0],
    [1, 2, 15, 50, 3],
    [2, 2, 24, 45, 2],
    [1, 1, 5, 21, 3],
    [1, 2, 12, 24, 2],
    [1, 3, 15, 28, 0],
    [2, 7, 26, 63, 10],
    [1, 4, 24, 52, 6],
    [2, 4, 30, 66, 6],
    [2, 8, 48, 84, 11],
    [0, 0, 8, 5, 0],
    [3, 15, 57, 206, 6],
    [1, 3, 16, 29, 1],
    [2, 0, 15, 24, 2],
    [0, 0, 14, 11, 1],
    [0, 8, 80, 115, 7],
    [1, 1, 32, 59, 3],
    [2, 2, 36, 56, 3],
    [1, 1, 4, 23, 1],
    [0, 4, 29, 38, 3],
    [1, 2, 15, 43, 2],
    [0, 0, 5, 10, 0],
    [0, 0, 9, 11, 2],
    [0, 0, 3, 5, 3],
    [1, 1, 4, 7, 1],
    [5, 8, 37, 87, 4],
    [1, 7, 61, 151, 3],
    [2, 3, 29, 80, 8],
    [2, 4, 3, 34, 5],
    [4, 3, 15, 33, 0],
    [2, 3, 12, 22, 1],
    [0, 8, 35, 74, 3],
    [3, 5, 24, 45, 4],
    [0, 0, 2, 7, 1],
    [8, 1, 14, 32, 1],
    [2, 1, 19, 48, 6],
    [46, 49, 448, 950, 63],
    [3, 8, 50, 161, 13],
    [50, 88, 422, 1108, 68],
    [6, 2, 39, 51, 4]
  ],
  "W": [
    [1, 7, 7, 3, 1, 0],
    [0, 7, 3, 1, 1, 2],
    [0, 4, 6, 2, 0, 1],
    [2, 10, 2, 3, 2, 0],
    [0, 9, 5, 6, 4, 1],
    [0, 1, 3, 2, 1, 0],
    [0, 4, 3, 3, 2, 0],
    [1, 4, 9, 2, 0, 4],
    [0, 5, 4, 4, 3, 2],
    [1, 4, 7, 7, 0, 2],
    [0, 3, 5, 3, 4, 0],
    [2, 11, 14, 7, 4, 1],
    [2, 23, 18, 11, 7, 3],
    [2, 3, 2, 3, 0, 1],
    [0, 3, 3, 2, 1, 1],
    [0, 2, 1, 1, 0, 4],
    [2, 6, 4, 11, 3, 1],
    [0, 2, 4, 4, 0, 4],
    [1, 2, 2, 1, 1, 1],
    [3, 11, 9, 5, 1, 0],
    [2, 5, 3, 8, 1, 3],
    [1, 10, 16, 4, 3, 2],
    [3, 18, 14, 2, 2, 2],
    [1, 5, 3, 10, 0, 3],
    [2, 4, 0, 5, 0, 0],
    [0, 4, 9, 0, 2, 1],
    [3, 42, 34, 15, 13, 4],
    [1, 3, 2, 0, 1, 0],
    [1, 7, 1, 10, 3, 0],
    [0, 11, 2, 14, 2, 4],
    [1, 2, 2, 13, 1, 0],
    [2, 13, 17, 9, 2, 2],
    [3, 6, 2, 10, 4, 0],
    [5, 8, 4, 1, 2, 0],
    [1, 24, 32, 7, 6, 4],
    [0, 14, 3, 4, 4, 1],
    [1, 16, 6, 3, 2, 1],
    [1, 2, 1, 2, 0, 0],
    [1, 12, 15, 15, 1, 4],
    [1, 1, 2, 2, 1, 2],
    [1, 1, 2, 5, 0, 0],
    [0, 6, 9, 10, 2, 5],
    [2, 21, 17, 8, 3, 1],
    [3, 45, 26, 6, 8, 3],
    [0, 4, 5, 6, 0, 1],
    [1, 2, 3, 4, 0, 4],
    [2, 29, 19, 7, 4, 1],
    [2, 9, 1, 6, 2, 2],
    [0, 1, 2, 3, 2, 0],
    [1, 1, 1, 3, 1, 2],
    [5, 10, 7, 6, 1, 3],
    [5, 10, 0, 2, 3, 0],
    [1, 11, 4, 6, 4, 1],
    [0, 9, 5, 9, 3, 1],
    [2, 11, 7, 7, 4, 3],
    [2, 5, 6, 3, 1, 1],
    [1, 4, 1, 6, 0, 0],
    [3, 1, 2, 5, 0, 0],
    [0, 1, 2, 1, 0, 2],
    [0, 4, 1, 6, 1, 2],
    [1, 8, 9, 6, 3, 0],
    [0, 9, 1, 3, 1, 0],
    [2, 8, 1, 1, 0, 1],
    [0, 7, 2, 2, 0, 0],
    [1, 2, 11, 5, 2, 0],
    [1, 22, 11, 8, 3, 2],
    [1, 3, 7, 6, 0, 2],
    [0, 4, 1, 2, 0, 0],
    [1, 1, 2, 5, 1, 1],
    [7, 75, 63, 12, 10, 1],
    [6, 40, 29, 8, 4, 2],
    [3, 46, 24, 10, 2, 6],
    [4, 20, 22, 4, 2, 0],
    [3, 26, 14, 7, 7, 2],
    [2, 13, 1, 2, 0, 1],
    [4, 9, 3, 3, 0, 1],
    [1, 7, 1, 4, 1, 0],
    [4, 19, 8, 5, 3, 1],
    [0, 4, 8, 4, 1, 0],
    [6, 18, 12, 3, 3, 3],
    [4, 15, 9, 5, 3, 3],
    [0, 9, 3, 8, 2, 1],
    [2, 17, 17, 12, 4, 3],
    [2, 13, 10, 2, 1, 1],
    [5, 54, 18, 10, 7, 4],
    [4, 12, 11, 8, 0, 2],
    [0, 1, 5, 5, 0, 1],
    [0, 16, 8, 5, 4, 2],
    [2, 10, 11, 6, 1, 1],
    [8, 87, 80, 10, 12, 6],
    [1, 4, 3, 3, 0, 1],
    [3, 67, 55, 17, 8, 5],
    [0, 12, 7, 1, 4, 1],
    [1, 4, 0, 0, 1, 0],
    [0, 21, 22, 1, 2, 0],
    [5, 43, 27, 9, 9, 8],
    [2, 37, 17, 5, 4, 5],
    [1, 33, 23, 5, 7, 3],
    [0, 3, 2, 0, 2, 0],
    [0, 29, 19, 3, 0, 3],
    [2, 25, 23, 2, 4, 5],
    [1, 6, 6, 4, 3, 1],
    [1, 83, 47, 6, 8, 6],
    [1, 25, 22, 3, 14, 1],
    [5, 162, 97, 7, 27, 16],
    [9, 135, 94, 8, 27, 15],
    [0, 7, 3, 0, 2, 0],
    [7, 81, 81, 12, 8, 4],
    [9, 212, 209, 25, 26, 25],
    [0, 6, 2, 1, 0, 0],
    [5, 29, 19, 9, 6, 2],
    [1, 26, 7, 0, 2, 0],
    [4, 136, 61, 8, 11, 6],
    [2, 64, 30, 16, 3, 8],
    [3, 17, 8, 8, 4, 2],
    [1, 32, 19, 3, 4, 2],
    [1, 13, 16, 1, 7, 2],
    [3, 10, 7, 11, 6, 3],
    [4, 39, 44, 11, 5, 3],
    [2, 13, 15, 3, 7, 2],
    [4, 52, 26, 3, 7, 8],
    [0, 17, 11, 4, 3, 1],
    [0, 35, 8, 5, 6, 6],
    [4, 233, 101, 14, 21, 16],
    [0, 18, 10, 2, 1, 2],
    [1, 34, 16, 2, 10, 2],
    [4, 33, 30, 6, 4, 2],
    [1, 30, 34, 7, 8, 1],
    [2, 69, 38, 5, 9, 2],
    [4, 11, 4, 1, 5, 1],
    [0, 2, 2, 1, 1, 1],
    [0, 8, 8, 1, 0, 1],
    [6, 55, 50, 7, 9, 5],
    [0, 24, 6, 6, 3, 1],
    [1, 19, 6, 0, 6, 1],
    [2, 24, 26, 5, 4, 2],
    [3, 57, 64, 5, 10, 11],
    [4, 10, 7, 0, 3, 0],
    [0, 10, 11, 0, 0, 4],
    [1, 7, 20, 5, 1, 1],
    [0, 17, 24, 0, 10, 1],
    [0, 2, 4, 2, 0, 1],
    [0, 13, 11, 0, 0, 0],
    [2, 22, 15, 6, 2, 2],
    [1, 14, 29, 2, 3, 0],
    [0, 21, 6, 2, 13, 4],
    [5, 46, 36, 3, 2, 0],
    [0, 18, 14, 0, 2, 2],
    [1, 26, 11, 7, 8, 6],
    [5, 19, 14, 12, 8, 3],
    [3, 26, 29, 0, 2, 0],
    [2, 46, 48, 11, 4, 4],
    [1, 4, 4, 1, 1, 0],
    [1, 4, 1, 1, 1, 0],
    [0, 5, 9, 0, 0, 0],
    [0, 40, 7, 3, 3, 3],
    [1, 21, 41, 5, 1, 0],
    [0, 20, 18, 0, 2, 2],
    [0, 43, 51, 6, 7, 0],
    [9, 48, 18, 13, 9, 8],
    [2, 21, 14, 1, 1, 0],
    [5, 14, 8, 2, 4, 4],
    [0, 13, 10, 1, 0, 0],
    [2, 22, 32, 4, 5, 2],
    [0, 8, 2, 6, 3, 0],
    [0, 7, 3, 0, 0, 1],
    [0, 12, 6, 5, 1, 1],
    [1, 17, 10, 0, 2, 2],
    [2, 38, 27, 2, 1, 3],
    [7, 24, 11, 3, 7, 1],
    [4, 54, 21, 8, 10, 6],
    [0, 16, 10, 4, 2, 0],
    [1, 0, 4, 0, 2, 0],
    [0, 30, 14, 9, 3, 4],
    [1, 10, 7, 4, 0, 1],
    [0, 4, 1, 2, 0, 0],
    [2, 47, 37, 13, 6, 3],
    [1, 6, 15, 2, 3, 3],
    [1, 16, 4, 1, 8, 2],
    [0, 10, 8, 1, 3, 2],
    [3, 33, 29, 5, 4, 0],
    [0, 16, 2, 0, 2, 0],
    [1, 8, 5, 8, 1, 2],
    [0, 7, 5, 2, 1, 2],
    [0, 2, 3, 5, 0, 0],
    [0, 11, 2, 3, 3, 2],
    [0, 4, 3, 6, 2, 0],
    [1, 8, 4, 7, 2, 1],
    [3, 5, 3, 5, 2, 1],
    [1, 11, 3, 1, 4, 0],
    [1, 21, 9, 3, 4, 1],
    [0, 10, 5, 7, 3, 1],
    [0, 3, 2, 2, 0, 1],
    [0, 1, 0, 3, 0, 2],
    [0, 4, 1, 1, 1, 1],
    [1, 8, 7, 9, 3, 4],
    [4, 12, 1, 8, 3, 2],
    [0, 3, 2, 2, 0, 0],
    [1, 11, 5, 6, 1, 0],
    [0, 4, 5, 1, 2, 3],
    [0, 1, 2, 4, 1, 1],
    [1, 25, 13, 8, 6, 3],
    [0, 11, 5, 4, 3, 3],
    [0, 3, 0, 4, 1, 1],
    [1, 7, 6, 8, 3, 1],
    [1, 6, 6, 0, 3, 3],
    [2, 14, 4, 1, 4, 0],
    [2, 18, 3, 8, 1, 3],
    [3, 59, 21, 7, 6, 6],
    [0, 35, 28, 10, 9, 3],
    [2, 39, 15, 6, 2, 2],
    [4, 53, 45, 9, 12, 9],
    [0, 37, 7, 4, 3, 1],
    [1, 50, 33, 6, 5, 4],
    [2, 55, 36, 16, 6, 2],
    [2, 67, 34, 16, 10, 5],
    [1, 40, 10, 3, 4, 2],
    [1, 48, 23, 8, 6, 4],
    [1, 40, 18, 9, 4, 5],
    [0, 12, 10, 3, 5, 1],
    [5, 40, 27, 7, 7, 3],
    [5, 45, 37, 10, 7, 0],
    [2, 20, 15, 11, 5, 5],
    [7, 82, 67, 18, 13, 7],
    [4, 41, 27, 9, 5, 2],
    [8, 44, 23, 8, 11, 8],
    [3, 28, 12, 3, 8, 2],
    [1, 31, 8, 8, 6, 5],
    [0, 11, 3, 1, 0, 1],
    [1, 3, 3, 1, 1, 1],
    [0, 3, 3, 0, 0, 0],
    [0, 31, 53, 5, 4, 3],
    [4, 45, 14, 5, 8, 6],
    [1, 33, 28, 8, 2, 3],
    [0, 20, 13, 6, 2, 2],
    [0, 18, 14, 2, 4, 3],
    [1, 14, 4, 2, 0, 4],
    [2, 9, 3, 2, 3, 0],
    [0, 5, 1, 0, 3, 0],
    [1, 25, 11, 10, 8, 3],
    [1, 40, 28, 6, 6, 2],
    [2, 46, 28, 6, 7, 8],
    [7, 119, 36, 10, 10, 9],
    [2, 15, 12, 8, 9, 0],
    [2, 23, 12, 2, 4, 0],
    [1, 20, 23, 3, 3, 3],
    [7, 40, 13, 22, 6, 6],
    [1, 9, 11, 6, 1, 1],
    [2, 20, 14, 3, 12, 4],
    [7, 66, 37, 9, 13, 7],
    [1, 35, 10, 7, 6, 5],
    [4, 80, 39, 12, 15, 9],
    [0, 10, 3, 3, 4, 0],
    [1, 20, 12, 4, 8, 7],
    [2, 29, 19, 6, 6, 2],
    [2, 20, 10, 5, 0, 6],
    [1, 34, 19, 8, 6, 4],
    [0, 4, 3, 0, 1, 1],
    [1, 4, 2, 3, 1, 0],
    [0, 8, 2, 0, 2, 0],
    [0, 5, 5, 0, 0, 0],
    [0, 3, 2, 3, 0, 2],
    [1, 8, 2, 7, 3, 1],
    [0, 9, 6, 6, 2, 1],
    [0, 7, 1, 1, 1, 1],
    [0, 32, 21, 2, 9, 7],
    [1, 45, 16, 5, 3, 5],
    [1, 9, 11, 8, 2, 0],
    [2, 16, 10, 5, 3, 5],
    [2, 27, 10, 3, 3, 2],
    [3, 53, 27, 6, 10, 9],
    [2, 33, 35, 5, 6, 6],
    [2, 64, 24, 8, 5, 5],
    [3, 86, 41, 8, 9, 6],
    [0, 10, 2, 0, 1, 0],
    [4, 128, 121, 5, 14, 15],
    [5, 20, 13, 5, 6, 1],
    [1, 24, 11, 3, 3, 1],
    [0, 19, 3, 0, 0, 4],
    [11, 119, 55, 6, 11, 8],
    [3, 54, 28, 2, 9, 0],
    [1, 46, 28, 4, 16, 4],
    [1, 14, 9, 3, 3, 0],
    [0, 48, 18, 2, 3, 3],
    [3, 30, 17, 2, 5, 6],
    [0, 9, 3, 1, 2, 0],
    [1, 14, 2, 2, 0, 3],
    [0, 2, 4, 4, 0, 1],
    [1, 7, 4, 1, 1, 0],
    [4, 68, 43, 9, 10, 7],
    [4, 126, 71, 8, 6, 8],
    [2, 60, 34, 9, 9, 8],
    [2, 14, 14, 8, 8, 2],
    [2, 25, 13, 9, 4, 2],
    [1, 20, 11, 3, 4, 1],
    [2, 58, 39, 4, 12, 5],
    [6, 41, 17, 7, 5, 5],
    [1, 3, 3, 1, 2, 0],
    [7, 13, 8, 19, 6, 3],
    [2, 33, 26, 5, 10, 0],
    [74, 609, 519, 149, 139, 66],
    [9, 92, 90, 13, 24, 7],
    [71, 775, 587, 122, 90, 91],
    [6, 34, 36, 17, 3, 6]
  ],
  "method": "mvn_cdf",
  "mvncdf_method": "genz",
  "mvncdf_samples": 5000,
  "mvncdf_error": 0.001,
  "cond_prob": [
    [
      [0.058659487747, 0.30219827612, 0.28363580094, 0.35550643519, 0],
      [0.0032658119193, 0.16069027155, 0.49541157796, 0.34063233858, 0],
      [0, 0.0020109144401, 0.11117517838, 0.88681390718, 0],
      [0.6291539506, 0.14578056935, 0.065410310918, 0.15965516912, 0],
      [0.031017977004, 0.12155171391, 0.27402597193, 0.57340433716, 0],
      ["NaN", "NaN", "NaN", "NaN", "NaN"]
    ],
    [
      ["NaN", "NaN", "NaN", "NaN", "NaN"],
      [0, 0, 0.3449532473, 0.58508982109, 0.069956931611],
      [0, 0, 0.037845715692, 0.8846634347, 0.077490849612],
      [0, 0, 0.12835972192, 0.65166570681, 0.21997457127],
      [0, 0, 0.13940824321, 0.66097354128, 0.1996182155],
      [0, 0, 0.10201107834, 0.4688708501, 0.42911807156]
    ],
    [
      ["NaN", "NaN", "NaN", "NaN", "NaN"],
      [0, 0.068416699743, 0.34217250771, 0.58941079255, 0],
      [0, 0.01738622567, 0.054293287368, 0.92832048696, 0],
      [0, 0.19060664923, 0.11017623217, 0.6992171186, 0],
      ["NaN", "NaN", "NaN", "NaN", "NaN"],
      [0, 0.24080254854, 0.085197780621, 0.67399967084, 0]
    ],
    [
      [0.021852763644, 0.062393625008, 0.15615472231, 0.75959888904, 0],
      [0.0074572247025, 0.061928270115, 0.22758152076, 0.70303298442, 0],
      [0.0037809908037, 0.0039574313757, 0.025302113419, 0.9669594644, 0],
      [0.28212717443, 0.067178823643, 0.052764505773, 0.59792949615, 0],
      [0.013889360395, 0.023239357575, 0.10148880179, 0.86138248024, 0],
      ["NaN", "NaN", "NaN", "NaN", "NaN"]
    ],
    [
      ["NaN", "NaN", "NaN", "NaN", "NaN"],
      [0.051911117946, 0, 0.26079169995, 0.68729718211, 0],
      [0.032765470753, 0, 0.028768701421, 0.93846582783, 0],
      [0.97824608699, 0, 0, 0.02175391301, 0],
      [0.16151101571, 0, 0.12239919219, 0.7160897921, 0],
      [0.85345199995, 0, 0.019434424632, 0.12711357541, 0]
    ],
    [
      ["NaN", "NaN", "NaN", "NaN", "NaN"],
      [0.0059967047094, 0, 0.47307650888, 0.52092678642, 0],
      [0.0072441806466, 0, 0.063390936325, 0.92936488303, 0],
      [0.47386991452, 0, 0.085444307875, 0.44068577761, 0],
      [0.024530924313, 0, 0.1658620664, 0.80960700929, 0],
      ["NaN", "NaN", "NaN", "NaN", "NaN"]
    ],
    [
      ["NaN", "NaN", "NaN", "NaN", "NaN"],
      [0.015699127092, 0, 0.36752288556, 0.61677798735, 0],
      [0.0072773885342, 0, 0.048281871092, 0.94444074037, 0],
      [0.94004400662, 0, 0.010145424835, 0.049810568541, 0],
      [0.04761965308, 0, 0.17731328499, 0.77506706193, 0],
      ["NaN", "NaN", "NaN", "NaN", "NaN"]
    ],
    [
      [0.059455406568, 0.084050379948, 0.17833480683, 0.63905418869, 0.03910521796],
      [0, 0.092161566501, 0.31012566815, 0.57821964623, 0.01949311912],
      [5.6525673536e-06, 0.0056469543989, 0.034940963403, 0.92767128803, 0.031735141597],
      [0.70771617491, 0.053076978704, 0.023790872243, 0.19265232048, 0.022763653665],
      ["NaN", "NaN", "NaN", "NaN", "NaN"],
      [0.13126534263, 0.34758170176, 0.054778026362, 0.32843024829, 0.13794468096]
    ],
    [
      ["NaN", "NaN", "NaN", "NaN", "NaN"],
      [0, 0.013541022962, 0.73421466598, 0.25224431105, 0],
      [0, 0.0048798505092, 0.27684516532, 0.71827498417, 0],
      [0, 0.14734206391, 0.39351940447, 0.45913853163, 0],
      [0, 0.020080788699, 0.56550391197, 0.41441529933, 0],
      [0, 0.13158243071, 0.47547832752, 0.39293924177, 0]
    ],
    [
      [0.034113213393, 0, 0.10608402054, 0.77497979632, 0.084822969755],
      [3.8099805388e-05, 0, 0.17308398203, 0.78252092404, 0.044356994125],
      [0.0021086174377, 0, 0.0070472505933, 0.93198637307, 0.058857758903],
      [0.53928345331, 0, 0.011394968385, 0.34043346651, 0.1088881118],
      ["NaN", "NaN", "NaN", "NaN", "NaN"],
      [0.087994946066, 0, 0.036242259257, 0.59399881525, 0.28176397943]
    ],
    [
      ["NaN", "NaN", "NaN", "NaN", "NaN"],
      [0.0045985949094, 0.10599895704, 0.17484579642, 0.68120044682, 0.033356204805],
      [0.0031301668978, 0.018792185267, 0.0079574293848, 0.93395545702, 0.036164761429],
      [0.30810684814, 0.10989666299, 0.024516624228, 0.50081058675, 0.056669277889],
      [0.011558209089, 0.064588053388, 0.090531397786, 0.69604740354, 0.13727493619],
      ["NaN", "NaN", "NaN", "NaN", "NaN"]
    ],
    [
      [0.011930571561, 0.025479119938, 0.34597268316, 0.59965158613, 0.016966039212],
      [0.0021050690874, 0.027014131696, 0.51089540154, 0.45020798083, 0.0097774168494],
      [0.0027246478768, 0.0035932996238, 0.091720816617, 0.88466141112, 0.017299824766],
      [0.26618844154, 0.056372146256, 0.16058871266, 0.47224282976, 0.04460786979],
      [0.0038569446204, 0.016157860076, 0.27410563517, 0.65963716078, 0.046242399359],
      [0.036091157404, 0.14234365264, 0.18357025483, 0.51890083159, 0.11909410354]
    ],
    [
      [0.052021702662, 0.033505312702, 0.25719694711, 0.65727603752, 0],
      [0, 0.028766002532, 0.38835121176, 0.58288278571, 0],
      [0, 0.00042741007153, 0.05963413196, 0.93993845797, 0],
      [0.58149926893, 0.044341968496, 0.064140581426, 0.31001818115, 0],
      [0.011417930184, 0.03503891485, 0.20318419452, 0.75035896045, 0],
      [0.13984637506, 0.17688129256, 0.11742603426, 0.56584629813, 0]
    ],
    [
      [0, 0, 0.27849277636, 0.72150722364, 0],
      [0, 0, 0.23877974003, 0.76122025997, 0],
      [0, 0, 0.038262393209, 0.96173760679, 0],
      [0, 0, 0.17357153895, 0.82642846105, 0],
      ["NaN", "NaN", "NaN", "NaN", "NaN"],
      [0, 0, 0.12943582392, 0.87056417608, 0]
    ],
    [
      ["NaN", "NaN", "NaN", "NaN", "NaN"],
      [0, 0.071822520053, 0.42793047896, 0.45402927253, 0.046217728461],
      [0, 0.0077799010036, 0.057759992794, 0.87269085506, 0.061769251147],
      [0, 0.22058460292, 0.12801668566, 0.48111050382, 0.1702882076],
      [0, 0.042333914807, 0.19107728123, 0.64624452808, 0.12034427588],
      [0, 0.27768961618, 0.09581793219, 0.41137408154, 0.21511837009]
    ],
    [
      ["NaN", "NaN", "NaN", "NaN", "NaN"],
      [0.034842416682, 0.011243863779, 0.55674673216, 0.39716698738, 0],
      [0.064234603907, 0.016073950199, 0.13853065154, 0.78116079435, 0],
      [0.6483057187, 0.032046088327, 0.10187249932, 0.21777569365, 0],
      ["NaN", "NaN", "NaN", "NaN", "NaN"],
      [0.30444371101, 0.23234805848, 0.1615258462, 0.30168238431, 0]
    ],
    [
      [0.019257647774, 0.13795241354, 0.10560481358, 0.71942603018, 0.017759094924],
      [0.011921700194, 0.10259862328, 0.16672904096, 0.70494922557, 0.013801409993],
      [0.0044912457714, 0.008696867286, 0.015497892021, 0.9552801273, 0.016033867618],
      [0.25553460818, 0.22091654497, 0.041653327478, 0.42460832307, 0.057287196298],
      [0.012380748181, 0.077642969245, 0.077500395234, 0.79133865113, 0.041137236212],
      [0.023966585664, 0.41070506171, 0.035736771031, 0.46562456978, 0.063967011812]
    ],
    [
      ["NaN", "NaN", "NaN", "NaN", "NaN"],
      [0.0088558103001, 0, 0.45506698536, 0.53607720434, 0],
      [0.051146086335, 0, 0.040621801328, 0.90823211234, 0],
      [0.70070087664, 0, 0.06343670617, 0.23586241719, 0],
      ["NaN", "NaN", "NaN", "NaN", "NaN"],
      [0.49372513187, 0, 0.16840799982, 0.33786686831, 0]
    ],
    [
      [0.024986870576, 0.094387511626, 0.73457142149, 0.14605419631, 0],
      [0, 0.10621556364, 0.82475426271, 0.069030173653, 0],
      [5.8331277056e-05, 0.03906887092, 0.28755618203, 0.67331661577, 0],
      [0.85733895443, 0.066944794001, 0.05372897756, 0.021987274009, 0],
      [0.014236263923, 0.080881473631, 0.67879972274, 0.2260825397, 0],
      [0.10332124852, 0.46721735163, 0.30827898872, 0.12118241113, 0]
    ],
    [
      [0.026780701284, 0.056797245529, 0.46267485923, 0.45374719395, 0],
      [0.00014004986215, 0.038093258388, 0.5754296625, 0.38633702925, 0],
      [0.002914083116, 0.0072161640342, 0.12001588061, 0.86985387224, 0],
      [0.37475309902, 0.064723774462, 0.17016223554, 0.39036089098, 0],
      [0.018125104515, 0.022018072534, 0.3512950316, 0.60856179135, 0],
      ["NaN", "NaN", "NaN", "NaN", "NaN"]
    ],
    [
      [0.027041319309, 0.028160389868, 0.34793073133, 0.5968675595, 0],
      [0.01222519942, 0.016887467067, 0.43531822638, 0.53556910713, 0],
      [0.0150095731, 0.0033262016237, 0.092183532819, 0.88948069246, 0],
      [0.44413301507, 0.051177016674, 0.13491475602, 0.36977521224, 0],
      [0.026147604417, 0.024971448379, 0.2349106291, 0.71397031811, 0],
      [0.086850306674, 0.13829189943, 0.1789227099, 0.59593508399, 0]
    ],
    [
      [0.024811515212, 0.12692422414, 0.26450687657, 0.56373243569, 0.020024948382],
      [0.0099911551824, 0.11129169451, 0.43121749953, 0.43495811334, 0.012541537437],
      [0, 0.0015056309477, 0.079381474, 0.89504562804, 0.024067267008],
      [0.43501259704, 0.15506368772, 0.079615029874, 0.29872086951, 0.031587815856],
      [0.0077966796551, 0.076968442751, 0.21875699091, 0.63902398622, 0.057453900465],
      [0.055918252924, 0.44245432823, 0.089241725959, 0.32700047273, 0.085385220152]
    ],
    [
      [0.20890175567, 0.14180685483, 0.36620044325, 0.28309094625, 0],
      [0.00023727555239, 0.017619715129, 0.45945100331, 0.52269200601, 0],
      [0.00024994908927, 0.0004298463298, 0.074086017241, 0.92523418734, 0],
      [0.98347207357, 0.010921745801, 0.0017920885163, 0.003814092116, 0],
      [0.12752830746, 0.0323453561, 0.22019222713, 0.61993410931, 0],
      [0.57176186187, 0.082436255377, 0.075053868999, 0.27074801375, 0]
    ],
    [
      [0.053063734865, 0.030729987945, 0.1481406344, 0.76806564279, 0],
      [0.03137231819, 0.019832480681, 0.22016543515, 0.72862976598, 0],
      [0.031033134888, 0.0031306526382, 0.029021915648, 0.93681429683, 0],
      [0.53278878648, 0.045829305119, 0.044813019034, 0.37656888936, 0],
      ["NaN", "NaN", "NaN", "NaN", "NaN"],
      [0.1230291349, 0.13414086651, 0.071945417521, 0.67088458107, 0]
    ],
    [
      [0.048809802859, 0, 0.27341032409, 0.27368225055, 0.4040976225],
      [0.060793064237, 0, 0.47893260831, 0.24171743446, 0.218556893],
      ["NaN", "NaN", "NaN", "NaN", "NaN"],
      [0.53184162747, 0, 0.10748978372, 0.09715315221, 0.2635154366],
      ["NaN", "NaN", "NaN", "NaN", "NaN"],
      ["NaN", "NaN", "NaN", "NaN", "NaN"]
    ],
    [
      ["NaN", "NaN", "NaN", "NaN", "NaN"],
      [0, 0.12142784622, 0.18313037419, 0.65751967976, 0.037922099832],
      [0, 0.010657761519, 0.0095600867302, 0.92891837163, 0.050863780116],
      ["NaN", "NaN", "NaN", "NaN", "NaN"],
      [0, 0.044511800509, 0.074018480198, 0.77436291705, 0.10710680224],
      [0, 0.32934516044, 0.033400762289, 0.46093010213, 0.17632397515]
    ],
    [
      [0.025973800863, 0.052530361173, 0.23928521199, 0.66553708028, 0.01667354569],
      [0.0017389738676, 0.053989573255, 0.34664284952, 0.59146871132, 0.0061598920409],
      [0.0014155487766, 0.0036967854179, 0.051822416917, 0.93177279341, 0.011292455479],
      [0.36456705111, 0.076597611739, 0.080440136874, 0.45088916216, 0.027506038121],
      [0.0061108316646, 0.031745112694, 0.18042345855, 0.73894381323, 0.042776783859],
      [0.063241614587, 0.22187637362, 0.10226887366, 0.52795522589, 0.084657912241]
    ],
    [
      [0, 0.24647280578, 0.1347242954, 0.61880289882, 0],
      [0, 0.19779201617, 0.2379613647, 0.56424661913, 0],
      [0, 0.028212544035, 0.025038162816, 0.94674929315, 0],
      ["NaN", "NaN", "NaN", "NaN", "NaN"],
      [0, 0.10372605764, 0.10131528486, 0.7949586575, 0],
      ["NaN", "NaN", "NaN", "NaN", "NaN"]
    ],
    [
      [0.034244572033, 0, 0.26998555715, 0.40304412516, 0.29272574566],
      [0.027455235814, 0, 0.46321972757, 0.44042345726, 0.068901579361],
      [0.00084539971218, 0, 0.038217603639, 0.8030610016, 0.15787599505],
      [0.46597527287, 0, 0.088851215215, 0.24445926064, 0.20071425128],
      [0.037656882952, 0, 0.18691553136, 0.4221126887, 0.35331489699],
      ["NaN", "NaN", "NaN", "NaN", "NaN"]
    ],
    [
      ["NaN", "NaN", "NaN", "NaN", "NaN"],
      [0.021367027801, 0.010494347635, 0.46626098987, 0.47071888365, 0.03115875105],
      [0, 0.00017374332862, 0.090913150818, 0.86502631949, 0.043886786359],
      [0.45381492922, 0.036945457845, 0.11059527325, 0.29657133701, 0.10207300267],
      [0.037310460652, 0.01235292503, 0.25265074061, 0.59161661723, 0.10606925648],
      [0.084233190967, 0.085568107368, 0.15891687577, 0.43920192205, 0.23207990384]
    ],
    [
      [0.11929264276, 0.046541917816, 0.17587249094, 0.57001666572, 0.088276282766],
      [0.11135310254, 0.024516550327, 0.27447661209, 0.55190473879, 0.037748996263],
      [0.12141723798, 0.0034568008177, 0.0497944331, 0.77734042347, 0.047991104633],
      [0.40589676192, 0.06746545979, 0.080935194684, 0.32046088893, 0.12524169468],
      [0.13850877128, 0.02046040262, 0.12342788779, 0.60550145375, 0.11210148456],
      ["NaN", "NaN", "NaN", "NaN", "NaN"]
    ],
    [
      [0.080781335628, 0.051708608241, 0.25149317154, 0.61601688459, 0],
      [0, 0.056537602017, 0.41212158551, 0.53134081247, 0],
      [0, 0.00077133994207, 0.066019399567, 0.93320926049, 0],
      [0.70766151447, 0.06265002764, 0.043678482506, 0.18600997538, 0],
      [0.023459010312, 0.051891970802, 0.21065463317, 0.71399438572, 0],
      [0.21128283895, 0.24042349396, 0.10134382188, 0.44694984521, 0]
    ],
    [
      [0.014703959052, 0.20337170761, 0.34502780624, 0.33924514746, 0.097651379633],
      [0.019740435826, 0.1240006933, 0.43600049893, 0.37568018491, 0.044578187033],
      [0.0062172863096, 0.012751872696, 0.11653628597, 0.77695536297, 0.087539192057],
      [0.27564030757, 0.22437468166, 0.11409271654, 0.23702385397, 0.14886844026],
      [0.017151964881, 0.094157538848, 0.24372846259, 0.45100854562, 0.19395348806],
      ["NaN", "NaN", "NaN", "NaN", "NaN"]
    ],
    [
      [0.095706056867, 0.11494301077, 0.38941223421, 0.29418728046, 0.10575141769],
      [0.0050347380023, 0.03975208202, 0.28335883596, 0.64598565547, 0.025868688554],
      [0.0036932055474, 0.0094111679705, 0.090669346909, 0.8688336281, 0.027392651475],
      [0.44922176985, 0.022623460897, 0.076063793544, 0.42503215348, 0.027058822227],
      [0.0085986098025, 0.023500078599, 0.17366348006, 0.73040584405, 0.06383198749],
      ["NaN", "NaN", "NaN", "NaN", "NaN"]
    ],
    [
      [0.028086838522, 0.058340308597, 0.32954568579, 0.54839534626, 0.035631820826],
      [0.00096927780811, 0.053111212701, 0.41909293584, 0.5081703177, 0.018656255959],
      [0.0012491586499, 0.0042440074365, 0.068994024074, 0.8938009039, 0.03171190594],
      [0.37744513072, 0.074575525617, 0.09574195345, 0.39708155178, 0.055155838436],
      [0.0058247536947, 0.030209025229, 0.21158272908, 0.67132681452, 0.08105667748],
      [0.057903245021, 0.20697487948, 0.1161812588, 0.46158908867, 0.15735152803]
    ],
    [
      ["NaN", "NaN", "NaN", "NaN", "NaN"],
      [0.0096301484707, 0.13403430227, 0.23432617862, 0.57513086782, 0.04687850282],
      [0, 0, 0.025196310905, 0.91740881701, 0.057394872083],
      [0.20572295133, 0.27479527368, 0.045934652341, 0.38358136723, 0.089965755424],
      [0.0053731702317, 0.11392980444, 0.1075059561, 0.61851991708, 0.15467115215],
      [0.020793435166, 0.56861945573, 0.030082132822, 0.18753626232, 0.19296871397]
    ],
    [
      [0.044668020281, 0.034908434929, 0.3449257899, 0.46019937758, 0.11529837731],
      [0, 0.03875739195, 0.52075772496, 0.39283125743, 0.047653625659],
      [0.00011607894195, 0.0014786778938, 0.098768649421, 0.78276244982, 0.11687414393],
      [0.61144147292, 0.059474169474, 0.060563576078, 0.15253849119, 0.11598229034],
      [0.010219782041, 0.019615024854, 0.23591044256, 0.45141677379, 0.28283797675],
      [0.099871523217, 0.11844866838, 0.076827100815, 0.19747678352, 0.50737592407]
    ],
    [
      [0.096727198249, 0, 0.49230353647, 0.41096926528, 0],
      [0, 0, 0.67497015373, 0.32502984627, 0],
      [0.0063536775258, 0, 0.10850543306, 0.88514088941, 0],
      [0.94845956211, 0, 0.024625361508, 0.02691507638, 0],
      ["NaN", "NaN", "NaN", "NaN", "NaN"],
      ["NaN", "NaN", "NaN", "NaN", "NaN"]
    ],
    [
      [0.030960711165, 0.024866045842, 0.23666398431, 0.62096564456, 0.086543614125],
      [0.0014135433255, 0.020739871647, 0.37237595527, 0.5624275802, 0.043043049558],
      [0.002722557197, 0.00026748725332, 0.052157245967, 0.87870365964, 0.066149049947],
      [0.50477108458, 0.026252216607, 0.066200752341, 0.28386685259, 0.11890909388],
      [0.0072716360117, 0.014956012052, 0.19126059166, 0.54962002206, 0.23689173822],
      [0.083100126577, 0.07837598111, 0.082048496557, 0.41043142188, 0.34604397387]
    ],
    [
      [0, 0, 0.49713748074, 0.46339285042, 0.039469668846],
      [0, 0, 0.7466876781, 0.23074684477, 0.022565477128],
      [0, 0, 0.11478087429, 0.82942853201, 0.055790593703],
      [0, 0, 0.30800634673, 0.5502892846, 0.14170436866],
      [0, 0, 0.36894158855, 0.56494245658, 0.066115954866],
      [0, 0, 0.27082940528, 0.4907411075, 0.23842948722]
    ],
    [
      [0.055732957326, 0.076829147035, 0.36233414853, 0.50510374711, 0],
      [0.032371351788, 0.040733840179, 0.52927914493, 0.3976156631, 0],
      [0.051034172985, 0.023010378105, 0.12512595481, 0.8008294941, 0],
      [0.36196546898, 0.16728325131, 0.17162695938, 0.29912432032, 0],
      ["NaN", "NaN", "NaN", "NaN", "NaN"],
      ["NaN", "NaN", "NaN", "NaN", "NaN"]
    ],
    [
      ["NaN", "NaN", "NaN", "NaN", "NaN"],
      [0, 0.043047628865, 0.37454794728, 0.57177964534, 0.010624778522],
      [0.0022162137869, 0.001207388378, 0.051700600768, 0.92967249144, 0.015203305628],
      [0.61948578538, 0.06060167582, 0.048259910024, 0.25161559804, 0.020037030736],
      [0.023143131054, 0.027962020158, 0.1697332303, 0.73383435153, 0.04532726695],
      [0.147781992, 0.21378138658, 0.093068269714, 0.44368900431, 0.10167934739]
    ],
    [
      [0.020049603356, 0.072294702483, 0.2495752603, 0.65808043386, 0],
      [0, 0.068333978622, 0.38112402235, 0.55054199903, 0],
      [0.001109911806, 0.0053234831902, 0.061456570754, 0.93211003425, 0],
      [0.3503064658, 0.10758531626, 0.092958135717, 0.44915008222, 0],
      [0.01913713382, 0.040318172561, 0.1978682102, 0.74267648342, 0],
      [0.081169164723, 0.34826078195, 0.11521359097, 0.45535646236, 0]
    ],
    [
      [0.02713564255, 0.093289990491, 0.28420677445, 0.59536759251, 0],
      [0, 0.075465272609, 0.41201290601, 0.51252182138, 0],
      [0.0015917845426, 0.0014444987376, 0.073615111623, 0.9233486051, 0],
      [0.4169122574, 0.1276101843, 0.09170423658, 0.36377332172, 0],
      [0.014515326047, 0.058956782621, 0.22389433602, 0.70263355531, 0],
      [0.086536840492, 0.34977347572, 0.11714196541, 0.44654771839, 0]
    ],
    [
      ["NaN", "NaN", "NaN", "NaN", "NaN"],
      [0.003023258254, 0.039244097548, 0.4328783362, 0.50020682905, 0.024647478948],
      [0.0058671947073, 0.010929464248, 0.075461342036, 0.87415898588, 0.033583013127],
      [0.31998984281, 0.10587565932, 0.12742386842, 0.3468322761, 0.09987835335],
      ["NaN", "NaN", "NaN", "NaN", "NaN"],
      [0.038631936584, 0.15312233266, 0.12663673448, 0.54738409781, 0.13422489847]
    ],
    [
      [0.010799138221, 0, 0, 0.88687063617, 0.1023302256],
      [0.056353010396, 0, 0, 0.88853847026, 0.055108519341],
      [0.00087650549941, 0, 0, 0.93733241228, 0.061791082216],
      [0.19609051437, 0, 0, 0.61695712232, 0.18695236331],
      ["NaN", "NaN", "NaN", "NaN", "NaN"],
      [0.022375816753, 0, 0, 0.51405667429, 0.46356750896]
    ],
    [
      [0.059716185316, 0, 0.33817930573, 0.60210450895, 0],
      [0, 0, 0.477266363, 0.522733637, 0],
      [0, 0, 0.079950291249, 0.92004970875, 0],
      [0.65844997239, 0, 0.089168988961, 0.25238103864, 0],
      [0.014765312162, 0, 0.27707709255, 0.70815759529, 0],
      [0.21235657396, 0, 0.23137003483, 0.55627339121, 0]
    ],
    [
      [0.016859282192, 0, 0.3201163188, 0.66302439901, 0],
      [0.0023402553803, 0, 0.42356497637, 0.57409476825, 0],
      [0.0010640579335, 0, 0.034609961608, 0.96432598046, 0],
      [0.45002419351, 0, 0.11361076324, 0.43636504324, 0],
      [0.012281736768, 0, 0.23396447552, 0.75375378772, 0],
      [0.10972322232, 0, 0.18173954148, 0.7085372362, 0]
    ],
    [
      ["NaN", "NaN", "NaN", "NaN", "NaN"],
      [0, 0, 0.30876672371, 0.69123327629, 0],
      [0, 0, 0.037262812773, 0.96273718723, 0],
      [0.66556932947, 0, 0.04856522102, 0.28586544951, 0],
      [0.0016460057966, 0, 0.23550599384, 0.76284800036, 0],
      ["NaN", "NaN", "NaN", "NaN", "NaN"]
    ],
    [
      [0.035787569481, 0.40743359447, 0.18639375043, 0.37038508562, 0],
      [0.020376457164, 0.27452050806, 0.3462678568, 0.35883517798, 0],
      [0, 0.019728928512, 0.05297890612, 0.92729216537, 0],
      [0.57502439618, 0.19346047082, 0.058645728367, 0.17286940463, 0],
      [0.052584485152, 0.24514299036, 0.15378655673, 0.54848596776, 0],
      [0.083089149826, 0.73639628306, 0.042317872413, 0.1381966947, 0]
    ],
    [
      [0.038072251418, 0.040643058179, 0.41624777351, 0.50503691689, 0],
      [0.0031218786952, 0.020221716026, 0.33564639968, 0.6410100056, 0],
      [0.004178251969, 0.0021474540092, 0.067682764198, 0.92599152982, 0],
      [0.40691097575, 0.03391341296, 0.087051433686, 0.47212417761, 0],
      [0.020916571761, 0.013446443987, 0.18311008398, 0.78252690028, 0],
      [0.095596588642, 0.12086948301, 0.12769970007, 0.65583422828, 0]
    ],
    [
      [0, 0, 0.48165323719, 0.51834676281, 0],
      [0, 0, 0.61699489105, 0.38300510895, 0],
      ["NaN", "NaN", "NaN", "NaN", "NaN"],
      [0, 0, 0.4745570975, 0.5254429025, 0],
      [0, 0, 0.49089023616, 0.50910976384, 0],
      ["NaN", "NaN", "NaN", "NaN", "NaN"]
    ],
    [
      [0.020223078293, 0, 0.28368176562, 0.69609515609, 0],
      [0.00067595867841, 0, 0.42630435805, 0.57301968327, 0],
      [0, 0, 0.066251390286, 0.93374860971, 0],
      [0.46446883395, 0, 0.10854988374, 0.42698128231, 0],
      [0.013779569541, 0, 0.23661560446, 0.749604826, 0],
      [0.13041009438, 0, 0.16420301444, 0.70538689118, 0]
    ],
    [
      ["NaN", "NaN", "NaN", "NaN", "NaN"],
      [0.0017878881994, 0.10557688226, 0.44328375915, 0.44935147039, 0],
      [0.0043375416813, 0.0052035615017, 0.088328077131, 0.90213081969, 0],
      [0.5354360329, 0.14293768343, 0.079610539957, 0.24201574371, 0],
      [0.014995946576, 0.088496640903, 0.24953851228, 0.64696890024, 0],
      [0.098309161929, 0.47186117857, 0.10369538555, 0.32613427394, 0]
    ],
    [
      [0.056268311998, 0.027010982641, 0.29743092168, 0.59984460739, 0.019445176298],
      [0, 0.020241954843, 0.4593375135, 0.50906231242, 0.011358219241],
      [0, 0.00034311412961, 0.072478051635, 0.90884979134, 0.018329042896],
      [0.62790161358, 0.040773972947, 0.069102933772, 0.23983069053, 0.022390789172],
      [0.0092727861721, 0.017521870836, 0.23974895051, 0.67741295083, 0.056043441651],
      [0.15168697876, 0.12180314619, 0.13412093609, 0.48340339074, 0.10898554822]
    ],
    [
      [0.015356182342, 0, 0.63867953404, 0.34596428361, 0],
      [0.002495975157, 0, 0.74751498718, 0.24998903767, 0],
      [0.0028211819736, 0, 0.17912911937, 0.81804969866, 0],
      [0.28504203638, 0, 0.31657270679, 0.39838525683, 0],
      [0.015066989921, 0, 0.51891861578, 0.4660143943, 0],
      [0.069687568632, 0, 0.44165454368, 0.48865788769, 0]
    ],
    [
      [0.067256229636, 0, 0.21659210599, 0.58719795802, 0.12895370635],
      [0.014905757417, 0, 0.36298098634, 0.57407049638, 0.048042759861],
      [0.0009283162428, 0, 0.047146425333, 0.90162343967, 0.050301818756],
      [0.64536540408, 0, 0.047389587217, 0.20248276947, 0.10476223924],
      ["NaN", "NaN", "NaN", "NaN", "NaN"],
      ["NaN", "NaN", "NaN", "NaN", "NaN"]
    ],
    [
      [0.016345630826, 0, 0.23125382333, 0.58882228851, 0.16357825733],
      [0.078324404599, 0, 0.16543404476, 0.71323278952, 0.043008761115],
      [0.090784102316, 0, 0.015312057095, 0.85223004078, 0.041673799813],
      [0.53821409966, 0, 0.022036074209, 0.36316805268, 0.076581773452],
      ["NaN", "NaN", "NaN", "NaN", "NaN"],
      ["NaN", "NaN", "NaN", "NaN", "NaN"]
    ],
    [
      ["NaN", "NaN", "NaN", "NaN", "NaN"],
      [0, 0, 0.8719823985, 0.1280176015, 0],
      [0, 0, 0.14422166541, 0.85577833459, 0],
      [0.75412210108, 0, 0.11064193139, 0.13523596753, 0],
      ["NaN", "NaN", "NaN", "NaN", "NaN"],
      [0.12293894946, 0, 0.36446616965, 0.51259488089, 0]
    ],
    [
      ["NaN", "NaN", "NaN", "NaN", "NaN"],
      [0, 0.078484080077, 0.62503367659, 0.29648224334, 0],
      [0.00094297856602, 0.011699294648, 0.15294064658, 0.83441708021, 0],
      [0.61230016054, 0.12870624889, 0.099716640531, 0.15927695004, 0],
      [0.053195260724, 0.085871791529, 0.37472226515, 0.48621068259, 0],
      [0.13603039872, 0.4081275501, 0.18695126937, 0.26889078181, 0]
    ],
    [
      [0.03559864705, 0.065710349117, 0.40929371785, 0.33863325747, 0.15076402851],
      [0, 0.044066687618, 0.60083220594, 0.32263080757, 0.032470298871],
      [0, 0.0044986319535, 0.12490572975, 0.80251264255, 0.068082995747],
      [0.48926464896, 0.071242637024, 0.11917885595, 0.23235923814, 0.087954619928],
      [0.0096044863873, 0.037937546738, 0.3149413104, 0.48785035673, 0.14966629974],
      ["NaN", "NaN", "NaN", "NaN", "NaN"]
    ],
    [
      ["NaN", "NaN", "NaN", "NaN", "NaN"],
