{
  "X": [
    [21, 11, 61, 234, 25],
    [7, 2, 10, 37, 1],
    [52, 83, 237, 1015, 67],
    [23, 18, 54, 207, 10],
    [53, 93, 277, 903, 64],
    [14, 10, 49, 137, 15],
    [1, 1, 7, 6, 2],
    [42, 28, 155, 167, 22],
    [8, 4, 17, 87, 5],
    [67, 185, 330, 798, 87],
    [47, 137, 281, 732, 61],
    [91, 66, 227, 515, 53],
    [43, 130, 386, 728, 88],
    [91, 286, 606, 1073, 116],
    [46, 152, 430, 755, 65],
    [22, 47, 111, 271, 24],
    [23, 50, 50, 209, 29],
    [30, 36, 141, 247, 29],
    [61, 181, 405, 814, 111],
    [43, 132, 319, 826, 91],
    [55, 89, 266, 714, 65],
    [56, 147, 418, 670, 78],
    [24, 49, 78, 376, 31],
    [141, 215, 614, 1222, 156],
    [4, 10, 9, 51, 6],
    [18, 14, 72, 256, 23],
    [14, 15, 36, 161, 16],
    [103, 153, 462, 980, 103],
    [36, 86, 250, 585, 86],
    [71, 111, 232, 648, 77],
    [32, 46, 146, 286, 36],
    [92, 177, 408, 823, 111],
    [14, 73, 199, 318, 37],
    [188, 438, 1056, 2224, 251],
    [19, 36, 99, 240, 17],
    [236, 148, 504, 1067, 139],
    [30, 37, 113, 269, 19]
  ],
  "W": [
    [17, 68, 223, 13, 12, 19],
    [4, 16, 32, 1, 2, 2],
    [56, 270, 943, 78, 43, 64],
    [10, 70, 196, 16, 3, 17],
    [42, 303, 872, 91, 29, 53],
    [19, 45, 130, 16, 6, 9],
    [0, 8, 4, 2, 0, 3],
    [46, 163, 140, 44, 6, 15],
    [9, 21, 79, 7, 1, 4],
    [42, 382, 833, 126, 42, 42],
    [46, 306, 723, 102, 32, 49],
    [87, 256, 494, 61, 12, 42],
    [34, 415, 694, 123, 53, 56],
    [83, 664, 1057, 237, 45, 86],
    [45, 472, 708, 143, 25, 55],
    [12, 146, 236, 48, 13, 20],
    [16, 74, 192, 53, 5, 21],
    [56, 120, 238, 28, 15, 26],
    [52, 472, 803, 131, 51, 63],
    [29, 372, 800, 113, 53, 44],
    [55, 284, 684, 73, 43, 50],
    [35, 456, 625, 135, 54, 64],
    [17, 99, 338, 33, 34, 37],
    [95, 743, 1177, 139, 100, 94],
    [4, 12, 49, 6, 3, 6],
    [16, 76, 251, 15, 15, 10],
    [12, 45, 160, 9, 8, 8],
    [113, 478, 913, 177, 56, 64],
    [51, 269, 548, 64, 53, 58],
    [60, 294, 586, 111, 29, 59],
    [29, 155, 272, 37, 28, 25],
    [57, 518, 794, 127, 50, 65],
    [7, 235, 296, 59, 18, 26],
    [177, 1144, 2089, 397, 151, 199],
    [13, 113, 232, 34, 5, 14],
    [141, 656, 1013, 133, 54, 97],
    [28, 136, 247, 30, 10, 17]
  ],
  "method": "mvn_pdf",
  "cond_prob": [
    [
      [0.61970549533, 0.028053861933, 0.17925272142, 0.14170861779, 0.031279303534],
      [0.0077609308834, 0.04248560772, 0.65974896676, 0.17248494206, 0.11751955258],
      [0, 0, 0.034441648483, 0.92003143794, 0.045526913572],
      [0.13327473826, 0.43040855624, 0.19393128111, 0.19293723787, 0.049448186532],
      [0.15711629854, 0.081812389536, 0.073749128121, 0.29644711544, 0.39087506835],
      [0.33259453155, 0.055631742982, 0.10543106279, 0.4541798578, 0.052162804877]
    ],
    [
      [0.93909761511, 0.0059136138728, 0.021092670767, 0.033212832948, 0.00068326730652],
      [0.0054712020408, 0.085670681701, 0.59408846511, 0.26944050319, 0.045329147967],
      [0, 0.0045850384318, 0.0065221296741, 0.98636355148, 0.0025292804143],
      [0.4481093156, 0.30918092272, 0.086901919572, 0.14554805636, 0.010259785738],
      [0.59112164653, 0.055276358983, 0.032972644787, 0.2355881203, 0.085041229406],
      [0.76285884913, 0.019579883394, 0.024329258263, 0.18787133646, 0.0053606727518]
    ],
    [
      [0.48510307959, 0.053877246926, 0.22788228156, 0.20535555407, 0.027781837855],
      [0.00068474627997, 0.093341730009, 0.63199955513, 0.19346271601, 0.080511252576],
      [0.00018323266994, 0.001148186879, 0.031788563527, 0.93921655446, 0.027663462466],
      [0.072784324856, 0.54152516335, 0.16668671942, 0.18929325028, 0.029710542091],
      [0.1104920865, 0.13551166744, 0.081779614377, 0.37341504763, 0.29880158405],
      [0.21950344659, 0.08799847502, 0.11100014701, 0.54315975354, 0.038338177847]
    ],
    [
      [0.83690243698, 0.021195679548, 0.072292623455, 0.062441645235, 0.0071676147829],
      [0, 0.11471594286, 0.63444402351, 0.18534523631, 0.06549479732],
      [0, 0, 0.02916677472, 0.94906898033, 0.021764244948],
      [0.25869993919, 0.47896386277, 0.11774892739, 0.12744292957, 0.017144341081],
      [0.39813301303, 0.11745082575, 0.057703193217, 0.25115090179, 0.17556206622],
      [0.5469045626, 0.1024795837, 0.064247756275, 0.27007984013, 0.016288257297]
    ],
    [
      [0.56473425682, 0.051129152681, 0.21814521974, 0.14333772796, 0.0226536428],
      [0.00094425362324, 0.098732752355, 0.67610209759, 0.150891636, 0.073329260433],
      [0.00039431428658, 0.00017378129866, 0.043358642126, 0.92388128384, 0.032191978449],
      [0.092336739529, 0.56222088083, 0.17450360012, 0.14446311194, 0.026475667589],
      [0.15283023072, 0.15332780822, 0.093283304461, 0.31047666792, 0.29008198868],
      [0.29842434566, 0.097668070518, 0.12424878922, 0.44311705004, 0.036541744561]
    ],
    [
      [0.4929935602, 0.03290224298, 0.27173741002, 0.16533546596, 0.037031320835],
      [0.0082656294394, 0.03209323813, 0.71640058156, 0.14355899968, 0.099681551192],
      [0, 0, 0.044401861316, 0.90881294285, 0.046785195836],
      [0.088684773196, 0.4294810509, 0.24512031379, 0.18796059008, 0.048753272023],
      [0.10871443205, 0.084833813566, 0.097095284014, 0.30308830296, 0.4062681674],
      [0.24332511866, 0.061106885742, 0.14691381596, 0.49187659241, 0.056777587225]
    ],
    [
      [0.50289941188, 0.025656791213, 0.28350020383, 0.13419863954, 0.053744953535],
      [0.027403886813, 0.0083689487036, 0.72028728519, 0.089832958229, 0.15410692107],
      [0.00093675606338, 0, 0.039981677091, 0.88487676917, 0.074204797672],
      [0.069230659315, 0.40168378736, 0.28734402362, 0.15895180859, 0.082789721118],
      [0.042055006633, 0.039661056602, 0.069233645863, 0.160069773, 0.6889805179],
      [0.21285352087, 0.043226945218, 0.1676956543, 0.4746418801, 0.10158199951]
    ],
    [
      [0.62351631862, 0.024953127626, 0.22224546896, 0.10883280705, 0.020452277743],
      [0.0019245921765, 0.040206087219, 0.75915997188, 0.12643538606, 0.072273962663],
      [0, 0, 0.052245730087, 0.90890032092, 0.038853948994],
      [0.14039927918, 0.42717087503, 0.24721228115, 0.15230794014, 0.032909624503],
      [0.19990094248, 0.10003122493, 0.11304182587, 0.28061449102, 0.3064115157],
      [0.37517112533, 0.06019053745, 0.14424263151, 0.3835627805, 0.036832925214]
    ],
    [
      [0.60985556857, 0.022849616114, 0.14974759558, 0.19459627083, 0.022950948903],
      [0.014956589973, 0.041863560124, 0.59317166027, 0.25637654109, 0.093631648542],
      [0.00060485942425, 0, 0.020525104887, 0.95199785336, 0.026872182324],
      [0.12815385312, 0.38366877885, 0.17098046327, 0.27917181989, 0.038025084861],
      [0.14576383384, 0.067680449052, 0.062694839247, 0.42297473753, 0.30088614033],
      [0.27664669829, 0.040464197847, 0.078656351476, 0.56992957676, 0.034303175627]
    ],
    [
      [0.66344568198, 0.081534018247, 0.16601910369, 0.07068906774, 0.018312128344],
      [0.0056689167235, 0.18422766498, 0.64490198059, 0.091383172412, 0.073818265288],
      [0, 0, 0.065983425919, 0.88208456148, 0.051932012602],
      [0.087999955426, 0.72869721137, 0.10831373179, 0.057530323156, 0.017458778256],
      [0.20333182322, 0.27783315362, 0.080594647586, 0.17358647974, 0.26465389584],
      [0.41290057642, 0.18370862205, 0.11137956815, 0.25730463608, 0.03470659729]
    ],
    [
      [0.51436660029, 0.090418408549, 0.24737847369, 0.12460116828, 0.023235349191],
      [4.0461093785e-05, 0.14843455321, 0.67160072199, 0.11435462989, 0.065569633813],
      [0, 0, 0.055353615463, 0.90684018425, 0.03780620029],
      [0.058764571433, 0.69607171908, 0.13841252587, 0.087765700358, 0.018985483255],
      [0.12858378334, 0.25060515161, 0.097625266962, 0.24894107746, 0.27424472063],
      [0.26975689671, 0.17145101486, 0.13975549221, 0.38188082421, 0.03715577201]
    ],
    [
      [0.69518086976, 0.036378557959, 0.1587846681, 0.090287099934, 0.019368804246],
      [0, 0.098658133865, 0.68025778501, 0.13325569316, 0.087828387969],
      [0, 0, 0.047472592166, 0.90844144659, 0.04408596124],
      [0.15107281113, 0.53222667551, 0.16602397191, 0.12071710572, 0.029959435725],
      [0.23388401207, 0.13538084548, 0.082879142818, 0.24229016186, 0.30556583778],
      [0.44040987398, 0.083052043724, 0.1063397234, 0.333101544, 0.037096814897]
    ],
    [
      [0.46982395154, 0.063493194641, 0.29671062946, 0.13963803798, 0.030334186373],
      [0, 0.095428940415, 0.71345889961, 0.11448530415, 0.076626855835],
      [0, 0, 0.057625537975, 0.89815516487, 0.04421929715],
      [0.060282552984, 0.59091104914, 0.20024360143, 0.11860256262, 0.029960233827],
      [0.11229323813, 0.16778432164, 0.11177025186, 0.26648725131, 0.34166493707],
      [0.24392303589, 0.11899273249, 0.16572295683, 0.42338002757, 0.047981247217]
    ],
    [
      [0.5275532726, 0.083339598187, 0.25726100773, 0.10776610463, 0.024080016851],
      [0.00075811983785, 0.13970066628, 0.69329012742, 0.098314765907, 0.067936320559],
      [7.2908098866e-05, 0, 0.066279080896, 0.88900503455, 0.044642976459],
      [0.064583131882, 0.68035141116, 0.1533383753, 0.08074072668, 0.020986354982],
      [0.13749931988, 0.23940569205, 0.10535372864, 0.22341973207, 0.29432152736],
      [0.2923133871, 0.16633756228, 0.15306500593, 0.34775171015, 0.040532334542]
    ],
    [
      [0.47150354336, 0.068356519423, 0.2928019563, 0.14352545103, 0.023812529885],
      [0, 0.1046713632, 0.71524980239, 0.11983035285, 0.060248481555],
      [0, 0.00052293573264, 0.056857736109, 0.90995662382, 0.032662704336],
      [0.059187144598, 0.61119351517, 0.18980101263, 0.11741316774, 0.022405159873],
      [0.11911533573, 0.19073622202, 0.11657025982, 0.28926125282, 0.28431692961],
      [0.2425580996, 0.12690466319, 0.16208957767, 0.43110043973, 0.037347219804]
    ],
    [
      [0.62220949049, 0.045830397868, 0.16640629077, 0.14548686316, 0.020066957719],
      [0.0016191807338, 0.10776200647, 0.62688845272, 0.18478729808, 0.078943061999],
      [0.00095817570478, 0.0013518070229, 0.032027607399, 0.9368607175, 0.028801692378],
      [0.10949147754, 0.55721722718, 0.14643802444, 0.16102651167, 0.02582675917],
      [0.17410092542, 0.14493676572, 0.075099076881, 0.33336303823, 0.27250019376],
      [0.32760266542, 0.088357548245, 0.095679094727, 0.45565453684, 0.032706154767]
    ],
    [
      [0.62569828243, 0.062772502329, 0.13160936837, 0.13806483334, 0.04185501353],
      [0.0021159206922, 0.14922082123, 0.5014776459, 0.18065252521, 0.16653308697],
      [0.002719562108, 0.0044631318968, 0.020624934389, 0.9194904469, 0.052701924704],
      [0.092600938872, 0.63925883147, 0.095483556037, 0.12959207064, 0.043064602974],
      [0.13092471176, 0.14812104092, 0.044515717213, 0.23610796053, 0.44033056958],
      [0.32131524315, 0.11785974259, 0.073414754807, 0.42055192615, 0.066858333294]
    ],
    [
      [0.39024827769, 0.070323114659, 0.37079235645, 0.13623764568, 0.032398605526],
      [0, 0.083067993539, 0.75304710109, 0.095164206642, 0.068720698729],
      [0, 0.0012156119932, 0.066546937271, 0.88402647606, 0.048210974671],
      [0.051167716401, 0.57479296435, 0.23550143478, 0.10863341106, 0.029904473407],
      [0.09150202107, 0.16777659664, 0.1357353055, 0.25152740104, 0.35345867575],
      [0.20541807977, 0.12282995186, 0.20775904159, 0.41300150832, 0.05099141845]
    ],
    [
      [0.53114762101, 0.082896470701, 0.24117648761, 0.11382842499, 0.030950995684],
      [0.00066890182136, 0.14073948011, 0.66347937921, 0.1063914757, 0.088720763166],
      [0, 0, 0.058505195806, 0.88790625435, 0.053588549849],
      [0.064885483009, 0.67877804562, 0.14389379599, 0.085520962949, 0.026921712436],
      [0.12660713323, 0.21846456703, 0.090626934183, 0.21639660673, 0.34790475882],
      [0.2874228568, 0.16188463522, 0.14039400806, 0.35930079431, 0.050997705598]
    ],
    [
      [0.53298126036, 0.067076206575, 0.23334145224, 0.13739309924, 0.029207981585],
      [0.000426172803, 0.11887073595, 0.66166749725, 0.13228142698, 0.086754167015],
      [0, 0.00044000460568, 0.047212826157, 0.90879830728, 0.043548861956],
      [0.073614723788, 0.62278172907, 0.15770681911, 0.1169927443, 0.028903983727],
      [0.12923675218, 0.18020725486, 0.089395142086, 0.26658150647, 0.3345793444],
      [0.27765898894, 0.126308015, 0.13099352027, 0.41861962522, 0.046419850576]
    ],
    [
      [0.53095418592, 0.059198960168, 0.24431537382, 0.14026314615, 0.025268333944],
      [0.00070460601179, 0.1038482168, 0.6872130352, 0.13387095173, 0.07436319026],
      [5.6406285791e-05, 0.00049730683928, 0.048700297537, 0.91373171959, 0.037014269752],
      [0.078693524694, 0.58969148724, 0.17689393499, 0.1279559992, 0.026765053873],
      [0.1366674819, 0.16862946569, 0.099200309698, 0.28857628394, 0.30692645878],
      [0.27875001487, 0.11224920296, 0.13808556713, 0.43048224647, 0.040432968572]
    ],
    [
      [0.52865580932, 0.060428157075, 0.26716533093, 0.12015567036, 0.023595032303],
      [0.0007869542382, 0.10186981761, 0.72045245296, 0.11033945181, 0.066551323379],
      [0.000239116843, 0.00069666930555, 0.060580187206, 0.89903685125, 0.039447175392],
      [0.07794241136, 0.5962807914, 0.19202634205, 0.10894282866, 0.024807626526],
      [0.14337526191, 0.18106416578, 0.11412418301, 0.25997196352, 0.30146442578],
      [0.29256652871, 0.12064980568, 0.15896899692, 0.3880618997, 0.039752768995]
    ],
    [
      [0.52285209837, 0.076327621672, 0.18758938901, 0.18663986838, 0.026591022567],
      [0.00077486035373, 0.14572496874, 0.5743445343, 0.19409301671, 0.085062619899],
      [0.00011968570925, 0.0016438536196, 0.025023912941, 0.94289544971, 0.030317098025],
      [0.06514969299, 0.65145539175, 0.11498930616, 0.14449459888, 0.023911010223],
      [0.11746618823, 0.19174843948, 0.066726953844, 0.33855463928, 0.28550377916],
      [0.23920430039, 0.12709624685, 0.09268717251, 0.50362356985, 0.037388710407]
    ],
    [
      [0.67185568357, 0.051557552624, 0.16823523019, 0.088191982529, 0.020159551079],
      [0.00010227093166, 0.12876773878, 0.66826582151, 0.11894931802, 0.083914850756],
      [0, 0.00037450338096, 0.052921899251, 0.90029063311, 0.04641296426],
      [0.1196187912, 0.61251557512, 0.14591241643, 0.096376081389, 0.025577135861],
      [0.21317413453, 0.18028768586, 0.083959098632, 0.22272858173, 0.29985049924],
      [0.41652443967, 0.11508913383, 0.11201421897, 0.31841712463, 0.037955082901]
    ],
    [
      [0.51969198498, 0.13042415983, 0.1653944422, 0.14596061316, 0.038528799837],
      [0.0068829491548, 0.20447255468, 0.52475689894, 0.14475209086, 0.11913550637],
      [0, 0, 0.020709251578, 0.92105311127, 0.05823763715],
      [0.036697985424, 0.80718964177, 0.063440702623, 0.070491945835, 0.022179724351],
      [0.08687453264, 0.27813242408, 0.048603764355, 0.22181624196, 0.36457303696],
      [0.22630419329, 0.22451626362, 0.083355101305, 0.40985493396, 0.055969507821]
    ],
    [
      [0.61575533122, 0.032014605214, 0.19691437759, 0.1309926787, 0.024323007278],
      [0.0038838378879, 0.056933967001, 0.69653725938, 0.15417201791, 0.088472917821],
      [0, 0, 0.041139878512, 0.9193371997, 0.039522921784],
      [0.12537043889, 0.46450415593, 0.20327757337, 0.17021966779, 0.036628164012],
      [0.17157148873, 0.10258994128, 0.089528117008, 0.30299566287, 0.33331479012],
      [0.33986141066, 0.06543733664, 0.11943433839, 0.43351766937, 0.041749244942]
    ],
    [
      [0.68499156501, 0.051197128521, 0.13569574995, 0.10442744203, 0.02368811449],
      [0.0013522861729, 0.13910378983, 0.59699142192, 0.15442428667, 0.1081282154],
      [0.00027216428344, 0.0015427644948, 0.032871405307, 0.91802403678, 0.047289629131],
      [0.1123495261, 0.62897766853, 0.11648877442, 0.11256189881, 0.029622132136],
      [0.18937697826, 0.167042684, 0.062847742912, 0.24665185225, 0.33408074258],
      [0.39369256197, 0.11024763844, 0.087053906477, 0.36595750034, 0.043048392777]
    ],
    [
      [0.53398031424, 0.048279979595, 0.25123388993, 0.13982757701, 0.02667823922],
      [0.0019193822969, 0.081658897542, 0.70505185677, 0.13307834852, 0.078291514871],
      [0, 0, 0.050107109966, 0.91054707208, 0.039345817954],
      [0.088608313157, 0.53528808719, 0.20256734253, 0.14205267712, 0.031483580009],
      [0.13963521175, 0.1394791879, 0.10320948227, 0.2908689299, 0.32680718818],
      [0.28499244479, 0.09304036447, 0.14396626358, 0.43479019485, 0.043210732307]
    ],
    [
      [0.40364003836, 0.07337324704, 0.30761081826, 0.17035029527, 0.045025601069],
      [0, 0.098857235761, 0.67154516758, 0.12736675555, 0.10223084111],
      [0, 0, 0.04913673395, 0.89946807758, 0.051395188467],
      [0.0052444016551, 0.62796224293, 0.19961236489, 0.12800864508, 0.039172345435],
      [0.077456289358, 0.15605672781, 0.093439259334, 0.26183508388, 0.41121263962],
      [0.18919884486, 0.12422030793, 0.15537579116, 0.46676135262, 0.064443703426]
    ],
    [
      [0.60098797049, 0.051819807674, 0.17428879018, 0.14246697103, 0.030436460621],
      [0.0013584292331, 0.11276001404, 0.60662613609, 0.16848047825, 0.11077494239],
      [0.00080260402462, 0.0013311911455, 0.033625063653, 0.92100865262, 0.043232488555],
      [0.099958304087, 0.57693182616, 0.14135522759, 0.14568833397, 0.036066308187],
      [0.14910925686, 0.1420109947, 0.068231785239, 0.28253996358, 0.35810799962],
      [0.31612673585, 0.098331150022, 0.098663546488, 0.43800994374, 0.048868623898]
    ],
    [
      [0.56215669524, 0.054459281536, 0.24290735922, 0.11530955421, 0.025167109795],
      [0.00095908176074, 0.098926328824, 0.70932730684, 0.11383521586, 0.076952066721],
      [0.0004305287408, 0.00040791143189, 0.056732763134, 0.8979630547, 0.044465741993],
      [0.088134034108, 0.58310773491, 0.1879142428, 0.11235156842, 0.028492419765],
      [0.15241384215, 0.16502833817, 0.10473407268, 0.25242201498, 0.32540173203],
      [0.31612590022, 0.11121473192, 0.14773045727, 0.38163156563, 0.043297344964]
    ],
    [
      [0.68192086226, 0.055981937405, 0.15502246415, 0.085599459848, 0.021475276339],
      [0.00087457357526, 0.14456162378, 0.64130241017, 0.12033383786, 0.092927554617],
      [0, 8.6466065491e-05, 0.050504057283, 0.89893854606, 0.050470930595],
      [0.1159856398, 0.63917103218, 0.12900692973, 0.089716033463, 0.026120364828],
      [0.21028829328, 0.19106722496, 0.075462789062, 0.21083784762, 0.31234384508],
      [0.42204447416, 0.12506726248, 0.10325892405, 0.30915182428, 0.04047751503]
    ],
    [
      [0.46025669555, 0.077196214863, 0.29164785111, 0.14278687304, 0.028112365433],
      [0, 0.11518514265, 0.69799718277, 0.11602911428, 0.070788560301],
      [0, 8.2987157765e-05, 0.055874203506, 0.90374364654, 0.040299162799],
      [0.04800927706, 0.645073951, 0.17452507914, 0.10767114272, 0.024720550083],
      [0.1070564791, 0.20148946335, 0.10843644256, 0.26919426897, 0.31382334604],
      [0.23148612157, 0.14155308946, 0.15928950837, 0.42413216908, 0.043539111514]
    ],
    [
      [0.50659812178, 0.067578105897, 0.26072024543, 0.13687232946, 0.028231197431],
      [0, 0.11171150175, 0.68738623613, 0.12287984097, 0.078022421154],
      [0, 0.00016830734282, 0.052822480723, 0.9049408776, 0.042068334336],
      [0.067267346979, 0.61710108494, 0.17337269499, 0.11476818325, 0.027490689841],
      [0.12476354317, 0.18272386265, 0.10059600776, 0.26721033603, 0.32470625038],
      [0.26526482752, 0.1271793429, 0.14631931213, 0.41641124031, 0.044825277149]
    ],
    [
      [0.65446885797, 0.04759465172, 0.17941742042, 0.10257630496, 0.015942764924],
      [0.0010714747641, 0.11336888435, 0.6887428249, 0.13319185959, 0.063624956392],
      [0, 0.00089451334532, 0.048705588153, 0.91923509708, 0.031164801424],
      [0.11476031583, 0.58940917568, 0.15998796229, 0.11511387864, 0.020728667567],
      [0.20923488275, 0.17419720892, 0.093589052648, 0.27169887898, 0.2512799767],
      [0.38734307473, 0.10372574871, 0.11660013485, 0.36292279367, 0.029408248036]
    ],
    [
      [0.80084928724, 0.050320484541, 0.08890297758, 0.048435184464, 0.011492066171],
      [0, 0.10681326341, 0.64761651199, 0.14260173348, 0.10296849112],
      [0, 0, 0.04024358645, 0.91058634299, 0.049170070559],
      [0.2915314916, 0.45137894959, 0.12664381622, 0.10236599839, 0.028079744201],
      [0.40344367648, 0.1030459675, 0.056485071321, 0.18276861271, 0.25425667199],
      [0.644542305, 0.05399410661, 0.061522410413, 0.21356446918, 0.026376708801]
    ],
    [
      [0.64572264125, 0.045951303469, 0.17263669076, 0.11986385518, 0.015825509342],
      [0.0011456615876, 0.11057953432, 0.66732087238, 0.1573001539, 0.063653777811],
      [9.440720153e-05, 0.0010836537761, 0.040773213089, 0.93226200549, 0.025786720446],
      [0.11614422881, 0.57220560785, 0.15518161852, 0.13561513833, 0.020853406481],
      [0.20215214481, 0.16215557511, 0.086877773943, 0.30592029126, 0.24289421487],
      [0.36675230457, 0.095244727401, 0.10678376979, 0.40321286513, 0.028006333106]
    ]
  ],
  "expected_outcome": [
    [
      [10.5349934206, 3.7563904604, 27.1657724569, 8.3690243698, 23.7188387863, 9.3668776438, 0, 28.6817506565, 5.4887001172, 27.8647186432, 23.6608636134, 60.4807356689, 15.9740143525, 43.786921626, 21.2176594512, 7.4665138858, 10.0111725188, 21.8539035506, 27.6196762925, 15.4564565504, 29.2024802256, 18.5029533264, 8.8884856722, 63.8262899396, 2.0787679399, 9.8520852995, 8.2198987801, 60.3397755089, 20.5856419564, 36.0592782293, 16.302544162, 38.8694891489, 3.2217968689, 89.6678675546, 8.5080951536, 112.9197495015, 18.080233955],
      [0.47691565287, 0.023654455491, 3.0171258278, 0.21195679548, 2.1474244126, 0.62514261662, 0, 1.1478438708, 0.20564654503, 3.4244287664, 4.1592467932, 3.1649345425, 2.1587686178, 6.9171866495, 3.076043374, 0.54996477441, 1.0043600373, 3.9380944209, 4.3106164764, 1.9452099907, 3.2559428093, 2.1149854976, 1.2975695684, 4.8979674993, 0.52169663931, 0.51223368342, 0.61436554225, 5.4556376943, 3.742035599, 3.1091884604, 1.5793191646, 3.1909704321, 0.54037350404, 11.9613247438, 0.61873047235, 7.0951883203, 1.2866364971],
      [3.0472962641, 0.084370683066, 12.7614077675, 0.72292623455, 9.1620992292, 5.1630107904, 0, 10.2232915722, 1.3477283602, 6.9728023548, 11.3794097898, 13.8142661249, 10.0881614018, 21.3526636415, 13.1760880335, 1.9968754892, 2.105749894, 20.764371961, 12.5411773558, 6.7669021149, 13.4373455602, 9.3507865827, 3.1890196132, 15.9823468684, 0.66157776879, 3.1506300414, 1.6283489994, 28.3894295626, 15.6881517314, 10.457327411, 7.0443134173, 8.8362804563, 2.0415349577, 46.1474834417, 2.3324264655, 12.5353198387, 4.8338273412],
      [2.4090465024, 0.13285133179, 11.499911028, 0.62441645235, 6.0201845743, 3.1413738533, 0, 5.0063091243, 1.7513664374, 2.9689408451, 5.7316537408, 7.8549776943, 4.7476932912, 8.9445866844, 6.4586452964, 1.7458423579, 2.2090373335, 7.629308158, 5.9190780997, 3.9843998781, 7.7144730381, 4.2054484627, 3.1728777625, 8.3782383403, 0.58384245263, 2.0958828592, 1.2531293043, 15.8005162023, 8.6878650586, 8.548018262, 3.343977072, 4.8791692113, 0.99950811131, 24.2264023146, 1.3334919645, 6.8293610094, 3.3561879451],
      [0.53174816008, 0.0027330692261, 1.5557829199, 0.071676147829, 0.95145299758, 0.70359509586, 0, 0.94080477618, 0.20655854013, 0.76910939046, 1.0688260628, 1.6850859694, 1.0313623367, 1.9986413986, 1.0715638448, 0.24080349263, 0.66968021648, 1.8143219094, 1.6094517756, 0.84703146597, 1.3897583669, 0.82582613059, 0.45204738364, 1.9151573525, 0.15411519935, 0.38916811645, 0.28425737388, 3.0146410319, 2.2963056545, 1.8261876372, 0.72984618405, 1.2240907513, 0.19678655803, 4.9969219454, 0.20725594402, 1.6203813302, 0.44311426158]
    ],
    [
      [0.52774330007, 0.087539232652, 0.18488149559, 0, 0.28610884784, 0.37195332477, 0.2192310945, 0.31370852477, 0.31408838943, 2.1655261884, 0.012381094698, 0, 0, 0.50339157233, 0, 0.23640038714, 0.15657813122, 0, 0.31572165968, 0.15853628272, 0.20010810735, 0.35885113262, 0.07671117502, 0.075987302223, 0.082595389858, 0.29517167948, 0.060852877782, 0.91746473794, 0, 0.39937819453, 0.14865767291, 0.45302911198, 0, 0, 0.12107664834, 0, 0.15580997591],
      [2.8890213249, 1.3707309072, 25.2022671024, 8.0301160001, 29.9160239637, 1.4441957159, 0.066951589629, 6.5535922167, 0.87913476259, 70.3749680227, 45.4209732808, 25.2564822694, 39.6030102721, 92.761242408, 49.4048834325, 15.7332529443, 11.0423407714, 9.9681592247, 66.4290346102, 44.2199137721, 29.4928935715, 46.4526368314, 14.4267719049, 95.6744299135, 2.4536706561, 4.3269814921, 6.2596705423, 39.0329530252, 26.5925964196, 33.1514441266, 15.3335809677, 74.8829211164, 27.0685085222, 127.7979579998, 12.810683932, 70.0695007988, 15.0388166676],
      [44.8629297394, 9.5054154417, 170.6398798846, 44.4110816458, 204.8589355686, 32.2380261701, 5.7622982815, 123.7430754172, 12.4566048656, 246.3525565873, 205.5098209303, 174.1459929617, 296.0854433362, 460.3446446062, 337.5979067279, 91.5257140974, 37.1093457964, 90.3656521308, 313.1622669861, 246.1403089775, 195.1685019966, 328.526318551, 56.860108896, 496.5215053829, 6.2970827872, 52.9368317125, 26.8646139865, 337.0147875343, 180.6456500787, 178.3480840109, 109.9457325599, 332.1946484683, 164.0293379514, 786.36985413, 77.827939214, 424.8364318682, 90.7556386443],
      [11.7289760602, 4.311048051, 52.234933322, 12.9741665417, 45.7201657087, 6.4601549856, 0.71866366583, 20.6089679272, 5.383907363, 34.9083718614, 34.9925167474, 34.113457449, 47.5114012202, 65.2810045622, 56.5599265455, 26.9789455192, 13.3682868654, 11.419704797, 50.2167765299, 49.208690838, 38.0193502908, 50.3147900242, 19.215208654, 88.3793432896, 1.7370250904, 11.7170733615, 6.9490929003, 63.6114505941, 34.2616572428, 49.5332606063, 17.6444584578, 62.3329280115, 27.2668418557, 140.5745380704, 15.0506801335, 93.5467371597, 21.3928209298],
      [7.9913295754, 0.72526636746, 21.7380381954, 4.5846358124, 22.2187659112, 4.4856698036, 1.2328553685, 11.7806559141, 1.9662646194, 28.1985773402, 20.0643079468, 22.48406732, 31.8001451715, 45.1097168512, 28.4372832942, 11.5256870519, 12.3234484356, 8.2464838475, 41.8762002142, 32.2725501297, 21.1191460338, 30.3474034607, 8.42119937, 62.3487341118, 1.4296260764, 6.7239417544, 4.8657696931, 37.4233441085, 27.5000962589, 32.5678330617, 11.9275703417, 48.1364732918, 16.6353116707, 89.2576497998, 7.1896200723, 67.5473301733, 8.6569137824]
    ],
    [
      [0, 0, 0.17278840776, 0, 0.3438420579, 0, 0.0037470242535, 0, 0.047783894516, 0, 0, 0, 0, 0.077063860501, 0, 0.22612946633, 0.52215592474, 0, 0, 0, 0.038581899481, 0.14944802688, 0.040453769727, 0, 0, 0, 0.04354628535, 0, 0, 0.47032595843, 0.1171038175, 0, 0, 0, 0, 0, 0.023318578778],
      [0, 0.14672122982, 1.0827402269, 0, 0.15153729243, 0, 0, 0, 0, 0, 0, 0, 0, 0, 0.37023849871, 0.31902645741, 0.85692132418, 0.28931565438, 0, 0.35200368455, 0.34015787807, 0.43541831597, 0.55562252343, 0.4407904794, 0, 0, 0.24684231916, 0, 0, 0.78007801126, 0.11095190947, 0.068654056, 0.024564198698, 0.35159403914, 0.20752709612, 0, 0.2676624827],
      [7.6804876117, 0.20870814957, 29.9766154062, 5.7166878451, 37.8087359337, 5.7722419711, 0.15992670836, 7.3144022122, 1.6214832861, 54.9641937909, 40.0206639799, 23.4514605302, 39.9921233548, 70.0569885075, 40.2552771654, 7.5585153462, 3.9599874026, 15.8381710706, 46.9796722319, 37.7702609258, 33.3110035153, 37.8626170039, 8.4580825739, 62.2890754184, 1.0147533273, 10.3261095065, 5.2594248492, 45.747791399, 26.9269302044, 19.7042873007, 15.4313115725, 40.1002214831, 16.5387642379, 110.3461622306, 11.2996964515, 40.7667530743, 10.070983633],
      [205.1670106617, 31.5636336474, 885.6812108539, 186.0175201452, 805.6244795089, 118.1456825703, 3.5395070767, 127.2460449286, 75.2078304158, 734.7764397113, 655.6454532102, 448.7700746174, 623.319684423, 939.6783215145, 644.2492896663, 221.0991293289, 176.5421658053, 210.3983013034, 712.9887222391, 727.0386458251, 624.9924961966, 561.8980320331, 318.6986620006, 1059.6420751681, 45.1316024523, 230.7536371257, 146.8838458854, 831.3294768089, 492.9085065155, 539.7110704364, 244.2459508785, 713.7572055684, 267.508119375, 1890.4214933022, 213.2625425219, 922.423965449, 230.2687153554],
      [10.1525017266, 0.080936973256, 26.0866451052, 4.2657920097, 28.0714052071, 6.0820754587, 0.29681919069, 5.4395528592, 2.1229024036, 43.2593664978, 27.3338828099, 21.7784648524, 30.6881922222, 47.1876261175, 23.1251946697, 6.7971994012, 10.1187695432, 11.4742119716, 43.0316055289, 34.8390895646, 25.3177605106, 24.6544846202, 10.2471791323, 54.6280589341, 2.8536442203, 9.9202533678, 7.5663406609, 35.9227317921, 28.1645632801, 25.3342382932, 12.0946818221, 40.0739188925, 11.9285521884, 87.8807504281, 7.2302339305, 49.8092814767, 6.3693199501]
    ],
    [
      [1.7325715973, 0.4481093156, 5.6771773388, 4.139199027, 8.4026432971, 1.4189563711, 0.13846131863, 6.1775682839, 0.89707697187, 11.0879943837, 5.9939862862, 9.2154414791, 7.414754017, 15.3062022562, 8.4637616775, 5.2555909219, 4.9078497602, 1.4326960592, 8.4999982742, 8.3184637881, 5.7446273026, 10.5222255337, 2.1499398687, 16.6270119764, 0.22018791255, 1.8805565834, 1.0111457349, 15.6836714288, 0.33564170592, 11.0953717537, 3.260959262, 14.7301762545, 2.8325473465, 26.7051367505, 3.9018507381, 38.7736883833, 3.4843268644],
      [5.5953112311, 0.30918092272, 42.2389627415, 7.6634218043, 51.1621001556, 6.8716968144, 0.80336757472, 18.7955185012, 2.6856814519, 91.8158486325, 70.9993153464, 32.465827206, 72.6820590439, 161.2432844442, 87.4006726687, 26.7464269046, 33.8807180682, 16.0942030019, 88.9199239757, 70.3743353848, 43.0474785687, 80.4979068394, 21.4980279276, 85.1396649417, 4.8431378506, 6.967562339, 5.6607990167, 94.7459914321, 40.1895835476, 64.0394327042, 21.5749861915, 81.1747210864, 38.059363109, 244.9891307198, 20.0399119731, 60.0334002949, 17.1661682356],
      [2.5211066544, 0.086901919572, 13.0015641151, 1.8839828383, 15.8798276106, 3.9219250207, 0.57468804725, 10.8773403705, 1.1968632429, 13.647530206, 14.1180776389, 10.1274622866, 24.6299629763, 36.3411949458, 27.1415448056, 7.0290251732, 5.06062847, 6.5940401738, 18.8500872747, 17.8208705596, 12.9132572543, 25.9235561769, 3.7946471033, 20.2818258842, 0.38064421574, 3.0491636006, 1.0483989698, 35.8544196278, 12.7751913533, 15.6904302626, 6.9528269836, 16.383880076, 10.2969796692, 68.8289599115, 5.4395907178, 16.8436275574, 4.6554485557],
      [2.5081840922, 0.14554805636, 14.7648735215, 2.0390868731, 13.1461431861, 3.0073694413, 0.31790361717, 6.7015493663, 1.9542027393, 7.2488207176, 8.9521014365, 7.3637434492, 14.5881152021, 19.1355522231, 16.7900829863, 7.7292725601, 6.868379744, 3.0417355097, 11.2032461463, 13.2201801064, 9.3407879417, 14.7072818691, 4.7683217631, 13.396275313, 0.42295167501, 2.5532950169, 1.0130570893, 25.1433238498, 8.1925532854, 16.1714050707, 4.1570080316, 11.3939362499, 6.3525974204, 45.5629687511, 3.9138718737, 13.6146777857, 4.0684541498],
      [0.64282642491, 0.010259785738, 2.3174222831, 0.2743094573, 2.4092857506, 0.78005235237, 0.16557944224, 1.4480234781, 0.26617559402, 2.1998060602, 1.936519292, 1.8275255792, 3.6851087608, 4.9737661308, 3.2039378618, 1.2396844401, 2.2824239576, 0.83732525539, 3.5267443291, 3.2661501611, 1.9538489327, 3.349029581, 0.78906333737, 3.5552218847, 0.13307834611, 0.54942246018, 0.26659918922, 5.5725936616, 2.5070301079, 4.0033602088, 1.0542195313, 3.3172863332, 1.4585124549, 10.913803867, 0.70477469727, 3.7346059787, 0.62560219444]
    ],
    [
      [1.8853955825, 1.1822432931, 4.7511597193, 1.1943990391, 4.4320766908, 0.65228659231, 0, 1.1994056549, 0.14576383384, 8.5399365752, 4.1146810669, 2.8066081448, 5.9515416207, 6.1874693945, 2.9778833932, 2.2633120304, 0.65462355879, 1.3725303161, 6.4569637949, 6.8495478656, 5.8767017216, 7.7422641433, 3.9938504, 21.3174134532, 0.26062359792, 2.573572331, 1.5150158261, 7.8195718581, 4.105183336, 4.3241684489, 4.2675875801, 10.5144146639, 1.9270166237, 18.839295019, 1.0461744138, 21.7859585301, 2.0215214481],
      [0.98174867443, 0.11055271797, 5.8270017, 0.35235247725, 4.4465064383, 0.5090028814, 0, 0.6001873496, 0.067680449052, 11.6689924521, 8.0193648515, 1.6245701458, 8.8925690469, 10.7732561422, 4.7684055504, 1.8841779543, 0.74060520459, 2.5166489496, 11.1416929188, 9.5509845077, 7.2510670246, 9.7774649522, 6.5194469423, 18.0287685859, 0.83439727225, 1.5388491192, 1.336341472, 7.8108345223, 8.2710065739, 4.1183188463, 4.6207934687, 9.5533612479, 3.6268103402, 27.5913032606, 0.87098604459, 5.564482245, 1.6215557511],
      [0.88498953746, 0.065945289573, 3.5165234182, 0.17310957965, 2.7052158294, 0.58257170408, 0, 0.67825095521, 0.062694839247, 3.3849751986, 3.1240085428, 0.99454971381, 5.9238233483, 4.7409177888, 2.9142564956, 0.97628799946, 0.22257858607, 2.0360295825, 4.6219736433, 4.7379425306, 4.265613317, 6.1627058825, 2.2687164307, 8.3959098632, 0.14581129307, 1.3429217551, 0.50278194329, 5.779731007, 4.9522807447, 1.9787217719, 2.9325540351, 3.7731394531, 1.951855966, 15.1899971725, 0.46794526324, 3.0501938513, 0.86877773943],
      [3.5573653853, 0.4711762406, 16.0568470483, 0.75345270536, 9.0038233697, 1.8185298178, 0, 1.6836869461, 0.42297473753, 7.2906321489, 7.9661144788, 2.9074819423, 14.1238243193, 10.0538879431, 7.2315313205, 4.333719497, 1.1805398026, 3.7729110155, 11.0362269434, 14.1288198429, 12.4087802095, 14.0384860301, 11.5108577355, 22.2728581735, 0.66544872587, 4.544934943, 1.973214818, 16.2886600743, 13.8772594455, 8.1936589438, 7.0678164193, 10.5418923809, 4.8454968414, 40.3487607407, 1.3584943949, 9.8695050862, 3.0592029126],
      [4.6905008203, 0.17008245881, 12.8484681142, 0.52668619867, 8.4123776718, 2.4376090044, 0, 1.8384690942, 0.30088614033, 11.1154636251, 8.7758310601, 3.6667900533, 18.1082416647, 13.2444687313, 7.1079232403, 3.5425025188, 2.2016528479, 5.3018801363, 17.7431426996, 17.7327052532, 13.1978377274, 16.2790789919, 9.7071284916, 29.9850499242, 1.0937191109, 4.9997218517, 2.6726459406, 18.3012025383, 21.7942698999, 10.3851319891, 9.1112484967, 15.6171922542, 5.6488202286, 49.0306438071, 1.2563998835, 13.7298602875, 2.4289421487]
    ],
    [
      [6.3192960994, 1.5257176983, 14.0482205817, 9.2973775641, 15.81649032, 2.189926068, 0.63856056261, 5.6275668799, 1.1065867932, 17.3418242095, 13.2180879388, 18.4972147072, 13.6596900098, 25.1389512905, 13.340695478, 6.5520533083, 6.7476201062, 5.3408700741, 18.1076399787, 12.2169955132, 13.9375007434, 18.7242578372, 8.8505591144, 39.1532973286, 1.3578251598, 3.3986141066, 3.1495404957, 18.2395164663, 10.9735330017, 18.6514774152, 7.9031475054, 27.4328908207, 6.0186391609, 52.787700676, 5.4228030462, 62.5206035852, 6.2347891777],
      [1.0570031167, 0.039159766789, 5.6319024013, 1.7421529229, 5.1764077374, 0.54996197167, 0.12968083565, 0.90285806176, 0.16185679139, 7.7157621263, 8.401099728, 3.4881858364, 6.6635930193, 14.3050303561, 6.9797564757, 1.7671509649, 2.4750545944, 3.1935787485, 10.198732019, 5.5575526601, 5.6124601479, 7.7215875634, 4.7025611333, 10.8183785802, 1.3470975817, 0.6543733664, 0.8819811075, 5.9545833261, 7.2047778599, 5.8015378513, 2.780368298, 8.1293720612, 3.6803803259, 25.3086892368, 1.4521604819, 5.2374283411, 1.6191603658],
      [2.0031901931, 0.048658516526, 7.1040094086, 1.0922118567, 6.5851858286, 1.3222243437, 0.5030869629, 2.1636394726, 0.3146254059, 4.6779418624, 6.8480191183, 4.4662683828, 9.2804855827, 13.1635905101, 8.9149267721, 1.9135818945, 1.5417098509, 5.4017350814, 8.8448225081, 5.7637148917, 6.9042783567, 10.1740158029, 3.4294253829, 10.5293365829, 0.50013060783, 1.1943433839, 0.69643125181, 9.2138408694, 9.0117958875, 5.8211492428, 3.6932614317, 6.7118300632, 4.1415272177, 29.1175431137, 1.6324018879, 5.96767381, 1.8153240864],
      [8.6294172982, 0.37574267291, 34.7622242263, 4.5913572823, 23.4852036523, 4.4268893317, 1.4239256403, 5.7534417075, 2.279718307, 10.8067947155, 18.7121603863, 13.9902648479, 23.7092815442, 29.9066470727, 23.710524185, 9.1130907369, 8.8315904492, 10.7380392163, 22.6359500416, 18.4192635096, 21.5241123233, 24.8359615808, 18.6340720843, 29.9312097156, 2.4591296038, 4.3351766937, 2.9276600027, 27.8265724706, 27.0721584522, 25.8425866808, 9.5407891408, 20.094868578, 11.0274363962, 82.8658368209, 5.0809191114, 20.71575351, 6.8546187072],
      [0.99109329267, 0.010721345504, 2.4536433822, 0.27690037404, 1.9367124617, 0.51099828503, 0.30474599853, 0.55249387821, 0.13721270251, 1.4576770862, 1.8206328285, 1.5580662257, 2.6869498441, 3.4857807706, 2.0540970892, 0.65412309534, 1.4040249992, 1.3257768797, 3.2128554527, 2.0424734254, 2.0216484286, 2.5441772157, 1.383382285, 3.5677777927, 0.33581704692, 0.41749244942, 0.34438714222, 2.7654868676, 3.7377347987, 2.88324881, 1.0824336241, 2.631038477, 1.1320168994, 8.9202301526, 0.4117154725, 2.5585407537, 0.47610766281]
    ]
  ],
  "prob": [
    [0.58061603462, 0.058530330567, 0.21539048803, 0.12071501553, 0.024748131247],
    [0.00088907094293, 0.11456039434, 0.67463158131, 0.12870750019, 0.081211453226],
    [0.00011515303691, 0.00037468106088, 0.049867195354, 0.90784301731, 0.041799953234],
    [0.09077324397, 0.60420286504, 0.1627125019, 0.11496038767, 0.027351001414],
    [0.15846606592, 0.17492004388, 0.091863148411, 0.26038992192, 0.31436081987],
    [0.32328586783, 0.11694526903, 0.12834027877, 0.38971432545, 0.041714258924]
  ],
  "iterations": 157,
  "time": 6.491431,
  "message": "Converged",
  "status": 0,
  "miniter": 0,
  "maxiter": 1000,
  "maxtime": 3600,
  "param_threshold": 0.001,
  "ll_threshold": "-Inf",
  "initial_prob": "random",
  "adjust_prob_cond_method": "project_lp",
  "adjust_prob_cond_every": true,
  "candidates_id": ["EVANS, Graham Peter.c", "McNAIR, Craig Simon.c", "DUNLOP, Anthony Paul.c", "SMITH, Alexander Lockwood.c", "Other candidates votes.c"],
  "group_id": ["Green Party.p", "Labour Party.p", "National Party.p", "New Zealand First Party.p", "United Future New Zealand.p", "Other parties votes.p"]
}
