{
  "Z_true": {},
  "V_true": [
    [778, 16, 48, 21, 593, 34],
    [53, 1341, 191, 563, 915, 102],
    [113, 528, 542, 3366, 602, 237],
    [298, 285, 311, 80, 18379, 325],
    [225, 201, 3399, 576, 808, 197],
    [45, 87, 120, 101, 674, 331]
  ],
  "p_true": [
    [0.5221, 0.0107, 0.0322, 0.0141, 0.398, 0.0228],
    [0.0167, 0.4237, 0.0603, 0.1779, 0.2891, 0.0322],
    [0.021, 0.098, 0.1006, 0.6247, 0.1117, 0.044],
    [0.0151, 0.0145, 0.0158, 0.0041, 0.934, 0.0165],
    [0.0416, 0.0372, 0.6287, 0.1065, 0.1495, 0.0364],
    [0.0331, 0.0641, 0.0884, 0.0744, 0.4963, 0.2437]
  ],
  "Z_est": [
    [
      [44.5882, 59.448, 3.5202, 4.362, 3.8338, 5.5065, 25.0981, 14.8173, 13.6035, 12.0349, 7.05, 0.883, 1.2342, 0.6765, 36.6797, 45.5785, 52.7526, 71.8832, 45.9893, 20.4179, 25.3885, 21.779, 67.8827, 31.0644, 45.8913, 9.9055, 29.8142, 22.181, 45.0516, 4.8698, 12.5111, 0.6761, 1.7624, 1.4925, 125.8213, 9.345, 51.5458, 3.5455],
      [0.0305, 0.0182, 0.0006, 0.0017, 0.007, 0.0176, 0.0169, 0.0094, 0.0199, 0.0124, 0.0165, 0.0009, 0.0014, 0.0014, 0.0299, 0.0352, 0.0276, 0.0565, 0.0508, 0.018, 0.0166, 0.016, 0.0584, 0.0057, 0.0296, 0.0053, 0.0301, 0.017, 0.0349, 0.0033, 0.0079, 0.0064, 0.0015, 0.0004, 0.0793, 0.0053, 0.0503, 0.0013],
      [1.1724, 0.8568, 0.0459, 0.2074, 0.1391, 0.2378, 0.8073, 0.4298, 0.5372, 1.0323, 0.2347, 0.003, 0.0136, 0.0551, 1.3641, 1.8346, 1.2396, 2.8632, 1.8777, 1.2256, 0.6257, 1.0154, 2.9479, 0.8832, 1.7941, 0.2253, 1.4221, 0.7214, 1.3277, 0.2046, 0.4932, 0.0672, 0.0238, 0.0326, 5.1898, 0.4998, 1.4918, 0.0523],
      [0.3983, 0.2654, 0.0105, 0.0318, 0.0477, 0.1035, 0.2732, 0.157, 0.2276, 0.2106, 0.0692, 0.0025, 0.0378, 0.0936, 0.3103, 0.4447, 0.6067, 0.8151, 0.6215, 0.2454, 0.2369, 0.3795, 0.9517, 0.2445, 0.5346, 0.089, 0.4704, 0.2264, 0.5055, 0.0582, 0.101, 0.0122, 0.0539, 0.0104, 1.5141, 0.1601, 0.6523, 0.0222],
      [16.9077, 15.5633, 0.2155, 1.1021, 1.3189, 3.576, 7.2547, 5.8642, 7.9701, 5.442, 5.7386, 0.1106, 0.2754, 0.0851, 19.7437, 20.7825, 15.6416, 18.8441, 20.2763, 9.6362, 5.7867, 13.8033, 26.8978, 9.4443, 20.3548, 2.2877, 12.1155, 8.6815, 20.6635, 2.8204, 7.4529, 1.1684, 0.0542, 0.4045, 55.8958, 3.1918, 20.5775, 1.2546],
      [1.9028, 1.8483, 0.2073, 0.295, 0.6536, 0.5586, 1.5497, 0.7222, 1.6417, 1.2678, 0.8909, 0, 0.4376, 0.0883, 2.8722, 3.3245, 2.7319, 5.5379, 3.1844, 3.457, 1.9456, 2.0068, 5.2616, 1.3578, 3.3956, 0.4871, 3.1476, 1.1726, 2.4167, 1.0437, 1.4339, 0.0696, 0.1041, 0.0597, 11.4997, 0.7979, 3.6823, 0.124]
    ],
    [
      [0.1233, 0.1277, 0.0244, 0.0849, 0.0394, 0.0132, 0.1383, 0.0869, 0.0728, 0.0682, 0.0122, 0.0082, 0.1736, 0.0006, 0.0683, 0.205, 0.1509, 0.149, 0.1725, 0.051, 0.0823, 0.0527, 0.2152, 0.251, 0.0883, 0.0458, 0.0801, 0.1318, 0.175, 0.0155, 0.0206, 0.0008, 0.0008, 0.0248, 0.4881, 0.0679, 0.3365, 0.0738],
      [48.4239, 24.7468, 4.1936, 25.1174, 22.8821, 33.1418, 51.0333, 49.328, 86.8688, 41.5664, 19.6696, 2.3928, 3.6087, 1.7122, 32.9919, 76.369, 45.8484, 67.7696, 103.8256, 25.6045, 24.5902, 47.8983, 100.5576, 55.7387, 34.5822, 16.9802, 42.6034, 45.3064, 69.7728, 5.8854, 18.9706, 2.3932, 0.8483, 7.8654, 176.6826, 27.4183, 160.1356, 21.2452],
      [0.6975, 0.4388, 0.1088, 0.6451, 0.2403, 0.1491, 0.9581, 0.5347, 0.6996, 1.3577, 0.0965, 0.0167, 0.252, 0.013, 0.5445, 1.5966, 0.7652, 1.0446, 1.4903, 0.644, 0.4335, 0.6826, 1.9828, 1.5752, 0.7367, 0.2376, 0.7836, 0.8746, 1.0783, 0.1459, 0.2452, 0.0457, 0.0045, 0.1131, 4.2402, 0.7864, 2.0126, 0.1323],
      [9.035, 5.0842, 1.3824, 4.7214, 2.3762, 2.4967, 11.8799, 7.4834, 10.9485, 10.2051, 1.0934, 0.1564, 1.5114, 0.1256, 4.8669, 15.2118, 13.7559, 14.3818, 17.9526, 4.7423, 5.8728, 10.784, 23.4258, 17.3559, 8.285, 3.616, 9.8067, 9.854, 14.8397, 1.4674, 3.1713, 0.1339, 0.0587, 1.8376, 45.2213, 9.5193, 32.0985, 2.6366],
      [34.4098, 26.5207, 1.8571, 14.1362, 6.5085, 7.7878, 29.9578, 25.6109, 37.0509, 24.9453, 7.7057, 1.4258, 2.135, 0.1025, 28.1933, 69.0015, 33.6025, 31.5818, 55.7575, 17.9805, 14.4639, 33.0788, 62.8974, 61.435, 29.7339, 8.5553, 24.647, 37.1855, 57.9686, 6.6769, 12.8701, 2.3764, 0.0688, 5.9349, 158.9443, 17.8281, 96.7627, 13.5342],
      [1.3103, 1.0819, 0.4337, 1.295, 0.9536, 0.4113, 2.0326, 0.9561, 2.3593, 1.8574, 0.4225, 0, 0.3194, 0.046, 1.335, 3.6162, 1.8771, 3.0732, 2.8016, 1.9778, 1.5574, 1.5036, 3.9213, 2.6443, 1.5739, 0.5651, 2.0793, 1.6477, 2.1657, 0.8089, 0.7223, 0.05, 0.0189, 0.2241, 10.4234, 1.38, 5.6542, 0.3779]
    ],
    [
      [4.5587, 4.5625, 0.6071, 1.6506, 1.1918, 0.6468, 2.0841, 2.9305, 1.309, 1.1244, 0.5301, 1.131, 0.2342, 0.0606, 3.4721, 8.2516, 5.5734, 10.8288, 4.6773, 1.2153, 3.8477, 2.1373, 5.9709, 5.929, 2.7933, 1.4471, 4.7667, 4.6759, 5.3452, 0.2806, 1.1704, 0.1861, 0.2093, 0.3332, 13.2348, 0.9148, 9.8246, 0.6973],
      [20.252, 9.1689, 1.1768, 6.4432, 9.8633, 15.6133, 9.2332, 20.4078, 16.7366, 7.6824, 8.9871, 3.4032, 0.2675, 0.6892, 18.9532, 35.7055, 20.0057, 51.0883, 33.8686, 7.0903, 13.2996, 18.3985, 33.46, 15.4428, 12.8485, 6.3489, 29.255, 19.2579, 26.1029, 1.2974, 10.7871, 4.2764, 0.6433, 1.6105, 57.4247, 4.4857, 55.9541, 4.0592],
      [12.2527, 6.7557, 1.2184, 8.7179, 3.5978, 3.0472, 6.974, 8.8255, 5.4094, 10.22, 1.9041, 0.6176, 0.1207, 0.446, 13.3426, 33.1929, 13.4527, 43.5098, 19.4349, 7.173, 9.8112, 10.953, 26.4119, 17.7976, 11.2874, 3.6571, 23.2091, 15.526, 16.035, 1.3114, 5.99, 2.9899, 0.425, 1.0294, 55.1208, 5.2817, 28.8064, 1.2096],
      [113.0713, 56.7269, 13.2306, 38.5154, 31.2519, 35.6091, 64.6704, 92.6922, 63.1322, 56.8856, 15.5093, 7.3194, 4.3373, 3.4706, 83.8985, 212.5983, 178.9287, 327.55, 173.8565, 39.868, 95.9212, 124.2892, 231.1273, 143.6519, 92.0975, 41.6478, 201.6389, 125.8764, 164.8774, 10.5346, 56.2151, 7.6468, 5.2013, 12.8016, 434.2744, 47.5468, 333.2235, 15.9635],
      [6.4568, 4.0571, 0.2104, 1.621, 1.1982, 1.7568, 1.6976, 4.5894, 2.0767, 2.0389, 1.718, 0.5288, 0.0451, 0.0176, 7.2948, 13.4115, 6.4437, 10.6473, 7.4945, 2.2942, 3.2449, 5.4609, 8.7789, 7.5574, 4.1091, 1.37, 7.3492, 6.4186, 9.2127, 0.4031, 2.9789, 0.8359, 0.0319, 0.6456, 21.4122, 1.0745, 15.1014, 1.1627],
      [6.4084, 4.7289, 1.5568, 4.0519, 4.8971, 2.3268, 4.3407, 4.5546, 5.3361, 4.0487, 2.3514, 0, 0.9952, 0.3159, 9.0388, 19.8402, 9.5958, 27.3757, 10.6681, 6.3592, 9.8755, 6.7611, 15.2511, 8.6214, 6.8642, 2.5291, 16.7811, 8.2452, 9.4268, 2.1729, 4.8585, 1.065, 0.4892, 0.5795, 39.5331, 2.6965, 23.09, 0.9076]
    ],
    [
      [10.8056, 11.3859, 1.3023, 1.4741, 0.6248, 1.2417, 6.7318, 4.3282, 3.6987, 3.2635, 1.2159, 0.1894, 0.2025, 0.1696, 5.1695, 6.3967, 8.3402, 11.0457, 9.4601, 2.4961, 2.654, 1.9204, 11.675, 9.8315, 5.7242, 2.8322, 4.4522, 4.2706, 8.1809, 0.5194, 0.6251, 0.0265, 0.5257, 0.7478, 26.5126, 2.9696, 11.4964, 1.301],
      [5.7176, 2.8754, 0.3092, 0.7916, 0.8897, 1.7226, 3.5238, 3.2737, 5.0074, 2.7789, 1.5728, 0.0495, 0.0655, 0.3578, 3.4231, 3.3519, 3.4134, 6.1936, 7.7102, 2.0044, 1.115, 2.2321, 7.6765, 2.2182, 2.9806, 1.4849, 3.2474, 2.073, 4.7346, 0.47, 0.7432, 0.0592, 0.2747, 0.3688, 12.4053, 1.6518, 7.6648, 0.8284],
      [2.0552, 1.4543, 0.273, 0.3755, 0.4876, 0.5282, 1.4135, 0.9181, 0.951, 1.7671, 0.575, 0.0107, 0.0163, 0.1755, 1.5082, 1.8808, 1.2944, 3.4381, 2.5635, 1.1765, 0.6318, 0.8254, 3.3161, 2.1771, 1.4386, 0.3819, 1.483, 0.9458, 1.7009, 0.6446, 0.3262, 0.0962, 0.0794, 0.0693, 7.16, 1.1611, 1.7751, 0.0603],
      [1.8679, 1.2192, 0.2283, 0.4338, 0.5129, 1.643, 1.2543, 1.1992, 1.6619, 1.3356, 0.3728, 0.2002, 0.437, 0.0387, 0.3959, 1.1225, 1.5349, 2.5608, 2.4622, 0.7399, 0.6079, 0.9638, 2.8229, 2.1556, 1.25, 0.415, 1.2462, 0.7531, 1.7423, 0.4418, 0.3999, 0.0176, 0.0436, 0.0764, 6.1654, 0.827, 2.7637, 0.1979],
      [1055.7108, 830.8633, 36.6096, 103.4437, 81.2621, 234.2161, 513.4708, 465.966, 613.8842, 408.4914, 282.4964, 22.5502, 33.066, 23.9483, 729.9103, 742.5189, 649.8444, 738.7267, 1073.8447, 325.9365, 160.5118, 370.401, 1196.3494, 845.4469, 668.0434, 187.265, 472.9237, 425.3019, 951.6494, 149.6136, 119.5264, 33.7259, 17.805, 71.623, 3023.6736, 279.3632, 1169.3581, 139.5435],
      [0.8429, 1.202, 0.2776, 0.4813, 0.2229, 0.6482, 1.6058, 0.3149, 1.7968, 1.3635, 0.7669, 0, 0.2126, 0.3101, 1.593, 1.7293, 1.5728, 3.0351, 1.9594, 0.6466, 0.4795, 0.6573, 3.1602, 1.1707, 1.5632, 0.621, 1.6476, 0.6556, 0.9919, 0.3107, 0.3791, 0.0746, 0.2716, 0.1147, 8.0831, 1.0274, 2.942, 0.069]
    ],
    [
      [5.4035, 5.6031, 0.6901, 0.6321, 0.8478, 1.0338, 2.8888, 3.721, 1.8043, 1.0086, 0.8572, 0.5862, 0.096, 0.009, 3.9147, 8.1592, 7.5653, 11.7885, 6.6261, 0.7999, 3.9435, 2.4509, 6.7765, 5.658, 5.8861, 1.6909, 4.7813, 3.4661, 6.9897, 1.0525, 0.9916, 0.0237, 0.1094, 0.3064, 17.4122, 1.3078, 5.9226, 0.6694],
      [1.5784, 0.7364, 0.0885, 0.1596, 0.5682, 1.5085, 0.8385, 1.7192, 1.4917, 0.4474, 0.9254, 0.0865, 0.0254, 0.0033, 1.4087, 2.339, 1.7708, 3.7254, 3.135, 0.3264, 0.9102, 1.3793, 2.4989, 0.9341, 1.7632, 0.4844, 1.9455, 0.943, 2.2487, 0.1661, 0.5873, 0.0296, 0.0287, 0.0959, 4.9113, 0.4202, 2.1742, 0.2517],
      [117.8213, 67.5407, 11.6906, 28.2703, 27.7593, 39.9696, 79.019, 93.5921, 60.8396, 75.0663, 25.7041, 2.3224, 1.5571, 0.8315, 121.9791, 265.8897, 147.6652, 380.1093, 222.6501, 42.1097, 81.338, 101.1207, 242.183, 137.3127, 193.3582, 35.3843, 187.9341, 93.8111, 169.5944, 22.1965, 41.5572, 3.3245, 3.07, 8.6448, 584.4687, 61.9659, 140.7914, 10.0438],
      [14.0517, 7.2597, 1.4673, 1.5172, 3.1322, 5.9201, 9.3409, 12.6574, 9.0794, 5.3152, 2.5706, 0.2852, 0.5498, 0.0216, 9.8773, 22.0627, 25.4416, 37.6217, 25.8976, 2.9464, 10.2686, 14.7704, 27.5706, 14.3753, 20.3153, 4.9972, 21.2477, 9.783, 22.6516, 2.1202, 4.8612, 0.0823, 0.2562, 1.1531, 60.2605, 7.0342, 21.0517, 1.5465],
      [15.0476, 10.3894, 0.4625, 1.1583, 2.2622, 5.1485, 6.1376, 11.4518, 8.0699, 2.8594, 5.348, 0.7197, 0.2228, 0.0085, 15.9618, 26.9561, 16.5772, 22.3557, 21.6521, 2.0774, 6.6244, 12.0543, 19.7548, 13.735, 19.5883, 3.1301, 14.5743, 10.0615, 23.5115, 2.526, 5.0706, 0.3697, 0.0421, 1.0005, 57.189, 3.6515, 15.7537, 2.2017],
      [11.0976, 8.4708, 2.601, 2.2625, 7.4303, 5.4195, 8.7752, 8.8585, 10.7152, 5.3033, 5.5947, 0, 2.549, 0.126, 14.8583, 28.5933, 18.98, 43.3993, 22.0391, 6.7402, 14.9154, 11.2244, 25.2162, 11.9848, 21.0889, 4.313, 24.5171, 8.9353, 18.0041, 5.9387, 5.9321, 0.1703, 0.4937, 0.7993, 75.7582, 5.6205, 20.3064, 1.2869]
    ],
    [
      [4.5206, 4.8729, 0.8559, 0.7962, 0.4625, 0.558, 2.0589, 2.1162, 1.5117, 1.5004, 0.3346, 0.2022, 0.0594, 0.0837, 2.6956, 3.4091, 3.6175, 7.3048, 4.0748, 1.0198, 2.084, 1.6598, 4.4799, 4.2662, 2.6169, 1.0784, 2.1055, 2.2747, 4.2575, 0.2623, 0.6811, 0.0868, 0.3925, 0.0952, 11.531, 1.395, 5.8741, 0.713],
      [2.9976, 1.4543, 0.2312, 0.4865, 0.7897, 1.9962, 1.3543, 2.262, 2.8756, 1.5125, 0.8287, 0.0671, 0.0316, 0.236, 2.1931, 2.1994, 1.9342, 5.1665, 4.4098, 0.9565, 1.0684, 2.0758, 3.7487, 1.6605, 1.7959, 0.6963, 1.9186, 1.4027, 3.106, 0.1779, 0.9039, 0.2352, 0.2035, 0.059, 7.4968, 1.0187, 5.0211, 0.6141],
      [5.0008, 2.9537, 0.6634, 1.7839, 0.7759, 1.0679, 2.8282, 2.6999, 2.5632, 5.5566, 0.4854, 0.0295, 0.0404, 0.479, 4.2614, 5.6054, 3.5829, 12.035, 6.9834, 2.6713, 2.1598, 3.4029, 8.1584, 5.2542, 4.385, 1.1138, 4.168, 3.1211, 5.2638, 0.4969, 1.3882, 0.4765, 0.3973, 0.1107, 19.8205, 3.305, 7.1228, 0.5018],
      [4.5758, 2.4446, 0.6809, 0.7804, 0.6791, 1.2276, 2.5813, 2.8107, 2.9504, 3.048, 0.3847, 0.0363, 0.1267, 0.2499, 2.651, 3.56, 4.7323, 9.0705, 6.2096, 1.458, 2.0927, 3.8131, 7.1017, 4.2168, 3.5176, 1.2349, 3.5901, 2.507, 5.3836, 0.3778, 1.2516, 0.1072, 0.3863, 0.1209, 15.5642, 2.9125, 8.2102, 0.6332],
      [33.4673, 24.6063, 1.6451, 4.5388, 3.4502, 7.5148, 11.4814, 17.5177, 17.9482, 13.2231, 4.9931, 0.665, 0.2558, 0.8378, 28.8961, 29.3296, 20.8907, 36.8445, 34.9748, 10.0752, 9.3684, 21.2017, 34.3217, 27.3813, 23.1705, 5.3919, 16.3904, 17.351, 37.9943, 2.96, 9.1011, 3.5237, 0.998, 0.3914, 98.8852, 9.8909, 45.4467, 6.3032],
      [8.4379, 6.6682, 2.9235, 2.6142, 3.8426, 2.6355, 5.6959, 4.5937, 8.1509, 7.1594, 1.9735, 0, 1.4862, 1.1137, 9.3027, 10.8965, 8.2424, 24.5787, 12.3475, 7.8192, 7.2267, 6.8468, 15.1896, 8.221, 8.5141, 2.4846, 9.8274, 5.3435, 9.9948, 2.7252, 3.6741, 0.5706, 1.6224, 0.2228, 45.7024, 5.4778, 18.3251, 1.2346]
    ]
  ],
  "V_est": [
    [980.4853, 0.7418, 35.1954, 11.1953, 389.2039, 73.1782],
    [3.9213, 1626.5685, 28.4037, 339.3957, 1101.2328, 65.4779],
    [120.4041, 611.5886, 437.0653, 3757.6574, 172.7462, 288.5384],
    [185.807, 107.2608, 47.1353, 44.1109, 19248.8851, 44.8009],
    [133.4735, 44.6545, 3930.4863, 441.3613, 385.7052, 470.3192],
    [87.9087, 67.1858, 132.714, 113.2793, 673.2268, 283.6855]
  ],
  "p_est": [
    [0.658, 0.0005, 0.0236, 0.0075, 0.2612, 0.0491],
    [0.0012, 0.5139, 0.009, 0.1072, 0.3479, 0.0207],
    [0.0223, 0.1135, 0.0811, 0.6974, 0.0321, 0.0536],
    [0.0094, 0.0055, 0.0024, 0.0022, 0.9782, 0.0023],
    [0.0247, 0.0083, 0.7271, 0.0816, 0.0713, 0.087],
    [0.0647, 0.0495, 0.0977, 0.0834, 0.4957, 0.2089]
  ],
  "EI_Z": {},
  "EI_V": 8.1958,
  "MAE_Z": {},
  "MAE_V": 166.1248,
  "MAE_p": 0.0363,
  "runtime": 0.334
}
