{
  "X": [
    [24, 69, 70, 205, 11],
    [4, 46, 70, 69, 6],
    [10, 36, 39, 134, 4],
    [6, 22, 30, 104, 3],
    [32, 164, 272, 437, 40],
    [3, 53, 49, 111, 8],
    [20, 47, 33, 201, 8],
    [8, 13, 24, 150, 10],
    [81, 181, 188, 739, 61],
    [165, 297, 418, 1325, 102],
    [6, 31, 37, 56, 4],
    [3, 7, 25, 10, 2],
    [15, 10, 73, 100, 14],
    [5, 22, 36, 147, 3],
    [9, 49, 53, 114, 7],
    [2, 12, 13, 5, 2],
    [5, 1, 5, 0, 1],
    [3, 14, 22, 95, 2],
    [7, 14, 23, 161, 7],
    [21, 72, 218, 566, 33],
    [14, 55, 40, 269, 10],
    [73, 158, 166, 784, 51],
    [3, 18, 39, 66, 3],
    [31, 94, 225, 287, 38],
    [96, 178, 422, 666, 60],
    [50, 127, 101, 472, 12],
    [12, 48, 75, 321, 15],
    [12, 20, 56, 190, 5],
    [22, 132, 217, 366, 10],
    [13, 34, 86, 112, 5],
    [96, 179, 154, 815, 41],
    [30, 56, 60, 313, 18],
    [30, 109, 200, 268, 22],
    [1, 18, 24, 45, 0],
    [7, 47, 127, 138, 13],
    [6, 77, 126, 230, 16],
    [28, 145, 311, 381, 43],
    [13, 65, 150, 211, 13],
    [24, 129, 256, 286, 18],
    [28, 119, 297, 395, 36],
    [10, 39, 110, 288, 12],
    [30, 78, 150, 256, 32],
    [116, 282, 415, 576, 83],
    [37, 122, 190, 260, 32],
    [66, 172, 284, 522, 31],
    [11, 79, 64, 137, 6],
    [3, 10, 57, 185, 5],
    [30, 90, 39, 217, 10],
    [92, 319, 513, 1077, 59],
    [0, 19, 28, 94, 4],
    [7, 22, 33, 56, 6],
    [21, 84, 149, 355, 27],
    [11, 48, 174, 342, 21],
    [21, 87, 126, 292, 26],
    [26, 20, 122, 96, 22],
    [156, 414, 677, 1655, 96],
    [17, 80, 75, 169, 17],
    [107, 514, 396, 940, 116],
    [13, 107, 54, 203, 9]
  ],
  "W": [
    [27, 113, 159, 60, 20],
    [63, 55, 58, 10, 9],
    [26, 47, 118, 18, 14],
    [30, 26, 85, 18, 6],
    [145, 285, 351, 96, 68],
    [37, 56, 102, 15, 14],
    [25, 59, 167, 39, 19],
    [4, 30, 139, 17, 15],
    [67, 293, 625, 149, 116],
    [102, 608, 1138, 284, 175],
    [31, 38, 45, 13, 7],
    [12, 17, 8, 7, 3],
    [8, 79, 82, 24, 19],
    [5, 53, 120, 22, 13],
    [39, 63, 94, 15, 21],
    [10, 12, 2, 4, 6],
    [1, 7, 0, 2, 2],
    [5, 31, 80, 14, 6],
    [2, 38, 140, 19, 13],
    [25, 285, 467, 77, 56],
    [16, 71, 247, 38, 16],
    [50, 280, 675, 160, 67],
    [17, 39, 46, 15, 12],
    [27, 301, 231, 68, 48],
    [54, 519, 536, 187, 126],
    [61, 150, 425, 84, 42],
    [8, 126, 296, 20, 21],
    [15, 83, 142, 27, 16],
    [82, 272, 290, 61, 42],
    [32, 98, 79, 26, 15],
    [80, 231, 728, 147, 99],
    [20, 92, 271, 54, 40],
    [57, 272, 199, 66, 35],
    [19, 28, 32, 4, 5],
    [24, 148, 104, 25, 31],
    [32, 182, 165, 32, 44],
    [83, 368, 315, 75, 67],
    [45, 164, 178, 36, 29],
    [68, 309, 236, 51, 49],
    [51, 393, 314, 77, 40],
    [14, 143, 238, 40, 24],
    [42, 204, 197, 55, 48],
    [101, 607, 460, 188, 116],
    [38, 275, 206, 70, 52],
    [73, 369, 450, 118, 65],
    [29, 110, 110, 30, 18],
    [4, 51, 165, 24, 16],
    [45, 84, 190, 35, 32],
    [152, 667, 906, 205, 130],
    [27, 22, 80, 7, 9],
    [7, 49, 43, 20, 5],
    [39, 213, 293, 49, 42],
    [54, 188, 295, 35, 24],
    [50, 177, 234, 47, 44],
    [7, 148, 83, 31, 17],
    [206, 891, 1362, 307, 232],
    [30, 115, 145, 42, 26],
    [212, 693, 860, 165, 143],
    [55, 104, 190, 17, 20]
  ],
  "method": "mult",
  "cond_prob": [
    [
      [0.00035393885663, 0.69953188839, 0.23262387169, 0.066889174251, 0.00060112681069],
      [0.039047132998, 0.33035175842, 0.54193826385, 0.046711951285, 0.041950893455],
      [0, 0.0141011915, 0, 0.98515630348, 0.0007425050199],
      [0.29584969426, 0.10276871856, 0.010861926236, 0.52122620683, 0.069293454115],
      [0.091356798333, 0.21873388751, 0.091420803782, 0.50010585685, 0.098382653532]
    ],
    [
      [0, 0.52566862142, 0.42136184102, 0.050989051502, 0.0019804860548],
      [0.018972677393, 0.18094623572, 0.73229241953, 0.012297131353, 0.055491535996],
      [0.00074616238357, 0.013908121091, 0.026748564482, 0.95496987544, 0.0036272766081],
      [0.23333767612, 0.077061804599, 0.029779117977, 0.53974111101, 0.1200802903],
      [0.064427618216, 0.15039386847, 0.14765700241, 0.48063151618, 0.15688999472]
    ],
    [
      [0.00048375697877, 0.64449538698, 0.28765631076, 0.066770006253, 0.0005945390282],
      [0.038493946929, 0.269666585, 0.62410622788, 0.033559913918, 0.034173326278],
      [0.0043413015114, 0.019033965989, 0.0027734259758, 0.97272811937, 0.0011231871506],
      [0.34153375328, 0.088318778443, 0.017424648864, 0.49476596587, 0.057956853546],
      [0.10845183397, 0.19521746035, 0.11050251896, 0.49992560082, 0.085902585901]
    ],
    [
      [0, 0.50824419615, 0.35246532627, 0.1388038191, 0.00048665847864],
      [0.024803916669, 0.18345206875, 0.7046505115, 0.047897555583, 0.03919594749],
      [0, 0, 0, 0.99953504813, 0.00046495187073],
      [0.27042709416, 0.063363807748, 0.018661835606, 0.57485031763, 0.072696944854],
      [0.081235078613, 0.14039529806, 0.12820231199, 0.54712736224, 0.10303994909]
    ],
    [
      [0, 0.5611014924, 0.3725828128, 0.065060441369, 0.0012552534313],
      [0.019874371242, 0.20538561024, 0.69604321326, 0.019897055608, 0.058799749657],
      [0.00044661263438, 0.015586259863, 0.022290887511, 0.9589588221, 0.0027174178933],
      [0.22688869521, 0.081491090691, 0.028004592297, 0.54388840427, 0.11972721753],
      [0.064672476786, 0.1589920995, 0.13368579396, 0.48658443804, 0.15606519171]
    ],
    [
      [0, 0.68593050725, 0.27283750778, 0.040696835748, 0.00053514921938],
      [0.0084273520344, 0.312672078, 0.61173552269, 0.0055682490192, 0.061596798258],
      [0, 0.048304445264, 0.026024901523, 0.92423236318, 0.0014382900283],
      [0.13651481221, 0.13164227916, 0.025608023927, 0.56734568504, 0.13888919966],
      [0.034310435919, 0.22923194709, 0.11494018767, 0.45717920085, 0.16433822847]
    ],
    [
      [0.0011318853077, 0.72337839671, 0.20059852446, 0.07415564998, 0.00073554354317],
      [0.073043156452, 0.36421892593, 0.44697766639, 0.063848587815, 0.051911663413],
      [0, 0, 0, 0.99927382805, 0.00072617195478],
      [0.34613754986, 0.089336904454, 0.006327280156, 0.48745303807, 0.070745227458],
      [0.11383116801, 0.20749916728, 0.071925823459, 0.49945496321, 0.10728887804]
    ],
    [
      [0.00074674205373, 0.56279916705, 0.35954869728, 0.07449131903, 0.0024140745823],
      [0.032554930427, 0.1926730187, 0.65054807531, 0.028984278774, 0.095239696787],
      [0.0060987214464, 0.013677784296, 0.0078679409936, 0.96527708917, 0.0070784640975],
      [0.28726551434, 0.063411882208, 0.018773926385, 0.46849442579, 0.16205425128],
      [0.085941939615, 0.13262658374, 0.10883749367, 0.4463057152, 0.22628826778]
    ],
    [
      [0.0012570061406, 0.68465917534, 0.2474463754, 0.064983853268, 0.0016535898581],
      [0.049439256405, 0.29820414528, 0.5442252339, 0.033404300984, 0.074727063437],
      [0.0081991829877, 0.01940206499, 0, 0.96731699316, 0.0050817588577],
      [0.32943345559, 0.088980213354, 0.012711396187, 0.45566600827, 0.1132089266],
      [0.1053448639, 0.19284205412, 0.086802597286, 0.45164884209, 0.16336164261]
    ],
    [
      [0.0013872411657, 0.64079437126, 0.28962015945, 0.066618753053, 0.001579475071],
      [0.047917832477, 0.25957352794, 0.59725728555, 0.028819903285, 0.066431450741],
      [0.012334623135, 0.017947061987, 0.0030239571846, 0.96162319498, 0.0050711627089],
      [0.35637108878, 0.079330971907, 0.015381557537, 0.44635984134, 0.10255654044],
      [0.11701867952, 0.17636866617, 0.10009536288, 0.45479425805, 0.15172303339]
    ],
    [
      [0, 0.60756754105, 0.32943444201, 0.061972017817, 0.0010259991228],
      [0.031076628855, 0.23652117588, 0.65966463844, 0.024424978332, 0.048312578499],
      [0.0027469807595, 0.019143903415, 0.01310935795, 0.96262871817, 0.0023710397094],
      [0.31067920974, 0.083229492364, 0.021908219167, 0.49614176619, 0.088041312543],
      [0.093806320394, 0.17630606994, 0.1207925829, 0.48322614187, 0.12586888489]
    ],
    [
      [0, 0.36012519061, 0.63865550997, 0, 0.0012192994277],
      [0, 0.04192411187, 0.91710693839, 0, 0.040968949735],
      [0.0086274520025, 0.15903752998, 0.062644472455, 0.76627379418, 0.0034167513898],
      [0.37297196191, 0.051556470256, 0.078198302948, 0.38562971053, 0.11164355436],
      [0.10672555021, 0.11086409311, 0.23225734247, 0.39013389095, 0.16001912325]
    ],
    [
      [0.0014791837834, 0.29620752017, 0.60399841231, 0.095405343222, 0.002909540519],
      [0.042282963837, 0.071938460359, 0.79450103605, 0.011987218631, 0.079290321124],
      [0.0090464991997, 0.0033361905777, 0.022657622486, 0.95800702854, 0.0069526591962],
      [0.36066507278, 0.024681134204, 0.027506136166, 0.45152662263, 0.13562103423],
      [0.11842303714, 0.056909822211, 0.15180834431, 0.46823956311, 0.20461923324]
    ],
    [
      [8.5677283581e-05, 0.62515995592, 0.29832350271, 0.076020090449, 0.00041077364254],
      [0.0074932228001, 0.26905362247, 0.61537811847, 0.087082042541, 0.020992993711],
      [0, 0, 0, 1, 0],
      [0.17969595393, 0.09686769415, 0.017953101156, 0.65710774375, 0.048375507011],
      [0.049932293742, 0.19102068908, 0.11525953707, 0.58062930235, 0.06315817776]
    ],
    [
      [0.00017140170433, 0.64258000326, 0.28859399533, 0.067905311863, 0.00074928784871],
      [0.033446632582, 0.26677052542, 0.61738947884, 0.034004446797, 0.048388916367],
      [0.0036069134333, 0.019349989725, 0.0034606003042, 0.97190470685, 0.0016777896841],
      [0.30573660496, 0.089067338699, 0.017754392245, 0.50362488797, 0.083816776124],
      [0.093384692561, 0.18942512653, 0.10750879539, 0.49028556787, 0.11939581765]
    ],
    [
      [0, 0.65169089891, 0.34830910109, 0, 0],
      [0, 0.26190579965, 0.69607405937, 0, 0.042020140973],
      [0.0034915654659, 0.031351378972, 0.017328244726, 0.94499250932, 0.0028363015179],
      [0.35566651352, 0.11853481207, 0.038222769036, 0.36757488984, 0.12000101552],
      [0.095058469163, 0.3005632348, 0.16274545184, 0.27328590366, 0.16834694053]
    ],
    [
      [0.020194050272, 0.44532473183, 0.53230721402, 0, 0.0021740038856],
      [0.2702516531, 0.058708691688, 0.60650426175, 0, 0.064535393458],
      [0.59585088428, 0.15175780416, 0.17147683801, 0, 0.080914473548],
      [0.93884298389, 0.0048017306068, 0, 0, 0.056355285508],
      [0.60517920512, 0.067055482572, 0.11108147686, 0, 0.21668383545]
    ],
    [
      [0, 0.62293294702, 0.30196344404, 0.074672099746, 0.00043150919692],
      [0.0057666110922, 0.27082390393, 0.62945739427, 0.069450542321, 0.024501548381],
      [0, 0, 0, 1, 0],
      [0.1803499861, 0.09654400359, 0.019225495466, 0.64716972633, 0.056710788513],
      [0.04938920846, 0.18969636546, 0.1179744368, 0.56888275344, 0.074057235839]
    ],
    [
      [0.00055647716001, 0.61100588917, 0.30322112883, 0.083650091908, 0.0015664129369],
      [0.03291779102, 0.24996057926, 0.55061027469, 0.095172494999, 0.07133886003],
      [0, 0, 0, 1, 0],
      [0.25123333657, 0.070575999525, 0.013382047955, 0.54948611405, 0.1153225019],
      [0.07496750708, 0.14911863222, 0.093546799448, 0.52122375687, 0.16114330438]
    ],
    [
      [0.00023867910789, 0.49354895964, 0.4141588003, 0.090709825589, 0.0013437353621],
      [0.014791888598, 0.16866672799, 0.69755033533, 0.062981857545, 0.056009190533],
      [0, 0, 0, 1, 0],
      [0.18071248511, 0.062017426805, 0.021567685318, 0.622080292, 0.11362211077],
      [0.05113363247, 0.12171279764, 0.12827629737, 0.55146861565, 0.14740865687]
    ],
    [
      [0.0003764104507, 0.75298971668, 0.18938814501, 0.056344999181, 0.00090072867992],
      [0.031267013945, 0.38321142459, 0.49551678299, 0.034070686636, 0.055934091837],
      [0.0024719413641, 0.028309009078, 0, 0.96747820717, 0.0017408423852],
      [0.26152994338, 0.12474797125, 0.013446581771, 0.50654495532, 0.093730548284],
      [0.076582004826, 0.25071282736, 0.079820498747, 0.46647723677, 0.1264074323]
    ],
    [
      [0.00089958857957, 0.69111812259, 0.23902395632, 0.067522630346, 0.0014357021555],
      [0.058119989986, 0.30582031751, 0.52348283771, 0.039707694488, 0.072869160299],
      [0.00096004980136, 0.015268030775, 0, 0.98040965993, 0.0033622594895],
      [0.3094913947, 0.090346815514, 0.011410524398, 0.47818383009, 0.11056743529],
      [0.097235322487, 0.19482080166, 0.084297368967, 0.46596687695, 0.15767962994]
    ],
    [
      [0, 0.50020090621, 0.41369704919, 0.086102044608, 0],
      [0.0038178296949, 0.17197810286, 0.75322163476, 0.044938900971, 0.026043531713],
      [0, 0, 0.0076781112445, 0.99232188876, 0],
      [0.15691648122, 0.072918616455, 0.029092713211, 0.67557272181, 0.065499467305],
      [0.041446451967, 0.14130494466, 0.15016021608, 0.58360419949, 0.083484187802]
    ],
    [
      [0.00049798053709, 0.56772319484, 0.35978868308, 0.070335712237, 0.0016544293029],
      [0.027153807047, 0.20776087409, 0.67832198501, 0.018972223393, 0.06779111046],
      [0.0033462875074, 0.015915403999, 0.015400116129, 0.96153244146, 0.0038057509],
      [0.26781892885, 0.075294276919, 0.023822042317, 0.50790218253, 0.12516256938],
      [0.079762063082, 0.1528954476, 0.12361379926, 0.4737282112, 0.17000047885]
    ],
    [
      [0.00073018563727, 0.55414448655, 0.37704421468, 0.066848671136, 0.0012324419987],
      [0.034865890398, 0.20212539114, 0.70511201676, 0.0091436007447, 0.04875310096],
      [0.0052593853148, 0.018190797441, 0.024634630229, 0.94870265058, 0.0032125364333],
      [0.33079108535, 0.073372803213, 0.027936381182, 0.47841107938, 0.089488650868],
      [0.10466832833, 0.15636617535, 0.13696992561, 0.4736281779, 0.12836739281]
    ],
    [
      [0.0013472551511, 0.7174781925, 0.22314883728, 0.05746274259, 0.00056297247174],
      [0.050561188922, 0.34447752936, 0.54540303404, 0.029525147981, 0.0300330997],
      [0.010609787128, 0.030523125805, 0.0013393449006, 0.95599854256, 0.0015291996031],
      [0.38557444649, 0.10381638226, 0.013624456115, 0.45102367155, 0.045961043589],
      [0.12943395389, 0.23498324467, 0.091994998184, 0.47334836917, 0.070239434082]
    ],
    [
      [0.00056113995576, 0.65386515739, 0.27205555351, 0.072090311771, 0.001427837367],
      [0.039329765089, 0.2854725405, 0.55994328656, 0.04476365354, 0.07049075431],
      [0, 0.0045051081812, 0, 0.99392680516, 0.001568086659],
      [0.26768579516, 0.085948801069, 0.015376440781, 0.51596519688, 0.11502376611],
      [0.080297360761, 0.17843098069, 0.093484411895, 0.48863899499, 0.15914825166]
    ],
    [
      [0.00035530072727, 0.47368790731, 0.4020942025, 0.1233290674, 0.00053352206658],
      [0.033770334954, 0.12238848028, 0.57986536456, 0.23471361992, 0.029262200284],
      [0, 0, 0, 1, 0],
      [0.28555515528, 0.041619739732, 0.0056238729162, 0.61713478781, 0.05006644426],
      [0.092608968467, 0.10079403465, 0.10549482093, 0.62538714155, 0.075715034399]
    ],
    [
      [0, 0.59947354932, 0.32481649162, 0.075709959057, 0],
      [0.01847598845, 0.24220307204, 0.67349825702, 0.046357249756, 0.019465432738],
      [0, 0.011523623358, 0.0014495500086, 0.98702682663, 0],
      [0.23167743634, 0.093560302105, 0.022057785268, 0.61260600345, 0.040098472834],
      [0.06767160773, 0.18845009902, 0.12875303272, 0.56133013071, 0.053795129822]
    ],
    [
      [0.00011316818319, 0.48861331034, 0.41321943273, 0.097561101124, 0.00049298762659],
      [0.034586616364, 0.15383831921, 0.71710173757, 0.067775710485, 0.026697616371],
      [0, 0, 0, 0.99927828856, 0.00072171143575],
      [0.31202541881, 0.054085296998, 0.01840668617, 0.56752324419, 0.047959353834],
      [0.09961528837, 0.12546673762, 0.13482893538, 0.5691623994, 0.07092663923]
    ],
    [
      [0.0019025721563, 0.69949306226, 0.23584332843, 0.061476107104, 0.0012849300521],
      [0.057645453242, 0.31505746143, 0.54010753337, 0.029977559504, 0.057211992457],
      [0.015858920473, 0.023238502538, 0, 0.95653786316, 0.0043647138312],
      [0.39274038532, 0.088947475405, 0.012317767132, 0.42411690523, 0.081877466913],
      [0.13387438165, 0.20474113836, 0.086434159083, 0.44901359331, 0.1259367276]
    ],
    [
      [0.0010925351472, 0.67279722868, 0.25659263308, 0.068159685127, 0.0013579179582],
      [0.060637560163, 0.28746372132, 0.55028271305, 0.036567101248, 0.065048904218],
      [0.0049573564127, 0.015175582019, 0, 0.97627715327, 0.0035899082967],
      [0.34417210038, 0.083679953771, 0.01255221945, 0.46229208075, 0.097303645647],
      [0.11176891884, 0.18665232086, 0.089107947178, 0.46844380214, 0.14402701099]
    ],
    [
      [0.00026178232183, 0.59482277354, 0.32622309701, 0.077856146723, 0.00083620039919],
      [0.029480910324, 0.22749901855, 0.64751826595, 0.050104189736, 0.045397615441],
      [0.0029068432339, 0.011057191547, 0.00035325592171, 0.98424246074, 0.001440248562],
      [0.2787799984, 0.078555354646, 0.01785539817, 0.54379699955, 0.081012249231],
      [0.085380831472, 0.16658098107, 0.11518745501, 0.5194002392, 0.11345049326]
    ],
    [
      [0, 0.57545393047, 0.29917096791, 0.12537510161, 0],
      [0.0079120564996, 0.20885263414, 0.63044762108, 0.15278768827, 0],
      [0, 0, 0, 1, 0],
      [0.14654144163, 0.087660795626, 0.017941832392, 0.74785593035, 0],
      [0.038459330296, 0.17357167649, 0.11829017794, 0.66967881527, 0]
    ],
    [
      [0, 0.51946487469, 0.40552156238, 0.074203412308, 0.00081015062716],
      [0.010639754648, 0.18107972564, 0.74271922781, 0.021961369825, 0.043599922073],
      [0, 0.011356975986, 0.018995518253, 0.96873573247, 0.00091177329081],
      [0.1629057156, 0.079004067588, 0.030581254173, 0.62643887855, 0.1010700841],
      [0.043634626521, 0.14763923936, 0.14854746885, 0.53417249129, 0.12600617399]
    ],
    [
      [0, 0.6186972828, 0.29681086714, 0.084100675895, 0.00039117416283],
      [0.0077091045037, 0.25376665688, 0.61123966855, 0.083673280794, 0.043611289276],
      [0, 0, 0, 1, 0],
      [0.10568230607, 0.09800366759, 0.018226720789, 0.68382343824, 0.094263867307],
      [0.027616117863, 0.17909177354, 0.10620857978, 0.57267934644, 0.11440418238]
    ],
    [
      [0, 0.56018906786, 0.37457592539, 0.063823135845, 0.0014118708993],
      [0.018561435254, 0.20631338515, 0.70780971051, 0.0077604388853, 0.059555030194],
      [0.0012220738564, 0.017764941706, 0.025660703711, 0.95223077875, 0.0031215019787],
      [0.22132168878, 0.083233483604, 0.028925254796, 0.54276664723, 0.12375292558],
      [0.06246734184, 0.16033602572, 0.13707028276, 0.48039767712, 0.15972867256]
    ],
    [
      [0, 0.53091934187, 0.40164302358, 0.066643808776, 0.00079382577281],
      [0.017417530337, 0.18948295342, 0.74042948841, 0.013753274729, 0.038916753108],
      [0, 0.014693793085, 0.028097966306, 0.95580555314, 0.001402687471],
      [0.22927297589, 0.079949254412, 0.031028685778, 0.57417298556, 0.085576098362],
      [0.065161996299, 0.15654334234, 0.15093645342, 0.51523709003, 0.11212111792]
    ],
    [
      [0, 0.58408913719, 0.35347798716, 0.061823602838, 0.00060927282071],
      [0.02154140935, 0.22940504031, 0.7070334383, 0.010157996457, 0.031862115585],
      [0.001354913468, 0.020057478102, 0.021878533036, 0.95544163393, 0.0012674414655],
      [0.26046245272, 0.091621041372, 0.027678150976, 0.55334512386, 0.066893231067],
      [0.076333874361, 0.18346006679, 0.14112744784, 0.50923157505, 0.089847035963]
    ],
    [
      [0.00016765634771, 0.54782426719, 0.37104017605, 0.07978716054, 0.0011807398675],
      [0.02037481394, 0.19467259465, 0.68647682157, 0.04362765158, 0.054848118259],
      [0.0011598705346, 0.0096504094291, 0.004948433398, 0.98263660682, 0.001604679821],
      [0.22143029147, 0.073413693256, 0.022254534473, 0.57612602086, 0.10677545993],
      [0.064245396409, 0.14678874337, 0.12560382256, 0.52188973985, 0.14147229782]
    ],
    [
      [0.00014113277586, 0.51100536467, 0.40015019317, 0.08779248029, 0.00091082909467],
      [0.011937311274, 0.18093427703, 0.70149082722, 0.065193749977, 0.0404438345],
      [0, 1.6793289448e-17, 0, 1, 6.37108669e-33],
      [0.17736580291, 0.068573590716, 0.022363192313, 0.64449595229, 0.087201461777],
      [0.049848188031, 0.13455748545, 0.13292422128, 0.56951503907, 0.11315506617]
    ],
    [
      [0.0010665109187, 0.57536002993, 0.34211292178, 0.079498993403, 0.0019615439733],
      [0.038427088439, 0.20484901577, 0.63545827357, 0.044380288784, 0.076885333436],
      [0.0053193553787, 0.0080699443794, 0, 0.98231336021, 0.0042973400342],
      [0.30099628915, 0.06584034337, 0.016099385186, 0.49221622636, 0.12484775594],
      [0.094028574728, 0.14238919997, 0.10650631856, 0.47957997822, 0.17749592852]
    ],
    [
      [0.0017076619795, 0.65372352238, 0.28539264626, 0.057355510148, 0.0018206592307],
      [0.048545651073, 0.27368187357, 0.6012747371, 0.0080907642594, 0.068406973997],
      [0.010727038765, 0.024747494141, 0.011927874696, 0.94719177, 0.0054058223953],
      [0.36080045134, 0.087576855348, 0.018924166242, 0.42417010199, 0.10852842508],
      [0.11720166599, 0.18966147304, 0.10480182495, 0.42968798444, 0.15864705159]
    ],
    [
      [0.00067798411809, 0.65025063955, 0.28781793029, 0.059908647299, 0.0013447987414],
      [0.034469189136, 0.27497652164, 0.61579651606, 0.015126387591, 0.059631385574],
      [0.0053394225681, 0.023945552225, 0.012530464227, 0.95456298029, 0.003621580686],
      [0.30704804902, 0.094122682591, 0.020465877725, 0.4745867668, 0.10377662386],
      [0.094267790587, 0.1952030905, 0.10971133965, 0.45582052304, 0.14499725622]
    ],
    [
      [0.00087245005469, 0.6204421398, 0.31759854496, 0.060133504441, 0.00095336074705],
      [0.039174468109, 0.25251230959, 0.65461354224, 0.013701174011, 0.039998506057],
      [0.0066705078362, 0.024158423309, 0.019035996321, 0.94749618938, 0.0026388831581],
      [0.34905321022, 0.087701393774, 0.022926344844, 0.46990323262, 0.070415818543],
      [0.11216807819, 0.18939425544, 0.12294464764, 0.47281006611, 0.10268295263]
    ],
    [
      [0, 0.75219149094, 0.19231361528, 0.055389675026, 0.00010521875646],
      [0.02242375061, 0.4025501428, 0.51278936567, 0.033837332787, 0.028399408126],
      [0, 0.034501397614, 0, 0.96549860239, 0],
      [0.2427194733, 0.13984783528, 0.014301484536, 0.54986739945, 0.053263807435],
      [0.069544624113, 0.27307456992, 0.088168355368, 0.49837358731, 0.070838863287]
    ],
    [
      [0.00010566822886, 0.33466093119, 0.58131499798, 0.08305359878, 0.0008648038171],
      [0, 0.10382036537, 0.85147930922, 0.01964346458, 0.02505686083],
      [0, 0.003023552694, 0.041686558868, 0.95528988844, 0],
      [0.10579137685, 0.05868128082, 0.045346155747, 0.70382844307, 0.086352743513],
      [0.028786517668, 0.091205044199, 0.20516908042, 0.57195341783, 0.10288593988]
    ],
    [
      [0.0033404563693, 0.79840534435, 0.13946719031, 0.058016679435, 0.00077032954414],
      [0.10509482408, 0.43923124807, 0.3669599328, 0.03778276899, 0.050931226053],
      [0.0049138411509, 0.029508269216, 0, 0.96359580182, 0.0019820878135],
      [0.43281700901, 0.10274110126, 0.0051637133312, 0.39829844797, 0.060979728425],
      [0.15435903457, 0.24918203036, 0.053706628568, 0.44349527517, 0.099257031333]
    ],
    [
      [0.00026635172036, 0.61538227688, 0.31690176056, 0.066625757506, 0.00082385333872],
      [0.029264279193, 0.24864979946, 0.65177721126, 0.02872021812, 0.04158849197],
      [0.0024738663126, 0.018890178271, 0.010999269255, 0.96608577105, 0.001550915109],
      [0.28693406709, 0.089617547176, 0.021645885134, 0.52464503408, 0.077157466527],
      [0.087518720649, 0.18558753069, 0.12071375454, 0.49915814473, 0.1070218494]
    ],
    [
      [0, 0.49586949936, 0.39384996189, 0.11028053875, 0],
      [0, 0.1726013447, 0.72389177239, 0.044124681368, 0.059382201547],
      [0, 0, 0, 1, 0],
      [0, 0.082895930911, 0.029266855687, 0.72915694218, 0.15868027122],
      [0, 0.13711360195, 0.13728489407, 0.54973154094, 0.17586996305]
    ],
    [
      [0.00016042517625, 0.65761790847, 0.27811495707, 0.062929886766, 0.0011768225234],
      [0.025713992405, 0.2768896316, 0.60823810745, 0.028961339392, 0.060196929154],
      [0.0018344478366, 0.021444025423, 0.0078490762819, 0.96630011347, 0.0025723369916],
      [0.263792503, 0.096709481662, 0.019254645396, 0.51091437293, 0.109328997],
      [0.076832015778, 0.19455999323, 0.10538496945, 0.47423856493, 0.14898445662]
    ],
    [
      [0.00034325298047, 0.59856646197, 0.31947937037, 0.080307467138, 0.0013034475445],
      [0.029062133651, 0.23506495936, 0.61643164478, 0.052799107079, 0.066642155128],
      [0, 0.00068560502366, 0, 0.99793701464, 0.0013773803386],
      [0.24095324137, 0.077005394188, 0.016630403212, 0.54870408485, 0.11670687638],
      [0.071182615213, 0.1574505965, 0.10536843951, 0.50808936969, 0.15790897909]
    ],
    [
      [8.0640837881e-05, 0.41274962072, 0.48983436013, 0.095724617526, 0.001610760783],
      [0.017123477938, 0.1153133047, 0.76040572378, 0.044517947326, 0.062639546262],
      [0, 0, 0.00063444064979, 0.99747144582, 0.0018941135303],
      [0.18623364935, 0.049065195546, 0.02633917653, 0.60843458407, 0.12992739451],
      [0.052427242303, 0.096472389755, 0.14515155468, 0.53800873321, 0.16794008005]
    ],
    [
      [0.0003847656097, 0.62045730336, 0.299169633, 0.078652924327, 0.0013353736985],
      [0.032641964286, 0.24750676935, 0.59845583821, 0.050562646165, 0.070832781997],
      [0, 0.0048201147174, 0, 0.99301297489, 0.0021669103952],
      [0.25299272805, 0.080222335998, 0.015406058369, 0.53087989668, 0.1204989809],
      [0.075283541423, 0.16522909141, 0.099789778267, 0.49548577601, 0.16421181288]
    ],
    [
      [0.0019326371623, 0.36841368727, 0.54364555433, 0.082978253456, 0.0030298677851],
      [0.047319395453, 0.098140734054, 0.76442406284, 0, 0.09011580765],
      [0.038310385298, 0.0082951910318, 0.022690912324, 0.92246247842, 0.0082410329284],
      [0.4279258187, 0.030828014361, 0.025562028043, 0.37853483166, 0.13714930724],
      [0.14927874431, 0.073653308722, 0.1402324251, 0.41883451387, 0.21800100799]
    ],
    [
      [0.0006377651157, 0.60224593292, 0.32322598696, 0.072909504323, 0.00098081068592],
      [0.03539152393, 0.23456273599, 0.64534796358, 0.037842755857, 0.046855020644],
      [0.0044968456758, 0.012709258844, 0.0023235155603, 0.97868698283, 0.0017833970889],
      [0.3109116983, 0.078812246843, 0.018318790091, 0.51119075505, 0.080766509713],
      [0.098104212822, 0.16998521435, 0.11474963096, 0.5015323889, 0.11562855297]
    ],
    [
      [0.00027853311176, 0.72484084977, 0.22557756025, 0.048008402288, 0.0012946545811],
      [0.028169695912, 0.35246801578, 0.54634765468, 0.0080661104699, 0.064948523151],
      [0.00343985691, 0.043159596202, 0.014709114199, 0.93482784097, 0.0038635917187],
      [0.26755241855, 0.12422168506, 0.019251702883, 0.4723278939, 0.11664629959],
      [0.077544159446, 0.24021155653, 0.094665377846, 0.4324744901, 0.15510441608]
    ],
    [
      [0.0015701393115, 0.75456952899, 0.195675383, 0.046049592806, 0.0021353558908],
      [0.04383634171, 0.37825660677, 0.48307522998, 0.0071324397464, 0.087699381789],
      [0.009829533061, 0.045774964414, 0.0076482788488, 0.92993656897, 0.0068106547083],
      [0.32395147526, 0.11421946326, 0.013424439519, 0.41453758118, 0.13386704078],
      [0.10058149518, 0.235571682, 0.076595329348, 0.39965423338, 0.1875972601]
    ],
    [
      [0.00039433923844, 0.79579011703, 0.15307829521, 0.050358831205, 0.0003784173116],
      [0.051367159216, 0.44558555841, 0.42387306528, 0.028097021934, 0.051077195165],
      [0, 0.049006220289, 0, 0.95019270669, 0.00080107302056],
      [0.32885415415, 0.12687131198, 0.01032624356, 0.45719868241, 0.076749607909],
      [0.10228030815, 0.2711325665, 0.066117441711, 0.44995910652, 0.11051057712]
    ]
  ],
  "expected_outcome": [
    [
      [0.0095563491291, 0, 0.012577681448, 0, 0, 0, 0.028297132692, 0.0029869682149, 0.084219411421, 0.1414985989, 0, 0, 0.011833470267, 0.0004283864179, 0.0066846664689, 0, 0.020194050272, 0, 0.00111295432, 0.0059669776973, 0.0060225672112, 0.044979428979, 0, 0.013445474501, 0.039430024413, 0.08218256422, 0.0044891196461, 0.0053295109091, 0, 0.0036213818622, 0.1522057725, 0.021850702945, 0.014921592344, 0, 0, 0, 0, 0, 0, 0.0085504737334, 0.0019758588621, 0.044793458584, 0.17247385993, 0.025763396487, 0.063688853992, 0, 0.00042267291546, 0.15032053662, 0.040485461495, 0, 0.0011229762338, 0.013386866238, 0.0043546052456, 0.019238280485, 0.013528460136, 0.13137961383, 0.0083559933529, 0.33286953405, 0.021688658114],
      [18.8873609865, 33.1171231497, 16.7568800615, 15.2473258845, 81.3597163983, 25.3794287683, 18.0844599178, 2.2511966682, 45.8721647476, 65.3610258683, 18.8345937727, 4.3215022873, 2.3696601613, 3.1257997796, 25.060620127, 6.5169089891, 0.44532473183, 3.1146647351, 1.2220117783, 12.338723991, 12.0478354668, 34.5559061297, 8.5034154055, 15.3285262607, 29.9238022737, 43.7661697428, 5.2309212592, 7.1053186096, 49.1568310444, 15.6356259308, 55.9594449806, 13.4559445737, 33.904898092, 10.933624679, 12.4671569925, 19.7983130497, 46.4956926325, 23.8913703841, 39.7180613286, 27.9390376269, 7.1540751054, 24.1651212569, 66.0260757602, 24.7095243028, 45.2922762054, 21.8135532372, 1.3386437248, 35.9282404956, 93.538106085, 13.3884764827, 4.6033253593, 23.3440920167, 22.2884795188, 31.022865168, 2.5788958109, 124.0626621806, 21.7452254931, 159.9687401466, 43.7684564368],
      [6.2808445357, 26.5457959842, 7.4790640797, 10.573959788, 54.0245078557, 10.0949877879, 5.0149631114, 1.4381947891, 16.5789071516, 29.5412562641, 10.2124677022, 7.6638661196, 4.8319872985, 1.4916175135, 11.2551658178, 3.4830910109, 0.53230721402, 1.5098172202, 0.60644225766, 10.3539700075, 3.0302103202, 11.9511978162, 7.0328498362, 9.7142944432, 20.3603875926, 13.6120790743, 2.1764444281, 6.0314130375, 26.6349523129, 13.2230218473, 18.8674662745, 5.1318526617, 18.5947165297, 5.6842483904, 9.732517497, 9.4979477484, 31.0898018078, 18.0739360612, 24.0365031266, 18.9230489786, 5.6021027044, 14.3687427147, 28.8246572726, 10.9370813511, 23.1846937818, 5.5770948431, 2.3252599919, 6.2760235637, 48.1690676051, 10.6339489711, 1.9468046995, 12.4596954445, 26.4510554473, 14.9584816502, 3.8055188803, 66.5845533137, 6.7673268075, 41.4831811957, 8.4193062366],
      [1.8060077048, 3.2123102446, 1.7360201626, 4.1641145731, 9.4337639985, 1.5057829227, 1.8538912495, 0.29796527612, 4.353918169, 6.7951128115, 1.9211325523, 0, 0.76324274577, 0.38010045225, 2.6483071627, 0, 0, 0.37336049873, 0.16730018382, 2.2677456397, 0.9015199869, 3.3761315173, 1.4637347583, 1.8990642304, 3.6098282413, 3.505227298, 0.57672249416, 1.8499360111, 6.2082166426, 3.121955236, 4.9180885683, 1.3631937025, 4.4378003632, 2.3821269306, 1.7808818954, 2.6912216286, 5.2973202751, 2.9989713949, 4.204004993, 4.0691451875, 1.2290947241, 3.3389577229, 5.7929065249, 2.2765285974, 4.3897458242, 1.6063005757, 0.33221439512, 2.6107505746, 10.1271151409, 2.9775745462, 0.44050920736, 3.1319912184, 5.1691293464, 3.9326462163, 0.58084777419, 15.0193578906, 1.4402520687, 9.7625136748, 2.7697357163],
      [0.016230423889, 0.12477062145, 0.015458014733, 0.014599754359, 0.18201174754, 0.019800521117, 0.018388588579, 0.0096562983294, 0.1107905205, 0.16110645725, 0.031805972807, 0.014631593133, 0.023276324152, 0.0020538682127, 0.0292222261, 0, 0.0021740038856, 0.0021575459846, 0.0031328258738, 0.033593384052, 0.014411658879, 0.071785107776, 0, 0.044669591178, 0.066551867931, 0.034341320776, 0.011422698936, 0.0080028309988, 0, 0.015775604051, 0.10279440417, 0.027158359163, 0.047663422754, 0, 0.019443615052, 0.01251757321, 0.11718528464, 0.035722159776, 0.041430551808, 0.060217733244, 0.012751607325, 0.08238484688, 0.1838865823, 0.051102352172, 0.069595334535, 0.0030513439375, 0.0034592152684, 0.034664829486, 0.12522570749, 0, 0.0082377576635, 0.050834454235, 0.086981082283, 0.066768684923, 0.021209074496, 0.2020470013, 0.038839637434, 0.45269544885, 0.020812952138]
    ],
    [
      [4.4123260287, 1.0434972566, 1.8092155057, 0.64490183339, 5.6641958041, 0.47193171393, 4.3095462307, 0.97664791282, 14.4857021266, 29.1340421463, 1.1809118965, 0, 3.3403541431, 0.3971408084, 2.1071378527, 0, 1.8917615717, 0.17876494386, 1.2508760587, 4.2156882506, 2.2199579901, 16.2735971961, 0.1488953581, 8.1732959213, 18.0953971168, 7.5841783383, 4.9555504012, 2.8029378011, 5.0254688584, 3.3894884036, 13.3160996989, 5.578655535, 8.0188076082, 0.22153758199, 1.574683688, 1.4030570197, 6.8306081733, 2.8564749752, 6.656295489, 8.0073018785, 1.7070355122, 7.8391260416, 29.4672102011, 9.4790270125, 14.4553787322, 2.4666125671, 0, 8.8279652231, 19.519274222, 0, 1.2599856278, 6.1902344676, 3.2192138523, 5.7776276786, 7.0032705271, 31.5338478218, 3.2395150299, 30.378584805, 5.3421845584],
      [37.3297487011, 9.9520429648, 12.674329495, 4.7697537876, 58.5348989174, 17.5096363681, 21.48891663, 5.7801905611, 87.3738145667, 157.8207049899, 8.9878046833, 0.71270990179, 5.6831383684, 14.2598419911, 16.8065431013, 3.1428695958, 0.41096084182, 8.3955410219, 9.4985020118, 48.0700174769, 27.2080111458, 85.6296889042, 6.7071460117, 62.5360231003, 104.9030780022, 51.6716294038, 35.9695401033, 10.1582438632, 65.8792355945, 15.0761552829, 72.7782735901, 26.4466623613, 61.8797330461, 5.847873756, 26.7997993951, 46.1855315516, 75.9233257366, 31.0752043603, 70.8861574567, 76.5063296971, 25.8736016152, 41.7891992165, 166.1248972571, 75.6185434515, 93.1770422369, 44.2805157083, 5.2948386338, 36.8954248378, 165.8494162405, 3.7972295834, 13.5675919482, 50.0688363434, 21.678901283, 43.8086981741, 14.52482864, 208.9953977644, 40.5338218152, 262.1318284944, 46.3408980746],
      [61.2390238145, 40.2760830743, 29.3329927102, 18.3209132991, 198.372315778, 34.2571892705, 26.3716823168, 19.5164422592, 159.4579935314, 363.1324296157, 25.0672562607, 15.5908179527, 62.7655818479, 32.6150402792, 38.8955371667, 8.3528887125, 4.2455298323, 19.5131792225, 20.9231904384, 198.8018455702, 35.1816915926, 146.5751945593, 29.3756437555, 204.1749174887, 365.9531366965, 81.8104551056, 70.5528541065, 48.1288252589, 183.1915259089, 70.2759702816, 124.7648402079, 50.6260096009, 176.1249683374, 17.6525333904, 109.922445716, 111.245619676, 260.4739734687, 121.4304360992, 218.4733324332, 269.7853908777, 100.3131882924, 129.633487809, 364.97376542, 169.3440419155, 241.5523970855, 56.4068302242, 43.4254447702, 30.8246343555, 434.7353999075, 15.9256189925, 29.8036672653, 131.2999403389, 142.9562760701, 105.9266833627, 113.1347613007, 575.0050355513, 62.8299802885, 334.7711343769, 44.0827987886],
      [5.2784504952, 0.67634222444, 1.5773159542, 1.2453364452, 5.6706608484, 0.31182194508, 3.7670666811, 0.86952836322, 9.7874601883, 17.5225011974, 0.9281491766, 0, 0.94699027185, 4.6153482547, 2.1422801482, 0, 0, 2.152966812, 3.61655481, 17.9498294004, 2.4190187511, 11.1181544566, 1.7526171379, 5.7106392413, 4.7455287865, 4.4287721972, 5.6402203461, 19.4812304532, 12.6091719337, 6.6420196275, 6.9248162454, 3.3641733148, 13.6283396082, 4.2780552716, 3.2502827341, 15.2285371045, 2.8558415098, 2.2555370556, 3.1388209053, 17.1456670711, 9.3227062468, 9.053578912, 4.9110939055, 4.1597565876, 5.0557332102, 3.7221066066, 1.0018166936, 3.1737525952, 19.1563854862, 0.9707429901, 1.4191056302, 11.2462098079, 8.3693740973, 8.9495883712, 0, 33.7178954687, 0.92760270403, 4.9427807443, 2.9220902812],
      [4.7404509604, 3.0520344798, 1.6061463351, 1.0190946347, 16.7579286522, 3.4494207024, 3.0627881414, 2.8571909036, 21.8950295871, 40.3903220507, 1.835877983, 0.69647214549, 6.2639353688, 1.1126286667, 3.0485017311, 0.50424169168, 0.4517477542, 0.7595479998, 2.7108766811, 15.962619302, 3.9713205204, 20.4033648838, 1.0156977368, 20.4051242485, 25.3028593981, 4.504964955, 8.881835043, 2.4287626236, 5.2945977046, 2.6163664044, 13.2159702577, 5.984499188, 12.3481514001, 0, 6.4527884668, 7.9372546482, 21.9162511116, 6.3823475097, 9.8453937157, 21.5553104756, 5.7834683336, 15.6846080209, 41.5230332163, 16.3986310329, 14.7594487352, 3.1239348938, 1.2778999024, 4.2782229884, 27.7395241438, 1.306408434, 2.9496495285, 14.1947790422, 11.7762346973, 12.5374024134, 13.3371395321, 41.7478233937, 7.4690801624, 60.7756715795, 5.3120282972]
    ],
    [
      [0, 0.043277418247, 0.51227357835, 0, 0.15676103467, 0, 0, 0.84772228104, 5.1244893673, 14.0368011275, 0.12361413418, 0.06901961602, 0.74181293437, 0, 0.33904986273, 0.0069831309318, 0, 0, 0, 0, 0.61056951694, 0.64803361592, 0, 0.77299241421, 2.8190305287, 4.5091595293, 0, 0, 0, 0, 11.545294104, 1.3434435878, 0.57846180355, 0, 0, 0, 0.38495326478, 0, 0.31975957846, 0.36419934786, 0, 1.0479130096, 4.934437832, 1.099921049, 3.0017285263, 0, 0, 0.93362981866, 2.2413228792, 0, 0.078881256973, 0, 0, 0, 3.1797619797, 6.1247038104, 0.49877925195, 8.4533984324, 0],
      [2.2420894485, 0.80667102329, 2.2460079867, 0, 5.470777212, 4.927053417, 0, 1.9012120171, 12.1262906185, 20.423756541, 0.86147565369, 1.2723002398, 0.27356762737, 0, 1.8188990341, 0.062702757944, 0, 0, 0, 0, 6.9923252422, 10.305920773, 0, 3.6764583237, 9.7502674286, 12.9723284672, 1.3335120216, 0, 3.3418507739, 0, 16.9176298475, 4.1125827272, 2.2003811178, 0, 1.1811255026, 0, 5.5959566375, 2.615495169, 4.733564832, 3.0302285607, 3.9968028887e-15, 1.5897790427, 11.383847305, 4.9327837583, 10.8712904889, 3.7951537375, 0.49888619451, 5.606571151, 17.1145015136, 0, 0.92209309319, 0.20088227193, 0, 1.1279068439, 0.68850085564, 17.3100105449, 6.2581414492, 39.3664693959, 9.3111818549],
      [0, 1.55141674, 0.32726426514, 0, 7.8241015162, 2.6545399554, 0, 1.0936437981, 0, 3.441263276, 0.58992110773, 0.50115577964, 1.8579250438, 0, 0.3252964286, 0.034656489451, 0, 0, 0, 0, 0, 0, 0.35319311725, 3.5574268259, 13.2041618027, 0.56922158274, 0, 0, 0.4203695025, 0, 0, 0, 0.07029792842, 0, 1.9755338983, 0, 8.0831216691, 5.0014380024, 5.1633337964, 1.553808087, 0, 0, 5.4868223602, 2.5812756307, 8.5661983446, 0, 6.8782822132, 0, 9.9653379453, 0, 0.33751028012, 0, 0.18715999169, 0, 1.8833457229, 3.1646281931, 2.1328215589, 6.57751981, 0],
      [156.6398522533, 55.3882527752, 114.781918086, 84.960479091, 336.5945465565, 94.2717010448, 166.8787292836, 134.1735153942, 604.5731207281, 1094.3271958927, 43.3182923175, 6.1301903534, 78.5565763403, 120, 91.3590424442, 1.8899850186, 0, 80, 140, 467, 238.9671171717, 661.7765204556, 45.6468068828, 222.1139939784, 508.5046207117, 406.2993805894, 294.2023343273, 142, 286.2377797236, 78.9429847966, 696.3595643794, 264.5711085366, 195.8642496864, 32, 100.7485161768, 165, 299.9526953053, 170.1333884587, 225.4842256072, 308.5478945406, 238, 193.5157319609, 435.708214201, 196.6399739407, 426.3732852191, 106.2048462625, 157.6228315923, 183.0832023458, 875.2737085731, 80, 41.5509048791, 292.3955452888, 294.2540765169, 232.3650361237, 76.5643857087, 1332.9716706165, 135.5500369407, 799.7454493126, 180.5366142712],
      [0.11805829816, 0.21038204327, 0.13253608378, 0.039520909012, 0.95381368056, 0.14670558288, 0.12127071645, 0.98390650955, 3.1760992861, 5.7709831627, 0.10669678692, 0.027334011119, 0.57011805409, 0, 0.15771223031, 0.0056726030358, 0, 0, 0, 0, 0.42998806915, 2.2695251554, 0, 0.8791284579, 1.7219195282, 0.64990983131, 0.46415365105, 0, 0, 0.057015203424, 3.1775116691, 0.97286514841, 0.28660946383, 0, 0.094824422245, 0, 0.9832731233, 0.24967836984, 0.29911618585, 0.50386946379, 1.5163186322e-30, 0.84657598673, 2.4866783018, 0.74604562132, 1.1874974211, 0, 0, 0.37659668457, 1.4051290887, 0, 0.11061049064, 0.40357243922, 0.55876349145, 0.50705703247, 0.68400573306, 2.4289868351, 0.56022079921, 5.8571630491, 0.15220387391]
    ],
    [
