{
  "X": [
    [1, 0, 1, 5, 0],
    [2, 5, 8, 31, 3],
    [0, 6, 16, 56, 12],
    [4, 5, 35, 77, 10],
    [7, 4, 23, 74, 6],
    [0, 1, 33, 63, 8],
    [98, 85, 535, 1158, 103],
    [49, 48, 218, 512, 66],
    [8, 10, 109, 173, 17],
    [131, 161, 1354, 2963, 299],
    [7, 11, 44, 149, 10],
    [3, 8, 26, 77, 12],
    [8, 12, 59, 150, 17],
    [2, 6, 9, 28, 4],
    [12, 23, 64, 179, 10],
    [2, 4, 15, 24, 3],
    [9, 11, 34, 87, 9],
    [5, 9, 15, 42, 5],
    [3, 2, 21, 51, 3],
    [44, 95, 303, 1158, 86],
    [9, 23, 67, 220, 16],
    [7, 15, 43, 159, 10],
    [3, 0, 1, 10, 1],
    [20, 27, 81, 207, 12],
    [7, 8, 44, 74, 6],
    [4, 5, 54, 71, 6],
    [12, 10, 59, 110, 8],
    [227, 292, 1203, 2282, 211],
    [20, 15, 89, 198, 14],
    [8, 9, 58, 112, 13],
    [15, 10, 66, 136, 19],
    [78, 110, 591, 970, 119],
    [18, 11, 138, 236, 18],
    [61, 64, 758, 1005, 110],
    [28, 19, 213, 275, 30],
    [10, 21, 91, 156, 14],
    [10, 5, 82, 146, 14],
    [0, 2, 2, 10, 2],
    [0, 3, 1, 7, 2],
    [3, 1, 2, 3, 0],
    [0, 0, 9, 0, 0],
    [4, 4, 11, 27, 4],
    [6, 10, 47, 90, 6],
    [6, 5, 48, 87, 5],
    [4, 3, 31, 39, 6],
    [5, 5, 19, 66, 7],
    [1, 0, 4, 11, 3],
    [4, 4, 25, 26, 7],
    [18, 18, 67, 123, 14],
    [13, 10, 94, 238, 20],
    [20, 17, 110, 196, 51],
    [15, 5, 58, 140, 23],
    [3, 3, 14, 25, 2],
    [1, 2, 8, 15, 2],
    [1, 3, 11, 18, 4],
    [1, 0, 0, 5, 2],
    [1, 1, 2, 7, 0],
    [0, 0, 3, 2, 1],
    [6, 2, 9, 25, 2],
    [2, 5, 6, 14, 4],
    [2, 4, 6, 6, 0],
    [6, 4, 37, 141, 5],
    [12, 18, 101, 276, 36],
    [2, 3, 7, 11, 1],
    [0, 0, 0, 6, 0],
    [35, 33, 133, 185, 31],
    [11, 7, 115, 119, 13],
    [17, 13, 102, 140, 15],
    [13, 20, 87, 120, 12],
    [9, 6, 68, 82, 16],
    [48, 52, 245, 287, 37],
    [19, 13, 86, 164, 21],
    [25, 16, 120, 194, 23],
    [22, 10, 150, 186, 20],
    [4, 8, 65, 92, 10],
    [17, 19, 116, 190, 18],
    [25, 20, 263, 232, 35],
    [40, 37, 291, 276, 32],
    [3, 5, 8, 27, 2],
    [10, 60, 146, 323, 32],
    [145, 294, 894, 2324, 306],
    [96, 190, 561, 1268, 199],
    [3, 3, 3, 6, 0]
  ],
  "W": [
    [0, 0, 4, 2, 1],
    [2, 6, 28, 8, 5],
    [1, 5, 63, 11, 10],
    [8, 3, 84, 27, 9],
    [8, 8, 75, 19, 4],
    [4, 5, 59, 21, 16],
    [103, 105, 1159, 438, 174],
    [48, 63, 507, 184, 91],
    [11, 9, 181, 79, 37],
    [185, 226, 3051, 1084, 362],
    [8, 17, 144, 37, 15],
    [6, 12, 70, 20, 18],
    [12, 16, 147, 59, 12],
    [3, 5, 29, 7, 5],
    [19, 16, 184, 50, 19],
    [0, 7, 24, 14, 3],
    [3, 8, 99, 29, 11],
    [5, 5, 47, 15, 4],
    [2, 3, 54, 15, 6],
    [58, 144, 1139, 236, 109],
    [9, 20, 232, 52, 22],
    [8, 10, 164, 36, 16],
    [1, 0, 10, 2, 2],
    [27, 31, 211, 62, 16],
    [7, 16, 71, 36, 9],
    [11, 7, 74, 32, 16],
    [16, 14, 110, 48, 11],
    [286, 442, 2252, 898, 337],
    [20, 21, 204, 81, 10],
    [13, 16, 104, 48, 19],
    [13, 18, 133, 61, 21],
    [106, 141, 983, 477, 161],
    [29, 20, 235, 107, 30],
    [104, 77, 1059, 627, 131],
    [43, 27, 300, 160, 35],
    [16, 24, 165, 69, 18],
    [7, 11, 146, 74, 19],
    [1, 1, 8, 4, 2],
    [0, 2, 7, 3, 1],
    [3, 1, 3, 1, 1],
    [0, 0, 5, 4, 0],
    [3, 3, 31, 6, 7],
    [6, 6, 99, 30, 18],
    [4, 6, 85, 42, 14],
    [8, 5, 43, 20, 7],
    [4, 5, 63, 15, 15],
    [0, 0, 12, 4, 3],
    [2, 3, 28, 22, 11],
    [12, 15, 137, 51, 25],
    [18, 4, 239, 76, 38],
    [10, 16, 215, 113, 40],
    [16, 3, 137, 53, 32],
    [1, 1, 28, 14, 3],
    [3, 0, 17, 7, 1],
    [3, 3, 21, 6, 4],
    [1, 1, 5, 0, 1],
    [1, 0, 7, 2, 1],
    [0, 0, 2, 2, 2],
    [6, 4, 23, 8, 3],
    [0, 3, 14, 8, 6],
    [0, 1, 11, 6, 0],
    [6, 6, 138, 29, 14],
    [9, 18, 287, 81, 48],
    [1, 2, 14, 3, 4],
    [0, 1, 2, 2, 1],
    [33, 29, 200, 110, 45],
    [13, 13, 112, 99, 28],
    [25, 36, 118, 80, 28],
    [24, 23, 126, 58, 21],
    [12, 9, 88, 56, 16],
    [50, 51, 317, 203, 48],
    [15, 20, 169, 80, 19],
    [30, 19, 194, 87, 48],
    [25, 29, 189, 110, 35],
    [14, 8, 89, 53, 15],
    [32, 27, 180, 96, 25],
    [36, 18, 272, 202, 47],
    [46, 27, 317, 250, 36],
    [1, 6, 28, 7, 3],
    [23, 65, 326, 112, 45],
    [144, 277, 2439, 745, 358],
    [96, 134, 1415, 419, 250],
    [1, 2, 7, 3, 2]
  ],
  "method": "mvn_pdf",
  "cond_prob": [
    [
      [1, 2.4397180706e-249, 5.1145543287e-234, 1.3156950037e-240, 5.4923963286e-244],
      [7.6562469445e-15, 0, 0.001684632696, 0.99752186779, 0.00079349951401],
      [0, 0, 0, 1, 0],
      [0.21471162106, 0, 0.48026310787, 0.30502527107, 0],
      [0.57057675789, 0, 0.039473784252, 0.38994945786, 0]
    ],
    [
      [0.42368359183, 0.0049797190168, 0.45229497248, 0.11803600283, 0.0010057138431],
      [0.020230429564, 0.48312963657, 0.017115602634, 0.47623068279, 0.0032936484396],
      [0.012068475144, 0.061371641566, 0.01178733677, 0.87581181522, 0.038960731298],
      [0.050138421332, 0.006171696005, 0.76876060841, 0.14078545915, 0.034143815105],
      [0.058445112855, 0.064696642135, 0.10251722848, 0.45150587963, 0.3228351369]
    ],
    [
      [0, 0.15783664842, 0.75205181646, 0.089278847911, 0.00083268721241],
      [0, 0.45689658416, 0.050037563049, 0.48875466392, 0.0043111888715],
      [0, 0.04625951504, 0.069649525728, 0.79886133084, 0.085229628391],
      [0, 0.015677133057, 0.85203329252, 0.075555670969, 0.056733903455],
      [0, 0.047088251968, 0.12374740297, 0.23075716088, 0.59840718418]
    ],
    [
      [0.28021204151, 0.0025496278725, 0.63628744086, 0.080299757772, 0.00065113197773],
      [0.02576170199, 0.37017020746, 0.053376897211, 0.54711009047, 0.0035811028694],
      [0.0051715059877, 0.041630519984, 0.061992703941, 0.83040265719, 0.060802612898],
      [0.030318651884, 0.0028839525029, 0.85423840477, 0.077427824548, 0.035131166293],
      [0.047556495342, 0.03269577315, 0.16419396906, 0.31909968887, 0.43645407358]
    ],
    [
      [0.50313129476, 0.00099981718896, 0.42391147998, 0.07106730989, 0.00089009818687],
      [0.056522431012, 0.26797412705, 0.045755805164, 0.62620501217, 0.0035426246109],
      [0.0099181231133, 0.023189201834, 0.047059826195, 0.86852476131, 0.051308087551],
      [0.071794048094, 0.00076787826277, 0.79762593336, 0.096678381182, 0.033133759103],
      [0.10370601164, 0.023607155399, 0.13957050509, 0.36139377077, 0.37172255709]
    ],
    [
      [0, 0, 0.92392045064, 0.075289211546, 0.00079033781106],
      [0, 0.18111289393, 0.10835512888, 0.7071735323, 0.0033584448844],
      [0, 0, 0.081283530523, 0.87462593065, 0.044090538827],
      [0, 0, 0.91451614352, 0.066643910858, 0.018839945618],
      [0, 0.0059022206454, 0.29762345238, 0.385032716, 0.31144161097]
    ],
    [
      [0.40535238481, 0.0017852003107, 0.52228508672, 0.070370419161, 0.00020690899957],
      [0.047881248671, 0.33731750436, 0.054844215575, 0.55783266226, 0.0021243691365],
      [0.008391918797, 0.036621100035, 0.064408826566, 0.85431066501, 0.036267489588],
      [0.05483672131, 0.0015424088542, 0.83892956989, 0.083198585391, 0.021492714554],
      [0.10043939905, 0.036082508, 0.19163799902, 0.37696767894, 0.29487241498]
    ],
    [
      [0.44466859131, 0.0021521956281, 0.48072739565, 0.072006591665, 0.00044522574804],
      [0.04875406019, 0.36530354937, 0.047024908436, 0.53593496869, 0.0029825133053],
      [0.0084036005325, 0.041647074702, 0.055809469461, 0.84289834503, 0.051241510277],
      [0.062775406945, 0.0022914258234, 0.81283865244, 0.089309198993, 0.032785315802],
      [0.096407708542, 0.036767931579, 0.154997832, 0.34063106625, 0.37119546162]
    ],
    [
      [0.23374915228, 0.0013515648751, 0.70783752065, 0.05690598763, 0.00015577456679],
      [0.03338436185, 0.31573397331, 0.090073810236, 0.55872255065, 0.002085303959],
      [0.004491110371, 0.032813067017, 0.099499590745, 0.82952747142, 0.03366876045],
      [0.024337957861, 0.0009676600452, 0.90645656938, 0.055081356681, 0.013156456029],
      [0.064667849192, 0.030484236566, 0.29144940742, 0.34728734259, 0.26611116423]
    ],
    [
      [0.28792828957, 0.0014809056064, 0.63200182351, 0.07815413001, 0.0004348513011],
      [0.033072783415, 0.2986938468, 0.064567770825, 0.60064959969, 0.0030159992705],
      [0.0041105657504, 0.027163631956, 0.070713233697, 0.85118498473, 0.046827583864],
      [0.032747270484, 0.0001794791033, 0.86208772125, 0.079043408054, 0.025942121108],
      [0.061379668698, 0.028039852594, 0.19955298508, 0.35951998251, 0.35150751111]
    ],
    [
      [0.35512507806, 0.0023043794566, 0.54202986603, 0.10018671689, 0.00035395956264],
      [0.030095329911, 0.32280476211, 0.041389422031, 0.60370768288, 0.0020028030675],
      [0.0069457054, 0.033764074361, 0.04354296957, 0.88357370267, 0.032173548003],
      [0.043694165597, 0.0021827989848, 0.81910519384, 0.1104735521, 0.024544289476],
      [0.06870087082, 0.036739582537, 0.15887074047, 0.44088940296, 0.29479940322]
    ],
    [
      [0.26413759954, 0.0032785087193, 0.61910366989, 0.11258147367, 0.00089874818327],
      [0.018008077007, 0.36289529113, 0.038949654756, 0.57658381864, 0.0035631584688],
      [0, 0.040988963342, 0.042385477374, 0.86349318473, 0.05313237455],
      [0.026247989948, 0.004378044158, 0.82117164368, 0.10846254308, 0.039739779131],
      [0.037450982207, 0.037155396499, 0.13486476854, 0.37731841897, 0.41321043379]
    ],
    [
      [0.33837983822, 0.0032291857918, 0.53761542237, 0.12008117079, 0.00069438282733],
      [0.023335211097, 0.35424554379, 0.033160596476, 0.58578035221, 0.0034782964261],
      [0.0044939447804, 0.038656365627, 0.033396472349, 0.86608901134, 0.057364205906],
      [0.040127006878, 0.0034488036647, 0.77659249889, 0.12789151626, 0.051940174307],
      [0.044831272936, 0.033946325536, 0.10748387649, 0.36048801579, 0.45325050925]
    ],
    [
      [0.36062089318, 0.0052127984023, 0.54044415291, 0.092298956052, 0.0014231994509],
      [0.015675855666, 0.63254494227, 0.02036684417, 0.3281849173, 0.0032274405976],
      [0.010829418124, 0.082178347688, 0.033119421799, 0.81736914835, 0.056503664036],
      [0.039858203636, 0.0029681593021, 0.81809638949, 0.099912543813, 0.039164703755],
      [0.049339498219, 0.083537539078, 0.11793907235, 0.33581708728, 0.41336680307]
    ],
    [
      [0.35633279925, 0.0044153414869, 0.54505588149, 0.09419597777, 0],
      [0.022852506064, 0.52618474201, 0.031308320632, 0.41875037407, 0.0009040572244],
      [0.0067341002395, 0.069415784727, 0.04677048331, 0.85368050561, 0.023399126112],
      [0.044754307389, 0.0031453686664, 0.82709093339, 0.10583379317, 0.019175597384],
      [0.073012994934, 0.08249367455, 0.16750997489, 0.42849303927, 0.24849031635]
    ],
    [
      [0.45486177377, 0.0013851883134, 0.49928053754, 0.044194235143, 0.00027826522726],
      [0.055961407012, 0.39071970679, 0.061680973529, 0.48642013628, 0.0052177763844],
      [0.021857051748, 0.046223446893, 0.073731573199, 0.79819530711, 0.05999262105],
      [0.055544111378, 0.0040981236918, 0.87129307249, 0.042501316292, 0.026563376153],
      [0.10202778323, 0.032741865112, 0.20019080458, 0.2811177491, 0.38392179799]
    ],
    [
      [0.65647895278, 0.0017016703662, 0.30780981017, 0.033667159432, 0.00034240724214],
      [0.094734176174, 0.46961201501, 0.045746401438, 0.38746117261, 0.0024462347666],
      [0.0048962546449, 0.066742791944, 0.079549780709, 0.79772671953, 0.051084453176],
      [0.11798858908, 0.0028448572719, 0.79278498054, 0.062837478455, 0.023544094648],
      [0.21511740355, 0.049814691403, 0.16767333018, 0.27291609388, 0.29447848099]
    ],
    [
      [0.55894499592, 0.0039104606566, 0.36151748678, 0.074235622059, 0.001391434577],
      [0.02191153735, 0.72127464597, 0.013848456048, 0.24063274372, 0.0023326169173],
      [0.01109230527, 0.10411589368, 0.029589980125, 0.79698530513, 0.0582165158],
      [0.081214732959, 0, 0.75633752806, 0.11673439073, 0.045713348252],
      [0.089039497892, 0.12015686598, 0.096844574773, 0.30408324232, 0.38987581904]
    ],
    [
      [0.37143491021, 0.00076333302333, 0.57634495692, 0.051336086647, 0.0001207131991],
      [0.054597320078, 0.24653088277, 0.082552516225, 0.6145570912, 0.0017621897337],
      [0.014903443453, 0.020815730998, 0.086074614792, 0.85150046694, 0.026705743815],
      [0.042901905821, 8.8836002747e-05, 0.88946729467, 0.056297701992, 0.011244261514],
      [0.1075039476, 0.022249778619, 0.26826898644, 0.37136096806, 0.23061631928]
    ],
    [
      [0.32813025905, 0.002544553501, 0.56695387368, 0.10194492296, 0.00042639080723],
      [0.028015062103, 0.33997794913, 0.04284674041, 0.58682536868, 0.0023348796789],
      [0.004201102572, 0.036183199542, 0.046556283947, 0.87495429653, 0.038105117409],
      [0.039885935058, 0.00217581079, 0.82071031288, 0.1086884884, 0.028539452877],
      [0.061799445223, 0.038251702731, 0.15808718764, 0.41615517769, 0.32570648671]
    ],
    [
      [0.34223531497, 0.0032324522789, 0.5712437931, 0.082964549331, 0.0003238903276],
      [0.028663957051, 0.44128257018, 0.04314291867, 0.48508053525, 0.0018300188506],
      [0.0068870224846, 0.055038132323, 0.056671326644, 0.84609746241, 0.035306056139],
      [0.041522877689, 0.0029788647358, 0.84337852888, 0.0893189155, 0.022800813194],
      [0.072255644001, 0.055523130034, 0.18147800934, 0.39147788482, 0.2992653318]
    ],
    [
      [0.36411873457, 0.0039445689522, 0.53108904977, 0.10057924637, 0.00026840033665],
      [0.024829531969, 0.45093067744, 0.032903107962, 0.48987518158, 0.0014615010442],
      [0.006695425046, 0.056878637247, 0.040477685777, 0.86730750813, 0.028640743796],
      [0.045251005481, 0.0038743279829, 0.81447630919, 0.11289541154, 0.02350294581],
      [0.06947930618, 0.061972772377, 0.15392305775, 0.437121754, 0.2775031097]
    ],
    [
      [0.97901634473, 0, 0.0033520112686, 0.0118987003, 0.0057329437022],
      [0.57747567288, 0.025213349793, 0.013149588017, 0.38319086664, 0.00097052267693],
      [0, 0, 0, 0.920319928, 0.079680072005],
      [0.24765079992, 0, 0.47085221905, 0.26209780837, 0.019399172661],
      [0.76284102772, 0, 0.027471775316, 0.1303532015, 0.079333995466]
    ],
    [
      [0.42813250904, 0.00292820385, 0.4963453473, 0.072519115809, 7.4824000512e-05],
      [0.040002436673, 0.44585686462, 0.041748958997, 0.47099108244, 0.0014006572677],
      [0.0089216836721, 0.056840140745, 0.056858956895, 0.8469100375, 0.030469181192],
      [0.059046536742, 0.0029614347003, 0.82939295435, 0.088712134029, 0.019886940179],
      [0.10356163664, 0.057656065254, 0.18030342622, 0.390193131, 0.26828574089]
    ],
    [
      [0.38020674172, 0.0014479098802, 0.56199016882, 0.055943345459, 0.00041183411864],
      [0.051393398006, 0.32360011572, 0.068738894633, 0.55367608733, 0.0025915043117],
      [0.012140262002, 0.034802057352, 0.078077353616, 0.83656949521, 0.038410831823],
      [0.048236072006, 0.0016019810747, 0.87087620625, 0.061327656385, 0.01795808428],
      [0.10197791617, 0.031516154297, 0.23013455247, 0.3494832661, 0.28688811096]
    ],
    [
      [0.18653025337, 0.0012524040006, 0.76661896857, 0.045598374056, 0],
      [0.032495481115, 0.30214854041, 0.11790939978, 0.54572632393, 0.001720254767],
      [0.0026832627749, 0.03226952461, 0.12377005326, 0.81254748539, 0.028729673964],
      [0.017472814971, 0.0014355894039, 0.92874535946, 0.043993783227, 0.008352452937],
      [0.06018795754, 0.02733125569, 0.36643688147, 0.32137616472, 0.22466774058]
    ],
    [
      [0.40820106232, 0.0020672165056, 0.5232580266, 0.066133477761, 0.00034021681392],
      [0.046520163319, 0.35468270615, 0.054128859525, 0.54259188903, 0.0020763819794],
      [0.0099964888974, 0.040560432927, 0.064279445142, 0.84989284809, 0.035270784942],
      [0.054128420212, 0.0024884117914, 0.84635808025, 0.077174491379, 0.019850596369],
      [0.10179297887, 0.038206841992, 0.19764915667, 0.37754445756, 0.2848065649]
    ],
    [
      [0.37946073607, 0.0020602892055, 0.55731825018, 0.060951871358, 0.00020885318248],
      [0.04681206567, 0.38725386399, 0.060972228066, 0.50283449444, 0.0021273478388],
      [0.0088893795512, 0.046324410351, 0.076639442775, 0.82808265325, 0.040064114072],
      [0.049445229937, 0.0019717780352, 0.85932525532, 0.06902932941, 0.0202284073],
      [0.098998804822, 0.041992049313, 0.21481053779, 0.34268381401, 0.30151479407]
    ],
    [
      [0.49303995438, 0.0016891471149, 0.43992798388, 0.064897134317, 0.00044578030983],
      [0.059731358787, 0.33299079339, 0.048802537209, 0.55590566501, 0.0025696455997],
      [0.0084533678635, 0.036646955503, 0.057891816601, 0.85459027176, 0.042417588277],
      [0.073318335533, 0.0019562816216, 0.81129654092, 0.087335699568, 0.026093142359],
      [0.12215701555, 0.033897266245, 0.16516366402, 0.36174312452, 0.31703892966]
    ],
    [
      [0.31135721009, 0.0019441312002, 0.59721880967, 0.088748676257, 0.00073117278801],
      [0.02978508614, 0.31458188117, 0.051188317559, 0.6013346032, 0.0031101119288],
      [0.0058150845036, 0.031514080912, 0.055276183257, 0.86164432219, 0.045750329138],
      [0.036301057353, 0.0015626030762, 0.84218418902, 0.09062719083, 0.029324959725],
      [0.059398702597, 0.030997201745, 0.17071464536, 0.38230520473, 0.35658424557]
    ],
    [
      [0.48504032359, 0.0013465417536, 0.44607304429, 0.06709596552, 0.0004441248489],
      [0.05929021191, 0.30277489106, 0.050067680247, 0.58414070768, 0.0037265090983],
      [0.00919760258, 0.029618718727, 0.05545234391, 0.84618957078, 0.059541764008],
      [0.070157150107, 0.00097052291987, 0.80239038062, 0.088625753663, 0.037856192692],
      [0.10116117521, 0.025431210919, 0.14185034391, 0.3173255154, 0.41423175457]
    ],
    [
      [0.32845934673, 0.0022894487232, 0.60274012105, 0.066109879664, 0.00040120382954],
      [0.037176272343, 0.39686187733, 0.060517349593, 0.50264763542, 0.002796865311],
      [0.0070747493962, 0.047030163213, 0.075352295285, 0.82054867111, 0.049994120991],
      [0.039700074775, 0.0020759920384, 0.8633269955, 0.069284349171, 0.025612588516],
      [0.074844972186, 0.040862702426, 0.20309514135, 0.32590719193, 0.35528999211]
    ],
    [
      [0.31239618357, 0.00067538832719, 0.61765732056, 0.069136183671, 0.00013492387151],
      [0.041061314565, 0.26485360056, 0.072469422541, 0.61945527846, 0.0021603838757],
      [0.0079788441326, 0.020963513753, 0.077052663089, 0.86078536437, 0.033219614658],
      [0.036104518182, 0, 0.87410386184, 0.072966322365, 0.016825297609],
      [0.079369085613, 0.02523053318, 0.23340200699, 0.3837995995, 0.27819877471]
    ],
    [
      [0.26576249519, 0.0014291776957, 0.66965886716, 0.062750720557, 0.00039873939785],
      [0.035334760181, 0.322675521, 0.079222245633, 0.55976582322, 0.0030016499653],
      [0.0041072532577, 0.032902939167, 0.08942755256, 0.82505787263, 0.04850438239],
      [0.028576660825, 0.0004386275539, 0.88719448147, 0.062035672719, 0.021754557427],
      [0.063914323886, 0.029665025565, 0.23878356379, 0.3262542196, 0.34138286716]
    ],
    [
      [0.32378978331, 0.00098588210585, 0.62821928227, 0.046555564541, 0.00044948776882],
      [0.055194580379, 0.31051700967, 0.095067121367, 0.53606086669, 0.0031604218932],
      [0.010402751387, 0.031997362442, 0.10459013984, 0.80168010062, 0.051329645709],
      [0.038945826132, 0.00037617115684, 0.89210409388, 0.04961693992, 0.018956968908],
      [0.09241794429, 0.026121476875, 0.26588747461, 0.28804933574, 0.32752376848]
    ],
    [
      [0.2878350636, 0.0025648553683, 0.64800083505, 0.061191982726, 0.00040726325048],
      [0.031048221146, 0.44470215042, 0.062435299241, 0.45952838852, 0.0022859406789],
      [0.0068437221407, 0.055924985326, 0.083720123931, 0.81105129621, 0.042459872392],
      [0.032668303942, 0.002286394675, 0.88502245143, 0.060552404343, 0.019470445606],
      [0.070341919423, 0.050040382929, 0.23628721443, 0.33281484321, 0.31051564001]
    ],
    [
      [0.37735248468, 0.00070310921281, 0.55481538662, 0.066742062032, 0.00038695745071],
      [0.05140307646, 0.23578884797, 0.068620822921, 0.64128652068, 0.0029007319729],
      [0.011488833889, 0.013832758266, 0.069917132777, 0.86214033139, 0.04262094368],
      [0.045553625777, 0, 0.85511603165, 0.076648658041, 0.022681684532],
      [0.091829511095, 0.020095694793, 0.20394607968, 0.36495604003, 0.3191726744]
    ],
    [
      [0, 0.1449865438, 0.39530104958, 0.45420559997, 0.0055068066445],
      [0, 0.84410253106, 0, 0.1517818305, 0.0041156384416],
      [0, 0.057440105964, 0, 0.8816080849, 0.060951809139],
      [0, 0.086423284856, 0.39966280074, 0.39041165115, 0.12350226325],
      [0, 0.102848469, 0.0030238737349, 0.38975064287, 0.50437701439]
    ],
    [
      [0.18399448844, 0.069736617269, 0.32738119758, 0.41303637643, 0.0058513202933],
      [0, 0.89018751543, 0, 0.10981248457, 0],
      [0, 0.1056621535, 0, 0.82889928616, 0.065438560346],
      [0, 0.14693666696, 0.33333333333, 0.29335039927, 0.22637960044],
      [0, 0.039179893778, 0, 0.098028829951, 0.86279127627]
    ],
    [
      [0.7728304279, 0.037790117108, 0.1872741796, 0.0021052753886, 0],
      [0.042779401086, 0.75709547199, 0.038104940026, 0.16202018689, 0],
      [0, 0.027407425629, 0.11866013794, 0.85393243643, 0],
      [0.15687821275, 0.0037897686392, 0.81627037302, 0.023061645591, 0],
      [0.48185110246, 0.043522131155, 0.22782173433, 0.24680503206, 0]
    ],
    [
      [0, 8.376478009e-16, 0.99999999192, 8.0371402247e-09, 4.0201941142e-11],
      [0, 0, 0.99816515574, 0.001788022188, 4.682207327e-05],
      [0, 0, 1, 0, 0],
      [0, 0, 1, 0, 0],
      [0.0039586310463, 1.1993927789e-06, 0.99584797324, 0.0001864688759, 5.7274417479e-06]
    ],
    [
      [0.57033968967, 0.002083722602, 0.39791561009, 0.028637912071, 0.0010230655731],
      [0.074814585674, 0.49629544593, 0.057148109502, 0.36888228725, 0.0028595716402],
      [0.012243190115, 0.069457967722, 0.095871910613, 0.76699328102, 0.055433650534],
      [0.077495924676, 0.003049879411, 0.85817032063, 0.04244800101, 0.018835874269],
      [0.17428896177, 0.047623745506, 0.21625109834, 0.25370852635, 0.30812766803]
    ],
    [
      [0.30283546229, 0.0022368467704, 0.6475986211, 0.047329069844, 0],
      [0.037960779873, 0.46479921854, 0.073148603834, 0.42319014169, 0.00090125606783],
      [0.011973857459, 0.061858055595, 0.10118996133, 0.80456098433, 0.020417141292],
      [0.035051471767, 0.0023794545585, 0.90521425634, 0.049414722167, 0.0079400951687],
      [0.095459250311, 0.055691803748, 0.3056268216, 0.33571697875, 0.20750514559]
    ],
    [
      [0.36750405454, 0.0014891104567, 0.56236571602, 0.068641118983, 0],
      [0.043379141109, 0.30121652461, 0.061184841953, 0.59316747139, 0.0010520209361],
      [0.011145762926, 0.031247039916, 0.068960464268, 0.87080442065, 0.017842312242],
      [0.04644352689, 0.0016775360694, 0.86463966899, 0.077207651961, 0.010031616087],
      [0.097977925503, 0.032877821623, 0.22906589456, 0.42180953988, 0.21826881844]
    ],
    [
      [0.26730420627, 0.0012488640681, 0.69026342907, 0.039955419898, 0.0012280806969],
      [0.047357512878, 0.29850174317, 0.10903573952, 0.54071621643, 0.0043887880019],
      [0.012338569773, 0.030712363101, 0.11230253048, 0.77861829039, 0.066028246258],
      [0.030039900334, 0.0015676799193, 0.90980142728, 0.03741161526, 0.021179377202],
      [0.070488896934, 0.020787879986, 0.2725252162, 0.24970810955, 0.38648989733]
    ],
    [
      [0.45057543985, 0.0024067368185, 0.46262093047, 0.083994348278, 0.00040254458736],
      [0.039313972732, 0.35195171978, 0.038257817288, 0.5684212408, 0.0020552494071],
      [0.011154721563, 0.040970993461, 0.041278107252, 0.87226548873, 0.034330688992],
      [0.059947989287, 0.0032249087181, 0.80722375082, 0.10461805807, 0.024985293113],
      [0.093277405279, 0.040071215669, 0.14995667817, 0.41999464945, 0.29670005143]
    ],
    [
      [0.77870563246, 0.00020424730753, 0.19046246814, 0.030265114659, 0.00036253742789],
      [0.066795549028, 0.10221187953, 0.054545011386, 0.76914259751, 0.0073049625429],
      [0.041020372351, 0, 0.039765519218, 0.84142127545, 0.077792832977],
      [0.067801187395, 0, 0.8165307988, 0.06812155981, 0.047546453992],
      [0.078850260738, 0, 0.085563524726, 0.21015281843, 0.6254333961]
    ],
    [
      [0.43935191402, 0.0022636534212, 0.51874060458, 0.039195318389, 0.00044850958755],
      [0.051731529268, 0.50633012472, 0.058791585456, 0.38001345353, 0.0031333070187],
      [0.017830728081, 0.06645786474, 0.087878142605, 0.76038401998, 0.067449244595],
      [0.058158814985, 0.0055804478252, 0.86899908174, 0.040123769266, 0.027137886188],
      [0.10794066075, 0.044808386738, 0.2006887494, 0.23709941085, 0.40946279227]
    ],
    [
      [0.55778918128, 0.0017955731668, 0.40492923282, 0.035027424629, 0.00045858810479],
      [0.083444911423, 0.4788969685, 0.057486358913, 0.37795755689, 0.0022142042667],
      [0.0062530790738, 0.068397374376, 0.096045657931, 0.78372134822, 0.045582540399],
      [0.087204207218, 0.0020932975814, 0.83842015465, 0.053775171568, 0.018507168986],
      [0.19003079008, 0.052712005129, 0.21443483196, 0.2719179638, 0.27090440903]
    ],
    [
      [0.3264410381, 0.0019467092245, 0.57824120382, 0.093130563892, 0.00024048496712],
      [0.030904079848, 0.30836463441, 0.049160923159, 0.60955381171, 0.0020165508732],
      [0.0059148894919, 0.030669562493, 0.053665242578, 0.87865214484, 0.031098160601],
      [0.039389351321, 0.0014932544936, 0.83829970581, 0.099097165272, 0.021720523099],
      [0.068241992261, 0.033894418919, 0.1804801058, 0.43042598491, 0.2869574981]
    ],
    [
      [0.50826300442, 0.002056606205, 0.42942665423, 0.060253735152, 0],
      [0.061662301976, 0.38365995971, 0.047923100018, 0.50178085149, 0.0049737868072],
      [0.011492023304, 0.044146486098, 0.064340353736, 0.78705958218, 0.092961554681],
      [0.074681510337, 0.0034745949105, 0.77158216453, 0.089733838442, 0.06052789178],
      [0.075524436144, 0.023918771165, 0.097925080305, 0.2002808778, 0.60235083459]
    ],
    [
      [0.46442669484, 0.0013196620469, 0.44681953253, 0.086832553434, 0.00060155715036],
      [0.047634560492, 0.27811636095, 0.041789399838, 0.62886097619, 0.0035987025349],
      [0.0087725136447, 0.024412209422, 0.040249108789, 0.87143068738, 0.055135480761],
      [0.06622914606, 0.00071119345642, 0.77893114808, 0.11163404833, 0.042494464073],
      [0.084821565329, 0.023824074389, 0.12275126648, 0.35692148387, 0.41168160993]
    ],
    [
      [0.66578166235, 0.0020341170712, 0.29688764909, 0.034948250596, 0.00034832089723],
      [0.056967193423, 0.56385265358, 0.033131836701, 0.34467766138, 0.0013706549122],
      [0.012104314713, 0.077223771923, 0.061830185425, 0.81283061223, 0.03601111571],
      [0.097877758014, 0.0054628052527, 0.81547822436, 0.062325132989, 0.018856079379],
      [0.18934724003, 0.065122780653, 0.17401339373, 0.32952169459, 0.241994891]
    ],
    [
      [0.23087479061, 0.0089261442817, 0.64118396844, 0.11532187304, 0.0036932236251],
      [0.0031554828278, 0.81241496719, 0.0088790674788, 0.17456608734, 0.00098439516645],
      [0.0073859199512, 0.10788282749, 0.016961450679, 0.8011884528, 0.06658134908],
      [0.023333593571, 0.006946609704, 0.81482434829, 0.1042062424, 0.050689206028],
      [0.018479833998, 0.090587231914, 0.084332995064, 0.30438698645, 0.50221295257]
    ],
    [
      [0.18051119333, 0.0033672039296, 0.77211016876, 0.043777612657, 0.00023382132613],
      [0.019545081904, 0.50100376768, 0.071310505158, 0.40438447504, 0.0037561702166],
      [0.0078326438668, 0.063055462614, 0.10280231119, 0.74407917677, 0.082230405565],
      [0.017466313484, 0.0042011141688, 0.91643972578, 0.034849414291, 0.027043432276],
      [0.032636943049, 0.03437892132, 0.20306277216, 0.20518863475, 0.52473272871]
    ],
    [
      [0.95660954729, 0, 0, 0.043390452708, 0],
      [0.043390452708, 0, 0, 0.94873824088, 0.0078713064113],
      [0, 0, 0, 0.79631227943, 0.20368772057],
      [0.063900799149, 0.0003165527788, 0.55034488097, 0.088757609309, 0.29668015779],
      [0, 0, 0, 0.026309909243, 0.97369009076]
    ],
    [
      [0.72708024605, 0.0093481298171, 0.21223334598, 0.051338278152, 0],
      [0.00049512611626, 0.97520269054, 0.00063021502062, 0.023653768541, 1.8199785188e-05],
      [0.005367116227, 0.11795600727, 0.0064390103946, 0.87023786611, 0],
      [0.055254240311, 0.017963922016, 0.81823310839, 0.10854872929, 0],
      [0.12484145974, 0.12903197526, 0.10622736449, 0.63989920051, 0]
    ],
    [
      [0, 9.2322460663e-07, 0.99851843051, 0.001478004161, 2.6421086252e-06],
      [0.00032579947613, 1.2794409866e-28, 0.17894643706, 0.81834188936, 0.0023858740986],
      [0, 0, 0.12918431165, 0.81207993453, 0.058735753827],
      [0, 0, 0.97298873538, 0, 0.027011264618],
      [0, 0, 0.39782695297, 0.18792006547, 0.41425298156]
    ],
    [
      [0.69378748828, 0.0025598369021, 0.2537491834, 0.046854631252, 0.003048860167],
      [0.085090352837, 0.27879206505, 0.035765333526, 0.5965981006, 0.0037541479856],
      [0, 0.029136671227, 0.04356274168, 0.88630973797, 0.040990849125],
      [0.11611701474, 0.0148786944, 0.74495329569, 0.098521205474, 0.025529789698],
      [0.18932584702, 0.026766574991, 0.12429138045, 0.38639539767, 0.27322079987]
    ],
    [
      [0.74905176161, 0.0078590513137, 0.19432585133, 0.048399615583, 0.00036372016581],
      [0.018487217138, 0.82673883168, 0.0025915454379, 0.14777949804, 0.0044029077096],
      [0.034641317877, 0.12308736437, 0.0070547930174, 0.76732830297, 0.067888221765],
      [0.10237114002, 0, 0.69324165776, 0.14090655644, 0.063480645786],
      [0.1067651297, 0.1327600673, 0.057920833228, 0.2811354688, 0.42141850098]
    ],
    [
      [0.99985258297, 1.3454728959e-05, 0.00012623676904, 7.7124422355e-06, 1.3084766571e-08],
      [0, 0.95470756553, 0.019690816576, 0.025601617898, 0],
      [0.014279534311, 0.27684476677, 0.24565709489, 0.46321860403, 0],
      [0.3071541871, 0, 0.54634685661, 0.1464989563, 0],
      [0.78182436637, 0.15540122629, 0.036675498848, 0.022333594547, 0.0037653139435]
    ],
    [
      [0.36381025165, 0.0011623623744, 0.53817614177, 0.096851244207, 0],
      [0.035307374254, 0.23635000475, 0.04819794995, 0.67910090972, 0.0010437613219],
      [0.008386893941, 0.015985199919, 0.04936449227, 0.91436644104, 0.011896972834],
      [0.04512654569, 1.4321698373e-05, 0.83068335973, 0.1106085222, 0.013567250689],
      [0.081373789695, 0.026325205657, 0.18425986317, 0.49671936213, 0.21132177936]
    ],
    [
      [0.3335657325, 0.0019946944439, 0.58566646048, 0.078300908532, 0.00047220403743],
      [0.035120082323, 0.33858915771, 0.055320773722, 0.56777462578, 0.0031953604653],
      [0.006770183016, 0.035578331372, 0.062501285227, 0.84287252706, 0.052277673328],
      [0.039965969177, 0.001655530965, 0.84495836335, 0.082424782787, 0.03099535372],
      [0.066363768682, 0.032132579152, 0.17403607577, 0.343635956, 0.38383162039]
    ],
    [
      [0.51779208148, 0.0012367155147, 0.46531219578, 0.0151670845, 0.00049192272176],
      [0.059368973063, 0.66820013035, 0.064958219085, 0.20592421643, 0.0015484610648],
      [0.026241360711, 0.099986438572, 0.14944021464, 0.69420190301, 0.030130083072],
      [0.048400933616, 0.0011530345267, 0.92472316308, 0.02012407433, 0.0055987944451],
      [0.2127220304, 0.064773445046, 0.38460971797, 0.19844640438, 0.1394484022]
    ],
    [
      [0, 1.9495181829e-06, 0.0034696392543, 0.99589303191, 0.00063537932173],
      [0, 0, 0, 1, 0],
      [0, 0, 0, 1, 0],
      [0, 0, 0, 1, 0],
      [0, 0, 0, 1, 0]
    ],
    [
      [0.51092040289, 0.001860831808, 0.44300643444, 0.04354678487, 0.00066554599203],
      [0.061120222427, 0.52709469627, 0.049083547253, 0.35995792278, 0.0027436112709],
      [0.0086114356522, 0.074886997961, 0.084275485931, 0.77287655607, 0.05934952439],
      [0.075905013962, 0.00033016923923, 0.83467931064, 0.061192464995, 0.027893041166],
      [0.13989559085, 0.058647292221, 0.18416763193, 0.26261542169, 0.35467406331]
    ],
    [
      [0.29491047389, 0.00089519519506, 0.64496958766, 0.059075968382, 0.00014877486822],
      [0.043007607773, 0.27469494741, 0.083959463357, 0.59615545756, 0.0021825238972],
      [0.0090605721152, 0.024243398017, 0.089536949132, 0.84268030013, 0.03447878061],
      [0.03361804358, 0, 0.89022259881, 0.061586561979, 0.014572795635],
      [0.080860519535, 0.02507384172, 0.26299095544, 0.35731172188, 0.27376296142]
    ],
    [
      [0.33945396976, 0.00033040870138, 0.59403762225, 0.065695194548, 0.00048280473783],
      [0.046043913274, 0.27118963102, 0.071204191463, 0.60874492421, 0.0028173400326],
      [0.010446476478, 0.021553282793, 0.075533077825, 0.85247786229, 0.039989300615],
      [0.040409630576, 0, 0.86824235109, 0.071139414334, 0.020208603998],
      [0.085379114561, 0.024486632012, 0.22190776001, 0.36283078456, 0.30539570886]
    ],
    [
      [0.29956887567, 0.0023108513458, 0.6474751673, 0.050254824, 0.00039028169127],
      [0.036161405338, 0.47314933697, 0.068990161539, 0.4196562676, 0.0020428285493],
      [0.0094617059976, 0.062096530423, 0.097226538797, 0.79102719734, 0.040188027446],
      [0.035032070411, 0.0018153750378, 0.89636788435, 0.050956738027, 0.015827932172],
      [0.083552362938, 0.05393572532, 0.26828290899, 0.31032725711, 0.28390174565]
    ],
    [
      [0.33911748998, 0.0012117998689, 0.60858192041, 0.051088789738, 0],
      [0.051284788381, 0.31397807017, 0.082908041571, 0.54720895022, 0.0046201496612],
      [0.011400063744, 0.031381372229, 0.090762740158, 0.7900041703, 0.076451653566],
      [0.041327239292, 0.00099870688687, 0.872598138, 0.054437488337, 0.030638427482],
      [0.071968500936, 0.021385464267, 0.19363923243, 0.24332422735, 0.46968257502]
    ],
    [
      [0.44874241763, 0.0018744299251, 0.50747136222, 0.041389657189, 0.00052213303723],
      [0.058519928577, 0.51215171862, 0.059835796486, 0.36697986893, 0.0025126873839],
      [0.011530083688, 0.072548627247, 0.096678204631, 0.76601928554, 0.053223798895],
      [0.061998102599, 0.00015969039519, 0.86321201739, 0.05266133697, 0.021968852648],
      [0.13203565426, 0.057421018051, 0.22282866397, 0.26450372718, 0.32321093655]
    ],
    [
      [0.51424435216, 0.0014104826367, 0.42771875074, 0.056244931761, 0.00038148269705],
      [0.070571475879, 0.32368735787, 0.054242871596, 0.54782037691, 0.0036779177475],
      [0.0085157809189, 0.034679658638, 0.064803592937, 0.83040136416, 0.061599603343],
      [0.077012625308, 0.0015797507563, 0.80825787103, 0.078085132553, 0.03506462035],
      [0.11972253684, 0.027255433303, 0.15194339042, 0.29554091251, 0.40553772692]
    ],
    [
      [0.39891164305, 0.0016089614206, 0.54531547165, 0.05394438196, 0.00021954191459],
      [0.056501525345, 0.34469155206, 0.069218764423, 0.52734006934, 0.0022480888323],
      [0.010285715289, 0.039157403886, 0.082630900333, 0.82891767829, 0.039008302198],
      [0.052471138457, 0.0017391209582, 0.86528687222, 0.06255159206, 0.017951276308],
      [0.11247299823, 0.034473995647, 0.22947972456, 0.33562894011, 0.28794434145]
    ],
    [
      [0.34772714945, 0, 0.61134869502, 0.040510087669, 0.0004140678634],
      [0.074334007255, 0.2335692063, 0.11573937686, 0.57329898695, 0.0030584226377],
      [0.014805843679, 0.013920698298, 0.11712435217, 0.80932899841, 0.044820107435],
      [0.039182057196, 0, 0.89708860526, 0.048972985643, 0.014756351901],
      [0.11550869448, 0.017013743973, 0.30124547303, 0.28603908759, 0.28019300093]
    ],
    [
      [0.20623421357, 0.0032336675387, 0.69625416178, 0.09344299618, 0.00083496093924],
      [0.016256914058, 0.38777248176, 0.051135146895, 0.54237526494, 0.0024601923406],
      [0, 0.0398337233, 0.065363301164, 0.85360911777, 0.041193857767],
      [0.0079421886531, 0.012423412354, 0.87003180858, 0.084331436729, 0.025271153686],
      [0.0374486466, 0.043260438125, 0.19428939345, 0.39413455372, 0.3308669681]
    ],
    [
      [0.31569267482, 0.0027272226603, 0.59378321988, 0.087225532473, 0.00057135016772],
      [0.028724578016, 0.37102080107, 0.048219890329, 0.54959007425, 0.0024446563313],
      [0.0052401346967, 0.04219783408, 0.05687128616, 0.85538461471, 0.040306130352],
      [0.037363832776, 0.0027835735176, 0.84375653996, 0.090108860193, 0.025987193557],
      [0.063684744303, 0.041293362151, 0.17838162321, 0.39000678918, 0.32663348115]
    ],
    [
      [0.28413335982, 0.0013596438432, 0.67886478932, 0.035146402076, 0.00049580494582],
      [0.055734493728, 0.36020727923, 0.11806340003, 0.46266718248, 0.0033276445339],
      [0.011049001904, 0.042914389289, 0.13812198416, 0.74913844432, 0.058776180329],
      [0.032516876706, 0.0020880155177, 0.91119768503, 0.036944934913, 0.017252487833],
      [0.089239160577, 0.029209122859, 0.31499179399, 0.23783375601, 0.32872616657]
    ],
    [
      [0.38771083565, 0.0020117819516, 0.56869179919, 0.041195900243, 0.00038968296955],
      [0.053234600223, 0.49092052103, 0.069632443284, 0.38388222138, 0.0023302140781],
      [0.012484071196, 0.067894380182, 0.10517335045, 0.76423135419, 0.050216843991],
      [0.050448227641, 0.00084968238211, 0.88222414771, 0.047437549667, 0.019040392599],
      [0.1155127743, 0.053268468036, 0.25178089583, 0.26720671994, 0.3122311419]
    ],
    [
      [0.74496810352, 0.0015985051017, 0.2219549891, 0.031053541788, 0.0004248604931],
      [0.076854800278, 0.48803941039, 0.034577941861, 0.39733169698, 0.0031961504891],
      [0.0095699427104, 0.067002991139, 0.058820291166, 0.82514127695, 0.039465498034],
      [0.12309045987, 0.0037423747403, 0.78232874081, 0.071285920981, 0.019552503606],
      [0.22143715996, 0.055961552486, 0.14910267381, 0.32733302496, 0.24616558879]
    ],
    [
      [0.23188602846, 0.0043114979356, 0.67667595568, 0.086593350946, 0.00053316697138],
      [0.01514779394, 0.52471003303, 0.043075010209, 0.41482968851, 0.0022374743036],
      [0, 0.06615229646, 0.067127875001, 0.8235777998, 0.043142028744],
      [0.015348556936, 0.0091385008616, 0.86694632763, 0.083095163654, 0.02547145092],
      [0.043621696944, 0.07123383684, 0.19233114247, 0.36114226916, 0.33167105459]
    ],
    [
      [0.38155723024, 0.0033544805715, 0.53677456152, 0.077860085904, 0.00045364175649],
      [0.033482053372, 0.46581679434, 0.041640296244, 0.4563094949, 0.0027513611401],
      [0.0072066830041, 0.058952819397, 0.056272683885, 0.82202038465, 0.055547429065],
      [0.049535210028, 0.0027159464868, 0.82321922644, 0.088352141102, 0.036177475944],
      [0.073464800959, 0.05216870425, 0.15257737818, 0.32307361526, 0.39871550135]
    ],
    [
      [0.3834404444, 0.003204155692, 0.55193065455, 0.061040676847, 0.00038406851168],
      [0.035805282442, 0.53602009518, 0.045807368342, 0.37974584829, 0.0026214057493],
      [0.0091456341262, 0.072024965758, 0.07297646521, 0.78538985627, 0.06046307864],
      [0.049780579488, 0.0012093093843, 0.84667860079, 0.070078535375, 0.032252974959],
      [0.082370697584, 0.061774724483, 0.17542575121, 0.28225839365, 0.39817043307]
    ],
    [
      [0.95844941376, 0, 0.024889958475, 0.016660627766, 0],
      [0.045714146199, 0.81876986133, 0.038176267599, 0.097339724873, 0],
      [0, 0.088904151117, 0.15449250117, 0.75660334771, 0],
      [0.19363534141, 0.18835043856, 0.54296667821, 0.075047541816, 0],
      [0.68460813481, 0.087539951918, 0.094204981755, 0.13364693152, 0]
    ]
  ],
  "expected_outcome": [
    [
