{
  "X": [
    [6, 9, 6, 30, 165, 15],
    [36, 18, 46, 91, 402, 49],
    [8, 11, 14, 36, 261, 28],
    [90, 75, 27, 243, 497, 83],
    [38, 30, 12, 143, 372, 42],
    [26, 29, 12, 96, 363, 35],
    [49, 49, 42, 173, 940, 82],
    [35, 29, 26, 137, 374, 39],
    [69, 75, 66, 328, 747, 86],
    [19, 13, 39, 82, 201, 21],
    [4, 1, 7, 11, 27, 2],
    [68, 52, 49, 262, 627, 95],
    [56, 66, 66, 232, 598, 81],
    [11, 12, 48, 33, 151, 31],
    [5, 6, 8, 19, 71, 11],
    [4, 4, 4, 5, 12, 3],
    [5, 4, 9, 20, 101, 14],
    [3, 1, 1, 5, 25, 0],
    [36, 45, 129, 130, 412, 52],
    [37, 34, 16, 105, 304, 33],
    [92, 58, 24, 195, 455, 64],
    [79, 65, 23, 287, 442, 57],
    [23, 31, 12, 78, 305, 43],
    [5, 8, 8, 21, 58, 11],
    [56, 54, 48, 175, 642, 90],
    [61, 41, 50, 153, 676, 73],
    [5, 28, 34, 108, 435, 40],
    [54, 65, 52, 193, 804, 96],
    [22, 51, 51, 131, 575, 71],
    [33, 54, 26, 116, 526, 68],
    [23, 10, 6, 71, 190, 26],
    [78, 66, 65, 332, 934, 96],
    [1, 3, 4, 10, 61, 6],
    [4, 7, 29, 33, 116, 12],
    [19, 43, 39, 107, 165, 33],
    [32, 57, 92, 227, 393, 36],
    [1, 14, 20, 40, 109, 18],
    [16, 25, 44, 103, 228, 28],
    [7, 10, 5, 22, 43, 5],
    [44, 54, 108, 152, 416, 49],
    [1, 3, 5, 61, 173, 41],
    [63, 40, 36, 178, 495, 48],
    [14, 8, 20, 50, 181, 25],
    [133, 127, 272, 427, 1521, 247],
    [0, 9, 13, 51, 94, 6]
  ],
  "W": [
    [6, 8, 153, 33, 10, 8, 13],
    [17, 52, 361, 73, 53, 39, 47],
    [12, 14, 246, 25, 25, 9, 27],
    [75, 19, 410, 179, 136, 131, 65],
    [45, 18, 323, 99, 72, 52, 28],
    [29, 15, 318, 80, 55, 39, 25],
    [51, 47, 818, 151, 119, 71, 78],
    [37, 33, 335, 118, 53, 36, 28],
    [120, 73, 611, 240, 156, 93, 78],
    [34, 40, 160, 60, 31, 25, 25],
    [0, 7, 21, 9, 7, 3, 5],
    [74, 66, 503, 204, 155, 90, 61],
    [83, 83, 495, 169, 128, 64, 77],
    [13, 54, 114, 30, 43, 9, 23],
    [9, 6, 61, 18, 9, 8, 9],
    [1, 4, 11, 7, 2, 5, 2],
    [4, 9, 83, 22, 11, 12, 12],
    [2, 0, 22, 2, 4, 2, 3],
    [69, 186, 265, 105, 72, 55, 52],
    [43, 15, 257, 78, 66, 47, 23],
    [68, 30, 351, 144, 108, 133, 54],
    [91, 25, 358, 220, 87, 138, 34],
    [22, 15, 284, 57, 47, 37, 30],
    [12, 4, 52, 14, 14, 10, 5],
    [64, 55, 521, 118, 145, 84, 78],
    [35, 54, 546, 128, 123, 79, 89],
    [32, 45, 343, 94, 74, 22, 40],
    [83, 62, 706, 161, 106, 67, 79],
    [42, 38, 517, 125, 83, 45, 51],
    [62, 30, 426, 88, 115, 47, 55],
    [18, 12, 164, 50, 35, 30, 17],
    [111, 83, 793, 241, 150, 124, 69],
    [7, 4, 56, 6, 9, 0, 3],
    [6, 47, 82, 30, 9, 13, 14],
    [58, 59, 124, 73, 42, 28, 22],
    [89, 105, 307, 164, 69, 72, 31],
    [24, 34, 73, 30, 22, 4, 15],
    [42, 57, 158, 78, 42, 35, 32],
    [10, 7, 34, 16, 13, 11, 1],
    [69, 137, 322, 107, 84, 57, 47],
    [3, 5, 162, 55, 30, 3, 26],
    [57, 49, 373, 141, 81, 103, 56],
    [13, 23, 154, 40, 42, 14, 12],
    [154, 299, 1426, 363, 179, 146, 160],
    [20, 26, 74, 35, 10, 1, 7]
  ],
  "method": "mvn_pdf",
  "cond_prob": [
    [
      [0.00073453424377, 0.48761585984, 0.0072169438157, 0.42013493435, 0.083913887376, 0.00038384037219],
      [2.1471088181e-05, 0.018625811355, 0.5698460897, 0.020642938519, 0.37096650939, 0.019897179947],
      [0.0080460994437, 0.01001638101, 0.0075860723192, 0.010884709687, 0.90699295544, 0.056473782102],
      [0.0042727226322, 0.058907263973, 0.0040527106593, 0.68097894994, 0.21959651952, 0.032191833285],
      [0.04111774483, 0.093217152597, 0.0014924259102, 0.11698675, 0.660265054, 0.086920872666],
      [0.48340960601, 0.17099460571, 0.00096690440655, 0.24855984227, 0.092205633545, 0.0038634080598],
      [0.014585837074, 0.0036565020029, 0.012986020625, 0.0042111763955, 0.64965003469, 0.31491042922]
    ],
    [
      [0.0014529366617, 0.323531106, 0.014767363563, 0.58339666309, 0.07642206111, 0.00042986956975],
      [2.9244034245e-05, 0.0090641683449, 0.72686845508, 0.0200182426, 0.22890471025, 0.015115179685],
      [0.017165679644, 0.0076582572138, 0.016533728609, 0.016569147836, 0.87492302302, 0.067150163678],
      [0.0068719045383, 0.033502257065, 0.0067165374015, 0.76197707283, 0.16178742282, 0.029144805353],
      [0.080846105095, 0.065124608243, 0.0030158778433, 0.16401818494, 0.59127407469, 0.095721149188],
      [0.61784126223, 0.081291942451, 0.0013603995257, 0.23887627086, 0.057659273088, 0.0029708518499],
      [0.029148509933, 0.0026226888102, 0.026517257211, 0.0060090873016, 0.58804134244, 0.3476611143]
    ],
    [
      [0.00074227513406, 0.36606599696, 0.011875629148, 0.54229898649, 0.078611668969, 0.00040544329594],
      [1.66809722e-05, 0.011141277424, 0.68840141812, 0.020398383789, 0.26405572074, 0.015986518961],
      [0.0086496005457, 0.0083035003869, 0.013151660726, 0.014895096055, 0.89224844002, 0.062751702271],
      [0.0036919408221, 0.039103485999, 0.0056795451073, 0.74747577414, 0.1751179867, 0.028931267237],
      [0.042750663257, 0.074438362808, 0.0025113901556, 0.15532119296, 0.6312544814, 0.093723909427],
      [0.46475959957, 0.1294642753, 0.001564237691, 0.31529583988, 0.084904510849, 0.0040115367062],
      [0.015152423346, 0.002931437119, 0.021768875755, 0.005569508719, 0.61826599808, 0.33631175698]
    ],
    [
      [0.0010512493903, 0.40977291841, 0.013506559882, 0.51639946037, 0.058842583308, 0.00042722864639],
      [2.3748252263e-05, 0.012991577357, 0.75336860229, 0.020014764381, 0.19681765367, 0.016783654053],
      [0.015737657787, 0.012405053213, 0.019091065674, 0.018719333914, 0.84981712982, 0.084229759595],
      [0.0056447818998, 0.048554294549, 0.0069712200593, 0.76461109172, 0.14135263844, 0.032865973331],
      [0.069584607996, 0.099089073474, 0.0032787961932, 0.17402551144, 0.54096322254, 0.11305878836],
      [0.54573331735, 0.12915504964, 0.0015505769033, 0.26456729064, 0.055315232153, 0.0036785333127],
      [0.024843705218, 0.0039514247365, 0.028484707173, 0.0063144101549, 0.53128668713, 0.40511906559]
    ],
    [
      [0.0010366980326, 0.3082135246, 0.0057037452789, 0.61590352277, 0.068757752999, 0.00038475631909],
      [3.9159945596e-05, 0.016284109023, 0.53257058849, 0.039748620986, 0.38600329206, 0.0253542295],
      [0.013759703672, 0.0082384655719, 0.0071656701936, 0.019699647975, 0.88367539094, 0.067461121653],
      [0.0048322997236, 0.031619508968, 0.0025568107591, 0.79186778686, 0.1434212195, 0.025702374186],
      [0.063196369095, 0.06833925286, 0.0012768592547, 0.19026002291, 0.58302743714, 0.093900058742],
      [0.53135166366, 0.0945569899, 0.00063923824252, 0.30714586173, 0.063073508987, 0.0032327374739],
      [0.023637225339, 0.0028548958355, 0.011626223667, 0.0072291647761, 0.60091087599, 0.35374161439]
    ],
    [
      [0.00086371661845, 0.40838638218, 0.007754544212, 0.50105337397, 0.081543919441, 0.00039806357473],
      [2.5668359907e-05, 0.016851149667, 0.57626006332, 0.025426091513, 0.36076611062, 0.02067091652],
      [0.0098146749229, 0.0092766702819, 0.008353628358, 0.013712581119, 0.89898964245, 0.059852802864],
      [0.0045184021176, 0.046715859051, 0.0039035415463, 0.72391925245, 0.19107035326, 0.029872591578],
      [0.048339743313, 0.082623485259, 0.0015958488919, 0.14203617424, 0.63605726793, 0.089347480365],
      [0.49477499525, 0.13890050524, 0.00096768257956, 0.27830678138, 0.083324452464, 0.0037255830932],
      [0.017492421503, 0.0033349641355, 0.014065628956, 0.0052208972757, 0.63424013927, 0.32564594886]
    ],
    [
      [0.00091647467324, 0.37914748413, 0.012628812532, 0.50296776662, 0.1038881348, 0.00045132723799],
      [1.9161933899e-05, 0.011104663093, 0.63319713394, 0.018013503348, 0.32127504129, 0.016390496394],
      [0.0083250103105, 0.0069520777399, 0.010817827841, 0.011046219853, 0.90896080565, 0.053898058607],
      [0.0045349937225, 0.041347531075, 0.0060079359131, 0.68614852608, 0.22997187219, 0.031989141012],
      [0.043374207338, 0.065438435084, 0.0021926977864, 0.12103316173, 0.68264595493, 0.08531554313],
      [0.49842173906, 0.12476243504, 0.00151606953, 0.26915890549, 0.10207900108, 0.0040618498109],
      [0.015241292927, 0.0025682796591, 0.018711027423, 0.004321283372, 0.65920543802, 0.2999526786]
    ],
    [
      [0.0014931117275, 0.35443437155, 0.0086612147532, 0.56681602767, 0.068235573239, 0.00035970106267],
      [4.4566875215e-05, 0.014742666447, 0.63497531273, 0.028899998452, 0.30261485135, 0.018722604139],
      [0.019867934192, 0.0094578273639, 0.010901688852, 0.018163693095, 0.87844355955, 0.063165296951],
      [0.0073847227023, 0.038465918112, 0.0041191525366, 0.77349879299, 0.15103421126, 0.025497202394],
      [0.090054514055, 0.077373898478, 0.0019136719296, 0.17288045835, 0.57113974526, 0.086637711929],
      [0.62876222384, 0.087971422976, 0.00078751331707, 0.22922103651, 0.050804811102, 0.0024529922608],
      [0.034477870143, 0.0033096609295, 0.017864875041, 0.0067314390878, 0.6032501925, 0.33436596229]
    ],
    [
      [0.00099314735084, 0.32680504516, 0.012305085572, 0.58938006791, 0.070147747812, 0.00036890619744],
      [2.3685541714e-05, 0.010956562481, 0.70236168977, 0.024102538259, 0.2472844879, 0.015271036047],
      [0.012964035166, 0.0086407274989, 0.015137782587, 0.018618741704, 0.88137155673, 0.06326715631],
      [0.0047643154566, 0.034664829314, 0.0056734233831, 0.77907742686, 0.15048139567, 0.025338609313],
      [0.060434502001, 0.072738060752, 0.0027443308693, 0.18249430576, 0.59201272971, 0.089576070908],
      [0.52050638903, 0.10398467908, 0.001425074451, 0.30439054259, 0.066490560024, 0.0032027548355],
      [0.022565698913, 0.0030348490379, 0.024892731961, 0.0069247111143, 0.60766733316, 0.33491467581]
    ],
    [
      [0.0011873323845, 0.25171307635, 0.026647437915, 0.62709769147, 0.092929661821, 0.00042480006207],
      [1.4275174903e-05, 0.0042141874567, 0.80684414981, 0.012807370594, 0.16715552487, 0.0089644920963],
      [0.011639354276, 0.0049413008664, 0.024858674634, 0.014714320858, 0.88850278325, 0.055343566111],
      [0.0051645079879, 0.024025340355, 0.011143946677, 0.7521051678, 0.18104973732, 0.026511299854],
      [0.059287540055, 0.0453792054, 0.0048908677811, 0.15744625679, 0.64778387969, 0.085212250279],
      [0.5655960308, 0.069604680353, 0.0026958829512, 0.28177945432, 0.07709532816, 0.0032286234099],
      [0.020782613558, 0.0017790939234, 0.041930989108, 0.0056099737654, 0.62738465266, 0.30251267699]
    ],
    [
      [0.0018424287339, 0.204687774, 0.015533922985, 0.72916396885, 0.048620296677, 0.00015160874848],
      [2.5726193473e-05, 0.0037485924934, 0.86488499167, 0.015900128271, 0.11141637134, 0.0040241900276],
      [0.031003497177, 0.0063667841113, 0.026717338939, 0.026498388372, 0.873230147, 0.036183844398],
      [0.0076341587039, 0.017093581975, 0.0061772018449, 0.86965026224, 0.090443927231, 0.0090008680041],
      [0.1397561617, 0.050431185404, 0.004246606502, 0.24669134993, 0.51344534313, 0.045429353329],
      [0.77158859328, 0.02982420696, 0.00088914819321, 0.17393988048, 0.023097598029, 0.00066057306124],
      [0.060116031149, 0.0024610149757, 0.048670228189, 0.010837865168, 0.65827777956, 0.21963708096]
    ],
    [
      [0.0011245485884, 0.31358331966, 0.0095209781931, 0.59766902184, 0.077551330215, 0.00055080150283],
      [3.0625262786e-05, 0.011998108598, 0.62158826576, 0.027900961047, 0.31242670357, 0.026055335766],
      [0.013068464489, 0.0073766800646, 0.010434094637, 0.016802901713, 0.86814307264, 0.084174786457],
      [0.0052001504443, 0.032035074669, 0.0042323106441, 0.76165519192, 0.16039593757, 0.036481334753],
      [0.061427462609, 0.062606593181, 0.0019070978231, 0.16605311762, 0.58783496932, 0.12017075944],
      [0.5475222184, 0.092521476515, 0.0010230378461, 0.28629810959, 0.068198573332, 0.0044365843231],
      [0.020805140314, 0.0023697165424, 0.015690433083, 0.0057159518104, 0.5473671365, 0.40805162175]
    ],
    [
      [0.0011008153633, 0.38227164006, 0.0092951811881, 0.54776598, 0.059215522487, 0.00035086090129],
      [3.3251760626e-05, 0.01618722308, 0.6723206032, 0.02834252313, 0.2647007529, 0.018415645929],
      [0.016744484882, 0.011740921965, 0.013336073605, 0.020137273048, 0.86785401371, 0.070187232788],
      [0.0057051172867, 0.043703339913, 0.0046307085555, 0.78266945828, 0.13725164525, 0.026039730716],
      [0.073764331974, 0.093413881141, 0.0022824397391, 0.18648954422, 0.55023499986, 0.093814803069],
      [0.555286144, 0.11625088274, 0.0010310634396, 0.27075463573, 0.05375964479, 0.0029176293012],
      [0.028223196087, 0.003992354085, 0.021231360003, 0.0072511966849, 0.57927780863, 0.36002408451]
    ],
    [
      [0.0014436446719, 0.41169095382, 0.027650841544, 0.46251768469, 0.095839077494, 0.00085779777999],
      [1.6751317175e-05, 0.0064897054725, 0.80051051944, 0.0090625194908, 0.16644390132, 0.017476602965],
      [0.013036825488, 0.0072496095727, 0.023720907737, 0.009922083773, 0.84306739857, 0.10300317486],
      [0.0073583256279, 0.045026634262, 0.013555899094, 0.65225980946, 0.21894724596, 0.062852085598],
      [0.065446566309, 0.065629220065, 0.004586818246, 0.10435755815, 0.60393313409, 0.15604670313],
      [0.63808205469, 0.099177143733, 0.002485804445, 0.18375021749, 0.070704286335, 0.0058004933059],
      [0.018908854519, 0.0021189464791, 0.032465037012, 0.0030719260912, 0.48297171798, 0.46046351792]
    ],
    [
      [0.0008480285974, 0.36983140987, 0.040213405825, 0.47331441417, 0.11501537859, 0.00077736295011],
      [5.3838595648e-06, 0.0030869106106, 0.86996764101, 0.0050008699313, 0.11297573831, 0.0089634562755],
      [0.0063192361194, 0.0051931580784, 0.029348000263, 0.0082501119597, 0.8707466603, 0.080142833282],
      [0.0040929621972, 0.037307070568, 0.018722540168, 0.63408940632, 0.25121716524, 0.0545708555],
      [0.034751994633, 0.051714103869, 0.0061544847645, 0.095337173243, 0.67917858096, 0.13286366253],
      [0.51475777464, 0.11527943751, 0.0047273874393, 0.24636303454, 0.11193675894, 0.0069356069326],
      [0.0099912688509, 0.0016554737893, 0.044004469496, 0.0027865275952, 0.54267907516, 0.39888318511]
    ],
    [
      [0.00049883119319, 0.89025827867, 0.0042926673898, 0.090886815615, 0.013933950489, 0.00012945664629],
      [1.4889549291e-05, 0.021221490834, 0.88309660673, 0.0050955468792, 0.081770170898, 0.0088012951075],
      [0.021945919492, 0.043977993744, 0.023082182338, 0.010437548935, 0.79985677621, 0.10069957928],
      [0.009739009139, 0.22524902981, 0.0087816284944, 0.58100388667, 0.1346010185, 0.040625427385],
      [0.085831493148, 0.33419716264, 0.0030452597225, 0.082493116527, 0.38727862197, 0.10715434599],
      [0.60295770409, 0.29537294292, 0.00079538551736, 0.077521824421, 0.021519528292, 0.0018326147545],
      [0.029636843378, 0.011837629568, 0.029359647262, 0.0030092561844, 0.4147596681, 0.5113969555]
    ],
    [
      [0.00062586678001, 0.31579326813, 0.029271170479, 0.49194953006, 0.16138699309, 0.00097317145478],
      [5.4587132184e-06, 0.0036716854522, 0.75722458361, 0.007194957303, 0.21658488623, 0.015318428686],
      [0.0034504188018, 0.0033381940925, 0.015755985634, 0.0064123542836, 0.89736922291, 0.073673824279],
      [0.0026755955345, 0.028391673785, 0.01210965212, 0.5839776173, 0.31236171393, 0.060483747332],
      [0.019740464102, 0.034599917176, 0.0034849884904, 0.077342792288, 0.73657786886, 0.12825396908],
      [0.40445896176, 0.11273024233, 0.0039068078115, 0.29164583999, 0.17745234601, 0.0098058021056],
      [0.0057066509909, 0.0011147524163, 0.024673486688, 0.0022679911052, 0.58632610184, 0.37991101696]
    ],
    [
      [0.0020423890787, 0.19984509022, 0.0096612320111, 0.73864613226, 0.049722646163, 8.2510273869e-05],
      [2.9973673896e-06, 0.00035486945584, 0.98533920161, 0.0014620252433, 0.01259107809, 0.00024982823133],
      [0.031925734359, 0.0053990749916, 0.016706302506, 0.021668027269, 0.90475081392, 0.019550046952],
      [0.0082890903966, 0.016398619593, 0.0037030350863, 0.87747960899, 0.089438103161, 0.0046915427708],
      [0.15752625618, 0.046329593259, 0.0026902339055, 0.22327480682, 0.54513786007, 0.025041249768],
      [0.84786234696, 0.019580782094, 0.00040838944519, 0.11426618761, 0.017614049389, 0.00026824449811],
      [0.069069878444, 0.002310721595, 0.034880421982, 0.0098009733233, 0.7557768771, 0.12816112756]
    ],
    [
      [0.0010316376879, 0.37872180454, 0.01547780774, 0.49176852613, 0.11239173405, 0.00060848985022],
      [1.8435543452e-05, 0.0094688750626, 0.6582973741, 0.015043305687, 0.29821910407, 0.018952905535],
      [0.0085138770395, 0.0062983607516, 0.012085152976, 0.0098026117318, 0.8970260797, 0.066273917797],
      [0.0050208691596, 0.040576590027, 0.0072472564712, 0.65978172863, 0.24490327003, 0.042470285681],
      [0.044764510988, 0.059796796244, 0.0024690745298, 0.10832883942, 0.67884493357, 0.10579584525],
      [0.52844530749, 0.11618337627, 0.0017340058261, 0.24545969398, 0.10306594385, 0.0051116725879],
      [0.014664321027, 0.0021887839579, 0.019657261301, 0.0036074622535, 0.61171757172, 0.34816459975]
    ],
    [
      [0.0012354112138, 0.39402297712, 0.012138465206, 0.51675348548, 0.075451537733, 0.00039812324384],
      [2.793146574e-05, 0.012412499548, 0.69795082432, 0.01996519312, 0.2539164864, 0.015727065148],
      [0.01490335938, 0.0095333832455, 0.013878209048, 0.015022066394, 0.88310887015, 0.063554111784],
      [0.0063954941508, 0.044739625897, 0.0060423579932, 0.7383623208, 0.17490115664, 0.02955904452],
      [0.07089667702, 0.081917383963, 0.0025568698498, 0.15017757295, 0.60289024482, 0.091561251389],
      [0.58472613333, 0.11070669436, 0.0012481511359, 0.23666852049, 0.06357770663, 0.0030727940579],
      [0.025837309128, 0.0033335923859, 0.022737833384, 0.0055629657059, 0.60588740023, 0.33664089917]
    ],
    [
      [0.0012661305182, 0.37948484264, 0.0091501647199, 0.52938878537, 0.080219433139, 0.00049064361806],
      [3.4657042353e-05, 0.014577022163, 0.611541078, 0.02485291957, 0.32560929702, 0.023385026207],
      [0.014362732562, 0.0087040613706, 0.0098100711747, 0.01453637681, 0.87919407183, 0.073392686253],
      [0.0063491988479, 0.041983882403, 0.0044126155178, 0.73195609391, 0.18003341193, 0.035264797396],
      [0.068438714551, 0.074909053783, 0.0018164519689, 0.14562370875, 0.6030468751, 0.10616519585],
      [0.58260222835, 0.10588194346, 0.0009303868838, 0.24007538084, 0.06676950571, 0.0037405547626],
      [0.023922846623, 0.0029253962101, 0.015437427975, 0.0051736758338, 0.57989742119, 0.37264323217]
    ],
    [
      [0.00090158672166, 0.34060354845, 0.0095333130754, 0.57693369107, 0.071581765815, 0.00044609486537],
      [2.490712679e-05, 0.013223221562, 0.64501112796, 0.027348406402, 0.29295639764, 0.021435939307],
      [0.01143048298, 0.008743711425, 0.011413550098, 0.017714463593, 0.87617700244, 0.074520789463],
      [0.0043598977723, 0.036389713157, 0.0044322519442, 0.76902226779, 0.15488339018, 0.03091247916],
      [0.053485362442, 0.073899532978, 0.00207586906, 0.17429003981, 0.59034784192, 0.10590135379],
      [0.49602428519, 0.11395317239, 0.0011607963257, 0.31343839818, 0.071350722479, 0.0040726254359],
      [0.018986686598, 0.0029308371086, 0.017913796539, 0.0062879241904, 0.57633085915, 0.37754989641]
    ],
    [
      [0.0006603407926, 0.49032931331, 0.0056776905469, 0.44962720133, 0.053336653934, 0.00036880008454],
      [2.7084405563e-05, 0.02773681957, 0.58755530229, 0.031467761338, 0.32669483734, 0.026518195062],
      [0.010993677388, 0.016205002777, 0.008991458002, 0.018012215812, 0.86424980923, 0.081547836795],
      [0.0039894644579, 0.064374460345, 0.0033026931685, 0.75197895527, 0.14437603886, 0.031978387893],
      [0.048384191191, 0.1292370604, 0.0015322850699, 0.16684890061, 0.54538778613, 0.1086097766],
      [0.4433003379, 0.19482391018, 0.00083151343459, 0.2930511067, 0.063943389077, 0.0040497427062],
      [0.017783891216, 0.0052863888683, 0.013741119045, 0.0062240351892, 0.55335974465, 0.40360482103]
    ],
    [
      [0.00057653429609, 0.35882066922, 0.084354225145, 0.47516721333, 0.080306418156, 0.00077493985463],
      [1.5253403848e-06, 0.0012665657311, 0.96014247701, 0.0020982691397, 0.032773, 0.003718162774],
      [0.00558894701, 0.0066491641906, 0.080211086264, 0.010801410575, 0.79227838789, 0.10447100407],
      [0.0029447372737, 0.038754740576, 0.04129914038, 0.67430090074, 0.1851782327, 0.057522248322],
      [0.029824670061, 0.064472226269, 0.016200827456, 0.12164885985, 0.59941930702, 0.16843410934],
      [0.42384715779, 0.14285012813, 0.012416840006, 0.31362271932, 0.098546875008, 0.0087162797459],
      [0.0076339477129, 0.0018322102616, 0.10447579744, 0.0031537782165, 0.42637272343, 0.45653154294]
    ],
    [
      [0.00090790360654, 0.36545211242, 0.012826721748, 0.53707808735, 0.083220665597, 0.00051450927256],
      [1.9924087161e-05, 0.011246186668, 0.6785129194, 0.020188817313, 0.27040053307, 0.019631619464],
      [0.0099575084484, 0.0080983597642, 0.013278690171, 0.014240156069, 0.8801451622, 0.074280123348],
      [0.0044751707806, 0.039730698089, 0.0060782487431, 0.72987471412, 0.18351017326, 0.036330995013],
      [0.04871356932, 0.071571966576, 0.0025257596287, 0.1465216646, 0.62029936275, 0.11036767712],
      [0.49889097237, 0.12164916762, 0.001556500129, 0.29055769678, 0.082664484276, 0.0046811788187],
      [0.016543739702, 0.0027149879387, 0.020843253834, 0.0050554176869, 0.57918279574, 0.3756598051]
    ],
    [
      [0.0011648341086, 0.3754731853, 0.01513473055, 0.51636121096, 0.091443288574, 0.00042275051044],
      [2.230758101e-05, 0.010067377872, 0.69951959178, 0.016938987542, 0.25937119798, 0.014080537247],
      [0.011841941203, 0.0077000554762, 0.01452723398, 0.01269043272, 0.89666844275, 0.056571893868],
      [0.0058160568835, 0.041276676696, 0.0072657055813, 0.7111128381, 0.20428845726, 0.030240265483],
      [0.059416171447, 0.069788233477, 0.0028328541061, 0.13387509968, 0.64791657665, 0.086171064641],
      [0.56168364117, 0.10928589912, 0.0016078610937, 0.2445279065, 0.079527090529, 0.0033676015929],
      [0.021259243797, 0.0027891483431, 0.024640168007, 0.0048677639242, 0.63756049594, 0.30888317999]
    ],
    [
      [0.00036064605389, 0.36843211921, 0.011685871016, 0.5212556334, 0.097847757979, 0.00041797233614],
      [8.0023141756e-06, 0.011360742096, 0.63079057962, 0.019719718932, 0.3219777263, 0.016143230734],
      [0.0034828905624, 0.0071225878008, 0.010665720037, 0.012112235462, 0.91340408843, 0.053212477705],
      [0.0017749740063, 0.039728859417, 0.0055310562452, 0.70790350748, 0.21557300436, 0.029488598489],
      [0.018308686209, 0.067830354471, 0.0021824119752, 0.13421714089, 0.69238204466, 0.085079361789],
      [0.28216150437, 0.17319580212, 0.0020096145678, 0.39946748826, 0.13777509514, 0.0053904955445],
      [0.0064309514913, 0.0026538366271, 0.018610463085, 0.0047792655226, 0.66797126095, 0.29955422233]
    ],
    [
      [0.0011072531924, 0.40766101813, 0.011777637645, 0.49051070522, 0.088438308057, 0.00050507775235],
      [2.5408994869e-05, 0.01310593367, 0.64721977847, 0.019282533453, 0.30023038949, 0.020135955924],
      [0.011526572287, 0.0085653465637, 0.01156146099, 0.012344240993, 0.88685913189, 0.069143247282],
      [0.0057303542065, 0.046517212168, 0.0058598826891, 0.69970255701, 0.20474653383, 0.037443460097],
      [0.057018473092, 0.076529274226, 0.0022237850868, 0.12837522017, 0.63198978673, 0.1038634607],
      [0.55231880081, 0.12268762032, 0.0012933105005, 0.24005205483, 0.079490020312, 0.0041581932218],
      [0.019589581682, 0.0029371498344, 0.018560976625, 0.0044825432495, 0.59698470951, 0.3574450391]
    ],
    [
      [0.00051867927641, 0.48423283376, 0.028157043035, 0.40742284553, 0.079193195719, 0.00047540268693],
      [6.2495607919e-06, 0.0081227648598, 0.83213031816, 0.0084038692959, 0.1413708412, 0.0099659569184],
      [0.005904679011, 0.011057142293, 0.030277468281, 0.011206013933, 0.87024855974, 0.071306136745],
      [0.0030771832023, 0.062994617331, 0.016060979356, 0.66713384508, 0.21030229775, 0.040431077285],
      [0.029863707337, 0.10119723757, 0.0059513993088, 0.11925458432, 0.63416378421, 0.10956928726],
      [0.37941911146, 0.21315341002, 0.0045330299135, 0.29271682836, 0.10443529551, 0.005742324744],
      [0.0098236956674, 0.0037118579889, 0.047616807628, 0.0039840410503, 0.57346034184, 0.36140325582]
    ],
    [
      [0.00085438161298, 0.45170911527, 0.011283137976, 0.44338143532, 0.092232347451, 0.00053958237049],
      [1.9634010242e-05, 0.014487958387, 0.63241039696, 0.017430485843, 0.31407531265, 0.021576212149],
      [0.0085406693841, 0.0090775021842, 0.010649217859, 0.010698103229, 0.88997194227, 0.071062565075],
      [0.0046646545196, 0.054201856395, 0.0059232339274, 0.66762178755, 0.22536381743, 0.042224650182],
      [0.043223377387, 0.083030631526, 0.0020947245691, 0.11385746262, 0.64858376413, 0.10921003977],
      [0.49218382558, 0.15613750974, 0.0014259421672, 0.24969429714, 0.095443805211, 0.0051146201671],
      [0.014434988986, 0.0030954774928, 0.017004662099, 0.0038633483367, 0.59565672825, 0.36594479483]
    ],
    [
      [0.0012462305311, 0.25061105618, 0.0045854042975, 0.66760308155, 0.07545569046, 0.00049853697398],
      [4.8945408762e-05, 0.013691081342, 0.46234544286, 0.044481746199, 0.44494769618, 0.034485088008],
      [0.014784492414, 0.0059473316658, 0.0051913211594, 0.018932306095, 0.87620265401, 0.078941894657],
      [0.005361192818, 0.023589805037, 0.001899007562, 0.792914022, 0.14544198898, 0.0307939836],
      [0.068904284231, 0.050004873088, 0.00093484593783, 0.18550640974, 0.58354418337, 0.11110540363],
      [0.57527599522, 0.067459319215, 0.00045296758302, 0.29209947746, 0.061019332258, 0.0036929082623],
      [0.0240756588, 0.001952974128, 0.0079776959476, 0.0065836239013, 0.56411651123, 0.39529353599]
    ],
    [
      [0.00089742710083, 0.29586244406, 0.010585356026, 0.60765818403, 0.084560531739, 0.00043605704746],
      [2.2476375426e-05, 0.010425216509, 0.63145184388, 0.026102153267, 0.31304185584, 0.01895645412],
      [0.0098522448531, 0.0065856727095, 0.010953276789, 0.01615082595, 0.89355734392, 0.062900635776],
      [0.004080329032, 0.029759476788, 0.0046262551555, 0.76120663527, 0.17193831127, 0.02838899248],
      [0.048277358763, 0.05827660189, 0.002088622983, 0.16643650669, 0.63126168904, 0.093659220635],
      [0.4874026148, 0.097891518883, 0.0012741527255, 0.32620480463, 0.083292873478, 0.003934035486],
      [0.017278149556, 0.0023307190014, 0.018146612809, 0.0060525972129, 0.62078608321, 0.33540583821]
    ],
    [
      [0.00071041114522, 0.2973245628, 0.014971354121, 0.57976155076, 0.10669315571, 0.00053896545452],
      [1.0214916436e-05, 0.0051666167143, 0.73852696229, 0.012439862447, 0.23024381936, 0.013612524276],
      [0.0061440708496, 0.0044064212885, 0.012146398523, 0.010404714793, 0.90487230582, 0.062026088727],
      [0.0031806662416, 0.027123111024, 0.0064050267734, 0.7146562213, 0.21392208668, 0.034712887979],
      [0.033597575725, 0.04375782399, 0.0025283017331, 0.12074983618, 0.69754874842, 0.10181771396],
      [0.54773769233, 0.081773355336, 0.0016785103269, 0.26466451983, 0.099533624442, 0.004612297743],
      [0.01072892128, 0.0015468869885, 0.020033608744, 0.0038682447597, 0.62091414072, 0.34290819751]
    ],
    [
      [0.00040390459672, 0.34417426301, 0.010075438521, 0.54330178747, 0.10158902467, 0.00045558173615],
      [9.341042068e-06, 0.010726060023, 0.5892654534, 0.021179879466, 0.35992201199, 0.018897254071],
      [0.0036272628493, 0.0059851324828, 0.0088092927633, 0.011595161694, 0.91424711073, 0.055736039477],
      [0.0019036871364, 0.034432082747, 0.0045936964973, 0.71212541949, 0.21590490933, 0.031040204802],
      [0.019387802759, 0.058226942376, 0.0018215776902, 0.13103193596, 0.69926318764, 0.090268553575],
      [0.31113572114, 0.15108116285, 0.0016479678399, 0.39433389604, 0.1362055251, 0.0055957270244],
      [0.0065982919354, 0.0021961437512, 0.015136944646, 0.0045072305425, 0.65752183444, 0.31403955469]
    ],
    [
      [0.00077858371549, 0.45542508034, 0.0061770038833, 0.48997313645, 0.047208915211, 0.00043728039577],
      [3.1880676367e-05, 0.025881451355, 0.61955840501, 0.034233658727, 0.28889811512, 0.031396489109],
      [0.014098125229, 0.016458400968, 0.010632330427, 0.021331860208, 0.83222570285, 0.10525358032],
      [0.0044730839131, 0.057262655464, 0.0034149285327, 0.77731545436, 0.12146882255, 0.036065055179],
      [0.058756183629, 0.12398032572, 0.0017127031439, 0.18681971962, 0.49611995779, 0.1326111101],
      [0.48501048601, 0.1661505901, 0.0008272001564, 0.291850756, 0.051768064542, 0.0043929031868],
      [0.02057131313, 0.0048418454043, 0.014643994044, 0.0066471969967, 0.48010596304, 0.47318968739]
    ],
    [
      [0.00054616358461, 0.34297046192, 0.016904386484, 0.57079987602, 0.068467476696, 0.00031163529202],
      [1.0340226027e-05, 0.0091079329492, 0.7698001304, 0.018516165256, 0.19229287929, 0.010272551877],
      [0.0073306095909, 0.0093018884764, 0.021456218149, 0.018525479322, 0.88823966404, 0.055146140423],
      [0.0027008799028, 0.037427651615, 0.0080377723556, 0.7782552345, 0.15149816681, 0.022080294818],
      [0.035149986126, 0.0806086073, 0.0039975783485, 0.1868744987, 0.61308679313, 0.080282536394],
      [0.37708270684, 0.14346905615, 0.0025757590582, 0.38791249734, 0.085399820161, 0.0035601604472],
      [0.013248146064, 0.0033919814576, 0.036635492995, 0.0071538216048, 0.63568993389, 0.30388062399]
    ],
    [
      [0.00033828827832, 0.38300886852, 0.0079445452755, 0.5178305076, 0.090242415072, 0.00063537525307],
      [9.4004731221e-06, 0.014334934033, 0.55376640165, 0.024000514693, 0.37679614517, 0.031092603982],
      [0.0033780143101, 0.007400095597, 0.0075678420161, 0.012146695327, 0.88459997737, 0.084907375383],
      [0.0016752399159, 0.040782033916, 0.0037890026666, 0.70788163455, 0.20056187414, 0.045310214816],
      [0.017222910687, 0.068889599926, 0.0015012417735, 0.13144143573, 0.6489668707, 0.13197794118],
      [0.28320820852, 0.17947559243, 0.0013834025127, 0.39876782458, 0.12885059648, 0.0083143754803],
      [0.0053737926464, 0.0023750202498, 0.01137136087, 0.004129743658, 0.55622243989, 0.42052764269]
    ],
    [
      [0.00059981740459, 0.32474608452, 0.014997883244, 0.5663693587, 0.092824211552, 0.00046264457666],
      [1.1332919296e-05, 0.0085489720363, 0.69606324679, 0.018256043352, 0.26181076354, 0.015309641363],
      [0.0059659072724, 0.0064788905733, 0.014180609623, 0.013556433004, 0.89875270502, 0.061065454505],
      [0.0028073400384, 0.033351969263, 0.0067550655364, 0.73134136381, 0.19466376703, 0.031080494326],
      [0.030681850116, 0.0602490658, 0.0028295036413, 0.1467412939, 0.66421087668, 0.095287409868],
      [0.39490529599, 0.12735935642, 0.0021502934911, 0.36159999513, 0.10900816682, 0.0049768921531],
      [0.010536633014, 0.0023085207295, 0.023660790499, 0.0051154028191, 0.62819180081, 0.33018685213]
    ],
    [
      [0.00077139193101, 0.5038773136, 0.0059415069523, 0.43537470118, 0.053720783182, 0.00031430315377],
      [2.5978178841e-05, 0.022252441057, 0.64910509508, 0.024686252065, 0.28452446217, 0.019405771451],
      [0.012211892233, 0.014956523622, 0.0093421940176, 0.016282316073, 0.87764683536, 0.069560238695],
      [0.0047434322032, 0.064286330736, 0.0035406901608, 0.74996670679, 0.14938401439, 0.028078825722],
      [0.056271198878, 0.1253818706, 0.0016269655908, 0.1575618922, 0.56373307501, 0.095424997722],
      [0.51052386273, 0.17397207255, 0.00078256242073, 0.25346916005, 0.05813721178, 0.0031151304702],
      [0.020463483342, 0.005043863094, 0.014764868045, 0.0058221669923, 0.57758180663, 0.37632381189]
    ],
    [
      [0.0010881915299, 0.41018601434, 0.013197700761, 0.50823084815, 0.066940517647, 0.00035672757065],
      [2.4974938992e-05, 0.013166445647, 0.72455845779, 0.019965678294, 0.22802060148, 0.01426384185],
      [0.014747372675, 0.011195414555, 0.016912976267, 0.016631005766, 0.87675815769, 0.06375507305],
      [0.005830540628, 0.048373099113, 0.006799792741, 0.75112106267, 0.16048759955, 0.0273879053],
      [0.068294536214, 0.093641219645, 0.0030395305872, 0.16188083946, 0.58363746518, 0.089506408914],
      [0.55573483926, 0.12549692874, 0.0014750823887, 0.25305881035, 0.061244766175, 0.00298957309],
      [0.025515695864, 0.0039073359277, 0.027635457128, 0.0061468742747, 0.60057944703, 0.33621518977]
    ],
    [
      [0.00031372122184, 0.18019355022, 0.0069123179861, 0.74890835365, 0.062920638866, 0.00075141806294],
      [1.0206007052e-05, 0.0080633987811, 0.60457165306, 0.040532414684, 0.30417846755, 0.04264385991],
      [0.004237377533, 0.0048180309749, 0.0088320058787, 0.023718375818, 0.82403640995, 0.13435779985],
      [0.0012516881445, 0.015663318311, 0.0026507315675, 0.82504878939, 0.11236130194, 0.043024170646],
      [0.018981376131, 0.039218486784, 0.0015379462315, 0.22558017805, 0.53144090396, 0.18324110884],
      [0.25138332454, 0.084199195361, 0.0011813626775, 0.5654842793, 0.08811303091, 0.0096388072124],
      [0.0055782974582, 0.0012801719716, 0.010989879311, 0.0066737358768, 0.42919020289, 0.5462877125]
    ],
    [
      [0.0010338004536, 0.32230095493, 0.011388081515, 0.5598517302, 0.10497592698, 0.00044950592177],
      [2.2799869226e-05, 0.0099726021267, 0.60806460822, 0.02115883026, 0.34351228847, 0.017268871058],
      [0.0092694933292, 0.0058416416946, 0.0096556261157, 0.012141090365, 0.9099368166, 0.053155331895],
      [0.0047639147913, 0.032762175827, 0.0050472486425, 0.711201561, 0.21653438977, 0.029690709967],
      [0.048054606963, 0.054692292035, 0.0019457859166, 0.13234810837, 0.67928320725, 0.083675999465],
      [0.52229367454, 0.098602489613, 0.0012695470205, 0.27827721192, 0.095799736969, 0.0037573399359],
      [0.017027007768, 0.0021652771546, 0.01675646154, 0.0047654284237, 0.66193627996, 0.29734954515]
    ],
    [
      [0.0013762159132, 0.27419351466, 0.016742332149, 0.61429050458, 0.092751702453, 0.00064573023961],
      [2.3072810574e-05, 0.0063442667207, 0.72443695978, 0.017386040263, 0.23280074046, 0.01900891996],
      [0.013231275244, 0.0052275445009, 0.015308984369, 0.01403648835, 0.86962940949, 0.082566298044],
      [0.0059992117161, 0.025993407528, 0.0070166841799, 0.73943251175, 0.18113328248, 0.04042490235],
      [0.065541865116, 0.046654131923, 0.0029235175941, 0.14598827003, 0.61537249328, 0.12351972205],
      [0.60692088938, 0.068197807342, 0.0015350427742, 0.24911982471, 0.069776180694, 0.0044502550947],
      [0.021019170132, 0.0016742402639, 0.022962904732, 0.0047606878784, 0.54590821221, 0.40367478479]
    ],
    [
      [0.0013981976663, 0.4011013493, 0.01837764392, 0.50677605983, 0.071750477425, 0.00059627185853],
      [2.4814745623e-05, 0.010016019968, 0.76823161968, 0.015440488651, 0.18794263148, 0.01834442547],
      [0.01706651045, 0.0099279301154, 0.021115451373, 0.014990673566, 0.84140888688, 0.095490547615],
      [0.0072718213246, 0.04615433257, 0.0091866774003, 0.72614414193, 0.1668472617, 0.044395765075],
      [0.078397062591, 0.082347271898, 0.0037754421549, 0.14476472156, 0.55741331068, 0.13330219111],
      [0.61109910119, 0.10681475719, 0.0017810344183, 0.21907901771, 0.056895377355, 0.0043307121435],
      [0.025637508644, 0.0030096309061, 0.029962605367, 0.0048121642624, 0.50077375732, 0.43580433351]
    ],
    [
      [0.0001671239234, 0.27114814475, 0.0031767634694, 0.6771306694, 0.048207240489, 0.00017005796373],
      [9.839009731e-06, 0.021289474236, 0.47066239339, 0.065252555921, 0.42525470431, 0.017531033133],
      [0.0032105941793, 0.0099668637219, 0.0058017009236, 0.029964066343, 0.90767989919, 0.043376875642],
      [0.00076638354463, 0.026888108805, 0.0014031519894, 0.86066087308, 0.09909563065, 0.011185851929],
      [0.013898922646, 0.080060737614, 0.00098315424074, 0.27992257674, 0.56767976298, 0.057454845782],
      [0.15876886851, 0.14924255975, 0.00064715124071, 0.60831958949, 0.080424230186, 0.0025976008183],
      [0.0062934159343, 0.0039348247444, 0.010735661965, 0.012531953471, 0.70291596521, 0.26358817868]
    ]
  ],
  "expected_outcome": [
    [
      [0.0044072054626, 0.02469992325, 0.0089073016088, 0.078843704275, 0.046651411468, 0.025047781935, 0.046740208335, 0.055245133918, 0.1191776821, 0.040369301072, 0, 0.083216595539, 0.091367675158, 0.018767380735, 0.0076322573766, 0.00049883119319, 0.00250346712, 0.0040847781575, 0.071183000468, 0.053122682193, 0.086096875236, 0.082044391671, 0.014527497437, 0.0069184115531, 0.058105830819, 0.040769193799, 0.011540673724, 0.091902014971, 0.021784529609, 0.052971660005, 0.02243214956, 0.099614408192, 0.0049728780166, 0.0024234275803, 0.045157855498, 0.048608559031, 0.0081189186796, 0.025192330993, 0.0077139193101, 0.075085215563, 0.00094116366552, 0.058926625855, 0.017890806872, 0.21532244062, 0.0033424784679],
      [2.925695159, 5.500028802, 4.3927919636, 30.7329688804, 13.8696086071, 11.8432050833, 19.3365216908, 13.1140717473, 39.2166054186, 8.5582445957, 0, 23.2051656551, 31.7285461251, 5.3519823997, 3.3284826888, 0.89025827867, 1.2631730725, 0.39969018043, 26.1318045131, 16.9429880163, 25.8049692993, 30.9949229088, 10.7872448929, 4.3058480307, 23.3889351952, 13.1415614855, 11.7898278148, 33.8358645051, 20.3377790178, 28.0059651469, 4.5109990113, 32.8407312904, 2.0812719396, 2.0650455781, 26.4146546598, 30.5243711111, 9.1922128445, 13.63933555, 5.038773136, 28.3028349893, 0.54058065065, 18.3711544308, 3.5645156906, 61.7696077926, 5.4229628951],
      [0.043301662894, 0.25104518058, 0.14250754978, 1.0129919912, 0.25666853755, 0.22488178215, 0.64406943914, 0.32046494587, 1.4766102686, 0.90601288911, 0, 0.70455238629, 0.77150003862, 0.35946094007, 0.36192065242, 0.0042926673898, 0.11708468192, 0.019322464022, 1.0679687341, 0.52195400384, 0.62221120096, 0.86753148986, 0.12490919203, 1.0122507017, 0.82091019186, 0.52971556924, 0.37394787252, 0.97754392451, 1.1825958075, 0.69955455453, 0.082537277355, 1.1749745189, 0.10479947885, 0.060452631125, 0.35826622523, 1.504490397, 0.19066908661, 0.62991109627, 0.059415069523, 0.9106413525, 0.020736953958, 0.64912064637, 0.21765031794, 2.8301571637, 0.063535269387],
      [2.5208096061, 9.9177432726, 6.5075878379, 38.7299595275, 27.7156585246, 14.5305478452, 25.6513560977, 20.9721930237, 70.7256081495, 21.3213215101, 0, 44.227507616, 45.4645763399, 6.012729901, 4.2598297275, 0.090886815615, 1.9677981202, 1.4772922645, 33.9320283031, 22.2203998756, 35.998437405, 52.5009658877, 9.8917984293, 5.7020065599, 34.3729975905, 18.0726423835, 16.6801802689, 40.7123885332, 17.1117595121, 27.4896489896, 12.016855468, 67.4500584272, 4.0583308553, 3.2598107248, 28.4184419143, 50.8011889659, 12.4279321824, 23.7875130654, 4.3537470118, 35.0679285226, 2.2467250609, 31.9115486217, 7.9857765596, 78.0435132135, 13.542613388],
      [0.50348332425, 1.2991750389, 0.94334002763, 4.4131937481, 3.094098885, 2.3647736638, 5.2982948749, 2.5247162098, 8.4177297374, 3.1596085019, 0, 5.7387984359, 4.9148883665, 1.2459080074, 1.0351384073, 0.013933950489, 0.64554797237, 0.099445292326, 7.7550296495, 3.2444161225, 5.4549214535, 6.5139406892, 1.1734063865, 0.96367701787, 5.3261225982, 3.2005151001, 3.1311282553, 7.3403795688, 3.3261142202, 5.7184055419, 1.3582024283, 9.386219023, 0.74685209, 0.60953414802, 2.7381170823, 6.0936054259, 2.1658179617, 3.8986168852, 0.53720783182, 4.6188957176, 0.1887619166, 5.9836278378, 1.2057721319, 11.0495735234, 0.96414480979],
