{
  "X": [
    [4, 167, 299, 32],
    [5, 83, 165, 53],
    [2, 1, 25, 1],
    [2, 11, 43, 4],
    [11, 34, 123, 11],
    [5, 81, 146, 32],
    [108, 254, 1078, 108],
    [12, 138, 209, 30],
    [73, 71, 294, 36],
    [53, 195, 387, 33],
    [2, 4, 7, 3],
    [31, 90, 255, 35],
    [145, 360, 1312, 183],
    [17, 36, 85, 5],
    [100, 342, 1012, 81],
    [6, 6, 26, 0],
    [8, 65, 56, 7],
    [2, 24, 31, 5],
    [12, 22, 45, 8],
    [4, 3, 33, 4],
    [46, 37, 216, 21],
    [2, 5, 13, 0],
    [92, 157, 1038, 175],
    [0, 0, 9, 4],
    [4, 5, 43, 2],
    [4, 93, 129, 25],
    [11, 35, 120, 16],
    [13, 120, 215, 30],
    [2, 49, 48, 1],
    [7, 15, 45, 11],
    [13, 154, 366, 63],
    [6, 8, 27, 4],
    [9, 72, 148, 29],
    [79, 518, 869, 129],
    [100, 736, 1562, 249],
    [8, 62, 76, 7],
    [0, 29, 49, 7],
    [3, 12, 100, 11],
    [1, 3, 7, 1],
    [5, 27, 85, 9],
    [29, 104, 340, 43],
    [0, 9, 25, 5],
    [11, 14, 32, 10],
    [49, 121, 302, 49],
    [1, 1, 4, 0],
    [48, 107, 487, 77],
    [6, 10, 50, 8],
    [89, 318, 1016, 167],
    [3, 16, 43, 5],
    [25, 84, 279, 46],
    [0, 3, 16, 4],
    [16, 100, 182, 21],
    [18, 85, 152, 15],
    [5, 37, 65, 11],
    [8, 85, 164, 10],
    [7, 14, 40, 5],
    [75, 164, 524, 79],
    [23, 84, 121, 15],
    [12, 26, 45, 17],
    [3, 13, 28, 5],
    [10, 13, 66, 8],
    [3, 7, 31, 9],
    [6, 7, 44, 2],
    [0, 5, 14, 4],
    [5, 15, 18, 3],
    [14, 57, 170, 20],
    [12, 39, 114, 14],
    [1, 20, 18, 4],
    [0, 4, 9, 3],
    [2, 3, 10, 5],
    [0, 1, 5, 1],
    [2, 4, 10, 0],
    [2, 36, 35, 10],
    [3, 32, 55, 5],
    [4, 5, 30, 5],
    [2, 11, 20, 6],
    [23, 61, 119, 25],
    [2, 13, 14, 1],
    [11, 49, 110, 11],
    [11, 69, 118, 11],
    [1, 3, 1, 1],
    [1, 8, 11, 2],
    [0, 7, 9, 1],
    [0, 5, 5, 2],
    [0, 1, 4, 1],
    [8, 19, 110, 34],
    [1, 2, 10, 5],
    [0, 2, 7, 4],
    [11, 24, 70, 14],
    [0, 1, 8, 5],
    [10, 18, 50, 6],
    [12, 99, 150, 29],
    [16, 108, 166, 44],
    [11, 92, 142, 27],
    [0, 4, 5, 1],
    [1, 6, 20, 5],
    [4, 83, 53, 12],
    [2, 45, 29, 6],
    [2, 14, 28, 6],
    [4, 20, 24, 7],
    [6, 17, 67, 7],
    [14, 32, 67, 13],
    [2, 11, 17, 5],
    [0, 27, 28, 7],
    [5, 30, 51, 16],
    [13, 53, 83, 24],
    [3, 22, 45, 14],
    [10, 63, 121, 22],
    [12, 229, 164, 17],
    [5, 34, 59, 13],
    [0, 16, 24, 4],
    [2, 32, 56, 11],
    [0, 12, 5, 0],
    [8, 16, 114, 23],
    [5, 8, 41, 7],
    [3, 34, 91, 26],
    [9, 53, 86, 20],
    [11, 161, 287, 65],
    [5, 20, 43, 8],
    [2, 3, 10, 1],
    [3, 2, 15, 4],
    [1, 5, 9, 3],
    [7, 27, 65, 25],
    [1, 3, 20, 2],
    [0, 0, 4, 2],
    [9, 32, 85, 18],
    [7, 28, 65, 18],
    [5, 14, 17, 3],
    [1, 2, 10, 1],
    [3, 7, 26, 7],
    [3, 8, 49, 5],
    [1, 1, 5, 1],
    [0, 4, 0, 2],
    [13, 125, 100, 16],
    [10, 188, 226, 45],
    [5, 53, 111, 8],
    [8, 85, 117, 23],
    [24, 202, 349, 39],
    [6, 12, 37, 10],
    [1, 4, 9, 2],
    [10, 21, 57, 18],
    [7, 18, 62, 6],
    [3, 5, 18, 3],
    [13, 32, 114, 31],
    [5, 22, 75, 15],
    [2, 3, 23, 5],
    [0, 2, 16, 4],
    [130, 149, 647, 60],
    [326, 768, 2312, 561],
    [215, 597, 1198, 379],
    [0, 10, 8, 4]
  ],
  "W": [
    [5, 12, 298, 158, 29],
    [4, 10, 175, 90, 27],
    [0, 4, 22, 1, 2],
    [1, 13, 34, 10, 2],
    [12, 29, 105, 28, 5],
    [22, 15, 142, 66, 19],
    [71, 308, 856, 197, 116],
    [36, 58, 169, 104, 22],
    [26, 136, 228, 49, 35],
    [49, 164, 283, 132, 40],
    [0, 4, 7, 4, 1],
    [13, 63, 225, 74, 36],
    [111, 265, 1183, 283, 158],
    [12, 32, 61, 25, 13],
    [93, 397, 694, 255, 96],
    [2, 9, 20, 2, 5],
    [10, 10, 53, 57, 6],
    [7, 9, 24, 18, 4],
    [10, 5, 45, 18, 9],
    [6, 10, 23, 1, 4],
    [10, 110, 149, 29, 22],
    [0, 3, 9, 5, 3],
    [43, 157, 983, 142, 137],
    [0, 1, 11, 0, 1],
    [1, 7, 39, 4, 3],
    [15, 11, 123, 84, 18],
    [12, 22, 109, 24, 15],
    [30, 30, 195, 87, 36],
    [6, 7, 45, 40, 2],
    [2, 11, 44, 14, 7],
    [43, 35, 351, 128, 39],
    [1, 8, 27, 7, 2],
    [22, 14, 138, 62, 22],
    [99, 114, 838, 425, 119],
    [163, 218, 1444, 614, 208],
    [11, 18, 66, 54, 4],
    [4, 6, 40, 26, 9],
    [4, 13, 89, 11, 9],
    [1, 2, 7, 1, 1],
    [10, 6, 77, 20, 13],
    [34, 43, 324, 89, 26],
    [1, 0, 23, 9, 6],
    [5, 9, 32, 12, 9],
    [26, 73, 278, 98, 46],
    [0, 0, 5, 1, 0],
    [31, 99, 424, 92, 73],
    [3, 11, 46, 9, 5],
    [76, 163, 961, 260, 130],
    [4, 7, 39, 11, 6],
    [26, 46, 260, 59, 43],
    [2, 1, 15, 2, 3],
    [24, 38, 155, 77, 25],
    [28, 38, 129, 55, 20],
    [8, 11, 59, 29, 11],
    [11, 38, 134, 73, 11],
    [2, 13, 35, 12, 4],
    [42, 141, 452, 126, 81],
    [19, 34, 113, 59, 18],
    [10, 16, 39, 22, 13],
    [1, 8, 25, 13, 2],
    [7, 11, 65, 8, 6],
    [5, 5, 32, 5, 3],
    [5, 13, 32, 4, 5],
    [1, 1, 13, 3, 5],
    [4, 6, 15, 12, 4],
    [12, 59, 118, 41, 31],
    [14, 38, 91, 25, 11],
    [4, 2, 14, 20, 3],
    [1, 0, 10, 4, 1],
    [4, 2, 8, 3, 3],
    [0, 0, 6, 1, 0],
    [0, 5, 6, 3, 2],
    [7, 5, 40, 27, 4],
    [10, 16, 39, 23, 7],
    [3, 6, 23, 5, 7],
    [3, 3, 23, 9, 1],
    [10, 35, 109, 58, 16],
    [5, 4, 9, 11, 1],
    [15, 35, 89, 28, 14],
    [18, 47, 77, 43, 24],
    [1, 0, 2, 2, 1],
    [0, 1, 11, 8, 2],
    [1, 0, 10, 4, 2],
    [3, 1, 4, 4, 0],
    [0, 0, 5, 1, 0],
    [15, 14, 109, 13, 20],
    [2, 1, 11, 1, 3],
    [0, 2, 6, 0, 5],
    [4, 24, 59, 18, 14],
    [3, 1, 7, 0, 3],
    [6, 15, 42, 15, 6],
    [18, 23, 141, 88, 20],
    [40, 21, 163, 66, 44],
    [39, 21, 130, 60, 22],
    [2, 0, 4, 3, 1],
    [3, 4, 17, 6, 2],
    [20, 18, 37, 70, 7],
    [10, 4, 26, 37, 5],
    [7, 3, 28, 8, 4],
    [2, 9, 22, 18, 4],
    [4, 27, 46, 13, 7],
    [6, 22, 63, 23, 12],
    [3, 1, 19, 7, 5],
    [6, 3, 30, 20, 3],
    [8, 10, 46, 21, 17],
    [8, 11, 98, 47, 9],
    [8, 4, 41, 23, 8],
    [15, 10, 116, 58, 17],
    [45, 37, 144, 183, 13],
    [9, 11, 49, 27, 15],
    [2, 1, 23, 17, 1],
    [6, 5, 58, 26, 6],
    [3, 0, 6, 8, 0],
    [7, 25, 92, 13, 24],
    [4, 16, 26, 6, 9],
    [10, 6, 93, 29, 16],
    [10, 9, 89, 45, 15],
    [42, 35, 273, 128, 46],
    [6, 2, 41, 21, 6],
    [1, 4, 6, 4, 1],
    [1, 3, 13, 5, 2],
    [0, 4, 7, 4, 3],
    [13, 7, 69, 20, 15],
    [2, 2, 16, 3, 3],
    [0, 1, 4, 0, 1],
    [11, 17, 78, 28, 10],
    [11, 7, 67, 20, 13],
    [4, 5, 13, 11, 6],
    [1, 3, 7, 1, 2],
    [1, 5, 29, 6, 2],
    [9, 7, 42, 3, 4],
    [0, 1, 2, 1, 4],
    [0, 0, 2, 4, 0],
    [31, 22, 86, 98, 17],
    [45, 39, 204, 137, 44],
    [10, 44, 70, 32, 21],
    [20, 23, 100, 60, 30],
    [44, 88, 265, 173, 44],
    [2, 11, 34, 9, 9],
    [0, 4, 7, 4, 1],
    [12, 12, 52, 19, 11],
    [6, 12, 48, 14, 13],
    [1, 4, 18, 4, 2],
    [7, 25, 105, 27, 26],
    [6, 17, 68, 17, 9],
    [2, 3, 20, 3, 5],
    [1, 0, 15, 4, 2],
    [29, 252, 519, 116, 70],
    [223, 445, 2267, 635, 397],
    [169, 242, 1238, 476, 264],
    [5, 2, 7, 8, 0]
  ],
  "method": "mvn_pdf",
  "cond_prob": [
    [
      [0.0076822891872, 0.78015458368, 0.061442740879, 0.15072038626],
      [0.10591036641, 0.17512277027, 0.71896686332, 0],
      [0.0056826119816, 0.033649952181, 0.89222313893, 0.068444296908],
      [6.1246988982e-05, 0.92746187532, 0.058494946648, 0.013981931044],
      [0.034054095252, 0.15279626855, 0.51518920567, 0.29796043053]
    ],
    [
      [0.014761224272, 0.48874279964, 0.081829137616, 0.41466683847],
      [0.15657899077, 0.06421342439, 0.77920758484, 0],
      [0.013718569656, 0.019696763602, 0.79846990903, 0.16811475772],
      [0.00022598201246, 0.83956184358, 0.08787431787, 0.07233785654],
      [0.03533618979, 0.051681296492, 0.34221055234, 0.57077196138]
    ],
    [
      ["NaN", "NaN", "NaN", "NaN"],
      [0.20903839132, 0.011720073092, 0.77709343774, 0.0021480978414],
      [0.042722253987, 0.0016287496065, 0.92804991483, 0.027599081581],
      [0.0016426679845, 0.87557745812, 0.10530855067, 0.017471323225],
      [0.1111570895, 0.020854879086, 0.6846097861, 0.18337824531]
    ],
    [
      [0.010394968262, 0.71307967919, 0.12056448358, 0.15596086897],
      [0.1159440879, 0.037513876855, 0.84498077585, 0.0015612593926],
      [0.011193732988, 0.015384887056, 0.89099636101, 0.082425018942],
      [0.00018776483166, 0.91178592246, 0.06314329258, 0.024883020128],
      [0.049933659573, 0.079147268594, 0.48468811503, 0.3862309568]
    ],
    [
      [0.025427056236, 0.56394968767, 0.27110017775, 0.13952307834],
      [0.21195236382, 0.029045598681, 0.75892788573, 7.4151768182e-05],
      [0.037149007708, 0.011439650742, 0.88696125365, 0.064450087903],
      [0.0013413763579, 0.887780474, 0.081807630703, 0.029070518939],
      [0.12201048538, 0.066252957254, 0.46326877766, 0.34846777971]
    ],
    [
      [0.0082998553443, 0.65377757427, 0.16972482625, 0.16819774413],
      [0.13430365643, 0.048492442301, 0.81711345033, 9.0450937302e-05],
      [0.013850947153, 0.023121508755, 0.83908043115, 0.12394711295],
      [0.00015442540766, 0.92002352679, 0.047044675406, 0.032777372396],
      [0.043464303336, 0.099194722116, 0.40815696146, 0.44918401309]
    ],
    [
      [0.022388599774, 0.60619162436, 0.23926654414, 0.13215323173],
      [0.20983535797, 0.036389208752, 0.75377543328, 0],
      [0.035258510321, 0.014906931262, 0.88203667136, 0.067797887055],
      [0.00082729587125, 0.90132044847, 0.071187157071, 0.026665098588],
      [0.098593595183, 0.081310835056, 0.51553432143, 0.30456124833]
    ],
    [
      [0.0073538122421, 0.74590640731, 0.13852673737, 0.10821304308],
      [0.13704805377, 0.075788304487, 0.78704566501, 0.00011797672932],
      [0.015443530981, 0.032490470956, 0.85701684737, 0.095049150692],
      [0.00014867374865, 0.94328419032, 0.037655138284, 0.018911997645],
      [0.052775310682, 0.14360010416, 0.4369276044, 0.36669698076]
    ],
    [
      [0.041824804427, 0.60195430148, 0.212836746, 0.14338414809],
      [0.373022867, 0.033430994374, 0.59317374205, 0.00037239657967],
      [0.065633562168, 0.016905470473, 0.83211228869, 0.085348678673],
      [0.0012528274813, 0.90313910917, 0.06573294163, 0.029875121716],
      [0.17587441291, 0.076980265976, 0.42434570644, 0.32279961467]
    ],
    [
      [0.013108647977, 0.78486989734, 0.13478809827, 0.067233356414],
      [0.22642159831, 0.077623077439, 0.69595532425, 0],
      [0.039819290943, 0.039829175545, 0.85788698388, 0.062464549635],
      [0.00086157915777, 0.9497997777, 0.039618397268, 0.0097202458741],
      [0.096048658524, 0.17914907487, 0.45617662826, 0.26862563834]
    ],
    [
      ["NaN", "NaN", "NaN", "NaN"],
      [0.3758511178, 0.036450893832, 0.58349515231, 0.0042028360672],
      [0.060582300608, 0.017330605659, 0.62377272075, 0.29831437298],
      [0.0064233193391, 0.92390684587, 0.034206470606, 0.035463364184],
      [0.046826147209, 0.037254801576, 0.16278446309, 0.75313458813]
    ],
    [
      [0.021771547077, 0.72146174767, 0.12620395603, 0.13056274923],
      [0.25649625147, 0.051341333327, 0.69211464253, 4.77726787e-05],
      [0.046234596451, 0.021663880502, 0.84538902419, 0.086712498853],
      [0.001010364375, 0.92749821227, 0.04898452134, 0.022506902014],
      [0.11333763557, 0.10770145722, 0.44218725193, 0.33677365529]
    ],
    [
      [0.02779274767, 0.59430262541, 0.22136504354, 0.15653958338],
      [0.25896536966, 0.035938646247, 0.7050959841, 0],
      [0.045925279275, 0.014856748414, 0.85316971642, 0.086048255892],
      [0.0011389995175, 0.90035986652, 0.066054880136, 0.032446253822],
      [0.11795721395, 0.076780327363, 0.45939708089, 0.3458653778]
    ],
    [
      [0.033076666362, 0.71066206874, 0.19330986225, 0.062951402656],
      [0.32147353378, 0.040335736412, 0.63819072981, 0],
      [0.064620702483, 0.022421310669, 0.88492032407, 0.028037662776],
      [0.00077226442849, 0.93505558406, 0.056408183727, 0.0077639677828],
      [0.18113518928, 0.11055554289, 0.52829491827, 0.18001434956]
    ],
    [
      [0.015315505743, 0.67233114753, 0.21338396595, 0.098969380785],
      [0.1810724771, 0.047607742742, 0.77131978015, 0],
      [0.027190683142, 0.022957636867, 0.89122296576, 0.058628714229],
      [0.00038239590292, 0.917931495, 0.064253649719, 0.017432459382],
      [0.080437911458, 0.11008123127, 0.53174916176, 0.27773169552]
    ],
    [
      [0.021537977596, 0.80938064399, 0.16908137841, 0],
      [0.35601829594, 0.065066873516, 0.57891483055, 0],
      [0.063323985811, 0.039338940318, 0.89733707387, 0],
      [0, 0.99015189828, 0.0098481017169, 0],
      [0.29725593303, 0.20571084949, 0.49703321748, 0]
    ],
    [
      [0.023413602619, 0.76392196097, 0.13195040438, 0.080714032034],
      [0.33812944137, 0.050635653576, 0.61123490505, 0],
      [0.063825329677, 0.030962669481, 0.83368161898, 0.071530381865],
      [0.00094242583917, 0.95401370204, 0.032828748909, 0.012215123213],
      [0.15801813573, 0.13910355931, 0.41863040202, 0.28424790294]
    ],
    [
      [0.0076862858202, 0.74301741798, 0.1375428992, 0.111753397],
      [0.1414044444, 0.066895661966, 0.79043237183, 0.0012675217963],
      [0.019458162769, 0.023628650507, 0.85890183919, 0.098011347536],
      [0.00014045820398, 0.94887993088, 0.030034648117, 0.020944962799],
      [0.051007961372, 0.13747268711, 0.44226013812, 0.3692592134]
    ],
    [
      [0.11739068017, 0.50571736055, 0.21303271981, 0.16385923947],
      [0.6688931005, 0.0050494870027, 0.32486122971, 0.0011961827821],
      [0.093707059716, 0.027093940247, 0.80066790944, 0.078531090596],
      [0.0029676041923, 0.84921825704, 0.10817180173, 0.039642337044],
      [0.35682145924, 0.04582478019, 0.36313536638, 0.23421839419]
    ],
    [
      [0.072600823511, 0.3836403467, 0.24753666003, 0.29622216976],
      [0.22403355127, 0.0026104349438, 0.77098570268, 0.0023703111057],
      [0.038959550665, 0.0015489890192, 0.90712425826, 0.052367202054],
      [0.0056640166679, 0.56695260307, 0.37623215503, 0.05115122523],
      [0.10558146607, 0.017368554965, 0.64120822948, 0.23584174949]
    ],
    [
      [0.037388968447, 0.54821304802, 0.26181719046, 0.15258079307],
      [0.31402002398, 0.027774207882, 0.65820576813, 0],
      [0.053214892713, 0.011790664748, 0.8579819926, 0.077012449936],
      [0.0020544964872, 0.8732330593, 0.090778278044, 0.033934166166],
      [0.14069583023, 0.062824494796, 0.47760484724, 0.31887482773]
    ],
    [
      ["NaN", "NaN", "NaN", "NaN"],
      [0.25567339205, 0.041315637339, 0.70301097061, 0],
      [0.04749516255, 0.010302901445, 0.94220193601, 0],
      [0.00085847679845, 0.92851073192, 0.070630791282, 0],
      [0.2670769923, 0.046924438461, 0.68599856924, 0]
    ],
    [
      [0.030719353475, 0.47522530351, 0.25378867288, 0.24026667013],
      [0.23994214117, 0.023157399762, 0.73689246627, 7.992803616e-06],
      [0.039838606816, 0.0077212361122, 0.84954203144, 0.10289812563],
      [0.0015290454799, 0.83817333507, 0.10204501634, 0.058252603118],
      [0.099486691088, 0.046124171596, 0.45112963968, 0.40325949764]
    ],
    [
      ["NaN", "NaN", "NaN", "NaN"],
      [0, 0, 0.95357220512, 0.046427794876],
      [0, 0, 0.7115466618, 0.2884533382],
      ["NaN", "NaN", "NaN", "NaN"],
      [0, 0, 0.21941451511, 0.78058548489]
    ],
    [
      [0.030828211454, 0.58583441994, 0.29573835407, 0.08759901454],
      [0.24385808307, 0.021687664361, 0.73443241229, 2.1840275341e-05],
      [0.047644195907, 0.009769642439, 0.91026545556, 0.03232070609],
      [0.0014398364693, 0.9267354765, 0.056881568258, 0.014943118771],
      [0.13276074027, 0.058131322804, 0.61178523994, 0.19732269698]
    ],
    [
      [0.0083294147735, 0.67765570627, 0.16853967925, 0.14547519971],
      [0.13300097173, 0.025476276788, 0.84138489777, 0.00013785370558],
      [0.013056523818, 0.02520043533, 0.85494945632, 0.10679358453],
      [0.00014046932932, 0.92252230951, 0.049064548891, 0.028272672273],
      [0.044127568672, 0.10907765651, 0.44091476117, 0.40588001365]
    ],
    [
      [0.01916893521, 0.66866323335, 0.18865911781, 0.12350871363],
      [0.22502758557, 0.047369458604, 0.727546463, 5.6492830999e-05],
      [0.039577794209, 0.019307861722, 0.85871211265, 0.082402231422],
      [0.00091931099255, 0.93049128556, 0.045706071796, 0.022883331655],
      [0.098888190826, 0.099837688631, 0.46890015992, 0.33237396063]
    ],
    [
      [0.0099188319474, 0.7647971024, 0.13969814334, 0.085585922312],
      [0.16962948095, 0.075555687659, 0.75481483139, 0],
      [0.025910703365, 0.032490665103, 0.86513429173, 0.076464339798],
      [0.00018918396682, 0.95140598581, 0.034643581291, 0.013761248937],
      [0.070680679214, 0.15781710662, 0.45692867493, 0.31457353923]
    ],
    [
      [0.0048387966621, 0.89028220086, 0.084538483671, 0.020340518805],
      [0.1263977049, 0.13022733477, 0.74337214028, 2.820055113e-06],
      [0.021090050535, 0.06995124395, 0.89655549044, 0.012403215077],
      [8.1239381352e-05, 0.97639855318, 0.022833862031, 0.00068634540438],
      [0.066940718215, 0.27148367318, 0.51540628254, 0.14616932607]
    ],
    [
      [0.030364107547, 0.57631792982, 0.13629600384, 0.2570219588],
      [0.32357290917, 0.032592187774, 0.64323310511, 0.00060179794622],
      [0.058014307955, 0.013186006783, 0.78290026324, 0.14589942202],
      [0.0018939060319, 0.89360008239, 0.056082776742, 0.048423234832],
      [0.11440364993, 0.056894946129, 0.34558191133, 0.48311949261]
    ],
    [
      [0.01094569524, 0.61920588867, 0.20573991247, 0.16410850362],
      [0.14212295599, 0.039684286671, 0.81809484571, 9.791162935e-05],
      [0.015738667032, 0.018899710268, 0.86314277444, 0.10221884826],
      [0.00020728192451, 0.90587828042, 0.060371182287, 0.033543255369],
      [0.051390446933, 0.087153296303, 0.45715997444, 0.40429628232]
    ],
    [
      [0.041692440136, 0.65234192281, 0.1522278716, 0.15373776546],
      [0.42842685713, 0.030101396886, 0.53906490421, 0.002406841773],
      [0.078550125976, 0.015864079945, 0.79861313352, 0.10697266056],
      [0.00072961176769, 0.93464114767, 0.0382534905, 0.02637575006],
      [0.20246600954, 0.068014354942, 0.35246192805, 0.37705770747]
    ],
    [
      [0.018396603875, 0.5764161969, 0.222170517, 0.18301668223],
      [0.20515327156, 0.021100202826, 0.77365539407, 9.1131545318e-05],
      [0.029226893679, 0.015418884828, 0.85497537721, 0.10037884428],
      [0.00067969539991, 0.89211375082, 0.068196871655, 0.039009682128],
      [0.074894385016, 0.072026462357, 0.45755750051, 0.39552165212]
    ],
    [
      [0.017573167357, 0.72767418184, 0.14900652768, 0.10574612312],
      [0.25217530514, 0.05492057864, 0.69290411622, 0],
      [0.042726629808, 0.028564838425, 0.84334157196, 0.085366959811],
      [0.00074770333766, 0.94109369314, 0.039746591147, 0.018412012375],
      [0.10411413402, 0.13274920881, 0.43398946196, 0.32914719521]
    ],
    [
      [0.014935926243, 0.66221478477, 0.18450414786, 0.13834514113],
      [0.18719306796, 0.049159866484, 0.76363628919, 1.0776362277e-05],
      [0.02828637529, 0.021088066554, 0.8578176993, 0.092807858857],
      [0.00030942162958, 0.92109073024, 0.051989249669, 0.026610598465],
      [0.07558579042, 0.10260222462, 0.4559757489, 0.36583623607]
    ],
    [
      [0.018601948356, 0.72810717564, 0.16848219244, 0.084808683565],
      [0.23761179726, 0.059322436421, 0.70300935852, 5.6407795282e-05],
      [0.043888345858, 0.025036789243, 0.86900701823, 0.062067846667],
      [0.0018579696681, 0.94292436538, 0.041757725982, 0.01345993897],
      [0.13035125716, 0.08816834795, 0.47078675586, 0.31069363903]
    ],
    [
      [0, 0.69490415969, 0.19347903922, 0.11161680109],
      [0, 0.092866520973, 0.90678562697, 0.00034785205658],
      [0, 0.01416505847, 0.91206737093, 0.073767570596],
      [0, 0.92334853698, 0.055606599266, 0.021044863754],
      [0, 0.12105777057, 0.53965596256, 0.33928626687]
    ],
    [
      [0.015105296199, 0.4333288961, 0.35809581745, 0.19346999025],
      [0.11197952517, 0.019279290135, 0.86857018676, 0.00017099793885],
      [0.011650189542, 0.0052853861653, 0.90859474318, 0.074469681115],
      [0.00033367383506, 0.83432356947, 0.11845202283, 0.046890733866],
      [0.049256411841, 0.040899445661, 0.56758887872, 0.34225526378]
    ],
    [
      [0.0027507405121, 0.95678287445, 0.026035081558, 0.014431303477],
      [0.24908821704, 0.15125569637, 0.59520528448, 0.0044508021114],
      [0.061839889593, 0.062519125551, 0.77414679998, 0.10149418488],
      [0, 0.99699676539, 0, 0.0030032346056],
      [0.066193598262, 0.30607508856, 0.36452674964, 0.26320456354]
    ],
    [
      [0.018835507854, 0.63375427231, 0.2407766911, 0.10663352874],
      [0.21205207348, 0.027360232933, 0.76058769359, 0],
      [0.030691505127, 0.015770660163, 0.90097580949, 0.052562025224],
      [0.0010662700441, 0.90890194492, 0.070290011601, 0.01974177344],
      [0.08882778346, 0.08507047296, 0.55752072038, 0.2685810232]
    ],
    [
      [0.029498077749, 0.5506577185, 0.25726617113, 0.16257803262],
      [0.25465356221, 0.027274252758, 0.71807218503, 0],
      [0.042752207951, 0.012496436803, 0.86643349488, 0.078317860366],
      [0.0014086742807, 0.88076635066, 0.082269073349, 0.035555901705],
      [0.11807210748, 0.064145921896, 0.47420947522, 0.3435724954]
    ],
    [
      [0, 0.50181993983, 0.33702059757, 0.1611594626],
      ["NaN", "NaN", "NaN", "NaN"],
      [0, 0.0090721498938, 0.90310646596, 0.087821384142],
      [0, 0.88070089678, 0.082980683298, 0.036318419919],
      [0, 0.060535423594, 0.5241174226, 0.41534715381]
    ],
    [
      [0.082262532219, 0.48026496684, 0.2031039783, 0.23436852264],
      [0.56631844007, 0.01899461365, 0.41158031786, 0.0031066284277],
      [0.096717484331, 0.016481652703, 0.74631278424, 0.14048807872],
      [0.0012931060711, 0.87657221578, 0.06555074555, 0.056583932596],
      [0.26459384521, 0.04238268523, 0.29018213394, 0.40284133562]
    ],
    [
      [0.031053554949, 0.65799406306, 0.17087201892, 0.14008036307],
      [0.33198610442, 0.044551749847, 0.62325208472, 0.00021006100678],
      [0.061119766371, 0.020420186396, 0.82262009139, 0.095839955844],
      [0.00066238111312, 0.9244461509, 0.047991051846, 0.026900416143],
      [0.15003072931, 0.094942217733, 0.40583514861, 0.34919190435]
    ],
    [
      ["NaN", "NaN", "NaN", "NaN"],
      ["NaN", "NaN", "NaN", "NaN"],
      [0.19998163203, 0.0014679052144, 0.79855046276, 0],
      [9.183986012e-05, 0.99266047393, 0.0072476862117, 0],
      ["NaN", "NaN", "NaN", "NaN"]
    ],
    [
      [0.027762859911, 0.51611674251, 0.25944635521, 0.19667404237],
      [0.23080099408, 0.027453571571, 0.74164773275, 9.7701596978e-05],
      [0.039473606413, 0.010156143834, 0.85763183529, 0.092738414467],
      [0.0013256733831, 0.86764941183, 0.086033491868, 0.044991422915],
      [0.10179838162, 0.056883924966, 0.46552134292, 0.37579635049]
    ],
    [
      [0.032699467972, 0.46069134784, 0.29056517678, 0.2160440074],
      [0.27385896334, 0.021198870834, 0.70398854766, 0.00095361816728],
      [0.04988598586, 0.0070560832589, 0.83726674866, 0.10579118223],
      [0.002006471256, 0.87121973241, 0.077455740295, 0.04931805604],
      [0.11532788171, 0.043836191143, 0.43461166891, 0.40622425824]
    ],
    [
      [0.02117543388, 0.62057461531, 0.19478119238, 0.16346875843],
      [0.23123831746, 0.042738388155, 0.72599498001, 2.8314376832e-05],
      [0.038612718077, 0.017365770473, 0.84390340823, 0.10011810322],
      [0.00082890368002, 0.90825110862, 0.058014811524, 0.03290517618],
      [0.095203725009, 0.084893679255, 0.43680324099, 0.38309935474]
    ],
    [
      [0.010626094232, 0.751437169, 0.16105986821, 0.076876868552],
      [0.17979104747, 0.067088044241, 0.75303307968, 8.7828605674e-05],
      [0.03151437382, 0.026698458217, 0.87067616445, 0.071111003511],
      [0.00081520131954, 0.96627213859, 0.020306461282, 0.012606198811],
      [0.076821749547, 0.1424002699, 0.48413124694, 0.29664673362]
    ],
    [
      [0.018447802495, 0.66420027542, 0.17878938456, 0.13856253752],
      [0.22671855718, 0.050801521704, 0.72241127254, 6.8648568898e-05],
      [0.038444343322, 0.020582558375, 0.84490965586, 0.096063442438],
      [0.00073820361665, 0.92705795642, 0.045922248724, 0.026281591237],
      [0.09423767971, 0.10107065661, 0.43568916895, 0.36900249473]
    ],
    [
      [0, 0.47795877778, 0.28276278155, 0.23927844067],
      [0, 0.029065795348, 0.97038245299, 0.00055175165925],
      [0, 0.0053169772694, 0.86667660846, 0.12800641427],
      [0, 0.89488719932, 0.059811399334, 0.045301401343],
      [0, 0.048495863799, 0.44810668613, 0.50339745007]
    ],
    [
      [0.015110267345, 0.73079318272, 0.1638347851, 0.090261764834],
      [0.20339239103, 0.062344425727, 0.7342273258, 3.5857443578e-05],
      [0.035693215266, 0.025696956998, 0.87121184932, 0.067397978413],
      [0.00065750316136, 0.94487966884, 0.039821247468, 0.014641580528],
      [0.093014664599, 0.13412450406, 0.48253016308, 0.29033066826]
    ],
    [
      [0.016344743863, 0.79648749403, 0.11740349175, 0.069764270357],
      [0.24208140924, 0.074093154333, 0.68378831506, 3.7121367557e-05],
      [0.046461302548, 0.033136620581, 0.86269087017, 0.057711206699],
      [0.0012013482282, 0.9510622835, 0.038408964597, 0.0093274036705],
      [0.11418357198, 0.16498803274, 0.46645654769, 0.2543718476]
    ],
    [
      [0.012184061666, 0.72605937583, 0.15285650225, 0.10890006026],
      [0.19297380201, 0.066495417046, 0.74026775957, 0.00026302136908],
      [0.032404484332, 0.025429448765, 0.84733148561, 0.094834581289],
      [0.00078193079325, 0.9492007018, 0.030559151087, 0.019458216316],
      [0.076843192357, 0.13026523422, 0.43231178127, 0.36057979215]
    ],
    [
      [0.0095127248038, 0.76928700018, 0.15132546893, 0.069874806091],
      [0.12884671669, 0.064695682577, 0.80644194455, 1.5656179506e-05],
      [0.017002424348, 0.02753359669, 0.91057780726, 0.044886171701],
      [0.00017575002047, 0.94256332229, 0.049473486496, 0.0077874411899],
      [0.064366379896, 0.14388932511, 0.55105775105, 0.24068654394]
    ],
    [
      [0.028872912142, 0.67204672153, 0.16928704121, 0.12979332511],
      [0.32609833393, 0.037912055157, 0.63478974968, 0.0011998612358],
      [0.060189337762, 0.017247669223, 0.83381992203, 0.088743070989],
      [0.0011978288899, 0.93449385942, 0.041111216319, 0.023197095375],
      [0.14549376657, 0.086363776021, 0.43303182626, 0.33511063115]
    ],
    [
      [0.02728606711, 0.63863683009, 0.19025718233, 0.14381992046],
      [0.28470944781, 0.042572086184, 0.67270543421, 1.3031799804e-05],
      [0.051409567352, 0.018382830855, 0.8393156748, 0.090891926996],
      [0.00094040059539, 0.91724738883, 0.053647866864, 0.028164343711],
      [0.12783133485, 0.090029363518, 0.43243723316, 0.34970206848]
    ],
    [
      [0.019611197071, 0.81470504878, 0.10155943301, 0.064124321135],
      [0.34775501967, 0.087629977865, 0.5645808549, 3.4147561548e-05],
      [0.069945090611, 0.043435421184, 0.81172076733, 0.07489872088],
      [0.00032216949349, 0.96883612511, 0.022776865874, 0.0080648395213],
      [0.16005074153, 0.19286949169, 0.37812999511, 0.26894977167]
    ],
    [
      [0.042970877779, 0.50191714798, 0.17031896863, 0.28479300562],
      [0.41699877013, 0.029305226934, 0.55307259448, 0.00062340845125],
      [0.074992771177, 0.014089884735, 0.74939357722, 0.16152376686],
      [0.0010669754559, 0.87754536893, 0.061839568381, 0.059548087234],
      [0.15000918186, 0.050495482171, 0.29698682968, 0.50250850629]
    ],
    [
      [0.019986872272, 0.63596010451, 0.10194885611, 0.24210416711],
      [0.22607043, 0.034311958704, 0.73785927551, 0.001758335793],
      [0.038741743419, 0.011030291021, 0.8212366118, 0.12899135376],
      [0.0028238493379, 0.90034394678, 0.055821884383, 0.041010319496],
      [0.083098030446, 0.05465782108, 0.36928857389, 0.49295557458]
    ],
    [
      [0.044450130214, 0.60097213025, 0.21274554664, 0.1418321929],
      [0.3742712116, 0.027384633275, 0.59811250929, 0.0002316458313],
      [0.068458309521, 0.013078497131, 0.84190894854, 0.076554244808],
      [0.0012625258255, 0.90527976885, 0.065818005167, 0.027639700159],
      [0.18532923923, 0.066603942989, 0.44681964581, 0.30124717196]
    ],
    [
      [0.023930272939, 0.45082182142, 0.18184463318, 0.34340327246],
      [0.24927564367, 0.024728894265, 0.72501541898, 0.0009800430824],
      [0.043503093265, 0.010936991486, 0.78391415432, 0.16164576093],
      [0.0020995126091, 0.83263728497, 0.089136091477, 0.076127110941],
      [0.07712462313, 0.036358756387, 0.31158878117, 0.57492783931]
    ],
    [
      [0.041050403516, 0.5810223193, 0.28673601937, 0.091191257813],
      [0.25809253571, 0.01766405432, 0.72424067947, 2.7304920814e-06],
      [0.052784338004, 0.007268472586, 0.91942763076, 0.020519558647],
      [0.0028915465052, 0.84531892755, 0.13536187432, 0.016427651625],
      [0.14777600319, 0.050277772882, 0.63761187766, 0.16433434626]
    ],
    [
      [0, 0.76635480086, 0.15618200083, 0.077463198314],
      [0, 0.12544620198, 0.87393472053, 0.00061907748849],
      [0, 0.030792706452, 0.85880667845, 0.1104006151],
      [0, 0.97426244711, 0.013250600649, 0.012486952239],
      [0, 0.15702129439, 0.35312893138, 0.48984977423]
    ],
    [
      [0.0399978557, 0.69347342833, 0.16461451394, 0.10191420203],
      [0.45177378413, 0.038483692741, 0.50791686308, 0.0018256600484],
      [0.082244519667, 0.0178007649, 0.82038982321, 0.079564892222],
      [0.0003086942365, 0.94416895218, 0.034747059702, 0.020775293878],
      [0.22299843664, 0.09954130763, 0.3928071753, 0.28465308043]
    ],
    [
      [0.011040330001, 0.70886650094, 0.18409824605, 0.095994923006],
      [0.15757186827, 0.059206517386, 0.78322161435, 0],
      [0.02090528874, 0.025458717108, 0.88269474599, 0.07094124816],
      [0.00027421140774, 0.92914683852, 0.054328959677, 0.016249990399],
      [0.067506744299, 0.12584736984, 0.49017027184, 0.31647561402]
    ],
    [
      [0.014479003709, 0.71085570971, 0.15959528164, 0.11507000494],
      [0.20621364889, 0.057781588907, 0.73569206957, 0.00031269263661],
      [0.033253154985, 0.024235446574, 0.8543097769, 0.088201621544],
      [0.00058717656132, 0.93384616101, 0.044915111168, 0.020651551265],
      [0.083678070244, 0.11824909293, 0.44948181241, 0.34859102441]
    ],
    [
      [0.016007935521, 0.52480151877, 0.27093999933, 0.18825054638],
      [0.16464130803, 0.0098922265117, 0.82496695087, 0.0004995145929],
      [0.024772365476, 0.0040860689761, 0.88283291484, 0.088308650709],
      [0.0039581319717, 0.88083107563, 0.071421111218, 0.043789681184],
      [0.060236628587, 0.069060997899, 0.49274102295, 0.37796135056]
    ],
    [
      [0, 0.36303259, 0.33967422794, 0.29729318207],
      ["NaN", "NaN", "NaN", "NaN"],
      [0, 0.0032310620085, 0.81196903621, 0.18479990179],
      [0, 0.89237756201, 0.048890212184, 0.058732225802],
      [0, 0.035146541861, 0.34507456127, 0.61977889687]
    ],
    [
      [0.075056502472, 0.24495909822, 0.12972145663, 0.55026294268],
      [0.35053578467, 0.012152988804, 0.61687125697, 0.020439969558],
      [0.075929641302, 0.0090769248896, 0.79850524056, 0.11648819324],
      [0.012096164526, 0.62024477181, 0.2182661791, 0.14939288457],
      [0.11832559893, 0.020835971656, 0.40151039924, 0.45932803017]
    ],
    [
      ["NaN", "NaN", "NaN", "NaN"],
      ["NaN", "NaN", "NaN", "NaN"],
      [0, 0.0019516525731, 0.83297482227, 0.16507352516],
      [0, 0.98829008456, 0.0021510664, 0.0095588490384],
      ["NaN", "NaN", "NaN", "NaN"]
    ],
    [
      ["NaN", "NaN", "NaN", "NaN"],
      [0.26726221734, 0.075631205926, 0.65710657673, 0],
      [0.048424816047, 0.041752657028, 0.90982252692, 0],
      [0, 0.99690460762, 0.0030953923785, 0],
      [0.1865700085, 0.19030710267, 0.62312288884, 0]
    ],
    [
      [0.0044676720881, 0.82617226508, 0.070317870652, 0.099042192177],
      [0.1607559202, 0.15681705441, 0.68242702539, 0],
      [0.024672061118, 0.058403686912, 0.74300865869, 0.17391559328],
      [0.00032058938414, 0.97339365492, 0.012300514178, 0.013985241517],
      [0.04235208407, 0.20373317826, 0.26079488698, 0.49311985069]
    ],
    [
      [0.0079112952433, 0.74623639448, 0.16641671481, 0.079435595467],
      [0.12297796574, 0.057287032956, 0.8197350013, 0],
      [0.014575544956, 0.024435282721, 0.90564643363, 0.055342738692],
      [0.00015274017803, 0.94410693656, 0.046115408575, 0.0096249146859],
      [0.054468616908, 0.1362297087, 0.54845821745, 0.26084345694]
    ],
    [
      [0.048330981111, 0.31297119004, 0.4206284338, 0.21806939504],
      [0.2709285568, 0.0054376320064, 0.72182212157, 0.0018116896271],
      [0.048384478229, 0.0023559373689, 0.877021727, 0.072237857401],
      [0.009557422902, 0.78052471041, 0.1498887387, 0.060029127984],
      [0.15268651459, 0.010235789471, 0.49803407923, 0.33904361671]
    ],
    [
      [0.013849328541, 0.61904922002, 0.15760594808, 0.20949550336],
      [0.26314218983, 0.058352197913, 0.67725723377, 0.0012483784877],
      [0.04580886966, 0.020769380382, 0.74412824551, 0.18929350445],
      [0.0030448397302, 0.9385396233, 0.023734911463, 0.034680625507],
      [0.088017885122, 0.043243387721, 0.16684660455, 0.70189212261]
    ],
    [
      [0.040094234362, 0.56293745206, 0.18159559194, 0.21537272164],
      [0.36797203491, 0.031813859992, 0.59999406826, 0.00022003684313],
      [0.06600138738, 0.015004896165, 0.79582887611, 0.12316484035],
      [0.0010094873275, 0.89014994079, 0.063347943021, 0.045492628862],
      [0.15420843408, 0.062056883242, 0.36029521879, 0.42343946389]
    ],
    [
      [0.041384506363, 0.59243358759, 0.2759365206, 0.090245385441],
      [0.26693896217, 0.032438176391, 0.70052181165, 0.00010104979282],
      [0.051897130418, 0.010485200785, 0.91066343142, 0.026954237381],
      [0.0097632281864, 0.88570936228, 0.091143199376, 0.013384210159],
      [0.15085193572, 0.070909564339, 0.6196840745, 0.15855442545]
    ],
    [
      [0.0092840999707, 0.8212164637, 0.10921911741, 0.060280318925],
      [0.19270574406, 0.097181972504, 0.71011228344, 0],
      [0.033568185319, 0.039821309811, 0.8590174899, 0.067593014966],
      [0.0005017413598, 0.96021218364, 0.030523612276, 0.0087624627246],
      [0.079601443348, 0.2035961637, 0.44289754096, 0.27390485199]
    ],
    [
      [0.0069893288757, 0.81707688079, 0.12743511893, 0.048498671401],
      [0.15615728271, 0.094970597001, 0.74887212028, 0],
      [0.024585191928, 0.047425908447, 0.87681122428, 0.051177675347],
      [0.00024231206437, 0.95325254371, 0.042406265386, 0.0040988788406],
      [0.067971691477, 0.2161393232, 0.46546852187, 0.25042046346]
    ],
    [
      [0.024258937309, 0.86890477473, 0.019395605005, 0.087440682955],
      ["NaN", "NaN", "NaN", "NaN"],
      [0.23346644389, 0.075183592994, 0.46620059177, 0.22514937134],
      [0, 0.93959694775, 0, 0.060403052255],
      [0.5088081749, 0.10153414379, 0.048203211457, 0.34145446985]
    ],
    [
      ["NaN", "NaN", "NaN", "NaN"],
      [0.25983462748, 0.090967968802, 0.62702077246, 0.022176631256],
      [0.04714592423, 0.012077808426, 0.84271624249, 0.098060024856],
      [0.0067456868888, 0.94473366095, 0.027544376971, 0.020976275188],
      [0.083797355438, 0.10915342545, 0.4413727722, 0.36567644691]
    ],
    [
      [0, 0.91576547815, 0.078044892827, 0.0061896290215],
      ["NaN", "NaN", "NaN", "NaN"],
      [0, 0.10638541881, 0.83192534512, 0.06168923607],
      [0, 0.98915932212, 0.00821994363, 0.0026207342532],
      [0, 0.53187152263, 0.28491094074, 0.18321753663]
    ],
    [
      [0, 0.46782478039, 0.13441065055, 0.39776456906],
      [0, 0.093734553366, 0.89338022438, 0.012885222253],
      [0, 0.028863634763, 0.83761734494, 0.1335190203],
      [0, 0.8468341416, 0.088229611056, 0.064936247341],
      ["NaN", "NaN", "NaN", "NaN"]
    ],
    [
      ["NaN", "NaN", "NaN", "NaN"],
      ["NaN", "NaN", "NaN", "NaN"],
      [0, 0.0022431362676, 0.79989893908, 0.19785792465],
      [0, 0.98878431866, 0.00050530459187, 0.010710376746],
      ["NaN", "NaN", "NaN", "NaN"]
    ],
    [
      [0.021497103181, 0.42651144239, 0.20304069156, 0.34895076287],
      [0.21008436972, 0.024680483807, 0.76523514648, 0],
      [0.031592307138, 0.0093707079994, 0.80513797906, 0.1538990058],
      [0.0012333543581, 0.80784940144, 0.10197881787, 0.088938426328],
      [0.063838359579, 0.036667610006, 0.35776666131, 0.5417273691]
    ],
    [
      [0.018470717321, 0.44049786311, 0.16490590784, 0.37612551173],
      [0.25694650256, 0.02500208033, 0.71805141711, 0],
      [0.048322963042, 0.012748833434, 0.73930942708, 0.19961877644],
      [0.0021173792672, 0.86499726231, 0.060406195772, 0.072479162655],
      [0.05748069669, 0.029589254456, 0.25310895785, 0.65982109101]
    ],
    [
      ["NaN", "NaN", "NaN", "NaN"],
      [0, 0.29400399302, 0.69088883007, 0.015107176909],
      [0, 0.031038251697, 0.78039753975, 0.18856420855],
      ["NaN", "NaN", "NaN", "NaN"],
      [0, 0.24515250075, 0.18716742027, 0.56768007898]
    ],
    [
      [0.018550866697, 0.71305586002, 0.12230102399, 0.14609224929],
      [0.27571789506, 0.056927456089, 0.6668611002, 0.00049354865279],
      [0.048188423292, 0.02454752595, 0.80727510754, 0.11998894321],
      [0.0012426008579, 0.93574542782, 0.037147432393, 0.025864538929],
      [0.10307737586, 0.10641399157, 0.37201745509, 0.41849117748]
    ],
    [
      [0, 0.28869273984, 0.09629339111, 0.61501386905],
      [0, 0.038409447115, 0.91059836766, 0.050992185221],
      [0, 0.0070345173751, 0.82035346595, 0.17261201668],
      ["NaN", "NaN", "NaN", "NaN"],
      [0, 0.015423570584, 0.35268239912, 0.63189403029]
    ],
    [
      [0.049402762093, 0.55693507758, 0.25278026943, 0.14088189089],
      [0.37478465006, 0.023339686999, 0.60128129153, 0.00059437141114],
      [0.069405201563, 0.01004564505, 0.84917883595, 0.071370317442],
      [0.00092650550325, 0.90166156367, 0.067836549024, 0.029575381805],
      [0.19214960471, 0.060242280401, 0.46350661091, 0.28410150397]
    ],
    [
      [0.016626701113, 0.65890051722, 0.16962418769, 0.15484859398],
      [0.21719337702, 0.047474600397, 0.73519635809, 0.00013566449588],
      [0.035262294943, 0.020706184449, 0.83428752893, 0.10974399168],
      [0.00082516362496, 0.9222918952, 0.046926164319, 0.029956776852],
      [0.083033686135, 0.098330804781, 0.41366021734, 0.40497529174]
    ],
    [
      [0.012689715953, 0.78003542911, 0.091413132724, 0.11586172222],
      [0.24226568329, 0.080545027244, 0.67712405193, 6.5237539695e-05],
      [0.040029421197, 0.038936148893, 0.79980735172, 0.12122707819],
      [0.00083543075802, 0.94137759055, 0.037638215069, 0.020148763625],
      [0.086929498356, 0.15067327314, 0.34707156991, 0.4153256586]
    ],
    [
      [0.014710472664, 0.75070854346, 0.10286054021, 0.13172044367],
      [0.20486118004, 0.060438752077, 0.73460640846, 9.3659424336e-05],
      [0.033313198803, 0.02788237099, 0.84206721214, 0.096737218063],
      [0.00062593091569, 0.91741422838, 0.059652268689, 0.022307572011],
      [0.079815231183, 0.12652686726, 0.43244684791, 0.36121105365]
    ],
    [
      [0, 0.62596084173, 0.21875060297, 0.1552885553],
      ["NaN", "NaN", "NaN", "NaN"],
      [0, 0, 0.92977941677, 0.070220583234],
      [0, 0.88341757209, 0.082456257613, 0.034126170296],
      [0, 0.097825600273, 0.59601235416, 0.30616204557]
    ],
    [
      [0.015012510177, 0.31905271836, 0.30070183024, 0.36523294122],
      [0.13095442747, 0.015875894519, 0.85149193017, 0.0016777478382],
      [0.020076554053, 0.0058502397288, 0.84009405687, 0.13397914935],
      [0.0013109766889, 0.80559034876, 0.10005943334, 0.093039241208],
      [0.040988740285, 0.023171049432, 0.40498561086, 0.53085459942]
    ],
    [
      [0.0085861353852, 0.71835038404, 0.13378868543, 0.13927479515],
      [0.15260050918, 0.06385569924, 0.78304909322, 0.00049469836373],
      [0.018851193248, 0.02936069996, 0.83385550125, 0.11793260554],
