{
  "Z_true": {},
  "V_true": [
    [387, 53, 423, 19, 47],
    [354, 72, 16038, 502, 459],
    [136, 2660, 396, 117, 234],
    [79, 111, 707, 50, 493],
    [74, 122, 613, 168, 491]
  ],
  "p_true": [
    [0.4166, 0.0571, 0.4553, 0.0205, 0.0506],
    [0.0203, 0.0041, 0.9204, 0.0288, 0.0263],
    [0.0384, 0.7508, 0.1118, 0.033, 0.066],
    [0.0549, 0.0771, 0.491, 0.0347, 0.3424],
    [0.0504, 0.0831, 0.4176, 0.1144, 0.3345]
  ],
  "Z_est": [
    [
      [15.8071, 10.5381, 3, 13.1726, 8.9574, 8.9574, 3.1614, 10.5381, 12.1188, 5.269, 7.3766, 0, 6.3228, 51.1096, 67.9705, 62.1746, 15.2802, 7.3766, 8.9574, 15.8071, 7.9035, 0.5269, 3.6883, 13.6995, 7.3766, 1.5807, 65.336, 7.9035, 0.5269, 5.269, 36.8832, 3.1614],
      [4.8873, 3.2582, 1.1389, 4.0727, 2.7695, 2.7695, 0.9775, 3.2582, 3.7469, 1.6291, 2.2807, 0.4887, 1.9549, 15.8022, 21.0153, 19.2233, 4.7244, 2.2807, 2.7695, 4.8873, 2.4436, 0.1629, 1.1404, 4.2356, 2.2807, 0.4887, 20.2007, 2.4436, 0.1629, 1.6291, 11.4036, 0.9775],
      [0.1068, 0.0712, 0.0214, 0.089, 0.0605, 0.0605, 0.0214, 0.0712, 0.0818, 0.0356, 0.0498, 1.5914, 0.0427, 0.3452, 0.459, 0.4199, 0.1032, 0.0498, 0.0605, 0.1068, 0.0534, 0.0036, 0.0249, 0.0925, 0.0498, 0.0107, 0.4412, 0.0534, 0.0036, 0.0356, 0.2491, 0.0214],
      [0, 0, 0, 0, 0, 0, 0, 0, 0, 0, 0, 0, 0, 0, 0, 0, 0, 0, 0, 0, 0, 0, 0, 0, 0, 0, 0, 0, 0, 0, 0, 0],
      [9.1989, 6.1326, 1.8398, 7.6657, 5.2127, 5.2127, 1.8398, 6.1326, 7.0525, 3.0663, 4.2928, 0.9199, 3.6796, 29.743, 39.5552, 36.1822, 8.8922, 4.2928, 5.2127, 9.1989, 4.5994, 0.3066, 2.1464, 7.9724, 4.2928, 0.9199, 38.022, 4.5994, 0.3066, 3.0663, 21.464, 1.8398]
    ],
    [
      [9.2846, 6.5096, 0, 0, 6.7472, 3.9539, 0, 0.5983, 6.3738, 2.6276, 4.531, 0, 5.7441, 3.9656, 4.6446, 2.3232, 1.4353, 6.9811, 9.4544, 6.6944, 8.8651, 0.6982, 1.8909, 9.6269, 3.9885, 0.1447, 2.4191, 7.672, 3.0303, 4.7493, 28.9451, 0],
      [0, 1.8181, 2.6901, 0.2179, 4.163, 4.0185, 1.8816, 0, 0, 0.4431, 0, 0, 0, 7.8004, 19.7187, 1.3007, 2.2132, 0, 0, 0, 0, 0, 1.2906, 3.3415, 12.4368, 0, 8.8196, 6.0584, 0, 5.0156, 0, 1.7875],
      [745.4216, 664.1083, 10.5431, 708.6272, 509.1403, 569.6576, 304.3938, 688.1396, 698.7182, 190.8075, 731.7285, 230.0645, 627.3023, 432.6923, 309.3233, 252.265, 436.8681, 686.7882, 780.4654, 548.6129, 543.5526, 57.291, 203.3297, 366.2257, 187.9091, 15.9513, 2482.6844, 162.2035, 8.6672, 448.3158, 1434.3954, 52.3416],
      [23.1019, 34.5963, 0.6989, 47.5587, 24.4996, 33.9299, 12.2686, 30.6664, 23.9137, 5.2849, 40.847, 7.4731, 26.7956, 21.5417, 14.764, 11.3218, 23.4834, 31.7417, 30.1181, 29.8492, 21.8332, 0.7365, 9.817, 18.8059, 13.0642, 0.7365, 85.5572, 15.1557, 0, 16.3063, 65.65, 1.8709],
      [19.1919, 23.9677, 1.0679, 6.5963, 12.4499, 8.44, 1.456, 14.5957, 19.9943, 3.8369, 18.8936, 7.4625, 15.158, 0, 7.5494, 5.7893, 0, 18.489, 18.9621, 18.8435, 4.749, 3.2743, 2.6718, 0, 1.6015, 0.1675, 73.5197, 0.9104, 2.3025, 7.613, 54.0095, 0]
    ],
    [
      [11.9083, 12.9523, 0, 9.8274, 10.2955, 6.0887, 4.8386, 6.8636, 10.5074, 2.1034, 5.0924, 0, 5.933, 42.9248, 46.3849, 26.5022, 13.2845, 6.6422, 8.5883, 15.4985, 4.2313, 0.7749, 6.4208, 15.6736, 8.6349, 1.2746, 54.2449, 5.4245, 0.4428, 4.9817, 37.1717, 2.8386],
      [57.1127, 91.9237, 7.171, 92.7094, 73.0676, 43.212, 36.141, 45.7418, 45.2531, 14.9278, 35.7193, 10.5113, 20.0451, 261.3974, 347.266, 376.4761, 97.0625, 45.7193, 36.2305, 104.1127, 23.5564, 3.8371, 45.569, 108.4229, 61.2825, 4.5113, 384.9797, 38.498, 2.8371, 35.3553, 205.5964, 25.235],
      [2.0462, 3.1092, 0.2126, 6.3714, 2.4714, 1.4616, 1.4762, 4.6175, 19.9215, 0.5049, 1.2224, 0.372, 3.5563, 8.7961, 0, 0.5639, 3.1889, 1.5945, 1.3287, 3.7204, 0.8238, 1.7919, 1.5413, 3.6673, 2.0728, 0.6748, 13.0214, 1.3021, 0.1063, 1.1958, 7.2016, 0.7972],
      [2.8981, 4.4037, 0.3011, 4.4413, 3.5004, 2.0701, 1.7314, 2.3336, 3.0863, 0.7151, 2.153, 0.5269, 1.2044, 12.4583, 10.236, 14.6782, 4.5166, 2.2583, 1.8819, 11.1508, 1.1668, 0.2635, 2.183, 5.1941, 2.9358, 0.2635, 18.4428, 1.8443, 0, 1.6937, 10.35, 1.1291],
      [3.0346, 4.6111, 0.3153, 4.6505, 3.6652, 2.1676, 1.8129, 2.4435, 3.2317, 0.7488, 1.8129, 2.5897, 1.2611, 5.4234, 15.113, 27.7796, 1.9476, 3.7857, 1.9705, 5.5175, 1.2217, 0.3326, 2.2858, 5.0422, 3.074, 0.2759, 19.3112, 1.9311, 0.6138, 1.7735, 10.6803, 0]
    ],
    [
      [0, 0, 0, 0, 0, 0, 0, 0, 0, 0, 0, 0, 0, 0, 0, 0, 0, 0, 0, 0, 0, 0, 0, 0, 0, 0, 0, 0, 0, 0, 0, 0],
      [0, 0, 0, 0, 0, 0, 0, 0, 0, 0, 0, 0, 0, 0, 0, 0, 0, 0, 0, 0, 0, 0, 0, 0, 0, 0, 0, 0, 0, 0, 0, 0],
      [44.9346, 38.2776, 4.1606, 57.4164, 29.9564, 41.6061, 16.6424, 36.6134, 42.4382, 9.1533, 26.6279, 10.8176, 37.4455, 68.234, 82.3801, 79.8837, 29.1243, 37.4455, 40.774, 55.7522, 21.6352, 1.6642, 5.8249, 52.4237, 19.9709, 0.8321, 197.2129, 10.8176, 4.1606, 16.6424, 73.2267, 4.1606],
      [0, 0, 0, 0, 0, 0, 0, 0, 0, 0, 0, 0, 0, 0, 0, 0, 0, 0, 0, 0, 0, 0, 0, 0, 0, 0, 0, 0, 0, 0, 0, 0],
      [9.0654, 7.7224, 0.8394, 11.5836, 6.0436, 8.3939, 3.3576, 7.3866, 8.5618, 1.8467, 5.3721, 2.1824, 7.5545, 13.766, 16.6199, 16.1163, 5.8757, 7.5545, 8.226, 11.2478, 4.3648, 0.3358, 1.1751, 10.5763, 4.0291, 0.1679, 39.7871, 2.1824, 0.8394, 3.3576, 14.7733, 0.8394]
    ],
    [
      [0, 0, 0, 0, 0, 0, 0, 0, 0, 0, 0, 0, 0, 0, 0, 0, 0, 0, 0, 0, 0, 0, 0, 0, 0, 0, 0, 0, 0, 0, 0, 0],
      [0, 0, 0, 0, 0, 0, 0, 0, 0, 0, 0, 0, 0, 0, 0, 0, 0, 0, 0, 0, 0, 0, 0, 0, 0, 0, 0, 0, 0, 0, 0, 0],
      [59.4908, 24.4337, 1.0623, 25.4961, 23.3714, 29.2142, 16.4662, 26.5584, 22.8402, 8.4987, 23.3714, 11.1545, 19.6532, 32.9324, 39.8376, 48.8674, 20.7155, 19.122, 23.3714, 30.8077, 15.935, 4.2493, 13.2792, 18.5909, 16.9974, 0.5312, 104.6401, 10.6234, 1.0623, 13.8104, 66.9272, 10.6792],
      [0, 0, 0, 0, 0, 0, 0, 0, 0, 0, 0, 0, 0, 0, 0, 0, 0, 0, 0, 0, 0, 0, 0, 0, 0, 0, 0, 0, 0, 0, 0, 0],
      [52.5092, 21.5663, 0.9377, 22.5039, 20.6286, 25.7858, 14.5338, 23.4416, 20.1598, 7.5013, 20.6286, 9.8455, 17.3468, 29.0676, 35.1624, 43.1326, 18.2845, 16.878, 20.6286, 27.1923, 14.065, 3.7507, 11.7208, 16.4091, 15.0026, 0.4688, 92.3599, 9.3766, 0.9377, 12.1896, 59.0728, 0.3208]
    ]
  ],
  "V_est": [
    [487.751, 151.5039, 4.8865, 0, 284.8586],
    [153.8986, 85.0153, 16088.5351, 723.9878, 373.5632],
    [388.3503, 2781.4808, 100.7323, 132.0122, 140.4244],
    [0, 0, 1198.2553, 0, 241.7447],
    [0, 0, 784.5908, 0, 683.4092]
  ],
  "p_est": [
    [0.525, 0.1631, 0.0053, 0, 0.3066],
    [0.0088, 0.0049, 0.9233, 0.0415, 0.0214],
    [0.1096, 0.7851, 0.0284, 0.0373, 0.0396],
    [0, 0, 0.8321, 0, 0.1679],
    [0, 0, 0.5345, 0, 0.4655]
  ],
  "EI_Z": {},
  "EI_V": 7.9288,
  "MAE_Z": {},
  "MAE_V": 157.34,
  "MAE_p": 0.0949,
  "runtime": 1.7715
}
