{
  "Z_true": {},
  "V_true": [
    [21, 863, 288, 365],
    [73, 339, 2763, 154],
    [112, 303, 9907, 136],
    [159, 12418, 1848, 266],
    [794, 472, 1595, 69],
    [58, 278, 484, 206]
  ],
  "p_true": [
    [0.0137, 0.5615, 0.1874, 0.2375],
    [0.0219, 0.1018, 0.83, 0.0463],
    [0.0107, 0.029, 0.9473, 0.013],
    [0.0108, 0.8453, 0.1258, 0.0181],
    [0.271, 0.1611, 0.5444, 0.0235],
    [0.0565, 0.271, 0.4717, 0.2008]
  ],
  "Z_est": [
    [
      [0, 0, 0.0449, 0.0937, 0, 0.0919, 0, 0.0488, 0.0251, 0.0582, 0.0404, 0.0766, 0.0243, 0.0993, 0.0553, 0.1734, 0.0358, 0.0139, 0.1658, 0.0269, 0.0877, 0.0412, 0.0655, 0.0017, 0.0161, 0.0059, 0.0355, 0.0444, 0.0153, 0.0666, 0.0228, 0.068, 0.0646, 0.0715, 0.047, 0.0545, 0, 0.0701, 0.0666, 0.0243, 0.0495, 0.094, 0.0695, 0.0679, 0.0562, 0.0123, 0.9402, 0.1121, 0.2748, 0.0149],
      [0, 1.7832, 8.1192, 23.0209, 0.7464, 14.1402, 0, 8.5116, 5.122, 10.0047, 15.2991, 24.5425, 8.0053, 24.229, 22.7453, 76.4668, 8.796, 0.8787, 26.1548, 18.3352, 19.9076, 8.3709, 12.4379, 2.1702, 10.2226, 6.5153, 4.4065, 14.3076, 4.8183, 10.8446, 11.7013, 16.824, 16.2775, 27.8565, 11.703, 6.7806, 2.4684, 8.2374, 17.728, 3.5575, 12.179, 21.3963, 18.2641, 8.7389, 18.4828, 3.7577, 245.6143, 22.8386, 51.7877, 11.3427],
      [0, 0.3546, 3.496, 9.852, 0.2536, 7.3118, 0, 6.469, 2.8077, 5.3732, 7.0499, 8.2562, 2.7858, 9.4405, 9.1702, 23.844, 3.2762, 0.1074, 12.7315, 8.2499, 10.221, 3.5541, 6.6171, 1.2012, 3.1018, 3.0224, 2.4416, 7.8459, 1.5015, 6.4634, 3.8433, 6.1803, 10.2987, 13.2383, 5.2679, 3.5383, 0.3246, 5.61, 7.7675, 2.455, 5.3264, 9.0311, 7.6239, 4.8301, 7.6233, 0.7159, 100.3495, 8.7476, 18.348, 5.7161],
      [0, 0.8622, 1.3399, 4.0334, 0, 3.4561, 0, 2.9706, 1.0452, 2.5639, 2.6106, 3.1248, 1.1846, 5.2312, 3.0293, 12.5158, 1.892, 0, 8.948, 4.388, 5.7837, 1.0338, 2.8795, 0.627, 0.6596, 1.4564, 1.1164, 2.8021, 0.6649, 8.6253, 2.4326, 3.9277, 3.3592, 6.8336, 1.9821, 1.6267, 0.207, 3.0826, 4.4379, 0.9631, 2.4452, 3.4786, 3.0426, 2.3632, 4.8376, 0.5141, 58.0961, 6.3017, 14.5895, 1.9263]
    ],
    [
      [0, 0, 0.0217, 0.0541, 0, 0.0543, 0.0904, 0.0134, 0.0278, 0.0245, 0.0352, 0.0921, 0.0421, 0.0639, 0.0403, 0.033, 0.0357, 0.076, 0.0649, 0, 0.0811, 0.0283, 0.0978, 0, 0.0128, 0, 0.0225, 0.0197, 0.0122, 0.0747, 0.0088, 0.0065, 0.0381, 0.0208, 0.0371, 0.0294, 0, 0.0427, 0.043, 0.0273, 0.0343, 0.0421, 0.0702, 0.023, 0.0468, 0.006, 0.748, 0.1213, 0.1348, 0],
      [0.3136, 1.039, 3.6828, 11.3348, 0.1345, 8.4548, 1.421, 2.016, 4.4685, 3.6649, 20.6002, 24.7256, 10.5314, 12.9787, 27.2577, 13.5698, 7.6507, 1.6308, 10.1326, 7.5634, 15.81, 4.3628, 10.3625, 1.2831, 11.6413, 3.1906, 4.965, 14.3467, 2.6827, 8.1599, 4.8502, 1.4895, 10.3375, 14.3387, 7.5228, 3.9173, 1.9293, 4.6276, 9.7174, 2.8585, 7.0244, 7.9142, 15.3854, 5.7333, 15.4076, 1.6637, 179.3505, 26.1872, 54.2547, 19.5705],
      [0.6864, 2.0454, 14.2044, 43.064, 0.8655, 38.7999, 1.4886, 13.7106, 21.869, 17.6226, 84.1069, 73.5928, 32.6339, 44.9452, 97.3387, 37.4423, 25.3656, 2.2933, 43.6373, 30.2066, 71.909, 16.645, 49.1948, 6.9357, 28.3458, 13.5017, 24.7261, 69.6362, 7.6294, 42.6875, 14.325, 4.8867, 57.8422, 60.3625, 30.1606, 18.3598, 2.7137, 28.212, 37.8846, 17.7188, 27.4095, 29.7443, 56.9711, 28.4328, 56.3464, 2.9199, 646.3881, 88.8276, 169.533, 88.4954],
      [0, 0.9156, 1.0911, 3.5471, 0, 3.691, 0, 1.26, 1.6347, 1.688, 6.2577, 5.5896, 2.7926, 5.0121, 6.3632, 3.9548, 2.9479, 0, 6.1652, 3.2299, 8.1999, 0.9639, 4.3449, 0.7811, 0, 1.3076, 2.2864, 4.9973, 0.6757, 11.0779, 1.816, 0.6174, 3.7822, 6.2779, 2.2795, 1.6936, 0.357, 3.1177, 4.355, 1.3954, 2.5317, 2.2993, 4.5733, 2.8109, 7.1992, 0.4104, 75.5134, 12.864, 27.0774, 5.9342]
    ],
    [
      [0, 0.3614, 5.2776, 7.6449, 0.2697, 8.9059, 0.1609, 4.3624, 4.3581, 6.8391, 2.8071, 5.5251, 1.912, 2.7412, 3.3848, 7.6294, 6.8747, 0.0482, 11.3509, 0.4287, 7.6174, 1.755, 2.0288, 0.0498, 0.8051, 0.3542, 2.7762, 3.9642, 1.966, 4.1582, 1.4572, 1.9621, 3.2743, 3.4625, 4.777, 3.5218, 0, 3.9773, 4.8418, 3.6626, 6.8212, 3.5683, 6.8994, 3.6487, 5.4121, 0.4718, 59.3677, 12.3617, 22.4527, 0.0659],
      [0.0725, 0.5356, 3.1866, 6.4646, 0.1035, 4.6901, 0.2025, 2.7385, 3.0101, 3.8121, 4.2795, 6.2528, 2.1731, 2.323, 5.1656, 11.8956, 5.6982, 0.1034, 6.3797, 5.2306, 5.9665, 1.2325, 1.364, 0.1867, 2.649, 1.5589, 1.3031, 5.5826, 2.0496, 3.082, 2.4642, 1.6793, 3.1999, 5.7045, 4.041, 1.468, 0.2989, 1.5289, 4.3494, 1.7611, 5.6158, 2.8329, 6.2258, 1.6287, 6.0496, 0.4933, 53.6973, 8.7482, 17.0905, 2.83],
      [1.9275, 7.3229, 143.2724, 281.2721, 2.6268, 247.4743, 2.6366, 198.1194, 165.9608, 217.9004, 185.9966, 208.8094, 77.0199, 92.9477, 200.9781, 361.543, 217.9106, 1.8485, 305.1118, 171.9723, 309.1707, 54.1472, 74.6589, 10.3329, 59.5459, 69.7682, 69.9201, 272.9277, 67.9967, 133.7102, 83.83, 64.0181, 181.1969, 247.3504, 186.1449, 79.7414, 5.4465, 110.7225, 198.0536, 123.4655, 253.51, 122.8817, 263.874, 90.9199, 255.1531, 9.6504, 2209.3881, 335.2263, 537.639, 99.2395],
      [0, 0.7801, 3.2634, 6.6183, 0, 6.9297, 0, 5.7796, 3.671, 6.4484, 3.9168, 4.4128, 1.8949, 2.9881, 3.4715, 10.932, 7.5165, 0, 12.1576, 5.3683, 10.2454, 0.8653, 1.9483, 0.4307, 0, 2.3188, 2.0006, 5.5254, 1.9878, 7.0496, 3.2486, 2.3405, 3.3289, 7.4826, 4.0372, 2.2688, 0.2546, 3.7714, 6.7553, 3.1109, 7.0529, 2.7171, 6.0009, 2.8027, 9.3852, 0.3845, 73.5468, 13.6639, 23.8178, 1.8646]
    ],
    [
      [0, 0, 0.0517, 0.2336, 0, 0.0097, 0, 0.099, 0.2426, 0.0794, 0, 0.5199, 0.3491, 0.3372, 0, 0, 0.1865, 0.1131, 0, 0, 0.2972, 0.2688, 0.3185, 0, 0, 0, 0, 0, 0.1367, 0, 0, 0.2779, 0.0324, 0, 0.2225, 0, 0, 0.0961, 0.1622, 0.1662, 0.1194, 0.3176, 0.2888, 0, 0.0378, 0.0313, 1.8523, 0.0688, 0, 0],
      [7.6139, 9.2997, 114.0677, 224.8069, 0.8836, 260.6092, 11, 77.401, 134.6997, 70.3735, 382.0418, 505.2549, 225.7058, 264.4993, 317.0858, 853.2918, 188.5255, 8.7248, 482.2634, 298.0803, 314.8514, 109.2766, 123.5588, 10.728, 177.6304, 47.3438, 82.1833, 303.9732, 55.3555, 147.8615, 92.9847, 192.9503, 196.9439, 376.6861, 170.451, 98.9204, 11.2452, 81.4152, 178.3863, 68.8343, 116.3058, 196.8759, 280.728, 79.728, 326.114, 69.8834, 3116.5249, 297.9747, 693.7288, 147.9974],
      [0.3861, 0.6997, 18.2641, 35.8666, 0.1164, 50.3055, 0, 21.6412, 27.189, 13.9934, 66.2934, 63.2328, 28.734, 38.0672, 48.7644, 97.5207, 25.9145, 0.1621, 88.518, 51.3518, 60.0593, 17.2168, 23.9818, 1.9925, 21.3696, 8.1179, 16.9167, 62.4883, 6.0956, 35.1385, 11.1477, 25.9764, 46.0021, 67.2472, 28.5025, 19.0609, 0.3341, 20.4298, 28.9447, 17.3447, 18.8424, 30.8727, 43.7455, 16.4128, 50.2753, 3.2887, 477.3947, 42.8538, 94.156, 28.4502],
      [0, 0.0007, 0.6165, 1.0929, 0, 2.0755, 0, 0.8587, 0.8687, 0.5537, 1.6648, 0.9923, 1.2112, 2.0963, 0.1498, 4.1875, 1.3734, 0, 4.2186, 2.5679, 2.7921, 0.2378, 1.1409, 0.2796, 0, 0.5383, 0.9, 1.5385, 0.4122, 0, 0.8677, 1.7954, 1.0216, 3.0668, 0.824, 1.0187, 0.4207, 1.0589, 1.5067, 0.6548, 0.7324, 0.9338, 1.2377, 0.8592, 2.5729, 0.7966, 20.2282, 2.1027, 4.1153, 0.5524]
    ],
    [
      [0, 2.5419, 15.2057, 35.5434, 0.9486, 35.8192, 1.7487, 10.8755, 10.6921, 19.8991, 8.7037, 17.5551, 6.2419, 17.0015, 10.3807, 32.1037, 21.8829, 0.5025, 47.2921, 11.3387, 27.7228, 7.6625, 3.7399, 0.7687, 4.7174, 2.5538, 15.2843, 16.353, 5.6877, 8.9324, 5.1712, 11.5463, 11.0904, 15.8292, 18.2738, 5.7783, 0, 15.9936, 19.38, 11.6109, 16.0733, 14.3069, 30.5133, 15.3183, 17.4108, 7.347, 187.2968, 23.1715, 70.4739, 2.3448],
      [0, 0.2837, 2.6969, 9.1149, 0.0087, 5.5123, 0.3765, 1.9591, 2.2274, 3.4804, 3.2474, 5.8186, 2.0804, 4.305, 4.1685, 14.1745, 5.4793, 0.3567, 7.4592, 5.4509, 6.5035, 1.5782, 0.7453, 0.3341, 2.9052, 1.2441, 1.7791, 5.1252, 1.8806, 1.5712, 2.4393, 2.9326, 2.806, 5.6574, 4.7111, 0.6583, 0.8605, 1.8577, 5.3379, 1.7255, 4.0847, 3.4232, 8.3132, 1.7836, 5.7656, 2.0673, 50.7603, 4.7269, 12.6439, 1.2086],
      [0, 1.1527, 21.9584, 72.8757, 0.0427, 53.2482, 0.8748, 27.946, 22.9429, 35.3281, 27.8901, 36.4212, 13.5866, 31.4096, 31.3059, 82.0487, 38.2715, 1.1408, 67.5282, 45.8159, 62.2096, 12.7065, 7.4627, 3.8386, 16.3774, 11.1033, 18.7613, 52.2367, 11.3362, 17.2287, 15.2264, 20.311, 32.9408, 50.1001, 39.7802, 6.5132, 2.0984, 23.9075, 43.8643, 22.5016, 33.5885, 27.1066, 64.7771, 18.7196, 44.3807, 7.478, 384.4831, 33.7302, 82.9133, 11.3882],
      [0, 0.0216, 0.1389, 0.4659, 0, 0.4203, 0, 0.2193, 0.1376, 0.2923, 0.1588, 0.2052, 0.091, 0.284, 0.1448, 0.6732, 0.3662, 0, 0.7206, 0.3945, 0.564, 0.0529, 0.0521, 0.0587, 0, 0.0987, 0.1753, 0.2852, 0.0955, 0.2677, 0.1631, 0.2101, 0.1629, 0.4134, 0.2349, 0.0502, 0.0411, 0.2412, 0.4178, 0.162, 0.2535, 0.1633, 0.3964, 0.1785, 0.4429, 0.1077, 3.4598, 0.3715, 0.9689, 0.0584]
    ],
    [
      [0, 0.0967, 0.3984, 1.4303, 0.7817, 1.1189, 0, 0.6008, 0.6542, 1.0996, 0.4135, 1.2312, 0.4305, 0.7568, 1.1388, 1.0605, 0.9843, 0.2463, 1.1264, 0.2056, 1.1937, 0.2442, 0.7495, 0.1799, 0.4486, 0.0861, 0.8815, 0.6186, 0.1822, 0.768, 0.3401, 0.1392, 0.5003, 0.6159, 0.6426, 0.616, 0, 0.8202, 0.5063, 0.5087, 0.9022, 0.671, 1.1589, 0.9421, 1.0363, 0.1316, 9.7951, 2.1646, 5.6637, 0.5743],
      [0, 0.0588, 0.2467, 1.2578, 0.1233, 0.5933, 0, 0.3737, 0.4724, 0.6645, 0.5321, 1.4057, 0.504, 0.665, 1.577, 1.6015, 0.8502, 0.3057, 0.6103, 0.3396, 0.961, 0.179, 0.5315, 0.298, 0.9515, 0.1473, 0.363, 0.6647, 0.2133, 0.4808, 0.5604, 0.1244, 0.4351, 0.7569, 0.5711, 0.2555, 0.1977, 0.3333, 0.481, 0.2631, 0.7902, 0.5575, 1.0835, 0.3875, 1.1803, 0.1347, 9.0527, 1.5245, 3.4944, 1.0508],
      [0, 0.4247, 3.8047, 19.0696, 1.095, 10.8603, 0, 10.1137, 9.2305, 12.7822, 8.6631, 16.6877, 6.2398, 9.1898, 22.4428, 17.6014, 11.2616, 1.448, 10.4732, 5.4035, 17.4305, 2.7305, 10.0847, 6.6992, 10.2595, 2.4864, 7.2341, 12.8652, 2.4406, 9.7717, 6.6276, 1.6275, 9.7193, 12.7014, 9.1439, 4.7864, 1.0827, 8.1182, 7.4854, 6.5144, 12.3232, 8.3636, 16.0085, 7.6848, 17.2212, 0.9471, 129.9965, 20.6146, 43.4107, 18.7107],
      [0, 1.4198, 1.5501, 8.2423, 0, 5.4275, 0, 4.9117, 3.6429, 6.4537, 3.3913, 6.6755, 2.8257, 5.3884, 7.8414, 9.7366, 6.9039, 0, 7.7901, 3.0513, 10.4148, 0.8463, 4.6343, 3.823, 2.3404, 1.2802, 3.5213, 4.8515, 1.1639, 13.9794, 4.4719, 1.1089, 3.3452, 6.9258, 3.6423, 2.3421, 0.7196, 4.7283, 4.5273, 2.7138, 5.9843, 3.4079, 6.7491, 3.9856, 11.5622, 0.7867, 79.1557, 15.6962, 36.4312, 6.6642]
    ]
  ],
  "V_est": [
    [3.6352, 928.4383, 393.635, 211.2915],
    [2.5991, 644.0559, 2424.6644, 257.6807],
    [258.363, 230.9997, 9672.2811, 296.3562],
    [6.9166, 12603.6692, 2001.6799, 78.7343],
    [898.6301, 225.6304, 1790.8578, 14.8818],
    [46.8561, 40.2065, 601.8818, 337.0556]
  ],
  "p_est": [
    [0.0024, 0.6041, 0.2561, 0.1375],
    [0.0008, 0.1935, 0.7283, 0.0774],
    [0.0247, 0.0221, 0.9249, 0.0283],
    [0.0005, 0.8579, 0.1363, 0.0054],
    [0.3067, 0.077, 0.6112, 0.0051],
    [0.0457, 0.0392, 0.5866, 0.3285]
  ],
  "EI_Z": {},
  "EI_V": 5.2259,
  "MAE_Z": {},
  "MAE_V": 147.942,
  "MAE_p": 0.0526,
  "runtime": 0.309
}
