{
  "X": [
    [34, 16, 20, 83, 502, 11],
    [23, 21, 23, 41, 394, 4],
    [16, 21, 25, 97, 344, 10],
    [71, 48, 52, 193, 1109, 30],
    [23, 14, 6, 58, 384, 8],
    [24, 25, 17, 68, 497, 4],
    [41, 41, 40, 556, 604, 37],
    [86, 81, 81, 768, 1403, 53],
    [10, 20, 18, 114, 315, 11],
    [0, 1, 0, 8, 5, 0],
    [1, 4, 3, 47, 40, 6],
    [2, 3, 4, 49, 15, 8],
    [8, 12, 10, 113, 139, 14],
    [53, 41, 38, 200, 928, 23],
    [22, 63, 114, 385, 719, 41],
    [13, 37, 51, 336, 280, 24],
    [16, 17, 25, 110, 157, 9],
    [36, 69, 62, 255, 794, 28],
    [24, 30, 65, 263, 445, 26],
    [46, 50, 108, 358, 1019, 17],
    [27, 34, 43, 243, 352, 16],
    [20, 42, 66, 363, 389, 31],
    [51, 51, 53, 364, 680, 18],
    [27, 32, 28, 199, 429, 14],
    [21, 41, 43, 197, 340, 25],
    [24, 34, 38, 291, 357, 23],
    [1, 6, 1, 7, 60, 0],
    [1, 0, 0, 3, 50, 1],
    [60, 46, 44, 327, 1230, 24],
    [18, 20, 32, 195, 261, 17],
    [19, 37, 32, 256, 281, 15],
    [32, 32, 17, 96, 540, 8],
    [6, 18, 66, 183, 313, 32],
    [76, 90, 145, 677, 1807, 56],
    [13, 14, 22, 122, 210, 8],
    [101, 153, 103, 866, 1227, 92],
    [11, 19, 9, 48, 197, 1]
  ],
  "W": [
    [56, 85, 462, 21, 42],
    [62, 44, 345, 24, 31],
    [41, 99, 301, 30, 42],
    [130, 197, 1015, 59, 102],
    [48, 69, 346, 8, 22],
    [68, 68, 432, 19, 48],
    [53, 525, 553, 54, 134],
    [140, 778, 1261, 121, 172],
    [34, 120, 280, 20, 34],
    [1, 7, 4, 0, 2],
    [5, 44, 35, 1, 16],
    [1, 47, 14, 6, 13],
    [12, 129, 117, 7, 31],
    [83, 246, 836, 36, 82],
    [65, 430, 594, 103, 152],
    [21, 360, 228, 44, 88],
    [20, 133, 117, 26, 38],
    [103, 298, 663, 60, 120],
    [49, 300, 367, 73, 64],
    [107, 421, 853, 94, 123],
    [32, 247, 299, 66, 71],
    [32, 390, 346, 61, 82],
    [65, 390, 622, 41, 99],
    [49, 208, 378, 45, 49],
    [48, 218, 285, 34, 82],
    [44, 311, 296, 42, 74],
    [10, 13, 49, 1, 2],
    [9, 4, 41, 0, 1],
    [116, 399, 1055, 54, 107],
    [34, 201, 202, 42, 64],
    [31, 265, 225, 39, 80],
    [77, 106, 477, 17, 48],
    [6, 222, 276, 80, 34],
    [150, 746, 1602, 166, 187],
    [21, 120, 193, 23, 32],
    [118, 884, 1161, 91, 288],
    [12, 51, 189, 6, 27]
  ],
  "method": "mult",
  "cond_prob": [
    [
      [0.1065727478, 0.026189474288, 0.00079138528635, 0.00043365870183, 0.86586960342, 0.00014313051258],
      [0.0069776835763, 0.015578528669, 0.02930761508, 0.80772379198, 0.076185706997, 0.064226673695],
      [0.052966943866, 0.0082559365409, 0.0019662293958, 0.0028302175022, 0.93257958114, 0.0014010915541],
      [0.0007720206635, 0.0025384846156, 0.6518133622, 0.10470764694, 0.18379523562, 0.056373249963],
      [0.068922536684, 0.2384604562, 0.069235745058, 0.30839672177, 0.21963660819, 0.095347932099]
    ],
    [
      [0.088992537732, 0.045130554769, 0.00091182519963, 0.00037300958878, 0.86451559265, 7.6480060615e-05],
      [0.0066414560798, 0.030614610994, 0.038518003452, 0.79824482724, 0.086727245872, 0.039253856359],
      [0.044432995257, 0.014292659177, 0.0022767678084, 0.002446594431, 0.93579855146, 0.00075243186923],
      [0.00060771005135, 0.0041247769377, 0.70867602556, 0.085048873416, 0.17305281555, 0.028489798484],
      [0.052970059084, 0.37982024299, 0.073444357383, 0.2448598399, 0.20181682309, 0.047088677551]
    ],
    [
      [0.072434378258, 0.038458975929, 0.0007712557937, 0.00045091002281, 0.88776535019, 0.00011912980616],
      [0.004614232915, 0.02228443716, 0.027815395254, 0.81720172365, 0.076037087622, 0.0520471234],
      [0.035607384082, 0.011998235024, 0.0018965742447, 0.0029126695334, 0.94643093733, 0.0011541997907],
      [0.00053548130531, 0.0038086761763, 0.64405857844, 0.11123611874, 0.19243952061, 0.047921624729],
      [0.042963899887, 0.32175092194, 0.061871953066, 0.29413168213, 0.20651492035, 0.07276662263]
    ],
    [
      [0.099693764179, 0.033500027482, 0.00077522782946, 0.00043213247186, 0.86543558416, 0.00016326387905],
      [0.0065064422562, 0.019838790948, 0.028545417661, 0.7966003503, 0.075846107325, 0.072662891514],
      [0.049663979221, 0.010582751754, 0.0019288095384, 0.0028243025587, 0.93339977006, 0.0016003868709],
      [0.00073718131928, 0.0033115569384, 0.63706157656, 0.10623961748, 0.18733049276, 0.065319574954],
      [0.06031487579, 0.283133163, 0.063275491507, 0.28671217977, 0.20537287949, 0.10119141044]
    ],
    [
      [0.094862193051, 0.035835051652, 0.0004972329525, 0.00039533599074, 0.86825492765, 0.00015525870089],
      [0.0066660313282, 0.022891214054, 0.019814181712, 0.79352930201, 0.082031104565, 0.075068166334],
      [0.047171976985, 0.011301155441, 0.0012367962411, 0.0025828870589, 0.93618565932, 0.0015215249509],
      [0.00089037011214, 0.0045011839496, 0.552281231, 0.12385942489, 0.23893721304, 0.079530577011],
      [0.05901539411, 0.31629047018, 0.042015953291, 0.27086694021, 0.21186003672, 0.099951205483]
    ],
    [
      [0.075009115996, 0.038060114089, 0.00072310704826, 0.00041365216942, 0.88573867354, 5.5337155298e-05],
      [0.0052874611915, 0.024375819057, 0.028834547615, 0.83085583575, 0.083901593808, 0.026744742574],
      [0.036972771714, 0.011900145551, 0.0017818078007, 0.0026774366348, 0.94613060304, 0.00053723526421],
      [0.00059636946782, 0.0040493077537, 0.65544047381, 0.10964335536, 0.20634093133, 0.023929562281],
      [0.047842659286, 0.34150059643, 0.062408372124, 0.29029565016, 0.22157613346, 0.036376588538]
    ],
    [
      [0.098706539299, 0.026260007585, 0.00056122232323, 0.00056196946504, 0.87379411559, 0.00011614573842],
      [0.0053447521006, 0.012913240122, 0.017157997805, 0.85815706806, 0.063552293617, 0.042874648292],
      [0.048852611946, 0.008245803347, 0.0013878697357, 0.0036505546604, 0.93673158495, 0.0011315753591],
      [0.00087084527212, 0.0031001067625, 0.54990876168, 0.16492916803, 0.2257581061, 0.055433012151],
      [0.06098076125, 0.22654615315, 0.046785987131, 0.38054524388, 0.21172105985, 0.073420794739]
    ],
    [
      [0.094468649068, 0.033515696305, 0.00056430946492, 0.0004992989657, 0.8708463067, 0.00010573950099],
      [0.0056692295969, 0.01824735629, 0.019095408358, 0.84362623482, 0.070167543447, 0.043194227485],
      [0.046947337318, 0.01056251432, 0.0014003947271, 0.003254838724, 0.93680111345, 0.0010338014626],
      [0.0008541265195, 0.0040507695099, 0.56303252349, 0.14998376254, 0.23044163827, 0.051637179673],
      [0.057805770761, 0.28583963474, 0.046549118202, 0.33465654728, 0.20901495556, 0.066133973461]
    ],
    [
      [0.051093938749, 0.042857592783, 0.00075847753542, 0.00047541213091, 0.90468064467, 0.0001339341346],
      [0.0030920876893, 0.023599492673, 0.02600801733, 0.81805661571, 0.073629306799, 0.055614479802],
      [0.024882103973, 0.013246288383, 0.001848190089, 0.0030429588995, 0.95569464597, 0.0012858126872],
      [0.00037350273049, 0.0041978645363, 0.63214562626, 0.11600940039, 0.19397310172, 0.053300504366],
      [0.028783871913, 0.34128381317, 0.057849964847, 0.29448445751, 0.19988251763, 0.077715374929]
    ],
    [
      [0, 0.046357925496, 0, 0.00058674089153, 0.95305533361, 0],
      [0, 0.020184503571, 0, 0.92632485732, 0.053490639106, 0],
      [0, 0.013405797434, 0, 0.0036191491587, 0.98297505341, 0],
      [0, 0.01329469606, -0, 0.44291933583, 0.54378596811, 0],
      [0, 0.49126746263, 0, 0.34244951373, 0.16628302364, 0]
    ],
    [
      [0.034185575753, 0.02649468831, 0.00091298461723, 0.00060229718057, 0.9375711873, 0.00023326684005],
      [0.001591595346, 0.011463309657, 0.024829349543, 0.82605646746, 0.059106570224, 0.076952707773],
      [0.016049397545, 0.007972205713, 0.002171910869, 0.0037625806142, 0.96785788389, 0.0021860213657],
      [0.0001767828297, 0.0018742648496, 0.67970485322, 0.10667838443, 0.14370431628, 0.067861398383],
      [0.018638449678, 0.2119439164, 0.069286273979, 0.36628290717, 0.19977541357, 0.1340730392]
    ],
    [
      [0.14483687462, 0.027455991986, 0.00066887184904, 0.00066778052284, 0.82603741619, 0.0003330648329],
      [0.0059189509601, 0.010672871073, 0.016275461117, 0.82252768764, 0.045891953024, 0.098713076186],
      [0.071522174545, 0.0087959679613, 0.0016953739238, 0.0044456693865, 0.91021456628, 0.0033262478996],
      [0.0009375436334, 0.0024903544288, 0.56064960226, 0.15181754168, 0.1597873715, 0.12431758649],
      [0.06973907113, 0.19805908051, 0.044805326154, 0.36225853408, 0.1544620296, 0.17067595853]
    ],
    [
      [0.082954849569, 0.031206087112, 0.00075250481483, 0.00044093193207, 0.88446963388, 0.00017599269075],
      [0.0052503449265, 0.018058062942, 0.027154992727, 0.7972804634, 0.075417611155, 0.076838524852],
      [0.0406596706, 0.0097305791698, 0.0018506394683, 0.0028482860442, 0.94320564403, 0.0017051806871],
      [0.0005933994889, 0.0030056467403, 0.63558664642, 0.10584659958, 0.18604516353, 0.068922544234],
      [0.050479025836, 0.27004275978, 0.06230089563, 0.29562456341, 0.21096009257, 0.11059266278]
    ],
    [
      [0.091220758865, 0.033677628299, 0.00077702957073, 0.00037832698401, 0.87382286978, 0.00012338649626],
      [0.0067397592539, 0.022584375382, 0.032408655272, 0.78936621551, 0.086710326449, 0.062190668129],
      [0.045247059048, 0.010593864904, 0.0019253265641, 0.0024624298411, 0.93856682274, 0.0012044969015],
      [0.00068994422197, 0.0034059828692, 0.65671595956, 0.095164606612, 0.19351054379, 0.050512962945],
      [0.058805960477, 0.30366252227, 0.067622491508, 0.2674512966, 0.22095500167, 0.081502727477]
    ],
    [
      [0.046665887543, 0.035861717617, 0.0010136839317, 0.00043233298791, 0.9158995846, 0.00012679332139],
      [0.0030635325401, 0.021377085202, 0.037560871179, 0.80050240429, 0.080757318111, 0.056738788678],
      [0.022584025303, 0.011010396392, 0.0024509508446, 0.0027459081324, 0.96000091092, 0.001207808405],
      [0.00029033850624, 0.0029851290879, 0.69773063849, 0.089465056705, 0.16685996844, 0.042668868778],
      [0.028336879087, 0.30397063539, 0.083023914281, 0.28776044667, 0.21812897461, 0.078779149957]
    ],
    [
      [0.064782767474, 0.037079443944, 0.00093532773334, 0.00048819060886, 0.89660575055, 0.00010851968939],
      [0.0038815739671, 0.02022045122, 0.031720793718, 0.8275039151, 0.072215486836, 0.044457779155],
      [0.031658000385, 0.011507875238, 0.0022867061602, 0.0031352097584, 0.95036694935, 0.0010452591128],
      [0.0004219461031, 0.0032385807612, 0.68072594596, 0.10604754295, 0.17121343918, 0.038352545042],
      [0.037897731746, 0.30400610068, 0.073932485938, 0.31343522019, 0.20565099632, 0.065077465129]
    ],
    [
      [0.1331477956, 0.033875492009, 0.00076390329662, 0.00036598652215, 0.83175928361, 8.7538963534e-05],
      [0.010211395285, 0.023730636085, 0.033316452173, 0.80063492449, 0.085884501029, 0.046222090933],
      [0.067465372374, 0.010916098631, 0.0019408206367, 0.0024425182228, 0.9163589335, 0.00087625663422],
      [0.0010322562101, 0.0035332541853, 0.67378126439, 0.09509908858, 0.18947148103, 0.037082655599],
      [0.086687571062, 0.31253309834, 0.067407503777, 0.26236820095, 0.21224422779, 0.058759398082]
    ],
    [
      [0.067643379347, 0.045358088478, 0.00085028433371, 0.00039442404586, 0.88563649711, 0.00011732668533],
      [0.0048038711429, 0.029243127222, 0.034083801296, 0.79058054348, 0.084471122844, 0.056817534015],
      [0.03338620873, 0.014200238938, 0.0020965291337, 0.0025546622158, 0.94662262448, 0.0011397365052],
      [0.00048134320571, 0.0043171073265, 0.67216045098, 0.093346370117, 0.18452221703, 0.045172511346],
      [0.039421304175, 0.36925551253, 0.066860385665, 0.25201882775, 0.20243391299, 0.070010056889]
    ],
    [
      [0.082324108799, 0.033693973687, 0.00083440219967, 0.0004314912736, 0.8825894253, 0.00012659873897],
      [0.0054486703606, 0.020270496772, 0.031215639079, 0.80732496713, 0.078504530732, 0.057235695927],
      [0.040573776009, 0.010538311269, 0.0020560239933, 0.0027929230057, 0.94280995357, 0.0012290121501],
      [0.00058637765172, 0.0032136430173, 0.6607204598, 0.10237748307, 0.18422425878, 0.048877777686],
      [0.050915812497, 0.29229049357, 0.069668093156, 0.29278831789, 0.21408514347, 0.080252139419]
    ],
    [
      [0.071137887705, 0.029426001475, 0.0010058788404, 0.00040235386666, 0.89797357028, 5.4307831072e-05],
      [0.0051454149429, 0.019316684391, 0.041047093299, 0.82050242643, 0.087222544817, 0.026765836115],
      [0.034778157627, 0.0091239700149, 0.0024562443987, 0.0025808887214, 0.95053827285, 0.00052246638707],
      [0.00046084401855, 0.0025490445249, 0.72101521531, 0.086652058767, 0.17030119952, 0.01902163786],
      [0.048514438883, 0.28015519632, 0.092513304329, 0.3007214895, 0.24020172412, 0.037893846857]
    ],
    [
      [0.11058333225, 0.038184966919, 0.00060184291088, 0.00046533540277, 0.85007814109, 8.6381433251e-05],
      [0.0070424369751, 0.022119031405, 0.021680276879, 0.83877180206, 0.072773548017, 0.03761290466],
      [0.055600809744, 0.012188176681, 0.0015134520739, 0.0030738713048, 0.92676787218, 0.00085581801461],
      [0.00098058163568, 0.0045371998511, 0.59438926693, 0.13755835841, 0.22097561122, 0.041558981947],
      [0.066599917492, 0.32269044223, 0.048952241, 0.30762251909, 0.20077761491, 0.05335726528]
    ],
    [
      [0.076397387118, 0.042042273984, 0.00097403569476, 0.00049731447222, 0.87995666994, 0.00013231879166],
      [0.0044555268667, 0.022291812611, 0.032114290486, 0.8194697007, 0.068969702802, 0.052698966533],
      [0.037736555268, 0.013181261539, 0.0024055996185, 0.0032263560944, 0.94216274879, 0.0012874786883],
      [0.00048185389317, 0.003551821967, 0.68360263824, 0.10448863584, 0.16264872784, 0.045226322215],
      [0.041908439292, 0.32303776702, 0.072141829813, 0.29924633878, 0.18930720633, 0.074358418772]
    ],
    [
      [0.11098800293, 0.038495134077, 0.00091834485668, 0.00046356923122, 0.84906423253, 7.071638023e-05],
      [0.0070774508118, 0.022289700028, 0.03306645359, 0.83408682391, 0.072726350006, 0.030753221653],
      [0.055871696047, 0.012292890078, 0.0023098216245, 0.003062793476, 0.9257620535, 0.00070074527694],
      [0.00075461786381, 0.0035014515909, 0.6958219065, 0.10484692329, 0.16905672736, 0.026018373404],
      [0.065800868952, 0.31905171013, 0.073489864125, 0.30129821743, 0.19743584464, 0.042923494719]
    ],
    [
      [0.095557610667, 0.044936025288, 0.00055788823103, 0.00046677634539, 0.85838489601, 9.6803459845e-05],
      [0.006029209508, 0.025771208546, 0.019903735517, 0.83373875112, 0.072792925308, 0.04176417],
      [0.047886289641, 0.014288331553, 0.0013978431607, 0.0030722134478, 0.93239971482, 0.00095560737605],
      [0.00087616992065, 0.0055163521709, 0.57217445544, 0.14260782348, 0.23066763623, 0.048157562759],
      [0.054573930212, 0.36074797113, 0.043040034398, 0.29262521609, 0.19227249331, 0.056740354851]
    ],
    [
      [0.084915045128, 0.043836196925, 0.0010129464883, 0.00043934735318, 0.86963914311, 0.00015732099168],
      [0.0053952915894, 0.0253297134, 0.036408891864, 0.79025910617, 0.074258217725, 0.068348779253],
      [0.042201915623, 0.01382979859, 0.0025175857859, 0.002868367337, 0.93704185014, 0.0015404825235],
      [0.00052106992202, 0.0036040258263, 0.69723511989, 0.089861478554, 0.15639837227, 0.052379933545],
      [0.046629191567, 0.33748236728, 0.075167899872, 0.26483502048, 0.18725504776, 0.088630473045]
    ],
    [
      [0.094822692841, 0.036377308381, 0.00072726763629, 0.00047138398533, 0.86748612628, 0.00011522087449],
      [0.0058821370279, 0.020521127743, 0.02551694011, 0.82691043168, 0.072323832946, 0.048845530494],
      [0.047158388972, 0.011484165826, 0.0018087541195, 0.0030795716695, 0.93534013787, 0.0011289815385],
      [0.0007335775205, 0.0037703761357, 0.6289320176, 0.1215297488, 0.19669460098, 0.048339678967],
      [0.056486933043, 0.30384338559, 0.058526517726, 0.30812849896, 0.20264868025, 0.07036598443]
    ],
    [
      [0.02574654888, 0.11189716089, 0.00057431703884, 0.00025182794504, 0.86153014524, 0],
      [0.0024790558886, 0.099396188447, 0.032690573948, 0.75278434069, 0.11264984103, 0],
      [0.012902278153, 0.035557999217, 0.0014582197659, 0.0016784323424, 0.94840307052, 0],
      [0.00015121414268, 0.0088619871402, 0.78972294738, 0.050956280473, 0.15030757086, 0],
      [0.0099668033245, 0.71665152885, 0.031891305345, 0.1107736956, 0.13071666688, 0]
    ],
    [
      [0.034736337916, 0, 0, 0.00037398542395, 0.96452280463, 0.00036687203297],
      [0.0018958022057, 0, 0, 0.75986441713, 0.071664116541, 0.16657566412],
      [0.015987917775, 0, 0, 0.0022972084602, 0.97832667639, 0.0033881973755],
      [0.00052659328364, 0, -0, 0.20064727391, 0.43576182201, 0.3630643108],
      [0.02569308334, 0, 0, 0.33389310698, 0.27959092576, 0.36082288392]
    ],
    [
      [0.078752074953, 0.027853619271, 0.00059905902249, 0.00038646498699, 0.89232431849, 8.4463273162e-05],
      [0.0059040918645, 0.01894797435, 0.025337460399, 0.81683181848, 0.089831906404, 0.043146748505],
      [0.038642158875, 0.0086670746, 0.001468066459, 0.0024878182482, 0.94791940327, 0.00081547854445],
      [0.00071260548618, 0.0033694474551, 0.60200650384, 0.11623379929, 0.23635700182, 0.041320642102],
      [0.055914613996, 0.27612240659, 0.05737835171, 0.30070936097, 0.24850769101, 0.061367575723]
    ],
    [
      [0.0953291655, 0.026009722482, 0.00065925683325, 0.00045930472725, 0.87742839405, 0.00011415640582],
      [0.0060748611799, 0.015091938707, 0.023796132707, 0.83003128093, 0.075182134104, 0.049823652371],
      [0.047023558346, 0.0081487754593, 0.0016274497284, 0.0029784114234, 0.93911153282, 0.0011102722215],
      [0.00078370114021, 0.0028682215914, 0.6077425432, 0.1260434852, 0.21155517296, 0.051006875912],
      [0.062887378522, 0.24119334814, 0.058794974412, 0.33284541344, 0.22694121997, 0.077337665526]
    ],
    [
      [0.09116989307, 0.039607852301, 0.00065239659534, 0.00047017264353, 0.86801805036, 8.1635025178e-05],
      [0.0057487286202, 0.022730668717, 0.023287968308, 0.83944175478, 0.073575926443, 0.035214953136],
      [0.045353810503, 0.012512925572, 0.0016237184429, 0.0030738751663, 0.93663519692, 0.00080047340051],
      [0.00076439749177, 0.0044529858729, 0.61275236015, 0.13149588292, 0.21337589274, 0.037158480822],
      [0.054423133428, 0.33166315224, 0.052634940198, 0.30813038371, 0.20315723096, 0.049991159461]
    ],
    [
      [0.089883243642, 0.045318943155, 0.00072438318102, 0.00040868762473, 0.86357503206, 8.9710337079e-05],
      [0.006290434163, 0.02880920314, 0.028669975511, 0.8120414056, 0.081204336625, 0.042984644959],
      [0.044930071552, 0.014368620858, 0.0018098805885, 0.0026822182565, 0.93532612198, 0.00088308676244],
      [0.00070739482723, 0.0047717683586, 0.64991429088, 0.10714945978, 0.19910842375, 0.038348662404],
      [0.052719328038, 0.37360402598, 0.057485135543, 0.26339456938, 0.19866127088, 0.054135670171]
    ],
    [
      [0.034710820908, 0.03594405226, 0.00087528749358, 0.00042270013344, 0.92783222963, 0.00021490956977],
      [0.0022300960405, 0.021026514457, 0.031850986621, 0.77010687014, 0.080210311936, 0.094575220803],
      [0.016647378432, 0.010945663002, 0.0021010744677, 0.0026653777133, 0.96560802418, 0.002032482205],
      [0.00022979138547, 0.003190858781, 0.64555105971, 0.093428894506, 0.18026434081, 0.077335054811],
      [0.020303335338, 0.29694228049, 0.069176672021, 0.27160406751, 0.21289014994, 0.1290834947]
    ],
    [
      [0.068645797944, 0.033676754904, 0.00079177660514, 0.00044517362286, 0.89633354921, 0.00010694771588],
      [0.0044914496659, 0.019987110173, 0.029204791378, 0.81995850446, 0.078735927509, 0.047622216819],
      [0.033618154443, 0.010458182682, 0.001936115842, 0.0028595304474, 0.95009770729, 0.0010303092903],
      [0.00051011999854, 0.0033448609436, 0.64840974094, 0.10989030632, 0.19492786783, 0.042917103973],
      [0.04309050842, 0.29453988014, 0.066988362605, 0.30607279055, 0.2206973634, 0.068611094883]
    ],
    [
      [0.09422576742, 0.034472205704, 0.00086445890607, 0.0005174792306, 0.86982043997, 9.9648774295e-05],
      [0.0053853780717, 0.017958373993, 0.028043604998, 0.84254999686, 0.066909477985, 0.03915316809],
      [0.046689509092, 0.010849781296, 0.00214543722, 0.003373559862, 0.93596733223, 0.00097438029631],
      [0.00063959164022, 0.0031407052119, 0.66847922851, 0.11748589685, 0.17335665252, 0.036897925271],
      [0.054996537218, 0.28523901596, 0.068347467822, 0.33236991421, 0.19908832267, 0.059958742125]
    ],
    [
      [0.11399076198, 0.046701959847, 0.00080641615914, 0.00049833702757, 0.83784535588, 0.00015716911027],
      [0.0066215309807, 0.024612642025, 0.026413757191, 0.81487420417, 0.065342061098, 0.062135804539],
      [0.057837321503, 0.015028064759, 0.002043180525, 0.0033166965764, 0.92020589252, 0.0015688441157],
      [0.00081809300941, 0.0044809099989, 0.63898339399, 0.11882090409, 0.17598100595, 0.060915692967],
      [0.059739858296, 0.34083435169, 0.056975028999, 0.28605233655, 0.17222511917, 0.084173305292]
    ],
    [
      [0.086724728806, 0.057010105639, 0.00093363061883, 0.00041874395706, 0.85489004464, 2.2746341215e-05],
      [0.0059841143275, 0.035880416572, 0.036688821746, 0.83115476973, 0.079438535089, 0.01085334254],
      [0.043556238897, 0.01818805327, 0.0023500424309, 0.0027684787765, 0.93291160889, 0.0002255777396],
      [0.00056229138589, 0.0049633598316, 0.73251573335, 0.091010663202, 0.16285795952, 0.0080899927148],
      [0.04692872517, 0.43977868024, 0.068839924169, 0.25024607742, 0.18142410802, 0.012782484984]
    ]
  ],
  "expected_outcome": [
    [
      [5.9680738766, 5.5175373394, 2.9698095086, 12.9601893433, 4.5533852664, 5.1006198877, 5.2314465828, 13.2256108695, 1.7371939175, 0, 0.17092787876, 0.14483687462, 0.99545819483, 7.5713229858, 3.0332826903, 1.3604381169, 2.6629559119, 6.9672680727, 4.0338813311, 7.6117539844, 3.538666632, 2.4447163878, 7.2142201902, 4.6823229227, 4.0759221661, 4.172198485, 0.2574654888, 0.31262704125, 9.1352406946, 3.241191627, 2.8262666852, 6.9210097604, 0.20826492545, 10.2968696917, 1.9787411158, 13.4509099134, 1.0406967457],
      [1.4666105601, 2.7980943957, 1.5768180131, 4.3550035727, 1.7200824793, 2.588087758, 1.391780402, 4.6921974828, 1.4571581546, 0.046357925496, 0.13247344155, 0.027455991986, 0.37447304534, 2.7952431488, 2.3310116451, 0.77866832283, 0.67750984018, 4.6718831132, 1.6510047107, 3.1485821579, 1.2219189414, 1.3453527675, 2.502183715, 2.2018652391, 2.1041374524, 1.6006015687, 1.1189716089, 0, 3.2310198355, 0.88433056439, 1.2278434213, 3.4895586229, 0.21566431356, 5.0515132356, 0.72391631978, 5.510831262, 0.68412126766],
      [0.044317576036, 0.056533162377, 0.031621487542, 0.10077961783, 0.02386718172, 0.049171279282, 0.029744783131, 0.079003325089, 0.025788236204, 0, 0.0045649230862, 0.00066887184904, 0.009030057778, 0.064493454371, 0.065889455563, 0.0196418824, 0.015278065932, 0.087579286372, 0.040885707784, 0.10762903592, 0.019258973148, 0.031169142232, 0.059692415685, 0.027336523321, 0.048621431439, 0.031999775997, 0.0057431703884, 0, 0.069490846609, 0.022414732331, 0.020224294456, 0.055777504939, 0.0052517249615, 0.11876649077, 0.018153637027, 0.095157106778, 0.011203567426],
      [0.024284887302, 0.023126594504, 0.018487310935, 0.056177221341, 0.018976127556, 0.028128347521, 0.029784381647, 0.069901855198, 0.016164012451, 0.00058674089153, 0.0030114859029, 0.00066778052284, 0.0052911831849, 0.031401139673, 0.028101644214, 0.010252002786, 0.007319730443, 0.040625676723, 0.021143072406, 0.043051863732, 0.014890732889, 0.015914063111, 0.030132000029, 0.022872040924, 0.021088672953, 0.020740895354, 0.0025182794504, 0.0033658688155, 0.044829938491, 0.015616360727, 0.014575351949, 0.031468947105, 0.0025362008006, 0.066776043428, 0.010867063843, 0.058803769253, 0.0050249274847],
      [48.4886977912, 53.5999667443, 36.3983793578, 112.5066259406, 41.6762365273, 60.2302298009, 46.3110881262, 121.9184829373, 30.7591419187, 0.95305533361, 4.6878559365, 0.82603741619, 10.6136356066, 72.5272981921, 59.5334729989, 18.8287207616, 16.6351856723, 91.2205592024, 43.2468818398, 96.0831720201, 27.2025005147, 28.1586134381, 55.1891751143, 42.0608599044, 41.7426788695, 38.1693895564, 8.6153014524, 8.6807052416, 103.5096209452, 29.8325653978, 26.9085595613, 66.4952774687, 5.5669933778, 134.4500323811, 18.2662292393, 98.8657519935, 10.2586805357],
      [0.0080153087047, 0.0047417637581, 0.0048843220527, 0.021224304276, 0.0074524176427, 0.0037629265602, 0.0061557241365, 0.014803530139, 0.0045537605763, 0, 0.0011663342002, 0.0003330648329, 0.0021119122891, 0.01024107919, 0.0082415658902, 0.0022789134772, 0.0017507792707, 0.012084648589, 0.0062033382093, 0.0058109379247, 0.002764205864, 0.004234201333, 0.004596564715, 0.0047433695324, 0.0075514076006, 0.0050697184775, 0, 0.0033018482967, 0.0097977396868, 0.0038813177978, 0.0025306857805, 0.0069076959551, 0.0012894574186, 0.016042157382, 0.0020926242602, 0.018545955012, 0.00027295609458]
    ],
    [
      [0.59310310399, 0.29222406751, 0.45680905858, 1.2817691245, 0.45995616164, 0.35954736102, 2.8059948528, 4.4106606264, 0.37105052272, 0, 0.070030195223, 0.27819069513, 0.67729449551, 1.6579807765, 1.3173189922, 1.3973666282, 1.3581155729, 1.4315536006, 1.6346011082, 2.1662196909, 1.7394819329, 1.737655478, 2.7602058166, 1.2540755777, 1.1761735665, 1.8293446157, 0.032227726552, 0.0075832088229, 2.3557326539, 1.2210470972, 1.5234130843, 0.66678602128, 0.49508132099, 3.3506214508, 0.6462453686, 5.8534333869, 0.3051898307],
      [1.3241749369, 1.3470428837, 2.2061592789, 3.9082418168, 1.5794937697, 1.6575556959, 6.7794510641, 14.1964431938, 2.8319391208, 0.141291525, 0.50438562491, 0.50162494043, 2.3294901195, 5.555756344, 9.192146637, 7.2793624393, 3.1561745993, 8.7144519122, 6.0811490315, 8.1323241287, 5.463400757, 8.6938069185, 8.692983011, 5.3604113776, 5.5218775211, 6.3820707282, 1.2921504498, 0, 7.5602417658, 3.03347968, 6.0236272101, 3.0537755329, 4.6678862095, 14.9103841887, 2.1550048792, 21.7575755498, 1.8299012451],
      [2.4911472818, 1.6947921519, 2.7537241301, 5.6234472793, 1.3671785381, 1.9607492378, 9.0079488475, 14.8562277026, 3.1209620796, 0, 1.0924913799, 0.76494667251, 3.5029940618, 7.9725291969, 16.151174607, 11.4194857385, 4.431088139, 10.1569727861, 9.3646917236, 17.2808262791, 5.355028389, 12.5245732896, 12.8959169, 4.1399769875, 7.9371384264, 7.9357683744, 0.42497746132, 0, 10.109646699, 4.7830226742, 6.1713116017, 3.0390174041, 7.0709190299, 21.7867743678, 3.3652325998, 23.3497613567, 1.871129909],
      [68.6565223186, 35.1227723987, 80.9029706412, 156.9302690081, 54.7535218385, 56.4981968313, 450.5324607335, 656.3412106918, 98.1667938848, 6.4842740013, 36.3464845681, 38.6588013191, 102.8491797783, 194.1840890164, 344.2160338447, 297.9014094371, 106.4844449578, 235.5930019573, 242.1974901389, 345.4315215291, 207.1766351099, 319.5931832734, 325.2938613252, 173.4176602331, 172.2764851449, 257.169144252, 9.786196429, 3.0394576685, 325.9158955726, 166.8362874673, 222.4520650154, 86.0763889938, 170.9637251715, 611.6890443238, 101.1059996235, 720.3487964833, 42.3888932561],
      [6.4757850947, 3.8159988183, 7.5276716746, 14.941683143, 5.660146215, 5.705308379, 33.3649541487, 54.5903488017, 8.8355168158, 0.37443447374, 2.6006890898, 2.1569217921, 9.728871839, 21.3307403065, 34.7256467877, 25.9975752611, 11.4226386368, 25.1723946074, 23.5513592196, 36.7206913678, 17.9750663601, 26.8981840928, 28.3632765024, 15.140928464, 16.1882914641, 22.4927120463, 1.4644479334, 0.28665646616, 35.8429306551, 15.1116089548, 19.4976205074, 8.6076596822, 17.8066892498, 58.7370019219, 8.0291373582, 57.7623820106, 4.0513652895],
      [5.4592672641, 1.7271696798, 5.1526652166, 14.3145896283, 5.179703477, 1.818642495, 22.5091903534, 33.6051089837, 6.6737375763, 0, 3.385919142, 4.6395145807, 9.9121697059, 15.2989043597, 24.3976791314, 16.004800496, 6.1475380941, 16.9316251364, 17.1707087782, 11.2684170045, 9.2903874511, 20.5525969477, 11.9937564448, 8.68694736, 14.9000338771, 15.1909599836, 0, 0.6663026565, 17.2155526535, 10.0145541265, 9.331962581, 4.5563723657, 20.9956990183, 35.5261737469, 4.6983801708, 54.9280512128, 0.55352046953]
    ],
    [
      [24.470728066, 15.3293833638, 10.7178226086, 50.4089389094, 16.3215040368, 15.9722373803, 27.0154944061, 59.2005923577, 6.9669891123, 0, 0.56172891409, 1.0013104436, 4.7571814602, 37.8265413645, 13.4149110297, 7.2180240879, 7.8934485677, 22.1350563881, 14.8905757954, 29.6657684557, 16.6246421134, 13.0568481228, 34.7521949412, 18.1010174843, 12.0275459527, 13.9588831358, 0.63221162948, 0.65550462879, 40.7674776134, 9.498758786, 10.2046073632, 21.4316441302, 4.5946764473, 53.8562834184, 9.0110752547, 67.1491302652, 8.2321291515],
      [3.8142426819, 4.9309674161, 3.6114687422, 10.7414930301, 3.9101997826, 5.1408628781, 4.5599292509, 13.3193305581, 3.7089607474, 0.053623189734, 0.27902719996, 0.12314355146, 1.1384777629, 8.85647106, 6.5401754568, 2.6237955543, 1.2771835398, 9.414758416, 3.8675602358, 7.7827464227, 3.6442648275, 4.5607164925, 7.6461776284, 5.4009893271, 3.9414925981, 3.3993130846, 1.7423419616, 0, 9.143763703, 1.6460526428, 2.8154082536, 6.8538321494, 3.0210029885, 16.7540086566, 2.0940077901, 17.4475831853, 3.4375420681],
      [0.90839798087, 0.78548489389, 0.57086884765, 1.9577416815, 0.42793149942, 0.76974096992, 0.76749196386, 1.7658977508, 0.51749322492, 0, 0.076016880415, 0.023735234934, 0.21652481779, 1.6095730076, 1.4558648017, 0.52136900452, 0.2270760145, 1.3899988156, 0.75456080554, 2.0951764721, 0.45252217009, 0.83233746801, 1.4367090504, 0.52838471474, 0.71751194899, 0.53539121937, 0.071452768528, 0, 1.5488101142, 0.32874484513, 0.36533664966, 0.8633130407, 0.57989655308, 3.1016575789, 0.41406938346, 2.3721325895, 0.44415801943],
      [1.307560486, 0.84407507869, 0.87671352954, 2.8666670971, 0.89367892237, 1.1566526262, 2.0187567272, 4.104351631, 0.85202849186, 0.014476596635, 0.1316903215, 0.062239371411, 0.33324946717, 2.0585913471, 1.6310694306, 0.71482782491, 0.28577463207, 1.6937410491, 1.0250027431, 2.2014980793, 0.91908752013, 1.1163192086, 1.9050575421, 1.1612966833, 0.81748469105, 0.91155321418, 0.082243184775, 0.094185546867, 2.6246482518, 0.60163910752, 0.69162191241, 1.2794181083, 0.73564424887, 4.5809677768, 0.65109705337, 3.8506847251, 0.52324248876],
      [430.8517664873, 322.8505002527, 284.875712135, 947.400766608, 323.9202381258, 408.7284205114, 518.0125664784, 1181.306204058, 267.5945008711, 3.9319002136, 33.8750259362, 12.743003928, 110.3550603515, 784.6418638111, 570.2405410886, 216.6836644507, 107.2139952197, 627.6108000282, 346.0112529611, 810.809146742, 277.1035937825, 325.9883110819, 575.8239972756, 352.4470922024, 267.05692729, 276.8606808107, 46.4717504556, 40.1113937319, 1000.0549704532, 189.7005296298, 210.742919306, 446.1505601857, 266.5078146738, 1522.0565270863, 180.6416951212, 1068.3590412164, 176.3202940794],
      [0.64730429798, 0.25958899488, 0.34741413701, 1.6243926739, 0.52644763302, 0.23208563414, 0.62576117356, 1.3036236443, 0.36002755243, 0, 0.076510747799, 0.046567470594, 0.19950614039, 1.0069594097, 0.71743819254, 0.23831907772, 0.1025220262, 0.75564530297, 0.45104745907, 0.44566382817, 0.25588958637, 0.44546762616, 0.43586356226, 0.36121958815, 0.43903751919, 0.3341785354, 0, 0.1389160924, 0.86032986439, 0.22427498875, 0.18010651511, 0.42123238568, 0.56096508858, 1.6505554831, 0.18805539719, 1.8214280183, 0.042634192784]
    ],
    [
      [0.016212433934, 0.014585041232, 0.016064439159, 0.043493697837, 0.0071229608971, 0.011331019888, 0.047025644694, 0.10334930886, 0.0074700546097, 0, 0.0001767828297, 0.0056252618004, 0.0041537964223, 0.024837991991, 0.029904866142, 0.018565628536, 0.026838661462, 0.028880592343, 0.042805568576, 0.043319337744, 0.064718387955, 0.029393087483, 0.030939332416, 0.039427646429, 0.017716377349, 0.030810255861, 0.00015121414268, 0, 0.038480696254, 0.032915447889, 0.029811502179, 0.012025712063, 0.018383310837, 0.084679919758, 0.014710607725, 0.074446463857, 0.0033737483154],
      [0.053308176927, 0.098994646504, 0.11426028529, 0.19538185937, 0.036009471597, 0.07693684732, 0.16740576518, 0.4901431107, 0.083957290727, 0, 0.0018742648496, 0.014942126573, 0.021039527182, 0.12261538329, 0.30746829605, 0.14249755349, 0.091864608817, 0.25902643959, 0.23459594027, 0.23961018534, 0.29945519017, 0.21666113999, 0.14355951523, 0.24823584769, 0.1225368781, 0.1583557977, 0.0088619871402, 0, 0.18195016257, 0.12046530684, 0.17366644904, 0.081120062097, 0.25526870248, 0.55524691663, 0.072236219873, 0.4077628099, 0.02978015899],
      [13.6880806062, 17.0082246134, 19.3217573532, 37.5866330168, 4.418249848, 12.4533690024, 29.6950731307, 68.1269353423, 12.6429125252, 0, 0.67970485322, 3.3638976136, 4.449106525, 23.6417745441, 71.8662557642, 29.9519416224, 17.5183128742, 40.3296270585, 48.2325935651, 67.7754302387, 39.2296916176, 41.6997609328, 28.5286981663, 25.7478504949, 23.7059940761, 26.4151447391, 0.78972294738, 0, 32.5083512075, 25.5251868142, 23.897342046, 11.0485429449, 51.6440847765, 107.6360169961, 15.3750222557, 58.1474888528, 4.3950944001],
      [2.1988605857, 2.041172962, 3.3370835621, 6.2681374311, 0.99087539908, 2.0832237518, 8.9061750739, 18.1480352671, 2.3201880077, 0, 0.10667838443, 0.9109052501, 0.74092619704, 3.425925838, 9.2149008406, 4.6660918898, 2.4725763031, 5.600782207, 7.4735562644, 8.1452935241, 9.0788516552, 6.3738067863, 4.2987238548, 6.4173520566, 3.0552902708, 5.1042494495, 0.050956280473, 0, 6.2766251616, 5.2938263783, 5.1283394337, 1.8215408163, 7.4743115605, 18.2417908484, 2.7021756276, 10.8127022722, 0.54606397921],
      [3.8596999479, 4.1532675732, 5.7731856184, 11.0524990726, 1.9114977044, 3.9204776952, 12.1909377295, 27.8834382305, 3.8794620345, 0, 0.14370431628, 0.958724229, 1.3023161447, 6.9663795766, 17.1865767489, 7.5333913239, 4.9262585069, 11.0713330218, 13.4483708906, 16.0083127553, 14.5843903405, 9.9215723982, 6.9313258216, 10.3800436303, 5.3175446571, 8.2611732413, 0.15030757086, 0, 12.7632780985, 8.8853172644, 8.321659817, 3.3848432037, 14.4211472649, 32.3580260595, 3.9872030078, 16.0142715413, 0.97714775712],
      [1.1838382492, 0.68375516361, 1.4376487419, 3.8538549223, 0.63624461609, 0.45466168335, 2.9933826561, 6.2480987405, 1.0660100873, 0, 0.067861398383, 0.74590551897, 0.48245780964, 1.818466666, 4.3948934841, 1.6875119819, 0.96414904557, 2.7103506808, 3.5680777711, 1.7880339589, 2.7428928085, 2.7588056551, 1.0667533096, 2.1670903241, 1.7809177405, 2.0302665166, 0, 0, 2.2313146735, 2.1422887883, 1.449180752, 0.65192726087, 6.1868043849, 7.1242392596, 0.84865228123, 5.54332806, 0.048539956289]
    ],
    [
      [2.8947465407, 1.6420718316, 1.8044837952, 6.1521173306, 1.2983386704, 2.2964476457, 8.1714220075, 9.9425925709, 0.97865164505, 0, 0.29821519485, 0.90660792469, 1.5648498009, 4.8220887591, 4.3072056212, 3.3350003936, 3.2941277004, 4.730556501, 3.2586119998, 5.9672759826, 4.7285941419, 3.4364920219, 6.5142860262, 2.6741225804, 3.8235937085, 4.1800330452, 0.019933606649, 0.02569308334, 5.9828636976, 4.0247922254, 4.3538506742, 2.5305277458, 0.69031340151, 8.0579250745, 1.759889191, 17.2050791892, 1.2670755796],
      [10.0153391603, 11.7744275327, 13.5135387216, 28.879582626, 6.9583903439, 16.3920286286, 30.3571845217, 49.1644171745, 11.6036496477, 0.98253492526, 3.3911026624, 2.5747680466, 8.371325553, 24.9003268265, 46.2035365797, 26.75253686, 11.876257737, 44.3106615035, 18.7065915884, 34.4590891469, 22.9110213984, 26.4890968955, 31.5861193033, 17.6766505855, 27.6735541169, 22.4844105335, 1.4333030577, 0, 29.5450975049, 15.4363742807, 26.5330521796, 17.9329932473, 10.0960375366, 55.0789575867, 9.1276485107, 98.1602932867, 11.8740243665],
      [2.9079012924, 2.2767750789, 2.5986220288, 6.4541001338, 0.9243509724, 2.9956018619, 6.2693222756, 8.0064483307, 1.9668988048, 0, 1.1085803837, 0.58246924001, 1.9313277645, 5.5450443037, 12.6196349707, 6.5060587625, 2.5614851435, 8.0232462799, 4.458757962, 11.3791364324, 3.475609111, 5.9156300447, 7.2754965484, 2.1089616855, 6.1637677895, 4.3309623117, 0.063782610691, 0, 6.139483633, 3.7628783624, 4.2107952158, 2.759286506, 2.3520068487, 12.5268238072, 2.1871189703, 16.4088083516, 1.8586779526],
      [12.9526623145, 7.5906550369, 12.3535306493, 29.2446423367, 5.9590726847, 13.9341912077, 50.9930626801, 57.5609261319, 10.0124715554, 0.68489902747, 5.8605265148, 4.709360943, 9.1643614658, 21.931006321, 43.7395878937, 27.5822993764, 9.9699916361, 30.2422593302, 18.7384523452, 36.9887432081, 21.8411988551, 24.5381997796, 29.8285235253, 14.3386355886, 21.7164716793, 22.8015089233, 0.22154739121, 0.33389310698, 32.1759016243, 21.30210646, 24.650430697, 12.6429393304, 9.2345382953, 57.2356118326, 10.6358372547, 82.3830729274, 6.7566440904],
      [9.224737544, 6.2563215158, 8.6736266546, 20.9480337085, 4.6609208079, 10.6356544063, 28.3706220202, 35.9505723567, 6.7960055995, 0.33256604728, 3.1964066171, 2.0080063848, 6.5397628697, 18.1183101366, 33.1556041412, 18.0972876762, 8.0652806559, 24.2920695588, 13.7014491818, 29.5448120666, 14.2552106586, 15.523190919, 19.5461486196, 9.4213521724, 15.3549139162, 14.9960023384, 0.26143333376, 0.27959092576, 26.5903229378, 14.5242380778, 16.2525784765, 9.5357410023, 7.238265098, 41.2704069559, 6.3708263253, 49.600834321, 4.8984509164],
      [4.0046131482, 1.4597490041, 3.0561981505, 10.3215238645, 2.1989265206, 1.7460762498, 9.838386495, 11.3750434353, 2.6423227476, 0, 2.1451686272, 2.2187874609, 3.428372546, 6.6832236531, 11.9744307934, 5.7268169314, 2.2328571271, 8.4012068267, 5.1361369228, 4.6609431634, 3.7883658349, 6.0973903393, 4.2494259772, 2.7802773877, 7.2676987897, 5.2070828479, 0, 0.36082288392, 6.5663306023, 4.9496105937, 3.9992927568, 2.5985121682, 4.3888388199, 12.8302747432, 1.918679748, 24.2419119241, 0.34512709457]
    ]
  ],
  "prob": [
    [0.085591781789, 0.036649177664, 0.00078168527898, 0.00045532086126, 0.87640659245, 0.00011544196073],
    [0.005483103128, 0.021281701122, 0.028200323424, 0.81944363536, 0.075346007016, 0.050245229948],
    [0.042436596822, 0.011519995239, 0.0019342274908, 0.0029595911825, 0.94002419946, 0.001125389801],
    [0.00064247922618, 0.0036748300502, 0.64313263379, 0.11341101543, 0.1924230341, 0.046716007403],
    [0.051567743923, 0.30668950047, 0.063424983715, 0.30022483723, 0.20711908864, 0.070973846025]
  ],
  "iterations": 119,
  "time": 0.000422,
  "message": "Converged",
  "status": 0,
  "miniter": 0,
  "maxiter": 1000,
  "maxtime": 3600,
  "param_threshold": 0.001,
  "ll_threshold": "-Inf",
  "initial_prob": "group_proportional",
  "candidates_id": ["THOMPSON, John Stanley.c", "GRIMWOOD, Rachel Louise.c", "CATCHPOLE, Brent Stanley.c", "HEREORA, David.c", "COLLINS, Judith Anne.c", "Other candidates votes.c"],
  "group_id": ["ACT New Zealand.p", "Labour Party.p", "National Party.p", "New Zealand First Party.p", "Other parties votes.p"]
}
