{
  "X": [
    [0, 16, 20, 30, 134, 184],
    [0, 10, 15, 45, 129, 127],
    [0, 6, 49, 36, 155, 173],
    [0, 12, 28, 39, 106, 144],
    [2, 11, 13, 24, 85, 152],
    [1, 7, 13, 25, 77, 160],
    [0, 20, 19, 29, 67, 116],
    [1, 8, 19, 41, 92, 123],
    [1, 20, 53, 53, 115, 150],
    [0, 8, 48, 60, 125, 136],
    [1, 27, 34, 45, 125, 166],
    [0, 6, 16, 63, 80, 108],
    [1, 0, 17, 30, 130, 133],
    [0, 7, 49, 65, 132, 166],
    [0, 14, 32, 46, 100, 146],
    [0, 5, 61, 94, 127, 135],
    [1, 10, 24, 80, 88, 136],
    [0, 17, 12, 52, 91, 158],
    [1, 15, 23, 72, 95, 144],
    [1, 10, 58, 76, 88, 102],
    [0, 16, 18, 54, 75, 174],
    [2, 14, 14, 24, 85, 164],
    [0, 19, 20, 33, 101, 179],
    [0, 15, 29, 21, 96, 122],
    [0, 17, 9, 17, 77, 122],
    [0, 27, 27, 38, 104, 156],
    [0, 37, 24, 42, 94, 160],
    [2, 10, 16, 45, 111, 160],
    [0, 0, 25, 66, 94, 130],
    [0, 6, 43, 167, 83, 93],
    [0, 6, 24, 135, 71, 96],
    [0, 10, 15, 67, 104, 140],
    [0, 8, 13, 131, 102, 107],
    [0, 13, 40, 159, 72, 90],
    [1, 17, 17, 43, 121, 178],
    [0, 5, 5, 32, 84, 118],
    [0, 9, 11, 29, 96, 97],
    [0, 13, 25, 43, 105, 158],
    [0, 18, 14, 32, 80, 115],
    [0, 14, 8, 13, 67, 130],
    [0, 7, 12, 39, 81, 115],
    [0, 22, 6, 17, 93, 124],
    [1, 13, 6, 12, 126, 97],
    [0, 8, 12, 24, 101, 131],
    [0, 8, 32, 41, 84, 116],
    [0, 22, 43, 37, 117, 138],
    [0, 22, 33, 25, 80, 134],
    [0, 24, 21, 26, 91, 140],
    [0, 9, 31, 31, 95, 171],
    [0, 10, 24, 21, 98, 204],
    [3, 33, 19, 20, 119, 245],
    [1, 16, 28, 21, 122, 204],
    [1, 21, 16, 20, 138, 185],
    [0, 12, 17, 13, 99, 184],
    [0, 28, 23, 37, 115, 230],
    [0, 33, 14, 19, 91, 249],
    [0, 16, 34, 37, 83, 123],
    [1, 14, 26, 16, 84, 142],
    [0, 7, 17, 17, 63, 148],
    [0, 34, 16, 18, 88, 192],
    [1, 20, 32, 14, 91, 205],
    [0, 35, 12, 19, 67, 169],
    [0, 32, 17, 18, 98, 173],
    [6, 137, 586, 696, 1706, 2756]
  ],
  "W": [
    [11, 18, 124, 162, 69],
    [13, 31, 109, 107, 66],
    [42, 25, 140, 153, 59],
    [16, 23, 105, 125, 60],
    [13, 11, 78, 126, 59],
    [19, 17, 78, 128, 41],
    [14, 22, 63, 98, 54],
    [15, 27, 92, 118, 32],
    [49, 37, 116, 136, 54],
    [47, 38, 121, 113, 58],
    [27, 25, 124, 145, 77],
    [16, 33, 83, 103, 38],
    [15, 19, 109, 119, 49],
    [36, 31, 132, 138, 82],
    [26, 31, 105, 128, 48],
    [48, 61, 130, 120, 63],
    [23, 56, 80, 121, 59],
    [14, 34, 93, 150, 39],
    [24, 40, 85, 134, 67],
    [52, 47, 97, 84, 55],
    [12, 31, 95, 164, 35],
    [7, 16, 81, 142, 57],
    [15, 20, 104, 140, 73],
    [24, 13, 87, 104, 55],
    [7, 14, 79, 114, 28],
    [23, 23, 103, 123, 80],
    [24, 21, 90, 155, 67],
    [20, 21, 100, 146, 57],
    [21, 41, 97, 107, 49],
    [42, 86, 115, 100, 49],
    [30, 65, 89, 96, 52],
    [12, 41, 111, 126, 46],
    [21, 73, 100, 116, 51],
    [42, 77, 94, 119, 42],
    [9, 28, 114, 161, 65],
    [3, 18, 73, 116, 34],
    [9, 21, 91, 90, 31],
    [22, 33, 102, 144, 43],
    [15, 20, 71, 105, 48],
    [6, 10, 71, 113, 32],
    [9, 28, 73, 114, 30],
    [6, 12, 94, 117, 33],
    [4, 4, 121, 82, 44],
    [11, 16, 98, 118, 33],
    [31, 26, 80, 94, 50],
    [37, 36, 107, 131, 46],
    [30, 20, 75, 121, 48],
    [25, 14, 91, 123, 49],
    [22, 21, 91, 147, 56],
    [20, 15, 96, 178, 48],
    [22, 11, 121, 221, 64],
    [23, 20, 117, 179, 53],
    [12, 15, 137, 165, 52],
    [11, 10, 89, 169, 46],
    [17, 24, 108, 195, 89],
    [6, 13, 95, 218, 74],
    [30, 23, 84, 111, 45],
    [21, 12, 77, 128, 45],
    [12, 13, 54, 148, 25],
    [17, 13, 84, 168, 66],
    [26, 10, 93, 173, 61],
    [10, 11, 78, 153, 50],
    [13, 12, 92, 174, 47],
    [541, 422, 1582, 2496, 846]
  ],
  "method": "mvn_pdf",
  "cond_prob": [
    [
      [0.00047606263655, 7.708230456e-09, 0.9193988613, 0.065805348744, 0.0018985749679, 0.012421144648],
      [2.2503458637e-96, 1.2172649667e-16, 0.12084782119, 0.66204640051, 0.21702989647, 7.5881828807e-05],
      [1.442397412e-10, 0.03193373837, 0.0078501135302, 0.057787318215, 0.84952596353, 0.052902866211],
      [8.8808106162e-05, 0.035038875541, 5.1509545674e-09, 0.044592467536, 0.026250995601, 0.89402884806],
      [0.00040629290758, 0.088437873463, 0.094908872591, 0.064625217315, 0.28913459707, 0.46248714666]
    ],
    [
      [0.00069630677362, 1.1951162636e-08, 0.80604786149, 0.16739084496, 0.0043888405053, 0.021476134319],
      [1.4307385279e-96, 8.2366321164e-17, 0.046999146935, 0.73388686571, 0.21905676848, 5.721887252e-05],
      [9.3017107077e-11, 0.021901176554, 0.0031134838132, 0.064755147192, 0.86977883599, 0.040451356358],
      [7.2799483093e-05, 0.030572799353, 2.5989136938e-09, 0.063463676547, 0.034122189584, 0.87176853243],
      [0.00031799723178, 0.073922013397, 0.045585633696, 0.088199682769, 0.36061770495, 0.43135696796]
    ],
    [
      [0.00066208451123, 4.5990184146e-09, 0.91779198925, 0.067432414593, 0.0021682918673, 0.011945215179],
      [2.9389356041e-96, 6.9440272723e-17, 0.11898653542, 0.64409181423, 0.23685194123, 6.9709127105e-05],
      [1.7737033716e-10, 0.01720527556, 0.0073094560426, 0.053217111138, 0.87632233326, 0.045945823824],
      [0.00012629027397, 0.021838882686, 5.5484636082e-09, 0.047483523381, 0.031317018818, 0.89923427929],
      [0.00056054743576, 0.053096830204, 0.098389272723, 0.066457255122, 0.33300558188, 0.44849051263]
    ],
    [
      [0.00029533130565, 4.1396620431e-09, 0.93824638394, 0.05316028581, 0.00097087447195, 0.0073271203372],
      [1.8164138799e-96, 8.4876090842e-17, 0.16055780535, 0.69533984257, 0.14404423638, 5.8115698085e-05],
      [1.6635403444e-10, 0.031902677307, 0.014871626069, 0.086660985315, 0.80853863544, 0.058026075699],
      [9.2265083772e-05, 0.031540121193, 8.7845128696e-09, 0.060169468183, 0.022475856725, 0.88572228003],
      [0.0004082760144, 0.076895905625, 0.15709252761, 0.084353939138, 0.23918475683, 0.44206459477]
    ],
    [
      [0.15180324206, 1.2964985415e-08, 0.69151403389, 0.12751869314, 0.0030481493202, 0.026115868626],
      [3.8040806744e-94, 1.1850140255e-16, 0.052370984393, 0.74555794553, 0.20197873919, 9.2330886303e-05],
      [2.5463368825e-08, 0.03250003125, 0.0035659039481, 0.067385734389, 0.82931377554, 0.067234529415],
      [0.012479415273, 0.028107658606, 1.8452126655e-09, 0.04095965566, 0.020077876673, 0.89837539194],
      [0.065162029658, 0.078076205766, 0.037136571451, 0.065289469971, 0.24349961048, 0.51083611268]
    ],
    [
      [0.020144138032, 2.348966834e-08, 0.6810374828, 0.21876000839, 0.0053134106873, 0.074744936599],
      [3.0682739285e-95, 1.2804889135e-16, 0.030858392021, 0.75893715712, 0.21004697108, 0.00015747977965],
      [1.8937847233e-09, 0.032451551151, 0.0019411330407, 0.063266887282, 0.79640441946, 0.10593600717],
      [0.00061284072498, 0.018617377854, 6.6613108873e-10, 0.025480347465, 0.012763963539, 0.94252546975],
      [0.0039177912581, 0.064689940562, 0.016632382815, 0.050771244062, 0.19344410568, 0.67054453562]
    ],
    [
      [0.00045874541783, 2.1524626967e-08, 0.89162557255, 0.089201017267, 0.001899250849, 0.016815392397],
      [1.7525864218e-96, 2.7513696562e-16, 0.094462670325, 0.7294088979, 0.17604529186, 8.3139913135e-05],
      [1.2572230804e-10, 0.08130770581, 0.0068545598066, 0.07067339361, 0.7761354737, 0.065028866951],
      [6.0755442031e-05, 0.070133377072, 3.5315060195e-09, 0.042761377338, 0.01871145389, 0.86833303273],
      [0.00028845152123, 0.1853954526, 0.067687801078, 0.064627001793, 0.21497286068, 0.46702843233]
    ],
    [
      [0.010023178845, 6.4600968627e-09, 0.87629461519, 0.099548584337, 0.0018319235218, 0.012301691651],
      [3.3540440644e-95, 7.7079837891e-17, 0.085521828349, 0.75617342563, 0.15824798794, 5.6758081952e-05],
      [2.8435551471e-09, 0.026891925144, 0.0073381392371, 0.087062951788, 0.82615995161, 0.052547029374],
      [0.0017334453311, 0.029000030613, 4.7154368141e-09, 0.065770933766, 0.024878374853, 0.87861721072],
      [0.0082172341424, 0.073805493085, 0.087953062926, 0.096346678541, 0.27706436587, 0.45661316543]
    ],
    [
      [0.004453590772, 1.2146704856e-08, 0.89092365319, 0.089804180798, 0.0017253581424, 0.013093204955],
      [1.6691247438e-95, 1.5766727314e-16, 0.10017147304, 0.73782234343, 0.16194049417, 6.5689363417e-05],
      [1.3441497618e-09, 0.05233085574, 0.0082175235497, 0.081255959205, 0.80034694429, 0.057848715874],
      [0.00073658083099, 0.051031195503, 4.78933191e-09, 0.055638685715, 0.021970356561, 0.8706231766],
      [0.003443974822, 0.12994234071, 0.088546835756, 0.081298634954, 0.24364090417, 0.45312730959]
    ],
    [
      [0.00077871410698, 6.9035000487e-09, 0.85363635896, 0.1273506074, 0.0022617070644, 0.015972605567],
      [2.1934500212e-96, 6.611704587e-17, 0.070955470061, 0.77236768539, 0.15661772699, 5.9117561723e-05],
      [1.8830886079e-10, 0.023328418118, 0.0062119883825, 0.090565694056, 0.82443684129, 0.055457057964],
      [0.00010916241958, 0.024120817052, 3.8398853327e-09, 0.065736123571, 0.024003628923, 0.88603026419],
      [0.00052859576074, 0.064083184248, 0.074176340612, 0.10050286571, 0.27852379201, 0.48218522166]
    ],
    [
      [0.0046115710015, 1.4829679649e-08, 0.8894089746, 0.091006715242, 0.0017851917942, 0.013187532531],
      [1.7090450621e-95, 1.8922420266e-16, 0.097345719941, 0.73785707406, 0.16473213419, 6.507181159e-05],
      [1.3505601656e-09, 0.06136813261, 0.0078266951712, 0.079487794648, 0.79529638324, 0.056020992982],
      [0.00075750664073, 0.061185288964, 4.6694595054e-09, 0.055723132633, 0.022378037633, 0.85995602946],
      [0.0034583884906, 0.15228040053, 0.084384686383, 0.079513347153, 0.24236743363, 0.43799574381]
    ],
    [
      [0.0003470591074, 6.8364748196e-09, 0.74076892347, 0.24211493406, 0.0021811303609, 0.014587946159],
      [5.9066181957e-97, 3.8759135712e-17, 0.035098729478, 0.87546486185, 0.089404419125, 3.1989547581e-05],
      [8.178001358e-11, 0.022023229784, 0.0049482368876, 0.16388188948, 0.76088285931, 0.048263784452],
      [5.0520770541e-05, 0.024309723443, 3.2550558242e-09, 0.12657768399, 0.023479137188, 0.82558293136],
      [0.0002315755041, 0.061919249511, 0.060493274871, 0.18580624222, 0.26180682712, 0.42974283077]
    ],
    [
      [0.0096908138756, 5.4427349235e-09, 0.84584766547, 0.1218555378, 0.0043192111142, 0.018286766296],
      [2.3769787636e-95, 4.6990258702e-17, 0.060450183098, 0.66917678742, 0.27031200403, 6.1025457355e-05],
      [1.291474326e-09, 0.010444884933, 0.0033386894965, 0.049385864127, 0.90072718104, 0.03610337911],
      [0.0011575245507, 0.016595185107, 3.16983427e-09, 0.055095456188, 0.0400537724, 0.88709805858],
      [0.0049696893097, 0.038479036469, 0.053647021342, 0.073635380766, 0.40773579376, 0.42153307835]
    ],
    [
      [0.00051229135368, 2.887802523e-09, 0.90976490638, 0.081129625912, 0.0010167986896, 0.007576374781],
      [2.2762989457e-96, 4.3257804393e-17, 0.11799246926, 0.77192889584, 0.11003474281, 4.3892091947e-05],
      [2.6596563871e-10, 0.020711141393, 0.014035373239, 0.12317625897, 0.78616434931, 0.055912876824],
      [0.00015065649761, 0.020909887149, 8.4762298698e-09, 0.087399158148, 0.022421225074, 0.86911906466],
      [0.00067207993293, 0.051019338708, 0.15110137594, 0.12282547846, 0.23887802946, 0.4355036975]
    ],
    [
      [0.00049804289509, 8.5503223933e-09, 0.89719102932, 0.087139494993, 0.001475367588, 0.013696056656],
      [2.0030153402e-96, 1.1612786842e-16, 0.10310486447, 0.75188108144, 0.14494213033, 7.1923763095e-05],
      [1.7743561208e-10, 0.042343398176, 0.0092717875384, 0.090753733947, 0.78803117568, 0.069599904484],
      [8.261286651e-05, 0.035155886743, 4.5979989732e-09, 0.052877798414, 0.018387170954, 0.89349652642],
      [0.00041387971492, 0.097108497439, 0.092541319233, 0.083893998004, 0.22136971521, 0.5046725904]
    ],
    [
      [0.00050035718339, 2.3205580081e-09, 0.90273713475, 0.089899056659, 0.00091266049388, 0.0059507885881],
      [2.0745825842e-96, 3.2488412024e-17, 0.11040398393, 0.79730009591, 0.092263706183, 3.2213974284e-05],
      [2.8266135381e-10, 0.018171598603, 0.015334558047, 0.14872888917, 0.76982414293, 0.047940810966],
      [0.00017928973302, 0.020560074076, 1.0361081686e-08, 0.11804771648, 0.024576812602, 0.83663609675],
      [0.0007400985408, 0.046325495721, 0.17071272312, 0.15345313301, 0.24208128047, 0.38668726914]
    ],
    [
      [0.0069583763813, 9.3546338865e-09, 0.77318503803, 0.19994335951, 0.0024285479845, 0.017484668743],
      [1.3275895632e-95, 6.1856096444e-17, 0.044124667343, 0.83970714521, 0.11612347646, 4.4710981492e-05],
      [1.4695446152e-09, 0.028061214218, 0.0049775209488, 0.12637397742, 0.78668615334, 0.053901132608],
      [0.00085077837009, 0.028891758236, 3.0571050411e-09, 0.091138724455, 0.022736157362, 0.85638257852],
      [0.0041255885987, 0.076074975909, 0.058496377145, 0.13807492399, 0.26150928308, 0.46171885128]
    ],
    [
      [0.00070076067779, 2.7365760522e-08, 0.73053579245, 0.23168071906, 0.0038348792366, 0.033247821208],
      [1.1497236691e-96, 1.5115810281e-16, 0.033660853815, 0.81300627791, 0.15326184632, 7.1021952026e-05],
      [9.6517238378e-11, 0.052083851341, 0.0028799027292, 0.092520107592, 0.78763702649, 0.06487911175],
      [4.7370939112e-05, 0.045629070114, 1.5056258016e-09, 0.056838376538, 0.019335079463, 0.87815010144],
      [0.00024088164234, 0.12935301488, 0.030802810555, 0.092326271907, 0.23876645449, 0.50851056653]
    ],
    [
      [0.0064457516766, 1.2812455712e-08, 0.74245935251, 0.23114948163, 0.0028385311627, 0.017106870199],
      [1.0724338535e-95, 7.3689931554e-17, 0.03678957457, 0.84513025005, 0.11804212082, 3.8054558511e-05],
      [1.1753056362e-09, 0.033084724156, 0.0041137840469, 0.12577410511, 0.79164608733, 0.045381298181],
      [0.00078347918349, 0.039237434805, 2.9141565759e-09, 0.10465023258, 0.02638060695, 0.82894824356],
      [0.0035375323657, 0.096449904987, 0.051962125755, 0.14781068839, 0.28307320466, 0.41716654385]
    ],
    [
      [0.0036949666775, 4.4699463917e-09, 0.87968600429, 0.10776203307, 0.0009273723196, 0.0079296191766],
      [1.2922497399e-95, 5.3984191743e-17, 0.092660607528, 0.82639328498, 0.080909088291, 3.7019201952e-05],
      [1.892587168e-09, 0.032617016046, 0.013827382428, 0.16524025229, 0.72891934347, 0.059396003874],
      [0.00097584848089, 0.029933972284, 7.5774019425e-09, 0.10627421167, 0.018827298682, 0.84398866131],
      [0.0044709682516, 0.074305526927, 0.13720441131, 0.15194188488, 0.20386186844, 0.42821534019]
    ],
    [
      [0.0003192617418, 9.1075478843e-09, 0.88314334096, 0.10172528585, 0.00095695709461, 0.013855145254],
      [1.217765327e-96, 1.1531228616e-16, 0.091612125004, 0.8208156755, 0.087504301336, 6.7898161514e-05],
      [1.5635496124e-10, 0.060894008255, 0.011893208694, 0.14311749908, 0.68905816989, 0.095037113925],
      [5.3160676221e-05, 0.036920132624, 4.2988757895e-09, 0.060856339161, 0.011732019276, 0.89043834396],
      [0.00028454256856, 0.10969512503, 0.093416784601, 0.10377742437, 0.15162867568, 0.54119744776]
    ],
    [
      [0.12151086027, 7.783429469e-09, 0.80621243378, 0.057872623985, 0.0014220788039, 0.01298199537],
      [6.1951721315e-94, 1.442593599e-16, 0.12172184923, 0.68715358756, 0.19103144036, 9.3122852547e-05],
      [4.3132053878e-08, 0.041156192263, 0.0085537819536, 0.06479598828, 0.81497705974, 0.070516934629],
      [0.020031262739, 0.033661070444, 4.1796677863e-09, 0.037236829001, 0.018674518408, 0.89039631523],
      [0.097852019393, 0.086946233143, 0.078919094638, 0.055183250311, 0.21040778242, 0.4706916201]
    ],
    [
      [0.00076241635049, 1.483800231e-08, 0.87174676203, 0.10170256288, 0.0020305632795, 0.023757680628],
      [2.6070789331e-96, 1.7072792293e-16, 0.084635892816, 0.74617487003, 0.16908350215, 0.00010573499842],
      [1.9636790861e-10, 0.05270456952, 0.0064772718397, 0.07632008908, 0.77782549926, 0.086672570107],
      [7.5219269076e-05, 0.035972859191, 2.6462761363e-09, 0.036622174422, 0.014962840285, 0.91236690419],
      [0.00041506756791, 0.10956994016, 0.05847275421, 0.063961723076, 0.19831992519, 0.56926058979]
    ],
    [
      [0.00051253405434, 1.1159495976e-08, 0.91370635807, 0.069967174817, 0.0021564546611, 0.013657467238],
      [2.2312997977e-96, 1.6449611178e-16, 0.11248833854, 0.65695279438, 0.23048104629, 7.7820793809e-05],
      [1.3344476348e-10, 0.040517961385, 0.0068173087031, 0.053358497818, 0.84846150727, 0.050844724686],
      [8.4213480495e-05, 0.045603078346, 4.5881285965e-09, 0.042194010627, 0.0267293628, 0.88538933016],
      [0.00038045675051, 0.11382955203, 0.083344448542, 0.06040084463, 0.29113077463, 0.45091392342]
    ],
    [
      [0.00027017869006, 2.8008267295e-08, 0.87968129189, 0.092855485361, 0.0028386281899, 0.024354387859],
      [9.4727666446e-97, 3.2281969904e-16, 0.077671238416, 0.68472244725, 0.23749774333, 0.00010857100452],
      [5.2221574851e-11, 0.073418694571, 0.0043094362821, 0.050921332055, 0.80609035303, 0.065260184007],
      [2.5508175989e-05, 0.064071069925, 2.2425879086e-09, 0.031168268066, 0.019566403708, 0.88516874788],
      [0.00012376486774, 0.17651298798, 0.044771137856, 0.049027528188, 0.2345131597, 0.49505142141]
    ],
    [
      [0.00085466759208, 2.3666639548e-08, 0.86360048656, 0.11214791855, 0.0022598718301, 0.021137031805],
      [2.6594334753e-96, 2.4875912144e-16, 0.07768802169, 0.75034303099, 0.17188303655, 8.5910772803e-05],
      [1.9618600918e-10, 0.075325787592, 0.0058316345498, 0.075223656389, 0.77459711317, 0.0690218081],
      [9.0657973168e-05, 0.062041072089, 2.8754635478e-09, 0.043557064545, 0.01799072541, 0.87632047711],
      [0.00044952535739, 0.16982748049, 0.056952702469, 0.068272191151, 0.21403915853, 0.490458942]
    ],
    [
      [0.0009029030578, 5.2193682843e-08, 0.81968339681, 0.15603700048, 0.0030110697408, 0.020365577719],
      [2.0827389342e-96, 4.0778505637e-16, 0.054494108085, 0.77520812851, 0.17023621993, 6.1543472256e-05],
      [1.5012523547e-10, 0.12083509204, 0.0040007959063, 0.075869871478, 0.7510006188, 0.048293621618],
      [8.9648490764e-05, 0.12873118106, 2.5490314748e-09, 0.056817408013, 0.022495359776, 0.79186640011],
      [0.00036869372676, 0.29327260372, 0.041891412742, 0.073944072555, 0.22256761099, 0.36795560627]
    ],
    [
      [0.10220368544, 1.3375113737e-08, 0.65160895694, 0.21542164069, 0.0044016782674, 0.026364025291],
      [1.62552763e-94, 7.6706207417e-17, 0.031637046651, 0.78555952718, 0.18274496295, 5.8463220165e-05],
      [1.2281610672e-08, 0.023721550387, 0.0024410439202, 0.080486961628, 0.84530752715, 0.048042904634],
      [0.0081506958186, 0.027849682934, 1.713735954e-09, 0.066378429145, 0.027844999641, 0.86977619075],
      [0.038684802224, 0.0707624758, 0.031520849507, 0.096909134558, 0.30929877661, 0.45282396131]
    ],
    [
      [0.00044764480773, 3.5101382671e-09, 0.83061408024, 0.15202721815, 0.0016474990741, 0.015263554219],
      [1.1542294086e-96, 3.0333086612e-17, 0.061038994256, 0.83598276823, 0.10292723256, 5.1004952055e-05],
      [1.4093519496e-10, 0.015179896188, 0.0075804053007, 0.13870745767, 0.77060119892, 0.06793104178],
      [6.6603369956e-05, 0.012798185406, 3.8144636579e-09, 0.081937691519, 0.018245786351, 0.88695172954],
      [0.00034569312161, 0.036566078759, 0.079696859455, 0.13515047384, 0.22824118581, 0.51999970902]
    ],
    [
      [0.00035873085672, 2.0347966717e-09, 0.70831241613, 0.28700004057, 0.0006446659294, 0.0036841444776],
      [5.543567043e-97, 1.0535887272e-17, 0.032231774285, 0.94370742841, 0.024053416869, 7.3804408254e-06],
      [1.8999241777e-10, 0.014820489998, 0.011286044486, 0.44150736814, 0.50478339561, 0.027602701577],
      [0.0001392091463, 0.019397596129, 8.7998400465e-09, 0.40427746571, 0.018633545025, 0.55755217519],
      [0.00049639533795, 0.037777840874, 0.12552260965, 0.45513791201, 0.15874797407, 0.22231726806]
    ],
    [
      [0.00037956704522, 3.7403635943e-09, 0.55217904269, 0.4390362085, 0.0011460469303, 0.0072591310868],
      [3.8740622354e-97, 1.2782377023e-17, 0.016468091206, 0.95528536862, 0.028236942714, 9.5974579706e-06],
      [1.2107024946e-10, 0.016372086936, 0.0052610225568, 0.40519405758, 0.54049759898, 0.032675233833],
      [8.2671159487e-05, 0.0199775839, 3.8252696257e-09, 0.34576088767, 0.018553903695, 0.61562494975],
      [0.0003306295596, 0.043920123465, 0.061355780631, 0.43888768378, 0.17841061356, 0.27709516901]
    ],
    [
      [0.00043936018507, 9.0477908786e-09, 0.79360085611, 0.18557895959, 0.0021532857014, 0.018227529369],
      [9.4154429409e-97, 6.4477548598e-17, 0.047549197289, 0.84147668458, 0.11092387854, 5.0239596109e-05],
      [1.0723469526e-10, 0.030086733642, 0.0055108293678, 0.13008642227, 0.77204516576, 0.062270848858],
      [5.4366964988e-05, 0.027207101259, 2.9748456386e-09, 0.08248037093, 0.019633983268, 0.8706241746],
      [0.00027181775184, 0.075520115852, 0.060094042543, 0.13165901236, 0.23782739372, 0.49462761777]
    ],
    [
      [0.00043664782963, 7.0473728481e-09, 0.50710962461, 0.47899513808, 0.0027679090296, 0.010690673405],
      [3.9766239981e-97, 2.1463746495e-17, 0.013422808624, 0.92571046081, 0.060854137489, 1.2593081919e-05],
      [7.6275951663e-11, 0.016831419651, 0.0026361574347, 0.241279409, 0.7129984864, 0.026254527444],
      [6.990741101e-05, 0.027575212528, 2.5728822219e-09, 0.27651652696, 0.032817308445, 0.66302104208],
      [0.00026055649563, 0.056836303992, 0.038541539324, 0.32859558268, 0.29613841692, 0.27962760059]
    ],
    [
      [0.00032325446189, 3.1987460407e-09, 0.6744476342, 0.32183127018, 0.00071121519553, 0.0026866227709],
      [4.4755730864e-97, 1.4847562179e-17, 0.027409489595, 0.94880853666, 0.023777147405, 4.8263428643e-06],
      [1.5455483922e-10, 0.02107877598, 0.0096716982849, 0.44687295692, 0.50419501267, 0.018181555981],
      [0.00013766762542, 0.033589347939, 9.164804182e-09, 0.49755616201, 0.022575941284, 0.44614087197],
      [0.00043524445779, 0.058097872046, 0.11608876466, 0.49695255209, 0.17085720097, 0.15756836578]
    ],
    [
      [0.0061591809562, 9.4795104513e-09, 0.88817953066, 0.089828721079, 0.0019941723406, 0.013838385485],
      [2.2593343896e-95, 1.1987312394e-16, 0.093959261829, 0.72349094293, 0.18248209397, 6.7701271207e-05],
      [1.6803467972e-09, 0.036483447989, 0.0070903111946, 0.073192863825, 0.8284942343, 0.054739141011],
      [0.00099134554626, 0.038189265011, 4.4357628709e-09, 0.053837208105, 0.024412314148, 0.88256986275],
      [0.004674107491, 0.097778541795, 0.0827925077, 0.079145726155, 0.27265440212, 0.46295471474]
    ],
    [
      [0.00024041359045, 8.5947576585e-09, 0.80352762181, 0.17350892762, 0.0040439417449, 0.018679086637],
      [5.075121477e-97, 5.8545202846e-17, 0.042458092655, 0.75764728441, 0.19984537839, 4.9244542211e-05],
      [3.5914327089e-11, 0.016939584199, 0.0030515223967, 0.072116339977, 0.87005731629, 0.037835237097],
      [2.9619944234e-05, 0.024991627972, 2.6810879212e-09, 0.074535343243, 0.035608733611, 0.86483467255],
      [0.0001246664245, 0.05940112562, 0.046553362063, 0.10200445215, 0.37203266618, 0.41988372757]
    ],
    [
      [0.00024111248946, 1.2505164831e-08, 0.85052588945, 0.12691507488, 0.0034485299736, 0.018869380694],
      [6.5174745034e-97, 1.1088922285e-16, 0.060015829352, 0.71812432879, 0.22179517138, 6.4670477847e-05],
      [4.1171267199e-11, 0.028802381071, 0.0038373252419, 0.061288796484, 0.86153264113, 0.044538856031],
      [2.9200193627e-05, 0.03650912706, 2.9008666765e-09, 0.054419442766, 0.030431229701, 0.87861099738],
      [0.00012890859545, 0.091105958969, 0.052703858609, 0.077979749472, 0.33215648118, 0.44592504318]
    ],
    [
      [0.00058342780367, 1.1930292884e-08, 0.86756542549, 0.1094839115, 0.0025132082411, 0.01985401503],
      [1.8187836589e-96, 1.2566123119e-16, 0.076840218041, 0.73148208156, 0.19159684935, 8.0851053576e-05],
      [1.2785343145e-10, 0.036307497317, 0.005486835322, 0.07003453639, 0.82616142413, 0.062009706715],
      [6.7162493326e-05, 0.034028098846, 3.069651184e-09, 0.046052280213, 0.02171358052, 0.89813887486],
      [0.00033602453377, 0.094167015469, 0.061749984485, 0.073182962225, 0.26223174389, 0.5083322694]
    ],
    [
      [0.00064572539245, 3.2170325619e-08, 0.78795950804, 0.18058366738, 0.0043359674548, 0.026475099565],
      [1.2507952346e-96, 2.100151014e-16, 0.042613441241, 0.75201232129, 0.20530741052, 6.6826955341e-05],
      [8.1940523253e-11, 0.056578573912, 0.0028391726425, 0.066470950236, 0.82643618795, 0.047675115182],
      [5.3095237599e-05, 0.065480898664, 1.9627234008e-09, 0.05396526273, 0.026685174647, 0.85381556676],
      [0.00023733492105, 0.16343912775, 0.035331972717, 0.077046809755, 0.29027015617, 0.43367459869]
    ],
    [
      [0.00031272573006, 2.1778820764e-08, 0.87974287614, 0.088476874335, 0.0024568561585, 0.029010645853],
      [1.1666260943e-96, 2.6751065885e-16, 0.082179448438, 0.69852154925, 0.21916111604, 0.00013788627883],
      [6.8128647069e-11, 0.064356075315, 0.004826169033, 0.054874190306, 0.78820181803, 0.087741747253],
      [2.5625285322e-05, 0.043218163263, 1.9346701551e-09, 0.025862794211, 0.014721578551, 0.91617183676],
      [0.00014053315508, 0.13398526537, 0.043497543014, 0.045823070428, 0.19856530021, 0.57798828783]
    ],
    [
      [0.00023001964147, 8.1000422155e-09, 0.85314636241, 0.12911561433, 0.0027957193983, 0.014712276115],
      [6.4201935264e-97, 7.4048673474e-17, 0.062539027661, 0.752162557, 0.18524639163, 5.2023706686e-05],
      [4.8028280408e-11, 0.022743108572, 0.004733571664, 0.076091621619, 0.85403439281, 0.042397305286],
      [3.545583617e-05, 0.030037280811, 3.7176079925e-09, 0.070286781251, 0.0313047745, 0.86833570388],
      [0.00015310348053, 0.072856163565, 0.066005877928, 0.098157662496, 0.33321049433, 0.4296166982]
    ],
    [
      [0.00044257437132, 5.5004032928e-08, 0.81615179817, 0.14420627927, 0.004810548455, 0.034388744726],
      [1.0004178716e-96, 4.1206293596e-16, 0.047438099044, 0.69092536596, 0.26153691554, 9.9619458928e-05],
      [5.0552275791e-11, 0.085688640341, 0.0024309737696, 0.047067807041, 0.81005077856, 0.054761800235],
      [2.8577008318e-05, 0.086476603737, 1.4659403924e-09, 0.033354919023, 0.022827161394, 0.85731273737],
      [0.00012937424891, 0.22212899928, 0.027045718441, 0.048854899654, 0.254816932, 0.44702407638]
    ],
    [
      [0.022256833692, 1.6889775057e-08, 0.8470402039, 0.10560441327, 0.0040627595914, 0.021035772661],
      [5.9310996701e-95, 1.6233750431e-16, 0.063281994803, 0.65311098527, 0.28352889352, 7.8126403334e-05],
      [2.996008394e-09, 0.033610552021, 0.0032393887376, 0.044497796199, 0.87574093405, 0.042911325995],
      [0.0022464535316, 0.044357028665, 2.5610324482e-09, 0.041274961823, 0.032411134917, 0.8797104185],
      [0.010172956446, 0.10786269993, 0.045210540011, 0.057496514614, 0.34382573063, 0.43543155837]
    ],
    [
      [0.00039911694777, 1.2293387894e-08, 0.84513441326, 0.12471788617, 0.003680270938, 0.026068300391],
      [1.0577537641e-96, 1.0886588612e-16, 0.059706168124, 0.70390582875, 0.23629875948, 8.9243655159e-05],
      [6.2390317081e-11, 0.026374141822, 0.00356899167, 0.056213956432, 0.8564641953, 0.057378714709],
      [3.5663152708e-05, 0.026904804532, 2.1737897489e-09, 0.040238817937, 0.024394678218, 0.90842603399],
      [0.00017788449024, 0.075139686149, 0.044128412039, 0.064541410411, 0.29795135448, 0.51806125243]
    ],
    [
      [0.00062615633632, 8.693609103e-09, 0.85116154437, 0.12691172074, 0.0022907750122, 0.019009794847],
      [1.7645692329e-96, 8.3151601868e-17, 0.069266796807, 0.77199188121, 0.15867104925, 7.0272739695e-05],
      [1.4701426019e-10, 0.028529618791, 0.0058671902656, 0.0873245328, 0.81425443573, 0.064024222268],
      [7.4542652987e-05, 0.025816367047, 3.1717293396e-09, 0.055407019629, 0.020623433128, 0.89807863437],
      [0.00038136043791, 0.072819776515, 0.065048764343, 0.089872166335, 0.25412975271, 0.51774817966]
    ],
    [
      [0.0006163724642, 1.7209443661e-08, 0.9151096472, 0.068913754166, 0.0022928141069, 0.013067394852],
      [2.6637150523e-96, 2.5306726667e-16, 0.11488860654, 0.64090514652, 0.24413199117, 7.4255775485e-05],
      [1.4923023681e-10, 0.0585028206, 0.0065427785242, 0.049094761705, 0.84035703849, 0.045502600528],
      [0.0001020316059, 0.07138127063, 4.7666325397e-09, 0.04203743395, 0.028763767263, 0.85771549178],
      [0.00042953179399, 0.16585427781, 0.080363422692, 0.055966236399, 0.29115203496, 0.40623449635]
    ],
    [
      [0.00064050976897, 2.454017264e-08, 0.90027396554, 0.079141320047, 0.0022731038107, 0.017671076296],
      [2.5311401084e-96, 3.3014889634e-16, 0.10199529476, 0.67619414178, 0.22171866604, 9.1897433395e-05],
      [1.4835171906e-10, 0.079974718579, 0.0060629872986, 0.0538889905, 0.80115314309, 0.058920160388],
      [7.9052676196e-05, 0.076061348854, 3.4447532617e-09, 0.035982330573, 0.021293371992, 0.86658389246],
      [0.00036524590741, 0.19465441657, 0.063821367036, 0.052647469168, 0.23703124388, 0.45148025744]
    ],
    [
      [0.00095964461221, 5.1747875762e-08, 0.78618191695, 0.17073972316, 0.0044544072813, 0.037664256247],
      [1.9069967109e-96, 3.5099063089e-16, 0.044757032133, 0.73618797984, 0.21895625254, 9.8735487309e-05],
      [1.121301883e-10, 0.085040866274, 0.0026794246003, 0.058645037658, 0.7903066024, 0.063328068961],
      [5.5736463504e-05, 0.07539988355, 1.4215555614e-09, 0.036538704122, 0.019638475453, 0.86836719899],
      [0.00027150230099, 0.20445940159, 0.027703265744, 0.056575539547, 0.23137893266, 0.47961135816]
    ],
    [
      [0.00043798386403, 4.7294753196e-09, 0.93075843112, 0.05618716892, 0.0012680502319, 0.011348361138],
      [2.4650428122e-96, 8.9673281523e-17, 0.14782171275, 0.67803756581, 0.17405749097, 8.3230466861e-05],
      [1.8898686165e-10, 0.028238530565, 0.011473016142, 0.070800582154, 0.81984817586, 0.069639695092],
      [9.0120612302e-05, 0.02401164857, 5.8279209032e-09, 0.04228834425, 0.019555292874, 0.91405458787],
      [0.00045045868812, 0.065976252959, 0.11718796954, 0.066831362324, 0.2347324225, 0.51482153398]
    ],
    [
      [0.00063314044149, 8.5572837177e-09, 0.9032227199, 0.072603319418, 0.0021017430793, 0.021439068607],
      [2.7138648169e-96, 1.2429405923e-16, 0.10845902936, 0.67031435142, 0.22110617506, 0.00012044415913],
      [1.6520732139e-10, 0.031070739048, 0.0066872471308, 0.055566726543, 0.82670105795, 0.079974229166],
      [6.9804173446e-05, 0.023405534063, 3.0101310676e-09, 0.029424730725, 0.01745329364, 0.92964663439],
      [0.00038468223837, 0.071095694856, 0.06663993587, 0.051338326667, 0.23149966574, 0.57904169463]
    ],
    [
      [0.34705973518, 3.1153508965e-08, 0.53311250976, 0.08948394884, 0.0027658369411, 0.027577938134],
      [1.1770109069e-93, 3.8303703837e-16, 0.055370904606, 0.69834959288, 0.24614837111, 0.00013113140211],
      [6.183117323e-08, 0.082514479429, 0.0029639980113, 0.049960566803, 0.78961192717, 0.074948966756],
      [0.02635477659, 0.062144944983, 1.3365487405e-09, 0.02648824395, 0.016755342509, 0.86825669063],
      [0.12733283192, 0.16062341136, 0.024904688906, 0.039172236905, 0.18831257338, 0.45965425753]
    ],
    [
      [0.006584016441, 1.1395335878e-08, 0.90725265671, 0.06384377733, 0.0023035446582, 0.020015993467],
      [2.9159117883e-95, 1.7587622943e-16, 0.11740005008, 0.6250244397, 0.25745606233, 0.00011944788969],
      [1.5535194476e-09, 0.03848094875, 0.0063427464443, 0.045456640543, 0.84030846901, 0.0694111937],
      [0.00075080191217, 0.033023232916, 3.2543813054e-09, 0.027429091071, 0.020269137773, 0.91852773307],
      [0.0039425734392, 0.094238802211, 0.067558836059, 0.044916746963, 0.25227255022, 0.5370704911]
    ],
    [
      [0.0092097599223, 1.7046602981e-08, 0.88866453524, 0.078081257763, 0.0027707765263, 0.021273653505],
      [3.418176627e-95, 2.212456568e-16, 0.094752529782, 0.6447330786, 0.26040762098, 0.00010677063843],
      [1.8036788175e-09, 0.047877463301, 0.0050667594142, 0.046334986515, 0.8393876405, 0.061333148463],
      [0.00096819857907, 0.045539117766, 2.8826997672e-09, 0.030997815388, 0.022476798592, 0.90001806679],
      [0.0048432774156, 0.12371316725, 0.056902777554, 0.048260840312, 0.26600997534, 0.50026996213]
    ],
    [
      [0.00037606451116, 7.3338986678e-09, 0.93592474415, 0.04833081166, 0.0019656127027, 0.013402759646],
      [2.1384492242e-96, 1.39539633e-16, 0.1420034329, 0.58664446098, 0.27125343013, 9.8675990081e-05],
      [1.1100865738e-10, 0.029725289624, 0.0074211620554, 0.041410067482, 0.86563041531, 0.055813065422],
      [6.5904901795e-05, 0.031475096305, 4.6905711828e-09, 0.030831834898, 0.025602035209, 0.912025124],
      [0.00031141762337, 0.082314808892, 0.08993018735, 0.046285806286, 0.29285510544, 0.48830267441]
    ],
    [
      [0.00096161401561, 1.9042959059e-08, 0.87516578373, 0.09941038618, 0.0023514483086, 0.022110748722],
      [3.2539622346e-96, 2.1716654542e-16, 0.08524838882, 0.7206840711, 0.19396998983, 9.7550247777e-05],
      [2.1918199698e-10, 0.059874825389, 0.0058439668511, 0.06612257458, 0.79671684748, 0.071441785478],
      [0.00010021478137, 0.048797741822, 2.8503693771e-09, 0.037915834378, 0.018323984647, 0.89486222152],
      [0.00051319028995, 0.13759589203, 0.05825723257, 0.061285767829, 0.22488336698, 0.5174645503]
    ],
    [
      [0.00065970923871, 2.0459896986e-08, 0.91988303072, 0.059332339343, 0.0014797492739, 0.018645150963],
      [3.5144685867e-96, 3.6415461986e-16, 0.13474783346, 0.67453140633, 0.19059228152, 0.00012847869139],
      [2.256965455e-10, 0.09576996567, 0.0087523952572, 0.058892726495, 0.74693785899, 0.089647053359],
      [8.2413639125e-05, 0.062315282794, 3.405740783e-09, 0.026972196993, 0.013690381825, 0.89693972134],
      [0.0004313396825, 0.18014589792, 0.071617116309, 0.044620736332, 0.17198586334, 0.53119904641]
    ],
    [
      [0.00050668371714, 1.1802974373e-08, 0.89578028959, 0.089149137575, 0.0016165480881, 0.012947329231],
      [1.9661122561e-96, 1.5539675251e-16, 0.099492963746, 0.74635391336, 0.1540872226, 6.5900297048e-05],
      [1.6412132994e-10, 0.053578724593, 0.0084275629186, 0.084729688828, 0.79306103162, 0.060202991875],
      [8.6170161189e-05, 0.050198389028, 4.7149267314e-09, 0.055687148572, 0.020799618336, 0.87322866919],
      [0.00040509270046, 0.1303052973, 0.089035933708, 0.082905154411, 0.23522731985, 0.46212120203]
    ],
    [
      [0.0067182893824, 9.8933314076e-09, 0.92346030972, 0.054593269431, 0.0018632754264, 0.013364846151],
      [3.4111769826e-95, 1.7704025096e-16, 0.13566621203, 0.62230768524, 0.2419336244, 9.2478328759e-05],
      [1.931599687e-09, 0.041337408739, 0.0077592317155, 0.047887237129, 0.8457662011, 0.057249919379],
      [0.0011047684339, 0.041953054937, 4.7034308431e-09, 0.034142342034, 0.02393714219, 0.8988626877],
      [0.0052856224121, 0.10870534895, 0.088966996234, 0.05073846795, 0.27087253571, 0.47543102874]
    ],
    [
      [0.00018200174695, 4.4759820983e-09, 0.94567547482, 0.043705735172, 0.0015284548741, 0.0089083289101],
      [1.1839243498e-96, 9.6921296168e-17, 0.15623060888, 0.60324618564, 0.24044855526, 7.4650217002e-05],
      [6.8875067224e-11, 0.023263333343, 0.009082513572, 0.047632672993, 0.87250090811, 0.047520571916],
      [4.7169252438e-05, 0.028505233863, 6.6082942987e-09, 0.04090640912, 0.029376046361, 0.90116513479],
      [0.00020456899357, 0.068752842363, 0.11822259482, 0.056801912378, 0.3119395535, 0.44407852794]
    ],
    [
      [0.0012351338722, 6.6669432617e-08, 0.82688485325, 0.12834679724, 0.0040498820585, 0.039483266912],
      [3.0838027083e-96, 5.6502094185e-16, 0.05870426366, 0.69243616507, 0.24873014006, 0.00012943120549],
      [1.5462921819e-10, 0.11636074174, 0.002994517509, 0.047082650073, 0.76295083416, 0.070611256356],
      [6.88894344e-05, 0.092441988751, 1.4238122108e-09, 0.026317565624, 0.01702128308, 0.86415027169],
      [0.00033732538432, 0.25107167936, 0.02781447916, 0.040805516615, 0.20073283136, 0.47923816813]
    ],
    [
      [0.0053186898651, 1.2080515702e-08, 0.92327768798, 0.052066690902, 0.0014995489482, 0.017837370223],
      [2.9594197773e-95, 2.3350755312e-16, 0.14973836798, 0.64021036126, 0.20991791335, 0.00013335741255],
      [1.8124127323e-09, 0.058825568233, 0.0092874300147, 0.053423786994, 0.78931782929, 0.089145383651],
      [0.00068277302414, 0.039372323449, 3.7187245237e-09, 0.025157823256, 0.014840696751, 0.9199463798],
      [0.0037454889968, 0.11749008961, 0.080741269063, 0.043028465641, 0.19277940003, 0.56221528666]
    ],
    [
      [0.00069467530552, 6.9260444146e-08, 0.86475218247, 0.10368026214, 0.0021054771516, 0.028767333665],
      [2.3311791447e-96, 7.8141422477e-16, 0.078888944297, 0.74890771611, 0.17207772314, 0.00012561646073],
      [1.4370651812e-10, 0.19844555581, 0.0049229772053, 0.06237881189, 0.64996760079, 0.084285054156],
      [5.160371097e-05, 0.12704625928, 1.8847269494e-09, 0.028076799131, 0.011672006691, 0.8331533293],
      [0.00024530278032, 0.33721382881, 0.03604536161, 0.04243594223, 0.13399841451, 0.45006115006]
    ],
    [
      [0.00051462369021, 3.3704744107e-08, 0.91060262525, 0.070845986376, 0.0025703755305, 0.015466355451],
      [2.1506463157e-96, 4.7387985996e-16, 0.10356143862, 0.63437721052, 0.26197722075, 8.4130113014e-05],
      [1.0802450603e-10, 0.097931998302, 0.0052578751184, 0.043302912037, 0.80748062803, 0.0460265864],
      [7.0384967847e-05, 0.11382925303, 3.649878003e-09, 0.035394542131, 0.026266911146, 0.82443890507],
      [0.00028567032856, 0.25694673124, 0.059815098704, 0.045633472948, 0.25800776656, 0.37931126022]
    ],
    [
      [0.0039290508894, 7.3513288256e-09, 0.87032703239, 0.10695108118, 0.0023240644031, 0.016468763796],
      [1.2705014219e-95, 7.9990527663e-17, 0.08633179496, 0.73138728563, 0.18221161137, 6.9308041382e-05],
      [9.6423666499e-10, 0.024722299921, 0.0067253775559, 0.076657981732, 0.83479363016, 0.057100709665],
      [0.00055572136712, 0.025403201226, 4.144209432e-09, 0.055561456802, 0.02455101218, 0.89392860428],
      [0.0026794957753, 0.066887373163, 0.078945007861, 0.084051499274, 0.28121817672, 0.4862184472]
    ]
  ],
  "expected_outcome": [
    [
      [0.005236689002, 0.0090519880571, 0.027807549472, 0.0047253008904, 1.9734421468, 0.38273862261, 0.0064224358496, 0.15034768267, 0.21822594783, 0.036599563028, 0.12451241704, 0.0055529457184, 0.14536220813, 0.018442488732, 0.012949115272, 0.024017144802, 0.16004265677, 0.0098106494891, 0.15469804024, 0.19213826723, 0.0038311409016, 0.85057602191, 0.011436245257, 0.012300817304, 0.0018912508304, 0.019657354618, 0.021669673387, 2.0440737089, 0.0094005409623, 0.015066695982, 0.011387011356, 0.0052723222208, 0.0091696044223, 0.013576687399, 0.055432628605, 0.00072124077134, 0.0021700124052, 0.012835411681, 0.0096858808868, 0.0018763543804, 0.0020701767733, 0.0026554462279, 0.089027334768, 0.0043902864255, 0.019410846426, 0.022805781175, 0.019215293069, 0.023991115305, 0.0096356450087, 0.01266280883, 7.6353141739, 0.15143237814, 0.11051711907, 0.0041367096228, 0.016347438265, 0.0039582554323, 0.015200511514, 0.14108407703, 0.0021840209634, 0.020997275827, 0.13828593649, 0.0069467530552, 0.0066901079727, 2.1256165311],
