{
  "X": [
    [15, 15, 153, 86, 42],
    [0, 5, 43, 70, 10],
    [2, 2, 40, 36, 9],
    [3, 2, 19, 40, 5],
    [2, 5, 78, 70, 14],
    [106, 171, 1658, 1766, 216],
    [14, 8, 81, 62, 11],
    [1, 2, 8, 11, 5],
    [7, 10, 83, 79, 20],
    [1, 3, 16, 27, 2],
    [119, 101, 1115, 1216, 210],
    [4, 5, 69, 61, 24],
    [0, 0, 2, 4, 1],
    [4, 14, 55, 57, 17],
    [9, 8, 103, 109, 33],
    [0, 5, 19, 26, 4],
    [0, 5, 24, 18, 4],
    [6, 6, 111, 112, 7],
    [0, 1, 4, 4, 0],
    [0, 0, 19, 41, 10],
    [2, 2, 46, 106, 14],
    [224, 244, 3006, 2408, 504],
    [94, 158, 1182, 1023, 176],
    [9, 15, 101, 47, 17],
    [8, 15, 145, 167, 16],
    [0, 1, 6, 15, 3],
    [1, 2, 13, 13, 2],
    [0, 8, 31, 66, 11],
    [75, 94, 1200, 1511, 278],
    [12, 20, 116, 98, 16],
    [5, 2, 47, 39, 18],
    [3, 2, 18, 68, 5],
    [7, 3, 54, 62, 14],
    [2, 5, 39, 14, 11],
    [18, 28, 121, 167, 29],
    [5, 2, 29, 31, 5],
    [0, 0, 3, 4, 1],
    [4, 5, 40, 82, 16],
    [10, 7, 55, 83, 13],
    [4, 2, 24, 39, 1],
    [2, 2, 31, 58, 8],
    [0, 1, 15, 4, 7],
    [23, 10, 143, 163, 24],
    [3, 8, 46, 37, 15],
    [3, 4, 43, 49, 5],
    [5, 4, 28, 27, 6],
    [1, 1, 13, 27, 4],
    [17, 20, 123, 216, 13],
    [9, 5, 51, 95, 5],
    [8, 23, 114, 178, 41],
    [9, 8, 53, 102, 25],
    [30, 16, 114, 120, 28],
    [2, 5, 35, 37, 15],
    [2, 3, 7, 9, 3],
    [11, 4, 42, 125, 21],
    [2, 1, 7, 2, 1],
    [35, 34, 175, 320, 61],
    [5, 0, 11, 9, 3],
    [6, 5, 36, 93, 19],
    [1, 4, 13, 6, 3],
    [0, 6, 29, 47, 10],
    [2, 3, 9, 20, 9],
    [10, 4, 74, 99, 15],
    [8, 4, 79, 61, 15],
    [14, 18, 67, 66, 8],
    [0, 3, 6, 10, 6],
    [1, 1, 7, 7, 1],
    [0, 0, 3, 5, 1],
    [33, 31, 207, 301, 57],
    [20, 20, 159, 123, 35],
    [7, 2, 22, 56, 16],
    [4, 1, 15, 57, 6],
    [2, 8, 32, 114, 15],
    [4, 0, 26, 113, 14],
    [2, 2, 15, 10, 1],
    [8, 27, 126, 108, 29],
    [5, 5, 61, 64, 11],
    [2, 10, 24, 32, 4],
    [7, 7, 63, 60, 15],
    [6, 11, 60, 56, 11],
    [11, 22, 141, 77, 27],
    [27, 36, 259, 354, 52],
    [0, 0, 5, 4, 0],
    [5, 2, 67, 100, 11],
    [3, 10, 48, 72, 11],
    [19, 19, 149, 271, 52],
    [3, 1, 10, 56, 3],
    [3, 2, 8, 60, 2],
    [15, 14, 88, 81, 30],
    [3, 5, 27, 134, 14],
    [2, 1, 5, 7, 2],
    [1, 3, 16, 22, 10],
    [6, 10, 54, 34, 9],
    [0, 5, 10, 8, 4],
    [23, 57, 292, 133, 57],
    [129, 259, 1353, 1106, 337],
    [76, 134, 686, 660, 249],
    [1, 3, 9, 9, 3]
  ],
  "W": [
    [16, 9, 183, 48, 12, 43],
    [8, 5, 54, 55, 3, 3],
    [8, 3, 43, 27, 3, 5],
    [10, 3, 21, 26, 5, 4],
    [20, 11, 78, 50, 2, 8],
    [396, 248, 1746, 1159, 127, 241],
    [10, 4, 98, 40, 11, 13],
    [5, 1, 12, 6, 1, 2],
    [15, 6, 90, 67, 9, 12],
    [9, 2, 17, 20, 0, 1],
    [316, 96, 1280, 786, 108, 175],
    [16, 4, 76, 45, 6, 16],
    [1, 0, 3, 3, 0, 0],
    [15, 11, 64, 45, 2, 10],
    [27, 6, 121, 82, 8, 18],
    [4, 5, 23, 19, 0, 3],
    [2, 7, 24, 16, 0, 2],
    [22, 9, 123, 78, 3, 7],
    [0, 1, 4, 4, 0, 0],
    [17, 0, 22, 24, 2, 5],
    [26, 4, 48, 69, 8, 15],
    [411, 284, 3411, 1625, 195, 460],
    [196, 165, 1298, 701, 76, 197],
    [14, 12, 111, 25, 7, 20],
    [29, 26, 161, 118, 5, 12],
    [5, 1, 9, 9, 0, 1],
    [2, 0, 17, 12, 0, 0],
    [11, 10, 37, 47, 1, 10],
    [289, 91, 1365, 1127, 105, 181],
    [19, 27, 124, 63, 10, 19],
    [16, 8, 43, 22, 3, 19],
    [24, 1, 24, 42, 2, 3],
    [11, 6, 62, 31, 7, 23],
    [0, 2, 44, 8, 5, 12],
    [33, 22, 148, 113, 19, 28],
    [4, 2, 35, 23, 3, 5],
    [2, 0, 4, 2, 0, 0],
    [27, 6, 42, 49, 9, 14],
    [22, 5, 65, 46, 10, 20],
    [17, 0, 27, 21, 5, 0],
    [8, 2, 35, 39, 6, 11],
    [2, 2, 18, 2, 1, 2],
    [31, 14, 166, 102, 26, 24],
    [5, 4, 65, 17, 5, 13],
    [10, 6, 52, 33, 3, 0],
    [12, 2, 32, 15, 5, 4],
    [11, 2, 11, 15, 1, 6],
    [29, 17, 167, 135, 17, 24],
    [19, 12, 58, 59, 6, 11],
    [53, 19, 137, 108, 15, 32],
    [22, 4, 74, 68, 8, 21],
    [32, 11, 144, 78, 20, 23],
    [9, 8, 40, 19, 4, 14],
    [2, 1, 8, 9, 2, 2],
    [29, 6, 48, 93, 10, 17],
    [1, 0, 10, 0, 0, 2],
    [68, 31, 225, 203, 36, 62],
    [6, 1, 11, 3, 3, 4],
    [11, 3, 44, 74, 7, 20],
    [1, 1, 14, 3, 2, 6],
    [10, 5, 33, 30, 3, 11],
    [4, 3, 5, 20, 2, 9],
    [18, 12, 80, 61, 11, 20],
    [15, 5, 89, 43, 7, 8],
    [11, 5, 96, 39, 11, 11],
    [1, 2, 11, 7, 2, 2],
    [1, 1, 8, 6, 1, 0],
    [0, 0, 5, 4, 0, 0],
    [72, 17, 285, 183, 24, 48],
    [26, 8, 197, 74, 21, 31],
    [27, 1, 30, 34, 5, 6],
    [10, 0, 19, 48, 4, 2],
    [27, 5, 40, 81, 3, 15],
    [34, 1, 39, 71, 3, 9],
    [3, 1, 12, 6, 4, 4],
    [23, 14, 151, 72, 11, 27],
    [9, 4, 75, 45, 4, 9],
    [8, 3, 29, 17, 3, 12],
    [12, 12, 73, 34, 3, 18],
    [5, 8, 72, 38, 13, 8],
    [19, 12, 173, 40, 11, 23],
    [73, 49, 289, 232, 32, 53],
    [0, 0, 5, 4, 0, 0],
    [16, 6, 79, 68, 6, 10],
    [17, 5, 60, 49, 5, 8],
    [63, 16, 162, 208, 25, 36],
    [17, 0, 14, 36, 3, 3],
    [10, 1, 12, 49, 2, 1],
    [19, 8, 106, 50, 14, 31],
    [48, 2, 34, 91, 1, 7],
    [1, 1, 8, 6, 1, 0],
    [7, 5, 15, 13, 2, 10],
    [6, 3, 74, 15, 5, 10],
    [1, 0, 12, 6, 0, 8],
    [20, 66, 306, 82, 14, 74],
    [219, 190, 1589, 747, 111, 328],
    [163, 81, 829, 462, 60, 210],
    [2, 1, 12, 7, 0, 3]
  ],
  "method": "mvn_pdf",
  "cond_prob": [
    [
      [0.035915823344, 0.053862688625, 0.03493182971, 0.60120573908, 0.27408391924],
      [0.0024766959611, 0.55140058284, 0.35492723233, 0.036004208777, 0.055191280098],
      [0.0011496867725, 0.002063513989, 0.77720463502, 0.21958216421, 0],
      [0.044120587482, 0.0053736148152, 0.087705419242, 0.69443721654, 0.16836316192],
      [0.56832509196, 0.092763270705, 0.038821139752, 0.11308936691, 0.18700113067],
      [0.12220871118, 0.17271804458, 0.054478688922, 0.027513382501, 0.62308117282]
    ],
    [
      [0, 0.043722913686, 0.031176359152, 0.7636448189, 0.16145590826],
      [0, 0.59784355188, 0.31428679219, 0.051140656542, 0.036728999387],
      [0, 0, 0.68262583749, 0.30902260964, 0.0083515528723],
      [0, 0.0019503578346, 0.064888167018, 0.83315592099, 0.10000555416],
      [0, 0.25058072455, 0.18168974179, 0.32057807354, 0.24715146012],
      [0, 0.26732902552, 0.067813843318, 0.054202456865, 0.6106546743]
    ],
    [
      [0.01276435853, 0.022986803282, 0.045022691566, 0.72488301481, 0.19434313181],
      [0.0011388455273, 0.31262018878, 0.58573495197, 0.052665976237, 0.047840037493],
      [0.0016614515371, 0.0012877782295, 0.79798352257, 0.19533560209, 0.0037316455709],
      [0.013541335687, 0.0026620628281, 0.10390968045, 0.76745209041, 0.11243483062],
      [0.38172021661, 0.069543435076, 0.086213525334, 0.23175290851, 0.23076991447],
      [0.06244989314, 0.10847290839, 0.10102403855, 0.045408379267, 0.68264478065]
    ],
    [
      [0.012066761331, 0.015802990121, 0.029308858943, 0.85711953324, 0.085701856369],
      [0.0015874962405, 0.32022125462, 0.55743566891, 0.089599961801, 0.031155618431],
      [0.0016445965555, 9.4680584234e-06, 0.69165757895, 0.3053787813, 0.0013095751397],
      [0.012944441359, 0.0012111324684, 0.065360143106, 0.87318913267, 0.047295150401],
      [0.41730552252, 0.058817122855, 0.06765322983, 0.33164068183, 0.12458344296],
      [0.10423757059, 0.13888311181, 0.11804134401, 0.096482379132, 0.54235559446]
    ],
    [
      [0.011518172341, 0.024621685901, 0.051441608576, 0.75275865876, 0.15965987443],
      [0.00080831791014, 0.29638046411, 0.61441940021, 0.051321240933, 0.037070576845],
      [0, 0, 0.8082536202, 0.18579142935, 0.0059549504488],
      [0.01034369488, 0.0005878599448, 0.11778467214, 0.7785800985, 0.09270367453],
      [0.35783222324, 0.07862864204, 0.10531621603, 0.25923333162, 0.19898958707],
      [0.065986983211, 0.13259136194, 0.13361325139, 0.055136262144, 0.61267214132]
    ],
    [
      [0.015893196377, 0.031303073656, 0.044707046065, 0.81631475977, 0.091781924131],
      [0.0012299340927, 0.3702157484, 0.54711073481, 0.059523333428, 0.021920249264],
      [0, 0, 0.76641049562, 0.23358950438, 0],
      [0.015042160677, 0.003221169339, 0.10238018849, 0.83340868126, 0.045947800232],
      [0.42756752655, 0.094944473334, 0.089472544613, 0.2762456191, 0.1117698364],
      [0.1147980518, 0.21161491225, 0.1511957284, 0.079362815716, 0.44302849184]
    ],
    [
      [0.064736611062, 0.065813781208, 0.036275315901, 0.69536417641, 0.13781011542],
      [0.0033636582435, 0.61976279315, 0.317323, 0.03543843628, 0.024112112333],
      [0, 0, 0.75746816511, 0.23591579637, 0.0066160385213],
      [0.040526796067, 0.0171156169, 0.099530234112, 0.75897633109, 0.083851021829],
      [0.74716122728, 0.076653683242, 0.026695518662, 0.08658134307, 0.062908227749],
      [0.26917953182, 0.25653814028, 0.066247276186, 0.03641603302, 0.37161901869]
    ],
    [
      [0.022100109657, 0.070481340968, 0.008191091923, 0.49015634265, 0.4090711148],
      [0.0019582676206, 0.87543758144, 0.064404885672, 0.017237993703, 0.040961271568],
      [0, 0, 0.62999953463, 0.37000046537, 0],
      [0.059892606299, 0.058221428398, 0.050059600068, 0.66038321543, 0.17144314981],
      [0.45633699197, 0.12611576972, 0.013570165106, 0.091131348741, 0.31284572446],
      [0.035924277165, 0.14835568681, 0.010358736794, 0.019272033691, 0.78608926554]
    ],
    [
      [0.02149956549, 0.074649854891, 0.042455267095, 0.65466602232, 0.2067292902],
      [0.0011714830501, 0.61330234348, 0.32493254341, 0.029306652351, 0.031286977713],
      [0.0012727523255, 0, 0.79955476917, 0.19707214423, 0.0021003342683],
      [0.024495626926, 0.0055716244069, 0.10477214159, 0.73827115029, 0.12688945678],
      [0.43715959526, 0.16644956524, 0.060067484043, 0.15679002573, 0.17953332973],
      [0.081690545719, 0.27742443278, 0.07444213869, 0.032699955772, 0.53374292704]
    ],
    [
      [0.021367179703, 0.094674526943, 0.040275216922, 0.76127412526, 0.082408951174],
      [0.0015946526513, 0.79369183064, 0.17919812826, 0.018361327048, 0.0071540613968],
      [0.006307122857, 0, 0.78173173289, 0.21077357077, 0.001187573481],
      [0.03101330755, 0.00060701097733, 0.095379358094, 0.8242893244, 0.048710998979],
      [0.51803190915, 0.20290983432, 0.050857505676, 0.1637381536, 0.064462597252],
      [0.077018837804, 0.54840537669, 0.082100170137, 0.042873027496, 0.24960258788]
    ],
    [
      [0.02848587718, 0.03809920833, 0.038632444193, 0.76058709258, 0.13419537772],
      [0.0022176809238, 0.44658585767, 0.46490816761, 0.054127239054, 0.032161054739],
      [0, 0, 0.7538932573, 0.24280454313, 0.0033021995718],
      [0.028276245924, 0.0031796400659, 0.088727139686, 0.80116898454, 0.078647989785],
      [0.55624585231, 0.083958345545, 0.055855439446, 0.18647167474, 0.11746868796],
      [0.15706219484, 0.19726691098, 0.099460999681, 0.056061062148, 0.49014883236]
    ],
    [
      [0.014344133478, 0.033290125195, 0.040670323968, 0.64875679892, 0.26293861844],
      [0.0011120832107, 0.40817336091, 0.4831999366, 0.045528248797, 0.061986370485],
      [0, 0, 0.78905805775, 0.21094194225, 0],
      [0.01488215942, 0.0068828244352, 0.10806227911, 0.72674243343, 0.1434303036],
      [0.36498033014, 0.090165506221, 0.07006150555, 0.19086846595, 0.28392419214],
      [0.056654148548, 0.12399652602, 0.072805692997, 0.034848144428, 0.71169548801]
    ],
    [
      [0, 0, 0.0055344420882, 0.6763619966, 0.31810356131],
      [0.0013144524383, 0.58732605137, 0.31895196665, 0.050340519494, 0.04206701005],
      [0, 0, 0.65302807516, 0.30257917489, 0.044392749943],
      [0, 0, 0.011793777473, 0.80530015957, 0.18290606295],
      [0.53223548595, 0.07748506523, 0.038540607516, 0.18740810451, 0.16433073679],
      [0.093581445642, 0.18358321849, 0.060688888586, 0.048028371248, 0.61411807603]
    ],
    [
      [0.027589979885, 0.11216303234, 0.029394257408, 0.57891918016, 0.25193355021],
      [0.0017531157328, 0.76117492144, 0.18539803116, 0.022397165361, 0.029276766309],
      [0.00044996750029, 0, 0.75814078489, 0.24140924761, 0],
      [0.039184441259, 0.0049496764421, 0.078132802629, 0.71453920915, 0.16319387052],
      [0.47658791318, 0.20150964087, 0.034178125472, 0.11091767704, 0.17680664344],
      [0.082159242561, 0.33188756575, 0.041436519386, 0.024355186572, 0.52016148573]
    ],
    [
      [0.025252574473, 0.040851943491, 0.033105466747, 0.64237236425, 0.25841765104],
      [0.0020412604005, 0.49819840862, 0.39369807067, 0.045122931173, 0.060939329132],
      [0, 0, 0.75514619576, 0.24485380424, 0],
      [0.032187757581, 0.0069479384291, 0.084922535824, 0.7311143608, 0.14482740737],
      [0.49527342642, 0.087391083335, 0.045781497156, 0.15089913186, 0.22065486123],
      [0.094686077438, 0.14660819201, 0.057854131766, 0.033295979163, 0.66755561962]
    ],
    [
      [0, 0.066959766089, 0.032301374205, 0.77066226611, 0.1300765936],
      [0, 0.71571557779, 0.22879242194, 0.033470859736, 0.022021140532],
      [0, 0, 0.70086682755, 0.28592090335, 0.0132122691],
      [0, 0.0016900678368, 0.070402855907, 0.84344530466, 0.084461771598],
      [0.17704264593, 0.26372498707, 0.067036350237, 0.30115210942, 0.19104390734],
      [0, 0.37382391926, 0.089747032514, 0.049451690456, 0.48697735777]
    ],
    [
      [0, 0.067976919659, 0.049739426589, 0.6827875691, 0.19949608465],
      [0, 0.60571930563, 0.33939488521, 0.026237829286, 0.028647979871],
      [0, 0, 0.81285561918, 0.17704959385, 0.010094786974],
      [0, 0.0048636150605, 0.11400511546, 0.7584485613, 0.12268270817],
      [0.13850056885, 0.24168620728, 0.099790283235, 0.2469529673, 0.27306997334],
      [0, 0.27309659014, 0.096070121306, 0.033196411819, 0.59763687674]
    ],
    [
      [0.026374847841, 0.029908100096, 0.046454520012, 0.81999495825, 0.077267573803],
      [0.0021422728554, 0.36509933632, 0.5574888499, 0.057297671373, 0.017971869551],
      [0, 0, 0.77560432953, 0.22439567047, 0],
      [0.029367927159, 0.0054440137277, 0.10624604022, 0.82947088484, 0.029471134048],
      [0.59135587459, 0.067406812246, 0.068189750047, 0.20286621615, 0.070181346965],
      [0.19081527852, 0.20418203764, 0.15278685577, 0.076633820389, 0.37558200768]
    ],
    [
      [1.1412187884e-05, 0.071159137601, 0.052314069961, 0.86769058263, 0.00882479762],
      [0, 0.99813939354, 0.0018606064594, 0, 0],
      [0, 0, 0.87760558579, 0.12239441421, 0],
      [0, 0.00046515161485, 0.12192926259, 0.87760558579, 0],
      [0.47446200353, 0.12995669908, 0.060308186235, 0.18205042304, 0.15322268812],
      [0.077244219145, 0.27987525808, 0.086923835421, 0.042326881902, 0.51362980545]
    ],
    [
      [0, 0, 0.031745688862, 0.79882314956, 0.16943116158],
      [0.00058719826553, 0.18908835151, 0.65761244118, 0.089857278835, 0.062854730201],
      [0, 0, 0.70673709786, 0.28089113528, 0.012371766861],
      [0, 0, 0.05808724445, 0.83911788668, 0.10279486887],
      [0, 0, 0.32422350477, 0.3825582646, 0.29321823063],
      [0, 0, 0.17391325204, 0.067291134328, 0.75879561363]
    ],
    [
      [0, 0, 0.041945975256, 0.88570322448, 0.072350800262],
      [4.7277352551e-05, 0.19689556296, 0.6716876976, 0.10270648444, 0.028662977648],
      [0, 0, 0.6912863211, 0.30791629508, 0.00079738381511],
      [0, 0, 0.061020126498, 0.89985563865, 0.03912423485],
      [0.23878814496, 0.047764850217, 0.10450598107, 0.46822934724, 0.14071167651],
      [0.0059670487285, 0.055353263094, 0.26629825754, 0.12966894779, 0.54271248285]
    ],
    [
      [0.027027444991, 0.038390293893, 0.041787420376, 0.73782961227, 0.15496522847],
      [0.0020359683054, 0.43045563183, 0.4815319271, 0.050342401269, 0.035634071497],
      [0, 0, 0.77315737374, 0.22312569448, 0.0037169317795],
      [0.02772188146, 0.0026103508185, 0.096517793868, 0.78173077941, 0.091419194444],
      [0.53180804886, 0.085780936393, 0.061252547918, 0.1835681353, 0.13759033153],
      [0.13818017002, 0.18478931977, 0.10009747658, 0.050575523035, 0.5263575106]
    ],
    [
      [0.02735028588, 0.053167394802, 0.043257903711, 0.75173310458, 0.12449131103],
      [0.0017663717343, 0.5072091343, 0.423239716, 0.043555096273, 0.02422968169],
      [0.0002985708614, 0.00011936304299, 0.77672664461, 0.22082391092, 0.0020315105654],
      [0.027710956996, 0.0044426789989, 0.099637277686, 0.79529173393, 0.072917352393],
      [0.5296698491, 0.11647529234, 0.06212318667, 0.18326798026, 0.10846369163],
      [0.14355359527, 0.26278329966, 0.10623664561, 0.05287518914, 0.43455127032]
    ],
    [
      [0.041342554759, 0.082314674595, 0.04744658727, 0.62984893662, 0.19904724676],
      [0.0019804543232, 0.60905643654, 0.3351677958, 0.025539052623, 0.028256260714],
      [0.00027718773224, 0, 0.82502336786, 0.17003047894, 0.0046689654721],
      [0.046334104485, 0.0050799892022, 0.115795338, 0.70940915431, 0.123381414],
      [0.60805554187, 0.12485129445, 0.045598131675, 0.10238935744, 0.11910567456],
      [0.1475964769, 0.2768979263, 0.07610350122, 0.027515436703, 0.47188665888]
    ],
    [
      [0.022036978886, 0.03180452445, 0.037715836416, 0.80898661088, 0.099456049369],
      [0.0020526691738, 0.41549532066, 0.49501885394, 0.062024591137, 0.025408565091],
      [0.0012357260993, 0.00048420916276, 0.74111188778, 0.25716817696, 0],
      [0.022648318161, 0.0028671764626, 0.084535691866, 0.83486764111, 0.055081172404],
      [0.52734580767, 0.081132175128, 0.062857497052, 0.22756191662, 0.10110260353],
      [0.14994797754, 0.2044037567, 0.118936457, 0.072540099208, 0.45417170955]
    ],
    [
      [0, 0.023373014323, 0.015855048998, 0.77135289762, 0.18941903906],
      [0, 0.65731676731, 0.22839807143, 0.060331488122, 0.053953673134],
      [0, 0.0048316308805, 0.59151179548, 0.38806172528, 0.015594848352],
      [0, 0.0089831614791, 0.037168433069, 0.83828475513, 0.11556365032],
      [0.092102854939, 0.092835267885, 0.047684562617, 0.39854692928, 0.36883038528],
      [0, 0.10148502983, 0.034204626599, 0.045785700062, 0.8185246435]
    ],
    [
      [0.004556057411, 0.87885103031, 0.051226458053, 0.056313996176, 0.0090524580525],
      [0.00034937526409, 0.95862718224, 0.030158203326, 0.0038819662616, 0.0069832729072],
      [0, 0, 0.40600312386, 0.51629274923, 0.077704126908],
      [0.082573990431, 0.020191494949, 0.49962449819, 0.34253293923, 0.055077077205],
      [0, 1, 3.9221610338e-44, 1.4121199563e-43, 2.6035334768e-42],
      [0.071967687013, 0.60648728512, 0.020160652357, 0.011852814889, 0.28953156062]
    ],
    [
      [0, 0.029397920524, 0.026120463703, 0.83418544713, 0.11029616864],
      [0, 0.50361577946, 0.38060033769, 0.079288450508, 0.036495432346],
      [0, 0, 0.6281686497, 0.36512278891, 0.0067085613868],
      [0, 0, 0.053783427332, 0.87868238861, 0.067534184063],
      [0, 0.12724197737, 0.28893710394, 0.39366082905, 0.19016008963],
      [0, 0.25132231023, 0.084767329474, 0.082979929338, 0.58093043096]
    ],
    [
      [0.014754041313, 0.033557099075, 0.037611367076, 0.76146229293, 0.1526151996],
      [0.0011574974344, 0.41952843109, 0.48243018398, 0.057860521192, 0.039023366309],
      [0, 0, 0.74706079117, 0.24886316861, 0.0040760402115],
      [0.012111134306, 0.0027788625446, 0.088445995411, 0.8065758057, 0.090088202036],
      [0.39517363459, 0.09971059256, 0.073273676463, 0.25176355876, 0.18007853762],
      [0.085570551374, 0.1796879604, 0.10010395229, 0.058164409159, 0.57647312678]
    ],
    [
      [0.031560984061, 0.046028478922, 0.040934561164, 0.76828752369, 0.11318845216],
      [0.0021574124296, 0.48911193797, 0.43738480797, 0.047702922741, 0.023642918887],
      [8.3582399444e-05, 0.0012035385908, 0.76621620945, 0.23088406792, 0.001612601634],
      [0.031527289759, 0.0043408480452, 0.093299218506, 0.80549475752, 0.065337886169],
      [0.59770547226, 0.091682402186, 0.05308728401, 0.16782509765, 0.089699743898],
      [0.17728699854, 0.24104738638, 0.10491157603, 0.055816474373, 0.42093756467]
    ],
    [
      [0.022898266014, 0.0073120871071, 0.052996267991, 0.75141583572, 0.16537754317],
      [0.0031203566353, 0.1963487028, 0.70030347604, 0.056874832475, 0.043352632046],
      [0, 0, 0.80355263537, 0.1835755369, 0.012871827739],
      [0.013563331911, 0, 0.11785684001, 0.77191624423, 0.09666358385],
      [0.50658399405, 0.037926504588, 0.085358226085, 0.20535140859, 0.16477986669],
      [0.14686945297, 0.010444077375, 0.16568123288, 0.05423096228, 0.6227742745]
    ],
    [
      [0.020019974188, 0.024075209033, 0.021202311703, 0.85868062395, 0.076021881121],
      [0.0021705676384, 0.48951489797, 0.3903232988, 0.089369036593, 0.028622199],
      [0.00071205740376, 0.0014655975389, 0.61535377941, 0.38246856565, 0],
      [0.022696911662, 0.0042133888226, 0.047734229782, 0.88827811312, 0.037077356615],
      [0.53852640427, 0.066270401006, 0.039070697068, 0.26557907463, 0.090553423024],
      [0.1566458586, 0.19600087058, 0.083117156503, 0.094737170915, 0.4694989434]
    ],
    [
      [0.01285454439, 0.0080764657735, 0.032323640498, 0.8814037222, 0.065341627135],
      [0.0021553292826, 0.20736392057, 0.66038512948, 0.10360898046, 0.026486640208],
      [0, 0, 0.69192745811, 0.30536836513, 0.0027041767648],
      [0.0088912243739, 0, 0.070808211333, 0.88355329715, 0.036747267145],
      [0.42395218139, 0.037980642169, 0.078251252147, 0.36068700378, 0.099128920511],
      [0.15662499177, 0.060917863386, 0.17564406341, 0.1232654477, 0.48354763373]
    ],
    [
      [0.01341093121, 0.067726615839, 0.042298743578, 0.57615117736, 0.30041253201],
      [0.00049141880711, 0.60273256808, 0.3255309679, 0.025052017894, 0.04619302732],
      [0, 0.0011748644633, 0.82812827172, 0.17069686382, 0],
      [0.01390865088, 0.0073784905391, 0.10986974436, 0.68169548343, 0.18714763079],
      [0.31879985817, 0.17356419138, 0.065430674099, 0.14615786489, 0.29604741147],
      [0.024479055375, 0.23466599552, 0.058765231933, 0.021240063695, 0.66084965348]
    ],
    [
      [0.026416991655, 0.063898150538, 0.028547799293, 0.75148778158, 0.12964927694],
      [0.0018827430528, 0.64334638094, 0.28532218959, 0.043683226531, 0.025765459891],
      [0.00049515105409, 0, 0.69908985319, 0.29529459637, 0.0051203993882],
      [0.029441384732, 0.0033539025265, 0.06768955704, 0.82017317098, 0.079341984724],
      [0.52352363452, 0.1411951633, 0.040930965665, 0.18155827131, 0.1127919652],
      [0.13356110863, 0.30985862727, 0.067461710271, 0.050253445928, 0.43886510791]
    ],
    [
      [0.054507512907, 0.027914824051, 0.033011588171, 0.75915428415, 0.12541179072],
      [0.0044281032126, 0.44635831429, 0.45687258577, 0.058452503034, 0.033888493694],
      [0, 0, 0.73240210003, 0.25817103879, 0.0094268611861],
      [0.037666698212, 0.0091201270127, 0.081789066612, 0.79583550787, 0.075588600292],
      [0.79852906905, 0.031982725366, 0.023360743413, 0.089772769284, 0.056354692887],
      [0.30223849519, 0.13798259557, 0.073780842501, 0.047391302179, 0.43860676457]
    ],
    [
      [0, 0, 0.0052836631888, 0.73389701344, 0.26081932337],
      [0.0012800591057, 0.52344374956, 0.38526263875, 0.049079279664, 0.040934272913],
      [0, 0, 0.73112993257, 0.21841431525, 0.050455752178],
      [0, 0, 0.032456471675, 0.82927435605, 0.13826917227],
      [0.53212055992, 0.07566030882, 0.045710902091, 0.18227120453, 0.16423702464],
      [0.093098265751, 0.17646832086, 0.072076745433, 0.046968333981, 0.61138833398]
    ],
    [
      [0.006078869156, 0.015072257558, 0.035326907616, 0.83648257153, 0.10703939414],
      [0.00038568873866, 0.32225505574, 0.55818016876, 0.083104997894, 0.03607408887],
      [0, 0, 0.7033732759, 0.29182843047, 0.0047982936315],
      [0.00028806989913, 0, 0.076338208456, 0.86078223121, 0.062591490435],
      [0.31667264381, 0.073732860846, 0.082396407584, 0.36049890778, 0.16669917998],
      [0.069241941502, 0.14256592599, 0.11951964367, 0.088337643022, 0.58033484581]
    ],
    [
      [0.020026008886, 0.023650800804, 0.031847380714, 0.84769691113, 0.076778898471],
      [0.0021866587075, 0.38463719753, 0.5091996226, 0.079174426711, 0.024802094449],
      [0, 0, 0.69827353805, 0.30172646195, 0],
      [0.023412885364, 0.003272999811, 0.073771665148, 0.86681471903, 0.032727730647],
      [0.52148030899, 0.067734918378, 0.058184186422, 0.26360708906, 0.08899349715],
      [0.16283493472, 0.18642946098, 0.11951205386, 0.091651391442, 0.43957215901]
    ],
    [
      [0.026211284566, 0.056183356706, 0.046001680255, 0.82655911328, 0.045044565191],
      [0.0013372547282, 0.60364311209, 0.34716212252, 0.038272928658, 0.0095845820104],
      [0, 0, 0.77067651611, 0.22932348389, 0],
      [0.029824148437, 0.021278832672, 0.10085109415, 0.84804592474, 0],
      [0.58562020904, 0.11960548998, 0.058366504708, 0.18955931792, 0.046848478351],
      [0.16748921063, 0.38521187902, 0.12389521891, 0.06706193435, 0.25634175709]
    ],
    [
      [0.0041377807557, 0.009735883726, 0.031399271768, 0.894042609, 0.060684454754],
      [0.000408466331, 0.21351731379, 0.65555697629, 0.1055848389, 0.024932404685],
      [0, 0, 0.68389557403, 0.31610442597, 0],
      [0, 0, 0.068922974151, 0.90210861446, 0.028968411392],
      [0.24992954352, 0.051319060688, 0.099320054316, 0.47774186501, 0.12168947647],
      [0.042409414563, 0.10792399441, 0.20158458766, 0.13855885341, 0.50952314995]
    ],
    [
      [0, 0.22840923398, 0.21824156999, 0.031900122016, 0.52144907402],
      [0, 0.24873802936, 0.10838268584, 0.015105003234, 0.62777428157],
      [0, 0, 0.79191379249, 0.20808620751, 0],
      [0, 0.0047366444761, 0.024654634956, 0.067024742322, 0.90358397825],
      [0, 0.027149506586, 0.010605422573, 0.010363084672, 0.95188198617],
      [0, 0.0045413388936, 0.016194265548, 0.0080127224787, 0.97125167308]
    ],
    [
      [0.0308360673, 0.0076763792066, 0.046271977703, 0.81171780105, 0.10349777474],
      [0.002652523815, 0.34243620904, 0.55134404154, 0.072401084444, 0.031166141163],
      [0, 0, 0.73087328991, 0.26729753631, 0.0018291737865],
      [0.026237502135, 0, 0.081049339331, 0.83411112751, 0.058602031022],
      [0.57523219874, 0.054300225876, 0.056685841215, 0.21499158072, 0.098790153449],
      [0.18227850814, 0.14817164355, 0.11587172923, 0.074276077241, 0.47940204184]
    ],
    [
      [0.016369970383, 0.077864786938, 0.019892910911, 0.58422450491, 0.30164782686],
      [0.00099078868336, 0.75230258556, 0.16790461106, 0.028601468254, 0.050200546439],
      [0.0011322597827, 0.0065535536513, 0.67427253795, 0.31804164861, 0],
      [0.020323314381, 0.0089444777866, 0.052892182138, 0.7206855346, 0.1971544911],
      [0.36559095936, 0.18367708153, 0.029285985453, 0.14391232311, 0.27753365056],
      [0.051318382017, 0.23884947736, 0.027354231596, 0.024657595291, 0.65782031373]
    ],
    [
      [0.024256248869, 0.038000275437, 0.032279345937, 0.76928384675, 0.13618028301],
      [0.0020885119251, 0.5265625296, 0.38892410741, 0.051284671811, 0.031140179252],
      [0.0026533716681, 0.0016140291608, 0.72615109016, 0.26160509634, 0.0079764126688],
      [0.025634170062, 0.00406835546, 0.074276435771, 0.81422291755, 0.081798121158],
      [0.58700116699, 0.080812273833, 0.044227609072, 0.17554407097, 0.11241487914],
      [0.13706334521, 0.20532257439, 0.082438227966, 0.054831950567, 0.52034390187]
    ],
    [
      [0.039181066423, 0.069483858544, 0.038447591562, 0.69063600622, 0.16225147725],
      [0.0019123849224, 0.64481572373, 0.2991137892, 0.029769393597, 0.024388708555],
      [0, 0.0024836033084, 0.78388368524, 0.20527104584, 0.0083616656194],
      [0.03826110634, 0.0097844112693, 0.092866078347, 0.7605505785, 0.098537825547],
      [0.65661865597, 0.10510561795, 0.036289491464, 0.10757750319, 0.094408731425],
      [0.16724813953, 0.28119817134, 0.07042119069, 0.034502369514, 0.44663012893]
    ],
    [
      [0.0079452616472, 0, 0.045109828651, 0.8908657056, 0.056079204106],
      [0.00092907477067, 0.16860311971, 0.73219961513, 0.079933791437, 0.018334398955],
      [0, 0, 0.76166120282, 0.23833879718, 0],
      [0.0063127801236, 0, 0.0863203208, 0.88403227693, 0.023334622143],
      [0.31524691517, 0.046872867739, 0.1177081806, 0.41041587221, 0.10975616428],
      [0.083467559219, 0.10265348214, 0.20810107182, 0.12466381007, 0.48111407675]
    ],
    [
      [0.020835842109, 0.036608326997, 0.024430700494, 0.85758745489, 0.060537675513],
      [0.0022107221134, 0.55273164968, 0.35173268755, 0.075884378502, 0.017440562153],
      [0, 0, 0.62419928269, 0.37580071731, 0],
      [0.024501970379, 0.0061204065194, 0.067743263615, 0.89125088777, 0.010383471721],
      [0.52331761336, 0.10198115795, 0.043016705051, 0.26342794054, 0.068256583097],
      [0.17308386978, 0.29091607947, 0.091422883913, 0.095169364402, 0.34940780244]
    ],
    [
      [0.026352408628, 0, 0.054839153106, 0.88695382887, 0.031854609397],
      [0.003821557154, 0.28147072173, 0.58391450654, 0.11237245627, 0.018420758308],
      [0, 0, 0.6400685754, 0.3599314246, 0],
      [0.027259327537, 0, 0.071221823077, 0.90151884939, 0],
      [0.63870771791, 0.032687212686, 0.042501953884, 0.23729826246, 0.048804853063],
      [0.27389990165, 0.12965709665, 0.12454594134, 0.11908940552, 0.35280765485]
    ],
    [
      [0.010014630179, 0.044026128349, 0.028652519943, 0.76393113507, 0.15337558646],
      [0.00035676703676, 0.54720832915, 0.3576768165, 0.056382102105, 0.038375985205],
      [0, 0, 0.69204852614, 0.30180030006, 0.0061511738033],
      [0.0032312175159, 0.0071258100003, 0.07051914006, 0.82622068295, 0.09290314947],
      [0.33660203411, 0.139817128, 0.059352448767, 0.26983410786, 0.19439428127],
      [0.064513875735, 0.23133789199, 0.07401734345, 0.056700106759, 0.57343078207]
    ],
    [
      [0.022784413137, 0.035878894577, 0.020738126673, 0.75422820174, 0.16637036387],
      [0.0023186896111, 0.56271657777, 0.31808260285, 0.066604528053, 0.050277601716],
      [0.0023793604461, 0.001899942246, 0.62967710779, 0.35984995087, 0.0061936386426],
      [0.025017910896, 0.0046126314845, 0.049102258113, 0.82072029182, 0.10054690769],
      [0.51284114304, 0.088217535503, 0.033294565571, 0.20291318488, 0.16273357101],
      [0.11949754258, 0.18094300272, 0.050953083281, 0.051399036291, 0.59720733513]
    ],
    [
      [0.091892418591, 0.062144146279, 0.02673566355, 0.63621817938, 0.1830095922],
      [0.0045402102978, 0.64010449092, 0.27867422747, 0.03917153601, 0.0375095353],
      [0, 0, 0.70032820969, 0.28589534215, 0.013776448159],
      [0.043821934504, 0.017972755777, 0.1021645791, 0.71905309243, 0.11698763819],
      [0.80348404732, 0.05435039119, 0.015193436673, 0.062952862061, 0.064019262757],
      [0.32703080236, 0.19484152802, 0.041698876742, 0.030261027979, 0.4061677649]
    ],
    [
      [0.0080302046385, 0.020445321766, 0.029029530062, 0.77021886445, 0.17227607908],
      [0.00018961255159, 0.36765816201, 0.49806781169, 0.075728133771, 0.058356279977],
      [0, 0, 0.69828046219, 0.29570143741, 0.0060181003922],
      [0, 0, 0.07553896578, 0.82306255153, 0.10139848269],
      [0.30902165182, 0.07589411418, 0.066579282083, 0.29871923958, 0.24978571234],
      [0.049294617898, 0.11222502509, 0.080101126429, 0.057220158274, 0.70115907231]
    ],
    [
      [0.11207445677, 0.12558082599, 0.051258105324, 0.48931262143, 0.22177399049],
      [0.0021324858273, 0.96251790313, 0.024742754592, 0.0030586809796, 0.0075481754749],
      [0, 0, 0.7767384837, 0.20013965783, 0.02312185847],
      [0.057046958893, 0, 0.066205375608, 0.69941457055, 0.17733309495],
      [0.55834439612, 0.28432597142, 0.013600503426, 0.050444271394, 0.09328485764],
      [0.071803589172, 0.60883425103, 0.017891888897, 0.010789567909, 0.29068070299]
    ],
    [
      [0.032148582138, 0, 0.02802967933, 0.82587851452, 0.11394322401],
      [0.0030059584526, 0.33803611185, 0.51282930567, 0.099600265391, 0.046528358631],
      [0, 0, 0.64680118905, 0.34826258502, 0.0049362259285],
      [0.017507198073, 0, 0.055850649452, 0.85877239412, 0.067869758359],
      [0.53796784588, 0.043938959511, 0.043966173954, 0.24994646033, 0.12418056032],
      [0.17892985222, 0.090140807869, 0.084113779543, 0.080589420564, 0.56622613981]
    ],
    [
      [0.93700084192, 0.023965207947, 0.0056979172951, 0.003935444196, 0.029400588644],
      [2.0952083879e-20, 1, 1.1146302649e-48, 7.014093541e-46, 1.3455158456e-22],
      [0, 0.010197877064, 0.69717269071, 0.1984101094, 0.094219322831],
      [0.98395145834, 0.00091124770396, 0.00034635610769, 0.0031718047183, 0.01161913313],
      [0.90126977397, 0.033364868147, 0.00609859955, 0.018178780765, 0.041087977563],
      [0.53149957904, 0.43702801071, 0.01128758782, 0.005981730908, 0.014203091525]
    ],
    [
      [0.023286690267, 0.032624522681, 0.023985290854, 0.80008087357, 0.12002262263],
      [0.0024845210741, 0.51028252996, 0.37472159306, 0.074529224858, 0.037982131047],
      [0.00084575789386, 0.00042344777257, 0.64282331053, 0.35156490858, 0.0043425752215],
      [0.023973099054, 0.0029726872179, 0.055616071523, 0.84647369113, 0.070964451075],
      [0.52888131719, 0.083354377223, 0.039600553779, 0.22629994631, 0.1218638055],
      [0.1490794009, 0.1977949225, 0.070995217937, 0.067758594027, 0.51437186464]
    ],
    [
      [0.014005413493, 0, 0.1157704769, 0.73838096896, 0.13184314064],
      [0.0052072876882, 0, 0.90563234652, 0.056382406452, 0.032777959341],
      [0, 0, 0.77625026562, 0.18221900541, 0.041530728969],
      [0.080626147469, 0, 0.1063729231, 0.74170162598, 0.071299303453],
      [0.90872890889, 0, 0.016730809113, 0.040704490482, 0.033835791518],
      [0.48567376557, 0, 0.12292016841, 0.040426092705, 0.35097997331]
    ],
    [
      [0.01283573401, 0.020161564238, 0.023860493996, 0.83225870084, 0.11088350692],
      [0.0016176847648, 0.4033227342, 0.46015079645, 0.092551505651, 0.042357278938],
      [0, 0, 0.64148133804, 0.35457169597, 0.0039469659815],
      [0.013169702026, 0.00077242682747, 0.054970841404, 0.86640352649, 0.064683503256],
      [0.41145719218, 0.0707313627, 0.053071177731, 0.31262453988, 0.1521157275],
      [0.099959778821, 0.15079877333, 0.084628139737, 0.083205620587, 0.58140768752]
    ],
    [
      [0.011103270797, 0.11040829462, 0.048987394443, 0.71139037924, 0.1181106609],
      [0.00074089033762, 0.77009432464, 0.20054493932, 0.015868567616, 0.012751278084],
      [0, 0, 0.80852770789, 0.16855595333, 0.022916338777],
      [0.01202685814, 0.00092797415466, 0.11898358611, 0.79592156255, 0.072140019047],
      [0.30241536725, 0.32332056841, 0.074482591754, 0.17044017728, 0.1293412953],
      [0.057874088323, 0.41167872024, 0.15419396899, 0.030718777378, 0.34553444506]
    ],
    [
      [0, 0.03110454809, 0.030327638618, 0.83430937384, 0.10425843945],
      [0, 0.46589456899, 0.43476419574, 0.069082971356, 0.030258263915],
      [0, 0, 0.68632502541, 0.30546037399, 0.0082146005918],
      [0, 0, 0.065623495485, 0.87055216784, 0.063824336672],
      [0, 0.16444475581, 0.25006402997, 0.4010745594, 0.18441665482],
      [0, 0.26055885516, 0.10502544018, 0.082864577224, 0.55155112744]
    ],
    [
      [0.015674929522, 0.032105432786, 0.044297639292, 0.72566521446, 0.18225678394],
      [0.0018556172192, 0.38439842024, 0.53101256937, 0.04323733481, 0.039496058363],
      [0.0013866177203, 0.0014802238447, 0.81386496856, 0.18097335307, 0.0022948368042],
      [0.019990238674, 0.0081173056119, 0.10546550071, 0.76486258727, 0.10156436774],
      [0.42323648086, 0.0888376178, 0.077832708758, 0.20792551672, 0.20216767587],
      [0.075391400718, 0.15232894901, 0.099496828904, 0.038850843738, 0.63393197763]
    ],
    [
      [0.016344956039, 0.0094186522344, 0.034611728636, 0.86438984349, 0.075234819605],
      [0.0025046028036, 0.22168668358, 0.6517922516, 0.095915769938, 0.028100692083],
      [0, 0, 0.70655392932, 0.29344607068, 0],
      [0.010569173792, 0, 0.076551159479, 0.87228974868, 0.040589918053],
      [0.47753336737, 0.037907672836, 0.073226950792, 0.31206238234, 0.099269626661],
      [0.18890744576, 0.037661982783, 0.17780251665, 0.10859735242, 0.48703070238]
    ],
    [
      [0.037586686206, 0.032026064046, 0.042070531818, 0.6744855239, 0.21383119403],
      [0.002906103281, 0.39957014449, 0.50113729442, 0.046618488466, 0.049767969343],
      [0.00046102792635, 0.00021532721884, 0.79365520098, 0.20257330845, 0.0030951354269],
      [0.038879726827, 0.0027868725118, 0.099504548018, 0.73187091095, 0.12695794169],
      [0.63506609196, 0.054212284916, 0.045417960534, 0.12311288211, 0.14219078048],
      [0.15791835097, 0.12540908525, 0.07891517184, 0.036045112753, 0.60171227919]
    ],
    [
      [0.069911041089, 0.19652926033, 0.16467466875, 0.46395558092, 0.10492944891],
      [0.0015375023035, 0.95060820063, 0.035405614539, 0.0072856097546, 0.0051630727742],
      [0, 0, 0.65332858841, 0.33273998587, 0.013931425713],
      [0.1308892873, 0, 0.052869289757, 0.72430751121, 0.091933911725],
      [0.59874336652, 0.31051860693, 0.0077273807541, 0.04626283244, 0.036747813363],
      [0.13931198181, 0.69722113246, 0.013191144972, 0.014557983908, 0.13571775685]
    ],
    [
      [0, 0.050938736356, 0.0059348576905, 0.27674881578, 0.66637759017],
      [0, 0.86498408758, 0.035304255021, 0.033611276701, 0.066100380693],
      [0, 0, 0.47511780865, 0.52488219135, 0],
      [0, 0.093614844256, 0.097650930775, 0.51995922172, 0.28877500325],
      [0, 0.20833609349, 0.0061845600785, 0.094156756367, 0.69132259006],
      [0, 0.073558495847, 0.00061755078741, 0.027148230566, 0.8986757228]
    ],
    [
      [0.021679251037, 0.040724646661, 0.036467846093, 0.76522191144, 0.13590634477],
      [9.3434914843e-07, 0.92117964595, 0.066371996534, 0.0040734978462, 0.0083739253238],
      [0, 0, 0.79345016176, 0.17442772217, 0.032122116067],
      [0.014799264538, 0.0025313638439, 0.089336938639, 0.79878456314, 0.094547869836],
      [0.88952422739, 0.022907524328, 0.013537231441, 0.042575434487, 0.031455582355],
      [0.13964007853, 0.23165639708, 0.093318028041, 0.051149093321, 0.48423640303]
    ],
    [
      [0.013260340524, 0.025319585628, 0.019922992203, 0.80669732038, 0.13479976127],
      [0.0012979693536, 0.64581978409, 0.25957247615, 0.051767264017, 0.041542506389],
      [0, 0, 0.58320839953, 0.37896395989, 0.037827640582],
      [0, 0, 0.020989500586, 0.77629505014, 0.20271544927],
      [0.52658577018, 0.078479056835, 0.033485432782, 0.19858631129, 0.16286342892],
      [0.093583397033, 0.1899346699, 0.052384047212, 0.050923399935, 0.61317448592]
    ],
    [
      [0.038078118789, 0.057101161381, 0.023124860912, 0.72652073675, 0.15517512217],
      [0.0027579753801, 0.64856350749, 0.26455390029, 0.048823631743, 0.035300985104],
      [0, 0, 0.65810007991, 0.33456641028, 0.0073335098135],
      [0.036814801314, 0.0080106106222, 0.055958122381, 0.80298707222, 0.096229393459],
      [0.62004607181, 0.10121449677, 0.026861870834, 0.14269647356, 0.10918108703],
      [0.17902657295, 0.24933431431, 0.049876034158, 0.044536014639, 0.47722706393]
    ],
    [
      [0.036402268209, 0.084501979377, 0.031849734441, 0.63727342026, 0.20997259771],
      [0.0019099287558, 0.68340053625, 0.25220061478, 0.029558457448, 0.032930462773],
      [0.00046137310602, 0, 0.75058584212, 0.24434338839, 0.0046093963904],
      [0.042212646244, 0.0054499187167, 0.080114684748, 0.73826045417, 0.13396229612],
      [0.56189364165, 0.14389975228, 0.035010879509, 0.11849104984, 0.14070467673],
      [0.12980221929, 0.28743727301, 0.052425030586, 0.030296459566, 0.50003901755]
    ],
    [
      [0.040901263387, 0.024861546754, 0.017204471543, 0.68296427461, 0.23406844371],
      [0.0046010643697, 0.49553955746, 0.34904878904, 0.068692220107, 0.082118369019],
      [0.00094944804821, 0, 0.6448121109, 0.35164250263, 0.0025959384158],
      [0.044147742647, 0.0014755275952, 0.044976869196, 0.768501285, 0.14089857556],
      [0.67185061638, 0.040516402546, 0.019732340381, 0.11814832045, 0.14975232025],
      [0.16705084181, 0.096741454869, 0.035698649597, 0.037035332398, 0.66347372132]
    ],
    [
      [0.021722761552, 0.02113984821, 0.021970948967, 0.82244418611, 0.11272225516],
