{
  "Z_true": {},
  "V_true": [
    [691, 21, 59, 428, 44],
    [39, 1340, 757, 491, 31],
    [89, 495, 4528, 340, 225],
    [527, 600, 295, 18832, 673],
    [214, 222, 672, 401, 137],
    [54, 154, 142, 602, 259]
  ],
  "p_true": [
    [0.5559, 0.0169, 0.0475, 0.3443, 0.0354],
    [0.0147, 0.5041, 0.2848, 0.1847, 0.0117],
    [0.0157, 0.0872, 0.7976, 0.0599, 0.0396],
    [0.0252, 0.0287, 0.0141, 0.8999, 0.0322],
    [0.13, 0.1349, 0.4083, 0.2436, 0.0832],
    [0.0446, 0.1272, 0.1173, 0.4971, 0.2139]
  ],
  "Z_est": [
    [
      [2.6704, 0, 0, 37.5003, 13.1983, 43.0479, 29.8034, 41.1216, 28.7638, 28.2682, 32.5705, 0, 0, 4.5904, 6.0245, 6.9348, 32.1908, 30.6835, 34.754, 12.4616, 10.26, 2.7109, 19.3427, 0.7537, 0, 0.9641, 19.9458, 16.6234, 0, 7.3808, 1.357, 41.0854, 47.5267, 50.2008, 30.9875, 0, 72.3524, 2.842, 8.6531, 11.7873, 1.2047, 37.7264, 1.7281],
      [0.1898, 0, 0, 0.881, 0.4999, 2.1476, 1.7035, 1.6677, 1.206, 1.5789, 1.4616, 0.0172, 0, 0.151, 0.4543, 0.1071, 0.9745, 1.2632, 1.1276, 0.3915, 0.9446, 0.1858, 0.8717, 0.0467, 0.7823, 0.3748, 0.6602, 0.6016, 0.3797, 0.5652, 0.1017, 1.4222, 2.2906, 2.4085, 1.0411, 0, 2.9407, 0.093, 0.3924, 0.5059, 0.0545, 2.3926, 0.1624],
      [0.0876, 0, 0, 0.4647, 0.1349, 0.6455, 0.5471, 0.3937, 0.6843, 0.5128, 0.524, 0.3371, 0, 0.1417, 0.2035, 0.134, 0.5058, 0.6278, 0.4087, 0.3235, 0.2385, 0.1703, 0.2909, 0.0043, 0.0126, 0.0622, 0.2224, 0.2097, 0.0245, 0.195, 0.0545, 0.5778, 1.0633, 0.8243, 0.6056, 0, 1.3118, 0.0238, 0.1782, 0.4248, 0.0183, 0.7837, 0.0759],
      [2.0505, 0, 0, 16.1442, 7.1669, 25.153, 21.9421, 18.8119, 21.3361, 15.6303, 16.44, 0.6449, 0, 2.1151, 4.3148, 2.8193, 10.3221, 15.417, 10.705, 7.8153, 8.5499, 2.9298, 11.4881, 0.1952, 2.2006, 1.5974, 10.1674, 6.5609, 0.5952, 5.8557, 1.4868, 19.9118, 28.1194, 22.5664, 15.354, 0, 51.3676, 1.0411, 4.7723, 6.282, 0.7223, 21.0841, 2.0331],
      [0.0017, 0, 0, 0.0098, 0, 0.0059, 0.004, 0.0052, 0.0099, 0.0099, 0.0039, 0.0007, 0, 0.0017, 0.003, 0.0048, 0.0068, 0.0085, 0.0047, 0.0081, 0.0069, 0.0032, 0.0065, 0.0001, 0.0045, 0.0014, 0.0042, 0.0043, 0.0006, 0.0033, 0, 0.0028, 0, 0, 0.0117, 0, 0.0274, 0, 0.0041, 0, 0.0003, 0.0133, 0.0004]
    ],
    [
      [0.0399, 0.0136, 0.0573, 0.3916, 0.1036, 0.3225, 0.2737, 0.331, 0.2308, 0.1584, 0.2149, 0, 0.0398, 0.0891, 0.0736, 0.0681, 0.2114, 0.2886, 0.1797, 0.1481, 0.0432, 0.0054, 0.2425, 0.0014, 0, 0, 0.2545, 0.1359, 0, 0.0432, 0, 0.4147, 0.3973, 0.4674, 0.1364, 0, 0.4656, 0.0296, 0.0454, 0.0719, 0.0621, 0.4114, 0],
      [19.8728, 6.5975, 5.7737, 53.7824, 22.5104, 90.3458, 93.3112, 78.189, 57.4462, 50.1885, 54.8344, 3.881, 2.5033, 16.4162, 37.3735, 6.8747, 39.6412, 67.2205, 39.3529, 26.6966, 29.4157, 9.9742, 62.0481, 0.9316, 2.621, 9.144, 48.1458, 30.1414, 2.506, 21.7739, 4.9976, 82.1439, 107.9999, 129.085, 26.4192, 0.99, 109.5977, 6.2494, 12.1612, 17.8294, 15.9412, 145.9955, 38.5744],
      [2.5004, 0.1932, 1.011, 7.8701, 1.6514, 7.6124, 8.3957, 5.229, 9.0684, 4.5346, 5.4701, 1.1659, 0.4109, 4.2407, 4.6461, 2.1528, 5.7647, 9.3539, 3.9198, 6.0848, 2.0332, 2.4931, 5.7885, 0.0061, 0.059, 0.4454, 4.548, 2.8841, 0.3558, 2.0715, 0.6724, 9.3311, 14.0176, 12.2641, 4.2745, 0.9768, 13.6605, 0.4124, 1.5148, 4.1342, 1.4638, 13.3692, 5.0237],
      [7.5192, 1.1863, 3.1227, 35.7265, 11.6507, 38.5599, 43.8668, 32.1133, 36.9732, 18.0079, 22.3828, 4.891, 2.0207, 8.1728, 12.8078, 5.8612, 15.2602, 29.9052, 13.4769, 18.9304, 9.4447, 5.4727, 29.7345, 0.0608, 1.3088, 1.3939, 26.9245, 11.7439, 1.1247, 8.0659, 2.3299, 41.9472, 48.422, 44.071, 14.0741, 1.001, 69.846, 2.3069, 5.2422, 7.9258, 7.4967, 46.9024, 17.3987],
      [0.0677, 0.0094, 0.0352, 0.2294, 0.0839, 0.1593, 0.1526, 0.1377, 0.2814, 0.1106, 0.0977, 0.062, 0.0253, 0.0812, 0.099, 0.0431, 0.1224, 0.2318, 0.0707, 0.14, 0.0632, 0.0546, 0.1864, 0.0001, 0.0111, 0.0167, 0.1272, 0.0948, 0.0134, 0.0456, 0, 0.1631, 0.1632, 0.1125, 0.0959, 0.0323, 0.4301, 0.0018, 0.0364, 0.0386, 0.0362, 0.3215, 0.0032]
    ],
    [
      [0.1009, 0.0815, 0.1015, 1.9186, 0.7598, 1.3407, 0.9385, 1.5882, 0.9753, 0.8513, 0.6694, 0, 0.1902, 0.4137, 0.402, 0.2347, 1.4121, 1.9738, 0.8219, 0.1099, 0.1362, 0.005, 1.0491, 0.3773, 0, 0, 1.1563, 0.3295, 0, 0.3856, 0.1601, 1.6203, 1.1189, 1.5714, 0.9516, 0, 1.9141, 0.1418, 0.2028, 0.464, 0.3629, 1.7906, 0.036],
      [1.3257, 1.2689, 0.4186, 7.1182, 4.4829, 10.3199, 8.5742, 10.1536, 6.6706, 7.3015, 4.6734, 0.036, 0.1679, 1.4625, 6.6527, 0.3677, 8.6464, 12.3297, 4.8961, 0.5402, 2.1599, 0.2824, 7.3473, 3.4163, 0.741, 1.0941, 5.9799, 1.9535, 0.5353, 5.8623, 0.2893, 8.7693, 8.3421, 11.7639, 4.8814, 0, 12.2521, 0.7995, 1.4385, 2.7089, 2.4981, 17.2286, 1.1665],
      [39.3447, 11.4302, 19.5642, 233.4514, 73.2537, 191.7242, 169.8341, 150.5898, 235.2922, 146.6722, 103.4552, 4.1351, 12.1075, 95.2722, 183.1701, 41.3395, 275.796, 376.4595, 109.2906, 28.9812, 34.84, 17.4594, 151.5491, 7.6602, 4.1791, 16.8132, 125.6195, 42.8441, 27.6376, 126.0618, 10.3921, 219.1281, 237.2628, 246.0688, 177.4165, 4.936, 336.0614, 13.9707, 41.4451, 143.4632, 52.5755, 349.5937, 34.6676],
      [0.5431, 0.2936, 0.4135, 5.5554, 2.7822, 5.0207, 4.6145, 4.8146, 5.1607, 2.966, 2.1586, 0.0832, 0.1843, 1.245, 2.6738, 0.614, 4.1625, 6.3528, 1.9973, 0.4474, 0.8062, 0.2023, 3.9575, 0.7941, 0.3172, 0.3091, 3.8022, 0.8645, 0.6768, 2.4891, 0.1585, 5.1032, 4.2677, 4.6978, 2.959, 0.2735, 8.9566, 0.3474, 0.6829, 1.6078, 1.2987, 6.3798, 0.6352],
      [2.6856, 0.9258, 2.5022, 23.9563, 18.7214, 15.5945, 13.0388, 14.8539, 27.9011, 12.2091, 7.0434, 0.7458, 2.3501, 6.6066, 13.1014, 2.4441, 20.983, 34.8843, 6.9941, 1.9214, 3.0577, 1.0509, 17.097, 0.7522, 0.7627, 0.7836, 12.442, 5.0083, 4.1502, 9.2012, 0, 15.3792, 13.0084, 13.8981, 13.7915, 0.7904, 37.8158, 0.7405, 3.2307, 5.7561, 4.2647, 29.0072, 1.4946]
    ],
    [
      [2.8576, 1.8431, 5.2568, 46.5795, 15.9102, 29.3912, 27.4462, 36.0385, 27.774, 23.7652, 23.3821, 0, 1.2571, 5.3548, 7.0073, 4.4967, 32.79, 30.8338, 23.725, 6.8217, 5.0932, 1.0521, 24.9224, 0.8578, 0, 0, 23.2017, 10.1262, 0, 5.7488, 0.357, 40.9877, 35.3065, 38.9935, 20.7764, 0, 52.0096, 3.2457, 7.9659, 8.2202, 6.3057, 42.086, 1.9606],
      [5.0113, 3.5614, 1.5213, 22.2347, 13.6258, 31.8861, 35.6997, 32.288, 24.535, 28.3774, 23.0284, 0, 0.1451, 3.6571, 12.4955, 0.6673, 23.4229, 27.8084, 18.4167, 4.1888, 10.9837, 2.7602, 24.7696, 0, 0.0949, 2.4251, 16.9714, 8.4443, 1.2571, 10.4676, 1.2546, 31.307, 37.4405, 40.3722, 14.9705, 0, 44.914, 2.7011, 8.1778, 7.7184, 6.4164, 56.195, 7.2446],
      [3.0774, 0.7155, 1.6368, 18.593, 6.6864, 13.0072, 15.4739, 9.1715, 22.5533, 13.1917, 11.6684, 0.556, 0.3452, 4.6464, 7.5056, 2.8088, 16.3446, 18.9782, 9.6234, 5.2567, 4.07, 2.9535, 11.1618, 1.1999, 0, 0.957, 7.2027, 4.1683, 1.2745, 5.0732, 1.1986, 17.881, 24.7007, 20.86, 12.3147, 0.6623, 29.6946, 0.9204, 4.9719, 9.1487, 2.7147, 26.8706, 5.0614],
      [117.9963, 53.9774, 57.5355, 998.1439, 420.1957, 831.3865, 1013.7995, 815.4638, 1048.1187, 636.3041, 574.2685, 34.9893, 15.8843, 123.0565, 261.6883, 92.4993, 545.7744, 752.4267, 389.037, 210.612, 229.1315, 96.0857, 718.8402, 16.7565, 29.8032, 29.625, 577.309, 202.9149, 41.5291, 241.0679, 36.1898, 971.3856, 1014.015, 858.6424, 501.7546, 17.5944, 1828.5301, 63.0757, 215.1136, 215.7252, 183.2559, 1138.251, 197.1697],
      [6.0574, 1.9025, 5.0496, 47.4489, 25.5818, 27.329, 29.5807, 27.0382, 61.019, 28.3616, 19.6526, 3.4547, 1.3683, 9.2851, 14.3033, 4.528, 32.6681, 44.9529, 15.198, 10.1208, 9.7216, 6.1486, 33.3061, 0.1859, 1.1019, 0.9929, 20.3152, 12.3464, 3.9392, 9.6425, 0, 30.4386, 31.5373, 26.132, 25.1838, 3.7433, 83.8517, 1.0571, 10.7709, 9.1875, 6.3073, 56.5974, 4.5636]
    ],
    [
      [0.3137, 0.0571, 0.5713, 5.3339, 1.9626, 5.6854, 4.4307, 8.7362, 3.1025, 5.8295, 5.0584, 0, 0.5074, 1.5189, 2.4308, 1.2363, 6.2753, 7.0487, 3.4396, 0.4204, 0.4481, 0.2224, 3.3251, 0, 0, 0.0359, 3.3041, 1.7496, 0, 1.4047, 0.1259, 5.7436, 5.4913, 10.5801, 3.0792, 0, 14.0365, 0.7283, 1.0892, 1.4073, 2.0257, 4.7859, 0.2633],
      [0.7502, 0.2298, 0.1901, 3.933, 2.3502, 8.8483, 7.8957, 11.075, 4.066, 10.2008, 7.1165, 0, 0.149, 1.6473, 5.8637, 0.6779, 5.9819, 9.0652, 3.5374, 0.4301, 1.3283, 0.5209, 4.694, 0, 0.6807, 0.454, 3.4386, 2.0409, 0.1073, 3.4517, 0.3567, 6.2028, 8.2394, 15.8515, 3.2588, 0, 17.7333, 0.8677, 1.5964, 1.9402, 2.9945, 9.465, 0.8099],
      [2.9856, 0.2377, 1.1173, 17.3846, 5.234, 22.5399, 21.4631, 22.4844, 19.3711, 27.9573, 21.5372, 0, 0.8914, 13.3241, 22.2589, 6.9079, 26.3912, 38.1038, 10.7478, 3.0414, 2.8499, 4.2592, 13.2656, 0, 0.6469, 0.7381, 9.8715, 6.0295, 0.4386, 10.0887, 1.6824, 21.2685, 32.2352, 45.3081, 16.0517, 3.0149, 66.5579, 1.9135, 6.2087, 13.8561, 8.5286, 26.1234, 3.2405],
      [2.9118, 0.4715, 1.0939, 26.0191, 12.2151, 37.592, 36.9121, 45.2992, 26.0404, 36.5783, 29.0206, 0, 1.418, 8.3403, 20.1499, 6.0961, 22.9823, 40.1387, 12.1477, 3.0701, 4.3264, 2.9473, 22.4386, 0, 3.6386, 0.7652, 19.2049, 8.0489, 0.4412, 12.9171, 1.835, 31.5135, 36.7179, 53.821, 17.3786, 0.966, 112.2952, 3.4731, 7.0139, 8.6965, 14.3197, 30.2259, 3.6607],
      [0.0387, 0.0039, 0.0274, 0.3295, 0.2381, 0.3344, 0.2984, 0.4052, 0.42, 0.4341, 0.2673, 0, 0.0342, 0.1694, 0.2967, 0.0818, 0.3693, 0.6436, 0.1274, 0.0381, 0.0474, 0.0501, 0.2767, 0, 0.0338, 0.0068, 0.1808, 0.1312, 0.0129, 0.1378, 0, 0.2716, 0.3162, 0.4393, 0.2316, 0.0191, 1.3772, 0.0174, 0.0919, 0.0999, 0.1315, 0.3999, 0.0256]
    ],
    [
      [0.0175, 0.0046, 0.013, 0.276, 0.0657, 0.2123, 0.1076, 0.1845, 0.1536, 0.1274, 0.1047, 0, 0.0055, 0.033, 0.0618, 0.0294, 0.1204, 0.1716, 0.0798, 0.0382, 0.0193, 0.0042, 0.1182, 0.0098, 0, 0, 0.1375, 0.0354, 0, 0.037, 0, 0.1483, 0.1593, 0.1868, 0.0688, 0, 0.2217, 0.0125, 0.0437, 0.0492, 0.0389, 0.1996, 0.0119],
      [0.8502, 0.3425, 0.0962, 4.0507, 1.5307, 6.4522, 3.8157, 4.6268, 4.0762, 4.353, 2.8857, 0.0658, 0.0348, 0.6658, 3.1604, 0.3053, 2.333, 4.3129, 1.6693, 0.7529, 1.1678, 0.2765, 3.2693, 0.6054, 0.0801, 0.5079, 2.8041, 0.8183, 0.2146, 1.8792, 0, 3.1548, 4.6875, 5.5189, 1.429, 0.01, 5.5622, 0.2893, 1.2338, 1.2972, 1.0953, 7.7233, 1.0421],
      [4.0042, 0.4234, 0.6707, 21.2363, 4.0395, 19.4708, 12.2861, 11.1316, 23.0307, 14.1314, 10.3451, 0.8059, 0.2449, 6.3749, 14.2158, 3.657, 12.1977, 21.4768, 6.0097, 6.3123, 2.9684, 2.6645, 10.9441, 0.1295, 0.1023, 0.9841, 9.5358, 2.8643, 1.2689, 6.5099, 0, 12.8136, 21.7205, 18.6747, 8.337, 0.41, 24.7138, 0.7591, 5.6813, 10.973, 3.6991, 25.2594, 4.9308],
      [4.9792, 1.0711, 0.8344, 40.4108, 11.9894, 41.2878, 26.8651, 28.4974, 39.3709, 23.5135, 17.7294, 1.3916, 0.4928, 5.0703, 16.3654, 4.1101, 13.4985, 28.7597, 8.6362, 8.1248, 5.7413, 2.3622, 23.5412, 1.1935, 0.7316, 1.3094, 23.592, 4.867, 1.6329, 10.6043, 0, 24.1387, 31.458, 28.2015, 11.4797, 0.1651, 53.0046, 1.7558, 8.1752, 8.7627, 7.9067, 37.1569, 7.1026],
      [1.1489, 0.1583, 0.3857, 9.0261, 4.3747, 6.5769, 3.9256, 4.5598, 11.3686, 4.8748, 2.935, 0.7368, 0.2221, 1.856, 4.1966, 0.8982, 3.8504, 8.2789, 1.605, 1.7717, 1.1032, 0.6926, 5.1272, 0.0618, 0.086, 0.1986, 3.9306, 1.4151, 0.8836, 1.9696, 0, 3.7446, 4.9748, 4.4182, 2.6855, 0.4149, 11.4978, 0.1832, 1.8661, 1.9179, 1.26, 8.6607, 0.9126]
    ]
  ],
  "V_est": [
    [770.017, 35.0407, 14.0492, 423.7096, 0.1835],
    [6.4637, 1687.4982, 193.076, 766.6738, 4.2883],
    [28.6577, 198.9168, 4922.8093, 103.6702, 422.946],
    [681.7479, 649.4569, 376.9006, 18416.9232, 801.9715],
    [123.8048, 170.0407, 578.156, 765.1421, 8.8564],
    [3.3089, 91.0466, 368.0088, 617.8812, 130.7545]
  ],
  "p_est": [
    [0.6195, 0.0282, 0.0113, 0.3409, 0.0001],
    [0.0024, 0.6349, 0.0726, 0.2884, 0.0016],
    [0.005, 0.035, 0.8671, 0.0183, 0.0745],
    [0.0326, 0.031, 0.018, 0.8801, 0.0383],
    [0.0752, 0.1033, 0.3512, 0.4648, 0.0054],
    [0.0027, 0.0752, 0.3039, 0.5102, 0.108]
  ],
  "EI_Z": {},
  "EI_V": 6.9843,
  "MAE_Z": {},
  "MAE_V": 155.3396,
  "MAE_p": 0.057,
  "runtime": 0.122
}
