{
  "X": [
    [3, 21, 36, 0],
    [4, 35, 42, 0],
    [6, 15, 36, 0],
    [2, 42, 43, 0],
    [5, 89, 136, 1],
    [8, 65, 93, 7],
    [2, 53, 79, 2],
    [7, 61, 87, 7],
    [2, 26, 39, 0],
    [23, 119, 215, 5],
    [30, 200, 284, 11],
    [8, 51, 83, 4],
    [5, 53, 63, 3],
    [6, 48, 99, 1],
    [5, 21, 33, 3],
    [10, 57, 64, 3],
    [2, 38, 63, 4],
    [3, 106, 175, 10],
    [1, 33, 48, 0],
    [1, 1, 8, 0],
    [5, 77, 48, 0],
    [1, 23, 36, 2],
    [2, 7, 11, 0],
    [2, 102, 36, 1],
    [0, 8, 20, 1],
    [1, 40, 26, 2],
    [5, 61, 46, 4],
    [0, 8, 12, 1],
    [5, 38, 21, 6],
    [1, 58, 24, 0],
    [1, 2, 4, 2],
    [0, 5, 8, 1],
    [10, 197, 172, 7],
    [6, 78, 61, 0],
    [4, 54, 79, 2],
    [3, 29, 48, 1],
    [1, 111, 62, 2],
    [0, 3, 7, 0],
    [7, 46, 130, 2],
    [3, 58, 221, 1],
    [3, 19, 44, 1],
    [0, 14, 20, 3],
    [0, 89, 99, 2],
    [9, 74, 87, 2],
    [7, 155, 215, 7],
    [2, 13, 21, 1],
    [1, 26, 30, 0],
    [0, 3, 4, 0],
    [1, 3, 7, 0],
    [14, 77, 75, 2],
    [3, 17, 32, 0],
    [8, 31, 48, 1],
    [4, 40, 68, 1],
    [6, 37, 83, 4],
    [6, 63, 83, 6],
    [4, 38, 78, 5],
    [4, 23, 44, 0],
    [0, 21, 30, 1],
    [1, 29, 29, 4],
    [3, 5, 11, 2],
    [0, 2, 7, 0],
    [3, 51, 62, 3],
    [0, 2, 8, 0],
    [0, 12, 31, 2],
    [2, 9, 29, 1],
    [0, 23, 22, 1],
    [1, 29, 28, 3],
    [2, 62, 45, 2],
    [1, 81, 113, 8],
    [4, 75, 144, 4],
    [1, 8, 14, 3],
    [4, 69, 120, 6],
    [1, 8, 4, 0],
    [1, 20, 43, 2],
    [1, 16, 22, 1],
    [2, 15, 31, 1],
    [1, 6, 19, 1],
    [0, 12, 18, 0],
    [1, 51, 66, 3],
    [3, 16, 22, 0],
    [2, 23, 25, 4],
    [2, 25, 38, 4],
    [1, 24, 34, 0],
    [2, 23, 33, 2],
    [2, 35, 57, 5],
    [4, 23, 31, 0],
    [2, 32, 28, 3],
    [1, 8, 14, 3],
    [0, 4, 19, 1],
    [2, 35, 39, 2],
    [1, 11, 6, 0],
    [0, 6, 4, 1],
    [1, 6, 5, 0],
    [1, 10, 17, 4],
    [1, 21, 25, 0],
    [0, 4, 2, 0],
    [2, 17, 12, 2],
    [1, 3, 5, 0],
    [0, 6, 5, 0],
    [0, 36, 37, 1],
    [0, 11, 14, 1],
    [0, 1, 5, 1],
    [3, 6, 13, 0],
    [3, 0, 4, 0],
    [8, 82, 97, 4],
    [1, 11, 10, 3],
    [1, 27, 21, 2],
    [1, 18, 21, 1],
    [0, 10, 12, 2],
    [5, 30, 45, 2],
    [2, 11, 23, 3],
    [1, 13, 13, 2],
    [2, 30, 43, 0],
    [1, 13, 34, 2],
    [0, 13, 36, 3],
    [1, 15, 14, 3],
    [1, 9, 9, 0],
    [3, 9, 14, 0],
    [0, 18, 22, 1],
    [2, 13, 8, 0],
    [3, 25, 40, 0],
    [3, 56, 64, 4],
    [0, 16, 14, 0],
    [1, 57, 31, 3],
    [5, 75, 95, 4],
    [2, 20, 34, 1],
    [13, 102, 75, 7],
    [18, 115, 87, 3],
    [13, 76, 81, 0],
    [4, 75, 73, 6],
    [4, 132, 166, 9],
    [3, 45, 58, 6],
    [3, 50, 63, 0],
    [3, 31, 38, 6],
    [1, 22, 22, 1],
    [0, 6, 2, 0],
    [0, 1, 5, 0],
    [1, 6, 14, 0],
    [1, 39, 30, 3],
    [0, 4, 2, 1],
    [1, 9, 13, 0],
    [0, 2, 7, 1],
    [4, 26, 37, 5],
    [2, 76, 88, 2],
    [0, 1, 5, 2],
    [5, 31, 47, 1],
    [4, 95, 91, 7],
    [0, 50, 46, 1],
    [1, 26, 19, 1],
    [0, 36, 30, 1],
    [1, 5, 9, 0],
    [0, 12, 12, 1],
    [3, 9, 17, 2],
    [0, 27, 25, 0],
    [0, 14, 24, 0],
    [1, 49, 53, 2],
    [3, 49, 59, 2],
    [0, 22, 15, 2],
    [0, 20, 25, 0],
    [1, 3, 3, 0],
    [0, 12, 9, 1],
    [1, 18, 13, 1],
    [0, 26, 31, 0],
    [1, 31, 28, 1],
    [0, 16, 25, 2],
    [1, 28, 26, 2],
    [1, 10, 15, 2],
    [1, 18, 20, 2],
    [0, 1, 5, 0],
    [1, 11, 11, 1],
    [0, 6, 8, 0],
    [0, 18, 23, 2],
    [0, 12, 14, 2],
    [4, 40, 56, 5],
    [1, 49, 50, 4],
    [0, 2, 4, 0],
    [1, 4, 10, 0],
    [2, 4, 7, 1],
    [0, 7, 16, 0],
    [0, 13, 32, 0],
    [0, 3, 3, 1],
    [1, 7, 2, 0],
    [0, 11, 25, 1],
    [0, 4, 4, 0],
    [0, 2, 4, 0],
    [0, 27, 29, 2],
    [2, 12, 16, 2],
    [1, 22, 36, 2],
    [0, 6, 7, 2],
    [1, 5, 7, 0],
    [0, 4, 13, 1],
    [2, 69, 64, 4],
    [5, 43, 54, 7],
    [0, 16, 11, 0],
    [0, 18, 32, 3],
    [0, 3, 4, 0],
    [1, 7, 8, 0],
    [1, 25, 30, 3],
    [1, 7, 18, 0],
    [0, 11, 8, 0],
    [1, 17, 24, 2],
    [0, 12, 33, 5],
    [0, 8, 7, 0],
    [1, 5, 9, 0],
    [2, 41, 12, 3],
    [0, 5, 3, 2],
    [3, 22, 38, 4],
    [0, 2, 4, 0],
    [4, 43, 67, 6],
    [3, 63, 80, 4],
    [55, 279, 369, 20],
    [6, 101, 92, 7],
    [52, 632, 701, 40],
    [0, 22, 18, 0]
  ],
  "W": [
    [38, 18, 1, 3],
    [51, 20, 3, 7],
    [35, 5, 8, 9],
    [55, 23, 4, 5],
    [147, 65, 3, 16],
    [114, 31, 8, 20],
    [81, 42, 0, 13],
    [86, 39, 6, 31],
    [47, 16, 1, 3],
    [216, 91, 13, 42],
    [313, 147, 21, 44],
    [89, 33, 10, 14],
    [74, 23, 10, 17],
    [113, 26, 4, 11],
    [35, 16, 3, 8],
    [81, 31, 9, 13],
    [63, 27, 4, 13],
    [191, 78, 3, 22],
    [48, 29, 0, 5],
    [8, 1, 0, 1],
    [62, 46, 5, 17],
    [40, 8, 8, 6],
    [10, 3, 1, 6],
    [81, 43, 5, 12],
    [23, 2, 0, 4],
    [33, 27, 3, 6],
    [45, 50, 8, 13],
    [13, 3, 1, 4],
    [32, 28, 2, 8],
    [31, 43, 3, 6],
    [5, 2, 0, 2],
    [9, 1, 0, 4],
    [191, 157, 19, 19],
    [65, 65, 6, 9],
    [96, 32, 4, 7],
    [44, 27, 6, 4],
    [85, 80, 4, 7],
    [7, 2, 1, 0],
    [103, 67, 1, 14],
    [209, 45, 15, 14],
    [40, 22, 2, 3],
    [21, 8, 1, 7],
    [102, 74, 5, 9],
    [104, 44, 6, 18],
    [233, 100, 20, 31],
    [21, 11, 1, 4],
    [28, 25, 1, 3],
    [5, 2, 0, 0],
    [6, 3, 1, 1],
    [103, 40, 5, 20],
    [37, 6, 5, 4],
    [56, 18, 2, 12],
    [77, 20, 4, 12],
    [91, 22, 4, 13],
    [98, 38, 5, 17],
    [84, 18, 5, 18],
    [47, 13, 5, 6],
    [25, 16, 4, 7],
    [30, 19, 8, 6],
    [9, 2, 2, 8],
    [4, 1, 1, 3],
    [59, 39, 9, 12],
    [5, 2, 1, 2],
    [29, 7, 2, 7],
    [30, 6, 2, 3],
    [20, 18, 3, 5],
    [24, 22, 4, 11],
    [47, 54, 3, 7],
    [139, 49, 3, 12],
    [147, 57, 5, 18],
    [15, 5, 0, 6],
    [127, 45, 10, 17],
    [5, 2, 2, 4],
    [43, 12, 3, 8],
    [25, 11, 3, 1],
    [33, 11, 1, 4],
    [18, 3, 0, 6],
    [18, 7, 2, 3],
    [74, 41, 3, 3],
    [28, 7, 2, 4],
    [29, 16, 1, 8],
    [42, 13, 5, 9],
    [36, 16, 4, 3],
    [36, 10, 8, 6],
    [64, 23, 3, 9],
    [37, 11, 2, 8],
    [39, 10, 5, 11],
    [14, 5, 1, 6],
    [15, 4, 0, 5],
    [53, 18, 2, 5],
    [9, 5, 1, 3],
    [4, 4, 0, 3],
    [5, 5, 2, 0],
    [16, 8, 1, 7],
    [31, 8, 2, 6],
    [3, 3, 0, 0],
    [17, 8, 3, 5],
    [3, 1, 2, 3],
    [4, 2, 1, 4],
    [48, 17, 4, 5],
    [14, 5, 1, 6],
    [2, 1, 0, 4],
    [12, 3, 4, 3],
    [3, 0, 1, 3],
    [114, 47, 6, 24],
    [13, 6, 3, 3],
    [26, 15, 2, 8],
    [22, 8, 3, 8],
    [16, 7, 1, 0],
    [50, 20, 5, 7],
    [26, 9, 0, 4],
    [15, 8, 2, 4],
    [50, 12, 4, 9],
    [27, 10, 4, 9],
    [33, 10, 1, 8],
    [13, 9, 6, 5],
    [10, 5, 2, 2],
    [14, 6, 4, 2],
    [27, 10, 1, 3],
    [13, 3, 3, 4],
    [44, 13, 2, 9],
    [75, 38, 2, 12],
    [19, 5, 1, 5],
    [39, 39, 6, 8],
    [101, 57, 9, 12],
    [35, 14, 0, 8],
    [98, 65, 10, 24],
    [113, 70, 7, 33],
    [106, 42, 1, 21],
    [91, 50, 5, 12],
    [184, 103, 3, 21],
    [69, 24, 5, 14],
    [73, 26, 5, 12],
    [46, 21, 2, 9],
    [22, 17, 1, 6],
    [2, 4, 1, 1],
    [4, 1, 0, 1],
    [12, 3, 1, 5],
    [38, 26, 5, 4],
    [3, 2, 2, 0],
    [14, 7, 0, 2],
    [9, 0, 0, 1],
    [42, 17, 5, 8],
    [97, 45, 9, 17],
    [3, 0, 3, 2],
    [47, 20, 6, 11],
    [112, 58, 1, 26],
    [53, 32, 7, 5],
    [22, 16, 2, 7],
    [33, 29, 1, 4],
    [11, 3, 0, 1],
    [17, 7, 1, 0],
    [15, 6, 3, 7],
    [33, 18, 1, 0],
    [19, 17, 2, 0],
    [57, 30, 5, 13],
    [71, 30, 5, 7],
    [19, 16, 1, 3],
    [25, 16, 3, 1],
    [2, 0, 1, 4],
    [10, 9, 3, 0],
    [18, 10, 3, 2],
    [30, 19, 3, 5],
    [33, 18, 4, 6],
    [20, 16, 1, 6],
    [36, 15, 2, 4],
    [18, 5, 2, 3],
    [21, 11, 1, 8],
    [5, 0, 0, 1],
    [12, 6, 1, 5],
    [9, 2, 0, 3],
    [25, 11, 2, 5],
    [14, 9, 2, 3],
    [75, 18, 8, 4],
    [72, 25, 3, 4],
    [4, 2, 0, 0],
    [8, 4, 1, 2],
    [5, 1, 3, 5],
    [17, 2, 3, 1],
    [32, 7, 0, 6],
    [2, 0, 2, 3],
    [2, 7, 0, 1],
    [23, 8, 1, 5],
    [3, 5, 0, 0],
    [2, 0, 4, 0],
    [31, 13, 6, 8],
    [16, 10, 1, 5],
    [35, 16, 5, 5],
    [9, 1, 1, 4],
    [7, 3, 2, 1],
    [15, 2, 0, 1],
    [67, 57, 5, 10],
    [59, 22, 14, 14],
    [15, 9, 1, 2],
    [27, 10, 9, 7],
    [4, 1, 0, 2],
    [11, 4, 0, 1],
    [32, 13, 10, 4],
    [19, 4, 3, 0],
    [16, 3, 0, 0],
    [26, 10, 4, 4],
    [23, 13, 11, 3],
    [5, 5, 2, 3],
    [8, 0, 2, 5],
    [21, 29, 3, 5],
    [3, 2, 4, 1],
    [38, 12, 9, 8],
    [5, 0, 0, 1],
    [59, 18, 13, 30],
    [76, 52, 5, 17],
    [372, 222, 36, 93],
    [94, 82, 6, 24],
    [776, 429, 62, 158],
    [15, 16, 3, 6]
  ],
  "method": "mvn_pdf",
  "cond_prob": [
    [
      [0.034264748532, 0.18939397754, 0.77323575858, 0.0031055153429],
      [0.020399502498, 0.7119738559, 0.26522960821, 0.002397033394],
      [0.16002164812, 0.32145067933, 0.49307043732, 0.025457235232],
      [0.40125049744, 0.20824234865, 0.36792703904, 0.02258011487]
    ],
    [
      [0.025024800455, 0.29074903706, 0.68024704017, 0.0039791223193],
      [0.011196414046, 0.81098323668, 0.17553031236, 0.0022900369109],
      [0.10436725841, 0.45933724441, 0.40535410817, 0.030941389012],
      [0.27596255105, 0.34314255813, 0.34890989496, 0.031984995856]
    ],
    [
      [0.04122641751, 0.19084512254, 0.76400535037, 0.0039231095787],
      [0.024479943529, 0.71250281375, 0.26001672665, 0.0030005160748],
      [0.18084175301, 0.31449047103, 0.47270069765, 0.0319670783],
      [0.41835146222, 0.2025769316, 0.35060725869, 0.028464347492]
    ],
    [
      [0.011798681487, 0.33502902687, 0.64934358167, 0.0038287099721],
      [0.0047734802973, 0.84190853614, 0.15133010901, 0.0019878745513],
      [0.04868248123, 0.5322141631, 0.38924932612, 0.029854029554],
      [0.14088654945, 0.44729792931, 0.37699447338, 0.034821047859]
    ],
    [
      [0.012069454424, 0.2265667541, 0.75619307595, 0.0051707155299],
      [0.0065449879678, 0.75232594395, 0.23753871567, 0.0035903524154],
      [0.054652740834, 0.39639418211, 0.50370702003, 0.04524605702],
      [0.14983445265, 0.32468798715, 0.47430895758, 0.051168602612]
    ],
    [
      [0.021906415621, 0.27424259683, 0.68412405852, 0.019726929025],
      [0.010293280831, 0.79166084188, 0.18618441887, 0.011861458428],
      [0.082253904039, 0.39619529643, 0.37582771773, 0.1457230818],
      [0.2118427197, 0.30318343254, 0.33075665173, 0.15421719603]
    ],
    [
      [0.008270368322, 0.21607771385, 0.76822401855, 0.0074278992742],
      [0.0046201176493, 0.74256751642, 0.24750406992, 0.0053082960026],
      [0.037704078213, 0.38140761906, 0.51445869185, 0.066429610876],
      [0.10588028952, 0.32017867107, 0.49663292434, 0.077308115064]
    ],
    [
      [0.014425315077, 0.23427400548, 0.73600159341, 0.015299086028],
      [0.0076003919601, 0.75797669113, 0.22411147421, 0.010311442699],
      [0.059345172502, 0.37245404292, 0.44461578017, 0.12358500441],
      [0.15817040414, 0.29732660277, 0.40809425751, 0.13640873558]
    ],
    [
      [0.016097046776, 0.25371999563, 0.72688013735, 0.003302820246],
      [0.0079327651084, 0.78385215779, 0.20611787284, 0.0020972042593],
      [0.072816689347, 0.43314481911, 0.46677012801, 0.027268363531],
      [0.2065292059, 0.34065529429, 0.4231648516, 0.029650648213]
    ],
    [
      [0.033982139419, 0.19235926359, 0.76594261068, 0.0077159863121],
      [0.020429369289, 0.70633602657, 0.26729481535, 0.0059397887932],
      [0.1441441265, 0.31462681455, 0.47792754288, 0.063301516078],
      [0.33623013284, 0.21958830018, 0.38331048832, 0.060871078659]
    ],
    [
      [0.040204785792, 0.22854404211, 0.71942968532, 0.011821486774],
      [0.021532224908, 0.74647164831, 0.22389138455, 0.008104742233],
      [0.15621588251, 0.34274678973, 0.41198445365, 0.089052874114],
      [0.35671764523, 0.2348498975, 0.32438276953, 0.084049687744]
    ],
    [
      [0.028244692115, 0.22093759711, 0.73899371613, 0.011823994647],
      [0.015419631418, 0.74284387331, 0.23346450855, 0.0082719867223],
      [0.11618161249, 0.34758646488, 0.44158165357, 0.09465026907],
      [0.28653499383, 0.25147320618, 0.36737510309, 0.094616696896]
    ],
    [
      [0.015067811496, 0.31077904912, 0.66501494422, 0.0091381951667],
      [0.0064765528771, 0.82344415029, 0.16505070147, 0.0050285953629],
      [0.060226587539, 0.47960149471, 0.38904034771, 0.071131570034],
      [0.16506575518, 0.39035845808, 0.36442352891, 0.08015225782]
    ],
    [
      [0.02066824145, 0.21464900324, 0.75908744353, 0.0055953117822],
      [0.011554631948, 0.73874336079, 0.24569128501, 0.0040107222458],
      [0.09220660457, 0.3668871406, 0.49296247512, 0.04794377971],
      [0.23917175372, 0.27912984342, 0.43133712514, 0.050361277713]
    ],
    [
      [0.045825031246, 0.20454575639, 0.72812115616, 0.021508056203],
      [0.025774051393, 0.72312551741, 0.23556715959, 0.015533271601],
      [0.17219343603, 0.28488360643, 0.38154976462, 0.16137319293],
      [0.39681056163, 0.18121111494, 0.27933827264, 0.14264005079]
    ],
    [
      [0.053108622097, 0.29581550331, 0.64026339904, 0.010812475548],
      [0.023446922622, 0.80658015665, 0.16384703482, 0.0061258859173],
      [0.19068466944, 0.40327699585, 0.3312614939, 0.07477684081],
      [0.42664534499, 0.26045156274, 0.24619254072, 0.066710551546]
    ],
    [
      [0.0087314937999, 0.20839096221, 0.76822358315, 0.014653960837],
      [0.0049730879695, 0.73256755114, 0.25179231038, 0.010667050505],
      [0.037773288585, 0.34870925897, 0.48676500884, 0.12675244361],
      [0.1043461606, 0.2879843015, 0.46231597376, 0.14535356414]
    ],
    [
      [0.0083908384308, 0.21522674527, 0.75442366659, 0.021958749707],
      [0.0046909655231, 0.73516093652, 0.24445760645, 0.015690491507],
      [0.034004544521, 0.33807215522, 0.45175662102, 0.17616667924],
      [0.092798926397, 0.27862119057, 0.42788386615, 0.20069601688]
    ],
    [
      [0.007133181227, 0.2049115388, 0.78482613298, 0.0031291469875],
      [0.004120112211, 0.7339240409, 0.25963790291, 0.0023179439822],
      [0.034475497426, 0.38330255828, 0.55361121327, 0.028610731026],
      [0.099608897325, 0.32554197647, 0.54108487543, 0.033764250771]
    ],
    [
      [0.02496452571, 0.08536510096, 0.8892164302, 0.00045394313355],
      [0.02174225853, 0.56656998543, 0.41113151792, 0.00055623812023],
      [0.19003838648, 0.17474609712, 0.63400919793, 0.0012063184692],
      [0.73319590254, 0.05067626889, 0.21583342045, 0.00029440811839]
    ],
    [
      [0.015638419752, 0.4113224639, 0.56862186706, 0.0044172492869],
      [0.0054206988451, 0.87873710178, 0.11388005058, 0.0019621487996],
      [0.05875836413, 0.59682529753, 0.31264794298, 0.031768395368],
      [0.16570366081, 0.49751519993, 0.30011885936, 0.036662279892]
    ],
    [
      [0.0075760172282, 0.26957161826, 0.71330660902, 0.0095457554852],
      [0.0035904174741, 0.79741770751, 0.19320778039, 0.0057840946322],
      [0.03214522309, 0.44494429224, 0.44228564421, 0.080624840466],
      [0.092014189052, 0.37863756506, 0.4336819686, 0.095666277289]
    ],
    [
      [0.01768700251, 0.22930303406, 0.75023694307, 0.0027730203639],
      [0.0090227606099, 0.77899226823, 0.21015718344, 0.0018277877218],
      [0.083329651298, 0.41027652577, 0.4834372506, 0.022956572326],
      [0.2381856405, 0.31170647003, 0.4256293307, 0.024478558775]
    ],
    [
      [0.0080134753593, 0.62475973142, 0.36199548704, 0.0052313061803],
      [0.0019679671704, 0.94491916955, 0.051468995907, 0.0016438673716],
      [0.025464596441, 0.77262595518, 0.16969850554, 0.032210942837],
      [0.077631174012, 0.7035253401, 0.17810961501, 0.040733870886]
    ],
    [
      [0.0036264012494, 0.21623380126, 0.7720234698, 0.0081163276924],
      [0.0019780545388, 0.75794800667, 0.23445705934, 0.0056168794529],
      [0.016334196918, 0.39103027301, 0.5141147317, 0.078520798374],
      [0.045671092194, 0.34017979418, 0.51631731265, 0.097831800974]
    ],
    [
      [0.0084696184318, 0.38003552026, 0.59888569745, 0.012609163855],
      [0.0030953403704, 0.86559899652, 0.12541940522, 0.0058862578926],
      [0.031496775587, 0.54858793086, 0.32489260088, 0.095022692665],
      [0.091524295621, 0.47175950697, 0.32222097508, 0.11449522234]
    ],
    [
      [0.020342294577, 0.29168865246, 0.67287849004, 0.015090562925],
      [0.0091273971839, 0.80800187067, 0.17419997046, 0.0086707616874],
      [0.078400754635, 0.43081865763, 0.37635999755, 0.11442059019],
      [0.20710339932, 0.33410318167, 0.33580737228, 0.12298604673]
    ],
    [
      [0.0035494765181, 0.26661945621, 0.72136746815, 0.0084635991262],
      [0.0016457964087, 0.81071678047, 0.18266175362, 0.0049756695032],
      [0.014984176217, 0.45900635414, 0.44881346104, 0.077196008602],
      [0.041882625071, 0.40326997418, 0.45707303134, 0.097774369406]
    ],
    [
      [0.054098034846, 0.32615197547, 0.48794820707, 0.13180178262],
      [0.021193229531, 0.80218179536, 0.11063576961, 0.065989205497],
      [0.10217388268, 0.22724959381, 0.1280454023, 0.5425311212],
      [0.24533997206, 0.15110226761, 0.098109990661, 0.50544776966]
    ],
    [
      [0.0078842099701, 0.44585367405, 0.54244516438, 0.0038169516061],
      [0.0025511792155, 0.89509945412, 0.10076663893, 0.0015827277331],
      [0.029400130099, 0.64705875462, 0.29643731083, 0.027103804451],
      [0.088539458173, 0.57440452821, 0.30351544124, 0.033540572379]
    ],
    [
      [0.016931257282, 0.07448676325, 0.3440881794, 0.56449380006],
      [0.011625472614, 0.39403604347, 0.1254619731, 0.46887651082],
      [0.0021608038131, 0.0023799690065, 0.0038808837972, 0.99157834338],
      [0.0060318994867, 0.0013875945131, 0.0025804308792, 0.99000007512]
    ],
    [
      [0.003326195205, 0.27866166425, 0.7075981114, 0.010414029147],
      [0.0014467025723, 0.82983931614, 0.16300645476, 0.0057075265227],
      [0.013507985001, 0.46989787762, 0.41883939993, 0.097754737449],
      [0.036499717411, 0.41069750676, 0.42669173612, 0.12611103971]
    ],
    [
      [0.017887473759, 0.29111958839, 0.67954612966, 0.011446808196],
      [0.0081148713288, 0.80627436974, 0.17896431897, 0.0066464399663],
      [0.070760952051, 0.44494679531, 0.3961953105, 0.088096942143],
      [0.18757520149, 0.35376818495, 0.36205043831, 0.096606175249]
    ],
    [
      [0.027643588142, 0.29428481452, 0.67365684251, 0.0044147548243],
      [0.01235620191, 0.81081190246, 0.17429769702, 0.002534198607],
      [0.11259387584, 0.45669337895, 0.39668602069, 0.034026724511],
      [0.28854597753, 0.33845455899, 0.33819481962, 0.034804643861]
    ],
    [
      [0.017378052219, 0.26055307709, 0.71346810754, 0.0086007631493],
      [0.0084863355902, 0.78447941619, 0.20165224913, 0.0053819990909],
      [0.073104734887, 0.41997012593, 0.43654070703, 0.070384432151],
      [0.19672966837, 0.33086732036, 0.39567809133, 0.07672491994]
    ],
    [
      [0.018454861557, 0.1757442857, 0.79993640381, 0.005864448932],
      [0.011685403811, 0.69238467006, 0.29115798158, 0.0047719445497],
      [0.087895863395, 0.31596796628, 0.54277954196, 0.05335662837],
      [0.23453382434, 0.23852611765, 0.47124316069, 0.055696897324]
    ],
    [
      [0.0076046824737, 0.41001761992, 0.57392616082, 0.0084515367842],
      [0.0026530593572, 0.87775803093, 0.11581852808, 0.0037703816331],
      [0.028342699341, 0.59393530901, 0.31581439234, 0.061907599309],
      [0.083033626577, 0.52203277921, 0.31942044333, 0.075513150888]
    ],
    [
      [0.00044833149899, 0.15325483124, 0.84595280401, 0.00034403324725],
      [0.00032502128134, 0.72197264445, 0.27739692026, 0.00030541399996],
      [0.0011034767026, 0.34855041077, 0.64968243355, 0.00066367897255],
      [3.5543178178e-05, 0.31478056613, 0.68459969143, 0.00058419925696]
    ],
    [
      [0.017822112143, 0.10165072763, 0.87478532091, 0.0057418393211],
      [0.015432898423, 0.5401700154, 0.43802303637, 0.006374049811],
      [0.091360248924, 0.19927618386, 0.65242981192, 0.056933755294],
      [0.23208808805, 0.14897951218, 0.56024814495, 0.058684254814]
    ],
    [
      [0.007090355681, 0.13095690159, 0.85770368659, 0.0042490561403],
      [0.0054148914953, 0.61103261757, 0.37939959686, 0.004152894076],
      [0.036786506273, 0.2632622751, 0.65722715944, 0.042724059187],
      [0.10182867716, 0.21948422712, 0.62956054463, 0.049126551087]
    ],
    [
      [0.027270853484, 0.13193941409, 0.83432689698, 0.0064628354364],
      [0.020305731702, 0.61632989839, 0.35715704407, 0.0062073258295],
      [0.13430775098, 0.23810221596, 0.56722820145, 0.060361831613],
      [0.34043209704, 0.16136194243, 0.44191378671, 0.056292173827]
    ],
    [
      [0.004750981386, 0.24164942191, 0.71953437638, 0.034065220316],
      [0.0023922692642, 0.77220481857, 0.20366066569, 0.021742246475],
      [0.01685937829, 0.33663694438, 0.37201230278, 0.27449137455],
      [0.045433507966, 0.27802374147, 0.35428914915, 0.32225360141]
    ],
    [
      [0.0053110420826, 0.24874773101, 0.73902393129, 0.0069172956116],
      [0.002703915425, 0.77547763295, 0.21731643365, 0.0045020179766],
      [0.023583067151, 0.43018217834, 0.48592262657, 0.06031212794],
      [0.067790069622, 0.37392648644, 0.4856435304, 0.072639913534]
    ],
    [
      [0.027620305778, 0.28721645489, 0.67785824942, 0.0073049899102],
      [0.012581568667, 0.80426541424, 0.17888844478, 0.0042645723121],
      [0.11012174486, 0.43947875218, 0.39425024934, 0.056149253617],
      [0.27801989463, 0.32693631228, 0.33735520151, 0.057688591571]
    ],
    [
      [0.01046330489, 0.24973731644, 0.73059092702, 0.0092084516487],
      [0.0053115165193, 0.77353627037, 0.2151719108, 0.0059803023095],
      [0.044862091614, 0.41506656917, 0.46322694771, 0.076844391508],
      [0.12365536283, 0.34529247792, 0.44288011326, 0.088172045989]
    ],
    [
      [0.020897104143, 0.19160961321, 0.77904204818, 0.0084512344615],
      [0.012278952468, 0.72170890463, 0.25961851397, 0.0063936289256],
      [0.097581426017, 0.32879241257, 0.49653054979, 0.077095611617],
      [0.26763380032, 0.23875207146, 0.41546416014, 0.078149968076]
    ],
    [
      [0.0082504640096, 0.21148056443, 0.77750707464, 0.0027618969219],
      [0.0046418783514, 0.74464200831, 0.24871750087, 0.0019986124652],
      [0.039990998545, 0.39353770732, 0.54192214267, 0.024549151463],
      [0.11761488688, 0.33017547634, 0.52358543136, 0.028624205413]
    ],
    [
      [2.8524827732e-05, 0.24061123235, 0.75935428529, 5.9575286973e-06],
      [1.9685827712e-05, 0.84149160617, 0.1584837362, 4.9718007531e-06],
      [0.039458875466, 0.42847530202, 0.43605996861, 0.096005853898],
      [0.11786287565, 0.35060616815, 0.41652026536, 0.11501069084]
    ],
    [
      [0.020210572055, 0.12202260525, 0.85689669604, 0.00087012665732],
      [0.014834978309, 0.65438459037, 0.32991389319, 0.00086653813067],
      [0.1345725306, 0.25120228523, 0.60934345485, 0.004881729323],
      [0.52354201534, 0.12446732682, 0.34909899667, 0.0028916611709]
    ],
    [
      [0.063101661397, 0.33128838983, 0.59767977064, 0.00793017813],
      [0.025652059607, 0.82921747528, 0.14099486816, 0.0041355969585],
      [0.21668671472, 0.43372128482, 0.29740970504, 0.052182295418],
      [0.46746245446, 0.27238897026, 0.21491829, 0.045230285284]
    ],
    [
      [0.025179628709, 0.2418345623, 0.72942542079, 0.003560388201],
      [0.012738714883, 0.77325271048, 0.21168447685, 0.0023240977828],
      [0.11221906616, 0.40325195515, 0.45558796766, 0.028941011031],
      [0.29841095076, 0.29202588749, 0.38056091349, 0.029002248269]
    ],
    [
      [0.058834443874, 0.23703502366, 0.69744694839, 0.006683584076],
      [0.030218526227, 0.75834209295, 0.20702475231, 0.0044146285137],
      [0.22678174076, 0.34299818932, 0.38145075089, 0.048769319025],
      [0.48714888598, 0.20705784869, 0.26511013244, 0.040683132887]
    ],
    [
      [0.014496380807, 0.24386853658, 0.73601011074, 0.0056249718808],
      [0.0074235529283, 0.77140304727, 0.21748217316, 0.0036912266418],
      [0.064006960429, 0.41437359123, 0.47374803505, 0.047871413288],
      [0.17489690289, 0.33330994542, 0.43848782383, 0.053305327857]
    ],
    [
      [0.021946079159, 0.19423592408, 0.76973448506, 0.014083511706],
      [0.013038763884, 0.71184305639, 0.26440268103, 0.010715498701],
      [0.093128829585, 0.3151689756, 0.4741184655, 0.11758372932],
      [0.23680116514, 0.23511713927, 0.40671273756, 0.12136895803]
    ],
    [
      [0.018422803579, 0.26623544306, 0.69565360417, 0.019688149192],
      [0.0088428206224, 0.78582799278, 0.19323893087, 0.012090255728],
      [0.070464410203, 0.39171398098, 0.38892482124, 0.14889678758],
      [0.18508997041, 0.3054227109, 0.34876588991, 0.16072142878]
    ],
    [
      [0.012057353137, 0.21473290178, 0.75809426517, 0.01511547991],
      [0.0067285404294, 0.73837473205, 0.24410928465, 0.010787442871],
      [0.051117247853, 0.3514182838, 0.47063482788, 0.12682964047],
      [0.13821191246, 0.28347250291, 0.43658368895, 0.14173189568]
    ],
    [
      [0.026036810597, 0.21002277652, 0.76022663986, 0.0037137730248],
      [0.014616164122, 0.73716576592, 0.24553377579, 0.0026842941749],
      [0.11839179021, 0.35972848834, 0.49053149437, 0.031348227079],
      [0.30418990016, 0.25860666512, 0.406064763, 0.031138671718]
    ],
    [
      [0.0040526841743, 0.20202618936, 0.78860886185, 0.0053122646109],
      [0.0023563296499, 0.73445448403, 0.25924442678, 0.003944759548],
      [0.019253034921, 0.37843806728, 0.55228345798, 0.050025439814],
      [0.055286471055, 0.32971977941, 0.55407052701, 0.060923222529]
    ],
    [
      [0.0083768448771, 0.28101526653, 0.68353457016, 0.027073318431],
      [0.0038316908375, 0.80174074646, 0.17862817774, 0.015799384967],
      [0.030675963705, 0.39882035497, 0.36441118541, 0.20609249591],
      [0.085100392496, 0.32964615682, 0.34696838232, 0.23828506836]
    ],
    [
      [0.029035683714, 0.18145401487, 0.77152540954, 0.017984891873],
      [0.017280296953, 0.71568106539, 0.25330371345, 0.013734924211],
      [0.12235102306, 0.28418081928, 0.43878267529, 0.15468548237],
      [0.30980505264, 0.19463270926, 0.34648973346, 0.14907250464]
    ],
    [
      [0.0015203342582, 0.087627274992, 0.90993264988, 0.00091974086789],
      [0.0014135641575, 0.59383254671, 0.40365891617, 0.0010949729616],
      [0.0084943724021, 0.22110173494, 0.76201482265, 0.0083890700041],
      [0.021679812821, 0.19553349877, 0.77230241085, 0.010484277559]
    ],
    [
      [0.01102183604, 0.23535376181, 0.74395520484, 0.009669197304],
      [0.0057928973307, 0.76239445264, 0.22530887495, 0.006503775075],
      [0.047981698151, 0.39560802586, 0.47383039446, 0.08257988153],
      [0.13266693717, 0.32523410839, 0.44804084874, 0.094058105707]
    ],
    [
      [0.0011603560773, 0.071522925898, 0.92661937648, 0.00069734154339],
      [0.0012231636479, 0.53044569489, 0.46739133332, 0.00093980814004],
      [0.0064082577645, 0.18362655495, 0.80413071709, 0.0058344701991],
      [0.014674509897, 0.16311434013, 0.81492567592, 0.0072854740493]
    ],
    [
      [0.0040842237158, 0.16500286028, 0.81982282679, 0.011090089211],
      [0.0026895294577, 0.68343122252, 0.30457747978, 0.0093017682468],
      [0.019232096627, 0.30537909158, 0.56642239923, 0.10896641257],
      [0.053812493839, 0.26028852986, 0.55545013834, 0.13044883796]
    ],
    [
      [0.019597316515, 0.15025047051, 0.82252414706, 0.0076280659152],
      [0.013450236688, 0.65821329233, 0.32159329797, 0.0067431730095],
      [0.096786285867, 0.27268795125, 0.55738083414, 0.073144928742],
      [0.26394357414, 0.1975484955, 0.46496482903, 0.073543101338]
    ],
    [
      [0.0041511061815, 0.26192041092, 0.72753848949, 0.0063899934156],
      [0.0020092491393, 0.79561551123, 0.19843009105, 0.0039451485847],
      [0.018175317898, 0.45490325673, 0.47055875643, 0.056362668939],
      [0.052476373058, 0.40025194587, 0.47749349578, 0.069778185296]
    ],
    [
      [0.0072703036077, 0.25832403992, 0.71981901367, 0.0145866428],
      [0.003550834297, 0.78712032559, 0.20023171206, 0.0090971280541],
      [0.030009123727, 0.41458483505, 0.43335593121, 0.12205011001],
      [0.084695099278, 0.3500111841, 0.42139994787, 0.14389376875]
    ],
    [
      [0.011192378631, 0.29935163734, 0.67948980454, 0.0099661794901],
      [0.0049444848554, 0.81648225513, 0.17293833392, 0.0056349260979],
      [0.045650392251, 0.4701979534, 0.40385585708, 0.080295797264],
      [0.12899068711, 0.39132729599, 0.3867995002, 0.092882516706]
    ],
    [
      [0.0071893228533, 0.26483329626, 0.69651700745, 0.031460373439],
      [0.0034680175982, 0.78267888222, 0.19447996615, 0.019373134033],
      [0.026002232989, 0.37189323896, 0.37225476838, 0.22984975967],
      [0.071403261223, 0.30867563682, 0.35524270935, 0.26467839261]
    ],
    [
      [0.009736813264, 0.19126096561, 0.79013048246, 0.0088717386634],
      [0.0059036190907, 0.70986508264, 0.27734939835, 0.0068818999258],
      [0.04476847067, 0.34024969878, 0.53521625295, 0.079765577599],
      [0.12276300399, 0.28010460428, 0.50640961237, 0.09072277936]
    ],
    [
      [0.010161922636, 0.19930542522, 0.71326312135, 0.077269530792],
      [0.0056375198648, 0.71955778949, 0.2206133631, 0.054191327544],
      [0.026699387265, 0.19709221606, 0.2593678058, 0.51684059087],
      [0.068846135501, 0.14799779352, 0.22451164317, 0.55864442781]
    ],
    [
      [0.010550181046, 0.21540316766, 0.76036215447, 0.013684496824],
      [0.005900066845, 0.73823436432, 0.24607749489, 0.0097880739438],
      [0.045335368692, 0.35803897801, 0.48092871068, 0.11569694262],
      [0.12364570219, 0.29301130066, 0.45243446849, 0.13090852866]
    ],
    [
      [0.010040584576, 0.52745574256, 0.46004122693, 0.0024624459415],
      [0.0025550285812, 0.93399693211, 0.062639651687, 0.00080838762306],
      [0.034670098112, 0.73131585083, 0.21949912201, 0.014514929051],
      [0.11348184929, 0.64002419379, 0.2281726354, 0.018321321524]
    ],
    [
      [0.0068931205177, 0.18987377146, 0.79376385976, 0.0094692482601],
      [0.0041641788761, 0.7146723044, 0.2738538048, 0.0073097119191],
      [0.031999637097, 0.34194170384, 0.53783183452, 0.088226824547],
      [0.090162546538, 0.28705058894, 0.51950992674, 0.10327693779]
    ],
    [
      [0.011306193218, 0.24350268054, 0.73618624483, 0.0090048814108],
      [0.0056739499274, 0.77859935088, 0.20992815103, 0.0057985481649],
      [0.050242118396, 0.40898045327, 0.46014214672, 0.080635281612],
      [0.14804885868, 0.33098735923, 0.42970380539, 0.091259976696]
    ],
    [
      [0.017020595735, 0.1860203158, 0.78940620152, 0.0075528869406],
      [0.010286876933, 0.71133179136, 0.27251456461, 0.005866767099],
      [0.080405396555, 0.32834105688, 0.52167513608, 0.069578410492],
      [0.22189680353, 0.24899981691, 0.45567011542, 0.073433264136]
    ],
    [
      [0.0075654651388, 0.15219723568, 0.83324984508, 0.0069874540995],
      [0.0051627766506, 0.67299730825, 0.3157427072, 0.0060972078964],
      [0.038145253585, 0.29573734861, 0.59483654819, 0.071280849618],
      [0.10878162314, 0.24375081633, 0.5646122379, 0.082855322627]
    ],
    [
      [0.0032099422646, 0.23359979997, 0.76094593971, 0.002244318064],
      [0.0016721328111, 0.77725870943, 0.21957436888, 0.0014947888734],
      [0.014836917483, 0.43986713483, 0.52601988887, 0.019276058814],
      [0.042749522361, 0.39169935322, 0.54130462827, 0.024246496146]
    ],
    [
      [0.0079485020043, 0.23832478605, 0.73696256888, 0.016764143075],
      [0.0041331839178, 0.76379722957, 0.22093944616, 0.011130140352],
      [0.032748108268, 0.38023194465, 0.44573333937, 0.14128660771],
      [0.091524721732, 0.31699129114, 0.42741953314, 0.16406445399]
    ],
    [
      [0.038430502388, 0.28689763727, 0.67128175002, 0.0033901103201],
      [0.016947274602, 0.81128979794, 0.16982478768, 0.0019381397763],
      [0.15994569171, 0.43582524934, 0.37959688039, 0.024632178563],
      [0.40810062259, 0.2838524544, 0.28586113197, 0.022185791039]
    ],
    [
      [0.014575355315, 0.26608377068, 0.66717980818, 0.05216106582],
      [0.0068247192126, 0.78347456087, 0.17858512912, 0.031115590796],
      [0.044881775422, 0.31132737972, 0.29267775087, 0.35111309399],
      [0.11906809455, 0.23998252559, 0.2599500197, 0.38099936015]
    ],
    [
      [0.011271396352, 0.24735002446, 0.71732639423, 0.024052184955],
      [0.0056503506476, 0.7728322292, 0.20611705463, 0.015400365521],
      [0.043396227788, 0.36655592398, 0.40035003111, 0.18969781713],
      [0.11859943317, 0.29581723813, 0.37199011638, 0.21359321233]
    ],
    [
      [0.0079757025232, 0.2393328218, 0.74951621759, 0.0031752580843],
      [0.0041174723754, 0.77302962331, 0.22074865343, 0.0021042508811],
      [0.037067304445, 0.43012123, 0.50513503894, 0.02767642662],
      [0.10850701022, 0.36494402586, 0.49388322537, 0.032665738542]
    ],
    [
      [0.012030473411, 0.26716667524, 0.71070649904, 0.010096352305],
      [0.0057199566855, 0.79482037592, 0.19331205381, 0.0061476135875],
      [0.050672921817, 0.43294118904, 0.43244554923, 0.083940339911],
      [0.14229857246, 0.35427251499, 0.40777041981, 0.095658492747]
    ],
    [
      [0.010523730185, 0.22412376312, 0.73368688482, 0.03166562188],
      [0.005657763863, 0.74544595684, 0.22716789823, 0.021728381069],
      [0.03909573546, 0.32061265448, 0.39731489202, 0.24297671804],
      [0.10539211492, 0.25696696129, 0.36630801495, 0.27133290884]
    ],
    [
      [0.028497845, 0.28164656309, 0.68599683555, 0.0038587563575],
      [0.012956444723, 0.80573581804, 0.17904880867, 0.0022589285676],
      [0.11928299484, 0.44464970028, 0.40623203608, 0.029835268804],
      [0.31003654814, 0.32138423078, 0.3386735112, 0.029905709881]
    ],
    [
      [0.010809983095, 0.41030126411, 0.56428527711, 0.014603475693],
      [0.0037087614802, 0.87884916791, 0.11103827903, 0.006403791581],
      [0.038436869011, 0.56549542366, 0.29220649001, 0.10386121732],
      [0.11035148528, 0.48016276403, 0.28634252022, 0.12314323047]
    ],
    [
      [0.009800691829, 0.19680741406, 0.73374506031, 0.059646833796],
      [0.0055289805868, 0.72145888948, 0.2303628919, 0.042649238037],
      [0.029601633474, 0.22540544933, 0.30865823118, 0.43633468601],
      [0.077654794891, 0.17247301538, 0.27219724278, 0.47767494695]
    ],
    [
      [0.0027160274539, 0.093588535892, 0.89785186007, 0.005843576585],
      [0.0024575841441, 0.54868194711, 0.44213585349, 0.0067246152549],
      [0.01481112628, 0.20350011, 0.71360805523, 0.06808070849],
      [0.040707780104, 0.17457436533, 0.70184478252, 0.082873072044]
    ],
    [
      [0.013624659742, 0.32849655821, 0.64495766016, 0.012921121886],
      [0.005562425571, 0.83595695601, 0.15173056509, 0.0067500533244],
      [0.052698094626, 0.48667590871, 0.36037938321, 0.10024661346],
      [0.14866124601, 0.3976617557, 0.33938315354, 0.11429384475]
    ],
    [
      [0.011509186914, 0.48534994174, 0.50094355533, 0.0021973160095],
      [0.0032266816294, 0.9184778652, 0.07749761493, 0.00079783824198],
      [0.042233972794, 0.69129449455, 0.25352920279, 0.012942329859],
      [0.14001686517, 0.59004713064, 0.25419263247, 0.015743371717]
    ],
    [
      [0.0029498084533, 0.33755974709, 0.64371465472, 0.015775789737],
      [0.0010792126323, 0.87177599194, 0.1199493194, 0.0071954760261],
      [0.010380803824, 0.50749457609, 0.32779453189, 0.1543300882],
      [0.024974226035, 0.43745979134, 0.33197104727, 0.20559493536]
    ],
    [
      [0.045478536809, 0.25249714536, 0.70097181537, 0.0010525024671],
      [0.019656361011, 0.81129453917, 0.16841078067, 0.00063831914799],
      [0.27312319616, 0.36881376735, 0.35423077551, 0.003832260984],
      [0.90712649788, 0.043749834309, 0.04871418651, 0.00040948129911]
    ],
    [
      [0.0090894147895, 0.17467481221, 0.72230595392, 0.093929819082],
      [0.0054987947589, 0.67755610854, 0.24497564837, 0.07196944833],
      [0.022386706698, 0.16326589651, 0.24995261378, 0.56439478302],
      [0.056939733915, 0.12266428933, 0.21608214633, 0.60431383042]
    ],
    [
      [0.0075869306493, 0.33503093584, 0.65418941121, 0.0031927223041],
      [0.0030386948896, 0.84630131774, 0.14902044047, 0.0016395469103],
      [0.031626000594, 0.54601839693, 0.3973902567, 0.024965345782],
      [0.094180786702, 0.4755168433, 0.39988375554, 0.030418614462]
    ],
    [
      [3.0657556222e-06, 0.41766473859, 0.58233154774, 6.4791612139e-07],
      [2.0204025364e-06, 0.92923230837, 0.070765220918, 4.5030482591e-07],
      [0.039162127658, 0.54851036473, 0.31698691259, 0.09534059502],
      [0.1202488591, 0.4531270089, 0.30986016162, 0.11676397037]
    ],
    [
      [0.020902543682, 0.39935887932, 0.55882284309, 0.020915733908],
      [0.0071158686035, 0.87573112836, 0.10803370073, 0.0091193023025],
      [0.071626804084, 0.51414363505, 0.26566210642, 0.14856745444],
      [0.20184751456, 0.39761015054, 0.23806668216, 0.16247565274]
    ],
    [
      [0.010388737259, 0.18172517056, 0.80606205705, 0.0018240351311],
      [0.0058980956853, 0.76467607765, 0.22807975639, 0.0013460702773],
      [0.054781381959, 0.37604954086, 0.55398132443, 0.015187752756],
      [0.17272790058, 0.2983831156, 0.51185051557, 0.017038468247]
    ],
    [
      [0.0027598325006, 0.36262538619, 0.63287883657, 0.0017359447359],
      [0.00095572781583, 0.88660607544, 0.11166996255, 0.00076823420212],
      [0.010592860179, 0.61626371149, 0.36163952737, 0.01150390096],
      [0.030390864403, 0.56315821174, 0.39118617095, 0.015264752904]
    ],
    [
      [0.004853270907, 0.35382896109, 0.63509124094, 0.0062265270593],
      [0.0018851986302, 0.85371116244, 0.14131476657, 0.0030888723642],
      [0.01936139147, 0.55592843794, 0.37554179808, 0.049168372519],
      [0.057077856319, 0.49560851067, 0.38599671218, 0.061316920827]
    ],
    [
      [0.0039071351564, 0.27735848968, 0.7118138828, 0.0069204923691],
      [0.0017773967993, 0.81532923632, 0.17888574241, 0.0040076244757],
      [0.016683892721, 0.47653230476, 0.44622415482, 0.060559647701],
      [0.047977335682, 0.42033273041, 0.45569986885, 0.075990065054]
    ],
    [
      [0.0017686773557, 0.054228121537, 0.93689833239, 0.0071048687183],
      [0.0020567281575, 0.49996452571, 0.48756039779, 0.010418348344],
      [0.010419487228, 0.13509188094, 0.74883112847, 0.10565750336],
      [0.02580649852, 0.11698164227, 0.72504812192, 0.13216373729]
    ],
    [
      [0.065621374602, 0.17389719365, 0.7575645313, 0.002916900446],
      [0.039624002018, 0.70136317593, 0.25670448519, 0.0023083368666],
      [0.29165767291, 0.26566834075, 0.42161039147, 0.021063594858],
      [0.62841696409, 0.12630216915, 0.23149304426, 0.013787822495]
    ],
    [
      [0.25059359459, 0.061882140941, 0.68588884126, 0.0016354232099],
      [0.22506576031, 0.46419877726, 0.30872832699, 0.0020071354346],
      [0.76094730369, 0.05018094873, 0.18320477158, 0.0056669760025],
      [0.96225232898, 0.0071223789512, 0.029546872031, 0.0010784200369]
    ],
    [
      [0.018437049089, 0.29026038849, 0.68146541644, 0.0098371459826],
      [0.008355789329, 0.80707668304, 0.17886045557, 0.0057070720545],
      [0.073880027538, 0.44872542399, 0.40069323755, 0.076701310924],
      [0.19618767778, 0.35517542422, 0.36474465325, 0.083892244749]
    ],
    [
      [0.012797064543, 0.30096113279, 0.58627788485, 0.099963917822],
      [0.0052538015015, 0.80777107779, 0.13501822448, 0.051956896229],
      [0.027404873123, 0.24184211727, 0.17254605241, 0.5582069572],
      [0.071972914073, 0.17977948373, 0.14846774578, 0.59977985642]
    ],
    [
      [0.0082126133779, 0.37167685237, 0.60731774837, 0.012792785883],
      [0.0030343747221, 0.86311867971, 0.12781287994, 0.0060340656252],
      [0.030740909535, 0.54138645243, 0.33045329747, 0.097419340566],
      [0.089214598812, 0.46521117229, 0.32793146412, 0.11764276478]
    ],
    [
      [0.0074706649136, 0.3004810905, 0.68575348971, 0.0062947548727],
      [0.0032410684529, 0.8251017685, 0.1681637707, 0.0034933923477],
