{
  "Z_true": {},
  "V_true": [
    [1425, 236, 523],
    [13147, 561, 633],
    [978, 16154, 316],
    [1154, 430, 557],
    [827, 1504, 543]
  ],
  "p_true": [
    [0.6525, 0.1081, 0.2395],
    [0.9167, 0.0391, 0.0441],
    [0.0561, 0.9258, 0.0181],
    [0.539, 0.2008, 0.2602],
    [0.2878, 0.5233, 0.1889]
  ],
  "Z_est": [
    [
      [15.7011, 19.0656, 9.6438, 11.9778, 21.8439, 44.1115, 11.5744, 15.3477, 17.1311, 10.7506, 24.8431, 7.9399, 17.3593, 21.5905, 3.1868, 24.6396, 32.8164, 32.9797, 21.9085, 32.5183, 24.3531, 2.7099, 27.5188, 34.9499, 31.244, 30.5792, 0, 4.7873, 3.8592, 0.6027, 10.3415, 33.9256, 11.6216, 22.2706, 31.0614, 32.2415, 52.6169, 53.1104, 17.681, 5.7234, 112.0305, 6.5006, 82.9278, 18.1507],
      [6.4914, 6.9614, 3.7346, 8.5513, 14.5578, 23.9443, 6.0524, 9.7769, 10.9973, 5.8646, 16.034, 2.1334, 12.0967, 10.9446, 3.98, 7.674, 13.8362, 13.4417, 7.8198, 19.5477, 14.4622, 1.5984, 19.1103, 20.956, 17.7541, 18.5002, 0, 3.1975, 2.7201, 0.2593, 9.2652, 21.43, 10.3122, 12.2261, 21.1186, 19.3787, 31.8978, 27.2958, 7.1484, 2.484, 64.9683, 1.7644, 38.3497, 7.5163],
      [6.8075, 11.9731, 3.6215, 5.4709, 9.5983, 17.9442, 7.3732, 8.8754, 9.8716, 6.3848, 11.1228, 3.9267, 7.544, 10.4649, 1.8332, 9.6864, 13.3474, 13.5785, 13.2717, 17.934, 9.1846, 2.6917, 14.3709, 21.0941, 16.0019, 21.9206, 0, 2.0152, 2.4207, 0.138, 7.3933, 22.6444, 7.0662, 11.5032, 12.82, 16.3798, 23.4852, 23.5938, 8.1706, 4.7927, 57.0012, 3.735, 63.7224, 15.333]
    ],
    [
      [279.9184, 353.9715, 280.0603, 94.352, 438.5748, 594.023, 201.4173, 274.7936, 553.8498, 186.0944, 465.7696, 203.3645, 90.4721, 188.4619, 26.5154, 319.3084, 306.3508, 221.7541, 180.4485, 475.5829, 186.7892, 55.955, 439.7038, 418.2842, 333.3541, 326.3409, 3.6364, 54.752, 44.1834, 10.2845, 231.3665, 148.1241, 93.3336, 271.5659, 340.6518, 322.4581, 368.3197, 338.7073, 96.1234, 360.9071, 1421.1322, 82.7184, 710.3748, 90.1992],
      [8.5477, 9.8704, 8.1544, 5.0059, 21.8998, 24.2074, 7.8001, 12.9318, 26.3597, 7.4831, 22.4581, 2.9944, 4.6734, 7.0439, 2.4644, 7.3612, 9.6798, 6.8122, 4.6765, 21.1877, 8.3092, 2.5156, 22.8087, 18.6204, 14.0071, 14.7797, 0, 2.6555, 2.224, 0.2714, 15.287, 6.9478, 6.152, 11.0126, 17.4247, 14.3627, 16.6491, 12.9527, 2.8688, 12.4362, 61.3094, 1.7364, 25.4823, 2.9323],
      [24.5339, 44.1581, 20.7853, 8.6421, 38.5254, 47.7695, 25.7826, 32.2746, 64.7904, 22.4225, 41.7723, 20.6411, 7.8545, 18.4942, 3.0202, 25.3304, 24.9694, 18.4338, 21.875, 53.2294, 13.9016, 10.5293, 46.4874, 51.0954, 34.6387, 46.8794, 0.3636, 4.5925, 5.5926, 0.4441, 33.3465, 19.9281, 11.5144, 28.4215, 27.9235, 33.1792, 33.0313, 30.34, 9.0078, 57.6567, 146.5584, 9.5452, 106.1429, 14.8685]
    ],
    [
      [17.9264, 31.6541, 21.4068, 14.1797, 36.4298, 38.7669, 11.8384, 15.3779, 27.1194, 8.973, 34.023, 7.2936, 10.6265, 26.1488, 2.2209, 24.5353, 22.3936, 30.0168, 14.0776, 36.0592, 23.7105, 5.7684, 40.8501, 43.1093, 26.4193, 36.3719, 0.3471, 5.0684, 3.2642, 1.0878, 9.8956, 23.253, 5.8966, 34.8078, 36.0101, 34.4944, 39.0094, 35.8933, 14.6793, 31.2178, 112.3804, 8.43, 65.6344, 19.6885],
      [200.8847, 308.3231, 222.5957, 275.5192, 643.9579, 554.8397, 167.1752, 266.6655, 469.34, 134.0805, 583.4647, 53.7532, 198.1792, 358.7962, 114.6562, 206.3043, 253.8766, 332.3207, 135.4615, 584.0141, 366.8383, 85.2789, 767.5621, 693.8572, 405.1259, 579.9605, 5.2812, 93.7782, 67.3709, 14.7723, 238.3414, 395.5136, 151.7883, 515.2442, 641.867, 557.9289, 627.3834, 493.7701, 164.3649, 346.0129, 1742.8965, 64.9133, 772.204, 208.0738],
      [4.1889, 10.0228, 3.9974, 3.3011, 7.6123, 7.3934, 3.9864, 4.9566, 8.5406, 2.9465, 7.5123, 1.9532, 2.1944, 7.055, 1.1229, 5.1604, 4.7299, 6.6624, 4.4609, 10.9267, 3.4512, 1.9527, 11.5878, 14.0335, 7.4548, 12.6676, 0.3716, 1.1533, 1.3649, 0.1398, 3.763, 8.2334, 2.3151, 9.948, 6.1229, 9.5768, 8.6073, 8.3366, 3.9558, 10.7693, 30.7231, 2.6567, 21.1617, 6.2378]
    ],
    [
      [38.8614, 68.3593, 41.0067, 12.9068, 66.7775, 75.3388, 29.801, 55.2837, 100.9718, 32.4035, 76.5302, 24.9046, 23.3289, 28.3887, 5.5436, 48.8416, 36.1625, 42.573, 23.4555, 57.4156, 20.2629, 8.5085, 60.9765, 72.8528, 49.9756, 29.2583, 0, 3.4795, 3.4188, 0.9197, 51.0619, 25.7941, 3.3232, 52.755, 51.1468, 47.1099, 44.6296, 44.4141, 28.0107, 52.689, 237.1441, 5.505, 88.6047, 7.0439],
      [2.9158, 4.548, 2.8849, 1.668, 8.0982, 7.4461, 2.8267, 6.3906, 11.7895, 3.2011, 8.9876, 1.1999, 2.942, 2.6126, 1.2313, 2.7647, 2.7715, 3.1552, 1.5186, 6.2792, 2.1854, 0.9029, 7.7067, 7.9488, 5.1621, 3.2202, 0, 0.416, 0.4293, 0.0661, 8.2939, 2.9588, 0.5314, 5.2635, 6.3283, 5.1494, 4.9236, 4.1523, 2.0496, 4.1708, 25.0598, 0.2695, 7.4791, 0.5284],
      [1.2228, 3.0927, 1.1084, 0.4253, 2.1244, 2.2152, 1.3723, 2.3257, 4.2387, 1.3954, 2.4822, 0.8954, 0.7291, 0.9987, 0.2251, 1.3937, 1.066, 1.2718, 1.0259, 2.3052, 0.5517, 0.5886, 2.3168, 3.1983, 1.8623, 1.5215, 0, 0.1045, 0.1518, 0.0142, 2.6441, 1.2471, 0.1453, 1.9814, 1.5248, 1.7406, 1.4468, 1.4336, 0.9396, 3.1401, 8.7961, 0.2255, 4.9162, 0.4276]
    ],
    [
      [13.5927, 36.9495, 16.8823, 12.5838, 25.374, 38.7599, 21.3689, 11.1971, 26.9279, 11.7785, 28.834, 9.4973, 11.2133, 22.4101, 2.5333, 29.6752, 26.2767, 26.6764, 16.1099, 41.424, 18.8843, 6.0582, 45.9508, 43.8039, 32.007, 30.4497, 1.0165, 4.9127, 4.2743, 2.1052, 12.3344, 18.9032, 8.8249, 28.6006, 29.1299, 39.6961, 42.4244, 33.8749, 11.5056, 14.4627, 92.3129, 5.8459, 66.4583, 8.9177],
      [15.1605, 36.2971, 17.6303, 24.2557, 45.4863, 56.5624, 30.1456, 19.2352, 46.5134, 17.3707, 50.0556, 6.9192, 21.1087, 30.6027, 8.6681, 24.8957, 29.8359, 29.2702, 15.5236, 66.9713, 30.2048, 9.7041, 85.8121, 70.6175, 48.9507, 49.5394, 0.7188, 8.9528, 8.2557, 2.6309, 29.8125, 32.1498, 21.216, 42.2535, 53.2613, 64.1803, 69.1462, 46.829, 12.5682, 16.8961, 143.7659, 4.3164, 82.4849, 9.9492],
      [3.2469, 12.7534, 3.4873, 3.1606, 6.1397, 8.6777, 7.4855, 3.5677, 8.5587, 3.8507, 7.1104, 2.5835, 2.678, 5.9872, 0.7986, 6.4291, 5.8874, 6.0534, 5.3665, 12.6047, 3.9109, 3.2376, 13.2371, 14.5786, 9.0423, 12.0109, 0.2648, 1.1344, 1.47, 0.2639, 4.8531, 6.947, 2.9591, 8.1459, 6.6087, 11.1236, 10.4294, 8.2961, 2.9262, 6.6412, 25.9212, 1.8377, 28.0568, 4.1331]
    ]
  ],
  "V_est": [
    [1047.7372, 578.154, 558.1087],
    [12484.349, 515.3576, 1341.2934],
    [1088.3551, 16064.336, 295.3089],
    [1877.7395, 190.4278, 72.8327],
    [1032.8191, 1536.7246, 304.4563]
  ],
  "p_est": [
    [0.4797, 0.2647, 0.2555],
    [0.8705, 0.0359, 0.0935],
    [0.0624, 0.9207, 0.0169],
    [0.877, 0.0889, 0.034],
    [0.3594, 0.5347, 0.1059]
  ],
  "EI_Z": {},
  "EI_V": 5.5355,
  "MAE_Z": {},
  "MAE_V": 287.7593,
  "MAE_p": 0.0866,
  "runtime": 0.013
}
