{
  "Z_true": {},
  "V_true": [
    [24, 75, 1180, 79],
    [511, 123, 15197, 380],
    [773, 8439, 1692, 550],
    [43, 432, 492, 188],
    [531, 512, 915, 795]
  ],
  "p_true": [
    [0.0177, 0.0552, 0.8689, 0.0582],
    [0.0315, 0.0076, 0.9374, 0.0234],
    [0.0675, 0.7368, 0.1477, 0.048],
    [0.0372, 0.374, 0.426, 0.1628],
    [0.1929, 0.186, 0.3324, 0.2888]
  ],
  "Z_est": [
    [
      [0.0115, 0.0185, 0, 0.0002, 0, 0, 0, 0, 0, 0, 0.0014, 0, 0, 0, 0, 0, 0, 0.002, 0, 0.0005, 0, 0, 0, 0, 0, 0, 0, 0, 0.0023, 0.0049, 0, 0.0029, 0.0017, 0, 0.0049, 0, 0, 0, 0, 0],
      [18.9687, 7.4498, 8.1795, 2.7216, 5.0514, 12.854, 2.8347, 9.1152, 5.1261, 52.8154, 8.4106, 2.7448, 11.6918, 2.3891, 5.2613, 9.9977, 6.363, 13.6257, 6.3512, 7.8234, 0.242, 0.2257, 0, 19.0702, 8.4115, 17.4729, 18.1091, 6.5176, 4.0595, 9.3569, 26.8673, 15.6409, 2.5582, 6.0901, 41.1306, 3.0519, 37.8799, 9.6042, 48.6736, 14.4586],
      [27.5593, 18.0078, 11.6553, 3.2114, 5.8094, 14.7261, 4.0468, 14.5633, 9.6747, 90.8563, 12.0353, 6.1541, 26.714, 4.4862, 11.4646, 24.53, 23.189, 24.5262, 12.4153, 24.602, 0.7484, 1.7443, 0, 30.8577, 13.2178, 36.7284, 29.3142, 9.1933, 5.8057, 19.841, 38.0608, 18.0402, 12.1551, 16.4942, 63.2741, 3.833, 58.89, 13.1164, 75.2009, 31.6613],
      [0.4604, 0.5239, 0.1652, 0.0667, 0.1392, 0.4199, 0.1185, 0.3215, 0.1992, 1.3283, 0.5527, 0.1011, 0.5942, 0.1247, 0.2741, 0.4723, 0.448, 0.8461, 0.2335, 0.574, 0.0097, 0.03, 0, 1.0721, 0.3707, 0.7988, 0.5767, 0.2892, 0.1325, 0.7973, 1.0719, 0.316, 0.285, 0.4157, 1.5903, 0.115, 1.2301, 0.2795, 2.1254, 0.8801]
    ],
    [
      [8.1607, 2.9237, 4.1854, 1.244, 1.4977, 7.5565, 4.4574, 6.4579, 3.5054, 16.3008, 14.8405, 5.8327, 37.734, 7.5213, 23.0192, 51.6197, 31.0824, 26.8523, 16.2026, 34.2457, 0.5962, 0, 3.4853, 7.6471, 4.7998, 2.4183, 13.9954, 4.7698, 5.5167, 12.2794, 14.8833, 16.584, 4.31, 13.7357, 32.0737, 0, 30.6175, 3.9997, 50.3128, 3.3023],
      [0.1395, 0, 0.6711, 0, 0.2999, 1.2561, 0.5354, 0.5419, 0.0758, 0.8152, 1.0741, 0.8507, 1.4755, 0.4363, 1.7394, 2.8027, 18.4801, 0.6733, 0.5697, 0, 0.5472, 0.1116, 0, 2.3667, 0.2603, 1.9027, 0.666, 0.3211, 0, 0.5687, 1.4683, 0.9129, 0, 0.6112, 0.14, 1.5761, 0.8795, 0.6486, 1.0303, 0.2363],
      [190.8947, 81.9655, 164.5673, 35.7741, 68.0475, 273.0424, 185.9145, 275.0271, 149.2718, 490.4108, 322.0513, 396.14, 839.4546, 129.1285, 455.7962, 1135.6698, 803.4227, 602.8617, 303.9532, 1019.6788, 14.4937, 38.3859, 43.3257, 478.8317, 186.1009, 382.5694, 499.9533, 183.3147, 132.1592, 307.0072, 554.4813, 308.5385, 167.0481, 327.8467, 747.7328, 235.8283, 890.1996, 200.6903, 1386.8677, 153.001],
      [3.8051, 3.1108, 2.5762, 0.9818, 2.1549, 10.1449, 7.0926, 7.9731, 4.147, 8.4732, 17.0341, 8.1766, 24.3358, 4.9139, 14.4453, 27.9078, 23.0148, 24.6126, 7.2744, 31.0755, 0.3629, 1.5025, 1.189, 20.1546, 6.839, 11.1096, 12.3854, 7.5943, 4.3241, 13.1448, 20.1671, 5.9646, 5.6419, 10.8065, 24.0535, 9.5956, 23.3034, 5.6614, 49.7893, 5.4604]
    ],
    [
      [24.5499, 8.5902, 19.6129, 4.652, 5.5817, 24.1848, 17.5058, 17.4252, 11.3864, 61.0545, 48.2752, 8.6199, 73.5256, 18.8448, 57.2432, 73.7405, 136.605, 50.5027, 14.2242, 17.78, 3.831, 0.935, 1.8102, 15.6871, 14.2009, 11.842, 21.4633, 8.0211, 1.9743, 16.9192, 32.4903, 47.0665, 8.3264, 35.1579, 86.7411, 2.5824, 74.5801, 7.3221, 67.1455, 11.9794],
      [194.1124, 46.5718, 257.1623, 54.1168, 103.2584, 357.6037, 232.4228, 202.1918, 115.8947, 517.9206, 359.3885, 90.9086, 333.4997, 75.084, 226.9755, 302.151, 215.8547, 308.891, 62.2031, 79.4631, 5.2178, 11.9166, 14.8835, 208.0863, 158.3902, 166.4168, 216.8001, 96.198, 16.0601, 100.3819, 378.9425, 371.2555, 27.188, 145.7612, 641.2687, 158.7366, 668.9749, 105.5684, 576.1475, 111.6386],
      [29.1521, 11.3186, 38.4806, 6.2291, 11.9013, 41.4177, 34.1712, 33.2992, 22.2713, 92.8712, 53.8937, 20.8626, 78.2742, 14.4496, 51.1176, 76.2754, 84.12, 57.6264, 12.4178, 25.6551, 1.6429, 8.0232, 1.0072, 35.1956, 25.5137, 36.2032, 36.1733, 13.7956, 2.2585, 22.1, 55.3856, 44.1908, 13.2485, 40.1972, 101.2668, 21.1532, 107.4494, 14.8025, 91.7021, 24.9839],
      [6.1857, 4.5194, 5.7442, 2.002, 4.2585, 16.7938, 13.9002, 10.0838, 6.4477, 17.1537, 29.4426, 4.609, 23.7005, 5.6216, 16.6637, 19.8331, 21.4203, 25.9799, 3.1549, 8.1018, 0.3083, 2.1252, 0.2991, 16.0311, 9.8952, 10.5379, 9.5634, 5.9853, 0.7071, 11.5989, 21.1815, 8.4872, 4.2371, 13.8837, 34.7234, 8.5278, 29.9955, 4.3071, 35.005, 9.3982]
    ],
    [
      [0.6118, 0.2103, 0.2556, 0.0448, 0.0554, 0.5251, 0.2848, 0.3021, 0.1678, 0.5447, 0.5529, 0.2063, 1.0111, 0.3884, 1.6676, 1.383, 1.5611, 1.3594, 0.4622, 0.4804, 0.0771, 0.0201, 0.0817, 0.2879, 0.2722, 0.1452, 0.7273, 0.0604, 0.0881, 0.2874, 0.9503, 0.9938, 0.2338, 0.4474, 1.2272, 0, 1.464, 0.2355, 1.3125, 0.1405],
      [11.324, 2.7216, 7.2932, 1.2133, 2.0027, 16.9142, 8.2769, 7.9264, 3.8973, 10.7252, 9.6117, 5.0143, 10.6264, 3.5439, 15.3759, 13.1527, 5.3631, 19.3599, 4.6875, 5.0981, 0.2217, 0.6213, 1.5491, 8.6466, 6.9148, 4.4223, 17.0743, 1.6328, 1.7468, 3.9639, 25.5825, 18.3033, 1.9539, 4.3, 21.1779, 0, 30.4717, 7.7578, 26.2022, 2.9891],
      [13.3427, 5.3216, 8.4192, 1.159, 1.8636, 15.693, 9.5726, 10.2625, 5.9546, 14.9708, 11.1546, 9.1114, 19.6918, 5.3807, 27.1361, 26.1729, 15.7296, 28.2773, 7.4278, 13.0088, 0.5336, 3.7423, 0.9251, 11.3311, 8.802, 7.5061, 22.4134, 1.8668, 2.0307, 6.8197, 29.3726, 17.1246, 7.5115, 9.4383, 26.4346, 0, 38.4345, 8.5796, 32.8504, 5.294],
      [5.7215, 3.7464, 3.032, 0.5829, 1.0783, 10.8676, 6.8657, 5.5089, 2.9803, 5.7593, 12.6808, 3.6679, 10.6706, 3.687, 15.8204, 12.2914, 7.3462, 24.0034, 3.4225, 7.4127, 0.1675, 1.6162, 0.4441, 9.7343, 6.011, 3.9264, 10.785, 1.44, 1.1344, 6.9291, 20.0946, 7.5783, 4.3008, 5.8143, 16.1603, 0, 19.6297, 4.4271, 22.6348, 3.5764]
    ],
    [
      [3.6661, 1.2574, 0.946, 1.0589, 0.8652, 3.7336, 1.7519, 2.8148, 0.9404, 6.1, 4.33, 1.3411, 10.7292, 1.2455, 6.07, 11.2568, 17.7515, 7.2837, 5.111, 4.4934, 1.4956, 0.0449, 0.6227, 2.378, 1.7271, 1.5945, 3.8141, 1.1487, 0.4186, 3.5092, 4.676, 7.3529, 1.128, 4.659, 10.9531, 1.4176, 11.3384, 1.4426, 12.2292, 1.5779],
      [9.4555, 2.2567, 3.694, 3.9482, 4.3875, 16.3719, 6.9302, 10.2247, 3.0062, 16.7235, 10.515, 4.4816, 15.7066, 1.5466, 7.6479, 14.8958, 8.939, 14.45, 7.1884, 6.6154, 0.7713, 0.1247, 1.5675, 9.8302, 6.0231, 6.7853, 12.3506, 4.3305, 1.1336, 6.7286, 17.1394, 18.8874, 1.2999, 6.2375, 26.2828, 13.6354, 32.794, 6.4211, 33.9464, 4.6773],
      [31.0512, 12.3865, 11.8777, 10.6263, 11.3782, 42.1207, 22.2948, 36.848, 12.8276, 64.8909, 33.8651, 22.7319, 80.8654, 6.5551, 37.4855, 82.352, 70.5388, 58.7084, 31.7859, 47.0553, 4.5814, 2.1043, 2.7419, 35.7839, 21.3657, 31.9929, 45.1458, 13.8296, 3.7458, 32.2322, 54.6997, 49.1059, 14.0368, 38.0236, 91.2916, 38.1855, 115.0265, 19.8113, 118.3789, 23.0598],
      [10.8272, 7.0994, 3.4823, 4.3666, 5.369, 23.7738, 13.0231, 16.1126, 5.2259, 20.2855, 31.2898, 7.4454, 35.6988, 3.6528, 17.7966, 31.4954, 26.7707, 40.5579, 11.9148, 21.8359, 1.1517, 0.7261, 1.0679, 25.008, 11.8841, 13.6273, 17.6895, 8.6912, 1.702, 26.53, 30.4848, 17.6538, 6.5352, 19.0799, 45.4725, 22.7616, 47.8412, 8.325, 66.4455, 12.685]
    ]
  ],
  "V_est": [
    [0.0508, 489.1958, 848.404, 20.3494],
    [530.5672, 46.6843, 15161.4485, 472.3001],
    [1163.9802, 8315.5078, 1492.0978, 482.4142],
    [21.127, 349.6608, 490.6615, 293.5507],
    [166.2748, 379.9513, 1483.3883, 723.3857]
  ],
  "p_est": [
    [0, 0.3602, 0.6247, 0.015],
    [0.0327, 0.0029, 0.9353, 0.0291],
    [0.1016, 0.726, 0.1303, 0.0421],
    [0.0183, 0.3027, 0.4248, 0.2542],
    [0.0604, 0.138, 0.5388, 0.2628]
  ],
  "EI_Z": {},
  "EI_V": 4.8313,
  "MAE_Z": {},
  "MAE_V": 159.0982,
  "MAE_p": 0.0644,
  "runtime": 0.045
}
