{
  "X": [
    [37, 234, 292, 27],
    [13, 59, 129, 19],
    [25, 277, 235, 15],
    [7, 62, 57, 8],
    [8, 115, 99, 13],
    [36, 405, 387, 62],
    [24, 251, 256, 41],
    [27, 230, 370, 40],
    [16, 128, 200, 19],
    [84, 599, 754, 53],
    [68, 389, 433, 91],
    [16, 104, 455, 24],
    [123, 373, 1045, 95],
    [28, 83, 160, 18],
    [88, 257, 583, 65],
    [138, 343, 1345, 92],
    [187, 255, 997, 79],
    [86, 357, 772, 116],
    [36, 81, 368, 26],
    [57, 99, 1130, 69],
    [6, 7, 22, 2],
    [1, 13, 54, 6],
    [6, 18, 48, 3],
    [26, 248, 592, 72],
    [21, 180, 255, 35],
    [16, 197, 495, 40],
    [40, 265, 633, 51],
    [14, 109, 222, 24],
    [8, 23, 146, 8],
    [33, 121, 388, 59],
    [53, 450, 732, 93],
    [72, 425, 437, 40],
    [14, 33, 214, 21],
    [54, 163, 432, 50],
    [131, 730, 1030, 122],
    [4, 177, 299, 41],
    [118, 771, 1210, 122],
    [13, 130, 257, 23],
    [131, 686, 1705, 176],
    [17, 134, 238, 32]
  ],
  "W": [
    [47, 203, 254, 31, 55],
    [26, 88, 71, 12, 23],
    [20, 172, 321, 19, 20],
    [6, 38, 67, 3, 20],
    [11, 72, 125, 5, 22],
    [28, 292, 440, 44, 86],
    [7, 198, 298, 25, 44],
    [24, 290, 263, 24, 66],
    [15, 157, 156, 13, 22],
    [145, 516, 689, 32, 108],
    [21, 355, 491, 34, 80],
    [9, 411, 125, 18, 36],
    [39, 903, 509, 42, 143],
    [7, 142, 114, 13, 13],
    [17, 495, 352, 60, 69],
    [35, 1218, 472, 53, 140],
    [30, 876, 458, 30, 124],
    [39, 655, 443, 73, 121],
    [19, 328, 92, 16, 56],
    [33, 1085, 131, 26, 80],
    [1, 16, 11, 1, 8],
    [2, 40, 23, 6, 3],
    [0, 48, 18, 3, 6],
    [51, 509, 275, 30, 73],
    [22, 198, 208, 22, 41],
    [55, 398, 225, 16, 54],
    [48, 527, 284, 51, 79],
    [16, 196, 124, 5, 28],
    [10, 142, 21, 5, 7],
    [30, 333, 151, 18, 69],
    [66, 591, 488, 76, 107],
    [34, 332, 471, 44, 93],
    [15, 177, 53, 14, 23],
    [23, 353, 235, 20, 68],
    [106, 804, 864, 65, 174],
    [7, 247, 191, 0, 76],
    [98, 945, 881, 90, 207],
    [23, 211, 132, 21, 36],
    [126, 1488, 770, 83, 231],
    [47, 162, 158, 12, 42]
  ],
  "method": "mvn_cdf",
  "mvncdf_method": "genz",
  "mvncdf_samples": 5000,
  "mvncdf_error": 0.001,
  "cond_prob": [
    [
      [0.00024486233365, 0.40359005666, 0.58636906109, 0.0097960199153],
      [0.040200315857, 0.00068712929883, 0.94036811108, 0.018744443763],
      [0.096653017523, 0.76422187567, 0.11477187471, 0.024353232094],
      [0.019737075995, 0.36528935654, 0.43040835432, 0.18456521314],
      [0.066656573538, 0.17191733845, 0.56456749854, 0.19685858947]
    ],
    [
      [0.00070980548575, 0.28653133147, 0.69260816403, 0.020150699012],
      [0.033224088637, 0, 0.93142568541, 0.035350225956],
      [0.12098849796, 0.65594121762, 0.1594169135, 0.06365337092],
      [0.017524267399, 0.22680357862, 0.44346908553, 0.31220306845],
      [0.054667421453, 0.098118086391, 0.53854337108, 0.30867112108]
    ],
    [
      [0, 0.40897485432, 0.58276432234, 0.0082608233399],
      [0.024333926558, 0.0039014819582, 0.95678642854, 0.014978162944],
      [0.061099506802, 0.80112854202, 0.11987719605, 0.017894755134],
      [0.013451424265, 0.38385373461, 0.44311613397, 0.15957870715],
      [0.047302294377, 0.18469825359, 0.59388306838, 0.17411638365]
    ],
    [
      [4.116050668e-05, 0.45360391944, 0.53523832888, 0.011116591171],
      [0.032738093065, 0, 0.94142472626, 0.025837180675],
      [0.069433143193, 0.80771389264, 0.092971681084, 0.029881283081],
      [0.014918128266, 0.4044484259, 0.3863430139, 0.19429043194],
      [0.052946526088, 0.19741001993, 0.53131493772, 0.21832851625]
    ],
    [
      [0, 0.45921816825, 0.52812392389, 0.012657907865],
      [0.020800871801, 0.0041657557458, 0.94510410731, 0.029929265145],
      [0.044653447508, 0.82606755058, 0.095210648866, 0.034068353045],
      [0.011086254653, 0.40053663127, 0.37271863922, 0.21565847486],
      [0.039328409937, 0.19943357984, 0.51719167304, 0.24404633719]
    ],
    [
      [0, 0.45907047349, 0.52593308495, 0.014996441557],
      [0.025878490968, 0.004301798182, 0.93507676865, 0.034742942197],
      [0.05496548779, 0.81273575724, 0.094131127245, 0.038167627728],
      [0.01193435552, 0.38441434816, 0.35665946117, 0.24699183515],
      [0.043413422867, 0.19037136244, 0.48977610344, 0.27643911126]
    ],
    [
      [0, 0.40495573528, 0.57812104488, 0.016923219841],
      [0.022512302622, 0.0027042402294, 0.93896204051, 0.035821416638],
      [0.05874432009, 0.7799421991, 0.11466859391, 0.046644886897],
      [0.011392275899, 0.33107778756, 0.38290357578, 0.27462636076],
      [0.039817040831, 0.15750341513, 0.50670087012, 0.29597867392]
    ],
    [
      [0, 0.37980168679, 0.60680234048, 0.013395972733],
      [0.022268674314, 0.0018685173717, 0.94836928147, 0.027493526842],
      [0.06625542745, 0.76879005795, 0.126612956, 0.038341558597],
      [0.012588803497, 0.33026848406, 0.42760320629, 0.22953950615],
      [0.042648117357, 0.15491910033, 0.55830254275, 0.24413023957]
    ],
    [
      [0, 0.34174152525, 0.64497972996, 0.013278744794],
      [0.022327432855, 0.0004825970161, 0.95077607825, 0.026413891878],
      [0.072989778412, 0.74291443308, 0.14276465824, 0.041331130272],
      [0.012907226363, 0.29979191507, 0.45804538962, 0.22925546895],
      [0.042745166668, 0.13664376972, 0.58307195523, 0.23753910838]
    ],
    [
      [0, 0.36424389553, 0.62659550047, 0.0091606039942],
      [0.031590753822, 0.0015798820047, 0.95040843418, 0.016420929988],
      [0.088613176695, 0.75169905388, 0.1347913035, 0.024896465926],
      [0.017021774906, 0.33516370206, 0.46783608814, 0.1799784349],
      [0.056481439703, 0.15484749487, 0.60084201351, 0.18782905192]
    ],
    [
      [6.4929103459e-05, 0.40050451241, 0.57311073766, 0.026319820827],
      [0.041804337507, 0.0030256181982, 0.90718678421, 0.047983260082],
      [0.098320190499, 0.73195221594, 0.10976313076, 0.059964462803],
      [0.016260799891, 0.2826977443, 0.32807529876, 0.37296615705],
      [0.054125199285, 0.13143811809, 0.42331385941, 0.39112282322]
    ],
    [
      [0, 0.3049802939, 0.68378997666, 0.011229729441],
      [0.014191417454, 0.0020698197916, 0.96384435102, 0.019894411729],
      [0.068959141334, 0.72726878791, 0.16690042056, 0.036871650189],
      [0.011463028718, 0.27857235204, 0.50619031789, 0.20377430135],
      [0.037252784514, 0.12448834985, 0.6314412124, 0.20681765323]
    ],
    [
      [0, 0.29978891779, 0.68497515297, 0.015235929243],
      [0.041787424635, 0.0016340109652, 0.92962857136, 0.026949993043],
      [0.14445112434, 0.65520572912, 0.15378031166, 0.046562834879],
      [0.024073698942, 0.25301022848, 0.46885307744, 0.25406299514],
      [0.075029635725, 0.10983618593, 0.56549203644, 0.24964214191]
    ],
    [
      [0, 0.34129950284, 0.6408807303, 0.017819766867],
      [0.052966926251, 0.0030727167618, 0.90935552685, 0.034604830133],
      [0.16530533325, 0.65863198601, 0.12675064449, 0.049312036248],
      [0.029876818461, 0.27260712305, 0.41389799908, 0.28361805941],
      [0.095806910908, 0.1189722073, 0.50423866268, 0.28098221911]
    ],
    [
      [0, 0.3094895167, 0.67438937091, 0.016121112385],
      [0.046503434107, 0.0035138512016, 0.92080037808, 0.029182336615],
      [0.16262281154, 0.64481672197, 0.14522054344, 0.047339923048],
      [0.027792620325, 0.25626536691, 0.45226804351, 0.26367396926],
      [0.08797120629, 0.11083932934, 0.54326782095, 0.25792164343]
    ],
    [
      [0, 0.28564935172, 0.70085617659, 0.013494471687],
      [0.042380730025, 0.0023011059887, 0.93240538135, 0.022912782637],
      [0.15622987901, 0.64015032522, 0.16160046924, 0.042019326528],
      [0.026093429276, 0.24816461117, 0.49382834457, 0.23191361499],
      [0.080405829891, 0.10639891214, 0.58822825423, 0.22496700374]
    ],
    [
      [0, 0.21209912479, 0.77296675563, 0.014934119574],
      [0.035482231328, 0.021096032074, 0.91714918008, 0.026272556523],
      [0.29826422888, 0.47129854433, 0.18366802655, 0.04676920024],
      [0.052035400241, 0.17877156605, 0.52431975979, 0.24487327391],
      [0.14315714936, 0.0720888861, 0.56886102122, 0.21589294332]
    ],
    [
      [5.0026614399e-05, 0.34937763806, 0.62887687441, 0.021695460912],
      [0.040995947537, 0.0010279305581, 0.92039956785, 0.037576554055],
      [0.11400152089, 0.69727094808, 0.13008215023, 0.058645380806],
      [0.018621577837, 0.26520414472, 0.38736047603, 0.32881380142],
      [0.060195490835, 0.1194218598, 0.48519320377, 0.3351894456]
    ],
    [
      [0, 0.33427608196, 0.65343631791, 0.012287600133],
      [0.04939828347, 0.0017370183586, 0.92668671029, 0.022177987881],
      [0.15461131541, 0.67612040325, 0.13497608794, 0.034292193404],
      [0.028884698494, 0.29297074511, 0.46423825931, 0.21390629709],
      [0.09126726479, 0.12836434644, 0.56760458474, 0.21276380404]
    ],
    [
      [1.6565089418e-05, 0.2370724465, 0.74551596408, 0.017395024333],
      [0.031562840769, 0, 0.93979613403, 0.028641025203],
      [0.13572485046, 0.60658857579, 0.19584044522, 0.06184612853],
      [0.0184786662, 0.19607934794, 0.50033834526, 0.2851036406],
      [0.056167129841, 0.08269303488, 0.5881909058, 0.27294892948]
    ],
    [
      [0, 0.24195646492, 0.74839194306, 0.0096515920212],
      [0.03726505025, 0.034201692304, 0.90585453527, 0.022678722179],
      [0.34827343875, 0.47434443843, 0.14935630527, 0.02802581755],
      [0.077104847584, 0.22173110897, 0.53362848472, 0.16753555873],
      [0.18695581527, 0.096412065813, 0.57267345624, 0.14395866267]
    ],
    [
      [0, 0.11286079132, 0.87215622251, 0.014982986168],
      [0, 0.0027900190289, 0.95964792429, 0.037562056676],
      [0.04065244885, 0.51811446625, 0.34883279189, 0.092400293011],
      [0.00335363793, 0.10355819341, 0.62371458812, 0.26937358054],
      [0.014957282954, 0.041565257353, 0.70144294699, 0.2420345127]
    ],
    [
      [2.4394324554e-05, 0.57209637587, 0.41987750021, 0.0080017295942],
      [0.072610648394, 0, 0.90261879189, 0.024770559713],
      [0.10056777072, 0.82685910976, 0.055957701408, 0.016615418103],
      [0.027244608686, 0.51635893417, 0.30837300493, 0.14802345222],
      [0.10378919633, 0.26124320362, 0.45699005816, 0.17797754188]
    ],
    [
      [0, 0.37392593186, 0.6050533891, 0.021020679044],
      [0.015023700604, 0.0046496395373, 0.94073027465, 0.039596385209],
      [0.057043880243, 0.75667741636, 0.12798394945, 0.058294753947],
      [0.0095969072668, 0.28822146237, 0.37770366924, 0.32447796112],
      [0.032574823393, 0.13465996687, 0.4901900162, 0.34257519354]
    ],
    [
      [0, 0.38234229992, 0.60080817034, 0.016849529741],
      [0.024241558952, 0.0013148516402, 0.93990331756, 0.034540271851],
      [0.068273455966, 0.76149152674, 0.12266185678, 0.047573160521],
      [0.01237068923, 0.31431066533, 0.4000915269, 0.27322711854],
      [0.042125300573, 0.14690381899, 0.52111423354, 0.2898566469]
    ],
    [
      [0, 0.31768842592, 0.6677887269, 0.014522847175],
      [0.0060760107368, 0.0047806385161, 0.96122974137, 0.027913609378],
      [0.052631151379, 0.73963041397, 0.1609032851, 0.046835149549],
      [0.0090754779899, 0.27639507859, 0.46912905976, 0.24540038365],
      [0.029528352195, 0.12565329712, 0.59246071946, 0.25235763122]
    ],
    [
      [0, 0.37727223798, 0.6107129184, 0.012014843621],
      [0.026556643762, 0.001263799585, 0.94867792293, 0.023501633724],
      [0.075574901336, 0.76338048631, 0.12737068414, 0.033673928215],
      [0.014260681882, 0.33478967612, 0.43947877906, 0.21147086293],
      [0.048279518763, 0.156336438, 0.57146610766, 0.22391793558]
    ],
    [
      [0, 0.40734765312, 0.57457819754, 0.018074149343],
      [0.024335938458, 0.0016383848576, 0.93527914206, 0.038746534627],
      [0.064685984544, 0.77579048565, 0.11125488651, 0.048268643297],
      [0.012071560292, 0.32656527356, 0.37335699661, 0.28800616954],
      [0.041026292048, 0.15465955462, 0.49391593165, 0.31039822168]
    ],
    [
      [0.00022946812387, 0.40595461269, 0.58056961918, 0.013246300008],
      [0.038849862921, 0, 0.93069894267, 0.030451194407],
      [0.094016403113, 0.76476435783, 0.10754887127, 0.033670367788],
      [0.017613854785, 0.34935271904, 0.40614784319, 0.22688558299],
      [0.059801577818, 0.16194839478, 0.53511263373, 0.24313739366]
    ],
    [
      [0.00016240928556, 0.31189579375, 0.66136646723, 0.026575329739],
      [0.036874990124, 0.0017078042367, 0.92194347972, 0.039473725915],
      [0.11204790772, 0.66478051629, 0.14635769359, 0.076813882399],
      [0.015964512005, 0.22021810151, 0.37886968855, 0.38494769794],
      [0.050857401867, 0.097516573756, 0.4671327697, 0.38449325468]
    ],
    [
      [0, 0.40707988844, 0.57667867501, 0.01624143655],
      [0.02518326917, 0.0024844654824, 0.93820860314, 0.034123662208],
      [0.066578546523, 0.77652161369, 0.1134950659, 0.043404773889],
      [0.012504113579, 0.33661167422, 0.38648141649, 0.26440279571],
      [0.043701351267, 0.16018106113, 0.51121255311, 0.2849050345]
    ],
    [
      [8.6139298763e-05, 0.46002604452, 0.53059413626, 0.0092936799221],
      [0.049951715195, 0.0027498411463, 0.92933272332, 0.017965720335],
      [0.099928776874, 0.78822813571, 0.093823452016, 0.018019635404],
      [0.022585359233, 0.41598515401, 0.38919490345, 0.17223458331],
      [0.079063355967, 0.20308998422, 0.52802057605, 0.18982608377]
    ],
    [
      [0.00011511111261, 0.17054801315, 0.81033942189, 0.018997453854],
      [0.024350340163, 0, 0.94377471211, 0.031874947732],
      [0.15710194839, 0.5129816093, 0.24997150067, 0.079944941635],
      [0.01670300811, 0.13956093883, 0.53653271591, 0.30720333715],
      [0.049044249839, 0.056517450698, 0.61029726394, 0.28414103552]
    ],
    [
      [0, 0.26478711255, 0.71714054614, 0.018072341314],
      [0.038911191463, 0.001731359006, 0.92874405903, 0.030613390503],
      [0.14960804798, 0.62026057964, 0.17105190058, 0.0590794718],
      [0.02237111093, 0.21500091523, 0.47191541793, 0.2907125559],
      [0.068515234098, 0.091727531799, 0.55917072953, 0.28058650458]
    ],
    [
      [4.653261981e-05, 0.38802460735, 0.59692569875, 0.015003161278],
      [0.039892700684, 0.00017407387351, 0.93001596671, 0.029917258732],
      [0.10039474778, 0.74220919392, 0.11720694149, 0.040189116801],
      [0.018879352044, 0.3258139183, 0.40668620534, 0.24862052432],
      [0.06294894382, 0.15105050566, 0.52466458565, 0.26133596487]
    ],
    [
      [0, 0.43599204251, 0.54757245766, 0.016435499829],
      [0, 0.0063810097613, 0.95477057086, 0.038848419378],
      [0.013520582842, 0.83108147643, 0.11074955836, 0.044648382366],
      [0.0072680378539, 0.35913700985, 0.36554046262, 0.26805448968],
      [0.018652219436, 0.17941295122, 0.50244073878, 0.29949409057]
    ],
    [
      [0, 0.38652928505, 0.60091835925, 0.012552355703],
      [0.032399521499, 0.00093065074731, 0.94201012746, 0.02465970029],
      [0.084653902669, 0.75933589666, 0.12196304232, 0.03404715835],
      [0.016266419047, 0.33857499371, 0.42705028433, 0.21810830291],
      [0.054774812648, 0.15842507593, 0.55568340322, 0.23111670821]
    ],
    [
      [0, 0.41757271382, 0.57027668675, 0.012150599422],
      [0.01895597899, 0.0030737966206, 0.95113888081, 0.026831343582],
      [0.055470668869, 0.7997602332, 0.11213986489, 0.03262923304],
      [0.011215529564, 0.36941817691, 0.40855237075, 0.21081392277],
      [0.040073167264, 0.1783645555, 0.55031306674, 0.2312492105]
    ],
    [
      [0, 0.38629879381, 0.5968326544, 0.016868551791],
      [0.033812349305, 0.00069237657822, 0.93203474643, 0.033460527692],
      [0.087201894838, 0.74824347944, 0.11909360693, 0.045461018791],
      [0.015813827803, 0.31568900982, 0.39578833316, 0.27270882921],
      [0.052940335505, 0.14695423657, 0.51246265747, 0.28764277045]
    ],
    [
      [0, 0.30762977111, 0.67364467547, 0.018725553424],
      [0.020384465144, 0.0014588241675, 0.94445077519, 0.033705935499],
      [0.07581869981, 0.70657349603, 0.15812569046, 0.059482113694],
      [0.011706829626, 0.24909246117, 0.44116987625, 0.29803083295],
      [0.037568574313, 0.11136546037, 0.54904231105, 0.30202365427]
    ]
  ],
  "expected_outcome": [
    [
      [0.011508529681, 0.018454942629, 0, 0.00024696304008, 0, 0, 0, 0, 0, 0, 0.0013635111726, 0, 0, 0, 0, 0, 0, 0.0019510379616, 0, 0.00054664795081, 0, 0, 0, 0, 0, 0, 0, 0, 0.0022946812387, 0.0048722785669, 0, 0.0029287361579, 0.0017266666892, 0, 0.0049324576998, 0, 0, 0, 0, 0],
      [18.9687326632, 7.4498146183, 8.1794970864, 2.7216235166, 5.0513998507, 12.8539732577, 2.8346901469, 9.115240483, 5.1261228787, 52.8153648524, 8.4105947606, 2.7448226451, 11.6917677937, 2.3890965198, 5.2613217839, 9.9977273102, 6.3629737437, 13.6257278845, 6.3512455572, 7.8233907345, 0.24195646492, 0.22572158264, 0, 19.0702225248, 8.4115305982, 17.4728634258, 18.1090674229, 6.5175624499, 4.0595461269, 9.3568738124, 26.867272637, 15.6408855137, 2.5582201972, 6.0901035886, 41.1306083794, 3.0519442976, 37.879869935, 9.6041724179, 48.6736480203, 14.458599242],
      [27.5593458711, 18.0078122648, 11.6552864468, 3.2114299733, 5.8093631628, 14.7261263787, 4.0468473142, 14.5632561714, 9.6746959493, 90.8563475684, 12.0353254909, 6.1541097899, 26.7140309659, 4.4861651121, 11.4646193055, 24.5299661807, 23.189002669, 24.5261981019, 12.4152900403, 24.6020268146, 0.74839194306, 1.744312445, 0, 30.857722844, 13.2177797475, 36.7283799796, 29.3142200833, 9.1932511607, 5.8056961918, 19.8409940169, 38.0607925507, 18.0402006328, 12.1550913283, 16.4942325612, 63.2741240675, 3.8330072036, 58.8899992061, 13.1163637953, 75.200914454, 31.661299747],
      [0.46041293602, 0.52391817431, 0.1652164668, 0.066699547028, 0.13923698652, 0.4199003636, 0.11846253889, 0.32150334558, 0.19918117191, 1.3282875792, 0.55271623737, 0.10106756497, 0.59420124048, 0.12473836807, 0.27405891055, 0.47230650903, 0.44802358722, 0.84612297557, 0.23346440252, 0.57403580298, 0.0096515920212, 0.029965972336, 0, 1.0720546313, 0.3706896543, 0.79875659464, 0.57671249381, 0.28918638948, 0.13246300008, 0.79725989216, 1.0719348123, 0.31598511735, 0.2849618078, 0.41566385022, 1.5903350955, 0.1150484988, 1.2301308589, 0.27946378671, 2.1254375257, 0.88010101093]
    ],
    [
      [8.160664119, 2.9237198, 4.1854353681, 1.2440475365, 1.4976627697, 7.5565193628, 4.4574359192, 6.4579155511, 3.5054069583, 16.3008289722, 14.8405398149, 5.8326725738, 37.7340444457, 7.5213035276, 23.0191998832, 51.6197291707, 31.0824346429, 26.8523456365, 16.2026369782, 34.2456822339, 0.59624080399, 0, 3.4853111229, 7.6470636074, 4.7998286725, 2.4182522733, 13.9953512624, 4.7698439378, 5.5166805347, 12.2793717113, 14.8833120793, 16.5839694449, 4.3100102088, 13.7356505865, 32.0737313498, 0, 30.6175478166, 3.9997115669, 50.3127757652, 3.3022833534],
      [0.13948724766, 0, 0.6710548968, 0, 0.2999344137, 1.2561250691, 0.53543956541, 0.54187003779, 0.075767731528, 0.81521911442, 1.0740944604, 0.85069593436, 1.4755119016, 0.43632578018, 1.7393563448, 2.8027470942, 18.4801240969, 0.67329451558, 0.56974202163, 0, 0.54722707686, 0.11160076115, 0, 2.3666665245, 0.26034062476, 1.9026941294, 0.66602238132, 0.32112343209, 0, 0.56869881083, 1.4683191001, 0.91294726058, 0, 0.6111697291, 0.1399553943, 1.576109411, 0.87946495621, 0.64857108696, 1.0302563484, 0.23632951513],
      [190.8947265495, 81.9654603158, 164.5672657087, 35.7741395979, 68.0474957262, 273.0424164466, 185.9144840211, 275.027091627, 149.2718442853, 490.4107520395, 322.0513083957, 396.1400282711, 839.4545999352, 129.1284848133, 455.7961871474, 1135.6697544831, 803.422681746, 602.8617169417, 303.9532409753, 1019.6788054205, 14.4936725643, 38.3859169718, 43.3257020109, 478.8317097969, 186.1008568762, 382.5694370649, 499.9532653835, 183.3147118432, 132.1592498595, 307.0071787481, 554.4812844557, 308.5384641434, 167.0481240427, 327.8466528368, 747.7328372354, 235.8283310027, 890.1995704529, 200.6903038504, 1386.8677026809, 153.0010255807],
      [3.8051220838, 3.1108198842, 2.5762440264, 0.98181286565, 2.1549070905, 10.1449391215, 7.0926404943, 7.9731227841, 4.1469810248, 8.4731998739, 17.0340573289, 8.1766032207, 24.3358437176, 4.9138858789, 14.4452566246, 27.9077692519, 23.0147595142, 24.6126429062, 7.2743800249, 31.0755123456, 0.36285955486, 1.5024822671, 1.1889868662, 20.1545600712, 6.8389738266, 11.1096165325, 12.3853609728, 7.5943207869, 4.3240696058, 13.1447507298, 20.167084365, 5.9646191512, 5.6418657485, 10.8065268476, 24.0534760206, 9.5955595863, 23.3034167743, 5.6614134958, 49.7892652055, 5.4603615508]
    ],
    [
      [24.5498664508, 8.5901833551, 19.6129416834, 4.6520205939, 5.5816809384, 24.1848146278, 17.5058073868, 17.4251774194, 11.3864054323, 61.0544787429, 48.2752135348, 8.6198926668, 73.52562229, 18.8448079906, 57.2432296634, 73.7405028929, 136.605016829, 50.5026737524, 14.2242410176, 17.7799554097, 3.8310078262, 0.93500632356, 1.810219873, 15.6870670669, 14.200878841, 11.8420090604, 21.4632719794, 8.0210620834, 1.9743444654, 16.9192340653, 32.4903307031, 47.0664539077, 8.3264032647, 35.1578912763, 86.7410620849, 2.5824313228, 74.5800882511, 7.3221282908, 67.1454590255, 11.97935457],
      [194.1123564214, 46.5718264513, 257.1622619872, 54.116830807, 103.2584438228, 357.6037331842, 232.4227753328, 202.1917852403, 115.8946515601, 517.9206481211, 359.3885380259, 90.9085984892, 333.4997161213, 75.0840464053, 226.9754861327, 302.150953504, 215.8547333013, 308.8910300003, 62.2030770991, 79.4631034285, 5.2177888228, 11.9166327237, 14.8834639758, 208.0862894982, 158.390237561, 166.4168431428, 216.8000581115, 96.1980202209, 16.0600515145, 100.3818579605, 378.9425474813, 371.2554519173, 27.1880252931, 145.7612362153, 641.2687435511, 158.7365619987, 668.9749249581, 105.568350782, 576.1474791676, 111.6386123733],
      [29.152056176, 11.3186008582, 38.4805799314, 6.2291026327, 11.9013311082, 41.4176959876, 34.1712409852, 33.2992074293, 22.2712866852, 92.8712081131, 53.893697203, 20.8625525704, 78.2741786352, 14.4495734718, 51.1176312912, 76.2754214818, 84.1199561596, 57.6263925501, 12.4178000901, 25.6550983243, 1.642919358, 8.0231542135, 1.0072386253, 35.1955860995, 25.5136662096, 36.2032391483, 36.1732742959, 13.7956059269, 2.2585262966, 22.1000117321, 55.385592158, 44.1908458997, 13.2484895355, 40.1971966355, 101.2667974477, 21.1531656465, 107.4494402845, 14.8024621659, 91.7020773375, 24.9838590931],
      [6.1857209518, 4.5193893353, 5.744216398, 2.0020459664, 4.2585441306, 16.7937562003, 13.9001762952, 10.083829911, 6.4476563225, 17.1536650229, 29.4425512363, 4.6089562736, 23.7004829535, 5.6215721323, 16.6636529128, 19.8331221213, 21.4202937101, 25.9799036972, 3.1548817932, 8.1018428375, 0.30828399305, 2.1252067392, 0.29907752585, 16.0310573354, 9.8952173884, 10.5379086485, 9.5633956132, 5.9853117688, 0.70707772355, 11.5988962422, 21.1815296576, 8.4872482753, 4.2370819067, 13.8836758729, 34.7233969162, 8.5278410319, 29.9955465063, 4.3070587613, 35.0049844693, 9.3981739636]
    ],
    [
      [0.61184935584, 0.21029120879, 0.25557706103, 0.044754384799, 0.055431273266, 0.5251116429, 0.28480689748, 0.30213128393, 0.16779394272, 0.54469679699, 0.55286719629, 0.20633451693, 1.0110953556, 0.38839863999, 1.6675572195, 1.3829517516, 1.5610620072, 1.3593751821, 0.4621551759, 0.4804453212, 0.077104847584, 0.02012182758, 0.081733826058, 0.287907218, 0.27215516307, 0.14520764784, 0.72729477596, 0.06035780146, 0.088069273926, 0.28736121609, 0.95031263202, 0.99375580625, 0.23384211355, 0.4474222186, 1.2271578829, 0, 1.4639777143, 0.23552612085, 1.3125477076, 0.14048195552],
      [11.3239700528, 2.7216429435, 7.2932209577, 1.2133452777, 2.0026831564, 16.9142313192, 8.2769446891, 7.9264436174, 3.8972948959, 10.7252384658, 9.6117233061, 5.0143023367, 10.626429596, 3.5438925997, 15.3759220144, 13.1527243918, 5.3631469816, 19.3599025643, 4.6875319217, 5.0980630465, 0.22173110897, 0.62134916046, 1.5490768025, 8.6466438712, 6.9148346373, 4.4223212575, 17.0742734822, 1.6328263678, 1.7467635952, 3.9639258271, 25.5824872408, 18.3033467763, 1.9538531436, 4.3000183047, 21.1779046897, 0, 30.4717494341, 7.7577817151, 26.2021878153, 2.989109534],
      [13.342658984, 5.3216290263, 8.4192065455, 1.1590290417, 1.8635931961, 15.6930162915, 9.5725893945, 10.262476951, 5.954590065, 14.9707548204, 11.1545601577, 9.111425722, 19.6918292524, 5.3806739881, 27.1360826106, 26.1729022624, 15.7295927938, 28.2773147501, 7.427812149, 13.0087969767, 0.53362848472, 3.7422875287, 0.9251190148, 11.3311100773, 8.8020135918, 7.5060649562, 22.4134177321, 1.866784983, 2.0307392159, 6.8196543938, 29.3725876531, 17.1245757518, 7.5114580228, 9.4383083586, 26.4346033469, 0, 38.4345255896, 8.5795997858, 32.8504316526, 5.294038515],
      [5.7215216073, 3.7464368214, 3.0319954358, 0.58287129582, 1.0782923743, 10.8676407464, 6.8656590189, 5.5089481476, 2.9803210964, 5.7593099167, 12.6808493399, 3.6679374243, 10.670645796, 3.6870347723, 15.8204381555, 12.2914215942, 7.3461982173, 24.0034075034, 3.4225007534, 7.4126946556, 0.16753555873, 1.6162414833, 0.44407035665, 9.7343388335, 6.0109966078, 3.9264061385, 10.7850140097, 1.4400308477, 1.1344279149, 6.929058563, 20.0946124741, 7.5783216657, 4.3008467201, 5.8142511181, 16.1603340805, 0, 19.629747262, 4.4270923782, 22.6348328245, 3.5763699954]
    ],
    [
      [3.6661115446, 1.2573506934, 0.94604588755, 1.0589305218, 0.86522501861, 3.7335543665, 1.7519497966, 2.8147757456, 0.9403936667, 6.0999954879, 4.3300159428, 1.3411002425, 10.7292379087, 1.2454898418, 6.070013234, 11.2568161848, 17.7514865209, 7.2836543911, 5.1109668282, 4.4933703873, 1.4956465222, 0.044871848863, 0.62273517801, 2.3779621077, 1.7271373235, 1.5945310185, 3.8140819823, 1.1487361773, 0.41861104473, 3.5091607288, 4.6760445856, 7.352892105, 1.1280177463, 4.6590359186, 10.9531162247, 1.4175686772, 11.338386218, 1.4426340215, 12.2292175016, 1.5778801211],
      [9.4554536149, 2.256715987, 3.6939650719, 3.9482003987, 4.3875387565, 16.3719371697, 6.9301502657, 10.2246606215, 3.0061629338, 16.7235294462, 10.515049447, 4.4815805946, 15.7065745875, 1.546638695, 7.6479137242, 14.8958476998, 8.9390218764, 14.4500450353, 7.1884034004, 6.6154427904, 0.77129652651, 0.12469577206, 1.5674592217, 9.8301775813, 6.0230565787, 6.7852780446, 12.350578602, 4.3304675294, 1.1336387635, 6.7286435892, 17.1393735408, 18.8873685321, 1.2999013661, 6.2374721623, 26.2827879855, 13.6353842926, 32.7939907166, 6.421123998, 33.9464286484, 4.6773493355],
      [31.0512124194, 12.3864975348, 11.8776613676, 10.6262987545, 11.3782168068, 42.1207448956, 22.2948382851, 36.8479678213, 12.8275830151, 64.8909374586, 33.8651087527, 22.7318836465, 80.8653612114, 6.5551026148, 37.4854796452, 82.3519555919, 70.5387666316, 58.7083776561, 31.7858567453, 47.055272464, 4.5813876499, 2.104328841, 2.7419403489, 35.7838711824, 21.3656835749, 31.992878851, 45.1458225052, 13.8296460862, 3.7457884361, 32.2321611091, 54.6997431825, 49.1059135724, 14.0368370707, 38.0236096079, 91.2916379026, 38.1854961472, 115.0264644669, 19.8112704026, 118.378873875, 23.0597770642],
      [10.8272224211, 7.0994357848, 3.4823276729, 4.3665703251, 5.3690194181, 23.7737635682, 13.0230616526, 16.1125958116, 5.2258603844, 20.2855376073, 31.2898258575, 7.4454355164, 35.6988262924, 3.6527688484, 17.7965933966, 31.4953805235, 26.7707249711, 40.5579229176, 11.914773026, 21.8359143583, 1.1516693013, 0.7261035381, 1.0678652513, 25.0079891286, 11.8841225228, 13.6273120859, 17.6895169105, 8.6911502071, 1.7019617557, 26.5300345729, 30.484838691, 17.6538257905, 6.535243817, 19.0798823111, 45.4724578872, 22.761550883, 47.8411585984, 8.3249715779, 66.445479975, 12.6849934792]
    ]
  ],
  "prob": [
    [3.7427432098e-05, 0.36023254545, 0.62474522793, 0.014984799185],
    [0.03272883606, 0.0028797906834, 0.93525683066, 0.029134542596],
    [0.10162216142, 0.7259915988, 0.13026870611, 0.04211753366],
    [0.018291795639, 0.30273665705, 0.42481513734, 0.25415640996],
    [0.06039765756, 0.13801355064, 0.53882610069, 0.26276269111]
  ],
  "iterations": 108,
  "logLik": -646.8833710883,
  "time": 0.044105,
  "message": "Converged",
  "status": 0,
  "miniter": 0,
  "maxiter": 1000,
  "maxtime": 3600,
  "param_threshold": 0.001,
  "ll_threshold": "-Inf",
  "initial_prob": "group_proportional",
  "adjust_prob_cond_method": "project_lp",
  "adjust_prob_cond_every": false,
  "candidates_id": ["WANG, Kenneth Xiaoxuan.c", "BLUE, Jacqueline Diane.c", "GOFF, Philip Bruce.c", "Other candidates votes.c"],
  "group_id": ["Green Party.p", "Labour Party.p", "National Party.p", "New Zealand First Party.p", "Other parties votes.p"]
}
