{
  "X": [
    [9, 32, 34, 50, 190, 4],
    [3, 5, 0, 5, 13, 2],
    [7, 4, 10, 75, 54, 6],
    [3, 11, 11, 41, 143, 6],
    [4, 3, 5, 38, 86, 12],
    [18, 49, 67, 142, 320, 30],
    [9, 6, 12, 12, 134, 1],
    [3, 3, 9, 66, 109, 5],
    [6, 23, 19, 41, 159, 9],
    [7, 35, 18, 31, 160, 18],
    [3, 12, 4, 6, 159, 2],
    [35, 81, 111, 105, 532, 22],
    [60, 137, 139, 223, 849, 35],
    [2, 8, 0, 21, 13, 3],
    [4, 20, 28, 20, 65, 12],
    [4, 7, 4, 11, 121, 4],
    [4, 4, 13, 78, 103, 3],
    [0, 0, 5, 6, 10, 4],
    [7, 13, 20, 19, 191, 5],
    [8, 13, 18, 32, 165, 6],
    [1, 6, 6, 7, 94, 6],
    [5, 11, 9, 7, 143, 7],
    [11, 48, 60, 53, 507, 9],
    [0, 1, 5, 28, 52, 3],
    [19, 36, 59, 54, 136, 8],
    [30, 110, 129, 142, 445, 39],
    [1, 5, 5, 5, 53, 4],
    [4, 13, 16, 46, 350, 4],
    [4, 21, 19, 28, 174, 9],
    [2, 3, 13, 4, 144, 6],
    [6, 24, 16, 16, 224, 6],
    [12, 17, 45, 110, 243, 16],
    [11, 14, 27, 36, 99, 12],
    [3, 2, 13, 5, 171, 3],
    [0, 5, 2, 6, 71, 1],
    [13, 53, 77, 51, 239, 20],
    [14, 36, 53, 38, 305, 11],
    [36, 66, 101, 111, 311, 21],
    [1, 3, 4, 5, 15, 1],
    [6, 25, 64, 84, 187, 12],
    [0, 3, 1, 20, 44, 2],
    [4, 13, 10, 48, 65, 3],
    [9, 22, 52, 43, 152, 8],
    [9, 41, 65, 65, 201, 11],
    [8, 31, 38, 74, 209, 13],
    [17, 46, 136, 156, 339, 25],
    [12, 52, 103, 100, 315, 17],
    [9, 26, 50, 83, 180, 9],
    [3, 27, 46, 32, 232, 9],
    [52, 159, 190, 193, 500, 30],
    [16, 75, 68, 85, 214, 29],
    [19, 92, 84, 128, 594, 13],
    [9, 30, 26, 29, 179, 9],
    [3, 34, 17, 59, 113, 8],
    [6, 18, 26, 21, 158, 5],
    [4, 16, 32, 10, 127, 9],
    [33, 65, 100, 206, 661, 26],
    [7, 3, 2, 29, 71, 6],
    [2, 19, 12, 14, 40, 3],
    [1, 1, 5, 16, 137, 1],
    [10, 19, 32, 78, 216, 11],
    [9, 15, 27, 79, 236, 14],
    [8, 26, 53, 161, 479, 17],
    [415, 1135, 1439, 1807, 7165, 279],
    [28, 80, 127, 207, 605, 30],
    [55, 133, 216, 411, 901, 91],
    [10, 12, 29, 121, 262, 5]
  ],
  "W": [
    [22, 42, 42, 159, 47, 7],
    [6, 4, 1, 8, 6, 3],
    [10, 51, 21, 46, 13, 15],
    [16, 22, 17, 136, 19, 5],
    [3, 34, 9, 77, 17, 8],
    [30, 80, 111, 297, 90, 18],
    [9, 4, 15, 138, 5, 3],
    [5, 41, 26, 114, 7, 2],
    [11, 28, 26, 152, 33, 7],
    [8, 15, 31, 164, 42, 9],
    [13, 7, 12, 132, 18, 4],
    [60, 63, 139, 484, 121, 19],
    [106, 101, 193, 805, 199, 39],
    [1, 11, 2, 16, 12, 5],
    [6, 5, 40, 60, 27, 11],
    [11, 6, 10, 101, 16, 7],
    [15, 46, 23, 95, 19, 7],
    [4, 5, 9, 2, 2, 3],
    [20, 9, 31, 176, 16, 3],
    [8, 14, 21, 169, 22, 8],
    [3, 5, 8, 92, 11, 1],
    [11, 4, 11, 130, 21, 5],
    [18, 32, 95, 465, 68, 10],
    [1, 16, 11, 52, 6, 3],
    [38, 28, 65, 120, 52, 9],
    [52, 72, 175, 418, 143, 35],
    [3, 3, 5, 49, 9, 4],
    [15, 17, 35, 325, 31, 10],
    [3, 25, 28, 158, 33, 8],
    [6, 1, 16, 140, 7, 2],
    [17, 7, 17, 212, 33, 6],
    [16, 71, 71, 225, 49, 11],
    [16, 29, 34, 92, 23, 5],
    [11, 2, 17, 153, 10, 4],
    [6, 2, 4, 67, 5, 1],
    [22, 34, 97, 219, 66, 15],
    [20, 26, 63, 287, 50, 11],
    [46, 71, 128, 293, 88, 20],
    [3, 2, 4, 13, 7, 0],
    [25, 56, 78, 156, 54, 9],
    [0, 9, 9, 45, 5, 2],
    [7, 44, 9, 64, 17, 2],
    [16, 32, 66, 127, 37, 8],
    [21, 30, 83, 186, 63, 9],
    [16, 40, 71, 184, 48, 14],
    [27, 98, 176, 304, 87, 27],
    [20, 62, 136, 287, 79, 15],
    [10, 52, 82, 153, 51, 9],
    [9, 19, 52, 207, 54, 8],
    [75, 95, 249, 469, 208, 28],
    [27, 44, 101, 202, 93, 20],
    [35, 73, 126, 568, 113, 15],
    [11, 17, 35, 180, 34, 5],
    [8, 37, 35, 99, 50, 5],
    [15, 10, 36, 150, 17, 6],
    [5, 7, 32, 126, 22, 6],
    [49, 100, 136, 633, 137, 36],
    [11, 20, 8, 67, 8, 4],
    [8, 8, 22, 34, 18, 0],
    [8, 7, 10, 130, 5, 1],
    [15, 42, 57, 207, 37, 8],
    [17, 35, 54, 229, 35, 10],
    [27, 87, 85, 460, 59, 26],
    [708, 1126, 1920, 6600, 1582, 304],
    [48, 137, 160, 583, 114, 35],
    [77, 257, 317, 888, 199, 69],
    [18, 88, 48, 258, 15, 12]
  ],
  "method": "mvn_cdf",
  "mvncdf_method": "genz",
  "mvncdf_samples": 5000,
  "mvncdf_error": 1e-06,
  "cond_prob": [
    [
      [0.32696674974, 0.1171243599, 0.021351496486, 0.022873335132, 0.51168405873, 1.4301634173e-16],
      [0.016675433288, 9.9697268488e-07, 0.028058363182, 0.79353044675, 0.14474639477, 0.016988365042],
      [0.00010637506912, 0.045383950946, 0.62022262173, 0.17431408316, 0.14487233651, 0.015100632578],
      [0.0065160279032, 0.016180101726, 2.5690456661e-05, 0.019888299811, 0.95019165276, 0.0071982273462],
      [0.0052675270103, 0.48301344578, 0.11881262698, 0.068213710661, 0.31268457719, 0.012008112383],
      [0.010262140957, 5.1550853906e-07, 0.069178514423, 0.30406434325, 0.35833530087, 0.25815918498]
    ],
    [
      [0.43846141328, 0.14247873794, 0.0043099506485, 0.016356427729, 0.3983934704, 2.1158363906e-16],
      [0.026299186962, 1.2623454704e-06, 0.0053128105116, 0.85721672844, 0.075251912617, 0.035918099128],
      [0.00026837106009, 0.16271259892, 0.2829641743, 0.19401429546, 0.28853351383, 0.071507046431],
      [0.011079347393, 0.014249827445, 4.2684045394e-06, 0.025573449243, 0.93576907575, 0.013324031767],
      [0.0086530922593, 0.63414901641, 0.020207657136, 0.058395316613, 0.25931773978, 0.019277177808],
      [0.01090169759, 5.2067132512e-07, 0.014409682396, 0.26065759478, 0.30083358738, 0.41319691719]
    ],
    [
      [0.54687422258, 0.044779988217, 0.013342021635, 0.064073152695, 0.33093061487, 2.1709137994e-16],
      [0.012088143758, 1.3183868247e-07, 0.0048851353793, 0.94931131181, 0.022658378796, 0.011056898419],
      [0.00017127770377, 0.025438076546, 0.38416189265, 0.40495503504, 0.1449479348, 0.040325783265],
      [0.014768906783, 0.00642660594, 1.4526793204e-05, 0.12593765537, 0.8358510335, 0.017001271612],
      [0.014849531034, 0.25565275981, 0.078432305459, 0.36308469853, 0.26139009104, 0.026590614128],
      [0.0090568660691, 9.0273186307e-08, 0.020892039706, 0.6083884477, 0.15269159305, 0.20897096321]
    ],
    [
      [0.2040108548, 0.10936098476, 0.024222476595, 0.06827080354, 0.59413488031, 4.0327469944e-16],
      [0.0066256508619, 4.1689722768e-07, 0.011275737616, 0.91810061625, 0.043384205324, 0.020613373051],
      [5.5458960959e-05, 0.051016423308, 0.50184841952, 0.25655304852, 0.15579717934, 0.034729470342],
      [0.0038406740294, 0.0082859363132, 1.4939440528e-05, 0.06896849818, 0.90247925423, 0.016410697805],
      [0.0039004981541, 0.38049066793, 0.086614994758, 0.19976693247, 0.30520205552, 0.02402485117],
      [0.0032074531037, 2.1634958672e-07, 0.04099437639, 0.4521070628, 0.24132264014, 0.26236825121]
    ],
    [
      [0.60331824427, 0.046825657746, 0.0028429516787, 0.028503824251, 0.31850932205, 3.2204009092e-16],
      [0.039145721062, 1.4033982432e-07, 0.0078777760899, 0.76369999745, 0.033803533125, 0.15547283193],
      [0.00015398437721, 0.048247726627, 0.4381154506, 0.13089283195, 0.2538167732, 0.12877323325],
      [0.0055962860867, 0.0026277934783, 4.2766949272e-06, 0.020532255905, 0.94119095255, 0.030048435286],
      [0.011071611357, 0.16466033036, 0.050328976368, 0.33216545518, 0.25179343979, 0.18998018694],
      [0.0047378800103, 1.3368611005e-07, 0.023465903246, 0.12110898654, 0.25682625082, 0.5938608457]
    ],
    [
      [0.61453983307, 0.10321593771, 0.021193437171, 0.0456542289, 0.21539656315, 5.4417677301e-16],
      [0.021650479032, 4.5062970139e-07, 0.022050346456, 0.8609751925, 0.04590210799, 0.049421423396],
      [0.00019644476699, 0.053106580165, 0.533427098, 0.16322915133, 0.13439509725, 0.11564562848],
      [0.0053517188728, 0.0077091323949, 1.5738336818e-05, 0.03954640709, 0.91551344351, 0.031863559791],
      [0.011482227866, 0.34927996007, 0.10992489276, 0.16196814803, 0.33166519506, 0.035679576219],
      [0.0060946574199, 1.8202277768e-07, 0.026790672346, 0.36091915719, 0.16527648967, 0.44091884136]
    ],
    [
      [0.60242702781, 0.082522999411, 0.024792215847, 0.014001505011, 0.27625625192, 7.6980616909e-17],
      [0.048216850797, 9.695310108e-07, 0.032215054953, 0.80115207841, 0.095381079317, 0.023033966991],
      [0.00026440523862, 0.071803861353, 0.79805491508, 0.059528153141, 0.065921832023, 0.0044268331634],
      [0.022220095469, 0.0094255276485, 1.7637587519e-05, 0.015943347494, 0.94690374511, 0.0054896466865],
      [0.015936862855, 0.45667091845, 0.13880498117, 0.083149929585, 0.29547949871, 0.0099578092363],
      [0.022910388247, 3.0599076465e-07, 0.13216455356, 0.36474808895, 0.32670259785, 0.15347406541]
    ],
    [
      [0.34155253579, 0.068406557756, 0.011844367526, 0.1027684291, 0.47542810983, 4.2653576219e-16],
      [0.0062873512608, 1.3618174769e-07, 0.0041805317714, 0.95402135699, 0.022805667497, 0.012704956299],
      [0.00011588206731, 0.034017672065, 0.3153126688, 0.45264122912, 0.15438451205, 0.043528035902],
      [0.0099110354461, 0.0056525576323, 1.0792682763e-05, 0.1225146526, 0.84298452389, 0.018926437753],
      [0.0083925413086, 0.25173379006, 0.072753464063, 0.33489882706, 0.29829329929, 0.033928078224],
      [0.004060443246, 8.6324071526e-08, 0.016969076094, 0.66866542602, 0.13476553627, 0.17553943205]
    ],
    [
      [0.30759099475, 0.17110472123, 0.021791549156, 0.034684087998, 0.46482864687, 3.3376136381e-16],
      [0.016137854967, 9.0304942282e-07, 0.018555670355, 0.87059614496, 0.059725754981, 0.034983671692],
      [0.00011131229895, 0.084205349911, 0.53354170684, 0.16645560051, 0.16474845829, 0.050937572154],
      [0.0090802694334, 0.01459698198, 2.3295245488e-05, 0.047945785322, 0.90900353026, 0.019350137758],
      [0.0064517307977, 0.53935161763, 0.080503399236, 0.094345016945, 0.25234528525, 0.027002950143],
      [0.0086361076652, 4.1505218633e-07, 0.058144993757, 0.3083157793, 0.25935203512, 0.36555066911]
    ],
    [
      [0.53283886083, 0.19924736811, 0.017403660486, 0.027255140531, 0.22325497004, 3.4090368078e-16],
      [0.026280679287, 4.8507120698e-07, 0.038900640517, 0.81624979253, 0.073302601635, 0.045265800958],
      [0.000172527327, 0.16844161249, 0.53091807329, 0.11314949202, 0.11434242947, 0.072975865405],
      [0.039766847906, 0.014650028939, 1.5155032006e-05, 0.052750897351, 0.85253697424, 0.040280096536],
      [0.0048967149254, 0.65215580415, 0.11230140592, 0.089607073418, 0.11235193532, 0.028687066267],
      [0.0037823536828, 2.5606148196e-07, 0.01985182347, 0.31342054145, 0.19064369893, 0.47230132641]
    ],
    [
      [0.18926585601, 0.11502306222, 0.0050040885615, 0.012955921072, 0.67775107213, 1.8855876815e-16],
      [0.01559843366, 1.4051361272e-06, 0.010997386275, 0.77952842166, 0.14565492676, 0.048219426509],
      [0.00015378679696, 0.126170523, 0.24412950672, 0.086184016369, 0.50789231522, 0.035469851886],
      [0.0047514088345, 0.0079148349825, 5.2489258372e-06, 0.015928085578, 0.95619083115, 0.015209590525],
      [0.006741247489, 0.52041643318, 0.023140331228, 0.0534443586, 0.38625528151, 0.010002347989],
      [0.0067571913253, 6.9605461788e-07, 0.012143292653, 0.10663303511, 0.68978013932, 0.18468564554]
    ],
    [
      [0.42448351769, 0.12911060352, 0.028748157546, 0.024358067224, 0.39329965402, 2.2289905255e-16],
      [0.025993218172, 1.0071438203e-06, 0.029105162396, 0.84102705863, 0.070345701133, 0.033527852529],
      [0.00013877580785, 0.065465389531, 0.64811066244, 0.12055443564, 0.1329768523, 0.032753884281],
      [0.013785932991, 0.013891390645, 2.9129656704e-05, 0.040887021871, 0.91673915412, 0.014667370719],
      [0.0099392389312, 0.48842502945, 0.13024501727, 0.092185200638, 0.25732711402, 0.02187839969],
      [0.011629727737, 4.3552911618e-07, 0.081599142091, 0.32512615028, 0.29074192618, 0.29090261819]
    ],
    [
      [0.43084913462, 0.13243175677, 0.022579891948, 0.037160817189, 0.37697839948, 2.4418518921e-16],
      [0.019831715838, 6.9323836088e-07, 0.016210810985, 0.8917312435, 0.050888936118, 0.021336600317],
      [0.00014700813514, 0.069775543951, 0.56470989668, 0.20036693746, 0.13334272847, 0.031657885303],
      [0.013568357983, 0.016117787948, 2.5131477774e-05, 0.061981644723, 0.89382123719, 0.014485840676],
      [0.0089983464813, 0.48083074898, 0.10595162469, 0.12688321678, 0.25746565553, 0.01987040753],
      [0.010203877473, 4.4128895781e-07, 0.062878560141, 0.42950448446, 0.25073616697, 0.24667646967]
    ],
    [
      [0.7976460561, 0.064779509466, 0.003365340998, 0.060254458822, 0.073954634617, 1.5385431669e-16],
      [0.010885291436, 2.1868331925e-07, 0.0012179464899, 0.97236640252, 0.0081258346203, 0.0074043062495],
      [0.00030890953066, 0.10087654104, 0.21178013146, 0.53411038395, 0.08333292371, 0.069591110301],
      [0.039660405914, 0.022538136816, 1.1692675221e-05, 0.20120733748, 0.70108397676, 0.035498450354],
      [0.013033271935, 0.48697716131, 0.030049119571, 0.3483856899, 0.10004668089, 0.021508076399],
      [0.011480093288, 3.4754931248e-07, 0.0081982862021, 0.69097676269, 0.069187545749, 0.22015696452]
    ],
    [
      [0.3834765077, 0.079734028521, 0.0073211368023, 0.035979339453, 0.49348898753, 4.2793058432e-16],
      [0.028140277347, 1.8436312478e-06, 0.034656198365, 0.81281747794, 0.04829260335, 0.076091599368],
      [6.4806550794e-05, 0.081158181982, 0.67592255821, 0.096439119396, 0.082991813708, 0.063423520149],
      [0.013520240353, 0.019869649239, 5.8577463438e-05, 0.05099619864, 0.86906645742, 0.046488876881],
      [0.0025237099462, 0.58829460386, 0.10291525167, 0.042336682813, 0.2153350213, 0.048594730405],
      [0.0035090514744, 3.1463233808e-07, 0.019148939826, 0.35417574093, 0.083352260478, 0.53981369266]
    ],
    [
      [0.2725906007, 0.060007648671, 0.0055548911516, 0.017760759308, 0.64408610017, 9.4471698784e-17],
      [0.017079148309, 5.4231605759e-07, 0.0084251567131, 0.81699318263, 0.12782534904, 0.029676620995],
      [0.0001873564758, 0.054530627465, 0.34628464942, 0.2027675804, 0.34417192565, 0.052057860596],
      [0.0072860898269, 0.0066526680553, 7.3514022271e-06, 0.02154225195, 0.95726996847, 0.0072416703],
      [0.0065970368346, 0.36519747113, 0.060171927626, 0.06535461266, 0.47617157708, 0.026507374666],
      [0.0079263462558, 3.1211777512e-07, 0.023003269011, 0.26011552728, 0.47101097513, 0.23794357021]
    ],
    [
      [0.29356421526, 0.050989361098, 0.020644441537, 0.11954211868, 0.51525986342, 2.6562046992e-16],
      [0.0033357295621, 8.4297701479e-08, 0.0050139725215, 0.96835298032, 0.01606425744, 0.0072329758598],
      [7.695415981e-05, 0.019571754893, 0.32668793504, 0.49843041328, 0.12726417612, 0.027968766513],
      [0.0048651601023, 0.0037245188066, 1.1450871351e-05, 0.12844416934, 0.84812091832, 0.014833782561],
      [0.0047556312175, 0.22224325608, 0.090757114524, 0.35308838101, 0.3062683238, 0.022887293362],
      [0.0023426380237, 6.0992252105e-08, 0.021628209458, 0.77040714337, 0.093833464176, 0.11178848398]
    ],
    [
      [0.085405639211, 0.032312020103, 0.02329241838, 0.022623364788, 0.83636655752, 8.1303632552e-16],
      [0.0021770113711, 2.0202093401e-07, 0.0068796741672, 0.68744142912, 0.19904540414, 0.10445627918],
      [2.6900670845e-05, 0.02530404831, 0.48439458371, 0.10350824547, 0.24712297575, 0.1396432461],
      [0.0027541861495, 0.0017950268033, 1.4955632567e-05, 0.010806780934, 0.96164255428, 0.022986496205],
      [0.000843606376, 0.14266070167, 0.082551110009, 0.083768884051, 0.5881911408, 0.10198455709],
      [0.00038183712068, 2.8673141936e-08, 0.022998733399, 0.13807636482, 0.1774971358, 0.66104590019]
    ],
    [
      [0.30410829206, 0.12019001614, 0.019908384714, 0.025196635522, 0.53059667156, 2.3557974824e-16],
      [0.019164641631, 9.3889785322e-07, 0.019654430212, 0.84179030966, 0.085452192232, 0.033937487372],
      [0.00010028458829, 0.066863278167, 0.5628665818, 0.12110527375, 0.2033757652, 0.0456888165],
      [0.0075800228721, 0.010315247402, 1.6829690821e-05, 0.037732511898, 0.9323484545, 0.012006933636],
      [0.0061392110324, 0.42220669274, 0.10739835796, 0.077094565723, 0.36744767738, 0.01971349517],
      [0.0078480257185, 3.8354817788e-07, 0.061979618675, 0.30700815268, 0.34844099279, 0.2747228266]
    ],
    [
      [0.49890360094, 0.093352837166, 0.025011127806, 0.032833862899, 0.34989857119, 2.1146362546e-16],
      [0.025178872018, 5.9948757846e-07, 0.018325204893, 0.88835310828, 0.049354850465, 0.01878736486],
      [0.00014796700048, 0.04695315396, 0.63076772807, 0.1699545419, 0.12332996092, 0.028846648147],
      [0.018987651637, 0.011654909192, 3.0639208777e-05, 0.057551283276, 0.89856242328, 0.013213093407],
      [0.012822246722, 0.42238912174, 0.14908043021, 0.12291682999, 0.27122912605, 0.0215622453],
      [0.013143143942, 3.2686075274e-07, 0.078655105531, 0.43398238446, 0.24325190893, 0.23096713027]
    ],
    [
      [0.19585641793, 0.13529918887, 0.017502139676, 0.016714054161, 0.63462819936, 7.9505175394e-16],
      [0.0080049365056, 5.3555461607e-07, 0.012089112318, 0.7025184174, 0.14792749604, 0.12945950218],
      [6.8730922178e-05, 0.044641749766, 0.39766741174, 0.21992285824, 0.14867921277, 0.18902003657],
      [0.0038923663336, 0.0048830590627, 1.3357951481e-05, 0.039245192331, 0.89866540393, 0.053300620396],
      [0.0033914707479, 0.27275734931, 0.12111107771, 0.073417135152, 0.46097195316, 0.068351013912],
      [0.00087807578491, 1.9240732098e-07, 0.019541065404, 0.23662849087, 0.054951310026, 0.68800086551]
    ],
    [
      [0.24557262143, 0.10262961508, 0.016227451435, 0.018347237614, 0.61722307444, 4.369239146e-16],
      [0.027366872846, 1.0543695251e-06, 0.019382094191, 0.75717149527, 0.12970408265, 0.066374400672],
      [0.00013049490804, 0.043025082191, 0.58964472647, 0.074866828104, 0.23335156439, 0.058981303942],
      [0.0080125520521, 0.0078618266376, 1.884358826e-05, 0.014371627095, 0.95106726825, 0.018667882377],
      [0.0064362439436, 0.38416651888, 0.062072354646, 0.079374543098, 0.42965149793, 0.038298841508],
      [0.0069573234574, 3.0229613031e-07, 0.051595795718, 0.15537970338, 0.29483698989, 0.49122988526]
    ],
    [
      [0.43384720051, 0.12615174704, 0.016993482492, 0.021465031489, 0.40154253847, 1.414181274e-16],
      [0.029155990831, 1.7555559652e-06, 0.021130633532, 0.86254803562, 0.056783683648, 0.030379900814],
      [0.00011555740406, 0.10330723564, 0.57837830902, 0.11055562196, 0.18646819003, 0.021175085942],
      [0.0074128800275, 0.0085565700057, 9.9420513842e-06, 0.024650519466, 0.95216022336, 0.0072098650922],
      [0.0059106886155, 0.44693218955, 0.080526961472, 0.096966442218, 0.35218338481, 0.017480333342],
      [0.011227985892, 4.7775017981e-07, 0.060775104956, 0.31884929261, 0.39815343217, 0.21099370662]
    ],
    [
      [0.20008618606, 0.061248009799, 0.016979227434, 0.11335207712, 0.60833449959, 3.9602478451e-16],
      [0.0030934129148, 1.0337249639e-07, 0.0044894142811, 0.95292833058, 0.0265452456, 0.012943493251],
      [4.874962251e-05, 0.022623888158, 0.34216086418, 0.43200596533, 0.15627505073, 0.04688548197],
      [0.0031646598181, 0.0032898795506, 1.0749866263e-05, 0.11133882882, 0.86576326949, 0.016432612456],
      [0.003588269517, 0.21357442747, 0.081650383834, 0.34452945406, 0.32592522063, 0.030732244494],
      [0.0020438976907, 6.7417183606e-08, 0.023912592502, 0.60214714992, 0.16081721787, 0.2110790746]
    ],
    [
      [0.43299771274, 0.1405921671, 0.042912448451, 0.041490333247, 0.34200733847, 2.441485251e-16],
      [0.018759709143, 7.7851712127e-07, 0.030490430193, 0.88592415602, 0.040172394831, 0.024652531296],
      [9.0613402679e-05, 0.050633633587, 0.73017260586, 0.11998829154, 0.077113722782, 0.02200113283],
      [0.013408979511, 0.016537632155, 4.6566768467e-05, 0.062611470824, 0.89132383508, 0.016071515658],
      [0.0078875351952, 0.44763216004, 0.17956224525, 0.12323331208, 0.22177536966, 0.019909377779],
      [0.0090355928392, 4.1847189048e-07, 0.10789100074, 0.40891127284, 0.20600444365, 0.26815727145]
    ],
    [
      [0.37336560793, 0.20850290149, 0.028534707758, 0.037669253208, 0.35192752961, 3.9888982098e-16],
      [0.015628496129, 6.9741736197e-07, 0.012517324289, 0.90850106639, 0.024433865734, 0.038918550043],
      [0.0001390729314, 0.058887382586, 0.59104173831, 0.19646567521, 0.11424757141, 0.039218559554],
      [0.017953484689, 0.028503059749, 4.198758774e-05, 0.051065606641, 0.87990267431, 0.022533187028],
      [0.0064733945634, 0.57324773844, 0.12428099398, 0.093904737701, 0.17045903139, 0.031634103922],
      [0.0082171779716, 3.3793204224e-07, 0.063855315761, 0.31462506739, 0.24185511542, 0.37144698552]
    ],
    [
      [0.29042614383, 0.11465777814, 0.027148929644, 0.021184347882, 0.54658280051, 4.1813659256e-16],
      [0.013029300911, 8.9222210282e-07, 0.028307304231, 0.80933911116, 0.092380543099, 0.05694284838],
      [5.7225625058e-05, 0.049467167066, 0.70810637125, 0.087474739777, 0.10404015904, 0.050854337238],
      [0.0047003270352, 0.0088215882142, 2.051847835e-05, 0.025073207278, 0.94169373244, 0.019690626552],
      [0.0052078488472, 0.43166556376, 0.12601243608, 0.068946290045, 0.3333716268, 0.034796234473],
      [0.0040563433738, 2.8221684166e-07, 0.0585622296, 0.19950532869, 0.27365222292, 0.4642235932]
    ],
    [
      [0.23975892334, 0.028843382504, 0.0072937224829, 0.027628290309, 0.69647568137, 1.3298840231e-16],
      [0.010186879351, 9.2156473537e-07, 0.014548791473, 0.83284994164, 0.11757830902, 0.024835156957],
      [0.00012012806288, 0.078258743047, 0.32259459113, 0.33098048713, 0.23970189492, 0.028344155708],
      [0.005760604399, 0.0090989562832, 1.4049161613e-05, 0.096327555257, 0.87430224453, 0.014496590372],
      [0.0054386970636, 0.37143888761, 0.026878356185, 0.21395575805, 0.37406399977, 0.0082243013205],
      [0.0071134224223, 2.6192598752e-07, 0.019278338564, 0.48068651739, 0.24468823283, 0.24823322687]
    ],
    [
      [0.36033594927, 0.11588816796, 0.015067322254, 0.016434386861, 0.49227417365, 2.3324522543e-16],
      [0.031971756232, 1.4285948905e-06, 0.023959667303, 0.79294838545, 0.10717108512, 0.043947677306],
      [0.00014360941598, 0.080201240437, 0.53052969587, 0.11524677539, 0.22302550341, 0.050853175485],
      [0.008246196487, 0.011841643921, 1.4188334517e-05, 0.021618873648, 0.94624775435, 0.012031343257],
      [0.0084148457333, 0.4948975541, 0.078926495863, 0.061955606375, 0.33161493854, 0.024190559391],
      [0.01046829533, 4.3454374036e-07, 0.052175351135, 0.21794937666, 0.33885739544, 0.38054914689]
    ],
    [
      [0.21566942416, 0.062030793715, 0.037942205887, 0.025251069428, 0.65910650681, 4.6741844441e-16],
      [0.022203631385, 5.0564380118e-07, 0.036875766741, 0.73803879141, 0.1184151068, 0.084466198024],
      [4.3500821993e-05, 0.028321429935, 0.69952062454, 0.07422897488, 0.13746139215, 0.060424077673],
      [0.0036005748803, 0.0043902110227, 1.3402846007e-05, 0.014563493167, 0.9587115196, 0.018720798486],
      [0.0048941349411, 0.32320579797, 0.18592097764, 0.066138870459, 0.37438431339, 0.045455905597],
      [0.0048052212759, 1.7027229638e-07, 0.066533762513, 0.2205864701, 0.29176368085, 0.41631069499]
    ],
    [
      [0.30738748799, 0.14157551157, 0.023856887064, 0.022910721763, 0.50426939161, 3.0304811131e-16],
      [0.017319641742, 1.177665957e-06, 0.02682261471, 0.84067862139, 0.075126230666, 0.040051713823],
      [8.1564161319e-05, 0.066733944548, 0.65866121889, 0.10138204733, 0.14151759635, 0.031623628715],
      [0.0061487633192, 0.011966720088, 1.8401953076e-05, 0.028942363939, 0.94003341834, 0.012890332358],
      [0.0054232070668, 0.47776647776, 0.11523510936, 0.080053948594, 0.30240787162, 0.019113385599],
      [0.0064862752458, 4.7391293596e-07, 0.070959191811, 0.24973868495, 0.32971773261, 0.34309764147]
    ],
    [
      [0.40351904599, 0.065268515644, 0.021884571467, 0.045813085923, 0.46351478098, 3.3915086693e-16],
      [0.014858217124, 2.8290317439e-07, 0.01157465764, 0.90721249668, 0.038175064021, 0.028179281628],
      [0.00016094052602, 0.031538083265, 0.50757731485, 0.24653890147, 0.1591619884, 0.055022771487],
      [0.012036068999, 0.0057629847343, 1.6681012743e-05, 0.062819142558, 0.90023710787, 0.019128014826],
      [0.013222759631, 0.25262454982, 0.11593309293, 0.19397261324, 0.3877365452, 0.036510439181],
      [0.0065610478134, 1.605167573e-07, 0.035954418128, 0.48468909833, 0.18061658363, 0.29217869158]
    ],
    [
      [0.25634335975, 0.16026950732, 0.036452126973, 0.033037126657, 0.5138978793, 2.1693041173e-16],
      [0.017215690353, 5.3493858226e-07, 0.01369102614, 0.78332964115, 0.039199984067, 0.14656312335],
      [7.2196658818e-05, 0.072181840856, 0.68787801433, 0.095986222638, 0.091593255865, 0.052288469653],
      [0.01262656778, 0.0026752854802, 1.6514429355e-05, 0.018010117642, 0.94525826485, 0.021413249813],
      [0.01528828197, 0.2041744515, 0.17348111363, 0.02638048487, 0.51091133449, 0.069764333543],
      [0.011222427581, 1.8736481517e-07, 0.037622488857, 0.202300983, 0.039973611814, 0.70888030138]
    ],
    [
      [0.24941498981, 0.062154795786, 0.015319899148, 0.018281873984, 0.65482844127, 2.2648321322e-16],
      [0.016881823394, 3.9024884731e-07, 0.02394957905, 0.7818060702, 0.142373196, 0.034988941106],
      [8.1978116205e-05, 0.026522532226, 0.63736334332, 0.090222934613, 0.20371447653, 0.0420947352],
      [0.0039228285894, 0.0019415718465, 1.4380073448e-05, 0.009279791988, 0.97795753302, 0.0068838944877],
      [0.0047873896112, 0.20764097127, 0.12704106774, 0.064466769944, 0.57006978056, 0.025994020872],
      [0.0059637984381, 1.8614977379e-07, 0.066863982234, 0.25599563599, 0.45111281765, 0.22006357953]
    ],
    [
      [0.15653160279, 0.15887513383, 0.011742688344, 0.032528006932, 0.6403225681, 1.6563482577e-16],
      [0.0037748165133, 6.2045809347e-07, 0.0065962295897, 0.91392065699, 0.062409545132, 0.013298131317],
      [6.1308281722e-05, 0.089875049497, 0.37369645646, 0.18713887512, 0.32155496391, 0.027673346729],
      [0.002780873279, 0.010084987028, 6.4928770239e-06, 0.020235530996, 0.96024756755, 0.0066445482652],
      [0.0020099336162, 0.52391534045, 0.043741942867, 0.08897707043, 0.32865960554, 0.012696107097],
      [0.0024438509819, 4.2536593987e-07, 0.02179508492, 0.33307448459, 0.38864145606, 0.25404469808]
    ],
    [
      [0.42808014391, 0.18785686261, 0.027513363524, 0.017763768408, 0.33878586154, 3.8574847468e-16],
      [0.026090263261, 1.6918563295e-06, 0.039252882334, 0.80563026491, 0.064275255918, 0.064749641717],
      [0.00010942467469, 0.074673171544, 0.70700078904, 0.077064776549, 0.10054092923, 0.04061090896],
      [0.012792610043, 0.020180254789, 3.5508654822e-05, 0.046109725919, 0.90175528273, 0.01912661786],
      [0.0094559030917, 0.52557405579, 0.13719954609, 0.072911883164, 0.22084250997, 0.034016101894],
      [0.010977599391, 7.9200124745e-07, 0.07493451312, 0.30318485996, 0.22674824811, 0.38415398742]
    ],
    [
      [0.43671036872, 0.11900564931, 0.027853043103, 0.015708360884, 0.40072257799, 1.3460117716e-16],
      [0.044987755628, 1.4318619811e-06, 0.04393940276, 0.78104299776, 0.095739400684, 0.034289011302],
      [0.00012713956719, 0.062893957385, 0.69989655555, 0.081270869332, 0.12768753577, 0.028123942394],
      [0.015410917407, 0.015406082837, 2.6792010568e-05, 0.028433537981, 0.92703978256, 0.0136828872],
      [0.010348618967, 0.47253725842, 0.15018266902, 0.059506514369, 0.28813950581, 0.01928543341],
      [0.012113510634, 4.3446762403e-07, 0.079612553261, 0.26390604335, 0.29637011413, 0.34799734416]
    ],
    [
      [0.56220163106, 0.12058445004, 0.023866249536, 0.023056146802, 0.27029152256, 2.1095703913e-16],
      [0.039372132385, 1.0390344471e-06, 0.028907872569, 0.84822959618, 0.05143531291, 0.032054046922],
      [0.00018857330833, 0.069855489553, 0.67089391729, 0.1310078404, 0.09439036182, 0.033663817631],
      [0.024245104039, 0.019080411651, 3.4495429113e-05, 0.054867449647, 0.882752765, 0.019019774238],
      [0.013099615758, 0.51166537686, 0.13075597121, 0.09458282091, 0.22773883174, 0.022157383523],
      [0.017561280653, 5.179521125e-07, 0.079380007635, 0.31587816134, 0.22860323916, 0.35857679326]
    ],
    [
      [0.27934236491, 0.11276107793, 0.040249153155, 0.059533606417, 0.50811379758, 3.5763612569e-16],
      [0.0047850563454, 2.9539635467e-07, 0.01454780239, 0.93756501515, 0.026852001786, 0.01624982893],
      [3.872975285e-05, 0.02914954296, 0.7000902586, 0.16165943434, 0.082094263386, 0.026967770955],
      [0.0053751932563, 0.0085875960876, 3.0026939854e-05, 0.07029026813, 0.89875263333, 0.016964282257],
      [0.0040684042993, 0.36486238769, 0.16773187697, 0.17504101225, 0.26204936656, 0.026246952228],
      [0.0031774092146, 1.9409227424e-07, 0.064775201095, 0.44647047266, 0.17062620999, 0.31495051295]
    ],
    [
      [0.22745860471, 0.11300643754, 0.045748443793, 0.051233126409, 0.56255338754, 4.1769972168e-16],
      [0.0078566725257, 4.842060518e-07, 0.021988687726, 0.89159803576, 0.050352279413, 0.028203840367],
      [4.9123982189e-05, 0.037141116915, 0.66836248934, 0.16416649537, 0.09569508386, 0.034585690523],
      [0.0058501535694, 0.0094254720419, 3.365993896e-05, 0.057908821517, 0.9072994263, 0.019482466631],
      [0.0041147615353, 0.35462242781, 0.17883961946, 0.14588228587, 0.28781021157, 0.028730693757],
      [0.0038285708898, 2.1340202833e-07, 0.078313989457, 0.38433928129, 0.22433588003, 0.30918206492]
    ],
    [
      [0.25347768315, 0.085309861234, 0.0074553680742, 0.12887528486, 0.52488180268, 2.4287917151e-16],
      [0.0028096351711, 2.2746251416e-07, 0.0017331978066, 0.96076308879, 0.026829321995, 0.0078645287757],
      [4.8332312784e-05, 0.045755568663, 0.17851480061, 0.55400993339, 0.16650083446, 0.055170530565],
      [0.0038416706135, 0.0071446508178, 4.9002936165e-06, 0.11810067236, 0.85810592142, 0.012802184494],
      [0.0035265030347, 0.3112887948, 0.033458857163, 0.30209443097, 0.33210403575, 0.017527378283],
      [0.0018021441534, 1.4023964242e-07, 0.0081521021151, 0.64387221792, 0.16180198341, 0.18437141216]
    ],
    [
      [0.34563711605, 0.20015452295, 0.035001590782, 0.040752759761, 0.37845401045, 2.409089785e-16],
      [0.013773692949, 1.0175715107e-06, 0.023487996347, 0.9063219171, 0.039611326643, 0.016804049388],
      [7.4957084008e-05, 0.071194667857, 0.69440539318, 0.12885042701, 0.086175917918, 0.019298636953],
      [0.010642610115, 0.022149347563, 3.8390330884e-05, 0.065062452078, 0.8939379875, 0.0081692124087],
      [0.00532996708, 0.57688250442, 0.1224999076, 0.10163434185, 0.17948218212, 0.014171096931],
      [0.0066011192869, 5.2794401749e-07, 0.085222673338, 0.4303638243, 0.19850552409, 0.27930633105]
    ],
    [
      [0.39622572869, 0.10860070548, 0.026962930296, 0.024878320107, 0.44333231543, 1.973490756e-16],
      [0.024136590323, 8.3320684109e-07, 0.031257644971, 0.8409037726, 0.073101427154, 0.030599731748],
      [0.00011177742316, 0.049141427509, 0.68761295237, 0.090914562481, 0.14125657955, 0.030962700663],
      [0.01056770753, 0.010064839106, 2.5734444407e-05, 0.03304786385, 0.93409721086, 0.012196644209],
      [0.0087474686408, 0.41574087725, 0.15586455646, 0.08991697915, 0.31017899777, 0.019551120735],
      [0.011190093176, 3.6735499564e-07, 0.085669718972, 0.29565673177, 0.3244923666, 0.28299072212]
    ],
    [
      [0.31549855668, 0.15176943961, 0.037640474817, 0.046996448575, 0.44809508032, 3.186241613e-16],
      [0.012120729808, 7.3653587012e-07, 0.022691826277, 0.89909833417, 0.041614788048, 0.024473585161],
      [7.5799796082e-05, 0.060559323431, 0.63441943552, 0.16683087545, 0.10810256204, 0.030012003764],
      [0.0098004118286, 0.016339251781, 3.6655778245e-05, 0.070357677524, 0.88427744495, 0.019188558142],
      [0.0057587939224, 0.47389083635, 0.13567738185, 0.13243572811, 0.23038272704, 0.021854532725],
      [0.006232491827, 3.987918024e-07, 0.082868762822, 0.40342742042, 0.21728497605, 0.2901859501]
    ],
    [
      [0.34160142633, 0.12754009319, 0.018115510464, 0.041177661065, 0.47156530895, 2.938948029e-16],
      [0.014067848585, 6.634493753e-07, 0.011212418532, 0.89413433007, 0.0546267295, 0.025958009861],
      [0.00012723353883, 0.071310928836, 0.47878417056, 0.22048399706, 0.18578016001, 0.043513509991],
      [0.008338946424, 0.01043704651, 1.3975229576e-05, 0.049677302484, 0.91631890365, 0.015213825703],
      [0.0072647157761, 0.4578681324, 0.07394734813, 0.12770621241, 0.30963202736, 0.023581563931],
      [0.0071397606511, 3.2693291335e-07, 0.03797341424, 0.39460470624, 0.26192789112, 0.29835390082]
    ],
    [
      [0.40143138859, 0.10412249719, 0.036153350796, 0.038861360237, 0.41943140319, 3.131258589e-16],
      [0.016703274779, 5.1422063517e-07, 0.023528403102, 0.88944424715, 0.042376596585, 0.027946964159],
      [0.00010711692336, 0.043124357529, 0.64982409021, 0.15553827972, 0.11670329039, 0.034702865232],
      [0.011561041577, 0.010710439477, 3.5020912635e-05, 0.058177284262, 0.90129598824, 0.018220225529],
      [0.0080591851767, 0.39771804617, 0.15831194757, 0.14119610488, 0.26848349714, 0.02623121906],
      [0.0080303749771, 2.8103931292e-07, 0.077821689387, 0.3795770081, 0.21950431871, 0.31506632779]
    ],
    [
      [0.36367304367, 0.13894844507, 0.033367338575, 0.032276290331, 0.43173488235, 2.7786180852e-16],
      [0.018299863396, 8.9937965023e-07, 0.026318297043, 0.86566102626, 0.061645873876, 0.028074040049],
      [9.9706541372e-05, 0.057427897692, 0.6599015464, 0.13124747533, 0.12173842293, 0.029584951103],
      [0.010809057831, 0.014070599881, 3.2965877973e-05, 0.051805314946, 0.90674623275, 0.016535828709],
      [0.0067615014464, 0.45155569535, 0.14183294692, 0.10709819614, 0.27146392746, 0.021287732676],
      [0.0081220990871, 4.1822871632e-07, 0.08194682332, 0.35170284871, 0.25749967729, 0.30072813336]
    ],
    [
      [0.42893827879, 0.078512591629, 0.018139357186, 0.038851410641, 0.43555836176, 2.3445929039e-16],
      [0.021906654237, 4.8091992758e-07, 0.014176747275, 0.89379384296, 0.054864797458, 0.015257477152],
      [0.00021455698712, 0.039220318786, 0.52832550986, 0.21714406141, 0.17494434803, 0.040151204927],
      [0.011078675498, 0.0076113566801, 1.7929468391e-05, 0.060947533028, 0.90909858907, 0.011245916254],
      [0.013466450999, 0.40495952503, 0.099046016387, 0.15334143775, 0.3075579149, 0.021628654933],
      [0.011300335119, 2.4362520032e-07, 0.053261851646, 0.43380575455, 0.29667847557, 0.20495333949]
    ],
    [
      [0.22346196386, 0.12176564567, 0.034084934249, 0.02487145764, 0.59581599859, 2.6765394402e-16],
      [0.013001986949, 9.6201099922e-07, 0.035466409703, 0.83147513408, 0.088241456664, 0.031814050597],
      [5.2357744294e-05, 0.040324268708, 0.71046177832, 0.096434176211, 0.12091660734, 0.031810811682],
      [0.004872887118, 0.0085763280839, 2.7106104796e-05, 0.029253336098, 0.94578189954, 0.011488443057],
      [0.0038686114487, 0.39385564825, 0.1542670867, 0.078701177682, 0.3475570336, 0.021750442318],
      [0.0048704009833, 3.1729970605e-07, 0.079358418531, 0.26812345256, 0.31373266367, 0.33391474695]
    ],
    [
      [0.5019565383, 0.1585543631, 0.026694642489, 0.031953720081, 0.28084073603, 2.1529842221e-16],
      [0.026767119931, 1.0101702466e-06, 0.021694232789, 0.88832867373, 0.039807581017, 0.023401382363],
      [0.00017649405459, 0.079794583423, 0.63580862099, 0.1579873767, 0.097046455522, 0.029186469319],
      [0.02192411215, 0.023634257706, 3.5299812259e-05, 0.069636199667, 0.86558464528, 0.019185485385],
      [0.01013967639, 0.56550756844, 0.11989548009, 0.10588408972, 0.18011862121, 0.018454564147],
      [0.013742587418, 5.7912990973e-07, 0.079129023413, 0.413652406, 0.21322656403, 0.28024884001]
    ],
    [
      [0.51159617715, 0.17399668144, 0.016099916445, 0.013622393114, 0.28468483185, 7.341696929e-16],
      [0.017077670191, 8.4303727089e-07, 0.020219518719, 0.85847142762, 0.03707582666, 0.067154713774],
      [0.00017776515296, 0.13121837227, 0.46408197034, 0.13032500205, 0.16380996015, 0.11038693004],
      [0.016530834089, 0.024573042532, 2.7679181927e-05, 0.050437088616, 0.87395601816, 0.034475337416],
      [0.0088454359672, 0.61808225063, 0.12805802837, 0.072721360823, 0.13185029568, 0.040442628527],
      [0.0045276949517, 1.9108694172e-07, 0.032341486495, 0.32294616332, 0.16594945797, 0.47423500617]
    ],
    [
      [0.24375954501, 0.21383968579, 0.022947735312, 0.026519389143, 0.49293364474, 1.3649929264e-16],
      [0.023746782705, 1.0713202282e-06, 0.02074677094, 0.88898141469, 0.053941763969, 0.01258219638],
      [0.00010329220303, 0.078780049206, 0.62750356987, 0.13794300384, 0.13643499271, 0.019235092165],
      [0.0098802344717, 0.016747639925, 1.849525673e-05, 0.035130506083, 0.93157503675, 0.0066480875145],
      [0.0083000691625, 0.59943890792, 0.12299947659, 0.082431657153, 0.16921314294, 0.017616746225],
      [0.009525261372, 5.1923953265e-07, 0.046776561162, 0.46051692115, 0.31165179381, 0.17152894327]
    ],
    [
      [0.46492113049, 0.18798121336, 0.022289330782, 0.022681341485, 0.30212698388, 2.8971705323e-16],
      [0.029683167995, 1.682841783e-06, 0.022106100023, 0.84613483228, 0.064653608186, 0.037420608677],
      [0.00015476598577, 0.088172067869, 0.62371630507, 0.1273743985, 0.12073826177, 0.039844200807],
      [0.018761878264, 0.026344604336, 2.233265796e-05, 0.040142745025, 0.89396459799, 0.020763841729],
      [0.0064774964521, 0.62048296909, 0.091564054745, 0.057992441096, 0.20170996617, 0.021773072442],
      [0.012118809736, 8.0505664441e-07, 0.068767509421, 0.23774687374, 0.33697514982, 0.34439085222]
    ],
    [
      [0.25427720599, 0.1818236695, 0.01516908734, 0.047120374054, 0.50160966311, 3.5144457633e-16],
      [0.0093988523026, 8.2262213367e-07, 0.010514398588, 0.90992466704, 0.041750151121, 0.028411108324],
      [8.9298929763e-05, 0.10359882089, 0.41558227065, 0.27624727697, 0.15144874492, 0.053033587646],
      [0.0066193197829, 0.014600516227, 1.2271011683e-05, 0.070530864774, 0.89066813926, 0.017568888943],
      [0.004543637903, 0.54903637875, 0.054373649015, 0.12770301225, 0.24084505873, 0.023498263356],
      [0.004494453501, 3.4170213068e-07, 0.028914719616, 0.43173394225, 0.23389167803, 0.3009648649]
    ],
    [
      [0.34521566533, 0.15607310635, 0.028535918159, 0.022342317581, 0.44783299258, 1.5478539421e-16],
      [0.018907805236, 1.5256177688e-06, 0.029140341598, 0.84173340268, 0.084572478816, 0.025644446051],
      [8.7417961734e-05, 0.079173323326, 0.65941444634, 0.11673746023, 0.11679727496, 0.02779007718],
      [0.0081252492132, 0.014491617938, 2.30077781e-05, 0.033708574322, 0.9352421281, 0.0084094226453],
      [0.0050186047506, 0.54431971582, 0.11367978564, 0.076314070144, 0.24835337318, 0.012314450455],
      [0.0061271339871, 5.5522137487e-07, 0.077959683462, 0.29871907715, 0.32665733845, 0.29053621173]
    ],
    [
      [0.37340393863, 0.16472354092, 0.030391042925, 0.030098053421, 0.4013834241, 4.0946004506e-16],
      [0.022816737333, 1.5509374657e-06, 0.067120581092, 0.76541425083, 0.073760426509, 0.070886453297],
      [6.0515853441e-05, 0.040280944765, 0.82027039193, 0.062348217646, 0.057752669709, 0.019287260096],
      [0.0088042994737, 0.013860248495, 5.8936096789e-05, 0.022885575274, 0.92727867364, 0.027112267021],
      [0.0060220776929, 0.52345181446, 0.20418388834, 0.049588798259, 0.17640298819, 0.040350433063],
      [0.007700672968, 2.5142131693e-07, 0.11047811123, 0.20539879848, 0.21245213329, 0.46397003261]
    ],
    [
      [0.42840644277, 0.099502405735, 0.021626061677, 0.040517341696, 0.40994774812, 2.2212625062e-16],
      [0.018279800958, 4.4443969074e-07, 0.014791260723, 0.90321581236, 0.043737448872, 0.01997523265],
      [0.00015831810267, 0.039680755088, 0.57156005481, 0.21621516591, 0.14249491796, 0.029890788124],
      [0.01243908205, 0.0086883806886, 2.2601158749e-05, 0.059211118437, 0.9084966874, 0.011142130264],
      [0.0094109571916, 0.3336833857, 0.13337917576, 0.19138604071, 0.31334510369, 0.018795336947],
