{
  "Z_true": {},
  "V_true": [
    [443, 43, 29, 447, 353, 45],
    [26, 40, 52, 74, 772, 250],
    [81, 180, 161, 162, 12764, 581],
    [188, 129, 152, 2249, 605, 231],
    [57, 71, 1289, 463, 910, 138],
    [40, 1016, 44, 351, 519, 112],
    [40, 61, 84, 143, 898, 821]
  ],
  "p_true": [
    [0.3257, 0.0316, 0.0213, 0.3287, 0.2596, 0.0331],
    [0.0214, 0.0329, 0.0428, 0.061, 0.6359, 0.2059],
    [0.0058, 0.0129, 0.0116, 0.0116, 0.9164, 0.0417],
    [0.0529, 0.0363, 0.0428, 0.6328, 0.1702, 0.065],
    [0.0195, 0.0242, 0.4402, 0.1581, 0.3108, 0.0471],
    [0.0192, 0.488, 0.0211, 0.1686, 0.2493, 0.0538],
    [0.0195, 0.0298, 0.041, 0.0699, 0.4387, 0.4011]
  ],
  "Z_est": [
    [
      [0, 1.3063, 11.1823, 14.0547, 11.9581, 1.6174, 10.3064, 14.8723, 0, 8.4385, 11.6825, 4.1862, 4.0894, 8.0253, 20.1329, 20.0112, 0.5387, 0.3156, 2.76, 8.7683, 10.9237, 5.5798, 10.7127, 7.0797, 18.628, 24.2845, 22.8545, 28.3526, 20.1289, 0.1662, 7.2657, 2.998, 29.0448, 2.6044],
      [0, 0, 0.668, 0.5318, 0.74, 0.2304, 0.5186, 0.8366, 0.0498, 0.2122, 0.6558, 0.1829, 0.2732, 0.2887, 0.7283, 0.9769, 0.017, 0.0161, 0.0861, 0.707, 0.4306, 0.4448, 0.4024, 0.4096, 0.9812, 1.0203, 1.0104, 1.3098, 0.8365, 0.0717, 0.6272, 0.0611, 1.3077, 0.0383],
      [0, 0.1003, 1.5882, 0.8351, 1.4862, 0.3031, 0.9663, 1.7886, 0.223, 0.4687, 1.2117, 0.37, 0.5425, 0.6957, 1.5613, 1.914, 0.0098, 0.1173, 0.0333, 1.1974, 0.8697, 0.8625, 0.6374, 0.5443, 2.4476, 2.7003, 2.2393, 2.701, 2.1952, 0.163, 1.4949, 0.3322, 2.981, 0.0871],
      [0, 1.4659, 20.5763, 10.4198, 19.6448, 3.3524, 14.6411, 20.3098, 3.4943, 8.0917, 16.7475, 5.3216, 8.4609, 10.8861, 24.8098, 28.5221, 0.2532, 1.1167, 1.1328, 13.6543, 10.2846, 19.2597, 14.2324, 14.5268, 48.5892, 42.0664, 30.2656, 39.9463, 39.943, 1.4066, 21.5634, 4.6243, 38.6817, 4.0863],
      [0, 1.0327, 15.6592, 10.8377, 15.7782, 4.3955, 12.1844, 16.8331, 2.144, 6.589, 13.3805, 4.8293, 7.4201, 8.8546, 17.2437, 20.9497, 0.1786, 0.4203, 0.9567, 11.3095, 9.2811, 14.548, 8.8433, 10.2305, 29.7358, 34.2516, 23.9373, 26.0138, 28.2784, 1.1338, 14.7208, 3.8577, 29.9363, 4.0152],
      [0, 0.0949, 0.326, 0.3209, 0.3927, 0.1013, 0.3833, 0.3596, 0.089, 0.2, 0.3221, 0.11, 0.2139, 0.2496, 0.524, 0.6262, 0.0028, 0.014, 0.0311, 0.3635, 0.2103, 0.3052, 0.1717, 0.2091, 0.6182, 0.6769, 0.6929, 0.6765, 0.618, 0.0588, 0.328, 0.1266, 1.0486, 0.1687]
    ],
    [
      [0, 0.0951, 1.299, 1.6633, 1.9811, 0.402, 1.2767, 2.6923, 0, 2.3342, 1.7521, 1.0148, 1.1622, 2.2521, 2.6879, 3.2965, 0.2948, 0.2525, 0.1303, 1.6664, 1.5039, 1.2077, 4.4383, 1.4283, 3.1326, 4.0622, 2.6816, 2.8678, 2.7004, 0.0074, 0.8507, 0.3983, 9.325, 0.3912],
      [0.0277, 0, 0.1121, 0.0916, 0.1826, 0.0889, 0.0915, 0.2262, 0.0052, 0.0787, 0.1455, 0.0613, 0.1067, 0.0959, 0.1373, 0.2355, 0.0173, 0.0122, 0.0064, 0.2427, 0.0862, 0.1223, 0.255, 0.1197, 0.2277, 0.2184, 0.1687, 0.1933, 0.1511, 0.0047, 0.1087, 0.0104, 0.5909, 0.0051],
      [0, 0.0059, 0.155, 0.0801, 0.2068, 0.0623, 0.0982, 0.2746, 0.0193, 0.1053, 0.1517, 0.0747, 0.1261, 0.1578, 0.1711, 0.2608, 0.0049, 0.1416, 0.0014, 0.195, 0.0999, 0.1532, 0.2164, 0.09, 0.3454, 0.3764, 0.2178, 0.2279, 0.2444, 0.0062, 0.1503, 0.0366, 0.7848, 0.0092],
      [0.2487, 0.1325, 2.7977, 1.44, 3.8098, 0.9792, 2.1201, 4.3013, 0.4113, 2.615, 2.9387, 1.5172, 2.8091, 3.5638, 3.8736, 5.4918, 0.1837, 1.238, 0.0656, 3.051, 1.6589, 4.8784, 6.964, 3.4425, 9.5741, 8.2046, 4.1459, 4.7266, 6.2643, 0.0742, 2.9678, 0.7248, 14.4568, 0.7066],
      [0.7237, 0.9242, 19.5674, 13.8233, 28.1572, 12.0726, 16.2461, 32.7779, 2.3572, 19.6214, 21.5823, 12.7799, 22.7998, 26.8196, 24.7327, 37.0453, 1.2387, 4.1618, 0.5491, 23.4825, 13.7903, 33.9961, 39.2694, 22.2766, 53.6205, 61.3847, 30.1355, 28.3482, 40.6605, 0.5536, 18.6361, 5.6111, 102.9436, 6.772],
      [0, 0.8423, 5.0689, 4.9017, 8.6625, 3.3949, 6.1673, 8.7277, 1.2069, 7.2453, 6.4297, 3.5522, 7.9962, 9.1109, 9.3974, 13.6701, 0.2606, 2.1938, 0.2471, 9.3625, 3.8607, 8.6423, 9.8569, 5.6429, 14.0998, 14.7536, 10.6505, 9.6363, 10.9793, 0.354, 5.2863, 2.2188, 43.8988, 3.116]
    ],
    [
      [0, 0.0511, 8.138, 7.7597, 7.5377, 0.833, 6.4936, 10.5372, 0, 12.3993, 9.699, 3.1469, 4.426, 5.2996, 10.8443, 11.8534, 1.116, 0.1541, 1.4659, 2.4531, 7.8646, 2.7619, 10.2769, 4.7569, 12.7964, 10.6048, 9.4415, 14.5046, 10.653, 0.3494, 2.709, 2.2037, 24.4327, 0.5185],
      [0.3277, 0, 16.0393, 9.03, 16.5793, 6.2229, 9.9654, 20.8039, 0.2225, 7.1876, 19.0651, 3.9824, 8.7404, 4.4634, 9.9398, 17.6604, 1.3819, 0.2625, 0.9754, 9.4336, 9.5449, 6.1278, 10.5544, 8.2068, 17.3773, 11.2974, 12.2084, 19.9348, 10.7976, 6.1238, 8.6266, 0.7727, 32.0879, 0.2341],
      [0, 0.6286, 36.0157, 12.7015, 29.7715, 6.9781, 18.0939, 39.7359, 2.6516, 18.1245, 30.3636, 8.5567, 18.4292, 13.0379, 21.1303, 32.0452, 0.6032, 2.2978, 0.351, 12.8144, 17.8633, 13.8037, 15.1675, 10.2916, 46.8685, 35.4445, 26.6647, 36.5368, 32.668, 12.5151, 19.2184, 7.4032, 72.2462, 0.7315],
      [0.4368, 0.1708, 22.5676, 6.0081, 17.8907, 1.829, 11.1818, 20.6942, 1.6226, 14.0576, 19.5544, 4.9837, 10.7034, 8.7092, 18.3356, 23.586, 0.9379, 1.3598, 0.5843, 5.8728, 9.6097, 13.2085, 21.3753, 14.4414, 53.9106, 24.2583, 16.42, 31.6478, 30.6008, 3.2381, 13.7758, 3.616, 42.2029, 0.2023],
      [2.2356, 10.2095, 500.0637, 249.6691, 451.7829, 152.8309, 341.0404, 524.8039, 36.6856, 383.7733, 480.182, 164.952, 378.9476, 246.7956, 339.4589, 507.7987, 16.5745, 10.7683, 15.7259, 173.3371, 275.6571, 344.0204, 301.2831, 284.0467, 804.8649, 651.2929, 413.482, 498.7957, 608.1891, 124.1873, 263.5919, 130.8981, 1058.9302, 54.3253],
      [0, 3.9399, 54.1758, 37.8316, 58.4379, 18.306, 55.2249, 58.4249, 7.8177, 60.4577, 60.1359, 19.3784, 56.7533, 35.6943, 54.2912, 79.0562, 1.3864, 2.1575, 2.8976, 29.089, 32.4604, 37.0778, 31.3427, 30.2565, 88.1824, 66.1021, 61.7833, 70.5804, 69.0915, 33.5863, 31.0782, 22.1063, 192.1001, 10.9883]
    ],
    [
      [2.7756e-16, 0.2175, 6.1939, 5.7755, 3.8453, 0.5801, 5.5133, 8.4258, 0, 7.8591, 9.7282, 1.715, 2.5929, 3.3898, 8.0973, 9.4664, 1.7924, 0.1296, 0.8469, 1.9271, 4.9504, 2.0778, 5.563, 3.2584, 8.7417, 9.3066, 9.1492, 12.6413, 9.5934, 0.3491, 2.5239, 1.6413, 13.486, 1.1016],
      [0.1042, 0, 1.8914, 1.0997, 1.2094, 0.4285, 1.3698, 2.4851, 0.0394, 0.9124, 2.9529, 0.3703, 0.8425, 0.568, 1.4166, 2.3398, 0.4272, 0.0336, 0.1391, 0.8142, 0.9854, 0.7774, 1.0564, 0.9443, 2.1669, 1.787, 1.9929, 3.0644, 1.7828, 0.8148, 1.1433, 0.1409, 2.9871, 0.0668],
      [0, 0.3012, 13.0666, 5.1093, 7.0925, 1.658, 7.6804, 15.0429, 2.0876, 6.4303, 14.9721, 2.2827, 5.1261, 4.368, 9.1687, 13.3399, 0.5437, 0.8405, 0.1742, 3.9609, 5.8441, 4.7975, 4.8378, 3.7136, 16.8443, 15.3018, 13.2336, 17.532, 15.3786, 5.2809, 7.7846, 2.7511, 20.3937, 0.587],
      [1.613, 1.8532, 74.3604, 27.8731, 41.2158, 8.0423, 51.0788, 75.0046, 14.2164, 48.8327, 90.8644, 14.4084, 35.1084, 29.9884, 64.0288, 87.3939, 6.3521, 3.5049, 2.4177, 19.8631, 30.3609, 47.0273, 47.6175, 43.5914, 147.3723, 104.6996, 78.5504, 114.3833, 123.126, 19.8718, 49.4364, 16.7942, 116.2477, 11.9107],
      [0.2828, 1.4335, 63.2092, 32.4807, 37.031, 11.8171, 47.7334, 69.4698, 9.927, 44.5909, 81.1029, 14.6439, 34.5828, 27.3466, 49.6514, 71.7273, 4.7737, 1.4191, 2.2851, 18.4019, 30.6499, 39.864, 32.8159, 34.2738, 100.2696, 95.6219, 69.5721, 82.6202, 97.4181, 18.0384, 37.652, 15.765, 100.7408, 13.3499],
      [0, 0.1946, 2.2786, 1.6617, 1.6061, 0.4741, 2.6243, 2.5718, 0.7296, 2.3746, 3.3795, 0.5796, 1.7473, 1.3392, 2.6371, 3.7327, 0.1108, 0.0723, 0.137, 1.0328, 1.2093, 1.456, 1.1094, 1.2186, 3.6052, 3.283, 3.5018, 3.7589, 3.701, 1.645, 1.4598, 0.9075, 6.1447, 0.9839]
    ],
    [
      [0, 0.0053, 0.2087, 0.2973, 0.2198, 0.0259, 0.3063, 0.3576, 0, 0.2673, 0.4324, 0.0841, 0.1414, 0.1606, 0.3358, 0.4579, 0.0446, 0.004, 0.0348, 0.0708, 0.3428, 0.1239, 0.3272, 0.1457, 0.462, 0.4273, 0.459, 0.7561, 0.4299, 0.0126, 0.1015, 0.0859, 0.5765, 0.0115],
      [0, 0.0509, 5.4037, 4.588, 6.0959, 2.2977, 6.9466, 8.8849, 0.6199, 2.7115, 10.6277, 1.6427, 4.3685, 2.4588, 4.4123, 8.9569, 0.6207, 0.1221, 0.3967, 2.9785, 5.4443, 5.0415, 4.271, 3.4531, 9.4976, 8.0471, 8.3932, 11.8019, 7.2807, 3.1273, 4.5338, 0.8184, 10.7977, 0.0924],
      [0, 0.5619, 25.8023, 14.7059, 24.7398, 6.1034, 25.9928, 38.2279, 5.6809, 11.9363, 39.3978, 6.6554, 17.4137, 11.6528, 18.9077, 35.4311, 0.7535, 1.8075, 0.3396, 10.7373, 22.1611, 19.4404, 13.7329, 9.2593, 46.8762, 41.4043, 37.2218, 49.9152, 37.3725, 14.1586, 21.794, 8.8299, 49.2491, 0.3963],
      [0, 0.3272, 16.4211, 8.8104, 15.9962, 3.2123, 19.0538, 21.307, 4.2046, 10.0172, 26.6588, 4.6112, 13.1515, 8.829, 14.6799, 25.8666, 0.8844, 0.7861, 0.46, 5.9446, 12.7663, 21.0709, 15.0936, 12.0462, 46.1282, 31.5381, 24.5614, 36.7096, 33.4179, 5.8111, 15.5279, 5.8636, 31.2646, 0.8566],
      [0, 1.0025, 52.4397, 38.8185, 54.0497, 18.0746, 67.2368, 74.1799, 11.1686, 34.3618, 89.4606, 17.7336, 48.9497, 30.319, 42.7923, 79.6949, 2.6714, 1.2599, 1.7294, 20.8205, 48.5512, 67.3536, 39.0796, 35.6094, 117.4404, 108.1397, 81.7697, 99.1593, 99.0515, 20.1704, 44.3976, 20.9223, 101.7086, 3.551],
      [0, 0.0522, 0.7246, 0.78, 0.8985, 0.2861, 1.4637, 1.0427, 0.326, 0.7059, 1.4226, 0.273, 0.9752, 0.5797, 0.8721, 1.5925, 0.0254, 0.0203, 0.0396, 0.4484, 0.7342, 0.9697, 0.4957, 0.4864, 1.5955, 1.4435, 1.5949, 1.658, 1.4476, 0.72, 0.6452, 0.4799, 2.4035, 0.0921]
    ],
    [
      [0, 0.1436, 0.4738, 0.667, 0.4928, 0.0425, 0.4941, 0.4737, 0, 0.3737, 0.6442, 0.159, 0.1813, 0.316, 0.5866, 0.6229, 0.0205, 0.003, 0, 0.1807, 0.4826, 0.2068, 0.4404, 0.3061, 0.8578, 0.6966, 0.7024, 1.2212, 0.5548, 0.0071, 0.2648, 0.0856, 1.1927, 0.0158],
      [1.458, 0.9491, 43.4958, 37.9797, 47.2559, 10.5274, 39.0008, 40.4058, 5.0189, 14.5705, 54.8069, 11.2656, 19.1616, 18.2175, 31.0304, 45.2872, 1.4227, 0.421, 0, 23.6498, 28.6616, 27.1407, 23.545, 26.9188, 68.0769, 47.1512, 47.3123, 76.3769, 36.1696, 5.0745, 37.1807, 2.9995, 81.5427, 0.4715],
      [0, 0.2472, 6.6068, 3.8206, 6.1156, 0.8647, 4.5803, 5.5742, 1.2182, 1.9937, 6.5461, 1.402, 2.38, 2.6582, 4.1759, 5.6968, 0.0416, 0.1251, 0, 2.7243, 3.6932, 3.2282, 2.394, 2.2664, 10.5839, 7.5319, 6.6231, 10.4576, 5.7733, 0.7095, 5.7315, 0.9459, 11.7817, 0.0552],
      [0.542, 0.8522, 22.0864, 12.1854, 20.8195, 2.4398, 17.8202, 16.3376, 4.8549, 8.8438, 23.3149, 5.166, 9.5376, 10.6736, 17.0742, 21.884, 0.2721, 0.3018, 0, 7.9763, 11.2372, 18.5276, 13.8066, 15.581, 54.4348, 30.2517, 23.0511, 40.1518, 27.0998, 1.5675, 21.3715, 3.3655, 39.3896, 0.6484],
      [0, 0.7707, 21.1441, 16.0978, 21.0782, 4.0786, 18.8013, 17.0476, 3.825, 9.0863, 23.4367, 5.9419, 10.589, 10.9814, 14.9281, 20.2309, 0.2417, 0.1471, 0, 8.3468, 12.7923, 17.7134, 10.7314, 13.8002, 41.6889, 31.0759, 22.995, 32.494, 24.1585, 1.6018, 18.293, 3.5479, 38.444, 0.7947],
      [0, 0.0372, 0.1931, 0.2495, 0.2381, 0.047, 0.3032, 0.1611, 0.083, 0.132, 0.2511, 0.0656, 0.1504, 0.1533, 0.2048, 0.2782, 0.0013, 0.0019, 0, 0.1222, 0.133, 0.1834, 0.0826, 0.1276, 0.3578, 0.2928, 0.3161, 0.2986, 0.244, 0.0395, 0.1586, 0.0557, 0.6494, 0.0144]
    ],
    [
      [6.9389e-17, 0.181, 2.5043, 2.7826, 1.9652, 0.4991, 2.6095, 2.6411, 0, 3.3278, 3.0616, 0.6941, 1.4068, 1.5566, 2.3152, 3.2916, 0.1929, 0.1413, 0.7622, 0.9336, 2.9319, 1.0422, 3.2414, 1.025, 4.3816, 3.618, 2.7118, 4.6566, 2.9397, 0.1083, 1.2845, 0.5872, 7.9423, 0.3568],
      [0.0825, 0, 2.3898, 1.6792, 1.9369, 1.2043, 2.1072, 2.3574, 0.0442, 1.3272, 2.7461, 0.4949, 1.507, 0.9077, 1.3354, 2.5432, 0.1132, 0.1325, 0.3963, 1.1744, 1.847, 1.3455, 1.9158, 0.9477, 3.6724, 2.4784, 1.914, 3.319, 1.9816, 0.7832, 1.7797, 0.1971, 5.6861, 0.0919],
      [0, 0.1549, 3.7656, 1.7474, 2.5878, 1.0303, 2.5881, 3.356, 0.1194, 1.9411, 3.357, 0.6586, 1.9823, 1.4295, 1.8849, 3.3122, 0.0434, 0.6701, 0.1004, 1.3707, 2.4686, 1.7144, 2.0139, 0.8348, 6.0341, 4.2408, 2.7996, 4.6294, 3.3681, 1.1668, 2.8263, 0.7011, 8.5635, 0.1337],
      [0.1595, 0.1982, 5.1905, 2.2632, 3.6231, 1.145, 4.1042, 4.0454, 0.1959, 3.542, 4.9212, 0.9919, 3.2292, 2.3499, 3.1981, 5.2555, 0.1165, 0.6926, 0.3396, 1.6381, 3.0823, 4.0276, 4.9106, 2.3707, 12.9909, 6.9812, 4.0057, 7.4347, 6.5482, 1.0306, 4.3572, 1.0116, 11.7568, 0.589],
      [0.758, 2.6268, 60.9168, 37.2729, 45.1227, 24.7307, 53.7577, 51.8879, 1.8926, 44.9772, 60.8552, 14.1194, 44.7109, 29.8833, 34.1929, 59.5532, 1.3213, 3.8234, 4.7537, 21.3017, 43.2781, 47.5045, 45.9773, 25.7629, 120.3799, 88.2334, 49.1085, 73.569, 71.2438, 13.3147, 45.7085, 13.398, 141.2965, 10.1919],
      [0, 1.839, 12.2332, 10.2546, 10.7642, 5.3907, 15.8333, 10.7123, 0.7479, 12.8846, 14.059, 3.0412, 12.1637, 7.873, 10.0735, 17.0442, 0.2127, 1.5401, 1.6477, 6.5816, 9.3921, 9.3658, 8.941, 5.059, 24.5412, 16.4482, 13.4604, 19.3913, 14.9186, 6.5963, 10.0438, 4.105, 46.7548, 3.6366]
    ]
  ],
  "V_est": [
    [344.8697, 16.6707, 35.6681, 542.3774, 409.7801, 10.6341],
    [61.2488, 4.2273, 5.2513, 112.3777, 779.4607, 251.4342],
    [218.0818, 316.178, 651.7536, 469.5941, 10801.2003, 1472.1922],
    [162.4799, 39.1547, 247.5261, 1649.0097, 1392.5618, 63.2677],
    [7.7164, 156.7839, 668.6591, 493.878, 1573.6678, 27.2948],
    [12.9097, 954.5466, 128.5468, 503.4664, 476.9042, 5.6264],
    [67.6937, 52.4389, 73.595, 118.2966, 1387.4252, 347.5507]
  ],
  "p_est": [
    [0.2536, 0.0123, 0.0262, 0.3988, 0.3013, 0.0078],
    [0.0505, 0.0035, 0.0043, 0.0926, 0.6421, 0.2071],
    [0.0157, 0.0227, 0.0468, 0.0337, 0.7754, 0.1057],
    [0.0457, 0.011, 0.0696, 0.464, 0.3918, 0.0178],
    [0.0026, 0.0535, 0.2284, 0.1687, 0.5375, 0.0093],
    [0.0062, 0.4585, 0.0617, 0.2418, 0.2291, 0.0027],
    [0.0331, 0.0256, 0.036, 0.0578, 0.6778, 0.1698]
  ],
  "EI_Z": {},
  "EI_V": 17.0454,
  "MAE_Z": {},
  "MAE_V": 220.0808,
  "MAE_p": 0.0575,
  "runtime": 0.002
}
