{
  "X": [
    [33, 53, 96, 704, 33],
    [35, 40, 103, 701, 42],
    [6, 0, 6, 19, 5],
    [20, 50, 112, 628, 27],
    [16, 17, 48, 315, 25],
    [18, 47, 63, 629, 49],
    [24, 36, 59, 287, 12],
    [18, 47, 76, 728, 40],
    [37, 55, 62, 721, 14],
    [5, 12, 7, 140, 13],
    [19, 52, 50, 602, 29],
    [11, 19, 15, 232, 7],
    [24, 45, 21, 464, 40],
    [91, 29, 283, 503, 43],
    [103, 49, 350, 433, 39],
    [74, 43, 354, 318, 23],
    [29, 17, 113, 366, 15],
    [14, 36, 70, 615, 23],
    [27, 48, 65, 739, 23],
    [18, 35, 93, 518, 29],
    [18, 52, 42, 466, 18],
    [3, 3, 15, 60, 3],
    [4, 1, 4, 13, 2],
    [0, 0, 4, 22, 1],
    [11, 11, 48, 147, 11],
    [28, 20, 156, 396, 14],
    [27, 6, 71, 180, 13],
    [2, 5, 4, 19, 3],
    [305, 441, 1146, 5159, 295],
    [54, 57, 126, 1017, 50],
    [103, 142, 278, 1660, 101],
    [13, 5, 35, 107, 8]
  ],
  "W": [
    [22, 25, 695, 101, 51, 25],
    [18, 27, 673, 116, 56, 31],
    [1, 3, 17, 5, 6, 4],
    [32, 12, 596, 119, 57, 21],
    [8, 11, 310, 55, 32, 5],
    [17, 22, 614, 76, 46, 31],
    [13, 8, 298, 65, 20, 14],
    [16, 18, 704, 79, 68, 24],
    [21, 20, 675, 84, 69, 20],
    [8, 6, 139, 4, 16, 4],
    [28, 12, 584, 65, 38, 25],
    [11, 7, 213, 13, 28, 12],
    [16, 13, 492, 25, 25, 23],
    [34, 87, 410, 285, 93, 40],
    [50, 115, 317, 346, 119, 27],
    [34, 83, 219, 355, 100, 21],
    [15, 22, 331, 126, 36, 10],
    [13, 12, 588, 72, 44, 29],
    [22, 22, 712, 67, 60, 19],
    [25, 21, 458, 113, 57, 19],
    [18, 17, 472, 43, 27, 19],
    [3, 5, 45, 19, 8, 4],
    [1, 2, 12, 6, 0, 3],
    [0, 0, 19, 6, 2, 0],
    [7, 10, 131, 55, 20, 5],
    [12, 19, 337, 173, 53, 20],
    [2, 15, 171, 77, 20, 12],
    [5, 2, 16, 7, 2, 1],
    [267, 264, 4824, 1161, 596, 234],
    [35, 47, 982, 134, 64, 42],
    [65, 94, 1636, 298, 113, 78],
    [3, 18, 90, 38, 11, 8]
  ],
  "method": "mvn_pdf",
  "cond_prob": [
    [
      [0.018228969618, 0.60070805519, 0.018716802205, 0.29936275604, 0.062983416948],
      [0.52791650299, 0.0013701795677, 0.34877039018, 0.03384594105, 0.088096986208],
      [0.0013372339954, 0.054491500568, 0, 0.91254928062, 0.031621984821],
      [0.080107701291, 0.00081503383314, 0.80136645512, 0.11394496614, 0.0037658436148],
      [0.084807261075, 0.017250558772, 0.1161532304, 0.74223066575, 0.039558284009],
      [0.24222497286, 0.036659139507, 0.00028575519651, 0.51935661116, 0.20147352128]
    ],
    [
      [0.017159517579, 0.53834148153, 0.016285756593, 0.3409809329, 0.087232311402],
      [0.51586731644, 0.0012511586404, 0.31525876186, 0.040255007442, 0.12736775561],
      [0.0013384706592, 0.042363566439, 0, 0.91784787141, 0.038450091492],
      [0.082423312255, 0.00067432400336, 0.76754089989, 0.14363359823, 0.0057278656272],
      [0.072712587657, 0.014054749321, 0.092023963141, 0.77125418215, 0.049954517734],
      [0.20093262115, 0.029035622236, 0.00021882220108, 0.52297125656, 0.24684167786]
    ],
    [
      [0.091946807778, 0, 0.1976205336, 0.29813655312, 0.4122961055],
      [0.70550985451, 0, 0.17423069677, 0.01914892368, 0.10111052504],
      [0, 0, 0.0035691632748, 0.88669228814, 0.10973854858],
      [0.12409089934, 0, 0.82122569029, 0.054683410364, 0],
      [0.24816513781, 0, 0.18257259284, 0.44544398607, 0.12381828327],
      [0.42051957627, 0, 0.0043618979719, 0.1561417023, 0.41897682346]
    ],
    [
      [0.013879165019, 0.5820684851, 0.021426074364, 0.32108446102, 0.061541814495],
      [0.43444813447, 0.0014282265393, 0.4317303898, 0.039313832534, 0.093079416655],
      [0.00071902479847, 0.049653704785, 6.203638329e-06, 0.92080021065, 0.028820856124],
      [0.05407021113, 0.00074681364641, 0.83111061408, 0.11076851572, 0.0033038454297],
      [0.061540872285, 0.015940546873, 0.12667537317, 0.75902518357, 0.036818024096],
      [0.18913168958, 0.03645617671, 0.00034496324361, 0.57193889871, 0.20212827176]
    ],
    [
      [0.020971045861, 0.49604461855, 0.01646716932, 0.32280100413, 0.14371616215],
      [0.53359587283, 0.00093894463296, 0.26396852085, 0.031099141358, 0.17039752033],
      [0.0021791122546, 0.040210427509, 0, 0.90194910714, 0.055661353095],
      [0.098004589834, 0.00067621226727, 0.76352371979, 0.1305024567, 0.0072930214088],
      [0.088821353531, 0.012723308688, 0.092807689241, 0.72501338243, 0.080634266111],
      [0.21092329584, 0.022348916007, 0.00019165439317, 0.41864296843, 0.34789316533]
    ],
    [
      [0.0070388113361, 0.60146407193, 0.007779888652, 0.28739108841, 0.096326139669],
      [0.39502212503, 0.0026499103557, 0.27800842064, 0.06292757567, 0.2613919683],
      [0, 0.055400977303, 0.0023542357145, 0.897702016, 0.044542770978],
      [0.057637501792, 0.0075863072265, 0.69434795296, 0.22908265777, 0.011345580256],
      [0.037566853907, 0.019830219581, 0.054955081258, 0.81847851318, 0.069169332071],
      [0.099397678729, 0.039092362426, 0.00024766927984, 0.53163269061, 0.32962959895]
    ],
    [
      [0.033750501264, 0.71478764891, 0.020317070117, 0.19242112623, 0.038723653484],
      [0.69306192784, 0.00083988672024, 0.25525678006, 0.014741281113, 0.03610012426],
      [0, 0.081596793256, 0.0055651228456, 0.88374955312, 0.029088530779],
      [0.11200410121, 0.019809541675, 0.79846583819, 0.067577968316, 0.0021425506068],
      [0.19877642465, 0.024287078102, 0.15634359698, 0.59045172367, 0.030141176602],
      [0.48292521352, 0.043702522095, 0.00059041555403, 0.34440184762, 0.12838000121]
    ],
    [
      [0.010005072523, 0.58337861203, 0.014578300499, 0.31468059407, 0.077357420881],
      [0.40985995422, 0.0018753681485, 0.38454898033, 0.05041297746, 0.15330271984],
      [0, 0.049950816313, 0.00045427302274, 0.91265711251, 0.036937798153],
      [0.049853873629, 0.0052848057506, 0.78820285669, 0.15087246908, 0.0057859948546],
      [0.047297867474, 0.017073972362, 0.091926005044, 0.79424824017, 0.049453914946],
      [0.13782202745, 0.037011713411, 0.00025263820098, 0.56746934599, 0.25744427495]
    ],
    [
      [0.016910949109, 0.63667548054, 0.0078825522714, 0.30315405059, 0.035376967481],
      [0.68123998235, 0.0020022498051, 0.20092918041, 0.047397117123, 0.068431470313],
      [0.00075717686457, 0.058103756278, 0.00093979747433, 0.92911771753, 0.011081551854],
      [0.13830857989, 0.0016207843041, 0.63719886543, 0.21970536562, 0.003166404758],
      [0.085557004955, 0.019921576746, 0.052949675698, 0.81793574432, 0.023635998279],
      [0.24938109927, 0.042949987379, 0.00016435899607, 0.58192730964, 0.12557724472]
    ],
    [
      [0.01265865666, 0.55498727663, 0.014378478105, 0.28513034778, 0.13284524083],
      [0.44177941089, 0.0014090382888, 0.31992570786, 0.034536125668, 0.20234971729],
      [0.0028404867428, 0.051608437705, 0.0014157520292, 0.88821717134, 0.055918152178],
      [0.063007421639, 0.00079730341582, 0.8116603549, 0.11640914461, 0.0081257754324],
      [0.062284324623, 0.016276117433, 0.095064136239, 0.74043710627, 0.085938315438],
      [0.15116193589, 0.028616905925, 0.00024019913097, 0.43423084203, 0.38575011702]
    ],
    [
      [0.010508760553, 0.61973786653, 0.008052116469, 0.30050406505, 0.061197191397],
      [0.53130201408, 0.0024213878076, 0.25938777717, 0.058728501289, 0.14816031965],
      [0.0010575186857, 0.056011930951, 0.0006899725293, 0.91150413475, 0.03073644308],
      [0.088646856846, 0.0015716688156, 0.67935096353, 0.22333432895, 0.0070961818547],
      [0.05417621309, 0.019736039205, 0.055180966652, 0.82822052664, 0.042686254411],
      [0.15567191323, 0.042207497813, 0.00017016373319, 0.58294472289, 0.21900570233]
    ],
    [
      [0.016979312515, 0.61006277999, 0.014418331916, 0.31586926336, 0.042670312225],
      [0.57978519786, 0.0015387511336, 0.31254302231, 0.039512108372, 0.066620920322],
      [0.0023967585568, 0.053162680862, 0.00030579585564, 0.92744237214, 0.016692392588],
      [0.085752521669, 0.00095374070826, 0.77323334921, 0.13739135909, 0.0026690293244],
      [0.079665718634, 0.0172988409, 0.090477056169, 0.78608729678, 0.026471087517],
      [0.24156655844, 0.038176747008, 0.00025596358186, 0.57559134178, 0.14440938919]
    ],
    [
      [0.024182136771, 0.62965659419, 0.0094070410418, 0.23331074098, 0.10344348702],
      [0.67488638464, 0.0012935797499, 0.16471030729, 0.024624213199, 0.13448551512],
      [0.00074842224659, 0.068181514924, 2.3556870256e-05, 0.87520560691, 0.055840899047],
      [0.16985176215, 0.0012234659762, 0.67734845659, 0.14215843151, 0.0094178837737],
      [0.13613189323, 0.021502237047, 0.070393059752, 0.69421101218, 0.077761797786],
      [0.29659772528, 0.034575219042, 0.00013588955499, 0.36680515998, 0.30188600615]
    ],
    [
      [0.030469440388, 0.45615417096, 0.032395711886, 0.37778154898, 0.10319912779],
      [0.52586760435, 2.4771953095e-05, 0.36016723777, 0.026312718022, 0.0876276679],
      [0.0024842820023, 0.028966169426, 0.0011298431096, 0.92602154976, 0.041398155703],
      [0.077589128485, 0, 0.82929629178, 0.089167063486, 0.0039475162504],
      [0.1043271679, 0.0090070515537, 0.14766256002, 0.69117726938, 0.047825951145],
      [0.28449183985, 0.019370444209, 0.00046747990581, 0.46263215799, 0.23303807804]
    ],
    [
      [0.021182306153, 0.5817697116, 0.024629534451, 0.29665545672, 0.075762991076],
      [0.50377583285, 0.0012087209873, 0.37819010475, 0.027697515996, 0.089127825424],
      [0.0017418528623, 0.052581141383, 0.00057409068178, 0.90703832363, 0.038064591447],
      [0.073123181844, 0.00091900104116, 0.83198073552, 0.089943354848, 0.0040337267495],
      [0.093481354852, 0.01592748674, 0.14469193947, 0.70052292208, 0.045376296855],
      [0.26035534861, 0.032997940949, 0.00040737775745, 0.48030502703, 0.22593430566]
    ],
    [
      [0.014448581886, 0.68241812822, 0.020809603278, 0.23438466665, 0.047939019965],
      [0.46293410546, 0.0014564597449, 0.42976455748, 0.029853730673, 0.075991146639],
      [0.0021355903732, 0.074381466578, 0.0010326258516, 0.89290883212, 0.029541485081],
      [0.060484852619, 0, 0.85032131555, 0.086709299356, 0.0024845324732],
      [0.081054084129, 0.023010707693, 0.15521144767, 0.70434257026, 0.036381190254],
      [0.23999962277, 0.051727882464, 0.00050754135832, 0.51380805512, 0.19395689829]
    ],
    [
      [0.025357007532, 0.47270098343, 0.025250357666, 0.40517019062, 0.071521460755],
      [0.5448214146, 0.00054190900688, 0.34710063316, 0.033913912856, 0.073622130376],
      [0.0018510692169, 0.02800828879, 0, 0.94313147924, 0.027009162754],
      [0.081268545754, 0.00047228777404, 0.7997075976, 0.1154081879, 0.0031433809708],
      [0.088284912348, 0.0096677533522, 0.11719372633, 0.75133373559, 0.033519872374],
      [0.26027762455, 0.021927228086, 0.00028992596412, 0.5410375273, 0.1764676941]
    ],
    [
      [0.010648389963, 0.56975468298, 0.019147312169, 0.34440950539, 0.056040109497],
      [0.39288234781, 0.00163145625, 0.45655318394, 0.049440930989, 0.099492081016],
      [0, 0.044816144223, 0.00046207393055, 0.93098699331, 0.023734788532],
      [0.039125291934, 0.006909650852, 0.8211305245, 0.12967957797, 0.003154954741],
      [0.046102103492, 0.015198505614, 0.11067202879, 0.79532944035, 0.03269792175],
      [0.14832652358, 0.03639619775, 0.00033724939051, 0.62681407585, 0.18812595342]
    ],
    [
      [0.016396420236, 0.57760829149, 0.015938929518, 0.33839145795, 0.051664900808],
      [0.53789963831, 0.0014807324522, 0.33592200778, 0.043190814127, 0.081506807336],
      [0.0014557148135, 0.047190886844, 0, 0.93041296772, 0.020940430622],
      [0.079844616932, 0.00084674680477, 0.77126606939, 0.14482072688, 0.003221839994],
      [0.071721804358, 0.015618679233, 0.092992114995, 0.78930031415, 0.030367087264],
      [0.21663790363, 0.035067223724, 0.00024767531107, 0.58369207613, 0.16435512121]
    ],
    [
      [0.0077110965636, 0.55266093343, 0.010230840532, 0.35356428475, 0.075832844724],
      [0.40427922686, 0.0022225522981, 0.33219209738, 0.071371678228, 0.18993444523],
      [0, 0.040569168735, 0.0041364122729, 0.92253815097, 0.032756268024],
      [0.047470307235, 0.0092634891894, 0.71190258151, 0.22379585111, 0.0075677709606],
      [0.034694762284, 0.01520958575, 0.060043372475, 0.84422548361, 0.045826795883],
      [0.10397961338, 0.033810690487, 0.00032916732789, 0.61735951339, 0.24452101542]
    ],
    [
      [0.0097978025223, 0.71938619213, 0.010386950105, 0.22247189792, 0.037957157325],
      [0.51056146648, 0.0026132882613, 0.34859486177, 0.044442767683, 0.093787615807],
      [0.0011488756799, 0.078358119289, 0, 0.8966436908, 0.023849314229],
      [0.074746795184, 0.00096958133306, 0.77691252262, 0.14365784872, 0.0037132521417],
      [0.064659853888, 0.028601883872, 0.091677444975, 0.78129951027, 0.033761306997],
      [0.1916787924, 0.063560393412, 0.000231197941, 0.56588328718, 0.17864632906]
    ],
    [
      [0.0050104133352, 0.49682974759, 0.0081216395795, 0.43775298355, 0.052285215943],
      [0.3907969307, 0.0022320542685, 0.33232448359, 0.10644550047, 0.16820103098],
      [0, 0.023788088622, 0.01317810356, 0.94124243897, 0.021791368849],
      [0.031821595316, 0.012669192402, 0.65274178036, 0.29559675441, 0.0071706775184],
      [0.01942190939, 0.010450234065, 0.039222196937, 0.90355953369, 0.027346125918],
      [0.067749630098, 0.025892492439, 0.0012816502105, 0.73844729753, 0.16662892973]
    ],
    [
      [0.038507022992, 0.50232528795, 0.0086684317138, 0.33291180898, 0.11758744837],
      [0.84571334414, 0.0019476958598, 0.074303074689, 0.011551012961, 0.066484872351],
      [0, 0.0085204250252, 0, 0.91893273141, 0.072546843568],
      [0.17128254813, 0.058688134855, 0.64045423648, 0.11059231538, 0.01898276516],
      [0.17662717645, 0.0075090173624, 0.048454736161, 0.70754989641, 0.059859173619],
      [0.41412366666, 0.013135136967, 0, 0.31774649866, 0.25499469772]
    ],
    [
      [0.0012510906112, 0.31834060956, 0.0042627521759, 0.58394302542, 0.092202522234],
      [0.13809915055, 0.0013302995868, 0.33481602624, 0.1626261006, 0.36312842302],
      [0, 0, 0.0073450758108, 0.94862931334, 0.044025610847],
      [0, 0, 0.63626060913, 0.34892533796, 0.014814052918],
      [0, 0, 0.021439952416, 0.94124550938, 0.037314538204],
      [0.0035505819819, 0.010075215851, 3.7262315846e-05, 0.7020893349, 0.28424760495]
    ],
    [
      [0.01300917736, 0.57075259152, 0.014429814397, 0.30912926744, 0.092679149282],
      [0.46900374894, 0.001602619829, 0.33170406828, 0.041417965547, 0.15627159741],
      [0.0011249163157, 0.049013789689, 0, 0.90555716985, 0.044304124142],
      [0.07305759168, 0.0016110938302, 0.77753266979, 0.1410480102, 0.006750634498],
      [0.061137540231, 0.016001718353, 0.090840613786, 0.77360983673, 0.058410290905],
      [0.16612317695, 0.031850936822, 0.00016830041371, 0.51281778525, 0.28903980056]
    ],
    [
      [0.017461997636, 0.52373584411, 0.023692707682, 0.3792711673, 0.055838283274],
      [0.47245826388, 0.0010487565784, 0.41273454344, 0.040426452552, 0.073331983547],
      [0.0011966421745, 0.036993296544, 0, 0.94135015928, 0.020459902003],
      [0.061695640878, 8.5320883541e-05, 0.81780928167, 0.11877899426, 0.0016307623038],
      [0.066620454548, 0.012066609524, 0.1204964535, 0.77235504038, 0.028461442053],
      [0.21031253195, 0.028710587137, 0.00032067089209, 0.59810282848, 0.16255338155]
    ],
    [
      [0.057229521254, 0.4325481472, 0.037784144316, 0.36058900276, 0.11184918447],
      [0.65321581804, 9.9736526473e-05, 0.27148197586, 0.01564772989, 0.059554739682],
      [0, 0.023335524204, 0.0073467435399, 0.92136224902, 0.047955483232],
      [0.10716455428, 0.010633587701, 0.8102086016, 0.067933424647, 0.0040598317758],
      [0.18092004813, 0.0077755610113, 0.15998319329, 0.60385293291, 0.047468264657],
      [0.43476933706, 0.014061295466, 0.00084856161346, 0.34860242558, 0.20171838028]
    ],
    [
      [0.0093304805712, 0.72405814447, 0.0036388295121, 0.17474923004, 0.08822331541],
      [0.41356284431, 0.0039347606576, 0.10236843569, 0.055295521149, 0.42483843819],
      [0.020818031955, 0.077203448247, 0.006811481244, 0.84046362209, 0.054703416459],
      [0.098366471715, 0.0051912758321, 0.51911331737, 0.35431471242, 0.023014222663],
      [0.026208461628, 0.027771792793, 0.016916731294, 0.83224980187, 0.096853212413],
      [0.052151171978, 0.044702067964, 0.00045859694068, 0.42354226336, 0.47914589975]
    ],
    [
      [0.016397768062, 0.59517634034, 0.021296508086, 0.29761901144, 0.06951037207],
      [0.46968897142, 0.0013880955842, 0.39556600841, 0.034389492034, 0.098967432555],
      [0.0011443303005, 0.05431011498, 6.4699820991e-05, 0.90973005097, 0.034750803928],
      [0.064765793707, 0.0007094121067, 0.82482558182, 0.10584998932, 0.0038492230451],
      [0.075476814295, 0.017163787043, 0.1306550528, 0.73329544667, 0.043408899199],
      [0.21763414654, 0.037077866241, 0.00033924028007, 0.52129576217, 0.22365298478]
    ],
    [
      [0.020758738046, 0.5188674773, 0.019016539911, 0.36568211886, 0.075675125879],
      [0.54329040486, 0.00099973258076, 0.32117294152, 0.037868446263, 0.096668474783],
      [0.0012658494804, 0.037482707399, 0, 0.92961020662, 0.031641236499],
      [0.086037639555, 0.00041181475418, 0.77507562805, 0.13413338132, 0.0043415363236],
      [0.081462984248, 0.012538237773, 0.099511038816, 0.76631257647, 0.040175162697],
      [0.23221562519, 0.02683337627, 0.00024886211287, 0.53633828507, 0.20436385136]
    ],
    [
      [0.01624097202, 0.61686096206, 0.015863914309, 0.28045225405, 0.070581897562],
      [0.52113683639, 0.0015797383954, 0.32953968069, 0.035992519249, 0.11175122528],
      [0.0012074101694, 0.058839465099, 0, 0.90277519073, 0.037177934004],
      [0.082285029441, 0.0008874543789, 0.78545555267, 0.12641974928, 0.0049522142273],
      [0.080892515458, 0.019136373884, 0.10536851995, 0.74696868774, 0.047633902969],
      [0.2220558736, 0.0393244295, 0.00025279658819, 0.50469932881, 0.23366757151]
    ],
    [
      [0.012019376216, 0.51256502449, 0.013059147619, 0.38830638102, 0.074050070652],
      [0.47654351059, 0.0014165480862, 0.32887815811, 0.055537430151, 0.13762435307],
      [0.0012953368819, 0.034058229868, 0.00098019182284, 0.93194879156, 0.031717449868],
      [0.067739300212, 0.00081289732992, 0.74165282886, 0.18301308877, 0.0067818848233],
      [0.048173872795, 0.011783011405, 0.069800349594, 0.83010456985, 0.040138196357],
      [0.14569654407, 0.026382893611, 0.0002733880942, 0.60929602904, 0.21835114519]
    ]
  ],
  "expected_outcome": [
    [
      [0.4010373316, 0.30887131643, 0.091946807778, 0.4441332806, 0.16776836689, 0.11965979271, 0.43875651643, 0.16008116037, 0.3551299313, 0.10126925328, 0.29424529549, 0.18677243766, 0.38691418834, 1.0359609732, 1.0591153077, 0.49125178412, 0.38035511298, 0.13842906952, 0.36072124518, 0.19277741409, 0.1763604454, 0.015031240006, 0.038507022992, 0, 0.091064241517, 0.20954397163, 0.11445904251, 0.046652402856, 4.3782040726, 0.72655583163, 1.0556631813, 0.036058128648],
      [13.2155772141, 9.6901466675, 0, 18.6261915233, 3.9683569484, 10.2248892229, 9.2922394358, 9.3340577924, 13.3701850914, 4.439898213, 17.3526602628, 6.7106905799, 10.074505507, 15.5092418126, 29.08848558, 23.2022163595, 7.0905147514, 7.4068108788, 12.7073824128, 13.8165233357, 12.9489514583, 1.4904892428, 0.50232528795, 0, 3.9952681406, 6.2848301293, 0.8650962944, 3.6202907224, 158.9120828701, 18.1603617055, 40.0959625337, 1.5376950735],
      [0.4117696485, 0.29314361868, 0.1976205336, 0.68563437964, 0.13173735456, 0.13225810708, 0.26412191152, 0.23325280798, 0.1655335977, 0.11502782484, 0.22545926113, 0.15860165107, 0.15051265667, 1.1014542041, 1.2314767226, 0.70752651147, 0.37875536499, 0.24891505819, 0.3506564494, 0.25577101329, 0.1869651019, 0.024364918739, 0.0086684317138, 0, 0.10100870078, 0.28431249219, 0.075568288631, 0.01819414756, 5.6861676591, 0.66557889688, 1.0311544301, 0.039177442858],
      [6.5859806329, 6.1376567922, 0.29813655312, 10.2747027526, 2.582408033, 4.885648503, 2.501474641, 5.0348895051, 6.3662350625, 2.2810427822, 8.4141138215, 3.4745618969, 3.7329718557, 12.8445726653, 14.8327728359, 7.9690786661, 6.0775528593, 4.4773235701, 7.4446120749, 8.8391071188, 4.0044941625, 1.3132589507, 0.33291180898, 0, 2.1639048721, 4.5512540076, 0.72117800553, 0.87374615018, 79.4642760556, 12.7988741602, 18.2293965134, 1.1649191431],
      [1.3856351729, 1.5701816052, 0.4122961055, 1.9693380638, 1.1497292972, 1.6375443744, 0.50340749529, 1.2377187341, 0.7429163171, 1.0627619266, 1.7135213591, 0.46937343448, 1.6550957923, 3.5087703448, 3.7881495538, 1.6299266788, 1.0728219113, 0.72852142346, 1.1366278178, 1.8958211181, 0.68322883184, 0.15685564783, 0.11758744837, 0, 0.64875404497, 0.67005939929, 0.22369836893, 0.44111657705, 18.5592693426, 2.6486294058, 4.5878233415, 0.22215021195]
    ],
    [
      [13.1979125748, 13.928417544, 2.1165295635, 5.2133776136, 5.8695546011, 8.6904867507, 5.5444954227, 7.377479176, 13.624799647, 2.6506764654, 6.375624169, 4.058496385, 8.7735230004, 45.7504815787, 57.9342207772, 38.4235307534, 11.9860711213, 4.7145881737, 11.8337920428, 8.489863764, 8.6795449301, 1.9539846535, 1.6914266883, 0, 4.6900374894, 8.9767070138, 9.7982372706, 0.82712568862, 123.9978884544, 25.5346490283, 48.9868626208, 8.5777831906],
      [0.034254489193, 0.033781283291, 0, 0.017138718472, 0.010328390963, 0.058298027825, 0.0067190937619, 0.033756626674, 0.040044996102, 0.0084542297327, 0.029056653691, 0.010771257935, 0.016816536749, 0.0021551599193, 0.13900291354, 0.12088615882, 0.011921998151, 0.019577474999, 0.032576113948, 0.04667359826, 0.044425900443, 0.011160271342, 0.0038953917196, 0, 0.01602619829, 0.019926374989, 0.0014960478971, 0.0078695213152, 0.36645723424, 0.046987431296, 0.14849540917, 0.025497865551],
      [8.7192597546, 8.5119865703, 0.52269209031, 5.1807646777, 2.9036537293, 6.116185254, 2.0420542405, 6.9218816459, 4.0185836082, 1.9195542471, 3.112653326, 2.1878011562, 2.1412339948, 31.3345496862, 43.4918620459, 35.6704582709, 7.6362139295, 5.4786382073, 7.3902841711, 6.976034045, 5.9261126501, 1.6616224179, 0.14860614938, 0, 3.3170406828, 7.8419563254, 4.0722296379, 0.20473687139, 104.42942622, 15.0951282513, 30.9767299847, 5.9198068459],
      [0.84614852625, 1.0868852009, 0.057446771041, 0.47176599041, 0.34209055493, 1.3844066647, 0.11793024891, 0.90743359429, 0.94794234247, 0.20721675401, 0.70474201547, 0.2765847586, 0.32011477159, 2.2892064679, 3.1852143396, 2.4778596459, 0.74610608283, 0.59329117186, 0.9501979108, 1.4988052428, 0.75552705061, 0.53222750236, 0.023102025922, 0, 0.41417965547, 0.76810259849, 0.23471594834, 0.1105910423, 9.0788258969, 1.7798169744, 3.3832968094, 0.99967374272],
      [2.2024246552, 3.4389294015, 0.30333157511, 1.1169529999, 1.8743727236, 5.7506233027, 0.28880099408, 2.7594489572, 1.3686294063, 1.2140983037, 1.7779238358, 0.46634644225, 1.7483116965, 7.6236071073, 10.2496999238, 6.307265171, 1.6196868683, 1.1939049722, 1.7931497614, 3.9886233499, 1.5943894687, 0.84100515488, 0.1329697447, 0, 1.5627159741, 1.3933076874, 0.89332109523, 0.84967687638, 26.1274021944, 4.5434183148, 10.5046151759, 2.4772383552]
    ],
    [
      [0.92937762681, 0.90079075366, 0, 0.42853877989, 0.67552479893, 0, 0, 0, 0.51109438358, 0.39482765724, 0.61759091245, 0.5105095726, 0.36822374532, 1.0185556209, 0.55216735736, 0.46769429173, 0.6127039108, 0, 1.0364689472, 0, 0.54226932091, 0, 0, 0, 0.14736403736, 0.40326841281, 0, 0.33308851129, 5.5202493694, 1.2430641898, 1.9753230372, 0.11658031937],
      [37.8715928945, 28.5106802135, 0, 29.5936080516, 12.4652325279, 34.0162000642, 24.3158443902, 35.1653746841, 39.2200354879, 7.173572841, 32.7109676754, 11.3236510237, 33.5453053427, 11.8761294646, 16.6682218185, 16.2895411806, 9.2707435894, 26.3518928031, 33.5999114326, 18.5806792806, 36.9850323045, 1.070463988, 0.1022451003, 0, 6.4208064492, 12.4667409353, 3.9903746389, 1.235255172, 261.9919946618, 36.8080186653, 96.2613649022, 3.0652406881],
      [0, 0, 0.060675775671, 0.0036973684441, 0, 1.4455007287, 1.658406608, 0.31980820801, 0.63436329517, 0.19678953206, 0.40294395711, 0.065134517251, 0.011589980166, 0.46323567494, 0.18198674613, 0.2261450615, 0, 0.27169947116, 0, 1.894476821, 0, 0.5930146602, 0, 0.13955644041, 0, 0, 1.2562931453, 0.1089836999, 0.31211193646, 0, 0, 0.088217264056],
      [634.2217500282, 617.7116174589, 15.0737688984, 548.7969255502, 279.6042232136, 551.1890378264, 263.3573668296, 642.5106072079, 627.1544593321, 123.4621868169, 532.3184146965, 197.5452252651, 430.601158601, 379.6688354012, 287.5311485894, 195.5470342335, 312.1765196283, 547.420352069, 662.4540330176, 422.5224731433, 423.2158220583, 42.3559097536, 11.0271927769, 18.0239569535, 118.6279892508, 317.2350036768, 157.5529445831, 13.4474179535, 4388.537765885, 912.8772229025, 1476.9402120308, 83.8753912404],
      [21.9772794505, 25.876911574, 1.8655553259, 17.1772302499, 17.2550194595, 27.3492613807, 8.6683821723, 26.0042099, 7.4800475013, 7.7726231528, 17.9500827586, 3.5554796213, 27.4737223309, 16.9732438383, 12.0664754886, 6.4695852326, 8.9400328716, 13.9560556567, 14.9095866025, 15.0023707551, 11.2568763162, 0.98061159819, 0.87056212282, 0.83648660609, 5.8038402626, 6.894986975, 8.2003876327, 0.87525466335, 167.6378781473, 31.0716942424, 60.8231000298, 2.8545704881]
    ],
    [
      [8.0908778304, 9.5611042216, 0.62045449671, 6.4343551244, 5.3902524409, 4.3804501362, 7.2802665785, 3.9384560167, 11.617920711, 0.25202968656, 5.762045695, 1.1147827817, 4.2462940537, 22.1129016183, 25.3006209179, 21.4721226796, 10.239836765, 2.8170210193, 5.3495893344, 5.3641447176, 3.2141121929, 0.60461031101, 1.0276952888, 0, 4.0181675424, 10.6733458718, 8.2516706796, 0.688565302, 75.1930864944, 11.5290437004, 24.5209387733, 2.5740934081],
      [0.082318417148, 0.07822158439, 0, 0.088870823922, 0.0371916747, 0.57655934921, 1.2876202089, 0.41749965429, 0.13614588155, 0.0031892136633, 0.10215847302, 0.012398629207, 0.030586649406, 0, 0.31797436024, 0, 0.059508259529, 0.49749486134, 0.056732035919, 1.0467742784, 0.041691997321, 0.24071465564, 0.35212880913, 0, 0.088610160659, 0.014760512853, 0.81878625294, 0.036338930825, 0.82362745588, 0.055183177061, 0.26446140491, 0.030890098537],
      [80.9380119668, 89.0347443868, 4.1061284515, 98.9021630753, 41.9938045884, 52.7704444247, 51.9002794826, 62.2680256783, 53.5247046958, 3.2466414196, 44.1578126296, 10.0520335398, 16.9337114148, 236.3494431568, 287.8653344892, 301.864067021, 100.763157298, 59.1213977642, 51.6748266489, 80.4449917104, 33.4072384728, 12.4020938268, 3.8427254189, 3.8175636548, 42.7642968387, 141.4810057294, 62.3860623229, 3.6337932216, 957.6225004922, 103.8601341589, 234.0657546969, 28.1828074969],
      [11.5084415805, 16.6614973944, 0.27341705182, 13.1814533702, 7.1776351185, 17.4102819904, 4.3925679405, 11.9189250572, 18.455250712, 0.46563657843, 14.5167313818, 1.7860876681, 3.5539607877, 25.4126130935, 31.1204007774, 30.7818012714, 14.5414316752, 9.3369296138, 9.7029887011, 25.2889311751, 6.1772874949, 5.6163383337, 0.66355389225, 2.0935520277, 7.7576405609, 20.5487660074, 5.2308736978, 2.4802029869, 122.8918376022, 17.9738730963, 37.6730852851, 6.9544973732],
      [0.3803502051, 0.66443241276, 0, 0.39315760613, 0.40111617749, 0.86226409948, 0.13926578944, 0.45709359351, 0.26597799967, 0.032503101729, 0.46125182056, 0.034697381218, 0.23544709434, 1.1250421314, 1.3956694553, 0.88200902799, 0.39606600233, 0.22715674135, 0.2158632796, 0.85515811855, 0.15966984209, 0.13624287285, 0.11389659096, 0.088884317506, 0.37128489739, 0.28212187855, 0.31260704673, 0.16109955864, 4.4689479553, 0.58176586737, 1.4757598397, 0.25771162329]
    ],
    [
      [4.3251703148, 4.0719049088, 1.4889908269, 3.5078297202, 2.842283313, 1.7280752797, 3.975528493, 3.2162549882, 5.9034333419, 0.99654919397, 2.0586960974, 2.2306401217, 3.4032973308, 9.702426615, 11.1242812274, 8.1054084129, 3.1782568445, 2.0284925537, 4.3033082615, 1.9776014502, 1.745816055, 0.15537527512, 0, 0, 1.2227508046, 3.530884091, 3.6184009625, 0.052416923256, 44.9841813199, 5.2136309919, 9.1408542468, 0.52991260074],
      [0.87977849736, 0.78706596198, 0, 0.90861117177, 0.40714587802, 0.91219010071, 0.48574156205, 1.1610301206, 1.3745887955, 0.26041787893, 0.74996948979, 0.48436754521, 0.53755592618, 0.83765579449, 1.895370922, 2.3010707693, 0.34803912068, 0.66873424702, 0.93712075397, 0.86694638775, 0.77225086456, 0.08360187252, 0, 0, 0.32003436706, 0.63953030478, 0.15551122023, 0.055543585586, 10.2296170777, 0.80244721748, 2.1624102489, 0.12961312546],
      [5.9238147502, 5.1533419359, 1.0954355571, 7.2204962708, 2.9698460557, 2.5279337379, 3.1268719396, 6.250968343, 3.6535276232, 1.5210261798, 2.0968767328, 2.5333575727, 1.7598264938, 13.7326180817, 17.2183407968, 15.5211447666, 4.2189741479, 4.8695692669, 5.5795268997, 3.4224722311, 2.4752910143, 0.3137775755, 0, 0.042879904832, 1.8168122757, 6.3863120353, 3.1996638658, 0.033833462587, 77.8704114667, 6.3687064842, 11.9066427544, 0.76780384554],
      [37.8537639532, 43.1902342002, 2.6726639164, 43.2644354637, 23.2004282377, 37.6500116064, 11.8090344734, 54.0088803318, 56.4375663582, 11.8469937003, 31.4723800124, 22.0104443098, 17.3552753045, 64.2794860523, 83.3622277279, 70.4342570257, 27.0480144814, 34.9944953754, 47.358018849, 48.1208525657, 21.0950867772, 7.2284762695, 0, 1.8824910188, 15.4721967345, 40.9348171401, 12.0770586583, 1.6644996037, 437.0440862129, 49.0440048938, 84.4074617143, 9.1311502683],
      [2.0174724844, 2.7974529931, 0.74290969962, 2.0986273735, 2.5802965155, 3.1817892753, 0.60282353205, 3.3628662163, 1.6308838812, 1.375013047, 1.6220776676, 0.74119045047, 1.9440449447, 4.4478134565, 5.3997793258, 3.6381190254, 1.2067154055, 1.438708557, 1.8220252358, 2.6121273653, 0.91155528892, 0.21876900734, 0, 0.074629076408, 1.1682058181, 1.5084564288, 0.94936529313, 0.19370642483, 25.8717039228, 2.5712104126, 5.3826310355, 0.44152015993]
    ],
    [
      [6.0556243215, 6.2289112555, 1.6820783051, 3.9717654812, 1.0546164792, 3.0813280406, 6.7609529893, 3.3077286587, 4.9876219853, 0.60464774357, 3.8917978307, 2.8987987013, 6.8217476814, 11.3796735939, 7.0295944124, 5.0399920782, 2.6027762455, 4.3014691839, 4.1161201689, 1.9756126542, 3.6418970557, 0.27099852039, 1.242371, 0, 0.83061588477, 4.2062506389, 5.2172320448, 0.052151171978, 50.9263902893, 9.753056258, 17.3203581406, 1.1655723525],
      [0.91647848766, 0.90010428931, 0, 0.76557971091, 0.11174458003, 1.2118632352, 0.61183530934, 0.88828112187, 0.85899974758, 0.1144676237, 1.0551874453, 0.4581209641, 0.79523003796, 0.77481776836, 0.89094440563, 1.0862855317, 0.21927228086, 1.0554897347, 0.66627725075, 0.64240311926, 1.2076474748, 0.10356996976, 0.039405410901, 0, 0.15925468411, 0.57421174274, 0.16873554559, 0.044702067964, 8.6762207003, 1.1270018033, 3.067305501, 0.21106314889],
      [0.0071438799129, 0.0067834882335, 0.017447591888, 0.0072442281159, 0.00095827196585, 0.0076777476751, 0.0082658177564, 0.0060633168234, 0.0032871799214, 0.00096079652389, 0.0042540933297, 0.0030715629823, 0.0031254597648, 0.018699196232, 0.010999199451, 0.010658368525, 0.0028992596412, 0.0097802323248, 0.0047058309103, 0.0062541792299, 0.004392760879, 0.005126600842, 0, 0, 0.00084150206856, 0.0064134178417, 0.010182739362, 0.00045859694068, 0.079382225536, 0.01045220874, 0.019718133879, 0.0021871047536],
      [12.983915279, 16.2121089534, 0.62456680919, 12.0107168729, 2.0932148422, 16.480613409, 4.8216258667, 13.6192643037, 11.6385461927, 1.7369233681, 14.5736180724, 6.9070961014, 8.4365186795, 18.5052863198, 12.9682357298, 10.7899691574, 5.410375273, 18.1776081998, 11.0901494465, 11.7298307544, 10.7517824564, 2.9537891901, 0.95323949597, 0, 2.5640889262, 11.9620565696, 4.183229107, 0.42354226336, 121.9832083474, 22.5262079728, 39.366547647, 4.8743682323],
      [5.0368380319, 7.6520920135, 1.6759072938, 4.2446937069, 1.7394658266, 10.2185175675, 1.7973200169, 6.1786625989, 2.5115448945, 1.5430004681, 5.4751425583, 1.7329126703, 6.9433781413, 9.3215231218, 6.1002262528, 4.0730948641, 1.764676941, 5.4556526493, 3.1227473029, 4.645899293, 3.3942802522, 0.66651571891, 0.76498409315, 0, 1.4451990028, 3.2510676309, 2.4206205633, 0.47914589975, 52.3347984374, 8.5832817571, 18.2260705775, 1.7468091615]
    ]
  ],
  "prob": [
    [0.016996443067, 0.58758886851, 0.018785553836, 0.30580873367, 0.070820400915],
    [0.49980633019, 0.001412019347, 0.35856854646, 0.036402870934, 0.10381023307],
    [0.0011838960373, 0.0523608279, 5.2330002381e-07, 0.91199163452, 0.034463118243],
    [0.073984725024, 0.00076582678556, 0.80081711871, 0.12012597246, 0.0043063570211],
    [0.077569179777, 0.016835303994, 0.11428477754, 0.74743855131, 0.04387218737],
    [0.21968590262, 0.035746972886, 0.0002890269456, 0.5222260362, 0.22205206135]
  ],
  "iterations": 161,
  "time": 0.021546,
  "message": "Converged",
  "status": 0,
  "miniter": 0,
  "maxiter": 1000,
  "maxtime": 3600,
  "param_threshold": 0.001,
  "ll_threshold": "-Inf",
  "initial_prob": "random",
  "adjust_prob_cond_method": "project_lp",
  "adjust_prob_cond_every": false,
  "candidates_id": ["STRICKSON-PUA, Muamua Sofi.c", "SAAFI, Etuate Lui (Edward).c", "TURNER-TUPOU, Fia Taemanu.c", "SIO, Sua William.c", "Other candidates votes.c"],
  "group_id": ["Conservative.p", "Green Party.p", "Labour Party.p", "National Party.p", "New Zealand First Party.p", "Other parties votes.p"]
}
