{
  "Z_true": {},
  "V_true": [
    [27, 186, 41, 173, 187, 13],
    [9, 505, 22, 27, 112, 5],
    [563, 19, 45, 20, 66, 10],
    [26, 8, 42, 64, 615, 11],
    [21, 79, 114, 252, 312, 27],
    [39, 69, 359, 3906, 342, 46],
    [30, 62, 592, 77, 7427, 29],
    [352, 180, 465, 410, 963, 365]
  ],
  "p_true": [
    [0.0431, 0.2967, 0.0654, 0.2759, 0.2982, 0.0207],
    [0.0132, 0.7426, 0.0324, 0.0397, 0.1647, 0.0074],
    [0.7787, 0.0263, 0.0622, 0.0277, 0.0913, 0.0138],
    [0.0339, 0.0104, 0.0548, 0.0836, 0.8029, 0.0144],
    [0.0261, 0.0981, 0.1416, 0.313, 0.3876, 0.0335],
    [0.0082, 0.0145, 0.0754, 0.8204, 0.0718, 0.0097],
    [0.0037, 0.0075, 0.072, 0.0094, 0.9039, 0.0035],
    [0.1287, 0.0658, 0.17, 0.1499, 0.3521, 0.1335]
  ],
  "Z_est": [
    [
      [0.0374, 0.0962, 0.0158, 0.1594, 0.163, 0.1026, 0.016, 0.3007, 0.0221, 0.0633, 0.0598, 0.0494, 0.2066, 0.0569, 0.1853, 0.2357, 0.0094, 0.0343, 0.2323, 0.0335, 0.01, 0.015, 0.2125, 0.4043, 0.366, 0.0574, 0.1456, 0.0551, 0.2032, 0.2171, 0.1361, 0.0566, 0.022, 0.0477, 0.0322, 0.0976, 0.0339, 0.0217, 0.038, 0.0677, 0.0765, 0.073, 0.1115, 0.181, 0.0341, 0.0187, 0.0618, 0.0327, 0.0402, 0.064, 0.5016],
      [6.7462, 5.0593, 2.5846, 10.1783, 8.3497, 9.9651, 4.6027, 5.4581, 5.4747, 4.7325, 3.585, 4.8713, 3.2986, 5.3937, 14.0733, 16.0938, 1.4273, 4.5854, 6.9394, 4.5772, 2.4633, 2.9132, 17.1398, 21.0531, 36.6856, 16.0348, 6.9813, 6.3773, 28.723, 32.25, 24.9614, 7.2979, 3.3654, 3.2132, 3.17, 6.4277, 4.1689, 3.3015, 2.232, 3.6219, 5.5458, 6.5178, 6.4216, 5.2327, 2.7355, 4.5703, 4.385, 2.949, 3.7211, 3.248, 48.2894],
      [0.0041, 0.0283, 0.0036, 0.0111, 0.0126, 0.0091, 0.0018, 0.0612, 0.0029, 0.0483, 0.0212, 0.0034, 0.0207, 0.006, 0.0218, 0.0277, 0.0008, 0.005, 0.0234, 0.0106, 0.0025, 0.0039, 0.036, 0.0358, 0.0397, 0.0143, 0.0233, 0.0054, 0.0334, 0.0391, 0.0122, 0.0074, 0.0018, 0.0091, 0.0035, 0.0067, 0.0069, 0.0034, 0.0045, 0.0117, 0.001, 0.0292, 0.1534, 0.0262, 0.002, 0.002, 0.0069, 0.0025, 0.0028, 0.0044, 0.0555],
      [1.1776, 2.7198, 0.3792, 4.5531, 6.2966, 3.8257, 0.3627, 5.0217, 0.4745, 2.9177, 2.1625, 1.0572, 3.2857, 2.4711, 3.6296, 4.4389, 0.4942, 1.2515, 4.5765, 2.3372, 0.5087, 1.0501, 7.4873, 7.3589, 10.7529, 2.7975, 5.7551, 1.5156, 10.7602, 7.2825, 9.617, 1.6204, 0.6013, 1.6119, 0.6314, 1.4383, 1.4022, 0.642, 1.7114, 2.2492, 1.2204, 1.3621, 2.2443, 3.4068, 1.2085, 0.3969, 2.4063, 0.992, 1.1965, 1.6554, 14.6476],
      [0.0002, 0.0015, 0.0003, 0.003, 0.0032, 0.0023, 0.0001, 0.004, 0.0003, 0.1649, 0.1222, 0.0005, 0.0944, 0.0009, 0.0232, 0.0587, 0.0014, 0.0556, 0.014, 0.001, 0.0002, 0.0003, 0.0274, 0.0039, 0.0036, 0.0565, 0.0009, 0.0095, 0, 0, 0.0036, 0.0031, 0.0023, 0.0969, 0.1335, 0.0013, 0.3372, 0.0002, 0.0008, 0.0006, 0.1322, 0.0013, 0.0005, 0.1104, 0.0001, 0.0001, 0.1038, 0.0004, 0.0005, 0.0007, 0.1855],
      [0.0347, 0.0949, 0.0165, 0.0951, 0.1749, 0.0952, 0.0167, 0.1542, 0.0255, 0.0734, 0.0493, 0.0184, 0.0941, 0.0715, 0.0668, 0.1452, 0.0668, 0.0683, 0.2144, 0.0405, 0.0153, 0.0175, 0.097, 0.1439, 0.1522, 0.0395, 0.0939, 0.037, 0.2802, 0.2113, 0.2698, 0.0145, 0.0073, 0.0212, 0.0294, 0.0285, 0.0508, 0.0312, 0.0132, 0.0489, 0.0241, 0.0166, 0.0686, 0.043, 0.0198, 0.012, 0.0362, 0.0234, 0.0389, 0.0275, 0.3204]
    ],
    [
      [0.0622, 0.8427, 0.4329, 1.0755, 0.984, 0.7511, 0.1533, 3.3643, 0.4926, 0.1562, 0.2254, 0.0939, 0.7826, 0.7202, 0.9705, 0.5625, 0.0853, 0.1227, 0.7461, 0.1295, 0.0265, 0.0464, 1.2317, 2.2058, 2.2436, 0.4111, 0.5795, 0.3205, 1.216, 1.0251, 0.7191, 0.243, 0.0114, 0.3881, 0.2167, 0.258, 0.3083, 0.2483, 0.1414, 0.9292, 0.4317, 0.5365, 1.0165, 1.4932, 0.1983, 0.1406, 0.3849, 0.2741, 0.0532, 0.3208, 2.9949],
      [5.5237, 8.803, 9.0826, 13.6091, 9.1467, 13.593, 6.4042, 11.7641, 17.1401, 2.6141, 2.5922, 4.5386, 2.3783, 12.8234, 13.6239, 7.3347, 2.9184, 3.2456, 4.0558, 3.7053, 0.8985, 1.7406, 18.7439, 21.2174, 42.0384, 21.0665, 5.0985, 7.3152, 27.0307, 28.8482, 21.767, 6.0805, 0.927, 4.8342, 4.0208, 4.3859, 5.9022, 6.3486, 1.4674, 9.7415, 5.618, 13.3924, 11.858, 8.4233, 2.95, 5.5551, 5.4331, 4.4824, 2.6497, 2.9115, 56.4407],
      [0.0108, 0.3843, 0.2172, 0.1814, 0.2084, 0.1672, 0.0342, 1.1031, 0.1606, 0.1992, 0.123, 0.0101, 0.1408, 0.2205, 0.1476, 0.1045, 0.0214, 0.0375, 0.1528, 0.0848, 0.0029, 0.0062, 0.5238, 0.4838, 0.5845, 0.1366, 0.2674, 0.2018, 0.4805, 0.3476, 0.3019, 0.0787, 0.0046, 0.1109, 0.0654, 0.0117, 0.1042, 0.1157, 0.0383, 0.2753, 0.0317, 0.0418, 0.3363, 0.3826, 0.0402, 0.0245, 0.0924, 0.0662, 0.0065, 0.0633, 0.718],
      [0.3532, 2.6798, 2.1381, 3.6485, 4.3291, 3.0046, 0.3687, 5.1257, 2.0383, 0.9436, 0.9625, 0.3147, 1.4756, 3.9195, 2.1399, 0.8952, 0.7901, 0.5119, 1.6769, 1.0056, 0.0587, 0.1837, 5.0843, 4.7743, 7.6611, 2.2338, 2.8341, 1.0676, 6.767, 4.1733, 5.8203, 0.5602, 0.0499, 1.4582, 0.6256, 0.3065, 1.4937, 1.1144, 0.3227, 2.7432, 0.8061, 1.9415, 2.5576, 3.3312, 0.7716, 0.2471, 1.8124, 1.0972, 0.2629, 0.644, 10.5659],
      [0.0209, 0.1208, 0.0728, 0.3534, 0.1315, 0.3494, 0.0173, 0.3044, 0.0931, 0.0441, 0.0598, 0.0248, 0.1531, 0.1415, 0.0515, 0.0351, 0.0423, 0.0314, 0.235, 0.0408, 0.0059, 0.0121, 0.3049, 0.1697, 0.2903, 0.0976, 0.1499, 0.0508, 0.2407, 0.4049, 0.1531, 0.0242, 0.0037, 0.175, 0.0339, 0.0184, 0.1177, 0.1129, 0.0206, 0.1773, 0.0871, 0.051, 0.1004, 0.2969, 0.019, 0.0181, 0.2301, 0.0446, 0.0195, 0.0349, 0.89],
      [0.0291, 0.1695, 0.0564, 0.1321, 0.2003, 0.1348, 0.0223, 0.3383, 0.0753, 0.0428, 0.0371, 0.0178, 0.0695, 0.1749, 0.0665, 0.0681, 0.1425, 0.051, 0.1333, 0.0339, 0.0076, 0.0109, 0.1115, 0.149, 0.1821, 0.0544, 0.0707, 0.0442, 0.2651, 0.2009, 0.2386, 0.0134, 0.0034, 0.0336, 0.0377, 0.0195, 0.0739, 0.0602, 0.0096, 0.1335, 0.0255, 0.0367, 0.1313, 0.0727, 0.0207, 0.0146, 0.0471, 0.0355, 0.0083, 0.0255, 0.3905]
    ],
    [
      [13.3778, 10.8132, 7.9241, 24.6806, 12.3692, 15.3825, 3.7239, 15.8277, 15.2599, 14.4493, 3.8653, 23.0234, 19.8182, 13.8012, 13.2224, 13.6553, 0.7098, 1.5855, 11.9288, 2.0309, 1.2352, 0.7456, 15.9094, 19.6426, 20.4482, 9.8435, 4.7259, 4.3636, 13.9921, 8.2612, 11.8936, 10.644, 6.3991, 4.7457, 7.0569, 11.4301, 9.151, 7.2556, 10.9918, 3.1887, 9.5434, 0.9063, 4.5833, 12.8244, 0.8614, 6.5887, 4.6077, 4.0618, 12.0217, 11.6757, 81.6653],
      [1.7195, 0.4536, 0.6723, 1.347, 0.4889, 1.1438, 0.6648, 0.2409, 2.2257, 0.954, 0.1706, 1.7189, 0.1081, 1.0353, 0.7717, 0.748, 0.0772, 0.1477, 0.2754, 0.2301, 0.1814, 0.1022, 1.0628, 0.8213, 1.7337, 2.0699, 0.1683, 0.3965, 1.3451, 1.0134, 1.503, 1.0723, 0.9385, 0.2205, 0.4702, 0.556, 0.6849, 0.7172, 0.4692, 0.1282, 0.4634, 0.044, 0.0964, 0.3037, 0.0783, 1.0322, 0.255, 0.2563, 0.8396, 0.4363, 7.1649],
      [1.2929, 1.4852, 1.2874, 1.2986, 0.7908, 1.0644, 0.3723, 1.6428, 1.4226, 5.5238, 0.6162, 1.4062, 1.0132, 1.2518, 0.5681, 0.7969, 0.0562, 0.1392, 0.7266, 0.3808, 0.2818, 0.0812, 2.0764, 1.2636, 1.5984, 0.9096, 0.6125, 0.9583, 1.5427, 0.8185, 1.4201, 1.3361, 1.2457, 0.3953, 0.6109, 0.5726, 0.8982, 0.9409, 0.8617, 0.2714, 0.2347, 0.0159, 0.1659, 0.9725, 0.0231, 0.5697, 0.3398, 0.2877, 0.8073, 0.7143, 6.0904],
      [1.0247, 0.3225, 0.4943, 0.5823, 0.394, 0.4222, 0.0807, 0.8125, 0.3982, 0.436, 0.0997, 0.79, 0.258, 0.5042, 0.1697, 0.2244, 0.0567, 0.0215, 0.1881, 0.1617, 0.1817, 0.0172, 0.4894, 0.4783, 0.9159, 0.3689, 0.1284, 0.0752, 0.5499, 0.2021, 1.0485, 0.4507, 0.1626, 0.1291, 0.1523, 0.1465, 0.3075, 0.2361, 0.7036, 0.2149, 0.1312, 0.0108, 0.0358, 0.1824, 0.0125, 0.5023, 0.1449, 0.0914, 0.7473, 0.2566, 2.0328],
      [0.5825, 0.9221, 0.6209, 2.0849, 0.9546, 1.9809, 0.1582, 0.4729, 1.6907, 1.6262, 0.2476, 1.06, 0.7961, 1.4047, 0.2639, 0.5736, 0.1002, 0.1061, 0.8794, 0.1962, 0.1196, 0.0538, 1.4607, 0.7923, 1.3022, 0.8066, 0.3642, 0.2056, 1.5637, 0.7039, 1.129, 0.4963, 0.2538, 0.5089, 0.7075, 0.2934, 0.9555, 0.8477, 0.9731, 0.1965, 0.6265, 0.0229, 0.1185, 0.7165, 0.0247, 0.3064, 0.6523, 0.3022, 0.5608, 0.9164, 7.035],
      [0.0026, 0.0034, 0.001, 0.0066, 0.0024, 0.0061, 0.0001, 0.0033, 0.003, 0.0106, 0.0006, 0.0014, 0.0064, 0.0029, 0.0043, 0.0018, 0, 0, 0.0017, 0.0003, 0.0003, 5.9111e-06, 0.0013, 0.0018, 0.0015, 0.0015, 0.0007, 0.0008, 0.0065, 0.0009, 0.0057, 0.0005, 0.0003, 0.0004, 0.0022, 0.0014, 0.0027, 0.0025, 0.0005, 0.0005, 0.0007, 3.0871e-06, 0.0001, 0.0005, 5.7038e-06, 0.0006, 0.0005, 0.0004, 0.0234, 0.0008, 0.0115]
    ],
    [
      [0.1368, 0.002, 0.0041, 0.0094, 0.0011, 0.0004, 0.0022, 0.0059, 0.0007, 0.0061, 0.003, 0.0096, 0, 0.0036, 0.0061, 0.0005, 0.0004, 0.0007, 0.0078, 0.0007, 0.0005, 0.0003, 0.0049, 0.0067, 0.0082, 0.001, 0.0049, 0.0137, 0.0002, 0.0013, 0.0013, 0.0088, 0.0438, 0.0002, 0.0037, 0, 0.0011, 0.0001, 0.0039, 0.0016, 0.0003, 0.2479, 0.09, 0.0061, 0.5297, 0.0042, 0.0015, 0.0043, 0.0468, 0.0075, 0.0177],
      [0.1903, 8.461e-07, 0.001, 0.0025, 0.0001, 0, 0.171, 0.0006, 0, 0.0008, 0.0002, 0.0018, 0, 0.0011, 0.0032, 0.0001, 0.0002, 0, 0.0004, 0.0002, 0.2521, 0.0359, 0.0006, 0.0057, 0.0111, 0.0002, 0.002, 0.003, 0, 0.0002, 0.0074, 0.003, 0.0949, 0, 0.0015, 0, 0.0002, 0.0006, 0.0001, 0.0006, 0, 0.0059, 0.0773, 0.0004, 0.0002, 0.001, 0, 0.0005, 0.0007, 0.0002, 0.0017],
      [8.4577, 5.9572, 13.5146, 5.3131, 2.7676, 1.5354, 5.765, 13.8549, 4.0411, 8.7776, 7.4389, 8.4551, 4.8529, 5.4552, 5.7331, 4.3981, 1.6241, 4.7542, 6.2834, 5.6842, 5.7375, 3.2067, 15.3035, 7.8775, 9.254, 2.284, 6.383, 15.1444, 2.1176, 4.0021, 2.7333, 9.0876, 4.7431, 1.0812, 9.7593, 4.108, 10.3707, 8.5388, 4.9436, 2.6126, 0.552, 2.142, 10.4714, 9.8032, 3.2256, 5.6562, 2.7312, 5.4559, 5.3677, 15.0964, 25.4772],
      [0.0749, 0.0217, 0.0588, 0.1131, 0.1316, 0.159, 0.789, 0.148, 0.433, 0.0749, 0.0505, 0.0738, 0.0167, 0.0814, 0.0917, 0.0991, 0.0491, 0.0234, 0.0615, 0.0597, 0.0263, 0.2045, 0.0483, 0.0788, 0.1056, 0.0153, 0.1396, 0.0688, 0.6284, 0.0906, 0.0711, 0.0864, 0.0099, 0.1378, 0.0254, 0.2102, 0.0409, 0.2157, 0.0706, 0.0906, 0.003, 0.1023, 0.0724, 0.0736, 0.1655, 0.2029, 0.027, 0.2118, 0.0739, 0.1463, 0.2149],
      [10.0665, 4.9722, 11.3622, 11.4941, 4.0525, 3.2855, 6.2258, 10.9151, 6.4897, 5.1071, 5.467, 13.4048, 5.0854, 8.3774, 4.1192, 3.4559, 7.1614, 10.1155, 10.5452, 8.2127, 6.9475, 3.5346, 13.5869, 7.9859, 13.5645, 2.6827, 5.4379, 6.7144, 2.2328, 4.8623, 4.1481, 5.794, 2.1013, 0.776, 12.1161, 3.6565, 12.4632, 9.1619, 9.9609, 5.271, 1.4386, 4.4779, 10.1985, 11.0832, 4.0488, 8.0985, 7.2158, 10.2746, 10.4366, 22.6551, 42.0348],
      [0.0737, 0.0469, 0.0592, 0.0679, 0.0471, 0.0197, 0.047, 0.0756, 0.0355, 0.0337, 0.0403, 0.0548, 0.045, 0.0812, 0.0467, 0.0463, 0.1648, 0.1062, 0.1016, 0.0426, 0.0361, 0.018, 0.0558, 0.0454, 0.0567, 0.0167, 0.0326, 0.0556, 0.021, 0.0435, 0.0387, 0.0201, 0.007, 0.0048, 0.094, 0.0252, 0.1239, 0.083, 0.021, 0.0236, 0.0061, 0.024, 0.0903, 0.0335, 0.03, 0.0373, 0.0245, 0.0529, 0.0743, 0.0946, 0.2536]
    ],
    [
      [0.0904, 0.0179, 0.0362, 0.0344, 0.0594, 0.0122, 0.0539, 0.1134, 0.1075, 0.0252, 0.0683, 0.0814, 0.1804, 0.0502, 0.167, 0.1283, 0.0154, 0.0405, 0.1655, 0.0433, 0.0195, 0.0216, 0.1321, 0.1268, 0.123, 0.0346, 0.0701, 0.0575, 0.061, 0.1193, 0.0396, 0.0557, 0.0562, 0.0098, 0.0467, 0.1589, 0.0354, 0.0186, 0.0745, 0.0417, 0.083, 0.038, 0.1042, 0.1336, 0.0514, 0.0407, 0.0377, 0.048, 0.0751, 0.1202, 0.3664],
      [0.5802, 0.0505, 0.1592, 0.1322, 0.1158, 0.0515, 0.4944, 0.0886, 0.8128, 0.0769, 0.1562, 0.2895, 0.0246, 0.1909, 0.5513, 0.3553, 0.0936, 0.2025, 0.1988, 0.2837, 0.1655, 0.1686, 0.4585, 0.2681, 0.5193, 0.3711, 0.1275, 0.2474, 0.3368, 0.6981, 0.2875, 0.2741, 0.2682, 0.0325, 0.1584, 0.412, 0.1368, 0.1118, 0.1706, 0.0891, 0.2072, 0.2191, 0.2447, 0.1584, 0.1467, 0.3275, 0.1064, 0.1555, 0.2501, 0.2259, 1.5382],
      [2.3848, 1.0434, 1.7224, 0.7987, 1.0215, 0.4293, 1.5125, 3.3384, 2.9977, 2.5853, 3.2232, 1.3159, 1.7913, 1.2998, 2.2781, 2.1046, 0.39, 1.0991, 2.9798, 2.6767, 1.4023, 1.433, 5.4201, 2.2418, 2.5564, 0.9009, 2.5668, 3.4457, 1.7117, 3.5717, 1.3374, 1.9226, 3.0681, 0.4103, 1.1544, 2.2006, 1.015, 0.8714, 1.7423, 0.996, 0.601, 0.4006, 2.3406, 2.8151, 0.8258, 1.0133, 0.793, 0.9788, 1.3658, 2.03, 7.3599],
      [15.8601, 3.23, 6.9727, 7.0898, 10.7046, 2.9793, 12.0531, 9.0851, 19.0517, 5.9154, 12.5228, 8.5212, 9.8352, 11.2359, 17.0207, 11.7941, 5.7045, 7.7479, 16.5216, 18.1169, 5.7209, 8.735, 25.9598, 11.2414, 17.5566, 7.6461, 13.2315, 7.5921, 13.3556, 21.3306, 12.9422, 7.7059, 7.2382, 2.2837, 5.8502, 12.0847, 7.2452, 4.2822, 16.7718, 6.0116, 6.3882, 6.5649, 10.6863, 12.3766, 9.7111, 6.3424, 7.4043, 8.097, 11.5118, 15.5807, 53.4982],
      [1.909, 0.1971, 0.6761, 0.3852, 1.0487, 0.2126, 1.193, 1.3677, 2.5413, 0.8716, 1.0469, 1.2935, 1.2222, 1.1262, 0.9529, 1.2267, 1.2044, 1.3529, 2.3523, 1.7627, 1.2031, 1.1679, 1.7712, 1.3899, 2.3301, 0.6648, 1.2774, 1.0189, 1.5478, 2.0645, 1.3152, 0.7467, 1.0526, 0.1351, 1.1267, 1.3557, 0.8178, 0.2321, 1.7375, 1.3541, 1.3006, 0.5151, 1.4871, 1.9098, 0.8146, 0.8938, 1.2445, 1.1813, 1.7277, 2.2339, 7.0955],
      [1.1755, 0.461, 0.4333, 0.5597, 1.0501, 0.315, 0.6931, 1.0067, 1.4892, 0.5255, 0.9826, 0.4985, 0.9463, 1.0969, 1.03, 1.3911, 2.5922, 1.557, 2.7819, 1.1167, 0.4887, 0.4739, 1.2584, 0.7321, 0.9146, 0.3824, 0.7267, 0.6384, 0.9871, 2.216, 1.0782, 0.2949, 0.3166, 0.1286, 0.6636, 0.7881, 0.75, 0.4838, 0.5033, 0.5075, 0.42, 0.2621, 1.1371, 0.6066, 0.4504, 0.3824, 0.4141, 0.5394, 1.0694, 0.8094, 4.1418]
    ],
    [
      [0.9915, 0.7831, 0.5521, 1.4394, 0.6962, 0.7514, 0.8725, 2.055, 0.9078, 0.4633, 0.4444, 0.9527, 1.2722, 0.6855, 1.0469, 1.5168, 0.1248, 0.2906, 1.3806, 0.2077, 0.1287, 0.1319, 0.8244, 1.506, 1.318, 0.4967, 0.7334, 0.684, 0.5344, 0.8506, 0.3303, 0.8124, 0.6001, 0.5402, 0.6643, 1.2477, 0.5129, 0.5877, 0.5919, 0.4581, 1.0181, 0.6123, 1.0758, 1.6421, 0.7158, 0.581, 0.5074, 0.6788, 0.8391, 1.1527, 3.494],
      [1.8481, 0.3958, 0.7559, 1.2133, 0.4307, 0.9057, 1.9545, 0.2242, 2.0752, 0.4101, 0.2672, 1.1195, 0.1146, 0.8422, 1.6676, 1.4637, 0.3224, 0.4804, 0.2019, 0.6028, 0.6011, 0.5807, 0.8648, 1.0875, 1.7632, 1.7061, 0.3962, 0.8959, 1.0583, 1.7697, 1.0277, 1.2256, 0.874, 0.3937, 0.7312, 1.2307, 0.6449, 1.0225, 0.396, 0.2126, 0.8419, 1.0727, 0.8021, 0.5197, 0.6522, 1.3884, 0.4626, 0.6914, 0.8908, 0.675, 4.7263],
      [6.8498, 7.3319, 6.7742, 5.275, 3.1109, 3.8568, 5.7884, 14.4517, 6.4404, 10.5369, 5.0631, 4.3248, 5.1109, 4.7919, 5.9083, 7.4327, 0.9352, 2.1514, 5.3778, 4.7796, 4.2322, 4.1381, 7.7407, 7.8789, 7.5639, 3.5589, 6.6359, 9.2633, 4.8392, 6.4187, 4.1711, 6.8445, 7.6053, 3.4135, 4.5045, 5.5947, 4.0601, 6.3981, 3.4051, 2.7004, 1.7896, 1.4135, 6.6687, 9.7399, 3.0124, 3.8447, 2.8189, 3.603, 4.0775, 5.2623, 19.0238],
      [93.1812, 51.8498, 56.9985, 107.958, 67.9921, 69.7027, 93.9767, 82.5835, 84.6031, 54.9961, 40.9912, 57.3323, 57.2824, 85.8195, 88.0387, 84.8129, 34.8373, 31.5939, 61.413, 66.0142, 35.2325, 50.9187, 76.3231, 80.7105, 105.9379, 61.0842, 70.7406, 46.393, 76.1109, 78.6274, 83.4361, 59.0028, 39.9967, 44.7856, 46.4429, 62.3106, 59.0256, 65.3352, 69.0128, 33.4201, 44.0486, 55.7363, 62.5828, 86.8597, 74.0976, 48.9832, 56.1826, 62.3247, 71.899, 82.718, 285.5722],
      [18.1889, 13.7051, 12.4538, 25.9413, 10.9402, 21.8539, 15.658, 25.4135, 24.0665, 14.8475, 7.7868, 14.8573, 11.4385, 15.7772, 8.4558, 14.5139, 11.8054, 10.6983, 19.344, 14.8335, 11.3837, 10.8585, 15.8335, 17.1143, 23.7654, 8.7399, 11.9299, 10.1741, 14.6124, 17.2586, 14.0293, 9.9423, 9.7853, 11.5955, 13.9126, 12.0519, 11.9292, 15.6403, 15.5011, 11.8178, 13.9144, 7.8675, 13.9645, 22.8279, 10.0408, 11.8243, 16.6278, 15.1294, 17.3753, 19.6716, 66.2352],
      [0.9405, 0.9342, 0.4655, 1.1729, 0.8299, 0.9295, 0.7499, 1.272, 0.9071, 0.746, 0.4474, 0.4134, 0.7815, 1.0836, 0.8826, 1.2599, 0.9749, 0.7854, 1.2827, 0.5621, 0.4217, 0.3721, 0.4136, 0.7028, 0.6516, 0.4142, 0.564, 0.5898, 0.8448, 1.0751, 1.0055, 0.1724, 0.1385, 0.2715, 0.7446, 0.5644, 0.8272, 1.0163, 0.0931, 0.391, 0.3873, 0.2977, 0.9061, 0.4107, 0.4811, 0.3784, 0.4006, 0.5728, 0.9183, 0.5203, 2.9486]
    ],
    [
      [3.3532, 1.8326, 2.01, 2.7683, 2.1468, 1.2422, 1.9973, 4.3307, 1.5741, 0.9565, 2.1498, 2.988, 3.4521, 1.8484, 3.8448, 3.7797, 0.1797, 0.7565, 2.9826, 0.4905, 0.2033, 0.2986, 2.1884, 3.786, 3.1434, 1.0871, 0.9624, 1.9503, 0.6881, 1.3973, 0.6495, 1.9756, 1.4917, 1.1472, 1.2577, 3.3267, 1.2786, 0.9725, 1.3531, 1.0382, 1.6471, 1.6954, 3.3245, 3.7185, 2.7846, 2.0426, 1.3742, 1.7874, 2.7686, 3.4311, 12.2939],
      [0.0451, 0.0098, 0.0917, 0.0401, 0.065, 0.0275, 0.0377, 0.0081, 0.0342, 0.0204, 0.0118, 0.1448, 0.0053, 0.0451, 0.0963, 0.0732, 0.006, 0.0155, 0.0081, 0.0624, 0.0968, 0.0748, 0.0619, 0.0355, 0.0609, 0.1069, 0.0133, 0.1243, 0.0299, 0.1557, 0.0226, 0.0921, 0.1716, 0.0102, 0.056, 0.1142, 0.032, 0.0448, 0.0135, 0.0036, 0.078, 0.0516, 0.0198, 0.0099, 0.1002, 0.0329, 0.0147, 0.0605, 0.1258, 0.0357, 0.2673],
      [14.0943, 10.7098, 13.7965, 5.6127, 5.5443, 3.4259, 9.2724, 19.2781, 6.4668, 10.9928, 14.1078, 7.8728, 9.5078, 7.4417, 8.7659, 10.5176, 0.6644, 3.1646, 8.0542, 8.7753, 5.1639, 5.1778, 11.8348, 11.6367, 10.4943, 4.5958, 5.4103, 13.1233, 3.5913, 6.1378, 4.0724, 9.7525, 9.6593, 4.1919, 4.917, 8.6673, 5.8709, 6.1037, 4.5365, 3.9331, 1.2871, 2.293, 12.0956, 12.666, 6.815, 7.6223, 3.8381, 5.2338, 7.3149, 8.8454, 37.6471],
      [5.9109, 2.5509, 3.8803, 3.9941, 3.8736, 2.4549, 4.7855, 4.2204, 2.7588, 2.9783, 3.9231, 3.3715, 3.2943, 4.195, 4.53, 3.9344, 2.6621, 1.7868, 3.0465, 3.8022, 1.3143, 1.9388, 3.9091, 3.7737, 4.5778, 2.4294, 1.6658, 3.3372, 1.831, 2.5462, 2.5887, 2.91, 2.4869, 1.8141, 1.644, 3.1084, 2.7897, 1.9589, 3.1141, 1.5992, 1.5616, 3.041, 3.5506, 3.6699, 5.4876, 2.9617, 3.0396, 2.9218, 4.2816, 4.7423, 18.4319],
      [230.6491, 126.7275, 163.7455, 180.5861, 123.0933, 131.4506, 152.1054, 220.3268, 150.7704, 106.6729, 146.7324, 167.5417, 134.4992, 154.9056, 83.0198, 128.9874, 113.1098, 105.5749, 180.2089, 166.2836, 86.4132, 84.8107, 148.061, 156.1976, 204.3848, 72.983, 62.2877, 99.9753, 66.9667, 102.205, 84.2494, 88.8391, 82.9401, 87.3476, 94.8682, 114.4662, 108.2223, 93.4642, 129.8082, 109.4711, 82.8881, 82.1745, 160.4749, 190.2566, 142.1614, 146.2278, 164.8095, 142.6662, 203.8041, 207.6786, 852.2721],
      [2.9473, 2.1695, 1.476, 1.9988, 2.277, 1.3989, 1.8016, 2.8358, 1.3957, 1.3792, 2.075, 1.0812, 2.2413, 2.5642, 1.7433, 2.7078, 1.378, 1.7017, 2.6995, 1.5861, 0.8084, 0.6994, 0.9448, 1.5705, 1.3388, 0.7978, 0.6605, 1.4896, 0.8931, 1.5579, 1.4174, 0.4306, 0.2504, 0.489, 1.2571, 1.3172, 1.8065, 1.4559, 0.1747, 0.9548, 0.5381, 0.7445, 2.5346, 0.6791, 1.6512, 1.1127, 0.9238, 1.3304, 2.705, 1.2669, 9.0876]
    ],
    [
      [6.9506, 3.6121, 5.0249, 5.8331, 6.5803, 2.7576, 6.1809, 10.0022, 5.6353, 1.8801, 3.1839, 11.8015, 9.2879, 5.8341, 13.557, 11.1212, 0.8753, 2.1692, 10.5562, 3.0638, 1.3762, 1.7406, 6.4966, 8.3218, 9.3496, 2.0687, 3.7782, 4.5553, 3.3051, 7.1281, 2.2306, 6.2039, 2.3757, 4.1211, 3.7218, 11.481, 3.6787, 2.8955, 3.8054, 3.2748, 3.2, 3.8905, 6.6942, 10.0012, 3.8247, 4.5834, 4.0248, 4.113, 5.1553, 8.2281, 27.666],
      [1.3469, 0.2281, 0.6527, 0.4776, 0.4031, 0.3134, 1.6706, 0.2153, 1.2373, 0.1913, 0.2168, 1.3157, 0.0706, 0.6682, 1.2128, 0.9312, 0.155, 0.323, 0.3201, 0.5381, 0.3412, 0.3841, 0.6677, 0.5113, 1.1879, 0.6444, 0.2131, 0.6404, 0.4762, 1.2647, 0.4235, 0.9544, 0.3605, 0.2957, 0.392, 0.8736, 0.4301, 0.4531, 0.2512, 0.2024, 0.2456, 0.6964, 0.4801, 0.3519, 0.3369, 1.0927, 0.3432, 0.4044, 0.5221, 0.4674, 3.5716],
      [11.9056, 9.06, 14.6841, 5.5095, 7.5439, 3.512, 11.2534, 18.2698, 9.4681, 13.3361, 9.4065, 12.6117, 8.5624, 9.5331, 10.5771, 11.6178, 1.308, 3.6489, 11.402, 10.608, 6.1767, 6.9532, 15.0647, 9.5819, 12.9089, 3.5998, 9.1008, 17.8578, 6.6836, 12.6644, 4.9515, 13.9704, 8.6721, 6.3878, 5.985, 9.8383, 6.674, 7.0281, 5.468, 5.1996, 1.5028, 2.6639, 9.7681, 13.5944, 4.0557, 7.2674, 5.3796, 5.3721, 6.0576, 8.9838, 35.6281],
      [9.4174, 3.6254, 7.0779, 6.0611, 9.2784, 3.4515, 10.5836, 6.003, 7.2425, 3.738, 4.2878, 9.5393, 5.5522, 9.7734, 9.3796, 7.8012, 2.406, 3.0631, 7.5158, 8.5026, 2.9571, 4.952, 8.6988, 5.584, 10.4922, 3.4247, 5.5049, 4.9505, 5.997, 8.7475, 5.476, 6.6636, 2.4544, 4.7796, 3.6281, 6.3947, 5.6952, 4.2155, 6.2931, 3.6713, 1.841, 5.2411, 5.2702, 7.0998, 5.5456, 5.3634, 5.9829, 5.264, 6.027, 8.2567, 31.0364],
      [31.5828, 16.3537, 27.0684, 25.152, 25.776, 18.8649, 29.6422, 31.1956, 35.348, 16.6657, 14.5373, 41.8174, 19.7111, 31.2664, 16.1136, 23.1488, 13.5751, 18.0653, 40.4211, 32.6696, 16.9269, 18.562, 29.9544, 20.3464, 40.359, 8.969, 16.5521, 17.8514, 19.836, 33.5009, 15.9723, 19.1542, 9.8609, 21.365, 19.1015, 21.1567, 20.1571, 17.5408, 23.9979, 22.7117, 10.6125, 12.8897, 20.6555, 32.7988, 12.8904, 22.631, 31.1163, 22.4013, 25.0755, 33.8089, 126.2519],
      [8.7966, 6.1206, 5.492, 5.9668, 11.4183, 4.1007, 7.6692, 8.3141, 7.0687, 4.1889, 4.3676, 6.9144, 6.8158, 11.9248, 7.1598, 11.3798, 12.6806, 7.7305, 15.7848, 6.6179, 3.2219, 3.4081, 5.1177, 4.6545, 6.7025, 2.2934, 3.851, 5.1446, 5.7022, 11.6944, 5.9461, 3.0535, 1.2764, 3.0508, 5.1715, 5.2558, 7.365, 5.867, 2.1845, 3.9402, 1.5982, 2.6184, 7.132, 4.1539, 3.3466, 4.062, 4.1532, 4.4452, 7.1625, 5.2551, 29.846]
    ]
  ],
  "V_est": [
    [5.5143, 453.9935, 0.9099, 160.9637, 1.7691, 3.8495],
    [33.3678, 514.0839, 9.6549, 111.6915, 6.6783, 4.5235],
    [568.7125, 41.8184, 52.0533, 18.5483, 41.7383, 0.1291],
    [1.2633, 0.8805, 339.9308, 6.2695, 414.8763, 2.7795],
    [3.892, 13.7899, 97.4847, 574.9092, 68.6559, 46.2683],
    [43.3054, 48.5015, 288.5134, 3547.8291, 795.9333, 36.9173],
    [111.7473, 2.9649, 422.5946, 176.9806, 7420.366, 82.3466],
    [299.1974, 31.9674, 468.8582, 331.8081, 1273.9828, 329.1861]
  ],
  "p_est": [
    [0.0088, 0.7241, 0.0015, 0.2567, 0.0028, 0.0061],
    [0.0491, 0.756, 0.0142, 0.1643, 0.0098, 0.0067],
    [0.7866, 0.0578, 0.072, 0.0257, 0.0577, 0.0002],
    [0.0016, 0.0011, 0.4438, 0.0082, 0.5416, 0.0036],
    [0.0048, 0.0171, 0.1211, 0.7142, 0.0853, 0.0575],
    [0.0091, 0.0102, 0.0606, 0.7452, 0.1672, 0.0078],
    [0.0136, 0.0004, 0.0514, 0.0215, 0.9031, 0.01],
    [0.1094, 0.0117, 0.1714, 0.1213, 0.4658, 0.1204]
  ],
  "EI_Z": {},
  "EI_V": 10.7175,
  "MAE_Z": {},
  "MAE_V": 86.2493,
  "MAE_p": 0.071,
  "runtime": 0.754
}
