{
  "Z_true": {},
  "V_true": [
    [1425, 236, 523],
    [13147, 561, 633],
    [978, 16154, 316],
    [1154, 430, 557],
    [827, 1504, 543]
  ],
  "p_true": [
    [0.6525, 0.1081, 0.2395],
    [0.9167, 0.0391, 0.0441],
    [0.0561, 0.9258, 0.0181],
    [0.539, 0.2008, 0.2602],
    [0.2878, 0.5233, 0.1889]
  ],
  "Z_est": [
    [
      [14.0828, 16.7283, 8.2268, 10.3922, 19.2631, 39.6898, 10.3392, 13.6969, 14.2166, 9.6648, 21.9587, 7.1614, 15.6026, 19.0125, 2.6658, 22.3709, 29.4678, 29.4659, 19.5328, 28.7805, 21.6108, 2.3886, 24.2196, 30.8139, 27.846, 26.8372, 0, 4.2032, 3.38, 0.5268, 9.1091, 30.6263, 10.8274, 19.5779, 27.4336, 28.4635, 46.9498, 47.4981, 15.7369, 3.6342, 99.6832, 5.8341, 74.0837, 16.5776],
      [7.7791, 8.5515, 4.6301, 10.1281, 16.6053, 27.953, 7.0457, 11.1237, 12.4742, 6.7029, 18.4192, 2.4992, 13.5438, 13.2706, 4.5401, 9.5165, 16.5443, 16.3716, 9.4588, 22.7042, 17.1461, 1.8269, 21.782, 24.6309, 20.7306, 21.979, 0, 3.7643, 3.1666, 0.3312, 10.1554, 23.4504, 10.7871, 14.5465, 24.7462, 22.8645, 36.7132, 31.4685, 8.6942, 2.4552, 75.855, 2.3082, 45.6085, 8.7355],
      [7.1381, 12.7202, 4.1431, 5.4797, 10.1317, 18.3572, 7.6151, 9.1794, 11.3091, 6.6323, 11.6222, 4.3394, 7.8536, 10.7169, 1.7941, 10.1126, 13.9879, 14.1625, 14.0083, 18.5154, 9.243, 2.7845, 14.9984, 21.5552, 16.4233, 22.1838, 0, 2.0325, 2.4534, 0.1419, 7.7354, 23.9233, 7.3856, 11.8756, 12.8202, 16.672, 24.337, 25.0334, 8.5689, 6.9106, 58.4618, 3.8577, 65.3078, 15.6869]
    ],
    [
      [277.6505, 351.4342, 277.4383, 92.8999, 432.3353, 588.3262, 199.785, 271.7007, 548.0484, 184.7547, 459.8991, 202.746, 89.2161, 186.1956, 25.981, 317.2953, 303.9936, 219.7651, 179.5955, 470.0886, 184.1379, 55.6282, 433.0631, 413.3579, 330.0625, 321.6878, 3.5749, 53.857, 43.5869, 10.2049, 228.1863, 146.07, 91.3598, 268.005, 336.1733, 318.3078, 363.3308, 334.7621, 95.1222, 358.1474, 1405.642, 82.0637, 705.8883, 88.8866],
      [11.7976, 14.262, 11.7032, 6.8039, 30.1141, 31.9634, 10.6856, 17.7123, 35.863, 9.8488, 30.3741, 4.5948, 6.5424, 9.9519, 3.0744, 10.343, 13.2289, 9.6848, 6.6133, 28.7942, 11.7486, 3.392, 31.5307, 25.6526, 18.8113, 21.2379, 0, 3.6968, 2.9753, 0.3698, 20.4689, 10.4379, 8.7494, 15.6522, 23.3507, 19.9209, 23.5643, 18.8453, 4.3534, 18.6522, 83.1963, 2.5642, 34.9369, 5.2426],
      [23.5519, 42.3038, 19.8585, 8.2961, 36.5506, 45.7105, 24.5294, 30.587, 61.0885, 21.3966, 39.7267, 19.6593, 7.2415, 17.8526, 2.9446, 24.3616, 23.7774, 17.5501, 20.7912, 51.1173, 13.1135, 9.9799, 44.4062, 48.9895, 33.1263, 45.0743, 0.4251, 4.4463, 5.4377, 0.4253, 31.3448, 18.4921, 10.8907, 27.3428, 26.476, 31.7713, 31.1049, 28.3927, 8.5244, 54.2003, 140.1617, 9.372, 101.1748, 13.8708]
    ],
    [
      [22.9071, 39.0167, 26.651, 17.8589, 47.1167, 50.0865, 15.9686, 21.0255, 37.1064, 11.8151, 44.3705, 8.8776, 14.0379, 32.3697, 3.6715, 30.2413, 28.7868, 37.164, 17.8788, 46.8532, 29.4684, 6.8625, 52.9789, 54.8268, 34.4187, 45.2664, 0.5331, 6.4849, 4.3622, 1.3431, 13.9378, 29.9384, 8.4542, 43.2407, 45.5754, 44.1776, 50.4999, 46.5099, 18.2829, 38.5651, 145.7762, 9.9881, 81.4275, 22.7879],
      [195.7991, 300.8855, 217.282, 271.669, 632.6458, 542.7633, 162.8611, 260.7667, 458.8794, 131.0653, 572.5404, 52.0099, 194.622, 352.5919, 113.1835, 200.603, 247.3328, 325.2355, 131.6092, 572.8491, 360.4962, 83.7883, 755.0626, 681.8002, 396.9047, 570.261, 5.1669, 92.3058, 66.2721, 14.5236, 233.9128, 388.82, 149.1854, 506.8381, 631.349, 548.0352, 615.3901, 483.0148, 160.9453, 338.186, 1708.3491, 63.4177, 754.293, 204.3814],
      [4.2938, 10.0978, 4.0671, 3.4721, 8.2375, 8.1502, 4.1704, 5.2079, 9.0142, 3.1197, 8.089, 2.1125, 2.3401, 7.0384, 1.145, 5.1557, 4.8804, 6.6005, 4.512, 11.2977, 4.0353, 2.3492, 11.9586, 14.373, 7.6766, 13.4726, 0.3, 1.2092, 1.3656, 0.1333, 4.1494, 8.2416, 2.3604, 9.9213, 7.0756, 9.7872, 9.11, 8.4753, 3.7718, 11.2489, 31.8747, 2.5943, 23.2795, 6.8307]
    ],
    [
      [38.1146, 66.8916, 40.1962, 12.6255, 65.25, 74.1053, 29.0968, 54.6105, 99.4602, 31.817, 75.0783, 24.5791, 22.953, 27.6673, 5.2239, 48.0123, 35.627, 41.5945, 22.9772, 56.2571, 20.2365, 8.1632, 59.4774, 70.9899, 48.9032, 29.4795, 0, 3.6284, 3.4302, 0.8831, 50.9836, 24.8159, 3.4558, 51.4273, 50.0419, 45.9989, 44.105, 43.6427, 27.6792, 51.0572, 232.5252, 5.4887, 86.7744, 7.1234],
      [3.2473, 4.9673, 3.3384, 1.7976, 8.9389, 7.9388, 3.095, 6.1989, 11.8219, 3.3061, 9.6068, 1.2326, 3.1046, 2.9804, 1.4775, 3.1123, 2.9432, 3.7221, 1.6715, 6.6131, 2.0151, 1.0967, 8.4131, 8.7237, 5.6021, 2.3511, 0, 0.208, 0.3468, 0.0983, 7.3204, 3.6045, 0.2654, 5.8963, 6.946, 5.6608, 4.9572, 4.4725, 2.0492, 4.995, 26.6249, 0.1687, 7.7906, 0.2639],
      [1.6381, 4.1411, 1.4653, 0.5768, 2.8111, 2.9559, 1.8081, 3.1906, 5.7179, 1.8769, 3.3149, 1.1884, 0.9424, 1.3523, 0.2986, 1.8754, 1.4298, 1.6834, 1.3514, 3.1298, 0.7484, 0.7401, 3.1095, 4.2864, 2.4947, 2.1693, 0, 0.1636, 0.223, 0.0186, 3.696, 1.5796, 0.2788, 2.6764, 2.012, 2.3403, 1.9378, 1.8848, 1.2716, 3.9478, 11.8498, 0.3427, 6.435, 0.6127]
    ],
    [
      [13.2449, 35.9292, 16.4876, 12.2235, 25.0349, 38.7922, 20.8104, 10.9665, 27.1683, 11.9485, 28.6933, 9.636, 11.1904, 21.755, 2.4577, 29.0801, 26.1247, 26.0105, 16.0157, 41.0207, 18.5463, 5.9574, 45.261, 43.0115, 31.7695, 29.7291, 0.892, 4.8265, 4.2407, 2.042, 12.7831, 18.5494, 8.9028, 27.7491, 28.7758, 39.0522, 42.1144, 33.5873, 11.1788, 13.596, 91.3733, 5.6255, 65.8261, 8.6244],
      [15.377, 37.3337, 18.0464, 24.6013, 45.696, 56.3815, 30.3126, 19.1983, 45.9614, 17.077, 50.0595, 6.6636, 21.1873, 31.2052, 8.7246, 25.4252, 29.9508, 29.9859, 15.6472, 67.0395, 30.5939, 9.8962, 86.2117, 71.1926, 48.9513, 50.1709, 0.8331, 9.0251, 8.2391, 2.6771, 29.1425, 32.6872, 21.0127, 43.067, 53.608, 64.5186, 69.3752, 47.1989, 12.9579, 17.7116, 143.9747, 4.5413, 83.3709, 10.3766],
      [3.3781, 12.7371, 3.466, 3.1752, 6.2691, 8.8262, 7.877, 3.8352, 8.8703, 3.9746, 7.2472, 2.7004, 2.6223, 6.0398, 0.8177, 6.4947, 5.9246, 6.0036, 5.3371, 12.9399, 3.8598, 3.1463, 13.5273, 14.7959, 9.2791, 12.1, 0.2749, 1.1484, 1.5202, 0.2809, 5.0744, 6.7635, 3.0845, 8.1839, 6.6162, 11.4292, 10.5104, 8.2139, 2.8633, 6.6924, 26.652, 1.8333, 27.8029, 3.9989]
    ]
  ],
  "V_est": [
    [930.1812, 673.608, 580.2108],
    [12350.2557, 713.3057, 1277.4386],
    [1389.5103, 15749.8937, 308.596],
    [1842.4484, 200.9847, 97.5669],
    [1018.6044, 1547.2079, 308.1877]
  ],
  "p_est": [
    [0.4259, 0.3084, 0.2657],
    [0.8612, 0.0497, 0.0891],
    [0.0796, 0.9027, 0.0177],
    [0.8606, 0.0939, 0.0456],
    [0.3544, 0.5383, 0.1072]
  ],
  "EI_Z": {},
  "EI_V": 6.7363,
  "MAE_Z": {},
  "MAE_V": 350.1779,
  "MAE_p": 0.0945,
  "runtime": 0.188
}
