{
  "Z_true": {},
  "V_true": [
    [29, 287, 369, 270, 305],
    [195, 3510, 4464, 2068, 658],
    [464, 82, 4336, 11312, 218],
    [22, 30, 4488, 238, 35],
    [569, 30, 301, 704, 23],
    [44, 81, 332, 428, 428]
  ],
  "p_true": [
    [0.023, 0.2278, 0.2929, 0.2143, 0.2421],
    [0.0179, 0.3222, 0.4097, 0.1898, 0.0604],
    [0.0283, 0.005, 0.2642, 0.6893, 0.0133],
    [0.0046, 0.0062, 0.9325, 0.0494, 0.0073],
    [0.3497, 0.0184, 0.185, 0.4327, 0.0141],
    [0.0335, 0.0617, 0.2529, 0.326, 0.326]
  ],
  "Z_est": [
    [
      [0.042, 0.0508, 0.008, 0.0171, 0.0005, 0.0372, 0.0826, 0.0442, 0.0715, 0.0285, 0.0095, 0.0108, 0.1754, 0.1625, 0.0331, 0.0883, 0.0653, 0.1344, 0.1704, 0.0581, 0.0831, 0.1624, 0.0541, 0.072, 0.0617, 0.0311, 0.0371, 0.0641, 0.006, 0.008, 0.1814, 0.0438, 0.3866, 0.0429],
      [1.5007, 1.5438, 0.5739, 0.7125, 0.1223, 2.1309, 4.2191, 4.2271, 4.8351, 3.1404, 0.5966, 0.7014, 5.5288, 7.5469, 1.5236, 3.7917, 1.5786, 8.4538, 7.4689, 2.6865, 3.6271, 7.192, 4.2749, 4.0412, 2.6388, 1.1641, 2.475, 2.0515, 0.1706, 0.7033, 7.2509, 1.9037, 13.8446, 2.9284],
      [4.0971, 3.5414, 1.8026, 1.4997, 0.2374, 4.049, 7.8057, 8.2185, 11.0384, 6.0029, 1.9486, 1.1986, 11.2187, 17.9632, 3.4482, 6.6174, 3.9043, 17.0125, 15.8159, 6.104, 8.5363, 16.9719, 9.3739, 9.8117, 7.1283, 3.2227, 6.343, 4.7822, 0.6787, 0.8028, 14.5989, 3.2098, 26.0598, 3.0508],
      [4.8299, 5.9342, 2.3761, 2.9346, 0.4745, 6.9136, 13.4348, 12.1506, 19.0966, 11.285, 3.4377, 2.0104, 15.5924, 23.1872, 3.9814, 12.8061, 6.6323, 22.9784, 22.1166, 8.1327, 10.7308, 22.4882, 15.2762, 16.114, 7.1546, 4.0306, 8.553, 6.719, 1.0533, 1.3046, 25.6706, 4.4114, 39.5712, 7.9493],
      [8.5304, 5.9298, 4.2394, 3.8361, 3.1654, 11.8693, 12.4578, 22.3596, 21.9584, 9.5432, 6.0077, 2.0787, 19.4847, 35.1403, 5.0137, 13.6965, 14.8195, 31.4208, 24.4282, 14.0188, 15.0226, 30.1855, 16.0208, 19.9611, 10.0165, 5.5514, 15.5919, 6.3832, 1.0914, 4.1813, 28.2982, 9.4312, 84.1378, 5.0285]
    ],
    [
      [3.1018, 4.5365, 0.3608, 2.6148, 0.1104, 1.7402, 5.5298, 1.9449, 2.6384, 1.1138, 0.5937, 1.8931, 11.3674, 9.0375, 1.4203, 7.5907, 9.6188, 9.5179, 8.0788, 3.2685, 5.0826, 10.203, 3.3442, 3.3678, 5.939, 1.5544, 1.0258, 4.0119, 1.3468, 2.718, 8.9692, 1.9237, 16.2318, 2.5872],
      [46.4754, 58.3072, 8.8163, 44.1933, 8.2503, 42.2103, 106.0012, 76.2258, 74.2272, 48.8685, 14.5917, 51.416, 153.8509, 176.1856, 26.9604, 136.107, 81.5996, 254.1948, 135.7199, 63.4937, 92.863, 189.4576, 115.0427, 79.5818, 102.7544, 24.2131, 27.6908, 47.9082, 7.5315, 70.2118, 150.8369, 35.4024, 221.5368, 39.4953],
      [136.1985, 143.3723, 30.0326, 99.313, 16.7527, 85.8723, 210.4916, 158.9163, 181.7187, 100.0437, 54.5039, 94.307, 334.9652, 449.9646, 65.2382, 254.9138, 217.8568, 549.2312, 308.2841, 154.62, 234.1853, 479.6731, 270.5463, 207.4156, 297.098, 72.0774, 76.1353, 119.6338, 37.1582, 89.3706, 325.6307, 64.0443, 447.283, 46.1115],
      [15.4356, 22.963, 3.7124, 18.4177, 3.1616, 13.9719, 34.6087, 22.437, 29.9792, 17.9161, 9.0539, 15.0687, 44.5147, 55.6735, 7.2144, 47.3098, 35.6105, 70.9333, 41.2102, 19.5636, 28.1748, 60.8966, 42.1003, 32.4716, 29.4841, 8.5699, 9.7756, 16.0124, 5.3781, 13.8243, 54.8756, 8.2813, 65.0069, 11.776],
      [12.7886, 10.821, 3.0779, 11.4612, 5.7251, 11.2052, 14.3687, 19.476, 16.4364, 7.0578, 7.2568, 7.3151, 26.3017, 40.1388, 4.1667, 24.0786, 34.3144, 46.1228, 20.707, 16.0542, 18.6942, 38.7697, 20.9665, 19.1632, 18.7245, 5.5853, 8.3724, 6.4337, 2.5854, 18.8753, 28.6876, 8.3483, 62.9415, 3.0301]
    ],
    [
      [2.8737, 3.395, 0.0246, 0.465, 0, 0.8207, 1.6217, 0.3796, 0.865, 0, 0, 1.2753, 3.9881, 3.1357, 1.1647, 1.3769, 0.853, 1.9045, 4.155, 0.603, 1.6755, 4.5061, 0.7567, 1.4801, 3.6412, 0.5674, 0.4231, 0.8803, 0, 0, 5.6518, 0.9669, 3.9446, 0],
      [0.6475, 1.5772, 0, 0.2404, 0, 0.6483, 1.1177, 1.4355, 1.0736, 0.7899, 0, 0.5426, 2.0614, 1.5942, 0.798, 0.5701, 0.3844, 1.423, 2.7983, 0.3377, 0.893, 2.256, 1.9791, 0.9262, 1.6651, 0.1027, 0.3359, 0.8064, 0, 0, 2.9354, 0.3543, 3.1095, 0],
      [136.5233, 134.674, 15.4762, 18.1035, 5.5605, 43.8312, 97.5142, 100.8029, 94.6569, 47.4187, 55.8799, 69.1784, 160.4937, 176.6744, 56.7244, 51.8782, 79.0454, 130.1674, 230.8576, 32.2219, 85.7975, 238.138, 153.3862, 120.2977, 201.9427, 26.8058, 48.0704, 56.4243, 28.4294, 41.9993, 233.1879, 35.2643, 194.3391, 26.6363],
      [442.5295, 616.3526, 56.3234, 98.1231, 33.4395, 205.6951, 456.7464, 405.277, 447.0118, 242.7914, 267.962, 315.9606, 606.4457, 623.2445, 181.3129, 275.0449, 360.7172, 479.3671, 879.1891, 117.7743, 295.5083, 861.8883, 679.6841, 537.855, 562.751, 92.4274, 177.0628, 215.8891, 119.258, 182.0007, 1123.9501, 132.3399, 801.6069, 199.3637],
      [0.426, 0.0011, 0.1759, 0.068, 0, 0.0046, 0, 0.105, 0.3927, 0, 0.1581, 0.043, 0.0112, 0.3512, 0, 0.1299, 0, 0.1379, 0, 0.0631, 0.1256, 0.2115, 0.1939, 0.4411, 0, 0.0966, 0.1078, 0, 0.3126, 0, 0.2748, 0.0745, 0, 0]
    ],
    [
      [0.3876, 0.5687, 0.0287, 0.2697, 0.0204, 0.1831, 0.5606, 0.2042, 0.2178, 0.1506, 0.0798, 0.3158, 1.8997, 1.1561, 0.237, 0.8321, 1.1915, 1.3741, 1.2178, 0.3721, 0.5588, 1.3055, 0.4368, 0.5226, 1.1001, 0.2108, 0.2115, 0.5203, 0.1003, 0.4168, 1.3938, 0.4298, 1.2504, 0.1613],
      [13.7271, 17.3631, 2.0477, 10.7909, 2.4166, 10.5172, 28.2666, 19.132, 14.4306, 18.1019, 5.118, 20.2049, 63.271, 53.2796, 10.6656, 35.3691, 28.8347, 88.0616, 53.063, 17.0507, 24.1091, 57.3058, 37.1128, 29.6565, 44.8716, 7.6056, 14.4683, 16.8795, 2.7391, 36.1913, 55.5107, 18.3912, 44.4818, 11.145],
      [73.1358, 77.6313, 12.5934, 44.2835, 9.1839, 38.9813, 101.9413, 72.5023, 64.2386, 67.4213, 32.6539, 67.3656, 250.1641, 247.2447, 47.054, 120.371, 139.2331, 345.4969, 218.9725, 75.5742, 110.6207, 263.608, 158.5824, 140.3995, 236.0878, 41.1802, 72.356, 76.6595, 21.5388, 81.5993, 217.8113, 60.5099, 163.2082, 22.5896],
      [1.4832, 2.2158, 0.2758, 1.4539, 0.3354, 1.1279, 2.9884, 1.8247, 1.8868, 2.152, 0.9809, 1.9162, 5.939, 5.459, 0.9327, 3.9809, 4.1072, 7.9584, 5.2188, 1.697, 2.3708, 5.9712, 4.3974, 3.9083, 4.4077, 0.8713, 1.6557, 1.83, 0.5572, 2.3361, 6.553, 1.3656, 4.2305, 1.0481],
      [0.2664, 0.221, 0.0544, 0.202, 0.0437, 0.1906, 0.2432, 0.3367, 0.2262, 0.1742, 0.1674, 0.1975, 0.7263, 0.8605, 0.1107, 0.4469, 0.6335, 1.1091, 0.5278, 0.3061, 0.3406, 0.8096, 0.4705, 0.513, 0.5328, 0.1321, 0.3085, 0.1107, 0.0646, 0.4566, 0.7312, 0.3035, 0.8291, 0.056]
    ],
    [
      [28.1115, 46.7385, 2.014, 5.4099, 1.7194, 8.5957, 17.0772, 19.4648, 10.7272, 6.2898, 6.6067, 20.5336, 38.3053, 61.8621, 10.7608, 29.3388, 31.7955, 43.9316, 52.4799, 22.0879, 41.3076, 58.3547, 16.6186, 27.3125, 32.7806, 9.3947, 7.1506, 15.6825, 7.2767, 7.9534, 105.4466, 13.8281, 70.2072, 11.1941],
      [0.2218, 0.3198, 0.0258, 0.0501, 0.0304, 0.1089, 0.1973, 0.3623, 0.1532, 0.1315, 0.0812, 0.2922, 0.2662, 0.6531, 0.1091, 0.2827, 0.168, 0.6182, 0.523, 0.2327, 0.4119, 0.5875, 0.2815, 0.3371, 0.3172, 0.0765, 0.0952, 0.1107, 0.034, 0.1479, 0.9631, 0.1301, 0.574, 0.1635],
      [11.5893, 13.7217, 1.578, 1.9772, 0.9484, 3.889, 6.8862, 13.206, 6.5805, 4.7151, 5.2092, 9.5601, 10.1162, 29.3529, 4.6055, 9.3708, 8.0123, 23.4542, 20.7716, 9.9124, 18.1493, 26.1202, 11.5928, 15.4926, 16.145, 4.1162, 4.6186, 4.7744, 3.3015, 3.3101, 36.3008, 4.2024, 20.025, 3.5408],
      [9.0174, 15.1658, 1.373, 2.5503, 1.2902, 4.3794, 7.8148, 12.8806, 7.5068, 5.8459, 6.0652, 10.5746, 9.2704, 24.9887, 3.5092, 11.9589, 8.9725, 20.8904, 19.1538, 8.7104, 15.0521, 22.8248, 12.4589, 16.779, 10.7039, 3.3942, 4.1083, 4.4214, 3.3729, 3.5515, 42.1178, 3.8096, 20.0589, 6.0902],
      [0.06, 0.0543, 0.0093, 0.0124, 0.0116, 0.0269, 0.0246, 0.0864, 0.0323, 0.0177, 0.0377, 0.0395, 0.0419, 0.1431, 0.0155, 0.0488, 0.0518, 0.1056, 0.0717, 0.0566, 0.0791, 0.1128, 0.0482, 0.0788, 0.0533, 0.0184, 0.0274, 0.011, 0.0149, 0.0371, 0.1717, 0.0297, 0.135, 0.0114]
    ],
    [
      [6.4833, 8.7105, 0.564, 3.2235, 0.1494, 1.6231, 8.1282, 2.9623, 3.48, 1.4172, 0.7103, 2.9713, 13.2642, 12.6462, 1.3842, 10.7732, 12.476, 11.1375, 9.8981, 4.6105, 6.2924, 12.4682, 4.7896, 4.245, 7.4774, 3.2416, 2.152, 4.8409, 1.2702, 2.9038, 14.3572, 2.8076, 17.9794, 3.0144],
      [3.4275, 3.8888, 0.5363, 2.0128, 0.1804, 1.3843, 6.1981, 3.6172, 3.2804, 1.9679, 0.6126, 2.8428, 6.0218, 8.7407, 0.9434, 6.8794, 4.4348, 10.2487, 6.4269, 3.1988, 4.0959, 8.2012, 5.309, 3.4572, 4.753, 1.8379, 1.9348, 2.2438, 0.5248, 3.7458, 8.5031, 1.8181, 9.4533, 3.2678],
      [8.4561, 8.0593, 1.5173, 3.823, 0.3172, 2.3772, 10.3611, 6.354, 6.7669, 3.3983, 1.8045, 4.3902, 11.0421, 18.8001, 1.9296, 10.8488, 9.9481, 18.6377, 12.2982, 6.5675, 8.7108, 17.4888, 10.5184, 7.5829, 11.5982, 4.5977, 4.4767, 4.7259, 1.8934, 3.9178, 15.4704, 2.7693, 16.085, 3.0711],
      [4.7046, 6.3686, 0.9393, 3.5204, 0.2988, 1.912, 8.4069, 4.4301, 5.5188, 3.0096, 1.5003, 3.4694, 7.2378, 11.447, 1.0494, 9.8994, 7.9603, 11.8724, 8.1115, 4.1221, 5.163, 10.9309, 8.083, 5.8722, 5.4985, 2.7066, 2.8446, 3.1282, 1.3804, 2.9828, 12.8328, 1.7922, 11.5256, 3.7727],
      [16.9286, 12.9728, 3.4431, 9.4202, 4.0542, 6.7033, 15.9057, 16.6363, 12.9539, 5.2071, 5.3724, 7.3261, 18.4342, 35.366, 2.6934, 21.5993, 36.1808, 33.1038, 18.2653, 14.5012, 14.7379, 29.9109, 17.3001, 14.8427, 15.6729, 7.6162, 10.5919, 6.0613, 2.9312, 19.4498, 28.8365, 7.8128, 49.9567, 4.874]
    ]
  ],
  "V_est": [
    [2.5245, 117.1485, 248.0949, 371.3323, 520.8998],
    [154.3835, 2812.2216, 6412.9597, 915.3834, 600.0519],
    [53.3951, 33.4033, 3228.4016, 13092.8935, 3.9064],
    [19.8863, 912.1801, 3772.7942, 95.4366, 12.7028],
    [888.3581, 9.0574, 367.1463, 360.6618, 1.7765],
    [204.4525, 135.989, 260.6034, 184.2925, 527.6626]
  ],
  "p_est": [
    [0.002, 0.093, 0.1969, 0.2947, 0.4134],
    [0.0142, 0.2581, 0.5886, 0.084, 0.0551],
    [0.0033, 0.002, 0.1967, 0.7978, 0.0002],
    [0.0041, 0.1895, 0.7839, 0.0198, 0.0026],
    [0.546, 0.0056, 0.2257, 0.2217, 0.0011],
    [0.1557, 0.1036, 0.1985, 0.1404, 0.4019]
  ],
  "EI_Z": {},
  "EI_V": 15.5008,
  "MAE_Z": {},
  "MAE_V": 375.3249,
  "MAE_p": 0.08,
  "runtime": 0.101
}
