{
  "X": [
    [8, 7, 6, 103, 135, 20],
    [4, 11, 2, 62, 111, 13],
    [24, 25, 27, 239, 375, 75],
    [64, 103, 63, 919, 1530, 153],
    [85, 118, 81, 1138, 1673, 197],
    [19, 25, 20, 276, 161, 39],
    [9, 2, 13, 139, 44, 14],
    [72, 70, 45, 876, 713, 125],
    [8, 11, 11, 80, 52, 9],
    [49, 28, 30, 403, 272, 66],
    [18, 20, 28, 244, 294, 53],
    [2, 0, 6, 15, 16, 1],
    [1, 1, 3, 13, 11, 1],
    [12, 36, 26, 326, 410, 49],
    [86, 86, 96, 1103, 645, 175],
    [11, 13, 18, 102, 89, 18],
    [32, 59, 100, 588, 646, 108],
    [11, 41, 44, 237, 357, 52],
    [4, 18, 15, 102, 187, 15],
    [0, 1, 1, 22, 39, 3],
    [7, 9, 11, 62, 80, 14],
    [5, 8, 14, 97, 185, 26],
    [34, 71, 58, 456, 847, 79],
    [0, 2, 1, 9, 5, 2],
    [4, 6, 4, 97, 71, 19],
    [5, 24, 12, 173, 164, 18],
    [0, 1, 1, 14, 8, 1],
    [3, 8, 9, 52, 30, 6],
    [1, 11, 4, 65, 48, 11],
    [0, 0, 2, 4, 1, 0],
    [1, 3, 3, 22, 14, 8],
    [18, 7, 11, 126, 170, 13],
    [2, 7, 15, 116, 68, 11],
    [9, 11, 7, 118, 177, 22],
    [0, 1, 0, 3, 7, 0],
    [3, 2, 7, 29, 55, 10],
    [36, 62, 73, 682, 766, 104],
    [71, 64, 72, 860, 751, 122],
    [6, 4, 8, 59, 69, 4],
    [59, 61, 54, 598, 675, 86],
    [2, 3, 1, 48, 32, 2],
    [19, 23, 14, 199, 249, 42],
    [22, 55, 41, 479, 465, 88],
    [2, 0, 2, 8, 11, 2],
    [3, 2, 4, 36, 38, 12],
    [0, 4, 1, 12, 15, 5],
    [4, 7, 5, 44, 105, 10],
    [4, 3, 2, 33, 139, 15],
    [6, 4, 4, 27, 48, 14],
    [8, 11, 4, 57, 126, 16],
    [7, 12, 10, 55, 90, 14],
    [30, 21, 23, 197, 156, 41],
    [9, 8, 15, 91, 71, 10],
    [17, 26, 13, 127, 130, 30],
    [14, 8, 7, 47, 46, 18],
    [13, 13, 5, 71, 56, 18],
    [1, 0, 0, 5, 6, 1],
    [1, 1, 0, 5, 2, 2],
    [9, 14, 6, 92, 196, 15],
    [27, 20, 12, 191, 271, 25],
    [0, 0, 0, 3, 5, 0],
    [1, 0, 1, 2, 1, 1],
    [11, 11, 10, 155, 93, 22],
    [1, 1, 3, 4, 9, 3],
    [4, 6, 5, 40, 45, 8],
    [2, 7, 9, 40, 60, 8],
    [0, 1, 2, 6, 13, 3],
    [1, 4, 6, 24, 33, 4],
    [8, 6, 8, 48, 79, 9],
    [3, 3, 8, 78, 101, 21],
    [3, 7, 7, 35, 45, 7],
    [10, 9, 18, 53, 127, 20],
    [0, 0, 1, 1, 4, 0],
    [0, 0, 1, 1, 1, 3],
    [16, 10, 11, 127, 97, 17],
    [47, 31, 25, 256, 318, 64],
    [24, 15, 14, 173, 247, 40],
    [1, 0, 0, 1, 6, 0],
    [1, 3, 1, 5, 5, 1],
    [0, 0, 0, 2, 4, 0],
    [0, 3, 1, 3, 1, 0],
    [25, 23, 20, 150, 274, 28],
    [0, 2, 2, 8, 9, 3],
    [9, 26, 7, 116, 230, 25],
    [0, 1, 0, 1, 5, 1],
    [2, 4, 2, 23, 54, 9],
    [2, 4, 3, 29, 46, 9],
    [2, 4, 3, 33, 51, 8],
    [8, 16, 11, 98, 140, 22],
    [11, 14, 17, 77, 128, 17],
    [6, 5, 3, 50, 61, 10],
    [0, 5, 3, 30, 51, 9],
    [5, 6, 7, 27, 32, 6],
    [1, 1, 1, 3, 10, 1],
    [0, 0, 1, 2, 6, 0],
    [1, 1, 2, 3, 5, 5],
    [20, 27, 115, 386, 210, 97],
    [118, 135, 263, 1630, 1343, 377],
    [55, 75, 138, 681, 560, 189],
    [0, 1, 2, 8, 9, 2]
  ],
  "W": [
    [27, 12, 100, 114, 8, 18],
    [22, 11, 65, 91, 7, 7],
    [79, 35, 272, 282, 22, 75],
    [260, 109, 1023, 1185, 79, 176],
    [276, 116, 1272, 1317, 119, 192],
    [39, 33, 279, 123, 27, 39],
    [4, 16, 139, 35, 10, 17],
    [155, 56, 916, 546, 102, 126],
    [10, 5, 93, 46, 5, 12],
    [62, 40, 439, 203, 40, 64],
    [67, 19, 270, 222, 19, 60],
    [5, 2, 17, 11, 3, 2],
    [2, 4, 14, 8, 2, 0],
    [108, 45, 340, 296, 22, 48],
    [160, 98, 1154, 490, 97, 192],
    [19, 21, 107, 74, 6, 24],
    [142, 117, 639, 499, 38, 98],
    [89, 52, 275, 269, 13, 44],
    [46, 16, 112, 146, 9, 12],
    [8, 3, 24, 27, 0, 4],
    [16, 18, 60, 65, 4, 20],
    [50, 20, 104, 126, 11, 24],
    [186, 78, 522, 658, 36, 65],
    [3, 3, 9, 3, 0, 1],
    [15, 12, 107, 46, 3, 18],
    [30, 17, 198, 116, 14, 21],
    [2, 3, 15, 4, 0, 1],
    [8, 11, 53, 25, 4, 7],
    [15, 7, 72, 34, 2, 10],
    [0, 3, 3, 1, 0, 0],
    [3, 7, 19, 13, 1, 8],
    [34, 17, 130, 124, 24, 16],
    [20, 23, 113, 36, 7, 20],
    [37, 8, 135, 138, 8, 18],
    [3, 0, 3, 5, 0, 0],
    [17, 3, 36, 41, 1, 8],
    [175, 108, 736, 550, 52, 102],
    [170, 166, 853, 547, 79, 125],
    [18, 11, 58, 46, 9, 8],
    [145, 85, 641, 494, 65, 103],
    [3, 5, 46, 30, 1, 3],
    [55, 20, 217, 188, 20, 46],
    [97, 62, 499, 371, 22, 99],
    [2, 2, 8, 10, 0, 3],
    [7, 7, 31, 32, 3, 15],
    [5, 3, 10, 10, 2, 7],
    [20, 8, 50, 88, 2, 7],
    [14, 4, 34, 118, 8, 18],
    [8, 6, 33, 38, 5, 13],
    [27, 18, 56, 86, 11, 24],
    [17, 6, 69, 69, 7, 20],
    [24, 31, 198, 123, 37, 55],
    [14, 12, 94, 55, 16, 13],
    [27, 13, 147, 110, 17, 29],
    [20, 5, 55, 34, 12, 14],
    [25, 5, 70, 43, 12, 21],
    [1, 0, 5, 4, 0, 3],
    [2, 1, 5, 1, 1, 1],
    [41, 9, 111, 137, 16, 18],
    [60, 29, 198, 190, 36, 33],
    [1, 1, 3, 3, 0, 0],
    [0, 1, 3, 2, 0, 0],
    [19, 10, 160, 74, 13, 26],
    [3, 1, 8, 6, 0, 3],
    [8, 6, 49, 39, 2, 4],
    [13, 9, 50, 46, 2, 6],
    [5, 0, 5, 9, 2, 4],
    [10, 12, 25, 21, 1, 3],
    [19, 3, 64, 58, 8, 6],
    [18, 16, 97, 67, 6, 10],
    [10, 8, 47, 31, 2, 6],
    [20, 15, 70, 103, 13, 16],
    [0, 0, 3, 3, 0, 0],
    [0, 2, 2, 1, 0, 1],
    [28, 16, 127, 74, 12, 21],
    [71, 32, 286, 254, 40, 58],
    [50, 21, 179, 189, 42, 32],
    [0, 0, 2, 3, 1, 2],
    [3, 3, 1, 5, 1, 3],
    [0, 0, 2, 4, 0, 0],
    [1, 0, 4, 2, 0, 1],
    [56, 24, 174, 197, 28, 41],
    [3, 1, 11, 4, 0, 5],
    [57, 7, 139, 166, 12, 32],
    [0, 0, 1, 6, 0, 1],
    [10, 1, 30, 40, 2, 11],
    [10, 6, 35, 32, 3, 7],
    [14, 7, 35, 35, 2, 8],
    [30, 24, 91, 109, 11, 30],
    [27, 10, 93, 100, 20, 14],
    [16, 10, 43, 37, 7, 22],
    [8, 2, 35, 41, 1, 11],
    [5, 3, 38, 24, 5, 8],
    [1, 0, 5, 6, 1, 4],
    [0, 0, 3, 5, 0, 1],
    [1, 1, 6, 3, 0, 6],
    [39, 125, 445, 145, 14, 87],
    [251, 257, 1818, 1093, 111, 336],
    [129, 100, 796, 436, 45, 192],
    [2, 3, 7, 9, 0, 1]
  ],
  "method": "mvn_cdf",
  "mvncdf_method": "genz",
  "mvncdf_samples": 5000,
  "mvncdf_error": 0.001,
  "cond_prob": [
    [
      [0.0088378036652, 0.098754635587, 0.0014100434467, 0.076883505779, 0.79642816618, 0.017685845345],
      [0.00153650147, 0.0080145773546, 0.2402196971, 0.59005301015, 0.082632141247, 0.077544072683],
      [0.016759208371, 0.014255843632, 0.025422958938, 0.83407524234, 0.048159307128, 0.061327439589],
      [0.0070877853177, 0.018148085492, 0, 0.036392360008, 0.92095845952, 0.017413309659],
      [0.53713739539, 0.0042871346447, 4.0287679167e-05, 0.27615152562, 0.18040845112, 0.0019752055501],
      [0.053439653168, 0.039371484692, 0.029815237028, 0.22655798567, 0.069799506157, 0.58101613328]
    ],
    [
      [0.0020418117806, 0.16881862232, 0, 0.042410771577, 0.77193930475, 0.014789489576],
      [0.00098604080364, 0.024140449779, 0.16998142329, 0.552540438, 0.13868477072, 0.11366687742],
      [0.014283477659, 0.0551028764, 0.00040354218685, 0.76442600505, 0.079715716871, 0.086068381835],
      [0, 0.03024983738, 0, 0.02598039687, 0.92874345583, 0.015026309924],
      [0.40306665861, 0.013463020629, 0, 0.2663098571, 0.31428558604, 0.0028748776216],
      [0.027763004842, 0.084540292777, 0.014853443098, 0.15327753777, 0.084946805514, 0.634618916]
    ],
    [
      [0.007062550808, 0.098129122147, 0.0018788493683, 0.039722996937, 0.83952625491, 0.013680225832],
      [0.0017167022215, 0.012054671239, 0.32039762403, 0.44354887295, 0.13032437931, 0.091957750259],
      [0.019524758631, 0.027329489388, 0.046587184346, 0.73386757957, 0.090662416667, 0.082028571395],
      [0.0062706619699, 0.019032410402, 0.00080377450342, 0.018106138293, 0.94483195344, 0.010955061393],
      [0.5472532568, 0.0058532616295, 0.00026326412815, 0.1887224618, 0.25602861701, 0.0018791386367],
      [0.056844549808, 0.051951376726, 0.036446449282, 0.15290487849, 0.098408730788, 0.60344401491]
    ],
    [
      [0.0043642210176, 0.10295009981, 0.000600659761, 0.035800938023, 0.8488955732, 0.0073885081977],
      [0.0013405057175, 0.016357928592, 0.2495130855, 0.50027458864, 0.17014389765, 0.062369993911],
      [0.01642531727, 0.034391188625, 0.029122287014, 0.76153377789, 0.10691102088, 0.051616408317],
      [0.0017354911342, 0.020339153252, 0, 0.019613468299, 0.95199474054, 0.0063171467794],
      [0.43586225267, 0.0080571887226, 3.8295218525e-05, 0.21627057082, 0.33842464793, 0.0013470446427],
      [0.05355916415, 0.082553178171, 0.033248734121, 0.20332634171, 0.15069418773, 0.47661839411]
    ],
    [
      [0.0046408857884, 0.11000362148, 0.0010335144692, 0.04058586401, 0.83411655773, 0.0096195565257],
      [0.0012320285975, 0.015192426522, 0.26902704829, 0.49937608524, 0.14524011428, 0.06993229707],
      [0.014402066635, 0.032470440839, 0.033631472344, 0.76774461341, 0.092861265848, 0.058890140924],
      [0.0026081823704, 0.022248880322, 0, 0.020109878204, 0.94640007703, 0.0086329820704],
      [0.44120737923, 0.0081427942386, 8.0912364798e-05, 0.23482361435, 0.31406987136, 0.0016754284498],
      [0.048531860075, 0.074497449729, 0.034993494855, 0.19724379003, 0.12517307556, 0.51956032975]
    ],
    [
      [0.0068306319922, 0.18538176695, 0.00205419455, 0.075474465518, 0.71586449333, 0.014394447662],
      [0.0011754499949, 0.01540998594, 0.27519969355, 0.56996352084, 0.074674597648, 0.063576752026],
      [0.01174142858, 0.031180856564, 0.033429900407, 0.82922994708, 0.043052458121, 0.051365409251],
      [0.0065447751678, 0.041307795763, 0, 0.038501286644, 0.89947262401, 0.014173518411],
      [0.47422767027, 0.009878519202, 0.00012438966865, 0.31973206629, 0.19414525151, 0.0018921030587],
      [0.046405191943, 0.082424196778, 0.038666558736, 0.24420821476, 0.069957248138, 0.51833858964]
    ],
    [
      [0.0096342561742, 0.084633484289, 0.003525991946, 0.093808318966, 0.79569773434, 0.012700214283],
      [0.0015084871266, 0.004489561886, 0.33067892608, 0.55641501277, 0.062721173357, 0.044186838778],
      [0.015520167624, 0.0030138549415, 0.047675313437, 0.86341316763, 0.034681837759, 0.035695658605],
      [0.0087982925578, 0.015112787936, 0.0018800559926, 0.045209341442, 0.91814235579, 0.010857166286],
      [0.5358801992, 0.0027707844897, 0.00059348609185, 0.30059264353, 0.15906265687, 0.0011002298197],
      [0.065487155883, 0.036120694891, 0.058613401558, 0.30114369606, 0.074546224658, 0.46408882695]
    ],
    [
      [0.0068665417567, 0.13433572048, 0.0013317087879, 0.067190721709, 0.77727780468, 0.012997502587],
      [0.0012679331174, 0.012774056012, 0.25611379366, 0.57167840033, 0.093054425394, 0.065111391481],
      [0.013685979851, 0.025840692076, 0.028375372225, 0.82470387575, 0.055746204723, 0.051647875377],
      [0.0047422423408, 0.028567525786, 0, 0.033023885094, 0.9216334915, 0.012032855279],
      [0.48187473232, 0.0074324081846, 0, 0.29105987797, 0.21791633933, 0.0017166422025],
      [0.05228442234, 0.066956885191, 0.035391839166, 0.24145673585, 0.085777904408, 0.51813221305]
    ],
    [
      [0.01447645632, 0.2747938046, 0.0046388076156, 0.065268070315, 0.63069494051, 0.010127920638],
      [0.001821389991, 0.017280064316, 0.50131117946, 0.39165159786, 0.051127615324, 0.03680815305],
      [0.024616405001, 0.040703189016, 0.079247933657, 0.77513718116, 0.043200251953, 0.037095039213],
      [0.014328914255, 0.061977891559, 0.00062289487661, 0.04018427603, 0.87308420642, 0.0098018168578],
      [0.72493649471, 0.0081592966372, 0.00025309674834, 0.16538817431, 0.10059244526, 0.00067049233425],
      [0.10608252437, 0.12404046326, 0.087256629027, 0.21882382424, 0.062912780404, 0.4008837787]
    ],
    [
      [0.015331301441, 0.12573796832, 0.0019929529956, 0.064708136867, 0.77748642299, 0.014743217385],
      [0.0024044929922, 0.011634536558, 0.28860018424, 0.53571798613, 0.090290157015, 0.071352643059],
      [0.024585303303, 0.024255058465, 0.036430419759, 0.79978590507, 0.055251765546, 0.05969154786],
      [0.011611631026, 0.026467328775, 3.8651963042e-05, 0.032290693904, 0.91562932411, 0.013962370217],
      [0.69617873853, 0.0041693485053, 5.4134984281e-05, 0.16796951082, 0.13032846416, 0.0012998029983],
      [0.10868782502, 0.055488314909, 0.036397867537, 0.20593081952, 0.07566904778, 0.51782612524]
    ],
    [
      [0.0065021784937, 0.1003413629, 0.0030601207011, 0.054083070192, 0.82310144249, 0.012911825226],
      [0.0011410957724, 0.0089161604241, 0.39622106356, 0.43998443913, 0.092544304315, 0.061192936792],
      [0.014086143462, 0.020776363971, 0.060898400195, 0.77622731509, 0.068693229075, 0.059318548206],
      [0.0057870436228, 0.019294359901, 0.00092574405399, 0.024396312477, 0.93805634419, 0.011540195754],
      [0.4941607734, 0.0058178245168, 0.00040404167439, 0.25244091311, 0.24538449178, 0.0017919555179],
      [0.051093935126, 0.051736946693, 0.060183528014, 0.20371660267, 0.093931266116, 0.53933772138]
    ],
    [
      [0.0080630337621, 0, 0, 0.14458843679, 0.83806821819, 0.0092803112593],
      [0.0010146936009, 0, 0.91585784616, 0.070946856784, 0.0082781103479, 0.0039024931122],
      [0.023257774315, 0, 0.18689145767, 0.72748198078, 0.041256781602, 0.021112005636],
      [0, 0, 0, 0.042751678062, 0.94855308789, 0.0086952340452],
      [0.49593849858, 0, 0, 0.31511636254, 0.18756088261, 0.0013842562666],
      [0.037228892445, 0, 0.49556476369, 0.17617644145, 0.047485393231, 0.24354450918]
    ],
    [
      [0.0031865481883, 0.092076018088, 0.0034882166097, 0.040301417792, 0.85160661434, 0.0093411849863],
      [0.0014060448547, 0.012355800252, 0.48413967452, 0.38303011931, 0.074547057097, 0.044521303959],
      [0.0096239103847, 0.038124448145, 0.073217915929, 0.77053175793, 0.057252195214, 0.051249772399],
      [0.0040929778881, 0.02684174888, 0.0036205016609, 0.0039877112261, 0.95132566041, 0.010131399937],
      [0.41026207786, 0.0089742488732, 0.0012250161997, 0.28396519318, 0.29323126334, 0.0023422005526],
      [0.024666972591, 0.051753454831, 0.070355120951, 0.20603862094, 0.093525379664, 0.55366045102]
    ],
    [
      [0.0027523772367, 0.12260323392, 0.0012022143523, 0.050266442438, 0.81298464805, 0.010191083999],
      [0.00049526577231, 0.014430761543, 0.27396160935, 0.52854428102, 0.1198512587, 0.062716823611],
      [0.0066523723639, 0.030987433437, 0.034349996881, 0.79958596325, 0.076301342467, 0.052122891605],
      [0.00036982062852, 0.025924215302, 0, 0.024241019717, 0.94015824295, 0.0093067014007],
      [0.35144414437, 0.0096936298139, 0.0001961210346, 0.31116103728, 0.32562550215, 0.0018795653583],
      [0.032862741932, 0.076810656524, 0.038720308892, 0.22722123772, 0.11273529103, 0.51164976391]
    ],
    [
      [0.0091006596801, 0.15709223459, 0.0031358265124, 0.077913017782, 0.73750879281, 0.015249468618],
      [0.0013664481692, 0.011809075681, 0.33087493048, 0.52567385486, 0.069662248893, 0.060613441918],
      [0.014864971647, 0.025490491438, 0.045884342384, 0.82030437622, 0.041452647882, 0.052003170425],
      [0.008447411113, 0.03429340227, 0.00107607696, 0.038959078017, 0.90276092533, 0.014463106307],
      [0.53418020568, 0.0072512167355, 0.00035960320353, 0.28333388471, 0.17319620277, 0.001678886903],
      [0.058859863819, 0.066587452046, 0.049790803326, 0.23861090715, 0.068658604273, 0.51749236939]
    ],
    [
      [0.015398444117, 0.19052736534, 0.0038985886442, 0.063665469381, 0.7144664956, 0.012043636921],
      [0.0015189725253, 0.014278096808, 0.43372623906, 0.43555488247, 0.066412287443, 0.04850952169],
      [0.024953564559, 0.03581086021, 0.066276458291, 0.77720197071, 0.048571533462, 0.047185612764],
      [0.011993684062, 0.04260157307, 0.0013463310399, 0.033917971028, 0.89844918059, 0.011691260215],
      [0.72904329645, 0.0057924215836, 0.00028288949835, 0.15432314668, 0.10967655349, 0.0008816923018],
      [0.11432113882, 0.08587946027, 0.067698705184, 0.2103009978, 0.070417740945, 0.45138195698]
    ],
    [
      [0.0054842822743, 0.13117846691, 0.0031206060915, 0.054488932257, 0.79210927106, 0.01361844141],
      [0.00086152516671, 0.011181359325, 0.42775653792, 0.4147063489, 0.08456184502, 0.060932383671],
      [0.011702236224, 0.028955829758, 0.067250573076, 0.76526561052, 0.065116214049, 0.061709536376],
      [0.0042036297657, 0.027745200454, 0, 0.026322233255, 0.92921922773, 0.012509708797],
      [0.45757687686, 0.0084065947725, 0.00039063236948, 0.2740551967, 0.25752784259, 0.0020428567084],
      [0.042420121954, 0.065279161381, 0.066544885435, 0.19579910009, 0.087255451121, 0.54270128002]
    ],
    [
      [0.0038087610351, 0.16343227138, 0.0024475084464, 0.039526819261, 0.77853030633, 0.012254333538],
      [0.00072587961345, 0.01727930425, 0.42624615704, 0.38140976369, 0.1051569735, 0.069181921904],
      [0.010409042432, 0.044760398938, 0.069140668059, 0.72009607535, 0.083943492392, 0.071650322828],
      [0.0029033147803, 0.033535826407, 0, 0.019708011849, 0.93223325601, 0.011619590951],
      [0.41962629682, 0.013012340246, 0.00043862244473, 0.24851190921, 0.31612827662, 0.0022825546601],
      [0.034651234653, 0.092195377073, 0.059045131229, 0.16114260558, 0.097221960058, 0.55574369141]
    ],
    [
      [0.002073256163, 0.15490621956, 0.0028400521459, 0.044680898202, 0.7853052308, 0.010194343127],
      [0.00029004317391, 0.01561379218, 0.41535897887, 0.41527319491, 0.099244890818, 0.054219100046],
      [0.0052245065185, 0.040162568889, 0.064971102893, 0.75917788739, 0.075984665765, 0.054479268542],
      [3.4959868934e-05, 0.033396768756, 0.0011342781061, 0.021172853699, 0.93439031885, 0.0098708207244],
      [0.33201925962, 0.013318392757, 0.0005437326979, 0.30847992164, 0.34357344783, 0.002065245456],
      [0.026797276518, 0.094207644702, 0.064696018131, 0.20040235346, 0.10538424854, 0.50851245865]
    ],
    [
      [0, 0.041144475668, 0, 0.026414355277, 0.92839951901, 0.0040416500467],
      [0, 0.008816818519, 0.1715544241, 0.53502770267, 0.2355210272, 0.04908002751],
      [0, 0.015587726311, 0.016313718597, 0.78615932633, 0.14353146812, 0.038407760647],
      [0, 0, 0, 0.014728679114, 0.98183186078, 0.0034394601036],
      [0.15731308722, 0.0054878498316, 0.00014008477899, 0.2616855029, 0.57415698289, 0.0012164923828],
      [0, 0.067572076907, 0.023451870347, 0.22952597047, 0.22800632259, 0.45144375969]
    ],
    [
      [0.011308945719, 0.15579461898, 0.00290301555, 0.05131018608, 0.76854457483, 0.010138658843],
      [0.0020032063661, 0.015715964847, 0.36530205116, 0.4702371689, 0.092287699196, 0.054453909529],
      [0.024490626838, 0.036905479319, 0.052779866819, 0.77493363674, 0.062655910103, 0.048234480186],
      [0.0094673229228, 0.03546487279, 0.0025283504769, 0.022376578694, 0.9215158636, 0.0086470115135],
      [0.68387774209, 0.0060665538261, 0.00032545671173, 0.1606959989, 0.14813758791, 0.0008966605659],
      [0.098133729265, 0.084029351162, 0.052283910665, 0.20607440839, 0.08958360626, 0.46989499426]
    ],
    [
      [0.0018182592934, 0.071788374196, 0.0024676800653, 0.037803651428, 0.87377596173, 0.012346073289],
      [0.00028387247986, 0.0084028114859, 0.3493971547, 0.42665164106, 0.13601137931, 0.079253140966],
      [0.0059045814691, 0.018563243628, 0.053495007048, 0.7447136851, 0.10119697799, 0.076126504767],
      [0, 0.009442923254, 0.0019602066002, 0.017479909034, 0.95982429376, 0.01129266735],
      [0.33322172437, 0.006127291463, 0.00049902777839, 0.26500237233, 0.3925687897, 0.002580794365],
      [0.02599558937, 0.043947466127, 0.044696534688, 0.1670444468, 0.11709878816, 0.60121717485]
    ],
    [
      [0.0054926577984, 0.13264031185, 0.0019745589212, 0.037438555521, 0.812601044, 0.0098528719124],
      [0.0013807047857, 0.017090670291, 0.34643727945, 0.43600546746, 0.13196590003, 0.067119977981],
      [0.01608165609, 0.040273870742, 0.051682464425, 0.73698206566, 0.092894077946, 0.06208586514],
      [0.0049156159941, 0.027365515855, 0.00089349522447, 0.017187315767, 0.94073646404, 0.0089015931161],
      [0.49158484097, 0.0092930162751, 0.00030845281663, 0.20756875285, 0.28963317469, 0.0016117623965],
      [0.054531024583, 0.086643248727, 0.046666979301, 0.17756361633, 0.11755029688, 0.51704483418]
    ],
    [
      [0, 0.36309243834, 0.0029674295753, 0.034762772779, 0.57573245678, 0.023444902527],
      [0, 0.028431524259, 0.2318561543, 0.57237040854, 0.064792907327, 0.10254900557],
      [0, 0.053750676962, 0.029958275566, 0.77702962813, 0.042195981506, 0.097065437838],
      [0, 0.073092745784, 0.0022266465489, 0.014304592497, 0.88613794913, 0.02423806604],
      [0.50982339057, 0.007860633965, 0.00031195190099, 0.23584330748, 0.24448345809, 0.0016772579828],
      [0, 0.12239378219, 0.019224828645, 0.14242002539, 0.040246226751, 0.67571513703]
    ],
    [
      [0.0042042120821, 0.086956332301, 0, 0.042472052475, 0.85529820854, 0.011069194599],
      [0.001488182368, 0.012552062121, 0.19630754001, 0.55523773314, 0.15133723065, 0.083077251719],
      [0.016363476026, 0.025522462583, 0.01183782249, 0.79011702819, 0.089479448248, 0.066679762463],
      [0.00029784375038, 0.017509642045, 0, 0.020293385562, 0.95159320075, 0.010305927895],
      [0.45181247759, 0.0061486085511, 0, 0.23752809997, 0.30264966622, 0.0018611476705],
      [0.04439158057, 0.055013189663, 0.020981250748, 0.1950813535, 0.11660793936, 0.56792468615]
    ],
    [
      [0.0013974619193, 0.17861470619, 0.0010081191314, 0.035480320647, 0.77802800345, 0.005471388667],
      [0.00028398884734, 0.028518502002, 0.26250461123, 0.50033611341, 0.15889291237, 0.049463872131],
      [0.0022105569788, 0.05429141257, 0.033954683485, 0.76857605502, 0.10136310441, 0.039604187542],
      [0, 0.033134994002, 0, 0.023614655391, 0.93878709915, 0.004463251455],
      [0.28169228136, 0.018299946469, 0.00021524170509, 0.28238842648, 0.416095173, 0.0013089309928],
      [0.027231719582, 0.15748504938, 0.037197015292, 0.2170990268, 0.1506404662, 0.41034672275]
    ],
    [
      [0, 0.059805683202, 0.00095871632843, 0.024513932814, 0.91156639248, 0.0031552751737],
      [0, 0.015893481118, 0.19607289011, 0.56601835023, 0.17957941511, 0.042435863431],
      [0, 0.045686124384, 0.025187634824, 0.79832535174, 0.10348239116, 0.027318497886],
      [0, 0.016555492273, 0.00091887410544, 0.0056018823458, 0.97545892378, 0.0014648274958],
      [0.039210358195, 0.0084452716474, 0.00019645753092, 0.35475361469, 0.59608897265, 0.001305325288],
      [0, 0.081194355392, 0.028373878217, 0.25562927816, 0.18405740715, 0.45074508109]
    ],
    [
      [0.0054316303952, 0.33433702372, 0.0044160659693, 0.067483112812, 0.57781724029, 0.010514926819],
      [0.0013075014307, 0.019335025954, 0.43599168686, 0.45049368902, 0.051229378395, 0.041642718345],
      [0.011531771366, 0.039082076532, 0.067529787975, 0.80147027701, 0.041087476696, 0.039298610424],
      [0.0067805259007, 0.075648575127, 0.003175661085, 0.04206767615, 0.86078940926, 0.011538152477],
      [0.4741636066, 0.018167916014, 0.00083139974193, 0.3299542526, 0.17539407708, 0.0014887479636],
      [0.037830426393, 0.15391177519, 0.072423861149, 0.23646727469, 0.05928444438, 0.4400822182]
    ],
    [
      [0.0015635666045, 0.26424034386, 0.00088933642398, 0.048823352338, 0.6723560351, 0.012127365676],
      [0.00020155780229, 0.030508134197, 0.24521322347, 0.5473011302, 0.10216058638, 0.074615367958],
      [0.0021164239209, 0.048389235352, 0.027616841781, 0.78905503931, 0.069971933011, 0.062850526622],
      [0, 0.054384592674, 0, 0.028082743934, 0.90383474382, 0.013697919568],
      [0.31209136766, 0.023430584718, 0.00021196678456, 0.35314081914, 0.30857905648, 0.0025462052134],
      [0.019857033869, 0.1442875637, 0.028133084754, 0.19634840409, 0.081401678916, 0.52997223466]
    ],
    [
      [5.2835956398e-05, 0.0001046215807, 0.0045793832013, 0.071324697662, 0.91839227086, 0.0055461907436],
      [0, 0, 0.58490639122, 0.40796342404, 0.0071301847427, 0],
      [0, 0, 0.07985434084, 0.91575970157, 0.0043859575869, 0],
      [0, 0, 0.0057178038219, 0.028830623167, 0.96545157301, 0],
      [0.50982339057, 0.007860633965, 0.00031195190099, 0.23584330748, 0.24448345809, 0.0016772579828],
      [0.056328769715, 0.071739771432, 0.049852057378, 0.19766656746, 0.097414042573, 0.52699879144]
    ],
    [
      [0.0055251371414, 0.25533774065, 0.0031926907465, 0.08308713426, 0.62696318583, 0.025894111371],
      [0.0019154402815, 0.018282840502, 0.28294658373, 0.55662310653, 0.043334376678, 0.096897652272],
      [0.010154537733, 0.038974076465, 0.03780770005, 0.81870662465, 0.014599592881, 0.079757468216],
      [0.0072270014447, 0.060660353931, 0.0037196890292, 0.041259714757, 0.85837662281, 0.028756618028],
      [0.49210129048, 0.011911817762, 0.00051292379141, 0.34635103921, 0.14582223839, 0.0033006903686],
      [0.023878497551, 0.070625377855, 0.030322582436, 0.1770279565, 0.02920740076, 0.66893818489]
    ],
    [
      [0.0073737622014, 0.072725177899, 0.0017520382868, 0.046230900143, 0.86560925718, 0.0063088642853],
      [0.001794042857, 0.0086241088874, 0.29159321717, 0.51820135112, 0.1338016388, 0.045985641171],
      [0.019080472692, 0.015903945501, 0.039389778366, 0.80025691514, 0.089048157778, 0.036320730523],
      [0.0063035644129, 0.011005302347, 0.0010042521465, 0.021874669704, 0.95635605146, 0.0034561599309],
      [0.5466467248, 0.0034449642061, 0.00031561186555, 0.20421254779, 0.24493460687, 0.00044554447248],
      [0.083573032766, 0.054117784578, 0.045660804243, 0.24823545423, 0.14073849621, 0.42767442798]
    ],
    [
      [0, 0.093084366241, 0.0028493540596, 0.053811185656, 0.84503408708, 0.0052210069613],
      [0, 0.0099266838277, 0.33877837118, 0.50947658186, 0.11037483214, 0.031443530994],
      [0, 0.021837999368, 0.050979304752, 0.82882973588, 0.078109866457, 0.020243093542],
      [0, 0.018671630043, 0.0017898793151, 0.025645641027, 0.95184255561, 0.0020502940065],
      [0.25142382036, 0.0081944078164, 0.0006603909438, 0.36808391764, 0.37100690609, 0.00063055714565],
      [0.012001662874, 0.085638274115, 0.066069527634, 0.30241121246, 0.14354509325, 0.39033422967]
    ],
    [
      [0.0069793078353, 0.09861816935, 0.001094217592, 0.044789668582, 0.83618632653, 0.012332310116],
      [0.0016808710992, 0.012248388766, 0.26122139631, 0.513837468, 0.12996355878, 0.081048317041],
      [0.018866250035, 0.025761659397, 0.031989218967, 0.77436813913, 0.081590107867, 0.067424624606],
      [0.005817892386, 0.01981195259, 0, 0.019540049323, 0.94344857883, 0.011381526869],
      [0.53987346861, 0.0056963436202, 0.00011308524145, 0.20789600767, 0.24472166535, 0.0016994295051],
      [0.058862110467, 0.055316466609, 0.03057186312, 0.18514938156, 0.10294753805, 0.56715264019]
    ],
    [
      [0, 0.15760990466, 0, 0.035926568444, 0.80646352689, 0],
      [0.0013329016167, 0.013544910287, 0.35162225084, 0.46318593403, 0.10453918714, 0.065774816082],
      [0, 0.057282828197, 0, 0.94259301202, 0.00012415978768, 0],
      [0, 0.071064360285, 0, 0.012888251724, 0.91604738799, 0],
      [0.50982339057, 0.007860633965, 0.00031195190099, 0.23584330748, 0.24448345809, 0.0016772579828],
      [0.056328769715, 0.071739771432, 0.049852057378, 0.19766656746, 0.097414042573, 0.52699879144]
    ],
    [
      [0.01403268681, 0.071980880048, 0.0014534265034, 0.059027067309, 0.8291934099, 0.024312529432],
      [0.0013715363621, 0.002753947093, 0.66877957138, 0.22650230553, 0.044057246628, 0.056535393014],
      [0.042000846506, 0.0074454648971, 0.11599704019, 0.68519131521, 0.056095405376, 0.09326992782],
      [6.1216263132e-05, 0.0080410973043, 0, 0.037058845287, 0.9317784034, 0.023060437745],
      [0.74472977837, 0.0020331730215, 0.00015619164324, 0.13055202247, 0.12078936588, 0.0017394686132],
      [0.062257449473, 0.021038537388, 0.099112924607, 0.12502261404, 0.053550224124, 0.63901825037]
    ],
    [
      [0.0041910046205, 0.110256467, 0.001890289165, 0.046089572047, 0.82779857609, 0.0097740910772],
      [0.00088287810703, 0.012900045499, 0.31890132639, 0.48458129321, 0.12202767448, 0.060706782315],
      [0.010325467178, 0.028948282848, 0.045089233546, 0.78002019627, 0.082297486753, 0.053319333407],
      [0.0031591363844, 0.022447620659, 0.00047632106129, 0.021332692437, 0.94405121393, 0.0085330155268],
      [0.41241947883, 0.0081252431767, 0.00030554536732, 0.26741467, 0.31005731912, 0.0016777435084],
      [0.043022956885, 0.070953658606, 0.046708973665, 0.21437389306, 0.11798197876, 0.50695853903]
    ],
    [
      [0.0080692528952, 0.1151074031, 0.0010155399407, 0.058821368335, 0.80589632512, 0.01109011061],
      [0.0016719233437, 0.012174661081, 0.25860434189, 0.5575169044, 0.10782653811, 0.062205631173],
      [0.017945390679, 0.024591656323, 0.028627580825, 0.81289660422, 0.066348739418, 0.049590028531],
      [0.0051950922866, 0.02366313683, 0, 0.028523909964, 0.932697132, 0.0099207289223],
      [0.53893090867, 0.0059843048635, 0, 0.24018011337, 0.21354418111, 0.0013604919897],
      [0.069008097742, 0.064140551677, 0.035837688099, 0.23579960115, 0.099580985355, 0.49563307598]
    ],
    [
      [0.0058036813149, 0.080421199444, 0.0034772493787, 0.049243678641, 0.859228798, 0.0018253932171],
      [0.0014510037736, 0.0085314625502, 0.36413235959, 0.484888159, 0.11230018304, 0.028696832045],
      [0.01814168284, 0.020012607989, 0.054962836495, 0.81308323632, 0.080781977739, 0.013017658614],
      [0.0013814705403, 0.016032292518, 0.0038461733447, 0.022856613464, 0.95588345013, 0],
      [0.47111925108, 0.0051122450284, 0.00095738461332, 0.25000558661, 0.27280553267, 0],
      [0.065466773193, 0.064293174693, 0.069821075443, 0.28994522874, 0.14841705169, 0.36205669625]
    ],
    [
      [0.007202049275, 0.12075661975, 0.0014475438478, 0.04553840908, 0.81682621068, 0.008229167367],
      [0.0017235927172, 0.015077681739, 0.29167613059, 0.50771101025, 0.12807081429, 0.055740770413],
      [0.018634758286, 0.032675315612, 0.038490801956, 0.78183987281, 0.082446030552, 0.045913220786],
      [0.0058904559239, 0.025150165924, 0, 0.021843177529, 0.940428884, 0.0066873166239],
      [0.54212146799, 0.007067750926, 0.00012826398338, 0.20802899236, 0.24160756547, 0.001045959276],
      [0.074917832695, 0.081361399077, 0.041909648825, 0.22106526349, 0.1218438272, 0.45890202871]
    ],
    [
      [0.0084844560354, 0.14200572137, 0.00056687151591, 0.089334959236, 0.7524911659, 0.0071168259392],
      [0.0020189623253, 0.012324547385, 0.1601361215, 0.71589201466, 0.074757046263, 0.034871307869],
      [0.022021404207, 0.027281462449, 0.0025808051329, 0.89853620486, 0.035225466005, 0.01435465735],
      [0.0048508981507, 0.034083342857, 0, 0.048444725018, 0.91189945344, 0.00072158053512],
      [0.58822576193, 0.0052321030618, 0, 0.27110063204, 0.13496044092, 0.00048106205095],
      [0.072571506762, 0.076560145837, 0.026300580615, 0.36514241436, 0.085475263554, 0.37395008887]
    ],
    [
      [0.0070507088606, 0.1261787809, 0.0010829208132, 0.046669928435, 0.80752197494, 0.011495686046],
      [0.0016815430082, 0.015416294387, 0.26801900045, 0.51741755189, 0.12340107164, 0.07406453862],
      [0.018518921488, 0.033196193355, 0.032537750303, 0.77750699412, 0.077078300339, 0.061161840398],
      [0.0053507154509, 0.026919114452, 0, 0.021488437911, 0.93571343759, 0.010528294591],
      [0.53586360594, 0.0074306255707, 4.1087591704e-05, 0.21628246023, 0.23878238618, 0.0015998344809],
      [0.061668860129, 0.072583938609, 0.033011864752, 0.19565890529, 0.10222836479, 0.53484806644]
    ],
    [
      [0.0054333303188, 0.16189029499, 0.0018477407996, 0.05927740553, 0.75916236443, 0.012388863937],
      [0.0010276650028, 0.016062244761, 0.29116577077, 0.53158660763, 0.095065850602, 0.065091861229],
      [0.010961796319, 0.033676753112, 0.03759085773, 0.80329346366, 0.060413043812, 0.054064085364],
      [0.0046205501455, 0.034799891787, 0, 0.028953010444, 0.91988639228, 0.011740155344],
      [0.44858815162, 0.010206682871, 0.00024072752743, 0.29559103332, 0.24354131522, 0.0018320894507],
      [0.044001534609, 0.084452278101, 0.04045815497, 0.22427993954, 0.087730288693, 0.51907780409]
    ],
    [
      [0.095380100369, 0, 0.0079963645145, 0.11451794641, 0.76110156595, 0.021004022751],
      [0, 0, 0.52492212992, 0.38228434093, 0.043189996753, 0.049603532396],
      [0.022742498393, 0, 0.10123578255, 0.75279092897, 0.053779954746, 0.069450835345],
      [0, 0, 0, 0.065390825789, 0.88646397524, 0.04814519897],
      [0.99999775405, 1.3241888006e-08, 3.6911181673e-09, 1.6357228225e-06, 5.7284308797e-07, 2.0447940403e-08],
      [0.54243327071, 0, 0.041425583574, 0.11005324523, 0.032179161403, 0.27390873908]
    ],
    [
      [0.0079089308466, 0.090554810318, 0.0032504859201, 0.082010430326, 0.79758217193, 0.01869317066],
      [0.0017730055962, 0.0058012150959, 0.29257462713, 0.56168864023, 0.066974528276, 0.071187983669],
      [0.013750480931, 0.010564668566, 0.039025631615, 0.83908036251, 0.03763106678, 0.059947789596],
      [0.0095749093437, 0.01562739776, 0.0038184110326, 0.034851228728, 0.91715549929, 0.018972553846],
      [0.51305566936, 0.003797407547, 0.00055748261847, 0.3048298247, 0.1755118261, 0.0022477896745],
      [0.044026495264, 0.032435609707, 0.039704535177, 0.23019243165, 0.060401904854, 0.59323902334]
    ],
    [
      [0, 0.29466841439, 0.0011346247701, 0.03835622824, 0.65133025367, 0.01451047893],
      [0, 0.032402154509, 0.20435415456, 0.56671680451, 0.11571993965, 0.080806946774],
      [0, 0.049402640926, 0.02280227692, 0.78296003611, 0.077422899591, 0.067412146451],
      [0, 0.036008927991, 0.00095796709908, 0.024381777082, 0.91826223622, 0.020389091612],
      [0, 0.19486975625, 0.00037457578326, 0.39692235675, 0.40283474831, 0.0049985629067],
      [0, 0.16937089469, 0.020416117242, 0.17725794284, 0.09052400829, 0.54243103694]
    ],
    [
      [0.008779314737, 0.11820167577, 0.0018696108422, 0.038090958787, 0.82011123946, 0.012947200404],
      [0.0022290616268, 0.014813673747, 0.3086522928, 0.46065089211, 0.12655581114, 0.087098268573],
      [0.024037858824, 0.034281540458, 0.042172722527, 0.74006922951, 0.082846180603, 0.076592468081],
      [0.0091988908057, 0.026818208508, 0.0017596544954, 0.013421571496, 0.93639012376, 0.012411550935],
      [0.65222781841, 0.0055049538471, 0.00019461692312, 0.14793233813, 0.19269964179, 0.0014406309067],
      [0.070104320476, 0.06176683078, 0.032787783566, 0.15322132059, 0.093612788141, 0.58850695645]
    ],
    [
      [0.002619660177, 0.058353717218, 0.00053624228481, 0.026942367133, 0.90235692649, 0.0091910867004],
      [0.00096776759501, 0.010894275607, 0.2122917669, 0.47478032163, 0.20999659203, 0.091069276231],
      [0.015175676589, 0.021736087006, 0.021996714662, 0.72973345941, 0.13501731404, 0.0763407483],
      [0.00031459950185, 0.0046584108329, 0, 0.012521044617, 0.97229235028, 0.01021359477],
      [0.35314933881, 0.0051805454084, 4.7286051438e-05, 0.20655645005, 0.43287598308, 0.0021903966019],
      [0.03228684619, 0.044961503154, 0.021947719638, 0.15460072714, 0.15238459924, 0.59381860463]
    ],
    [
      [0.01043630709, 0.11381873349, 0.0021203953617, 0.030664356574, 0.82608605562, 0.016874151872],
      [0.0028035823663, 0.015444435398, 0.32401322906, 0.39632686134, 0.13179707997, 0.12961481186],
      [0.032219961477, 0.039012770735, 0.047430404558, 0.67239563833, 0.093162603736, 0.11577862116],
      [0.0095519549884, 0.027388230353, 0.0032854044058, 0.009476146708, 0.93940395375, 0.010894309792],
      [0.71288534607, 0.0053359505612, 0.00052596059677, 0.10795972073, 0.17208208142, 0.0012109406183],
      [0.069925253878, 0.049379198404, 0.026636841687, 0.099059671984, 0.074492500172, 0.68050653387]
    ],
    [
      [0.0027744066215, 0.10841649647, 0, 0.025999734407, 0.85654875058, 0.0062606119245],
      [0.0022882692408, 0.025179491289, 0.17891088641, 0.4812259869, 0.24551711439, 0.06687825177],
      [0.029126665489, 0.053613410372, 0.0059000069759, 0.71230248252, 0.14407144161, 0.054985993032],
      [0, 0.021499480883, 0, 0.021820534303, 0.94903615856, 0.0076438262565],
      [0.44174664237, 0.0097465288831, 0, 0.16081725578, 0.3861778156, 0.0015117573703],
      [0.058066493392, 0.11087523324, 0.018716818915, 0.17089352593, 0.18836705573, 0.4530808728]
    ],
    [
      [0.0058485726001, 0.17564366399, 0.0023156261568, 0.02958157962, 0.77899450164, 0.0076160559874],
      [0.0014403473413, 0.020720780113, 0.48303928715, 0.32913213093, 0.11627137916, 0.049396075311],
      [0.020378350215, 0.057283337308, 0.08148642554, 0.68371481994, 0.10123347911, 0.05590358789],
      [0.0067149361497, 0.033692341847, 0, 0.014946366848, 0.93738805377, 0.0072583013838],
      [0.54264971355, 0.011940037143, 0.00031341901451, 0.16683965794, 0.27696218522, 0.0012949871273],
      [0.061197371387, 0.12644154549, 0.071882066854, 0.15734104335, 0.1227922066, 0.46034576633]
    ],
    [
      [0.0089449371811, 0.16833224724, 0.0026114042446, 0.058578816869, 0.74958294808, 0.011949646382],
      [0.0016384083604, 0.015670789352, 0.339975379, 0.4960523603, 0.087221608079, 0.059441454913],
      [0.018015184561, 0.03514244367, 0.048092510758, 0.78997011121, 0.057250914713, 0.051528835084],
      [0.0081606512116, 0.036691582439, 0.0013114015738, 0.028064548399, 0.91468911409, 0.011082702288],
      [0.57603376951, 0.0082922207803, 0.00046224686829, 0.22803285318, 0.18583011909, 0.0013487905713],
      [0.070009358812, 0.085384562558, 0.04904303439, 0.21660451245, 0.083417869874, 0.49554066192]
    ],
    [
      [0.0056439926913, 0.15054539467, 0.0045115522168, 0.068892194504, 0.76053933926, 0.0098675266566],
      [0.00076114609923, 0.0096685275089, 0.50566461228, 0.39148596314, 0.058203651354, 0.034216099618],
      [0.011032726796, 0.029531361246, 0.079977484032, 0.79689074292, 0.047351921114, 0.035215763894],
      [0.0038506811396, 0.033862217674, 0, 0.035823661905, 0.91865172835, 0.0078117109312],
      [0.44348383248, 0.0093014399524, 0, 0.32176728631, 0.22450636762, 0.00094107363489],
      [0.043634249838, 0.076088398165, 0.10392149405, 0.25472076148, 0.083459839083, 0.43817525738]
    ],
    [
      [0.0089857853828, 0.29969792315, 0.0024502296408, 0.047463569314, 0.62678166786, 0.01462082465],
      [0.0019277238233, 0.030450916173, 0.3409925069, 0.45803285457, 0.085713090662, 0.082882907881],
      [0.021475882137, 0.048634829921, 0.048740028036, 0.73841784516, 0.068448971418, 0.074282443329],
      [0.0096965541984, 0.056806443095, 0.0020533022652, 0.031026798971, 0.88353731354, 0.016879587931],
      [0.62761040239, 0.012795557593, 0.00045894289223, 0.19170995881, 0.16542916449, 0.0019959738346],
      [0.06342658305, 0.13437037748, 0.038016958982, 0.1567108998, 0.065490541551, 0.54198463914]
    ],
    [
      [0.023455179158, 0.19801495699, 0.0058072085683, 0.070390581513, 0.67018139591, 0.032150677861],
      [0.0025944740796, 0.011863109274, 0.44630900531, 0.3726036876, 0.049554810045, 0.1170749137],
      [0.034943524778, 0.032486571422, 0.071872891114, 0.71571045474, 0.03335597201, 0.11163058593],
      [0.021078274371, 0.045081387038, 0.0034432909936, 0.041537389678, 0.85989214001, 0.028967517905],
      [0.80683929526, 0.0045124674193, 0.00098568050247, 0.11678639522, 0.070876161599, 0],
      [0.085521236564, 0.043336222659, 0.040742980785, 0.11081335209, 0.030512347958, 0.68907385994]
    ],
    [
      [0.016693504522, 0.26102136789, 0.0033292469015, 0.086907774223, 0.61086536453, 0.02118274194],
      [0.0023033507678, 0.017692173656, 0.29256835699, 0.5572048822, 0.053239672836, 0.076991563556],
      [0.023451821454, 0.029296171388, 0.037655560714, 0.81685740203, 0.028846459948, 0.063892584464],
      [0.017109578729, 0.059037563971, 0.0019273551801, 0.05016399422, 0.84864869942, 0.023112808479],
      [0.70180792296, 0.0062117678683, 0.00048559175874, 0.20052849893, 0.08902602993, 0.0019401885504],
      [0.084386246214, 0.082005546297, 0.034730210414, 0.20466044536, 0.042033756758, 0.55218379496]
    ],
    [
      [0.014440026186, 0, 0, 0.017397189308, 0.96816278451, 0],
      [0.0029096646349, 0.003770579472, 0.039777952304, 0.71976278948, 0.19046034651, 0.0433186676],
      [0.052273038623, 0, 0, 0.84837120569, 0.099355755687, 0],
