{
  "Z_true": {},
  "V_true": [
    [10, 4, 569, 57, 1172, 53],
    [179, 219, 849, 152, 12770, 481],
    [369, 309, 175, 9144, 415, 444],
    [25, 773, 42, 433, 419, 86],
    [452, 49, 74, 597, 549, 797]
  ],
  "p_true": [
    [0.0054, 0.0021, 0.3051, 0.0306, 0.6284, 0.0284],
    [0.0122, 0.0149, 0.058, 0.0104, 0.8717, 0.0328],
    [0.034, 0.0285, 0.0161, 0.8423, 0.0382, 0.0409],
    [0.0141, 0.4348, 0.0236, 0.2435, 0.2357, 0.0484],
    [0.1795, 0.0195, 0.0294, 0.2371, 0.218, 0.3165]
  ],
  "Z_est": [
    [
      [0, 0.0053, 0.009, 0.0058, 0.0086, 0, 0.0057, 0.004, 0.0004, 0.0005, 0.0027, 0.0013, 0.0015, 0.0075, 0.0031, 0.0017, 0.0019, 0.0082, 0.001, 0.0004, 0.0022, 0.0021, 0.0038, 0.0011, 0.0002, 0.0165, 0, 0.0017, 0.0091, 0.0971, 0, 0.0137, 0.0148, 0.0058, 0.0065, 0.0621, 0.0088, 0.0046, 0.0002, 0.0126, 0.0028, 0.0209, 0],
      [0.5464, 0.4218, 0.7093, 0.4601, 0.6806, 0.115, 0, 0.3163, 0.0288, 0.0383, 0.2109, 0.1054, 0.115, 0.5943, 0.2492, 0.1342, 0.1534, 0.6518, 0.0767, 0.0288, 0.4158, 0.1629, 0.2971, 0.0863, 0.0192, 1.3036, 0, 0.1342, 0.7189, 0, 0.0485, 1.0831, 0.8085, 0.4601, 0.018, 0.2876, 0.6997, 0.3642, 0.0192, 0.9969, 0, 1.6583, 0.3163],
      [27.9046, 25.039, 42.111, 27.3153, 40.4038, 6.8288, 26.7462, 18.7792, 1.7072, 2.2763, 12.5195, 6.2597, 6.8288, 35.2822, 14.7958, 7.9669, 9.1051, 38.6966, 4.5525, 1.7072, 10, 9.6742, 17.6411, 5.1216, 1.1381, 77.3932, 54.0608, 7.9669, 42.6801, 5.6907, 2.8453, 64.3047, 69.7872, 27.3153, 30.7297, 17.072, 41.5419, 21.6246, 1, 59.183, 13.0886, 98.4487, 13.6925],
      [0.9, 0.9012, 1.5156, 0.9831, 1.4541, 0.2472, 1.4131, 0.6759, 0.0614, 0.0819, 0.4506, 0.2253, 0.2458, 1.2698, 0.5325, 0.2867, 0.3277, 1.3927, 0.1638, 0.0614, 0.3687, 0.3482, 0.6349, 0.1843, 0.041, 2.7854, 2.0481, 0.2867, 1.5361, 0.2048, 0.1024, 2.3143, 2.4987, 0.9831, 1.6056, 0.6144, 1.4951, 0.7783, 0.1791, 2.13, 0.6915, 3.5432, 5.7666],
      [27.5381, 17.5471, 29.511, 19.1423, 28.3146, 4.7856, 18.7435, 13.1603, 1.1964, 1.5952, 8.7735, 4.3868, 4.7856, 24.7254, 10.3687, 5.5832, 6.3808, 27.1182, 3.1904, 1.1964, 7.1784, 6.7796, 12.3627, 3.5892, 0.7976, 54.2364, 43.6963, 5.5832, 29.9098, 3.988, 1.994, 45.0641, 48.6533, 19.1423, 21.5351, 11.9639, 29.1122, 15.1543, 0.7976, 41.4749, 9.1723, 68.992, 13.1603],
      [0.111, 0.0857, 0.1441, 0.0935, 0.1383, 0.0234, 0.0915, 0.0643, 0.0058, 0.0078, 0.0429, 0.0214, 0.0234, 0.1208, 0.0506, 0.0273, 0.0312, 0.1325, 0.0156, 0.0058, 0.0351, 0.0331, 0.0604, 0.0175, 0.0039, 0.2649, 0.1948, 0.0273, 0.1461, 0.0195, 0.0097, 0.2201, 0.2376, 0.0935, 0.1052, 0, 0.1422, 0.074, 0.0039, 0.2026, 0.0448, 0.337, 0.0643]
    ],
    [
      [0, 0, 13.1306, 0.2487, 7.6629, 0, 1.0654, 0, 0, 0.3667, 13.2738, 1.4415, 0, 5.6781, 5.9807, 0, 0, 1.4044, 0, 0.5127, 0, 0.9728, 0, 0, 2.6911, 2.6635, 0, 3.6865, 11.4742, 0.6888, 0, 3.2823, 3.5029, 0.6903, 0.6457, 0.3121, 0.6941, 0.9632, 0, 7.5652, 0, 0.5146, 0],
      [0.085, 4.9744, 11.6454, 16.6916, 12.3376, 0, 0, 2.9365, 0.2385, 1.1561, 5.537, 2.7591, 1.5005, 4.1081, 8.2079, 0, 1.6579, 8.8787, 0, 0, 0.8807, 1.1335, 5.0706, 0, 1.3131, 4.0366, 0, 0, 5.7899, 0, 0.4322, 4.9744, 0, 1.794, 0, 0.473, 0.1564, 1.4597, 0.7095, 3.1177, 0, 17.4957, 0.8752],
      [0, 3.8659, 7.4526, 0, 19.1595, 2.2284, 3.129, 3.0562, 2.8751, 0.6709, 10.1773, 3.5709, 0, 10.496, 0, 0, 3.208, 4.1246, 0, 2.4701, 0, 3.7967, 2.4416, 1.8143, 0.806, 2.7885, 0, 8.7247, 0, 2.0228, 1.1031, 9.6399, 10.2878, 8.7242, 2.9877, 3.6555, 0.5174, 2.8288, 0, 0, 0.4932, 110.1871, 0],
      [0, 0, 0, 0, 0, 1.4791, 7.1507, 4.1298, 0.1402, 0.5739, 6.8323, 0, 0, 12.7358, 2.1884, 5.8238, 0, 2.6262, 1.3685, 4.2593, 1.0867, 0, 0, 2.7382, 0, 12.9012, 0.9046, 2.1694, 0, 0, 0, 8.5203, 35.1228, 0, 1.2075, 0.5836, 1.298, 1.8011, 2.8705, 41.5676, 1.4288, 0, 1.6728],
      [78.0427, 560.6076, 506.1212, 537.9885, 988.1857, 134.2663, 180.8484, 317.8548, 37.7942, 44.7688, 620.1823, 165.7634, 171.2041, 765.409, 686.4804, 189.9822, 187.9172, 237.6456, 125.7078, 80.2881, 97.4461, 126.9593, 254.4002, 83.8054, 45.6063, 452.1211, 153.6687, 398.4037, 1016.3912, 115.8821, 47.2755, 555.0236, 594.6077, 198.4024, 109.6051, 52.9758, 120.2422, 163.4943, 71.564, 707.091, 133.3723, 1110.4481, 107.2425],
      [3.8723, 40.5521, 5.6502, 16.0712, 46.6543, 9.0261, 5.8065, 20.0226, 2.9521, 2.4635, 22.9973, 12.4651, 11.2955, 39.573, 41.1426, 12.194, 10.2169, 6.3204, 8.9237, 10.4698, 8.5865, 6.1378, 21.0876, 4.6422, 0.5835, 20.4891, 6.4268, 23.0157, 59.3448, 9.4063, 4.1892, 28.5594, 7.4787, 10.3891, 5.554, 0, 6.0918, 8.4529, 11.856, 9.6585, 6.7057, 90.3544, 1.2094]
    ],
    [
      [0, 0.7702, 7.3416, 4.7268, 8.0792, 0, 2.8861, 0.4517, 0, 0.2347, 35.136, 6.2645, 1.493, 18.1194, 5.5601, 0, 0, 5.9596, 0.84, 1.056, 0, 5.2313, 1.4864, 0, 0.6394, 7.7345, 0, 2.0617, 5.7996, 1.0099, 0, 18.7581, 13.0421, 3.1512, 1.382, 2.207, 1.7129, 1.6665, 0, 19.1783, 0, 11.5656, 0],
      [0.6552, 5.8122, 5.3148, 7.267, 15.6918, 0, 0, 1.9779, 0.2791, 0.1699, 0.2954, 0.8979, 3.8689, 0, 2.5118, 0, 0.4247, 8.866, 0, 0, 1.8565, 2.8842, 9.4712, 0, 0.3883, 12.8829, 0, 0, 4.1984, 0, 1.934, 6.4227, 0, 3.105, 0, 1.9678, 0, 19.6669, 0.4854, 8.6638, 0, 8.3726, 0.8737],
      [0.5453, 3.6153, 4.4232, 2.8413, 4.8675, 0.7271, 1.7135, 1.6461, 0.6178, 0.1414, 0, 0.7473, 0.3113, 0, 0, 0, 0.4921, 13.2712, 0, 1.4007, 0, 1.3734, 2.1308, 0.6968, 3.6148, 0, 0, 1.2421, 0, 2.6961, 0.2121, 16.2887, 8.9925, 4.9337, 1.8407, 3.0559, 0, 7.9081, 0, 0, 0.9796, 25.7698, 0],
      [49.7705, 312.915, 402.5884, 256.074, 434.4046, 66.3607, 191.2341, 150.2331, 21.1985, 12.9035, 713.4053, 63.1799, 79.3454, 1022.2165, 190.7869, 47.0728, 29.8078, 314.9032, 50.6922, 58.0656, 141.0164, 119.4466, 189.6131, 63.5956, 26.0989, 595.5765, 110.6011, 113.3661, 309.9051, 49.357, 17.3989, 720.5304, 749.1891, 166.4796, 164.3937, 73.0429, 175.5808, 236.0668, 37.9414, 658.0765, 89.6675, 617.1545, 68.2946],
      [2.6751, 32.5414, 15.4619, 9.2431, 15.7985, 2.3599, 4.1662, 6.2127, 0.7539, 0.4589, 7.1633, 2.4255, 3.0483, 37.8596, 6.7848, 1.6061, 4.046, 0, 3.1075, 2.0649, 0, 6.1734, 6.9159, 2.2616, 1.0489, 29.8062, 8.6126, 4.0316, 23.8297, 1.8683, 0.6883, 0, 39.7764, 6.1621, 3.3837, 6.7264, 14.7401, 1.5931, 1.3111, 23.4027, 5.7173, 22.6161, 2.3599],
      [0.3539, 2.3459, 2.8702, 1.8479, 3.1585, 2.5523, 0, 2.4785, 0.1507, 0.0917, 0, 0.4849, 4.9332, 2.8045, 1.3564, 0.3211, 0.2294, 0, 0.3604, 0.4128, 10.1271, 0.8912, 1.3827, 2.446, 0.2097, 0, 0.7863, 2.2985, 2.2673, 2.0687, 0.7667, 0, 0, 4.1684, 0, 0, 5.9662, 3.0986, 0.2621, 4.6788, 0.6356, 4.5215, 0.4718]
    ],
    [
      [0.0786, 1.1138, 1.1662, 0.8517, 1.5986, 0, 0.5897, 0.4455, 0.0524, 0.0131, 0.8124, 0.2621, 0.0524, 1.6379, 0.9041, 0.2621, 0.1441, 0.6159, 0.1966, 0.1703, 0.3669, 0.3407, 0.4979, 0.1703, 0.0917, 1.2448, 0, 0.4324, 1.4021, 1.5604, 0, 1.8607, 1.0876, 0.3145, 0.3014, 0.0917, 0.131, 0.3538, 0, 1.14, 0.2883, 1.2055, 0.1703],
      [3.6283, 51.401, 53.8198, 39.3066, 73.7755, 7.8613, 24.9033, 20.5604, 2.4189, 0.6047, 37.4925, 12.0943, 2.4189, 75.5896, 41.7255, 7.8658, 6.6519, 28.4217, 4.9233, 6.9712, 16.9321, 15.7226, 22.9793, 4.9137, 4.233, 57.4481, 9.942, 17.8658, 64.7047, 4, 2.4713, 85.8698, 50.1915, 14.5132, 13.9085, 4.233, 6.0472, 16.3274, 11.4896, 52.6104, 12, 55.634, 7.8613],
      [0.0807, 1.143, 1.1968, 0.8741, 1.6405, 0.1748, 0.6051, 0.4572, 0.0538, 0.0134, 0.8337, 0.2689, 0.0538, 1.6809, 0.9278, 0.2689, 0.1479, 0.632, 0.2017, 1.0649, 0, 0.3496, 0.511, 3.1224, 0.0941, 1.2775, 0.2555, 0.4437, 1.4388, 0.121, 0.0538, 1.9095, 1.1161, 0.3227, 0.3093, 0.0941, 0.1345, 0.3631, 0, 1.1699, 0.2958, 1.2371, 0.1748],
      [0.2172, 3.0772, 3.222, 2.3531, 4.4167, 0.641, 3.9381, 1.2309, 0.1448, 0.0362, 2.2445, 0.724, 0.1448, 4.5253, 2.4979, 2.6032, 0.3982, 1.7015, 1.7643, 0.4706, 1.3902, 0.9413, 1.3757, 0.4706, 0.2534, 3.4392, 0.6878, 1.1947, 3.8736, 0.3258, 0.1448, 5.1407, 3.0048, 0.8688, 0.8326, 0.2534, 0.362, 0.9775, 1.1923, 3.1496, 0.7964, 3.3306, 0.4706],
      [1.9434, 27.5312, 28.8267, 21.0532, 39.5153, 4.2106, 14.5753, 11.0125, 1.2956, 0.3239, 20.0816, 6.4779, 1.2956, 40.487, 22.3488, 8.8273, 3.5629, 15.2231, 7.7846, 4.2106, 9.0691, 8.4213, 12.308, 4.2106, 2.2673, 30.7701, 7.9506, 10.6886, 34.6569, 2.9151, 1.2956, 45.9932, 26.8834, 7.7735, 7.4496, 2.2673, 3.239, 8.7452, 6.154, 28.179, 8.0046, 29.7984, 4.2106],
      [0.0518, 0.7339, 0.7684, 0.5612, 1.0534, 0.1122, 0.3885, 0.2936, 0.0345, 0.0086, 0.5353, 0.1727, 0.0345, 1.0793, 0.5958, 0.1727, 0.095, 0.4058, 0.1295, 0.1122, 0.2418, 0.2245, 0.3281, 0.1122, 0.0604, 0.8203, 0.1641, 2.3748, 0.9239, 0.0777, 0.0345, 1.2261, 0.7166, 0.2072, 0.1986, 0.0604, 0.0863, 0.2331, 0.1641, 0.7512, 0.6148, 0.7944, 0.1122]
    ],
    [
      [4.9214, 30.1107, 39.3526, 21.1669, 39.6507, 0, 7.4531, 16.0988, 1.9472, 2.385, 35.7751, 11.0307, 7.4531, 54.557, 23.5519, 4.7362, 7.8539, 14.0119, 5.9625, 6.2606, 8.6309, 7.4531, 14.0119, 5.8286, 3.5775, 25.3407, 1, 17.8177, 45.3151, 6.6439, 0, 50.0851, 39.3526, 9.8382, 5.6644, 4.3271, 7.4531, 14.0119, 1.9998, 47.1039, 4.7089, 64.6933, 4.8297],
      [0.0851, 0.3907, 0.5107, 0.2747, 0.5145, 0.0237, 0.0967, 0.2089, 0.0348, 0.031, 0.4643, 0.1431, 0.0967, 0.708, 0.3056, 0, 0.1122, 0.1818, 0, 0, 1.9149, 0.0967, 0.1818, 0, 0.0464, 0.3288, 0.058, 0, 0.5881, 0, 2.114, 0.65, 0, 0.1277, 0.0735, 0.0387, 0.0967, 0.1818, 2.2964, 0.6113, 0, 0.8395, 0.0735],
      [2.4694, 11.3368, 14.8164, 7.9694, 14.9286, 4.0408, 2.8061, 6.0613, 1.7461, 0.898, 13.4695, 4.1531, 2.8061, 20.5409, 6.2764, 1.7641, 4.0468, 5.2755, 1.2458, 2.3572, 0, 2.8061, 5.2755, 2.2449, 1.3469, 9.5409, 1.6837, 6.6225, 14.8811, 2.4694, 0.7857, 18.8572, 14.8164, 3.7041, 2.1327, 1.1225, 2.8061, 5.2755, 0, 9.6471, 3.1429, 24.3573, 2.1327],
      [1.1123, 5.1067, 6.674, 3.5898, 6.7246, 7.272, 1.264, 2.7303, 0.455, 0.4045, 6.0673, 1.8708, 1.264, 9.2526, 3.9943, 1.2135, 1.4663, 2.3764, 1.0112, 1.143, 2.1381, 1.264, 2.3764, 1.0112, 0.6067, 4.2977, 0.7584, 2.9831, 7.6853, 1.1123, 0.3539, 8.4942, 7.1847, 1.6685, 0.9607, 0.5056, 1.264, 2.3764, 0.8167, 16.0763, 1.4157, 10.9717, 1.7954],
      [2.8008, 10.7728, 14.0792, 7.5729, 14.1859, 5.3776, 2.6665, 5.7597, 0.9599, 0.8533, 12.7993, 3.9465, 2.6665, 19.5189, 11.0172, 6.0013, 3.0932, 5.0131, 3.2097, 2.2399, 3.3065, 2.6665, 5.0131, 2.1332, 1.2799, 9.0662, 5.0718, 6.293, 16.2125, 2.3465, 0.7466, 17.919, 14.0792, 3.5198, 2.0266, 1.0666, 2.6665, 5.0131, 1.1733, 16.8524, 6.7334, 23.1454, 2.0266],
      [10.611, 43.2823, 56.567, 30.4262, 56.9956, 19.2859, 10.7135, 23.1411, 3.8568, 3.4283, 51.4246, 15.8559, 10.7135, 78.4225, 33.8545, 10.2849, 12.4276, 20.1413, 8.5708, 8.9993, 15.0096, 10.7135, 20.1413, 8.7821, 5.1425, 36.4257, 6.4281, 25.2837, 67.318, 9.4278, 2.9998, 71.9944, 56.567, 14.1418, 8.1422, 2.9396, 10.7135, 20.1413, 4.7139, 67.709, 11.9991, 92.9928, 8.1422]
    ]
  ],
  "V_est": [
    [0.3549, 15.5345, 1048.826, 44.3301, 752.3803, 3.5742],
    [91.1129, 132.4263, 249.3041, 165.1812, 13333.087, 678.8885],
    [195.5452, 137.2056, 119.0961, 9959.551, 370.8025, 73.7996],
    [24.0199, 1054.3332, 27.1143, 70.828, 583.8382, 17.8664],
    [723.9671, 14.5004, 264.6595, 143.1097, 284.8919, 1086.8713]
  ],
  "p_est": [
    [0.0002, 0.0083, 0.5624, 0.0238, 0.4034, 0.0019],
    [0.0062, 0.009, 0.017, 0.0113, 0.9101, 0.0463],
    [0.018, 0.0126, 0.011, 0.9174, 0.0342, 0.0068],
    [0.0135, 0.593, 0.0152, 0.0398, 0.3284, 0.01],
    [0.2875, 0.0058, 0.1051, 0.0568, 0.1131, 0.4316]
  ],
  "EI_Z": {},
  "EI_V": 10.357,
  "MAE_Z": {},
  "MAE_V": 218.6492,
  "MAE_p": 0.0627,
  "runtime": 1.4221
}
