{
  "Z_true": {},
  "V_true": [
    [42, 29, 1082, 255],
    [1702, 842, 341, 104],
    [1743, 6861, 815, 603],
    [597, 303, 17552, 930],
    [360, 720, 858, 980]
  ],
  "p_true": [
    [0.0298, 0.0206, 0.7685, 0.1811],
    [0.5694, 0.2817, 0.1141, 0.0348],
    [0.1739, 0.6846, 0.0813, 0.0602],
    [0.0308, 0.0156, 0.9056, 0.048],
    [0.1234, 0.2467, 0.294, 0.3358]
  ],
  "Z_est": [
    [
      [5.4597, 10.3392, 11.5556, 4.631, 1.0136, 1.3489, 5.271, 2.8382, 5.0742, 3.9823, 2.0051, 3.4537, 7.501, 2.8382, 6.8928, 5.0682, 4.0546, 6.2846, 4.6246, 0.9675, 0.8109, 0, 13.7856, 6.515, 11.7583, 9.1228, 12.1637, 3.6491, 5.0682, 20.1575, 11.5556, 7.7037, 10.6612, 4.2573, 1.6218, 7.5864, 4.2573, 5.0742, 0.2027, 0, 0.2027, 0, 0.2027, 0.1285, 3.3631, 0.4055, 2.0554, 20.4254, 3.2437, 23.2914, 4.6628],
      [0.0918, 0.1315, 0.1643, 0.0746, 0.0144, 0.0677, 0.075, 0.0404, 0.166, 0.1275, 0.051, 0.049, 0.1067, 0.0404, 0.098, 0.1038, 0.0577, 0.0894, 0.0663, 0.0086, 0.6527, 0, 0.196, 0.0176, 0.0899, 0.1297, 0.045, 0.0519, 0.0721, 0.2018, 0.1643, 0.1095, 0.0913, 0.0605, 0.0231, 0.1038, 0.0605, 0.066, 0.0029, 0, 0.0029, 0, 0.4761, 0.3983, 0.0432, 0.0058, 0.0346, 0.343, 0.045, 0.2623, 0.0663],
      [21.3629, 40.3522, 45.0995, 18.198, 3.9561, 8.5518, 20.5717, 11.0771, 29.5827, 15.8268, 7.9122, 13.4507, 29.2751, 11.0771, 26.9014, 19.7487, 15.8244, 24.5278, 18.2362, 2.0084, 2.5237, 0, 53.8029, 29.3533, 46.0415, 35.6049, 47.6011, 14.2419, 19.7805, 49.4216, 45.0995, 30.0663, 41.1434, 16.6156, 6.3298, 28.1684, 16.6156, 19.7805, 0.7912, 0, 0.7912, 0, 0.3165, 2.3737, 11.5461, 1.5824, 9.7671, 97.9068, 12.6607, 67.1184, 18.198],
      [0.0856, 0.1771, 0.1806, 0.0963, 0.0158, 0.0317, 0.0824, 0.0444, 0.1771, 0.0634, 0.0317, 0.0466, 0.1173, 0.0444, 0.1078, 0.0792, 0.0634, 0.0982, 0.0729, 0.0155, 0.0127, 0, 0.2155, 0.1141, 0.1103, 0.1426, 0.1902, 0.057, 0.0792, 0.2191, 0.1806, 0.1204, 0.1041, 0.0666, 0.0254, 0.1414, 0.0666, 0.0792, 0.0032, 0, 0.0032, 0, 0.0047, 0.0995, 0.0475, 0.0063, 0.1429, 0.3247, 0.0507, 0.3278, 0.0729]
    ],
    [
      [57.1836, 78.2057, 87.9063, 33.3805, 19.0745, 13.3522, 45.7789, 37.1954, 47.6864, 43.5716, 17.9612, 41.2542, 56.2644, 64.852, 112.7175, 45.2701, 52.455, 69.6783, 46.1858, 10.491, 15.2596, 3.4825, 75.5156, 26.7044, 83.7038, 64.8535, 58.1774, 19.0745, 58.1774, 205.9118, 90.6317, 62.9163, 138.7885, 45.1794, 19.0745, 100.1414, 30.2058, 50.1811, 8.5835, 0.7057, 1.3214, 2.8684, 1.2829, 1.2829, 30.1949, 1.9132, 21.9777, 231.4469, 41.9914, 239.1385, 110.4061],
      [0.356, 0.4318, 0.5303, 0.1843, 0.1053, 0.0737, 0.2528, 0.2054, 0.2633, 0.4944, 1.2025, 0.2264, 0, 0.3595, 0.6161, 0.2475, 0.2896, 2.3357, 0.3236, 0.0579, 0.2026, 0.2677, 0.2031, 0.0683, 0, 0.3581, 0.1744, 0.0953, 0.3212, 1.1216, 0.5002, 0.3686, 0.7635, 0.2475, 0.1053, 0.5529, 0.1843, 0, 0.1584, 0.0105, 0.0811, 0.0072, 1.6377, 0.5218, 0.1632, 0.0072, 0.1316, 1.3112, 0.2475, 1.0499, 0.6424],
      [1.218, 1.6646, 6.7747, 0.7105, 0.406, 0.2842, 0.9744, 0.7917, 1.015, 0.9815, 0.406, 0.8729, 0.5719, 1.3804, 1.6192, 0.5092, 1.1165, 1.5428, 4.4314, 0.0999, 0.0882, 0.1015, 0.6661, 0.7101, 1.7661, 1.3804, 1.7862, 0.406, 1.0961, 2.9281, 1.9285, 5.2657, 2.9436, 0, 0.406, 2.1315, 0.7105, 0, 0.1934, 1.2407, 0.0406, 0.0382, 0.0147, 0.0406, 0, 0.0382, 0.9081, 11.738, 3.7879, 3.6557, 5.7856],
      [1.2424, 1.6979, 1.7886, 0.7247, 0.4141, 0.2899, 0.9939, 0.8075, 1.0353, 0.9525, 0.4304, 0.6465, 1.1637, 1.408, 2.0472, 0.9732, 1.1388, 2.4432, 1.0592, 0.3512, 0.4496, 1.1484, 1.6151, 0.5172, 1.53, 1.408, 0.862, 0.4242, 1.4053, 3.0385, 1.9395, 1.4494, 2.5044, 1.5731, 0.4141, 2.1742, 3.8994, 0.8189, 0.0646, 0.0431, 0.5569, 0.0862, 0.0646, 0.1547, 0.6419, 0.0414, 1.9826, 4.5039, 0.9732, 5.1559, 5.1659]
    ],
    [
      [9.317, 32.9218, 20.6525, 9.4628, 5.4324, 3.7987, 35.1443, 31.3481, 16.8335, 8.1301, 4.9067, 21.156, 22.7654, 10.8786, 31.5428, 12.7924, 12.3366, 16.1953, 12.6171, 2.8038, 1.321, 0.0603, 17.7538, 4.0406, 31.2958, 6.4906, 15.3692, 5.4664, 13.7537, 56.2514, 29.9941, 10.7233, 31.1485, 17.8204, 8.749, 20.5918, 5.6114, 13.8438, 2.2781, 0.1752, 0.2472, 0.3885, 0.3152, 0.3505, 12.5051, 0.701, 5.6076, 45.2275, 8.7806, 75.8541, 14.4531],
      [175.5565, 248.8813, 264.3676, 134.4848, 66.8625, 132.7486, 306.5191, 284.6422, 321.3659, 246.4701, 98.697, 124.9317, 106.6543, 177.0752, 321.7555, 186.0698, 132.6457, 296.6603, 161.3259, 15.3953, 14.3401, 6.2636, 101.1332, 34.0577, 173.8734, 100.2174, 86.9367, 47.5015, 138.5819, 436.254, 311.0004, 103.0693, 176.1528, 193.591, 74.3891, 203.3215, 61.5609, 71.4753, 14.118, 8.5687, 3.9147, 3.585, 3.9147, 10.3925, 100.3805, 3.3885, 188.2135, 578.764, 86.9367, 527.0404, 142.5551],
      [3.4041, 6.6666, 7.2011, 0, 1.6185, 6.3161, 16.6246, 22.8401, 7.6107, 3.7162, 2.0159, 6.3417, 2.9865, 0, 6.8747, 0, 2.8445, 7.052, 7.5249, 0.318, 0, 0, 0, 4.6705, 8.0802, 0, 6.6493, 4.3946, 0, 3.4126, 7.2936, 6.6085, 4.6243, 0, 6.1961, 2.9558, 0, 0.9785, 0.3468, 0.418, 0, 0, 0, 0, 2.0013, 0.0963, 9.6289, 18.4329, 2.2987, 11.6339, 6.6571],
      [24.7223, 57.5303, 34.7788, 25.0524, 10.0866, 14.1366, 37.712, 30.1696, 49.1899, 32.6837, 8.3804, 12.5707, 22.5938, 23.0462, 39.827, 27.1378, 20.1733, 46.0924, 20.5321, 6.4829, 1.3389, 1.6761, 20.1131, 9.2311, 29.7506, 21.292, 16.0448, 9.6375, 24.6644, 59.0821, 37.712, 17.5989, 28.0745, 30.5886, 14.6658, 38.131, 13.8277, 15.7024, 1.2571, 0.838, 0.838, 1.0265, 0.7701, 1.2571, 20.1131, 0.8142, 38.55, 87.5756, 14.984, 93.4716, 22.3347]
    ],
    [
      [6.9741, 13.6781, 0, 5.3523, 4.4467, 2.0814, 11.6357, 8.1275, 7.8302, 5.0794, 2.7753, 4.7531, 10.1099, 8.8214, 25.2568, 7.3177, 6.9996, 5.8418, 7.1364, 1.5859, 1.5781, 0.3965, 13.6692, 4.1629, 18.3171, 12.0447, 15.1354, 3.1717, 11.9047, 32.277, 27.0545, 5.4114, 21.3067, 10.3851, 3.37, 14.3719, 3.318, 7.8302, 1.2885, 0.0991, 0.1982, 0.7089, 0.1592, 0.1982, 5.8479, 0.3965, 1.721, 13.7923, 0.8907, 60.218, 8.9313],
      [2.5895, 1.2438, 3.8581, 7.9186, 1.2406, 1.9094, 1.9972, 1.4933, 6.8518, 3.5965, 2.0473, 0, 1.27, 7.6602, 4.7928, 8.2589, 4.9276, 4.3289, 2.5402, 0.2119, 0.5394, 0.9383, 1.4778, 0.497, 1.753, 10.2977, 1.2686, 0.6658, 2.7228, 6.3691, 11.1975, 1.2859, 2.5764, 3.0031, 0, 2.9538, 0.8893, 0, 0.3453, 0.0945, 0.7361, 0.0523, 0.194, 0.1569, 1.1933, 0, 0, 8.5139, 1.1955, 7.6377, 1.9617],
      [322.5516, 542.7365, 688.0326, 356.3679, 203.3226, 156.1006, 495.4778, 324.483, 535.9765, 292.6142, 141.4158, 160.3101, 378.5635, 277.4238, 500.3324, 303.6814, 292.889, 458.6401, 418.4573, 30.8214, 27.1953, 14.5129, 510.8676, 477.6032, 783.226, 500.5685, 646.1336, 172.2363, 339.9067, 833.9841, 845.1353, 487.7032, 767.5653, 282.8316, 110.0925, 471.6046, 140.5359, 231.7226, 49.2519, 15.7302, 14.9754, 11.9979, 4.5326, 11.5306, 193.3411, 10.5119, 269.7752, 1786.7342, 256.5428, 1127.7003, 379.8892],
      [1.8848, 4.3416, 3.1093, 2.3612, 0.9902, 0.9086, 2.8893, 1.8961, 4.3416, 1.7099, 0.7617, 0.9368, 2.0565, 2.0946, 3.618, 2.742, 3.1838, 4.1892, 1.8661, 0.3808, 0.6872, 0.1523, 2.9853, 2.737, 2.704, 7.0892, 3.4624, 0.9261, 7.4658, 5.3698, 3.6126, 1.5995, 2.5516, 2.7801, 0.5376, 11.0697, 1.2568, 1.4472, 0.1143, 0.0762, 0.0903, 0.2408, 0.1143, 0.1143, 1.6177, 0.0916, 3.5037, 7.9596, 1.371, 18.444, 2.2178]
    ],
    [
      [2.0655, 2.8553, 2.8857, 1.1734, 1.0328, 0.4188, 8.1701, 2.4908, 1.5757, 1.2366, 0.3518, 12.3831, 5.3594, 1.6099, 3.5901, 2.5515, 1.1543, 0, 1.436, 0.1519, 0.0304, 0.0608, 1.2758, 0.5771, 3.925, 1.4884, 1.1543, 0.6382, 2.0959, 6.4023, 2.7642, 1.2454, 2.0952, 2.3578, 1.1846, 2.3085, 0.6075, 2.0707, 0.6471, 0.0199, 0.0304, 1.0341, 0.0399, 0.0399, 7.0891, 0.5839, 0.6382, 7.1078, 1.0935, 5.4979, 0.5468],
      [19.4062, 24.3116, 26.0797, 18.3377, 10.7772, 11.2005, 33.1559, 24.6188, 29.3531, 24.3116, 8.0023, 13.7929, 10.969, 14.8646, 31.7376, 29.32, 10.0794, 27.5857, 15.744, 1.3262, 0.2652, 0.5305, 9.9898, 3.3594, 18.2836, 12.9971, 8.5753, 4.6855, 18.3021, 43.0536, 24.1375, 10.1667, 17.4159, 19.0978, 8.4825, 20.0681, 5.3049, 9.4586, 2.3753, 1.3262, 0.2652, 0.3555, 1.7775, 0.5305, 10.2197, 0.5986, 21.6203, 62.0679, 8.5753, 48.0098, 4.7745],
      [15.4633, 16.58, 22.8921, 12.7235, 7.6968, 6.7473, 35.3516, 15.808, 16.8151, 20.8613, 4.2501, 10.0246, 10.6029, 8.1187, 15.2723, 11.0608, 7.3257, 19.2373, 12.3502, 0.7524, 0.1928, 0.3856, 7.6633, 3.6628, 24.8863, 9.4463, 8.8297, 4.7211, 12.2167, 26.2536, 17.5431, 8.3563, 12.7235, 12.5528, 9.9757, 14.1396, 0.138, 7.5185, 1.4167, 2.6111, 0.1928, 0.9639, 0.1362, 0.0552, 7.1114, 0.7711, 18.9208, 56.1881, 7.7101, 33.8916, 3.4701],
      [31.0649, 50.2531, 43.1426, 33.7654, 14.4932, 16.6333, 48.3224, 39.0824, 59.2561, 42.5905, 10.3958, 15.7995, 28.0687, 28.4068, 49.4, 41.0677, 19.4407, 57.177, 25.4697, 2.7695, 0.5116, 1.0232, 23.0711, 11.4006, 36.9051, 25.0682, 19.4407, 11.9552, 36.3853, 73.2905, 46.5553, 21.2317, 33.7654, 37.9916, 19.3572, 39.4837, 13.9496, 19.9523, 1.5609, 1.0427, 0.5116, 2.6465, 2.0464, 1.3745, 25.5798, 2.0464, 47.8207, 108.6362, 18.6211, 93.6007, 9.2087]
    ]
  ],
  "V_est": [
    [289.1365, 5.4403, 1108.7832, 4.64],
    [2821.5573, 20.0604, 79.1676, 68.2148],
    [778.2046, 7808.6014, 219.3341, 1215.8599],
    [445.9584, 139.2534, 18656.1364, 140.6518],
    [109.1433, 781.6445, 584.5787, 1442.6335]
  ],
  "p_est": [
    [0.2054, 0.0039, 0.7875, 0.0033],
    [0.944, 0.0067, 0.0265, 0.0228],
    [0.0776, 0.7791, 0.0219, 0.1213],
    [0.023, 0.0072, 0.9625, 0.0073],
    [0.0374, 0.2679, 0.2003, 0.4944]
  ],
  "EI_Z": {},
  "EI_V": 12.4795,
  "MAE_Z": {},
  "MAE_V": 458.2353,
  "MAE_p": 0.0961,
  "runtime": 4.14
}
