{
  "X": [
    [5, 8, 25, 31, 0],
    [0, 1, 6, 8, 0],
    [4, 6, 8, 36, 1],
    [11, 11, 12, 27, 1],
    [1, 1, 2, 6, 1],
    [3, 6, 8, 3, 1],
    [1, 7, 4, 20, 2],
    [18, 20, 45, 47, 1],
    [2, 2, 2, 8, 1],
    [2, 3, 0, 3, 0],
    [0, 6, 9, 12, 0],
    [0, 2, 5, 12, 0],
    [3, 8, 9, 2, 1],
    [1, 22, 3, 5, 0],
    [1, 14, 8, 7, 1],
    [0, 6, 5, 11, 0],
    [2, 7, 10, 9, 1],
    [2, 8, 8, 5, 0],
    [0, 2, 6, 2, 1],
    [1, 8, 14, 11, 1],
    [17, 22, 54, 43, 0],
    [5, 5, 21, 16, 1],
    [5, 14, 19, 37, 6],
    [4, 3, 8, 18, 1],
    [0, 7, 3, 6, 0],
    [5, 19, 19, 12, 0],
    [0, 2, 6, 7, 2],
    [0, 3, 8, 3, 1],
    [5, 5, 19, 17, 0],
    [8, 14, 22, 25, 1],
    [2, 10, 28, 42, 0],
    [10, 12, 23, 36, 1],
    [3, 17, 10, 27, 0],
    [4, 7, 12, 16, 0],
    [6, 5, 7, 17, 0],
    [4, 8, 11, 36, 0],
    [7, 5, 27, 20, 0],
    [3, 2, 12, 5, 0],
    [1, 6, 10, 8, 1],
    [0, 0, 8, 1, 0],
    [0, 2, 10, 6, 0],
    [5, 5, 22, 24, 0],
    [5, 13, 22, 24, 1],
    [0, 6, 6, 18, 1],
    [0, 5, 2, 3, 1],
    [1, 1, 4, 5, 1],
    [1, 2, 2, 0, 1],
    [0, 3, 5, 6, 1],
    [1, 2, 5, 3, 0],
    [0, 4, 4, 3, 0],
    [2, 2, 9, 4, 0],
    [0, 6, 9, 17, 3],
    [3, 3, 15, 18, 1],
    [2, 10, 11, 6, 2],
    [2, 2, 4, 2, 1],
    [2, 2, 5, 9, 1],
    [0, 2, 2, 4, 0],
    [7, 9, 8, 17, 2],
    [0, 5, 4, 4, 1],
    [1, 4, 10, 20, 1],
    [4, 4, 8, 6, 0],
    [5, 10, 11, 29, 0],
    [2, 8, 29, 14, 2],
    [3, 4, 8, 14, 1],
    [1, 5, 6, 10, 2],
    [4, 4, 5, 7, 2],
    [0, 5, 8, 6, 0],
    [2, 3, 7, 4, 0],
    [1, 4, 9, 4, 0],
    [0, 3, 1, 7, 0],
    [1, 0, 5, 2, 0],
    [3, 8, 8, 13, 1],
    [1, 6, 11, 8, 1],
    [9, 15, 26, 32, 4],
    [2, 6, 5, 5, 1],
    [0, 2, 4, 1, 1],
    [0, 6, 5, 2, 0],
    [0, 7, 12, 6, 1],
    [1, 2, 1, 2, 0],
    [2, 4, 21, 32, 2],
    [2, 4, 5, 6, 2],
    [2, 0, 11, 8, 1],
    [11, 15, 16, 31, 4],
    [6, 10, 42, 31, 3],
    [9, 22, 37, 35, 5],
    [6, 11, 27, 47, 1],
    [0, 5, 3, 2, 0],
    [2, 3, 7, 8, 0],
    [2, 3, 3, 12, 2],
    [1, 2, 7, 8, 1],
    [0, 3, 4, 5, 1],
    [0, 2, 10, 7, 1],
    [0, 4, 11, 20, 2],
    [4, 8, 28, 40, 0],
    [1, 2, 5, 5, 2],
    [0, 1, 6, 2, 1],
    [1, 3, 8, 12, 1],
    [5, 10, 30, 29, 3],
    [1, 3, 10, 14, 0],
    [5, 9, 37, 45, 2],
    [4, 7, 13, 23, 1],
    [8, 14, 18, 26, 1],
    [1, 8, 8, 11, 0],
    [2, 8, 21, 32, 2],
    [0, 2, 12, 3, 0],
    [5, 4, 9, 9, 1],
    [21, 18, 61, 40, 0],
    [5, 8, 19, 18, 1],
    [7, 3, 15, 9, 0],
    [10, 8, 10, 14, 0],
    [2, 13, 20, 17, 1],
    [0, 8, 5, 3, 0],
    [4, 4, 9, 7, 2],
    [2, 3, 14, 14, 0],
    [0, 6, 4, 10, 0],
    [1, 4, 8, 6, 0],
    [2, 2, 4, 4, 0],
    [0, 3, 0, 2, 1],
    [0, 3, 8, 4, 1],
    [4, 5, 4, 6, 0],
    [0, 3, 4, 6, 1],
    [2, 2, 10, 9, 2],
    [2, 4, 10, 4, 0],
    [1, 6, 5, 1, 0],
    [1, 2, 5, 15, 0],
    [10, 10, 15, 53, 1],
    [8, 6, 18, 19, 2],
    [8, 8, 12, 43, 0],
    [7, 8, 12, 26, 3],
    [13, 18, 30, 82, 4],
    [2, 9, 4, 12, 0],
    [5, 10, 10, 14, 2],
    [0, 3, 6, 1, 0],
    [2, 2, 10, 8, 0],
    [3, 5, 7, 8, 0],
    [3, 5, 22, 25, 2],
    [6, 12, 16, 23, 0],
    [8, 16, 17, 37, 2],
    [2, 6, 12, 23, 1],
    [9, 5, 34, 35, 3],
    [1, 2, 2, 2, 2],
    [2, 1, 5, 11, 1],
    [2, 3, 2, 3, 0],
    [2, 1, 3, 2, 0],
    [5, 4, 5, 7, 0],
    [2, 3, 7, 15, 2],
    [4, 3, 4, 6, 0],
    [2, 7, 8, 22, 2],
    [2, 5, 7, 7, 3],
    [2, 4, 6, 8, 2],
    [3, 4, 10, 17, 0],
    [7, 9, 8, 34, 1],
    [3, 4, 10, 8, 0],
    [0, 8, 12, 13, 2],
    [5, 8, 16, 22, 0],
    [8, 9, 14, 42, 1],
    [5, 10, 12, 40, 3],
    [5, 4, 8, 9, 0],
    [10, 7, 23, 26, 0],
    [2, 4, 7, 6, 0],
    [2, 6, 16, 19, 1],
    [1, 14, 18, 17, 2],
    [1, 1, 3, 7, 0],
    [2, 1, 10, 8, 1],
    [4, 6, 11, 22, 1],
    [2, 5, 4, 8, 0],
    [0, 2, 2, 2, 1],
    [0, 0, 5, 2, 0],
    [4, 7, 13, 12, 5],
    [13, 8, 21, 42, 0],
    [7, 15, 17, 19, 0],
    [7, 14, 18, 15, 5],
    [3, 4, 8, 14, 0],
    [8, 23, 27, 40, 4],
    [0, 3, 8, 4, 0],
    [0, 0, 6, 7, 0],
    [2, 3, 3, 7, 0],
    [2, 2, 8, 4, 2],
    [0, 0, 2, 8, 0],
    [6, 4, 12, 6, 1],
    [0, 1, 9, 5, 0],
    [0, 0, 4, 2, 0],
    [4, 1, 5, 12, 0],
    [3, 1, 11, 39, 2],
    [1, 3, 5, 12, 0],
    [5, 3, 14, 24, 1],
    [0, 1, 3, 5, 1],
    [0, 3, 4, 2, 0],
    [0, 1, 5, 1, 1],
    [1, 1, 5, 3, 0],
    [1, 1, 3, 0, 1],
    [4, 3, 13, 7, 2],
    [1, 4, 9, 7, 0],
    [2, 1, 2, 3, 3],
    [2, 1, 3, 3, 0],
    [1, 3, 1, 2, 0],
    [0, 3, 1, 3, 0],
    [24, 18, 47, 27, 5],
    [1, 2, 16, 121, 0],
    [0, 1, 2, 3, 0],
    [3, 2, 9, 14, 1],
    [6, 11, 16, 60, 1],
    [0, 2, 3, 4, 0],
    [2, 4, 1, 5, 0],
    [18, 5, 19, 43, 4],
    [1, 3, 5, 2, 0],
    [2, 2, 9, 1, 1],
    [6, 8, 18, 23, 0],
    [3, 1, 8, 15, 0],
    [9, 17, 38, 56, 2],
    [2, 7, 23, 17, 1],
    [2, 8, 21, 20, 1],
    [0, 4, 6, 6, 0],
    [0, 2, 7, 18, 0],
    [2, 4, 15, 10, 2],
    [0, 2, 6, 4, 1],
    [1, 0, 2, 8, 2],
    [3, 6, 4, 5, 1],
    [1, 1, 12, 5, 1],
    [6, 4, 8, 23, 1],
    [8, 3, 19, 9, 0],
    [0, 1, 1, 3, 1],
    [0, 1, 7, 0, 1],
    [0, 2, 6, 2, 0],
    [0, 1, 5, 10, 0],
    [0, 1, 3, 3, 0],
    [0, 2, 5, 5, 0],
    [2, 0, 6, 9, 0],
    [5, 1, 9, 9, 0],
    [5, 7, 11, 32, 2],
    [9, 19, 38, 59, 5],
    [2, 6, 14, 15, 3],
    [1, 0, 5, 1, 0],
    [4, 1, 3, 3, 0],
    [2, 5, 21, 19, 0],
    [2, 0, 5, 0, 0],
    [2, 4, 4, 4, 1],
    [10, 15, 21, 37, 1],
    [14, 10, 31, 49, 3],
    [1, 7, 8, 13, 1],
    [10, 12, 21, 35, 1],
    [1, 1, 7, 3, 0],
    [1, 1, 2, 2, 0],
    [5, 5, 16, 11, 1],
    [5, 4, 5, 4, 0],
    [1, 1, 1, 3, 0],
    [0, 2, 2, 6, 0],
    [0, 4, 2, 2, 0],
    [0, 1, 7, 2, 0],
    [4, 4, 24, 25, 1],
    [1, 1, 3, 3, 0],
    [0, 3, 3, 4, 0],
    [10, 7, 14, 37, 6],
    [1, 1, 2, 6, 0],
    [3, 13, 40, 25, 0],
    [3, 8, 12, 16, 2],
    [0, 2, 12, 0, 0],
    [0, 2, 3, 6, 1],
    [5, 8, 16, 20, 2],
    [5, 8, 46, 36, 0],
    [6, 10, 37, 38, 5],
    [3, 11, 27, 17, 4],
    [3, 5, 29, 27, 0],
    [7, 10, 38, 23, 1],
    [3, 5, 18, 18, 1],
    [0, 0, 5, 6, 2],
    [7, 13, 13, 54, 5],
    [6, 5, 13, 29, 0],
    [5, 7, 10, 11, 1],
    [0, 2, 2, 3, 0],
    [7, 7, 9, 14, 0],
    [9, 15, 53, 85, 1],
    [6, 16, 21, 36, 4],
    [8, 7, 24, 33, 0],
    [4, 5, 6, 11, 3],
    [2, 3, 4, 6, 0],
    [1, 1, 0, 7, 1],
    [5, 13, 22, 55, 1],
    [4, 1, 11, 28, 1],
    [1, 0, 7, 11, 0],
    [7, 4, 11, 6, 1],
    [2, 1, 7, 2, 1],
    [3, 5, 19, 20, 0],
    [6, 12, 33, 31, 2],
    [9, 10, 15, 33, 2],
    [2, 3, 9, 21, 1],
    [1, 2, 10, 8, 1],
    [3, 6, 6, 9, 1],
    [2, 7, 19, 30, 3],
    [0, 2, 4, 0, 0],
    [2, 3, 4, 1, 0],
    [5, 4, 2, 6, 1],
    [4, 12, 26, 16, 6],
    [5, 16, 21, 36, 3],
    [1, 7, 35, 25, 0],
    [0, 2, 4, 1, 0],
    [0, 0, 12, 13, 0],
    [4, 6, 13, 20, 1],
    [2, 4, 6, 7, 0],
    [0, 2, 1, 4, 1],
    [4, 8, 15, 11, 2],
    [0, 2, 3, 3, 0],
    [8, 13, 37, 56, 5],
    [2, 9, 36, 16, 0],
    [2, 4, 7, 6, 0],
    [1, 6, 19, 18, 3],
    [0, 1, 5, 2, 0],
    [6, 8, 28, 32, 1],
    [0, 5, 12, 15, 0],
    [7, 17, 38, 44, 4],
    [2, 4, 4, 13, 0],
    [0, 1, 1, 4, 0],
    [5, 8, 15, 25, 0],
    [3, 4, 24, 13, 2],
    [10, 14, 30, 45, 2],
    [1, 1, 6, 3, 1],
    [7, 8, 31, 38, 3],
    [18, 36, 106, 60, 13],
    [556, 732, 1783, 2105, 140],
    [128, 148, 261, 306, 26],
    [188, 255, 481, 591, 47],
    [25, 40, 61, 48, 1]
  ],
  "W": [
    [6, 5, 31, 12, 6, 9, 0],
    [1, 1, 4, 1, 6, 2, 0],
    [7, 4, 36, 2, 2, 3, 1],
    [4, 3, 39, 7, 2, 6, 1],
    [1, 2, 5, 1, 0, 2, 0],
    [5, 1, 7, 5, 0, 1, 2],
    [4, 1, 19, 2, 1, 5, 2],
    [14, 10, 60, 24, 7, 14, 2],
    [2, 1, 6, 1, 0, 4, 1],
    [1, 0, 4, 0, 0, 2, 1],
    [5, 0, 11, 6, 3, 2, 0],
    [2, 2, 6, 4, 3, 2, 0],
    [7, 1, 6, 1, 4, 3, 1],
    [13, 3, 13, 1, 0, 0, 1],
    [7, 5, 9, 5, 3, 2, 0],
    [6, 0, 11, 0, 4, 1, 0],
    [5, 1, 9, 4, 8, 2, 0],
    [10, 3, 3, 2, 1, 4, 0],
    [3, 0, 1, 1, 5, 1, 0],
    [5, 3, 13, 11, 2, 1, 0],
    [22, 12, 50, 22, 14, 15, 1],
    [3, 4, 17, 15, 2, 6, 1],
    [11, 3, 38, 10, 1, 18, 0],
    [1, 3, 21, 4, 1, 3, 1],
    [2, 2, 8, 0, 1, 2, 1],
    [9, 2, 20, 7, 6, 9, 2],
    [2, 0, 8, 1, 3, 2, 1],
    [4, 0, 5, 2, 2, 1, 1],
    [5, 2, 15, 10, 5, 9, 0],
    [8, 5, 34, 10, 2, 7, 4],
    [7, 2, 44, 15, 2, 9, 3],
    [11, 7, 35, 11, 4, 11, 3],
    [10, 1, 33, 4, 3, 6, 0],
    [7, 4, 19, 2, 3, 3, 1],
    [2, 7, 17, 4, 1, 4, 0],
    [9, 3, 39, 3, 2, 3, 0],
    [8, 4, 24, 16, 0, 5, 2],
    [3, 1, 6, 5, 3, 3, 1],
    [5, 1, 9, 2, 5, 2, 2],
    [0, 0, 2, 3, 2, 2, 0],
    [4, 0, 4, 4, 4, 2, 0],
    [3, 0, 27, 12, 7, 5, 2],
    [7, 4, 22, 8, 9, 13, 2],
    [3, 0, 17, 5, 4, 1, 1],
    [3, 0, 2, 1, 5, 0, 0],
    [0, 0, 4, 1, 5, 1, 1],
    [0, 3, 1, 0, 1, 0, 1],
    [5, 0, 4, 0, 4, 1, 1],
    [1, 0, 3, 3, 3, 1, 0],
    [3, 0, 5, 2, 1, 0, 0],
    [5, 0, 5, 6, 0, 1, 0],
    [4, 1, 16, 2, 11, 1, 0],
    [3, 2, 18, 9, 3, 4, 1],
    [5, 0, 3, 9, 5, 9, 0],
    [1, 1, 2, 2, 4, 0, 1],
    [2, 1, 9, 4, 1, 0, 2],
    [1, 0, 2, 0, 4, 1, 0],
    [6, 6, 20, 6, 3, 2, 0],
    [3, 0, 3, 1, 3, 4, 0],
    [0, 1, 23, 7, 3, 2, 0],
    [6, 1, 6, 4, 0, 4, 1],
    [6, 4, 32, 2, 2, 8, 1],
    [6, 0, 18, 19, 4, 4, 4],
    [3, 0, 15, 5, 2, 4, 1],
    [2, 2, 9, 5, 3, 3, 0],
    [7, 1, 8, 2, 0, 3, 1],
    [4, 0, 8, 3, 2, 1, 1],
    [4, 3, 4, 3, 0, 2, 0],
    [5, 1, 5, 1, 5, 1, 0],
    [3, 1, 7, 0, 0, 0, 0],
    [1, 1, 3, 2, 0, 1, 0],
    [2, 0, 20, 6, 2, 2, 1],
    [5, 0, 9, 4, 3, 3, 3],
    [12, 9, 28, 18, 8, 4, 7],
    [4, 3, 5, 1, 3, 3, 0],
    [2, 0, 2, 1, 2, 0, 1],
    [1, 0, 5, 4, 3, 0, 0],
    [9, 0, 7, 5, 3, 2, 0],
    [0, 1, 2, 1, 0, 2, 0],
    [2, 0, 24, 10, 7, 16, 2],
    [5, 1, 4, 3, 0, 3, 3],
    [1, 0, 13, 3, 2, 3, 0],
    [10, 3, 38, 7, 4, 9, 6],
    [12, 7, 31, 26, 2, 11, 3],
    [16, 4, 38, 14, 10, 19, 7],
    [8, 5, 44, 10, 8, 16, 1],
    [3, 0, 1, 1, 2, 3, 0],
    [1, 2, 9, 4, 1, 1, 2],
    [3, 2, 10, 3, 3, 1, 0],
    [2, 0, 10, 3, 2, 1, 1],
    [1, 0, 5, 1, 1, 3, 2],
    [3, 0, 5, 4, 3, 5, 0],
    [3, 0, 24, 0, 2, 6, 2],
    [10, 3, 40, 18, 2, 5, 2],
    [1, 0, 6, 1, 0, 7, 0],
    [0, 0, 3, 3, 2, 1, 1],
    [1, 2, 8, 3, 5, 5, 1],
    [6, 2, 31, 17, 8, 11, 2],
    [3, 1, 14, 3, 1, 4, 2],
    [9, 4, 45, 17, 9, 10, 4],
    [5, 1, 28, 6, 2, 4, 2],
    [7, 2, 28, 7, 7, 15, 1],
    [2, 4, 14, 3, 4, 1, 0],
    [4, 1, 39, 7, 1, 10, 3],
    [2, 0, 3, 6, 3, 3, 0],
    [3, 6, 8, 5, 2, 2, 2],
    [29, 12, 41, 38, 3, 13, 4],
    [11, 2, 18, 12, 1, 4, 3],
    [5, 5, 9, 8, 2, 3, 2],
    [9, 5, 14, 6, 1, 4, 3],
    [5, 3, 19, 12, 4, 6, 4],
    [7, 0, 6, 1, 2, 0, 0],
    [4, 4, 6, 4, 2, 4, 2],
    [3, 1, 11, 6, 7, 3, 2],
    [1, 0, 8, 2, 5, 3, 1],
    [1, 0, 6, 4, 5, 3, 0],
    [1, 3, 5, 1, 0, 2, 0],
    [3, 0, 2, 0, 1, 0, 0],
    [1, 0, 2, 3, 6, 4, 0],
    [3, 1, 6, 2, 5, 2, 0],
    [5, 0, 4, 1, 2, 1, 1],
    [1, 0, 9, 6, 6, 2, 1],
    [5, 2, 3, 2, 4, 4, 0],
    [4, 0, 1, 3, 1, 3, 1],
    [3, 0, 12, 1, 3, 4, 0],
    [6, 5, 47, 12, 3, 13, 3],
    [10, 3, 21, 6, 4, 5, 4],
    [3, 7, 42, 5, 1, 10, 3],
    [8, 1, 29, 5, 4, 5, 4],
    [17, 11, 82, 14, 2, 14, 7],
    [3, 0, 12, 1, 6, 5, 0],
    [14, 2, 11, 6, 4, 4, 0],
    [0, 0, 1, 4, 4, 1, 0],
    [5, 0, 5, 6, 1, 3, 2],
    [4, 1, 10, 2, 3, 3, 0],
    [5, 4, 23, 7, 8, 6, 4],
    [5, 5, 29, 12, 1, 4, 1],
    [17, 6, 35, 10, 4, 7, 1],
    [5, 0, 19, 4, 7, 8, 1],
    [7, 5, 38, 20, 6, 8, 2],
    [3, 0, 4, 0, 1, 1, 0],
    [3, 1, 7, 3, 2, 3, 1],
    [1, 1, 4, 0, 3, 0, 1],
    [0, 1, 3, 3, 0, 1, 0],
    [2, 2, 6, 5, 0, 5, 1],
    [2, 1, 18, 2, 4, 2, 0],
    [0, 2, 12, 1, 2, 0, 0],
    [5, 2, 14, 7, 2, 9, 2],
    [2, 1, 11, 4, 3, 3, 0],
    [1, 0, 11, 3, 3, 2, 2],
    [4, 0, 16, 7, 5, 2, 0],
    [9, 6, 35, 2, 1, 4, 2],
    [4, 3, 6, 2, 5, 3, 2],
    [6, 0, 10, 7, 7, 4, 1],
    [8, 2, 32, 5, 1, 3, 0],
    [3, 7, 42, 10, 1, 10, 1],
    [8, 3, 42, 4, 6, 5, 2],
    [2, 1, 13, 3, 4, 2, 1],
    [10, 1, 29, 11, 7, 7, 1],
    [2, 0, 8, 1, 5, 3, 0],
    [4, 2, 17, 12, 1, 7, 1],
    [3, 2, 17, 8, 7, 13, 2],
    [0, 0, 9, 1, 0, 2, 0],
    [1, 1, 7, 4, 2, 5, 2],
    [4, 1, 14, 8, 4, 10, 3],
    [0, 0, 9, 2, 2, 5, 1],
    [1, 0, 1, 2, 1, 2, 0],
    [0, 0, 2, 3, 2, 0, 0],
    [3, 3, 15, 6, 4, 8, 2],
    [11, 9, 38, 7, 6, 11, 2],
    [6, 8, 24, 9, 0, 8, 3],
    [8, 6, 18, 9, 6, 7, 5],
    [3, 2, 17, 3, 3, 1, 0],
    [12, 5, 45, 12, 6, 14, 8],
    [2, 0, 3, 5, 1, 2, 2],
    [3, 0, 3, 5, 0, 2, 0],
    [1, 2, 7, 2, 2, 1, 0],
    [4, 0, 4, 3, 5, 2, 0],
    [2, 0, 5, 1, 0, 2, 0],
    [0, 3, 9, 4, 4, 7, 2],
    [1, 0, 5, 8, 1, 0, 0],
    [0, 0, 3, 1, 0, 2, 0],
    [1, 2, 9, 2, 2, 4, 2],
    [3, 1, 31, 5, 1, 14, 1],
    [3, 1, 10, 1, 1, 5, 0],
    [6, 0, 19, 8, 4, 10, 0],
    [0, 0, 4, 1, 5, 0, 0],
    [1, 0, 4, 1, 1, 2, 0],
    [0, 0, 1, 3, 3, 1, 0],
    [0, 1, 4, 2, 1, 2, 0],
    [1, 0, 1, 0, 2, 1, 1],
    [2, 1, 10, 10, 5, 1, 0],
    [7, 0, 6, 6, 0, 1, 1],
    [0, 0, 4, 0, 3, 3, 1],
    [1, 0, 1, 2, 2, 3, 0],
    [3, 0, 3, 0, 1, 0, 0],
    [0, 2, 1, 1, 2, 1, 0],
    [11, 17, 26, 39, 4, 17, 7],
    [7, 1, 101, 20, 3, 3, 5],
    [0, 0, 4, 0, 0, 2, 0],
    [2, 0, 18, 4, 1, 3, 1],
    [7, 2, 60, 7, 4, 14, 0],
    [2, 0, 2, 1, 2, 2, 0],
    [0, 2, 2, 2, 2, 2, 2],
    [10, 6, 21, 21, 10, 16, 5],
    [3, 0, 1, 2, 2, 3, 0],
    [2, 0, 2, 7, 1, 3, 0],
    [5, 5, 21, 13, 1, 8, 2],
    [0, 3, 16, 4, 2, 2, 0],
    [10, 8, 57, 24, 3, 17, 3],
    [4, 3, 22, 14, 3, 2, 2],
    [4, 2, 23, 15, 1, 3, 4],
    [2, 0, 5, 3, 1, 4, 1],
    [3, 2, 13, 4, 2, 2, 1],
    [2, 1, 10, 5, 9, 5, 1],
    [2, 1, 3, 3, 3, 1, 0],
    [0, 1, 9, 2, 0, 1, 0],
    [3, 2, 7, 2, 1, 4, 0],
    [1, 0, 5, 6, 6, 2, 0],
    [2, 4, 23, 3, 3, 6, 1],
    [11, 5, 8, 10, 1, 4, 0],
    [1, 0, 3, 0, 0, 2, 0],
    [0, 0, 2, 5, 0, 2, 0],
    [2, 1, 1, 4, 2, 0, 0],
    [0, 0, 7, 4, 1, 3, 1],
    [0, 0, 2, 3, 0, 2, 0],
    [1, 0, 5, 2, 0, 3, 1],
    [0, 1, 8, 3, 2, 3, 0],
    [1, 0, 13, 6, 1, 2, 1],
    [4, 4, 32, 5, 2, 9, 1],
    [16, 9, 59, 9, 12, 19, 6],
    [3, 3, 14, 7, 4, 4, 5],
    [0, 0, 1, 1, 4, 0, 1],
    [0, 2, 2, 5, 1, 1, 0],
    [1, 2, 14, 16, 2, 11, 1],
    [0, 0, 1, 4, 1, 0, 1],
    [4, 2, 4, 2, 2, 1, 0],
    [5, 4, 44, 15, 5, 9, 2],
    [7, 9, 58, 17, 6, 8, 2],
    [3, 1, 13, 3, 4, 4, 2],
    [6, 7, 31, 16, 9, 9, 1],
    [0, 0, 2, 2, 1, 6, 1],
    [3, 0, 0, 1, 0, 2, 0],
    [3, 2, 17, 3, 4, 9, 0],
    [3, 1, 5, 4, 1, 4, 0],
    [0, 0, 3, 1, 0, 2, 0],
    [1, 0, 4, 1, 0, 4, 0],
    [3, 0, 3, 1, 1, 0, 0],
    [0, 0, 1, 4, 2, 3, 0],
    [3, 2, 21, 17, 4, 4, 7],
    [0, 1, 4, 3, 0, 0, 0],
    [0, 2, 3, 2, 2, 1, 0],
    [2, 6, 41, 6, 2, 11, 6],
    [0, 1, 5, 1, 0, 2, 1],
    [3, 1, 38, 13, 9, 10, 7],
    [1, 3, 16, 9, 1, 6, 5],
    [0, 0, 2, 3, 5, 2, 2],
    [0, 0, 7, 1, 0, 3, 1],
    [5, 3, 24, 8, 0, 9, 2],
    [4, 8, 46, 22, 7, 7, 1],
    [12, 5, 51, 7, 4, 9, 8],
    [4, 3, 37, 8, 3, 3, 4],
    [4, 3, 37, 13, 1, 5, 1],
    [6, 5, 36, 15, 3, 13, 1],
    [3, 4, 19, 8, 4, 4, 3],
    [0, 0, 8, 3, 1, 1, 0],
    [9, 8, 46, 11, 3, 8, 7],
    [3, 5, 26, 14, 2, 2, 1],
    [7, 2, 14, 5, 2, 4, 0],
    [0, 1, 1, 2, 1, 2, 0],
    [4, 9, 13, 7, 0, 2, 2],
    [13, 10, 82, 39, 1, 16, 2],
    [10, 14, 32, 14, 2, 9, 2],
    [9, 5, 28, 25, 1, 4, 0],
    [2, 1, 10, 6, 1, 5, 4],
    [3, 2, 4, 2, 1, 2, 1],
    [1, 0, 4, 0, 0, 3, 2],
    [7, 5, 50, 21, 1, 11, 1],
    [0, 1, 20, 9, 3, 8, 4],
    [1, 1, 8, 2, 2, 3, 2],
    [5, 4, 4, 6, 2, 5, 3],
    [1, 0, 5, 4, 0, 1, 2],
    [6, 3, 18, 8, 4, 7, 1],
    [6, 4, 29, 24, 1, 19, 1],
    [5, 5, 39, 9, 3, 5, 3],
    [5, 0, 25, 2, 2, 2, 0],
    [2, 0, 7, 2, 2, 6, 3],
    [4, 2, 12, 3, 0, 4, 0],
    [1, 0, 28, 6, 6, 17, 3],
    [2, 0, 1, 3, 0, 0, 0],
    [6, 2, 0, 2, 0, 0, 0],
    [1, 2, 8, 1, 2, 4, 0],
    [7, 0, 20, 17, 5, 11, 4],
    [10, 2, 35, 17, 4, 9, 4],
    [7, 0, 26, 25, 5, 4, 1],
    [1, 1, 0, 3, 2, 0, 0],
    [0, 0, 9, 8, 1, 5, 2],
    [5, 3, 14, 12, 4, 4, 2],
    [0, 1, 7, 2, 0, 6, 3],
    [1, 0, 4, 0, 1, 2, 0],
    [3, 3, 13, 6, 13, 1, 1],
    [0, 0, 3, 2, 1, 1, 1],
    [10, 5, 66, 23, 1, 12, 2],
    [9, 2, 16, 31, 1, 2, 2],
    [2, 1, 9, 5, 0, 2, 0],
    [3, 3, 15, 12, 3, 6, 5],
    [0, 0, 1, 3, 3, 1, 0],
    [8, 2, 34, 15, 1, 9, 6],
    [12, 0, 10, 7, 1, 2, 0],
    [16, 6, 43, 27, 2, 10, 6],
    [4, 1, 13, 2, 1, 2, 0],
    [1, 0, 3, 0, 0, 2, 0],
    [6, 4, 26, 10, 1, 4, 2],
    [4, 1, 15, 17, 1, 8, 0],
    [10, 8, 50, 15, 4, 9, 5],
    [2, 1, 2, 4, 1, 2, 0],
    [14, 4, 42, 17, 2, 5, 3],
    [18, 8, 65, 41, 56, 34, 11],
    [633, 435, 2089, 1017, 333, 640, 169],
    [118, 101, 348, 160, 37, 64, 41],
    [217, 106, 680, 234, 109, 162, 54],
    [45, 24, 50, 34, 12, 8, 2]
  ],
  "method": "mvn_pdf",
  "cond_prob": [
    [
      [0.068038956912, 0.42816075146, 0.34462185484, 0.1591784368, 0],
      [0.5295213044, 0.19792814525, 0.10119420676, 0.17135634359, 0],
      [0.027392102833, 0.068703695504, 0.15315856541, 0.75074563625, 0],
      [0.028130479303, 0.015427169134, 0.84512666121, 0.11131569036, 0],
      [0.030038955939, 0.18839333697, 0.68157322816, 0.099994478937, 0],
      [0.064133895715, 0.11067712811, 0.38304700067, 0.44214197551, 0],
      [0.088973078053, 0.12618380836, 0.47129509992, 0.27240683948, 0.041141174183]
    ],
    [
      [0, 0.23818518732, 0.32004431588, 0.4417704968, 0],
      [0, 0.26644720352, 0.15230180648, 0.58125099, 0],
      [0, 0, 0.075825961187, 0.92417403881, 0],
      [0, 0.006735576778, 0.72130772698, 0.27195669624, 0],
      [0, 0.072097016347, 0.68530091254, 0.24260207112, 0],
      [0, 0.028024967152, 0.19561841535, 0.7763566175, 0],
      [0.015320841927, 0.05045242028, 0.30437427022, 0.6124205232, 0.01743194437]
    ],
    [
      [0.07586319518, 0.42403287265, 0.24034692965, 0.25089395475, 0.008863047775],
      [0.53170068935, 0.16909798817, 0.060861084624, 0.23541585915, 0.002924378711],
      [0.027310777653, 0.042100098178, 0.070892402164, 0.84244061864, 0.017256103369],
      [0.043337060849, 0.015886178129, 0.72712183856, 0.21133023714, 0.0023246853249],
      [0.016483847551, 0.20987363099, 0.5426183953, 0.17797712138, 0.053047004778],
      [0.049138622005, 0.091393394683, 0.22683555954, 0.59930280004, 0.033329623727],
      [0.091909198014, 0.11407460211, 0.30201352972, 0.3976934921, 0.094309178056]
    ],
    [
      [0.22112196274, 0.57170404484, 0.12847757668, 0.074692181401, 0.0040042343379],
      [0.8367853791, 0.10878501695, 0.017632131103, 0.035838554234, 0.00095891862092],
      [0.10650809782, 0.1493789392, 0.11729395323, 0.60934293215, 0.017476077606],
      [0.20600712759, 0.03651902151, 0.64718647303, 0.10769492527, 0.0025924526048],
      [0.067057971211, 0.40942457785, 0.41468022573, 0.074748683595, 0.034088541619],
      [0.24927418075, 0.21393774554, 0.21415518116, 0.29618371861, 0.026449173938],
      [0.37952927687, 0.20294136165, 0.21413227417, 0.14887710227, 0.054519985038]
    ],
    [
      [0.041201964447, 0.37481297512, 0.27071347044, 0.26061917084, 0.05265241915],
      [0.44776153045, 0.16811489695, 0.08279664961, 0.28155648143, 0.019770441564],
      [0.0031627686116, 0.035073358692, 0.080586269344, 0.80877135374, 0.072406249613],
      [0.016482596392, 0.011042603621, 0.79494512432, 0.1660505019, 0.01147917376],
      [0.0053279116196, 0.089087426988, 0.37653482615, 0.1123465558, 0.41670327944],
      [0.0154892676, 0.051273916954, 0.18290837965, 0.48318029785, 0.26714813795],
      [0.0078444203825, 0.013895629277, 0.053594793382, 0.079167952542, 0.84549720442]
    ],
    [
      [0.099759490495, 0.68246345009, 0.18953939242, 0.0013989272812, 0.026838739716],
      [0.70895066976, 0.22155913174, 0.043027465677, 0.020769168989, 0.005693563828],
      [0.127450741, 0.21296313745, 0.22432787626, 0.37637265004, 0.058885595246],
      [0.085012640173, 0.014591429625, 0.86763124173, 0.0092773114015, 0.023487377069],
      [0.022525253862, 0.39228111993, 0.50803591367, 0.028209375045, 0.048948337491],
      [0.12393019117, 0.28700706266, 0.37331408598, 0.15651897988, 0.059229680308],
      [0.17555164936, 0.25770872244, 0.36375507188, 0.06736105372, 0.13562350261]
    ],
    [
      [0.032771179959, 0.67453777005, 0.11929814006, 0.1563787931, 0.017014116834],
      [0.36476574919, 0.37199261966, 0.045282026248, 0.21150228017, 0.0064573247323],
      [0.0092685099482, 0.10859067791, 0.030509153796, 0.80646672728, 0.045164931069],
      [0.034421881803, 0.041901641214, 0.68551365938, 0.23029620119, 0.0078666164125],
      [0.0088365562617, 0.39056807714, 0.34382417038, 0.13431354665, 0.12245764957],
      [0.029508923814, 0.19387873612, 0.15951557866, 0.52657619675, 0.090520564647],
      [0.051411451508, 0.21143418983, 0.19271105447, 0.30616389819, 0.23827940599]
    ],
    [
      [0.13009200995, 0.49533935878, 0.27553462097, 0.09620007102, 0.0028339392751],
      [0.70729096764, 0.16212159146, 0.057681987157, 0.072778354831, 0.00012709890854],
      [0.083992491001, 0.11021992059, 0.17412911886, 0.6260460357, 0.0056124338545],
      [0.074094329993, 0.021538978527, 0.82151389695, 0.08285279453, 0],
      [0.028637885328, 0.25393148345, 0.62100144348, 0.069644407607, 0.026784780129],
      [0.12176525609, 0.1579716893, 0.37378820219, 0.3233519024, 0.023122950022],
      [0.19140501089, 0.16238915412, 0.41078492085, 0.17987437984, 0.055546534291]
    ],
    [
      [0.12615151069, 0.49034102871, 0.16033405491, 0.19721998017, 0.025953425515],
      [0.74988175161, 0.10577027603, 0.021467270957, 0.11401579457, 0.008864906841],
      [0.064087455223, 0.058156655438, 0.026025401172, 0.793076228, 0.058654260166],
      [0.081877734392, 0.020714955025, 0.68123483218, 0.20565699735, 0.010515481062],
      [0.027019256323, 0.24489573475, 0.44778756218, 0.16734169343, 0.11295575331],
      [0.096695562695, 0.1074777998, 0.1543496907, 0.54967793601, 0.091799010785],
      [0.1446305105, 0.11398157967, 0.20307861721, 0.32871813569, 0.20959115693]
    ],
    [
      [0.10843649449, 0.83453387859, 0, 0.057029626916, 0],
      [0.98542273726, 0.012389858243, 0.00044006353144, 0.001740786188, 6.5547736232e-06],
      [0.14462993585, 0.27168701074, 0, 0.5836830534, 0],
      [0.46917606885, 0.079414059431, 0.36277331846, 0.088350199906, 0.00028635335463],
      [0.064180671079, 0.80917592078, 0.091842125931, 0.032476097083, 0.0023251851262],
      [0.36006230944, 0.38934611611, 0, 0.25059157445, 0],
      [0.59291914322, 0.30002584622, 0, 0.10705501056, 0]
    ],
    [
      [0, 0.65627810969, 0.19657477987, 0.14714711045, 0],
      [0.28166416932, 0.40815532531, 0.081652132901, 0.22774464242, 0.00078373004616],
      [0, 0.089414179522, 0.10345240837, 0.80713341211, 0],
      [0, 0.035676818879, 0.79990750396, 0.16441567716, 0],
      [0, 0.36436568178, 0.51489505422, 0.120739264, 0],
      [0, 0.21394775911, 0.26750971108, 0.51854252981, 0],
      [0.040409448299, 0.2360829061, 0.35862752272, 0.33986255155, 0.02501757133]
    ],
    [
      [0, 0.3148907406, 0.18840359471, 0.4967056647, 0],
      [0, 0.31110328708, 0.075419127765, 0.61347758515, 0],
      [0, 0.012855082329, 0.085905793237, 0.90123912443, 0],
      [0, 0.018455334228, 0.58303554895, 0.39850911682, 0],
      [0, 0.16865405768, 0.46383264553, 0.36751329679, 0],
      [0, 0.04554897036, 0.11663983161, 0.83781119803, 0],
      [0.017285974636, 0.062930855503, 0.17896495661, 0.72765123513, 0.013166978113]
    ],
    [
      [0.079203252542, 0.61692733532, 0.2709056703, 0, 0.032963741843],
      [0.72138948617, 0.20142821159, 0.057013720798, 0.014950757082, 0.0052178243627],
      [0.17764128025, 0.21514955101, 0.29285223869, 0.2657807172, 0.048576212853],
      [0.058482496555, 0.023617619792, 0.89426732818, 0.018221908167, 0.0054106473077],
      [0.018269172867, 0.30472768156, 0.62489571937, 0, 0.052107426204],
      [0.12172009029, 0.24137576184, 0.47726745608, 0.10525735445, 0.054379337332],
      [0.16162060563, 0.22252750357, 0.46388058109, 0.056370968216, 0.095600341496]
    ],
    [
      [0.013072881971, 0.86643916709, 0.056708334919, 0.063779616018, 0],
      [0.13176151342, 0.80790495361, 0.025972587379, 0.034360945592, 0],
      [0.027857556632, 0.56632885949, 0.10165370545, 0.30415987843, 0],
      [0.031027662234, 0.19415515474, 0.71649372373, 0.058323459299, 0],
      [0.0033988061794, 0.83314773752, 0.14716170878, 0.013319131836, 0.0029726156876],
      [0.021379707064, 0.74643955954, 0.13372358578, 0.09415021974, 0.0043069278751],
      [0.04159209568, 0.75614563893, 0.14688198927, 0.055380276123, 0]
    ],
    [
      [0.0024041605112, 0.79183624606, 0.11366235621, 0.068444002692, 0.023653234529],
      [0.16543690103, 0.65742475832, 0.068004657413, 0.092577574292, 0.016556108952],
      [0.0053574204057, 0.25355843624, 0.15142274911, 0.54277218506, 0.046889209184],
      [0.013962950401, 0.033088850908, 0.82528921993, 0.11050182021, 0.017157158551],
      [1.8785951217e-05, 0.59788766366, 0.30308066416, 0.051550307789, 0.04746257844],
      [0.018949238891, 0.46444465716, 0.2329236927, 0.23294720985, 0.050735201402],
      [0.032396810734, 0.49170880722, 0.24087462622, 0.11932986145, 0.11568989436]
    ],
    [
      [0, 0.6122136187, 0.22533311365, 0.16245326765, 0],
      [0.29941791366, 0.36668984261, 0.087217087139, 0.24584998985, 0.00082516674066],
      [0, 0.07746884839, 0.10510043095, 0.81743072067, 0],
      [0.015650492667, 0.024128475219, 0.80288773846, 0.15678950145, 0.00054379220359],
      [0, 0.32126852458, 0.55427799997, 0.12445347545, 0],
      [0, 0.1894868572, 0.27478457782, 0.53572856499, 0],
      [0.038764628831, 0.20595212538, 0.37617807231, 0.35354998305, 0.025555190434]
    ],
    [
      [0.074051466995, 0.59299965751, 0.20791163286, 0.10928858139, 0.015748661247],
      [0.5899535453, 0.2386592589, 0.055566297479, 0.11207632944, 0.0037445688765],
      [0.053141974754, 0.097318983056, 0.10342696843, 0.71401004003, 0.032102033726],
      [0.052268172747, 0.022912586865, 0.80167266667, 0.11352315733, 0.0096234163898],
      [0.027322434633, 0.30839663846, 0.521550456, 0.079874887287, 0.062855583624],
      [0.06692958944, 0.18082407547, 0.29746925383, 0.41114933786, 0.043627743401],
      [0.10666029191, 0.20068466434, 0.35239419898, 0.23785425681, 0.10240658796]
    ],
    [
      [0.034986835898, 0.56694069012, 0.29851998616, 0.099552487824, 0],
      [0.4420997426, 0.32333178924, 0.10719180576, 0.12737666239, 0],
      [0.029240613172, 0.11327511125, 0.18134723162, 0.67613704396, 0],
      [0.020965785711, 0.018449810005, 0.88629365838, 0.0742907459, 0],
      [0.014622465686, 0.26478929622, 0.65768660628, 0.062901631807, 0],
      [0.044889134145, 0.17977087028, 0.42972727579, 0.34561271978, 0],
      [0.068302315971, 0.20357900678, 0.51348741469, 0.19983604289, 0.014795219669]
    ],
    [
      [0, 0.41505686852, 0.40033930704, 0.13650905346, 0.048094770978],
      [0.3008884668, 0.28184831855, 0.19247403856, 0.2168345999, 0.0079545761867],
      [0, 0.053542523752, 0.15201236158, 0.75585335339, 0.038591761279],
      [0, 0.011689328742, 0.90662805737, 0.068314234306, 0.013368379588],
      [0, 0.11860035101, 0.66000509782, 0.079585165559, 0.1418093856],
      [0, 0.096595786868, 0.4403161708, 0.36837942414, 0.094708618186],
      [0.012896722183, 0.087383570259, 0.48035045752, 0.17126166555, 0.24810758448]
    ],
    [
      [0.015605791609, 0.69513085859, 0.19444439117, 0.081017040133, 0.013801918503],
      [0.2782118535, 0.4864853953, 0.090891921891, 0.13666899436, 0.0077418349499],
      [0.0011273584396, 0.14286663121, 0.15238930049, 0.66260841257, 0.04100829729],
      [0.0038209335604, 0.018893246737, 0.85909418538, 0.099938196547, 0.01825343778],
      [0.0030213294641, 0.37457102739, 0.49830569298, 0.065411275513, 0.058690674651],
      [0.024606893649, 0.25065554652, 0.32739394701, 0.34085573983, 0.056487872995],
      [0.039968463689, 0.2620852906, 0.36152164547, 0.18795461037, 0.14846998986]
    ],
    [
      [0.10597286707, 0.4444839964, 0.34418917885, 0.10535395768, 0],
      [0.65835465474, 0.16862798399, 0.081862483099, 0.091154878167, 0],
      [0.066901420275, 0.096416845711, 0.19837836712, 0.63830336689, 0],
      [0.048956467287, 0.018017195446, 0.85698869097, 0.076037646294, 0],
      [0.038002764738, 0.2034594064, 0.69085181494, 0.067686013923, 0],
      [0.10830111155, 0.13294103691, 0.43414425318, 0.32461359836, 0],
      [0.18967239388, 0.13804844269, 0.488729504, 0.18354965943, 0]
    ],
    [
      [0.088275742483, 0.45125566403, 0.33291859376, 0.11952107452, 0.0080289252093],
      [0.62686983015, 0.1767144312, 0.081946958865, 0.11039028202, 0.0040784977555],
      [0.054734081748, 0.082318865943, 0.16258393022, 0.67612377331, 0.024239348782],
      [0.04682473457, 0.018820886043, 0.84673977974, 0.07766753881, 0.0099470608376],
      [0.017461007241, 0.19475294226, 0.67212243686, 0.075479240413, 0.04018437323],
      [0.073937891834, 0.12310240633, 0.40080454723, 0.36360833693, 0.038546817679],
      [0.11629367818, 0.12952094893, 0.45936071632, 0.2081499176, 0.086674738969]
    ],
    [
      [0.063525344521, 0.5558687545, 0.21009816981, 0.1412008913, 0.029306839865],
      [0.50757587175, 0.26646249642, 0.064743628977, 0.14975470267, 0.011463300179],
      [0.03849897006, 0.10517529897, 0.11271857019, 0.70743382115, 0.036173339627],
      [0.044192099702, 0.030378630567, 0.77685368781, 0.14857558192, 0],
      [0.011455784281, 0.2283075621, 0.3812896484, 0.078120790731, 0.30082621449],
      [0.047897552858, 0.14207227681, 0.2256420584, 0.36395357079, 0.22043454115],
      [0.055122126858, 0.10872793429, 0.18830004109, 0.14998835384, 0.49786154392]
    ],
    [
      [0.10825903662, 0.44663198677, 0.27710508546, 0.15933038662, 0.0086735045263],
      [0.68195420501, 0.13962594862, 0.056235857993, 0.11798469207, 0.004199296308],
      [0.05736517625, 0.067484066447, 0.11572388494, 0.72778982929, 0.031637043074],
      [0.057633003009, 0.015810618793, 0.80226614967, 0.11924991801, 0.0050403105201],
      [0.022370141767, 0.20360842216, 0.61181569134, 0.10769188046, 0.054513864277],
      [0.083382425606, 0.10996475341, 0.31189657347, 0.45103113664, 0.043725110872],
      [0.13816021648, 0.12057961444, 0.36741574636, 0.26534415971, 0.10850026302]
    ],
    [
      [0, 0.85679448753, 0.085907764858, 0.057297747611, 0],
      [0, 0.84008818072, 0.066145717315, 0.093766101968, 0],
      [0, 0.16629855526, 0.20710763334, 0.6265938114, 0],
      [0.010882133659, 0.087350320029, 0.82425265592, 0.077134347637, 0.00038054275646],
      [0, 0.67119526405, 0.28033464479, 0.048470091168, 0],
      [0, 0.50574266532, 0.24514372159, 0.24911361309, 0],
      [0, 0.59316562675, 0.26840988094, 0.13842449231, 0]
    ],
    [
      [0.056001360413, 0.73585254765, 0.16961488223, 0.038531209711, 0],
      [0.48195270877, 0.4163266834, 0.057144492899, 0.044576114939, 0],
      [0.087845095116, 0.22321024571, 0.2390651672, 0.44987949197, 0],
      [0.060291767503, 0.023549909683, 0.85723589185, 0.058922430965, 0],
      [0.030845020735, 0.48688264818, 0.44683284233, 0.035439488751, 0],
      [0.096762430715, 0.35656544702, 0.35378756066, 0.1928845616, 0],
      [0.14860303153, 0.39261725502, 0.35606869362, 0.10271101983, 0]
    ],
    [
      [0, 0.42998715936, 0.39579870919, 0.14117347113, 0.033040660321],
      [0.35378621184, 0.25402693629, 0.15555398988, 0.21500015787, 0.021632704112],
      [0, 0.06322320066, 0.19440364358, 0.70621442413, 0.036158731633],
      [0, 0.019305487533, 0.89661827515, 0.082592584782, 0.0014836525325],
      [0, 0.11930958564, 0.58311822299, 0.068144984012, 0.22942720736],
      [0, 0.092397612871, 0.36250797834, 0.32749535635, 0.21759905244],
      [0, 0.072210605813, 0.2821845322, 0.1259194152, 0.51968544679]
    ],
    [
      [0, 0.44925713753, 0.45663689252, 0.048422161293, 0.04568380866],
      [0.32363609612, 0.32162437422, 0.24107363809, 0.10789271895, 0.0057731726231],
      [0, 0.12797941466, 0.30157959653, 0.49139998658, 0.079041002228],
      [0, 0.021129422985, 0.93674448157, 0.022847633756, 0.019278461687],
      [0, 0.13472417474, 0.77451989815, 0.022745850967, 0.068010076136],
      [0, 0.12770373711, 0.6248038335, 0.17411981943, 0.073372609959],
      [0, 0.12366344403, 0.61822185431, 0.08400463304, 0.17411006862]
    ],
    [
      [0.1338028511, 0.38885826844, 0.33116716735, 0.14617171311, 0],
      [0.72870705578, 0.11117034421, 0.060927689263, 0.099194910742, 0],
      [0.068105640271, 0.060913297177, 0.14784429735, 0.7231367652, 0],
      [0.061047418102, 0.01348928489, 0.82298593734, 0.10247735967, 0],
      [0.042636169802, 0.17618001112, 0.68604999163, 0.095133827454, 0],
      [0.11425911099, 0.10043062303, 0.37161499921, 0.41369526678, 0],
      [0.17121160486, 0.11004788325, 0.44092212501, 0.24326069873, 0.034557688151]
    ],
    [
      [0.083597476981, 0.60014680049, 0.23595433523, 0.076256088969, 0.0040452983314],
      [0.6034395576, 0.25374678375, 0.064862092511, 0.076608829592, 0.0013427365467],
      [0.073679555937, 0.13730247303, 0.176944629, 0.59870237697, 0.013370965059],
      [0.058368033424, 0.023809701709, 0.83983785148, 0.076437950322, 0.0015464630626],
      [0.019794429649, 0.322262809, 0.57103699849, 0.05922408993, 0.027681672934],
      [0.089866837453, 0.2128816201, 0.37047363792, 0.29991694163, 0.026860962897],
      [0.13914510965, 0.22225340459, 0.40954237306, 0.16719501224, 0.061864100459]
    ],
    [
      [0.039414251491, 0.48578865079, 0.31863341457, 0.15616368316, 0],
      [0.40154448638, 0.27655298795, 0.11566711571, 0.20623540996, 0],
      [0, 0.082827378496, 0.15418519205, 0.76298742946, 0],
      [0.012852155462, 0.019533624486, 0.84745047428, 0.12016374577, 0],
      [0.011754940216, 0.23562584069, 0.65134087483, 0.10127834427, 0],
      [0.044701781001, 0.13119762301, 0.37208650842, 0.45201408758, 0],
      [0.10080100848, 0.15231138635, 0.46362199233, 0.28326561284, 0]
    ],
    [
      [0.10964186369, 0.47117760764, 0.26275342021, 0.15185145874, 0.0045756497159],
      [0.64848467289, 0.1663883646, 0.059059002723, 0.12509889749, 0.00096906229239],
      [0.057942593, 0.075501809375, 0.11940432091, 0.73859870256, 0.0085525741546],
      [0.064314564375, 0.01911016132, 0.78657834305, 0.12915208185, 0.00084484940828],
      [0.024360499123, 0.23831380421, 0.59269585673, 0.10971659544, 0.03491324449],
      [0.088727224056, 0.12858062641, 0.30790124795, 0.44831648577, 0.026474415816],
      [0.14855145498, 0.14397018457, 0.36902973293, 0.27065548544, 0.067793142079]
    ],
    [
      [0.042815017142, 0.75360448645, 0.11716082788, 0.086419668531, 0],
      [0.41803967493, 0.4343424865, 0.043316360433, 0.10430147814, 0],
      [0.043665407793, 0.15972325162, 0.10055551056, 0.69605583003, 0],
      [0.051995799024, 0.054707737173, 0.75166568955, 0.14163077425, 0],
      [0.028388367319, 0.5270091423, 0.36552611182, 0.07907637856, 0],
      [0.069950566404, 0.32648116164, 0.22725040313, 0.37631786882, 0],
      [0.09389935511, 0.3767667296, 0.2712367475, 0.22238342653, 0.035713741251]
    ],
    [
      [0.068492907145, 0.46363968255, 0.35177863831, 0.11608877199, 0],
      [0.56286673473, 0.21156522636, 0.10034017225, 0.12522786666, 0],
      [0.041966226325, 0.092291372413, 0.18083569367, 0.68490670759, 0],
      [0.030957557174, 0.014879293016, 0.87548847122, 0.078674678592, 0],
      [0.0255974193, 0.19764094705, 0.70510099582, 0.071660637829, 0],
      [0.069284905143, 0.12988232204, 0.43821581592, 0.3626169569, 0],
      [0.1251623232, 0.14239684759, 0.5193832854, 0.21305754381, 0]
    ],
    [
      [0.095762679568, 0.54243642825, 0.20731025012, 0.15449064206, 0],
      [0.62375703396, 0.19775642849, 0.048620295948, 0.1298662416, 0],
      [0.046730972315, 0.090093294196, 0.094189846462, 0.76898588703, 0],
      [0.061722358418, 0.025189366213, 0.76244360765, 0.15064466772, 0],
      [0.037793126842, 0.294579922, 0.54320008598, 0.12442686518, 0],
      [0.090766578321, 0.15097718896, 0.26270888043, 0.49554735229, 0],
      [0.14514225211, 0.17727946732, 0.33542106513, 0.31403478057, 0.028122434873]
    ],
    [
      [0.077128839827, 0.46242005564, 0.2640419987, 0.19640910584, 0],
      [0.5480765024, 0.19105775113, 0.069609277177, 0.19125646929, 0],
      [0.031943570637, 0.061879715226, 0.10374725402, 0.80242946012, 0],
      [0.042631566632, 0.017336796133, 0.7775106226, 0.16252101463, 0],
      [0.037885133387, 0.22913523751, 0.59339889319, 0.13958073591, 0],
      [0.070715570954, 0.11381882955, 0.28310720641, 0.53235839309, 0],
      [0.10220156058, 0.1389887571, 0.36936459334, 0.34734397817, 0.042101110822]
    ],
    [
      [0.11574088012, 0.31587866288, 0.45060723006, 0.11777322694, 0],
      [0.6969434329, 0.11024377235, 0.09801143224, 0.094801362513, 0],
      [0.072980644564, 0.055640965648, 0.22097552545, 0.65040286433, 0],
      [0.044453858737, 0.0076926856952, 0.87797119313, 0.06988226244, 0],
      [0.0185537594, 0.11952522837, 0.78699274231, 0.061934995437, 0.012993274488],
      [0.09855744466, 0.080592589403, 0.50254842585, 0.31830154008, 0],
      [0.1653573974, 0.08528325695, 0.5697013002, 0.17965804545, 0]
    ],
    [
      [0.15945594993, 0.29384265275, 0.46100027577, 0.08570112154, 0],
      [0.8368595466, 0.060643257302, 0.059406765548, 0.043090430555, 0],
      [0.11086118068, 0.062100302046, 0.25073543575, 0.57630308152, 0],
      [0.059939882863, 0.01154901985, 0.88351896342, 0.044992133861, 0],
      [0.037244064503, 0.10609323148, 0.81115819211, 0.045504511911, 0],
      [0.13380458826, 0.077766923363, 0.5387967537, 0.24963173467, 0],
      [0.2067601469, 0.075901408385, 0.58572013806, 0.13161830665, 0]
    ],
    [
      [0.033499017463, 0.55169334245, 0.30483728561, 0.091632049581, 0.018338304902],
      [0.42094744217, 0.32142327607, 0.1162026927, 0.13635008814, 0.005076500918],
      [0.02011838327, 0.11074265943, 0.17137518568, 0.65940568659, 0.038358085022],
      [0.017696308341, 0.018897905047, 0.88548068675, 0.071593578237, 0.0063315216288],
      [0.0049996838382, 0.24135205302, 0.64515680788, 0.057369318092, 0.051122137179],
      [0.032659982073, 0.16439423884, 0.42524410067, 0.33404879963, 0.043652878788],
      [0.052390510533, 0.17504076198, 0.48500029695, 0.18635356921, 0.10121486132]
    ],
    [
      [0.0097874014247, 0.097038396, 0.85500381477, 0.03752617505, 0.00064421275621],
      [0.44557085103, 0.059349238898, 0.41724666803, 0.077428780374, 0.00040446166969],
      [0, 0, 0.6206391164, 0.3793608836, 0],
      [0, 0, 0.98939254173, 0.010607458271, 0],
      [0, 0, 0.98824573387, 0.011754266129, 0],
      [0, 0, 0.90702633714, 0.092973662865, 0],
      [0.0088442954748, 0.02017732352, 0.92194721449, 0.04672953875, 0.0023016277665]
    ],
    [
      [0, 0.32678477393, 0.46491056888, 0.20830465719, 0],
      [0.34809074362, 0.19130210938, 0.17677160594, 0.28299018047, 0.00084536059959],
      [0, 0.029601828455, 0.14835720048, 0.82204097106, 0],
      [0, 0.00020220537708, 0.88783564412, 0.1119621505, 0],
      [0, 0.10384140424, 0.7840538286, 0.11210476717, 0],
      [0, 0.079139576007, 0.42968551584, 0.49117490815, 0],
      [0.029041680609, 0.078945809667, 0.5719761423, 0.30254725482, 0.017489112603]
    ],
    [
      [0.16359366808, 0.38031586462, 0.3148866281, 0.14120383919, 0],
      [0.77654747839, 0.091621638747, 0.0496184016, 0.081670633077, 0.00054184818456],
      [0.076742445215, 0.063537956673, 0.14910560754, 0.71061399057, 0],
      [0.074950406454, 0.014180452275, 0.80752723287, 0.1033419084, 0],
      [0.049525316045, 0.18024276127, 0.67425574288, 0.095976179802, 0],
      [0.13990522448, 0.099418255508, 0.358249378, 0.40242714202, 0],
      [0.2457823814, 0.10728577112, 0.41406241373, 0.23286943374, 0]
    ],
    [
      [0.064626355174, 0.57062889794, 0.24576443873, 0.11507214777, 0.0039081603876],
      [0.52308072358, 0.27139427456, 0.075085399795, 0.12921290866, 0.0012266934103],
      [0.043549382544, 0.1070796983, 0.13917826307, 0.70084456995, 0.0093480861348],
      [0.042654548886, 0.02388441802, 0.8235448825, 0.109186691, 0.00072945959895],
      [0.016196835706, 0.2954156099, 0.57268637127, 0.084926746276, 0.030774436842],
      [0.062296006994, 0.17826385849, 0.33684540156, 0.39615943874, 0.026435294211],
      [0.10017510007, 0.19851062994, 0.39792946022, 0.23557792198, 0.067806887783]
    ],
    [
