{
  "Z_true": {},
  "V_true": [
    [1322, 1039, 393, 67],
    [2468, 8439, 4284, 507],
    [213, 103, 12862, 387],
    [89, 192, 1078, 223],
    [41, 79, 913, 250],
    [136, 221, 769, 614]
  ],
  "p_true": [
    [0.4686, 0.3683, 0.1393, 0.0238],
    [0.1572, 0.5376, 0.2729, 0.0323],
    [0.0157, 0.0076, 0.9482, 0.0285],
    [0.0563, 0.1214, 0.6814, 0.141],
    [0.032, 0.0616, 0.7116, 0.1949],
    [0.0782, 0.127, 0.442, 0.3529]
  ],
  "Z_est": {},
  "V_est": [
    [2821, 0, 0, 0],
    [1448, 9866.039, 3099.862, 1284.099],
    [0, 0, 13565, 0],
    [0, 0, 1582, 0],
    [0, 0, 1283, 0],
    [0, 206.961, 769.138, 763.901]
  ],
  "p_est": [
    [1, 0, 0, 0],
    [0.0922, 0.6285, 0.1975, 0.0818],
    [0, 0, 1, 0],
    [0, 0, 1, 0],
    [0, 0, 1, 0],
    [0, 0.1189, 0.442, 0.439]
  ],
  "EI_Z": {},
  "EI_V": 14.8006,
  "MAE_Z": {},
  "MAE_V": 452.5147,
  "MAE_p": 0.1181,
  "runtime": 0.0148
}
