{
  "X": [
    [26, 49, 74, 257, 13],
    [24, 50, 80, 300, 15],
    [54, 90, 141, 865, 30],
    [6, 12, 8, 24, 0],
    [3, 34, 25, 29, 1],
    [2, 29, 23, 29, 1],
    [0, 7, 8, 36, 1],
    [40, 191, 191, 273, 6],
    [135, 183, 329, 658, 18],
    [9, 81, 89, 153, 8],
    [8, 18, 23, 63, 2],
    [3, 12, 10, 33, 1],
    [6, 35, 42, 38, 1],
    [3, 5, 14, 42, 0],
    [62, 160, 180, 927, 19],
    [29, 37, 34, 209, 4],
    [82, 159, 167, 832, 12],
    [39, 128, 166, 253, 9],
    [3, 9, 12, 39, 3],
    [26, 44, 63, 168, 5],
    [15, 36, 39, 143, 5],
    [22, 51, 41, 80, 4],
    [9, 18, 18, 112, 4],
    [60, 89, 116, 606, 25],
    [10, 28, 29, 43, 2],
    [1, 4, 11, 26, 1],
    [4, 7, 16, 27, 0],
    [39, 137, 132, 685, 13],
    [34, 78, 109, 440, 12],
    [59, 178, 192, 604, 23],
    [3, 1, 6, 20, 0],
    [9, 7, 4, 57, 1],
    [9, 3, 20, 38, 5],
    [0, 1, 5, 14, 0],
    [3, 3, 9, 10, 2],
    [55, 101, 143, 598, 28],
    [23, 3, 10, 2, 1],
    [4, 1, 4, 23, 0],
    [2, 8, 8, 43, 3],
    [35, 81, 58, 517, 14],
    [53, 87, 120, 663, 17],
    [1, 5, 5, 7, 0],
    [0, 4, 3, 3, 0],
    [2, 5, 10, 7, 1],
    [1, 13, 6, 17, 0],
    [10, 16, 17, 26, 0],
    [89, 211, 231, 623, 19],
    [13, 10, 17, 24, 0],
    [5, 10, 19, 28, 2],
    [0, 1, 3, 3, 0],
    [36, 102, 82, 214, 3],
    [0, 1, 1, 12, 0],
    [19, 39, 54, 156, 6],
    [3, 3, 5, 14, 0],
    [3, 1, 3, 17, 0],
    [3, 4, 5, 24, 2],
    [26, 82, 83, 405, 4],
    [17, 80, 105, 98, 5],
    [50, 111, 105, 556, 11],
    [50, 95, 106, 552, 13],
    [47, 267, 225, 326, 18],
    [0, 5, 0, 3, 0],
    [2, 2, 2, 6, 0],
    [0, 1, 2, 3, 0],
    [11, 7, 25, 42, 4],
    [3, 3, 2, 9, 1],
    [25, 126, 73, 170, 6],
    [33, 201, 192, 409, 15],
    [1, 1, 2, 16, 1],
    [37, 36, 74, 205, 25],
    [19, 65, 61, 224, 5],
    [11, 134, 74, 93, 9],
    [1, 5, 3, 8, 0],
    [1, 6, 5, 12, 0],
    [2, 6, 4, 41, 0],
    [52, 137, 103, 552, 9],
    [15, 36, 34, 122, 2],
    [65, 132, 129, 293, 15],
    [0, 3, 1, 11, 0],
    [23, 53, 31, 249, 7],
    [7, 35, 19, 45, 1],
    [5, 60, 55, 102, 4],
    [37, 295, 249, 360, 5],
    [19, 101, 98, 144, 3],
    [66, 153, 145, 742, 17],
    [25, 58, 33, 245, 7],
    [73, 204, 188, 386, 10],
    [20, 49, 47, 322, 4],
    [2, 3, 3, 8, 0],
    [0, 3, 9, 16, 0],
    [12, 24, 32, 64, 8],
    [4, 3, 5, 13, 0],
    [10, 26, 24, 158, 6],
    [33, 42, 58, 238, 5],
    [32, 239, 268, 467, 14],
    [205, 620, 663, 1595, 75],
    [167, 568, 523, 1235, 63],
    [1, 1, 6, 5, 1]
  ],
  "W": [
    [21, 91, 261, 25, 21],
    [14, 113, 292, 29, 21],
    [35, 191, 873, 55, 26],
    [8, 14, 20, 3, 5],
    [21, 35, 25, 2, 9],
    [19, 25, 30, 1, 9],
    [5, 9, 35, 1, 2],
    [113, 236, 281, 55, 16],
    [82, 393, 658, 148, 42],
    [58, 98, 148, 11, 25],
    [9, 26, 62, 11, 6],
    [9, 12, 35, 3, 0],
    [22, 51, 38, 8, 3],
    [3, 14, 39, 5, 3],
    [61, 266, 902, 80, 39],
    [15, 46, 214, 26, 12],
    [74, 230, 809, 98, 41],
    [76, 197, 257, 49, 16],
    [1, 20, 37, 5, 3],
    [24, 76, 168, 26, 12],
    [15, 53, 145, 20, 5],
    [24, 63, 85, 19, 7],
    [6, 25, 109, 12, 9],
    [31, 145, 632, 62, 26],
    [9, 43, 45, 8, 7],
    [3, 10, 26, 3, 1],
    [4, 18, 28, 4, 0],
    [47, 210, 686, 39, 24],
    [35, 149, 432, 38, 19],
    [71, 269, 610, 67, 39],
    [0, 7, 20, 3, 0],
    [5, 2, 53, 13, 5],
    [2, 20, 39, 7, 7],
    [0, 6, 12, 2, 0],
    [1, 10, 11, 5, 0],
    [37, 199, 590, 56, 43],
    [0, 12, 25, 2, 0],
    [1, 6, 22, 3, 0],
    [3, 8, 47, 3, 3],
    [36, 98, 508, 40, 23],
    [32, 154, 660, 58, 36],
    [1, 9, 7, 1, 0],
    [1, 4, 4, 0, 1],
    [2, 13, 6, 1, 3],
    [1, 18, 18, 0, 0],
    [2, 25, 29, 12, 1],
    [80, 311, 626, 106, 50],
    [2, 25, 23, 10, 4],
    [0, 24, 29, 6, 5],
    [0, 3, 4, 0, 0],
    [33, 134, 209, 38, 23],
    [0, 1, 13, 0, 0],
    [22, 76, 139, 28, 9],
    [1, 8, 15, 1, 0],
    [0, 5, 17, 2, 0],
    [4, 4, 25, 5, 0],
    [39, 110, 385, 38, 28],
    [46, 119, 102, 23, 15],
    [29, 145, 554, 75, 30],
    [33, 172, 507, 70, 34],
    [92, 339, 355, 62, 35],
    [0, 5, 3, 0, 0],
    [2, 3, 5, 2, 0],
    [0, 1, 4, 1, 0],
    [3, 23, 44, 13, 6],
    [2, 3, 9, 3, 1],
    [63, 112, 175, 22, 28],
    [91, 261, 408, 64, 26],
    [1, 1, 16, 3, 0],
    [15, 96, 209, 44, 13],
    [12, 89, 230, 24, 19],
    [70, 122, 93, 10, 26],
    [2, 3, 11, 1, 0],
    [5, 4, 9, 5, 1],
    [2, 7, 38, 1, 5],
    [41, 170, 563, 53, 26],
    [11, 59, 116, 17, 6],
    [48, 176, 311, 69, 30],
    [0, 4, 11, 0, 0],
    [13, 56, 253, 33, 8],
    [11, 40, 47, 7, 2],
    [28, 81, 96, 7, 14],
    [120, 355, 387, 56, 28],
    [51, 127, 144, 20, 23],
    [58, 207, 725, 83, 50],
    [22, 54, 248, 31, 13],
    [90, 280, 369, 88, 34],
    [11, 71, 306, 36, 18],
    [1, 5, 10, 0, 0],
    [1, 9, 18, 0, 0],
    [7, 42, 72, 13, 6],
    [0, 7, 13, 1, 4],
    [11, 40, 156, 12, 5],
    [19, 69, 223, 45, 20],
    [168, 322, 450, 39, 41],
    [298, 911, 1620, 180, 149],
    [232, 746, 1263, 174, 141],
    [1, 5, 6, 1, 1]
  ],
  "method": "mvn_pdf",
  "cond_prob": [
    [
      [0.00029733698499, 0.66076847931, 0.33420218112, 0.0045625387868, 0.00016946378911],
      [0.042888804227, 0.26933247684, 0.61758495022, 0.048464596238, 0.02172917248],
      [0.03671522664, 0.011525388019, 0.021477441476, 0.90824857574, 0.022033368127],
      [0.44709796848, 0.09150147441, 0.060513491166, 0.31720967399, 0.083677391955],
      [0.063369113031, 0.25328301948, 0.17443210582, 0.3576565862, 0.15125917547]
    ],
    [
      [0.00018901534275, 0.67729019386, 0.3159308196, 0.006334802421, 0.00025516877455],
      [0.040504816506, 0.27726072703, 0.58702006122, 0.067893340637, 0.027321054601],
      [0.025329110164, 0.0071176559522, 0.016373451361, 0.9315716873, 0.019608095227],
      [0.37752554819, 0.08419508836, 0.051551472006, 0.39192288668, 0.094805004758],
      [0.051236593081, 0.2222600967, 0.14131719628, 0.42165089856, 0.16353521538]
    ],
    [
      [0.00018160857494, 0.67317768125, 0.31928028542, 0.0070331247961, 0.00032729995894],
      [0.045062000004, 0.27224615814, 0.58216391158, 0.073619980205, 0.026907950077],
      [0.025654983188, 0.0053198697744, 0.014233515227, 0.93615883443, 0.018632797384],
      [0.39174277993, 0.077695975855, 0.048120626957, 0.39774190478, 0.08469871248],
      [0.055544172296, 0.21239384489, 0.13689960089, 0.44422912292, 0.150933259]
    ],
    [
      [0, 0.76580393784, 0.21649531488, 0.017700747279, 0],
      [0.16861330514, 0.31287491363, 0.39949385334, 0.11901792789, 0],
      [0.023155800342, 0.020757658527, 0.014880658699, 0.94120588243, 0],
      [0.75117186564, 0.032053751412, 0.011151835495, 0.20562254746, 0],
      [0.18455642486, 0.19640105633, 0.068810970758, 0.55023154805, 0]
    ],
    [
      [0.0024245993599, 0.76942905989, 0.22448715002, 0.0026117678364, 0.0010474229011],
      [0.031928258692, 0.39013145447, 0.52551738919, 0.044237182032, 0.0081857156155],
      [0.026075368986, 0.016789192302, 0.015525036485, 0.93345745296, 0.0081529492645],
      [0.38492829221, 0.15459989113, 0.059593728079, 0.3712711309, 0.029606957677],
      [0.04553928335, 0.38427324959, 0.15392753995, 0.36865254649, 0.047607380618]
    ],
    [
      [0.00010337492245, 0.74205532604, 0.2562023569, 0, 0.0016389421424],
      [0.017059548452, 0.36948542931, 0.59026730317, 0.016638819082, 0.0065488999882],
      [0.030576803133, 0.035701355633, 0.040448080743, 0.88049840221, 0.012775358283],
      [0.35510531341, 0.2373601565, 0.10753193373, 0.26691762071, 0.03308497566],
      [0.033237528644, 0.48393469413, 0.22827758707, 0.21135109289, 0.043199097273]
    ],
    [
      [0, 0.68891052375, 0.3036229662, 0.0058078349634, 0.0016586750789],
      [0, 0.29656650211, 0.62697800269, 0.063288307712, 0.013167187481],
      [0, 0.0014656246971, 0.013127696395, 0.96645150374, 0.018955175169],
      [0, 0.2969354166, 0.067374223696, 0.58071556261, 0.054974797092],
      [0, 0.26905829061, 0.1561197736, 0.49742393115, 0.077398004639]
    ],
    [
      [0, 0.72254892719, 0.27491240527, 0.0025386675481, 0],
      [0.02470165699, 0.34918186734, 0.59603567323, 0.026166885176, 0.0039139172687],
      [0.038344357314, 0.033307370551, 0.037108605927, 0.88244267124, 0.0087969949627],
      [0.41146766392, 0.19330590179, 0.095543712714, 0.26654476029, 0.033137961291],
      [0.04780768935, 0.43461592585, 0.22425355361, 0.24446207687, 0.048860754315]
    ],
    [
      [0, 0.6251534267, 0.37079379363, 0.0040490331418, 3.7465277273e-06],
      [0.047025270522, 0.24663483761, 0.65928062387, 0.039182152286, 0.0078771157092],
      [0.049864070997, 0.01416151608, 0.029449148248, 0.89586792197, 0.010657342702],
      [0.54092748011, 0.091579532562, 0.071061774287, 0.26257134613, 0.033859866907],
      [0.08693435506, 0.28423522454, 0.22864146661, 0.33161289401, 0.068576059774]
    ],
    [
      [0, 0.67925638302, 0.31599284155, 0.0039024659252, 0.00084830950475],
      [0.019634110174, 0.29887455748, 0.62487727516, 0.041283350215, 0.015330706979],
      [0.017739137619, 0.019468826506, 0.023786261744, 0.91937352215, 0.019632251978],
      [0.32245229398, 0.14137312987, 0.085485704528, 0.37587720513, 0.074811666496],
      [0.036139584064, 0.31507729603, 0.19894930947, 0.34103832481, 0.10879548562]
    ],
    [
      [0.00046015558217, 0.67422518844, 0.3221899469, 0.0024493269656, 0.00067538210885],
      [0.031021717739, 0.28753497294, 0.63699307229, 0.03485996082, 0.0095902762093],
      [0.033811732943, 0.018532840545, 0.022777715227, 0.91029634073, 0.014581370554],
      [0.4329032248, 0.12372214393, 0.077384764338, 0.32592334896, 0.04006651797],
      [0.055171837214, 0.32434738509, 0.21250330776, 0.34134451867, 0.066632951264]
    ],
    [
      [4.3568346803e-05, 0.74593500553, 0.25135015772, 0, 0.0026712684013],
      [0.031179419577, 0.35378058666, 0.57353601205, 0.030199259282, 0.011304722429],
      [0.036436955984, 0.01837160493, 0.019220688898, 0.90539255799, 0.020578192202],
      [0.45005379684, 0.13273724593, 0.060897441476, 0.31628978636, 0.040021729394],
      [0.052808710375, 0.37124289052, 0.17567673119, 0.33281302077, 0.067458647152]
    ],
    [
      [0.00075867096233, 0.69102881866, 0.30712111761, 0.0008256573909, 0.00026573537961],
      [0.023698386715, 0.31490342892, 0.63459412866, 0.021644131004, 0.0051599246934],
      [0.034737885887, 0.029464526717, 0.034817190888, 0.89153541518, 0.0094449813259],
      [0.41445825588, 0.17513259901, 0.10191754216, 0.27856067408, 0.029930928858],
      [0.046328601862, 0.40552610233, 0.24688041991, 0.25705122889, 0.044213647012]
    ],
    [
      [0, 0.52756786372, 0.46643386539, 0.0059982708932, 0],
      [0.023883704299, 0.17269804059, 0.75098910274, 0.052429152373, 0],
      [0.016611667811, 0.00068700611436, 0.023477185385, 0.95922414069, 0],
      [0.36249567043, 0.075094980132, 0.088425998436, 0.47398335101, 0],
      [0.068431581012, 0.19908523383, 0.24303691443, 0.48944627073, 0]
    ],
    [
      [6.0167713045e-05, 0.72698314995, 0.26635409986, 0.0064635128364, 0.00013906964046],
      [0.039919381189, 0.3295827487, 0.54204224124, 0.074820446533, 0.013635182347],
      [0.021589283157, 0.010552158075, 0.011702249397, 0.94661405872, 0.0095422506549],
      [0.37366408126, 0.1006576665, 0.047917678534, 0.43194666794, 0.045813905778],
      [0.051567037566, 0.26703478966, 0.13282873078, 0.46927878316, 0.079290658836]
    ],
    [
      [0, 0.74774268454, 0.24771538778, 0.0044474489403, 9.4478746633e-05],
      [0.066111688745, 0.34727773733, 0.52380884174, 0.052940221436, 0.0098615107479],
      [0.04735725163, 0.016872749526, 0.016015861102, 0.91041581573, 0.0093383220165],
      [0.56386090114, 0.092618182289, 0.040229598987, 0.27388010135, 0.029411216235],
      [0.09700225328, 0.31585355638, 0.14297488449, 0.37901423995, 0.065155065896]
    ],
    [
      [0.00011836022097, 0.7238148687, 0.27006928126, 0.0059974898105, 0],
      [0.048918454282, 0.32652024173, 0.54698909018, 0.068262637278, 0.00930957653],
      [0.030815873124, 0.011605677808, 0.013348570118, 0.93907069573, 0.0051591832212],
      [0.43988219838, 0.096957434581, 0.047038190405, 0.38373727337, 0.032384903269],
      [0.065890245389, 0.27920054104, 0.14143040388, 0.45222764745, 0.06125116224]
    ],
    [
      [0.00029606530735, 0.67236762221, 0.3244850543, 0.0025875556742, 0.00026370251032],
      [0.030525936599, 0.29435061045, 0.6362178914, 0.029939251292, 0.0089663102616],
      [0.039812211151, 0.024609435558, 0.030975369215, 0.88977324503, 0.014829739041],
      [0.44520927553, 0.14165539786, 0.088519445257, 0.27921865335, 0.045397228001],
      [0.057306047491, 0.35295318877, 0.23163053509, 0.28449220477, 0.073618023873]
    ],
    [
      [0.00015841875839, 0.7388468477, 0.25537399792, 0.0052804548873, 0.00034028073088],
      [0.030915282841, 0.32931667369, 0.53960605811, 0.064423029809, 0.035738955548],
      [0.019616502271, 0.013308430125, 0.010551937885, 0.93180353542, 0.024719594303],
      [0.309715712, 0.096683543593, 0.044807252387, 0.40979250874, 0.13900098328],
      [0.035715593478, 0.23299668196, 0.11268229205, 0.39352186495, 0.22508356756]
    ],
    [
      [0.00012230508678, 0.65928331828, 0.33601559133, 0.0042340550552, 0.00034473024605],
      [0.050853120509, 0.26924134816, 0.62345241284, 0.045331895241, 0.011121223251],
      [0.04431554891, 0.012512721247, 0.022137224213, 0.90782900553, 0.013205500102],
      [0.52625110375, 0.087967202904, 0.058714635226, 0.28882882856, 0.038238229563],
      [0.083723883744, 0.27713112137, 0.19230068735, 0.36902801409, 0.077816293442]
    ],
    [
      [0.00021285463211, 0.72954381485, 0.26660824491, 0.0032013786918, 0.00043370691046],
      [0.034443349877, 0.340841454, 0.56760550546, 0.042876837864, 0.014232852797],
      [0.031674239159, 0.018669881389, 0.01952843715, 0.91211920247, 0.018008239835],
      [0.41546650646, 0.13041201664, 0.06243267238, 0.33415073919, 0.057538065326],
      [0.053842965957, 0.33537451619, 0.1675015405, 0.34784155426, 0.095439423096]
    ],
    [
      [0, 0.77584236758, 0.21980368454, 0.0032202713287, 0.0011336765579],
      [0.057675077173, 0.39292339257, 0.50252982617, 0.032961401349, 0.01391030274],
      [0.067520158656, 0.030730390474, 0.025453739523, 0.8553404244, 0.02095528695],
      [0.62510888429, 0.11555585998, 0.043001102443, 0.17831716282, 0.038016990469],
      [0.10716969297, 0.40256641666, 0.15496338807, 0.25059757654, 0.084702925766]
    ],
    [
      [0.00019395393064, 0.74081057536, 0.25346535149, 0.0051223757828, 0.00040774343167],
      [0.039910928067, 0.33943344544, 0.53842784792, 0.064282705208, 0.017945073363],
      [0.025730776128, 0.012136449082, 0.011720762834, 0.93306868316, 0.017343328796],
      [0.393415324, 0.10311884705, 0.046588323083, 0.39706772583, 0.059809780037],
      [0.052824954311, 0.27877792192, 0.13132096302, 0.43254432673, 0.10453183402]
    ],
    [
      [0.0001905913915, 0.69411044155, 0.30140601065, 0.0041012994867, 0.00019165691861],
      [0.043126158838, 0.30129882009, 0.58892586147, 0.046309382086, 0.020339777522],
      [0.037898551069, 0.015727928579, 0.0209583685, 0.9039389339, 0.021476217951],
      [0.45345210809, 0.10396249353, 0.058792015635, 0.30574968133, 0.07804370141],
      [0.064418602244, 0.28494315146, 0.16812961138, 0.34277357097, 0.13973506394]
    ],
    [
      [0, 0.75255748249, 0.24505841119, 0.0015323042871, 0.00085180203071],
      [0.044870426418, 0.36862857101, 0.5512995245, 0.02386292186, 0.011338556217],
      [0.062858273272, 0.029845255931, 0.029054083447, 0.86074548491, 0.01749690244],
      [0.58078036717, 0.13522741161, 0.058086406468, 0.1931417948, 0.032764019947],
      [0.085100918487, 0.42158547064, 0.18806710558, 0.24020320601, 0.065043299284]
    ],
    [
      [0, 0.49840757485, 0.49755990893, 0.0022702909943, 0.0017622252281],
      [0.006680952073, 0.15963666487, 0.79846491869, 0.023937109517, 0.011280354849],
      [0.0060954508183, 0.012900932236, 0.029126707247, 0.92711240108, 0.024764508621],
      [0.25041615852, 0.11244838183, 0.14661696806, 0.43479732898, 0.055721162607],
      [0.023460282431, 0.23564124308, 0.32552579374, 0.3445036169, 0.070869063852]
    ],
    [
      [0.00061977136387, 0.5799440302, 0.41718989108, 0.0022463073603, 0],
      [0.032880204094, 0.21244067188, 0.72982896965, 0.024850154375, 0],
      [0.0451538414, 0.016785028108, 0.029541422787, 0.9085197077, 0],
      [0.53534242041, 0.096577749576, 0.091789785994, 0.27629004402, 0],
      [0.06757127974, 0.29542073245, 0.29398120033, 0.32237414802, 0.020652639458]
    ],
    [
      [4.2512005411e-05, 0.76192224906, 0.23273250449, 0.0051839561324, 0.00011877831805],
      [0.036625987783, 0.37359058933, 0.51231428355, 0.065101642217, 0.012367497119],
      [0.022685983196, 0.015069126899, 0.012268301701, 0.94001324474, 0.0099633434625],
      [0.37321930099, 0.12351039557, 0.049049499478, 0.40913982313, 0.045080980833],
      [0.049516970426, 0.315887669, 0.13110780401, 0.42831125838, 0.075176298183]
    ],
    [
      [0.00018214860994, 0.68466327988, 0.30852901458, 0.0063446996668, 0.00028085726293],
      [0.042893169375, 0.287181552, 0.5845140922, 0.069145154323, 0.016266032105],
      [0.026021369067, 0.0076563946034, 0.014641480182, 0.93849303543, 0.013187720722],
      [0.40195605273, 0.087804175865, 0.051676637089, 0.40488739055, 0.053675743766],
      [0.057209532708, 0.24224277919, 0.1484238476, 0.45582080906, 0.096303031435]
    ],
    [
      [0.00014457610935, 0.73133175698, 0.26467918373, 0.0036135540534, 0.00023092912016],
      [0.035745791418, 0.34458240521, 0.55946279541, 0.04504522092, 0.01516378704],
      [0.031993108665, 0.018970218903, 0.019969712603, 0.91152037615, 0.017546583679],
      [0.41382530209, 0.13129104357, 0.061746857409, 0.33083485152, 0.062301945413],
      [0.054667325109, 0.33370371287, 0.16394158604, 0.34443355721, 0.10325381876]
    ],
    [
      [0.00019858698536, 0.50659252235, 0.48836575291, 0.0048093005679, 3.3837187683e-05],
      [0.059901135256, 0.12577325246, 0.7734867928, 0.040838819488, 0],
      [0.039838737538, 0, 0.021056326442, 0.93910493602, 0],
      [0.59463910082, 0.039862410935, 0.054821973855, 0.31067651439, 0],
      [0.089512398498, 0.17266968909, 0.23884257201, 0.48162175152, 0.017353588882]
    ],
    [
      [0.00048285394799, 0.74279944974, 0.25067593863, 0.0058685244211, 0.00017323326118],
      [0.060973818252, 0.3190559406, 0.53817194448, 0.072660860826, 0.0091374358364],
      [0.036153817011, 0.0074129879969, 0.011453906915, 0.93793310207, 0.0070461860118],
      [0.50420239063, 0.074861635976, 0.034823349735, 0.36053782774, 0.025574795919],
      [0.080970942789, 0.25636024772, 0.12210316096, 0.48557789724, 0.054987751291]
    ],
    [
      [0.00062597214007, 0.44606565299, 0.5472663198, 0.0060420550738, 0],
      [0.11782300029, 0.057234584694, 0.74602878836, 0.050609176718, 0.028304449938],
      [0.046090666479, 0, 0.056110033432, 0.86939940009, 0.0283999],
      [0.59540764785, 0.027063324719, 0.057562659492, 0.18244609966, 0.13752026827],
      [0.096699788903, 0.11053338959, 0.19909452469, 0.25600472206, 0.33766757476]
    ],
    [
      [3.7273426133e-05, 0.51908197706, 0.4738772728, 0.0069819420518, 2.1534665176e-05],
      [0, 0.14168188556, 0.7861925185, 0.072125595942, 0],
      [0, 0, 0, 1, 0],
      [0, 0.074954343313, 0.14142244451, 0.78362321218, 0],
      [0.013726080057, 0.13072550223, 0.17769873219, 0.67017484132, 0.0076748442072]
    ],
    [
      [0, 0.53812216961, 0.45903409017, 0.0028437402148, 0],
      [0.03697870578, 0.17801661602, 0.75801228154, 0.026992396666, 0],
      [0.064382057938, 0.023961811767, 0.045505836468, 0.80953377347, 0.05661652036],
      [0.38440206098, 0.08362634816, 0.092055778658, 0.164472157, 0.27544365521],
      [0.033169206244, 0.1726495907, 0.20619520749, 0.12508579142, 0.46290020415]
    ],
    [
      [0.00025924880076, 0.68736177797, 0.30588735479, 0.0062759987956, 0.00021561964608],
      [0.049560299914, 0.28489170585, 0.57191169991, 0.06718023504, 0.02645605928],
      [0.031456427079, 0.0076812645578, 0.015756136376, 0.92593769818, 0.019168473811],
      [0.42656369282, 0.080909852362, 0.047109792135, 0.36093930849, 0.084477354195],
      [0.062349984582, 0.22816899835, 0.13808071556, 0.41588553655, 0.15551476496]
    ],
    [
      [0.49356637678, 0.28762002142, 0.21877192173, 2.7661235931e-05, 1.4018842031e-05],
      [0.74891467333, 0.047125207604, 0.1574026536, 0.031031606433, 0.015525859032],
      [0.48382399061, 0.096760581544, 0.32238370295, 0.064691084957, 0.032340639935],
      [0.95871207738, 0.0077414850714, 0.025787791488, 0.0051717994333, 0.0025868466226],
      [0.99904770862, 0.0004508531361, 0.00046666611026, 7.6106621139e-06, 2.7161472569e-05]
    ],
    [
      [0.00077519133336, 0.60034918811, 0.38319767652, 0.015677944038, 0],
      [0.24864105831, 0.062134604581, 0.55900360717, 0.13022072993, 0],
      [0.018005040128, 0, 0.010275359885, 0.97171959999, 0],
      [0.70375585866, 0.0089477281343, 0.012240920989, 0.27505549222, 0],
      [0.15537628294, 0.077745513012, 0.074466574471, 0.67112472417, 0.02128690541]
    ],
    [
      [0, 0.73328754802, 0.26471581606, 0.0019966359151, 0],
      [0.013488417919, 0.33562515647, 0.60522424553, 0.024179450505, 0.021482729577],
      [0.021556955855, 0.031057711511, 0.032559454674, 0.87846045981, 0.036365418148],
      [0.2689043968, 0.18579999367, 0.091585077542, 0.28847354633, 0.16523698566],
      [0.024067513697, 0.36600789404, 0.18633632843, 0.21583741268, 0.20775085115]
    ],
    [
      [0.00017128565666, 0.7827810417, 0.20964254924, 0.0071023326236, 0.00030279078438],
      [0.051946721589, 0.38025195806, 0.45886893051, 0.087437479922, 0.021494909912],
      [0.024957253441, 0.011200338189, 0.0038545736585, 0.94602088436, 0.013966950347],
      [0.39760945306, 0.094652056716, 0.032744744805, 0.4165155082, 0.058478237221],
      [0.057408353493, 0.26431898, 0.096339122893, 0.47548753948, 0.10644600414]
    ],
    [
      [0.00019118823053, 0.68423939664, 0.30963517555, 0.005717134361, 0.0002171052156],
      [0.044032662358, 0.28899921068, 0.58933328556, 0.062893332363, 0.014741509048],
      [0.029408093481, 0.0092597541101, 0.015993630626, 0.93249798881, 0.01284053297],
      [0.42401190468, 0.091329482023, 0.053903215984, 0.38015460188, 0.050600795436],
      [0.06141166123, 0.25527536648, 0.15700460185, 0.43427330532, 0.092035065121]
    ],
    [
      [0.0018401750083, 0.8136933486, 0.18407776124, 0.0003887151473, 0],
      [0.03429058945, 0.43306489275, 0.51907148238, 0.013573035415, 0],
      [0.0323769505, 0.015753082232, 0.011928069617, 0.93994189765, 0],
      [0.46290586644, 0.178451041, 0.060782409999, 0.29786068256, 0],
      [0.037797081783, 0.51073954279, 0.17293529576, 0.27547773359, 0.0030503460759]
    ],
    [
      [0, 0.85222579849, 0.14777420151, 0, 0],
      [0, 0.45432878458, 0.54567121542, 0, 0],
      [0, 0.13406388838, 0.11756431022, 0.7483718014, 0],
      [0.019428421531, 0.71010221729, 0.19435690804, 0.075302591921, 0.00080986121468],
      [0, 0.79420350964, 0.19928369597, 0.0065127943918, 0]
    ],
    [
      [0.0025715456701, 0.6269552763, 0.3645697618, 0.0018981048512, 0.0040053113774],
      [0.060633652674, 0.22179988147, 0.65660129827, 0.024892614569, 0.036072553021],
      [0.048140526573, 0.0055546284654, 0.010612116615, 0.91117310513, 0.024519623221],
      [0.64844863554, 0.06188941635, 0.048269239937, 0.20251447647, 0.038878231706],
      [0.089775876308, 0.2558246004, 0.20770055309, 0.33434889789, 0.11235007231]
    ],
    [
      [0.00050355358528, 0.91410334344, 0.084236847942, 0.001156255028, 0],
      [0.024470058714, 0.64699792513, 0.30522011834, 0.02331189782, 0],
      [0.031057521642, 0.024440778016, 0.023433390108, 0.92106831023, 0],
      [0.33193988802, 0.33146768973, 0.043954481171, 0.28514377932, 0.0074941617516],
      [0.025148636765, 0.67434218223, 0.088994999863, 0.20349806364, 0.0080161175019]
    ],
    [
      [0, 0.77338939057, 0.22557705335, 0.0010335560788, 0],
      [0.030887267737, 0.39999358177, 0.55480708453, 0.014312065972, 0],
      [0.078857441605, 0.051505382973, 0.051535049262, 0.81810212616, 0],
      [0.57113950421, 0.20135931284, 0.080479423291, 0.14702175965, 0],
      [0.087278449504, 0.54341381436, 0.21839927206, 0.15090846408, 0]
    ],
    [
      [0.00015673992734, 0.72563601335, 0.27102151425, 0.0030989846761, 8.6747790467e-05],
      [0.038003450401, 0.34191424838, 0.57247613511, 0.03809146102, 0.0095147050823],
      [0.039953966231, 0.022259024076, 0.024015594713, 0.90106637838, 0.012705036597],
      [0.4620357903, 0.13712127915, 0.066498221497, 0.29233313223, 0.04201157683],
      [0.063628221962, 0.36289566046, 0.18391254142, 0.31701543931, 0.072548136849]
    ],
    [
      [0, 0.6777773709, 0.31674377765, 0.0054788514553, 0],
      [0.089750002198, 0.26684336796, 0.58266712026, 0.060739509581, 0],
      [0.083097919899, 0.020063812083, 0.03434973241, 0.86248853561, 0],
      [0.78702411334, 0.045264748042, 0.032482973549, 0.13522816507, 0],
      [0.24368916348, 0.26481147523, 0.1712402143, 0.32025914699, 0]
    ],
    [
      [9.2513758557e-05, 0.64979519977, 0.34809104583, 0.0019049081467, 0.00011633248662],
      [0.027463029313, 0.27029999001, 0.67183553402, 0.014409560644, 0.015991886005],
      [0.04498825285, 0.028942198101, 0.032868646737, 0.8653637207, 0.02783718161],
      [0.46161550992, 0.1448389079, 0.10039914549, 0.2349406611, 0.058205775595],
      [0.053306980866, 0.36088860947, 0.26407231102, 0.22979573552, 0.091936363127]
    ],
    [
      [1.355550153e-06, 0.57178397926, 0.4281347182, 7.9878157686e-05, 6.8835852523e-08],
      [0, 0.13713855299, 0.86286144701, 0, 0],
      [0, 0.14714608525, 0.10285391475, 0.75, 0],
      [0, 2.1172087712e-15, 0.048817879731, 5.7624691327e-46, 0.95118212027],
      [0.00010012131571, 0.5588782686, 0.44080319007, 0.00021842001327, 2.7912555167e-22]
    ],
    [
      [0, 0.79015520475, 0.20638280496, 0.0034619902868, 0],
      [0.046047765471, 0.41664793775, 0.49059631337, 0.043338133972, 0.0033698494436],
      [0.044551065975, 0.024019583169, 0.019954111126, 0.90841447454, 0.0030607651856],
      [0.49658410467, 0.14666714932, 0.050135624025, 0.28305630465, 0.023556817339],
      [0.071662202639, 0.41307000125, 0.14669123943, 0.32450780921, 0.044068747473]
    ],
    [
      [2.9844685137e-06, 0.97115616841, 0.02832878158, 0.00051113424652, 9.3129327663e-07],
      [0, 0.40340191838, 0.58123860299, 0.015359478628, 0],
      [0, 0.045892160124, 0.032212415155, 0.92189542472, 0],
      [0.044843664161, 0.33928374017, 0.10198934939, 0.51228781972, 0.0015954265628],
      [0.002102083705, 0.77590611207, 0.12466792438, 0.097255645714, 6.8234131345e-05]
    ],
    [
      [0.00053740259824, 0.67768058251, 0.31253685162, 0.0085879652258, 0.00065719804319],
      [0.051826257611, 0.26824202223, 0.56784510426, 0.091065991994, 0.021020623904],
      [0.025039761318, 0.00082969320966, 0.012422053885, 0.94786155895, 0.01384693264],
      [0.39445773841, 0.065920932753, 0.040859151278, 0.443875003, 0.054887174555],
      [0.058226451741, 0.1937244469, 0.12191551275, 0.5231991773, 0.10293441131]
    ],
    [
      [0, 0.70758287438, 0.28761709071, 0.0048000349144, 0],
      [0.13021261097, 0.25942828813, 0.55876501517, 0.051594085731, 0],
      [0.071918586762, 0.013272581377, 0.015418423934, 0.89939040793, 0],
      [0.87952031076, 0.01790209995, 0.01098642895, 0.091591160336, 0],
      [0.24001999562, 0.21598077135, 0.1318460994, 0.40302005172, 0.0091330819082]
    ],
    [
      [0.00049687803373, 0.67570464627, 0.31572863252, 0.0080283279047, 4.1515276818e-05],
      [0.13864504328, 0.19347192779, 0.5817460942, 0.086136934729, 0],
      [0.046546059217, 0, 0.0039381492802, 0.9495157915, 0],
      [0.75774588846, 0.016320180523, 0.01216049561, 0.2137734354, 0],
      [0.16535606575, 0.12866951967, 0.095920470037, 0.59565661916, 0.01439732538]
    ],
    [
      [0.00046362099025, 0.62894294795, 0.36772128623, 0.002872144825, 0],
      [0.030737561327, 0.21695163824, 0.67686695845, 0.037852147468, 0.037591694524],
      [0.036904839999, 0.011249739583, 0.022037351305, 0.89380919003, 0.035998879083],
      [0.39051485415, 0.067035633137, 0.054142647732, 0.29837461602, 0.18993224896],
      [0.043352137042, 0.1721905304, 0.14462527081, 0.29612786438, 0.34370419737]
    ],
    [
      [0, 0.72472566763, 0.26895565293, 0.0063186794436, 0],
      [0.034068395618, 0.33253726867, 0.55572746271, 0.070732268954, 0.0069346040493],
      [0.019218674126, 0.012696581449, 0.013719913302, 0.95256382569, 0.0018010054348],
      [0.35609825461, 0.11156253259, 0.053909264638, 0.44857838456, 0.0298515636],
      [0.047198331006, 0.28675140402, 0.14464249858, 0.47107037191, 0.050337394478]
    ],
    [
      [0.00029203263098, 0.66632737868, 0.33163140739, 0.0011451932198, 0.00060398808508],
      [0.021564808283, 0.29596126237, 0.65642768617, 0.017832351694, 0.0082138914876],
      [0.041341569656, 0.037581577106, 0.046897355918, 0.85591099568, 0.018268501636],
      [0.41360195143, 0.18458639325, 0.11910660008, 0.23455184161, 0.048153213632],
      [0.046044621699, 0.40338282999, 0.27380523338, 0.20851048956, 0.068256825377]
    ],
    [
      [8.0048030289e-05, 0.75781786221, 0.23848828472, 0.0035750630705, 3.8741972351e-05],
      [0.031033168172, 0.37834998906, 0.5358269915, 0.046226772176, 0.0085630790885],
      [0.027272730937, 0.020657426635, 0.019629047632, 0.9235029381, 0.008937856693],
      [0.38573621448, 0.15358617944, 0.062990073555, 0.35848651737, 0.039201015159],
      [0.048618673246, 0.37331185893, 0.15967260235, 0.35621082314, 0.062186042336]
    ],
    [
      [0.00022773912546, 0.7315695492, 0.25914007888, 0.0088673229913, 0.00019530980335],
      [0.053078271016, 0.32004430982, 0.51056357522, 0.10000126693, 0.016312577015],
      [0.023072407014, 0.0057829903242, 0.006994866413, 0.95539752145, 0.0087522148001],
      [0.38857517601, 0.076792194534, 0.03533062752, 0.45624643821, 0.043055563728],
      [0.057795568163, 0.22068099636, 0.10623239004, 0.53480489351, 0.08048615192]
    ],
    [
      [0.00022931125595, 0.78675787829, 0.21075691804, 0.0020011900271, 0.0002547023894],
      [0.021299234069, 0.42609804598, 0.52187666469, 0.021153458927, 0.0095725963326],
      [0.042109229051, 0.044733317754, 0.046395732953, 0.84310381687, 0.023657903376],
      [0.37797099811, 0.25900464224, 0.090749475223, 0.21342063182, 0.058854252607],
      [0.039299566274, 0.52092634252, 0.18849204423, 0.17459810802, 0.076683938953]
    ],
    [
      [1.0604493427e-06, 0.99074698234, 0.0091102640459, 0.00014161333776, 7.9829052682e-08],
      [0, 0.98202969074, 0, 0.017970309263, 0],
      [0, 0.029950515439, 0, 0.97004948456, 0],
      [1.5036356574e-08, 0.89751247227, 0.023920280148, 0.078566976194, 2.5634741089e-07],
      [0.00089867343648, 0.95691416528, 0.018644598437, 0.023542562798, 5.0824076633e-11]
    ],
    [
      [0, 0.72867125298, 0.2486610022, 0.022667744818, 0],
      [0.17440039223, 0.18088583135, 0.49958556755, 0.14512820888, 0],
      [0, 0, 0, 1, 0],
      [0.73839941165, 0, 0.0019606464784, 0.25963994187, 0],
      [0.12659728197, 0.060942701535, 0.035593953693, 0.77488411156, 0.001981951238]
    ],
    [
      [5.1679341807e-07, 0.18943254479, 0.8105391426, 2.776116759e-05, 3.464684717e-08],
      [0, 0.01524344062, 0.91398348565, 0.070773073733, 0],
      [0, 0.1540728864, 0.13299523166, 0.71293188194, 0],
      [0, 0.36846501378, 0.55403558771, 0.077499398513, 0],
      [2.8156639954e-07, 0.66184610072, 0.33815316449, 4.5322526543e-07, 6.7434034338e-18]
    ],
    [
      [0.000486397714, 0.46800289221, 0.52822886112, 0.002859073775, 0.00042277518684],
      [0.034731323787, 0.14203930913, 0.78349353245, 0.023818792261, 0.015917042379],
      [0.062257280547, 0.0038228401246, 0.047335154948, 0.8507310991, 0.035853625277],
      [0.53922670375, 0.069414024505, 0.10537611442, 0.20150959971, 0.084473557613],
      [0.075075477818, 0.20974998824, 0.32372097754, 0.23196623331, 0.1594873231]
    ],
    [
      [0, 0.79989945866, 0.19163008202, 0.00022366253068, 0.0082467967919],
      [0.095804180703, 0.34292338831, 0.47684071708, 0.047155389862, 0.037276324041],
      [0.041819742883, 0.0058425166348, 0.0072951467917, 0.89002675493, 0.055015838765],
      [0.73415629274, 0.034607431919, 0.013289302003, 0.1600011757, 0.057945797639],
      [0.13374089373, 0.21502597227, 0.080693457589, 0.36784218393, 0.20269749249]
    ],
    [
      [0.00067113243777, 0.81489838147, 0.18155074868, 0.0025344607566, 0.00034527666231],
      [0.037755731047, 0.45964285995, 0.46309663148, 0.030881498425, 0.008623279098],
      [0.048897152648, 0.031043155464, 0.024996969837, 0.8808905911, 0.014172130948],
      [0.47525077059, 0.19108568793, 0.055617936751, 0.24075610636, 0.037289498363],
      [0.061305646885, 0.48374872544, 0.14633627778, 0.24746833449, 0.061141015406]
    ],
    [
      [0, 0.74727584073, 0.24926106179, 0.0031658682024, 0.00029722928148],
      [0.016394930793, 0.37579573997, 0.56277456271, 0.034705898608, 0.010328867928],
      [0.018789298535, 0.027413929241, 0.029275152757, 0.90837257903, 0.016149040436],
      [0.31534463837, 0.20165767782, 0.087499895208, 0.33796745352, 0.057530335075],
      [0.033570477117, 0.41631676354, 0.18803180357, 0.28491296871, 0.077167987063]
    ],
    [
      [0, 0.50668076737, 0.49010672721, 0.0015167252979, 0.0016957801217],
      [0.0095852612412, 0.096086097807, 0.85764573827, 0.025466348593, 0.01121655409],
      [0.010240251396, 0.012714899443, 0.025176213599, 0.91110896005, 0.040759675508],
      [0.27552357214, 0.064598247913, 0.083142705646, 0.46509118842, 0.11164428589],
      [0.02879296934, 0.14934907347, 0.22254270803, 0.42826824534, 0.17104700382]
    ],
    [
      [0, 0.61974596326, 0.37072204424, 0.0095319925024, 0],
      [0.062277030408, 0.21487596926, 0.58619062631, 0.074729242174, 0.061927131849],
      [0.060510808802, 0.010152905251, 0.042160430046, 0.88316068049, 0.0040151754082],
      [0.40199522085, 0.051437825487, 0.044832842097, 0.23028170384, 0.27145240773],
      [0.052835101825, 0.13003815258, 0.10620725221, 0.22846428244, 0.48245521094]
    ],
    [
      [9.2685650556e-05, 0.77602692921, 0.22138654185, 0.0024400686594, 5.3774627042e-05],
      [0.024770145659, 0.40726786242, 0.52785963131, 0.033217684463, 0.0068846761518],
      [0.030277826365, 0.026773103536, 0.027251092357, 0.90514102196, 0.010556955781],
      [0.37570997773, 0.19996005318, 0.074836205886, 0.31142164878, 0.03807211442],
      [0.042810804168, 0.44652536867, 0.17368600673, 0.28198898089, 0.054988839545]
    ],
    [
      [0.00067516312568, 0.8235051608, 0.17322581732, 0.0022140158886, 0.00037984286137],
      [0.025426289521, 0.4763152218, 0.45277887972, 0.028244118432, 0.017235490527],
      [0.034338819544, 0.036763128875, 0.026250518416, 0.87265422416, 0.029993309004],
      [0.36407301811, 0.2288638276, 0.062439380906, 0.25542047931, 0.089203294071],
      [0.039095802343, 0.48217586242, 0.13728759384, 0.21877649227, 0.12266424913]
    ],
    [
      [0.0078400665117, 0.85736052519, 0.10291292035, 0.031886487954, 0],
      [0.012964860857, 0.50964683507, 0.428886693, 0.048501611072, 0],
      [0.075155372383, 0.096626208852, 0.12401831923, 0.70420009953, 0],
      [0.11871618819, 0.69345014705, 0.14331256872, 0.044521096038, 0],
      [0.0015564872546, 0.84910058342, 0.14560782258, 0.0037027307811, 3.2375966093e-05]
    ],
    [
      [0, 0.69783004155, 0.30144775335, 0.00072220510071, 0],
      [0.0047698740858, 0.29739551167, 0.66009687132, 0.037737742927, 0],
      [0, 0.016434263114, 0.022897001675, 0.96066873521, 0],
      [0.19238618833, 0.16630295145, 0.089317315964, 0.55199354425, 0],
      [0.018989561985, 0.34184462033, 0.19971415307, 0.43945166462, 0]
    ],
    [
      [0.00053015484596, 0.80345340647, 0.18824189801, 0.0077745406786, 0],
      [0.054628965232, 0.38609981167, 0.45468232207, 0.10458890103, 0],
      [0.020983782342, 0.010045806205, 0, 0.96897041145, 0],
      [0.41642322853, 0.077500619245, 0.025633561561, 0.48044259067, 0],
      [0.08054599523, 0.24623065007, 0.083021277594, 0.59020207711, 0]
    ],
    [
      [0.00016456090608, 0.80164380063, 0.19468279426, 0.0035088442001, 0],
      [0.041062868317, 0.43137933577, 0.47113322035, 0.048265369182, 0.0081592063821],
      [0.035671288318, 0.021824368044, 0.015853735117, 0.91891781066, 0.0077327978603],
      [0.44091962959, 0.15249845125, 0.048244332078, 0.32495244745, 0.03338513963],
      [0.060034219148, 0.40109922953, 0.13241367328, 0.3491468273, 0.057306050742]
    ],
    [
      [0.00034347286568, 0.77227088517, 0.22205155555, 0.0053340864131, 0],
      [0.052535546097, 0.37717565436, 0.49288815914, 0.068729973527, 0.008670666873],
      [0.032426449476, 0.01423611319, 0.0094163759637, 0.93809800638, 0.0058230549899],
      [0.45467200737, 0.10351322592, 0.038835358715, 0.37454242485, 0.028436983149],
      [0.067622052372, 0.30675711423, 0.12075513157, 0.44994444148, 0.054921260353]
    ],
    [
      [0, 0.74620987918, 0.25106251144, 0.0024174314325, 0.00031017793851],
      [0.042298349808, 0.36518366957, 0.5523664856, 0.028105348677, 0.012046146345],
      [0.058486146452, 0.031158404354, 0.031410698544, 0.85735505495, 0.021589695705],
      [0.5366620343, 0.14458787492, 0.063368803756, 0.20574361498, 0.049637672037],
      [0.077887284019, 0.40809242772, 0.1863774426, 0.23678968008, 0.090853165584]
    ],
    [
      [7.3328455338e-06, 0.95959256405, 0.039187871183, 0.0012098908944, 2.3410260474e-06],
      [0, 0.75, 0.21410082798, 0.035899172024, 0],
      [0, 0, 0.013054244372, 0.98694575563, 0],
      [0.082573782367, 0.26854580599, 0.0275115826, 0.61936052859, 0.0020083004518],
      [0.0075195065257, 0.6127404754, 0.053222844401, 0.32577336747, 0.00074380619901]
    ],
    [
      [0.0001514405645, 0.83777608305, 0.15869975295, 0.0031581304353, 0.00021459299985],
      [0.035078869773, 0.48554481957, 0.41822899766, 0.048043016857, 0.013104296143],
      [0.030398403821, 0.022659220185, 0.012632656357, 0.9187811479, 0.015528571736],
      [0.39250208462, 0.17493666011, 0.043496393292, 0.33782579879, 0.051239063188],
      [0.048781200746, 0.42658856679, 0.1105795382, 0.3335816977, 0.080468996567]
    ],
    [
      [0.0014290347635, 0.85997904422, 0.13642952037, 0.001748254361, 0.00041414628773],
      [0.035970242626, 0.53409354772, 0.3958017592, 0.027732831372, 0.0064016190735],
      [0.04785439856, 0.030777072514, 0.022982003963, 0.88801041761, 0.010376107351],
      [0.45605127714, 0.22991178974, 0.04907339304, 0.23986197561, 0.025101564467],
      [0.05197762014, 0.56029183415, 0.12176848508, 0.22796624505, 0.037995815578]
    ],
    [
      [0, 0.75612445089, 0.2389827461, 0.0040605216911, 0.00083228132277],
      [0.016785794293, 0.37902701161, 0.54144109576, 0.049379216054, 0.013366882288],
      [0.012111819573, 0.019600525843, 0.018606570041, 0.93515873879, 0.014522345757],
      [0.29105642032, 0.16621631962, 0.068567039263, 0.41836897181, 0.055791248981],
      [0.031444360073, 0.36301162261, 0.1561110253, 0.37019765472, 0.079235337296]
    ],
    [
      [0, 0.77932376199, 0.21732351979, 0.0033527182137, 0],
      [0.01440649032, 0.42386144556, 0.53757225071, 0.023924860972, 0.00023495243868],
      [0.032102630134, 0.048888917567, 0.052420343002, 0.86042458427, 0.0061635250254],
      [0.33169424466, 0.29753113479, 0.10761301717, 0.23503310176, 0.02812850162],
      [0.03168215621, 0.55102074079, 0.20607238992, 0.17707786991, 0.034146843168]
    ],
    [
      [0, 0.73517485328, 0.26241960824, 0.0024055384759, 0],
      [0.028528505884, 0.36022588614, 0.57909538816, 0.029004579304, 0.0031456405047],
      [0.038891537163, 0.030020041978, 0.032166554532, 0.89230956948, 0.0066122968434],
      [0.42904989237, 0.18015905199, 0.083743819002, 0.27734105319, 0.029706183452],
