{
  "Z_true": {},
  "V_true": [
    [517, 32, 74, 629, 31],
    [34, 2177, 1649, 472, 149],
    [55, 756, 4840, 305, 158],
    [397, 835, 611, 17769, 541],
    [129, 278, 706, 491, 166],
    [40, 123, 203, 315, 369]
  ],
  "p_true": [
    [0.403, 0.0249, 0.0577, 0.4903, 0.0242],
    [0.0076, 0.4858, 0.368, 0.1053, 0.0333],
    [0.009, 0.1237, 0.7916, 0.0499, 0.0258],
    [0.0197, 0.0414, 0.0303, 0.8817, 0.0268],
    [0.0729, 0.1571, 0.3989, 0.2774, 0.0938],
    [0.0381, 0.1171, 0.1933, 0.3, 0.3514]
  ],
  "Z_est": [
    [
      [0, 7.2033, 12.0912, 8.4896, 0, 3.0871, 4.1162, 6.946, 11.0622, 6.1742, 9.5186, 8.2323, 13.8921, 4.8879, 5.4025, 5.4025, 7.4605, 0, 0.5145, 0, 0, 5.6597, 1.8008, 5.917, 3.6016, 5.917, 1.2863, 1.8008, 12.3485, 12.3485, 4.3734, 5.1452, 1.8008, 0.2573, 0.7718, 0.5145, 4.6307, 0.7718, 7.9751, 0.7718, 1.5436, 1.8008, 0, 0.5145, 0, 0, 0, 1.029, 0, 3.8589, 0.2573, 98.5307, 6.6888, 18.2655, 4.8879],
      [0, 0, 0, 0, 0, 0, 0, 0, 0, 0, 0, 0, 0, 0, 0, 0, 0, 0, 0, 0, 0, 0, 0, 0, 0, 0, 0, 0, 0, 0, 0, 0, 0, 0, 0, 0, 0, 0, 0, 0, 0, 0, 0, 0, 0, 0, 0, 0, 0, 0, 0, 0, 0, 0, 0],
      [0, 9.7327, 16.337, 11.4706, 0, 4.1711, 5.5615, 9.3851, 14.9466, 8.3423, 12.861, 11.1231, 18.7702, 6.6043, 7.2995, 7.2995, 10.0803, 0, 0.6952, 0.6952, 0, 7.6471, 2.4332, 7.9947, 4.8663, 7.9947, 1.738, 2.4332, 16.6846, 16.6846, 5.9091, 6.9519, 2.4332, 0.3476, 1.0428, 0.6952, 6.2567, 1.0428, 10.7755, 1.0428, 2.0856, 2.4332, 0, 0.6952, 0, 0, 0, 1.3904, 0, 5.2139, 0.3476, 133.129, 9.0375, 24.6793, 6.6043],
      [0, 11.064, 18.5718, 13.0398, 0, 4.7417, 6.3223, 10.6689, 16.9912, 9.4835, 14.6203, 12.6446, 21.3378, 7.5077, 8.298, 8.298, 11.4592, 0, 0.7903, 1.3048, 0, 8.6932, 2.766, 9.0883, 5.532, 9.0883, 1.9757, 2.766, 18.9669, 18.9669, 6.7175, 7.9029, 2.766, 0.3951, 1.1854, 0.7903, 7.1126, 1.1854, 12.2495, 1.1854, 2.3709, 2.766, 0, 0.7903, 0, 0, 0, 1.5806, 0, 5.9272, 0.3951, 151.3403, 10.2738, 28.0552, 7.5077],
      [0, 0, 0, 0, 0, 0, 0, 0, 0, 0, 0, 0, 0, 0, 0, 0, 0, 0, 0, 0, 0, 0, 0, 0, 0, 0, 0, 0, 0, 0, 0, 0, 0, 0, 0, 0, 0, 0, 0, 0, 0, 0, 0, 0, 0, 0, 0, 0, 0, 0, 0, 0, 0, 0, 0]
    ],
    [
      [0, 0.658, 1.1186, 1.2126, 0, 0, 1.5975, 0.1916, 0.1189, 0.6862, 0.6674, 0.7896, 1.4288, 0, 0.6298, 0.5922, 0.6392, 0, 0.066, 0, 0, 0.611, 0.235, 1.1468, 0.4418, 0.3948, 0.141, 0, 10.5787, 1.598, 0.5734, 1.0716, 0.0094, 0.3466, 0.1786, 0.047, 0.4794, 0.0901, 1.363, 0.0094, 0.4888, 0, 0, 0.0282, 0, 0, 0, 0.0282, 0.835, 0.3666, 0.0576, 11.0734, 1.6356, 3.2901, 0],
      [2.2887, 40.0519, 68.0882, 73.8099, 2.9078, 20.5981, 18.8816, 48.6344, 48.0622, 41.7684, 40.624, 48.0622, 86.9698, 38.9075, 38.3354, 36.0467, 38.9075, 1.6274, 5.1495, 0.9947, 1.6115, 40.321, 14.3042, 69.8047, 26.892, 24.0311, 8.5825, 36.354, 117.8669, 97.2688, 34.9023, 66.8767, 0.5722, 2.2887, 11.7861, 2.8608, 29.1806, 3.433, 82.9646, 0.5722, 29.7528, 6.2939, 0, 1.7165, 1.7447, 0.8403, 1.2889, 1.2867, 6.3817, 22.3146, 0.5722, 674.0158, 99.5575, 200.2594, 140.3018],
      [1.0513, 24.8507, 42.2462, 45.7963, 1.7751, 13.1188, 11.7153, 30.7832, 30.4916, 25.9157, 25.2057, 29.8208, 53.9615, 24.1407, 23.7857, 22.3656, 24.1407, 1.42, 2.7231, 0.71, 2.3274, 23.0757, 8.8753, 43.3112, 16.6855, 14.9104, 5.3252, 23.6872, 64.4898, 60.3517, 5.8255, 38.8218, 0.355, 1.3036, 6.7452, 1.7751, 18.1055, 2.1301, 51.4765, 0.355, 18.4605, 3.9051, 0, 1.065, 1.065, 0.71, 0.71, 1.185, 8.2884, 13.8454, 0.355, 418.2019, 61.7718, 124.2535, 100.085],
      [0.66, 1.0686, 1.8167, 1.9694, 0.0763, 0.5496, 0.5038, 1.2976, 1.2824, 1.1144, 1.0839, 1.2824, 2.3205, 1.6773, 1.0228, 0.9618, 1.0381, 0.0836, 0.1374, 0.2953, 0.0611, 0.9923, 0.3817, 1.8625, 0.7175, 0.6412, 0.229, 2.7833, 3.1449, 2.5953, 16.7614, 1.7404, 0.0153, 0.0611, 0.2901, 0.0763, 0.7786, 0.0916, 2.2136, 0.0153, 0.7938, 0.2713, 0, 0.0458, 0.0458, 0.3534, 0.001, 0.5001, 0.2443, 0.5954, 0.0153, 17.9837, 2.6563, 5.3432, 3.8471],
      [0, 3.3708, 5.7303, 6.2119, 0.2408, 1.7335, 0.3017, 4.0931, 4.0449, 3.5152, 3.4189, 4.0449, 7.3194, 3.2745, 3.2263, 3.0337, 3.2745, 0.869, 0.924, 0, 0, 0, 1.2038, 5.8748, 2.2632, 2.0225, 0.7223, 3.1755, 9.9197, 8.1862, 2.9374, 5.4895, 0.0482, 0, 0, 0.2408, 2.4558, 0.2552, 6.9823, 0.0482, 2.504, 0.5297, 0, 0.1445, 0.1445, 0.0963, 0, 0, 0.2506, 1.878, 0, 56.7253, 8.3788, 16.8539, 7.7661]
    ],
    [
      [0, 0.7318, 1.1763, 3.8999, 0, 0, 0.6292, 0, 0, 1.074, 1.5251, 1.1216, 0.3208, 0, 0.8002, 6.5995, 0.9096, 0, 0.0616, 0, 0, 0.5266, 0.2052, 0.9164, 0.3146, 0.4035, 0.2462, 0, 1.2926, 1.7029, 0.3556, 0.5745, 0.5175, 0.0274, 0.1436, 0, 0.5334, 0.4854, 1.0601, 0.2239, 1.3347, 0, 0.0068, 0.0679, 0, 0, 0, 0.0205, 0.0479, 0.3898, 0, 12.2591, 1.2515, 3.1665, 0],
      [0.9221, 19.9356, 32.046, 39.7362, 2.4706, 7.4385, 17.1409, 38.3807, 40.9891, 28.6765, 41.548, 32.2782, 42.6659, 19.563, 21.7987, 10.9774, 24.7798, 0.3726, 2.4325, 0, 0.3726, 21.8131, 16.8704, 24.9661, 8.5704, 10.9925, 6.87, 12.2967, 35.2133, 46.3922, 9.6883, 15.6504, 1.2578, 0.8947, 3.9126, 1.1179, 14.5325, 2.5114, 43.9583, 1.0314, 6.8258, 2.6147, 0, 1.6768, 0.3863, 0, 0.2305, 0.5589, 1.3042, 10.6199, 0, 262.7908, 34.0955, 86.2634, 23.2893],
      [2.9487, 78.8766, 126.7922, 168.0734, 4.4589, 36.2864, 71.2574, 153.2647, 165.3013, 100.9915, 164.3876, 118.9678, 170.056, 73.7545, 86.2482, 67.0819, 98.0428, 1.4879, 5.8788, 4.9033, 1.5628, 52.1725, 10.8339, 98.78, 33.9096, 33.6766, 26.3753, 49.1042, 139.324, 183.5539, 38.3325, 61.9218, 7.3669, 2.9487, 16.2653, 0.375, 57.4988, 9.5831, 100.6077, 1.5163, 48.099, 14.3982, 0.9609, 5.4562, 1.4743, 1.9013, 0.7372, 2.3236, 5.1601, 42.0184, 0, 1175.3147, 134.901, 341.307, 93.0004],
      [0.1292, 3.4571, 7.9817, 7.3666, 0.556, 1.5185, 2.9725, 6.6558, 7.1081, 4.4264, 7.205, 5.2988, 7.3989, 7.7584, 3.7802, 2.9402, 4.2972, 0.0646, 0.2908, 2.0967, 0.0646, 2.4878, 0.9693, 4.3295, 1.4862, 12.9019, 1.1631, 2.1324, 6.1065, 8.0451, 1.6801, 2.714, 0, 0.1292, 0.6785, 0.1939, 2.5201, 0.42, 5.008, 0.8878, 5.3486, 1.3503, 0.0323, 0, 0.0646, 0.0969, 0.0323, 0.0969, 0.2262, 1.8416, 0, 50.3706, 5.9126, 14.9593, 4.0387],
      [0, 3.9989, 4.0037, 8.9239, 1.5145, 1.7565, 0, 7.6989, 6.6015, 1.8316, 8.3342, 6.3336, 8.5585, 3.9242, 4.3727, 3.401, 4.9706, 0.0749, 0.3364, 0, 0, 0, 1.1212, 5.008, 1.7192, 1.0255, 1.3454, 2.4666, 7.0635, 9.3059, 1.9434, 3.1393, 0.8579, 0, 0, 4.3133, 2.9151, 0, 4.3659, 0.3406, 2.3919, 1.6368, 0, 1.799, 0.0747, 1.0018, 0, 0, 0.2616, 2.1303, 0, 58.2648, 6.8393, 17.3038, 4.6716]
    ],
    [
      [0, 0.3027, 7.5581, 7.8432, 0, 0, 2.626, 0, 0, 3.0357, 12.9851, 2.2045, 0, 0, 6.0493, 8.8779, 7.9334, 0, 0, 0, 0, 12.5077, 4.6106, 4.3065, 1.5172, 2.63, 2.9463, 0, 7.089, 3.9287, 2.2531, 5.2432, 0.3793, 1.4546, 1.1118, 0, 4.1297, 0.4482, 8.744, 0.0509, 1.9457, 0, 0, 0.0963, 0, 0, 0, 0.0509, 0.1732, 1.6886, 0.6852, 59.5637, 9.7683, 8.5589, 0],
      [0.7892, 1.3016, 1.9139, 0, 0.4284, 0, 7.5139, 5.6012, 7.6751, 9.7769, 4.9546, 4.3993, 7.1316, 13.1565, 3.8938, 0, 20.0343, 0, 2.1144, 0, 0, 7.4479, 8.341, 10.9931, 7.59, 9.7041, 6.3926, 0, 4.2468, 23.1345, 10.6195, 16.9708, 0.1648, 3.3587, 1.8275, 0.7909, 7.2653, 1.8853, 15.3201, 0.0824, 0, 0, 0, 0.6014, 0.6874, 0, 0.072, 0, 0, 5.0318, 0.4278, 0, 14.1234, 91.3749, 0],
      [0, 3.1154, 12.0663, 1.3578, 0, 3.3089, 6.5097, 19.7627, 20.249, 14.8441, 16.1921, 0, 19.225, 0, 4.0711, 6.4738, 6.8976, 0.0921, 0, 0, 0.6164, 0, 0, 13.6075, 0.5893, 0, 0, 11.6603, 0, 25.6914, 0, 0, 0.1535, 0, 8.4721, 0, 3.5085, 0.4723, 0, 0, 2.9309, 0, 1.0717, 0.0921, 1.4549, 0, 0.0307, 0.2059, 1.4655, 3.401, 0.2974, 93.7876, 3.1776, 0.042, 23.563],
      [18.2108, 279.499, 521.4617, 650.5667, 25.3283, 182.6458, 124.3505, 497.8549, 486.0759, 270.3433, 312.281, 250.0609, 443.0724, 259.7213, 287.9179, 376.216, 318.2665, 5.8518, 24.6329, 14, 11.3836, 415.0443, 254.606, 770.8595, 316.7495, 428.6659, 153.9397, 215.3397, 559.2959, 650.1544, 359.3953, 511.3161, 9.2089, 24.1867, 61.5886, 46.5086, 208.9361, 41.1942, 484.9359, 4.7432, 183.7146, 66.373, 7.9283, 5.1541, 15.8202, 12.8422, 1.8973, 4.7432, 15.3613, 156.5566, 8.5896, 5642.737, 527.8996, 1154.1279, 387.437],
      [0, 4.7814, 0, 6.2323, 0.2433, 1.0453, 0, 4.7812, 0, 0, 5.5872, 10.3353, 5.571, 0.1222, 1.068, 2.4324, 8.8681, 0.0561, 0.2527, 0, 0, 0, 4.4424, 13.2333, 8.554, 0, 3.7214, 0, 4.3684, 18.091, 5.7321, 8.4699, 0.0936, 0, 0, 0.7005, 6.1604, 0, 0, 0.1235, 2.4087, 0.627, 0, 0.0561, 0.0375, 0.1578, 0, 0, 0, 5.322, 0, 50.9117, 12.0311, 13.8963, 0]
    ],
    [
      [0, 7.3249, 15.8217, 17.8727, 0, 0.718, 6.7389, 16.4077, 21.9746, 13.4777, 18.7516, 10.5478, 17.2867, 11.6899, 5.2739, 7.9109, 16.4077, 0, 0.293, 0, 0, 7.6272, 2.051, 14.0637, 2.9299, 4.3949, 6.1529, 2.1992, 17.8727, 16.7007, 5.8599, 6.4459, 0.293, 0.586, 1.4668, 0.406, 7.0319, 1.172, 12.3058, 0.879, 4.3949, 1.9719, 0.9932, 0.293, 0, 0, 0, 0.2934, 0.879, 5.2739, 0, 137.7074, 14.3567, 37.7963, 4.6879],
      [0, 0.1322, 0.2856, 0.3226, 1.1931, 0.0687, 0.1216, 0.2961, 0.3966, 0.2432, 0.3384, 0.1904, 0.312, 1.4346, 0.0952, 0.1428, 0.2961, 0, 0.0053, 0.0053, 0.0159, 0.1375, 0.037, 0.2538, 0.0529, 0.0793, 0.111, 0.0687, 0.3226, 0.3014, 0.1058, 0.1163, 0.0053, 0.0106, 0.0264, 0.0813, 0.1269, 0.0212, 0.2221, 0.0159, 0.0793, 0.0476, 0, 0.0053, 0, 0.0106, 0, 0.0053, 0.0159, 0.0952, 0, 2.4853, 0.2591, 0.6821, 0.0846],
      [0, 17.2877, 37.3414, 42.182, 2.766, 12.0805, 15.9047, 38.7245, 51.8631, 31.8094, 44.2565, 24.8943, 40.799, 30.4264, 12.4471, 18.6707, 38.7245, 0, 0.6915, 0.6915, 2.4934, 17.9792, 4.8406, 33.1924, 6.9151, 10.3726, 14.5217, 8.9896, 42.182, 39.416, 13.8302, 15.2132, 0.6915, 1.383, 3.4575, 4.149, 16.5962, 2.766, 29.0433, 2.0745, 10.3726, 6.2236, 2.9674, 0.6915, 0, 1.383, 0, 0.6915, 2.0745, 12.4471, 0, 325.0089, 33.8839, 89.2046, 11.0641],
      [0, 0.2462, 0.5318, 0.6007, 0.0394, 0.128, 0.2265, 0.5515, 0.7386, 0.453, 0.6303, 0.3545, 0.581, 0.4333, 0.1773, 0.2659, 0.5515, 0, 0.0098, 0.3032, 0.4907, 0.2561, 0.0689, 0.4727, 0.0985, 0.1477, 0.2068, 1.7378, 0.6007, 0.5614, 0.197, 0.2167, 0.0098, 0.0197, 0.0492, 1.3615, 0.2364, 0.0394, 0.4136, 0.0295, 0.1477, 0.7537, 0.0394, 0.0098, 0, 0.6057, 0, 0.0098, 0.0295, 0.1773, 0, 4.6287, 0.4826, 1.2704, 0.1576],
      [0, 0.009, 0.0195, 0.022, 0.0014, 0.0047, 0.0083, 0.0202, 0.0271, 0.0166, 0.0231, 0.013, 0.0213, 0.0159, 0.0065, 0.0097, 0.0202, 0, 0.0004, 0, 0, 0, 0.0025, 0.0173, 0.0036, 0.0054, 0.0076, 0.0047, 0.022, 0.0206, 0.0072, 0.0079, 0.0004, 0.0007, 0, 0.0022, 0.0087, 0.0014, 0.0152, 0.0011, 0.0054, 0.0032, 0, 0.0004, 0, 0.0007, 0, 0, 0.0011, 0.0065, 0, 0.1696, 0.0177, 0.0466, 0.0058]
    ],
    [
      [0, 0.7794, 1.2341, 0.682, 0, 0.1949, 0.2923, 0.4547, 0.8444, 0.5521, 0.5521, 1.1042, 1.0717, 0.4222, 0.8444, 0.617, 0.6495, 0, 0.065, 0, 0, 2.0677, 0.0974, 0.6495, 0.1949, 0.2598, 0.2273, 0, 1.8186, 1.7212, 0.5846, 0.5196, 0, 0.3281, 0.3274, 0.0325, 0.1949, 0.0325, 0.5521, 0.065, 0.2923, 0.2273, 0, 0, 0, 0, 0, 0.578, 0.065, 0.4222, 0, 8.8657, 1.299, 2.9228, 0.4241],
      [0, 3.5787, 5.6663, 3.1314, 0, 0.8947, 1.342, 2.0876, 3.877, 2.5349, 2.5349, 5.0699, 4.9208, 1.9385, 3.877, 2.8332, 2.9823, 0, 0.2982, 0, 0, 3.2805, 0.4473, 2.9823, 0.8947, 1.1929, 1.0438, 3.2805, 8.3504, 7.903, 2.684, 2.3858, 0, 0.4473, 0.4473, 0.1491, 0.8947, 0.1491, 2.5349, 0.2982, 1.342, 1.0438, 0, 0, 0.1816, 0.1491, 0.4085, 0.1491, 0.2982, 1.9385, 0, 40.708, 5.9645, 13.4202, 4.3243],
      [0, 0.137, 0.2169, 0.1198, 0, 0.0342, 0.0514, 0.0799, 0.1484, 0.097, 0.097, 0.194, 0.1883, 0.0742, 0.1484, 0.1084, 0.1141, 0, 0.0114, 0, 0, 0.1255, 0.0171, 0.1141, 0.0342, 0.0457, 0.0399, 0.1255, 0.3196, 0.3025, 0.1027, 0.0913, 0, 0.0171, 0.0171, 0.0057, 0.0342, 0.0057, 0.097, 0.0114, 0.0514, 0.0399, 0, 0, 0.0057, 0.0057, 0.5221, 0.2036, 0.0114, 0.0742, 0, 1.5579, 0.2283, 0.5136, 0.6831],
      [0, 1.665, 2.6363, 1.4569, 0, 0.4163, 0.6244, 0.9713, 1.8038, 1.1794, 1.1794, 2.3588, 2.2894, 0.9019, 1.8038, 1.3182, 1.3875, 0, 0.1388, 0, 0, 1.5263, 0.2081, 1.3875, 0.4163, 0.555, 0.4856, 2.2407, 3.8851, 3.6769, 1.2488, 1.11, 0, 0.2081, 0.2081, 0.0694, 0.4163, 0.0694, 1.1794, 0.1388, 0.6244, 0.4856, 0, 0, 0.0694, 0.1019, 0.0694, 0.0694, 0.1388, 0.9019, 0, 18.9397, 2.7751, 6.2439, 2.0119],
      [0, 17.8399, 28.2465, 15.6099, 0, 4.46, 6.69, 10.4066, 19.3265, 12.6366, 12.6366, 25.2732, 24.5298, 9.6633, 19.3265, 14.1232, 14.8666, 0, 1.4867, 0, 0, 15, 2.23, 14.8666, 4.46, 5.9466, 5.2033, 16.3532, 41.6264, 39.3964, 13.3799, 11.8932, 0, 1.9993, 2, 0.7433, 4.46, 0.7433, 12.6366, 1.4867, 6.69, 5.2033, 0, 0, 0.7433, 0.7433, 0, 0, 1.4867, 9.6633, 0, 202.9286, 29.7331, 66.8995, 21.5565]
    ]
  ],
  "V_est": [
    [329.5505, 0, 445.9649, 507.4847, 0],
    [47.5158, 2559.5169, 1579.8524, 88.3906, 205.7243],
    [46.9238, 1133.7213, 4491.8209, 221.5919, 219.9421],
    [205.2976, 339.1386, 330.457, 19067.5915, 210.5153],
    [507.5835, 11.762, 1227.6809, 22.3492, 0.6244],
    [35.1288, 156.8613, 7.2239, 73.5921, 777.194]
  ],
  "p_est": [
    [0.2569, 0, 0.3476, 0.3955, 0],
    [0.0106, 0.5712, 0.3526, 0.0197, 0.0459],
    [0.0077, 0.1854, 0.7347, 0.0362, 0.036],
    [0.0102, 0.0168, 0.0164, 0.9461, 0.0104],
    [0.2868, 0.0066, 0.6936, 0.0126, 0.0004],
    [0.0335, 0.1494, 0.0069, 0.0701, 0.7402]
  ],
  "EI_Z": {},
  "EI_V": 11.2057,
  "MAE_Z": {},
  "MAE_V": 260.3531,
  "MAE_p": 0.0971,
  "runtime": 1.7363
}
