{
  "Z_true": {},
  "V_true": [
    [5022, 144, 4622, 185],
    [1383, 85, 9848, 259],
    [889, 8447, 2647, 475],
    [186, 186, 1074, 625],
    [376, 361, 649, 652]
  ],
  "p_true": [
    [0.5036, 0.0144, 0.4635, 0.0186],
    [0.1195, 0.0073, 0.8508, 0.0224],
    [0.0714, 0.678, 0.2125, 0.0381],
    [0.0898, 0.0898, 0.5186, 0.3018],
    [0.1845, 0.1771, 0.3184, 0.3199]
  ],
  "Z_est": {},
  "V_est": [
    [7211.0542, 264.2673, 2179.5922, 318.0863],
    [0, 0, 11522.7092, 52.2908],
    [107.9915, 8958.7327, 3344.9165, 46.3593],
    [0, 0, 1179.5192, 891.4808],
    [536.9543, 0, 613.2629, 887.7828]
  ],
  "p_est": [
    [0.7231, 0.0265, 0.2185, 0.0319],
    [0, 0, 0.9955, 0.0045],
    [0.0087, 0.7191, 0.2685, 0.0037],
    [0, 0, 0.5695, 0.4305],
    [0.2635, 0, 0.3009, 0.4356]
  ],
  "EI_Z": {},
  "EI_V": 15.9924,
  "MAE_Z": {},
  "MAE_V": 609.5503,
  "MAE_p": 0.0861,
  "runtime": 0.0128
}
