{
  "Z_true": {},
  "V_true": [
    [55, 94, 137, 2297, 163, 2461, 91],
    [697, 39, 41, 71, 480, 154, 67],
    [404, 239, 238, 420, 8586, 705, 544],
    [81, 283, 294, 1266, 147, 6691, 231],
    [36, 68, 1359, 217, 275, 675, 91],
    [38, 819, 54, 256, 256, 633, 79],
    [69, 28, 38, 50, 357, 152, 393]
  ],
  "p_true": [
    [0.0104, 0.0177, 0.0259, 0.4336, 0.0308, 0.4645, 0.0172],
    [0.45, 0.0252, 0.0265, 0.0458, 0.3099, 0.0994, 0.0433],
    [0.0363, 0.0215, 0.0214, 0.0377, 0.771, 0.0633, 0.0489],
    [0.009, 0.0315, 0.0327, 0.1408, 0.0163, 0.744, 0.0257],
    [0.0132, 0.025, 0.4994, 0.0798, 0.1011, 0.2481, 0.0334],
    [0.0178, 0.3836, 0.0253, 0.1199, 0.1199, 0.2965, 0.037],
    [0.0635, 0.0258, 0.035, 0.046, 0.3284, 0.1398, 0.3615]
  ],
  "Z_est": [
    [
      [0.0342, 0.1578, 0.1282, 0.2224, 0.3951, 0.8006, 0.5678, 0.8159, 0.4144, 1.2069, 1.3531, 0.6229, 0.4218, 2.0225, 1.7969, 0, 1.2747, 1.2106, 0.5549, 0.4126, 0.3992, 0.007, 0.0228, 0.104, 0.1124, 0.175, 0.97, 0, 0.0212, 0.9858, 0.3778, 1.3541, 1.0348, 0.0682, 0.8989, 0.186, 2.6235, 0.5218],
      [0.059, 0.8763, 0.2261, 0.3267, 0.662, 1.2154, 0.8103, 1.5857, 1.4651, 1.9018, 2.0751, 0.5627, 1.0178, 2.4963, 1.5885, 2.4002, 0.3748, 1.7305, 0.667, 0.387, 0.4051, 0.0074, 0.1195, 0.0938, 0.173, 0.2659, 1.6391, 0, 0.1285, 1.2964, 1.1554, 2.1568, 1.5157, 0.1308, 1.5043, 0.264, 3.2833, 0],
      [0.0123, 0.1089, 0.0176, 0.0204, 0.039, 0.027, 0.0417, 0.038, 0, 0.1037, 0.2183, 0.0598, 0.1502, 0.1657, 0.149, 0.153, 0.0091, 0.0718, 0.0507, 0.0372, 0.0513, 0.0004, 0.0045, 0.0084, 0.002, 0.0097, 0.134, 0, 0.028, 0.0578, 0.0741, 0.0386, 0.0886, 0.0133, 0.1857, 0, 0.0746, 0],
      [1.6371, 72.6754, 8.1873, 21.2038, 33.6561, 93.1353, 53.5438, 95.8353, 103.6531, 184.7478, 268.3918, 63.3943, 86.0811, 155.9871, 173.4378, 139.5645, 8.4053, 141.385, 85.1623, 11.8767, 19.8523, 0.6838, 10.28, 6.5841, 10.0536, 8.955, 71.8303, 7.2127, 5.9391, 108.0994, 102.9722, 208.0582, 153.588, 4.7166, 199.6724, 19.8253, 267.0943, 45.3327],
      [0.004, 0.2427, 0.0077, 0.0323, 0.0461, 0, 0.0146, 0.042, 0.5277, 0.2684, 0.8565, 0.0328, 0.403, 0.069, 0.1417, 0.6862, 0.1365, 0.0013, 0.0614, 0.0732, 0.1281, 0.0002, 0.0077, 0.0144, 0.0167, 0.0147, 0.2925, 0.4951, 0, 0, 0.0047, 0.3556, 0.3297, 0.0046, 0.4906, 0, 0.2583, 0.2089],
      [2.2407, 44.9389, 5.3843, 21.1153, 21.9454, 55.5253, 44.8969, 68.3529, 69.8587, 124.3612, 164.7139, 39.2375, 60.926, 113.4393, 134.1751, 92.8427, 4.7205, 112.0739, 48.3908, 18.8916, 17.8626, 0.2984, 5.5477, 6.1076, 7.5963, 10.4641, 63.0084, 6.1049, 4.7737, 80.1319, 47.089, 157.6981, 103.0482, 9.0277, 156.3196, 17.6161, 181.799, 43.9367],
      [0.0127, 0, 0.0487, 0.0791, 0.2564, 0.2963, 0.1249, 0.3301, 0.081, 0.4104, 0.3912, 0.09, 0, 0.8201, 0.7109, 0.3534, 0.0792, 0.527, 0.113, 0.3216, 0.3014, 0.0027, 0.0178, 0.0877, 0.0459, 0.1157, 0.1256, 0.1872, 0.1095, 0.4287, 0.3268, 0.3387, 0.3949, 0.0388, 0.9284, 0.1085, 0.8671, 0]
    ],
    [
      [7.377, 15.079, 5.9952, 14.0976, 17.264, 18.7328, 17.5751, 25.6519, 14.5277, 25.8011, 57.2913, 22.0172, 14.1174, 34.8001, 46.0439, 30.4601, 3.7039, 34.3742, 21.326, 14.4868, 7.3398, 3.6432, 5.0858, 6.0772, 5.718, 10.9696, 19.7468, 0, 0.8926, 21.9868, 12.4607, 50.7043, 33.7749, 2.4807, 26.6777, 6.2565, 124.3841, 20.3529],
      [0.4988, 3.0322, 0.5176, 1.016, 1.4639, 1.38, 1.3025, 2.6276, 1.7763, 1.9218, 3.619, 1.0736, 2.0076, 2.2248, 2.2871, 2.2078, 0.1073, 2.5176, 1.0593, 0.6743, 0.3673, 0.1888, 0.9214, 0.2689, 0.4284, 0.8309, 1.8203, 0, 0.1014, 1.4012, 1.8707, 4.5199, 1.7599, 0.2228, 1.6915, 0.3395, 7.2874, 0],
      [0.6162, 0.5942, 0.2136, 0.376, 0.4227, 0.2508, 0.384, 1.032, 0.588, 0.5345, 1.1588, 0.4508, 0.3037, 0.669, 0.9779, 0.3979, 0.0169, 0.6846, 0.3873, 0.2699, 0.1658, 0.0567, 0.1975, 0.1238, 0.0845, 0.2063, 0.3787, 0, 0.0724, 0.4482, 0.3188, 1.6615, 0.5629, 0.1158, 0.7383, 0.0584, 1.5402, 0.2228],
      [0, 4.2806, 0.3374, 1.2266, 1.3963, 1.9559, 1.6425, 3.0528, 2.2829, 3.618, 9.3081, 2.2445, 2.8744, 2.69, 4.3867, 3.1034, 0.0394, 3.984, 2.6643, 0.3532, 0.3345, 0.2407, 1.4369, 0.3369, 0.4507, 0.5133, 1.5177, 0, 0.0809, 2.2471, 2.9075, 8.4362, 3.4833, 0.1469, 3.6252, 0.4957, 11.3686, 1.772],
      [4.9569, 6.0226, 2.5329, 7.7626, 7.4039, 4.5749, 5.9673, 8.1514, 2.1871, 4.791, 9.4707, 6.965, 2.9129, 12.4666, 18.9578, 3.4331, 0.9513, 11.4998, 3.9644, 9.5458, 3.2628, 2.0224, 3.2453, 2.8481, 3.338, 6.5656, 6.3571, 0, 1.3419, 5.9761, 5.3337, 11.9701, 4.5263, 1.5061, 15.8633, 2.4562, 26.4065, 7.1155],
      [0.2031, 12.1205, 1.0523, 5.6451, 4.1948, 5.328, 6.3047, 9.9378, 7.0329, 11.1128, 26.0795, 6.3621, 9.3321, 8.9182, 15.4524, 9.4146, 0.1054, 14.3948, 6.929, 2.8391, 1.3949, 0.6287, 3.6745, 1.484, 1.6066, 2.8054, 6.0983, 0, 0.3119, 7.5989, 6.0584, 29.1424, 10.6533, 1.3215, 12.9168, 2.041, 35.2141, 7.8593],
      [0.348, 0.8708, 0.3511, 0.8761, 1.8543, 0.7776, 0.8238, 1.5464, 0.605, 1.2207, 2.0727, 0.8869, 0.4519, 2.2312, 2.8943, 0.983, 0.0758, 2.545, 0.6697, 1.8309, 1.1351, 0.2196, 0.4385, 0.861, 0.3738, 1.1089, 2.0811, 0, 0.1989, 1.3417, 1.0503, 2.5655, 1.2393, 0.2061, 2.4871, 0.3526, 5.7991, 0.6774]
    ],
    [
      [0.0829, 8.3907, 6.4059, 13.3348, 19.2484, 6.3486, 13.8824, 12.3375, 11.4754, 18.8148, 39.9208, 8.3455, 10.9944, 13.6551, 19.0488, 22.7101, 0.601, 18.0596, 11.4871, 2.3558, 7.4377, 3.6438, 2.3847, 5.8751, 7.016, 8.286, 7.4416, 6.8959, 0.0548, 10.572, 3.1297, 28.4425, 19.1157, 0.5058, 8.3507, 2.9931, 68.0275, 5.3382],
      [0.7827, 2.6485, 1.758, 2.0202, 3.5334, 0.8263, 1.9656, 2.3743, 2.5519, 2.6245, 4.8171, 0.7097, 2.5676, 1.6724, 1.2606, 3.023, 0.1834, 2.5301, 1.1231, 1.0135, 1.0217, 0.5904, 1.3847, 0.3683, 1.1408, 1.8671, 1.1966, 0.6141, 0.1806, 1.2359, 0.8585, 4.679, 1.9016, 0.6485, 0.7296, 0.3839, 7.5946, 0],
      [6.1891, 5.5345, 5.011, 6.6701, 8.5467, 1.331, 4.8182, 7.7136, 7.3491, 6.2756, 13.102, 2.7749, 3.7056, 4.2331, 6.5173, 4.9514, 0.1082, 5.7056, 3.4297, 2.5234, 3.9578, 0.8881, 2.3165, 2.3322, 0.6396, 2.568, 2.2128, 2.0597, 0.1047, 3.3591, 1.3561, 14.5889, 5.2026, 2.6617, 4.015, 0.2342, 13.5511, 0.9006],
      [0, 0.1964, 0.0385, 0, 0.2523, 0.0497, 0.0017, 0.165, 0.1957, 0.1981, 0.1211, 0.056, 0.235, 0.0813, 0.2179, 0.2454, 0, 0.1686, 0, 0, 0, 0.3088, 0.1279, 0, 0.1555, 0, 0, 4.3839, 0.0079, 0.1017, 0, 0.4379, 0.174, 0, 0.2231, 0.025, 0.6485, 0.0577],
      [208.726, 215.9758, 210.5766, 556.2933, 544.5593, 99.4937, 300.2768, 250.7982, 113.0332, 226.4339, 425.3201, 170.2866, 140.5425, 312.7866, 500.9797, 170.4166, 26.175, 386.0059, 141.9693, 245.0684, 235.0592, 202.3875, 154.6207, 189.3703, 312.8775, 446.1155, 143.926, 13.0201, 9.0624, 181.5973, 92.2408, 424.9859, 168.6258, 130.7167, 342.507, 77.0769, 941.2222, 121.0372],
      [0, 8.7803, 0, 7.9873, 2.4, 2.3631, 6.7479, 6.1106, 7.3383, 10.6398, 23.5893, 3.196, 8.6455, 4.3097, 8.4553, 9.574, 0, 10.0348, 5.2122, 0, 0, 0, 3.8572, 0.9215, 1.4435, 0.7281, 3.0231, 6.089, 0.0163, 4.7414, 2.2827, 20.761, 8.1642, 4.4203, 5.912, 1.2297, 26.4365, 2.9422],
      [3.2193, 13.4739, 13.21, 25.6943, 59.4599, 7.5876, 18.3074, 21.5007, 14.0565, 26.0133, 42.1296, 9.6313, 9.3094, 25.2619, 34.5203, 22.0795, 0.9324, 38.4954, 10.7787, 20.039, 31.5237, 9.1815, 9.3083, 23.1327, 14.727, 34.4354, 20.1999, 4.9372, 0.5734, 18.3926, 8.1321, 41.1048, 20.8161, 8.047, 24.2626, 5.0571, 93.5198, 4.724]
    ],
    [
      [0.2909, 0, 1.553, 0.3641, 0.3725, 0.6519, 0.5211, 0.9072, 0.7956, 0.9227, 0.8275, 0.7397, 0.3076, 2.2349, 1.7807, 0, 0.2318, 1.028, 0.4056, 3.5207, 0.909, 0.044, 0, 0.1262, 0.1194, 1.2695, 0.5254, 0, 0, 0.8351, 0.4678, 1.8483, 0.1967, 2.3825, 0.1482, 0.2213, 1.8817, 0.1413],
      [0.1208, 1.4865, 0.6701, 0.5729, 1.4177, 2.4144, 1.5611, 3.6075, 2.7324, 3.6516, 4.4675, 1.3392, 2.0373, 5.835, 3.313, 2.969, 0.3624, 3.2563, 1.4876, 0.7035, 0.7744, 0.105, 0.4306, 0.2273, 0.4475, 0.5461, 3.1498, 0, 0.1878, 2.7058, 2.8917, 5.3159, 3.2891, 1.8415, 2.0628, 0.487, 6.5103, 0],
      [0.4157, 1.0237, 0.7558, 0.5875, 1.1394, 1.2213, 1.2608, 3.6452, 1.7287, 2.7875, 4.0332, 1.6461, 1.3391, 4.8689, 4.5731, 2.2258, 0.15, 2.3768, 1.455, 0.7717, 0.9931, 0.0878, 0.2667, 0.2941, 0.2302, 0.3709, 1.9821, 0, 0.6416, 2.3197, 1.5878, 4.9191, 2.8347, 2.147, 2.9973, 0.0778, 3.7073, 0.4673],
      [0.2956, 22.9212, 4.2961, 6.5826, 13.1704, 34.2212, 18.899, 40.041, 36.1497, 65.3392, 105.3193, 27.9862, 33.4945, 66.7862, 70.7267, 54.3769, 1.4553, 48.8492, 34.527, 0.591, 6.6422, 1.4248, 6.8851, 2.8431, 4.6694, 2.1978, 24.9771, 1.1336, 2.716, 41.4687, 47.0129, 94.0937, 61.0501, 2.7885, 50.5792, 6.4694, 97.9681, 14.4337],
      [0.0158, 0.4159, 0.0359, 0.0814, 0.1231, 0, 0.0315, 0.1282, 1.1935, 0.6135, 2.2472, 0.0997, 1.1763, 0.2007, 0.4409, 1.8869, 0.0884, 0, 0.1575, 0.2561, 0.3678, 0.0085, 0.0521, 0.0656, 0.0712, 0.0504, 0.8324, 4.8907, 0, 0, 0.008, 1.466, 0.9482, 0.3949, 0.6541, 0, 0.6223, 0.5266],
      [7.847, 130.1528, 25.5865, 62.7336, 79.413, 187.0164, 145.6184, 261.0896, 222.3773, 402.1114, 593.499, 159.1459, 216.6453, 443.703, 499.0696, 329.9162, 9.6574, 353.8395, 180.8111, 56.794, 57.0707, 7.3036, 35.3208, 25.3218, 33.3863, 36.3949, 203.5332, 36.1453, 21.0721, 280.9977, 200.352, 649.9179, 374.0064, 156.122, 360.6378, 53.5696, 608.0877, 128.4311],
      [0.0141, 0, 0.1025, 0.0778, 0.3639, 0.4748, 0.1081, 0.5814, 0.0228, 0.5741, 0.6063, 0.0432, 0, 1.3714, 1.096, 0.6253, 0.0547, 0.6502, 0.1562, 0.363, 0.2428, 0.0265, 0.0446, 0.122, 0.0761, 0.1705, 0, 1.8304, 0.3826, 0.6729, 0.6797, 0.439, 0.6748, 0.3235, 0.9207, 0.175, 1.2225, 0]
    ],
    [
      [0, 0.0068, 0.0092, 0.0117, 0.029, 0.0303, 0.0718, 0.0518, 0.04, 0.0611, 0.0682, 0.0271, 0.032, 0.1033, 0.1247, 0, 0.0155, 0.0754, 0.0253, 0.0362, 0.0205, 1.3974, 0, 0.0131, 0.0132, 0.0134, 0.0367, 0, 0, 0.0615, 0.0246, 0.135, 0, 0, 0, 0.018, 0.1362, 0.0771],
      [0.1274, 8.1705, 0.8542, 1.8526, 3.4095, 2.784, 5.3455, 5.0231, 5.5166, 6.6662, 8.7123, 1.4613, 4.1599, 7.3372, 7.5944, 7.7988, 0.4151, 6.5766, 2.7234, 2.3734, 1.2354, 0.7563, 3.2674, 0.8523, 1.8418, 2.2991, 3.3235, 0.0714, 0.0246, 4.4785, 6.546, 10.3223, 6.9834, 2.4146, 4.5442, 1.0758, 13.205, 0.4578],
      [7.3752, 63.2628, 14.8808, 27.6919, 39.3022, 20.6906, 62.9178, 79.4116, 74.5132, 73.7752, 109.9256, 24.9159, 24.9754, 87.493, 128.6015, 55.6594, 3.6435, 71.1691, 40.1445, 36.8588, 22.4867, 9.7117, 28.9849, 16.142, 15.0751, 23.2829, 27.5932, 1.5548, 1.8544, 57.4402, 44.6728, 150.9387, 88.8643, 58.2673, 78.962, 8.3922, 111.0107, 9.9861],
      [0.0081, 2.0098, 0.0961, 0.3863, 0.5642, 0.6834, 1.1623, 1.0172, 1.2537, 2.1764, 3.8582, 0.5289, 1.035, 1.5398, 2.5414, 1.9141, 0.0264, 1.8062, 1.1747, 0.1069, 0.192, 0.1654, 0.8962, 0.1844, 0.3357, 0.2412, 0.4732, 0.1356, 0.0036, 1.2481, 1.6944, 3.3548, 2.4034, 0, 1.7051, 0.2714, 3.5808, 0.3244],
      [0.135, 1.7617, 0.4142, 1.4125, 1.7295, 0.8947, 2.4043, 1.5412, 0.8289, 1.6667, 2.3697, 0.9291, 0.6232, 4.0464, 6.2547, 1.2887, 0.3171, 2.9535, 1.0057, 3.4403, 1.1424, 0.7898, 1.1904, 0.9145, 1.4212, 1.8094, 1.1587, 0.046, 0.0245, 1.855, 1.8161, 2.8102, 1.8434, 1.8938, 4.2463, 0.7346, 4.7606, 0.736],
      [0.2668, 22.5069, 1.1769, 7.0621, 6.6904, 7.3728, 17.7718, 13.0203, 15.0018, 26.4528, 43.1054, 5.9398, 13.2486, 20.1841, 35.3199, 22.8885, 0.326, 25.8243, 12.2256, 6.8419, 3.1985, 0.3276, 9.107, 3.2225, 4.7344, 5.3234, 7.6427, 2.129, 0.05, 16.6722, 14.6025, 45.6253, 29.023, 11.896, 23.8971, 4.4324, 43.8542, 5.6906],
      [0.0875, 2.2815, 0.5686, 1.583, 4.2751, 1.5441, 3.3265, 2.9347, 1.8457, 4.2015, 4.9606, 1.1979, 0.9259, 7.2963, 9.5634, 3.4505, 0.2564, 6.5949, 1.7007, 6.3426, 3.7245, 0.8517, 1.5541, 2.6711, 1.5788, 3.0306, 3.7721, 0.0632, 0.0428, 4.2445, 3.6436, 5.8136, 4.8825, 2.5283, 6.6453, 1.0756, 10.4524, 0.7279]
    ],
    [
      [0.0214, 0.3812, 0.2515, 0.2577, 0.3407, 0.9293, 1.0293, 0.9511, 0.6667, 1.3, 2.1688, 0.94, 0.3011, 2.0265, 2.9681, 1.1315, 0.0676, 0.8396, 0.492, 0.5717, 0.2953, 0.0346, 0.0606, 0.2556, 0.2295, 0.3248, 0.5943, 0.0239, 0.0249, 0.9474, 0.2624, 1.5423, 1.3739, 0.0785, 1.2425, 0.1518, 3.313, 0.1683],
      [1.3043, 45.5468, 13.6095, 10.8891, 16.7918, 40.1426, 43.3844, 54.9559, 47.1205, 55.3472, 77.9774, 26.4518, 24.4712, 72.9697, 82.9591, 50.8213, 2.5331, 34.7413, 14.4008, 15.6612, 9.003, 1.2753, 7.3493, 7.0355, 10.5902, 14.7255, 31.4727, 1.207, 3.3718, 34.6364, 23.4147, 75.908, 42.0553, 4.4225, 46.1961, 5.389, 109.6885, 2.4816],
      [0.2024, 1.353, 0.7958, 0.5975, 0.7183, 1.096, 1.9359, 3.2766, 2.3328, 2.3444, 3.8174, 1.6628, 0.5515, 3.3403, 5.3934, 1.3829, 0.0376, 1.4359, 0.7904, 0.9088, 0.5845, 0.0493, 0.2273, 0.464, 0.304, 0.5401, 0.9747, 0.0618, 0.263, 1.6784, 0.5949, 4.2734, 2.0477, 0.3356, 3.0561, 0.1376, 3.5607, 0.1676],
      [0.0593, 7.8525, 1.036, 1.5869, 1.9347, 6.9422, 6.7224, 7.8529, 7.4246, 12.8597, 24.8797, 6.7595, 4.241, 10.8951, 19.6168, 8.7551, 0.0733, 6.7694, 4.425, 1.0722, 0.9752, 0.1727, 1.3434, 1.0449, 1.3198, 1.0927, 3.1923, 1.1044, 0.2523, 6.8205, 4.3995, 17.5438, 10.2653, 0.3479, 12.1731, 0.9098, 21.1992, 1.0713],
      [0.0391, 0.4193, 0.2342, 0.3032, 0.3126, 0.464, 0.7277, 0.6326, 0.3097, 0.5364, 0.8781, 0.624, 0.1567, 1.5109, 2.5679, 0.3738, 0.0467, 0.582, 0.1968, 0.8343, 0.2963, 0.0415, 0.0926, 0.2682, 0.2971, 0.4242, 0.4281, 0.0932, 0.0785, 0.529, 0.2372, 0.801, 0.4287, 0.1039, 1.6225, 0.1263, 1.5184, 0.1266],
      [0.3268, 17.6951, 2.5529, 5.8043, 4.6291, 15.0611, 20.5472, 20.3524, 18.1846, 31.4548, 55.5155, 15.2508, 10.9562, 28.7682, 55.0504, 21.1536, 0.184, 19.4829, 9.1469, 6.4095, 3.2345, 0.3518, 2.7261, 3.6442, 3.7274, 4.7345, 10.2057, 3.4445, 0.7704, 18.3722, 7.3046, 48.275, 25.0124, 2.4752, 34.5592, 2.9788, 52.3207, 3.7776],
      [0.0468, 0.7521, 0.5201, 0.5613, 1.2728, 1.3647, 1.6531, 1.9785, 0.961, 2.1574, 2.763, 1.3111, 0.3224, 4.4894, 6.4444, 1.3817, 0.0576, 2.1489, 0.548, 2.5423, 1.6113, 0.0748, 0.2006, 1.2876, 0.5321, 1.1581, 2.1321, 0.0654, 0.2392, 2.0161, 0.7867, 2.6565, 1.8166, 0.2364, 4.1505, 0.3066, 5.3995, 0.2069]
    ],
    [
      [0.1936, 0.9845, 0.6569, 0.7116, 1.3503, 0.5065, 1.3525, 1.2846, 1.0802, 1.8934, 3.3703, 1.3077, 0.8257, 1.1577, 3.2368, 1.6983, 0.1055, 1.4127, 1.7091, 0.6162, 0.5987, 0.23, 0.4461, 0.5487, 0.7916, 0.9618, 0.6852, 1.0802, 0.0065, 0.6114, 0.277, 1.9735, 1.5039, 0.4843, 0.6821, 0.1733, 6.6341, 0.4003],
      [0.1069, 1.2392, 0.3645, 0.3226, 0.7217, 0.2371, 0.6305, 0.8258, 0.8372, 0.8869, 1.3315, 0.4018, 0.7386, 0.4647, 0.9975, 0.7799, 0.0239, 0.6477, 0.5388, 0.1873, 0.1931, 0.0768, 0.5271, 0.154, 0.3783, 0.4654, 0.398, 0.1075, 0.0054, 0.2458, 0.2629, 1.0981, 0.4949, 0.3192, 0.2714, 0.0608, 2.4309, 0.0606],
      [1.1891, 2.123, 1.3254, 1.0566, 1.8317, 0.3831, 1.6417, 2.883, 2.4882, 2.179, 3.7447, 1.4896, 0.9745, 1.23, 3.7877, 1.2295, 0.0346, 1.5561, 1.7425, 0.6302, 0.7608, 0.2061, 1.0025, 0.6356, 0.6646, 1.0221, 0.7244, 0.3237, 0.0358, 0.6965, 0.3955, 3.5797, 1.3992, 1.4592, 1.0457, 0.0998, 4.5554, 0.2554],
      [0, 0.0641, 0.0086, 0.0137, 0.0259, 0.0123, 0.0282, 0.0358, 0.0402, 0.0609, 0.1218, 0.0305, 0.039, 0.0205, 0.0727, 0.0405, 0.0003, 0.0375, 0.0466, 0, 0.0038, 0.0039, 0.0304, 0.0065, 0.0153, 0, 0.0094, 0.0298, 0.0002, 0.0145, 0.0135, 0.0755, 0.036, 0, 0.022, 0.0032, 0.1405, 0.0083],
      [6.1232, 14.162, 10.1983, 14.1147, 20.8254, 4.5727, 16.5778, 14.7064, 5.9198, 12.69, 19.8577, 15.0628, 6.1854, 14.9198, 47.6572, 6.9148, 1.2851, 16.9575, 11.6449, 14.7819, 9.7435, 4.7501, 10.7911, 9.5189, 16.9783, 21.0202, 8.0053, 0.4549, 0.4928, 6.0426, 4.3595, 16.6112, 7.2978, 12.3801, 14.6162, 2.6059, 50.2116, 5.2491],
      [0.1156, 1.8055, 0.2473, 0.6524, 0.7274, 0.3333, 1.1132, 1.1363, 1.2064, 1.8672, 3.4974, 0.8679, 1.2463, 0.6775, 2.4774, 1.2103, 0.0067, 1.3498, 1.2845, 0.2239, 0.2389, 0.09, 0.7665, 0.2983, 0.5055, 0.5495, 0.4885, 1.0873, 0.0056, 0.4858, 0.3108, 2.5803, 1.0924, 0.7372, 0.7574, 0.1324, 4.2878, 0.3625],
      [2.2716, 10.6217, 7.199, 8.1285, 26.5176, 3.9549, 11.6562, 14.1282, 8.4281, 16.4226, 22.0766, 9.8397, 4.9904, 13.5298, 36.7707, 10.1266, 0.5438, 19.0386, 10.0336, 14.5605, 17.4612, 2.6431, 7.4362, 14.8379, 9.6664, 17.9809, 13.6892, 1.9166, 0.4537, 6.9035, 4.3808, 18.0818, 10.1758, 8.62, 11.6052, 1.9246, 55.7396, 2.6637]
    ]
  ],
  "V_est": [
    [24.2759, 36.5673, 2.2446, 3052.7108, 6.2689, 2166.4611, 9.4715],
    [799.274, 57.3355, 17.2815, 90.8353, 244.6533, 293.5693, 46.0511],
    [453.0104, 66.3815, 169.4389, 8.8746, 9432.1665, 218.3528, 787.7754],
    [28.5718, 74.9786, 63.9297, 1155.3817, 20.1512, 7634.6979, 15.2891],
    [2.766, 152.6015, 1802.4283, 41.0991, 65.21, 534.655, 122.2401],
    [28.5593, 1162.3013, 53.2945, 226.9865, 19.2636, 586.4409, 58.1539],
    [43.5426, 19.8344, 52.3826, 1.1119, 476.2865, 36.823, 457.0189]
  ],
  "p_est": [
    [0.0046, 0.0069, 0.0004, 0.5762, 0.0012, 0.4089, 0.0018],
    [0.516, 0.037, 0.0112, 0.0586, 0.1579, 0.1895, 0.0297],
    [0.0407, 0.006, 0.0152, 0.0008, 0.847, 0.0196, 0.0707],
    [0.0032, 0.0083, 0.0071, 0.1285, 0.0022, 0.849, 0.0017],
    [0.001, 0.0561, 0.6624, 0.0151, 0.024, 0.1965, 0.0449],
    [0.0134, 0.5444, 0.025, 0.1063, 0.009, 0.2747, 0.0272],
    [0.0401, 0.0182, 0.0482, 0.001, 0.4382, 0.0339, 0.4204]
  ],
  "EI_Z": {},
  "EI_V": 12.8152,
  "MAE_Z": {},
  "MAE_V": 172.1892,
  "MAE_p": 0.044,
  "runtime": 0.046
}
