{
  "X": [
    [17, 25, 8, 15, 35],
    [15, 25, 5, 12, 43],
    [10, 25, 4, 26, 35],
    [8, 23, 17, 17, 35],
    [12, 27, 13, 22, 26],
    [9, 27, 10, 20, 34],
    [11, 29, 8, 14, 38],
    [18, 26, 15, 12, 29],
    [16, 26, 9, 16, 33],
    [14, 19, 5, 21, 41],
    [14, 28, 15, 19, 24],
    [18, 26, 8, 15, 33],
    [14, 20, 11, 26, 29],
    [14, 26, 17, 15, 28],
    [14, 21, 10, 17, 38],
    [14, 28, 11, 16, 31],
    [20, 19, 8, 13, 40],
    [27, 12, 8, 17, 36],
    [17, 11, 8, 20, 44],
    [28, 13, 7, 16, 36],
    [20, 10, 12, 9, 49],
    [23, 11, 9, 14, 43],
    [20, 19, 9, 15, 37],
    [20, 14, 4, 12, 50],
    [23, 12, 7, 12, 46],
    [15, 13, 10, 14, 48],
    [20, 15, 6, 13, 46],
    [25, 5, 11, 12, 47],
    [23, 15, 7, 10, 45],
    [27, 15, 5, 12, 41],
    [23, 15, 7, 11, 44],
    [20, 13, 11, 17, 39],
    [24, 11, 9, 9, 47],
    [12, 9, 12, 35, 32],
    [5, 9, 16, 32, 38],
    [6, 10, 19, 35, 30],
    [8, 6, 15, 37, 34],
    [10, 13, 13, 29, 35],
    [12, 8, 18, 36, 26],
    [11, 5, 17, 40, 27],
    [12, 5, 16, 37, 30],
    [9, 11, 6, 36, 38],
    [15, 9, 12, 35, 29],
    [6, 4, 16, 44, 30],
    [9, 8, 22, 31, 30],
    [11, 9, 14, 31, 35],
    [9, 10, 18, 36, 27],
    [13, 9, 16, 33, 29],
    [10, 13, 16, 30, 31],
    [6, 11, 8, 45, 30]
  ],
  "W": [
    [63, 16, 21],
    [59, 23, 18],
    [64, 15, 21],
    [59, 16, 25],
    [70, 11, 19],
    [68, 11, 21],
    [65, 21, 14],
    [75, 17, 8],
    [67, 19, 14],
    [63, 20, 17],
    [71, 14, 15],
    [75, 16, 9],
    [63, 13, 24],
    [62, 24, 14],
    [62, 16, 22],
    [78, 12, 10],
    [57, 32, 11],
    [21, 58, 21],
    [16, 67, 17],
    [14, 67, 19],
    [10, 68, 22],
    [21, 61, 18],
    [16, 70, 14],
    [18, 67, 15],
    [15, 69, 16],
    [20, 62, 18],
    [13, 74, 13],
    [17, 67, 16],
    [13, 70, 17],
    [23, 65, 12],
    [13, 73, 14],
    [27, 53, 20],
    [12, 72, 16],
    [16, 35, 49],
    [10, 19, 71],
    [19, 14, 67],
    [14, 14, 72],
    [19, 22, 59],
    [15, 12, 73],
    [16, 14, 70],
    [17, 16, 67],
    [19, 21, 60],
    [15, 20, 65],
    [13, 12, 75],
    [19, 26, 55],
    [9, 23, 68],
    [24, 10, 66],
    [13, 16, 71],
    [20, 19, 61],
    [19, 15, 66]
  ],
  "method": "mvn_pdf",
  "cond_prob": [
    [
      [0.16234708455, 0.35844168582, 0.069826335652, 0.090044611573, 0.3193402824],
      [0.34788478272, 0.096318767931, 0.027719370689, 0.030481703641, 0.49759537502],
      [0.062838769309, 0.030123001419, 0.15532530709, 0.42896051003, 0.32275241215]
    ],
    [
      [0.12501777729, 0.36467244882, 0.052966844894, 0.077797980841, 0.37954494816],
      [0.26570635813, 0.097498285061, 0.020966892705, 0.026240729633, 0.58958773447],
      [0.050983514838, 0.032186203477, 0.12376316368, 0.38985177367, 0.40321534433]
    ],
    [
      [0.092782585216, 0.3487093207, 0.05272086949, 0.18344122905, 0.32234599554],
      [0.22553433135, 0.10682273204, 0.023878107524, 0.070509342118, 0.57325548697],
      [0.025952489083, 0.021123651613, 0.083993017321, 0.63458498549, 0.23434585649]
    ],
    [
      [0.079100991187, 0.34307976987, 0.15836461589, 0.10319696257, 0.31625766048],
      [0.19781974329, 0.10819202656, 0.073479968659, 0.040971731428, 0.57953653006],
      [0.025154074013, 0.023579106776, 0.28912223922, 0.40092240901, 0.26122217098]
    ],
    [
      [0.11304212268, 0.36112739749, 0.11918066297, 0.15471221615, 0.25193760071],
      [0.29112118277, 0.11685918605, 0.056747253316, 0.062807409263, 0.4724649686],
      [0.032876680121, 0.022795583855, 0.1987419191, 0.55485405536, 0.19073176157]
    ],
    [
      [0.090350423499, 0.37164025376, 0.087491257898, 0.12736971962, 0.32314834523],
      [0.22029978661, 0.11422159381, 0.039666443455, 0.049215199242, 0.57659697688],
      [0.029374120243, 0.026156745284, 0.16267891757, 0.50867758401, 0.27311263289]
    ],
    [
      [0.091692621926, 0.40219627592, 0.076091663796, 0.10184084625, 0.32817859211],
      [0.221988087, 0.12269865603, 0.03429086979, 0.039113544097, 0.58190884308],
      [0.033722175079, 0.031966485514, 0.16007301268, 0.46061183121, 0.31362649551]
    ],
    [
      [0.15301588624, 0.31854661368, 0.16237138443, 0.10420478745, 0.26186132821],
      [0.3559298185, 0.093221173653, 0.069626781478, 0.038224890818, 0.44299733555],
      [0.049013405184, 0.022232206945, 0.29949017887, 0.41078196887, 0.21848224014]
    ],
    [
      [0.13791809776, 0.35553178332, 0.086726653758, 0.12069080649, 0.29913265867],
      [0.31653343082, 0.10260382391, 0.03688132406, 0.043731528392, 0.50024989282],
      [0.046266212255, 0.025901923711, 0.16678476642, 0.49970733334, 0.26133976427]
    ],
    [
      [0.12268162089, 0.27237413851, 0.059696908273, 0.15954852083, 0.3856988115],
      [0.25808594136, 0.072380205643, 0.023371940607, 0.053056325103, 0.59310558729],
      [0.03506716891, 0.016949800069, 0.097345489955, 0.56389839669, 0.28673914438]
    ],
    [
      [0.1211305006, 0.3621123298, 0.1482679864, 0.14198040658, 0.22650877661],
      [0.31786526422, 0.11931727202, 0.071773953242, 0.058675443186, 0.43236806733],
      [0.035704891338, 0.023177535244, 0.25107297203, 0.51623300233, 0.17381159906]
    ],
    [
      [0.16165311506, 0.32502840176, 0.080783677801, 0.12658285294, 0.30595195245],
      [0.3513342605, 0.088907383009, 0.032516452411, 0.04336913727, 0.48387276681],
      [0.052856651117, 0.02316072582, 0.15128950406, 0.51203569248, 0.26065742653]
    ],
    [
      [0.13801066718, 0.29358780035, 0.101366619, 0.18131191508, 0.28572299839],
      [0.32099315416, 0.085824651606, 0.043577017447, 0.066378858988, 0.48322631779],
      [0.036630219506, 0.016967304154, 0.15425160244, 0.5945079558, 0.19764291811]
    ],
    [
      [0.10339824139, 0.35710777172, 0.19155006564, 0.11507419422, 0.23286972703],
      [0.27817907146, 0.12078909387, 0.095086374395, 0.048893333758, 0.45705212652],
      [0.031297694652, 0.023409303371, 0.33378841017, 0.428270318, 0.18323427381]
    ],
    [
      [0.13283673751, 0.30917147217, 0.088162837182, 0.10721470944, 0.3626142437],
      [0.28284259877, 0.08290317674, 0.034824367991, 0.036127345624, 0.56330251087],
      [0.044759303649, 0.022642904755, 0.17044704912, 0.44379485112, 0.31835589135]
    ],
    [
      [0.12639181454, 0.3430053522, 0.10630690117, 0.13139131282, 0.29290461926],
      [0.29840292757, 0.1020302924, 0.046479520212, 0.048965510426, 0.50412174939],
      [0.039587058714, 0.023375776284, 0.19072304567, 0.50759407876, 0.23872004057]
    ],
    [
      [0.15854641447, 0.28936567881, 0.086591267538, 0.11448000076, 0.35101663842],
      [0.32675925498, 0.075156582248, 0.033082990057, 0.037269395503, 0.52773177721],
      [0.052041358731, 0.020667946377, 0.16298804897, 0.46441798137, 0.29988466456]
    ],
    [
      [0.18114779068, 0.30812681446, 0.09389068637, 0.13890412346, 0.27793058503],
      [0.39264697192, 0.083477665255, 0.037631598425, 0.047433332097, 0.4388104323],
      [0.055871090453, 0.020460711945, 0.16695954397, 0.53343792187, 0.22327073176]
    ],
    [
      [0.090179382044, 0.27823641476, 0.10822545411, 0.23336961561, 0.28998913348],
      [0.22861138655, 0.088695919039, 0.050862720428, 0.093153213681, 0.5386767603],
      [0.020268598411, 0.013432332544, 0.13936599988, 0.65792077313, 0.16901229603]
    ],
    [
      [0.16115731036, 0.36356240288, 0.085503282743, 0.13800563066, 0.25177137336],
      [0.37688184472, 0.10587041883, 0.037031109052, 0.050875699172, 0.42934092822],
      [0.051740459419, 0.024925615694, 0.1584205852, 0.55449696033, 0.21041637936]
    ],
    [
      [0.1167681422, 0.31515378086, 0.14684878468, 0.074004266429, 0.34722502583],
      [0.25984794707, 0.087662847958, 0.060517022847, 0.026164619741, 0.56580756239],
      [0.040979606774, 0.023606046595, 0.299099814, 0.31951561492, 0.31679891771]
    ],
    [
      [0.14539869335, 0.2855839852, 0.11311939721, 0.12682933854, 0.3290685857],
      [0.31427716419, 0.077483491844, 0.045256271913, 0.043299861031, 0.51968321102],
      [0.044215403941, 0.018722589569, 0.19823990148, 0.47863499996, 0.26018710505]
    ],
    [
      [0.085051809765, 0.46554805195, 0.10565336197, 0.1398156928, 0.20393108352],
      [0.25471528705, 0.17350672513, 0.05865831464, 0.066116537565, 0.44700313562],
      [0.027642902642, 0.032054553039, 0.1980255364, 0.57021060978, 0.17206639814]
    ],
    [
      [0.1148361336, 0.36177112547, 0.058544979868, 0.10835599146, 0.35649176959],
      [0.25556596594, 0.10074936339, 0.024286485421, 0.038212009822, 0.58118617542],
      [0.040935050395, 0.027571175379, 0.11979877765, 0.48151556061, 0.33017943597]
    ],
    [
      [0.13233400711, 0.33469794618, 0.090737187044, 0.11282224056, 0.3294086191],
      [0.29415689908, 0.0930959034, 0.037430544053, 0.039679341374, 0.53563731209],
      [0.044288938241, 0.023983728499, 0.17507074126, 0.47010543501, 0.28655115699]
    ],
    [
      [0.089943238812, 0.32094257963, 0.12430705851, 0.12487890259, 0.33992822045],
      [0.21291885471, 0.09543577444, 0.054598587114, 0.046838046522, 0.59020873722],
      [0.027237040897, 0.020837290822, 0.21668343083, 0.46814518989, 0.26709704756]
    ],
    [
      [0.097841160136, 0.40298944477, 0.079500377846, 0.13427316318, 0.28539585407],
      [0.24878548293, 0.12792284867, 0.037598337074, 0.053985116631, 0.53170821469],
      [0.031898079004, 0.027934862509, 0.14905680271, 0.54957870832, 0.24153154746]
    ],
    [
      [0.15726535587, 0.18744426917, 0.16438101836, 0.12572845354, 0.36518090305],
      [0.31581824388, 0.047555740378, 0.060864779823, 0.039832084946, 0.53592915097],
      [0.043050481839, 0.01115883979, 0.25983046453, 0.42621645367, 0.25974376017]
    ],
    [
      [0.12123381197, 0.4260579671, 0.079313202157, 0.080819043027, 0.29257597575],
      [0.29154638109, 0.12742772211, 0.035453462195, 0.030843557207, 0.51472887739],
      [0.04977741502, 0.037120166124, 0.18836355875, 0.41228306678, 0.31245579332]
    ],
    [
      [0.16011048211, 0.35247565605, 0.069677052391, 0.12151617997, 0.29622062949],
      [0.35377813989, 0.097436282919, 0.028577833942, 0.042369373188, 0.47783837006],
      [0.054688909365, 0.025867052865, 0.13677572089, 0.51948967128, 0.26317864559]
    ],
    [
      [0.11548344685, 0.4134180255, 0.087834627756, 0.10336180012, 0.27990209978],
      [0.28549440041, 0.12735867152, 0.040324806812, 0.040462031276, 0.50636008999],
      [0.042316853828, 0.032199009792, 0.18586675303, 0.47308287566, 0.26653450769]
    ],
    [
      [0.12769814906, 0.29646204421, 0.13217597357, 0.14534326706, 0.29832056611],
      [0.29680986391, 0.086517487562, 0.056811711441, 0.053320474808, 0.50654046228],
      [0.03618366018, 0.018119780931, 0.21565145306, 0.51031843694, 0.21972666889]
    ],
    [
      [0.136344463, 0.32661796936, 0.11797940902, 0.08644877448, 0.33260938414],
      [0.29896153829, 0.089567748588, 0.047914969711, 0.030049455752, 0.53350628766],
      [0.048256668499, 0.024726282814, 0.24189548196, 0.37907058724, 0.30605097949]
    ],
    [
      [0.103637239, 0.29800975877, 0.1127199652, 0.19644335346, 0.28918968357],
      [0.25679372847, 0.09187898684, 0.051706768838, 0.076842884398, 0.52277763145],
      [0.025974046074, 0.015944455881, 0.16248610283, 0.60679953411, 0.18879586111]
    ],
    [
      [0.065750069541, 0.41193981321, 0.091789668421, 0.094943386616, 0.33557706222],
      [0.16676531048, 0.12734510335, 0.04338499252, 0.038324371242, 0.62418022241],
      [0.024267463373, 0.031407922017, 0.19456105988, 0.42699352551, 0.32277002921]
    ],
    [
      [0.082595070117, 0.35193705523, 0.13387640495, 0.1275003647, 0.30409110499],
      [0.21026591271, 0.11052044292, 0.063111849437, 0.051366831685, 0.56473496324],
      [0.025191851954, 0.022693279844, 0.23491326031, 0.47520803224, 0.24199357566]
    ],
    [
      [0.11838020634, 0.26766024428, 0.10441435964, 0.13360954204, 0.37593564769],
      [0.25453136749, 0.070961455073, 0.041509224405, 0.045351616537, 0.58764633649],
      [0.034836661952, 0.016798428249, 0.17705400999, 0.48172939827, 0.28958150154]
    ],
    [
      [0.10059284917, 0.4299455004, 0.07939484551, 0.09481812648, 0.29524867844],
      [0.2525374643, 0.1325897595, 0.036971418166, 0.037690670093, 0.54021068793],
      [0.038963734833, 0.035070204415, 0.17715111092, 0.44996822068, 0.29884672915]
    ],
    [
      [0.18815878689, 0.32779874218, 0.10961494595, 0.11184860502, 0.26257891996],
      [0.41473618703, 0.087537553841, 0.044148244029, 0.038483691326, 0.41509432377],
      [0.063462643478, 0.023493079758, 0.21464966802, 0.46492423334, 0.2334703754]
    ],
    [
      [0.16913337872, 0.22483721036, 0.13053688168, 0.1618414709, 0.31365105835],
      [0.35809535256, 0.058727435223, 0.050682186879, 0.053669337493, 0.47882568784],
      [0.044632730698, 0.012813875925, 0.19931709262, 0.52586691906, 0.2173693817]
    ],
    [
      [0.17540168002, 0.21728999278, 0.12181652998, 0.14968752887, 0.33580426835],
      [0.35747019385, 0.054813578801, 0.045604477474, 0.047861660564, 0.49425008931],
      [0.048051071476, 0.01288513883, 0.1929919952, 0.50462936178, 0.24144243271]
    ],
    [
      [0.099841074935, 0.36372585971, 0.052842564331, 0.12912800563, 0.3544624954],
      [0.23011754863, 0.10352112138, 0.022664648612, 0.0471655662, 0.59653111518],
      [0.033383474967, 0.025755730586, 0.10140572518, 0.5299542232, 0.30950084606]
    ],
    [
      [0.19351308726, 0.34376897601, 0.076826243045, 0.11508602593, 0.27080566776],
      [0.41822188253, 0.090524114449, 0.030509110869, 0.038989217198, 0.42175567495],
      [0.068067907268, 0.025679638916, 0.15650059374, 0.49926517472, 0.25048668535]
    ],
    [
      [0.10242626448, 0.21554296138, 0.12698009381, 0.18319641425, 0.37185426609],
      [0.22652732079, 0.05913516407, 0.051907018973, 0.06393932596, 0.59849117021],
      [0.0250084582, 0.011293942344, 0.17838418608, 0.5480212501, 0.23729216327]
    ],
    [
      [0.090349697912, 0.25612662728, 0.21748070689, 0.15027587864, 0.28576708927],
      [0.22891135037, 0.080971764374, 0.10172155967, 0.060161298231, 0.52823402736],
      [0.022684705552, 0.013784984244, 0.31476802793, 0.46190982771, 0.18685245456]
    ],
    [
      [0.11715292682, 0.41976943945, 0.078941121942, 0.090207786506, 0.29392872529],
      [0.28543718562, 0.1237626278, 0.035601211221, 0.034727644161, 0.52047133119],
      [0.04619281763, 0.034363477781, 0.17975244149, 0.43610508265, 0.30358618044]
    ],
    [
      [0.12983572907, 0.31732120627, 0.12645086522, 0.13381065329, 0.29258154614],
      [0.30557213971, 0.092047095339, 0.054746790985, 0.049494150508, 0.49813982346],
      [0.038897791373, 0.020357652024, 0.21877892894, 0.49218395501, 0.22978167265]
    ],
    [
      [0.17645631378, 0.37916405869, 0.088827325171, 0.094209186954, 0.26134311541],
      [0.39982862063, 0.10373181695, 0.036915177649, 0.033434963395, 0.42608942137],
      [0.067369296438, 0.030459373455, 0.19669875955, 0.44275097114, 0.26272159941]
    ],
    [
      [0.10608471417, 0.42749902541, 0.098625730192, 0.098487116798, 0.26930341343],
      [0.27335574162, 0.13509545185, 0.046990054926, 0.040083886507, 0.50447486509],
      [0.039635469407, 0.03367572923, 0.21256927675, 0.45094633199, 0.26317319262]
    ],
    [
      [0.079893650757, 0.38338236299, 0.065227284744, 0.17216501493, 0.29933168657],
      [0.2075603929, 0.12259058966, 0.031479922025, 0.070768574778, 0.56760052063],
      [0.023305279019, 0.023554353601, 0.10908897289, 0.61622463674, 0.22782675776]
    ]
  ],
  "expected_outcome": [
    [
      [10.227866327, 7.3760488601, 5.9380854538, 4.66695848, 7.9129485876, 6.1438287979, 5.9600204252, 11.4761914683, 9.2405125499, 7.7289421162, 8.6002655429, 12.1239836293, 8.6946720322, 6.4106909665, 8.2358777259, 9.8585615338, 9.0371456248, 3.8041036042, 1.4428701127, 2.256202345, 1.167681422, 3.0533725604, 1.3608289562, 2.0670504049, 1.9850101066, 1.7988647762, 1.2719350818, 2.6735110499, 1.5760395556, 3.6825410885, 1.501284809, 3.4478500246, 1.636133556, 1.658195824, 0.65750069541, 1.5693063322, 1.6573228888, 1.9112641341, 2.8223818033, 2.7061340595, 2.9818285604, 1.8969804238, 2.9026963089, 1.3315414382, 1.7166442603, 1.0543763413, 3.1160574976, 2.2939320791, 2.1216942833, 1.5179793644],
      [22.5818262064, 21.5156744802, 22.3173965251, 20.2417064225, 25.278917824, 25.2715372556, 26.1427579345, 23.8909960257, 23.8206294825, 17.1595707261, 25.709975416, 24.3771301317, 18.4960314223, 22.1406818464, 19.1686312743, 26.754417472, 16.4938436924, 6.4706631037, 4.4517826362, 5.0898736403, 3.1515378086, 5.9972636892, 7.4487688311, 6.5118802585, 5.0204691928, 6.4188515927, 5.2388627821, 3.1865525759, 5.5387535723, 8.1069400891, 5.3744343316, 8.0044751936, 3.9194156323, 4.7681561403, 4.1193981321, 6.6868040494, 3.74724342, 8.1689645077, 4.9169811327, 3.5973953657, 3.6939298773, 6.9107913345, 5.1565346402, 2.8020584979, 4.8664059183, 3.777924955, 7.6157089505, 4.9291327629, 8.5499805083, 7.2842648969],
      [4.3990591461, 3.1250438487, 3.3741356474, 9.3435123377, 8.3426464076, 5.9494055371, 4.9459581468, 12.1778538321, 5.8106858018, 3.7609052212, 10.5270270343, 6.0587758351, 6.386096997, 11.8761040698, 5.4660959053, 8.2919382915, 4.9357022497, 1.9717044138, 1.7316072657, 1.1970459584, 1.4684878468, 2.3755073413, 1.6904537914, 1.0538096376, 1.3610578057, 2.4861411702, 1.033504912, 2.7944773121, 1.031071628, 1.602572205, 1.1418501608, 3.5687512863, 1.4157529083, 1.8035194432, 0.91789668421, 2.5436516941, 1.461801035, 1.5085020647, 1.6442241892, 2.0885901069, 2.0708810096, 1.0040087223, 1.1523936457, 1.6507412195, 4.132133431, 0.71047009748, 3.0348207654, 1.1547552272, 1.9725146038, 1.2393184101],
      [5.6728105291, 4.5900808696, 11.7402386591, 6.0886207915, 10.8298551308, 8.661140934, 6.6196550062, 7.8153590584, 8.086284035, 10.0515568121, 10.0806088671, 9.4937139704, 11.4226506501, 7.1346000416, 6.6473119852, 10.2485224002, 6.5253600432, 2.9169865927, 3.7339138498, 1.9320788293, 0.74004266429, 2.6634161094, 2.2370510849, 1.9504078463, 1.6923336084, 2.4975780518, 1.7455511213, 2.1373837102, 1.0506475593, 2.7948721393, 1.3437034015, 3.9242682105, 1.0373852938, 3.1430936553, 0.94943386616, 2.4225069293, 1.8705335886, 1.8015444031, 1.6777290753, 2.5894635344, 2.5446879908, 2.4534321069, 1.7262903889, 2.3815533852, 2.8552416942, 0.81187007856, 3.211455679, 1.2247194304, 1.969742336, 3.2711352837],
      [20.1184377915, 22.3931519413, 20.6301437146, 18.6592019683, 17.63563205, 21.9740874754, 21.3316084874, 19.6395996155, 20.0418881308, 24.2990251244, 16.0821231396, 22.9463964335, 18.0005488985, 14.4379230757, 22.4820831094, 22.8465603025, 20.00794839, 5.8365422856, 4.6398261357, 3.524799227, 3.4722502583, 6.9104402996, 3.2628973363, 6.4168518527, 4.9411292865, 6.7985644091, 3.7101461029, 6.2080753519, 3.8034876847, 6.8130744782, 3.6387272971, 8.0546552851, 3.9913126097, 4.6270349372, 3.3557706222, 5.7777309949, 5.2630990677, 5.6097248904, 3.9386837994, 5.0184169335, 5.708672562, 6.7347874125, 4.0620850164, 4.8341054592, 5.4295746962, 2.6453585276, 7.0219571075, 3.3974605003, 5.3860682686, 5.6873020449]
    ],
    [
      [5.5661565236, 6.1112462371, 3.3830149702, 3.1651158927, 3.2023330105, 2.4232976527, 4.6617498269, 6.0508069145, 6.0141351855, 5.1617188271, 4.4501136991, 5.6213481679, 4.1729110041, 6.676297715, 4.5254815803, 3.5808351308, 10.4562961594, 22.7735243714, 15.3169628987, 25.2510835965, 17.6696604005, 19.1709070155, 17.8300700935, 17.1229197183, 20.2968260367, 13.2009689918, 18.4101257366, 21.1598223402, 20.4082466766, 22.9955790928, 20.8410912299, 15.7309227872, 21.5252307569, 8.9877804966, 3.168540899, 2.943722778, 3.5634391449, 5.5558242147, 4.9768342444, 5.0133349358, 5.7195231017, 4.8324685212, 8.3644376507, 2.7183278494, 5.9516951096, 6.5650552693, 3.0557213971, 6.3972579301, 5.1937590909, 3.1134058935],
      [1.5411002869, 2.2424605564, 1.6023409806, 1.731072425, 1.2854510465, 1.2564375319, 2.5766717767, 1.5847599521, 1.9494726542, 1.4476041129, 1.6704418083, 1.4225181281, 1.1157204709, 2.8989382528, 1.3264508278, 1.2243635088, 2.4050106319, 4.8417045848, 5.9426265756, 7.0933180614, 5.9610736611, 4.7264930025, 12.145470759, 6.7502073471, 6.4236173346, 5.9170180153, 9.4662908019, 3.1862346053, 8.9199405479, 6.3333583897, 9.2971830207, 4.5854268408, 6.4488778983, 3.2157645394, 2.4195569637, 1.5472862009, 0.99346037102, 2.9169747091, 1.0504506461, 0.82218409312, 0.87701726082, 2.173943549, 1.810482289, 0.70962196884, 2.1052658737, 2.8465404394, 0.92047095339, 1.6597090713, 2.5668135851, 1.8388588449],
      [0.44350993102, 0.48223853222, 0.35817161287, 1.1756794985, 0.62421978647, 0.43633087801, 0.72010826558, 1.1836552851, 0.70074515715, 0.46743881214, 1.0048353454, 0.52026323858, 0.56650122681, 2.2820729855, 0.55718988785, 0.55775424254, 1.0586556818, 2.1826327087, 3.4078022687, 2.4810843065, 4.1151575536, 2.7606325867, 4.1060820248, 1.6271945232, 2.5827075396, 3.3851124011, 2.7822769435, 4.0779402482, 2.4817423537, 1.8575592062, 2.9437108973, 3.0110207064, 3.4498778192, 1.8097369093, 0.82431485787, 0.88356589212, 0.58112914167, 0.81337119966, 0.52977892834, 0.70955061631, 0.72967163958, 0.47595762086, 0.61018221738, 0.62288422768, 2.6447605514, 0.81882785808, 0.54746790985, 0.59064284239, 0.89281104359, 0.47219883037],
      [0.48770725826, 0.60353678155, 1.0576401318, 0.65554770284, 0.6908815019, 0.54136719166, 0.82138442604, 0.6498231439, 0.83089903945, 1.0611265021, 0.82145620461, 0.69390619632, 0.86292516684, 1.1734400102, 0.57803752999, 0.58758612511, 1.1926206561, 2.7511332616, 6.2412653167, 3.4086718446, 1.7791941424, 2.6412915229, 4.6281576296, 2.560204658, 2.7378745548, 2.9039588844, 3.9948986307, 2.6687496914, 2.1590490045, 2.7540092572, 2.9537282832, 2.8259851648, 2.1635608141, 2.6895009539, 0.7281630536, 0.71913564359, 0.63492263152, 0.82919474204, 0.46180429591, 0.7513707249, 0.76578656903, 0.99047689021, 0.77978434396, 0.76727191152, 1.564193754, 0.79873581571, 0.49494150508, 0.53495941432, 0.76159384364, 1.0615286217],
      [7.9615260003, 13.5605178927, 8.5988323046, 9.2725844809, 5.1971146546, 6.3425667456, 12.2200857048, 7.5309547043, 9.5047479636, 11.8621117458, 6.0531529426, 7.741964269, 6.2819421313, 10.9692510365, 9.012840174, 6.0494609927, 16.8874168707, 25.4510050735, 36.0913429403, 28.765842191, 38.4749142423, 31.7006758725, 31.2902194932, 38.9394737533, 36.9589745343, 36.5929417074, 39.3464078873, 35.9072531149, 36.0310214173, 31.059494054, 36.964286569, 26.8466445008, 38.4124527115, 18.2972171007, 11.8594242258, 7.9062894854, 8.2270487109, 11.8846351345, 4.9811318852, 6.7035596298, 7.9080014289, 12.5271534188, 8.435113499, 7.1818940425, 13.7340847113, 11.9708406174, 4.9813982346, 6.8174307419, 9.5850224368, 8.5140078095]
    ],
    [
      [1.3196141555, 0.91770326709, 0.54500227075, 0.62885185032, 0.62465692229, 0.6168565251, 0.47211045111, 0.39210724147, 0.64772697157, 0.59614187147, 0.53557337007, 0.47570986006, 0.87912526814, 0.43816772513, 0.98470468027, 0.39587058714, 0.57245494604, 1.1732928995, 0.34456617299, 0.98306872895, 0.90155134904, 0.79587727094, 0.38700063698, 0.61402575593, 0.70862301186, 0.49026673615, 0.41467502705, 0.68880770942, 0.84621605535, 0.65626691238, 0.59243595359, 0.72367320359, 0.77210669599, 1.2727282576, 1.7229898995, 1.6878540809, 2.5082396606, 2.2988603552, 4.6327729739, 3.1242911489, 3.2194217889, 2.003008498, 4.4244139724, 1.875634365, 1.2476588053, 3.1411115989, 2.5672542306, 4.7832200471, 2.4177636338, 1.5381484152],
      [0.6325830298, 0.57935166258, 0.44359668387, 0.5894776694, 0.43311609325, 0.54929165096, 0.4475307972, 0.17785765556, 0.36262693196, 0.28814660117, 0.34766302865, 0.20844653238, 0.40721529969, 0.3277302472, 0.49814390461, 0.23375776284, 0.22734741015, 0.42967495086, 0.22834965325, 0.47358669819, 0.51933302509, 0.33700661223, 0.44876374255, 0.41356763068, 0.38373965598, 0.3750712348, 0.36315321262, 0.17854143664, 0.63104282411, 0.31040463438, 0.45078613709, 0.36239561862, 0.39562052503, 0.78127833818, 2.2299624632, 1.5204497496, 1.2094868339, 2.0691420605, 1.7149948223, 0.89697131474, 0.8633043016, 1.5453438352, 1.6691765296, 0.84704567576, 0.75817413341, 2.3367164891, 1.3436050336, 2.1626155153, 2.0542194831, 1.5545873377],
      [3.2618314489, 2.2277369463, 1.7638533638, 7.2280559806, 3.7760964629, 3.416257269, 2.2410221776, 2.3959214309, 2.3349867299, 1.6548733292, 3.7660945804, 1.3616055365, 3.7020384585, 4.6730377424, 3.7498350806, 1.9072304567, 1.7928685386, 3.5061504233, 2.369221998, 3.0099911187, 6.5801959079, 3.5683182266, 2.7723575096, 1.7969816648, 2.8011318602, 3.9003017549, 1.9377384352, 4.1572874325, 3.2021804987, 1.6413086507, 2.6021345424, 4.3130290611, 3.8703277113, 7.9618190387, 13.8138352516, 15.7391884407, 12.7478887196, 10.4519155444, 15.6694257653, 13.9521964832, 12.9304636783, 6.0843435107, 10.1725385932, 13.378813956, 17.3122415361, 12.2231660213, 14.4394093101, 13.9656119282, 12.9667258817, 7.1998722107],
      [9.0081707106, 7.0173319261, 13.3262846954, 10.0230602252, 10.5422270518, 10.6822292641, 6.448565637, 3.286255751, 6.9959026667, 9.5862727437, 7.743495035, 4.6083212323, 14.2681909391, 5.995784452, 9.7634867247, 5.0759407876, 5.1085977951, 11.2021963593, 11.1846531432, 10.5354422463, 7.0293435283, 8.6154299993, 7.982948537, 7.2227334091, 7.5216869602, 8.4266134181, 7.1445232082, 6.8194632587, 7.0088121353, 6.2338760554, 6.6231602592, 10.2063687389, 6.0651293959, 29.7331771713, 30.3165403115, 31.8389381598, 34.6845166753, 26.5481250201, 33.9394690341, 36.8106843342, 33.8101672394, 31.7972533922, 32.4522363569, 41.1015937576, 25.4050405243, 29.6551456205, 32.484141031, 31.4353189511, 27.5077262516, 40.6708260245],
      [6.7778006552, 7.257876198, 4.9212629863, 6.5305542745, 3.6239034698, 5.7353652908, 4.3907709372, 1.7478579211, 3.6587566998, 4.8745654544, 2.6071739859, 2.3459168387, 4.7434300345, 2.5652798333, 7.0038296098, 2.3872004057, 3.2987313101, 4.688685367, 2.8732090326, 3.9979112078, 6.9695761896, 4.683367891, 2.4089295739, 4.9526915395, 4.5848185118, 4.8077468561, 3.1399101169, 4.1559001627, 5.3117484865, 3.1581437471, 3.7314831077, 4.3945333778, 4.8968156718, 9.2509971942, 22.9166720742, 16.213569569, 20.8498681106, 17.6319570199, 17.0433374044, 15.215856719, 16.1766429919, 18.5700507638, 16.281634548, 17.7969122456, 10.2768850009, 20.6438602702, 15.1655903948, 18.6532335583, 16.0535647498, 15.0365660119]
    ]
  ],
  "prob": [
    [0.12490747186, 0.33735826651, 0.10360910965, 0.12771395828, 0.3064111937],
    [0.28822635513, 0.10030663309, 0.045156555864, 0.047441404657, 0.51886905125],
    [0.04034359907, 0.023828487878, 0.18849758715, 0.49120295552, 0.25612737038]
  ],
  "iterations": 15,
  "time": 0.001717,
  "message": "Converged",
  "status": 0,
  "miniter": 0,
  "maxiter": 1000,
  "maxtime": 3600,
  "param_threshold": 0.001,
  "ll_threshold": "-Inf",
  "initial_prob": "group_proportional",
  "ballotbox_id": ["1", "2", "3", "4", "5", "6", "7", "8", "9", "10", "11", "12", "13", "14", "15", "16", "17", "18", "19", "20", "21", "22", "23", "24", "25", "26", "27", "28", "29", "30", "31", "32", "33", "34", "35", "36", "37", "38", "39", "40", "41", "42", "43", "44", "45", "46", "47", "48", "49", "50"],
  "candidates_id": ["1", "2", "3", "4", "5"],
  "group_id": ["1", "2", "3"]
}
