{
  "X": [
    [15, 15, 40, 19, 11],
    [7, 20, 44, 22, 7],
    [13, 13, 42, 26, 6],
    [15, 20, 29, 24, 12],
    [11, 24, 32, 22, 11],
    [12, 11, 43, 23, 11],
    [14, 17, 35, 23, 11],
    [18, 15, 36, 29, 2],
    [19, 8, 44, 24, 5],
    [10, 17, 43, 20, 10],
    [12, 13, 39, 29, 7],
    [13, 23, 41, 15, 8],
    [13, 18, 41, 26, 2],
    [9, 15, 46, 20, 10],
    [15, 20, 40, 21, 4],
    [7, 20, 30, 32, 11],
    [22, 20, 24, 20, 14],
    [26, 21, 11, 13, 29],
    [24, 22, 10, 19, 25],
    [14, 31, 15, 13, 27],
    [14, 24, 18, 14, 30],
    [16, 21, 17, 11, 35],
    [19, 30, 7, 18, 26],
    [19, 37, 14, 9, 21],
    [19, 24, 13, 13, 31],
    [16, 32, 11, 11, 30],
    [19, 31, 17, 7, 26],
    [19, 19, 17, 11, 34],
    [23, 26, 12, 12, 27],
    [27, 31, 13, 7, 22],
    [17, 20, 23, 16, 24],
    [17, 26, 13, 13, 31],
    [16, 28, 19, 19, 18],
    [10, 25, 26, 19, 20],
    [5, 27, 32, 28, 8],
    [11, 22, 29, 32, 6],
    [11, 26, 28, 30, 5],
    [4, 27, 29, 32, 8],
    [10, 23, 28, 26, 13],
    [12, 14, 46, 23, 5],
    [7, 20, 42, 27, 4],
    [15, 19, 26, 33, 7],
    [9, 21, 34, 26, 10],
    [14, 23, 33, 22, 8],
    [13, 27, 23, 32, 5],
    [11, 25, 37, 22, 5],
    [16, 14, 31, 33, 6],
    [13, 22, 35, 23, 7],
    [18, 22, 31, 24, 5],
    [10, 22, 31, 27, 10]
  ],
  "W": [
    [67, 18, 15],
    [65, 16, 19],
    [66, 12, 22],
    [61, 24, 15],
    [66, 21, 13],
    [67, 21, 12],
    [64, 17, 19],
    [65, 16, 19],
    [60, 19, 21],
    [67, 18, 15],
    [68, 15, 17],
    [68, 20, 12],
    [76, 12, 12],
    [66, 18, 16],
    [77, 14, 9],
    [61, 17, 22],
    [51, 30, 19],
    [19, 69, 12],
    [19, 65, 16],
    [18, 60, 22],
    [16, 65, 19],
    [15, 65, 20],
    [16, 68, 16],
    [15, 71, 14],
    [15, 67, 18],
    [19, 67, 14],
    [12, 73, 15],
    [14, 67, 19],
    [15, 73, 12],
    [13, 74, 13],
    [20, 59, 21],
    [14, 70, 16],
    [27, 51, 22],
    [24, 31, 45],
    [15, 16, 69],
    [23, 14, 63],
    [15, 16, 69],
    [11, 16, 73],
    [14, 21, 65],
    [18, 12, 70],
    [16, 9, 75],
    [13, 23, 64],
    [18, 19, 63],
    [25, 19, 56],
    [20, 19, 61],
    [14, 13, 73],
    [17, 16, 67],
    [14, 16, 70],
    [12, 17, 71],
    [16, 18, 66]
  ],
  "method": "mvn_pdf",
  "cond_prob": [
    [
      [0.13713095377, 0.1162975927, 0.50822480367, 0.21554772611, 0.022798923743],
      [0.2292274524, 0.21601616835, 0.012454196692, 0.019963038974, 0.52233914358],
      [0.095250497547, 0.21179763816, 0.38854091938, 0.29131127792, 0.013099666996]
    ],
    [
      [0.064953498667, 0.1359173356, 0.55331384457, 0.23534243632, 0.010472884838],
      [0.17091983313, 0.40071525894, 0.021369505989, 0.034373325421, 0.37262207652],
      [0.043493169819, 0.23827201, 0.40660660296, 0.30583019086, 0.0057980263725]
    ],
    [
      [0.11566624157, 0.095981533658, 0.50884596343, 0.26731986626, 0.012186395074],
      [0.28080992225, 0.25841121839, 0.018108536438, 0.035881244188, 0.40678907874],
      [0.07935929048, 0.17244864594, 0.38430158307, 0.35697522958, 0.0069152509314]
    ],
    [
      [0.13207753402, 0.15033398256, 0.40695303662, 0.2912944454, 0.019341001398],
      [0.22780638787, 0.28896235621, 0.01030956537, 0.027738877654, 0.4451828129],
      [0.084837580522, 0.2532301617, 0.28760064837, 0.36404918245, 0.010282426964]
    ],
    [
      [0.10063266051, 0.19791993592, 0.42311184812, 0.25794011798, 0.020395437476],
      [0.16275166313, 0.35888566359, 0.010096010695, 0.0231675503, 0.44509911228],
      [0.062773455647, 0.32407048643, 0.29008196361, 0.31254551316, 0.01052858115]
    ],
    [
      [0.089211499065, 0.077919445773, 0.5590907121, 0.26052172992, 0.013256613141],
      [0.23667990515, 0.22980624536, 0.021601653056, 0.038040019172, 0.47387217726],
      [0.062613172552, 0.14290244044, 0.43114843733, 0.35564627591, 0.0076896737703]
    ],
    [
      [0.13501281309, 0.13419438293, 0.44957900344, 0.25451156794, 0.026702232595],
      [0.20022300467, 0.2213487507, 0.0098094715871, 0.020923093941, 0.5476956791],
      [0.090041463468, 0.23475700485, 0.33013419433, 0.33033773803, 0.014729599329]
    ],
    [
      [0.14276848113, 0.093749180849, 0.44609883625, 0.31312435387, 0.0042591479064],
      [0.43980739823, 0.31964754166, 0.020059984898, 0.052959729935, 0.16752534528],
      [0.095616077222, 0.16444309374, 0.32905005594, 0.40852710683, 0.0023636662756]
    ],
    [
      [0.13782433098, 0.056402712433, 0.55520460859, 0.24518233934, 0.0053860086628],
      [0.47315727686, 0.21312933243, 0.027575585077, 0.046072458697, 0.24006534694],
      [0.099976739068, 0.10692052562, 0.44331555021, 0.34655356089, 0.0032336242163]
    ],
    [
      [0.086670563362, 0.12205253302, 0.55017164727, 0.22437886376, 0.016726392585],
      [0.18369137675, 0.28888075558, 0.017091698945, 0.026366417988, 0.48396975074],
      [0.059347005279, 0.21886843647, 0.41384473421, 0.29847073095, 0.0094690930835]
    ],
    [
      [0.098661427573, 0.093256158693, 0.47967731848, 0.31721011252, 0.011194982731],
      [0.26058802529, 0.2737782023, 0.018563760831, 0.046196622296, 0.40087338928],
      [0.065912158441, 0.16299070055, 0.35251923915, 0.41239348627, 0.0061844155924]
    ],
    [
      [0.10684042624, 0.17300232038, 0.52490779066, 0.18272793382, 0.012521528896],
      [0.22044007841, 0.39952952013, 0.015898819048, 0.020963554654, 0.34316802775],
      [0.071093580721, 0.30219718677, 0.38374353216, 0.23606707164, 0.0068986287097]
    ],
    [
      [0.10496939483, 0.1294574643, 0.48282112019, 0.27782690313, 0.0049251175539],
      [0.31262309084, 0.43039841877, 0.021119393145, 0.045765679549, 0.1900934177],
      [0.069063040253, 0.22332307982, 0.34946993858, 0.35545943937, 0.0026845019847]
    ],
    [
      [0.076022064839, 0.10230364493, 0.5878912161, 0.21889351663, 0.014889557495],
      [0.18348120806, 0.27549829393, 0.020742849228, 0.029252557189, 0.49102509159],
      [0.05328923437, 0.18759434133, 0.45246555262, 0.29802530968, 0.0086255619948]
    ],
    [
      [0.12722608171, 0.15518943959, 0.47736550158, 0.23213644157, 0.0080825355553],
      [0.29809447089, 0.40617889796, 0.016458601022, 0.030180600414, 0.24908742972],
      [0.083801226432, 0.2684351709, 0.34604134594, 0.29731161442, 0.0044106423131]
    ],
    [
      [0.073298373894, 0.14886758792, 0.3901052537, 0.36452685087, 0.023201933615],
      [0.12450060441, 0.28307964022, 0.0097881972854, 0.034297303963, 0.54833425412],
      [0.045253964378, 0.24071015337, 0.2647284476, 0.43747078017, 0.011836654475]
    ],
    [
      [0.22110588888, 0.14775852968, 0.36387382692, 0.24563598356, 0.021625770958],
      [0.32138059811, 0.23801821634, 0.0077451660259, 0.019671074969, 0.41318494456],
      [0.14677190001, 0.25750197415, 0.26614626367, 0.31768710477, 0.011892757394]
    ],
    [
      [0.17589593615, 0.11892258945, 0.37686209801, 0.31056470151, 0.017754674881],
      [0.31571237009, 0.23674282937, 0.0095841046102, 0.029883081909, 0.40807761402],
      [0.11574364231, 0.20459401279, 0.27123779422, 0.39875929273, 0.0096652579538]
    ],
    [
      [0.13851096634, 0.1054616222, 0.31681404862, 0.42598056214, 0.013232800704],
      [0.30640582094, 0.25868901607, 0.010008788112, 0.050346764458, 0.37454961042],
      [0.086355362297, 0.1717901685, 0.21635341075, 0.51867712116, 0.0068239372977]
    ],
    [
      [0.10688794009, 0.18833429941, 0.43169711181, 0.25283774389, 0.020242904805],
      [0.17871646481, 0.35091760489, 0.010325181441, 0.023000231266, 0.43704051759],
      [0.067735869971, 0.31223009502, 0.29851799355, 0.31090639047, 0.01060965099]
    ],
    [
      [0.069430869967, 0.09637758975, 0.55130651382, 0.2698595228, 0.013025503657],
      [0.18946692646, 0.29238685207, 0.021043713683, 0.039580493492, 0.45752201429],
      [0.047677519116, 0.17260335397, 0.41208368352, 0.36024699734, 0.0073884460602]
    ],
    [
      [0.10445560805, 0.1127231175, 0.53574328826, 0.22465694312, 0.022421043069],
      [0.19380585495, 0.23215635189, 0.01395460681, 0.022526922861, 0.53755626348],
      [0.072627337957, 0.20468530167, 0.40611715569, 0.30368604082, 0.012884163863]
    ],
    [
      [0.11527465324, 0.15459683232, 0.27463753811, 0.4406884694, 0.014802506937],
      [0.22849105055, 0.34114333152, 0.0078134913247, 0.046684722334, 0.37586740426],
      [0.068188827349, 0.23909890565, 0.17746614591, 0.50800310972, 0.007243011367]
    ],
    [
      [0.0979364318, 0.17332488161, 0.50676359101, 0.21183863524, 0.010136460347],
      [0.22306689562, 0.44031770333, 0.016136980318, 0.026063610486, 0.29441481025],
      [0.064440141548, 0.29812402588, 0.36174931757, 0.27017155815, 0.0055149568627]
    ],
    [
      [0.1235455926, 0.12959316796, 0.43976328106, 0.28797823021, 0.019119728174],
      [0.2309242744, 0.26900599469, 0.011611095863, 0.02897191958, 0.45948671546],
      [0.081368374685, 0.22302604751, 0.31603118462, 0.3691624246, 0.010411968574]
    ],
    [
      [0.127908185, 0.21610199275, 0.37339375052, 0.25931608968, 0.023279982041],
      [0.18582578073, 0.35034490371, 0.0077505539523, 0.020412007466, 0.43566675414],
      [0.078805107341, 0.34855173655, 0.25072038704, 0.31005643223, 0.011866336836]
    ],
    [
      [0.07757906541, 0.10922224773, 0.64672031147, 0.15719269597, 0.0092856794252],
      [0.23161001778, 0.36277549399, 0.026393729421, 0.025315885727, 0.35390487309],
      [0.056411874517, 0.20729448112, 0.50905351468, 0.22166109869, 0.0055790309897]
    ],
    [
      [0.10757720095, 0.093202435835, 0.5565998081, 0.22435740006, 0.01826315506],
      [0.23092649564, 0.22173547023, 0.016657725024, 0.025934893277, 0.50474541583],
      [0.076326987969, 0.17260835993, 0.43051589548, 0.3098402206, 0.01070853602]
    ],
    [
      [0.11679073017, 0.11309709469, 0.45832681471, 0.29969839042, 0.012086970002],
      [0.27864491007, 0.29983186892, 0.015250083096, 0.038165945956, 0.36810719196],
      [0.077602602489, 0.19622700516, 0.33148094236, 0.38804973516, 0.0066397148413]
    ],
    [
      [0.15141958388, 0.14335742692, 0.51192862483, 0.18231148483, 0.010982879537],
      [0.32403784387, 0.34082314107, 0.01519257227, 0.021059795468, 0.29888664732],
      [0.10473317344, 0.25929123772, 0.38471662977, 0.24497516976, 0.0062837893004]
    ],
    [
      [0.069931627794, 0.070944627946, 0.59111344708, 0.25910965092, 0.0089006462623],
      [0.24525214926, 0.27587851483, 0.029074099378, 0.048916393361, 0.40087884317],
      [0.049550264207, 0.13102225425, 0.4570088108, 0.35720942461, 0.0052092461376]
    ],
    [
      [0.093949475975, 0.12025470008, 0.46857238139, 0.30186348704, 0.015359955515],
      [0.20991007174, 0.29880022189, 0.014664755546, 0.036128868594, 0.44049608223],
      [0.061894728039, 0.20682735324, 0.33594715874, 0.38696751114, 0.0083632488463]
    ],
    [
      [0.098526573618, 0.14372683969, 0.43243469406, 0.31379116451, 0.011520728129],
      [0.22909703462, 0.37202554157, 0.014467577153, 0.039672915852, 0.3447369308],
      [0.062882967252, 0.23982547977, 0.30200276509, 0.38920734401, 0.0060814438807]
    ],
    [
      [0.10945573956, 0.17258378244, 0.45339431727, 0.22773246638, 0.036833694349],
      [0.13418629356, 0.23502609114, 0.0081064934141, 0.015423367511, 0.60725775437],
      [0.071428495804, 0.29506957788, 0.32488111945, 0.2887421992, 0.019878607675]
    ],
    [
      [0.063645863281, 0.15952321096, 0.49374515771, 0.26847207169, 0.014613696361],
      [0.13726043487, 0.38217433303, 0.015580049304, 0.032063227313, 0.43292195548],
      [0.04090262283, 0.26821219741, 0.34822548534, 0.33489959667, 0.0077600977465]
    ],
    [
      [0.11321110081, 0.13363772149, 0.42960356561, 0.31122507776, 0.012322534327],
      [0.25086526881, 0.32695099891, 0.013927968493, 0.038031803945, 0.37022395983],
      [0.072925749084, 0.22557316653, 0.30468427036, 0.390248887, 0.00656792702]
    ],
    [
      [0.10908846665, 0.15100907682, 0.4395080923, 0.29140746539, 0.0089868988306],
      [0.26157359723, 0.39981637899, 0.01538851099, 0.038517673702, 0.28470383909],
      [0.069805132184, 0.25322131575, 0.30944345905, 0.36276926491, 0.0047608281098]
    ],
    [
      [0.057891805447, 0.15671755788, 0.4610474752, 0.31012503605, 0.01421812542],
      [0.12824252855, 0.38557812657, 0.014950710882, 0.037992369031, 0.43323626496],
      [0.036471422298, 0.2581768333, 0.31870730866, 0.37924489836, 0.0073995373768]
    ],
    [
      [0.11056594648, 0.14190406645, 0.45699086411, 0.26262675879, 0.027912364174],
      [0.16476130123, 0.23358484872, 0.0099338958854, 0.021592070162, 0.57012788401],
      [0.072796632085, 0.24471878109, 0.33093227248, 0.33635812411, 0.015194190237]
    ],
    [
      [0.10819817836, 0.075012682226, 0.62135645879, 0.1868909577, 0.0085417229228],
      [0.33203627515, 0.25190373705, 0.027521927695, 0.031512508494, 0.35702555161],
      [0.079646747295, 0.14441748495, 0.50310652606, 0.26762816361, 0.0052010780742]
    ],
    [
      [0.075092540238, 0.10953608212, 0.57973470442, 0.22654933692, 0.0090873362916],
      [0.21814578167, 0.35098808208, 0.024525803284, 0.036378573462, 0.3699617595],
      [0.051926557002, 0.19810278706, 0.44043845512, 0.30433836903, 0.00519383179]
    ],
    [
      [0.12580825342, 0.097929124646, 0.42724983606, 0.34094976558, 0.0080630202946],
      [0.34662168933, 0.29617135449, 0.017051221182, 0.051318526264, 0.28883720874],
      [0.082600707092, 0.16822295847, 0.30872987814, 0.4360647592, 0.004381697098]
    ],
    [
      [0.088185996628, 0.11936593328, 0.52372485545, 0.25226348685, 0.016459727803],
      [0.18947097221, 0.28329058248, 0.016364809835, 0.029875862479, 0.480997773],
      [0.059596938607, 0.21102458613, 0.38883652535, 0.33134749057, 0.0091944593388]
    ],
    [
      [0.13739484688, 0.13734617496, 0.49126521281, 0.22016863629, 0.013825129059],
      [0.2789099472, 0.30774074167, 0.014532079177, 0.024673611034, 0.37414362092],
      [0.092959915849, 0.24363116004, 0.36581411323, 0.28985164019, 0.0077431706882]
    ],
    [
      [0.12201082984, 0.15976859343, 0.37767205008, 0.33225940844, 0.0082891182131],
      [0.28346378736, 0.410366429, 0.012841002966, 0.042498477427, 0.25083030324],
      [0.075768536555, 0.26013031561, 0.25818860731, 0.40164899492, 0.0042635456096]
    ],
    [
      [0.11317676276, 0.14017223108, 0.53605610664, 0.20009494617, 0.010499953353],
      [0.2642718802, 0.36077081641, 0.018226336242, 0.025831637237, 0.33089932991],
      [0.077087414502, 0.25026089805, 0.40170314354, 0.26502928399, 0.0059192599229]
    ],
    [
      [0.16095300898, 0.081321601528, 0.44587671899, 0.30218158142, 0.0096670890854],
      [0.40120973598, 0.22141997118, 0.01609476785, 0.041174779318, 0.32010074567],
      [0.11002642365, 0.1455677269, 0.33607708414, 0.40285744996, 0.0054713153523]
    ],
    [
      [0.13350681988, 0.12234484762, 0.51916065213, 0.21168590507, 0.013301775307],
      [0.2861945031, 0.28831211896, 0.016166718068, 0.025014027422, 0.38431263245],
      [0.092160365611, 0.22133657033, 0.39451552964, 0.28438813031, 0.0075994041016]
    ],
    [
      [0.20284853157, 0.11726022451, 0.45513405432, 0.21551790868, 0.009239280923],
      [0.43139327897, 0.27284673493, 0.014035809508, 0.02517522806, 0.25654894854],
      [0.14081754424, 0.21363770485, 0.34853268024, 0.29169561423, 0.0053164564394]
    ],
    [
      [0.10504530415, 0.13072762401, 0.48172940829, 0.26253587951, 0.019961784031],
      [0.19298395007, 0.26508818423, 0.012901675162, 0.026604374856, 0.50242181569],
      [0.069828177344, 0.22755099388, 0.3521957069, 0.33945386783, 0.010971254038]
    ]
  ],
  "expected_outcome": [
    [
      [9.1877739027, 4.2219774133, 7.6339719439, 8.0567295755, 6.641755594, 5.9771704374, 8.6408200376, 9.2799512735, 8.2694598586, 5.8069277452, 6.708977075, 7.2651489844, 7.9776740074, 5.0174562794, 9.7964082914, 4.4712008075, 11.276400333, 3.3420227868, 2.6317083605, 1.9239829217, 1.1108939195, 1.5668341208, 1.8443944518, 1.469046477, 1.853183889, 2.4302555151, 0.93094878492, 1.5060808133, 1.7518609526, 1.9684545905, 1.3986325559, 1.3152926637, 2.6602174877, 2.6269377494, 0.95468794922, 2.6038553185, 1.6363269998, 0.63680985992, 1.5479232507, 1.9475672105, 1.2014806438, 1.6355072945, 1.5873479393, 3.434871172, 2.4402165967, 1.5844746786, 2.7362011526, 1.8690954783, 2.4341823788, 1.6807248664],
      [7.7919387109, 8.8346268143, 6.3347812214, 9.170372936, 13.0627157706, 5.2206028668, 8.5884405075, 6.0936967552, 3.384162746, 8.1775197126, 6.3414187911, 11.7641577859, 9.8387672866, 6.7520405654, 11.9495868485, 9.0809228632, 7.5356850135, 2.2595291995, 2.0037708219, 3.3900173893, 1.542041436, 1.6908467624, 2.4735493172, 2.5998732241, 1.9438975194, 4.1059378622, 1.3106669727, 1.3048341017, 1.6964564204, 1.86364655, 1.4188925589, 1.6835658011, 3.8806246715, 4.1420107785, 2.3928481644, 3.0736675943, 2.2651361523, 1.7238931367, 1.9866569303, 1.3502282801, 1.752577314, 1.2730786204, 2.148586799, 3.433654374, 3.1953718686, 1.9624112351, 1.382467226, 1.7128278667, 1.4071226941, 2.0916419842],
      [34.051061846, 35.965399897, 33.5838335866, 24.8241352339, 27.9253819757, 37.4590777107, 28.7730562205, 28.996424356, 33.3122765153, 36.8615003671, 32.6180576567, 35.6937297647, 36.6944051344, 38.8008202629, 36.7571436217, 23.7964204758, 18.557565173, 7.1603798622, 6.0194669237, 7.7705480126, 8.8209042212, 8.0361493239, 4.3942006097, 7.6014538651, 6.5964492159, 7.0944812599, 7.7606437376, 7.7923973133, 6.8749022207, 6.6550721228, 11.8222689416, 6.5600133395, 11.6757367397, 10.8814636145, 7.4061773656, 9.8808820091, 6.5926213845, 5.0715222271, 6.3978720976, 11.1844162582, 9.2757552708, 5.5542478688, 9.4270473981, 12.2816303203, 7.5534410015, 7.504785493, 7.5799042228, 7.2682491298, 5.4616086519, 7.7076705327],
      [14.4416976495, 15.2972583609, 17.6431111732, 17.7689611693, 17.0240477864, 17.4549559047, 16.2887403484, 20.3530830014, 14.7109403603, 15.0333838719, 21.5702876515, 12.4254995, 21.1148446376, 14.4469720977, 17.8745060006, 22.236137903, 12.5274351617, 5.9007293287, 8.0936306806, 4.5510793899, 4.3177523649, 3.3698541468, 7.0510155103, 3.1775795286, 4.3196734532, 4.927005704, 1.8863123517, 3.1410036008, 4.4954758563, 2.3700493028, 5.1821930184, 4.2260888186, 8.4723614416, 5.4655791932, 4.0270810753, 7.1581767885, 4.3711119809, 3.4113753966, 3.676774623, 3.3640372386, 3.6247893908, 4.4323469525, 4.5407427632, 5.5042159073, 6.6451881689, 2.8013292464, 5.1370868842, 2.9636026709, 2.5862149042, 4.2005740722],
      [1.5275278908, 0.68073751448, 0.80430207489, 1.1798010853, 1.3460988734, 0.88819308045, 1.7089428861, 0.27684461391, 0.32316051977, 1.1206683032, 0.76125882572, 0.85146396491, 0.3743089341, 0.98271079464, 0.62235523776, 1.4153179505, 1.1029143189, 0.33733882273, 0.25142321337, 0.36437228649, 0.20840805851, 0.33631564603, 0.236840111, 0.15204690521, 0.28679592261, 0.44231965878, 0.1114281531, 0.25568417084, 0.18130455003, 0.14277743399, 0.17801292525, 0.21503937721, 0.31105965949, 0.88400866438, 0.21920544542, 0.28341828952, 0.13480348246, 0.15639937962, 0.39077309843, 0.15375101261, 0.14539738067, 0.10481926383, 0.29627510045, 0.34562822648, 0.16578236426, 0.14699934695, 0.16434051445, 0.18622485429, 0.11087137108, 0.31938854449]
    ],
    [
      [4.1260941433, 2.7347173301, 3.369719067, 5.4673533089, 3.4177849258, 4.9702780081, 3.4037910794, 7.0369183717, 8.9899882603, 3.3064447816, 3.9088203793, 4.4088015683, 3.7514770901, 3.3026617451, 4.1733225925, 2.116510275, 9.6414179434, 21.7841535361, 19.9163783608, 10.7229878888, 12.3153502201, 12.5973805718, 15.5373914376, 15.8377495887, 15.4719263851, 12.4503273091, 16.9075312978, 15.472075208, 20.3410784353, 23.9788004464, 14.4698768062, 14.693705022, 11.6839487657, 4.1597751003, 2.1961669579, 3.5121137634, 4.1851775558, 2.0518804568, 3.4599873257, 3.9844353018, 1.9633120351, 7.9722988546, 3.5999484719, 5.2992889968, 5.3858119599, 3.4355344427, 6.4193557757, 4.5791120495, 7.3336857425, 3.4737111012],
      [3.8882910303, 6.411444143, 3.1009346206, 6.935096549, 7.5365989354, 4.8259311526, 3.7629287618, 5.1143606665, 4.0494573162, 5.1998536004, 4.1066730346, 7.9905904027, 5.1647810252, 4.9589692907, 5.6865045714, 4.8123538837, 7.1405464901, 16.3352552264, 16.8147860448, 21.0550562933, 19.0051453844, 15.0901628732, 23.1977465436, 31.2625569363, 18.0234016441, 23.4731085485, 26.482611061, 14.8562765052, 21.8877264309, 25.2209124393, 16.2768323751, 20.9160155321, 18.9733026201, 7.2858088255, 6.1147893285, 4.5773139848, 6.3970620638, 6.1692500252, 4.9052818231, 3.0228448446, 3.1588927387, 6.8119411532, 5.3825210672, 5.8470740918, 7.796962151, 4.6900206133, 3.5427195389, 4.6129939034, 4.6383944937, 4.7715873161],
      [0.22417554045, 0.34191209582, 0.21730243726, 0.24742956889, 0.2120162246, 0.45363471418, 0.16676101698, 0.32095975837, 0.52393611647, 0.30765058102, 0.27845641247, 0.31797638096, 0.25343271774, 0.3733712861, 0.23042041431, 0.16639935385, 0.23235498078, 0.6613032181, 0.65057122729, 0.61951088645, 1.3678413894, 0.90704944266, 0.53131741008, 1.1457256026, 0.77794342283, 0.5192871148, 1.9267422477, 1.1160675766, 1.113256066, 1.124250348, 1.7153718633, 1.0265328882, 0.73784643483, 0.25130129584, 0.24928078886, 0.1949915589, 0.24621617585, 0.23921137411, 0.20861181359, 0.33026313234, 0.22073222956, 0.39217808718, 0.31093138687, 0.27610950436, 0.24397905635, 0.23694237114, 0.2575162856, 0.25866748909, 0.23860876163, 0.23223015292],
      [0.35933470154, 0.54997320674, 0.43057493026, 0.6657330637, 0.48651855631, 0.7988404026, 0.355692597, 0.84735567896, 0.87537671524, 0.47459552378, 0.69294933444, 0.41927109308, 0.54918815459, 0.52654602939, 0.42252840579, 0.58305416736, 0.59013224906, 2.0619326517, 3.2725396898, 1.3800138759, 2.572732077, 1.4642499859, 3.1745611187, 1.8505163445, 1.9411186119, 1.3676045002, 1.8480596581, 1.7376378495, 2.7861140548, 1.5584248646, 2.8860672083, 2.5290208016, 2.0233187084, 0.47812439283, 0.51301163701, 0.53244525523, 0.61628277923, 0.6078779045, 0.45343347339, 0.37815010193, 0.32740716116, 1.1803261041, 0.56764138711, 0.46879860965, 0.80747107111, 0.33581128408, 0.65879646909, 0.40022443875, 0.42797887702, 0.4788787474],
      [9.4021045844, 5.9619532243, 4.8814689449, 10.6843875095, 9.3470813578, 9.9513157225, 9.3108265448, 2.6804055245, 4.5612415918, 8.7114555132, 6.0131008392, 6.863360555, 2.2811210124, 8.8384516487, 3.487224016, 9.3216823201, 12.3955483367, 28.1573553677, 24.3457246773, 26.2224310554, 29.7389309291, 34.9411571264, 25.5589834899, 20.9034515279, 30.7856099361, 29.1896725273, 25.8350557354, 33.8179428607, 26.871825013, 22.1176119016, 23.6518517471, 30.8347257562, 17.5815834709, 18.8249903855, 6.9267512878, 5.1831354377, 4.5552614254, 6.9317802394, 11.9726855642, 4.2843066193, 3.3296558355, 6.643255801, 9.138957687, 7.1087287974, 4.7657757616, 4.3016912888, 5.1216119307, 6.1490021192, 4.3613321251, 9.0435926824]
    ],
    [
      [1.4287574632, 0.82637022655, 1.7459043906, 1.2725637078, 0.81605492341, 0.75135807062, 1.7107878059, 1.8167054672, 2.0995115204, 0.89020507918, 1.1205066935, 0.85312296865, 0.82875648303, 0.85262774991, 0.75421103789, 0.99558721631, 2.7886661002, 1.3889237077, 1.3816857967, 1.4901891394, 0.90587286321, 1.4525467591, 1.0910212376, 0.90216198167, 1.4646307443, 1.1032715028, 0.84617811775, 1.4502127714, 0.93123122986, 1.3615312547, 1.0405555483, 0.99031564863, 1.3834252795, 3.2142823112, 2.8222809753, 4.5943221923, 4.8165541207, 2.6624138277, 4.7317810855, 5.5752723106, 3.8944917751, 5.2864452539, 3.7546071322, 5.2057552875, 4.6218807299, 5.6273812587, 7.3717703843, 6.4512255928, 9.9980456413, 4.6086597047],
      [3.1769645724, 4.5271681899, 3.7938702107, 3.7984524254, 4.2129163236, 1.7148292853, 4.4603830921, 3.124418781, 2.2453310379, 3.2830265471, 2.7708419094, 3.6263662413, 2.6798769578, 3.0015094613, 2.4159165381, 5.2956233742, 4.8925375088, 2.4551281535, 2.748642696, 6.8690620904, 3.2794637254, 4.0937060333, 3.8255824904, 4.1737363623, 4.0144688552, 4.8797243118, 3.1094172168, 3.2795588387, 2.3547240619, 3.3707860904, 2.7514673392, 3.3092376518, 5.2761605549, 13.2781310045, 18.5066416214, 14.2111094914, 17.4722707865, 18.846908831, 15.9067207712, 10.1092239468, 14.8577090294, 10.7662693421, 13.2945489263, 13.6433449625, 15.8679492525, 18.2690455573, 9.7530377024, 15.4935599234, 15.1682770444, 15.0183655964],
      [5.8281137907, 7.7255254562, 8.4546348276, 4.3140097255, 3.7710655269, 5.173781248, 6.2725496922, 6.2519510628, 9.3096265545, 6.2076710132, 5.9928270655, 4.6049223859, 4.1936392629, 7.239448842, 3.1143721135, 5.8240258473, 5.0567790098, 3.2548535306, 3.4616545719, 6.567395858, 7.8295899868, 8.1223431138, 2.8394583346, 5.0644904459, 5.6885613232, 3.5100854186, 7.6358027202, 8.1798020141, 3.9777713083, 5.001316187, 9.5971850268, 5.3751545398, 6.644060832, 14.6196503752, 24.0275584885, 19.1951090327, 21.3515986748, 23.2656335325, 21.510597711, 35.2174568245, 33.032884134, 19.7587122009, 24.4967010971, 20.485590341, 15.7495050456, 29.3243294783, 22.5171646375, 27.6160870748, 24.745820297, 23.2449166554],
      [4.3696691687, 5.8107736263, 7.8534550507, 5.4607377367, 4.0630916711, 4.2677553109, 6.2764170225, 7.7620150297, 7.2776247786, 4.4770609643, 7.0106892665, 2.8328048597, 4.2655132724, 4.7684049548, 2.6758045297, 9.6243571638, 6.0360549907, 4.7851115127, 8.2988339385, 6.8399405904, 6.8446929495, 6.0737208165, 8.1280497555, 3.7824018141, 6.6449236429, 4.3407900512, 3.3249164804, 5.8869641914, 4.6565968219, 3.1846772069, 7.5013979168, 6.1914801782, 8.5625615682, 12.9933989638, 23.1080721703, 24.5856798813, 25.0310792785, 27.6848775803, 21.8632780669, 18.7339714528, 22.8253776772, 27.9081445889, 20.874891906, 16.2316918504, 24.5005886898, 19.3471377314, 26.9914491471, 19.9071691218, 20.7103886101, 22.403955277],
      [0.19649500495, 0.11016250108, 0.15213552049, 0.15423640446, 0.13687155495, 0.092276085244, 0.27986238725, 0.044909659236, 0.067906108543, 0.14203639625, 0.10513506507, 0.082783544517, 0.032214023817, 0.13800899192, 0.039695780818, 0.26040639845, 0.22596239049, 0.11598309545, 0.10918299676, 0.23341232178, 0.14038047514, 0.25768327726, 0.11588818187, 0.077209396078, 0.18741543433, 0.16612871571, 0.083685464845, 0.20346218439, 0.079676578096, 0.081689260906, 0.10939416889, 0.13381198154, 0.13379176538, 0.89453734536, 0.53544674451, 0.41377940226, 0.32849713958, 0.5401662285, 0.98762236543, 0.36407546519, 0.38953738425, 0.28042861427, 0.57925093834, 0.43361755854, 0.26007628218, 0.43210597437, 0.36657812861, 0.53195828711, 0.3774684072, 0.72410276648]
    ]
  ],
  "prob": [
    [0.11311068375, 0.12749731139, 0.48218037154, 0.26234200335, 0.014869629959],
    [0.24305383844, 0.30541574747, 0.015796419309, 0.032292726428, 0.40344126836],
    [0.075662350801, 0.22166162041, 0.35513775918, 0.33933282186, 0.0082054477484]
  ],
  "iterations": 20,
  "time": 0.002411,
  "message": "Converged",
  "status": 0,
  "miniter": 0,
  "maxiter": 1000,
  "maxtime": 3600,
  "param_threshold": 0.001,
  "ll_threshold": "-Inf",
  "initial_prob": "group_proportional",
  "ballotbox_id": ["1", "2", "3", "4", "5", "6", "7", "8", "9", "10", "11", "12", "13", "14", "15", "16", "17", "18", "19", "20", "21", "22", "23", "24", "25", "26", "27", "28", "29", "30", "31", "32", "33", "34", "35", "36", "37", "38", "39", "40", "41", "42", "43", "44", "45", "46", "47", "48", "49", "50"],
  "candidates_id": ["1", "2", "3", "4", "5"],
  "group_id": ["1", "2", "3"]
}
