{
  "X": [
    [22, 6, 9, 40, 23],
    [15, 21, 12, 38, 14],
    [22, 6, 7, 47, 18],
    [23, 18, 5, 40, 14],
    [25, 12, 5, 43, 15],
    [18, 11, 7, 53, 11],
    [22, 9, 3, 49, 17],
    [25, 14, 5, 40, 16],
    [24, 17, 4, 40, 15],
    [18, 16, 4, 45, 17],
    [15, 15, 5, 39, 26],
    [20, 15, 8, 41, 16],
    [22, 12, 4, 45, 17],
    [19, 11, 6, 44, 20],
    [25, 6, 8, 49, 12],
    [24, 10, 8, 44, 14],
    [27, 19, 3, 37, 14],
    [17, 37, 8, 28, 10],
    [5, 34, 6, 41, 14],
    [8, 34, 2, 40, 16],
    [11, 40, 4, 33, 12],
    [13, 33, 2, 34, 18],
    [15, 34, 2, 36, 13],
    [13, 27, 11, 34, 15],
    [9, 31, 4, 40, 16],
    [12, 35, 4, 31, 18],
    [15, 33, 8, 31, 13],
    [16, 40, 4, 27, 13],
    [11, 31, 5, 34, 19],
    [14, 27, 3, 37, 19],
    [13, 38, 1, 33, 15],
    [10, 32, 7, 37, 14],
    [9, 43, 2, 33, 13],
    [19, 24, 8, 30, 19],
    [17, 14, 13, 39, 17],
    [21, 20, 4, 27, 28],
    [14, 12, 11, 33, 30],
    [17, 13, 11, 34, 25],
    [15, 15, 10, 35, 25],
    [15, 16, 15, 30, 24],
    [11, 12, 18, 36, 23],
    [12, 19, 10, 42, 17],
    [13, 11, 10, 37, 29],
    [18, 12, 7, 42, 21],
    [16, 15, 11, 36, 22],
    [20, 18, 8, 36, 18],
    [12, 10, 10, 43, 25],
    [15, 16, 11, 36, 22],
    [8, 25, 6, 39, 22],
    [19, 15, 7, 30, 29]
  ],
  "W": [
    [58, 16, 26],
    [68, 18, 14],
    [68, 14, 18],
    [58, 18, 24],
    [69, 14, 17],
    [64, 14, 22],
    [75, 9, 16],
    [70, 14, 16],
    [68, 16, 16],
    [61, 20, 19],
    [62, 16, 22],
    [65, 20, 15],
    [59, 14, 27],
    [65, 16, 19],
    [73, 15, 12],
    [70, 12, 18],
    [52, 33, 15],
    [12, 69, 19],
    [18, 69, 13],
    [14, 77, 9],
    [10, 74, 16],
    [19, 70, 11],
    [18, 71, 11],
    [14, 63, 23],
    [15, 66, 19],
    [22, 68, 10],
    [17, 63, 20],
    [13, 69, 18],
    [15, 63, 22],
    [9, 71, 20],
    [19, 67, 14],
    [16, 61, 23],
    [16, 74, 10],
    [20, 33, 47],
    [16, 19, 65],
    [19, 14, 67],
    [13, 14, 73],
    [21, 10, 69],
    [17, 14, 69],
    [17, 18, 65],
    [15, 13, 72],
    [15, 16, 69],
    [21, 16, 63],
    [18, 12, 70],
    [18, 24, 58],
    [22, 14, 64],
    [17, 18, 65],
    [21, 19, 60],
    [19, 24, 57],
    [26, 15, 59]
  ],
  "method": "mvn_pdf",
  "cond_prob": [
    [
      [0.27902553512, 0.026651573499, 0.063714155369, 0.44749307968, 0.18311565633],
      [0.11140962678, 0.28529202539, 0.038205279098, 0.36914333935, 0.19594972939],
      [0.13521069657, 0.042968883608, 0.16928872143, 0.28831198027, 0.36421971812]
    ],
    [
      [0.18988928282, 0.11156982184, 0.14198494784, 0.43020699857, 0.12634894893],
      [0.040373108937, 0.65485935773, 0.044975037586, 0.18809235968, 0.071700136061],
      [0.077959971377, 0.15282785514, 0.32332305584, 0.23426344571, 0.21162567194]
    ],
    [
      [0.26187608747, 0.028246329748, 0.051573427747, 0.51219554799, 0.14610860705],
      [0.10287107418, 0.29806247922, 0.030407644801, 0.41496647704, 0.15369232475],
      [0.13661732507, 0.049002664626, 0.14726085644, 0.35485620871, 0.31226294516]
    ],
    [
      [0.30268098641, 0.078679868766, 0.035676908338, 0.46993940535, 0.11302283114],
      [0.079863775409, 0.56984938381, 0.014187679777, 0.2560929025, 0.080006258508],
      [0.16380007232, 0.14232581753, 0.10523125763, 0.33831421147, 0.25032864106]
    ],
    [
      [0.30434056069, 0.053462821574, 0.03793659313, 0.4789523044, 0.1253077202],
      [0.096702967599, 0.46426832872, 0.018142007764, 0.31415853515, 0.10672816076],
      [0.16542261642, 0.09699059706, 0.11250026776, 0.3461355634, 0.27895095537]
    ],
    [
      [0.21903578662, 0.046217449119, 0.047083242999, 0.59667687448, 0.090986646784],
      [0.072652269898, 0.4160052753, 0.023429350073, 0.40717333361, 0.08073977112],
      [0.12219828427, 0.085859826968, 0.14349901947, 0.4414681143, 0.206974755]
    ],
    [
      [0.25167302862, 0.04765512001, 0.026943489613, 0.53260535629, 0.14112300546],
      [0.08201116889, 0.42441883767, 0.013208249541, 0.35737888937, 0.12298285452],
      [0.13667160305, 0.086269677962, 0.079321301327, 0.38391334304, 0.31382407463]
    ],
    [
      [0.30489696876, 0.067081791193, 0.039068626525, 0.45158103357, 0.13737157996],
      [0.086925729133, 0.52560919451, 0.016760548881, 0.26576463627, 0.1049398912],
      [0.16000311633, 0.11759665621, 0.11185700912, 0.31513557126, 0.29540764709]
    ],
    [
      [0.29671772988, 0.082987030313, 0.03308595648, 0.45744537789, 0.12976390544],
      [0.075595329005, 0.58261122055, 0.012693129626, 0.24052043084, 0.088579889976],
      [0.15665494346, 0.14645930693, 0.09509495447, 0.32114511161, 0.28064568353]
    ],
    [
      [0.23445200653, 0.063443500171, 0.032597595309, 0.52624262052, 0.14326427748],
      [0.067456025401, 0.49632390302, 0.014099963574, 0.31185154235, 0.11026856566],
      [0.12286668103, 0.11082698963, 0.092836411074, 0.36607653551, 0.30739338276]
    ],
    [
      [0.19809889819, 0.068109013209, 0.03818160837, 0.45223136498, 0.24337911524],
      [0.053644885831, 0.50303251996, 0.015513663983, 0.25193030131, 0.17587862892],
      [0.08878587219, 0.10170301228, 0.092930384271, 0.26886644632, 0.44771428494]
    ],
    [
      [0.25456428583, 0.058806102404, 0.069988402793, 0.47430451783, 0.14233669114],
      [0.076736393398, 0.48199365829, 0.031613038345, 0.29481356689, 0.11484334308],
      [0.12429593468, 0.095703706605, 0.18789184619, 0.30761895583, 0.2844895567]
    ],
    [
      [0.27877759711, 0.051026519546, 0.029160203152, 0.51391372943, 0.12712195076],
      [0.089542274111, 0.44636095049, 0.014114522541, 0.3405464186, 0.10943583425],
      [0.15395332773, 0.094013365755, 0.087458345661, 0.3771777203, 0.28739724055]
    ],
    [
      [0.23790877013, 0.045715903844, 0.045212478322, 0.4999725458, 0.1711903019],
      [0.078473744307, 0.40837249243, 0.022383995387, 0.33976144644, 0.15100832143],
      [0.11883348259, 0.076028560516, 0.12319487761, 0.33150665808, 0.35043642121]
    ],
    [
      [0.28740248994, 0.02685546106, 0.066775197287, 0.51646761432, 0.1024992374],
      [0.11729026284, 0.29463249902, 0.040861586861, 0.43504485953, 0.11217079174],
      [0.15534850405, 0.048288697156, 0.19893029056, 0.37091292005, 0.22651958818]
    ],
    [
      [0.28746295576, 0.046733093181, 0.061171838608, 0.48757344334, 0.1170586691],
      [0.096673031041, 0.42868687836, 0.030880921117, 0.33828529757, 0.10547387191],
      [0.15084674307, 0.081771998053, 0.17616115358, 0.34000836387, 0.25121174143]
    ],
    [
      [0.39214195952, 0.04828906341, 0.026825562971, 0.41814098602, 0.11460242808],
      [0.13446491569, 0.44813942019, 0.013920065934, 0.29759490758, 0.10588069061],
      [0.22680209689, 0.093361582888, 0.084691140625, 0.32265302264, 0.27249215696]
    ],
    [
      [0.39278038619, 0.055622765872, 0.081974285164, 0.38014449167, 0.089478071102],
      [0.12853309967, 0.49100703828, 0.040615063874, 0.26034383837, 0.079500959813],
      [0.20475396228, 0.097322475387, 0.23974153412, 0.26587040426, 0.19231162396]
    ],
    [
      [0.14343040316, 0.057392024108, 0.068210178921, 0.59484799099, 0.13611940281],
      [0.042797132114, 0.45402960083, 0.030335335445, 0.36443395696, 0.10840397465],
      [0.069774055066, 0.092718900943, 0.18352800327, 0.38309120862, 0.2708878321]
    ],
    [
      [0.18890370988, 0.050408906637, 0.026843269053, 0.57332262145, 0.16052149298],
      [0.059391612768, 0.42075590415, 0.012709319947, 0.37185778407, 0.13528537906],
      [0.098113081194, 0.087164865479, 0.076024958536, 0.39552365829, 0.34317343651]
    ],
    [
      [0.26982394339, 0.066251225629, 0.0412945095, 0.50511995824, 0.11751036324],
      [0.077689063857, 0.51106952512, 0.017963360719, 0.30202088602, 0.091257164287],
      [0.14378066514, 0.11799221221, 0.12137431204, 0.35917102093, 0.25768178968]
    ],
    [
      [0.27158461874, 0.052713729512, 0.026159630308, 0.46971363256, 0.17982838888],
      [0.085427863079, 0.44319817627, 0.012452844384, 0.30659882019, 0.15232229608],
      [0.13855611364, 0.089847004848, 0.072865204079, 0.31964515451, 0.37908652292]
    ],
    [
      [0.31695221741, 0.051975585289, 0.025001068443, 0.4856361035, 0.12043502536],
      [0.10279627117, 0.4517074231, 0.012306158948, 0.32765368458, 0.1055364622],
      [0.17874645836, 0.098028153632, 0.077206657633, 0.36586375119, 0.28015497919]
    ],
    [
      [0.26265098654, 0.041372229955, 0.13107483469, 0.44355809242, 0.1213438564],
      [0.093415114667, 0.39291127261, 0.069949342518, 0.32748123813, 0.11624303208],
      [0.1180356369, 0.062088468302, 0.32989436742, 0.26590356979, 0.22407795759]
    ],
    [
      [0.19902712809, 0.051792312562, 0.037123369795, 0.57071336108, 0.14134382848],
      [0.062397019594, 0.43208258911, 0.017501309339, 0.36921197716, 0.1188071048],
      [0.10404805847, 0.090136508783, 0.10619768922, 0.39632695682, 0.30329078671]
    ],
    [
      [0.25185969805, 0.061335678754, 0.045947096177, 0.44801824992, 0.1928392771],
      [0.073898737281, 0.48130269595, 0.020294059177, 0.27240679571, 0.15209771188],
      [0.11976311723, 0.097405686324, 0.12044146767, 0.28393284261, 0.37845688617]
    ],
    [
      [0.31602783393, 0.0562679161, 0.081405995608, 0.43144773075, 0.11485052361],
      [0.10008289273, 0.47856832249, 0.038858272385, 0.28428788404, 0.098202628362],
      [0.15747520268, 0.093799514399, 0.22600929162, 0.28726928534, 0.23544670597]
    ],
    [
      [0.37863878291, 0.067753524507, 0.037511748041, 0.3983509797, 0.11774496484],
      [0.11084270833, 0.53531660787, 0.016685309525, 0.24370648306, 0.093448891215],
      [0.20651417009, 0.12397839182, 0.11299342626, 0.29124261221, 0.26527139962]
    ],
    [
      [0.23923858332, 0.054597603188, 0.04480037856, 0.4899164673, 0.17144696763],
      [0.073838658487, 0.45008903849, 0.020827105889, 0.31306842633, 0.14217677081],
      [0.11811504117, 0.089930176546, 0.12141840073, 0.3221153735, 0.34842100806]
    ],
    [
      [0.3042015567, 0.037359726595, 0.027835708284, 0.47666741639, 0.15393559204],
      [0.1105321682, 0.36244962129, 0.015345591556, 0.36057490864, 0.15109771031],
      [0.16401169905, 0.06735802633, 0.08220839477, 0.34348951256, 0.34293236729]
    ],
    [
      [0.27947424473, 0.069923370317, 0.020550000198, 0.48425899277, 0.14579339198],
      [0.077954763812, 0.52346911366, 0.008691172736, 0.28031159205, 0.10957335774],
      [0.14929465709, 0.12482840837, 0.059669246136, 0.34506453662, 0.32114315178]
    ],
    [
      [0.21762749799, 0.058964919997, 0.063285133879, 0.53675180986, 0.12337063828],
      [0.065399119816, 0.47325595976, 0.028555368084, 0.3332818318, 0.099507720546],
      [0.1097725854, 0.099107055097, 0.17606231884, 0.35998944681, 0.25506859384]
    ],
    [
      [0.22369048505, 0.079442108252, 0.028908008685, 0.52514579751, 0.1428136005],
      [0.057912196687, 0.5502175872, 0.011291570974, 0.28122880256, 0.099349842582],
      [0.11569526071, 0.13709300873, 0.081724015169, 0.36150389926, 0.30398381613]
    ],
    [
      [0.35304271554, 0.065136246084, 0.044589525435, 0.41086509465, 0.12636641829],
      [0.10434646398, 0.52251978085, 0.019953598622, 0.25244187425, 0.1007382823],
      [0.18749400429, 0.11579001263, 0.12961459149, 0.29147337892, 0.27562801268]
    ],
    [
      [0.2894010989, 0.044557863814, 0.059043444454, 0.50877598483, 0.098221608004],
      [0.09977748095, 0.41524423826, 0.030721017597, 0.36317682428, 0.09108043891],
      [0.15730090134, 0.080847569698, 0.17534982895, 0.36828803916, 0.21821366085]
    ],
    [
      [0.36354857712, 0.086852412376, 0.024294771593, 0.36766007284, 0.15764416607],
      [0.09123153819, 0.60118246244, 0.009257628189, 0.19164796686, 0.10668040433],
      [0.1887925229, 0.15131521913, 0.068528354441, 0.25508588935, 0.33627801418]
    ],
    [
      [0.25692639897, 0.046535070756, 0.049523626102, 0.47002058285, 0.17699432132],
      [0.084602816598, 0.41439131967, 0.024594636924, 0.31998640792, 0.15642481889],
      [0.12643296419, 0.076404406009, 0.1326526563, 0.30780403572, 0.35670593779]
    ],
    [
      [0.28503987526, 0.057852687953, 0.04947825872, 0.46287258947, 0.1447565886],
      [0.086780406699, 0.48067036335, 0.022740690872, 0.29141982363, 0.11838871545],
      [0.14568525326, 0.098809787662, 0.13773595375, 0.31497541301, 0.30279359232]
    ],
    [
      [0.26301276203, 0.059960183821, 0.045438944596, 0.48620174462, 0.14538636494],
      [0.078338479207, 0.48571059401, 0.020421447909, 0.29927244282, 0.11625703604],
      [0.13472540512, 0.10256390111, 0.12663946577, 0.33139109208, 0.30468013591]
    ],
    [
      [0.27477910457, 0.058714665289, 0.081175888647, 0.43536736418, 0.14996297731],
      [0.083377409818, 0.48382990478, 0.037127033682, 0.27341776389, 0.12224788782],
      [0.13027563603, 0.092985288718, 0.2106529432, 0.27492930463, 0.29115682742]
    ],
    [
      [0.20734061454, 0.048464387469, 0.095949227051, 0.51269502257, 0.13555074837],
      [0.067308413707, 0.42510387727, 0.046781404742, 0.34298247918, 0.1178238251],
      [0.097482554924, 0.075903084171, 0.2464531146, 0.32004685123, 0.26011439508]
    ],
    [
      [0.20931551528, 0.074618147194, 0.042657997405, 0.5752415611, 0.098166779024],
      [0.05578989488, 0.54122416718, 0.017122139189, 0.31575028029, 0.070113518455],
      [0.11293160996, 0.13428017235, 0.12499221479, 0.41195674636, 0.21583925654]
    ],
    [
      [0.22502598408, 0.041295679721, 0.048714225196, 0.50265851502, 0.18230559598],
      [0.076670951978, 0.37867227542, 0.024976170764, 0.35330887207, 0.16637172977],
      [0.11022304351, 0.067369119103, 0.12979869546, 0.3271079164, 0.36550122553]
    ],
    [
      [0.28622728577, 0.044736973519, 0.030093857016, 0.53060432674, 0.10833755695],
      [0.09757161316, 0.41354525753, 0.015506690439, 0.37410168117, 0.099274757698],
      [0.16373918428, 0.085449812432, 0.093450194233, 0.40401945695, 0.25334135211]
    ],
    [
      [0.28186482917, 0.044561721074, 0.055657557138, 0.48316745716, 0.13474843545],
      [0.096221926236, 0.40998847538, 0.028659135728, 0.34149839879, 0.12363206387],
      [0.1460459473, 0.077045593189, 0.1575472495, 0.3334059579, 0.28595525212]
    ],
    [
      [0.32722951755, 0.073598798282, 0.035497586984, 0.46120496951, 0.10246912768],
      [0.090107420795, 0.55601286103, 0.014797176089, 0.26310777235, 0.075974769744],
      [0.18169830516, 0.13682155034, 0.10728470564, 0.34141214677, 0.23278329208]
    ],
    [
      [0.20626879159, 0.034435480126, 0.045082590132, 0.5725178386, 0.14169529956],
      [0.074874898575, 0.33460006694, 0.024606643722, 0.42822506396, 0.1376933268],
      [0.10831215865, 0.060144141506, 0.12864785199, 0.39896596091, 0.30392988695]
    ],
    [
      [0.25910078009, 0.056705299442, 0.055034349452, 0.49280850492, 0.13635106609],
      [0.07941077718, 0.470899984, 0.025419588734, 0.31210706242, 0.11216258767],
      [0.13206905032, 0.096453946019, 0.1529976904, 0.33416806554, 0.28431124773]
    ],
    [
      [0.16812539207, 0.097906881306, 0.033380370369, 0.5594322734, 0.14115508285],
      [0.038189958656, 0.60369193949, 0.011395878721, 0.26105030614, 0.085671916993],
      [0.084389449489, 0.16370544187, 0.090710711965, 0.37211825671, 0.28907613996]
    ],
    [
      [0.31268277166, 0.059235935814, 0.036249098352, 0.40570429129, 0.18612790289],
      [0.094073990461, 0.48601571276, 0.016489407344, 0.2528729831, 0.15054790634],
      [0.15533719404, 0.098404117501, 0.097980386232, 0.26867992373, 0.3795983785]
    ]
  ],
  "expected_outcome": [
    [
      [16.1834810371, 12.912471232, 17.8075739478, 17.5554972119, 20.9994986878, 14.0182903436, 18.8754771466, 21.3427878129, 20.1768056318, 14.3015723982, 12.2821316881, 16.5466785793, 16.4478782298, 15.4640700587, 20.9803817656, 20.1224069035, 20.3913818948, 4.7133646343, 2.5817472569, 2.6446519383, 2.6982394339, 5.1601077561, 5.7051399134, 3.6771138115, 2.9854069213, 5.540913357, 5.3724731768, 4.9223041778, 3.5885787498, 2.7378140103, 5.3100106499, 3.4820399678, 3.5790477609, 7.0608543109, 4.6304175824, 6.9074229652, 3.3400431866, 5.9858373805, 4.4712169545, 4.6712447778, 3.1101092181, 3.1397327291, 4.7255456658, 5.1520911439, 5.0735669251, 7.1990493861, 3.506569457, 5.441116382, 3.1943824493, 8.129752063],
      [1.5457912629, 7.586747885, 1.9207504229, 4.5634323884, 3.6889346886, 2.9579167436, 3.5741340007, 4.6957253835, 5.6431180613, 3.8700535104, 4.2227588189, 3.8223966563, 3.0105646532, 2.9715337499, 1.9604486574, 3.2713165226, 2.5110312973, 0.66747319046, 1.0330564339, 0.70572469292, 0.66251225629, 1.0015608607, 0.9355605352, 0.57921121937, 0.77688468843, 1.3493849326, 0.95655457371, 0.88079581859, 0.81896404781, 0.33623753936, 1.328544036, 0.94343871995, 1.271073732, 1.3027249217, 0.71292582103, 1.6501958351, 0.60495591983, 1.214906447, 1.019323125, 0.99814930991, 0.72696581204, 1.1192722079, 0.86720927415, 0.80526552334, 0.80211097933, 1.6191735622, 0.58540316214, 1.1908112883, 1.8602307448, 1.5401343312],
      [3.6954210114, 9.6549764534, 3.5069930868, 2.0692606836, 2.6176249259, 3.0133275519, 2.020761721, 2.7348038568, 2.2498450406, 1.9884533138, 2.3672597189, 4.5492461815, 1.7204519859, 2.938811091, 4.874589402, 4.2820287026, 1.3949292745, 0.98369142196, 1.2277832206, 0.37580576674, 0.412945095, 0.49703297586, 0.45001923198, 1.8350476856, 0.55685054693, 1.0108361159, 1.3839019253, 0.48765272453, 0.6720056784, 0.25052137455, 0.39045000376, 1.0125621421, 0.46252813896, 0.89179050871, 0.94469511126, 0.46160066026, 0.64380713932, 1.0390434331, 0.77246205813, 1.379990107, 1.4392384058, 0.63986996107, 1.0229987291, 0.54168942628, 1.0018360285, 0.78094691366, 0.76640403224, 1.1557213385, 0.63422703701, 0.94247655714],
      [25.9545986217, 29.2540759026, 34.829297263, 27.2564855103, 33.0477090039, 38.1873199667, 39.9454017218, 31.6106723498, 31.1062856965, 32.1007998515, 28.0383446291, 30.8297936588, 30.3209100364, 32.4982154771, 37.7021358451, 34.1301410341, 21.7433312732, 4.5617339, 10.7072638379, 8.0265167003, 5.0511995824, 8.9245590187, 8.741449863, 6.2098132939, 8.5607004161, 9.8564014983, 7.3346114228, 5.1785627361, 7.3487470095, 4.2900067475, 9.2009208627, 8.5880289578, 8.4023327601, 8.2173018929, 8.1404157572, 6.985541384, 6.1102675771, 9.7203243788, 8.2654296585, 7.4012451911, 7.6904253385, 8.6286234165, 10.5558288154, 9.5508778813, 8.697014229, 10.1465093291, 9.7328032562, 10.3489786034, 10.6292131946, 10.5483115736],
      [10.6207080669, 8.591728527, 9.9353852795, 6.5553242058, 8.6462326938, 5.8231453942, 10.5842254098, 9.6160105971, 8.8239455697, 8.7391209261, 15.089505145, 9.2518849241, 7.5001950946, 11.1273696233, 7.48244433, 8.1941068373, 5.9593262601, 1.0737368532, 2.4501492507, 2.2473009017, 1.1751036324, 3.4167393887, 2.1678304564, 1.6988139895, 2.1201574272, 4.2424640962, 1.9524589013, 1.5306845429, 2.5717045145, 1.3854203283, 2.7700744477, 1.9739302124, 2.2850176081, 2.5273283658, 1.5715457281, 2.9952391554, 2.3009261772, 3.0398883605, 2.4715682039, 2.5493706142, 2.0332612256, 1.4725016854, 3.8284175156, 1.9500760252, 2.4254718381, 2.2543208089, 2.4088200925, 2.8633723878, 2.6819465742, 4.8393254751]
    ],
    [
      [1.7825540285, 0.72671596087, 1.4401950386, 1.4375479574, 1.3538415464, 1.0171317786, 0.73810052001, 1.2169602079, 1.2095252641, 1.349120508, 0.8583181733, 1.534727868, 1.2535918375, 1.2555799089, 1.7593539426, 1.1600763725, 4.4373422177, 8.8687838769, 2.9530021159, 4.5731541831, 5.7489907254, 5.9799504156, 7.298535253, 5.885152224, 4.1182032932, 5.0251141351, 6.3052222418, 7.6481468749, 4.6518354847, 7.8477839419, 5.2229691754, 3.9893463088, 4.2855025549, 3.4434333112, 1.895772138, 1.2772415347, 1.1844394324, 0.86780406699, 1.0967387089, 1.5007933767, 0.87500937819, 0.89263831808, 1.2267352316, 1.1708593579, 2.3093262297, 1.2615038911, 1.3477481743, 1.5088047664, 0.91655900774, 1.4111098569],
      [4.5646724062, 11.7874684392, 4.1728747091, 10.2572889086, 6.4997566021, 5.8240738542, 3.8197695391, 7.3585287232, 9.3217795288, 9.9264780604, 8.0485203194, 9.6398731657, 6.2490533069, 6.5339598789, 4.4194874853, 5.1442425404, 14.7886008663, 33.8794856411, 31.3280424575, 32.3982046195, 37.8191448589, 31.0238723387, 32.0712270404, 24.7534101745, 28.5174508811, 32.7285833247, 30.1498043169, 36.9368459429, 28.3556094247, 25.7339231117, 35.0724306154, 28.8686135451, 40.7161014526, 17.2431527682, 7.8896405269, 8.4165544741, 5.8014784754, 4.8067036335, 6.7999483162, 8.7089382861, 5.5263504045, 8.659586675, 6.0587564066, 4.9625430903, 9.8397234091, 7.7841800544, 6.0228012049, 8.947099696, 14.4886065478, 7.2902356913],
      [0.61128446557, 0.80955067656, 0.42570702721, 0.25537823598, 0.25398810869, 0.32801090102, 0.11887424587, 0.23464768433, 0.20309007402, 0.28199927147, 0.24821862373, 0.6322607669, 0.19760331557, 0.35814392619, 0.61292380291, 0.3705710534, 0.45936217581, 2.8024394073, 2.0931381457, 0.97861763592, 1.3292886932, 0.87169910691, 0.87373728534, 4.4068085786, 1.1550864164, 1.379996024, 2.4480711603, 1.1512863572, 1.312107671, 1.0895370005, 0.58230857331, 1.7418774531, 0.83557625204, 0.65846875452, 0.58369933434, 0.12960679465, 0.34432491693, 0.22740690872, 0.28590027072, 0.66828660627, 0.60815826165, 0.27395422702, 0.39961873223, 0.18608028527, 0.68781925748, 0.20716046525, 0.44291958699, 0.48297218594, 0.2735010893, 0.24734111017],
      [5.9062934295, 3.3856624742, 5.8095306786, 4.609672245, 4.3982194921, 5.7004266706, 3.2164100044, 3.7207049077, 3.8483268935, 6.2370308469, 4.0308848209, 5.8962713378, 4.7676498604, 5.4361831431, 6.525672893, 4.0594235708, 9.8206319501, 17.9637248476, 25.14594303, 28.6330493735, 22.3495455652, 21.4619174131, 23.2634116051, 20.6313180019, 24.3679904926, 18.5236621081, 17.9101366942, 16.8157473311, 19.7233108586, 25.6008185137, 18.7808766673, 20.3301917397, 20.8109313895, 8.3305818501, 6.9003596614, 2.683071536, 4.4798097108, 2.9141982363, 4.1898141995, 4.9215197501, 4.4587722293, 5.0520044847, 5.6529419532, 4.4892201741, 8.195961571, 3.6835088128, 7.7080511514, 5.9300341859, 6.2652073473, 3.7930947464],
      [3.1351956702, 1.2906024491, 2.1516925465, 1.4401126531, 1.4941942507, 1.1303567957, 1.1068456907, 1.4691584769, 1.4172782396, 2.2053713132, 2.8140580627, 2.2968668616, 1.5321016795, 2.4161331429, 1.6825618762, 1.2656864629, 3.4940627901, 5.4855662271, 7.479874251, 10.416974188, 6.7530301572, 10.6625607258, 7.4930888162, 7.3233110209, 7.8412689167, 10.3426444081, 6.1867655868, 6.4479734939, 8.957136561, 10.7279374322, 7.3414149686, 6.0699709533, 7.3518883511, 3.3243633159, 1.7305283393, 1.4935256606, 2.1899474645, 1.1838871545, 1.6275985046, 2.2004619808, 1.5317097263, 1.1218162953, 2.6619476763, 1.1912970924, 2.9671695328, 1.0636467764, 2.4784798824, 2.1310891657, 2.0561260078, 2.2582185952]
    ],
    [
      [3.5154781108, 1.0914395993, 2.4591118512, 3.9312017356, 2.8121844791, 2.6883622539, 2.1867456487, 2.5600498613, 2.5064790953, 2.3344669395, 1.9532891882, 1.8644390202, 4.1567398488, 2.2578361692, 1.8641820486, 2.7152413752, 3.4020314533, 3.8903252833, 0.90706271586, 0.88301773074, 2.3004906422, 1.5241172501, 1.9662110419, 2.7148196487, 1.9769131109, 1.1976311723, 3.1495040535, 3.7172550615, 2.5985309058, 3.280233981, 2.0901251993, 2.5247694643, 1.1569526071, 8.8122182016, 10.2245585872, 12.6490990344, 9.2296063856, 10.052282475, 9.2960529536, 8.467916342, 7.0187439545, 7.7922810874, 6.9440517412, 11.4617428994, 8.4706649433, 11.6286915302, 7.040290312, 7.9241430189, 4.8101986209, 9.1648944481],
      [1.1171909738, 2.1395899719, 0.88204796327, 3.4158196206, 1.64884015, 1.8889161933, 1.3803148474, 1.8815464993, 2.3433489109, 2.1057128029, 2.2374662702, 1.4355555991, 2.5383608754, 1.4445426498, 0.57946436587, 1.4718959649, 1.4004237433, 1.8491270324, 1.2053457123, 0.78448378931, 1.8878753953, 0.98831705333, 1.0783096899, 1.428034771, 1.7125936669, 0.97405686324, 1.875990288, 2.2316110528, 1.978463884, 1.3471605266, 1.7475977172, 2.2794622672, 1.3709300873, 5.4421305934, 5.2550920304, 10.1381196817, 5.5775216387, 6.8178753487, 7.0769091768, 6.0440437666, 5.4650220603, 9.2653318921, 4.2442545035, 5.9814868702, 4.468644405, 8.756579222, 3.9093691979, 5.7872367611, 9.3312101868, 5.8058429326],
      [4.4015067573, 4.5265227818, 2.6506954159, 2.5255501831, 1.9125045519, 3.1569784282, 1.2691408212, 1.7897121459, 1.5215192715, 1.7638918104, 2.044468454, 2.8183776929, 2.3613753329, 2.3407026745, 2.3871634867, 3.1709007644, 1.2703671094, 4.5550891483, 2.3858640424, 0.68422462683, 1.9419889926, 0.80151724487, 0.84927323396, 7.5875704507, 2.0177560952, 1.2044146767, 4.5201858323, 2.0338816727, 2.671204816, 1.6441678954, 0.83536944591, 4.0494333334, 0.81724015169, 6.0918857999, 11.3977388818, 4.5913997476, 9.6836439096, 9.5037808087, 8.7381231381, 13.6924413079, 17.7446242512, 8.6244628205, 8.1773178139, 6.5415135963, 9.1377404709, 6.8662211612, 8.362110379, 9.1798614238, 5.170510582, 5.7808427877],
      [7.496111487, 3.2796882399, 6.3874117568, 8.1195410752, 5.8843045777, 9.7122985145, 6.1426134886, 5.0421691401, 5.1383217858, 6.9554541747, 5.9150618189, 4.6142843374, 10.1837984481, 6.2986265035, 4.4509550407, 6.1201505497, 4.8397953396, 5.0515376809, 4.9801857121, 3.5597129246, 5.7467363349, 3.5160966996, 4.024501263, 6.1157821051, 7.5302121796, 2.8393284261, 5.7453857069, 5.2423670198, 7.0865382169, 6.8697902512, 4.8309035127, 8.2797572766, 3.6150389926, 13.6992488093, 23.9387225455, 17.0907545862, 22.4696946076, 21.7333034975, 22.8659853535, 17.870404801, 23.0433732884, 28.4250154986, 20.607798733, 28.2813619867, 19.3375455581, 21.8503773932, 25.9327874593, 20.0500839321, 21.2107406327, 15.8521155003],
      [9.4697126711, 2.9627594071, 5.6207330129, 6.0078873854, 4.7421662413, 4.55344461, 5.0211851941, 4.7265223534, 4.4903309365, 5.8404742724, 9.8497142687, 4.2673433505, 7.7597254949, 6.658292003, 2.7182350581, 4.5218113458, 4.0873823543, 3.6539208552, 3.5215418174, 3.0885609285, 4.122908635, 4.1699517521, 3.0817047711, 5.1537930245, 5.7625249474, 3.7845688617, 4.7089341193, 4.7748851931, 7.6652621773, 6.8586473458, 4.496004125, 5.8665776584, 3.0398381613, 12.9545165958, 14.1838879551, 22.5306269501, 26.0395334585, 20.8927578701, 21.0229293779, 18.9251937823, 18.7282364455, 14.8929087014, 23.0265772084, 17.7338946474, 16.5854046228, 14.8981306934, 19.7554426518, 17.0586748641, 16.4773399777, 22.3963043313]
    ]
  ],
  "prob": [
    [0.26769597236, 0.057490031086, 0.049596878185, 0.48599007293, 0.13922704544],
    [0.083686071671, 0.46601828117, 0.023168435722, 0.31158889006, 0.11553832138],
    [0.13887973549, 0.098414741631, 0.13769442816, 0.33406775343, 0.29094334129]
  ],
  "iterations": 13,
  "time": 0.001796,
  "message": "Converged",
  "status": 0,
  "miniter": 0,
  "maxiter": 1000,
  "maxtime": 3600,
  "param_threshold": 0.001,
  "ll_threshold": "-Inf",
  "initial_prob": "group_proportional",
  "ballotbox_id": ["1", "2", "3", "4", "5", "6", "7", "8", "9", "10", "11", "12", "13", "14", "15", "16", "17", "18", "19", "20", "21", "22", "23", "24", "25", "26", "27", "28", "29", "30", "31", "32", "33", "34", "35", "36", "37", "38", "39", "40", "41", "42", "43", "44", "45", "46", "47", "48", "49", "50"],
  "candidates_id": ["1", "2", "3", "4", "5"],
  "group_id": ["1", "2", "3"]
}
