{
  "X": [
    [5, 56, 14, 20, 5],
    [3, 68, 14, 8, 7],
    [2, 52, 13, 23, 10],
    [2, 56, 12, 20, 10],
    [5, 59, 15, 17, 4],
    [3, 54, 14, 18, 11],
    [3, 54, 11, 20, 12],
    [7, 61, 10, 13, 9],
    [5, 62, 12, 17, 4],
    [3, 60, 9, 20, 8],
    [4, 54, 12, 20, 10],
    [6, 60, 11, 15, 8],
    [3, 60, 13, 20, 4],
    [0, 65, 7, 20, 8],
    [4, 56, 13, 17, 10],
    [4, 53, 12, 19, 12],
    [11, 44, 19, 17, 9],
    [5, 13, 37, 19, 26],
    [2, 14, 43, 23, 18],
    [4, 20, 38, 16, 22],
    [7, 14, 31, 22, 26],
    [6, 16, 39, 24, 15],
    [6, 19, 33, 20, 22],
    [8, 17, 34, 22, 19],
    [6, 20, 39, 18, 17],
    [8, 11, 30, 29, 22],
    [7, 16, 40, 19, 18],
    [7, 24, 35, 14, 20],
    [4, 17, 37, 20, 22],
    [5, 27, 33, 20, 15],
    [4, 19, 30, 23, 24],
    [3, 18, 35, 26, 18],
    [4, 13, 35, 23, 25],
    [10, 18, 14, 38, 20],
    [11, 20, 7, 50, 12],
    [10, 29, 16, 38, 7],
    [4, 15, 14, 53, 14],
    [7, 21, 12, 42, 18],
    [12, 18, 15, 44, 11],
    [6, 13, 8, 55, 18],
    [8, 20, 12, 41, 19],
    [9, 17, 8, 53, 13],
    [12, 20, 13, 41, 14],
    [10, 17, 15, 50, 8],
    [5, 18, 12, 51, 14],
    [10, 17, 7, 46, 20],
    [16, 19, 11, 40, 14],
    [8, 28, 10, 45, 9],
    [6, 19, 12, 46, 17],
    [12, 21, 10, 41, 16]
  ],
  "W": [
    [67, 17, 16],
    [79, 10, 11],
    [60, 21, 19],
    [62, 21, 17],
    [66, 16, 18],
    [64, 17, 19],
    [64, 20, 16],
    [66, 13, 21],
    [70, 13, 17],
    [73, 13, 14],
    [65, 12, 23],
    [67, 15, 18],
    [67, 15, 18],
    [70, 13, 17],
    [61, 18, 21],
    [58, 19, 23],
    [54, 30, 16],
    [12, 73, 15],
    [10, 76, 14],
    [19, 67, 14],
    [16, 71, 13],
    [15, 63, 22],
    [19, 67, 14],
    [17, 62, 21],
    [19, 62, 19],
    [12, 69, 19],
    [15, 73, 12],
    [24, 63, 13],
    [19, 64, 17],
    [27, 58, 15],
    [18, 65, 17],
    [20, 63, 17],
    [15, 70, 15],
    [14, 29, 57],
    [16, 16, 68],
    [28, 25, 47],
    [18, 14, 68],
    [18, 24, 58],
    [15, 24, 61],
    [9, 15, 76],
    [13, 18, 69],
    [15, 13, 72],
    [12, 18, 70],
    [12, 22, 66],
    [17, 20, 63],
    [18, 12, 70],
    [17, 19, 64],
    [24, 14, 62],
    [16, 15, 69],
    [15, 20, 65]
  ],
  "method": "mvn_pdf",
  "cond_prob": [
    [
      [0.023683637053, 0.8233965789, 0.057707749269, 0.080788603381, 0.014423431399],
      [0.056651266745, 0.017764707873, 0.56790989924, 0.18051146079, 0.17716266535],
      [0.12694492411, 0.052704398825, 0.018446752269, 0.72423508708, 0.077668837715]
    ],
    [
      [0.013144945194, 0.83849908842, 0.091644706554, 0.032705813447, 0.024005446384],
      [0.023074239409, 0.013565946972, 0.68669690859, 0.05361231695, 0.22305058808],
      [0.12239029968, 0.093719992496, 0.050551382487, 0.5038606491, 0.22947767624]
    ],
    [
      [0.010261125765, 0.84531043242, 0.044142124935, 0.079102396364, 0.021183920518],
      [0.026788257537, 0.019801814823, 0.47118475029, 0.19396439801, 0.28826077935],
      [0.057120535726, 0.056882523912, 0.015012518994, 0.74930929621, 0.12167512516]
    ],
    [
      [0.0088948313578, 0.87755507849, 0.034695067827, 0.060820246631, 0.018034775692],
      [0.028720167682, 0.025374391855, 0.45737939488, 0.18435648851, 0.30416955707],
      [0.061957572531, 0.073786527934, 0.014761455395, 0.71990970788, 0.12958473626]
    ],
    [
      [0.017377011535, 0.86914185679, 0.056583761083, 0.046802660155, 0.010094710439],
      [0.048766823445, 0.021965184948, 0.66172524718, 0.1225212782, 0.14502146622],
      [0.14633320752, 0.08685696624, 0.028291649449, 0.65327484834, 0.08524332845]
    ],
    [
      [0.013392788614, 0.82606980871, 0.067941429231, 0.061518828135, 0.031077145312],
      [0.025614660821, 0.014303815015, 0.53765685806, 0.11027015708, 0.31215450903],
      [0.082296411516, 0.06116551627, 0.025232351926, 0.6343920631, 0.19691365719]
    ],
    [
      [0.014579429223, 0.82954207606, 0.042491158258, 0.082276746526, 0.03111058993],
      [0.033490872301, 0.017146028227, 0.39637755149, 0.17728311449, 0.37570243349],
      [0.073422045516, 0.050463879008, 0.013023643454, 0.70149135326, 0.16159907876]
    ],
    [
      [0.023349707456, 0.88783225389, 0.039531826246, 0.03136603394, 0.017920178471],
      [0.07376596126, 0.025160981127, 0.51415326343, 0.092135395496, 0.29478439869],
      [0.22226948066, 0.09920493525, 0.02213024748, 0.48481304704, 0.17158228958]
    ],
    [
      [0.019213816084, 0.86842416424, 0.049545551005, 0.051984876546, 0.010831592124],
      [0.056989200765, 0.023275367045, 0.61106282478, 0.14384323808, 0.16482936933],
      [0.14828567891, 0.079666774598, 0.022619607547, 0.6657104822, 0.083717456749]
    ],
    [
      [0.016463445963, 0.81175298281, 0.044550842445, 0.10081754257, 0.026415186204],
      [0.03746307815, 0.016802982752, 0.41369125802, 0.21546086904, 0.31658181204],
      [0.072142996046, 0.043303674006, 0.011802059694, 0.75373582004, 0.11901545022]
    ],
    [
      [0.016711098569, 0.81153509809, 0.074955418688, 0.064876531047, 0.031921853606],
      [0.029612478189, 0.01307812727, 0.55328318125, 0.10766315491, 0.29636305838],
      [0.097176127008, 0.056707513008, 0.026066202068, 0.62928539874, 0.19076475918]
    ],
    [
      [0.023003554298, 0.87432766899, 0.041817737163, 0.043584337502, 0.017266702045],
      [0.069154810123, 0.023602087473, 0.51566085314, 0.12200516838, 0.26957708088],
      [0.18452946117, 0.082815458863, 0.019843462751, 0.57351063581, 0.1393009814]
    ],
    [
      [0.011140133775, 0.87282653955, 0.047547487103, 0.058379989612, 0.010105849962],
      [0.034427143508, 0.024361962279, 0.61157561859, 0.16904768938, 0.16058758624],
      [0.083543896996, 0.078725226015, 0.02143451557, 0.73937695738, 0.076919404034]
    ],
    [
      [0.0050361605824, 0.89556507928, 0.025385614615, 0.057960615122, 0.016052530398],
      [0.01961025033, 0.031558014523, 0.40541705043, 0.21286459107, 0.33055009365],
      [0.037440299227, 0.081674703729, 0.011590274073, 0.74451067816, 0.12478404481]
    ],
    [
      [0.012246413282, 0.88443649044, 0.044032118694, 0.040848309323, 0.018436668262],
      [0.036459484913, 0.023585807227, 0.54024779352, 0.11368061831, 0.28602629604],
      [0.10920233373, 0.093933715693, 0.023610306969, 0.60530307161, 0.167950572]
    ],
    [
      [0.012490024385, 0.8787480417, 0.040379192841, 0.045820439295, 0.022562301779],
      [0.036059780167, 0.022654199541, 0.47735541041, 0.1237257316, 0.34020487829],
      [0.10011078402, 0.083899728432, 0.019529755146, 0.61109786718, 0.18536186523]
    ],
    [
      [0.089299388366, 0.76686517212, 0.057749134827, 0.067201808866, 0.018884495822],
      [0.18370065379, 0.013890192217, 0.47704345394, 0.12779057561, 0.19757512444],
      [0.39186844572, 0.038686513408, 0.014834855831, 0.47337881451, 0.081231370526]
    ],
    [
      [0.014137274839, 0.86974560939, 0.045021270736, 0.048436721045, 0.022659123988],
      [0.03917572477, 0.018947457263, 0.49710468597, 0.12509127709, 0.3196808549],
      [0.10907281035, 0.071658236241, 0.021246615122, 0.6200152992, 0.17800703908]
    ],
    [
      [0.0043499094799, 0.93072484015, 0.025270158873, 0.03189657981, 0.0077585116923],
      [0.023968039958, 0.039050043709, 0.5558126815, 0.16436267093, 0.2168065639],
      [0.056164107609, 0.12649514443, 0.020157906155, 0.69447311965, 0.10270972216]
    ],
    [
      [0.010148394576, 0.89436666701, 0.042526261114, 0.035736676133, 0.017222001166],
      [0.032853609365, 0.023368728716, 0.55129793685, 0.10788823915, 0.28459148592],
      [0.10198938528, 0.098671615773, 0.026157867136, 0.59664827159, 0.17653286022]
    ],
    [
      [0.031023063761, 0.79337579153, 0.05345281186, 0.089368136549, 0.032780196303],
      [0.062119390209, 0.012829494767, 0.42456568306, 0.16668246351, 0.33380296845],
      [0.13833586735, 0.038414570466, 0.014521672036, 0.66055513818, 0.14817275197]
    ],
    [
      [0.015212791521, 0.86679308656, 0.052951526531, 0.05106766966, 0.01397492573],
      [0.043063554089, 0.019865581808, 0.60157115335, 0.13467496417, 0.20082474658],
      [0.12005742183, 0.075031516885, 0.02548735871, 0.66757780164, 0.11184590093]
    ],
    [
      [0.017094971869, 0.87244740093, 0.039496105369, 0.05214457952, 0.01881694231],
      [0.05247219611, 0.021676445779, 0.48281836034, 0.14912530327, 0.2939076945],
      [0.12698923395, 0.070993395287, 0.017892676873, 0.642269448, 0.14185524589]
    ],
    [
      [0.024271388838, 0.85235951506, 0.050434530728, 0.053924790281, 0.019009775096],
      [0.063947516706, 0.018308497949, 0.53110417461, 0.13213130053, 0.2545085102],
      [0.16793056623, 0.064738765092, 0.021168429839, 0.6133565308, 0.13280570803]
    ],
    [
      [0.014302556791, 0.88397527406, 0.050316472465, 0.036839251032, 0.01456644565],
      [0.043080663878, 0.021700186605, 0.60865957984, 0.10328634354, 0.22327322614],
      [0.13941138912, 0.09499128005, 0.029827755078, 0.59194305304, 0.14382652271]
    ],
    [
      [0.032530689275, 0.78816730846, 0.048883186323, 0.10518620885, 0.0252326071],
      [0.070928678522, 0.013795077712, 0.42280253296, 0.21360681041, 0.2788669004],
      [0.13332105085, 0.034876392652, 0.012208752677, 0.71493198492, 0.1046618189]
    ],
    [
      [0.018560358988, 0.88291148242, 0.039764209168, 0.045596673563, 0.013167275857],
      [0.063444213035, 0.023805429278, 0.54013829965, 0.14501746697, 0.22759459108],
      [0.15600113815, 0.079203490565, 0.020289997834, 0.63291785584, 0.11158751761]
    ],
    [
      [0.019492359671, 0.88739313961, 0.041710375128, 0.034637481311, 0.016766644278],
      [0.06270914921, 0.023395278894, 0.53575911886, 0.10353795501, 0.27459849803],
      [0.18490407466, 0.092820725071, 0.023919750012, 0.53809791278, 0.16025753748]
    ],
    [
      [0.016395710971, 0.81199435989, 0.073587751193, 0.068046063711, 0.029976114233],
      [0.030633228016, 0.012500871518, 0.55182110056, 0.11867047706, 0.28637432285],
      [0.094225901182, 0.052004285127, 0.02592319848, 0.65175315686, 0.17609345835]
    ],
    [
      [0.012325729436, 0.89363261984, 0.037583671404, 0.044301990033, 0.012155989291],
      [0.045046305844, 0.027140160184, 0.55055424121, 0.15102090556, 0.2262383872],
      [0.11124535654, 0.090811803985, 0.020703261338, 0.66579845961, 0.11144111853]
    ],
    [
      [0.010239659733, 0.88786077627, 0.032841935936, 0.050487908109, 0.018569719951],
      [0.035246475706, 0.024735158668, 0.45124819275, 0.1622944984, 0.32647567448],
      [0.081605224237, 0.0780323085, 0.016091408251, 0.67278899584, 0.15148206317]
    ],
    [
      [0.012988304766, 0.81596477627, 0.060465680755, 0.088703355514, 0.021877882698],
      [0.028430224302, 0.014768590341, 0.53078242985, 0.18167361539, 0.24434514012],
      [0.065629432233, 0.046323516841, 0.018836743965, 0.75580774088, 0.11340256608]
    ],
    [
      [0.018501887849, 0.78597517943, 0.067423677792, 0.093417138494, 0.034682116431],
      [0.033140312344, 0.01141544989, 0.48207246884, 0.1563161849, 0.31705558403],
      [0.082864261389, 0.038625861315, 0.018565209809, 0.7009365535, 0.15900811399]
    ],
    [
      [0.016845551521, 0.88610306132, 0.03232799239, 0.044127995944, 0.020595398821],
      [0.055601283295, 0.024684710465, 0.4351498994, 0.13570125851, 0.34886284833],
      [0.13770380518, 0.082572468609, 0.016118896196, 0.59181339348, 0.17179143653]
    ],
    [
      [0.018735379013, 0.88728043059, 0.02310272336, 0.056820081738, 0.014061385298],
      [0.076091166276, 0.030845439396, 0.38605844671, 0.21513836393, 0.29186658369],
      [0.13570682847, 0.074136314532, 0.010167340815, 0.67634051653, 0.10364899966]
    ],
    [
      [0.020731280206, 0.87764425137, 0.038160841966, 0.053808475409, 0.009655151052],
      [0.072945443075, 0.026648953843, 0.55137351917, 0.1763956248, 0.17263645912],
      [0.15780371744, 0.077223946554, 0.017513385097, 0.67332301665, 0.074135934257]
    ],
    [
      [0.015274761322, 0.7009939504, 0.14675648584, 0.10280424842, 0.034170554008],
      [0.016504508262, 0.0066759995325, 0.68375762105, 0.10396488068, 0.18909699048],
      [0.064133721497, 0.034754835445, 0.037335550911, 0.71621599593, 0.14755989622]
    ],
    [
      [0.01282573045, 0.88050221184, 0.0335377092, 0.052111434287, 0.02102291422],
      [0.040785784388, 0.023932715399, 0.43689761372, 0.15467923474, 0.34370465175],
      [0.096742200363, 0.076700134769, 0.015449699488, 0.64865716007, 0.16245080531]
    ],
    [
      [0.023096425197, 0.86435066063, 0.043754583421, 0.055178765768, 0.013619564984],
      [0.06953183467, 0.022180279031, 0.54475251601, 0.15471632507, 0.20881904521],
      [0.16507265018, 0.070818626559, 0.018960410008, 0.64648304405, 0.098665269209]
    ],
    [
      [0.01222631498, 0.85857931133, 0.03790076272, 0.065960779524, 0.02533283145],
      [0.033063623631, 0.019856939672, 0.42842064934, 0.16662553334, 0.35203325402],
      [0.076648237602, 0.062342500108, 0.014561491879, 0.683120066, 0.16332770442]
    ],
    [
      [0.0092138942886, 0.90566551594, 0.036828181223, 0.031049492351, 0.017242916201],
      [0.031827428055, 0.026651331327, 0.5352484393, 0.10007633369, 0.30619646763],
      [0.10164143121, 0.1152285071, 0.024830464718, 0.56303925852, 0.19526033844]
    ],
    [
      [0.018667985852, 0.84450428648, 0.043053279614, 0.073004007981, 0.020770440072],
      [0.048991954036, 0.019162998274, 0.47414963218, 0.17885324203, 0.27884217348],
      [0.1081444356, 0.056904865032, 0.015137919285, 0.69684683288, 0.12296594721]
    ],
    [
      [0.01242351981, 0.91422896657, 0.034952388561, 0.027611998312, 0.010783126744],
      [0.049899219963, 0.031155398668, 0.59439788795, 0.10331457794, 0.22123291548],
      [0.15301183917, 0.12907947182, 0.026195729174, 0.55640670097, 0.13530625886]
    ],
    [
      [0.014958229846, 0.88455064918, 0.040369014471, 0.050599452053, 0.009522654453],
      [0.052117300381, 0.026168023462, 0.58871363616, 0.16433125933, 0.16866978066],
      [0.12415584547, 0.08420824232, 0.020398262719, 0.69095107045, 0.080286579037]
    ],
    [
      [0.013059299458, 0.83612391601, 0.049445363759, 0.079584977055, 0.021786443718],
      [0.031741237247, 0.01753612868, 0.49843587995, 0.18079447851, 0.27149227562],
      [0.07250551751, 0.054066114339, 0.016762575357, 0.73261867166, 0.12404712113]
    ],
    [
      [0.026662594174, 0.79050923226, 0.054362337918, 0.081443897161, 0.047021938485],
      [0.0461927546, 0.011942406662, 0.39006177257, 0.13174118619, 0.42006187998],
      [0.12047987405, 0.04174078515, 0.014850822068, 0.60490145924, 0.2180270595]
    ],
    [
      [0.038651168771, 0.84572219726, 0.042351844449, 0.053875738205, 0.019399051318],
      [0.10447838904, 0.01963423241, 0.47272401558, 0.13549611347, 0.26766724951],
      [0.24417983626, 0.061381684116, 0.01612204432, 0.55434073676, 0.12397569855]
    ],
    [
      [0.011742360395, 0.89905954963, 0.03455580128, 0.044197529431, 0.01044475926],
      [0.045193022216, 0.030029998338, 0.56090008076, 0.15878849976, 0.20508839892],
      [0.10890784732, 0.097194886269, 0.01938918356, 0.67581170223, 0.098696380615]
    ],
    [
      [0.011262212317, 0.84677354821, 0.065634298688, 0.052103623258, 0.024226317522],
      [0.023908269025, 0.015571727744, 0.59298454215, 0.10336257517, 0.26417288591],
      [0.082773765751, 0.072645268737, 0.029368105546, 0.6321402972, 0.18307256277]
    ],
    [
      [0.016135982985, 0.90935562778, 0.024410513158, 0.035962202582, 0.014135673493],
      [0.070044515986, 0.033524018035, 0.43672666634, 0.1454069576, 0.31429784204],
      [0.15928687805, 0.10286307316, 0.014655512545, 0.58109747086, 0.14209706538]
    ]
  ],
  "expected_outcome": [
    [
      [1.5868036825, 1.0384506703, 0.61566754589, 0.55147954418, 1.1468827613, 0.8571384713, 0.93308347025, 1.5410806921, 1.3449671259, 1.2018315553, 1.086221407, 1.541238138, 0.74638896295, 0.35253124077, 0.74703121018, 0.72442141433, 4.8221669718, 0.16964729806, 0.043499094799, 0.19281949695, 0.49636902017, 0.22819187282, 0.32480446551, 0.41261361025, 0.27174857903, 0.39036827129, 0.27840538483, 0.4678166321, 0.31151850846, 0.33279469477, 0.18431387519, 0.25976609532, 0.27752831774, 0.23583772129, 0.2997660642, 0.58047584576, 0.27494570379, 0.2308631481, 0.34644637796, 0.11003683482, 0.11978062575, 0.28001978778, 0.14908223772, 0.17949875815, 0.22200809079, 0.47992669513, 0.65706986911, 0.28181664948, 0.18019539708, 0.24203974478],
      [55.1675707862, 66.2414279852, 50.7186259451, 54.4084148665, 57.3633625479, 52.8684677573, 53.0906928681, 58.5969287566, 60.7896914969, 59.2579677455, 52.7497813759, 58.5799538225, 58.4793781497, 62.6895555497, 53.9506259168, 50.9673864186, 41.4107192944, 10.4369473127, 9.3072484015, 16.9929666732, 12.6940126644, 13.0018962984, 16.5765006177, 14.490111756, 16.7955302072, 9.4580077015, 13.2436722363, 21.2974353507, 15.4278928379, 24.1280807356, 15.9814939729, 16.3192955254, 11.7896276915, 12.4054428585, 14.1964868895, 24.5740390383, 12.6178911072, 15.8490398132, 12.9652599094, 7.7272138019, 11.7736517072, 12.6675642972, 10.9707475989, 10.6146077901, 14.2141065722, 14.2291661807, 14.3772773534, 21.5774291912, 13.5483767714, 13.6403344167],
      [3.866419201, 7.2399318178, 2.6485274961, 2.1510942053, 3.7345282315, 4.3482514708, 2.7194341285, 2.6091005322, 3.4681885704, 3.2522114984, 4.8721022147, 2.8017883899, 3.1856816359, 1.7769930231, 2.6859592404, 2.3419931848, 3.1184532806, 0.54025524883, 0.25270158873, 0.80799896116, 0.85524498977, 0.79427289796, 0.75042600201, 0.85738702238, 0.95601297683, 0.58659823588, 0.59646313752, 1.0010490031, 1.3981672727, 1.0147591279, 0.59115484684, 1.2093136151, 1.0113551669, 0.45259189346, 0.36964357376, 1.0685035751, 2.6416167452, 0.60367876561, 0.65631875132, 0.34110686448, 0.4787663559, 0.64579919421, 0.41942866273, 0.48442817365, 0.84057118391, 0.97852208252, 0.71998135563, 0.82933923073, 1.050148779, 0.36615769737],
      [5.4128364265, 2.5837592623, 4.7461437818, 3.7708552911, 3.0889755702, 3.9372050007, 5.2657117777, 2.07015824, 3.6389413582, 7.3596806079, 4.216974518, 2.9201506127, 3.911459304, 4.0572430586, 2.4917468687, 2.6575854791, 3.6288976788, 0.58124065254, 0.3189657981, 0.67899684652, 1.4298901848, 0.7660150449, 0.99074701088, 0.91672143478, 0.69994576962, 1.2622345062, 0.68395010345, 0.83129955148, 1.2928752105, 1.1961537309, 0.90878234596, 1.7740671103, 1.4012570774, 0.61779194321, 0.90912130781, 1.5066373114, 1.8504764716, 0.93800581717, 0.82768148652, 0.59364701572, 0.40364340056, 1.0950601197, 0.33134397975, 0.60719342463, 1.3529446099, 1.4659901489, 0.91588754948, 1.0607407064, 0.83365797213, 0.53943303873],
      [0.96636990372, 1.8964302644, 1.2710352311, 1.1181560929, 0.666250889, 1.9889372999, 1.9910777555, 1.1827317791, 0.7582114487, 1.9283085929, 2.0749204844, 1.156869037, 0.67709194749, 1.1236771278, 1.124636764, 1.3086135032, 1.0197627744, 0.27190948785, 0.077585116923, 0.32721802216, 0.52448314085, 0.20962388595, 0.35752190388, 0.32316617663, 0.27676246735, 0.3027912852, 0.19750913786, 0.40239946267, 0.56954617043, 0.32821171084, 0.33425495911, 0.43755765395, 0.52023174647, 0.28833558349, 0.22498216477, 0.27034422946, 0.61506997214, 0.37841245596, 0.20429347477, 0.22799548305, 0.22415791061, 0.31155660107, 0.12939752092, 0.11427185344, 0.3703695432, 0.84639489273, 0.32978387241, 0.25067422223, 0.38762108034, 0.21203510239]
    ],
    [
      [0.96307153466, 0.23074239409, 0.56255340828, 0.60312352133, 0.78026917512, 0.43544923396, 0.66981744603, 0.95895749639, 0.74085960995, 0.48702001594, 0.35534973827, 1.0373221518, 0.51640715262, 0.25493325429, 0.65627072843, 0.68513582317, 5.5110196137, 2.8598279082, 1.8215710368, 2.2011918274, 4.4104767048, 2.7130039076, 3.5156371394, 3.9647460358, 2.6710011605, 4.894078818, 4.6314275515, 3.9506764002, 1.9605265931, 2.6126857389, 2.2910209209, 1.791104131, 2.3198218641, 1.6124372156, 1.2174586604, 1.8236360769, 0.23106311566, 0.97885882532, 1.6687640321, 0.49595435447, 0.57289370499, 0.63689540247, 0.89818595933, 1.1465806084, 0.63482474493, 0.5543130552, 1.9850893917, 0.63270231103, 0.35862403537, 1.4008903197],
      [0.30200003384, 0.13565946972, 0.41583811128, 0.53286222896, 0.35144295917, 0.24316485526, 0.34292056453, 0.32709275465, 0.30257977159, 0.21843877577, 0.15693752724, 0.35403131209, 0.36542943418, 0.4102541888, 0.42454453009, 0.43042979128, 0.41670576652, 1.3831643802, 2.9678033219, 1.565704824, 0.91089412846, 1.2515316539, 1.4523218672, 1.1351268729, 1.3454115695, 0.9518603621, 1.7377963373, 1.4739025704, 0.80005577713, 1.5741292907, 1.6077853134, 0.93042119149, 0.79908149233, 0.71585660348, 0.49352703033, 0.66622384608, 0.093463993455, 0.57438516958, 0.53232669674, 0.29785409509, 0.47972396389, 0.24911897756, 0.56079717602, 0.57569651617, 0.3507225736, 0.14330887994, 0.37305041578, 0.42041997673, 0.23357591615, 0.6704803607],
      [9.6544682871, 6.8669690859, 9.894879756, 9.6049672925, 10.5876039549, 9.1401665869, 7.9275510298, 6.6839924245, 7.9438167221, 5.3779863543, 6.6393981749, 7.734912797, 9.1736342788, 5.2704216556, 9.7244602833, 9.0697527977, 14.3113036181, 36.2886420759, 42.241763794, 36.9369617691, 30.1441634975, 37.8989826609, 32.3488301426, 32.9284588257, 37.73689395, 29.1733747745, 39.4300958741, 33.7528244884, 35.3165504355, 31.9321459904, 29.3311325285, 33.4392930806, 33.7450728189, 12.6193470827, 6.1769351473, 13.7843379791, 9.5726066947, 10.4855427294, 13.0740603843, 6.4263097401, 9.6344719073, 6.1639452183, 10.699161983, 12.9516999955, 9.968717599, 4.6807412708, 8.9817562959, 7.8526011307, 8.8947681323, 8.7345333269],
      [3.0686948334, 0.5361231695, 4.0732523582, 3.8714862588, 1.9603404512, 1.8745926703, 3.5456622897, 1.1977601415, 1.869962095, 2.8009912975, 1.291957859, 1.8300775257, 2.5357153408, 2.7672396839, 2.0462511295, 2.3507889003, 3.8337172683, 9.1316632278, 12.491562991, 7.2285120228, 11.8344549094, 8.4845227428, 9.9913953191, 8.192140633, 6.4037532994, 14.738869918, 10.5862750885, 6.5228911655, 7.5949105317, 8.7592125223, 10.549142396, 11.4454377696, 10.9421329427, 3.9353364968, 3.4422138228, 4.4098906199, 1.4555083295, 3.7123016337, 3.7131918018, 2.4993830001, 1.8013740064, 2.3250921464, 1.8596624029, 3.6152877054, 3.6158895702, 1.5808942343, 2.5744261559, 2.2230389966, 1.5504386276, 2.9081391519],
      [3.011765311, 2.2305058808, 6.0534763663, 6.3875606984, 2.3203434596, 5.3066266535, 7.5140486699, 3.832197183, 2.1427818013, 4.1155635565, 3.5563567006, 4.0436562133, 2.4088137936, 4.2971512175, 5.1484733287, 6.4638926875, 5.9272537333, 23.3367024079, 16.4772988563, 19.0676295567, 23.7000107598, 12.6519590347, 19.6918155318, 15.7795276327, 13.8429400206, 19.2418161274, 16.6144051485, 17.2997053756, 18.3279566626, 13.1218264577, 21.2209188412, 15.3937438274, 22.1938908821, 10.1170226015, 4.6698653391, 4.315911478, 2.6473578667, 8.248911642, 5.0116570851, 5.2804988103, 5.5115364174, 3.6249482552, 3.9821924787, 3.7107351746, 5.4298455123, 5.0407425598, 5.0856777407, 2.8712375849, 3.9625932886, 6.2859568408]
    ],
    [
      [2.0311187858, 1.3462932965, 1.0852901788, 1.053278733, 2.6339977354, 1.5636318188, 1.1747527283, 4.6676590938, 2.5208565414, 1.0100019446, 2.2350509212, 3.3215303011, 1.5037901459, 0.63648508686, 2.2932490083, 2.3025480324, 6.2698951316, 1.6360921553, 0.78629750653, 1.4278513939, 1.7983662755, 2.6412632803, 1.7778492753, 3.5265418909, 2.6488163934, 2.5330999662, 1.8720136578, 2.4037529706, 1.6018403201, 1.6686803481, 1.387288812, 1.115700348, 1.2429639208, 7.8491168953, 9.2280643357, 7.4167747198, 4.3610930618, 5.611047621, 10.0694316608, 5.8252660577, 7.0132587537, 7.7863993631, 10.7108287418, 8.1942858009, 4.5678476032, 8.4335911833, 15.6275095203, 6.752286534, 5.7113898368, 10.3536470735],
      [0.84327038121, 1.0309199175, 1.0807679543, 1.2543709749, 1.5634253923, 1.1621448091, 0.80742206413, 2.0833036403, 1.3543351682, 0.60625143609, 1.3042727992, 1.4906782595, 1.4170540683, 1.3884699634, 1.9726080296, 1.9296937539, 0.61898421453, 1.0748735436, 1.770932022, 1.3814026208, 0.49938941605, 1.6506933715, 0.99390753402, 1.3595140669, 1.804834321, 0.66265146038, 0.95044188678, 1.2066694259, 0.88407284715, 1.3621770598, 1.3265492445, 0.7874997863, 0.57938791972, 4.7066307107, 5.0412693882, 3.6295254881, 2.3633288103, 4.4486078166, 4.3199362201, 4.7380300082, 7.9507669902, 4.0971502823, 9.0355630276, 5.5577439931, 3.4061652033, 2.9218549605, 3.9284277834, 6.0260829487, 5.0125235428, 6.6860997555],
      [0.2951480363, 0.55606520735, 0.28523786088, 0.25094474172, 0.50924969008, 0.47941468659, 0.20837829527, 0.46473519707, 0.38453332829, 0.16522883571, 0.59952264756, 0.35718232951, 0.38582128026, 0.19703465923, 0.49581644634, 0.44918436836, 0.2373576933, 0.31869922682, 0.28221068617, 0.36621013991, 0.18878173647, 0.56072189162, 0.25049747622, 0.44453702661, 0.56672734648, 0.23196630087, 0.24347997401, 0.31095675015, 0.44069437416, 0.31054892008, 0.27355394026, 0.32022464741, 0.27847814713, 0.91877708318, 0.69137917544, 0.82312909955, 2.5388174619, 0.89608257031, 1.1565850105, 1.1066733828, 1.7133020656, 1.0899301885, 1.8337010422, 1.3462853394, 1.0560422475, 1.0395575448, 1.0318108365, 1.2021293807, 2.0263992827, 0.95260831541],
      [11.5877613933, 5.5424671401, 14.236876628, 12.238465034, 11.7589472701, 12.0534491988, 11.2238616522, 10.1810739878, 11.3170781974, 10.5523014805, 14.473564171, 10.3231914446, 13.3087852329, 12.6566815288, 12.7113645038, 14.0552509451, 7.5740610322, 9.300229488, 9.722623675, 8.3530758023, 8.5872167964, 14.6867116361, 8.991772272, 12.8804871468, 11.2469180077, 13.5837077134, 7.5950142701, 6.9952728661, 11.0798036666, 9.9869768941, 11.4374129294, 12.848731595, 10.5140483025, 33.7333634286, 45.9911551238, 31.6461817826, 48.7026877231, 37.6221152841, 39.4354656869, 51.9171250157, 38.8497088381, 50.1729719671, 38.9484690682, 45.60277065, 46.1549763148, 42.3431021466, 35.4778071528, 41.9003255385, 43.6176805065, 37.7713356056],
      [1.2427014034, 2.5242544386, 2.311827378, 2.2029405163, 1.5343799121, 3.7413594866, 2.5855852601, 3.6032280811, 1.4231967647, 1.6662163031, 4.3875894611, 2.5074176653, 1.3845492726, 2.1213287617, 3.526962012, 4.2633229002, 1.2997019284, 2.6701055862, 1.4379361103, 2.4714600431, 1.9262457756, 2.4606098205, 1.9859734425, 2.7889198687, 2.7327039315, 1.9885745591, 1.3390502113, 2.0833479873, 2.993588792, 1.6716167779, 2.5751950739, 1.9278436234, 2.3851217098, 9.7921118821, 7.0481319769, 3.4843889101, 10.0340729429, 9.422146708, 6.0185814218, 12.4129055356, 13.4729633524, 8.853548199, 9.4714381203, 5.2989142164, 7.8149686312, 15.2618941648, 7.934444707, 6.1191755981, 12.6320068312, 9.23630925]
    ]
  ],
  "prob": [
    [0.018234934908, 0.85326175806, 0.049533562204, 0.058707658517, 0.020262086309],
    [0.048483500323, 0.021759162184, 0.51483410502, 0.14590847387, 0.26901475861],
    [0.12200970624, 0.074222894064, 0.020573089803, 0.64425499286, 0.13893931703]
  ],
  "iterations": 18,
  "time": 0.002599,
  "message": "Converged",
  "status": 0,
  "miniter": 0,
  "maxiter": 1000,
  "maxtime": 3600,
  "param_threshold": 0.001,
  "ll_threshold": "-Inf",
  "initial_prob": "group_proportional",
  "ballotbox_id": ["1", "2", "3", "4", "5", "6", "7", "8", "9", "10", "11", "12", "13", "14", "15", "16", "17", "18", "19", "20", "21", "22", "23", "24", "25", "26", "27", "28", "29", "30", "31", "32", "33", "34", "35", "36", "37", "38", "39", "40", "41", "42", "43", "44", "45", "46", "47", "48", "49", "50"],
  "candidates_id": ["1", "2", "3", "4", "5"],
  "group_id": ["1", "2", "3"]
}
