{
  "X": [
    [1, 21, 53, 16, 9],
    [5, 25, 40, 15, 15],
    [4, 23, 43, 16, 14],
    [7, 22, 51, 10, 10],
    [6, 20, 55, 14, 5],
    [5, 26, 34, 19, 16],
    [5, 17, 47, 13, 18],
    [4, 20, 47, 11, 18],
    [2, 19, 47, 18, 14],
    [5, 27, 44, 10, 14],
    [3, 17, 39, 17, 24],
    [6, 21, 47, 11, 15],
    [5, 24, 39, 17, 15],
    [4, 30, 42, 11, 13],
    [7, 19, 45, 11, 18],
    [4, 29, 45, 13, 9],
    [7, 17, 35, 23, 18],
    [13, 10, 26, 39, 12],
    [18, 15, 34, 24, 9],
    [12, 21, 31, 26, 10],
    [11, 16, 31, 29, 13],
    [8, 17, 32, 33, 10],
    [4, 21, 33, 32, 10],
    [6, 14, 38, 29, 13],
    [12, 16, 29, 30, 13],
    [6, 14, 38, 28, 14],
    [13, 14, 34, 29, 10],
    [12, 22, 27, 24, 15],
    [10, 21, 29, 27, 13],
    [7, 18, 34, 28, 13],
    [7, 21, 27, 28, 17],
    [6, 16, 31, 33, 14],
    [11, 21, 30, 26, 12],
    [7, 17, 41, 22, 13],
    [4, 12, 56, 16, 12],
    [6, 15, 54, 11, 14],
    [2, 15, 46, 15, 22],
    [8, 17, 45, 12, 18],
    [7, 19, 41, 12, 21],
    [3, 17, 52, 13, 15],
    [3, 22, 48, 13, 14],
    [3, 12, 51, 16, 18],
    [2, 20, 49, 11, 18],
    [4, 11, 59, 8, 18],
    [5, 18, 53, 16, 8],
    [5, 9, 59, 10, 17],
    [5, 15, 47, 7, 26],
    [3, 12, 46, 15, 24],
    [6, 12, 48, 10, 24],
    [3, 6, 62, 9, 20]
  ],
  "W": [
    [68, 14, 18],
    [64, 16, 20],
    [64, 19, 17],
    [67, 20, 13],
    [65, 19, 16],
    [59, 19, 22],
    [76, 6, 18],
    [68, 16, 16],
    [73, 14, 13],
    [67, 18, 15],
    [64, 14, 22],
    [67, 20, 13],
    [69, 15, 16],
    [65, 12, 23],
    [72, 21, 7],
    [56, 24, 20],
    [48, 42, 10],
    [14, 73, 13],
    [13, 65, 22],
    [22, 62, 16],
    [16, 70, 14],
    [15, 66, 19],
    [25, 60, 15],
    [17, 67, 16],
    [21, 63, 16],
    [16, 62, 22],
    [17, 74, 9],
    [22, 66, 12],
    [13, 68, 19],
    [24, 58, 18],
    [17, 63, 20],
    [21, 59, 20],
    [17, 66, 17],
    [16, 39, 45],
    [14, 26, 60],
    [16, 16, 68],
    [17, 23, 60],
    [17, 19, 64],
    [14, 18, 68],
    [17, 18, 65],
    [22, 19, 59],
    [13, 19, 68],
    [11, 14, 75],
    [17, 12, 71],
    [17, 22, 61],
    [15, 10, 75],
    [16, 10, 74],
    [17, 19, 64],
    [16, 17, 67],
    [10, 15, 75]
  ],
  "method": "mvn_pdf",
  "cond_prob": [
    [
      [0.009555430469, 0.24183110338, 0.54439497952, 0.11164607483, 0.092572411798],
      [0.057334388179, 0.14733657971, 0.23798255328, 0.49861277548, 0.058733703352],
      [0.0090873250354, 0.1062242844, 0.68936840464, 0.058370822726, 0.13694916321]
    ],
    [
      [0.026765249431, 0.30656981027, 0.4181757681, 0.10686098929, 0.1416281829],
      [0.14991978527, 0.16973290152, 0.16662742302, 0.43207879117, 0.08164109903],
      [0.026644152361, 0.14076163925, 0.55420325014, 0.05851254784, 0.21987841041]
    ],
    [
      [0.019280589576, 0.27813984897, 0.46257621089, 0.10346524006, 0.1365381105],
      [0.11359411513, 0.16360839832, 0.19554517982, 0.44367357814, 0.083578728592],
      [0.018659346647, 0.12424019823, 0.59601478391, 0.055096290608, 0.2059893806]
    ],
    [
      [0.032838792367, 0.25054847385, 0.55275892579, 0.061765159345, 0.10208864865],
      [0.21790054272, 0.16337919462, 0.25851563268, 0.29089372855, 0.06931090143],
      [0.030480073316, 0.10739441481, 0.68308728887, 0.031600077908, 0.1474381451]
    ],
    [
      [0.028305384282, 0.23004916817, 0.58621286329, 0.085135367512, 0.070297216744],
      [0.17604336671, 0.14122792883, 0.25796987987, 0.37977944029, 0.044979384297],
      [0.026412106334, 0.099185040062, 0.72873326036, 0.043738439561, 0.10193115368]
    ],
    [
      [0.025584839209, 0.32877279475, 0.3602369875, 0.13693572883, 0.14846964971],
      [0.12860183552, 0.16401077293, 0.12951823741, 0.50072484768, 0.077144306456],
      [0.026543155227, 0.15721988521, 0.49769596922, 0.078086727548, 0.2404542628]
    ],
    [
      [0.040512790537, 0.20169213473, 0.46790524789, 0.11998764836, 0.16990217848],
      [0.20785819391, 0.10028066324, 0.16709538309, 0.43703871039, 0.087727049367],
      [0.037259250405, 0.085826394477, 0.57260461053, 0.06062876886, 0.24368097573]
    ],
    [
      [0.019136872139, 0.2336180085, 0.49728493956, 0.07215769799, 0.17780248181],
      [0.12903096747, 0.15671252277, 0.23938557397, 0.35099057317, 0.12388036261],
      [0.017307280559, 0.097619385134, 0.59836659138, 0.035946448285, 0.25076029464]
    ],
    [
      [0.013166441348, 0.22047785262, 0.49487082607, 0.13525739997, 0.13622747999],
      [0.070886156354, 0.11983796775, 0.1930546419, 0.53925482018, 0.076966413821],
      [0.012415586377, 0.096128905835, 0.62117819648, 0.070091149021, 0.20018616229]
    ],
    [
      [0.022454515851, 0.31746886, 0.46264683901, 0.063747604127, 0.13368218101],
      [0.15350622994, 0.21485947671, 0.22510258547, 0.31232044248, 0.0942112654],
      [0.021842219028, 0.14237770379, 0.59896814785, 0.034169495676, 0.20264243365]
    ],
    [
      [0.016917323093, 0.20659411759, 0.39675876842, 0.12967788992, 0.25005190097],
      [0.090221757127, 0.11041862643, 0.15238608246, 0.50836892343, 0.13860461055],
      [0.015347134122, 0.086655590218, 0.47885658552, 0.06464667906, 0.35449401108]
    ],
    [
      [0.027051417372, 0.24384902353, 0.51335685362, 0.067318432993, 0.14842427249],
      [0.17923676079, 0.15971140386, 0.24123648589, 0.31876102938, 0.10105432008],
      [0.02478829859, 0.10321716274, 0.62604104913, 0.033994383813, 0.21195910573]
    ],
    [
      [0.028577566358, 0.284627186, 0.41281157629, 0.12922729274, 0.14475637861],
      [0.14698374724, 0.14465759139, 0.15096571222, 0.48083221317, 0.076560735983],
      [0.028396063746, 0.13055330477, 0.54609603564, 0.070585871434, 0.22436872441]
    ],
    [
      [0.021534368333, 0.37287591324, 0.40905192338, 0.080586306917, 0.11595148813],
      [0.13675744614, 0.23384905907, 0.18483392121, 0.36871540413, 0.075844169444],
      [0.022369353618, 0.17832669045, 0.56558154133, 0.046063598937, 0.18765881567]
    ],
    [
      [0.032343788186, 0.2148052828, 0.49750504254, 0.065553416085, 0.1897924704],
      [0.20904872372, 0.13684450957, 0.2272870146, 0.30132871596, 0.12549103614],
      [0.028731301403, 0.088227830371, 0.58792971302, 0.032097796625, 0.26301335858]
    ],
    [
      [0.015293247429, 0.36332615577, 0.46323475895, 0.06822130739, 0.089924530458],
      [0.10627087925, 0.25267852984, 0.2317219838, 0.3440587601, 0.065269847004],
      [0.01565105312, 0.171164963, 0.63146992569, 0.038462116288, 0.1432519419]
    ],
    [
      [0.021823972371, 0.22054605302, 0.44698200636, 0.098432888144, 0.2122150801],
      [0.12853175116, 0.13057158004, 0.18977973139, 0.42078577988, 0.13033115753],
      [0.019762178236, 0.092257759572, 0.53866935559, 0.049102956093, 0.30020775051]
    ],
    [
      [0.033197717426, 0.19644029224, 0.46396050329, 0.14130766905, 0.16509381799],
      [0.16088916776, 0.096043112689, 0.1622528042, 0.497085481, 0.083729434347],
      [0.030803714805, 0.084151744542, 0.57360412059, 0.072233303578, 0.23920711648]
    ],
    [
      [0.054661878393, 0.24840018817, 0.50393890626, 0.084217527752, 0.10878149942],
      [0.29188850066, 0.13251592064, 0.19251421189, 0.32268828344, 0.060393083373],
      [0.051710859433, 0.10827441108, 0.63573210138, 0.043919671771, 0.16036295634]
    ],
    [
      [0.029731196851, 0.31980981952, 0.44558271035, 0.088521046136, 0.11635522715],
      [0.17473531342, 0.18876150776, 0.18886077388, 0.37606990113, 0.07157250382],
      [0.029689578634, 0.14695784906, 0.59339075535, 0.048721781332, 0.18124003562]
    ],
    [
      [0.023612489467, 0.24423067306, 0.48601811867, 0.087979422013, 0.1581592968],
      [0.1441103428, 0.15062586578, 0.21461222566, 0.38932141519, 0.10133015058],
      [0.021880966122, 0.10430966562, 0.60011148936, 0.044942306202, 0.2287555727]
    ],
    [
      [0.019243157027, 0.27212415676, 0.47876878566, 0.11110862461, 0.11875527594],
      [0.11000028107, 0.15733542337, 0.19842130577, 0.4627715804, 0.071471409385],
      [0.018690970938, 0.12173026229, 0.62022521189, 0.059462187811, 0.17989136708]
    ],
    [
      [0.012432816969, 0.30488148555, 0.46085088235, 0.10797337922, 0.11386143591],
      [0.073974398898, 0.18412816248, 0.19975304585, 0.47049734698, 0.071647045789],
      [0.012377967033, 0.13975147774, 0.61186707663, 0.059222401392, 0.1767810772]
    ],
    [
      [0.013278922364, 0.200000712, 0.56056741622, 0.081044445547, 0.14510850387],
      [0.089267037267, 0.13675617397, 0.2737173967, 0.39728961477, 0.10296977729],
      [0.011822887729, 0.082180210423, 0.66483145733, 0.039777898254, 0.20138754626]
    ],
    [
      [0.031807340935, 0.25558114386, 0.4443858255, 0.10940350843, 0.15882218128],
      [0.1716040707, 0.13863445159, 0.17287075426, 0.42735582047, 0.089534902987],
      [0.030289497846, 0.11218963007, 0.56394056805, 0.057406378395, 0.23617392564]
    ],
    [
      [0.014324983321, 0.21075013372, 0.53473393947, 0.086819514235, 0.15337142926],
      [0.093008589725, 0.13892908847, 0.25200211573, 0.4111352334, 0.10492497268],
      [0.012894441488, 0.087518549369, 0.64121297988, 0.043072556315, 0.21530147295]
    ],
    [
      [0.02623317319, 0.20731630792, 0.56138828487, 0.08141896036, 0.12364327366],
      [0.16435253434, 0.13128940461, 0.25384499222, 0.36915192461, 0.081361144222],
      [0.023686813848, 0.086378966933, 0.67548759469, 0.04053305056, 0.17391357397]
    ],
    [
      [0.026303779891, 0.3206324102, 0.39930705293, 0.074151445932, 0.17960531105],
      [0.16454957311, 0.20190144848, 0.18069095973, 0.33522243858, 0.1176355801],
      [0.025600220076, 0.1435579076, 0.51779085323, 0.03979004557, 0.27326097353]
    ],
    [
      [0.02117343811, 0.33090478982, 0.42058670005, 0.081666606855, 0.14566846516],
      [0.13264907388, 0.20922818539, 0.19105828536, 0.37115330903, 0.095911146338],
      [0.021033099759, 0.15109681024, 0.55713550488, 0.044720466331, 0.22601411878]
    ],
    [
      [0.017771805212, 0.2653093199, 0.47371254893, 0.097498198669, 0.14570812729],
      [0.10753685798, 0.1623045999, 0.207787427, 0.42968236663, 0.092688748478],
      [0.016886816069, 0.1161803217, 0.59984431192, 0.051049314, 0.21603923631]
    ],
    [
      [0.016377301356, 0.32107937333, 0.37803702629, 0.08892791337, 0.19557838565],
      [0.10129164711, 0.200858423, 0.17006240631, 0.400562203, 0.12722532059],
      [0.016013242632, 0.14436338802, 0.49257464204, 0.047920050197, 0.29912867711]
    ],
    [
      [0.017014134923, 0.25208949614, 0.44392497578, 0.12530022674, 0.16167116642],
      [0.092794809818, 0.13917692936, 0.17578462149, 0.49949398249, 0.092749656843],
      [0.016260746753, 0.11106474098, 0.56541852606, 0.065958602553, 0.24129738366]
    ],
    [
      [0.024254791813, 0.32282966018, 0.4356768014, 0.081362663721, 0.13587608289],
      [0.1502022698, 0.20142033815, 0.19521218304, 0.36487316006, 0.088292048951],
      [0.023999933223, 0.14691501703, 0.57482420735, 0.044380638412, 0.20988020398]
    ],
    [
      [0.024023061522, 0.289653262, 0.45432379635, 0.11178823353, 0.1202116466],
      [0.13382826332, 0.16141500096, 0.18198386194, 0.45298348184, 0.069789391939],
      [0.023734421742, 0.13172643143, 0.59850543014, 0.060798685452, 0.18523503124]
    ],
    [
      [0.016506966739, 0.21329833127, 0.56788527145, 0.096959267773, 0.10535016277],
      [0.10273053444, 0.13308236954, 0.25396300588, 0.44185336483, 0.068370725299],
      [0.015157611446, 0.090339492808, 0.69489251661, 0.04898866304, 0.1506217161]
    ],
    [
      [0.033897035534, 0.26708093212, 0.49629314764, 0.090780085839, 0.11194879886],
      [0.19759419882, 0.15227154403, 0.20364546722, 0.37992480788, 0.066563982047],
      [0.032522186474, 0.11796131558, 0.6343268513, 0.047900031438, 0.16728961521]
    ],
    [
      [0.011396750704, 0.25560305728, 0.45083360871, 0.09553725778, 0.18662932552],
      [0.07119649072, 0.16116471492, 0.20433112642, 0.44095222909, 0.12235543886],
      [0.010618672118, 0.10967501862, 0.55937998267, 0.04896751691, 0.27135880968]
    ],
    [
      [0.049203895562, 0.29930514139, 0.41728616225, 0.09375865494, 0.14044614586],
      [0.26102038887, 0.15430030245, 0.15510079863, 0.35405050472, 0.075528005322],
      [0.048551643934, 0.13584629256, 0.54856033728, 0.050891512055, 0.21615021417]
    ],
    [
      [0.039683020646, 0.34499249436, 0.36458184967, 0.094539943828, 0.15620269149],
      [0.21735020496, 0.18416330677, 0.14062775823, 0.37077542956, 0.087083300482],
      [0.040512192994, 0.16170291739, 0.49582784373, 0.053073824007, 0.24888322188]
    ],
    [
      [0.015123265501, 0.29416408266, 0.47706330557, 0.096036385295, 0.11761296097],
      [0.093498267246, 0.18184571247, 0.21228671166, 0.43654777232, 0.075821536309],
      [0.014798053145, 0.13238277177, 0.62185444723, 0.051669148336, 0.17929557952]
    ],
    [
      [0.014177167834, 0.36661087782, 0.42451214848, 0.087530575959, 0.10716922991],
      [0.090359961571, 0.23367618222, 0.19512904775, 0.40948396235, 0.0713508461],
      [0.014718981144, 0.17474965236, 0.58718161119, 0.049985561773, 0.17336419354]
    ],
    [
      [0.016121287881, 0.22540306744, 0.48426248294, 0.13065230294, 0.14356085879],
      [0.087043389883, 0.12192408302, 0.18827932412, 0.52193667058, 0.080816532395],
      [0.015197083534, 0.097966040469, 0.60818402718, 0.067648474539, 0.21100437428]
    ],
    [
      [0.011790047922, 0.37456825998, 0.40157604691, 0.088230380883, 0.12383526431],
      [0.075215780712, 0.23940626457, 0.18543441663, 0.41719415625, 0.082749381844],
      [0.012285064317, 0.17886576759, 0.55723925312, 0.050524444318, 0.20108547065]
    ],
    [
      [0.022374888434, 0.20622497765, 0.55582704299, 0.072692047829, 0.1428810431],
      [0.15005521848, 0.13626022013, 0.2636013667, 0.35191074202, 0.098172452662],
      [0.019978754453, 0.08493609495, 0.66067615701, 0.035713243713, 0.19869574987]
    ],
    [
      [0.022373984377, 0.30562737097, 0.48301745748, 0.11172791338, 0.077253273786],
      [0.12657980209, 0.17160976415, 0.19527563094, 0.46121879372, 0.045316009087],
      [0.022631471142, 0.14217117471, 0.65142503474, 0.062131231245, 0.12164108816]
    ],
    [
      [0.034444641999, 0.18544510357, 0.54257958986, 0.1046429338, 0.13288773077],
      [0.19214683499, 0.10073676418, 0.21173783183, 0.42025736259, 0.075121206408],
      [0.031114457333, 0.077361473557, 0.65264964238, 0.051906498408, 0.18696792832]
    ],
    [
      [0.032189057623, 0.270752819, 0.41948371669, 0.070326699621, 0.20724770707],
      [0.2026501035, 0.16546506136, 0.18480693146, 0.31514053092, 0.13193737276],
      [0.029889738535, 0.11564198838, 0.51832753919, 0.035928205911, 0.30021252798]
    ],
    [
      [0.015767791854, 0.21721289831, 0.44547096308, 0.11555053146, 0.20599781529],
      [0.089434180187, 0.12348306869, 0.18200787048, 0.48339382006, 0.12168106059],
      [0.014410481764, 0.091562860981, 0.54211318152, 0.058035248158, 0.29387822757]
    ],
    [
      [0.032470856836, 0.22103556007, 0.46242334143, 0.080077168132, 0.20399307353],
      [0.19689545429, 0.13143821417, 0.19764209421, 0.34794763431, 0.12607660303],
      [0.029191109677, 0.091618789262, 0.55342443063, 0.039615806058, 0.28614986438]
    ],
    [
      [0.015442420631, 0.14938777842, 0.60253704146, 0.072131730212, 0.16050102928],
      [0.10821443336, 0.10450858213, 0.30152507729, 0.36935119275, 0.11640071447],
      [0.01312827613, 0.058718781871, 0.68186245574, 0.033742138723, 0.21254834754]
    ]
  ],
  "expected_outcome": [
    [
      [0.64976927189, 1.7129759636, 1.2339577328, 2.2001990886, 1.8398499783, 1.5095055133, 3.0789720808, 1.3013073054, 0.96115021838, 1.504452562, 1.082708678, 1.8124449639, 1.9718520787, 1.3997339417, 2.3287527494, 0.856421856, 1.0475506738, 0.46476804396, 0.71060441911, 0.65408633073, 0.37779983148, 0.2886473554, 0.31082042422, 0.22574168018, 0.66795415964, 0.22919973314, 0.44596394422, 0.5786831576, 0.27525469543, 0.42652332509, 0.27841412306, 0.35729683339, 0.41233146081, 0.38436898435, 0.23109753434, 0.54235256855, 0.19374476196, 0.83646622456, 0.55556228904, 0.25709551351, 0.31189769234, 0.20957674246, 0.12969052715, 0.38037310338, 0.38035773442, 0.51666962998, 0.51502492197, 0.26805246151, 0.51953370938, 0.15442420631],
      [16.4445150302, 19.6204678576, 17.8009503341, 16.7867477478, 14.9531959311, 19.3975948902, 15.3286022395, 15.8860245782, 16.094883241, 21.2704136201, 13.2220235259, 16.3378845762, 19.6392758339, 24.2369343606, 15.4659803614, 20.3462647231, 10.5862105449, 2.7501640913, 3.2292024462, 7.0358160293, 3.9076907689, 4.0818623514, 7.6220371388, 3.4000121041, 5.367204021, 3.3720021394, 3.5243772346, 7.0539130243, 4.3017622677, 6.3674236776, 5.4583493465, 5.2938794188, 5.488104223, 4.634452192, 2.9861766378, 4.2732949139, 4.3452519738, 5.0881874037, 4.829894921, 5.0007894053, 8.0654393121, 2.9302398767, 4.1202508597, 3.5058246201, 5.1956653065, 2.7816765535, 4.332045104, 3.6926192713, 3.5365689612, 1.4938777842],
      [37.0188586072, 26.7632491585, 29.604877497, 37.034848028, 38.1038361139, 21.2539822627, 35.5607988398, 33.8153758901, 36.1255703034, 30.9973382136, 25.3925611789, 34.3949091928, 28.4839987642, 26.5883750196, 35.8203630625, 25.9411465014, 21.4551363055, 6.4954470461, 6.5512057814, 9.8028196276, 7.7762898987, 7.181531785, 11.5212720587, 9.5296460758, 9.3321023355, 8.5557430315, 9.5436008429, 8.7847551645, 5.4676271007, 11.3691011743, 6.426629447, 9.3224244913, 7.4065056237, 7.2691807416, 7.9503938002, 7.9406903623, 7.6641713482, 7.0938647582, 5.1041458954, 8.1100761947, 9.3392672665, 6.2954122783, 4.417336516, 9.4490597308, 8.2112967772, 8.138693848, 6.711739467, 7.5730063724, 7.3987734628, 6.0253704146],
      [7.5919330885, 6.8391033147, 6.6217753639, 4.1382656761, 5.5337988882, 8.079208001, 9.1190612754, 4.9067234633, 9.8737901976, 4.2710894765, 8.2993849549, 4.5103350105, 8.9166831988, 5.2381099496, 4.7198459581, 3.8203932138, 4.7247786309, 1.9783073668, 1.0948278608, 1.947463015, 1.4076707522, 1.6666293692, 2.6993344805, 1.3777555743, 2.297473677, 1.3891122278, 1.3841223261, 1.6313318105, 1.0616658891, 2.3399567681, 1.5117745273, 2.6313047616, 1.3831652833, 1.7886117365, 1.3574297488, 1.4524813734, 1.6241333823, 1.593897134, 1.3235592136, 1.63261855, 1.9256726711, 1.6984799383, 0.97053418972, 1.2357648131, 1.8993745275, 1.569644007, 1.1252271939, 1.9643590348, 1.2812346901, 0.72131730212],
      [6.2949240023, 9.0642037056, 8.7384390721, 6.8399394594, 4.5693190884, 8.7597093329, 12.9125655645, 12.090568763, 9.9446060396, 8.9567061278, 16.0033216623, 9.9444262565, 9.9881901244, 7.5368467286, 13.6650578686, 5.0357737057, 10.1863238449, 2.3113134518, 1.4141594925, 2.5598149973, 2.5305487487, 1.7813291391, 2.8465358978, 2.4668445657, 3.3352658068, 2.4539428682, 2.1019356521, 3.9513168431, 1.8936900471, 3.4969950549, 3.3248325561, 3.3950944949, 2.3098934092, 1.9233863456, 1.4749022788, 1.7911807818, 3.1726985338, 2.3875844796, 2.1868376809, 1.9994203365, 2.3577230579, 1.8662911643, 1.3621879074, 2.4289777327, 1.3133056544, 1.9933159615, 3.3159633131, 3.5019628599, 3.2638891765, 1.6050102928]
    ],
    [
      [0.80268143451, 2.3987165643, 2.1582881874, 4.3580108544, 3.3448239675, 2.4434348749, 1.2471491635, 2.0644954796, 0.99240618896, 2.763112139, 1.2631045998, 3.5847352158, 2.2047562086, 1.6410893537, 4.3900231981, 2.550501102, 5.3983335489, 11.7449092468, 18.9727525426, 10.8335894318, 10.0877239962, 7.2600185508, 4.4384639339, 5.9808914969, 10.8110564538, 5.7665325629, 12.1620875412, 10.8602718252, 9.0201370239, 6.2371377631, 6.381373768, 5.4748937793, 9.9133498071, 5.2193022694, 2.6709938955, 3.1615071811, 1.6375192866, 4.9593873886, 3.9123036894, 1.6829688104, 1.7168392699, 1.6538244078, 1.05302093, 1.8006626218, 2.784755646, 1.9214683499, 2.026501035, 1.6992494235, 3.3472227229, 1.6232165004],
      [2.062712116, 2.7157264243, 3.108559568, 3.2675838924, 2.6833306479, 3.1162046857, 0.60168397945, 2.5074003644, 1.6777315485, 3.8674705808, 1.54586077, 3.1942280772, 2.1698638708, 2.8061887089, 2.873734701, 6.0642847162, 5.4840063619, 7.0111472263, 8.6135348417, 11.7032134808, 10.5438106045, 10.3841379425, 11.047689749, 9.1626636562, 8.7339704502, 8.613603485, 9.7154159408, 13.3254955995, 14.2275166064, 9.4136667944, 12.6540806487, 8.211438832, 13.2937423178, 6.2951850374, 3.460141608, 2.4363447045, 3.7067884431, 2.9317057466, 3.3149395219, 3.2732228244, 4.4398474623, 2.3165575773, 3.3516877039, 1.6351226416, 3.7754148114, 1.0073676418, 1.6546506136, 2.346178305, 2.2344496408, 1.567628732],
      [3.3317557459, 2.6660387683, 3.7153584166, 5.1703126536, 4.9014277175, 2.4608465107, 1.0025722985, 3.8301691835, 2.7027649866, 4.0518465384, 2.1334051545, 4.8247297178, 2.2644856833, 2.2180070546, 4.7730273067, 5.5613276112, 7.9707487183, 11.8444547064, 12.5134237726, 11.7093679806, 15.022855796, 13.0958061811, 11.9851827512, 18.3390655792, 10.8908575182, 15.6241311752, 18.7845294243, 11.9256033425, 12.9919634048, 12.051670766, 10.7139315972, 10.3712926678, 12.8840040805, 7.0973706158, 6.603038153, 3.2583274756, 4.6996159076, 2.9469151741, 2.5312996481, 3.8211608098, 3.7074519073, 3.5773071583, 2.5960818328, 3.1632164004, 4.2960638807, 2.1173783183, 1.8480693146, 3.458149539, 3.3599156016, 4.5228761593],
      [6.9805788567, 6.9132606586, 8.4297979847, 5.817874571, 7.2158093655, 9.513772106, 2.6222322624, 5.6158491707, 7.5495674825, 5.6217679647, 7.1171649281, 6.3752205876, 7.2124831975, 4.4245848496, 6.3279030352, 8.2574102424, 17.6730027549, 36.2872401132, 20.9747384238, 23.3163338699, 27.252499063, 30.5429243062, 28.2298408186, 26.6184041893, 26.9234166895, 25.4903844705, 27.3172424212, 22.1246809461, 25.238425014, 24.9215772647, 25.235418789, 29.4701449672, 24.0816285638, 17.6663557918, 11.4881874857, 6.078796926, 10.1419012691, 6.7269595896, 6.6739577321, 7.8578599018, 7.7801952847, 9.9167967411, 5.8407181875, 4.2229289043, 10.1468134619, 4.2025736259, 3.1514053092, 9.1844825812, 5.9151097832, 5.5402678912],
      [0.82227184692, 1.3062575845, 1.5879958433, 1.3862180286, 0.85460830164, 1.4657418227, 0.5263622962, 1.9820858018, 1.0775297935, 1.6958027772, 1.9404645477, 2.0210864016, 1.1484110397, 0.91013003332, 2.635311759, 1.5664763281, 5.4739086161, 6.1122487074, 3.9255504193, 4.4374952369, 7.0931105403, 4.7171130194, 4.2988227473, 6.8989750784, 5.6406988882, 6.5053483063, 6.0207246724, 7.7639482868, 6.521957951, 5.3759474117, 8.0151951971, 5.4722297537, 5.8272752307, 2.7217862856, 1.7776388578, 1.0650237128, 2.8141750937, 1.4350321011, 1.5674994087, 1.3647876536, 1.3556660759, 1.5355141155, 1.1584913458, 1.1780694319, 0.99695219992, 0.75121206408, 1.3193737276, 2.3119401512, 2.1433022514, 1.7460107171]
    ],
    [
      [0.16357185064, 0.53288304722, 0.317208893, 0.39624095311, 0.42259370134, 0.583949415, 0.6706665073, 0.27691648895, 0.1614026229, 0.32763328542, 0.33763695069, 0.32224788167, 0.45433701994, 0.51449513322, 0.20111910982, 0.31302106241, 0.19762178236, 0.40044829246, 1.1376389075, 0.47503325815, 0.30633352571, 0.35512844781, 0.18566950549, 0.18916620366, 0.48463196554, 0.28367771273, 0.21318132464, 0.30720264091, 0.39962889541, 0.30396268924, 0.32026485265, 0.32521493505, 0.40799886479, 1.0680489784, 0.90945668676, 2.2115086802, 0.63712032709, 3.1073052117, 2.7548291236, 0.96187345442, 0.86841988749, 1.0334016803, 0.92137982381, 1.4184915662, 1.3805197397, 2.3335843, 2.2118406516, 0.9222708329, 1.9558043484, 0.98462070975],
      [1.9120371191, 2.815232785, 2.11208337, 1.3961273925, 1.586960641, 3.4588374745, 1.5448751006, 1.5619101621, 1.2496757758, 2.1356655569, 1.9064229848, 1.3418231156, 2.0888528763, 4.1015138803, 0.6175948126, 3.42329926, 0.92257759572, 1.0939726791, 2.3820370438, 2.351325585, 1.4603353186, 2.3128749835, 2.0962721661, 1.3148833668, 1.7950340811, 1.9254080861, 0.7774107024, 1.7226948912, 2.8708393946, 2.0912457906, 2.8872677603, 2.2212948195, 2.4975552896, 5.9276894143, 5.4203695685, 8.0213694593, 6.5805011173, 8.6941627238, 10.9957983825, 8.6048801654, 10.3102294892, 6.6616907519, 13.4149325689, 6.0304627415, 8.6724416576, 5.8021105168, 8.5575071403, 5.8600231028, 6.1384588806, 4.4039086403],
      [12.4086312834, 11.0840650027, 10.1322513265, 8.8801347553, 11.6597321657, 10.9493113228, 10.3068829896, 9.5738654621, 8.0753165543, 8.9845222177, 10.5348448815, 8.1385336387, 8.7375365702, 13.0083754506, 4.1155079911, 12.6293985138, 5.3866935559, 7.4568535677, 13.9861062304, 9.4942520855, 8.401560851, 11.7842790258, 9.1780061495, 10.6373033173, 9.0230490888, 14.1066855574, 6.0793883522, 6.2134902387, 10.5855745928, 10.7971976146, 9.8514928408, 11.3083705212, 9.772011525, 26.9327443561, 41.6935509965, 43.1342258881, 33.5627989603, 35.1078615857, 33.7162933733, 40.4205390697, 34.64371506, 41.3565138481, 41.7929439844, 46.9080071479, 39.7369271193, 48.9487231784, 38.3562379002, 34.6952436174, 37.079436852, 51.1396841805],
      [1.0506748091, 1.1702509568, 0.93663694033, 0.4108010128, 0.69981503297, 1.7179080061, 1.0913178395, 0.57514317257, 0.91118493727, 0.51254243514, 1.4222269393, 0.44192698956, 1.1293739429, 1.0594627756, 0.22468457638, 0.76924232576, 0.49102956093, 0.93903294651, 0.96623277896, 0.77954850131, 0.62919228683, 1.1297815684, 0.88833602088, 0.63644637206, 0.91850205433, 0.94759623893, 0.36479745504, 0.47748054684, 0.84968886029, 0.918887652, 0.95840100395, 1.3191720511, 0.754470853, 2.7359408454, 2.9393197824, 3.2572021378, 2.9380510146, 3.2570567715, 3.6090200325, 3.3584946419, 2.9491481446, 4.6000962687, 3.7893333239, 2.5356403036, 3.790005106, 3.8929873806, 2.6586872374, 3.7142558821, 2.6542590059, 2.5306604042],
      [2.4650849377, 4.3975682083, 3.5018194702, 1.9166958863, 1.6308984589, 5.2899937816, 4.3862575631, 4.0121647143, 2.6024201097, 3.0396365048, 7.7988682437, 2.7554683745, 3.5898995906, 4.3161527604, 1.8410935101, 2.865038838, 3.0020775051, 3.1096925143, 3.5279850394, 2.89984057, 3.2025780178, 3.4179359745, 2.651716158, 3.2222007402, 3.7787828103, 4.7366324049, 1.5652221657, 3.2791316824, 4.2942682569, 3.8887062535, 5.9825735423, 4.8259476731, 3.5679634676, 8.3355764058, 9.0373029659, 11.3756938345, 16.2815285807, 13.8336137072, 16.9240590881, 11.6542126687, 10.2284874187, 14.348297451, 15.0814102991, 14.1073982408, 7.4201063775, 14.0225946243, 22.2157270704, 18.8082065648, 19.1720409132, 15.9411260652]
    ]
  ],
  "prob": [
    [0.023870655341, 0.26547361506, 0.47015661174, 0.096113527573, 0.14438559029],
    [0.13928827161, 0.15960829737, 0.20350647262, 0.40735057376, 0.090246384641],
    [0.0227955365, 0.11771085583, 0.59518326904, 0.050657460723, 0.21365287791]
  ],
  "iterations": 15,
  "time": 0.001833,
  "message": "Converged",
  "status": 0,
  "miniter": 0,
  "maxiter": 1000,
  "maxtime": 3600,
  "param_threshold": 0.001,
  "ll_threshold": "-Inf",
  "initial_prob": "group_proportional",
  "ballotbox_id": ["1", "2", "3", "4", "5", "6", "7", "8", "9", "10", "11", "12", "13", "14", "15", "16", "17", "18", "19", "20", "21", "22", "23", "24", "25", "26", "27", "28", "29", "30", "31", "32", "33", "34", "35", "36", "37", "38", "39", "40", "41", "42", "43", "44", "45", "46", "47", "48", "49", "50"],
  "candidates_id": ["1", "2", "3", "4", "5"],
  "group_id": ["1", "2", "3"]
}
