{
  "X": [
    [45, 33, 51, 612, 67],
    [8, 8, 11, 74, 15],
    [73, 83, 267, 491, 157],
    [63, 61, 275, 692, 154],
    [78, 63, 302, 528, 166],
    [24, 23, 49, 702, 68],
    [33, 18, 59, 859, 65],
    [10, 17, 43, 576, 80],
    [6, 18, 21, 933, 57],
    [19, 20, 51, 734, 58],
    [21, 24, 72, 521, 70],
    [1, 9, 12, 261, 19],
    [5, 11, 21, 830, 57],
    [4, 8, 20, 296, 27],
    [7, 11, 16, 727, 52],
    [27, 21, 67, 479, 77],
    [29, 31, 109, 578, 76],
    [7, 16, 47, 761, 67],
    [11, 23, 32, 748, 71],
    [28, 28, 118, 758, 92],
    [5, 22, 21, 625, 57],
    [15, 23, 63, 463, 49],
    [27, 23, 119, 408, 82],
    [30, 29, 102, 352, 65],
    [5, 10, 27, 174, 30],
    [20, 35, 136, 441, 85],
    [32, 49, 147, 622, 93],
    [18, 12, 68, 395, 43],
    [8, 4, 9, 132, 16],
    [8, 8, 28, 208, 65],
    [83, 129, 250, 1940, 261],
    [4, 4, 7, 75, 15]
  ],
  "W": [
    [23, 607, 35, 36, 55, 52],
    [8, 76, 8, 11, 4, 9],
    [65, 510, 156, 135, 75, 130],
    [61, 662, 166, 111, 79, 166],
    [54, 492, 162, 148, 104, 177],
    [18, 651, 50, 49, 30, 68],
    [19, 821, 48, 41, 35, 70],
    [22, 578, 29, 24, 8, 65],
    [18, 893, 21, 17, 12, 74],
    [15, 702, 46, 33, 13, 73],
    [18, 510, 53, 56, 19, 52],
    [5, 253, 8, 12, 4, 20],
    [13, 794, 26, 17, 4, 70],
    [6, 288, 18, 10, 4, 29],
    [11, 701, 16, 27, 8, 50],
    [22, 454, 47, 45, 36, 67],
    [25, 550, 79, 76, 29, 64],
    [7, 758, 41, 29, 6, 57],
    [24, 728, 27, 36, 9, 61],
    [33, 709, 77, 63, 35, 107],
    [15, 617, 18, 21, 5, 54],
    [20, 425, 52, 33, 20, 63],
    [26, 377, 80, 68, 35, 73],
    [26, 318, 62, 72, 35, 65],
    [8, 160, 16, 28, 6, 28],
    [30, 426, 97, 73, 26, 65],
    [37, 596, 103, 69, 42, 96],
    [14, 348, 61, 42, 16, 55],
    [4, 111, 5, 29, 7, 13],
    [9, 213, 15, 33, 13, 34],
    [118, 1902, 193, 120, 96, 234],
    [5, 78, 6, 0, 5, 11]
  ],
  "method": "mult",
  "cond_prob": [
    [
      [0.00014138615982, 0.73556184606, 0.0032942426137, 0.0021259164212, 0.25887660875],
      [0.0067517508448, 0.014968682011, 0.010067115514, 0.94936104363, 0.018851407995],
      [0.0093641069391, 0.032446174594, 0.7002240365, 0.25171516991, 0.0062505120533],
      [0.04450398196, 0.036614046781, 0.26929118478, 0.23821979585, 0.41137099063],
      [0.69540210193, 0.068104211004, 0.18968366029, 0.031009015011, 0.01580101176],
      [0.01387370492, 0.01531988769, 0.0034340010948, 0.3191829041, 0.6481895022]
    ],
    [
      [0.00028307277007, 0.7204225492, 0.0037470678545, 0.0019541416988, 0.27359316848],
      [0.044369066396, 0.01904015136, 0.018232083165, 0.88841105872, 0.029947640355],
      [0.01672229981, 0.026234063846, 0.74478536285, 0.20647614596, 0.0057821275265],
      [0.082353625811, 0.030447730114, 0.28655771721, 0.20087884913, 0.39976207773],
      [0.83625375947, 0.031146976535, 0.11004891136, 0.014307765675, 0.0082425869597],
      [0.026778116832, 0.013353628326, 0.0037524110013, 0.28293542584, 0.673180418]
    ],
    [
      [0.00015713903287, 0.76246635938, 0.0058998519564, 0.0017300678764, 0.22974658176],
      [0.032075968777, 0.036202659208, 0.11332580209, 0.79613451146, 0.022261058464],
      [0.0069376989735, 0.022759149048, 0.83003451724, 0.13656017912, 0.0037084556196],
      [0.043862913996, 0.034168401617, 0.42640927433, 0.17196802094, 0.32359138911],
      [0.63100041089, 0.058743419814, 0.27801807802, 0.020702473041, 0.011535618233],
      [0.017709512622, 0.018518557603, 0.0070642921604, 0.29836298842, 0.65834464919]
    ],
    [
      [0.00016405705806, 0.72824938543, 0.0075736977328, 0.0024656888316, 0.26154717095],
      [0.013219725292, 0.0067677410908, 0.093970694099, 0.88362782154, 0.0024140179802],
      [0.0056006805518, 0.016804702801, 0.82384713397, 0.15048252121, 0.0032649614715],
      [0.036952625556, 0.026329022584, 0.44170192957, 0.19776057981, 0.29725584248],
      [0.59102311981, 0.050352281475, 0.32035050168, 0.026484381396, 0.011789715642],
      [0.015158153631, 0.014497653484, 0.0074348005539, 0.34857943442, 0.61432995791]
    ],
    [
      [0.00014990192871, 0.74990341709, 0.0073339488366, 0.0021970924542, 0.24041563969],
      [0.015676739759, 0.013504882173, 0.12851961141, 0.84229876666, 0],
      [0.005346659436, 0.01806673897, 0.83334198849, 0.14010849905, 0.0031361140542],
      [0.035991649984, 0.028883491825, 0.45595148902, 0.18788178969, 0.29129157948],
      [0.57612985229, 0.055398908649, 0.33165010498, 0.025232510547, 0.011588623532],
      [0.023550969889, 0.016371516641, 0.0079010424942, 0.34091582482, 0.61126064616]
    ],
    [
      [0.00014530031183, 0.73113270012, 0.0033667683942, 0.0027531082985, 0.26260212287],
      [0, 0.0059012745511, 0, 0.98926235032, 0.0048363751308],
      [0.0088405266073, 0.029501858847, 0.61790628649, 0.33792224713, 0.0058290809167],
      [0.042264691993, 0.033475224472, 0.25402210834, 0.28492066803, 0.38531730717],
      [0.69439872705, 0.06492332847, 0.18656668452, 0.038665608457, 0.015445651508],
      [0.0095945080139, 0.013747101022, 0, 0.3812273625, 0.59543102847]
    ],
    [
      [0.00022376504557, 0.67155153899, 0.0051350074926, 0.0034905548724, 0.3195991336],
      [0.0050422342633, 0.0015024838311, 0.0075046164894, 0.982780184, 0.0031704814141],
      [0.0095304155957, 0.019018390189, 0.70074618243, 0.26573856683, 0.0049664449584],
      [0.049544853564, 0.023468895995, 0.29495147705, 0.27500803156, 0.35702674183],
      [0.72116513766, 0.040443674521, 0.19250650937, 0.03316626425, 0.012718414208],
      [0.016092791019, 0.010233506581, 0.0039227082348, 0.38399355202, 0.58575744215]
    ],
    [
      [0.00016511532382, 0.59570243589, 0.0054239983695, 0.0028059977558, 0.39590245266],
      [0.0050277032987, 0.0034983487528, 0.020010424478, 0.94351491127, 0.027948612196],
      [0.0071150763715, 0.017012018238, 0.75359225551, 0.21606311895, 0.0062175309337],
      [0.035465471436, 0.020088424772, 0.30241576721, 0.21396123119, 0.4280691054],
      [0.66301235552, 0.04275569316, 0.24355377801, 0.031862744124, 0.018815429186],
      [0.011211501274, 0.0085382240396, 0.0039086560097, 0.29124380587, 0.6850978128]
    ],
    [
      [0, 0.70718211523, 0.0029176874983, 0.0034102247922, 0.28648997248],
      [0, 0.0023900563148, 0.0021620882505, 0.99338201171, 0.0020658437257],
      [0, 0.029263130852, 0.58751156823, 0.37670140727, 0.0065238936469],
      [0, 0.031076889282, 0.21204840845, 0.35311479837, 0.40375990389],
      [0.5, 0.09337452211, 0.24108381869, 0.14047713383, 0.025064525362],
      [0, 0.011798304131, 0.0024481772479, 0.4087712536, 0.57698226502]
    ],
    [
      [0.00020542210883, 0.75429148951, 0.0042034481931, 0.0027515658547, 0.23854807433],
      [0.0079799738185, 0.0066749116565, 0.0086321591132, 0.97450667039, 0.0022062850199],
      [0.010700671431, 0.025928901701, 0.70268364512, 0.25615493249, 0.0045318492561],
      [0.057168787947, 0.032849098312, 0.30332480927, 0.27213360991, 0.33452369456],
      [0.73953020483, 0.049280906512, 0.17225830062, 0.028561914652, 0.010368673382],
      [0.019209362972, 0.014827920099, 0.0041732642499, 0.39342743815, 0.56836201453]
    ],
    [
      [0.00015807790549, 0.72234353296, 0.0044161620552, 0.0022509821947, 0.27083124488],
      [0.0085483200432, 0.011885376423, 0.019565758846, 0.94099938048, 0.019001164206],
      [0.0083591473037, 0.025266997719, 0.7483868886, 0.21276548337, 0.0052214830091],
      [0.044128093925, 0.031642001273, 0.31959599148, 0.22344368319, 0.38119023013],
      [0.68186639413, 0.057143447816, 0.21854245095, 0.028230441425, 0.014217265676],
      [0.014766188851, 0.014220114845, 0.0043804785547, 0.32161544252, 0.64501777523]
    ],
    [
      [0, 0.80537302114, 0.002749246074, 0.0020296523863, 0.1898480804],
      [0, 0.010910922516, 0.0056540378842, 0.97796521038, 0.0054698292154],
      [0, 0.037137521276, 0.68595007078, 0.2717474299, 0.0051649780479],
      [0, 0.046144846684, 0.28511168317, 0.29072914735, 0.37801432279],
      [0.25, 0.22941479412, 0.39385683961, 0.098440142535, 0.02828822374],
      [0, 0.022208699545, 0.0035707031144, 0.37540818666, 0.59881241068]
    ],
    [
      [0.00012419717711, 0.63529478066, 0.0034208770541, 0.0038272074716, 0.35733293763],
      [0.0014065745913, 0.0011522163018, 0.0012326042272, 0.99228220551, 0.0039263993739],
      [0.0066990645675, 0.022512752056, 0.59495908236, 0.36880516562, 0.0070239353994],
      [0.029115482687, 0.023168730975, 0.2080461674, 0.31826586421, 0.42140375474],
      [0.6605431664, 0.059210916044, 0.20111567484, 0.056895900135, 0.022234342586],
      [0.0081464808737, 0.008718063765, 0.0023808165078, 0.38358767904, 0.59716695981]
    ],
    [
      [0.00011383636005, 0.73045145358, 0.0039432388421, 0.0024494357054, 0.26304203551],
      [0.0022902685799, 0.007625581499, 0.010416873173, 0.96827765008, 0.011389626671],
      [0.006351354137, 0.025407539065, 0.71880284101, 0.24412426646, 0.0053139993308],
      [0.033140025039, 0.031323379711, 0.29869313835, 0.25224926776, 0.38459418914],
      [0.64699151749, 0.065286447707, 0.23463760697, 0.036687997935, 0.016396429897],
      [0.010552721932, 0.013427879852, 0.0038740739173, 0.34682271372, 0.62532261058]
    ],
    [
      [0.00012513490298, 0.64487752689, 0.0026198655921, 0.0033867128002, 0.34899075981],
      [0, 0.0025534989321, 0.001273168161, 0.98963744161, 0.0065358912957],
      [0.0082368302868, 0.02774086367, 0.55732009269, 0.39833700321, 0.0083652101415],
      [0.032369351397, 0.025833645711, 0.17613114325, 0.31103768152, 0.45462817813],
      [0.69635627159, 0.063489806397, 0.16365843833, 0.05345834703, 0.02303713665],
      [0.008440231421, 0.0093412749738, 0.0019352148046, 0.36055646722, 0.61972681158]
    ],
    [
      [0.0001570984519, 0.66423007333, 0.0053193665221, 0.0027667165715, 0.32752674512],
      [0.0021609465255, 0.0039938021186, 0.016841987781, 0.95864724147, 0.018356022102],
      [0.0069128692707, 0.019416913389, 0.75075987782, 0.21765305924, 0.0052572802842],
      [0.036709812124, 0.024474773689, 0.32259464252, 0.23008139683, 0.38613937484],
      [0.64513837651, 0.050876220299, 0.25393354267, 0.033464031538, 0.016587828988],
      [0.012143972477, 0.010869381325, 0.0043676235366, 0.32724213179, 0.64537689087]
    ],
    [
      [0.0001644492433, 0.74437338144, 0.0051515037462, 0.0024351104, 0.24787555517],
      [0.00877230656, 0.010140067686, 0.025617941939, 0.94660982186, 0.0088598619577],
      [0.0076239417357, 0.023018033248, 0.76335653868, 0.20180746105, 0.0041940252818],
      [0.044045294629, 0.031559927445, 0.35747403732, 0.23205860775, 0.33486213286],
      [0.66244791806, 0.05601887988, 0.24041282126, 0.028826991494, 0.012293389313],
      [0.015787449193, 0.015189087621, 0.0052527989253, 0.35763271646, 0.6061379478]
    ],
    [
      [8.931175972e-05, 0.71649950006, 0.0034637566139, 0.0021928272164, 0.27775460435],
      [0.0025427752966, 0.0098945489199, 0.01085632172, 0.95747968982, 0.019226664244],
      [0.0056889168094, 0.029653656786, 0.70864369473, 0.24956851648, 0.0064452151928],
      [0.027280793774, 0.033693613234, 0.27414983837, 0.23775412144, 0.42712163319],
      [0.59535835259, 0.083730827065, 0.25770829431, 0.041310724934, 0.0218918011],
      [0.0083405687486, 0.013844486735, 0.0034328996101, 0.31298249612, 0.66139954879]
    ],
    [
      [0.00014671736506, 0.67878034137, 0.0033754293781, 0.0027905384426, 0.31490697344],
      [0.0031598946506, 0.0050946349904, 0.005341979321, 0.97418808125, 0.012215409787],
      [0.0088586479873, 0.027259308913, 0.65586528701, 0.30108466235, 0.0069320937406],
      [0.03958095463, 0.028866156006, 0.23629528958, 0.26738645687, 0.42787114291],
      [0.70251301434, 0.058871672181, 0.18242235102, 0.038163347202, 0.018029615252],
      [0.011628860429, 0.011399172583, 0.0028399084574, 0.33812189297, 0.63601016556]
    ],
    [
      [0.00017538260336, 0.6937492095, 0.007318348876, 0.0032611190868, 0.29549593994],
      [0.003391521512, 0, 0.030083473713, 0.96652500478, 0],
      [0.005851784786, 0.01551869497, 0.78052615865, 0.19450186852, 0.003601493071],
      [0.03628659808, 0.022841327694, 0.39239331167, 0.24010534581, 0.30837341674],
      [0.61140868947, 0.045578478897, 0.29673008137, 0.033540089569, 0.01274266069],
      [0.013585760588, 0.0081970669881, 0.011424915191, 0.38643898026, 0.58035327698]
    ],
    [
      [7.6115498274e-05, 0.74817877101, 0.0024451745026, 0.0021454585714, 0.24715448042],
      [0.0013945844423, 0.012677044889, 0.0057501752718, 0.9652078727, 0.014970322701],
      [0.0061361652989, 0.039600470749, 0.63800111154, 0.30900764334, 0.0072546090766],
      [0.026877850835, 0.041065125133, 0.22432973532, 0.26869708974, 0.43903019897],
      [0.60916267044, 0.1044044164, 0.21563164933, 0.04778137031, 0.023019893512],
      [0.0077351939163, 0.015895991755, 0.0026363248849, 0.33316439541, 0.64056809404]
    ],
    [
      [0.00013172009106, 0.77259043878, 0.005049651997, 0.0026755513504, 0.21955263778],
      [0.00083910017583, 0.0067645471206, 0.015071577564, 0.97732477514, 0],
      [0.0060663385297, 0.02354456021, 0.74643496951, 0.22026806296, 0.0036860687865],
      [0.036374071995, 0.033487705005, 0.36173387143, 0.26272944956, 0.30567490201],
      [0.61491901123, 0.066088391197, 0.27026352051, 0.036271979112, 0.012457097954],
      [0.013120219358, 0.016223483781, 0.0053409510045, 0.42434934678, 0.54096599908]
    ],
    [
      [0.00016656304443, 0.67385063183, 0.0070530262763, 0.002866398225, 0.31606338062],
      [0.0049227100709, 0.00065538899814, 0.047848534313, 0.93561676996, 0.010956596659],
      [0.0058634069728, 0.015816032673, 0.79385481577, 0.18040479609, 0.0040609484882],
      [0.035321512783, 0.022614495215, 0.38761720123, 0.21633969549, 0.33810709529],
      [0.60915813652, 0.046130269937, 0.29956659883, 0.030879706773, 0.01426528794],
      [0.012990924093, 0.011166769643, 0.0058429859806, 0.34210518705, 0.62789413324]
    ],
    [
      [0.00016297691836, 0.76155956322, 0.0060502702135, 0.0025187179103, 0.22970847174],
      [0.0088118832684, 0.0085797329161, 0.044711587528, 0.93789679629, 0],
      [0.0066185269556, 0.020604184792, 0.78648318478, 0.18288993087, 0.0034041726068],
      [0.050028429829, 0.030819210706, 0.40147696589, 0.22943301663, 0.28824237695],
      [0.6323404911, 0.055249596042, 0.27263902173, 0.028777406056, 0.010993485073],
      [0.016142629438, 0.016014119992, 0.006365282767, 0.38181184603, 0.57966612177]
    ],
    [
      [0.00010774297079, 0.76048322634, 0.0046118764532, 0.0022858436616, 0.23251131058],
      [0.00059697004514, 0.010885830663, 0.01948758125, 0.96104944434, 0.0079801737023],
      [0.005443528373, 0.024200062463, 0.75964402555, 0.20645109341, 0.0042612902068],
      [0.031681633884, 0.033316638767, 0.35300314238, 0.23825771158, 0.34374087339],
      [0.60338371255, 0.069502872949, 0.27773088465, 0.034680512656, 0.014702017193],
      [0.011040656106, 0.015618470022, 0.0050112244683, 0.3582602022, 0.6100694472]
    ],
    [
      [0.00011943330425, 0.72780437623, 0.0056373002832, 0.002195611502, 0.26424327868],
      [0.0035401827973, 0.014559944719, 0.052011705412, 0.90936593016, 0.02052223691],
      [0.0052762856439, 0.021490049529, 0.79557146994, 0.17340193255, 0.0042602623367],
      [0.031359177997, 0.030307639708, 0.38333322833, 0.20510492228, 0.34989503169],
      [0.57471301098, 0.065374973029, 0.31333838375, 0.030962630453, 0.015611001796],
      [0.01145755604, 0.014870622478, 0.0057436654796, 0.32225492663, 0.64567322937]
    ],
    [
      [0.00012231779754, 0.77637485367, 0.0052827003873, 0.0021522515897, 0.21606787655],
      [0.0049440744759, 0.017773244111, 0.042801943649, 0.92670918902, 0.0077715487419],
      [0.0057058346932, 0.024315415171, 0.78682062706, 0.17947675699, 0.0036813660885],
      [0.035243803634, 0.035653347831, 0.39430863845, 0.22072323368, 0.31407097641],
      [0.58914452306, 0.070742167847, 0.29655084091, 0.030658838848, 0.012903629339],
      [0.013387629807, 0.018182678247, 0.0061419345099, 0.36039593446, 0.60189182298]
    ],
    [
      [0.00025300438523, 0.70767716978, 0.0067051338638, 0.0036997606238, 0.28166493135],
      [0.0064155093725, 0, 0.010812953554, 0.98277153707, 0],
      [0.0087453987732, 0, 0.7430587226, 0.24819587862, 0],
      [0.052319447545, 0.02275285062, 0.35937433664, 0.27197914527, 0.29357421992],
      [0.71033977023, 0.035847996892, 0.21430486821, 0.029963481617, 0.0095438830594],
      [0.030318876934, 0.010242399033, 0.005346148732, 0.47093127357, 0.48316130173]
    ],
    [
      [0.00022958441246, 0.73722242116, 0.0030955198661, 0.0034249988359, 0.25602747572],
      [0.0023148293177, 0, 0, 0.99768517068, 0],
      [0.013413091634, 0.025568093961, 0.59771286472, 0.35790417516, 0.0054017745321],
      [0.062934999559, 0.01714604154, 0.17744827206, 0.47094782473, 0.27152286211],
      [0.80087340027, 0.039744821674, 0.11688428289, 0.032436518819, 0.010060976341],
      [0.018757027753, 0.011370837629, 0.0026818251426, 0.42839866418, 0.5387916453]
    ],
    [
      [0.00010381236646, 0.54182479268, 0.0044948274222, 0.0022524450969, 0.45132412244],
      [0, 0.006108320901, 0.018771455256, 0.89542257533, 0.079697648513],
      [0.0053932358891, 0.017984308554, 0.75887353713, 0.20922688932, 0.0085220291038],
      [0.0071242383098, 0.018515784092, 0.2642844276, 0.18059084535, 0.52948470465],
      [0.59100517586, 0.053540778793, 0.28849202461, 0.036465571721, 0.030496449021],
      [0, 0.0072261437156, 0.0031276792942, 0.22596369941, 0.76368247758]
    ],
    [
      [0.00014469814906, 0.72428318646, 0.0046798960016, 0.0023216226746, 0.26857059672],
      [0.0061366245575, 0.013393969996, 0.020845477866, 0.94198316175, 0.017640765828],
      [0.0073137018007, 0.024873164225, 0.75309428421, 0.20975243767, 0.0049664120931],
      [0.039590847539, 0.031975514383, 0.33146406672, 0.22618188974, 0.37078768162],
      [0.64574902562, 0.062492740052, 0.24575009833, 0.030966852839, 0.015041283164],
      [0.013490226917, 0.014625502563, 0.0046358080002, 0.331099187, 0.63614927552]
    ],
    [
      [0.00013899152112, 0.59865636198, 0.0041028547353, 0.0020787681815, 0.39502302359],
      [0.0044146056205, 0.0076259074313, 0.016453322045, 0.91208201692, 0.059424147985],
      [0.0074219685885, 0.018646236665, 0.76787906537, 0.19856680277, 0.0074859266051],
      [0.034360907048, 0.020366282629, 0.27162529554, 0.18170627896, 0.49194123582],
      [0.7000368751, 0.042402719862, 0.21087858357, 0.026287970044, 0.02039385143],
      [0.010022692453, 0.0080005810165, 0.0031326633413, 0.22948801569, 0.7493560475]
    ]
  ],
  "expected_outcome": [
    [
      [0.003251881676, 0.0022645821606, 0.010214037137, 0.010007480542, 0.0080947041504, 0.0026154056129, 0.0042515358658, 0.003632537124, 0, 0.0030813316324, 0.0028454022988, 0, 0.0016145633025, 0.00068301816028, 0.0013764839328, 0.0034561659417, 0.0041112310824, 0.00062518231804, 0.0035212167615, 0.0057876259108, 0.0011417324741, 0.0026344018212, 0.0043306391553, 0.0042373998773, 0.00086194376631, 0.0035829991274, 0.004525758509, 0.0035420613932, 0.00091833764984, 0.00093431129817, 0.017074381589, 0.0006949576056],
      [16.9179224593, 5.7633803936, 49.5603133594, 44.4232125112, 40.4947845226, 13.1603886022, 12.7594792408, 13.1054535896, 12.7292780742, 11.3143723427, 13.0021835933, 4.0268651057, 8.2588321486, 4.3827087215, 7.0936527958, 14.6130616133, 18.609334536, 5.0154965005, 16.2907281929, 22.8937239135, 11.2226815651, 15.4518087756, 17.5201164276, 19.8005486438, 6.0838658107, 21.834131287, 28.7258695859, 9.9074803769, 2.9488896846, 4.8764231341, 85.4654160021, 2.9932818099],
      [0.075767580115, 0.029976542836, 0.38349037717, 0.4619955617, 0.39603323718, 0.060601831095, 0.09756514236, 0.11932796413, 0.05251837497, 0.063051722896, 0.079490916993, 0.01374623037, 0.044471401703, 0.023659433052, 0.028818521513, 0.11702606349, 0.12878759366, 0.024246296297, 0.081010305074, 0.24150551291, 0.03667761754, 0.10099303994, 0.18337868318, 0.15730702555, 0.036895011625, 0.1691190085, 0.19545991433, 0.093871874093, 0.012382079464, 0.0404534468, 0.55222772818, 0.020514273677],
      [0.048896077687, 0.015633133591, 0.11245441196, 0.15040701873, 0.11864299252, 0.049555949372, 0.066320542576, 0.061731950629, 0.06138404626, 0.04127348782, 0.040517679505, 0.010148261931, 0.049753697131, 0.014696614233, 0.037253840802, 0.060867764573, 0.060877759999, 0.015349790515, 0.066972922623, 0.10761692986, 0.032181878571, 0.053511027009, 0.074526353851, 0.065486665669, 0.018286749293, 0.065868345059, 0.079633308819, 0.051796648733, 0.013699995343, 0.020272005872, 0.2739514756, 0.010393840908],
      [5.9541620012, 2.1887453479, 14.9335278143, 15.9543774278, 12.9824445435, 4.7268382117, 6.0723835384, 8.7098539585, 5.1568195046, 3.578221115, 4.8749624079, 0.94924040202, 4.6453281892, 1.5782522131, 3.8388983579, 7.2055883927, 6.1968888793, 1.9442822304, 7.5577673626, 9.7513660179, 3.7073172063, 4.3910527557, 8.2176478962, 5.9724202651, 1.8600904846, 7.9272983604, 7.9945114324, 3.9433090389, 1.0241099029, 4.0619171019, 31.6913304126, 1.9751151179]
    ],
    [
      [4.0983127628, 3.3720490461, 16.3587440762, 8.7514581433, 7.7129559614, 0, 4.1396743302, 2.9060125067, 0, 5.6019416206, 4.359643222, 0, 1.1168202255, 0.65959735102, 0, 0.98106972257, 4.824768608, 1.9274236748, 2.3004033056, 2.404588752, 0.8604586009, 0.35661757473, 1.8558616967, 2.8021788793, 0.095515207223, 1.5081178717, 2.9466683876, 2.2325972616, 0.25694605426, 0, 11.6718599084, 0.3443392384],
      [9.0859899807, 1.4470515034, 18.4633561962, 4.4802446021, 6.6444020291, 3.8417297328, 1.2335392254, 2.0220455791, 2.1343202891, 4.6857879828, 6.0615419759, 2.7604633965, 0.91485974363, 2.1961674717, 1.7900027514, 1.8131861618, 5.5770372273, 7.5000680812, 3.708894273, 0, 7.8217366968, 2.8749325262, 0.2470816523, 2.7283550673, 1.7417329061, 6.2025364502, 10.5928534899, 0, 0, 1.3010723519, 25.4753309317, 0.59482077964],
      [6.1107391172, 1.3856383205, 57.7961590653, 62.2085994933, 63.2316488122, 0, 6.1612901378, 11.5660253484, 1.9307448077, 6.0597756974, 9.9785370115, 1.4304715847, 0.97868775638, 3.0000594738, 0.89249088087, 7.6462624526, 14.0898680666, 8.2290918636, 3.8889609457, 21.3291828624, 3.5478581427, 6.4054204646, 18.0388974361, 14.2182848338, 3.1180130001, 22.1569865056, 25.5099584149, 3.7629078366, 0, 3.9983199694, 39.6480989012, 1.2833591195],
      [576.2621534862, 67.519240463, 406.0286008456, 584.9616178584, 414.4109931974, 644.0097900571, 806.8625310656, 545.3516187168, 887.0901364562, 684.1036826152, 479.9096840453, 247.4251982273, 787.8720711716, 278.8639632222, 693.7358465694, 435.2258476288, 520.6354020213, 725.7696048836, 709.2089231507, 685.2662283855, 595.5332574532, 415.3630294345, 352.7275222744, 298.2511812195, 153.7679110942, 387.3898862487, 552.3186766574, 342.0044949017, 110.7430539457, 190.7250085454, 1791.6519736534, 71.1423973197],
      [11.4428046531, 2.276020667, 11.3531398166, 1.5980799029, 0, 3.1484802101, 2.602965241, 16.154297849, 1.844798447, 1.5488120839, 9.6905937453, 1.3838667915, 3.1175611029, 3.2802124813, 4.5816597983, 8.3336340342, 4.8729240767, 14.5738114966, 8.892818325, 0, 9.2366891064, 0, 4.1306369405, 0, 1.2768277924, 8.7424729239, 4.6318430502, 0, 0, 16.9755991333, 33.5527366052, 4.6350835428]
    ],
    [
      [0.32774374287, 0.13377839848, 1.0822810399, 0.9297129716, 0.86615882863, 0.44202633036, 0.45745994859, 0.20633721477, 0, 0.49223088582, 0.44303480709, 0, 0.17417567876, 0.11432437447, 0.13178928459, 0.32490485572, 0.60229139712, 0.23324558918, 0.23918349566, 0.45058742852, 0.11045097538, 0.31544960354, 0.46907255783, 0.41034867125, 0.087096453969, 0.51179970746, 0.5877009734, 0.53346932516, 0.067065458169, 0.080898538337, 1.4115444475, 0.044531811531],
      [1.1356161108, 0.20987251077, 3.5504272516, 2.789580665, 2.9268117131, 1.4750929424, 0.9128827291, 0.4933485289, 0.61452574789, 1.1927294783, 1.3391508791, 0.29710017021, 0.58533155345, 0.45733570317, 0.44385381872, 0.9125949293, 1.8184246266, 1.2157999282, 0.73600134066, 1.1949395127, 0.71280847348, 1.2243171309, 1.2652826138, 1.2774594571, 0.3872009994, 2.0845348043, 2.5044877626, 0, 0.12784046981, 0.26976462831, 4.8005206955, 0.11187741999],
      [24.5078412775, 5.9582829028, 129.4853846899, 136.7586242384, 135.001402136, 30.8953143247, 33.6358167566, 21.8541754098, 12.3377429329, 32.3234476754, 39.6645050958, 5.4876005662, 15.4689361413, 12.9384511382, 8.9171214831, 35.2857142575, 60.305166556, 29.0543914838, 17.7083627493, 60.1005142163, 11.4840200076, 38.8146184148, 63.5083852618, 48.7619574563, 12.1543044088, 77.1704325845, 81.0425245868, 45.3265820789, 2.9885643236, 11.383103057, 145.3471968524, 4.6072743922],
      [8.810030947, 1.6518091677, 21.303387942, 24.9800985207, 22.6975768454, 16.8961123567, 12.7554512077, 6.2658304495, 7.9107295526, 11.7831268947, 11.2765706185, 2.1739794392, 9.5889343061, 4.3942367962, 6.3733920514, 10.2296937841, 15.942789423, 10.2323091758, 8.1292858834, 14.976643876, 5.5621375801, 11.4539392739, 14.4323836875, 11.3391757137, 3.3032174946, 16.8199874571, 18.48610597, 15.1399485959, 1.7895208758, 3.1384033398, 40.4822204706, 1.1914008166],
      [0.21876792187, 0.046257020212, 0.57851907665, 0.54198360427, 0.50805047678, 0.29145404583, 0.238389358, 0.18030839708, 0.13700176658, 0.20846506578, 0.27673859948, 0.041319824383, 0.18262232038, 0.095651987954, 0.13384336226, 0.24709217336, 0.33132799726, 0.2642538229, 0.187166531, 0.27731496646, 0.13058296338, 0.1916755769, 0.32487587906, 0.21105870162, 0.06818064331, 0.41324544666, 0.37918070712, 0, 0.02700887266, 0.12783043656, 0.95851753398, 0.044915559631]
    ],
    [
      [1.6021433506, 0.90588988392, 5.9214933894, 4.1017414367, 5.3267641977, 2.0709699077, 2.0313389961, 0.85117131446, 0, 1.8865700023, 2.4711732598, 0, 0.49496320568, 0.33140025039, 0.87397248771, 1.6519415456, 3.3474423918, 0.79114301944, 1.4249143667, 2.286055679, 0.56443486754, 1.2003443758, 2.4018628692, 3.6020469477, 0.88708574876, 2.2892199938, 2.4318224507, 2.1974167969, 1.8251149872, 0.23509986422, 4.7509017047, 0],
      [1.3181056841, 0.33492503125, 4.6127342183, 2.9225215069, 4.2747567901, 1.6402859991, 0.96222473579, 0.48212219453, 0.5283071178, 1.0840202443, 1.7719520713, 0.5537381602, 0.39386842658, 0.31323379711, 0.69750843419, 1.101364816, 2.3985544858, 0.97711478379, 1.0391816162, 1.4390036447, 0.8623676278, 1.1050942652, 1.5377856746, 2.2189831709, 0.93286588548, 2.2124576987, 2.4600810003, 0.95561972604, 0.49723520466, 0.61102087505, 3.8370617259, 0],
      [9.6944826522, 3.1521348893, 57.5652520349, 49.0289141822, 67.4808203747, 12.4470833087, 12.093010559, 7.2579784129, 3.6048229437, 10.0097187059, 17.8973755228, 3.421340198, 3.5367848457, 2.9869313835, 4.7555408677, 14.5167589134, 27.168026836, 7.9503453126, 8.5066304249, 24.720778635, 4.7109244417, 11.9372177573, 26.3579696833, 28.9063415438, 9.8840879865, 27.9833256679, 27.2072960527, 15.0937221388, 5.1459998898, 8.7213861108, 39.7756880066, 0],
      [8.5759126506, 2.2096673404, 23.2156828273, 21.9514243586, 27.8065048747, 13.9611127333, 11.2753292941, 5.1350695485, 6.0029515723, 8.980409127, 12.5128462588, 3.4887497683, 5.4105196915, 2.5224926776, 8.398017401, 10.3536628571, 17.636454189, 6.8948695218, 9.6259124474, 15.1266367863, 5.6426388846, 8.6700718353, 14.711099293, 16.5191771972, 6.6712159243, 14.9726593265, 15.2299031241, 11.4231241015, 13.6574869171, 5.9594978966, 27.1418267689, 0],
      [14.8093556626, 4.3973828551, 43.6848375301, 32.9953985156, 43.1111537628, 18.8805480512, 14.638096415, 10.2736585296, 6.8639183661, 11.0392819206, 21.3466528874, 4.5361718735, 7.1638638305, 3.8459418914, 12.2749608095, 17.3762718679, 25.4495220973, 12.3865273624, 15.4033611449, 19.4275252549, 9.2196341784, 10.0872717664, 22.9912824799, 20.7534511404, 9.6247444549, 25.5423373131, 21.6708973721, 12.3301172368, 7.8741630012, 17.4729952533, 44.4945217939, 0]
    ],
    [
      [38.2471156063, 3.3450150379, 47.3250308165, 46.6908264651, 59.9175046378, 20.8319618114, 25.2407798179, 5.3040988442, 6, 9.6138926628, 12.9554614885, 1, 2.6421726656, 2.5879660699, 5.5708501727, 23.2249815543, 19.2109896236, 3.5721501155, 6.3226171291, 21.3993041316, 3.0458133522, 12.2983802246, 21.3205347782, 22.1319171884, 3.6203022753, 14.9425382854, 24.7440699683, 11.3654363236, 5.6061138019, 7.6830672861, 61.9919064591, 3.5001843755],
      [3.7457316052, 0.12458790614, 4.4057564861, 3.9778302365, 5.7614864995, 1.9476998541, 1.4155286082, 0.34204554528, 1.1204942653, 0.64065178466, 1.0857255085, 0.91765917647, 0.23684366417, 0.26114579083, 0.50791845118, 1.8315439308, 1.6245475165, 0.50238496239, 0.52984504963, 1.5952467614, 0.522022082, 1.3217678239, 1.6145594478, 1.9337358615, 0.41701723769, 1.6997492987, 2.9711710496, 0.57356795027, 0.27821375172, 0.69603012431, 5.999303045, 0.21201359931],
      [10.4326013161, 0.44019564546, 20.8513558519, 25.3076896324, 34.4916109184, 5.5970005355, 6.7377278278, 1.9484302241, 2.8930058243, 2.2393579081, 4.1523065681, 1.5754273584, 0.80446269936, 0.9385504279, 1.3092675067, 9.1416075361, 6.9719718164, 1.5462497659, 1.6418011592, 10.385552848, 1.0781582467, 5.4052704102, 10.484830959, 9.5423657606, 1.6663853079, 8.1467979774, 12.4551353182, 3.4288778913, 0.81818998025, 3.7503963199, 23.5920094395, 1.0543929178],
      [1.7054958256, 0.057231062699, 1.5526854781, 2.0922661303, 2.6241810969, 1.1599682537, 1.1608192487, 0.25490195299, 1.685725606, 0.37130489047, 0.53637838708, 0.39376057014, 0.22758360054, 0.14675199174, 0.42766677624, 1.2047051354, 0.83598275334, 0.24786434961, 0.34347012482, 1.1739031349, 0.23890685155, 0.72543958224, 1.0807897371, 1.007209212, 0.20808307594, 0.80502839177, 1.2876712316, 0.47941570586, 0.22705563173, 0.47405243237, 2.9728178726, 0.13143985022],
      [0.86905564681, 0.032970347839, 0.86517136746, 0.93138753573, 1.2052168474, 0.46336954525, 0.44514449728, 0.15052343349, 0.30077430434, 0.13479275396, 0.27012804784, 0.11315289496, 0.088937370342, 0.065585719587, 0.1842970932, 0.59716184356, 0.35650829008, 0.1313508066, 0.16226653727, 0.44599312415, 0.11509946756, 0.24914195908, 0.49928507791, 0.38477197757, 0.088212103156, 0.4058860467, 0.54195243224, 0.15270212895, 0.070426834384, 0.39645383727, 1.4439631838, 0.10196925715]
    ],
    [
      [0.72143265582, 0.24100305149, 2.3022366408, 2.5162535028, 4.1685216704, 0.65242654494, 1.1264953713, 0.72874758282, 0, 1.4022834969, 0.76784182026, 0, 0.57025366116, 0.30602893602, 0.42201157105, 0.81364615594, 1.0103967483, 0.47541241867, 0.70936048618, 1.4536763829, 0.41770047148, 0.82657381952, 0.9483374588, 1.0492709135, 0.30913837098, 0.74474114259, 1.2852124614, 1.6675382313, 0.24384136079, 0, 3.1567130986, 0.11024961699],
      [0.79663415987, 0.12018265493, 2.4074124884, 2.4066104783, 2.8977584455, 0.93480286947, 0.71634546068, 0.55498456258, 0.87307450567, 1.0824381672, 0.73944597193, 0.44417399089, 0.61026446355, 0.3894085157, 0.46706374869, 0.72824854881, 0.97210160777, 0.78913574387, 0.69534952756, 0.87708616773, 0.85838355478, 1.0220794782, 0.81517418391, 1.0409177995, 0.43731716061, 0.9665904611, 1.7455371117, 0.56333194679, 0.14782088917, 0.24568888633, 3.4223675998, 0.088006391181],
      [0.17856805693, 0.033771699011, 0.91835798085, 1.234176892, 1.3984845215, 0, 0.27458957644, 0.25406264063, 0.18116511635, 0.30464829024, 0.22778488484, 0.071414062289, 0.16665715554, 0.1123481436, 0.09676074023, 0.29263077695, 0.33617913122, 0.19567527778, 0.1732344159, 1.2224659254, 0.14236154379, 0.33647991328, 0.42653797658, 0.41374337986, 0.14031428511, 0.37333825617, 0.58962571295, 0.29403818026, 0.034863726854, 0.106341096, 1.084779072, 0.034459296754],
      [16.597511013, 2.5464188325, 38.7871884951, 57.8641861133, 60.342100993, 25.9234606498, 26.8795486412, 18.9308473817, 30.2490727666, 28.7202029848, 16.7240030108, 7.5081637332, 26.8511375331, 10.057858698, 18.0278233612, 21.92522283, 22.8884938533, 17.8400022787, 20.6254354711, 41.3489708874, 17.9908773519, 26.7340088471, 24.9736786543, 24.817769992, 10.0312856617, 20.9465702309, 34.5980097081, 25.9012200463, 5.5691826343, 7.68276578, 77.477209759, 2.5243681726],
      [33.7058541144, 6.058623762, 85.5848043948, 101.9787730137, 108.1931343696, 40.4893099358, 41.0030209504, 44.5313578323, 42.6966876114, 41.4904270608, 33.5409243121, 11.9762482136, 41.8016871866, 18.1343557067, 30.9863405788, 43.2402516883, 38.7928286593, 37.699774281, 38.7966200992, 62.0978006366, 34.590677078, 34.0808579419, 45.8362717264, 37.6782979152, 17.0819445216, 41.9687599093, 57.7816150059, 26.5738715954, 7.0042913889, 25.9652042377, 148.8589304706, 8.2429165225]
    ]
  ],
  "prob": [
    [0.00015406667441, 0.71949234826, 0.0054280695244, 0.0025736719826, 0.27235184356],
    [0.0055783980897, 0.0084160472232, 0.024830267643, 0.94997570016, 0.011199586889],
    [0.0068233284469, 0.021781394725, 0.76323849817, 0.20373857068, 0.0044182079847],
    [0.038846195563, 0.029458541443, 0.35398836621, 0.23114549432, 0.34656140246],
    [0.63224565991, 0.057862972652, 0.26392284702, 0.031816425146, 0.014152095277],
    [0.013735961165, 0.013980166822, 0.0051428332247, 0.35100214428, 0.61613889451]
  ],
  "iterations": 198,
  "time": 0.26398,
  "message": "Converged",
  "status": 0,
  "miniter": 0,
  "maxiter": 1000,
  "maxtime": 3600,
  "param_threshold": 0.001,
  "ll_threshold": "-Inf",
  "initial_prob": "random",
  "adjust_prob_cond_method": "lp",
  "adjust_prob_cond_every": true,
  "candidates_id": ["SETTLE, Herbert Bruce.c", "ABEL, Stephen.c", "TAYLOR, Sylvia Rina.c", "FIELD, Taito Phillip Hans.c", "Other candidates votes.c"],
  "group_id": ["Green Party.p", "Labour Party.p", "National Party.p", "NZ First.p", "United Future.p", "Other parties votes.p"]
}
