{
  "X": [
    [134, 328, 502, 43, 33, 23],
    [45, 130, 49, 5, 20, 4],
    [29, 240, 229, 26, 13, 12],
    [253, 1781, 2411, 204, 91, 83],
    [241, 1005, 1225, 132, 94, 44],
    [16, 172, 156, 32, 9, 16],
    [8, 21, 15, 1, 1, 0],
    [190, 843, 789, 133, 69, 49],
    [0, 12, 21, 1, 1, 0],
    [6, 84, 104, 10, 8, 10],
    [1, 8, 18, 1, 3, 0],
    [8, 22, 29, 5, 5, 1],
    [89, 1522, 718, 240, 40, 65],
    [95, 315, 440, 19, 51, 19],
    [92, 175, 204, 9, 21, 11],
    [8, 178, 200, 30, 4, 13],
    [1, 14, 12, 0, 0, 1],
    [34, 228, 277, 48, 21, 6],
    [1, 22, 21, 1, 0, 0],
    [15, 90, 119, 15, 12, 5],
    [43, 144, 255, 40, 20, 4],
    [17, 105, 216, 8, 4, 8],
    [44, 134, 217, 16, 11, 10],
    [130, 308, 353, 28, 41, 18],
    [8, 89, 75, 14, 10, 3],
    [35, 203, 289, 22, 28, 18],
    [16, 117, 139, 28, 13, 6],
    [20, 61, 133, 8, 15, 8],
    [66, 276, 415, 60, 27, 21],
    [52, 146, 174, 8, 24, 3],
    [36, 138, 339, 25, 16, 12],
    [10, 58, 55, 10, 3, 2],
    [36, 121, 332, 25, 10, 6],
    [48, 209, 353, 20, 23, 14],
    [18, 99, 197, 30, 14, 6],
    [22, 182, 239, 24, 13, 16],
    [14, 101, 207, 18, 8, 10],
    [9, 48, 122, 11, 6, 5],
    [76, 390, 510, 58, 40, 23],
    [46, 240, 114, 44, 12, 14],
    [0, 21, 16, 1, 1, 0],
    [0, 11, 4, 0, 1, 1],
    [0, 5, 3, 6, 0, 0],
    [1, 12, 6, 4, 0, 0],
    [53, 192, 259, 36, 22, 14],
    [113, 342, 317, 45, 40, 22],
    [95, 368, 375, 44, 61, 16],
    [4, 11, 9, 4, 0, 0],
    [18, 61, 131, 7, 15, 3],
    [12, 283, 155, 31, 13, 15],
    [14, 295, 202, 37, 14, 10],
    [6, 157, 144, 34, 5, 8],
    [5, 211, 103, 36, 7, 11],
    [25, 412, 202, 63, 18, 21],
    [3, 49, 26, 9, 0, 6],
    [25, 342, 245, 114, 21, 11],
    [18, 155, 171, 29, 9, 11],
    [31, 125, 76, 15, 9, 11],
    [61, 468, 536, 82, 43, 23],
    [6, 11, 12, 0, 6, 1],
    [0, 5, 7, 0, 3, 0],
    [177, 509, 459, 22, 79, 8],
    [195, 1287, 835, 114, 104, 55],
    [134, 841, 685, 99, 119, 50]
  ],
  "W": [
    [63, 411, 544, 45],
    [13, 145, 84, 11],
    [11, 256, 255, 27],
    [115, 1858, 2633, 217],
    [69, 1182, 1348, 142],
    [6, 192, 177, 26],
    [3, 26, 15, 2],
    [69, 990, 880, 134],
    [1, 12, 22, 0],
    [1, 84, 120, 17],
    [1, 8, 20, 2],
    [5, 26, 34, 5],
    [45, 1592, 874, 163],
    [35, 375, 496, 33],
    [38, 226, 230, 18],
    [6, 177, 220, 30],
    [1, 13, 12, 2],
    [12, 242, 328, 32],
    [2, 20, 21, 2],
    [8, 106, 131, 11],
    [12, 176, 294, 24],
    [3, 108, 238, 9],
    [15, 169, 231, 17],
    [51, 384, 406, 37],
    [3, 99, 93, 4],
    [12, 240, 318, 25],
    [4, 123, 163, 29],
    [12, 69, 152, 12],
    [16, 320, 492, 37],
    [14, 162, 212, 19],
    [13, 153, 381, 19],
    [4, 63, 63, 8],
    [11, 122, 379, 18],
    [24, 221, 397, 25],
    [5, 92, 248, 19],
    [25, 168, 275, 28],
    [7, 113, 224, 14],
    [4, 55, 137, 5],
    [29, 411, 603, 54],
    [12, 272, 142, 44],
    [0, 21, 15, 3],
    [0, 10, 5, 2],
    [0, 6, 6, 2],
    [0, 16, 4, 3],
    [17, 221, 308, 30],
    [39, 443, 344, 53],
    [24, 453, 428, 54],
    [3, 13, 9, 3],
    [6, 76, 139, 14],
    [12, 298, 172, 27],
    [7, 313, 217, 35],
    [9, 158, 166, 21],
    [7, 225, 118, 23],
    [15, 446, 239, 41],
    [3, 59, 25, 6],
    [13, 358, 332, 55],
    [5, 161, 208, 19],
    [5, 157, 86, 19],
    [26, 459, 675, 53],
    [3, 20, 11, 2],
    [0, 5, 7, 3],
    [106, 552, 520, 76],
    [148, 1302, 943, 197],
    [103, 880, 774, 171]
  ],
  "method": "mvn_pdf",
  "cond_prob": [
    [
      [0.72760745638, 0.10520602666, 0.040414941126, 0, 0.1226356624, 0.0041359134328],
      [0.15269480457, 0.64369742666, 0.084201122406, 0.055970591228, 0.028114115411, 0.035321939717],
      [0.043423383033, 0.05821054209, 0.84745247218, 0.026142710955, 0.014748982216, 0.010021909525],
      [0.039574337737, 0.55879651255, 0.085178945184, 0.12832116102, 0.12656901132, 0.06156003219]
    ],
    [
      [0.68964884278, 0.082626167941, 0.0080327376209, 0, 0.21821175912, 0.0014804925339],
      [0.15195727722, 0.72992994823, 0.043435781231, 0.014374268767, 0.04255813359, 0.017744590964],
      [0.16067508126, 0.20196632307, 0.5047648387, 0.028086072301, 0.091195361219, 0.01331232345],
      [0.045823001996, 0.5564405623, 0.017921789219, 0.050590995953, 0.3029006744, 0.026322976134]
    ],
    [
      [0.54434280017, 0.22865849008, 0.054069544125, 4.7899045039e-05, 0.16668032095, 0.0062009456246],
      [0.062914071206, 0.77131770575, 0.060865222252, 0.054559067547, 0.020215884662, 0.030128048578],
      [0.025397355576, 0.087324829594, 0.82803387239, 0.034344056626, 0.013714393334, 0.011185492475],
      [0.015922270275, 0.65776268109, 0.062040765094, 0.12128212514, 0.092373322068, 0.050618836329]
    ],
    [
      [0.5591411014, 0.22086950092, 0.063326937399, 0, 0.15104861046, 0.0056138498236],
      [0.067119447596, 0.75952846342, 0.074477177337, 0.054446962165, 0.017357753856, 0.027070195622],
      [0.022898622923, 0.077119445024, 0.85420219554, 0.028883172057, 0.0086051528739, 0.0082914115809],
      [0.017045002535, 0.65133927928, 0.074766939385, 0.12344770632, 0.086273436017, 0.047127636461]
    ],
    [
      [0.65031977868, 0.13713815584, 0.043004931225, 5.5488638099e-06, 0.16610841565, 0.0034231697399],
      [0.11631377015, 0.6949077499, 0.073011785174, 0.059763740069, 0.031872613596, 0.024130341112],
      [0.040468891135, 0.067451918701, 0.83479140158, 0.031622018656, 0.018768160069, 0.0068976098608],
      [0.028823899347, 0.58613605954, 0.073478312276, 0.13191827618, 0.13778598785, 0.041857464797]
    ],
    [
      [0.51081085782, 0.24070106357, 0.057855195898, 9.930563999e-05, 0.17606043266, 0.014473144412],
      [0.04875261119, 0.72782531246, 0.060706791503, 0.089059215591, 0.018644225071, 0.055011844183],
      [0.018472202257, 0.09025290627, 0.80546324329, 0.057181833203, 0.012901943767, 0.015727871215],
      [0.011732834808, 0.57071420062, 0.055006569003, 0.18380193445, 0.08001162091, 0.098732840204]
    ],
    [
      [0.83128491743, 0.087065684241, 0.026517078772, 0, 0.055132319557, 0],
      [0.1767961007, 0.70495623216, 0.073610767845, 0.025276340723, 0.019360558577, 0],
      [0.051762232244, 0.068860347153, 0.8563161748, 0.012343083312, 0.010718162492, 0],
      [0.066506572949, 0.68851785196, 0.08091308886, 0.078834445758, 0.085228040469, 0]
    ],
    [
      [0.64695584127, 0.150334645, 0.041268659397, 6.9694335531e-05, 0.15642930865, 0.0049418513552],
      [0.10632268528, 0.69686003763, 0.063417143124, 0.073868634221, 0.027257869907, 0.032273629837],
      [0.041623195403, 0.073839481882, 0.81231902642, 0.043836019863, 0.017646854177, 0.010735422258],
      [0.025911765455, 0.58027409092, 0.063647369866, 0.15887720696, 0.11710339418, 0.054186172614]
    ],
    [
      [0, 0.64851533965, 0.099450594086, 0.00031620272213, 0.25171786355, 0],
      [0, 0.85683044848, 0.07909313036, 0.040209720661, 0.023866700494, 0],
      [0, 0.048614512661, 0.90688326553, 0.023507597697, 0.020994624115, 0],
      [0.0061440030921, 0.73206528628, 0.082200985169, 0.086958333422, 0.084251750355, 0.0083796416833]
    ],
    [
      [0.43752992943, 0.23151676948, 0.054067898416, 6.4832233062e-05, 0.25799767663, 0.018822893809],
      [0.043367298522, 0.74134958048, 0.060122956402, 0.050434495205, 0.032105451338, 0.072620218053],
      [0.014569976822, 0.097288734056, 0.81645806975, 0.033599565533, 0.024710483866, 0.013373169975],
      [0.010071751537, 0.57767472843, 0.054155023189, 0.10185233568, 0.12234625571, 0.13389990545]
    ],
    [
      [0.18921442561, 0.087622438809, 0.03098116744, 0.00045653533026, 0.69172543281, 0],
      [0.05159251157, 0.71484719326, 0.077948859387, 0.042866263482, 0.1127451723, 0],
      [0.018578322343, 0.070248308569, 0.86196950318, 0.026830961207, 0.022372904697, 0],
      [0.013239517484, 0.39431692186, 0.053018946892, 0.059997066341, 0.47942754743, 0]
    ],
    [
      [0.60486233419, 0.10252396886, 0.028789689419, 0.0010196793063, 0.2602443008, 0.0025600274287],
      [0.12355727874, 0.6559351072, 0.056319596975, 0.08902499118, 0.055009076601, 0.020153949305],
      [0.047913503804, 0.05770819021, 0.79759119227, 0.054036350677, 0.032988262075, 0.0097625009609],
      [0.026827990512, 0.49419778026, 0.054728298856, 0.16860318195, 0.22938831877, 0.026254429652]
    ],
    [
      [0.47918415045, 0.31628244825, 0.044642736696, 8.9204577002e-08, 0.15214590789, 0.0077446675033],
      [0.030673830769, 0.80423376661, 0.04221281552, 0.086317769987, 0.0084912801728, 0.028070536941],
      [0.01959081612, 0.13830480579, 0.73537179962, 0.081163777373, 0.011207392535, 0.014361408567],
      [0.0090895788726, 0.65367320938, 0.037259642167, 0.19414088799, 0.060368435796, 0.045468245798]
    ],
    [
      [0.60542703979, 0.10939142854, 0.033314290482, 0, 0.24824101338, 0.0036262278042],
      [0.13148063729, 0.68104642299, 0.073104299027, 0.029568286648, 0.053099168247, 0.0317011858],
      [0.04734692255, 0.076556656304, 0.82513048923, 0.010900544284, 0.029318331631, 0.010747056002],
      [0.030931546673, 0.53959969249, 0.065308031514, 0.075915834618, 0.23810557425, 0.050139320457]
    ],
    [
      [0.79254325965, 0.073965005237, 0.023725263564, 0, 0.10695585216, 0.0028106193956],
      [0.20665502331, 0.62644768783, 0.075698850929, 0.023325675753, 0.036457426399, 0.031415335784],
      [0.061041645214, 0.088673899004, 0.80324447924, 0.010145660981, 0.024743481889, 0.012150833671],
      [0.063319025948, 0.5676197545, 0.069126080497, 0.077494180787, 0.16696102318, 0.055479935084]
    ],
    [
      [0.4543508274, 0.30996359382, 0.078779356317, 0.00018348804042, 0.14435618671, 0.012366547707],
      [0.027438885917, 0.77256222008, 0.069984296774, 0.079982124248, 0.0070784932498, 0.04295397973],
      [0.00087633731795, 0.092825903009, 0.84179975195, 0.049143331709, 0.00098163819982, 0.014373037813],
      [0.0074806006084, 0.63250022735, 0.064805263467, 0.1676843368, 0.055500305685, 0.072029266088]
    ],
    [
      [0.50889170501, 0.39386489497, 0.081017887569, 0, 0, 0.016225512449],
      [0.026255130463, 0.85939831315, 0.070175936299, 0, 0, 0.04417062009],
      [0, 0.069335365032, 0.90520011202, 0, 0, 0.025464522945],
      [0.074895799487, 0.80096632686, 0.072146798128, 0, 0, 0.051991075523]
    ],
    [
      [0.53998815367, 0.19832069527, 0.045554214968, 0, 0.21293952365, 0.0031974124458],
      [0.070236210868, 0.73506930387, 0.056734378264, 0.092373641511, 0.030146078546, 0.015440386945],
      [0.030483912839, 0.08841301016, 0.79574679627, 0.059075954911, 0.02215911818, 0.0041212076438],
      [0.016382991079, 0.58543477465, 0.053708772037, 0.19589579823, 0.12128699829, 0.027290665712]
    ],
    [
      [0.4221478181, 0.4799140538, 0.097938128107, 0, 0, 0],
      [0.0071759502073, 0.88449593199, 0.080440127922, 0.027887989877, 0, 0],
      [0, 0.079084908771, 0.90674575235, 0.014169338877, 0, 0],
      [0.0060926798295, 0.84473508418, 0.076830192971, 0.072342043022, 0, 0]
    ],
    [
      [0.49399512623, 0.16551981056, 0.053185224305, 0.00017057351661, 0.28226757975, 0.0048616856401],
      [0.072540683799, 0.7038922663, 0.073714430886, 0.076347261746, 0.043622897418, 0.029882459848],
      [0.024266901185, 0.061764081246, 0.83968176704, 0.040085129436, 0.024254552521, 0.0099475685768],
      [0.016342041114, 0.54292424037, 0.069316095447, 0.15042488279, 0.17640780505, 0.044584935222]
    ],
    [
      [0.65019202315, 0.11629212974, 0.039612168608, 0, 0.19183560187, 0.002068076631],
      [0.12474604099, 0.6391143246, 0.073489384285, 0.10767256596, 0.039808520696, 0.01516916346],
      [0.042727146909, 0.061886519262, 0.81622436478, 0.053421069611, 0.02343985067, 0.0023010487693],
      [0.028358804835, 0.49690569376, 0.067523295731, 0.22265974686, 0.15834820992, 0.026204248888]
    ],
    [
      [0.60537574722, 0.20268215227, 0.062010691234, 0, 0.12232829706, 0.0076031122158],
      [0.0779613921, 0.75163218084, 0.078414714331, 0.037043589981, 0.014975211316, 0.03997291143],
      [0.02766668648, 0.072585600767, 0.86816109303, 0.013302687828, 0.0055795679315, 0.012704363965],
      [0.019930114371, 0.66003389218, 0.080315404207, 0.092583619885, 0.076417235443, 0.070719733909]
    ],
    [
      [0.713038677, 0.11438629241, 0.046817406596, 0, 0.12105620003, 0.0047014239674],
      [0.13996749885, 0.65350516081, 0.090499378253, 0.05244968433, 0.025645672795, 0.037932604963],
      [0.039139676324, 0.052765197196, 0.86334760409, 0.021898277529, 0.012450716547, 0.010398528309],
      [0.035802782853, 0.56782781676, 0.09235573121, 0.12220595524, 0.1161131044, 0.065694609544]
    ],
    [
      [0.73860041759, 0.087763885477, 0.025249072142, 0, 0.14546056619, 0.0029260585987],
      [0.17409140755, 0.6484819148, 0.067451426497, 0.039449573509, 0.040710214003, 0.029815463643],
      [0.05841009197, 0.083308883716, 0.79673219173, 0.022851734522, 0.027568003597, 0.011129094469],
      [0.047723807163, 0.55901566942, 0.063180532566, 0.096582690718, 0.18259944559, 0.050897854541]
    ],
    [
      [0.39030042316, 0.20378663159, 0.034731777644, 0.00012130201833, 0.36741305354, 0.0036468120554],
      [0.04671213402, 0.76614180293, 0.044648838057, 0.077213739134, 0.045171521379, 0.02011196448],
      [0.023232129324, 0.11005539467, 0.75612410222, 0.061927676313, 0.039182172563, 0.0094785249095],
      [0.011002358835, 0.57636247769, 0.039007048279, 0.14905050565, 0.19545954362, 0.029118065926]
    ],
    [
      [0.49989089261, 0.15108564316, 0.049603722877, 0, 0.29154567619, 0.0078740651651],
      [0.081392484387, 0.69445247731, 0.077306758701, 0.049435839334, 0.04776810072, 0.049644339548],
      [0.028340548995, 0.066721526563, 0.84310479589, 0.023827453066, 0.025445630824, 0.012560044666],
      [0.018192738214, 0.53203729122, 0.069752325824, 0.1023307394, 0.19781588443, 0.07987102091]
    ],
    [
      [0.52872494085, 0.18537742255, 0.046306968231, 0, 0.23490629033, 0.0046843780439],
      [0.070455542246, 0.71051113754, 0.058750611449, 0.099828095729, 0.034430556368, 0.026024056668],
      [0.029193687581, 0.0794515635, 0.7975737207, 0.059517808621, 0.024233418835, 0.010029800763],
      [0.015879222916, 0.54879363937, 0.054618291209, 0.20757729035, 0.13363341846, 0.039498137699]
    ],
    [
      [0.53363836708, 0.11347040354, 0.039716509885, 0, 0.3050798204, 0.0080948991039],
      [0.10609603305, 0.64450141326, 0.075767357313, 0.048326387221, 0.059752551529, 0.06555625763],
      [0.039497284538, 0.062447703835, 0.83229780595, 0.023259182459, 0.028307221082, 0.014190802142],
      [0.022677172058, 0.472975555, 0.065515643596, 0.094173629005, 0.24278487461, 0.10187312573]
    ],
    [
      [0.6399842022, 0.14522830546, 0.039187570752, 3.2054777031e-05, 0.169738161, 0.0058297058109],
      [0.10576510185, 0.67867392554, 0.060636094004, 0.086526785842, 0.030154714477, 0.038243378293],
      [0.042671571058, 0.073675429841, 0.79835112628, 0.05195984124, 0.020434716135, 0.012907315448],
      [0.024892086847, 0.547361607, 0.058937693459, 0.18234253416, 0.12380541765, 0.062660660884]
    ],
    [
      [0.68892818187, 0.088627545266, 0.019906767509, 0, 0.20142555901, 0.001111946345],
      [0.16798977889, 0.68408857597, 0.060616433963, 0.024033531787, 0.05151918187, 0.011752497519],
      [0.067526652366, 0.10945743398, 0.76866003075, 0.013329181279, 0.038010530187, 0.0030161714374],
      [0.043421630118, 0.56483626601, 0.049764022864, 0.067409548389, 0.25135275323, 0.023215779388]
    ],
    [
      [0.61301166186, 0.14797789923, 0.053232585068, 4.4765048416e-05, 0.17939216117, 0.0063409276262],
      [0.099388868083, 0.68096054703, 0.081248289829, 0.066334313229, 0.031014225845, 0.041053755984],
      [0.032479887111, 0.055904648159, 0.85133967377, 0.03195067, 0.016924786381, 0.011400334574],
      [0.023658662622, 0.5573501403, 0.079819596951, 0.14089804528, 0.13023061786, 0.068042936984]
    ],
    [
      [0.62330061824, 0.19830044786, 0.045326167715, 0.00021747544669, 0.12930465192, 0.0035506388132],
      [0.080853248476, 0.74618653847, 0.053639249999, 0.082333573335, 0.017362300327, 0.01962508939],
      [0.035806418775, 0.081269209081, 0.80923500657, 0.053729559865, 0.012090205604, 0.007869600107],
      [0.019654811279, 0.63463576408, 0.057202145677, 0.17839408833, 0.078409189835, 0.031704000806]
    ],
    [
      [0.67277553881, 0.14758478221, 0.048930696692, 7.0380364517e-05, 0.12717307228, 0.0034655296503],
      [0.11135395879, 0.69743451594, 0.076597696981, 0.069781675062, 0.021905694849, 0.022926458379],
      [0.038294340618, 0.062041604967, 0.84616273529, 0.036132580506, 0.010919818086, 0.0064489205312],
      [0.027818389238, 0.59865489826, 0.078953701638, 0.15508963592, 0.099443909929, 0.040039465013]
    ],
    [
      [0.58502401375, 0.16712948974, 0.048749216318, 0, 0.19333597916, 0.0057613010373],
      [0.090398409743, 0.72833847529, 0.070976791939, 0.043018840902, 0.031915599263, 0.035351882861],
      [0.033826798923, 0.072411162774, 0.84223861032, 0.020157310574, 0.019886519588, 0.011479597818],
      [0.022085437777, 0.61115430342, 0.071016779655, 0.09961535451, 0.13646563146, 0.059662493173]
    ],
    [
      [0.52797330296, 0.18290453147, 0.039517900123, 0, 0.24490728053, 0.0046969849199],
      [0.071743444326, 0.71190639695, 0.051443264684, 0.10353871656, 0.035384803399, 0.025983374084],
      [0.034093046637, 0.089637858058, 0.77087557723, 0.066306694511, 0.027673130273, 0.011413693287],
      [0.016034791642, 0.54525789606, 0.046972999705, 0.21212514936, 0.13984870405, 0.039760459186]
    ],
    [
      [0.46751097174, 0.27870459625, 0.061631605333, 0.00021713986884, 0.17827255062, 0.013663136185],
      [0.040357623796, 0.77345119303, 0.059042610843, 0.057593773129, 0.017628818932, 0.051925980272],
      [0.011805984121, 0.098794676474, 0.82166028288, 0.039611180461, 0.012287199652, 0.015840676414],
      [0.010196402689, 0.64014459409, 0.056552623352, 0.12234796396, 0.078663026771, 0.092095389136]
    ],
    [
      [0.52415078686, 0.20099921104, 0.07629332188, 0.00011422105908, 0.1874915623, 0.010950896859],
      [0.06111439465, 0.69945816725, 0.089616019446, 0.072926047687, 0.023873021767, 0.053012349201],
      [0.01437896459, 0.05667872226, 0.87120968873, 0.03412701301, 0.011544655851, 0.012060955563],
      [0.014580702019, 0.56129991697, 0.084883305341, 0.15100758212, 0.10027890668, 0.08794958687]
    ],
    [
      [0.53119873872, 0.17126449467, 0.063314644685, 0.00014233398534, 0.22537222897, 0.0087075589604],
      [0.071357654889, 0.68127153202, 0.082098243011, 0.082986705365, 0.033301404138, 0.048984460581],
      [0.020943839409, 0.05251603191, 0.85287211931, 0.040882545671, 0.019030745587, 0.013754718108],
      [0.016245605439, 0.53006227775, 0.077571541904, 0.16685062241, 0.13194434223, 0.077325610274]
    ],
    [
      [0.57746999587, 0.17532490203, 0.040660194938, 6.4607064557e-05, 0.20115094744, 0.0053293526593],
      [0.085942634412, 0.73232329798, 0.055758393335, 0.062786059991, 0.031760166204, 0.031429448083],
      [0.037838584352, 0.085126587953, 0.80080895983, 0.041416498216, 0.023011749039, 0.011797620613],
      [0.020634833555, 0.60369203403, 0.055858368716, 0.13368346879, 0.13402054711, 0.052110747796]
    ],
    [
      [0.68552150018, 0.16568683217, 0.026270384135, 0, 0.11710041625, 0.005420867264],
      [0.10342431204, 0.71906556073, 0.039011856636, 0.087848734108, 0.016912713357, 0.033736823127],
      [0.0600865807, 0.11367610734, 0.71411541404, 0.07877408151, 0.017006210748, 0.016341605661],
      [0.025228060549, 0.59736177844, 0.037935036186, 0.20270965337, 0.081355796492, 0.055409674964]
    ],
    [
      [0.35719014941, 0.33095843926, 0.10277011059, 4.6233793309e-05, 0.20714965938, 0.001885407563],
      [0, 0.8522346977, 0.093005556179, 0.028882704676, 0.025877041449, 0],
      [0, 0.055754578013, 0.91847627056, 0.011424989055, 0.014344162369, 0],
      [0, 0.75558422606, 0.089913087263, 0.074029455325, 0.080473231348, 0]
    ],
    [
      [0.23428568135, 0.36314076618, 0.030080382803, 2.233021375e-05, 0.36301909531, 0.0094517441437],
      [0, 0.86755732483, 0.0079422065639, 0, 0.056028958274, 0.068471510331],
      [0, 0.14631054752, 0.7758793689, 0, 0.04184067725, 0.035969406326],
      [0, 0.79643700704, 0.020590544929, 0, 0.1152535155, 0.067718932531]
    ],
    [
      [0.450701194, 0.42941457073, 0.031828644627, 0.017791153816, 0.069003265497, 0.0012611713298],
      [0, 0.41773217419, 0.21794985366, 0.36431797215, 0, 0],
      [0, 0.37121154129, 0.25784539087, 0.37094306785, 0, 0],
      [0, 0.13316885355, 0.072614266436, 0.79421688001, 0, 0]
    ],
    [
      [0.61877852214, 0.20355842051, 0.12157937669, 0.00024179063584, 0.054595717528, 0.0012461725071],
      [0.053473179185, 0.65978042113, 0.12528217811, 0.16146422157, 0, 0],
      [0.0080966220959, 0.035494113211, 0.92314070649, 0.033268558203, 0, 0],
      [0.037347548217, 0.43384560304, 0.10097410807, 0.42783274067, 0, 0]
    ],
    [
      [0.65813765532, 0.13060334112, 0.033816123005, 9.7257806201e-05, 0.17236072257, 0.0049849001876],
      [0.11859473772, 0.67793103847, 0.057911112045, 0.075076915749, 0.033987847975, 0.036498348042],
      [0.047885511074, 0.075710398268, 0.79191406524, 0.047598153849, 0.023752025962, 0.013139845604],
      [0.028449513733, 0.55460603445, 0.057241268409, 0.15820389504, 0.14143097725, 0.060068311115]
    ],
    [
      [0.70655186, 0.099902839785, 0.032218285838, 9.7566490424e-05, 0.1574805606, 0.0037488872826],
      [0.14962978251, 0.64614720238, 0.071360267575, 0.060201549341, 0.038560617794, 0.034100580401],
      [0.049796855228, 0.067568604182, 0.81524377971, 0.033259623318, 0.023252146698, 0.010878990865],
      [0.038271049238, 0.5399429954, 0.069566567858, 0.1299169458, 0.16560690547, 0.056695536241]
    ],
    [
      [0.5761963411, 0.1037458977, 0.028970819945, 3.3140230345e-05, 0.28846970397, 0.002584097061],
      [0.1286040222, 0.6714211482, 0.066597241331, 0.053925427304, 0.056047880177, 0.023404280786],
      [0.049914504292, 0.079892589637, 0.79695086174, 0.032376394882, 0.032888020265, 0.0079776291874],
      [0.028708479984, 0.50300536956, 0.056318169904, 0.1058127603, 0.27057342058, 0.035581799672]
    ],
    [
      [0.79764452983, 0.1502784839, 0.052076986278, 0, 0, 0],
      [0.094545808783, 0.65870055636, 0.080438772163, 0.16631486269, 0, 0],
      [0.025474470334, 0.069221145791, 0.84563520953, 0.059669174344, 0, 0],
      [0.049566887778, 0.45435566784, 0.062449372423, 0.43362807196, 0, 0]
    ],
    [
      [0.5284080567, 0.092054630719, 0.044724797042, 0, 0.33244940672, 0.0023631088204],
      [0.12515726759, 0.62625033122, 0.10450668954, 0.047199521203, 0.07430131528, 0.022584875173],
      [0.03561561487, 0.04707118667, 0.87459957518, 0.015206776615, 0.021647291685, 0.0058595549799],
      [0.026216346862, 0.45069657829, 0.087128704497, 0.092792459929, 0.3106735753, 0.032492335123]
    ],
    [
      [0.41451452506, 0.31441294607, 0.057480983913, 0.00019283303309, 0.20369285158, 0.0097058603519],
      [0.01837511462, 0.81063682137, 0.052110227828, 0.064189313203, 0.018836724016, 0.035851798966],
      [0.0078516005911, 0.11402861943, 0.79918654993, 0.048047238503, 0.015678151507, 0.015207840036],
      [0.0073913422584, 0.66830923472, 0.048936804165, 0.13352391283, 0.083174072774, 0.058664633254]
    ],
    [
      [0.43812729826, 0.28724866413, 0.065189522534, 0.00013871725488, 0.20361178414, 0.0056840136809],
      [0.02823892237, 0.79619855535, 0.062743958375, 0.070366185587, 0.020295438826, 0.022156939494],
      [0.0082395197916, 0.095721075969, 0.82862642073, 0.045219801346, 0.014223265209, 0.0079699169504],
      [0.0087528690166, 0.65736108692, 0.059796602043, 0.14747759995, 0.089594188805, 0.037017653265]
    ],
    [
      [0.41850185407, 0.33956227866, 0.069893030263, 0, 0.16304793275, 0.008994904256],
      [0.013418376217, 0.77853470595, 0.061416227664, 0.10738751687, 0.0090680833821, 0.030175089919],
      [0, 0.10972348347, 0.79882875799, 0.07251982088, 0.0056876497458, 0.013240287907],
      [0.0053990414814, 0.60577893785, 0.050553568086, 0.23783247948, 0.055031503478, 0.045404469616]
    ],
    [
      [0.40308346382, 0.343861947, 0.05765584329, 0, 0.18513417873, 0.010264567162],
      [0.0070089335949, 0.79854482096, 0.050560952096, 0.096536337412, 0.012468647773, 0.034880308167],
      [0.0041316762639, 0.12353504807, 0.76482365958, 0.079607460509, 0.012114507273, 0.015787648302],
      [0.0049507780562, 0.62361939058, 0.042217523689, 0.21241929314, 0.063874049641, 0.052918964894]
    ],
    [
      [0.45940854144, 0.29463663594, 0.046556578537, 3.5204019751e-05, 0.19062748982, 0.0087355502385],
      [0.030356669549, 0.78921310313, 0.044240240058, 0.085123635366, 0.017649594364, 0.03341675753],
      [0.01756450581, 0.12387645382, 0.75281513196, 0.073087904765, 0.016862754034, 0.015793249609],
      [0.0090702529483, 0.63377887807, 0.040187505278, 0.18454442263, 0.078991959811, 0.053426981262]
    ],
    [
      [0.58211272363, 0.29879800024, 0.086100480016, 0.00046701172491, 0, 0.032521784385],
      [0.015003438166, 0.72591649252, 0.077078179533, 0.10714618534, 0, 0.074855704432],
      [0.0057183511674, 0.085465697436, 0.83325894062, 0.057936369248, 0, 0.017620641525],
      [0.037583366356, 0.52298175074, 0.060435408657, 0.20476079972, 0, 0.17423867453]
    ],
    [
      [0.46208164141, 0.2836910761, 0.040181871594, 0, 0.20892089493, 0.0051245159664],
      [0.033847076088, 0.72222636855, 0.06810734655, 0.13697528779, 0.020986726867, 0.017857194153],
      [0.019527503977, 0.16163056711, 0.65773186988, 0.1300921557, 0.021338658765, 0.0096792445596],
      [0.007137347302, 0.47442959614, 0.03142226915, 0.39585911415, 0.067024462496, 0.024127210763]
    ],
    [
      [0.53705865511, 0.23744814118, 0.045814475547, 7.4472355219e-05, 0.17077960055, 0.0088246552636],
      [0.057930221986, 0.75267325222, 0.048753025557, 0.081500180178, 0.019839761827, 0.03930355823],
      [0.027509656843, 0.10076849583, 0.77895953661, 0.060411804796, 0.016060820967, 0.016289684955],
      [0.013996440074, 0.61434308176, 0.047268783847, 0.17433911748, 0.084802609575, 0.065249967268]
    ],
    [
      [0.73139755164, 0.11558378979, 0.02650688364, 0.00010182385718, 0.12003118719, 0.0063787638797],
      [0.13614884199, 0.67557589948, 0.053035155299, 0.058332510215, 0.028087944483, 0.048819648533],
      [0.061562401084, 0.086041744702, 0.77369089565, 0.040037287448, 0.020756827569, 0.017910843542],
      [0.035435660815, 0.57668814678, 0.052817324928, 0.12621473981, 0.11604997944, 0.092794148222]
    ],
    [
      [0.49959136086, 0.22941828272, 0.038435682989, 4.3511571624e-05, 0.22692126046, 0.0055899014013],
      [0.05816447099, 0.76924060653, 0.044218343052, 0.073056416581, 0.028782631255, 0.026537531593],
      [0.030476931723, 0.11227203329, 0.75923152458, 0.059618380558, 0.025990098541, 0.01241103131],
      [0.01398497208, 0.62585026, 0.041946673443, 0.15516163419, 0.11972647108, 0.043329989215]
    ],
    [
      [0.27598756056, 0.036234124238, 0.022478064946, 0, 0.66119988256, 0.0041003676961],
      [0.21763741863, 0.48201068599, 0.14598320381, 0, 0.11521297162, 0.039155719945],
      [0.068567300645, 0.09001153818, 0.81266386731, 0, 0.012508357853, 0.016248936013],
      [0.03252431934, 0.1304784937, 0.036799594246, 0, 0.78727449177, 0.012923100937]
    ],
    [
      [0.0035207768913, 0.0094686806293, 0.0037410918012, 1.0986701584e-06, 0.98323109642, 3.725558446e-05],
      [0, 0.73514360279, 0.13032892956, 0, 0.13452746766, 0],
      [0, 0.11814111558, 0.88185888442, 0, 0, 0],
      [0, 0.16576472568, 0.058447720416, 0, 0.7757875539, 0]
    ],
    [
      [0.64755831558, 0.11774609111, 0.028706096038, 0, 0.20516081965, 0.00082867762048],
      [0.13749333192, 0.72359871509, 0.063710327957, 0.020367691119, 0.044933300961, 0.0098966329514],
      [0.057354744291, 0.098289696221, 0.80073273533, 0.010517337273, 0.031855679354, 0.0012498075273],
      [0.034710951254, 0.60502344182, 0.05800040019, 0.069579198949, 0.20901075951, 0.023675248274]
    ],
    [
      [0.53055302811, 0.22591169316, 0.043459942371, 0, 0.19462431078, 0.0054510255741],
      [0.064349560766, 0.78577886874, 0.050919212426, 0.046446524751, 0.025791514959, 0.02671431836],
      [0.031297999001, 0.10486731742, 0.79761036539, 0.034376723028, 0.020799633059, 0.011047962101],
      [0.016147262252, 0.66797513697, 0.05139360097, 0.10715418761, 0.11168018048, 0.045649631722]
    ],
    [
      [0.47583085833, 0.18313036813, 0.042110305923, 8.216481433e-06, 0.29287425251, 0.0060459986338],
      [0.067776343037, 0.74243071548, 0.057673510162, 0.05696092473, 0.040770417941, 0.034388088649],
      [0.02931059501, 0.089824347043, 0.80202646201, 0.037440482607, 0.028733744627, 0.012664368707],
      [0.015554615102, 0.58055261899, 0.053458876928, 0.1163427275, 0.17962611615, 0.054465045324]
    ]
  ],
  "expected_outcome": [
    [
      [45.839269752, 8.9654349561, 5.9877708019, 64.3012266609, 44.8720647288, 3.0648651469, 2.4938547523, 44.6399530476, 0, 0.43752992943, 0.18921442561, 3.024311671, 21.5632867703, 21.1899463928, 30.1166438666, 2.7261049644, 0.50889170501, 6.4798578441, 0.8442956362, 3.9519610098, 7.8023042778, 1.8161272417, 10.695580155, 37.6686212971, 1.1709012695, 5.9986907113, 2.1148997634, 6.4036604049, 10.2397472352, 9.6449945462, 7.9691516042, 2.493202473, 7.4005309269, 14.04057633, 2.6398665148, 11.6877742936, 3.669055508, 2.1247949549, 16.7466298802, 8.2262580022, 0, 0, 0, 0, 11.1883401404, 27.55552254, 13.8287121864, 2.3929335895, 3.1704483402, 4.9741743007, 3.0668910878, 3.7665166866, 2.8215842467, 6.8911281216, 1.7463381709, 6.0070613383, 2.6852932755, 3.6569877582, 12.9893753824, 0.82796268167, 0, 68.6411814513, 78.5218481607, 49.0105784077],
      [6.6279796795, 1.0741401832, 2.5152433909, 25.3999926062, 9.4625327529, 1.4442063814, 0.26119705272, 10.3730905047, 0.64851533965, 0.23151676948, 0.087622438809, 0.51261984428, 14.2327101715, 3.828699999, 2.810670199, 1.8597815629, 0.39386489497, 2.3798483432, 0.95982810759, 1.3241584845, 1.3955055569, 0.60804645681, 1.7157943861, 4.4759581593, 0.61135989476, 1.8130277179, 0.74150969018, 1.3616448425, 2.3236528874, 1.2407856337, 1.92371269, 0.79320179144, 1.6234326043, 4.0111077538, 0.91452265734, 6.9676149063, 1.4069944773, 0.68505797869, 5.0844221589, 1.988241986, 0, 0, 0, 0, 2.220256799, 3.8962107516, 2.4899015448, 0.45083545169, 0.55232778431, 3.7729553528, 2.0107406489, 3.056060508, 2.407033629, 4.4195495391, 0.89639400072, 3.6879839893, 1.1872407059, 0.57791894895, 5.9648753508, 0.10870237272, 0, 12.4810856582, 33.4349305882, 18.8624279171],
      [2.5461412909, 0.10442558907, 0.59476498537, 7.2825978008, 2.9673402545, 0.34713117539, 0.079551236316, 2.8475374984, 0.099450594086, 0.054067898416, 0.03098116744, 0.14394844709, 2.0089231513, 1.1660001669, 0.90156001545, 0.4726761379, 0.081017887569, 0.54665057962, 0.19587625621, 0.42548179444, 0.4753460233, 0.1860320737, 0.70226109894, 1.2877026792, 0.10419533293, 0.59524467452, 0.18522787293, 0.47659811862, 0.62700113203, 0.27869474512, 0.69202360588, 0.18130467086, 0.53823766361, 1.1699811916, 0.19758950062, 1.5407901333, 0.53405325316, 0.25325857874, 1.1791456532, 0.31524460963, 0, 0, 0, 0, 0.57487409108, 1.2565131477, 0.69529967867, 0.15623095884, 0.26834878225, 0.68977180696, 0.45632665774, 0.62903727237, 0.40359090303, 0.69834867806, 0.25830144005, 0.52236433073, 0.22907237774, 0.1325344182, 0.99932775771, 0.067434194839, 0, 3.04284618, 6.4320714709, 4.3373615101],
      [0, 0, 0.00052688949543, 0, 0.00038287160289, 0.00059583383994, 0, 0.0048089091516, 0.00031620272213, 6.4832233062e-05, 0.00045653533026, 0.0050983965314, 4.0142059651e-06, 0, 0, 0.0011009282425, 0, 0, 0, 0.0013645881329, 0, 0, 0, 0, 0.00036390605499, 0, 0, 0, 0.00051287643249, 0, 0.00058194562941, 0.00086990178678, 0.00077418400969, 0, 0, 0.0054284967209, 0.00079954741355, 0.00056933594135, 0.0018736048721, 0, 0, 0, 0, 0, 0.0016533827054, 0.0038050931265, 0.00079536552828, 0, 0, 0.0023139963971, 0.00097102078413, 0, 0, 0.00052806029627, 0.0014010351747, 0, 0.00037236177609, 0.00050911928592, 0.0011313008622, 0, 0, 0, 0, 0.0008462975876],
      [7.7260467313, 2.8367528686, 1.8334835305, 17.3705902023, 11.4614806801, 1.0563625959, 0.16539695867, 10.7936222967, 0.25171786355, 0.25799767663, 0.69172543281, 1.301221504, 6.8465658551, 8.6884354682, 4.0643223819, 0.86613712029, 0, 2.5552742838, 0, 2.258140638, 2.3020272225, 0.36698489118, 1.8158430004, 7.4184888758, 1.1022391606, 3.4985481143, 0.93962516132, 3.6609578447, 2.7158105759, 2.8199578261, 2.3320980952, 0.51721860769, 1.398903795, 4.6400634997, 1.2245364026, 4.4568137655, 1.3124409361, 0.9014889159, 5.8333774756, 1.405204995, 0, 0, 0, 0, 2.9301322837, 6.1417418636, 6.9232728952, 0, 1.9946964403, 2.4443142189, 1.425282489, 1.4674313948, 1.2959392511, 2.8594123474, 0, 2.7159716341, 0.85389800277, 0.60015593595, 5.8999527719, 1.9835996477, 0, 21.7470468828, 28.8043979952, 30.1660480083],
      [0.26056254627, 0.01924640294, 0.068210401871, 0.64559272971, 0.23619871205, 0.086838866475, 0, 0.34098774351, 0, 0.018822893809, 0, 0.012800137144, 0.34851003765, 0.12691797315, 0.10680353703, 0.074199286243, 0.016225512449, 0.03836894935, 0, 0.038893485121, 0.024816919572, 0.022809336647, 0.070521359511, 0.14922898853, 0.010940436166, 0.094488781981, 0.018737512176, 0.097138789246, 0.093275292975, 0.01556724883, 0.082432059141, 0.014202555253, 0.038120826153, 0.13827122489, 0.023484924599, 0.34157840462, 0.07665627801, 0.034830235842, 0.15455122712, 0.065050407167, 0, 0, 0, 0, 0.084743303189, 0.14620660402, 0.062018329463, 0, 0.014178652922, 0.11647032422, 0.039788095767, 0.080954138304, 0.071851970133, 0.13103325358, 0.097565353155, 0.066618707563, 0.044123276318, 0.031893819398, 0.14533743643, 0.012301103088, 0, 0.087839827771, 0.80675178497, 0.62273785928]
    ],
    [
      [62.75756468, 22.0338051963, 16.1060022287, 124.7079336326, 137.4828763135, 9.3605013485, 4.5966986182, 105.2594584264, 0, 3.6428530758, 0.41274009256, 3.2124892472, 48.8327385844, 49.305238982, 46.7040352672, 4.8566828074, 0.34131669601, 16.9971630301, 0.14351900415, 7.6893124827, 21.955303215, 8.4198303468, 23.6545073055, 66.8511004983, 4.624501268, 19.5341962528, 8.6660316963, 7.3206262806, 33.844832591, 27.2143441799, 15.2064968167, 5.093754654, 13.5851829725, 19.9780485532, 6.6003968779, 6.7800807978, 6.9059265955, 3.9246710189, 35.3224227432, 28.1314128742, 0, 0, 0, 0.85557086696, 26.2094370368, 66.2859936521, 58.2576220577, 1.2290955142, 9.5119523368, 5.4757841567, 8.8387827018, 2.1201034423, 1.5770100588, 13.5390746191, 0.88520285178, 12.1172532397, 9.3267657397, 21.3753681931, 26.6974921846, 4.3527483725, 0, 75.8963192221, 83.7831281179, 59.6431818724],
      [264.5596423587, 105.8398424937, 197.4573326732, 1411.2038850421, 821.3809603832, 139.7424599926, 18.3288620361, 689.8914372557, 10.2819653818, 62.2733647604, 5.7187775461, 17.0543127873, 1280.3401564439, 255.3924086222, 141.5771774491, 136.7435129544, 11.1721780709, 177.8867715354, 17.6899186399, 74.6125802282, 112.4841211298, 81.1762755309, 110.4423721767, 249.0170552834, 75.84803849, 166.6685945545, 87.3928699175, 44.4705975146, 217.1756561717, 110.8223493076, 104.1869636957, 47.0097519238, 85.0870109445, 160.9628030396, 65.4953885192, 129.9398004287, 79.0387728991, 37.4699342609, 300.9848754678, 195.5858325196, 17.8969286516, 8.6755732483, 2.5063930452, 10.556486738, 149.8227595008, 286.2432106538, 304.1537801347, 8.5631072327, 47.5950251725, 241.5697727675, 249.2101478238, 123.0084835403, 179.6725847152, 351.9890439973, 42.829073059, 258.5570399421, 121.1803936079, 106.0654162177, 353.0814383968, 9.6402137199, 3.6757180139, 399.4264907286, 1023.0840870969, 653.3390296239],
      [34.6066613091, 6.2981882784, 15.5814968966, 138.3785954931, 86.2999300757, 11.6557039686, 1.913879964, 62.7829716925, 0.94911756432, 5.0503283377, 0.62359087509, 1.4643095214, 67.202802308, 27.4141121351, 17.1079403101, 12.3872205289, 0.91228717189, 13.72971954, 1.6088025584, 7.8137296739, 12.9341316341, 8.4687891478, 15.2943949247, 25.9013477748, 4.4202349677, 18.5536220883, 7.2263252082, 5.2279476546, 19.4035500814, 9.819862302, 12.4309883438, 3.3792727499, 9.3449190317, 15.6858710186, 4.7327803509, 9.9191586217, 10.1266101974, 4.5154033656, 22.9166996607, 10.611225005, 1.9531166798, 0.079422065639, 1.3076991219, 2.0045148498, 12.798355762, 31.6125985356, 30.168550323, 1.0457040381, 7.9425084049, 15.5288478927, 19.6388589714, 9.703763971, 11.3762142216, 19.7311470659, 4.5476125924, 24.3824300649, 7.8492371146, 8.3265193819, 20.2962194607, 2.9196640763, 0.65164464778, 35.1681010323, 66.2968145781, 50.7526889425],
      [23.0039129949, 2.0842689712, 13.9671212919, 101.1624557018, 70.6407407621, 17.0993693934, 0.6571848588, 73.129947879, 0.48251664793, 4.2364975972, 0.34293010785, 2.3146497707, 137.417889819, 11.0881074929, 5.2716027202, 14.1568359919, 0, 22.3544212457, 0.55775979754, 8.0928097451, 18.9503716097, 4.0007077179, 8.8639966519, 15.1486362273, 7.6441601742, 11.8646014402, 12.2788557746, 3.3345207182, 27.6885714695, 3.8934321495, 10.1491499241, 5.1870151201, 8.5133643575, 9.5071638393, 9.5255619235, 9.6757538857, 8.2406433886, 4.5642687951, 25.8050706563, 23.8948556775, 0.6065367982, 0, 2.1859078329, 2.5834275452, 16.5919983806, 26.6692863581, 24.4282185686, 2.162093215, 3.5871636115, 19.1284153345, 22.0246160889, 16.9672276648, 21.7206759177, 37.9651413732, 6.3216249353, 49.0371530281, 13.1215290086, 9.1582041038, 33.5328952106, 0, 0, 11.2429654977, 60.4733752262, 50.1256137625],
      [11.5549014338, 6.1709293706, 5.1752664735, 32.2507066649, 37.6734292711, 3.5796912136, 0.50337452301, 26.9852912075, 0.28640040593, 2.6968579124, 0.9019613784, 1.4302359916, 13.5181180351, 19.9121880928, 8.2393783663, 1.2528933052, 0, 7.2953510081, 0, 4.6240271263, 7.0062996424, 1.6173228221, 4.3341187024, 15.6327221772, 4.4719806166, 11.4643441728, 4.2349584333, 4.1229260555, 9.6495086327, 8.3461074629, 4.7451765543, 1.0938249206, 2.6724947716, 7.0533474372, 3.2554019127, 2.9616415805, 2.6976514597, 1.8315772276, 13.05342831, 4.6002580331, 0.54341787042, 0.56028958274, 0, 0, 7.5113144025, 17.0823536826, 25.38968972, 0, 5.6468999612, 5.6133437569, 6.3524723524, 1.4327571744, 2.8054457489, 7.8717190863, 0, 7.5132482185, 3.1942016542, 4.4098072838, 13.2112277461, 2.3042594324, 0.67263733829, 24.8031821302, 33.5805524766, 35.8779677879],
      [14.5173172235, 2.5729656898, 7.712780436, 50.2964234655, 28.5220631944, 10.5622740832, 0, 31.9508935389, 0, 6.1000983165, 0, 0.52400268192, 44.6882948096, 11.887944675, 7.0998658872, 7.6028544122, 0.57421806117, 3.7365736407, 0, 3.1675407439, 2.6697727689, 4.3170744345, 6.4106102388, 11.4491380391, 1.9910844835, 11.9146414915, 3.2009589701, 4.5233817765, 12.2378810538, 1.9039045981, 6.2812246655, 1.2363806316, 2.7970279223, 7.8127661122, 2.3904704157, 8.7235646857, 5.9903954597, 2.6941453319, 12.917503162, 9.1764158906, 0, 0.68471510331, 0, 0, 8.0661349173, 15.1065571177, 10.6021391961, 0, 1.7164505132, 10.6838360918, 6.9351220617, 4.7676642072, 7.8480693377, 14.9038738582, 4.4164865615, 6.3928755067, 6.327872875, 7.6646848197, 12.1807270012, 0.78311439889, 0, 5.4629413892, 34.7820425043, 30.2615180109]
    ],
    [
