{
  "X": [
    [2, 2, 16, 0],
    [69, 520, 988, 157],
    [70, 449, 1345, 111],
    [42, 183, 235, 46],
    [44, 245, 517, 74],
    [55, 356, 397, 60],
    [29, 221, 170, 62],
    [22, 167, 135, 35],
    [31, 159, 204, 42],
    [28, 238, 230, 55],
    [40, 400, 355, 87],
    [43, 256, 185, 54],
    [31, 228, 520, 51],
    [58, 334, 1309, 142],
    [2, 7, 10, 0],
    [16, 75, 80, 9],
    [58, 326, 405, 55],
    [35, 176, 214, 44],
    [37, 224, 263, 58],
    [99, 414, 415, 74],
    [43, 307, 399, 70],
    [1, 9, 17, 3],
    [5, 23, 47, 4],
    [76, 425, 707, 81],
    [90, 477, 501, 98],
    [2, 6, 10, 0],
    [2, 23, 50, 6],
    [30, 309, 1109, 108],
    [70, 480, 1655, 124],
    [24, 220, 784, 50],
    [62, 396, 439, 94],
    [1, 1, 16, 1],
    [4, 7, 48, 4],
    [2, 12, 26, 2],
    [176, 1214, 2634, 434],
    [34, 242, 398, 62],
    [41, 148, 232, 41],
    [203, 838, 1314, 196],
    [20, 113, 126, 12]
  ],
  "W": [
    [0, 1, 2, 17, 0, 0],
    [85, 178, 433, 878, 96, 64],
    [57, 172, 331, 1246, 85, 84],
    [21, 84, 152, 206, 21, 22],
    [27, 102, 189, 471, 46, 45],
    [30, 132, 265, 347, 51, 43],
    [27, 43, 200, 153, 37, 22],
    [17, 35, 130, 128, 34, 15],
    [22, 60, 133, 184, 19, 18],
    [26, 50, 213, 203, 46, 13],
    [23, 79, 353, 322, 69, 36],
    [20, 76, 207, 160, 46, 29],
    [29, 91, 162, 493, 28, 27],
    [71, 144, 251, 1239, 79, 59],
    [0, 3, 8, 8, 0, 0],
    [4, 39, 51, 76, 6, 4],
    [33, 129, 250, 350, 39, 43],
    [29, 103, 102, 196, 27, 12],
    [8, 92, 189, 243, 27, 23],
    [26, 208, 289, 391, 57, 31],
    [35, 118, 247, 334, 47, 38],
    [0, 7, 3, 18, 2, 0],
    [1, 9, 17, 41, 5, 6],
    [51, 235, 299, 592, 69, 43],
    [34, 228, 365, 426, 60, 53],
    [0, 1, 3, 11, 1, 2],
    [2, 7, 21, 43, 6, 2],
    [94, 72, 262, 997, 74, 57],
    [62, 144, 375, 1583, 95, 70],
    [24, 64, 182, 741, 31, 36],
    [35, 165, 322, 358, 67, 44],
    [0, 1, 1, 16, 0, 1],
    [1, 7, 7, 45, 2, 1],
    [0, 4, 9, 24, 3, 2],
    [135, 393, 971, 2439, 321, 199],
    [32, 90, 167, 379, 36, 32],
    [11, 78, 119, 207, 32, 15],
    [59, 352, 685, 1236, 100, 119],
    [6, 69, 67, 117, 4, 8]
  ],
  "method": "mvn_pdf",
  "cond_prob": [
    [
      [0.010717669773, 0.37675623206, 0.56126644342, 0.051259654744],
      [0.99941138809, 0.00056648943276, 2.0508926498e-05, 1.6135460999e-06],
      [0.53242454264, 0.46433509925, 0.0019664884773, 0.0012738696283],
      [0.078708204348, 0.010518550811, 0.90766223108, 0.0031110137655],
      [0.089749698398, 0.80328364383, 0.062279280038, 0.044687377737],
      [0.84120757187, 0.13468492414, 0.021441696251, 0.0026658077376]
    ],
    [
      [0.00018853503063, 0.14067451815, 0.60054006239, 0.25859688443],
      [0.25839781524, 0.59870328483, 0.11675464485, 0.026144255073],
      [0.041779131087, 0.80520684517, 0.045206321438, 0.10780770231],
      [0.0024981995881, 0.0081200121973, 0.97200798382, 0.017373804397],
      [0.0017475426398, 0.28139916403, 0.14631396338, 0.57053932995],
      [0.047678266004, 0.28057522786, 0.4570338753, 0.21471263084]
    ],
    [
      [0.00021583603022, 0.15149732998, 0.64732065176, 0.20096618224],
      [0.27225287762, 0.59328972162, 0.11576341921, 0.01869398156],
      [0.045652023353, 0.82789202156, 0.046498421012, 0.079957534071],
      [0.0026668414153, 0.0081536591653, 0.97658470165, 0.012594797766],
      [0.0022078124068, 0.33449629729, 0.17404176761, 0.48925412269],
      [0.053719753636, 0.29736894979, 0.48471801955, 0.16419327702]
    ],
    [
      [0.00031903220752, 0.15464025859, 0.55562158163, 0.28941912757],
      [0.35676500656, 0.5332950762, 0.086465561071, 0.023474356163],
      [0.063265476243, 0.79270598203, 0.036941654225, 0.1070868875],
      [0.0045051424238, 0.0095024912924, 0.96536700309, 0.020625363195],
      [0.002716147963, 0.28436018996, 0.12344530328, 0.5894783588],
      [0.076947424621, 0.29376659826, 0.4010595288, 0.22822644832]
    ],
    [
      [0.0002353870739, 0.14826688478, 0.58601363666, 0.26548409149],
      [0.29565011634, 0.57647802406, 0.10347083654, 0.024401023063],
      [0.049414829382, 0.80459845406, 0.041538788867, 0.10444792769],
      [0.0031807390371, 0.0087225013197, 0.96994120401, 0.018155555634],
      [0.0021217687528, 0.28857913192, 0.13842006414, 0.57087903519],
      [0.058358926751, 0.28976481159, 0.43617160515, 0.21570465651]
    ],
    [
      [0.00029317037104, 0.20566992023, 0.58001518895, 0.21402172046],
      [0.28513447228, 0.62008013146, 0.079495060401, 0.015290335858],
      [0.047242246713, 0.85643237594, 0.031590254224, 0.064735123118],
      [0.0039976953559, 0.012210770589, 0.96900487397, 0.01478666009],
      [0.0026439973566, 0.40047764096, 0.13704493778, 0.45983342391],
      [0.067287731683, 0.37212990561, 0.39956182226, 0.16102054045]
    ],
    [
      [0.00038632207617, 0.22014212344, 0.42543452717, 0.35403702731],
      [0.3367084152, 0.58943364094, 0.051530340481, 0.022327603379],
      [0.056195094725, 0.82691163373, 0.020797754122, 0.096095517421],
      [0.0069422700239, 0.017206762202, 0.9437255276, 0.032125440171],
      [0.0026921455041, 0.33124395543, 0.077458669573, 0.5886052295],
      [0.085002815667, 0.38103745655, 0.27968028454, 0.25427944324]
    ],
    [
      [0.00050462850213, 0.30732463623, 0.41061482193, 0.28155591334],
      [0.33183851515, 0.6177768363, 0.037102512277, 0.013282136272],
      [0.055431416135, 0.87203711285, 0.015061910162, 0.057469560853],
      [0.0093065386814, 0.02462103189, 0.93986009852, 0.026212330909],
      [0.0034867212184, 0.45883232367, 0.0738465179, 0.46383443721],
      [0.099857778634, 0.47762562094, 0.24138306704, 0.18113353338]
    ],
    [
      [0.0003374172549, 0.17826450176, 0.50608667744, 0.31531140355],
      [0.34486686602, 0.56028938055, 0.071605146045, 0.023238607381],
      [0.059176684439, 0.80824513785, 0.0296886907, 0.10288948701],
      [0.005179250729, 0.011900701185, 0.9585191534, 0.024400894681],
      [0.0026468744231, 0.30208006068, 0.10350036259, 0.59177270231],
      [0.078813923544, 0.32774811866, 0.35308814915, 0.24034980864]
    ],
    [
      [0.00030506182693, 0.19870866511, 0.54190178553, 0.25908448753],
      [0.30159023446, 0.6052299417, 0.074553014115, 0.018626809726],
      [0.049966867508, 0.84089563013, 0.029782564672, 0.079354937687],
      [0.0044088324179, 0.012496260846, 0.96415146377, 0.01894344297],
      [0.0025602952438, 0.36017920411, 0.11866760191, 0.51859289874],
      [0.070332922493, 0.36069042919, 0.37365156796, 0.19532508036]
    ],
    [
      [0.00027427307365, 0.21343971643, 0.51021905966, 0.27606695083],
      [0.26695163154, 0.64337165101, 0.06995355922, 0.019723158227],
      [0.04233210156, 0.85104593203, 0.026628868913, 0.079993097496],
      [0.0042065712961, 0.014251528614, 0.96009950077, 0.021442399317],
      [0.0021859262081, 0.36722451156, 0.10654229721, 0.52404726503],
      [0.062440546293, 0.38297147977, 0.34859430758, 0.20599366636]
    ],
    [
      [0.00043104924852, 0.23124837824, 0.49697306484, 0.27134750767],
      [0.34951152653, 0.57819754707, 0.056266009013, 0.016024917385],
      [0.06088877162, 0.84378774086, 0.023619155348, 0.071704332177],
      [0.0067371657594, 0.01572613125, 0.95608948968, 0.021447213307],
      [0.0033660561713, 0.38996468298, 0.10140831786, 0.50526094299],
      [0.093189434463, 0.39360857638, 0.32140571952, 0.19179626964]
    ],
    [
      [0.00022198812119, 0.19212584743, 0.55659273673, 0.25105942772],
      [0.24291294921, 0.65149516287, 0.085513324664, 0.020078563263],
      [0.037949930257, 0.849679614, 0.03207641217, 0.08029404357],
      [0.0031439944323, 0.011842022966, 0.96702054108, 0.017993441523],
      [0.0019108570522, 0.35718972026, 0.12543484777, 0.51546457492],
      [0.052500831041, 0.35825636861, 0.3948136864, 0.19442911394]
    ],
    [
      [0.0001957111473, 0.13056843087, 0.58207490784, 0.28716095015],
      [0.27789040682, 0.57510364653, 0.11701217672, 0.029993769937],
      [0.045444742302, 0.7833936969, 0.0458812853, 0.1252802755],
      [0.002669326632, 0.0077563475604, 0.96972609428, 0.019848231526],
      [0.0017463523081, 0.25146827849, 0.13654878456, 0.61023658465],
      [0.049941396495, 0.26274300579, 0.4468519279, 0.24046366981]
    ],
    [
      [2.8153908294e-05, 0.0093560885768, 0.98748867957, 0.0031270779444],
      [0.36829607616, 0.31440186466, 0.313548816, 0.0037532431811],
      [0.072588896274, 0.73494558262, 0.16786853502, 0.024596986087],
      [0.00037008700641, 0.00057913589544, 0.99866861123, 0.00038216586844],
      [0.0023844960843, 0.19725842978, 0.67240920965, 0.12794786449],
      [0.013003495552, 0.035050452791, 0.94539250327, 0.006553548387]
    ],
    [
      [0.0003886317961, 0.25046440174, 0.51636037251, 0.23278659395],
      [0.31363270158, 0.61784071661, 0.055369054985, 0.013157526821],
      [0.051925668961, 0.8690132803, 0.0223018788, 0.056759171942],
      [0.0057285970033, 0.01600062929, 0.96111956863, 0.017151205072],
      [0.0031328282542, 0.43750569928, 0.10614083867, 0.4532206338],
      [0.083997765275, 0.42564143103, 0.32788138569, 0.16247941801]
    ],
    [
      [0.00030208938676, 0.18535092582, 0.60659836664, 0.20774861816],
      [0.30922390559, 0.58777926258, 0.08739239773, 0.015604434107],
      [0.053124642415, 0.842301375, 0.036026623805, 0.068547358781],
      [0.0039508555367, 0.010554742713, 0.9717293549, 0.013765046847],
      [0.0028573767891, 0.37853937482, 0.15027548996, 0.46832775843],
      [0.070840018393, 0.34261235965, 0.4268756394, 0.15967198255]
    ],
    [
      [0.00029106054853, 0.2193946181, 0.46031728071, 0.31999704064],
      [0.27529351948, 0.64196087218, 0.060789097507, 0.021956510834],
      [0.043337331634, 0.844953483, 0.023014897724, 0.088694287644],
      [0.0048815019726, 0.016004541429, 0.95204436914, 0.027069587456],
      [0.0021375605836, 0.34799451575, 0.088318354602, 0.56154956906],
      [0.065518520903, 0.38920174083, 0.3100122543, 0.23526748396]
    ],
    [
      [0.00022808151276, 0.15619366867, 0.50089092323, 0.34268732659],
      [0.28280380068, 0.59931104864, 0.086928545706, 0.030956604973],
      [0.044934261456, 0.79569429953, 0.033183522053, 0.12618791696],
      [0.0035458842365, 0.010566497816, 0.95902130887, 0.026866309074],
      [0.0017678533415, 0.26144550701, 0.10140540869, 0.63538123095],
      [0.055864961928, 0.30156442556, 0.36778994233, 0.27478067019]
    ],
    [
      [0.0004720069432, 0.24132936629, 0.48297009256, 0.27522853421],
      [0.36069995607, 0.57172534965, 0.052124280642, 0.015450413647],
      [0.063912944786, 0.8440016956, 0.022150872234, 0.069934487385],
      [0.0075981243154, 0.016913863108, 0.95305812513, 0.022429887451],
      [0.0036089072716, 0.39828500184, 0.096868189547, 0.50123790134],
      [0.099873808167, 0.40250957148, 0.30678365999, 0.19083296036]
    ],
    [
      [0.00019051877922, 0.14475025637, 0.63130842817, 0.22375079668],
      [0.25583197073, 0.6027359227, 0.11937179933, 0.022060307238],
      [0.041732941259, 0.81959413341, 0.046687091685, 0.091985833646],
      [0.0024036753057, 0.0079526688148, 0.97534640044, 0.014297255435],
      [0.0018800731462, 0.30841561428, 0.16313441482, 0.52656989776],
      [0.048086062821, 0.28809600018, 0.47857980458, 0.18523813241]
    ],
    [
      [9.9868619026e-05, 0.19775492173, 0.24028874161, 0.56185646805],
      [0.12741077318, 0.80656601986, 0.033326815683, 0.032696391276],
      [0.015605434387, 0.86069791093, 0.010278282296, 0.11341837239],
      [0.0021723399317, 0.017806974535, 0.93285949791, 0.04716118762],
      [0.00046250511039, 0.19976640148, 0.026744398395, 0.77302669501],
      [0.025171555546, 0.40093288948, 0.16598684565, 0.40790870933]
    ],
    [
      [0.0002768019918, 0.14459322695, 0.71647050097, 0.13865947009],
      [0.3525669585, 0.53131036919, 0.10481635904, 0.011306313262],
      [0.061026968583, 0.83824775586, 0.046442243132, 0.054283032423],
      [0.0029841579649, 0.0067303497277, 0.98278532519, 0.0075001671174],
      [0.0033101414677, 0.37897795835, 0.20772533815, 0.40998656203],
      [0.071299957122, 0.29045228386, 0.52460652614, 0.11364123287]
    ],
    [
      [0.00017011820507, 0.12416117604, 0.70529075534, 0.17037795042],
      [0.25456256419, 0.57722590959, 0.14940570176, 0.018805824464],
      [0.043201539654, 0.81474286446, 0.060680510576, 0.081375085313],
      [0.0019391561617, 0.0061655051561, 0.98204646867, 0.0098488700155],
      [0.0019765564448, 0.31140098668, 0.21501894452, 0.47160351235],
      [0.044412730574, 0.25568613825, 0.55384383838, 0.1460572928]
    ],
    [
      [0.0002504521585, 0.16110547964, 0.58794950911, 0.2506945591],
      [0.29382083118, 0.58684869024, 0.097658600954, 0.021671877622],
      [0.049274325446, 0.81878627354, 0.039217350019, 0.092722050996],
      [0.0033779778544, 0.0094642778681, 0.97002771938, 0.017130024898],
      [0.0022730664284, 0.31558697179, 0.14004771709, 0.54209224469],
      [0.06091411202, 0.30901132313, 0.42997439236, 0.20010017249]
    ],
    [
      [0.0031934378814, 0.7013977215, 0.21553896883, 0.079869871794],
      [0.89196127956, 0.10672142587, 0.0010761807845, 0.00024111379119],
      [0.15356952546, 0.84007907957, 0.0020329844097, 0.0043184105623],
      [0.067137115956, 0.054440574332, 0.86981489025, 0.0086074194619],
      [0.016646589891, 0.87604846432, 0.022488573714, 0.084816372078],
      [0.41918949755, 0.52520325405, 0.037849031522, 0.017758216882]
    ],
    [
      [7.5728455656e-05, 0.079122347197, 0.78585128987, 0.13495063448],
      [0.18198234859, 0.57563841933, 0.22075637141, 0.021622860666],
      [0.028581855141, 0.79474114164, 0.085132956132, 0.091544047087],
      [0.00075501499211, 0.0034246793181, 0.98908377938, 0.0067365263109],
      [0.0010824336178, 0.24808309284, 0.26731675443, 0.48351771911],
      [0.022007281444, 0.18254799641, 0.66693636826, 0.12850835389]
    ],
    [
      [0.0001516991855, 0.12408468016, 0.66968779057, 0.20607583008],
      [0.23478947559, 0.59530243342, 0.1464571525, 0.023450938497],
      [0.038178622337, 0.80720933005, 0.057143760898, 0.097468286714],
      [0.0018163317226, 0.0064709204377, 0.97920052938, 0.012512218457],
      [0.0016206943665, 0.28620817172, 0.1879454003, 0.52422573361],
      [0.039702364206, 0.25610472848, 0.52717521991, 0.17701768741]
    ],
    [
      [0.00025495260877, 0.16883502436, 0.61747253456, 0.21343748847],
      [0.2890290719, 0.59389733271, 0.099236907003, 0.017836688387],
      [0.048768516111, 0.8343022705, 0.040130909352, 0.076798304034],
      [0.0032911655048, 0.0094928248521, 0.97323999002, 0.013976019624],
      [0.0024582117895, 0.35137153743, 0.15653923923, 0.48963101155],
      [0.061520751883, 0.32124318294, 0.44820887218, 0.169027193]
    ],
    [
      [0.00016441254636, 0.14036772285, 0.66671026097, 0.19275760363],
      [0.23252227755, 0.61509299964, 0.13242677761, 0.019957945202],
      [0.037507201075, 0.82877672671, 0.051295551173, 0.082420521043],
      [0.0019730035198, 0.007332999522, 0.9789742679, 0.011719729059],
      [0.0017504570325, 0.32286255604, 0.18591314748, 0.48947383945],
      [0.042101102402, 0.28346408759, 0.51260084161, 0.16183396839]
    ],
    [
      [0.00019523912258, 0.13675970865, 0.63326927707, 0.22977577516],
      [0.26890901093, 0.58457520855, 0.12321862552, 0.023297155],
      [0.044626191554, 0.80768302653, 0.048982931572, 0.09870785034],
      [0.0024579927706, 0.0074991731291, 0.97538666245, 0.014656171653],
      [0.0019314013448, 0.29204319782, 0.16424083333, 0.5417845675],
      [0.049659438491, 0.27432667681, 0.48420139243, 0.19181249227]
    ],
    [
      [0.00016773423057, 0.040145420275, 0.60575506837, 0.35393177712],
      [0.8545866707, 0.10279247702, 0.03443017679, 0.0081906754926],
      [0.087293339468, 0.74429461916, 0.042981772707, 0.12543026866],
      [0.0017966563738, 0.0020179284489, 0.98420452425, 0.011980890923],
      [0.00042843350594, 0.016356663729, 0.045432480461, 0.9377824223],
      [0.058762325141, 0.10343566476, 0.51988736935, 0.31791464075]
    ],
    [
      [0.00016634559738, 0.047186686353, 0.73318503758, 0.21946193047],
      [0.44808194479, 0.33778191882, 0.18398750616, 0.030148630223],
      [0.0845743958, 0.64076490512, 0.095868784678, 0.1787919144],
      [0.0017586875666, 0.0021687152441, 0.98518639947, 0.010886197724],
      [0.001865438911, 0.1162416206, 0.19338325193, 0.68850968855],
      [0.050371600461, 0.11090315415, 0.62854431356, 0.21018093183]
    ],
    [
      [0.00020241890158, 0.15203320508, 0.71863868359, 0.12912569243],
      [0.29123948692, 0.60314690805, 0.095037582286, 0.01057602275],
      [0.042706082563, 0.87362349479, 0.037635424929, 0.046034997713],
      [0.0020544057877, 0.0066016548036, 0.98477928697, 0.0065646524344],
      [0.0024306557807, 0.40890519086, 0.18822643683, 0.40043771653],
      [0.054511766482, 0.31958993422, 0.51740453277, 0.10849376652]
    ],
    [
      [0.00022973521299, 0.15495582147, 0.56046770526, 0.28434673806],
      [0.28274457345, 0.59298603134, 0.098349911968, 0.025919483237],
      [0.046341828172, 0.80697529312, 0.038553097073, 0.10812978163],
      [0.0032492305679, 0.0095492975559, 0.96679321327, 0.020408258609],
      [0.0019800708415, 0.2881413808, 0.1272334895, 0.58264505887],
      [0.05637767874, 0.29995049394, 0.41439555834, 0.22927626899]
    ],
    [
      [0.00027727571852, 0.22924937814, 0.46499168705, 0.30548165909],
      [0.25802464806, 0.66044551706, 0.060774832265, 0.020755002612],
      [0.039993404816, 0.85496775896, 0.022638259385, 0.082400576836],
      [0.0046255294352, 0.016639968835, 0.95296437398, 0.025770127752],
      [0.0020570844019, 0.36725704937, 0.090373441264, 0.54031242497],
      [0.061925866146, 0.40352564034, 0.31131633789, 0.22323215562]
    ],
    [
      [0.00034752111554, 0.14088551784, 0.60844031233, 0.25032664871],
      [0.39351890587, 0.49073286672, 0.095257537497, 0.020490689905],
      [0.074582669393, 0.78168686229, 0.043575655995, 0.10015481232],
      [0.0045066638991, 0.0079490565221, 0.97115975173, 0.016384527851],
      [0.0032608526275, 0.2856541727, 0.14859444167, 0.562490533],
      [0.084913525204, 0.27100479698, 0.44422322544, 0.19985845237]
    ],
    [
      [0.00043852524803, 0.18598770808, 0.5233776138, 0.29019615287],
      [0.39434569754, 0.51944663219, 0.066927446463, 0.019280223809],
      [0.073519998843, 0.80500532604, 0.029871532093, 0.091603143027],
      [0.0065819799671, 0.012161332153, 0.95916828367, 0.022088404208],
      [0.0035544776812, 0.32527550002, 0.11163084947, 0.55953917282],
      [0.09891704329, 0.33082532067, 0.35534846378, 0.21490917226]
    ],
    [
      [0.00025314653202, 0.22923850914, 0.5382938585, 0.23221448583],
      [0.24040063997, 0.67371388508, 0.070074766041, 0.015810708906],
      [0.037183998755, 0.87381303758, 0.026074695126, 0.062928268542],
      [0.0036454579812, 0.014339155686, 0.96523705724, 0.016778329091],
      [0.0021155680665, 0.41446584639, 0.11609533669, 0.46732324885],
      [0.057316768028, 0.4092309037, 0.36232415024, 0.17112817803]
    ]
  ],
  "expected_outcome": [
    [
      [0, 0.016025477604, 0.012302653722, 0.0066996763578, 0.0063554509954, 0.0087951111313, 0.010430696057, 0.0085786845362, 0.0074231796077, 0.0079316075002, 0.006308280694, 0.0086209849703, 0.0064376555146, 0.013895491459, 0, 0.0015545271844, 0.0099689497631, 0.0084407559072, 0.0018246521021, 0.012272180523, 0.0066681572726, 0, 0.0002768019918, 0.0086760284583, 0.0085153733888, 0, 0.00015145691131, 0.014259723437, 0.015807061744, 0.0039459011127, 0.0068333692903, 0, 0.00016634559738, 0, 0.031014253754, 0.0088728229925, 0.003822732271, 0.025872989634, 0.0015188791921],
      [0, 11.9573340423, 8.6353478087, 3.2474454303, 4.003205889, 6.1700976068, 5.9438373329, 5.2245188159, 3.9218190387, 5.1664252928, 4.9091134779, 4.6249675648, 5.5716495755, 9.2703585915, 0, 1.001857607, 6.1165805519, 6.3624439248, 1.2495493494, 6.2745635236, 5.066258973, 0, 0.14459322695, 6.332219978, 5.4775863077, 0, 0.15824469439, 11.6639599353, 10.4677715103, 3.3688253485, 4.7865898028, 0, 0.047186686353, 0, 20.9190358981, 7.3359801006, 1.5497406963, 10.9732747766, 1.3754310548],
      [0, 51.0459053031, 36.8972771501, 11.6680532143, 15.8223681898, 17.4004556684, 11.4867322335, 6.9804519728, 11.1339069036, 14.0894464239, 11.7350383722, 9.9394612969, 16.1411893651, 41.3273184568, 0, 2.06544149, 20.0177460991, 13.3492011406, 4.0071273858, 12.5572224064, 22.0957949858, 0, 0.71647050097, 35.9698285222, 19.9902833096, 0, 1.5717025797, 62.9506523136, 38.2832971425, 16.0010462633, 22.1644246974, 0, 0.73318503758, 0, 75.6631402098, 14.8797339856, 6.6928434356, 30.8792792144, 3.229763151],
      [0, 21.9807351769, 11.4550723875, 6.077801679, 7.1680704702, 6.4206516137, 9.5589997375, 4.7864505267, 6.9368508781, 6.7361966758, 6.3495398692, 5.4269501534, 7.2807234038, 20.3884274603, 0, 0.93114637582, 6.8557043992, 9.2799141786, 2.7414986127, 7.1559418894, 7.8312778839, 0, 0.13865947009, 8.6892754714, 8.5236150094, 0, 0.26990126895, 19.3711280276, 13.2331242854, 4.6261824872, 8.0421521305, 0, 0.21946193047, 0, 38.3868096384, 9.7754130908, 2.7535931358, 17.1215730193, 1.393286915]
    ],
    [
      [0.99941138809, 45.9948111133, 46.8274949499, 29.9682605512, 30.156311867, 37.6377503407, 14.4784618535, 11.6143480303, 20.6920119612, 15.0795117228, 21.089178892, 26.5628760165, 22.1050783777, 40.0162185814, 1.1048882285, 12.2316753618, 39.8898838207, 28.3552325064, 26.0179496628, 75.0255908617, 30.1881725463, 0.89187541224, 3.1731026265, 59.8222025847, 66.9911495097, 0.89196127956, 1.2738764401, 16.9048422425, 41.6201863533, 14.8814257632, 44.3699868039, 0.8545866707, 3.1365736135, 1.1649579477, 111.118617367, 23.2222183257, 30.6944746581, 138.8096855348, 16.5876441578],
      [0.00056648943276, 106.5691847002, 102.0458321181, 44.7967864011, 58.8007584538, 81.8505773532, 25.3456465606, 21.6221892705, 33.6173628333, 30.2614970851, 50.8263604297, 43.9430135772, 59.286059821, 82.8149251003, 0.94320559397, 24.0957879478, 75.8235248723, 66.1219698345, 55.1366164747, 118.9188727263, 71.1228388787, 5.645962139, 4.7817933227, 135.6480887527, 133.8015013749, 0.10672142587, 4.0294689353, 42.861775206, 85.5212159106, 39.3659519769, 96.4549094106, 0.10279247702, 2.3644734318, 2.4125876322, 233.0435103175, 59.4400965353, 38.2771636045, 182.8452145296, 46.4862580708],
      [2.0508926498e-05, 20.7823267834, 19.9113081036, 7.26310713, 10.5540253268, 10.4933479729, 2.2158046407, 1.2985879297, 4.2963087627, 3.7276507057, 5.5263311784, 4.276216685, 7.7817125444, 16.8497534475, 0.94064644801, 2.1593931444, 11.2736193072, 6.2612770432, 7.9974262049, 10.8418503734, 14.0858723209, 0.23328770978, 0.94334723139, 35.1103399137, 22.2661610176, 0.0010761807845, 1.5452945999, 10.5449149797, 14.2901146084, 8.475313767, 20.3310732104, 0.03443017679, 1.2879125431, 0.38015032915, 38.6515154035, 5.4697349039, 7.4300879247, 23.5584611549, 4.8351588568],
      [1.6135460999e-06, 4.653677403, 3.2153648283, 1.9718459177, 2.4889043524, 2.0183243332, 0.96008694531, 0.46487476953, 1.3943164428, 0.9313404863, 1.5581295, 1.2178937212, 1.8271492569, 4.3191028709, 0.011259729543, 0.51314354603, 2.0129719998, 2.261520616, 2.8480076575, 3.2136860386, 2.603116254, 0.22887473893, 0.10175681936, 4.419368749, 4.9411880978, 0.00024111379119, 0.15136002466, 1.6884675718, 2.5684831277, 1.2773084929, 3.844030575, 0.0081906754926, 0.21104041156, 0.042304091, 10.186356912, 1.8679502351, 1.5982738126, 6.7866387807, 1.0909389145]
    ],
    [
      [1.0648490853, 18.0903637605, 15.1108197299, 9.6163523889, 9.3394027533, 12.519195379, 11.2390189449, 7.2060840975, 7.8704990303, 10.6429427792, 14.9432318506, 12.6039757253, 6.1478887017, 11.4066303177, 0.58071117019, 2.648209117, 13.2811606038, 4.4204078267, 8.4925754153, 18.470841043, 10.308036491, 0.04681630316, 1.0374584659, 12.9172603566, 17.9851287877, 0.46070857638, 0.60021895796, 10.0027990522, 18.2881935417, 6.8263105957, 14.3696336805, 0.087293339468, 0.5920207706, 0.38435474307, 44.9979151555, 6.6788986043, 8.8753376578, 50.3611992075, 2.4913279166],
      [0.92867019851, 348.6545639571, 274.0322591376, 120.4913092688, 152.0691078177, 226.9545796254, 165.3823267464, 113.3648246705, 107.4966033338, 179.1107692185, 300.4192140071, 174.6640623572, 137.6480974684, 196.631817921, 5.879564661, 44.3196772952, 210.5753437495, 86.1852552658, 150.3862226106, 243.916490027, 202.4397509522, 2.5820937328, 14.2502118497, 243.6081164726, 298.8569898418, 2.5202372387, 16.6895639744, 211.4888444734, 312.8633514387, 150.837364261, 260.0739345439, 0.74429461916, 4.4853543359, 7.8626114532, 783.5730096208, 142.7796157468, 93.020736613, 551.4286483351, 58.5454735177],
      [0.0039329769545, 19.5743371825, 15.390977355, 5.6151314422, 7.8508310959, 8.3714173694, 4.1595508244, 1.9580483211, 3.9485958631, 6.3436862751, 9.3999907262, 4.889165157, 5.1963787716, 11.5162026102, 1.3429482801, 1.1373958188, 9.0066559513, 2.3475195679, 6.2716856681, 6.4016020757, 11.5317116461, 0.030834846889, 0.78951813324, 18.1434726622, 14.314332757, 0.0060989532292, 1.7877920788, 14.9716653553, 15.0490910068, 9.3357903135, 15.772503966, 0.042981772707, 0.67108149274, 0.33871882436, 37.4350572579, 3.7805893174, 5.1855030634, 20.4619994837, 1.7470045734],
      [0.0025477392567, 46.6807350999, 26.4659437775, 16.2772069, 19.7406583332, 17.1548076262, 19.2191034843, 7.4710429109, 13.6843017728, 16.9026017273, 28.237563416, 14.8427967606, 13.0076350583, 31.4453491511, 0.1967758887, 2.8947177691, 17.1368396953, 9.0468173397, 23.8495163061, 20.2110668542, 22.7205009107, 0.34025511717, 0.92281155118, 24.3311505085, 33.8435486134, 0.012955231687, 1.9224249888, 25.5366911191, 28.7993640128, 15.0005348298, 31.7839278096, 0.12543026866, 1.2515434008, 0.41431497942, 104.9940179657, 13.7608963316, 11.9184226657, 62.7481529736, 4.2161939923]
    ],
    [
      [1.3380394739, 2.1934192383, 3.3228844035, 0.92805933931, 1.4981280865, 1.3872002885, 1.0621673137, 1.1912369512, 0.95298213414, 0.89499298082, 1.3545159573, 1.0779465215, 1.5499892551, 3.307295697, 0.0029606960513, 0.43537337225, 1.3827994378, 0.95677438664, 0.86164986948, 2.9708666073, 0.80282755209, 0.039102118771, 0.12235047656, 1.1479804477, 1.439018566, 0.73850827551, 0.032465644661, 1.8108827274, 5.2099149941, 1.4619956081, 0.87996141186, 0.02874650198, 0.079140940496, 0.049305738906, 7.9248733552, 1.753075656, 0.93287942712, 8.1353272393, 0.4265185838],
      [0.17881536379, 7.1293707093, 10.15945932, 1.9575132062, 4.1082981216, 4.2371373943, 2.6326346169, 3.151492082, 2.189729018, 2.5367409517, 4.5889922137, 2.516181, 5.8381173225, 9.6101146273, 0.0046330871635, 1.216047826, 3.6941599497, 3.13689012, 2.5676589693, 6.6133204752, 2.6561913842, 0.32052554164, 0.27594433884, 3.6499790524, 4.0317823718, 0.59884631765, 0.14726121068, 6.4515076764, 15.0271417408, 5.4337526458, 2.6847039802, 0.032286855182, 0.097592185984, 0.15843971529, 23.2907367388, 6.3065481884, 1.6454547001, 15.0314065411, 1.6776812152],
      [15.4302579283, 853.4230097916, 1216.8245382602, 198.8656026363, 456.8423070882, 336.2446912661, 144.3900057232, 120.3020926104, 176.3675242265, 195.7227471446, 309.1520392488, 152.9743183494, 476.7411267516, 1201.490630815, 7.9893488898, 73.0450872162, 340.1052742161, 186.6006963519, 233.0421780564, 372.6457269242, 325.7656977485, 16.7914709624, 40.2941983328, 581.3715094507, 413.2318084557, 9.5679637928, 42.5306025133, 976.2629277947, 1540.6389042, 725.4199325132, 349.188425156, 15.7472723881, 44.3333879759, 23.6347028874, 2358.0086471583, 361.1734977375, 201.0300686077, 1185.531998618, 112.9327356973],
      [0.052887234014, 15.2542002608, 15.6931180163, 4.2488248182, 8.5512667038, 5.1309710511, 4.9151923462, 3.3551783564, 4.4897646214, 3.8455189229, 6.9044525801, 3.4315541291, 8.8707666708, 24.5919588607, 0.0030573269476, 1.3034915855, 4.8177663963, 5.3056391415, 6.5285131049, 8.7700859933, 4.7752833153, 0.84890137717, 0.30750685181, 5.8305310492, 7.2973906066, 0.094681614081, 0.28967063137, 12.4746818015, 22.1240390651, 8.6843192329, 5.2469094519, 0.19169425476, 0.48987889757, 0.15755165843, 49.7757427477, 9.7668784181, 3.3915972651, 27.3012676015, 1.9630645037]
    ],
    [
      [0, 0.16776409342, 0.18766405457, 0.057039107224, 0.097601362628, 0.13484386519, 0.099609383652, 0.11854852142, 0.050290614039, 0.11777358122, 0.15082890836, 0.15483858388, 0.05350399746, 0.13796183234, 0, 0.018796969525, 0.11143769478, 0.057714135756, 0.047732040221, 0.20570771448, 0.088363437871, 0.00092501022079, 0.016550707338, 0.13638239469, 0.1363839857, 0.016646589891, 0.0064946017066, 0.11993138312, 0.23353012, 0.054264168009, 0.1294038901, 0, 0.003730877822, 0.007291967342, 0.63560274013, 0.07405503847, 0.10434728408, 0.35544776812, 0.008462272266],
      [0, 27.0143197469, 28.4321852698, 5.9715639891, 13.2746400683, 20.4243596887, 12.2560263508, 15.6002990048, 5.7395211529, 16.5682433888, 25.3384912974, 17.9383754171, 10.0013121674, 19.8659940004, 0, 2.6250341957, 14.763035618, 9.3958519253, 7.0590286893, 22.7022451047, 14.495533871, 0.39953280297, 1.8948897918, 21.4866680809, 18.9352183074, 0.87604846432, 1.488498557, 21.1794047075, 33.3802960555, 10.0087392373, 19.566894254, 0, 0.23248324121, 1.2267155726, 92.4933832354, 13.2212537772, 9.1409335265, 32.5275500021, 1.6578633856],
      [0, 14.0461404842, 14.793550247, 2.5923513689, 6.3673229503, 6.9892918267, 2.8659707742, 2.5107816086, 1.9665068891, 5.4587096881, 7.3514185074, 4.6647826217, 3.5121757375, 10.78735398, 0, 0.63684503205, 5.8607441085, 2.3845955743, 2.7379460347, 5.5214868042, 7.6673174966, 0.05348879679, 1.0386266908, 14.836307172, 8.4028630255, 0.022488573714, 1.6039005266, 13.9079596225, 14.8712277271, 5.7633075718, 11.0041358332, 0, 0.38676650387, 0.56467931049, 40.841950128, 3.2534438855, 4.7550221333, 11.1630849475, 0.46438134676],
      [0, 54.7717756755, 41.5866004286, 12.3790455347, 26.2604356187, 23.4515046194, 21.7783934914, 15.7703708652, 11.2436813439, 23.8552733419, 36.1592612868, 23.2420033773, 14.4330080977, 48.2086901873, 0, 2.7193238028, 18.2647825787, 15.1618383647, 17.1552932358, 28.5705603766, 24.7487851945, 1.54605339, 2.0499328101, 32.5406423525, 32.5255346814, 0.084816372078, 2.9011063147, 38.7927042869, 46.5149460974, 15.1736890229, 36.2995660227, 0, 1.3770193771, 1.2013131496, 187.0290638965, 19.4512472988, 17.9996970561, 55.9539172824, 1.8692929954]
    ],
    [
      [0, 3.0514090243, 4.5124593054, 1.6928433417, 2.6261517038, 2.8933724624, 1.8700619447, 1.4978666795, 1.4186506238, 0.91432799241, 2.2478596666, 2.7024935994, 1.4175224381, 2.9465423932, 0, 0.3359910611, 3.0461207909, 0.78622225084, 1.2848941243, 3.0960880532, 1.8272703872, 0, 0.42779974273, 1.9097474147, 3.2284479371, 0.83837899509, 0.044014562889, 2.2630347597, 4.3064526318, 1.5156396865, 2.1850152936, 0.058762325141, 0.050371600461, 0.10902353296, 11.2191580692, 1.9816277167, 1.2737028781, 11.7711281516, 0.45853414422],
      [0, 17.956814583, 24.9789917824, 6.4628651617, 13.0394165215, 16.0015859411, 8.3828240442, 7.1643843142, 5.8994661359, 4.6889755795, 13.7869732716, 11.4146487149, 9.6729219525, 15.5018373417, 0, 1.7025657241, 14.732331465, 4.67042089, 6.9359817878, 12.4777967159, 10.947648007, 0, 1.7427137032, 10.9945039447, 16.3776001258, 1.0504065081, 0.36509599281, 14.5979695232, 22.4870228057, 10.2047071533, 12.0703737796, 0.10343566476, 0.11090315415, 0.63917986845, 59.6901482937, 12.9128204909, 4.0650719548, 39.3682131598, 3.2738472296],
      [0, 29.250168019, 40.7163136425, 8.8233096335, 19.6277222319, 17.1811583572, 6.1529662598, 3.6207460057, 6.3555866847, 4.8574703835, 12.549395073, 9.320765866, 10.6599695329, 26.3642637463, 0, 1.3115255428, 18.3556524943, 3.7201470516, 8.4591686736, 9.5102934596, 18.1860325742, 0, 3.1476391569, 23.8152850502, 22.7886427952, 0.075698063044, 1.3338727365, 30.0489875346, 31.3746210524, 18.453630298, 21.3048612668, 0.51988736935, 0.62854431356, 1.0348090655, 82.4647161089, 9.9621228125, 6.6633483816, 42.2864671898, 2.8985932019],
      [0, 13.7416083737, 13.7922352696, 5.0209818631, 9.7067095427, 6.9238832394, 5.5941477514, 2.7170030007, 4.3262965556, 2.5392260446, 7.4157719889, 5.5620918196, 5.2495860765, 14.1873565188, 0, 0.64991767202, 6.8658952498, 2.8232098076, 6.3199554143, 5.9158217713, 7.0390490316, 0, 0.68184739724, 6.2804635903, 10.6053091419, 0.035516433764, 0.25701670778, 10.0900081824, 11.8319035101, 5.8260228622, 8.43974966, 0.31791464075, 0.21018093183, 0.21698753304, 45.6259775282, 7.1434289798, 2.9978767856, 25.5741914989, 1.3690254243]
    ]
  ],
  "prob": [
    [0.00026383708815, 0.16684681885, 0.58009835817, 0.2527909859],
    [0.29808240095, 0.58690356645, 0.093793437591, 0.021220595009],
    [0.050296948758, 0.82091900229, 0.037803248809, 0.090980800143],
    [0.0036170134126, 0.0099689237214, 0.9688158999, 0.017598162962],
    [0.0023640312997, 0.32246799482, 0.13707541962, 0.53809255425],
    [0.063410280092, 0.31636928419, 0.42045534264, 0.19976509308]
  ],
  "iterations": 132,
  "time": 0.020346,
  "message": "Converged",
  "status": 0,
  "miniter": 0,
  "maxiter": 1000,
  "maxtime": 3600,
  "param_threshold": 0.001,
  "ll_threshold": "-Inf",
  "initial_prob": "group_proportional",
  "candidates_id": ["MARRYATT, Nicholas John.c", "SCHOENBERGER-ORGAD, Sehai.c", "BENNETT, David Allister.c", "Other candidates votes.c"],
  "group_id": ["Conservative Party.p", "Green Party.p", "Labour Party.p", "National Party.p", "New Zealand First Party.p", "Other parties votes.p"]
}
