{
  "Z_true": {},
  "V_true": [
    [854, 32, 593, 25],
    [138, 669, 449, 170],
    [266, 5806, 757, 324],
    [1236, 202, 17952, 358],
    [212, 630, 720, 223],
    [347, 210, 573, 216]
  ],
  "p_true": [
    [0.5678, 0.0213, 0.3943, 0.0166],
    [0.0968, 0.4691, 0.3149, 0.1192],
    [0.0372, 0.8117, 0.1058, 0.0453],
    [0.0626, 0.0102, 0.9091, 0.0181],
    [0.1188, 0.3529, 0.4034, 0.1249],
    [0.2578, 0.156, 0.4257, 0.1605]
  ],
  "Z_est": [
    [
      [22.0698, 10.2701, 23.0433, 34.0602, 4.3693, 15.6534, 18.3228, 6.0964, 5.4863, 19.0005, 20.6301, 20.8357, 3.5219, 1.5805, 0.7037, 5.7964, 14.5272, 11.9141, 7.3284, 1.4977, 0.3668, 26.3243, 9.8094, 0, 1.1748, 0, 0, 0.8893, 1.7117, 0, 6.5658, 6.0029, 0, 128.5065, 12.7287, 26.7902, 2.5471],
      [3.938, 3.5802, 4.657, 4.2512, 0.9595, 4.5844, 4.238, 2.7383, 2.0188, 3.8319, 5.0286, 2.3383, 0.9982, 0.2484, 0.2271, 1.0171, 3.2193, 2.857, 2.2779, 0.1699, 0.1262, 2.4434, 2.2334, 0, 0.2032, 0, 0, 0.1905, 0.2031, 0, 2.6239, 1.7219, 0, 42.1745, 3.4321, 9.3019, 2.1657],
      [34.4019, 23.8846, 39.499, 50.58, 11.684, 28.9973, 31.3272, 11.5075, 14.8686, 34.0039, 38.3471, 33.8383, 5.3273, 2.1022, 1.0563, 7.7967, 21.4905, 27.1158, 10.7871, 2.8686, 0.4574, 36.7987, 16.05, 0, 1.5666, 0, 0, 1.679, 4.0853, 0, 15.0618, 12.0881, 0, 256.9033, 22.6189, 48.071, 7.7894],
      [3.5903, 2.2651, 3.8008, 5.1086, 0.9873, 0.765, 2.112, 0.6578, 1.6263, 3.1637, 2.9942, 3.9878, 0.1525, 0.0689, 0.0129, 0.3898, 0.7631, 3.113, 0.6067, 0.4638, 0.0495, 4.4335, 1.9073, 0, 0.0553, 0, 0, 0.2412, 0, 0, 1.7484, 1.1871, 0, 8.4157, 1.2204, 2.8368, 0.4978]
    ],
    [
      [5.8092, 3.6059, 8.9415, 10.0689, 1.2071, 4.511, 3.1899, 1.4768, 2.3585, 7.6069, 6.1828, 4.6203, 1.4148, 0.6752, 0.5664, 1.5669, 6.3707, 5.4935, 2.995, 0.6462, 0.1167, 9.1267, 4.5956, 0, 0.1593, 0.1156, 0, 0.6683, 0, 0, 3.3893, 2.6102, 0.1377, 31.6931, 4.7271, 11.7282, 1.8616],
      [2.7882, 4.5509, 6.266, 3.2402, 1.1296, 4.5399, 2.0765, 6.2178, 4.0041, 4.8295, 4.7711, 1.8193, 5.6891, 1.7563, 0.4987, 0.7379, 3.2427, 6.0444, 2.2229, 0.3567, 0.2452, 2.1995, 3.1941, 0, 0.1507, 0.2164, 1, 0.7321, 0, 0.1761, 5.3271, 2.4713, 0.0024, 30.2224, 6.4219, 16.6383, 7.3834],
      [26.9484, 31.6331, 57.2337, 43.8721, 12.8746, 31.0071, 16.406, 12.7067, 26.156, 52.2048, 41.4796, 24.6179, 8.4426, 3.8759, 4.5965, 6.8685, 27.1561, 48.9281, 13.52, 4.9453, 0.4764, 38.7904, 26.2091, 0, 0.6061, 0.5908, 0, 5.4502, 0, 0.7086, 28.7028, 20.3585, 0.8599, 231.0862, 31.8873, 81.2525, 25.6149],
      [4.4542, 5.2102, 7.5588, 6.8189, 1.7887, 2.942, 2.3276, 2.5987, 4.4814, 5.3587, 4.5665, 3.9425, 1.4535, 0.6926, 0.3384, 0.8268, 3.2306, 8.5339, 2.262, 1.0519, 0.1616, 5.8834, 4.0012, 0, 0.0838, 0.0772, 0, 1.1494, 0, 0.1154, 5.5806, 2.56, 0, 28.9983, 4.9637, 15.381, 5.1401]
    ],
    [
      [1.8826, 0.1569, 4.7835, 9.9117, 0.6604, 5.7889, 3.6066, 1.4291, 0.041, 4.4877, 4.4838, 8.1041, 6.4733, 4.4627, 1.2005, 4.0848, 4.2228, 0.2863, 0.305, 0.0426, 0.1274, 9.0883, 0.2047, 0.1659, 1.2754, 2.5734, 0, 0.0516, 0.4246, 0, 0.0575, 0.092, 0.257, 11.6292, 2.457, 2.9656, 0.0113],
      [92.5573, 104.7346, 286.6867, 126.5244, 71.2343, 270.4836, 121.2467, 369.5817, 44.5431, 168.3306, 217.6156, 214.9296, 459.6985, 232.1525, 51.4307, 86.6799, 89.7355, 105.5533, 36.6799, 15.7031, 11.4795, 112.1177, 68.4495, 56.7024, 35.5633, 87.1992, 11, 15.4416, 10.8382, 5.359, 51.6826, 56.3585, 0.9517, 1728.2222, 269.0019, 518.194, 34.9684],
      [0.8783, 0.5799, 7.2717, 6.0285, 3.9311, 13.7726, 3.8299, 3.9925, 0.1461, 6.322, 7.39, 10.4479, 5.3853, 2.6455, 3.9365, 4.0774, 2.9784, 0.7215, 0.0868, 0.1999, 0.0456, 5.2573, 0.2013, 2.0527, 0.7633, 4.164, 0, 0.2079, 0.7372, 0.1338, 0.1138, 0.5623, 0.7913, 51.4731, 5.9854, 6.5038, 0.046],
      [11.6819, 10.5286, 30.2582, 22.5354, 9.1742, 24.9549, 14.3168, 26.9967, 4.2698, 15.8597, 18.5105, 32.5184, 25.4429, 17.7392, 3.4323, 9.1579, 11.0633, 12.439, 3.9284, 3.0544, 1.3474, 20.5367, 7.1445, 9.079, 3.3981, 6.0634, 0, 2.2989, 0, 0.5072, 5.1467, 4.9872, 0, 185.6755, 32.5557, 62.3366, 2.9743]
    ],
    [
      [74.7738, 39.3114, 123.7758, 99.2412, 12.02, 54.0311, 39.5922, 21.1016, 16.4841, 113.2053, 96.3423, 98.6092, 6.6057, 5.3592, 11.8801, 29.8033, 37.9912, 40.4656, 25.6528, 7.8764, 0.7529, 135.0097, 58.1209, 0.3048, 1.1649, 0.8277, 0, 4.9855, 3.2191, 0, 24.5082, 33.0815, 1.4954, 480.3748, 36.5562, 100.3974, 9.618],
      [4.615, 12.0804, 13.9156, 1.954, 2.6611, 7.5467, 2.7685, 16.0634, 8.8974, 10.2679, 13.867, 4.7063, 0.7162, 0.3382, 2.2119, 1.474, 1.3429, 9.8826, 2.8673, 0.8431, 0.0734, 2.1729, 7.249, 0.0636, 0.0206, 0.0198, 0, 1.0009, 0.2362, 0.5823, 9.2633, 7.6501, 0.0025, 83.0425, 4.8156, 21.9659, 14.5528],
      [458.6886, 534.2508, 1138.5832, 574.6593, 285.0225, 541.9364, 301.214, 246.1912, 337.7243, 1158.8624, 927.2228, 775.6294, 52.6443, 35.2597, 147.3845, 173.7403, 257.2636, 606.1442, 151.447, 96.5721, 5.1276, 749.3235, 425.5127, 10.5725, 6.8059, 6.1503, 0, 58.5392, 33.5446, 10.3008, 301.5914, 366.2885, 14.5021, 5154.7951, 347.9029, 946.5058, 197.1076],
      [6.9225, 9.3575, 11.7254, 7.1455, 3.2965, 2.4858, 2.4253, 1.6438, 7.8941, 9.6644, 7.5678, 9.0552, 0.0337, 0.0428, 0.5235, 0.9823, 1.4023, 12.5077, 2.0329, 2.7084, 0.0461, 9.4939, 7.1174, 0.0592, 0.0086, 0.0022, 0, 1.4743, 0, 0.1169, 7.6364, 4.9799, 0, 46.7877, 2.7253, 11.1309, 5.7216]
    ],
    [
      [4.4217, 1.6626, 4.9962, 8.1511, 0.5377, 1.8164, 2.2957, 0.4551, 0.4713, 5.3023, 2.5645, 3.9301, 0.6775, 0.7677, 0.2307, 0.7335, 3.7853, 1.7248, 3.0348, 0.2087, 0.0383, 9.4665, 2.6393, 0.0305, 0.1206, 0.1653, 0, 0.07, 0.4942, 0, 0.5199, 0.4874, 0.11, 23.0529, 1.4627, 3.0714, 0.1237],
      [11.1127, 26.0155, 25.6322, 10.6685, 6.2767, 15.6257, 9.2614, 22.1379, 11.6587, 17.4144, 14.4499, 12.7473, 23.6131, 18.6597, 1.9745, 2.526, 8.4994, 21.7092, 10.157, 1.4508, 0.5648, 9.694, 12.1137, 2.8885, 1.0902, 4.1683, 0, 0.9876, 1.2915, 0.8826, 11.9869, 5.67, 0.0434, 188.4709, 18.9412, 45.7359, 8.0463],
      [22.538, 33.6529, 48.9102, 36.8698, 14.9676, 24.5714, 15.5414, 7.35, 12.6546, 50.0063, 28.0497, 34.4902, 4.2098, 4.4335, 4.2758, 4.7178, 18.0277, 34.1552, 13.0196, 3.9185, 0.1643, 44.2386, 19.1709, 0.8963, 0.4231, 0.8302, 0, 1.3556, 3.2143, 0.8569, 10.3843, 8.0434, 0.8467, 313.8257, 18.306, 42.0834, 4.5114],
      [5.9277, 9.6689, 10.4614, 8.3107, 3.218, 4.9865, 3.9015, 5.0571, 4.2155, 7.2771, 4.9358, 7.8323, 4.4996, 4.1392, 0.519, 1.0227, 3.6877, 10.4108, 3.7885, 1.422, 0.2326, 8.6009, 5.0761, 1.1847, 0.3662, 0.8362, 0, 0.5868, 0, 0.2605, 4.1091, 1.7992, 0, 69.6505, 7.2901, 18.1094, 2.3186]
    ],
    [
      [15.0429, 7.9932, 34.4597, 14.567, 5.2055, 13.1993, 11.9928, 5.441, 4.1587, 22.3973, 18.7964, 26.9007, 4.3069, 3.1546, 3.4187, 10.015, 14.103, 9.1157, 4.684, 1.7284, 0.5979, 24.9845, 7.6302, 0.4989, 1.105, 0.3181, 0, 1.3353, 1.1504, 0, 4.9592, 4.7261, 0, 82.7435, 10.0682, 28.0472, 1.8384],
      [3.9889, 4.0384, 12.8425, 2.3618, 1.7389, 6.2196, 4.4089, 16.2609, 1.8779, 6.3256, 7.2678, 7.4592, 9.2848, 4.8449, 1.6572, 3.5651, 3.9603, 2.9535, 1.795, 0.4764, 1.5108, 3.3725, 2.7604, 3.3455, 0.9719, 0.3963, 0, 0.6472, 0.431, 0, 3.1161, 2.1282, 0, 34.8675, 7.3874, 22.164, 3.8834],
      [21.5448, 16.9987, 68.5023, 17.9903, 12.5202, 24.7152, 18.6814, 10.2522, 8.4504, 47.6006, 38.5107, 47.9763, 3.9906, 2.6832, 8.7503, 14.7992, 20.0837, 15.9352, 6.1395, 3.4957, 0.7286, 34.5914, 12.8559, 3.4785, 0.8351, 0.2647, 0, 2.7681, 2.4186, 0, 10.1459, 10.6592, 0, 157.9167, 16.2995, 49.5834, 4.9306],
      [1.4234, 0.9697, 3.1955, 1.081, 0.5354, 0.8659, 0.9169, 1.0459, 0.513, 1.6765, 1.4251, 2.6637, 0.4178, 0.3173, 0.1738, 0.6206, 0.853, 0.9956, 0.3816, 0.2996, 0.1627, 2.0516, 0.7535, 0.6771, 0.088, 0.021, 0, 0.2494, 0, 0, 0.7787, 0.4865, 0, 6.4723, 1.2448, 4.2053, 0.3476]
    ]
  ],
  "V_est": [
    [470.1253, 119.9987, 854.6534, 59.2225],
    [150.2369, 143.1628, 988.0665, 144.5337],
    [97.7948, 6239.6314, 163.6609, 651.9136],
    [1844.5392, 271.7309, 17435.0112, 196.7179],
    [89.6202, 584.1665, 885.511, 225.7027],
    [400.6836, 190.3097, 717.0971, 37.9095]
  ],
  "p_est": [
    [0.3126, 0.0798, 0.5683, 0.0394],
    [0.1054, 0.1004, 0.6929, 0.1014],
    [0.0137, 0.8723, 0.0229, 0.0911],
    [0.0934, 0.0138, 0.8829, 0.01],
    [0.0502, 0.3273, 0.4961, 0.1264],
    [0.2977, 0.1414, 0.5328, 0.0282]
  ],
  "EI_Z": {},
  "EI_V": 8.3156,
  "MAE_Z": {},
  "MAE_V": 228.4156,
  "MAE_p": 0.0853,
  "runtime": 91.486
}
