{
  "X": [
    [24, 7, 88, 1, 11],
    [3, 10, 21, 3, 3],
    [96, 358, 1130, 98, 116],
    [84, 368, 693, 100, 94],
    [56, 281, 425, 74, 73],
    [69, 220, 593, 58, 54],
    [31, 135, 255, 44, 37],
    [89, 371, 1102, 122, 102],
    [61, 165, 525, 38, 64],
    [4, 6, 108, 3, 14],
    [6, 32, 92, 14, 17],
    [11, 50, 105, 3, 4],
    [6, 6, 71, 3, 1],
    [12, 34, 113, 12, 8],
    [0, 13, 23, 1, 2],
    [2, 13, 81, 2, 9],
    [11, 32, 229, 24, 24],
    [4, 7, 94, 3, 15],
    [6, 11, 123, 5, 16],
    [2, 12, 78, 3, 5],
    [19, 21, 249, 10, 21],
    [103, 93, 660, 34, 76],
    [8, 22, 185, 5, 21],
    [17, 40, 115, 14, 13],
    [3, 13, 92, 3, 6],
    [97, 151, 481, 41, 89],
    [64, 151, 402, 64, 35],
    [4, 9, 71, 4, 10],
    [19, 70, 153, 15, 13],
    [48, 221, 299, 45, 47],
    [66, 221, 314, 67, 46],
    [46, 127, 153, 39, 29],
    [41, 193, 246, 34, 41],
    [68, 264, 238, 29, 40],
    [22, 105, 126, 20, 22],
    [30, 103, 102, 19, 25],
    [47, 117, 397, 34, 26],
    [42, 238, 221, 49, 37],
    [56, 189, 249, 28, 35],
    [38, 121, 292, 24, 42],
    [73, 386, 262, 48, 60],
    [83, 453, 397, 92, 59],
    [55, 171, 165, 15, 28],
    [67, 335, 233, 46, 39],
    [108, 322, 472, 55, 47],
    [65, 205, 241, 48, 37],
    [54, 118, 213, 23, 33],
    [49, 205, 155, 38, 27],
    [68, 267, 548, 52, 58],
    [49, 207, 171, 41, 45],
    [122, 313, 391, 53, 41],
    [14, 100, 193, 28, 24],
    [35, 153, 225, 25, 28],
    [13, 27, 140, 16, 21],
    [14, 22, 189, 4, 7],
    [28, 59, 129, 17, 17],
    [1, 2, 106, 5, 5],
    [348, 1161, 2837, 191, 278],
    [26, 97, 195, 21, 23],
    [159, 389, 879, 68, 91],
    [22, 20, 71, 3, 5]
  ],
  "W": [
    [15, 9, 105, 2],
    [0, 16, 23, 1],
    [53, 429, 1236, 80],
    [55, 433, 776, 75],
    [31, 323, 493, 62],
    [47, 247, 655, 45],
    [20, 166, 283, 33],
    [70, 425, 1201, 90],
    [38, 192, 591, 32],
    [1, 10, 117, 7],
    [9, 33, 109, 10],
    [10, 54, 103, 6],
    [4, 10, 72, 1],
    [6, 38, 123, 12],
    [2, 12, 25, 0],
    [4, 7, 93, 3],
    [13, 51, 238, 18],
    [5, 10, 104, 4],
    [3, 14, 140, 4],
    [2, 13, 83, 2],
    [5, 32, 256, 27],
    [57, 132, 729, 48],
    [11, 24, 201, 5],
    [16, 64, 110, 9],
    [4, 14, 97, 2],
    [59, 276, 486, 38],
    [43, 185, 456, 32],
    [3, 12, 79, 4],
    [5, 126, 118, 21],
    [33, 303, 297, 27],
    [36, 341, 307, 30],
    [33, 190, 152, 19],
    [34, 251, 247, 23],
    [39, 374, 204, 22],
    [17, 146, 120, 12],
    [13, 158, 98, 10],
    [27, 209, 366, 19],
    [28, 328, 208, 23],
    [39, 254, 239, 25],
    [22, 197, 268, 30],
    [47, 494, 245, 43],
    [49, 635, 343, 57],
    [23, 249, 138, 24],
    [34, 444, 206, 36],
    [55, 476, 433, 40],
    [43, 301, 222, 30],
    [33, 173, 214, 21],
    [26, 277, 146, 25],
    [40, 417, 489, 47],
    [31, 295, 161, 26],
    [71, 477, 338, 34],
    [11, 139, 184, 25],
    [19, 222, 208, 17],
    [3, 35, 163, 16],
    [9, 25, 195, 7],
    [19, 96, 121, 14],
    [0, 4, 110, 5],
    [177, 1523, 2894, 221],
    [21, 119, 206, 16],
    [131, 497, 890, 68],
    [12, 37, 66, 6]
  ],
  "method": "mvn_cdf",
  "mvncdf_method": "genz",
  "mvncdf_samples": 5000,
  "mvncdf_error": 0.001,
  "cond_prob": [
    [
      [0.90905478365, 0.028020378525, 0.033862250243, 0.0041134993814, 0.024949088196],
      [0.33151138173, 0.44780800645, 0.12715637718, 0.029820207912, 0.06370402672],
      [0.066613323789, 0.021696147526, 0.8154107521, 0.0042001310779, 0.092079645511],
      [0.19308840588, 0.13566338688, 0.36476494082, 0.11445093744, 0.19203232898]
    ],
    [
      [0.79763971873, 0.073816852274, 0.058627934907, 0.030612326523, 0.039303167568],
      [0.12641581295, 0.59730675808, 0.11853216422, 0.09712627447, 0.060618990279],
      [0.039895987946, 0.012506979746, 0.8162400988, 0.049265908944, 0.082091024562],
      [0.059739270044, 0.15543133649, 0.32996310007, 0.31286370278, 0.14200259061]
    ],
    [
      [0.63294627808, 0.15240578403, 0.10693281344, 0.045820286531, 0.061894837921],
      [0.074247245301, 0.67305511475, 0.1318974426, 0.073622317276, 0.047177880069],
      [0.022059322524, 0.03639692595, 0.8403253733, 0.035045565773, 0.066172812455],
      [0.041705704848, 0.2024406093, 0.36382995768, 0.25839039258, 0.13363333558]
    ],
    [
      [0.61405764417, 0.1741177929, 0.089721967227, 0.057614989828, 0.064487605874],
      [0.065773483861, 0.70354570995, 0.1018020623, 0.083732490995, 0.045146252894],
      [0.024275178476, 0.047860828711, 0.80157331767, 0.047833990642, 0.078456684498],
      [0.038791634154, 0.22197634534, 0.29285472419, 0.31274440294, 0.13363289338]
    ],
    [
      [0.6144237569, 0.18168947181, 0.076796918209, 0.057190245455, 0.069899607624],
      [0.064648916844, 0.7210006277, 0.085775544382, 0.081266854644, 0.047308056436],
      [0.027612950979, 0.056352624004, 0.76876190211, 0.053253042659, 0.094019480245],
      [0.039646428429, 0.237138387, 0.25668027353, 0.31813158565, 0.14840332539]
    ],
    [
      [0.65366998347, 0.16073443276, 0.092521447047, 0.045018669774, 0.048055466944],
      [0.075807190254, 0.70352186145, 0.11312439239, 0.071642463043, 0.035904092867],
      [0.026680286249, 0.043263214931, 0.8327729219, 0.039506931238, 0.057776645679],
      [0.046167717569, 0.22973724673, 0.33874451607, 0.27358653751, 0.11176398212]
    ],
    [
      [0.60896263813, 0.16324694831, 0.091708132704, 0.067871432465, 0.068210848387],
      [0.06624737185, 0.6779845503, 0.10701878607, 0.099435586447, 0.049313705334],
      [0.023457685177, 0.044891230593, 0.79880518133, 0.051441582831, 0.081404320065],
      [0.035913897128, 0.19652749774, 0.28299553156, 0.35085745634, 0.13370561722]
    ],
    [
      [0.5811395344, 0.17822936088, 0.1162328676, 0.063967305757, 0.060430931352],
      [0.058869349295, 0.68629384793, 0.12579362754, 0.089057237954, 0.039985937283],
      [0.016938818832, 0.040391101861, 0.84079283822, 0.043034920258, 0.058842320827],
      [0.032858196929, 0.20377051148, 0.34010232066, 0.31097803596, 0.11229093496]
    ],
    [
      [0.67745883619, 0.13774058229, 0.088575642237, 0.033825143565, 0.062399795724],
      [0.087883359157, 0.677620789, 0.12139525908, 0.060356993887, 0.052743598876],
      [0.028297781071, 0.038603274143, 0.82408991334, 0.030407955029, 0.078601076412],
      [0.051842832925, 0.2140041052, 0.35278428328, 0.22359375925, 0.15777501934]
    ],
    [
      [0.65427257736, 0.070452651362, 0.13774363234, 0.025684999061, 0.11184613987],
      [0.098884364058, 0.47111896708, 0.2468632796, 0.05994768194, 0.12318570732],
      [0.017874044797, 0.0048277770154, 0.87242210572, 0.011434677728, 0.093441394734],
      [0.037945791544, 0.093358252432, 0.47431960027, 0.14814012676, 0.24623622899]
    ],
    [
      [0.45093156048, 0.21677978981, 0.11345367272, 0.093749048669, 0.12508592832],
      [0.03374378556, 0.69314277769, 0.10181722139, 0.10571172143, 0.065584493931],
      [0.0059429789914, 0.048485755494, 0.78054676801, 0.055686509303, 0.1093379882],
      [0.018028632218, 0.18903228791, 0.25393509267, 0.35979422406, 0.17920976314]
    ],
    [
      [0.59756299585, 0.21091893177, 0.13288298804, 0.023005691581, 0.035629392756],
      [0.05454839313, 0.76478136166, 0.13836714121, 0.025745633764, 0.016557470234],
      [0.017958945801, 0.047456595842, 0.90721651765, 0.0053509242786, 0.02201701643],
      [0.038164232496, 0.28409796344, 0.45934052945, 0.13808894337, 0.080308331246]
    ],
    [
      [0.74679435679, 0.066730495496, 0.13008214808, 0.030680642299, 0.025712357334],
      [0.12198103908, 0.50691052162, 0.25997991939, 0.080791008262, 0.030337511645],
      [0.024201626802, 0.0077170864624, 0.93516286286, 0.02565759818, 0.0072608256928],
      [0.050495052249, 0.10834257657, 0.54814608761, 0.22202027924, 0.070996004327]
    ],
    [
      [0.70193175809, 0.13372974325, 0.085633875161, 0.042694959182, 0.036009664315],
      [0.088509415345, 0.6833565303, 0.1193405498, 0.078571835515, 0.030221669032],
      [0.030926944466, 0.03812187233, 0.8435350714, 0.042574178721, 0.044841933079],
      [0.051753124915, 0.21175692437, 0.34970350615, 0.29345637605, 0.093330068515]
    ],
    [
      [0, 0.74022853805, 0.15279394607, 0.037595494451, 0.069382021427],
      [0, 0.86730483738, 0.07904971058, 0.026845435126, 0.026800016915],
      [0, 0.044475395014, 0.86983262324, 0.024106551583, 0.061585430166],
      [0.011827190375, 0.38263570217, 0.35719695893, 0.14769960988, 0.10064053865]
    ],
    [
      [0.39907609811, 0.33078357709, 0.1412781589, 0.030346887615, 0.098515278294],
      [0.021532533088, 0.82451474151, 0.090215245135, 0.024942448504, 0.038795031765],
      [0.0021487851143, 0.052881576222, 0.8464279091, 0.014110060701, 0.084431668867],
      [0.017710286776, 0.32909197083, 0.36186170084, 0.1305932216, 0.16074281996]
    ],
    [
      [0.50618624531, 0.11440548769, 0.18398306841, 0.092698762303, 0.10272643628],
      [0.055609972477, 0.49882338322, 0.22315779724, 0.14557597682, 0.076832870251],
      [0.0051143740912, 0.013995185557, 0.87397609839, 0.038906961487, 0.06800738047],
      [0.020347176719, 0.096771219617, 0.40115894632, 0.3394824688, 0.14224018854]
    ],
    [
      [0.5108899699, 0.099369655963, 0.16927912854, 0.035204194583, 0.18525705101],
      [0.05949953923, 0.49925284629, 0.22764498298, 0.061760203534, 0.15184242797],
      [0.0073140011879, 0.010798597419, 0.85733542819, 0.015437701473, 0.10911427173],
      [0.022474658663, 0.096892281423, 0.42856749881, 0.15021400963, 0.30185155147]
    ],
    [
      [0.64288071002, 0.096082224469, 0.12201183377, 0.033362894569, 0.10566233718],
      [0.087047616491, 0.55495305241, 0.18943260654, 0.067820111996, 0.10074661256],
      [0.019286160859, 0.01740258317, 0.84516333156, 0.022756730243, 0.095391194168],
      [0.038157179712, 0.12651223725, 0.41476039718, 0.19112187858, 0.22944830727]
    ],
    [
      [0.52079142474, 0.18664065488, 0.1795237907, 0.042672041039, 0.070372088645],
      [0.041995689414, 0.68761378137, 0.17378670842, 0.054377176476, 0.042226644324],
      [0.0044087729693, 0.027798912908, 0.89673484099, 0.021978580865, 0.049078892264],
      [0.023272515848, 0.19021488053, 0.47636670338, 0.19176520595, 0.11838069429]
    ],
    [
      [0.78633271614, 0.054948694471, 0.095347605481, 0.019268133936, 0.044102849973],
      [0.1700397817, 0.47665369888, 0.22831350664, 0.059785271935, 0.065207740837],
      [0.029693602491, 0.0096175284871, 0.88965035457, 0.013498624532, 0.057539889923],
      [0.075018561743, 0.11149077299, 0.49876811078, 0.1679586203, 0.14676393419]
    ],
    [
      [0.81362492066, 0.056770412621, 0.066633056672, 0.018594947147, 0.044376662902],
      [0.19139548243, 0.51177269443, 0.16720640983, 0.060850208785, 0.068775204522],
      [0.036740372574, 0.021505831555, 0.84316751995, 0.021636074282, 0.076950201641],
      [0.095321754911, 0.13609040858, 0.40544890895, 0.19031588127, 0.17282304628]
    ],
    [
      [0.50935968021, 0.15329111418, 0.17751851174, 0.035802583035, 0.12402811083],
      [0.050750132464, 0.61821942093, 0.1957978341, 0.05117684004, 0.084055772465],
      [0.0052602143494, 0.023407500554, 0.87584665628, 0.012930543079, 0.082555085737],
      [0.024347450856, 0.15432480607, 0.46059408802, 0.15577765336, 0.2049560017]
    ],
    [
      [0.61507720743, 0.10945416647, 0.14561696393, 0.057917806279, 0.071933855896],
      [0.079125814734, 0.55061579675, 0.20160619927, 0.10567666401, 0.062975525235],
      [0.016314061831, 0.017214194312, 0.87204916946, 0.034203363866, 0.060219210535],
      [0.033351748532, 0.12397344112, 0.42688035372, 0.2830709531, 0.13272350353]
    ],
    [
      [0.51271071307, 0.18097957196, 0.19054027729, 0.040687522834, 0.075081914838],
      [0.04304854852, 0.67119121582, 0.18775494611, 0.052318507393, 0.045686782158],
      [0.0030965333729, 0.025959261997, 0.90329640511, 0.01802947387, 0.049618325646],
      [0.023056865632, 0.18067813845, 0.49475917463, 0.1779659199, 0.12353990138]
    ],
    [
      [0.72238247928, 0.066598988289, 0.095041013373, 0.027387859767, 0.088589659288],
      [0.13923354104, 0.48518761866, 0.19717129572, 0.07295162424, 0.10545592034],
      [0.028215214762, 0.018477051515, 0.83508370131, 0.024657404039, 0.093566628376],
      [0.058904790027, 0.10997447119, 0.39796378305, 0.19120972686, 0.24194722887]
    ],
    [
      [0.69151877186, 0.12671061246, 0.076126953783, 0.067598591362, 0.038045070536],
      [0.092932919242, 0.64291872326, 0.11029360582, 0.12106541633, 0.032789335357],
      [0.034071680773, 0.045857941742, 0.81054674353, 0.055787305973, 0.053736327984],
      [0.047981759926, 0.17813307586, 0.27227840196, 0.41428584459, 0.087320917662]
    ],
    [
      [0.60451869686, 0.10769130441, 0.13358671255, 0.039935587202, 0.11426769897],
      [0.071549443739, 0.56905308782, 0.18708019102, 0.073848992733, 0.098468284686],
      [0.015236403846, 0.016976728512, 0.84447883427, 0.027373892686, 0.095934140684],
      [0.031043670172, 0.12678187013, 0.41011241566, 0.20786695084, 0.2241950932]
    ],
    [
      [0.6584449518, 0.089415649904, 0.16857962379, 0.032987046713, 0.0505727278],
      [0.10070362573, 0.51646486103, 0.26306331715, 0.070281167408, 0.049487028682],
      [0.018269464721, 0.017512093852, 0.9093623317, 0.018510740572, 0.036345369159],
      [0.041110550555, 0.11485343746, 0.55744613237, 0.18073191836, 0.10585796126]
    ],
    [
      [0.61091038493, 0.15292403184, 0.10892895553, 0.051507836109, 0.075728791597],
      [0.069072988072, 0.661317705, 0.13161909805, 0.081315605647, 0.056674603233],
      [0.019871600502, 0.035167675232, 0.82879590868, 0.038069817597, 0.078094997989],
      [0.037369502313, 0.18997936259, 0.34712492154, 0.27240285449, 0.15312335907]
    ],
    [
      [0.67051605636, 0.11263966384, 0.094375734691, 0.063802200589, 0.058666344518],
      [0.094556703517, 0.59415274169, 0.14127844403, 0.11559185661, 0.054420254159],
      [0.027052597703, 0.03219392513, 0.8236704045, 0.04686678251, 0.070216290158],
      [0.043747952569, 0.14851173905, 0.3186569985, 0.36327318152, 0.12581012836]
    ],
    [
      [0.67690602046, 0.11362945809, 0.082441026806, 0.062947005153, 0.064076489491],
      [0.09596223338, 0.60458924166, 0.12458603368, 0.11509422463, 0.059768266648],
      [0.030087614387, 0.035925267585, 0.79727206167, 0.052194250363, 0.084520806],
      [0.045050505039, 0.15355954178, 0.28540770228, 0.37480632082, 0.14117593008]
    ],
    [
      [0.59276317215, 0.17016911029, 0.1086753384, 0.047762652287, 0.080629726868],
      [0.061691084128, 0.68822548608, 0.12286689674, 0.070961279906, 0.056255253145],
      [0.018373119854, 0.039077756958, 0.82417995318, 0.035691561572, 0.082677608439],
      [0.035801279419, 0.20945422935, 0.34317386861, 0.24995534164, 0.16161528098]
    ],
    [
      [0.68381054721, 0.12958063632, 0.09822951178, 0.028656886191, 0.0597224185],
      [0.092958954951, 0.66178357034, 0.14076665815, 0.050921876409, 0.053568940148],
      [0.026451630497, 0.034083125821, 0.8470507294, 0.022444554961, 0.069969959323],
      [0.053118494807, 0.20392464586, 0.3965440952, 0.19358683861, 0.15282592551]
    ],
    [
      [0.59492431089, 0.15562820716, 0.11544410583, 0.051025254019, 0.082978122105],
      [0.064202519875, 0.65881420746, 0.13610357459, 0.079737931334, 0.06114176674],
      [0.017483255408, 0.03275347563, 0.83247796683, 0.036311291974, 0.08097401016],
      [0.034560680348, 0.1864190928, 0.35574769094, 0.26112313917, 0.16214939675]
    ],
    [
      [0.70759496232, 0.10354322736, 0.075885891382, 0.035728135971, 0.077247782962],
      [0.10836636925, 0.61233223663, 0.12736682365, 0.078662759511, 0.073271810961],
      [0.031837897342, 0.03279738056, 0.79291766285, 0.036895819344, 0.1055512399],
      [0.055926520825, 0.16913013621, 0.31835943165, 0.24910279339, 0.20748111793]
    ],
    [
      [0.664778376, 0.088727467227, 0.15451021339, 0.043020575903, 0.048963367482],
      [0.10186402713, 0.51154683148, 0.24897857783, 0.090790580705, 0.046819982852],
      [0.01903260613, 0.015118174847, 0.90476025314, 0.025715554355, 0.035373411532],
      [0.041866754427, 0.11356940057, 0.50786572761, 0.23428000996, 0.10241810743]
    ],
    [
      [0.59587918977, 0.16451434622, 0.10612049082, 0.063334150001, 0.070151823188],
      [0.062539325055, 0.67288068505, 0.12156583868, 0.092479473791, 0.050534677425],
      [0.019282494374, 0.039624318132, 0.82113744519, 0.04603399888, 0.073921743425],
      [0.03442283646, 0.19334241033, 0.3199322857, 0.31818715781, 0.1341153097]
    ],
    [
      [0.67385280191, 0.1365947649, 0.098011583661, 0.033136103812, 0.05840474572],
      [0.087535494302, 0.66977519304, 0.13393255003, 0.058631001435, 0.050125761199],
      [0.026046463673, 0.034965525827, 0.84349148014, 0.026951406057, 0.068545124298],
      [0.050424814201, 0.20772577859, 0.38256867105, 0.21496126156, 0.1443194746]
    ],
    [
      [0.63564075538, 0.10341429541, 0.14117087212, 0.033393303148, 0.086380773935],
      [0.090488950732, 0.55497571935, 0.2108287864, 0.064530232534, 0.079176310982],
      [0.018612027722, 0.020233516996, 0.87097403592, 0.018956409945, 0.071224009418],
      [0.040051888593, 0.13240287448, 0.46466427552, 0.18241912187, 0.18046183953]
    ],
    [
      [0.63192858158, 0.17084247235, 0.085794250547, 0.037496561627, 0.073938133889],
      [0.070751616722, 0.71951284577, 0.099018354082, 0.057233931471, 0.053483251952],
      [0.026251032392, 0.049273220867, 0.79820360507, 0.033477041278, 0.092795100392],
      [0.044571048109, 0.24323532268, 0.31378418757, 0.22702847312, 0.17138096853]
    ],
    [
      [0.61572043163, 0.15542173908, 0.11025329049, 0.05871955436, 0.059884984435],
      [0.068859520058, 0.66443365347, 0.13247733781, 0.089971539742, 0.044257948912],
      [0.020334750834, 0.036757247467, 0.83887858686, 0.042343224723, 0.061686190116],
      [0.037352352235, 0.19054787627, 0.34630042036, 0.30644014071, 0.11935921042]
    ],
    [
      [0.75860291938, 0.097995575836, 0.078705704241, 0.017674851859, 0.047020948681],
      [0.12501252643, 0.63901095479, 0.14603601143, 0.035250797955, 0.054689709391],
      [0.033470222216, 0.035170821639, 0.84759374184, 0.01448156368, 0.06928365063],
      [0.075213462821, 0.19911669275, 0.41078606594, 0.15906558036, 0.15581819813]
    ],
    [
      [0.66968493363, 0.15338047769, 0.086180585473, 0.038220125646, 0.052533877561],
      [0.082173750928, 0.70310880657, 0.10872845039, 0.064211820833, 0.041777171283],
      [0.0287715895, 0.044580139684, 0.82351654806, 0.035304153247, 0.067827569513],
      [0.050517205765, 0.23392346853, 0.33750053396, 0.24771699192, 0.13034179982]
    ],
    [
      [0.72606525023, 0.10577974817, 0.095760340916, 0.031545091285, 0.040849569398],
      [0.11215403342, 0.62185729974, 0.15831064974, 0.067586557312, 0.040091459779],
      [0.028263232123, 0.029975475615, 0.8653080646, 0.027649958282, 0.048803269377],
      [0.061077795454, 0.17996645581, 0.41747299996, 0.22803466907, 0.1134480797]
    ],
    [
      [0.68032520214, 0.11944952376, 0.094594048162, 0.04906768189, 0.05656354405],
      [0.094203801715, 0.62364721704, 0.1380639701, 0.09236107521, 0.051723935937],
      [0.026791970252, 0.0315591156, 0.83304302926, 0.040835100627, 0.067770784258],
      [0.048095153191, 0.17132448291, 0.34798828106, 0.30080045671, 0.13179162612]
    ],
    [
      [0.74328751892, 0.093901950265, 0.079275029623, 0.027932931112, 0.055602570079],
      [0.12333551023, 0.60589060463, 0.14305775158, 0.065668968535, 0.062047165027],
      [0.031469920475, 0.030145517633, 0.83068809231, 0.028598582573, 0.079097887012],
      [0.066662172615, 0.17290572696, 0.37465148788, 0.21892309744, 0.16685751511]
    ],
    [
      [0.68965548362, 0.13907838899, 0.075708161557, 0.045338833104, 0.050219132731],
      [0.090181047851, 0.68382631682, 0.10130395866, 0.081388379648, 0.043300297022],
      [0.032674118729, 0.044909597483, 0.80406383818, 0.046278099944, 0.072074345666],
      [0.052735433471, 0.21629083584, 0.30308283503, 0.3008002634, 0.12709063226]
    ],
    [
      [0.62087135943, 0.11995758818, 0.15250974004, 0.040094549957, 0.066566762405],
      [0.080378077249, 0.58574520704, 0.20661575282, 0.071108805147, 0.056152157742],
      [0.016129840578, 0.022652252282, 0.88615091987, 0.022468262334, 0.052598724935],
      [0.037446709948, 0.14614880366, 0.47687322668, 0.20759289307, 0.13193836665]
    ],
    [
      [0.63841481585, 0.13677775508, 0.086457186853, 0.049221721019, 0.089128521195],
      [0.080991453113, 0.64998558384, 0.11596376826, 0.085432642913, 0.067626551877],
      [0.026199997427, 0.038790469618, 0.78498220959, 0.043206258471, 0.10682106489],
      [0.042248555938, 0.18341833657, 0.29724537799, 0.28135728367, 0.19573044584]
    ],
    [
      [0.74131154565, 0.097703128605, 0.092366398287, 0.030737542462, 0.037881384994],
      [0.12007265473, 0.60861575993, 0.16215134178, 0.070071840328, 0.039088403238],
      [0.029232422766, 0.029174091535, 0.8663227282, 0.028172930116, 0.04709782738],
      [0.06504897233, 0.17330933657, 0.41996216359, 0.23149753733, 0.11018199018]
    ],
    [
      [0.52331910213, 0.16761404152, 0.15570198754, 0.069027109889, 0.084337758918],
      [0.046830855176, 0.63654412165, 0.165211721, 0.095167813469, 0.056245488701],
      [0.0061601814813, 0.030375773135, 0.86178010134, 0.03700706602, 0.064676878028],
      [0.024021104583, 0.16349881509, 0.39021241087, 0.28812302285, 0.13414464661]
    ],
    [
      [0.64212070341, 0.13396309718, 0.12193798669, 0.038746149018, 0.06323206371],
      [0.080540104437, 0.63788261921, 0.16143222259, 0.067382525228, 0.052762528538],
      [0.020209048834, 0.02786517666, 0.86399940845, 0.026668049892, 0.061258316161],
      [0.042136546639, 0.17934134965, 0.41960869881, 0.22105577592, 0.13785762898]
    ],
    [
      [0.73877062496, 0.083719844781, 0.071203560644, 0.042095200315, 0.064210769301],
      [0.1228514171, 0.56842128908, 0.13298175187, 0.10249632023, 0.073249221729],
      [0.034088842685, 0.028096380592, 0.79849424112, 0.044931837437, 0.094388698168],
      [0.057962948063, 0.14214908197, 0.31109166877, 0.31015335556, 0.17864294564]
    ],
    [
      [0.71223420595, 0.10426585538, 0.12647133449, 0.021348100659, 0.035680503528],
      [0.10334382385, 0.6139111025, 0.20366335717, 0.044488747942, 0.034592968546],
      [0.023725007759, 0.023203002405, 0.91829402085, 0.0083986913637, 0.026379277625],
      [0.054274291048, 0.16989203857, 0.52897714219, 0.1511290828, 0.095727445388]
    ],
    [
      [0.70693007779, 0.08941928489, 0.10568285009, 0.03995169373, 0.058016093497],
      [0.11272107037, 0.55340442033, 0.18064140195, 0.090396961188, 0.062836146165],
      [0.025016503623, 0.018829862054, 0.85845746927, 0.032677042259, 0.065019122795],
      [0.051436344875, 0.13541399479, 0.41264981996, 0.25777767369, 0.14272216668]
    ],
    [
      [0.58009241953, 0.0816362723, 0.21000798701, 0.060261328302, 0.068001992856],
      [0.068848054301, 0.45097369433, 0.30441397653, 0.11512751245, 0.060636762387],
      [0.0037189461006, 0, 0.92854873298, 0.029416047452, 0.038316273466],
      [0.063104742345, 0.039221044536, 0.52839669319, 0.2607449461, 0.10853257383]
    ],
    [
      [0.68332686402, 0.12863113029, 0.10553358867, 0.029670257845, 0.052838159169],
      [0.093196934222, 0.65543793915, 0.1511328024, 0.053890341768, 0.04634198246],
      [0.025375500588, 0.033144753089, 0.86233941862, 0.020865236414, 0.058275091285],
      [0.052830387091, 0.19945426777, 0.41871049433, 0.195879546, 0.1331253048]
    ],
    [
      [0.61999638986, 0.16461641097, 0.10622006512, 0.046196039299, 0.062971094746],
      [0.067516160242, 0.69203521949, 0.12341163463, 0.070938519131, 0.046098466504],
      [0.020957590825, 0.037669598255, 0.83684135802, 0.036301163712, 0.068230289184],
      [0.039274314628, 0.21443293808, 0.35587964742, 0.25688497959, 0.13352812028]
    ],
    [
      [0.67654830597, 0.13273828223, 0.10537997007, 0.031986400144, 0.053347041576],
      [0.089774083503, 0.66030455067, 0.14681832869, 0.057399017039, 0.045704020098],
      [0.025042946593, 0.033433127685, 0.85888862509, 0.02381209839, 0.058823202245],
      [0.050973969834, 0.20124176034, 0.40905350345, 0.20720150802, 0.13152925834]
    ],
    [
      [0.86771873797, 0.039491562071, 0.063568562072, 0.0090365085031, 0.020184629384],
      [0.24134082909, 0.46632436552, 0.21057388386, 0.040418850875, 0.041342070659],
      [0.028922934608, 0.023170971626, 0.90016524077, 0.0085768436064, 0.039164009389],
      [0.12480846401, 0.12380260063, 0.50583961022, 0.13833212293, 0.10721720222]
    ]
  ],
  "expected_outcome": [
    [
      [13.6358217548, 0, 33.5461527385, 33.7731704294, 19.047136464, 30.7224892232, 12.1792527626, 40.6797674083, 25.7434357751, 0.65427257736, 4.0583840443, 5.9756299585, 2.9871774272, 4.2115905486, 0, 1.5963043924, 6.580421189, 2.5544498495, 1.9286421301, 1.0415828495, 3.9316635807, 46.3766204775, 5.6029564823, 9.8412353188, 2.0508428523, 42.6205662777, 29.73530719, 1.8135560906, 3.292224759, 20.1600427026, 24.138578029, 22.3378986753, 20.1539478533, 26.6686113413, 10.1137132851, 9.1987345102, 17.949016152, 16.6846173136, 26.2802592744, 13.9840966184, 29.7006433344, 30.1703011498, 17.4478671458, 22.7692877436, 39.9335887629, 29.2539836921, 24.5284881244, 17.9310425741, 24.834854377, 19.7908592914, 52.6331197413, 5.7565101235, 12.2002933647, 2.2163118749, 6.4101078536, 13.4316714781, 0, 120.9488549323, 13.0199241871, 88.6278280822, 10.4126248556],
      [0.42030567788, 0, 8.0775065535, 9.5764786095, 5.632373626, 7.5545183398, 3.2649389663, 12.4760552619, 5.234142127, 0.070452651362, 1.9510181083, 2.1091893177, 0.26692198199, 0.80237845949, 1.4804570761, 1.3231343084, 1.48727134, 0.49684827981, 0.28824667341, 0.37328130976, 0.27474347235, 3.2359135194, 1.686202256, 1.7512666636, 0.72391828785, 3.9293403091, 5.4485563357, 0.32307391324, 0.44707824952, 5.0464930507, 4.0550278983, 3.7497721169, 5.7857497499, 5.0536448163, 2.6456795217, 1.3460619557, 2.3956416151, 4.6064016941, 5.3271958311, 2.2751144991, 8.0295962007, 7.6156652151, 2.2538982442, 5.2149362413, 5.8178861492, 5.1363295215, 3.0987643587, 3.6160381137, 4.7983035271, 4.2401104075, 6.9369221309, 1.8437544567, 2.5452988464, 0.25115953434, 0.93839269838, 1.6989664129, 0, 22.7677100614, 3.4569446304, 17.3887149728, 0.47389874486],
      [0.50793375365, 0, 5.6674391121, 4.9347081975, 2.3807044645, 4.3485080112, 1.8341626541, 8.1363007321, 3.365874405, 0.13774363234, 1.0210830545, 1.3288298804, 0.52032859231, 0.51380325096, 0.30558789214, 0.56511263558, 2.3917798894, 0.84639564272, 0.3660355013, 0.3590475814, 0.47673802741, 3.7980842303, 1.9527036292, 2.3298714228, 0.76216110917, 5.607419789, 3.2734590127, 0.40076013766, 0.84289811893, 3.5946555324, 3.3975264489, 2.7205538846, 3.6949615056, 3.8309509594, 1.9625497991, 0.98651658797, 4.1717757615, 2.971373743, 3.8224517628, 3.1057591867, 4.0323297757, 5.4024112341, 1.8102311975, 2.9301399061, 5.2668187504, 4.067544071, 2.6160759776, 1.9684122005, 6.1003896015, 2.6801727925, 6.5580142784, 1.712721863, 2.316821747, 0.21361068193, 1.1382420104, 2.0079741517, 0, 18.6794451947, 2.2306213676, 13.8047760798, 0.76282274487],
      [0.061702490722, 0, 2.4284751861, 3.1688244405, 1.7728976091, 2.1158774794, 1.3574286493, 4.477711403, 1.2853554555, 0.025684999061, 0.84374143802, 0.23005691581, 0.1227225692, 0.25616975509, 0.075190988902, 0.12138755046, 1.2050839099, 0.17602097292, 0.10008868371, 0.085344082078, 0.096340669681, 1.0599119874, 0.39382841338, 0.92668490046, 0.16275009134, 1.6158837263, 2.9067394286, 0.11980676161, 0.16493523357, 1.6997585916, 2.2968792212, 2.07725117, 1.6239301778, 1.1176185615, 0.86742931833, 0.46446576763, 1.1615555494, 1.7733562, 1.2923080487, 0.73465266925, 1.7623383965, 2.8772581636, 0.40652159276, 1.299484272, 1.7349800207, 2.1099103213, 0.92178672671, 1.1788096607, 1.6037819983, 1.5258733516, 2.1823655148, 0.75929820878, 0.73617683135, 0.12628560094, 0.19213290593, 0.75908218087, 0, 5.2516356386, 0.97011682528, 4.1902184188, 0.10843810204],
      [0.37423632294, 0, 3.2804264098, 3.5468183231, 2.1668878364, 2.2586069464, 1.3642169677, 4.2301651947, 2.3711922375, 0.11184613987, 1.1257733549, 0.35629392756, 0.10284942934, 0.21605798589, 0.13876404285, 0.39406111318, 1.3354436717, 0.92628525505, 0.31698701153, 0.14074417729, 0.22051424987, 2.5294697854, 1.3643092191, 1.1509416943, 0.30032765935, 5.226789898, 1.635938033, 0.34280309692, 0.252863639, 2.4990501227, 2.1119884027, 2.1145241532, 2.7414107135, 2.3291743215, 1.4106280758, 1.0042211785, 1.322010922, 1.9642510493, 2.2777850831, 1.9003770266, 3.4750922928, 2.9343642373, 1.0814818197, 1.7861518371, 2.2467263169, 2.4322323941, 1.8348848126, 1.305697451, 2.6626704962, 2.762984157, 2.6895783346, 0.9277153481, 1.2014092105, 0.1926323079, 0.32112453175, 1.1023057764, 0, 9.352354173, 1.3223929897, 6.9884624464, 0.24221555261]
    ],
    [
      [2.9836024356, 2.0226530072, 31.8520682341, 28.479918512, 20.8816001406, 18.7243759928, 10.997063727, 25.0194734504, 16.8736049582, 0.98884364058, 1.1135449235, 2.945613229, 1.2198103908, 3.3633577831, 0, 0.15072773162, 2.8361085963, 0.5949953923, 1.2186666309, 0.54594396238, 5.4412730145, 25.2642036802, 1.2180031791, 5.064052143, 0.60267967928, 38.428457327, 17.1925900597, 0.85859332487, 12.6886568422, 20.9291153857, 32.2438358991, 18.2328243422, 15.4844621161, 34.7666491515, 9.3735679017, 17.1218863421, 21.2895816702, 20.5128986179, 22.2340155527, 17.8263232942, 34.9512986609, 43.7257952366, 31.1281190807, 36.4851454119, 53.3853199098, 28.3553443162, 21.3370432691, 24.9801502546, 33.5176582129, 23.8924786684, 57.2746563047, 6.5094888694, 17.8799031849, 4.2997995985, 2.5835955961, 10.8212227553, 0.2753922172, 141.9389308199, 8.0344230688, 44.6177195009, 8.9296106762],
      [4.0302720581, 9.5569081293, 288.7406442279, 304.63529241, 232.8832027456, 173.7698997778, 112.5454353504, 291.6748853689, 130.103191488, 4.7111896708, 22.8737116637, 41.2981935299, 5.0691052162, 25.9675481515, 10.4076580485, 5.7716031906, 25.4399925443, 4.9925284629, 7.7693427337, 8.9389791578, 15.2529183643, 67.5539956652, 14.8372661023, 35.2394109921, 9.3966770215, 133.9117827494, 118.9399638022, 6.8286370538, 65.0745724894, 200.3792646155, 202.6060849152, 114.8719559163, 172.7445970064, 247.5070553073, 96.1868742891, 96.7484933873, 106.9132877799, 220.7048646968, 170.1228990314, 109.3302167117, 355.4393458115, 421.9153699562, 159.1137277435, 312.1803101167, 296.004074677, 187.7178123279, 104.8190746016, 189.4198897579, 244.2557513351, 191.7457472333, 290.3097174869, 88.4796329093, 141.6099414642, 19.8947451176, 15.3477775625, 53.1268243514, 1.8038947773, 998.2319813212, 82.3521911198, 328.1713616845, 17.2540015241],
      [1.1444073946, 1.8965146275, 56.5840028772, 44.0802929743, 27.7055008353, 27.9417249198, 17.7651184869, 53.4622917049, 23.3078897432, 2.468632796, 3.3599683058, 7.4718256252, 2.5997991939, 4.5349408926, 0.94859652696, 0.63150671594, 11.381047659, 2.2764498298, 2.6520564916, 2.2592272094, 7.3060322125, 22.0712460981, 4.6991480184, 12.9027967536, 2.6285692455, 54.4192776191, 20.4043170764, 2.2449622923, 33.1459779611, 39.8805867082, 48.1759494149, 23.6713463991, 30.8395910818, 52.6467301488, 19.8711218903, 20.123958136, 52.0365227665, 39.8735950866, 34.0188677067, 41.5332709215, 48.9150669166, 84.1231095122, 36.3629668467, 48.2754319718, 75.355869278, 41.5572550008, 24.7489910232, 28.0611965499, 86.1587689273, 34.2093116355, 77.3461900272, 22.9644292197, 35.837953415, 4.6543613154, 5.0915839291, 17.3415745873, 1.2176559061, 230.1752580603, 14.6859845208, 72.9687093578, 7.791233703],
      [0.26838187121, 1.5540203915, 31.5839741115, 36.2561686008, 26.2491940499, 17.6956883715, 16.5063073501, 37.8493261306, 11.5885428263, 0.5994768194, 3.4884868073, 1.3902642232, 0.80791008262, 2.9857297496, 0.32214522151, 0.17459713953, 7.4243748176, 0.61760203534, 0.94948156794, 0.70690329419, 1.9131287019, 8.0322275597, 1.228244161, 6.7633064964, 0.7324591035, 20.1346482902, 22.3971020207, 0.8861879128, 8.8554270934, 24.638628511, 39.4168231026, 21.8679026792, 17.8112812564, 19.0447817771, 11.6417379748, 12.4287160028, 18.9752313673, 30.3332674033, 14.8922743645, 12.7124558092, 28.2735621465, 57.1319277359, 8.7774486909, 28.5100484499, 32.1712012804, 27.8006836382, 11.3607315565, 22.5445811624, 29.6523717464, 25.2026296593, 33.4242678364, 13.2283260723, 14.9589206006, 3.587371208, 1.1122186985, 8.6781082741, 0.46051004982, 82.0749905123, 8.4416837766, 28.5273114683, 1.4954974824],
      [0.57333624048, 0.96990384447, 20.2393105494, 19.5483275029, 15.2805022287, 8.8683109381, 8.1860750855, 16.9940233452, 10.1267709842, 1.2318570732, 2.1642882997, 0.89410339266, 0.30337511645, 1.1484234232, 0.32160020298, 0.27156522236, 3.9184763828, 1.5184242797, 1.4104525758, 0.54894637621, 2.0866477068, 9.0783269969, 2.0173385392, 4.030433615, 0.63961495021, 29.1058340142, 6.066027041, 1.1816194162, 6.2353656139, 17.1724047796, 18.5573066682, 11.3559706632, 14.1200685394, 20.0347836153, 8.926697944, 11.5769461319, 9.7853764161, 16.5753741953, 12.7319433447, 15.5977332634, 26.4207264645, 28.1037975591, 13.6177376383, 18.5490640498, 19.0835348547, 15.568904717, 10.7341595496, 11.9941822751, 23.4154497783, 19.9498328036, 18.6451683447, 7.8181229294, 11.7132813353, 2.5637227605, 0.86482421365, 6.0322700318, 0.24254704955, 70.5788392862, 5.485717514, 22.7148979885, 1.5296566144]
    ],
    [
      [6.9943989978, 0.91760772276, 27.2653226396, 18.8375384971, 13.6131848328, 17.4755874933, 6.6385249051, 20.3435214177, 16.7239886131, 2.0912632413, 0.64778471006, 1.8497714175, 1.7425171297, 3.8040141694, 0, 0.19983701563, 1.2172210337, 0.76065612354, 2.7000625202, 0.36592815645, 7.6015622377, 26.7837316066, 1.0573030842, 1.7945468014, 0.30036373717, 13.7125943743, 15.5366864327, 1.2036759039, 2.1557968371, 5.9018653492, 8.3051474948, 4.5733173868, 4.538160604, 5.3961326214, 2.097990649, 3.1201139395, 6.9659338437, 4.0107588299, 6.225104818, 4.9880234296, 6.431502936, 6.9748195361, 4.6188906658, 5.926947437, 12.2379795091, 5.9478173959, 6.7345629816, 4.7704213345, 7.8874920425, 4.2181995858, 9.8805588948, 1.1334733926, 4.2034821575, 5.5564813576, 4.626376513, 3.0269969384, 0.40908407107, 73.4366987006, 4.31726371, 22.2882224682, 1.9089136841],
      [2.2780954903, 0.28766053416, 44.9866004745, 37.1400030801, 27.7818436342, 28.3374057798, 12.7042182578, 48.5097133356, 22.8145350185, 0.5648499108, 5.2849473489, 4.8880293718, 0.55563022529, 4.6889902966, 1.1118848753, 4.9179865886, 3.3308541626, 1.1230541316, 2.4363616439, 2.3073097714, 2.4620872927, 15.6777512035, 4.7049076114, 1.8935613743, 2.5180484138, 8.9798470363, 20.9112214344, 1.3411615524, 2.0664270745, 10.4447995439, 9.883535015, 5.4606406729, 9.6522059686, 6.9529576674, 3.9304170755, 3.2141432949, 5.5332519941, 8.2418581715, 8.3567606727, 5.4225825549, 12.0719391125, 12.6077358811, 4.8535733862, 9.1835087748, 12.9793809413, 7.0061236632, 6.4511407735, 6.5568012325, 11.0769513659, 6.2452656085, 9.8608429389, 5.5891422568, 5.7959567453, 4.5797100364, 4.5245854691, 2.2784133085, 0, 95.9209154395, 7.7599372406, 29.7554836393, 1.5292841273],
      [85.6181289701, 18.7735222725, 1038.6421613961, 622.0208945142, 378.9996177411, 545.4662638459, 226.0618663174, 1009.7921987036, 487.0371387867, 102.0733863698, 85.079597713, 93.4433013178, 67.3317261261, 103.7548137827, 21.7458155809, 78.717795546, 208.0063114179, 89.1628845323, 118.3228664184, 74.4289918024, 227.7504907689, 614.6691220419, 176.0451779123, 95.9254086402, 87.619751296, 405.8506788358, 369.6093150483, 66.7138279074, 107.3047551401, 246.1523848778, 252.8668141812, 121.1853533731, 203.5724484346, 172.7983487973, 99.8973560194, 77.7059309596, 331.1422526475, 170.7965885991, 201.5944637543, 233.4210416262, 195.5598832423, 287.7353552929, 116.9679363733, 169.6444088996, 374.6783919731, 184.9355524964, 177.7672517537, 117.3933203739, 433.3277998173, 126.3821357444, 292.8170821324, 158.5675386457, 179.7118769583, 130.1545613024, 179.0673340652, 103.8733537816, 102.1403606279, 2495.6102774985, 172.3893197528, 764.4108763276, 59.4109058908],
      [0.44101376318, 1.1331159057, 43.3163192958, 37.119176738, 26.2537500309, 25.8770399611, 14.5579679412, 51.6849392297, 17.9711014223, 1.3378572942, 6.069829514, 0.5511452007, 1.8473470689, 5.2366239827, 0.60266378959, 1.3122356452, 9.259856834, 1.6055209532, 3.185942234, 1.8242222118, 3.4556478803, 15.7726981519, 2.5990391588, 3.7623700253, 1.7488589654, 11.9834983628, 25.4390115238, 2.1625375222, 2.1842673875, 11.3067358263, 14.3881022306, 7.9335260552, 8.8158157083, 4.578689212, 4.3573550369, 3.6157902957, 9.411892894, 9.575071767, 6.4413860477, 5.0803178653, 8.2018751131, 14.5237260799, 1.9984557878, 7.2726555689, 11.9724319362, 9.0653923392, 6.1200966706, 6.7566025918, 10.9869802811, 6.9562076138, 9.5224503794, 6.8093001477, 5.5469543775, 7.3238895022, 1.6377448159, 3.9539221133, 3.2357652197, 60.3839941821, 7.4780397247, 21.1927675672, 0.56607167802],
      [9.6683627786, 1.8880935649, 81.7895961941, 60.8823871707, 46.3516037609, 37.8437029199, 23.0374225785, 70.6696273133, 46.4532361593, 10.9326431839, 11.917840714, 2.2677526923, 0.52277944988, 5.5155577687, 1.5396357542, 7.8521452046, 16.1857565517, 11.3478842594, 13.3547671836, 4.0735480579, 14.7302118203, 56.0966969961, 16.5935722332, 6.6241131588, 4.8129775877, 45.4733813908, 24.5037655608, 7.5787971141, 4.2887535607, 23.1942144028, 21.5564010784, 12.847162512, 20.4213692845, 14.2738717019, 9.7168812192, 10.3440215103, 12.9466686207, 15.3757226324, 16.3822847073, 19.088034524, 22.7347995961, 21.1583632099, 9.5611437869, 13.9724793197, 21.1318156402, 15.0451141053, 16.9269478205, 10.5228544673, 25.7207764932, 17.1981914476, 15.9190656545, 11.9005455572, 12.7417297615, 15.3853578014, 5.1439591369, 7.8673138582, 4.2147900813, 168.6481141793, 14.0554395718, 52.3526499977, 2.5848246197]
    ],
    [
      [0.38617681176, 0.059739270044, 3.3364563879, 2.9093725615, 2.4580785626, 2.0775472906, 1.1851586052, 2.9572377236, 1.6589706536, 0.26562054081, 0.18028632218, 0.22898539498, 0.050495052249, 0.62103749898, 0, 0.053130860329, 0.36624918094, 0.089898634652, 0.15262871885, 0.046545031696, 2.0255011671, 4.5754442357, 0.12173725428, 0.30016573679, 0.046113731264, 2.238382021, 1.5354163176, 0.12417468069, 0.86332156165, 1.0089765624, 1.3124385771, 0.85595959574, 0.82342942663, 1.1686068858, 0.41472816418, 0.55926520825, 0.7954683341, 0.79172523857, 1.260620355, 1.2015566578, 1.9165550687, 2.1290840774, 1.8051231077, 1.8186194076, 2.4431118181, 1.4428545957, 1.3999056249, 1.3183858368, 1.7599953676, 1.0984624544, 2.2116650592, 0.60052761458, 0.71632129285, 0.927407169, 0.37992003734, 0.72010882825, 0.31552371172, 11.6755155471, 0.62838903404, 3.4662299487, 0.74885078404],
      [0.27132677376, 0.15543133649, 16.1952487441, 16.6482259005, 14.7025799942, 10.3381761026, 6.4854074255, 18.3393460335, 6.8481313665, 0.65350776702, 1.8903228791, 1.7045877806, 0.10834257657, 2.5410830924, 0, 0.98727591249, 1.7418819531, 0.38756912569, 0.50604894901, 0.38042976107, 3.0102508707, 6.5323396119, 0.77162403033, 1.1157609701, 0.36135627691, 4.1790299052, 5.7002584276, 0.50712748051, 2.4119221866, 5.1294427899, 4.4553521715, 2.9176312939, 4.8174472751, 4.486342209, 2.2370291136, 1.6913013621, 2.1578186109, 4.4468754375, 5.1931444648, 3.9720862343, 10.4591188753, 10.8612289476, 4.778800626, 8.4212448672, 7.1986582325, 5.1397344874, 3.6310202662, 5.4072708959, 6.868993772, 4.7688767507, 5.8925174432, 4.0874703772, 3.0488029441, 2.2743853116, 1.18924427, 1.8957959271, 0.19610522268, 44.0793931778, 3.4309270092, 13.6844397034, 0.74281560377],
