{
  "X": [
    [27, 29, 23, 12, 9],
    [36, 22, 17, 14, 11],
    [33, 15, 29, 17, 6],
    [34, 20, 31, 12, 3],
    [33, 15, 25, 17, 10],
    [34, 18, 27, 11, 10],
    [33, 12, 22, 25, 8],
    [31, 8, 28, 26, 7],
    [28, 7, 32, 29, 4],
    [34, 8, 25, 22, 11],
    [34, 9, 28, 24, 5],
    [31, 7, 34, 24, 4],
    [39, 13, 19, 21, 8],
    [23, 20, 19, 32, 6],
    [24, 24, 19, 24, 9],
    [29, 27, 20, 19, 5],
    [32, 16, 23, 21, 8],
    [27, 23, 24, 23, 3],
    [19, 24, 18, 30, 9],
    [16, 13, 19, 48, 4],
    [12, 11, 28, 47, 2],
    [13, 23, 18, 42, 4],
    [16, 13, 18, 48, 5],
    [20, 15, 26, 38, 1],
    [15, 13, 26, 43, 3],
    [15, 6, 27, 31, 21],
    [9, 13, 20, 38, 20],
    [6, 5, 29, 42, 18],
    [11, 6, 24, 39, 20],
    [10, 2, 28, 46, 14],
    [7, 10, 30, 38, 15],
    [16, 12, 18, 41, 13],
    [24, 17, 15, 37, 7],
    [18, 14, 20, 35, 13],
    [22, 23, 13, 35, 7],
    [19, 22, 16, 36, 7],
    [25, 19, 15, 33, 8],
    [17, 21, 17, 35, 10],
    [20, 24, 30, 15, 11],
    [17, 30, 23, 21, 9],
    [19, 25, 25, 20, 11],
    [23, 26, 21, 28, 2],
    [23, 24, 24, 25, 4],
    [24, 26, 19, 25, 6],
    [13, 9, 19, 41, 18],
    [12, 13, 16, 31, 28],
    [14, 19, 25, 23, 19],
    [15, 14, 22, 29, 20],
    [15, 14, 18, 32, 21],
    [18, 11, 19, 33, 19]
  ],
  "W": [
    [58, 10, 6, 4, 7, 7, 6, 2],
    [60, 7, 4, 8, 2, 4, 7, 8],
    [60, 5, 6, 7, 5, 9, 5, 3],
    [61, 6, 9, 8, 3, 4, 7, 2],
    [54, 11, 5, 7, 6, 4, 8, 5],
    [56, 7, 3, 6, 9, 11, 2, 6],
    [18, 37, 8, 10, 5, 9, 6, 7],
    [3, 51, 8, 5, 12, 7, 9, 5],
    [10, 51, 6, 6, 9, 3, 4, 11],
    [6, 55, 8, 6, 6, 6, 5, 8],
    [9, 59, 3, 7, 5, 8, 4, 5],
    [11, 57, 7, 2, 5, 6, 7, 5],
    [5, 28, 31, 9, 4, 8, 9, 6],
    [3, 8, 64, 6, 7, 4, 2, 6],
    [5, 11, 58, 5, 4, 2, 9, 6],
    [11, 1, 60, 7, 4, 8, 7, 2],
    [6, 10, 55, 3, 6, 7, 7, 6],
    [2, 8, 50, 8, 6, 7, 13, 6],
    [5, 6, 43, 19, 8, 9, 7, 3],
    [1, 10, 4, 59, 6, 3, 11, 6],
    [5, 5, 9, 50, 10, 7, 3, 11],
    [4, 5, 9, 58, 8, 4, 6, 6],
    [9, 10, 5, 54, 5, 6, 7, 4],
    [7, 4, 7, 56, 1, 11, 8, 6],
    [3, 8, 6, 56, 7, 6, 8, 6],
    [5, 8, 9, 5, 58, 5, 3, 7],
    [8, 6, 5, 5, 59, 8, 7, 2],
    [5, 2, 7, 5, 60, 7, 5, 9],
    [8, 2, 5, 10, 58, 3, 6, 8],
    [7, 11, 5, 8, 55, 5, 4, 5],
    [4, 10, 4, 6, 55, 8, 8, 5],
    [4, 0, 8, 6, 23, 49, 4, 6],
    [8, 5, 15, 6, 9, 46, 5, 6],
    [4, 11, 5, 7, 5, 58, 5, 5],
    [9, 3, 5, 6, 3, 59, 6, 9],
    [7, 8, 3, 6, 5, 54, 8, 9],
    [3, 11, 11, 5, 6, 58, 4, 2],
    [4, 9, 4, 12, 5, 27, 33, 6],
    [3, 3, 4, 5, 9, 7, 61, 8],
    [7, 4, 5, 5, 7, 10, 54, 8],
    [8, 6, 6, 4, 9, 5, 55, 7],
    [7, 5, 8, 5, 7, 9, 56, 3],
    [3, 5, 3, 16, 4, 7, 57, 5],
    [9, 4, 8, 8, 8, 9, 40, 14],
    [9, 5, 4, 8, 5, 5, 3, 61],
    [5, 7, 5, 3, 7, 5, 12, 56],
    [5, 9, 4, 6, 4, 4, 6, 62],
    [9, 3, 4, 9, 3, 8, 3, 61],
    [6, 11, 6, 2, 6, 5, 8, 56],
    [6, 7, 8, 1, 5, 4, 5, 64]
  ],
  "method": "mult",
  "cond_prob": [
    [
      [0.32993443758, 0.33548201612, 0.23958901837, 0.016624376786, 0.078370151139],
      [0.39872029281, 0.017818592786, 0.34945112118, 0.19446399124, 0.039546001995],
      [0.2479701139, 0.39305492823, 0.1534248825, 0.15751835407, 0.048031721296],
      [0.071067051465, 0.19765222065, 0.20085091451, 0.52997626249, 0.00045355087859],
      [0.0050593929171, 0.0057131597654, 0.26888896109, 0.40479153852, 0.31554694771],
      [0.15529084463, 0.30523863586, 0.084568480364, 0.36049863462, 0.094403404526],
      [0.15258454112, 0.50366666126, 0.20488757512, 0.098485777562, 0.040375444939],
      [0.057610744166, 0.15165125688, 0.15647607996, 0.28787301709, 0.34638890189]
    ],
    [
      [0.45598885715, 0.24842307568, 0.18220927576, 0.019601325006, 0.09377746641],
      [0.49795938238, 0.011928256535, 0.24016058064, 0.20718330035, 0.042768480094],
      [0.34489789608, 0.29290807234, 0.11742721931, 0.18691471245, 0.057852099824],
      [0.096021888833, 0.14314675395, 0.14935928473, 0.6109412157, 0.00053085679101],
      [0.0065320124885, 0.0039548243736, 0.19108139229, 0.44592126958, 0.35251050127],
      [0.20576293964, 0.21673985912, 0.061663306346, 0.40752430062, 0.10830959428],
      [0.23325320934, 0.41246841522, 0.17237074745, 0.12845455218, 0.053453075816],
      [0.074790528009, 0.10553259299, 0.11180021508, 0.31887150814, 0.38900515579]
    ],
    [
      [0.42705904189, 0.17109239038, 0.32435485623, 0.022829000484, 0.054664711016],
      [0.39922857243, 0.007033126074, 0.36599252172, 0.20640938684, 0.021336392938],
      [0.32792870769, 0.20479600149, 0.21219635851, 0.22084807457, 0.034230857734],
      [0.077220296818, 0.084660311747, 0.22829570977, 0.60955807154, 0.00026561012821],
      [0.0057004931205, 0.0025383680751, 0.31697395274, 0.48307809872, 0.19170908735],
      [0.19490814686, 0.15098011615, 0.11100445813, 0.47924431521, 0.063862963638],
      [0.22064951347, 0.28691501654, 0.30992457772, 0.15104419425, 0.031466698019],
      [0.07453859811, 0.077350359888, 0.21177212625, 0.39467171661, 0.24166719915]
    ],
    [
      [0.41108854216, 0.21307817204, 0.3280153769, 0.017657553429, 0.030160355466],
      [0.41109056257, 0.0093735516056, 0.39590510396, 0.17104684538, 0.012583936481],
      [0.32369698699, 0.2614918957, 0.22004770771, 0.17540773414, 0.019355675452],
      [0.084055731187, 0.1192051322, 0.26098905694, 0.53558463042, 0.00016544924764],
      [0.0067742040185, 0.0039024597946, 0.39553622071, 0.46281606102, 0.13097105446],
      [0.2096314568, 0.21004650056, 0.12541847231, 0.41553482742, 0.0393687429],
      [0.20881559984, 0.3511201478, 0.30806944283, 0.11493959621, 0.017055213316],
      [0.087283047726, 0.11716600377, 0.26044454875, 0.37226862632, 0.16283777344]
    ],
    [
      [0.43603380569, 0.18398459132, 0.26900710085, 0.022540405185, 0.088434096956],
      [0.42595367625, 0.0078974829585, 0.31715536361, 0.21291726998, 0.036076207198],
      [0.33331451138, 0.21927878195, 0.17523326272, 0.21703628906, 0.055137154887],
      [0.082027740868, 0.094697685049, 0.19703699127, 0.62579032652, 0.00044725628481],
      [0.0055003415731, 0.0025781030625, 0.24847104972, 0.45057497248, 0.29287553317],
      [0.19325222392, 0.15766725805, 0.089438848003, 0.45930991514, 0.10033175488],
      [0.22730637725, 0.31148109543, 0.25937503765, 0.15046386915, 0.051373620523],
      [0.068249524941, 0.074573338124, 0.15755571929, 0.34936141963, 0.35025999802]
    ],
    [
      [0.4291677391, 0.21205156444, 0.27810237991, 0.011677715176, 0.06900060136],
      [0.46865535124, 0.010168790056, 0.36655843348, 0.12312931967, 0.031488105554],
      [0.35761909969, 0.27556806362, 0.19746997429, 0.12241778886, 0.046925073533],
      [0.11261803063, 0.1522735055, 0.28424114671, 0.45037969541, 0.00048762175133],
      [0.0074568751376, 0.0040927020267, 0.35403424297, 0.32058410138, 0.31383207849],
      [0.24386471808, 0.23304006431, 0.11854390261, 0.30417730001, 0.10037401499],
      [0.23083374128, 0.37065812377, 0.27673459789, 0.080381016429, 0.041392520632],
      [0.087364719262, 0.11179953887, 0.2119059302, 0.23488452311, 0.35404528855]
    ],
    [
      [0.45507141169, 0.21588356905, 0.23026329289, 0.020618815487, 0.078162910874],
      [0.46743871074, 0.0096881271546, 0.28544428316, 0.20392340737, 0.033505471577],
      [0.34716436249, 0.25712471442, 0.14972575759, 0.19736107463, 0.048624090877],
      [0.091970426389, 0.11913177708, 0.18131930502, 0.60715398845, 0.00042450306606],
      [0.0064517258016, 0.0033828374012, 0.23924005458, 0.45882274443, 0.29210263779],
      [0.20829381223, 0.19103643654, 0.079103704589, 0.42992124996, 0.091644796684],
      [0.23508192625, 0.36372920182, 0.22010280683, 0.13609334597, 0.044992719126],
      [0.077272280977, 0.094686722313, 0.14641258194, 0.34422092443, 0.33740749033]
    ],
    [
      [0.43977801285, 0.19908130329, 0.27661908309, 0.020301380284, 0.064220220492],
      [0.43785429665, 0.0086051342826, 0.3323208389, 0.19452626741, 0.026693462765],
      [0.3398950067, 0.24054281673, 0.18228034162, 0.19679468308, 0.040487151866],
      [0.087674255269, 0.10806693769, 0.21494588315, 0.58896856691, 0.00034435698179],
      [0.0063120916599, 0.0031385232364, 0.29102511802, 0.45695797736, 0.24256628972],
      [0.20737554369, 0.18139691313, 0.097956889958, 0.43569771352, 0.077572939712],
      [0.227292582, 0.33707449412, 0.26458871723, 0.13404333647, 0.037000870176],
      [0.078358810703, 0.091315678784, 0.18464612695, 0.35541476706, 0.2902646165]
    ],
    [
      [0.40649684413, 0.20366275269, 0.33008352876, 0.025168292511, 0.034588581906],
      [0.37977508775, 0.0082402523743, 0.3721047405, 0.22638132818, 0.013498591194],
      [0.30102067595, 0.23587129785, 0.20839231452, 0.23381688098, 0.020898830696],
      [0.068749908934, 0.093644566803, 0.21752293612, 0.61992514699, 0.00015744116063],
      [0.0055399922697, 0.0030396375898, 0.32960409787, 0.53815964884, 0.12365662342],
      [0.17809987613, 0.17233697757, 0.10858989958, 0.50216993976, 0.03880330696],
      [0.19872326326, 0.32665595291, 0.29858040301, 0.15718632813, 0.018854052678],
      [0.07372345572, 0.094918261119, 0.22419987686, 0.4486317353, 0.15852667101]
    ],
    [
      [0.4341657815, 0.20482410304, 0.23829321082, 0.017410855422, 0.10530604922],
      [0.46082286189, 0.009424481355, 0.30519462121, 0.17791357895, 0.046644456593],
      [0.34409315065, 0.25379496082, 0.16098387368, 0.17308393055, 0.068044084292],
      [0.097427592282, 0.12496405674, 0.20826204749, 0.56871166098, 0.00063464251858],
      [0.0059352221675, 0.0030678784912, 0.23855243947, 0.37320551373, 0.37923894614],
      [0.20966055674, 0.19099599513, 0.086373914871, 0.38275388895, 0.1302156443],
      [0.23020567206, 0.35597276953, 0.2337226545, 0.11790377822, 0.062195125697],
      [0.069590795414, 0.084376808694, 0.14297725857, 0.27415131374, 0.42890382358]
    ],
    [
      [0.41366613691, 0.25228838667, 0.26000104201, 0.019141666376, 0.054902768027],
      [0.43751196277, 0.011538886981, 0.33180784606, 0.19492909002, 0.024212214157],
      [0.31464903557, 0.30013588451, 0.16856831418, 0.1826228336, 0.034023932138],
      [0.084455468173, 0.13981212954, 0.20665794428, 0.56877400237, 0.0003004556391],
      [0.0064393692284, 0.0042896328405, 0.29622163441, 0.4670703182, 0.22597904531],
      [0.196273086, 0.23101953896, 0.092581635457, 0.41342180606, 0.066703933522],
      [0.20396388631, 0.40831741024, 0.23707942609, 0.12051366135, 0.030125616011],
      [0.077823037113, 0.12175563892, 0.18303083093, 0.35366280633, 0.2637276867]
    ],
    [
      [0.4026069273, 0.17963116543, 0.34692548191, 0.023977949169, 0.046858476189],
      [0.37289919751, 0.0072281628748, 0.38772049331, 0.21405149738, 0.018100648917],
      [0.30543504661, 0.21291900414, 0.22431704589, 0.22836488106, 0.028964022298],
      [0.070112232305, 0.085071518727, 0.2351323043, 0.60946520437, 0.00021874029921],
      [0.0052963248691, 0.0025923800184, 0.33389204748, 0.49546199103, 0.1627572566],
      [0.18107841333, 0.15596430703, 0.11707852438, 0.49192812284, 0.053950632416],
      [0.20229939693, 0.29527670072, 0.32231472676, 0.15390781436, 0.026201361232],
      [0.070445295256, 0.080813966521, 0.22707010045, 0.41266507081, 0.20900556696]
    ],
    [
      [0.53105703462, 0.16694557902, 0.20545070859, 0.015538349113, 0.081008328654],
      [0.54762937929, 0.0075515632253, 0.25574733885, 0.15423253381, 0.034839184826],
      [0.43259675794, 0.21218545161, 0.14261918746, 0.15879991562, 0.053798687368],
      [0.1309826272, 0.11271880331, 0.19751493984, 0.55824693904, 0.00053669060827],
      [0.0086193820781, 0.0030096680388, 0.24458285223, 0.39587764727, 0.34791045038],
      [0.27608083907, 0.1679331655, 0.08013949697, 0.36789941317, 0.10794708529],
      [0.30460812348, 0.31159028824, 0.21812667778, 0.11390254738, 0.051772363119],
      [0.099643729623, 0.08114973466, 0.14439328521, 0.28668003863, 0.38813321187]
    ],
    [
      [0.38767650532, 0.23775731255, 0.28286556224, 0.028634642852, 0.063065977039],
      [0.37214558768, 0.010039582151, 0.32792325032, 0.26462484663, 0.025266733222],
      [0.27490048014, 0.26294547675, 0.17084186068, 0.2548293456, 0.036482836834],
      [0.061341834376, 0.10318171629, 0.17448135368, 0.66072655034, 0.0002685453166],
      [0.0046677126588, 0.0031911713572, 0.25000861164, 0.54180522081, 0.20032728354],
      [0.15341878364, 0.18218085957, 0.083917478901, 0.51650251886, 0.063980359023],
      [0.18284243174, 0.36431611618, 0.24699453747, 0.17267483195, 0.033172082667],
      [0.059765428078, 0.095163507629, 0.16332909361, 0.43446528321, 0.24727668747]
    ],
    [
      [0.36596135983, 0.25819817857, 0.25443430843, 0.022463689612, 0.098942463559],
      [0.3883873568, 0.012059132087, 0.3260579241, 0.22969556277, 0.043800024246],
      [0.27147250216, 0.29865223363, 0.16077041776, 0.20926004722, 0.059844799237],
      [0.06839936193, 0.13231724314, 0.18531567991, 0.61347081738, 0.00049689763509],
      [0.0045276712524, 0.0035603441675, 0.23092052849, 0.43731450924, 0.32367694685],
      [0.15669699385, 0.21399719191, 0.08167646556, 0.43904003223, 0.10858931645],
      [0.17655714825, 0.40445994443, 0.22719830228, 0.13858980245, 0.053194802592],
      [0.054410795909, 0.099640258855, 0.14164208754, 0.32901243417, 0.37529442352]
    ],
    [
      [0.41590575692, 0.24439426232, 0.26788098869, 0.016020145844, 0.055798846229],
      [0.4482721545, 0.011602483396, 0.34872625784, 0.16632820011, 0.025070904149],
      [0.32705085646, 0.2996293854, 0.1793773679, 0.15817771517, 0.035764675077],
      [0.093010022605, 0.14995023611, 0.23344601098, 0.52325871269, 0.00033501761857],
      [0.0068914919444, 0.0045187444503, 0.32572429622, 0.41760054604, 0.24526492134],
      [0.21177579953, 0.24093710265, 0.1022067803, 0.3722292276, 0.072851089913],
      [0.2109110101, 0.4022250928, 0.2514507206, 0.10389040664, 0.03152276987],
      [0.08218499018, 0.12543914748, 0.19817355336, 0.31180374778, 0.28239856119]
    ],
    [
      [0.4579812308, 0.16240336833, 0.28980365951, 0.017409021987, 0.072402719371],
      [0.45210880698, 0.007053559072, 0.34547447361, 0.16553098611, 0.029832174223],
      [0.37061672081, 0.20494994783, 0.19975916731, 0.17687744066, 0.047796723394],
      [0.10006683251, 0.097305233365, 0.24679844603, 0.55540384128, 0.00042564681432],
      [0.0066978476611, 0.0026472572309, 0.31101130652, 0.40045030278, 0.2791932858],
      [0.23254287832, 0.15963886157, 0.11031657654, 0.40327664778, 0.094225035784],
      [0.25091012075, 0.28898674182, 0.29390728176, 0.12196374859, 0.044232107077],
      [0.082972502424, 0.076376243323, 0.19661724621, 0.31060727814, 0.33342672991]
    ],
    [
      [0.42367171797, 0.22732428329, 0.30322680609, 0.017390951622, 0.028386241021],
      [0.43272888078, 0.010217629657, 0.3739900329, 0.17096566151, 0.012097795148],
      [0.33149067869, 0.27745225997, 0.20215155802, 0.17078406681, 0.018121436507],
      [0.088846738148, 0.13089178014, 0.24812658874, 0.5319746106, 0.00016028238179],
      [0.007328529263, 0.0043901776027, 0.38544096571, 0.47303124467, 0.12980908275],
      [0.21646774355, 0.22503206581, 0.11623490553, 0.40506049086, 0.037204794258],
      [0.21416546154, 0.37343201627, 0.28394395079, 0.11244943621, 0.016009135183],
      [0.092354083562, 0.12880410662, 0.24781936409, 0.37330892925, 0.15771351648]
    ],
    [
      [0.35002707818, 0.2818466284, 0.24647145247, 0.020751981432, 0.10090285951],
      [0.38821563479, 0.013742260647, 0.33009121178, 0.22128140955, 0.046669483228],
      [0.26070978094, 0.32764301214, 0.15646932221, 0.19385953091, 0.061318353801],
      [0.068497833661, 0.15154183782, 0.18841913149, 0.59100942797, 0.00053176905464],
      [0.0044772807623, 0.0040266107023, 0.23200159658, 0.41687627784, 0.34261823411],
      [0.15318645049, 0.23913977913, 0.080985623451, 0.41330198407, 0.11338616286],
      [0.16650850671, 0.43630148659, 0.21734558325, 0.12627693092, 0.05356749253],
      [0.052766239298, 0.11050680229, 0.13946438327, 0.30780021594, 0.3894623592]
    ],
    [
      [0.47689048917, 0.21155865088, 0.22872878004, 0.02187363863, 0.060948441278],
      [0.4781530419, 0.0092800332392, 0.2767649429, 0.21038729951, 0.025414682447],
      [0.35903720122, 0.2495071474, 0.14724737698, 0.20672694974, 0.037481324649],
      [0.09242709924, 0.11346512626, 0.1748476196, 0.61894041888, 0.0003197360244],
      [0.0069225925402, 0.0034532534191, 0.24712977672, 0.5020217907, 0.24047258663],
      [0.21508551386, 0.18605750904, 0.078003453112, 0.44977111042, 0.071082413562],
      [0.24489426038, 0.35667766238, 0.21901724103, 0.14434499339, 0.035065842814],
      [0.084212705251, 0.097847318072, 0.15313533543, 0.38232922046, 0.28247542079]
    ],
    [
      [0.38282425096, 0.19699569562, 0.37731131328, 0.023180178563, 0.019688561584],
      [0.35530513898, 0.0079940696674, 0.42267833348, 0.20639715268, 0.0076253051958],
      [0.28975370803, 0.23361493697, 0.24415395317, 0.22027699089, 0.012200410933],
      [0.065972386552, 0.093940189676, 0.25648348263, 0.58351153952, 9.2401616771e-05],
      [0.0054201844235, 0.0031353096561, 0.39775328696, 0.51916146799, 0.074529750973],
      [0.17721221391, 0.17783517135, 0.13203017344, 0.48937804193, 0.023544399375],
      [0.1864141338, 0.31510873826, 0.34262740794, 0.14507906314, 0.010770656871],
      [0.074612595278, 0.10055155339, 0.2788148634, 0.44736654924, 0.098654438686]
    ],
    [
      [0.37184055527, 0.34803296221, 0.21203128622, 0.018020870718, 0.050074325588],
      [0.44441665395, 0.018202144224, 0.30585447367, 0.20660907513, 0.024917653027],
      [0.27230154016, 0.39927597227, 0.13276467513, 0.16567921716, 0.029978595281],
      [0.077382898855, 0.20052679306, 0.17408788424, 0.54771969906, 0.00028272479127],
      [0.0063456323761, 0.00668333669, 0.26945401326, 0.48644485012, 0.23107216755],
      [0.17197020955, 0.3139505479, 0.074145487527, 0.38005639549, 0.059877359532],
      [0.1691880591, 0.5199369701, 0.1799285024, 0.10539208673, 0.025554381675],
      [0.071812923656, 0.17613768148, 0.15529110356, 0.34461784158, 0.25214044972]
    ],
    [
      [0.42984499644, 0.22312187286, 0.23577775744, 0.025386815654, 0.085868557609],
      [0.42833549895, 0.0097323090283, 0.28357815171, 0.24277606837, 0.035577971935],
      [0.31404416229, 0.25503949562, 0.14712004994, 0.23262375265, 0.051172539505],
      [0.075827139425, 0.10851251112, 0.16340210205, 0.65185009373, 0.00040815367792],
      [0.0052817398356, 0.0030692885439, 0.21459554761, 0.49116253673, 0.28589088728],
      [0.17775470044, 0.17945171733, 0.073528058507, 0.47767407252, 0.091591451198],
      [0.21275359081, 0.361583022, 0.21707080463, 0.16110460071, 0.047487981854],
      [0.064582655571, 0.087467770444, 0.13376305776, 0.37621819262, 0.33796832361]
    ],
    [
      [0.47757343699, 0.18702547536, 0.30465441131, 0.015950288609, 0.01479638773],
      [0.47156110265, 0.0080971246957, 0.36315492447, 0.15111506893, 0.0060717792442],
      [0.38432555542, 0.23550599232, 0.20941173781, 0.16104224638, 0.0097144680623],
      [0.10571290512, 0.11441065541, 0.26529533374, 0.51449278064, 8.8325090456e-05],
      [0.0090999771145, 0.0040046098457, 0.43086683972, 0.47931479527, 0.076713778045],
      [0.26010219457, 0.19835563217, 0.12517445561, 0.39555629082, 0.020811426831],
      [0.25426355502, 0.32596472509, 0.30198562542, 0.10897825299, 0.008807841475],
      [0.11695421026, 0.11981737626, 0.28207904781, 0.38580681402, 0.095342551647]
    ],
    [
      [0.42465740124, 0.2040433675, 0.3124940749, 0.019205614443, 0.039599541911],
      [0.41983957221, 0.0088266521014, 0.37287961566, 0.18215651834, 0.016297641689],
      [0.33052635022, 0.24873802108, 0.20792039061, 0.18762745434, 0.025187783752],
      [0.084514194307, 0.11232018848, 0.24514809492, 0.55780396838, 0.00021355391522],
      [0.0065379768982, 0.0035305635951, 0.35787008379, 0.46723622311, 0.16482515261],
      [0.20855019606, 0.19532994087, 0.11597583874, 0.42988943891, 0.05025458542],
      [0.21579485784, 0.34027632553, 0.29599811946, 0.12537671518, 0.022553981983],
      [0.083666569343, 0.10524140889, 0.23327358835, 0.37435933552, 0.2034590979]
    ],
    [
      [0.50098884996, 0.16647004899, 0.24929404003, 0.014612556565, 0.068634504452],
      [0.51234569745, 0.0073396277673, 0.30750525748, 0.14343183021, 0.029377587097],
      [0.4116350815, 0.21531383602, 0.17557866615, 0.15111929173, 0.046353124599],
      [0.12202180133, 0.11215746688, 0.24113214263, 0.52422792833, 0.00046066083184],
      [0.0082223995089, 0.0030511154446, 0.30695385098, 0.38291419751, 0.29885843655],
      [0.2687504784, 0.17463239208, 0.10166053485, 0.35954320034, 0.095413394339],
      [0.28016181083, 0.3099287204, 0.26103233617, 0.10548394709, 0.043393185509],
      [0.098451118047, 0.085550249534, 0.1870803706, 0.28653437922, 0.3423838826]
    ],
    [
      [0.3371355805, 0.3541426502, 0.20967864045, 0.020772189682, 0.07827093917],
      [0.40253909919, 0.01830551597, 0.30197066198, 0.23807333535, 0.039111387506],
      [0.24089253649, 0.39793979571, 0.12840757841, 0.18680052828, 0.045959561109],
      [0.064690924102, 0.18825154757, 0.15970291593, 0.58694102248, 0.00041358991428],
      [0.0047908950932, 0.0056405072848, 0.22340218088, 0.47110117101, 0.29506524573],
      [0.14379990973, 0.29542066553, 0.067966473757, 0.40632238117, 0.086490569813],
      [0.14907938653, 0.51971367518, 0.17355371575, 0.11853848507, 0.039114737465],
      [0.055048265982, 0.15149806022, 0.13067709491, 0.33831209436, 0.32446448452]
    ],
    [
      [0.34623496619, 0.17220659249, 0.37880755555, 0.026415348146, 0.076335537626],
      [0.31593686287, 0.0067924528141, 0.41685530093, 0.23126481072, 0.029150572674],
      [0.25852342445, 0.20275239077, 0.24297786283, 0.24878588466, 0.046960437299],
      [0.055277879288, 0.076738173444, 0.24199467132, 0.62565079861, 0.00033847733847],
      [0.0037547537414, 0.0021112458221, 0.31108072391, 0.46149646783, 0.22155680869],
      [0.14484061366, 0.14164068817, 0.12105741876, 0.50928585916, 0.083175420247],
      [0.1678244853, 0.27866299114, 0.34542646137, 0.16605129058, 0.042034771611],
      [0.050427329282, 0.066212674027, 0.21231759702, 0.38680342875, 0.28423897093]
    ],
    [
      [0.4948013441, 0.16384444209, 0.24863436431, 0.020083917878, 0.072635931617],
      [0.48280987044, 0.0069157072465, 0.29257457367, 0.18804050144, 0.029659347201],
      [0.38670005428, 0.2017909474, 0.1668641967, 0.19789931847, 0.046745483143],
      [0.10052489915, 0.092795305874, 0.20182135908, 0.60444930104, 0.00040913485496],
      [0.0069511528707, 0.0025990661016, 0.26400043521, 0.45372183292, 0.2727275129],
      [0.23338138543, 0.15179795641, 0.08951071813, 0.43616418345, 0.089145756581],
      [0.2673201709, 0.29509285252, 0.25246676208, 0.14058571964, 0.044534494855],
      [0.085998108754, 0.075086999786, 0.16605156175, 0.35041503405, 0.32244829566]
    ],
    [
      [0.44278532537, 0.082047826162, 0.37117398321, 0.032023347689, 0.071969517567],
      [0.35953331113, 0.0028715965458, 0.36353399242, 0.24960424689, 0.024456853011],
      [0.32759879565, 0.095483855001, 0.23521691751, 0.29797437876, 0.043726053077],
      [0.06468472407, 0.033058053437, 0.21474358198, 0.68722480734, 0.00028883317729],
      [0.0045050438565, 0.00092874587903, 0.28234079338, 0.51847424386, 0.19375117302],
      [0.17453373878, 0.063123172234, 0.11102521385, 0.57793659719, 0.073381277958],
      [0.23265447678, 0.14330475621, 0.36453908319, 0.21682866555, 0.042673018266],
      [0.062540332428, 0.030213426954, 0.19963874732, 0.45006248038, 0.25754501292]
    ],
    [
      [0.27453118737, 0.3033008489, 0.3365822714, 0.021896081044, 0.063689611289],
      [0.29505032965, 0.014096389444, 0.43632774696, 0.22587957257, 0.028645961377],
      [0.20070990157, 0.34873549706, 0.2108674342, 0.2014294223, 0.038257744877],
      [0.048394436124, 0.14795452483, 0.23538029516, 0.56796176209, 0.00030898179668],
      [0.0035361621179, 0.0043707221415, 0.32483044751, 0.44974473575, 0.21751793249],
      [0.11979456188, 0.25871108133, 0.11157138031, 0.43794973463, 0.071973241842],
      [0.12116623938, 0.44444140347, 0.27796900749, 0.12466759669, 0.031755752974],
      [0.044631372875, 0.12903001042, 0.2087339875, 0.35482488364, 0.26277974557]
    ],
    [
      [0.43938560332, 0.1739780004, 0.29208243119, 0.021640515552, 0.072913449538],
      [0.42327103623, 0.0073465991667, 0.33989836436, 0.20010834924, 0.029375651013],
      [0.34001211673, 0.21068283144, 0.19287974288, 0.21019880962, 0.046226499329],
      [0.084028468739, 0.091954696705, 0.21964638437, 0.60399019987, 0.00038025032238],
      [0.0058021802675, 0.0025815200876, 0.28638470824, 0.45124122247, 0.25399036893],
      [0.20224408294, 0.15595602327, 0.10125122747, 0.45405161939, 0.086497046937],
      [0.22973476862, 0.29786639106, 0.28430697242, 0.14525667527, 0.042835192625],
      [0.073436343853, 0.076070430475, 0.18442711166, 0.357583418, 0.30848269601]
    ],
    [
      [0.4764795168, 0.20922357582, 0.24078781303, 0.022129884672, 0.051379209679],
      [0.47144791077, 0.0090930323925, 0.28785500038, 0.21036141526, 0.021242641197],
      [0.35883916021, 0.24606922753, 0.15448377223, 0.20898134313, 0.031626496894],
      [0.091398697143, 0.11038919245, 0.18059113361, 0.61735421866, 0.00026675813663],
      [0.0071381512676, 0.0035042642082, 0.26597731582, 0.52073358522, 0.20264668349],
      [0.21642444194, 0.1844101699, 0.082053242558, 0.45717251803, 0.059939627572],
      [0.24488826009, 0.35043078187, 0.22957699742, 0.14556116724, 0.029542793383],
      [0.08816146128, 0.10079259859, 0.16733220614, 0.40297314999, 0.240740584]
    ],
    [
      [0.35611150059, 0.18269793198, 0.33689224818, 0.019355534708, 0.10494278454],
      [0.35576768034, 0.0080113651787, 0.40672951293, 0.18570099431, 0.043790447242],
      [0.28336013753, 0.22705863869, 0.22830183719, 0.19304733707, 0.068232049517],
      [0.071370438942, 0.10067604124, 0.26393721523, 0.56344746845, 0.00056883615151],
      [0.0042669011428, 0.0024454956776, 0.29764299034, 0.36391630261, 0.33172831023],
      [0.16858791723, 0.16782127086, 0.11958946972, 0.41638284105, 0.12761850113],
      [0.18339890003, 0.30677426656, 0.3218418856, 0.12754054166, 0.060444406147],
      [0.053435172803, 0.071345886422, 0.18980721144, 0.28561828536, 0.39979344397]
    ],
    [
      [0.43931435827, 0.26339613626, 0.22817086551, 0.019409584246, 0.049709055706],
      [0.47041273755, 0.012394658709, 0.29533120554, 0.19961940566, 0.022241992535],
      [0.3305716643, 0.30953891313, 0.14618827265, 0.18312317242, 0.030577977499],
      [0.09002376279, 0.14857548267, 0.18283060068, 0.57829428658, 0.00027586728263],
      [0.0071837683554, 0.0048210553771, 0.27532266975, 0.49855099983, 0.21412150669],
      [0.2060588448, 0.23983630015, 0.080218287665, 0.4139809721, 0.059905595281],
      [0.21693145266, 0.42385796783, 0.20905700754, 0.12268260862, 0.02747096334],
      [0.085266250651, 0.133216233, 0.16631116861, 0.37078244364, 0.24442390409]
    ],
    [
      [0.38777974779, 0.27656980189, 0.26435120349, 0.020749817858, 0.050549428979],
      [0.41262658875, 0.012923230438, 0.339895406, 0.21207750111, 0.022477273694],
      [0.28799888766, 0.32083353816, 0.16724979505, 0.1932271528, 0.030690626336],
      [0.07455549498, 0.14630476744, 0.19878684713, 0.58008968983, 0.00026320062275],
      [0.0058660972535, 0.0046788171324, 0.29502626134, 0.49306441506, 0.20136440921],
      [0.17655227952, 0.2444113297, 0.090295220203, 0.42961407078, 0.0591270998],
      [0.184466273, 0.42893912089, 0.23333943871, 0.12634421962, 0.026910947781],
      [0.071497225763, 0.13280874743, 0.18311489247, 0.37654962222, 0.23602951212]
    ],
    [
      [0.44828999487, 0.22831177036, 0.24095873214, 0.017609688149, 0.06482981449],
      [0.47401666072, 0.010599941501, 0.30791772021, 0.1788410327, 0.02862464487],
      [0.34923790397, 0.27773538248, 0.15983264581, 0.17194105563, 0.041253012113],
      [0.097970805782, 0.13712352089, 0.20571354275, 0.55880937729, 0.00038275328192],
      [0.0070946014892, 0.0040346229672, 0.28096251417, 0.43707191695, 0.27083634443],
      [0.21994313038, 0.21725989469, 0.088598596921, 0.39252114952, 0.081677228488],
      [0.23146946722, 0.38412249222, 0.23069609341, 0.1162979595, 0.037413987651],
      [0.08418684352, 0.11153172925, 0.16978468448, 0.3250644771, 0.30943226565]
    ],
    [
      [0.38459017557, 0.23973698049, 0.24532458062, 0.026191366657, 0.10415689666],
      [0.3898059972, 0.010692265533, 0.30021933149, 0.25522395598, 0.044058449792],
      [0.27829513072, 0.27086592321, 0.15141011948, 0.2378643281, 0.061564498493],
      [0.065984425501, 0.11330065504, 0.16477466756, 0.65545730227, 0.00048294962269],
      [0.004390085051, 0.0030674963415, 0.2066006473, 0.47080429002, 0.31513748129],
      [0.15408153845, 0.18649012215, 0.073905996261, 0.47825688087, 0.10726546227],
      [0.18556736008, 0.37665466401, 0.21971450479, 0.1618697838, 0.056193687322],
      [0.053605179719, 0.087144581984, 0.12863253046, 0.35999510949, 0.37062259835]
    ],
    [
      [0.40382805169, 0.18310984484, 0.31495030094, 0.012536861279, 0.085574941241],
      [0.42574599361, 0.0085109656855, 0.40073795474, 0.12733329487, 0.037671791085],
      [0.34041958729, 0.24100473031, 0.22665598673, 0.13295258181, 0.058967113852],
      [0.1012259701, 0.12669977063, 0.30953957502, 0.46195372751, 0.00058095674136],
      [0.0060814925797, 0.0031017135596, 0.35039779975, 0.29926128088, 0.34115771323],
      [0.22539427532, 0.19863579805, 0.13242841324, 0.32069143222, 0.12285008116],
      [0.21929143779, 0.32359101499, 0.31772161398, 0.08737600428, 0.052019928965],
      [0.073531700646, 0.087155161584, 0.21611753052, 0.22625340773, 0.39694219951]
    ],
    [
      [0.35735614533, 0.26516159501, 0.27704621255, 0.019803902051, 0.080632145062],
      [0.3851224131, 0.012596029317, 0.36037487284, 0.20562502598, 0.03628165876],
      [0.27020066633, 0.31292911638, 0.17874871034, 0.18830896428, 0.049812542682],
      [0.070305705945, 0.14379952403, 0.21342046151, 0.57204531654, 0.00042899196334],
      [0.0048450883852, 0.0040363535409, 0.27705982918, 0.4249498946, 0.28910883429],
      [0.16281455019, 0.23459331595, 0.094993912553, 0.41318688766, 0.094411333649],
      [0.17196038607, 0.41497198757, 0.24745954154, 0.12221241394, 0.043395670873],
      [0.058533678746, 0.11336578252, 0.1707713985, 0.32109099715, 0.33623814308]
    ],
    [
      [0.38012040403, 0.22033728616, 0.28294366119, 0.019807693418, 0.096790955197],
      [0.39486270952, 0.010087785571, 0.35471792705, 0.19835076998, 0.041980807882],
      [0.29382705934, 0.26579789615, 0.18663277234, 0.19262195569, 0.061120316479],
      [0.075887662596, 0.12118405996, 0.22108949249, 0.58131649106, 0.00052229389547],
      [0.0048463660266, 0.0031516037848, 0.26590321942, 0.39996999561, 0.32612881516],
      [0.17458196768, 0.19643672072, 0.097796941833, 0.41697954731, 0.11420482245],
      [0.19160984623, 0.36112550864, 0.2646645813, 0.12804886, 0.054551203825],
      [0.058991372273, 0.089199254758, 0.16518433153, 0.30442990872, 0.38219513272]
    ],
    [
      [0.46647190309, 0.22807404716, 0.25482852097, 0.028495052604, 0.022130476176],
      [0.43677423373, 0.0094157269922, 0.28798982206, 0.25717710583, 0.0086431113797],
      [0.32938181046, 0.25128045637, 0.15350987518, 0.25307236613, 0.012755491863],
      [0.074304768151, 0.10006258072, 0.15879882451, 0.66673875402, 9.5072604491e-05],
      [0.0066197120392, 0.0036306328983, 0.26642814236, 0.63994469031, 0.083376822392],
      [0.1893899145, 0.17970540312, 0.077823981674, 0.5299959043, 0.023084796415],
      [0.22529943746, 0.35798775051, 0.22832960133, 0.17644481827, 0.011938392434],
      [0.086287303479, 0.11002968508, 0.17723084417, 0.52167882502, 0.10477334226]
    ],
    [
      [0.47484820828, 0.19577194682, 0.26450065361, 0.019383358789, 0.045495832491],
      [0.47096780224, 0.008558820781, 0.31662157822, 0.18504660226, 0.018805196494],
      [0.3689503369, 0.23748465264, 0.17542525339, 0.18928425858, 0.028855498495],
      [0.09704028298, 0.11039070598, 0.21186209419, 0.58045604382, 0.00025087302891],
      [0.0075339751857, 0.0034916418918, 0.30990636704, 0.48620861452, 0.19285940137],
      [0.23074733277, 0.18485367658, 0.096801639994, 0.43070832053, 0.05688903013],
      [0.24957737967, 0.33483678926, 0.25820627684, 0.13065663569, 0.026722918531],
      [0.093609657899, 0.10083783054, 0.19642862332, 0.37797209042, 0.23115179782]
    ],
    [
      [0.48198369395, 0.24088302784, 0.21682866952, 0.019446556776, 0.040858051921],
      [0.50281101013, 0.011064187842, 0.27303418109, 0.19527881737, 0.017811803574],
      [0.36488270376, 0.28473646204, 0.14007766799, 0.18501212446, 0.025291041747],
      [0.099473973013, 0.13704156298, 0.17530639033, 0.5879495608, 0.00022851287068],
      [0.0082737685628, 0.0046404048838, 0.27473176315, 0.52754507284, 0.18480899056],
      [0.22873756547, 0.22204150659, 0.077454948981, 0.42193073804, 0.04983524091],
      [0.24541888513, 0.39932760985, 0.20500109919, 0.12696053925, 0.023291866579],
      [0.098663110317, 0.12869738646, 0.16710863049, 0.39362000352, 0.2119108692]
    ],
    [
      [0.43980984945, 0.18075618094, 0.28583941735, 0.028232477863, 0.065362074395],
      [0.40298962599, 0.0072334736284, 0.31618355105, 0.24851567229, 0.025077677047],
      [0.31962230805, 0.20587840875, 0.17755757785, 0.25796128506, 0.038980420288],
      [0.070797840724, 0.080494554015, 0.18151413314, 0.66690513644, 0.00028833567556],
      [0.0052390066342, 0.0024184238499, 0.2536110989, 0.5339455207, 0.20478594992],
      [0.1781423242, 0.14278721143, 0.087488355038, 0.5232568199, 0.068325289429],
      [0.21945449809, 0.29654746847, 0.2660069426, 0.18124882069, 0.036742270143],
      [0.068223140941, 0.073404829226, 0.16810910294, 0.43487772842, 0.25538519848]
    ],
    [
      [0.39530551027, 0.2363288819, 0.23739587826, 0.023201396365, 0.10776833321],
      [0.41163955662, 0.010768787707, 0.29841129264, 0.23219215071, 0.046988212321],
      [0.29315579813, 0.27448880714, 0.15045698106, 0.21633718085, 0.06556123282],
      [0.073305802494, 0.1212202019, 0.17349789052, 0.6314290919, 0.00054701318689],
      [0.0047364541443, 0.0031825902095, 0.21158291273, 0.44118907359, 0.33930896932],
      [0.16644415463, 0.19396555638, 0.075500288788, 0.44706368558, 0.11702631463],
      [0.19444356783, 0.38146434545, 0.21764669666, 0.14676905143, 0.05967633863],
      [0.057050928151, 0.089291270513, 0.12977658106, 0.33236747718, 0.3915137431]
    ],
    [
      [0.35443177643, 0.29613645819, 0.28376256269, 0.012401453626, 0.053267749062],
      [0.41630691769, 0.015189371411, 0.40235221823, 0.13995258424, 0.026198908426],
      [0.28115676484, 0.36811459146, 0.19238502675, 0.12367446947, 0.034669147482],
      [0.086183628953, 0.19906267667, 0.27203476628, 0.44236420643, 0.00035472167731],
      [0.0063880021254, 0.0059891670677, 0.38062568213, 0.35467406476, 0.25232308392],
      [0.19149720558, 0.31190370057, 0.11582308223, 0.30653217333, 0.074243838293],
      [0.17070081946, 0.46879908968, 0.25478986595, 0.076819990628, 0.028890234281],
      [0.074208703811, 0.16220059327, 0.22512750029, 0.25771352783, 0.28074967481]
    ],
    [
      [0.42264554421, 0.21840064657, 0.28227232421, 0.016124123351, 0.060557361658],
      [0.44337879894, 0.010015484684, 0.35752318793, 0.1624825728, 0.026599955647],
      [0.33580707723, 0.27194257329, 0.19168680969, 0.16107552448, 0.039488015319],
      [0.093733621266, 0.13410074858, 0.24701315719, 0.52478431751, 0.00036815545583],
      [0.00668271079, 0.0038840127454, 0.33258637612, 0.40485946218, 0.25198743816],
      [0.21606019965, 0.21781528078, 0.10902992404, 0.37718044869, 0.079914146839],
      [0.21755484545, 0.36947990339, 0.27103812403, 0.10680316785, 0.035123959288],
      [0.081388935052, 0.1102017363, 0.20612813179, 0.30838829412, 0.29389290273]
    ],
    [
      [0.40931713538, 0.25226194138, 0.24139647073, 0.022330749721, 0.074693702781],
      [0.42740756804, 0.011512932088, 0.30428594298, 0.22413474768, 0.03265880921],
      [0.30268619528, 0.29204793599, 0.1524689001, 0.20751551789, 0.045281450734],
      [0.076828024452, 0.130604715, 0.17818668311, 0.61399767851, 0.00038289893512],
      [0.0055665962091, 0.0038406345724, 0.24354524057, 0.48080906804, 0.26623846061],
      [0.1783207307, 0.21388236046, 0.079327910932, 0.44466771736, 0.083801280534],
      [0.19900489616, 0.40226328496, 0.21845881572, 0.13944632274, 0.040826680408],
      [0.067450633472, 0.10850722138, 0.15034930375, 0.36451522725, 0.30917761415]
    ],
    [
      [0.49469330743, 0.18347258037, 0.24443158723, 0.020772551253, 0.056629973721],
      [0.48444410169, 0.0078513895637, 0.28897926506, 0.19550126407, 0.023223979622],
      [0.38094644903, 0.22132939699, 0.1608326426, 0.2011160326, 0.035775478776],
      [0.098654508429, 0.10112105025, 0.19206007206, 0.60785522068, 0.00030914857803],
      [0.007416051725, 0.003086297153, 0.2725187775, 0.49410931855, 0.22286955507],
      [0.23188738494, 0.16759849616, 0.086511068953, 0.44555362856, 0.06844942139],
      [0.2626235515, 0.31989184073, 0.24183185038, 0.14180755618, 0.033845201202],
      [0.091854996099, 0.089100418859, 0.17186138621, 0.38278297832, 0.26440022051]
    ]
  ],
  "expected_outcome": [
    [
      [19.1361973794, 27.3593314291, 25.6235425137, 25.0764010718, 23.5458255073, 24.0333933899, 8.1912854104, 1.3193340386, 4.0649684413, 2.604994689, 3.7229952322, 4.4286762002, 2.6552851731, 1.163029516, 1.8298067992, 4.5749633261, 2.7478873848, 0.84734343594, 1.7501353909, 0.47689048917, 1.9141212548, 1.4873622211, 3.8686049679, 3.3430140589, 1.2739722037, 2.5049442498, 2.697084644, 1.731174831, 3.9584107528, 3.0994972776, 1.0981247495, 1.7575424133, 3.8118361344, 1.4244460024, 3.9538292245, 2.7144582345, 1.3448699846, 1.5383607023, 1.2114841551, 2.5014930173, 3.0409632323, 3.2653033216, 1.4245446248, 4.3378532455, 3.958288645, 1.9765275513, 1.7721588821, 3.8038098979, 2.4559028123, 2.9681598446],
      [19.4579569352, 14.9053845407, 10.2655434225, 12.9977684945, 9.9351679311, 11.8748876089, 3.885904243, 0.59724390986, 2.0366275269, 1.2289446182, 2.2705954801, 1.9759428198, 0.83472789511, 0.71327193764, 1.2909908928, 2.6883368855, 0.97442020999, 0.45464856658, 1.409233142, 0.21155865088, 0.98497847808, 1.3921318488, 2.0080968558, 1.3091783275, 0.61213010249, 0.83235024493, 2.8331412016, 0.86103296243, 1.3107555367, 0.57433478313, 1.2132033956, 0.69591200161, 1.6737886066, 0.73079172793, 2.3705652264, 1.9359886132, 0.68493531107, 0.95894792195, 0.54932953453, 1.8561311651, 1.7626982893, 1.5965183302, 0.58731584047, 2.1679472506, 1.6268056285, 1.1816444095, 1.480682291, 1.9656058191, 1.5135716483, 1.1008354822],
      [13.8961630657, 10.9325565453, 19.4612913738, 20.0089379911, 14.526383446, 15.5737332752, 4.1447392721, 0.82985724926, 3.3008352876, 1.4297592649, 2.3400093781, 3.816180301, 1.027253543, 0.84859668673, 1.2721715421, 2.9466908756, 1.7388219571, 0.60645361219, 1.2323572624, 0.22872878004, 1.8865565664, 0.84812514487, 2.121999817, 2.1325808792, 0.93748222471, 1.2464702002, 1.6774291236, 1.8940377777, 1.9890749145, 2.5982178825, 1.3463290856, 1.1683297248, 1.9263025043, 1.3475689927, 2.0535377896, 1.8504584244, 0.72287619641, 0.98129832249, 0.94485090283, 1.9393234878, 2.2635492896, 1.7837996468, 0.79350196084, 1.9514580257, 2.5725547562, 1.1869793913, 1.4188128134, 2.5404509179, 1.4483788244, 1.4665895234],
