{
  "X": [
    [23, 15, 13, 36, 13],
    [20, 16, 15, 37, 12],
    [25, 15, 15, 27, 18],
    [21, 20, 18, 29, 12],
    [17, 19, 18, 32, 14],
    [18, 10, 11, 42, 19],
    [14, 35, 6, 33, 12],
    [14, 28, 9, 31, 18],
    [15, 39, 7, 29, 10],
    [12, 30, 11, 30, 17],
    [6, 33, 12, 28, 21],
    [19, 31, 13, 23, 14],
    [4, 21, 19, 24, 32],
    [21, 16, 14, 29, 20],
    [14, 16, 20, 31, 19],
    [17, 15, 17, 25, 26],
    [21, 14, 12, 29, 24],
    [14, 16, 18, 29, 23],
    [15, 30, 18, 19, 18],
    [13, 20, 29, 22, 16],
    [13, 24, 34, 19, 10],
    [17, 26, 33, 15, 9],
    [24, 23, 27, 18, 8],
    [15, 23, 27, 16, 19],
    [17, 18, 34, 22, 9],
    [26, 42, 14, 9, 9],
    [18, 34, 30, 11, 7],
    [14, 35, 27, 10, 14],
    [16, 32, 32, 8, 12],
    [18, 37, 29, 10, 6],
    [24, 38, 23, 8, 7],
    [12, 22, 39, 13, 14],
    [10, 21, 34, 18, 17],
    [8, 16, 40, 19, 17],
    [10, 28, 37, 10, 15],
    [8, 25, 37, 17, 13],
    [9, 26, 38, 11, 16],
    [15, 20, 24, 15, 26],
    [18, 32, 10, 15, 25],
    [13, 30, 8, 12, 37],
    [13, 33, 4, 19, 31],
    [9, 40, 14, 4, 33],
    [14, 30, 12, 14, 30],
    [26, 34, 12, 7, 21],
    [30, 23, 22, 12, 13],
    [21, 27, 19, 17, 16],
    [29, 25, 17, 19, 10],
    [29, 20, 20, 15, 16],
    [34, 20, 17, 17, 12],
    [35, 22, 14, 15, 14]
  ],
  "W": [
    [56, 1, 6, 6, 5, 7, 8, 11],
    [59, 6, 4, 10, 3, 8, 5, 5],
    [53, 9, 8, 7, 4, 8, 7, 4],
    [50, 7, 3, 3, 10, 12, 6, 9],
    [57, 7, 6, 6, 5, 5, 3, 11],
    [53, 4, 11, 5, 3, 9, 5, 10],
    [22, 47, 7, 3, 4, 5, 8, 4],
    [9, 58, 6, 5, 5, 3, 9, 5],
    [4, 58, 8, 7, 6, 4, 7, 6],
    [2, 57, 4, 6, 8, 10, 6, 7],
    [3, 55, 9, 6, 4, 7, 8, 8],
    [10, 52, 7, 10, 3, 7, 4, 7],
    [6, 23, 33, 3, 2, 15, 10, 8],
    [9, 4, 54, 4, 8, 6, 6, 9],
    [5, 11, 58, 2, 9, 4, 6, 5],
    [8, 5, 59, 3, 5, 5, 10, 5],
    [4, 6, 61, 4, 7, 5, 4, 9],
    [6, 3, 53, 11, 7, 7, 3, 10],
    [8, 8, 36, 28, 7, 7, 4, 2],
    [7, 4, 5, 63, 6, 8, 4, 3],
    [2, 5, 5, 65, 5, 4, 7, 7],
    [12, 7, 2, 57, 9, 6, 2, 5],
    [7, 7, 6, 61, 7, 2, 3, 7],
    [7, 5, 3, 51, 9, 7, 7, 11],
    [4, 7, 6, 55, 7, 7, 2, 12],
    [10, 8, 5, 6, 59, 3, 7, 2],
    [4, 8, 7, 5, 54, 7, 8, 7],
    [5, 4, 8, 8, 55, 10, 6, 4],
    [6, 6, 6, 4, 53, 8, 5, 12],
    [2, 4, 3, 10, 60, 7, 4, 10],
    [7, 10, 3, 4, 59, 7, 5, 5],
    [4, 7, 5, 1, 16, 51, 7, 9],
    [4, 8, 5, 11, 9, 57, 3, 3],
    [10, 5, 8, 2, 10, 56, 3, 6],
    [6, 4, 8, 7, 7, 54, 5, 9],
    [6, 5, 12, 6, 4, 54, 10, 3],
    [3, 9, 2, 5, 7, 53, 11, 10],
    [8, 7, 7, 5, 2, 31, 30, 10],
    [6, 7, 5, 5, 6, 6, 61, 4],
    [7, 5, 9, 7, 6, 4, 58, 4],
    [7, 5, 5, 3, 6, 4, 59, 11],
    [8, 5, 3, 6, 9, 4, 59, 6],
    [10, 5, 9, 7, 4, 6, 53, 6],
    [9, 5, 6, 3, 5, 5, 43, 24],
    [5, 8, 8, 6, 14, 4, 3, 52],
    [4, 11, 11, 3, 5, 9, 11, 46],
    [5, 9, 5, 6, 10, 1, 10, 54],
    [9, 6, 7, 10, 4, 8, 10, 46],
    [8, 8, 8, 8, 8, 5, 5, 50],
    [9, 10, 10, 6, 5, 3, 5, 52]
  ],
  "method": "mult",
  "cond_prob": [
    [
      [0.24452647544, 0.078506320917, 0.062960906803, 0.51200650703, 0.10199978981],
      [0.078024827122, 0.39480234066, 0.015083944982, 0.39867803548, 0.11341085175],
      [0.14033735864, 0.077367811343, 0.10861261378, 0.40200388568, 0.27167833056],
      [0.15225728406, 0.21232367335, 0.35492408752, 0.20226988114, 0.078225073935],
      [0.22216106466, 0.4676915165, 0.27275898997, 0.016572840904, 0.020815587968],
      [0.019219260517, 0.17529194621, 0.54623329388, 0.11643457652, 0.14282092288],
      [0.10839211991, 0.41867053991, 0.016531723966, 0.050439560803, 0.40596605541],
      [0.46833895724, 0.17699179456, 0.16283579844, 0.11139298607, 0.080440463678]
    ],
    [
      [0.23882295594, 0.086115787531, 0.072374127449, 0.49938737506, 0.10329975402],
      [0.073903223314, 0.42031628514, 0.016829408307, 0.37747816991, 0.11147291333],
      [0.13506886472, 0.083671059031, 0.123080453, 0.38667707258, 0.27150255067],
      [0.13944811949, 0.21850541075, 0.38252311548, 0.18521269476, 0.074310659523],
      [0.2007506108, 0.47476505954, 0.29001198408, 0.014973862816, 0.019498482766],
      [0.017100061739, 0.17533957399, 0.57199975062, 0.10364687676, 0.13191373689],
      [0.10123437837, 0.43946810738, 0.018185733489, 0.047121579028, 0.39399020173],
      [0.44477557947, 0.18862505903, 0.18181609937, 0.10564750203, 0.079135760095]
    ],
    [
      [0.32274866783, 0.075045306901, 0.078403634087, 0.38065993678, 0.14314245441],
      [0.10782145687, 0.39489401961, 0.019687597712, 0.31076357192, 0.1668333539],
      [0.17227083606, 0.068840092631, 0.1259050326, 0.27824268426, 0.35474135445],
      [0.18153931005, 0.18335550893, 0.39984321128, 0.13601288668, 0.099249083064],
      [0.26157990052, 0.39810648747, 0.30323936059, 0.011002678644, 0.026071572783],
      [0.021816494504, 0.14428064647, 0.58663751366, 0.074616263072, 0.1726490823],
      [0.12215986341, 0.34149089604, 0.017594831724, 0.032076482429, 0.48667792639],
      [0.52164382039, 0.14249129288, 0.17090870938, 0.069826818147, 0.095129359206]
    ],
    [
      [0.25590014222, 0.09212504687, 0.080594642089, 0.46296987483, 0.10841029399],
      [0.07819329307, 0.44241056933, 0.01851142581, 0.34536916473, 0.11551554707],
      [0.14265137938, 0.088228061444, 0.13504971003, 0.35314419169, 0.28092665745],
      [0.1413058973, 0.22075098594, 0.40203223073, 0.16216482677, 0.073746059257],
      [0.19958857097, 0.46933980548, 0.29923343549, 0.012854461699, 0.01898372636],
      [0.017044751342, 0.17432057686, 0.59061896595, 0.089233302434, 0.12878240342],
      [0.10286657907, 0.44427561443, 0.019210725246, 0.041347442031, 0.39229963922],
      [0.44903164026, 0.18993843329, 0.19064501828, 0.092134551262, 0.078250356904]
    ],
    [
      [0.19505932969, 0.10688918469, 0.10203977504, 0.46264340934, 0.13336830124],
      [0.054951763229, 0.47443829296, 0.021575842361, 0.31810834499, 0.13092575645],
      [0.10063592094, 0.094691887209, 0.15827356804, 0.32660833135, 0.31979029246],
      [0.095502143222, 0.22728082412, 0.45302097736, 0.14379540245, 0.080400652848],
      [0.13647468188, 0.49022835461, 0.34081083497, 0.011542794294, 0.02094333424],
      [0.010694698029, 0.16646310222, 0.61911153071, 0.073441425135, 0.13028924391],
      [0.06857798161, 0.45197706848, 0.021242868745, 0.036178174645, 0.42202390652],
      [0.34447187611, 0.22219473946, 0.24348532351, 0.09288480083, 0.096963260081]
    ],
    [
      [0.1955361358, 0.053597962953, 0.050496884, 0.55894636278, 0.14142265447],
      [0.066572582443, 0.28804357804, 0.012914612398, 0.46462774703, 0.16784148009],
      [0.10508770273, 0.049475014834, 0.081588479756, 0.41112398037, 0.35272482231],
      [0.13822573845, 0.16468372996, 0.32308585272, 0.25083504951, 0.12316962937],
      [0.23280770639, 0.41903379477, 0.28660384741, 0.023723968695, 0.037830682725],
      [0.017105697034, 0.13331194734, 0.48746423682, 0.14161073607, 0.22050738273],
      [0.086322759427, 0.2850905446, 0.013210741228, 0.054885070471, 0.56049088427],
      [0.43601691408, 0.14066393617, 0.15195224667, 0.14157254063, 0.12979436246]
    ],
    [
      [0.25319374484, 0.1036456138, 0.048520173726, 0.50201577295, 0.092624694676],
      [0.072970047603, 0.46836328602, 0.010524331294, 0.35469278359, 0.093449551496],
      [0.14911173314, 0.10515125622, 0.086320303132, 0.4056847209, 0.25373198661],
      [0.15995534305, 0.28413765493, 0.28185525409, 0.20176217737, 0.072289570565],
      [0.2112802991, 0.56138639432, 0.19500816056, 0.014937373747, 0.017387772272],
      [0.021400181462, 0.24980065644, 0.46495166349, 0.12351720769, 0.14033029092],
      [0.10259206627, 0.50246705343, 0.011666563856, 0.045380302601, 0.33789401384],
      [0.47392788116, 0.22645430517, 0.12248664681, 0.10612795355, 0.071003213311]
    ],
    [
      [0.26250689393, 0.066395631981, 0.073345755428, 0.46917775396, 0.12857396471],
      [0.088648977361, 0.35156157262, 0.018659244896, 0.38890310345, 0.15222710168],
      [0.14252832882, 0.062164095767, 0.12047514263, 0.34979305351, 0.32503937927],
      [0.15575429578, 0.17100591199, 0.4017783833, 0.17713125923, 0.094330149701],
      [0.2402379609, 0.39386158843, 0.32412181194, 0.015298885842, 0.026479752881],
      [0.018473137969, 0.13344959755, 0.58934650621, 0.096218603497, 0.16251215477],
      [0.1110384024, 0.33595936079, 0.018424266278, 0.044286276866, 0.49029169367],
      [0.48246590979, 0.14212546598, 0.18167490044, 0.097129156523, 0.096604567267]
    ],
    [
      [0.29902059479, 0.096192525751, 0.049966290246, 0.47815266769, 0.07666792152],
      [0.090947775528, 0.45882031944, 0.011463739225, 0.35699319884, 0.08177496696],
      [0.18348571733, 0.10180041479, 0.092684612684, 0.40287880135, 0.21915045386],
      [0.18995435198, 0.26528723339, 0.29131195345, 0.19321866403, 0.060227797149],
      [0.24979434966, 0.52086665102, 0.2007040428, 0.014223535599, 0.01441142092],
      [0.026072211843, 0.23962273611, 0.49272393926, 0.12146970523, 0.12011140756],
      [0.13126847399, 0.50522414146, 0.013042950502, 0.046821504589, 0.30364292945],
      [0.5307905442, 0.19881162652, 0.11925522717, 0.095525327219, 0.055617274888]
    ],
    [
      [0.23379532218, 0.068703745301, 0.056844163616, 0.50836519102, 0.13229157788],
      [0.076236130383, 0.35143607693, 0.014006979557, 0.40696462658, 0.15135618655],
      [0.12712992355, 0.064451899, 0.093363878151, 0.37955170056, 0.33550259873],
      [0.15211517825, 0.19410686545, 0.33705786534, 0.21026709122, 0.10645299974],
      [0.23405824, 0.44579473295, 0.27225754382, 0.018099091712, 0.029790391509],
      [0.01883244159, 0.15820434287, 0.51209776598, 0.11924595234, 0.19161949722],
      [0.097458375642, 0.34273050366, 0.014114148177, 0.047225852536, 0.49847111998],
      [0.46658444105, 0.15954578332, 0.15206628365, 0.11398565011, 0.10781784187]
    ],
    [
      [0.12994820388, 0.092441763311, 0.084926930199, 0.52372485859, 0.16895824401],
      [0.036900225539, 0.41172857323, 0.018198336126, 0.36495507416, 0.16821779095],
      [0.063344417919, 0.077708057592, 0.12507359951, 0.35046457686, 0.38340934811],
      [0.070234780383, 0.21691540821, 0.41994073718, 0.17998190632, 0.1129271679],
      [0.10888159673, 0.50223057929, 0.34140784893, 0.015617196914, 0.031862778136],
      [0.0076956477042, 0.15638594123, 0.56588312754, 0.090307472682, 0.17972781084],
      [0.044410091968, 0.37804422177, 0.017265266134, 0.039898871307, 0.52038154882],
      [0.27089443456, 0.22443990846, 0.23783962734, 0.1228453356, 0.14398069405]
    ],
    [
      [0.35541065227, 0.085404587832, 0.076155917666, 0.36804562521, 0.11498321702],
      [0.1162261057, 0.43803714073, 0.018787596444, 0.29520649124, 0.13174266588],
      [0.2004226173, 0.083008864123, 0.12962623226, 0.28485140897, 0.30209087735],
      [0.1978062418, 0.20632062889, 0.38651915905, 0.13027471655, 0.079079253703],
      [0.27066091678, 0.42199868989, 0.27766507753, 0.009984297349, 0.019691018455],
      [0.024596514244, 0.16869219779, 0.58974624934, 0.074151926268, 0.14281311236],
      [0.13978190851, 0.40195298434, 0.017813585545, 0.032279267852, 0.40817225375],
      [0.55031284634, 0.15419488682, 0.1584169413, 0.064242112591, 0.072833212956]
    ],
    [
      [0.086660183238, 0.093583324584, 0.098360062901, 0.51089719418, 0.2104992351],
      [0.02391630646, 0.40658463063, 0.02049617026, 0.34556760743, 0.20343528522],
      [0.039007308224, 0.072585360901, 0.1334800549, 0.31540263612, 0.43952463986],
      [0.044006358085, 0.20656214913, 0.45250181508, 0.16476083529, 0.13216884241],
      [0.070399548886, 0.49550716871, 0.38080300747, 0.014754693441, 0.038535581494],
      [0.004583476799, 0.14136442372, 0.57594397563, 0.078511844257, 0.1995962796],
      [0.02650820147, 0.34382070856, 0.017910364791, 0.034777551775, 0.5769831734],
      [0.18377435633, 0.23174951935, 0.27970099991, 0.12197859189, 0.18279653252]
    ],
    [
      [0.29110413532, 0.078116066532, 0.059621304461, 0.47219403183, 0.09896446186],
      [0.094841565341, 0.40177307623, 0.014627348278, 0.37614619916, 0.11261181099],
      [0.17027424424, 0.078593356238, 0.10496789968, 0.37825106412, 0.26791343572],
      [0.18284601205, 0.21337777755, 0.33886733897, 0.18816371929, 0.076745152149],
      [0.25847578087, 0.45460849495, 0.25221076894, 0.014909068745, 0.019795886484],
      [0.023792268948, 0.18195979164, 0.53794301312, 0.11181964886, 0.14448527743],
      [0.12900888938, 0.41705487248, 0.015692034496, 0.046501524847, 0.3917426788],
      [0.52264509745, 0.16454417305, 0.14400553518, 0.095812630864, 0.07299256346]
    ],
    [
      [0.22661670564, 0.073167457441, 0.10120298166, 0.50455929662, 0.094453558643],
      [0.074972332962, 0.38181874357, 0.025231022337, 0.4087064131, 0.10927148802],
      [0.12684221721, 0.070501358336, 0.17070639732, 0.38713991384, 0.24481011329],
      [0.11921322533, 0.16737960364, 0.4834188647, 0.1685930632, 0.061395243133],
      [0.18459357643, 0.38982500687, 0.39361207066, 0.01462895319, 0.017340392849],
      [0.013562497021, 0.12493941383, 0.67267362484, 0.087685362771, 0.10113910154],
      [0.10670123231, 0.41463623847, 0.028315741079, 0.052881349815, 0.39746543833],
      [0.41651364081, 0.15745204097, 0.25010409023, 0.10471299216, 0.071217235829]
    ],
    [
      [0.28320722282, 0.079943348439, 0.088860268883, 0.42288296163, 0.12510619823],
      [0.091755356996, 0.40941219465, 0.021693531685, 0.33542085996, 0.14171805671],
      [0.15331650433, 0.074495348855, 0.14495633224, 0.3138032245, 0.31342859007],
      [0.15217858946, 0.18695190438, 0.43348009812, 0.14432277709, 0.083066630957],
      [0.22213831437, 0.41117740758, 0.33275616833, 0.011806022286, 0.022122087436],
      [0.017816024633, 0.14355228448, 0.62061586352, 0.077237729242, 0.14077809812],
      [0.11277284388, 0.38393765886, 0.021024907961, 0.03747928326, 0.44478530604],
      [0.47561074146, 0.15731111605, 0.20066973052, 0.08019989452, 0.086208517451]
    ],
    [
      [0.3011749265, 0.070437158479, 0.052310852476, 0.46112987822, 0.11494718433],
      [0.10095672517, 0.37310302668, 0.013208021651, 0.37811084474, 0.13462138176],
      [0.17273542524, 0.069503176313, 0.090331303796, 0.36231673867, 0.30511335599],
      [0.1986719742, 0.20215671516, 0.3124566602, 0.19307396, 0.093640690443],
      [0.28551888222, 0.43801430264, 0.23635946759, 0.015552659304, 0.024554688239],
      [0.026227932621, 0.17493165211, 0.50350524495, 0.11644557123, 0.17888959909],
      [0.1303396102, 0.36756649901, 0.013447829229, 0.044376048508, 0.44427001305],
      [0.54416254976, 0.14927727526, 0.12711839172, 0.094153717207, 0.085288066047]
    ],
    [
      [0.20448238211, 0.085348076765, 0.069256947892, 0.51395611846, 0.12695647478],
      [0.061872143355, 0.40798705965, 0.015788162764, 0.38018166074, 0.1341709735],
      [0.11045505257, 0.079298057987, 0.11255462647, 0.3801480644, 0.31754419856],
      [0.12146983382, 0.22054783902, 0.37125459829, 0.19362494742, 0.093102781459],
      [0.17928689553, 0.49089050921, 0.28873664284, 0.016015480295, 0.025070472127],
      [0.014599909853, 0.17370718632, 0.54348270803, 0.10627578158, 0.16193441422],
      [0.081027788354, 0.40772733801, 0.016306557678, 0.045233048551, 0.44970526741],
      [0.40257762501, 0.19718179753, 0.18326081145, 0.11430656309, 0.10267320291]
    ],
    [
      [0.28089481801, 0.14356291092, 0.064729548906, 0.3838646165, 0.12694810567],
      [0.070624515579, 0.56908524575, 0.012288248725, 0.23631683177, 0.11168515817],
      [0.15278451506, 0.13447429178, 0.10600994362, 0.28617140102, 0.32055984853],
      [0.14870578537, 0.33048267361, 0.30882233789, 0.1289558702, 0.083033332918],
      [0.17907815641, 0.59803452222, 0.19597094195, 0.00869477743, 0.018221601986],
      [0.01889000359, 0.27558448558, 0.47772341165, 0.074892922297, 0.15290917688],
      [0.085873171713, 0.52796014089, 0.011781066798, 0.026085773023, 0.34829984758],
      [0.44526133475, 0.26620394667, 0.13750868954, 0.068554983954, 0.082471045077]
    ],
    [
      [0.20031629317, 0.070103542711, 0.061479954421, 0.51511335879, 0.15298685091],
      [0.063736102176, 0.35067192909, 0.014775574044, 0.40050321366, 0.17031318103],
      [0.10406573643, 0.06270358516, 0.09607883988, 0.36607225346, 0.37107958507],
      [0.12754975111, 0.19386872657, 0.35118263852, 0.20720835994, 0.12019052386],
      [0.20019309363, 0.45646320993, 0.29086069815, 0.018170936733, 0.034312061556],
      [0.015264353022, 0.15230482814, 0.51031650388, 0.1132153032, 0.20889901176],
      [0.077699817838, 0.32621423837, 0.014203414805, 0.04413025274, 0.53775227625],
      [0.41298984521, 0.16903172203, 0.16969893, 0.11907834836, 0.12920115441]
    ],
    [
      [0.20503375455, 0.086850619758, 0.081913114182, 0.52816433972, 0.09803817179],
      [0.062852825675, 0.41796307083, 0.018952426983, 0.39515616373, 0.10507551278],
      [0.11520735916, 0.083984571741, 0.13840303867, 0.40555887989, 0.25684615054],
      [0.11578662151, 0.21286329246, 0.41498045198, 0.18807686351, 0.06829277054],
      [0.17104164548, 0.47155588483, 0.32352714343, 0.015515303828, 0.018360022424],
      [0.013785422759, 0.16630092488, 0.59977865095, 0.10214557447, 0.11798942695],
      [0.089255448149, 0.45296089213, 0.021223997827, 0.050646783282, 0.38591287862],
      [0.39750785079, 0.19703963346, 0.21281958659, 0.11469976337, 0.077933165792]
    ],
    [
      [0.28782764686, 0.10671968644, 0.090693167397, 0.39703234887, 0.11772715043],
      [0.084342933566, 0.49090178472, 0.020050385544, 0.28411396631, 0.12059092986],
      [0.15663825481, 0.0999253204, 0.14838538401, 0.29549047573, 0.29956056504],
      [0.14680455767, 0.2362101641, 0.41499468079, 0.12798095567, 0.074009641769],
      [0.19816753372, 0.47833974795, 0.2956655632, 0.0096615624912, 0.018165592638],
      [0.017492381481, 0.18463207804, 0.6002149368, 0.06958795742, 0.12807264627],
      [0.10361901972, 0.46027366345, 0.01942614532, 0.031587330066, 0.38509384144],
      [0.4588529904, 0.19919166965, 0.193857198, 0.071150330742, 0.076947811207]
    ],
    [
      [0.34484801775, 0.082349264396, 0.066283512847, 0.42302146329, 0.08349774172],
      [0.11450216335, 0.42913866015, 0.016599487121, 0.3428781952, 0.096881494172],
      [0.20850904252, 0.085655016421, 0.12047694959, 0.34969292088, 0.23566607059],
      [0.20686091484, 0.21433936426, 0.35676194463, 0.16029516056, 0.061742615703],
      [0.28069937319, 0.43638287936, 0.25551112343, 0.012163486193, 0.015243137836],
      [0.027324879135, 0.18569493721, 0.57201953166, 0.096597530342, 0.11836312165],
      [0.15528728413, 0.4441849078, 0.017754311658, 0.042068505954, 0.34070499046],
      [0.56347783407, 0.15758930548, 0.14527459507, 0.077691045332, 0.055967220052]
    ],
    [
      [0.21391017071, 0.081801203688, 0.068545820506, 0.44520360987, 0.19053919523],
      [0.064837410497, 0.3887679554, 0.015664035425, 0.32900712354, 0.20172347514],
      [0.10400511705, 0.068401918282, 0.10015945942, 0.29560662389, 0.43182688136],
      [0.12590410735, 0.2088138351, 0.36191737804, 0.16512269546, 0.13824198406],
      [0.18945541023, 0.47131521041, 0.28748096551, 0.013880561654, 0.037867852198],
      [0.014564812181, 0.1583964631, 0.50804408041, 0.087069334371, 0.23192530993],
      [0.070039177076, 0.32053655875, 0.013345308003, 0.032079250138, 0.56399970604],
      [0.40370432851, 0.18086128657, 0.17360241082, 0.094221977821, 0.14760999628]
    ],
    [
      [0.22722181646, 0.062630548962, 0.077333237102, 0.54146211785, 0.091352279632],
      [0.078136197548, 0.33793531801, 0.02005159639, 0.45414083609, 0.10973605197],
      [0.1310809012, 0.062139597518, 0.13406841617, 0.42673449275, 0.24597659236],
      [0.13800516227, 0.16502381103, 0.42116930178, 0.20742358135, 0.068378143564],
      [0.21834756514, 0.39183056897, 0.35179497665, 0.018341935312, 0.019684953938],
      [0.01669247857, 0.13087880933, 0.61803245697, 0.1143906297, 0.12000562543],
      [0.11532300803, 0.38068032101, 0.023341013162, 0.060557923303, 0.42009773449],
      [0.45205729853, 0.14599794122, 0.20642732159, 0.120933133, 0.074584305651]
    ],
    [
      [0.35873456133, 0.10033616146, 0.045864887492, 0.3738011242, 0.12126326552],
      [0.10905025036, 0.47567635905, 0.010500110152, 0.27606004436, 0.12871323608],
      [0.2055185587, 0.098829422297, 0.078970078621, 0.29143321822, 0.32524872215],
      [0.22586554048, 0.27337554749, 0.25966029933, 0.14710113844, 0.093997474264],
      [0.28347010083, 0.51288327208, 0.17192745038, 0.010273743327, 0.021445433378],
      [0.031338406303, 0.24876523133, 0.43770665783, 0.092810121258, 0.18937958327],
      [0.12967435862, 0.43180546128, 0.0098483779383, 0.029390624572, 0.39928117759],
      [0.57018057401, 0.18669907443, 0.09798673385, 0.066024151313, 0.079109466406]
    ],
    [
      [0.24097737792, 0.080711840922, 0.090941006519, 0.50623057588, 0.081139198766],
      [0.078240006036, 0.40877610061, 0.022239348563, 0.39876980155, 0.091974743238],
      [0.14010480086, 0.080679602447, 0.15889108381, 0.39997440223, 0.22035011064],
      [0.13220739213, 0.19163695419, 0.44835053505, 0.17297673885, 0.054828379774],
      [0.19589497406, 0.42454124753, 0.35054711608, 0.01423678047, 0.01477988187],
      [0.015709979188, 0.14934486702, 0.64703256392, 0.093384395192, 0.094528194686],
      [0.11464753086, 0.45726544338, 0.025704018169, 0.052122600006, 0.35026040759],
      [0.44053673876, 0.17274911012, 0.22341908832, 0.10238911437, 0.060905948429]
    ],
    [
      [0.19695484252, 0.086609714922, 0.074222880048, 0.47077748083, 0.17143508168],
      [0.058860171196, 0.40404899417, 0.016717758031, 0.34142122386, 0.17895185274],
      [0.097964196742, 0.074084909506, 0.1109510175, 0.31824296917, 0.39875690708],
      [0.11302757021, 0.21518368187, 0.38237471542, 0.16822918084, 0.12118485166],
      [0.16921035681, 0.48168885514, 0.3021259804, 0.013984005329, 0.032990802327],
      [0.013006480169, 0.1624375714, 0.53413478963, 0.087967556628, 0.20245360217],
      [0.067142706984, 0.35182981824, 0.015040950077, 0.034722039478, 0.53126448522],
      [0.37850486977, 0.19479529031, 0.19151408435, 0.09999178593, 0.13519396965]
    ],
    [
      [0.21978371405, 0.089441052616, 0.10609059389, 0.40911284762, 0.17557179181],
      [0.066627221976, 0.42277891206, 0.024205611235, 0.30069666042, 0.18569159431],
      [0.10621218437, 0.074272644309, 0.15397841392, 0.26857295182, 0.39696380558],
      [0.10826373741, 0.19060720877, 0.46920464923, 0.12549906024, 0.10642534435],
      [0.16220830359, 0.42724160107, 0.37110350835, 0.010449806694, 0.028996780292],
      [0.011812213447, 0.13629903782, 0.62121073585, 0.062177728591, 0.16850028429],
      [0.07244455167, 0.35095939684, 0.02076153244, 0.0291791472, 0.52665537185],
      [0.37584758833, 0.17926692157, 0.24401333199, 0.0775158323, 0.12335632582]
    ],
    [
      [0.20005942271, 0.077769602828, 0.069364473386, 0.56631130145, 0.086495199625],
      [0.063840215542, 0.38677848335, 0.016664647257, 0.43638549551, 0.096331158339],
      [0.11667494987, 0.077942566213, 0.12148092686, 0.44675829342, 0.23714326364],
      [0.12396847938, 0.20845283756, 0.38546846266, 0.21620839172, 0.065901828677],
      [0.18694198334, 0.47004904052, 0.30694719274, 0.018018926962, 0.018042856435],
      [0.015300790113, 0.16864769892, 0.57694910665, 0.120862766, 0.11823963832],
      [0.096142469551, 0.44470524169, 0.019797033025, 0.057998270761, 0.38135698497],
      [0.41520272212, 0.18911801497, 0.19351979338, 0.12847139089, 0.073688078638]
    ],
    [
      [0.34259629802, 0.093194921417, 0.073260621497, 0.38299666554, 0.10795149353],
      [0.10850387648, 0.46025759301, 0.017476247061, 0.29437174145, 0.119390542],
      [0.19576312918, 0.091555404001, 0.12579355702, 0.29749348936, 0.28939442044],
      [0.19294558646, 0.22711502399, 0.37067658695, 0.13444315427, 0.074819648329],
      [0.25756904037, 0.45318858985, 0.2611250823, 0.0099732010598, 0.018144086425],
      [0.024480307014, 0.18898499303, 0.57108054004, 0.077510951006, 0.13794320892],
      [0.13354954527, 0.43246378385, 0.016966412504, 0.032345771355, 0.38467448701],
      [0.53794651424, 0.17131540244, 0.15458342927, 0.066602405239, 0.069552248812]
    ],
    [
      [0.25884309618, 0.074546271878, 0.076562679479, 0.48015883118, 0.10988912128],
      [0.084813395628, 0.38498436515, 0.019024324752, 0.38474767743, 0.12643023703],
      [0.14482605355, 0.071990622234, 0.12915828327, 0.36726760285, 0.28675743809],
      [0.1515073837, 0.18985414694, 0.40247640735, 0.17656631627, 0.079595745738],
      [0.22542750793, 0.42277033535, 0.31566805545, 0.014597426859, 0.021536674408],
      [0.018335547718, 0.15126953013, 0.5926525062, 0.097633532487, 0.14010888347],
      [0.11258599355, 0.38979007182, 0.019903596925, 0.04576024727, 0.43196009044],
      [0.47448827059, 0.15904458375, 0.18698510299, 0.097288174353, 0.082193868323]
    ],
    [
      [0.25478191023, 0.068615274591, 0.052393555967, 0.50390385773, 0.12030540149],
      [0.083570805707, 0.3571591174, 0.013104761522, 0.40685474032, 0.13931057505],
      [0.14252589458, 0.066483366357, 0.088670304224, 0.38719285631, 0.31512757852],
      [0.17051980952, 0.20058725823, 0.31570316433, 0.21322937246, 0.099960395464],
      [0.25582545585, 0.44996953065, 0.24922491747, 0.017767595139, 0.027212500892],
      [0.021891539506, 0.17017688028, 0.49484356249, 0.12566706661, 0.18742095111],
      [0.10978588901, 0.35760761195, 0.013558823397, 0.048009019664, 0.47103865598],
      [0.50172775241, 0.15631185186, 0.13653264289, 0.10939197061, 0.096035782221]
    ],
    [
      [0.18694979973, 0.063618775788, 0.07404763189, 0.54497329341, 0.13041049918],
      [0.061376490511, 0.33055818193, 0.01846467268, 0.43903828523, 0.15056236966],
      [0.099635090058, 0.058577408013, 0.11909790725, 0.39824148622, 0.32444810846],
      [0.11429691957, 0.16956589669, 0.40681500005, 0.21056405672, 0.098758126969],
      [0.18662314844, 0.41494812818, 0.34997846459, 0.019142415059, 0.029307843728],
      [0.013308484895, 0.13008935447, 0.5768749152, 0.11228987614, 0.16743736929],
      [0.081303528574, 0.33389757049, 0.019273733254, 0.052371530444, 0.51315363724],
      [0.39524695346, 0.15637574436, 0.20816536901, 0.12791585418, 0.11229607899]
    ],
    [
      [0.26941045111, 0.13543990486, 0.082745518066, 0.37790142322, 0.13450270275],
      [0.069567709788, 0.55307389687, 0.016215613432, 0.23910915999, 0.12203361991],
      [0.14197030413, 0.12323943523, 0.13152052383, 0.27272930218, 0.33054043463],
      [0.1341957377, 0.29396817275, 0.3701758995, 0.11870923585, 0.0829509542],
      [0.16949916039, 0.55667694532, 0.24642838902, 0.0083438253699, 0.0190516799],
      [0.016119074218, 0.23251158147, 0.54116160982, 0.065239106637, 0.14496862785],
      [0.082877122703, 0.5024748404, 0.015223825744, 0.025610760148, 0.37381345101],
      [0.42498798466, 0.24864991236, 0.17373556402, 0.066116241811, 0.086510297146]
    ],
    [
      [0.23476701634, 0.10249759401, 0.07378290674, 0.50486319174, 0.084089291174],
      [0.067870815682, 0.47064813208, 0.016258757359, 0.35943583964, 0.08578645524],
      [0.13634011634, 0.10308260093, 0.12962809211, 0.4029605878, 0.22798860283],
      [0.1325240173, 0.25279593811, 0.37523346925, 0.1804955489, 0.058951026437],
      [0.18177912003, 0.51897766012, 0.27078935832, 0.01376566335, 0.014688198183],
      [0.016413650324, 0.20683809031, 0.56758857051, 0.10265332731, 0.10650636155],
      [0.098143180069, 0.51871690072, 0.018517409438, 0.046779818203, 0.31784269157],
      [0.43392595901, 0.21930310851, 0.1805741148, 0.10314394785, 0.063052869833]
    ],
    [
      [0.23771505799, 0.10160065925, 0.084090823824, 0.44829321773, 0.12830024121],
      [0.068808117461, 0.4643252004, 0.018483639645, 0.31781234786, 0.13057069464],
      [0.12652881583, 0.093423838266, 0.13507329043, 0.32654613372, 0.31842792175],
      [0.12664444051, 0.23574884743, 0.40270117679, 0.15023141762, 0.084674117659],
      [0.1770527581, 0.49314466706, 0.29661191016, 0.01166653757, 0.021524127112],
      [0.014891294799, 0.18267612636, 0.57672959998, 0.080801272327, 0.14490170653],
      [0.08586764193, 0.44187524158, 0.018176194896, 0.035543785579, 0.41853713602],
      [0.41748075438, 0.20735421938, 0.19643567303, 0.086923619718, 0.091805733496]
    ],
    [
      [0.28102975541, 0.063304877813, 0.070277723445, 0.45635063068, 0.12903701264],
      [0.096981097454, 0.34357843472, 0.018346475226, 0.38502784925, 0.15606614335],
      [0.15401904761, 0.059819186014, 0.11608536663, 0.34203473719, 0.32804166255],
      [0.17170930507, 0.16809469944, 0.38701643903, 0.17563219879, 0.097547357667],
      [0.26224948394, 0.38430373511, 0.31135532141, 0.014941900572, 0.027149558963],
      [0.020913090241, 0.13463692908, 0.57440810164, 0.097710276308, 0.17233160273],
      [0.12015731804, 0.32475267768, 0.017918880477, 0.042912814721, 0.49425830908],
      [0.50878161252, 0.1336270042, 0.17010531618, 0.091911344988, 0.095574722104]
    ],
    [
      [0.28850209345, 0.064793232902, 0.060093147534, 0.50800495088, 0.078606575242],
      [0.1007347136, 0.35460314594, 0.015819476918, 0.43266551183, 0.096177151713],
      [0.17604964088, 0.068171408017, 0.11082824916, 0.42292716072, 0.22202354123],
      [0.18773836712, 0.18299138588, 0.35896732566, 0.20699185122, 0.063311070123],
      [0.27933395725, 0.40655098826, 0.27983281156, 0.017103066864, 0.017179176072],
      [0.024455404348, 0.15682154099, 0.57621631649, 0.12297632638, 0.1195304118],
      [0.15092943212, 0.40535475227, 0.01868495925, 0.057954635436, 0.36707622093],
      [0.54117130525, 0.14157995611, 0.15166289551, 0.10523591313, 0.060349930015]
    ],
    [
      [0.25025792411, 0.080067761431, 0.059804173064, 0.46188119192, 0.14798894947],
      [0.078318001289, 0.39268900478, 0.01410275807, 0.35270120486, 0.162189031],
      [0.13281942333, 0.073238595818, 0.095883985692, 0.33463640973, 0.36342158542],
      [0.15455775321, 0.21457177719, 0.33879830456, 0.17899354977, 0.11307861526],
      [0.22619738392, 0.46917523665, 0.2598707254, 0.01456967634, 0.030186977691],
      [0.018866105469, 0.1722250283, 0.50927193475, 0.099667390795, 0.19996954069],
      [0.093916890217, 0.3593014153, 0.013332934505, 0.037914261985, 0.495534498],
      [0.46694997154, 0.17418179507, 0.15022680704, 0.095542918228, 0.11309850812]
    ],
    [
      [0.16787204828, 0.067537024857, 0.025110831577, 0.64132913613, 0.098150959162],
      [0.053350683609, 0.33572094948, 0.0060000391671, 0.49588441877, 0.10904390897],
      [0.099507274944, 0.068915726766, 0.044929520154, 0.51773390082, 0.26891357732],
      [0.13835416161, 0.24124942729, 0.19009998741, 0.33032565405, 0.099970769642],
      [0.2178038445, 0.56773655106, 0.15683697045, 0.028897251631, 0.028725382363],
      [0.019724355243, 0.22586434753, 0.33381544407, 0.21438041708, 0.20621543608],
      [0.083810959079, 0.40250321426, 0.0074328606613, 0.06963268782, 0.43662027818],
      [0.42828964896, 0.20131125957, 0.086505141909, 0.18111233076, 0.10278161881]
    ],
    [
      [0.23853674568, 0.15003232708, 0.15078562867, 0.25904563935, 0.20159965922],
      [0.059094962906, 0.58175072221, 0.028128336201, 0.15626375061, 0.17476222807],
      [0.10660006932, 0.11549445555, 0.20343317667, 0.15773630001, 0.41673599845],
      [0.088945184362, 0.24258550997, 0.51513860891, 0.060377326412, 0.092953370347],
      [0.1199035598, 0.4885687022, 0.36414503981, 0.0045204295379, 0.02286226865],
      [0.0092253715936, 0.16535549677, 0.65729294215, 0.028525232653, 0.13960095683],
      [0.060016697859, 0.45085588013, 0.022524328647, 0.014178137704, 0.45242495566],
      [0.32764097487, 0.2404712409, 0.27904193863, 0.039320633089, 0.11352521251]
    ],
    [
      [0.24850189338, 0.083169487641, 0.07933402102, 0.46663661175, 0.12235798621],
      [0.078174850266, 0.41001487604, 0.018802585544, 0.35830107378, 0.13470661437],
      [0.13544860299, 0.078093000785, 0.13051207328, 0.34741243827, 0.30853388467],
      [0.13965715208, 0.20278398772, 0.40760405263, 0.16491853072, 0.085036276857],
      [0.20494716744, 0.44494923857, 0.31385426315, 0.013482652181, 0.022766678659],
      [0.016500322629, 0.15744670912, 0.59166278402, 0.088896769542, 0.14549341469],
      [0.10003539947, 0.40035739976, 0.018970656569, 0.041217869657, 0.43941867454],
      [0.44818655621, 0.17506693826, 0.19259927493, 0.09368827385, 0.090458956745]
    ],
    [
      [0.38052495167, 0.11787073621, 0.08717212549, 0.29649576038, 0.11793642625],
      [0.11128681727, 0.53856162143, 0.019143051301, 0.21074055837, 0.12026795163],
      [0.21210167474, 0.11290504067, 0.14625150787, 0.22504926807, 0.30369250864],
      [0.18878500504, 0.25319263138, 0.39369417967, 0.092150303179, 0.07217788073],
      [0.23795520619, 0.47806601078, 0.26088951742, 0.0064743901072, 0.016614875505],
      [0.02322718202, 0.20414348026, 0.59276420917, 0.05156571937, 0.12829940918],
      [0.12884720666, 0.4760259534, 0.01748348672, 0.021909014923, 0.35573433829],
      [0.52988271556, 0.19244037803, 0.16400180148, 0.046072618523, 0.067602486409]
    ],
    [
      [0.26230082473, 0.089334938448, 0.088807761537, 0.41355365077, 0.14600282451],
      [0.081077848136, 0.43130973301, 0.020590012631, 0.31004024893, 0.1569821573],
      [0.13635115931, 0.079648281671, 0.13847180444, 0.29245382123, 0.35307493335],
      [0.13905424742, 0.20490071878, 0.42347398708, 0.1374176763, 0.095153370419],
      [0.19992561055, 0.44268932051, 0.32140981955, 0.011038429689, 0.024936819707],
      [0.016135929522, 0.1554250595, 0.5963448453, 0.072411025336, 0.15968314034],
      [0.094095041982, 0.38225936924, 0.01885681332, 0.032400509755, 0.4723882657],
      [0.44148826937, 0.17703966772, 0.20194360632, 0.078169677615, 0.10135877898]
    ],
    [
      [0.19598139571, 0.0997655218, 0.078059071726, 0.50447079611, 0.12172321466],
      [0.056587487706, 0.45039611356, 0.016914724488, 0.35378106385, 0.1223206104],
      [0.10578831215, 0.09241078214, 0.12647817713, 0.37087517878, 0.30444754979],
      [0.10899884396, 0.24020042899, 0.39123555934, 0.17622946375, 0.083335703955],
      [0.15541307779, 0.51458575922, 0.29426966984, 0.014046331064, 0.021685162085],
      [0.012915004189, 0.18614654779, 0.56336813659, 0.094914857478, 0.14265545395],
      [0.074401468982, 0.45218193971, 0.017548055282, 0.04195236139, 0.41391617464],
      [0.37282351282, 0.2232669839, 0.2005283954, 0.10789066469, 0.095490443189]
    ],
    [
      [0.20849935039, 0.077466619546, 0.066400290427, 0.56711993793, 0.080513801704],
      [0.066774370445, 0.38725573813, 0.015942013183, 0.44035170473, 0.089676173507],
      [0.12370057437, 0.078824571668, 0.11820662158, 0.45756080962, 0.22170742275],
      [0.13059467228, 0.20987202159, 0.37505310567, 0.22245999752, 0.062020202942],
      [0.19567190931, 0.47232970839, 0.29643171654, 0.018614981501, 0.01695168425],
      [0.016391851902, 0.17220100787, 0.57215944908, 0.12676394816, 0.11248374298],
      [0.10330520584, 0.4575347255, 0.019462904079, 0.061293681237, 0.35840348335],
      [0.42870292193, 0.1875238947, 0.18463031064, 0.13083052446, 0.068312348272]
    ],
    [
      [0.26427346137, 0.080081850885, 0.076448415631, 0.44511247427, 0.13408379784],
      [0.084642260001, 0.40133945768, 0.018375937645, 0.34620650369, 0.14943584098],
      [0.14215194592, 0.07390606344, 0.12338894162, 0.32607168335, 0.33448136567],
      [0.15157686548, 0.19888753815, 0.39452702364, 0.1603713967, 0.094637176038],
      [0.2212404689, 0.43654253672, 0.30392648085, 0.013087896528, 0.025202617005],
      [0.018178765529, 0.15596139707, 0.57443648032, 0.087416472308, 0.16400688477],
      [0.10296007397, 0.37278180195, 0.017637891549, 0.037992702486, 0.46862753004],
      [0.46599317784, 0.16621150964, 0.18199767215, 0.08828845039, 0.097509189984]
    ],
    [
      [0.27676319912, 0.074840803953, 0.063740641405, 0.47470018306, 0.10995517247],
      [0.091346905717, 0.38625415223, 0.015781352074, 0.38036969741, 0.12624789256],
      [0.15783310648, 0.073209414631, 0.10905270627, 0.36862244481, 0.2912823278],
      [0.17213946805, 0.20148965309, 0.35679683586, 0.18546573901, 0.084108303998],
      [0.24978891637, 0.43964209335, 0.27326034158, 0.015051566897, 0.02225708181],
      [0.02184646336, 0.16715676514, 0.54973829208, 0.10695472001, 0.15430375941],
      [0.12025999739, 0.38831694448, 0.016394914341, 0.045189813688, 0.4298383301],
      [0.50339744272, 0.16028840596, 0.15662387593, 0.097196031036, 0.082494244342]
    ],
    [
      [0.30055713605, 0.091686137808, 0.063411776575, 0.41266993843, 0.13167501114],
      [0.092688626957, 0.44230469841, 0.014662283337, 0.30910481018, 0.14123958112],
      [0.16500485839, 0.086332507303, 0.10446447655, 0.30865739947, 0.33554075829],
      [0.17775810931, 0.2347481996, 0.33817430894, 0.15353808292, 0.095781299238],
      [0.241732146, 0.48022987588, 0.24259064993, 0.011687441859, 0.023759886333],
      [0.022489008056, 0.19410932146, 0.519998497, 0.088292536995, 0.17511063649],
      [0.11102849615, 0.40459217163, 0.013859731388, 0.033468411634, 0.4370511892],
      [0.50499840601, 0.18144867333, 0.14405565224, 0.078215747505, 0.09128152092]
    ]
  ],
  "expected_outcome": [
    [
      [13.6934826245, 14.0905544005, 17.1056793949, 12.7950071111, 11.1183817924, 10.3634151974, 5.5702623866, 2.3625620453, 1.1960823792, 0.46759064437, 0.38984461164, 3.5541065227, 0.51996109943, 2.6199372179, 1.1330835282, 2.2656577825, 1.204699706, 1.2268942926, 2.2471585441, 1.4022140522, 0.4100675091, 3.4539317623, 2.4139361243, 1.497371195, 0.90888726583, 3.5873456133, 0.96390951166, 0.98477421258, 1.3187022843, 0.40011884541, 2.3981740861, 1.0353723847, 1.0191276409, 1.8694979973, 1.6164627066, 1.408602098, 0.71314517398, 2.2482380433, 1.7310125607, 1.7518054688, 1.1751043379, 1.9082939655, 2.4850189338, 3.424724565, 1.3115041237, 0.78392558284, 1.042496752, 2.3784611523, 2.214105593, 2.7050142244],
      [4.3963539714, 5.0808314643, 3.9774012658, 4.6062523435, 6.0926835273, 2.8406920365, 2.2802035036, 0.59756068783, 0.384770103, 0.1374074906, 0.27732528993, 0.85404587832, 0.5614999475, 0.70304459879, 0.3658372872, 0.63954678751, 0.28174863391, 0.51208846059, 1.1485032873, 0.49072479897, 0.17370123952, 1.2806362373, 0.57644485078, 0.57260842581, 0.25052219585, 1.0033616146, 0.32284736369, 0.43304857461, 0.5366463157, 0.15553920566, 0.65236444992, 0.29818508751, 0.27446109837, 0.63618775788, 0.81263942918, 0.61498556407, 0.30480197775, 0.5064390225, 0.38875939741, 0.56047433002, 0.472759174, 1.2002586166, 0.83169487641, 1.0608366259, 0.44667469224, 0.3990620872, 0.38733309773, 0.72073665797, 0.59872643163, 0.82517524027],
      [3.525810781, 4.2700735195, 4.1553926066, 4.0297321044, 5.8162671773, 2.676334852, 1.067443822, 0.66011179885, 0.19986516098, 0.11368832723, 0.2547807906, 0.76155917666, 0.59016037741, 0.53659174015, 0.50601490829, 0.71088215107, 0.2092434099, 0.41554168735, 0.51783639125, 0.43035968095, 0.16382622836, 1.0883180088, 0.46398458993, 0.47982074354, 0.30933294841, 0.45864887492, 0.36376402608, 0.37111440024, 0.63654356336, 0.13872894677, 0.51282435048, 0.30625071792, 0.20957422387, 0.7404763189, 0.4964731084, 0.44269744044, 0.25227247147, 0.56222178756, 0.3605588852, 0.41862921145, 0.17577582104, 1.2062850294, 0.7933402102, 0.78454912941, 0.44403880768, 0.3122362869, 0.33200145213, 0.68803574068, 0.50992513124, 0.57070598918],
