{
  "Z_true": {},
  "V_true": [
    [460, 1160, 200, 30],
    [707, 11870, 1489, 420],
    [101, 396, 14229, 300],
    [32, 407, 977, 564],
    [91, 531, 1060, 512]
  ],
  "p_true": [
    [0.2486, 0.627, 0.1081, 0.0162],
    [0.0488, 0.8194, 0.1028, 0.029],
    [0.0067, 0.0264, 0.947, 0.02],
    [0.0162, 0.2056, 0.4934, 0.2848],
    [0.0415, 0.242, 0.4831, 0.2334]
  ],
  "Z_est": {},
  "V_est": [
    [913.2444, 936.7556, 0, 0],
    [477.7556, 13180.1241, 95.5757, 732.5446],
    [0, 0, 15026, 0],
    [0, 0, 1371.0067, 608.9933],
    [0, 247.1203, 1462.4176, 484.4621]
  ],
  "p_est": [
    [0.4936, 0.5064, 0, 0],
    [0.033, 0.9099, 0.0066, 0.0506],
    [0, 0, 1, 0],
    [0, 0, 0.6924, 0.3076],
    [0, 0.1126, 0.6666, 0.2208]
  ],
  "EI_Z": {},
  "EI_V": 10.4523,
  "MAE_Z": {},
  "MAE_V": 371.4331,
  "MAE_p": 0.0815,
  "runtime": 0.0102
}
