{
  "Z_true": {},
  "V_true": [
    [1598, 68, 140, 380, 39],
    [186, 5318, 537, 745, 174],
    [70, 60, 8929, 295, 199],
    [92, 115, 125, 10568, 250],
    [592, 745, 1137, 1719, 344]
  ],
  "p_true": [
    [0.7182, 0.0306, 0.0629, 0.1708, 0.0175],
    [0.0267, 0.7641, 0.0772, 0.107, 0.025],
    [0.0073, 0.0063, 0.9347, 0.0309, 0.0208],
    [0.0083, 0.0103, 0.0112, 0.9478, 0.0224],
    [0.1305, 0.1642, 0.2506, 0.3789, 0.0758]
  ],
  "Z_est": {},
  "V_est": [
    [1915.8178, 0, 305.5651, 0, 3.6171],
    [410.4653, 5657.1994, 0, 318.7824, 573.553],
    [0, 0, 9553, 0, 0],
    [0, 0, 0, 11150, 0],
    [211.717, 648.8006, 1009.4349, 2238.2176, 428.83]
  ],
  "p_est": [
    [0.861, 0, 0.1373, 0, 0.0016],
    [0.059, 0.8128, 0, 0.0458, 0.0824],
    [0, 0, 1, 0, 0],
    [0, 0, 0, 1, 0],
    [0.0467, 0.143, 0.2225, 0.4933, 0.0945]
  ],
  "EI_Z": {},
  "EI_V": 9.4601,
  "MAE_Z": {},
  "MAE_V": 260.5319,
  "MAE_p": 0.0485,
  "runtime": 0.03
}
