{
  "X": [
    [2, 40, 33, 4],
    [6, 29, 50, 2],
    [7, 78, 107, 6],
    [2, 6, 13, 0],
    [4, 76, 121, 1],
    [8, 82, 62, 4],
    [3, 46, 61, 6],
    [1, 32, 34, 2],
    [12, 119, 87, 2],
    [7, 120, 88, 7],
    [3, 41, 33, 0],
    [3, 13, 9, 1],
    [0, 3, 7, 2],
    [0, 6, 8, 2],
    [0, 4, 8, 0],
    [8, 31, 42, 6],
    [4, 58, 40, 5],
    [1, 7, 7, 0],
    [4, 40, 48, 9],
    [3, 68, 49, 3],
    [0, 2, 6, 0],
    [0, 1, 5, 0],
    [4, 16, 24, 4],
    [2, 8, 9, 6],
    [8, 24, 21, 10],
    [18, 166, 150, 9],
    [12, 74, 206, 12],
    [0, 3, 9, 1],
    [6, 44, 92, 6],
    [11, 44, 47, 4],
    [1, 15, 13, 0],
    [12, 75, 70, 5],
    [2, 11, 13, 1],
    [6, 22, 28, 5],
    [1, 32, 25, 3],
    [7, 53, 43, 3],
    [0, 5, 1, 0],
    [1, 11, 8, 0],
    [0, 6, 3, 2],
    [2, 41, 35, 2],
    [4, 53, 40, 3],
    [0, 3, 3, 1],
    [1, 32, 37, 0],
    [6, 43, 51, 1],
    [0, 9, 17, 1],
    [3, 6, 8, 0],
    [0, 12, 19, 3],
    [2, 22, 20, 0],
    [4, 31, 49, 3],
    [7, 11, 30, 2],
    [7, 134, 174, 16],
    [6, 99, 105, 16],
    [1, 13, 26, 2],
    [4, 32, 56, 0],
    [9, 49, 97, 2],
    [2, 58, 82, 2],
    [4, 30, 43, 2],
    [12, 44, 83, 0],
    [2, 17, 13, 0],
    [12, 101, 105, 6],
    [24, 111, 119, 6],
    [13, 143, 214, 10],
    [19, 76, 76, 3],
    [5, 50, 80, 2],
    [10, 84, 103, 6],
    [0, 7, 8, 0],
    [1, 7, 3, 1],
    [2, 2, 6, 0],
    [0, 3, 15, 1],
    [0, 11, 16, 1],
    [0, 3, 3, 0],
    [6, 47, 43, 0],
    [28, 220, 344, 24],
    [9, 111, 131, 4],
    [2, 6, 9, 0],
    [0, 4, 7, 0],
    [0, 3, 12, 0],
    [13, 50, 62, 4],
    [3, 4, 9, 1],
    [5, 21, 24, 2],
    [0, 6, 2, 1],
    [6, 25, 34, 2],
    [15, 114, 213, 19],
    [1, 4, 8, 0],
    [7, 48, 119, 3],
    [20, 106, 270, 12],
    [4, 26, 98, 1],
    [18, 49, 118, 5],
    [14, 87, 171, 14],
    [5, 15, 19, 2],
    [2, 24, 70, 5],
    [10, 34, 76, 0],
    [18, 69, 116, 5],
    [21, 51, 106, 12],
    [8, 69, 89, 6],
    [7, 72, 123, 1],
    [10, 38, 46, 9],
    [16, 34, 83, 4],
    [4, 36, 75, 9],
    [18, 71, 209, 9],
    [29, 86, 116, 7],
    [4, 28, 28, 0],
    [2, 16, 32, 1],
    [15, 80, 111, 1],
    [14, 76, 153, 5],
    [25, 110, 163, 8],
    [0, 6, 4, 1],
    [9, 31, 32, 2],
    [6, 21, 26, 3],
    [7, 29, 60, 2],
    [15, 52, 82, 7],
    [34, 89, 145, 10],
    [2, 13, 16, 1],
    [11, 66, 81, 4],
    [24, 94, 137, 4],
    [1, 28, 68, 0],
    [0, 3, 3, 0],
    [2, 3, 1, 0],
    [2, 16, 37, 0],
    [1, 8, 9, 0],
    [2, 7, 9, 2],
    [0, 4, 5, 1],
    [0, 5, 11, 1],
    [0, 4, 2, 0],
    [1, 3, 9, 0],
    [1, 18, 17, 0],
    [1, 33, 49, 1],
    [1, 32, 38, 3],
    [5, 43, 51, 0],
    [3, 13, 14, 2],
    [5, 63, 68, 3],
    [8, 62, 68, 3],
    [4, 10, 11, 1],
    [0, 24, 20, 1],
    [1, 8, 23, 1],
    [1, 7, 9, 1],
    [4, 94, 181, 12],
    [6, 85, 99, 4],
    [0, 3, 8, 0],
    [0, 19, 41, 2],
    [1, 21, 56, 0],
    [0, 40, 48, 3],
    [3, 4, 3, 1],
    [1, 21, 19, 4],
    [2, 47, 21, 4],
    [6, 39, 46, 2],
    [0, 19, 10, 1],
    [1, 22, 6, 3],
    [0, 7, 3, 0],
    [3, 8, 7, 1],
    [7, 38, 12, 4],
    [8, 93, 91, 10],
    [8, 65, 44, 5],
    [6, 21, 11, 3],
    [8, 67, 88, 11],
    [2, 19, 15, 2],
    [10, 99, 62, 8],
    [2, 24, 35, 1],
    [8, 29, 31, 6],
    [2, 17, 10, 2],
    [0, 15, 12, 0],
    [1, 12, 9, 1],
    [5, 22, 14, 5],
    [1, 12, 13, 3],
    [5, 19, 13, 0],
    [2, 9, 11, 6],
    [1, 4, 6, 1],
    [12, 58, 34, 9],
    [83, 353, 522, 29],
    [8, 57, 109, 11],
    [79, 557, 866, 44],
    [4, 19, 26, 2]
  ],
  "W": [
    [48, 17, 5, 9],
    [42, 29, 5, 11],
    [96, 79, 11, 12],
    [6, 7, 7, 1],
    [105, 77, 6, 14],
    [94, 41, 9, 12],
    [63, 29, 8, 16],
    [45, 12, 4, 8],
    [127, 56, 10, 27],
    [140, 38, 20, 24],
    [46, 13, 6, 12],
    [13, 5, 2, 6],
    [4, 7, 0, 1],
    [6, 3, 6, 1],
    [2, 8, 0, 2],
    [41, 12, 15, 19],
    [57, 23, 8, 19],
    [8, 6, 0, 1],
    [47, 23, 18, 13],
    [79, 21, 12, 11],
    [2, 3, 2, 1],
    [3, 1, 1, 1],
    [25, 13, 4, 6],
    [8, 6, 2, 9],
    [22, 10, 12, 19],
    [188, 82, 30, 43],
    [136, 139, 9, 20],
    [2, 5, 4, 2],
    [61, 68, 8, 11],
    [46, 31, 8, 21],
    [16, 3, 4, 6],
    [80, 46, 11, 25],
    [11, 9, 3, 4],
    [22, 16, 11, 12],
    [31, 10, 7, 13],
    [61, 29, 10, 6],
    [3, 0, 0, 3],
    [7, 5, 6, 2],
    [7, 0, 1, 3],
    [45, 15, 13, 7],
    [55, 28, 11, 6],
    [1, 2, 1, 3],
    [31, 36, 0, 3],
    [54, 31, 6, 10],
    [12, 11, 1, 3],
    [6, 5, 4, 2],
    [16, 9, 3, 6],
    [28, 6, 1, 9],
    [50, 26, 7, 4],
    [16, 29, 1, 4],
    [190, 108, 14, 19],
    [133, 63, 11, 19],
    [17, 21, 2, 2],
    [53, 31, 2, 6],
    [74, 65, 7, 11],
    [69, 56, 7, 12],
    [39, 30, 6, 4],
    [62, 64, 3, 10],
    [21, 7, 1, 3],
    [142, 46, 15, 21],
    [168, 52, 9, 31],
    [216, 123, 10, 31],
    [93, 44, 14, 23],
    [92, 35, 2, 8],
    [123, 59, 10, 11],
    [6, 6, 2, 1],
    [7, 0, 2, 3],
    [5, 1, 1, 3],
    [9, 8, 2, 0],
    [19, 6, 2, 1],
    [2, 0, 2, 2],
    [64, 23, 2, 7],
    [321, 224, 25, 46],
    [159, 71, 7, 18],
    [8, 2, 4, 3],
    [6, 0, 2, 3],
    [6, 9, 0, 0],
    [61, 24, 18, 26],
    [8, 1, 4, 4],
    [30, 13, 3, 6],
    [6, 2, 0, 1],
    [39, 21, 1, 6],
    [172, 141, 24, 24],
    [6, 5, 1, 1],
    [100, 56, 7, 14],
    [183, 150, 43, 32],
    [66, 51, 5, 7],
    [97, 66, 7, 20],
    [160, 84, 12, 30],
    [27, 7, 4, 3],
    [49, 40, 6, 6],
    [54, 43, 8, 15],
    [108, 70, 8, 22],
    [93, 59, 9, 29],
    [94, 49, 7, 22],
    [144, 46, 5, 8],
    [63, 21, 8, 11],
    [63, 44, 7, 23],
    [58, 40, 12, 14],
    [137, 124, 16, 30],
    [122, 68, 12, 36],
    [38, 4, 8, 10],
    [24, 21, 3, 3],
    [97, 65, 12, 33],
    [120, 79, 24, 25],
    [167, 94, 20, 25],
    [7, 0, 0, 4],
    [34, 17, 8, 15],
    [32, 15, 1, 8],
    [50, 32, 2, 14],
    [86, 36, 8, 26],
    [146, 91, 15, 26],
    [19, 10, 1, 2],
    [98, 37, 8, 19],
    [154, 70, 12, 23],
    [59, 34, 0, 4],
    [4, 0, 2, 0],
    [3, 0, 0, 3],
    [28, 24, 3, 0],
    [6, 9, 2, 1],
    [8, 4, 1, 7],
    [6, 2, 1, 1],
    [12, 3, 1, 1],
    [4, 2, 0, 0],
    [8, 1, 1, 3],
    [21, 9, 1, 5],
    [47, 28, 4, 5],
    [44, 15, 8, 7],
    [64, 23, 4, 8],
    [15, 11, 4, 2],
    [89, 36, 2, 12],
    [71, 42, 12, 16],
    [17, 3, 3, 3],
    [25, 9, 5, 6],
    [13, 12, 5, 3],
    [12, 4, 1, 1],
    [145, 129, 8, 9],
    [121, 56, 4, 13],
    [4, 6, 0, 1],
    [34, 22, 1, 5],
    [29, 48, 0, 1],
    [44, 19, 17, 11],
    [3, 2, 3, 3],
    [23, 10, 4, 8],
    [47, 8, 9, 10],
    [59, 16, 9, 9],
    [15, 3, 5, 7],
    [21, 1, 1, 9],
    [5, 1, 3, 1],
    [9, 3, 4, 3],
    [36, 7, 1, 17],
    [101, 48, 22, 31],
    [74, 23, 10, 15],
    [20, 5, 11, 5],
    [84, 55, 15, 20],
    [18, 8, 7, 5],
    [112, 33, 18, 16],
    [37, 10, 9, 6],
    [30, 14, 14, 16],
    [16, 4, 8, 3],
    [6, 4, 9, 8],
    [8, 2, 7, 6],
    [25, 6, 6, 9],
    [10, 4, 8, 7],
    [18, 8, 5, 6],
    [8, 4, 8, 8],
    [6, 3, 0, 3],
    [53, 32, 9, 19],
    [432, 332, 79, 144],
    [73, 77, 9, 26],
    [769, 528, 77, 172],
    [22, 19, 3, 7]
  ],
  "method": "mvn_pdf",
  "cond_prob": [
    [
      [0.016155412376, 0.62860365834, 0.3410754658, 0.014165463491],
      [0.01657117667, 0.11722750148, 0.82745367776, 0.038747644093],
      [0.027503406403, 0.58550235586, 0.23643349779, 0.15056073995],
      [0.13042816344, 0.54977409857, 0.14275724177, 0.17704049623]
    ],
    [
      [0.033988619737, 0.47653819875, 0.48297890321, 0.0064942783008],
      [0.026561884397, 0.068058949325, 0.89190792621, 0.013471240066],
      [0.064198108588, 0.4917666023, 0.37023988227, 0.073795406846],
      [0.28858850145, 0.42592702158, 0.20589158182, 0.079592895156]
    ],
    [
      [0.023896066171, 0.59603823732, 0.37022207005, 0.0098436264646],
      [0.023296696895, 0.10654340037, 0.8446969277, 0.025462975036],
      [0.04255151962, 0.58221111283, 0.26955202366, 0.10568534389],
      [0.19470640721, 0.52857783822, 0.15758887803, 0.11912687654]
    ],
    [
      [0.049585998389, 0.38700217178, 0.56092761459, 0.0024842152376],
      [0.03254915546, 0.045455358426, 0.91768782107, 0.0043076650452],
      [0.10218075371, 0.42325699933, 0.44643350819, 0.028128738774],
      [0.49505441026, 0.28766055173, 0.19362928304, 0.023655754975]
    ],
    [
      [0.015974609083, 0.54288302689, 0.43715357445, 0.0039887895784],
      [0.013901708303, 0.086719880706, 0.89019063072, 0.0091877802692],
      [0.030900176907, 0.57711396629, 0.34610067869, 0.045885178117],
      [0.15324416963, 0.57036812178, 0.22004747907, 0.05634022952]
    ],
    [
      [0.029516416322, 0.67628539764, 0.28631240494, 0.0078857811026],
      [0.03489776903, 0.14635794409, 0.79399237574, 0.024751911133],
      [0.052302987796, 0.6563917162, 0.20715297453, 0.084152321471],
      [0.22903900122, 0.56583884184, 0.11506514893, 0.090057008009]
    ],
    [
      [0.01625126387, 0.50648097902, 0.46371865368, 0.013549103434],
      [0.013151947135, 0.075102124393, 0.88261654442, 0.029129384047],
      [0.028712673889, 0.49066098134, 0.33420110984, 0.14642523493],
      [0.13970946261, 0.47541679796, 0.20798800673, 0.17688573271]
    ],
    [
      [0.012409249186, 0.53684532924, 0.44380669135, 0.0069387302201],
      [0.010514952582, 0.082864794815, 0.89101158251, 0.015608670089],
      [0.023406101789, 0.55553072051, 0.34102396059, 0.080039217108],
      [0.11888106514, 0.55959971331, 0.22020918504, 0.10131003651]
    ],
    [
      [0.025636226444, 0.68422991786, 0.28584316488, 0.0042906908065],
      [0.030818727423, 0.15102595873, 0.80449618965, 0.013659124201],
      [0.047146612009, 0.69080261188, 0.21513062369, 0.046920152421],
      [0.21078825958, 0.61425937342, 0.12321761011, 0.051734756891]
    ],
    [
      [0.01873673276, 0.63427376903, 0.33846711566, 0.0085223825459],
      [0.019727877384, 0.12276024951, 0.83373496104, 0.023776912067],
      [0.033655492956, 0.62564028932, 0.24884451184, 0.091859705883],
      [0.15760275538, 0.58569040209, 0.14997884387, 0.10672799867]
    ],
    [
      [0.016521565824, 0.60915354386, 0.37146622539, 0.0028586649224],
      [0.016262344835, 0.10923462076, 0.86706542013, 0.0074376142732],
      [0.031806140227, 0.64397093537, 0.29185404833, 0.032368876068],
      [0.15663627333, 0.62301687357, 0.18126594106, 0.039080912039]
    ],
    [
      [0.039602004836, 0.64768693873, 0.3064810345, 0.0062300219344],
      [0.042446685054, 0.12274391283, 0.81696960747, 0.017839794646],
      [0.072334660227, 0.63590596944, 0.22251035022, 0.069249020112],
      [0.32020459072, 0.49908297535, 0.112250172, 0.068462261937]
    ],
    [
      [0.0045628316715, 0.40866537877, 0.2882834244, 0.29848836515],
      [0.0025665193117, 0.035636933864, 0.41441107374, 0.54738547308],
      [0.0003746035443, 0.015996145372, 0.0095071136487, 0.97412213744],
      [0.00058526285728, 0.010032638536, 0.0038221109536, 0.98555998765]
    ],
    [
      [0.006967806329, 0.46603218135, 0.50721376403, 0.019786248289],
      [0.0049075183581, 0.057378366966, 0.90014312069, 0.037570993984],
      [0.011305346505, 0.42011626329, 0.33265161219, 0.23592677801],
      [0.051915685112, 0.42631526018, 0.21184104392, 0.30992801078]
    ],
    [
      [0.004047195163, 0.7176492181, 0.2774271887, 0.0008763980334],
      [0.0045221951672, 0.11636587699, 0.87657884055, 0.0025330872969],
      [0.0074133757737, 0.77178708829, 0.21420215264, 0.0065973832972],
      [0.032387249689, 0.8154864484, 0.14289473171, 0.0092315701967]
    ],
    [
      [0.033463608204, 0.4257686361, 0.52825960072, 0.01250815497],
      [0.024028860783, 0.056101533782, 0.89602152204, 0.023848083395],
      [0.060125395581, 0.41826858916, 0.3851683873, 0.13643762796],
      [0.26922173315, 0.36608627277, 0.21609076399, 0.14860123009]
    ],
    [
      [0.017451340058, 0.67180676466, 0.3008802542, 0.0098616410775],
      [0.019917149032, 0.13993681257, 0.81025580672, 0.029890231678],
      [0.030703343814, 0.64794941537, 0.21610728004, 0.10523996078],
      [0.14394475998, 0.60417107696, 0.12967631747, 0.12220784559]
    ],
    [
      [0.021823251754, 0.71954095119, 0.25784451541, 0.00079128164144],
      [0.027223443646, 0.14512389844, 0.82513861285, 0.002514045064],
      [0.042650128545, 0.75342355768, 0.19906409501, 0.0048622187639],
      [0.25503464493, 0.63037151107, 0.10990037509, 0.0046934689013]
    ],
    [
      [0.021533955012, 0.51516140667, 0.43875905828, 0.024545580038],
      [0.017723106315, 0.07759965614, 0.85093262497, 0.053744612571],
      [0.03399103513, 0.44512291273, 0.28196927949, 0.23891677265],
      [0.15675075975, 0.40629685636, 0.1653549876, 0.27159739629]
    ],
    [
      [0.016143875368, 0.64380547702, 0.33345566423, 0.006594983386],
      [0.017261516732, 0.12592246763, 0.83811944395, 0.018696571687],
      [0.029596514625, 0.64775280827, 0.24986655671, 0.072784120395],
      [0.14216644782, 0.61799264751, 0.15337951724, 0.086461387427]
    ],
    [
      [0.0027793377477, 0.26324855878, 0.73307742934, 0.00089467413999],
      [0.0013269216393, 0.02182958061, 0.97578287541, 0.001060622345],
      [0.00595324429, 0.34571227606, 0.63992666683, 0.0084078128195],
      [0.027138474025, 0.46660402284, 0.4912735123, 0.014983990839]
    ],
    [
      [0.0011945049577, 0.1115478646, 0.88699960922, 0.00025802122606],
      [0.00047711486468, 0.0086710342555, 0.99062271045, 0.00022914042692],
      [0.0027567654113, 0.16757580442, 0.82836858262, 0.001298847555],
      [0.010769519876, 0.27640514576, 0.70967667841, 0.0031486559552]
    ],
    [
      [0.046246367343, 0.4742141285, 0.44724733723, 0.032292166927],
      [0.035901549684, 0.066786082413, 0.82974339124, 0.067568976668],
      [0.066605719402, 0.36767180027, 0.25732100288, 0.30840147745],
      [0.28136397792, 0.28731086677, 0.12912726166, 0.30219789365]
    ],
    [
      [0.025596740859, 0.47635708028, 0.34341021038, 0.15463596849],
      [0.018455784056, 0.060902963277, 0.61485405532, 0.30578719734],
      [0.016224756964, 0.16009183859, 0.084835872501, 0.73884753194],
      [0.067897393576, 0.12917984046, 0.043842980706, 0.75907978525]
    ],
    [
      [0.04799172141, 0.53030523654, 0.37554678164, 0.046156260412],
      [0.0412442509, 0.083020728122, 0.76980272564, 0.10593229534],
      [0.061781098159, 0.37109276015, 0.19497293105, 0.37215321063],
      [0.24906338597, 0.29020391219, 0.09794214178, 0.36279056006]
    ],
    [
      [0.02629405828, 0.61249408992, 0.3539088352, 0.007303016598],
      [0.026699821124, 0.11454792012, 0.83911817399, 0.019634084766],
      [0.047698248068, 0.61032251265, 0.2629279224, 0.079051316882],
      [0.21359417205, 0.54691397618, 0.15173152252, 0.087760329243]
    ],
    [
      [0.028704004221, 0.41523088738, 0.53955697553, 0.016508132868],
      [0.020378483919, 0.054298861864, 0.89423642632, 0.031086227901],
      [0.049753022216, 0.39494516306, 0.3825337263, 0.17276808842],
      [0.22600083029, 0.35735482309, 0.22277899934, 0.19386534728]
    ],
    [
      [0.0053389496416, 0.29430487637, 0.69454440588, 0.0058117681165],
      [0.002850560111, 0.027661704537, 0.96124654282, 0.0082411925269],
      [0.011021674102, 0.34259634505, 0.56819526375, 0.078186717095],
      [0.060767738263, 0.41047757545, 0.40833423828, 0.12042044801]
    ],
    [
      [0.026673787398, 0.49946131151, 0.46049077152, 0.01337412957],
      [0.02161883431, 0.074131892188, 0.87544458457, 0.028804688931],
      [0.046834706611, 0.48035250275, 0.32985130377, 0.14296148687],
      [0.21455381935, 0.4335197795, 0.19151814718, 0.16040825396]
    ],
    [
      [0.04554145679, 0.58464584126, 0.36119376957, 0.0086189323801],
      [0.044293477126, 0.10393378693, 0.82951737495, 0.022255360985],
      [0.08075650427, 0.56674873278, 0.26055324286, 0.091941520086],
      [0.3280305591, 0.44876412525, 0.1327466029, 0.090458712742]
    ],
    [
      [0.011800050022, 0.537799579, 0.44814949843, 0.0022508725555],
      [0.0097234546991, 0.079510115727, 0.90589082315, 0.0048756064262],
      [0.023471624358, 0.589299103, 0.3615807185, 0.025648554142],
      [0.12473531026, 0.60591279992, 0.23599024997, 0.033361639854]
    ],
    [
      [0.034045218105, 0.62603166954, 0.33205153789, 0.0078715744631],
      [0.035866455304, 0.12091725833, 0.82122604567, 0.021990240692],
      [0.060803473564, 0.61276656028, 0.24215418326, 0.084275782888],
      [0.26052003317, 0.51888465646, 0.13203255467, 0.088562755695]
    ],
    [
      [0.027894872641, 0.59696133488, 0.36906926613, 0.0060745263409],
      [0.026302790511, 0.099110218528, 0.85930113175, 0.015285859211],
      [0.05218538653, 0.60315738428, 0.27539427031, 0.069262958879],
      [0.25175813387, 0.52043839696, 0.15243962667, 0.075363842495]
    ],
    [
      [0.041461773205, 0.51167880897, 0.43037853377, 0.016480884055],
      [0.034413224471, 0.077261738383, 0.85187515891, 0.036449878231],
      [0.069659766185, 0.46787216497, 0.29191353071, 0.17055453813],
      [0.2954191388, 0.37986692796, 0.1520696349, 0.17264429835]
    ],
    [
      [0.011627681996, 0.6051796664, 0.37526248496, 0.0079301666417],
      [0.011204766093, 0.10583655809, 0.86266996899, 0.020288706829],
      [0.021334490937, 0.60943038109, 0.28053086634, 0.088704261642],
      [0.10610944163, 0.60506874368, 0.17856050027, 0.11026131442]
    ],
    [
      [0.043420197326, 0.65429847481, 0.29408967703, 0.0081916508314],
      [0.049505858081, 0.1359903264, 0.78967047867, 0.024833336849],
      [0.076260711873, 0.62683574433, 0.20994753858, 0.086956005221],
      [0.31376875372, 0.4943871786, 0.10676654765, 0.085077520034]
    ],
    [
      [0.0037284955263, 0.83937919982, 0.15628175795, 0.00061054670456],
      [0.0052039379951, 0.17505407042, 0.81765987927, 0.0020821123132],
      [0.0065927286887, 0.8698284258, 0.12000362553, 0.0035752199764],
      [0.028141598036, 0.88767381995, 0.079187829561, 0.0049967524495]
    ],
    [
      [0.015478529336, 0.69311328476, 0.2891964947, 0.0022116912077],
      [0.017730225048, 0.13612082386, 0.8395025953, 0.0066463557983],
      [0.029575901036, 0.72400305032, 0.22276098693, 0.023660061716],
      [0.155032781, 0.68215418818, 0.13473689358, 0.028076137238]
    ],
    [
      [0.0079494558735, 0.59880973447, 0.3314414801, 0.061799329553],
      [0.0068326304401, 0.087263565398, 0.75600229211, 0.14990151205],
      [0.0071693191234, 0.27874657274, 0.11126116123, 0.60282294691],
      [0.025968841247, 0.22993567224, 0.058653217493, 0.68544226902]
    ],
    [
      [0.015634581987, 0.60528367274, 0.37327585971, 0.0058058855693],
      [0.015265349336, 0.10761448242, 0.86209660431, 0.015023563927],
      [0.029231085935, 0.62080207556, 0.28466368656, 0.065303151951],
      [0.14357262835, 0.60065978664, 0.17693208718, 0.078835497833]
    ],
    [
      [0.023026165526, 0.6918443142, 0.27748576042, 0.0076437598601],
      [0.027975141521, 0.15282401016, 0.79453019839, 0.024670649926],
      [0.041041126957, 0.67480916308, 0.20166884223, 0.082480867733],
      [0.1880321164, 0.6038398605, 0.11628612562, 0.091841897479]
    ],
    [
      [0.0060372454887, 0.60547943195, 0.37930136932, 0.009181953239],
      [0.0043277208647, 0.067739193238, 0.91020931491, 0.017723770988],
      [0.010953878211, 0.60691401615, 0.26401329886, 0.11811880678],
      [0.046879057977, 0.62412030964, 0.16623755369, 0.1627630787]
    ],
    [
      [0.01046073161, 0.75455581475, 0.23302957116, 0.0019538824826],
      [0.0149232735, 0.19113689722, 0.78655566697, 0.0073841623031],
      [0.01964806577, 0.78012079311, 0.17918645901, 0.021044682112],
      [0.097666597614, 0.76344395521, 0.11306222291, 0.025827224274]
    ],
    [
      [0.031089033759, 0.57867946747, 0.38579973697, 0.0044317618019],
      [0.029377543587, 0.099819686693, 0.8597031872, 0.011099582515],
      [0.058537763003, 0.59617595997, 0.29569008492, 0.049596192104],
      [0.26276036548, 0.51827450096, 0.16535669147, 0.053608442092]
    ],
    [
      [0.0077527343427, 0.49785007333, 0.48812487381, 0.0062723185165],
      [0.0059394025542, 0.067119468887, 0.91412868009, 0.012812448468],
      [0.014908415948, 0.52743232892, 0.38066927054, 0.076989984587],
      [0.077554336708, 0.56039108433, 0.25618211712, 0.10587246184]
    ],
    [
      [0.13572354415, 0.48185799868, 0.38003032925, 0.00238812791],
      [0.11280026138, 0.070293544954, 0.81164558334, 0.0052606103273],
      [0.25173165415, 0.45993859235, 0.26517007908, 0.023159674429],
      [0.76732358552, 0.16208333551, 0.060591744818, 0.010001334157]
    ],
    [
      [0.0090444842395, 0.45214493531, 0.51919556305, 0.019615017403],
      [0.0064679589676, 0.058146635919, 0.89773847437, 0.037646930744],
      [0.01515464694, 0.41397839095, 0.35041463558, 0.22045232652],
      [0.07536794875, 0.41712323015, 0.22421443142, 0.28329438968]
    ],
    [
      [0.015511426243, 0.55197057493, 0.43009005793, 0.0024279408941],
      [0.013405441387, 0.08636893247, 0.89469650708, 0.0055291190632],
      [0.030564673065, 0.59734159146, 0.34445102055, 0.027642714922],
      [0.15637752786, 0.59134011916, 0.21781655723, 0.034465795753]
    ],
    [
      [0.031459144898, 0.48883504277, 0.46842567235, 0.011280139982],
      [0.025057618562, 0.071133071285, 0.87987414591, 0.023935164246],
      [0.056397509752, 0.47803715278, 0.34070437144, 0.12486096603],
      [0.25687552842, 0.41664944898, 0.19090118805, 0.13557383456]
    ],
    [
      [0.19481499501, 0.43486817934, 0.35844653185, 0.011870293797],
      [0.16738744171, 0.067112243872, 0.73798037645, 0.027519937966],
      [0.30436531758, 0.35917082238, 0.22073907831, 0.11572478173],
      [0.74574205978, 0.14141652306, 0.056634963496, 0.056206453665]
    ],
    [
      [0.018789037535, 0.56182111141, 0.39640293705, 0.022986914002],
      [0.016955062464, 0.093322000002, 0.83467918631, 0.055043751229],
      [0.029870197271, 0.49052743918, 0.25811092194, 0.22149144161],
      [0.13784081494, 0.4539606849, 0.15381981772, 0.25437868244]
    ],
    [
      [0.019976364399, 0.57894828909, 0.36021840115, 0.040856945365],
      [0.018546495277, 0.098767117573, 0.78179374518, 0.10089264197],
      [0.027137837805, 0.43133441335, 0.20012843743, 0.34139931141],
      [0.121016051, 0.38508885847, 0.11505273433, 0.3788423562]
    ],
    [
      [0.016462974927, 0.54852697848, 0.42074137917, 0.014268667431],
      [0.01420346864, 0.083901157281, 0.86872724412, 0.033168129957],
      [0.028353454909, 0.51441664794, 0.29365389991, 0.16357599724],
      [0.13945713944, 0.48630173693, 0.17827355284, 0.19596757079]
    ],
    [
      [0.02633895737, 0.4849913063, 0.48552583393, 0.0031439024026],
      [0.020769331176, 0.069871514168, 0.90280115128, 0.0065580033794],
      [0.051890254635, 0.52288477066, 0.38885256663, 0.036372408079],
      [0.24842527785, 0.48045396508, 0.22950889639, 0.041611860686]
    ],
    [
      [0.037568059219, 0.48707200384, 0.46973686639, 0.0056230705454],
      [0.030215875749, 0.071861892506, 0.88593360462, 0.011988627127],
      [0.070971602654, 0.50386405965, 0.36174014004, 0.063424197655],
      [0.30846829623, 0.4273559354, 0.19743619277, 0.066739575603]
    ],
    [
      [0.013228647338, 0.58507270266, 0.39678206786, 0.0049165821442],
      [0.01242762419, 0.10050074545, 0.87483573993, 0.012235890432],
      [0.025121800177, 0.61071601371, 0.30833603492, 0.055826151196],
      [0.12537651676, 0.60803914472, 0.19739275553, 0.069191582989]
    ],
    [
      [0.032820315554, 0.56742515949, 0.39226912987, 0.0074853950856],
      [0.030305692446, 0.095111638241, 0.85619265041, 0.018390018899],
      [0.060037226381, 0.56582621854, 0.29100862459, 0.083127930494],
      [0.26980719817, 0.48230215759, 0.159701161, 0.088189483251]
    ],
    [
      [0.068704417623, 0.5207994047, 0.40692682308, 0.0035693545987],
      [0.060834159378, 0.084393655193, 0.84639632579, 0.0083758596416],
      [0.12734260301, 0.52712636639, 0.30655684443, 0.038974186164],
      [0.46309176808, 0.36616465467, 0.13723645368, 0.033507123577]
    ],
    [
      [0.026827789045, 0.66014161627, 0.31098380058, 0.0020467941003],
      [0.029611515829, 0.12918460805, 0.83525294834, 0.0059509277798],
      [0.051511111284, 0.6872689595, 0.23988404611, 0.021335883106],
      [0.25212802502, 0.59194984603, 0.13297192691, 0.022950202041]
    ],
    [
      [0.030892740956, 0.55457496053, 0.40587052397, 0.0086617745419],
      [0.027953029056, 0.092325731815, 0.85894844083, 0.020772798302],
      [0.055867356813, 0.55011744723, 0.30002420875, 0.093990987216],
      [0.24663267567, 0.48199939702, 0.16921905147, 0.10214887584]
    ],
    [
      [0.058047852964, 0.53019796848, 0.40332832167, 0.0084258568873],
      [0.05179169286, 0.087133459901, 0.84115179213, 0.019923055107],
      [0.10294778436, 0.5154007391, 0.29221783156, 0.08943364498],
      [0.3899204905, 0.38611694044, 0.14096556475, 0.082997004315]
    ],
    [
      [0.022854430321, 0.52123210293, 0.44622633316, 0.0096871335931],
      [0.019277477477, 0.081015185524, 0.87806204807, 0.021645288934],
      [0.041556030373, 0.52062251967, 0.33229485905, 0.1055265909],
      [0.19344198291, 0.48523069148, 0.19940685949, 0.12192046613]
    ],
    [
      [0.067259572008, 0.57117773936, 0.35549470583, 0.0060679827945],
      [0.065809262722, 0.1026522978, 0.81580304803, 0.015735391454],
      [0.11989750006, 0.5572541034, 0.25838917488, 0.064459221658],
      [0.43282799963, 0.39334241167, 0.11746036786, 0.056369220839]
    ],
    [
      [0.024732172084, 0.46811969156, 0.50069841023, 0.0064497261181],
      [0.018990652611, 0.066004973663, 0.90186759596, 0.013136777761],
      [0.047178190511, 0.48916963042, 0.38941504233, 0.074237136744],
      [0.22445172814, 0.4560115627, 0.23337574848, 0.086160960673]
    ],
    [
      [0.034730057447, 0.55682869101, 0.39714810753, 0.011293144016],
      [0.031683986689, 0.093337918148, 0.8476275269, 0.027350568263],
      [0.060898093628, 0.53497861004, 0.28439720266, 0.11972609367],
      [0.26268144924, 0.4551439234, 0.15581181368, 0.12636281369]
    ],
    [
      [0.0046602181905, 0.68320733678, 0.31086456922, 0.001267875807],
      [0.0050830027905, 0.12040236193, 0.8709816351, 0.0035330001778],
      [0.0087644039987, 0.73519083953, 0.24441590637, 0.011628850101],
      [0.040224404464, 0.77915099836, 0.16453542717, 0.01608917001]
    ],
    [
      [0.020162222447, 0.65426613926, 0.31672919318, 0.0088424451209],
      [0.020100804143, 0.11169597042, 0.84449370396, 0.023709521473],
      [0.036791721561, 0.63235541953, 0.22313453652, 0.10771832239],
      [0.1857058997, 0.56288614693, 0.12688367431, 0.12452427906]
    ],
    [
      [0.041274745068, 0.22402483188, 0.73344139905, 0.0012590240053],
      [0.020324355241, 0.02037159718, 0.95771997724, 0.0015840703385],
      [0.094960316334, 0.27333406423, 0.61819533668, 0.013510282749],
      [0.53362492306, 0.19360486862, 0.26046856128, 0.012301647038]
    ],
    [
      [0.0061389490598, 0.27014934143, 0.71270155103, 0.011010158476],
      [0.0033450333316, 0.026442249235, 0.95396217384, 0.016250543588],
      [0.011308710682, 0.28023617817, 0.54146069455, 0.1669944166],
      [0.056121563695, 0.31494033471, 0.37994206151, 0.24899604009]
    ],
    [
      [0.0078367011624, 0.47788711218, 0.50645278917, 0.007823397492],
      [0.0058537709232, 0.063674405172, 0.91485190361, 0.015619920296],
      [0.014750628277, 0.49664434823, 0.38848199409, 0.1001230294],
      [0.075491706759, 0.52481899173, 0.26093646954, 0.13875283198]
    ],
    [
      [0.0029301280616, 0.34891275491, 0.64731026296, 0.00084685406476],
      [0.0014231376405, 0.029297516065, 0.96825766397, 0.0010216823234],
      [0.0061300035292, 0.44174739003, 0.54445761933, 0.0076649871187],
      [0.029665547839, 0.56736244519, 0.38973948366, 0.013232523307]
    ],
    [
      [0.037237269503, 0.615000724, 0.34471227036, 0.0030497361438],
      [0.038369909591, 0.1156080897, 0.83770023918, 0.0083217615355],
      [0.07011230263, 0.63247394813, 0.26381597342, 0.033597775818],
      [0.30334007023, 0.52204834679, 0.1402005074, 0.034411075585]
    ],
    [
      [0.030885666802, 0.52647229306, 0.4272917035, 0.015350336647],
      [0.026529398465, 0.083419119223, 0.85513089467, 0.034920587638],
      [0.052608304422, 0.49268721647, 0.29824220465, 0.15646227446],
      [0.22987759305, 0.43189773961, 0.16840339275, 0.16982127459]
    ],
    [
      [0.023218420349, 0.56917167212, 0.40114860308, 0.0064613044567],
      [0.021450563564, 0.096722743865, 0.86601122093, 0.015815471645],
      [0.043115354751, 0.58027260498, 0.30481948453, 0.071792555743],
      [0.2000721732, 0.53625229366, 0.18135520107, 0.082320332078]
    ],
    [
      [0.033861619961, 0.38031515721, 0.58370602552, 0.0021171973149],
      [0.021348559875, 0.04317911451, 0.93196788095, 0.0035044446681],
      [0.070978229188, 0.42880367437, 0.47607766799, 0.024140428452],
      [0.37425244365, 0.35446270975, 0.2461481259, 0.025136720699]
    ],
    [
      [0.0034279445106, 0.240251953, 0.75543327896, 0.00088682353415],
      [0.0016970407358, 0.021601988965, 0.97558971478, 0.0011112555185],
      [0.0076425108857, 0.30718305911, 0.67536148318, 0.0098129468294],
      [0.047554788844, 0.40711845963, 0.52799741988, 0.017329331644]
    ],
    [
      [0.00458837127, 0.41062643132, 0.58395685724, 0.00082834016635],
      [0.0030265038276, 0.044392670982, 0.95124956861, 0.001331256579],
      [0.0092613145506, 0.48674356758, 0.4991061153, 0.0048890025697],
      [0.040304147866, 0.57736752215, 0.37532823231, 0.0070000976718]
    ],
    [
      [0.04003790891, 0.47507135467, 0.47811358301, 0.006777153419],
      [0.031532334498, 0.068744334059, 0.88558196502, 0.014141366425],
      [0.074748724025, 0.48591337608, 0.36371381359, 0.0756240863],
      [0.31859604619, 0.40703829245, 0.19573346698, 0.078632194375]
    ],
    [
      [0.058839620265, 0.28022962223, 0.65492801708, 0.0060027404253],
      [0.033301466771, 0.029033593177, 0.92859751117, 0.0090674288845],
      [0.11950623153, 0.3007441253, 0.50545624085, 0.074293402317],
      [0.52452901772, 0.20170166704, 0.2108325953, 0.062936719944]
    ],
    [
      [0.057935930418, 0.54087383377, 0.39081303817, 0.010377197638],
      [0.051850929984, 0.087748163535, 0.83556202557, 0.024838880914],
      [0.10149203857, 0.51126323948, 0.27433911603, 0.11290560593],
      [0.40264983562, 0.36862736346, 0.12726368724, 0.10145911369]
    ],
    [
      [0.0035315180824, 0.83416063757, 0.13706619884, 0.025241645513],
      [0.0061754383478, 0.21047726557, 0.64661044847, 0.1367368476],
      [0.0031400625322, 0.35370350751, 0.045839140641, 0.59731728931],
      [0.0038752764464, 0.24343961125, 0.021367148086, 0.73131796422]
    ],
    [
      [0.064021834382, 0.52785912144, 0.3981398259, 0.0099792182732],
      [0.056588432846, 0.084843734672, 0.83497982596, 0.023588006524],
      [0.11206234779, 0.49956339543, 0.28027304165, 0.10810121514],
      [0.42864516717, 0.3504768167, 0.1266552899, 0.094222726236]
    ],
    [
      [0.029566916378, 0.48699324374, 0.46145450623, 0.021985333651],
      [0.023574178798, 0.071534991718, 0.85841043656, 0.046480392925],
      [0.047818966901, 0.43235806702, 0.30547988107, 0.21434308501],
      [0.21102967492, 0.38125571276, 0.1734568205, 0.23425779183]
    ],
    [
      [0.026772882953, 0.4702439337, 0.50174616628, 0.0012370170729],
      [0.018897586007, 0.056751168959, 0.92212794527, 0.0022232997612],
      [0.056428607252, 0.52751425208, 0.40567954361, 0.010377597052],
      [0.36103926503, 0.4207150274, 0.20834656744, 0.0098991401339]
    ],
    [
      [0.023817536101, 0.37391503229, 0.59590238266, 0.0063650489531],
      [0.015828490344, 0.045752478081, 0.92721270132, 0.011206330256],
      [0.046668166384, 0.40186888797, 0.47660877588, 0.074854169768],
      [0.22777968102, 0.3873556625, 0.29520952123, 0.089655135253]
    ],
    [
      [0.030111199917, 0.38673771486, 0.57445009585, 0.0087009893797],
      [0.020563314647, 0.048723361324, 0.91498221509, 0.015731108943],
      [0.056850216125, 0.40106059845, 0.44399012207, 0.098099063351],
      [0.26036057216, 0.36698362734, 0.26148833002, 0.11116747048]
    ],
    [
      [0.021014491705, 0.31389361618, 0.6605501732, 0.004541718908],
      [0.01280549885, 0.035192728807, 0.94467416384, 0.0073276085011],
      [0.042946767399, 0.35168916343, 0.5498247684, 0.055539300778],
      [0.22147316669, 0.35394459937, 0.35502035227, 0.069561881674]
    ],
    [
      [0.066359466017, 0.39004534141, 0.53440100541, 0.009194187168],
      [0.046936444908, 0.050804193522, 0.88501047607, 0.017248885503],
      [0.12007278587, 0.3860979662, 0.39387506427, 0.099954183659],
      [0.44610064019, 0.28014200359, 0.18387228697, 0.089885069238]
    ],
    [
      [0.028828102284, 0.42065327124, 0.53192005186, 0.018598574625],
      [0.020624100079, 0.05547011141, 0.88861867918, 0.035287109329],
      [0.048904222573, 0.39153253079, 0.36895043346, 0.19061281318],
      [0.22075065539, 0.35255490058, 0.21378109145, 0.21291335258]
    ],
    [
      [0.11847722823, 0.44564002633, 0.42144660653, 0.014436138915],
      [0.09472595593, 0.064860484382, 0.80929539477, 0.031118164921],
      [0.19322308126, 0.38517876872, 0.27006832347, 0.15152982655],
      [0.61333015098, 0.19968815901, 0.090162896606, 0.096818793407]
    ],
    [
      [0.017040679626, 0.37113700501, 0.59316824501, 0.018654070356],
      [0.011139139172, 0.044464549897, 0.91189133525, 0.032504975681],
      [0.029434580311, 0.35105771227, 0.41717517306, 0.20233253436],
      [0.14627227836, 0.34385690677, 0.26205310942, 0.24781770545]
    ],
    [
      [0.042272055378, 0.41067283173, 0.5435626885, 0.0034924243932],
      [0.030070743449, 0.053634067574, 0.90972025743, 0.0065749315516],
      [0.083075917929, 0.44183352767, 0.43452698812, 0.040563566286],
      [0.35755163848, 0.36805091755, 0.23245619032, 0.041941253644]
    ],
    [
      [0.057042190049, 0.48148603953, 0.45304402669, 0.0084277437336],
      [0.046438295033, 0.072110407881, 0.8632587181, 0.018192578983],
      [0.10258596805, 0.47418810565, 0.33239088619, 0.090835040116],
      [0.39471922766, 0.35843823086, 0.16174882848, 0.085093713006]
    ],
    [
      [0.069736314913, 0.40650212118, 0.50061623205, 0.02314533186],
      [0.050599454369, 0.054307458232, 0.85048667522, 0.044606412178],
      [0.10956604869, 0.3492723482, 0.32033982577, 0.22082177733],
      [0.4020123133, 0.25186017035, 0.14862857209, 0.19749894426]
    ],
    [
      [0.024288558848, 0.53777916076, 0.42785596018, 0.010076320213],
      [0.021073707232, 0.085686455466, 0.8700484788, 0.023191358504],
      [0.043781520654, 0.53162159984, 0.31502238931, 0.1095744902],
      [0.20208452452, 0.48733257415, 0.18577442623, 0.1248084751]
    ],
    [
      [0.025614599342, 0.43712793771, 0.53281142751, 0.0044460354403],
      [0.018778008992, 0.059011430793, 0.91358380213, 0.0086267580866],
      [0.050270520702, 0.47058475317, 0.42714983865, 0.051994887469],
      [0.23944492004, 0.44191884, 0.25801576657, 0.060620473392]
    ],
    [
      [0.070828826303, 0.47453512002, 0.40094267151, 0.053693382166],
      [0.056876461525, 0.069867015614, 0.75781641459, 0.11544010827],
      [0.085104018292, 0.30960016475, 0.19476646178, 0.41052935518],
      [0.31948802737, 0.22283094064, 0.090253151064, 0.36742788093]
    ],
    [
      [0.062795504333, 0.37193762329, 0.55720614625, 0.0080607261254],
      [0.042974166863, 0.046831445763, 0.89556461468, 0.014629772689],
      [0.11606491712, 0.37585003651, 0.41865711674, 0.08942792962],
      [0.44129896262, 0.277839603, 0.19882287353, 0.082038560855]
    ],
    [
      [0.019801204077, 0.41517228286, 0.54086048081, 0.024166032251],
      [0.013842169675, 0.053270361429, 0.88794886654, 0.044938602358],
      [0.032104798923, 0.36870774759, 0.35730402099, 0.2418834325],
      [0.15246476501, 0.34743421384, 0.21617875202, 0.28392226913]
    ],
    [
      [0.034498265805, 0.37040549906, 0.58565101446, 0.0094452206743],
      [0.023072540544, 0.045674675919, 0.91451889698, 0.016733886555],
      [0.06462435399, 0.38081787299, 0.44858690848, 0.10597086454],
      [0.28859328863, 0.33831887144, 0.25641894897, 0.11666889096]
    ],
    [
      [0.0799519888, 0.50266232217, 0.40820055643, 0.0091851326016],
      [0.069412697988, 0.080342366242, 0.82910832972, 0.02113660605],
      [0.13859685775, 0.47731822364, 0.28884081163, 0.095244106972],
      [0.4736395766, 0.3215768019, 0.12530675936, 0.079476862145]
    ],
    [
      [0.023482383498, 0.48015184902, 0.4934759701, 0.0028897973796],
      [0.018152952564, 0.067849399864, 0.90809806721, 0.0058995803672],
      [0.046623244035, 0.52204502358, 0.39769102103, 0.033640711356],
      [0.2286202386, 0.49200501355, 0.23978169605, 0.039593051804]
    ],
    [
      [0.023177200481, 0.48774684376, 0.48346864313, 0.0056073126292],
      [0.018122891149, 0.068800269887, 0.90141751866, 0.011659320299],
      [0.044722341387, 0.51291193727, 0.37677162231, 0.065594099036],
      [0.22251406609, 0.47659967488, 0.22452294056, 0.076363318474]
    ],
    [
      [0.031397228072, 0.52677853754, 0.43782094106, 0.0040032933255],
      [0.026965319256, 0.083186477931, 0.88074880575, 0.0090993970636],
      [0.059990625622, 0.552574129, 0.34202484211, 0.045410403266],
      [0.26723969259, 0.48847296978, 0.19451350832, 0.049773829311]
    ],
    [
      [0.030537223601, 0.42240277721, 0.54070011208, 0.0063598871093],
      [0.021983226879, 0.056019471182, 0.90987516249, 0.012122139445],
      [0.058569426036, 0.44468101853, 0.42394833773, 0.072801217701],
      [0.26747401812, 0.40332711517, 0.24734768407, 0.08185118263]
    ],
    [
      [0.059758758635, 0.498975307, 0.43205383709, 0.0092120972777],
      [0.050424908136, 0.077571447573, 0.85140604388, 0.020597600414],
      [0.10576500972, 0.48419527421, 0.3125230978, 0.097516618269],
      [0.39862598611, 0.36117478593, 0.15013885873, 0.090060369238]
    ],
    [
      [0.0065933176667, 0.54690366503, 0.43902092243, 0.0074820948769],
      [0.0050658770811, 0.072440175056, 0.90724935342, 0.015244594441],
      [0.012599764389, 0.56484064931, 0.32457163825, 0.09798794805],
      [0.061145914841, 0.58879117037, 0.21072372406, 0.13933919073]
    ],
    [
      [0.053900958963, 0.55092126326, 0.38879295929, 0.0063848184885],
      [0.049216000284, 0.091744629204, 0.84356427077, 0.015475099746],
      [0.098003900262, 0.54618048335, 0.28633488522, 0.069480731167],
      [0.38600729487, 0.41067442498, 0.13834055565, 0.064977724502]
    ],
    [
      [0.065799752677, 0.52265217174, 0.39328485603, 0.018263219554],
      [0.05735296273, 0.082717095812, 0.81718122349, 0.042748717973],
      [0.10585512613, 0.45293299302, 0.25328814267, 0.18792373818],
      [0.40353657483, 0.31763143504, 0.11430894939, 0.16452304073]
    ],
    [
      [0.033392849792, 0.42090442429, 0.53943430981, 0.0062684161128],
      [0.023868836034, 0.055151243734, 0.90909473473, 0.011885185498],
      [0.064175738077, 0.44231863803, 0.42105692894, 0.072448694955],
      [0.29202561412, 0.39010931839, 0.23828930411, 0.079575763374]
    ],
    [
      [0.048306397963, 0.44168499409, 0.49732559993, 0.012683008022],
      [0.036330689463, 0.061112679239, 0.87724359106, 0.025313040235],
      [0.084866550042, 0.42462250086, 0.35585066379, 0.13466028531],
      [0.34476620905, 0.33905149138, 0.18269005848, 0.13349224109]
    ],
    [
      [0.12474858317, 0.45499763791, 0.40716985032, 0.013083928604],
      [0.10441544735, 0.070166885261, 0.79636824462, 0.029049422775],
      [0.20174640249, 0.40265365102, 0.26861060079, 0.1269893457],
      [0.58397047446, 0.2285883265, 0.098250455813, 0.089190743234]
    ],
    [
      [0.035252872449, 0.5744654852, 0.38266179638, 0.0076198459717],
      [0.032507630719, 0.094090560817, 0.85448330922, 0.018918499249],
      [0.064886462328, 0.5659091061, 0.27988226216, 0.08932216941],
      [0.30585717584, 0.4578523095, 0.14597578618, 0.090314728469]
    ],
    [
      [0.036417277465, 0.51735968613, 0.43838235416, 0.0078406822431],
