{
  "X": [
    [11, 10, 191, 171, 26],
    [14, 31, 134, 191, 14],
    [78, 96, 901, 888, 90],
    [25, 27, 212, 271, 23],
    [11, 24, 149, 214, 15],
    [15, 13, 101, 150, 12],
    [116, 137, 1002, 1678, 150],
    [13, 16, 106, 203, 17],
    [14, 17, 105, 146, 6],
    [9, 9, 101, 132, 8],
    [3, 6, 52, 33, 2],
    [5, 20, 45, 82, 10],
    [13, 37, 131, 165, 7],
    [7, 22, 71, 126, 12],
    [13, 41, 136, 138, 12],
    [13, 30, 83, 138, 10],
    [3, 5, 10, 5, 1],
    [5, 5, 83, 58, 2],
    [202, 190, 1952, 1477, 134],
    [17, 12, 91, 54, 5],
    [0, 0, 5, 1, 0],
    [15, 31, 101, 171, 23],
    [13, 73, 134, 292, 16],
    [49, 299, 446, 1061, 54],
    [2, 2, 10, 2, 1],
    [27, 27, 231, 193, 10],
    [4, 2, 21, 38, 3],
    [0, 1, 1, 17, 2],
    [3, 11, 24, 30, 6],
    [34, 59, 255, 443, 38],
    [95, 141, 582, 1113, 114],
    [0, 0, 3, 2, 1],
    [22, 13, 114, 172, 11],
    [2, 2, 2, 8, 1],
    [20, 30, 134, 169, 17],
    [64, 117, 493, 561, 50],
    [0, 1, 8, 13, 1],
    [0, 1, 2, 5, 1],
    [5, 9, 34, 35, 3],
    [18, 26, 139, 107, 13],
    [85, 166, 874, 1232, 111],
    [14, 24, 139, 237, 20],
    [1, 1, 3, 1, 1],
    [1, 0, 5, 12, 0],
    [2, 1, 3, 5, 0],
    [11, 26, 133, 149, 20],
    [22, 28, 206, 210, 21],
    [16, 16, 127, 78, 9],
    [33, 39, 303, 244, 32],
    [17, 19, 200, 190, 30],
    [6, 8, 42, 62, 6],
    [25, 20, 143, 166, 16],
    [20, 14, 143, 167, 19],
    [14, 11, 79, 94, 15],
    [14, 19, 94, 127, 14],
    [11, 12, 137, 79, 11],
    [14, 30, 162, 230, 14],
    [8, 18, 106, 114, 16],
    [18, 23, 147, 107, 23],
    [24, 13, 143, 168, 27],
    [5, 13, 71, 98, 18],
    [0, 4, 0, 2, 2],
    [2, 6, 14, 2, 2],
    [0, 4, 10, 11, 0],
    [2, 5, 18, 14, 3],
    [0, 6, 4, 6, 0],
    [20, 10, 145, 93, 6],
    [38, 32, 373, 264, 21],
    [14, 8, 114, 39, 5],
    [25, 12, 216, 80, 17],
    [1, 1, 4, 5, 1],
    [6, 6, 74, 51, 4],
    [2, 0, 3, 2, 0],
    [0, 1, 1, 3, 5],
    [5, 2, 21, 11, 2],
    [6, 18, 86, 128, 19],
    [34, 29, 189, 202, 25],
    [21, 11, 131, 90, 2],
    [58, 41, 328, 177, 23],
    [0, 3, 5, 3, 0],
    [1, 1, 7, 10, 0],
    [0, 0, 4, 8, 2],
    [3, 2, 13, 30, 4],
    [7, 11, 41, 65, 6],
    [2, 5, 18, 29, 5],
    [0, 0, 10, 5, 0],
    [5, 6, 50, 40, 11],
    [25, 35, 203, 163, 21],
    [1, 0, 2, 6, 0],
    [3, 6, 28, 21, 5],
    [3, 11, 84, 61, 8],
    [1, 2, 4, 5, 2],
    [9, 5, 46, 35, 6],
    [1, 0, 7, 6, 2],
    [0, 2, 9, 5, 0],
    [0, 1, 7, 8, 0],
    [1, 1, 2, 5, 0],
    [1, 5, 16, 9, 1],
    [8, 19, 61, 75, 15],
    [2, 1, 5, 4, 2],
    [2, 0, 16, 9, 1],
    [6, 4, 37, 37, 7],
    [0, 1, 4, 2, 0],
    [16, 4, 81, 29, 7],
    [28, 226, 314, 711, 58],
    [148, 385, 1181, 1833, 224],
    [126, 201, 710, 900, 160],
    [2, 3, 11, 8, 1]
  ],
  "W": [
    [13, 7, 199, 164, 26],
    [31, 36, 194, 102, 21],
    [183, 160, 859, 733, 118],
    [60, 54, 259, 155, 30],
    [24, 31, 212, 125, 21],
    [20, 16, 173, 69, 13],
    [238, 201, 1670, 773, 201],
    [27, 29, 204, 76, 19],
    [25, 22, 150, 85, 6],
    [25, 20, 130, 79, 5],
    [18, 11, 29, 33, 5],
    [8, 29, 71, 34, 20],
    [29, 69, 127, 110, 18],
    [14, 32, 122, 55, 15],
    [19, 51, 133, 113, 24],
    [21, 51, 121, 60, 21],
    [4, 5, 5, 9, 1],
    [16, 9, 56, 63, 9],
    [436, 299, 1488, 1581, 151],
    [26, 8, 62, 76, 7],
    [1, 1, 1, 1, 2],
    [24, 21, 183, 80, 33],
    [24, 151, 207, 101, 45],
    [102, 597, 729, 274, 207],
    [3, 2, 3, 6, 3],
    [57, 46, 173, 198, 14],
    [5, 7, 34, 16, 6],
    [0, 1, 17, 1, 2],
    [4, 5, 35, 20, 10],
    [62, 90, 432, 192, 53],
    [149, 159, 1144, 456, 137],
    [0, 0, 3, 1, 2],
    [46, 32, 155, 80, 19],
    [4, 4, 3, 1, 3],
    [33, 46, 155, 113, 23],
    [96, 148, 566, 402, 73],
    [4, 1, 11, 6, 1],
    [0, 1, 4, 1, 3],
    [12, 9, 33, 23, 9],
    [37, 20, 131, 104, 11],
    [187, 257, 1174, 680, 170],
    [20, 45, 228, 110, 31],
    [2, 0, 3, 2, 0],
    [0, 0, 11, 6, 1],
    [5, 0, 3, 3, 0],
    [28, 19, 154, 95, 43],
    [46, 42, 201, 166, 32],
    [33, 16, 86, 91, 20],
    [69, 43, 266, 229, 44],
    [45, 34, 179, 157, 41],
    [16, 9, 57, 30, 12],
    [41, 25, 174, 110, 20],
    [37, 19, 171, 112, 24],
    [19, 16, 106, 56, 16],
    [21, 16, 124, 73, 34],
    [20, 18, 76, 115, 21],
    [38, 51, 215, 114, 32],
    [21, 28, 111, 71, 31],
    [37, 22, 108, 120, 31],
    [38, 17, 174, 108, 38],
    [23, 14, 108, 45, 15],
    [0, 3, 4, 1, 0],
    [2, 3, 7, 11, 3],
    [0, 2, 14, 8, 1],
    [5, 1, 14, 12, 10],
    [1, 3, 6, 2, 4],
    [33, 18, 100, 114, 9],
    [93, 49, 260, 294, 32],
    [25, 11, 33, 89, 22],
    [47, 22, 87, 170, 24],
    [4, 2, 4, 2, 0],
    [23, 10, 47, 51, 10],
    [2, 0, 1, 4, 0],
    [0, 2, 5, 1, 2],
    [10, 1, 13, 14, 3],
    [14, 37, 113, 57, 36],
    [58, 43, 192, 143, 43],
    [32, 18, 82, 109, 14],
    [95, 55, 163, 289, 25],
    [0, 0, 5, 6, 0],
    [1, 0, 11, 7, 0],
    [0, 1, 8, 4, 1],
    [5, 4, 28, 13, 2],
    [7, 15, 66, 33, 9],
    [2, 1, 36, 14, 6],
    [1, 0, 6, 8, 0],
    [7, 7, 50, 34, 14],
    [41, 44, 173, 159, 30],
    [0, 0, 6, 2, 1],
    [9, 6, 23, 20, 5],
    [17, 25, 52, 53, 20],
    [0, 1, 8, 2, 3],
    [16, 6, 38, 32, 9],
    [4, 0, 7, 4, 1],
    [1, 2, 6, 7, 0],
    [0, 0, 9, 7, 0],
    [1, 0, 5, 2, 1],
    [3, 2, 11, 14, 2],
    [14, 21, 82, 48, 13],
    [1, 0, 4, 6, 3],
    [4, 1, 9, 14, 0],
    [7, 5, 47, 18, 14],
    [0, 1, 2, 1, 3],
    [23, 7, 34, 61, 12],
    [54, 283, 684, 241, 75],
    [294, 415, 1822, 980, 260],
    [190, 169, 967, 575, 196],
    [4, 2, 8, 8, 3]
  ],
  "method": "mvn_pdf",
  "cond_prob": [
    [
      [0.25197355743, 0.00050073989802, 0.6899535167, 0.053449446735, 0.0041227392382],
      [1.3436897781e-06, 0.3060730225, 0.025105423506, 0.66432601987, 0.0044941904384],
      [0.0064746495057, 0.028577825167, 0.09130327768, 0.7875561735, 0.086088074151],
      [0.034959969812, 0.0081833090833, 0.93428050719, 0.012235612648, 0.010340601269],
      [0.020523989312, 0.081103582172, 0.39492903271, 0.22446454397, 0.27897885183]
    ],
    [
      [0.27036900596, 0.0011536326369, 0.65154776722, 0.073930557464, 0.0029990367099],
      [8.7011828003e-07, 0.42845542126, 0.014301901504, 0.55526424583, 0.0019775612859],
      [0.0052902842441, 0.050445766381, 0.065631334019, 0.83090403228, 0.047728583072],
      [0.038952984411, 0.019574512431, 0.91610245595, 0.017563631954, 0.0078064152506],
      [0.020070773336, 0.17162966277, 0.33977725335, 0.28382101413, 0.18470129641]
    ],
    [
      [0.25243044758, 0.00074475529076, 0.66582364543, 0.077037799526, 0.0039633521744],
      [9.7184763663e-07, 0.31424689328, 0.017269160929, 0.66546167198, 0.0030213019672],
      [0.0049598661036, 0.031524492709, 0.066529975553, 0.8358250009, 0.061160664734],
      [0.036417285637, 0.01247787277, 0.92282267007, 0.01809084571, 0.010191325812],
      [0.018889374764, 0.10803505317, 0.34541194311, 0.28968705124, 0.23797657771]
    ],
    [
      [0.27425077893, 0.00063820741771, 0.64994459783, 0.071833118962, 0.0033332968657],
      [1.1331897666e-06, 0.29699501834, 0.018205416597, 0.68201630788, 0.0027821239965],
      [0.0056809586832, 0.029080827011, 0.068892460928, 0.8409849637, 0.055360789677],
      [0.040201938535, 0.010939154927, 0.92283947616, 0.017250345969, 0.0087690844134],
      [0.02199819956, 0.10091280578, 0.36389458235, 0.29420126495, 0.21899314737]
    ],
    [
      [0.239661427, 0.0010446122045, 0.66134083056, 0.094414022007, 0.0035391082245],
      [6.9609695537e-07, 0.34735647598, 0.013077536454, 0.63746707615, 0.0020982153266],
      [0.0038120922999, 0.03696580584, 0.054059509494, 0.85953784655, 0.045624745815],
      [0.034114916655, 0.017479643434, 0.91720082007, 0.022118977136, 0.0090856427092],
      [0.016232380118, 0.14125528496, 0.31411348102, 0.32994773635, 0.19845111755]
    ],
    [
      [0.39188005286, 0.00037249305711, 0.57319951323, 0.0329603037, 0.0015876371568],
      [3.0574925183e-06, 0.34686820286, 0.031135836045, 0.61937654789, 0.0026163557128],
      [0.015632204631, 0.034105572304, 0.1200992944, 0.77713804824, 0.053024880421],
      [0.062924454247, 0.0071739437889, 0.91631405854, 0.0088950312776, 0.0046925121483],
      [0.046967913102, 0.091060787519, 0.492434727, 0.20830542232, 0.16123115006]
    ],
    [
      [0.28970431125, 0.00080422443937, 0.61520631172, 0.090207937142, 0.0040772154549],
      [9.8310243189e-07, 0.29817964692, 0.014064544011, 0.68502018599, 0.0027346399749],
      [0.0049927989193, 0.029798540785, 0.053919285241, 0.85621598972, 0.055073385338],
      [0.044491065589, 0.014341380122, 0.90746047612, 0.022548441723, 0.011158636447],
      [0.02083867532, 0.11198469006, 0.30675999739, 0.32561866691, 0.23479797032]
    ],
    [
      [0.29095533039, 0.00065912234499, 0.6270471694, 0.077751143575, 0.0035872342929],
      [1.1026468776e-06, 0.28859409359, 0.016284007739, 0.69231691948, 0.0028038765516],
      [0.0055027845664, 0.027996594658, 0.061336148246, 0.84960483562, 0.05555963691],
      [0.043340222108, 0.011608094219, 0.91617856489, 0.01917748716, 0.0096956316217],
      [0.022238068213, 0.10120411798, 0.33825528779, 0.30892964206, 0.22937288397]
    ],
    [
      [0.32806297407, 0.00084523722022, 0.601176998, 0.067871375323, 0.0020434153826],
      [1.2277237827e-06, 0.37560139039, 0.01548541171, 0.6073096053, 0.0016023648698],
      [0.0069801302676, 0.041073551352, 0.066438655967, 0.8493681089, 0.036139553516],
      [0.050463374005, 0.01543732734, 0.91102558189, 0.017350033502, 0.0057236832619],
      [0.028269038198, 0.14857787001, 0.36721393684, 0.30740852333, 0.14853063162]
    ],
    [
      [0.23389072665, 0.00061845896431, 0.67969731326, 0.082636355391, 0.0031571457298],
      [8.4994499936e-07, 0.26419707639, 0.016840017094, 0.71656789715, 0.0023941594176],
      [0.0041588615385, 0.024988587618, 0.062201563675, 0.86208822498, 0.046562762191],
      [0.032710320857, 0.010189394363, 0.93005812767, 0.019059516458, 0.0079826406554],
      [0.01763477953, 0.094329430263, 0.36026111878, 0.3261971893, 0.20157748213]
    ],
    [
      [0.15640356915, 0.00058090190346, 0.7908216011, 0.050495753637, 0.0016981742083],
      [7.3230797098e-07, 0.35838296943, 0.024944014549, 0.61492256869, 0.0017497150208],
      [0.0039789937399, 0.035958254294, 0.10235389018, 0.81993032773, 0.037778534056],
      [0.019346130123, 0.0084472753658, 0.95814836717, 0.010268890499, 0.003789336841],
      [0.014054573972, 0.10990923289, 0.49658484522, 0.24557707687, 0.13387427104]
    ],
    [
      [0.304241809, 0.0012397478443, 0.6084295109, 0.081813217101, 0.0042757151545],
      [8.2717513763e-07, 0.42359319206, 0.011766443909, 0.56209298985, 0.0025465469978],
      [0.0049752807288, 0.0487990983, 0.053396838998, 0.83188062244, 0.060948159528],
      [0.04411846408, 0.022071174777, 0.90175904944, 0.020369423855, 0.01168188785],
      [0.019303648963, 0.16858528317, 0.28289334521, 0.28656331217, 0.24265441049]
    ],
    [
      [0.26511270918, 0.0012227190292, 0.63309666649, 0.097890615117, 0.0026772901831],
      [7.033177368e-07, 0.3755455716, 0.011460693833, 0.61153076202, 0.0014622692352],
      [0.0040659984406, 0.042252693017, 0.050010227411, 0.87012806953, 0.033543011604],
      [0.038985036545, 0.021162823322, 0.90901743806, 0.023722787236, 0.0071119148372],
      [0.018283263198, 0.16973725616, 0.30684300433, 0.35126864776, 0.15386782855]
    ],
    [
      [0.27075376205, 0.0011300491289, 0.64294730361, 0.081016935012, 0.0041519502071],
      [8.0407104442e-07, 0.40244814785, 0.013217927714, 0.58172781318, 0.0026053071889],
      [0.0046751431138, 0.045071418094, 0.058003502144, 0.83200645943, 0.060243477219],
      [0.038646801431, 0.019296708404, 0.91181719235, 0.019360597594, 0.010878700225],
      [0.017962936721, 0.15469333873, 0.30431362667, 0.28599785592, 0.23703224196]
    ],
    [
      [0.30863573154, 0.0011617246125, 0.63370917672, 0.05400389043, 0.0024894767014],
      [1.1479248884e-06, 0.50626644273, 0.016202774161, 0.47561152369, 0.0019181114937],
      [0.0077687033216, 0.066213222949, 0.082748517384, 0.79173430397, 0.051535252375],
      [0.045318933527, 0.02023331074, 0.91462505798, 0.013170688065, 0.0066520096828],
      [0.025615816454, 0.19507882335, 0.37224729826, 0.23402552879, 0.17303253315]
    ],
    [
      [0.36628399053, 0.00082757509621, 0.57051682732, 0.059968334303, 0.0024032727525],
      [1.4779127929e-06, 0.39777532285, 0.016005865479, 0.58417196911, 0.0020453646471],
      [0.0085480449998, 0.044529719321, 0.069850565686, 0.83013690557, 0.046934764427],
      [0.058289550128, 0.015774781249, 0.9028984503, 0.016006972084, 0.0070302462425],
      [0.032201364799, 0.14932943252, 0.35897747497, 0.27952270794, 0.17996901977]
    ],
    [
      [0.56013845393, 0.0014010506044, 0.41107707742, 0.025672314339, 0.0017111037046],
      [7.51221717e-07, 0.78840031897, 0.0051155904588, 0.20550147461, 0.00098186474271],
      [0.010686193875, 0.1476638509, 0.054544706736, 0.72800397152, 0.059101276966],
      [0.086738896195, 0.035320593093, 0.86243289451, 0.0089648893632, 0.0065427268391],
      [0.032340385927, 0.37229113784, 0.22511555397, 0.16072296918, 0.20952995307]
    ],
    [
      [0.19670724704, 0.00044028641909, 0.74872900926, 0.05279752878, 0.0013259285012],
      [1.0348282104e-06, 0.28377283004, 0.026844457684, 0.68789468976, 0.0014869876829],
      [0.0051299204617, 0.026693650372, 0.10045375626, 0.83853459756, 0.02918807535],
      [0.025495288174, 0.0067409690921, 0.95333537156, 0.011313524201, 0.0031148469694],
      [0.019124681168, 0.087549094856, 0.51266073579, 0.27171354448, 0.10895194371]
    ],
    [
      [0.28057656144, 0.00064715098588, 0.65975984686, 0.05611741841, 0.0028990223022],
      [1.3955662553e-06, 0.35125115893, 0.022085524095, 0.62381582616, 0.0028460952538],
      [0.0073533215828, 0.036415283595, 0.087844906861, 0.80891665126, 0.059469836701],
      [0.04109097023, 0.010994260939, 0.92699184994, 0.013364121293, 0.0075587976001],
      [0.024985262709, 0.11138614618, 0.40685835528, 0.25040412864, 0.20636610719]
    ],
    [
      [0.42123085973, 0.00098307999232, 0.53824338409, 0.037738718791, 0.0018039574052],
      [1.8822156397e-06, 0.56370607546, 0.016718388598, 0.4178393749, 0.0017342788199],
      [0.013939721294, 0.076753190606, 0.093372000439, 0.76473084747, 0.051204240193],
      [0.070347436972, 0.019716795661, 0.89382077787, 0.010574314121, 0.005540675378],
      [0.042347940202, 0.20881693627, 0.38723929526, 0.20390809401, 0.15768773426]
    ],
    [
      [0.00018449252733, 4.2279142071e-06, 0.99909262361, 0.00068729227142, 3.1363681041e-05],
      [8.1207078371e-07, 0.097100788014, 0.32874569301, 0.57311918787, 0.0010335190357],
      [0.0021376192617, 0.0042356240606, 0.68733367751, 0.29770019863, 0.0085928805321],
      [0.0008025957697, 4.9719183301e-05, 0.99894628163, 0.00014240917708, 5.8994235547e-05],
      [0.0016257481801, 0.00048188515577, 0.99331271309, 0.0033562411989, 0.0012234123768]
    ],
    [
      [0.35170309237, 0.0016715930245, 0.5611752273, 0.080529816597, 0.0049202707057],
      [9.0097037889e-07, 0.50167696513, 0.0099179168155, 0.48579754046, 0.0026066766208],
      [0.0060827856413, 0.065251521203, 0.050525687579, 0.80820238065, 0.069937624927],
      [0.055767598301, 0.031534036497, 0.87720862813, 0.021255542342, 0.014234194731],
      [0.021860162603, 0.21117405569, 0.24760700652, 0.26187886123, 0.25747991396]
    ],
    [
      [0.2789323587, 0.0010984328076, 0.62613836685, 0.090908761785, 0.002922079853],
      [8.1774525289e-07, 0.36636623543, 0.012557540145, 0.61932784688, 0.0017475597977],
      [0.0046269419145, 0.040585812879, 0.053629872894, 0.86193993709, 0.039217435221],
      [0.041418539628, 0.019237329731, 0.90918160624, 0.022307057817, 0.0078554665809],
      [0.019944517854, 0.15661089959, 0.31531060223, 0.33562118281, 0.17251279752]
    ],
    [
      [0.28061959948, 0.0010224353176, 0.6377127511, 0.078254311265, 0.0023909028443],
      [9.5690364105e-07, 0.38312337475, 0.014689862631, 0.60056685851, 0.0016189472062],
      [0.0055065054911, 0.043375092159, 0.063810197766, 0.85037345754, 0.036934747044],
      [0.04179277835, 0.017730667934, 0.91509061734, 0.01902223339, 0.0063637029839],
      [0.022331101807, 0.15818374532, 0.35277889017, 0.31381962989, 0.15288663281]
    ],
    [
      [0.42007638749, 0.00018806900131, 0.57363546047, 0.0054712021884, 0.00062888084652],
      [3.364315567e-06, 0.6888195686, 0.04327420328, 0.26571549529, 0.0021873685149],
      [0.028539353055, 0.065332315846, 0.27474888327, 0.55754285347, 0.073836594365],
      [0.049000603085, 0.0037007602862, 0.94385568837, 0.0015541565917, 0.0018887916689],
      [0.051623042415, 0.079421822193, 0.69665068865, 0.056588733965, 0.11571571277]
    ],
    [
      [0.29263456397, 0.00089282307258, 0.62003673222, 0.08377955292, 0.0026563278178],
      [9.7477902228e-07, 0.33824608439, 0.014010436308, 0.6459466618, 0.0017958427252],
      [0.0052896539316, 0.035726849038, 0.057384587772, 0.8629104997, 0.038688409555],
      [0.044401131581, 0.015846203556, 0.9116965602, 0.020821826087, 0.0072342785749],
      [0.022722004755, 0.13752749046, 0.33622744957, 0.33382959458, 0.16969346063]
    ],
    [
      [0.44715404, 0.0003236826144, 0.48937538819, 0.061041298642, 0.0021055905493],
      [1.8173284969e-06, 0.20222980476, 0.015788266874, 0.77971357106, 0.0022665399814],
      [0.0083705050379, 0.017559896695, 0.054771327187, 0.87785829987, 0.041439971209],
      [0.071631391857, 0.0070033225172, 0.89589868543, 0.018463278505, 0.0070033216904],
      [0.039162921779, 0.070124506447, 0.34990601814, 0.34483136552, 0.19597518811]
    ],
    [
      [0.32675972424, 0.0010534513075, 0.53439983167, 0.13221170787, 0.0055752849038],
      [2.9621595474e-08, 0.23532929662, 0.0046395840776, 0.75731460348, 0.002716486201],
      [0.00012854331076, 0.019128271191, 0.016493387323, 0.91101512787, 0.053234670306],
      [0.0015938887805, 0.018386629442, 0.91527077932, 0.043448479262, 0.021300223196],
      [0.00056294844481, 0.097938143225, 0.12522977677, 0.42393578461, 0.35233334696]
    ],
    [
      [0.3408658655, 0.0032433431868, 0.58660433168, 0.064252426684, 0.0050340329424],
      [4.8269939199e-07, 0.73266585993, 0.0063089695823, 0.25927322175, 0.0017514660393],
      [0.0053821187268, 0.14029082492, 0.052996495623, 0.72292412264, 0.078406438086],
      [0.045922925806, 0.057661663292, 0.86689928883, 0.015856409694, 0.013659712382],
      [0.015373112513, 0.36630045198, 0.2069007848, 0.17902011145, 0.23240553926]
    ],
    [
      [0.32224844234, 0.00088502785893, 0.59758827059, 0.075779425076, 0.0034988341367],
      [1.1660714395e-06, 0.35767329287, 0.014674570986, 0.62510787864, 0.0025430914308],
      [0.0063669851333, 0.038241809181, 0.060479087569, 0.83982450574, 0.05508761238],
      [0.050346312967, 0.016175013537, 0.90425880091, 0.019406403485, 0.0098134690996],
      [0.024907109616, 0.13440808933, 0.32258208753, 0.29799440746, 0.22010830606]
    ],
    [
      [0.37270726107, 0.0010482496383, 0.54250718897, 0.079504410346, 0.0042328899753],
      [1.2491124637e-06, 0.38602750383, 0.012280535814, 0.59887540927, 0.0028153019694],
      [0.0070706877922, 0.042938520129, 0.05247211045, 0.83431559514, 0.063203086492],
      [0.062914482147, 0.020595996314, 0.88183220036, 0.021893848343, 0.012763472832],
      [0.027428055533, 0.14996031282, 0.2774418286, 0.29469225276, 0.25047755029]
    ],
    [
      [0.11486170092, 0.00032604404475, 0.85940789639, 0.023047618607, 0.0023567400423],
      [2.4889109505e-08, 0.085499280005, 0.11751990005, 0.78939777809, 0.0075830169603],
      [5.0398849296e-05, 0.0074314497841, 0.24293499082, 0.66680871017, 0.082774450372],
      [1.6053954559e-06, 0.00030497952786, 0.99746582487, 0.00093483233883, 0.0012927578704],
      [3.6284233042e-05, 0.004861062119, 0.82191561567, 0.045804356525, 0.12738268146]
    ],
    [
      [0.3442204588, 0.00057110931307, 0.57102582529, 0.081387794961, 0.0027948116413],
      [1.3144182427e-06, 0.25168534639, 0.014906897663, 0.73120717649, 0.0021992650366],
      [0.0063805113613, 0.023776537859, 0.054613416588, 0.87285976726, 0.042369766936],
      [0.055710889204, 0.010889755144, 0.90348778467, 0.02173209765, 0.0081794733301],
      [0.028516886434, 0.094909960635, 0.33301120444, 0.35020142992, 0.19336051857]
    ],
    [
      [0.43233972631, 0.0015191969229, 0.35204590851, 0.21032364844, 0.003771519816],
      [2.4263841291e-07, 0.27097037436, 0.0019078449733, 0.72623168492, 0.00088985310624],
      [0.0011821420637, 0.023807008979, 0.0069607309358, 0.95079151861, 0.017258599408],
      [0.068354554681, 0.038274394027, 0.80664120439, 0.071920124581, 0.014809722327],
      [0.0089478419873, 0.16843344212, 0.071215896922, 0.57671063728, 0.1746921817]
    ],
    [
      [0.35613511492, 0.0010190290575, 0.5597387565, 0.079061879222, 0.0040452203],
      [1.1534786678e-06, 0.38251526022, 0.012434765112, 0.60234883103, 0.0026999901655],
      [0.0065198169934, 0.041973466307, 0.053041169369, 0.83781072428, 0.060654823047],
      [0.057764204256, 0.019534786089, 0.88958062352, 0.021219828895, 0.011900557242],
      [0.025671506393, 0.14802344708, 0.28480508015, 0.29683720279, 0.24466276358]
    ],
    [
      [0.35535665156, 0.00096140914924, 0.58607751981, 0.054881209146, 0.0027232103312],
      [1.5113773162e-06, 0.45288113702, 0.016862926668, 0.52794427111, 0.0023101538273],
      [0.0093185053671, 0.054740454658, 0.078476985905, 0.80096849226, 0.056495561813],
      [0.056766104925, 0.017907256712, 0.90321652697, 0.014326072224, 0.0077840391631],
      [0.031487226726, 0.16630182678, 0.3614907844, 0.2458540077, 0.1948661544]
    ],
    [
      [0.066782932081, 0.001631847802, 0.61422251289, 0.31046255487, 0.0069001523498],
      [5.0894042927e-08, 0.21696326251, 0.0027750055063, 0.77888591835, 0.0013757627325],
      [0.00023043575504, 0.017085969887, 0.0095131467959, 0.94702897152, 0.026141476046],
      [0.010094195989, 0.026906660504, 0.87677701683, 0.068947783464, 0.017274343211],
      [0.0015558592732, 0.11814391052, 0.089202305201, 0.55407791141, 0.2370200136]
    ],
    [
      [0.22836756594, 0.00086908881665, 0.68884698912, 0.07775570153, 0.0041606545982],
      [1.094213181e-08, 0.30954394523, 0.0086825699408, 0.68013425101, 0.001639222886],
      [4.3958407364e-05, 0.022967837672, 0.031803913598, 0.91312601239, 0.032058277936],
      [9.241396126e-05, 0.0087872985695, 0.97101906356, 0.014347472302, 0.0057537516058],
      [0.00015907518302, 0.1197128151, 0.28971158489, 0.37080462241, 0.21961190242]
    ],
    [
      [0.28682752406, 0.0012968581897, 0.64437725988, 0.065176452803, 0.0023219050628],
      [7.9608102552e-07, 0.50205865876, 0.012621047996, 0.48384816927, 0.0014713278974],
      [0.0054932033077, 0.062876975736, 0.065688776619, 0.8255928271, 0.040348217234],
      [0.039960620174, 0.0221518771, 0.91629465152, 0.015519360178, 0.0060734910257],
      [0.020875726529, 0.21208518075, 0.34185892427, 0.26979694141, 0.15538322704]
    ],
    [
      [0.30699695311, 0.001113087508, 0.65285995011, 0.036438644761, 0.0025913645142],
      [1.3719852714e-06, 0.59278451921, 0.019928238585, 0.38488748024, 0.0023983899784],
      [0.010399262161, 0.085279508857, 0.11398708201, 0.71799202824, 0.072342118726],
      [0.044326423734, 0.018979273791, 0.92122247148, 0.0086967502418, 0.0067750807566],
      [0.02735146227, 0.20085940072, 0.40923105292, 0.16878215687, 0.19377592722]
    ],
    [
      [0.26672108762, 0.00093311324212, 0.6459690053, 0.082563272904, 0.0038135209357],
      [9.126228693e-07, 0.34946235623, 0.014893159829, 0.63306185111, 0.0025817202107],
      [0.0049312711947, 0.037138791829, 0.060747460411, 0.84186032281, 0.055322153756],
      [0.039316109623, 0.015976076036, 0.9148732453, 0.019813879256, 0.010020689785],
      [0.019387809168, 0.1314355046, 0.32557410538, 0.30143230378, 0.22217027707]
    ],
    [
      [0.31088346025, 0.00065744827415, 0.61233596972, 0.072935610127, 0.003187511629],
      [1.2396154457e-06, 0.30064781924, 0.016760967735, 0.67998053356, 0.0026094398451],
      [0.0062819355885, 0.029708443908, 0.064103631765, 0.84743064934, 0.052475339403],
      [0.047275108229, 0.011830346292, 0.91370695105, 0.018384677153, 0.0088029172786],
      [0.025102346659, 0.10625609184, 0.34940254893, 0.30523642965, 0.21400258292]
    ],
    [
      [0.37392336496, 0.0025353409332, 0.61185796339, 0.0074214269349, 0.0042619037868],
      [7.6390313946e-07, 0.8531448602, 0.0080276411253, 0.13640310686, 0.0024236279109],
      [0.0015919214146, 0.4768766541, 0.020056985716, 0.18908973252, 0.31238470625],
      [0.030657433673, 0.059243628688, 0.89384956726, 0.0023427388958, 0.013906631482],
      [3.793123998e-12, 1.7961304515e-42, 3.1707114725e-12, 0.99999999999, 2.9487489753e-15]
    ],
    [
      [0.90942399457, 4.5731498863e-05, 0.064677766696, 0.025644555015, 0.0002079522169],
      [6.8872501625e-07, 0.046762856782, 0.0043038710596, 0.94836844675, 0.00056413668086],
      [0.0027886973795, 0.0049556557904, 0.01301912063, 0.9705670499, 0.0086694762956],
      [0.097783282479, 0.0053858964752, 0.85076342559, 0.042286213158, 0.0037811822995],
      [0.028770141695, 0.03898662948, 0.17711034623, 0.67577376528, 0.079359117306]
    ],
    [
      [0.13072255905, 0.016703225834, 0.13900750307, 0.71285061698, 0.00071609506839],
      [2.8591783008e-07, 0.29243507997, 0.001898999728, 0.70444509352, 0.001220540866],
      [6.7032844473e-05, 0.075893957167, 0.00041806145704, 0.92331326877, 0.00030767976167],
      [0.020588898254, 0.51990621349, 0.27367783021, 0.18363729103, 0.0021897670209],
      [6.7203085258e-07, 0.99853264521, 5.2773845302e-06, 0.0014614053774, 6.4860638644e-13]
    ],
    [
      [0.23612177087, 0.0011968193834, 0.68871137391, 0.070256939891, 0.0037130959475],
      [7.7000080312e-07, 0.44963195087, 0.015287928629, 0.5326108391, 0.0024685113979],
      [0.0047519721794, 0.053562688869, 0.071211961723, 0.80997269879, 0.06050067844],
      [0.032474026205, 0.019367028933, 0.92302945454, 0.015912860119, 0.0092166302065],
      [0.016684638245, 0.16903306767, 0.3412773546, 0.25592963564, 0.21707530384]
    ],
    [
      [0.28273551389, 0.00081732539521, 0.63884854013, 0.074001017424, 0.0035976031662],
      [1.0523448652e-06, 0.34509838355, 0.016150923476, 0.63603547499, 0.0027141656371],
      [0.0056194699015, 0.035886612822, 0.065096955542, 0.83583993638, 0.057557025356],
      [0.041796517587, 0.01415605529, 0.91653401018, 0.017951120866, 0.0095622960731],
      [0.021544023826, 0.12336542121, 0.34042215842, 0.28906972422, 0.22559867232]
    ],
    [
      [0.30333554386, 0.00062004210469, 0.66076859421, 0.033443288542, 0.001832531276],
      [1.9111719482e-06, 0.46636733369, 0.028486898608, 0.50274302663, 0.0024008299006],
      [0.011547374925, 0.053586532261, 0.12988055212, 0.74736088608, 0.057624654612],
      [0.043720550407, 0.010567795264, 0.93293871743, 0.0079817627823, 0.0047911741168],
      [0.031948560018, 0.13207109071, 0.49071433277, 0.18348460087, 0.16178141563]
    ],
    [
      [0.28658682853, 0.00071369083044, 0.6634674325, 0.046139118056, 0.0030929300767],
      [1.5018023877e-06, 0.42049907984, 0.023543379675, 0.55269725035, 0.0032587883375],
      [0.0085140605461, 0.046420916731, 0.10074473608, 0.77097145271, 0.073348833933],
      [0.041440365732, 0.01205595533, 0.92756560057, 0.010920348732, 0.008017729635],
      [0.025631764218, 0.12541850901, 0.41365844634, 0.20981264754, 0.22547863289]
    ],
    [
      [0.23773382247, 0.00069887000441, 0.67394177054, 0.081788077637, 0.0058374593548],
      [8.7005643626e-07, 0.28891860118, 0.016714377876, 0.6900475631, 0.0043185877848],
      [0.0042218169258, 0.027334305329, 0.06122175354, 0.82391711968, 0.08330500453],
      [0.03354282884, 0.011531897892, 0.92123889929, 0.018901037351, 0.014785336625],
      [0.015518199616, 0.090086661102, 0.30701012559, 0.27324562176, 0.31413939193]
    ],
    [
      [0.2655900565, 0.0012130082419, 0.6176399767, 0.11131995388, 0.0042370046785],
      [6.0449380217e-07, 0.34992448384, 0.0097673486548, 0.6382085432, 0.0020990198137],
      [0.0033471606378, 0.036537226065, 0.04081173476, 0.87299552145, 0.046308357086],
      [0.03871414808, 0.02126838272, 0.90140143502, 0.027227369974, 0.011388664202],
      [0.015452636714, 0.15118698774, 0.25754549677, 0.3554765934, 0.22033828537]
    ],
    [
      [0.38665768382, 0.00065820108729, 0.55600612676, 0.053926289842, 0.0027516984906],
      [1.8644990411e-06, 0.36821386302, 0.018374303911, 0.610676825, 0.0027331435691],
      [0.010138218739, 0.03872471003, 0.075395228029, 0.81672144652, 0.059020396684],
      [0.06394808535, 0.012858168506, 0.9001931037, 0.014752505817, 0.0082481366305],
      [0.03605007794, 0.12322519483, 0.36566375884, 0.26089026797, 0.21417070042]
    ],
    [
      [0.32950712521, 0.00063637401453, 0.59630445441, 0.069719607229, 0.0038324391403],
      [1.3645959164e-06, 0.30372929876, 0.016881565968, 0.67612984617, 0.0032579245113],
      [0.0068471520833, 0.029553757551, 0.06392829285, 0.83471105517, 0.064959742346],
      [0.051361892349, 0.011692166306, 0.90820418846, 0.017936111829, 0.010805641054],
      [0.026130189614, 0.10099962554, 0.33279988746, 0.28639985666, 0.25367044072]
    ],
    [
      [0.42850070431, 0.00038921174757, 0.53497561529, 0.033162227273, 0.0029722413808],
      [3.2014216807e-06, 0.35620910018, 0.028085982596, 0.61092679751, 0.0047749182973],
      [0.016005884469, 0.034032126969, 0.10591725449, 0.74906801824, 0.094976715832],
      [0.071878175237, 0.0078976581799, 0.90153895544, 0.0094262340725, 0.0092589770734],
      [0.045205373126, 0.085145566112, 0.40814239208, 0.18769114344, 0.27381552524]
    ],
    [
      [0.36661020317, 0.0010135999201, 0.55451432232, 0.074736023705, 0.0031258508843],
      [1.2109500564e-06, 0.39601659487, 0.012700075513, 0.5891267396, 0.00215537906],
      [0.0070342710453, 0.044302095401, 0.055660701128, 0.84329747709, 0.049705455331],
      [0.059468486896, 0.01964391789, 0.89133294604, 0.020263173631, 0.0092914755407],
      [0.028244674752, 0.15964494765, 0.30481463379, 0.3034987354, 0.20379700841]
    ],
    [
      [0.26802257266, 0.00057235096849, 0.67788165988, 0.050564261731, 0.0029591547514],
      [1.3824426634e-06, 0.34864663417, 0.02393508413, 0.62424576635, 0.0031711328997],
      [0.0071872271073, 0.034817044984, 0.093909060424, 0.79848255505, 0.065604112436],
      [0.037658642403, 0.0095057478865, 0.9335356298, 0.011756684482, 0.0075432954273],
      [0.023620209292, 0.10182199758, 0.42134273744, 0.23290749211, 0.22030756357]
    ],
    [
      [0.23364379791, 0.00077164787279, 0.69036571208, 0.072742874245, 0.0024759678925],
      [8.9556917221e-07, 0.33569938206, 0.017958396517, 0.64441532677, 0.001925999082],
      [0.0047850765767, 0.034956917481, 0.072431113141, 0.84701086105, 0.040816031755],
      [0.032488975538, 0.012573255934, 0.93214306822, 0.01660355355, 0.0061911467557],
      [0.018922810654, 0.12378528283, 0.39089806978, 0.30193265056, 0.16446118618]
    ],
    [
      [0.22368655312, 0.00062479555903, 0.7199052943, 0.052500026749, 0.003283330273],
      [1.1042167691e-06, 0.35966620058, 0.024252651084, 0.61273548662, 0.0033445574912],
      [0.0058039044919, 0.036512596306, 0.096222900546, 0.79161449895, 0.06984609971],
      [0.02985580814, 0.0098458422691, 0.94076969759, 0.011586849269, 0.0079418027331],
      [0.018610453039, 0.1043654421, 0.42148509589, 0.22687357398, 0.228665435]
    ],
    [
      [0.3005507695, 0.0011717500885, 0.62417673583, 0.067575376269, 0.0065253683095],
      [1.000652142e-06, 0.45396537468, 0.014177915243, 0.52740286993, 0.0044528395035],
      [0.005951483124, 0.051945974462, 0.063637729515, 0.7729426246, 0.1055221883],
      [0.044486970413, 0.020428234872, 0.90114565969, 0.016484419773, 0.017454715247],
      [0.018745305825, 0.14691671935, 0.27345439941, 0.21861345976, 0.34227011566]
    ],
    [
      [0.38336180228, 0.00052089745495, 0.55191466356, 0.059931144619, 0.0042714920868],
      [1.8720763423e-06, 0.29237269115, 0.018481597742, 0.68486483202, 0.0042790070033],
      [0.009045808565, 0.02743878638, 0.067390806145, 0.81396814111, 0.0821564578],
      [0.063617674881, 0.010211984737, 0.89686302471, 0.016454605374, 0.012852710298],
      [0.031974721823, 0.086864253405, 0.32485076847, 0.25893514759, 0.29737510872]
    ],
    [
      [0.18129913449, 0.0010448844491, 0.73402481809, 0.075309771249, 0.0083213917187],
      [5.8414711537e-07, 0.40093485752, 0.016039693017, 0.57745136824, 0.0055734970783],
      [0.0031624047247, 0.041385072556, 0.065561937152, 0.76936005037, 0.12053053519],
      [0.023403826191, 0.015882572981, 0.92529170196, 0.016012445943, 0.019409452928],
      [0.0097758084241, 0.11460186741, 0.27707375013, 0.21282254547, 0.38572602856]
    ],
    [
      [0.54533807731, 0.0037344904258, 0.4025432101, 0.040295196158, 0.0080890259981],
      [2.9942303259e-12, 0.94621177303, 1.4739334733e-05, 0.033225920222, 0.020547567406],
      [1.8363637924e-09, 0.012580015662, 1.4241771604e-05, 0.019683334704, 0.96772240603],
      [6.372702253e-11, 0.090576960417, 0.052018333242, 0.0074761323432, 0.84992857393],
      [6.7896269444e-32, 2.0648605067e-14, 1.2665603046e-27, 5.3924416984e-15, 1]
    ],
    [
      [0.43857082712, 0.0014535005022, 0.55314786, 0.0053912360158, 0.0014365763605],
      [6.1938687298e-07, 0.95462721861, 0.0075449942364, 0.037022659786, 0.00080450798499],
      [0.021404576121, 0.33785905168, 0.19480490731, 0.32889774202, 0.11703372287],
      [0.051384052763, 0.029746505836, 0.91290029329, 0.001549687072, 0.0044194610344],
      [0.030163324225, 0.39917643291, 0.3786706683, 0.032040790953, 0.15994878362]
    ],
    [
      [0.024897805251, 0.002174153756, 0.93964433755, 0.032726850567, 0.00055685287895],
      [6.4794532706e-08, 0.84494336527, 0.0075537987689, 0.14729526692, 0.00020750424314],
      [0.0011731442869, 0.17670956778, 0.10517185004, 0.70212684262, 0.014818595267],
      [0.0043692544819, 0.026794077543, 0.96223512422, 0.0055729386313, 0.0010286051271],
      [0.003051232078, 0.42221358554, 0.40895538202, 0.13531194413, 0.030467856227]
    ],
    [
      [0.24210365042, 0.0022375335451, 0.68703982318, 0.065309416759, 0.0033095760951],
      [4.1314918929e-07, 0.66850144072, 0.0085596497509, 0.32154986571, 0.0013886306657],
      [0.0038977592111, 0.099032364385, 0.060806545398, 0.78393708908, 0.052326241926],
      [0.02998293383, 0.035778708228, 0.91179282195, 0.014396364371, 0.0080491716164],
      [0.01306494017, 0.30916499934, 0.28057818751, 0.2168132318, 0.18037864118]
    ],
    [
      [0.018544201904, 0.011884253946, 0.87975181075, 0.088415678717, 0.0014040546818],
      [1.2175264258e-08, 0.92241117322, 0.0013950128188, 0.076095676314, 9.8125466588e-05],
      [0.00035198867782, 0.31900673908, 0.031143115468, 0.63832353015, 0.011174626622],
      [0.0037331529197, 0.13697565804, 0.84309126828, 0.013784977196, 0.0024149435635],
      [0.00077350411055, 0.75713123445, 0.10272843832, 0.11545097659, 0.023915846527]
    ],
    [
      [0.35538054036, 0.00031951939735, 0.6132260317, 0.0298260939, 0.0012478146461],
      [3.1171989466e-06, 0.3327614235, 0.036899001176, 0.62804738377, 0.0022890743606],
      [0.015540827414, 0.031803932951, 0.13881678736, 0.7685512289, 0.045287223371],
      [0.054823821936, 0.0058319606509, 0.92821909822, 0.0076294830243, 0.0034956361668],
      [0.044795035123, 0.081114396534, 0.54625414287, 0.19604847959, 0.13178794588]
    ],
    [
      [0.26341536025, 0.00064680881535, 0.67397150085, 0.059413836712, 0.0025524933721],
      [1.2378306238e-06, 0.33977091274, 0.021393054481, 0.63643071075, 0.0024040842045],
      [0.0065089321644, 0.03487938367, 0.084912882424, 0.82352712071, 0.050171681035],
      [0.037733219582, 0.010794695453, 0.93104190736, 0.013892782961, 0.0065373946412],
      [0.023306120016, 0.11206705168, 0.41467208645, 0.26659704248, 0.18335769938]
    ],
    [
      [0.32615359649, 0.00043213977244, 0.63608901898, 0.035813735933, 0.0015115088246],
      [2.2499510314e-06, 0.36189109257, 0.030207951415, 0.60570489855, 0.0021938075133],
      [0.011852070106, 0.036153384104, 0.12005075102, 0.78606505271, 0.045878742061],
      [0.048425454064, 0.0076251519857, 0.93100948733, 0.0088470105652, 0.0040928960518],
      [0.036688809618, 0.099138867097, 0.50762331109, 0.21256487402, 0.14398413817]
    ],
    [
      [0.31160484756, 0.00032224371047, 0.65864945731, 0.026580387613, 0.0028430638138],
      [2.9740947119e-06, 0.35584432853, 0.042767848112, 0.59583428371, 0.0055505655564],
      [0.01412427853, 0.03255753672, 0.15328882143, 0.69501190524, 0.10501745808],
      [0.045498466274, 0.0055239579427, 0.93510719424, 0.0063868273255, 0.0074835542176],
      [0.033489750914, 0.068656990119, 0.49602606308, 0.1468903901, 0.25493680579]
    ],
    [
      [0.1917906922, 0.0010059276423, 0.64783546477, 0.14247943668, 0.016888478706],
      [1.1268943609e-07, 0.32275929846, 0.0026038964709, 0.66906338948, 0.005573302903],
      [0.00050554093947, 0.020162934807, 0.0087475986016, 0.80991884459, 0.16066508106],
      [0.023190202018, 0.015099583158, 0.89155868163, 0.02963794208, 0.040513591111],
      [1.8646950263e-05, 0.0014621115184, 0.00038008916723, 0.0078048680551, 0.99033428431]
    ],
    [
      [0.19949274577, 0.00057889667215, 0.73605022138, 0.061661889357, 0.0022162468141],
      [8.6920306942e-07, 0.31100969553, 0.021794175497, 0.66514076412, 0.0020544956512],
      [0.0044564676783, 0.030124159547, 0.084350599129, 0.83919507303, 0.041873700616],
      [0.026176801368, 0.0089519994002, 0.94627735373, 0.013334441052, 0.0052594044464],
      [0.016995839687, 0.10143387137, 0.44035651474, 0.27896378808, 0.16224998611]
    ],
    [
      [0.79375088928, 2.4364183288e-06, 0.09222857356, 0.11400849116, 9.6095813083e-06],
      [8.8954996066e-07, 0.13846628586, 0.0035246958181, 0.85622936087, 0.0017787678994],
      [4.2509325442e-05, 1.6871298761e-08, 6.7071906801e-05, 0.99989040091, 9.8551624683e-10],
      [0.18997308378, 8.8796495987e-05, 0.72369555596, 0.086170962132, 7.1601630667e-05],
      [0.030344964858, 0.093707663343, 0.12014791079, 0.51304741753, 0.24275204348]
    ],
    [
      [0.47664709297, 0.00073953699557, 0.48564496291, 0.029118283921, 0.0078501231981],
      [8.1736105835e-09, 0.24384118575, 0.0064667036176, 0.29175957486, 0.4579325276],
      [2.1339564306e-06, 0.00099562146087, 0.0015784369346, 0.021205712052, 0.9762180956],
      [1.8969004337e-05, 0.0023590654149, 0.31840179523, 0.0025097873564, 0.67671038299],
      [1.5350058022e-07, 0.00013355134612, 0.00030869704947, 0.00030469068695, 0.99925290742]
    ],
    [
      [0.38266857095, 0.0005455028968, 0.58324890201, 0.031441083203, 0.0020959409471],
      [1.7597564325e-06, 0.51070955469, 0.01975311903, 0.46695117801, 0.0025843885114],
      [0.011542032916, 0.048784931792, 0.097440068824, 0.77342000473, 0.06881296174],
      [0.056192172456, 0.01030511768, 0.91917568413, 0.0082680500486, 0.0060589756879],
      [0.036094314964, 0.13335189088, 0.41923707579, 0.18935335518, 0.22196336318]
    ],
    [
      [0.22437893673, 0.00062567500059, 0.70424634875, 0.066465726833, 0.0042833126791],
      [9.4891200815e-07, 0.30842086228, 0.020430377045, 0.66739539418, 0.0037524175764],
      [0.0047142377651, 0.029741771447, 0.076618523401, 0.81483600481, 0.074089462574],
      [0.030221995055, 0.010001319737, 0.93438496479, 0.014879630915, 0.010512089505],
      [0.016557594592, 0.093130033476, 0.36763093121, 0.25628358035, 0.26639786037]
    ],
    [
      [0.38252033057, 0.00068452256187, 0.55313107517, 0.060296716825, 0.0033673548723],
      [1.7245159101e-06, 0.35082928795, 0.016998121105, 0.62908716531, 0.0030837011132],
      [0.009153565605, 0.036261679734, 0.068092791513, 0.82150210959, 0.064989853562],
      [0.063701123463, 0.013390656441, 0.89627694524, 0.016521790418, 0.010109484443],
