{
  "X": [
    [10, 2, 36, 59, 1],
    [7, 5, 23, 50, 5],
    [3, 1, 20, 18, 2],
    [14, 17, 104, 226, 5],
    [6, 4, 56, 44, 2],
    [18, 33, 303, 324, 19],
    [37, 48, 393, 529, 32],
    [127, 210, 1839, 2208, 122],
    [0, 5, 20, 24, 2],
    [2, 8, 39, 66, 2],
    [1, 3, 21, 40, 3],
    [2, 0, 6, 11, 0],
    [29, 52, 228, 562, 17],
    [6, 16, 70, 136, 6],
    [88, 103, 1012, 1127, 46],
    [28, 54, 516, 526, 22],
    [18, 39, 594, 469, 25],
    [12, 17, 230, 172, 10],
    [6, 16, 150, 112, 7],
    [13, 14, 129, 167, 7],
    [0, 1, 3, 7, 0],
    [9, 25, 166, 233, 14],
    [5, 2, 13, 21, 0],
    [4, 0, 3, 2, 0],
    [4, 3, 35, 86, 2],
    [26, 24, 134, 160, 14],
    [10, 28, 143, 174, 10],
    [26, 14, 122, 199, 13],
    [5, 8, 35, 122, 7],
    [2, 2, 20, 43, 4],
    [18, 31, 258, 343, 13],
    [22, 17, 159, 245, 17],
    [13, 8, 78, 152, 3],
    [3, 2, 21, 44, 1],
    [1, 0, 4, 17, 0],
    [3, 4, 12, 31, 2],
    [0, 0, 6, 4, 1],
    [8, 11, 53, 191, 5],
    [35, 53, 228, 437, 22],
    [5, 3, 19, 31, 3],
    [2, 3, 27, 44, 3],
    [52, 42, 248, 245, 15],
    [31, 15, 184, 167, 10],
    [26, 25, 174, 329, 9],
    [23, 28, 203, 311, 16],
    [25, 17, 158, 177, 13],
    [39, 57, 539, 589, 27],
    [41, 27, 246, 331, 29],
    [38, 51, 308, 434, 17],
    [22, 41, 311, 369, 20],
    [17, 24, 172, 174, 6],
    [24, 27, 360, 368, 13],
    [8, 9, 133, 85, 2],
    [42, 43, 544, 373, 13],
    [30, 54, 766, 445, 38],
    [4, 1, 13, 26, 1],
    [1, 1, 4, 4, 1],
    [41, 12, 161, 232, 9],
    [170, 138, 1076, 1619, 140],
    [151, 111, 662, 1040, 70]
  ],
  "W": [
    [21, 45, 38, 1, 3],
    [9, 44, 29, 4, 4],
    [1, 14, 24, 2, 3],
    [8, 217, 110, 23, 8],
    [6, 44, 56, 6, 0],
    [33, 285, 305, 54, 20],
    [42, 465, 416, 80, 36],
    [149, 2027, 1945, 269, 116],
    [3, 17, 22, 8, 1],
    [5, 52, 49, 7, 4],
    [6, 39, 20, 1, 2],
    [1, 13, 5, 0, 0],
    [51, 509, 236, 70, 22],
    [4, 133, 71, 19, 7],
    [149, 914, 1061, 168, 84],
    [55, 450, 524, 82, 35],
    [26, 422, 611, 62, 24],
    [13, 156, 229, 31, 12],
    [6, 94, 162, 23, 6],
    [26, 125, 142, 21, 16],
    [1, 5, 3, 2, 0],
    [17, 195, 185, 39, 11],
    [2, 18, 11, 5, 5],
    [1, 5, 3, 0, 0],
    [2, 85, 34, 6, 3],
    [22, 160, 130, 29, 17],
    [9, 156, 145, 35, 20],
    [22, 175, 137, 25, 15],
    [4, 112, 39, 14, 8],
    [4, 34, 26, 4, 3],
    [17, 310, 272, 51, 13],
    [20, 224, 174, 26, 16],
    [10, 131, 84, 19, 10],
    [3, 36, 25, 7, 0],
    [2, 13, 4, 2, 1],
    [2, 28, 9, 9, 4],
    [0, 4, 5, 1, 1],
    [13, 172, 52, 22, 9],
    [34, 409, 228, 59, 45],
    [9, 25, 18, 8, 1],
    [2, 35, 29, 10, 3],
    [42, 223, 268, 46, 23],
    [32, 138, 196, 26, 15],
    [67, 242, 187, 33, 34],
    [39, 246, 225, 38, 33],
    [19, 163, 159, 22, 27],
    [91, 454, 575, 78, 53],
    [28, 298, 264, 46, 38],
    [53, 360, 344, 65, 26],
    [26, 315, 328, 55, 39],
    [19, 143, 179, 35, 17],
    [28, 293, 403, 44, 24],
    [12, 73, 130, 15, 7],
    [31, 350, 574, 46, 14],
    [39, 392, 785, 71, 46],
    [3, 20, 15, 3, 4],
    [0, 5, 3, 2, 1],
    [70, 197, 155, 17, 16],
    [136, 1560, 1138, 151, 158],
    [114, 1004, 720, 104, 92]
  ],
  "method": "mvn_pdf",
  "cond_prob": [
    [
      [0.30930751297, 0.0034997489302, 0.032943018106, 0.65420415327, 4.556671811e-05],
      [0.048859121242, 0.024682731741, 0.032321778997, 0.87854552067, 0.015590847345],
      [0.0085927864142, 0.0093310064624, 0.88653605064, 0.094022380215, 0.0015177762687],
      [0.00049369872584, 0.19226851876, 0.15917292831, 0.64733460698, 0.00073024722878],
      [0.24989060167, 0.049763162197, 0.03468960238, 0.53873652465, 0.12692010911]
    ],
    [
      [0.35563408953, 0.0065795495398, 0.014141672213, 0.62342647304, 0.00021821568136],
      [0.053118679409, 0.045376422575, 0.013492960661, 0.81394166515, 0.074070272209],
      [0.018850189359, 0.034567830837, 0.75617179284, 0.17613921415, 0.014270972809],
      [0.00051592732768, 0.3534614196, 0.063452925553, 0.57929227451, 0.0032774530022],
      [0.17693295788, 0.059088639166, 0.0093696427868, 0.32235477102, 0.43225398915]
    ],
    [
      [0.49363785202, 0.0019271209673, 0.013635959796, 0.49069731295, 0.00010175426175],
      [0.078301927495, 0.01704010338, 0.016852564266, 0.84369586669, 0.044109538165],
      [0.021654931794, 0.010682498194, 0.81845165529, 0.14252635903, 0.006684555694],
      [0.00090185024428, 0.16252117361, 0.099048958777, 0.735164618, 0.002363399375],
      [0.31583292024, 0.023279731627, 0.012418460875, 0.34870196249, 0.29976692476]
    ],
    [
      [0.26887044823, 0.0056625068558, 0.030777752313, 0.69462662325, 6.2669347863e-05],
      [0.040570280586, 0.03734117303, 0.028337062902, 0.87363789491, 0.020113588576],
      [0.0086300851962, 0.016807695837, 0.85856832851, 0.1136376441, 0.0023562463598],
      [0.0003869667924, 0.26270645472, 0.12907721773, 0.60694472451, 0.000884636254],
      [0.20327500196, 0.074210527785, 0.030149914872, 0.5335414457, 0.15882310968]
    ],
    [
      [0.41491525907, 0.0047265983897, 0.049416206189, 0.530858156, 8.3780355325e-05],
      [0.069727529044, 0.037708405412, 0.054644584344, 0.80505997662, 0.032859504575],
      [0.0077331364502, 0.009012115719, 0.9266024267, 0.054651176607, 0.0020011445248],
      [0.00060179978391, 0.25426789489, 0.23241937144, 0.51140411331, 0.001306820573],
      [0.28643686911, 0.059096799596, 0.04583943944, 0.38518991188, 0.22343697997]
    ],
    [
      [0.20994776679, 0.0070819378808, 0.054361030609, 0.72846972063, 0.00013954408834],
      [0.029379818236, 0.04284147554, 0.04594776171, 0.84065819561, 0.041172748901],
      [0.0041545379854, 0.012789545026, 0.90715589917, 0.072700580029, 0.0031994377876],
      [0.00025644571958, 0.27365553478, 0.19080172628, 0.53363403911, 0.0016522541148],
      [0.13035001506, 0.075954177387, 0.043647884261, 0.45873648103, 0.29131144226]
    ],
    [
      [0.25456357014, 0.0060075040532, 0.037047272573, 0.70224615667, 0.00013549656129],
      [0.037406151004, 0.03808969261, 0.032838248433, 0.84978428881, 0.041881619141],
      [0.0071619793875, 0.015389911985, 0.87346510591, 0.099572564471, 0.0044104382451],
      [0.00035479560641, 0.26355742645, 0.14796001194, 0.58629992429, 0.0018278417189],
      [0.16215990511, 0.065991300825, 0.030497873913, 0.45353175503, 0.28781916512]
    ],
    [
      [0.23207414437, 0.0071538293559, 0.041682502522, 0.71895618184, 0.00013334191943],
      [0.033331720763, 0.04411928332, 0.035957935463, 0.84651979725, 0.040071263206],
      [0.0059319692138, 0.016548486542, 0.88135538906, 0.09223937681, 0.003924778372],
      [0.00030069171617, 0.28905721452, 0.15375543346, 0.55522270075, 0.0016639595575],
      [0.14714748653, 0.078022609209, 0.034100502536, 0.46158221145, 0.27914719027]
    ],
    [
      [0.084104341126, 0.011454729152, 0.033812440354, 0.87038458509, 0.00024390428027],
      [0.0099599994104, 0.059110028818, 0.023991347148, 0.8427311003, 0.064207524319],
      [0.0021728868403, 0.027263845377, 0.85493674766, 0.10841276954, 0.0072137505832],
      [8.3158039118e-05, 0.39899599482, 0.096589386554, 0.502025963, 0.0023054975909],
      [0.030987610223, 0.078272890245, 0.016913177566, 0.33572427508, 0.53810204689]
    ],
    [
      [0.14210734679, 0.0098165289749, 0.017934275243, 0.83007269315, 6.9155841829e-05],
      [0.018226140632, 0.055773597502, 0.014116877443, 0.89285967692, 0.019023707508],
      [0.006508286717, 0.042224288295, 0.75483209776, 0.19271369661, 0.0037216306129],
      [0.00015857214685, 0.37733822428, 0.058667131192, 0.56307535548, 0.00076071690964],
      [0.099879529135, 0.12188227111, 0.016376307326, 0.59149146454, 0.17037042789]
    ],
    [
      [0.13128184144, 0.0083067969967, 0.060923740459, 0.79931365295, 0.00017396815083],
      [0.016494451839, 0.046557279139, 0.046910020319, 0.84217003568, 0.047868213027],
      [0.001911752583, 0.01144146389, 0.92498123195, 0.058679824261, 0.0029857273203],
      [0.00013529789247, 0.31006721806, 0.18976408333, 0.49826224277, 0.0017711579458],
      [0.069498196016, 0.079740896073, 0.042423320587, 0.43374479854, 0.37459278878]
    ],
    [
      [0.64913961422, 0.00060763610627, 0.035713341835, 0.31453148045, 7.9273876494e-06],
      [0.10650820174, 0.0076341857419, 0.065285495562, 0.81592077542, 0.0046513415417],
      [0.0042201486679, 0.00074330787964, 0.97483380757, 0.020085190791, 0.0001175450864],
      [0.00095154381703, 0.045480259497, 0.38257483785, 0.57076563396, 0.0002277248752],
      [0.58271861941, 0.010270958496, 0.049514673979, 0.34398732607, 0.013508422044]
    ],
    [
      [0.20882468235, 0.0075049788758, 0.033868431308, 0.74971765046, 8.4257008344e-05],
      [0.029493352683, 0.045696212879, 0.028822789333, 0.87099576304, 0.024991882062],
      [0.0062868875006, 0.020550704799, 0.85663336171, 0.11359771215, 0.0029313338456],
      [0.00026681153364, 0.30185185784, 0.12386374969, 0.57297686553, 0.0010407154082],
      [0.14690380414, 0.091037311784, 0.030771153919, 0.53435559358, 0.19693213657]
    ],
    [
      [0.21165586649, 0.0090031769029, 0.040570651008, 0.73867089758, 9.940802268e-05],
      [0.029187579371, 0.054594461361, 0.034273913297, 0.85259290167, 0.0293511443],
      [0.0051628794523, 0.02044136843, 0.8795016274, 0.092043092125, 0.002851032591],
      [0.00024449309564, 0.3412871072, 0.13758998423, 0.51974762589, 0.0011307895842],
      [0.1397389589, 0.10374515931, 0.034812563836, 0.4965824943, 0.22512082364]
    ],
    [
      [0.24054009176, 0.0062464612469, 0.042263273968, 0.71085810838, 9.2064643258e-05],
      [0.035430864711, 0.039549131068, 0.037424152906, 0.85919483962, 0.028401011695],
      [0.0060815612377, 0.014312681401, 0.8866416006, 0.090281140854, 0.0026830159034],
      [0.00032462302166, 0.263472024, 0.16262009237, 0.57238539052, 0.0011978700885],
      [0.16858461176, 0.075340890953, 0.038225419044, 0.50451335173, 0.21333572652]
    ],
    [
      [0.20028885647, 0.0073903553627, 0.054153646205, 0.7380689249, 9.8217064302e-05],
      [0.028134506758, 0.044725526732, 0.045813100725, 0.85236383437, 0.028963031411],
      [0.0040108795603, 0.013449521482, 0.90592311776, 0.07434502631, 0.0022714548846],
      [0.00024147767515, 0.27997114018, 0.1867320006, 0.53191139425, 0.0011439872923],
      [0.13608400811, 0.086548759137, 0.047512633315, 0.50801019231, 0.22184440713]
    ],
    [
      [0.18967795889, 0.0062694319418, 0.057435555084, 0.74648713318, 0.00012992091385],
      [0.02626794185, 0.037430654778, 0.047936972009, 0.85054368478, 0.037820746578],
      [0.0036026888954, 0.010829048871, 0.91136374091, 0.071352735542, 0.0028517857778],
      [0.00023432133628, 0.24350091652, 0.20307258475, 0.5516404482, 0.0015517291927],
      [0.12141595632, 0.069195852596, 0.047497801677, 0.48426784839, 0.27762254102]
    ],
    [
      [0.25079929383, 0.0061366131959, 0.063368732498, 0.67957525241, 0.00012010806849],
      [0.036783711656, 0.039288368716, 0.056641569855, 0.82976826292, 0.037518086854],
      [0.0042657567237, 0.0096373464454, 0.92488682117, 0.058820238561, 0.0023898371039],
      [0.0003155003899, 0.24811978804, 0.23198501336, 0.51810012634, 0.0014795718647],
      [0.16285633079, 0.069127916518, 0.053376612847, 0.44877866215, 0.2658604777]
    ],
    [
      [0.22494698791, 0.0083146776578, 0.042331631725, 0.72425936139, 0.00014734131975],
      [0.031005978332, 0.050564007477, 0.035876559955, 0.83875150894, 0.043801945294],
      [0.0053752693334, 0.018554603678, 0.883209526, 0.088703911561, 0.0041566894259],
      [0.00026693795639, 0.32441885192, 0.14775859389, 0.52582650342, 0.0017291128137],
      [0.13355206825, 0.086326670587, 0.032773650754, 0.4391321672, 0.30821544321]
    ],
    [
      [0.21869256808, 0.0058565413445, 0.031961004699, 0.74340537121, 8.4514667445e-05],
      [0.031184558934, 0.036335420058, 0.027675831217, 0.879264956, 0.025539233795],
      [0.0067917955092, 0.016754687487, 0.85645963852, 0.11693528344, 0.0030585950439],
      [0.00029933430324, 0.25783308751, 0.12675728141, 0.61398206769, 0.0011282290838],
      [0.15604877795, 0.072432376432, 0.02951667825, 0.53802342803, 0.20397873934]
    ],
    [
      [0.015393926315, 0.0050737228645, 0.022500216318, 0.95702805176, 4.0827412604e-06],
      [0.0038978754161, 0.027020156908, 0.01624187342, 0.95226800192, 0.00057209233689],
      [0.00060336624448, 0.0088797923669, 0.91816801135, 0.072273942241, 7.4887798004e-05],
      [4.3466700013e-05, 0.2699857949, 0.08245052173, 0.64747433634, 4.5880335112e-05],
      [0.101693819, 0.067922971415, 0.025473097017, 0.57208472324, 0.23282538933]
    ],
    [
      [0.18315981564, 0.0072931187441, 0.030998013356, 0.77838531505, 0.00016373721129],
      [0.024517976742, 0.042339449578, 0.025128497311, 0.86159306198, 0.046421014392],
      [0.0058364218425, 0.02129181294, 0.8415263591, 0.12528390692, 0.0060614991919],
      [0.00023131887934, 0.29375196095, 0.11284201987, 0.59116431072, 0.0020103895742],
      [0.10779924718, 0.074345544832, 0.023632928889, 0.46518416523, 0.32903811386]
    ],
    [
      [0.56757809807, 0.0025309915648, 0.036322085383, 0.39354940424, 1.9420735102e-05],
      [0.11220852559, 0.026706607045, 0.053300530459, 0.79821057756, 0.009573759346],
      [0.010105169267, 0.005371519164, 0.93980604866, 0.044226108118, 0.00049115479355],
      [0.001022178865, 0.19768493373, 0.25678257325, 0.54409087629, 0.00041943786677],
      [0.49381770557, 0.040614228461, 0.043165079847, 0.36623627333, 0.056166712791]
    ],
    [
      [0.9999983024, 1.7467751612e-09, 1.1660329476e-07, 1.5792335047e-06, 1.5249697533e-11],
      [0.99134229382, 2.6542893816e-05, 0.00033290425614, 0.0082904143623, 7.844670189e-06],
      [0.65137185821, 0.00010322572313, 0.34274541841, 0.0057698798181, 9.6178392412e-06],
      [0.36799536575, 0.00023523545523, 0.17158953064, 0.46012485708, 5.5011073006e-05],
      [0.80157203876, 0.016684218109, 0.0095883306356, 0.053446806486, 0.11870860601]
    ],
    [
      [0.21806945098, 0.0035972235037, 0.040977054489, 0.7372949317, 6.133933055e-05],
      [0.03095378149, 0.022779129377, 0.03619176973, 0.89115897755, 0.018916341855],
      [0.0049976034482, 0.007837299463, 0.89790417733, 0.087579673241, 0.0016812465157],
      [0.00031047777255, 0.17079576147, 0.17632534322, 0.65169265815, 0.00087575938687],
      [0.16825036226, 0.048410882384, 0.041110349621, 0.5792471131, 0.16298129263]
    ],
    [
      [0.4296848579, 0.0078788440113, 0.046201272237, 0.5160968044, 0.00013822145704],
      [0.07563318792, 0.061000214201, 0.049887017524, 0.76131409181, 0.052165488542],
      [0.009687063524, 0.016549253068, 0.91036392345, 0.059727024322, 0.0036727356365],
      [0.00060490433491, 0.36223194084, 0.19119640233, 0.44404663716, 0.0019201153364],
      [0.26413117573, 0.084414566478, 0.036960811056, 0.32373335164, 0.2907600951]
    ],
    [
      [0.21878855784, 0.010755065453, 0.049005985534, 0.72134689907, 0.00010349210658],
      [0.030394505601, 0.065156425071, 0.041412291273, 0.83252136739, 0.030515410665],
      [0.004631174418, 0.020980657504, 0.89432952581, 0.07750319857, 0.0025554437009],
      [0.0002361918934, 0.37448103696, 0.15361915836, 0.47057252335, 0.0010910894375],
      [0.14102349638, 0.12037416958, 0.040930890899, 0.47224147945, 0.22542996369]
    ],
    [
      [0.4001104311, 0.0039329440589, 0.021805147948, 0.57403325825, 0.00011821864239],
      [0.06945527063, 0.029925973613, 0.023175340841, 0.83354549736, 0.043897917556],
      [0.017546119322, 0.01602633538, 0.83141961335, 0.12890975841, 0.0060981735426],
      [0.00073714912186, 0.23432432186, 0.11752013854, 0.64527358618, 0.0021448042995],
      [0.2695395341, 0.045984249871, 0.019085276711, 0.39397724275, 0.27141369657]
    ],
    [
      [0.1963923589, 0.005003880728, 0.022399172705, 0.77608048714, 0.00012410052072],
      [0.026820862269, 0.030034588183, 0.018753409296, 0.88801319998, 0.036377940268],
      [0.0078130308077, 0.018568098889, 0.81013336857, 0.15767593085, 0.0058095708835],
      [0.00027879475329, 0.23250414598, 0.093389543562, 0.67209120033, 0.0017363153745],
      [0.12802212263, 0.056802749073, 0.018974488885, 0.5148518885, 0.28134875091]
    ],
    [
      [0.1722181636, 0.0033587943145, 0.013282937526, 0.81089978534, 0.00024031922649],
      [0.02177519078, 0.019105951647, 0.010530902709, 0.88026765164, 0.068320303227],
      [0.0093839359687, 0.017760684856, 0.72854758262, 0.22851306216, 0.015794734393],
      [0.00025831343756, 0.17478658242, 0.060118755138, 0.7611903633, 0.0036459857009],
      [0.081724264928, 0.028263035184, 0.0083444842554, 0.39673219789, 0.48493601774]
    ],
    [
      [0.23176296828, 0.0062028006555, 0.038833359284, 0.72310474861, 9.6123162099e-05],
      [0.033513968706, 0.038856781678, 0.033992368426, 0.86428676465, 0.029350116545],
      [0.0061933809718, 0.015163867506, 0.87797199845, 0.097687777927, 0.002982975147],
      [0.00031127419161, 0.26417695624, 0.15021109201, 0.58404608464, 0.0012545929146],
      [0.16041190137, 0.074171282283, 0.034768198237, 0.50778824047, 0.22286037764]
    ],
    [
      [0.30753993392, 0.0047964891024, 0.029006428485, 0.6585079886, 0.00014915988823],
      [0.047439455075, 0.032227064657, 0.027225371204, 0.84419224307, 0.048915865998],
      [0.010541559749, 0.015151375026, 0.8535726301, 0.11476182561, 0.0059726095162],
      [0.00048191328237, 0.24072593575, 0.1318843917, 0.62462246633, 0.0022852929409],
      [0.1916929257, 0.051792804896, 0.023446065326, 0.41740482725, 0.31566337683]
    ],
    [
      [0.30219530631, 0.0035927522467, 0.026504139575, 0.6676562452, 5.155666476e-05],
      [0.047612399757, 0.024927461172, 0.025684386466, 0.88437604571, 0.017399706897],
      [0.010922082358, 0.012143166796, 0.85073149341, 0.12400221554, 0.0022010418954],
      [0.00049921919734, 0.19319196368, 0.12907672262, 0.67638936031, 0.00084273419134],
      [0.24155866839, 0.049810566784, 0.027481188672, 0.54266597604, 0.13848360011]
    ],
    [
      [0.27988683984, 0.0027051365382, 0.016028622815, 0.70132392749, 5.5473319461e-05],
      [0.03984233736, 0.018311260343, 0.015124425684, 0.90834229521, 0.018379681403],
      [0.012919313339, 0.012899904013, 0.79201455259, 0.17887382816, 0.0032924019039],
      [0.00045010000776, 0.15889857659, 0.083610082936, 0.75607642924, 0.00096481122429],
      [0.21729527568, 0.037451631636, 0.016600385887, 0.56736689427, 0.16128581253]
    ],
    [
      [0.15523948303, 0.0013398779715, 0.018073187845, 0.82532846825, 1.8982897794e-05],
      [0.019673784897, 0.0078336648408, 0.015054519604, 0.95223036499, 0.0052076656691],
      [0.004221694188, 0.0038563531218, 0.87219139191, 0.11908404275, 0.00064651802848],
      [0.00023868347212, 0.067514479346, 0.093639016632, 0.83830013728, 0.00030768326506],
      [0.14584905143, 0.020836012401, 0.02162272041, 0.76337193688, 0.048320278879]
    ],
    [
      [0.30385464391, 0.0055307021931, 0.051470730757, 0.63905878065, 8.5142483798e-05],
      [0.043526033714, 0.038246283991, 0.049330412578, 0.84039342754, 0.028503842175],
      [0.0045436284039, 0.0087106802824, 0.93155326923, 0.053553296815, 0.0016391252722],
      [0.00037118294394, 0.2573792007, 0.21402658026, 0.52709888564, 0.0011241504577],
      [0.20747144331, 0.068416864906, 0.047026324528, 0.45613204659, 0.22095332067]
    ],
    [
      [0.012504326466, 0.0014782228247, 0.127689704, 0.85814215438, 0.00018559232615],
      [0.0044741252607, 0.006992693104, 0.088571830198, 0.85034426323, 0.04961708821],
      [0.00012664577719, 0.0004375154509, 0.98745558857, 0.011377818178, 0.00060243202649],
      [4.3102715235e-05, 0.030389488661, 0.47960087336, 0.48827863347, 0.001687901794],
      [0.003208562037, 0.0041930866446, 0.031530454115, 0.1602873164, 0.8007805808]
    ],
    [
      [0.18787638234, 0.0048297230272, 0.032021999015, 0.7752005525, 7.1343116167e-05],
      [0.026188245767, 0.029278577109, 0.027104556549, 0.89636172891, 0.021066891661],
      [0.0057231963009, 0.013545482665, 0.85860490371, 0.1195939885, 0.0025324288216],
      [0.00026225006255, 0.21601234782, 0.12979516295, 0.65295897739, 0.00097126177822],
      [0.14030676873, 0.062414627298, 0.030928513235, 0.58686313978, 0.17948695095]
    ],
    [
      [0.26481726726, 0.0090097519788, 0.041236776983, 0.68484261061, 9.3593166386e-05],
      [0.039257985573, 0.057718730451, 0.036911525461, 0.83691595734, 0.029195801173],
      [0.0067137602463, 0.020831129609, 0.88212137182, 0.087586056536, 0.002747681791],
      [0.00032487675345, 0.3495429982, 0.14525764869, 0.50376203508, 0.0011124412791],
      [0.17902073362, 0.10515987814, 0.036028841392, 0.46937861887, 0.21041192798]
    ],
    [
      [0.35535240754, 0.004220437463, 0.03794377975, 0.60216633951, 0.0003170357336],
      [0.050896040974, 0.028578885965, 0.035622910502, 0.774466983, 0.11043517956],
      [0.0076244194659, 0.0093351807662, 0.90355158765, 0.070779898904, 0.0087089132119],
      [0.00051999991268, 0.23019379928, 0.18217812978, 0.58214402641, 0.0049640446095],
      [0.12434005439, 0.027063344146, 0.018166101933, 0.22467450849, 0.60575599104]
    ],
    [
      [0.19518507432, 0.0037593265827, 0.028736894613, 0.77217623175, 0.00014247273513],
      [0.025669774835, 0.022585983192, 0.024048999291, 0.88544432147, 0.04225092121],
      [0.0057980487244, 0.010962286446, 0.85709835079, 0.12096866684, 0.0051726472025],
      [0.00027382397614, 0.18286693152, 0.12503925042, 0.68976947943, 0.0020505146438],
      [0.11747924895, 0.040062358424, 0.022848467573, 0.4793763937, 0.34023353135]
    ],
    [
      [0.53063835755, 0.0074137642378, 0.025868895927, 0.43599500625, 8.3976033527e-05],
      [0.1100027137, 0.067162121678, 0.032715252629, 0.75307486516, 0.037045046839],
      [0.020684062544, 0.026710504969, 0.86200399787, 0.086766526296, 0.0038349083202],
      [0.00091424846493, 0.41175545637, 0.12966805498, 0.45624344154, 0.0014187986375],
      [0.37391780182, 0.090664509047, 0.023659310149, 0.31276292702, 0.19899545196]
    ],
    [
      [0.44964630761, 0.0042379624294, 0.031243466718, 0.51477770886, 9.4554382201e-05],
      [0.084221763268, 0.034833267371, 0.035854732874, 0.80718694528, 0.037903291208],
      [0.014668535342, 0.012863807587, 0.88274705791, 0.08608853682, 0.0036320623408],
      [0.00082553649677, 0.25228843851, 0.16805888304, 0.57711614859, 0.0017109933659],
      [0.31882090154, 0.052192460229, 0.028785902193, 0.37190670694, 0.22829402909]
    ],
    [
      [0.20230655373, 0.0062319987777, 0.032240482739, 0.75915657622, 6.438853865e-05],
      [0.028693834537, 0.038148871892, 0.027571395219, 0.88639994611, 0.01918595224],
      [0.0063284706838, 0.017770877403, 0.85405014906, 0.11952123298, 0.0023292698793],
      [0.00027160715486, 0.26474063174, 0.12413273066, 0.61001867029, 0.00083636015888],
      [0.15161920999, 0.08062573382, 0.031200205505, 0.57612586812, 0.16042898256]
    ],
    [
      [0.22319081288, 0.0064544021918, 0.029898675366, 0.7403570099, 9.909967078e-05],
      [0.031890731198, 0.039879581139, 0.025808729717, 0.87259132469, 0.029829633256],
      [0.0074461721823, 0.019668026147, 0.84447549223, 0.12457950485, 0.0038308045971],
      [0.00030328963934, 0.27809708944, 0.11673611245, 0.60355793574, 0.0013055727327],
      [0.15338827031, 0.076618065434, 0.026557247469, 0.51570048078, 0.22773593601]
    ],
    [
      [0.37111172312, 0.0056282851624, 0.044618475854, 0.57854149444, 0.00010002142281],
      [0.062573742546, 0.041521266649, 0.045951070438, 0.81402682634, 0.035927094027],
      [0.0087048145506, 0.012230370354, 0.90701389038, 0.069300622566, 0.0027503021522],
      [0.00055775346323, 0.27338280189, 0.19590294093, 0.52868115861, 0.001475345114],
      [0.25544321582, 0.067245571487, 0.039843741212, 0.40512951523, 0.23233795626]
    ],
    [
      [0.20224693649, 0.0071713363033, 0.041349133752, 0.7491333942, 9.9199254823e-05],
      [0.028399818025, 0.043346368019, 0.034940060292, 0.86409942517, 0.029214328495],
      [0.0051574043177, 0.016604082905, 0.87930407098, 0.096015504489, 0.0029189373035],
      [0.000255444648, 0.28428887245, 0.14917200164, 0.56507435149, 0.0012093297795],
      [0.13784555721, 0.084216848961, 0.036381637466, 0.51709586149, 0.22446009487]
    ],
    [
      [0.37997164881, 0.0045603543556, 0.029637415607, 0.58568108156, 0.0001494996635],
      [0.064110211894, 0.033400653092, 0.03033933072, 0.81875928894, 0.053390515355],
      [0.013057126318, 0.014378800537, 0.86448975386, 0.1020935037, 0.0059808155833],
      [0.00064863217801, 0.24744321838, 0.14615523135, 0.60326664895, 0.0024862691383],
      [0.23835668924, 0.049445642088, 0.024075454931, 0.37321693676, 0.31490527698]
    ],
    [
      [0.27431985844, 0.0078533842649, 0.028529214646, 0.68920722929, 9.0313365851e-05],
      [0.041192768634, 0.050972926992, 0.025875291306, 0.85340301028, 0.028556002787],
      [0.0096039287051, 0.025085833145, 0.83989168136, 0.12175512685, 0.0036634299369],
      [0.00036827444099, 0.33347398455, 0.10992393906, 0.55505848019, 0.0011753217542],
      [0.18962048818, 0.093724084782, 0.025493361349, 0.48308738358, 0.20807468211]
    ],
    [
      [0.21693580099, 0.0076556279513, 0.041782430403, 0.73352279686, 0.00010334378949],
      [0.030712997217, 0.046826704564, 0.035711428519, 0.85595616893, 0.030792700771],
      [0.0054374684464, 0.017496980005, 0.8813815846, 0.092685442901, 0.0029985240504],
      [0.00027023554806, 0.30142871066, 0.14936729024, 0.54768685122, 0.001246912332],
      [0.14548240479, 0.088621866679, 0.036207811193, 0.49857651261, 0.23111140473]
    ],
    [
      [0.28859247026, 0.0078446366553, 0.042238014322, 0.6612556061, 6.9272659035e-05],
      [0.044079911262, 0.052382850361, 0.039357474936, 0.84168187283, 0.022497890609],
      [0.0070601497836, 0.017751816208, 0.89076940253, 0.082434676861, 0.0019839546169],
      [0.00037058745277, 0.32547051225, 0.158012071, 0.51527497379, 0.00087185550652],
      [0.20847526716, 0.09835234348, 0.039549835732, 0.48541878575, 0.16820376787]
    ],
    [
      [0.23474893404, 0.0050108348946, 0.030982101613, 0.72917708304, 8.1046414326e-05],
      [0.034382198849, 0.031736784895, 0.027428348437, 0.88144130539, 0.025011362424],
      [0.0076886148124, 0.014987195362, 0.85369675069, 0.12055008763, 0.0030773515052],
      [0.00034207991422, 0.23083077928, 0.12969885063, 0.63798260101, 0.0011456891636],
      [0.17126745183, 0.063075426087, 0.029210872657, 0.53924425486, 0.19720199456]
    ],
    [
      [0.25827507332, 0.0064641090466, 0.073629147593, 0.66157466803, 5.700200926e-05],
      [0.038553887235, 0.04272211296, 0.067780799173, 0.83265001364, 0.018293186992],
      [0.0037088399803, 0.0087245800096, 0.9377172315, 0.048879557242, 0.00096979126394],
      [0.00030763380563, 0.25496689209, 0.26016447566, 0.48388718354, 0.00067381491078],
      [0.19357165758, 0.084605324851, 0.071707593837, 0.50473811347, 0.14537731027]
    ],
    [
      [0.37552533338, 0.0068627221443, 0.043293024424, 0.5742436524, 7.5267648388e-05],
      [0.064196609041, 0.050912032179, 0.044875003294, 0.81281519741, 0.027201158073],
      [0.0092818818293, 0.015544881874, 0.90105540343, 0.071952637008, 0.0021651958581],
      [0.00054405435588, 0.31600655385, 0.18089588771, 0.50149147583, 0.0010620282595],
      [0.27125174459, 0.085698023014, 0.040479175572, 0.42122067998, 0.18135037685]
    ],
    [
      [0.23289098537, 0.0079125594566, 0.063334539295, 0.69568765696, 0.00017425892121],
      [0.033043559255, 0.048420371357, 0.054175448399, 0.81236902434, 0.051991596645],
      [0.0040494528527, 0.012516853122, 0.91901207497, 0.06091859582, 0.0035030232338],
      [0.00027443773449, 0.29343726432, 0.21366473176, 0.49063750733, 0.00198605886],
      [0.13396920167, 0.078512082966, 0.047082748867, 0.40570468403, 0.33473128247]
    ],
    [
      [0.38987270042, 0.0020676815091, 0.015223210732, 0.5927932927, 4.3114635653e-05],
      [0.061449709865, 0.016083745506, 0.016573345306, 0.88973149601, 0.016161703313],
      [0.016756607954, 0.0097414340921, 0.82387726161, 0.14716547511, 0.0024592212393],
      [0.00070568865863, 0.14557720396, 0.095281156405, 0.75756299108, 0.00087295990007],
      [0.31933918113, 0.030264309212, 0.016687318216, 0.50695443762, 0.12675475382]
    ],
    [
      [0.86064985658, 0.0011690136974, 0.016834407611, 0.12128714537, 5.9576743211e-05],
      [0.086541842517, 0.034131742607, 0.067780162199, 0.74486903321, 0.066677219464],
      [0.0022531373593, 0.0024568117667, 0.98134848503, 0.012978316246, 0.00096324959741],
      [0.00055629576155, 0.26722525161, 0.33074808472, 0.39944286398, 0.0020275039226],
      [0.26872790293, 0.022128006456, 0.024976973333, 0.14756547051, 0.53660164677]
    ],
    [
      [0.35053284887, 0.0043417691159, 0.05059643394, 0.59445055371, 7.8394360376e-05],
      [0.059085625048, 0.031762604142, 0.051694948459, 0.82950598295, 0.027950839405],
      [0.0074129591366, 0.0084316154356, 0.91855681968, 0.063668804691, 0.0019298010558],
      [0.00054396074471, 0.21506844928, 0.22735890122, 0.55584393373, 0.0011847550181],
      [0.25814081425, 0.055319352471, 0.048221033538, 0.44433380476, 0.19398499498]
    ],
    [
      [0.33284223463, 0.0060593204709, 0.034651067698, 0.62627997372, 0.00016740348878],
      [0.052909041124, 0.041396525461, 0.033111509071, 0.81685202741, 0.055730896939],
      [0.010100123694, 0.016659154143, 0.87190545737, 0.095480249438, 0.0058550153522],
      [0.00050151791098, 0.28519518546, 0.14882914441, 0.56304245376, 0.0024316984632],
      [0.19936194011, 0.062454776879, 0.0267881151, 0.37995163439, 0.33144353351]
    ],
    [
      [0.42588678018, 0.0066353329796, 0.026619133602, 0.54074695491, 0.00011179832992],
      [0.076715065179, 0.051471826941, 0.028874783226, 0.8006855542, 0.042252770456],
      [0.016353626356, 0.023139899319, 0.85102633431, 0.10452244341, 0.0049576966086],
      [0.00069933435327, 0.34169931348, 0.12489756235, 0.53093035232, 0.001773437492],
      [0.28531549069, 0.076572983092, 0.023031432372, 0.36713894792, 0.24794114592]
    ]
  ],
  "expected_outcome": [
    [
      [6.4954577724, 3.2007068057, 0.49363785202, 2.1509635859, 2.4894915544, 6.928276304, 10.6916699459, 34.5790475108, 0.25231302338, 0.71053673393, 0.78769104864, 0.64913961422, 10.6500587999, 0.84662346596, 35.8404736727, 11.015887106, 4.931626931, 3.2603908198, 1.3496819274, 5.6860067701, 0.015393926315, 3.1137168659, 1.1351561961, 0.9999983024, 0.43613890196, 9.4530668737, 1.9690970205, 8.8024294841, 0.78556943561, 0.68887265439, 3.9399704608, 6.1507986784, 3.0219530631, 0.83966051952, 0.31047896606, 0.60770928782, 0, 2.4423929704, 9.0037870869, 3.1981716679, 0.39037014864, 22.2868110172, 14.3886818434, 13.5545390996, 8.7044417022, 7.0511227393, 18.4044712204, 10.6392061668, 14.5389524972, 5.6403308258, 5.483256935, 6.5729701531, 3.0993008799, 11.6412853348, 9.0827484294, 1.1696181013, 0, 24.5372994211, 45.2665439093, 48.5510929401],
      [0.073494727534, 0.059215945858, 0.0019271209673, 0.045300054847, 0.028359590338, 0.23370395007, 0.25231517023, 1.065920574, 0.034364187457, 0.049082644874, 0.04984078198, 0.00060763610627, 0.38275392267, 0.036012707612, 0.93072272579, 0.40646954495, 0.16300523049, 0.079775971547, 0.049888065947, 0.15227007496, 0.0050737228645, 0.12398301865, 0.0050619831296, 1.7467751612e-09, 0.0071944470073, 0.17333456825, 0.09679558908, 0.086524769295, 0.020015522912, 0.013435177258, 0.10544761114, 0.095929782048, 0.035927522467, 0.0081154096146, 0.002679755943, 0.011061404386, 0, 0.062786399353, 0.30633156728, 0.037983937167, 0.0075186531654, 0.31137809799, 0.13561479774, 0.41754391811, 0.25172168548, 0.10693741809, 0.6525916036, 0.12768992196, 0.41622936604, 0.19904632673, 0.14904809645, 0.14030337705, 0.077569308559, 0.21274438647, 0.30858981881, 0.0062030445274, 0, 0.30392383811, 0.82406758404, 0.75642795967],
      [0.69180338023, 0.12727504991, 0.013635959796, 0.24622201851, 0.29649723713, 1.7939140101, 1.5559854481, 6.2106928757, 0.10143732106, 0.089671376214, 0.36554244276, 0.035713341835, 1.7272899967, 0.16228260403, 6.2972278212, 2.9784505413, 1.4933244322, 0.82379352247, 0.25398979035, 0.83098612217, 0.022500216318, 0.52696622704, 0.072644170766, 1.1660329476e-07, 0.081954108979, 1.0164279892, 0.44105386981, 0.47971325485, 0.089596690822, 0.053131750104, 0.66016710784, 0.5801285697, 0.26504139575, 0.048085868445, 0.03614637569, 0.10294146151, 0, 0.4162859872, 1.4020504174, 0.34149401775, 0.057473789226, 1.0864936289, 0.99979093499, 2.1601123435, 1.1660483393, 0.84775104123, 3.7627711714, 0.829847637, 1.5120483762, 1.0863431905, 0.80252227213, 0.86749884516, 0.88354977112, 1.3420837572, 2.4700470325, 0.045669632195, 0, 3.5417503758, 4.7125452069, 3.0345812306],
      [13.7382872187, 5.6108382574, 0.49069731295, 5.557012986, 3.185148936, 24.0395007809, 29.4943385802, 107.1244710935, 2.6111537553, 4.1503634658, 4.7958819177, 0.31453148045, 38.2356001732, 2.9546835903, 105.9178581485, 40.5937908693, 19.4086654626, 8.8344782813, 4.3455561684, 19.3285396514, 0.95702805176, 13.2325503558, 0.78709880849, 1.5792335047e-06, 1.4745898634, 11.3541296968, 6.4921220916, 12.6287316816, 3.1043219486, 3.2435991413, 12.2927807264, 13.170159772, 6.676562452, 2.1039717825, 1.6506569365, 1.2781175613, 0, 10.0776071825, 23.2846487608, 5.4194970556, 1.5443524635, 18.3117902625, 16.4728866836, 50.8634906067, 28.8739233859, 10.9922883943, 68.1711388724, 16.3990702837, 36.5279831521, 19.0715927184, 12.5638565159, 20.4169583251, 7.9388960163, 17.8015532245, 27.1318186214, 1.7783798781, 0, 41.6115387598, 85.1740764254, 61.6451528599],
      [0.00095690108031, 0.0019639411322, 0.00010175426175, 0.00050135478291, 0.00050268213195, 0.0046049549152, 0.0056908555744, 0.019867945995, 0.00073171284082, 0.00034577920915, 0.001043808905, 7.9273876494e-06, 0.0042971074255, 0.00039763209072, 0.013717631845, 0.0054019385366, 0.00337794376, 0.0015614048904, 0.00088404791851, 0.0021973813536, 4.0827412604e-06, 0.0027835325919, 3.8841470204e-05, 1.5249697533e-11, 0.0001226786611, 0.0030408720548, 0.0009314289592, 0.0026008101326, 0.00049640208289, 0.00096127690596, 0.0016340937557, 0.0029831977645, 0.0005155666476, 0.00016641995838, 3.7965795587e-05, 0.0001702849676, 0, 0.00092746051017, 0.0031821676571, 0.0028533216024, 0.00028494547026, 0.0035269934081, 0.0030257402304, 0.0043140320896, 0.0038648871604, 0.0019004070334, 0.0090271321889, 0.0041859905781, 0.0047866083901, 0.0026869385267, 0.0013161805217, 0.0022692996011, 0.00068402411111, 0.0023332971, 0.0067960979273, 0.00012934390696, 0, 0.0054876052263, 0.022766874475, 0.012745009611]
    ],
    [
      [2.1986604559, 2.337221894, 1.0962269849, 8.8037508872, 3.0680112779, 8.3732481973, 17.393860217, 67.5633979875, 0.16931998998, 0.94775931286, 0.6432836217, 1.3846066226, 15.0121165156, 3.8819480564, 32.3838103459, 12.6605280411, 11.0850714608, 5.7382590184, 2.9145619632, 3.8980698667, 0.019489377081, 4.7810054646, 2.0197534606, 4.9567114691, 2.6310714266, 12.1013100672, 4.7415428738, 12.1546723603, 3.0039365741, 0.74035648652, 10.3893302987, 10.6264379369, 6.2372243682, 1.434324145, 0.25575920366, 1.218728944, 0.017896501043, 4.5043782719, 16.0565160993, 1.2724010243, 0.89844211923, 24.5306051548, 11.6226033309, 6.9439079579, 7.8451198747, 10.199520035, 12.8935173835, 19.1048431445, 14.8293967084, 9.6745941235, 6.3034273104, 10.0739842628, 2.8144337681, 22.4688131643, 12.9530752281, 1.2289941973, 0.43270921259, 11.6398681344, 82.5381041539, 77.0219254392],
      [1.1107229283, 1.9965625933, 0.23856144732, 8.1030345475, 1.6591698381, 12.209820529, 17.7117070635, 89.42978729, 1.0048704899, 2.9002270701, 1.8157338864, 0.099244414645, 23.2593723556, 7.2610633611, 36.1479057966, 20.1264870294, 15.7957363164, 6.1289855197, 4.7530167028, 4.5419275073, 0.13510078454, 8.2561926677, 0.48071892681, 0.00013271446908, 1.936225997, 9.7600342722, 10.1644023111, 5.2370453823, 3.3638738765, 0.64960235601, 12.04560232, 7.2188624831, 3.2654974136, 0.65920537235, 0.10183764293, 1.0708959517, 0.027970772416, 5.0359152628, 23.6069607543, 0.71447214913, 0.79050941171, 14.9771531342, 4.8069908971, 9.232026998, 9.8103769601, 6.7679664638, 19.6792510807, 9.9533946214, 18.350253717, 14.7504119376, 7.4907476017, 9.2988779744, 3.1187142461, 17.8192112625, 18.980785572, 0.32167491012, 0.17065871304, 6.257233016, 64.5785797184, 51.6777142486],
      [1.4544800549, 0.59369026909, 0.23593589973, 6.1491426496, 2.4043617111, 13.0951120873, 15.2697855212, 72.8867351829, 0.40785290152, 0.73407762704, 1.8294907924, 0.84871144231, 14.6707997703, 4.5584304685, 34.2056757559, 20.6158953265, 20.2294021877, 8.8360848974, 3.3723966357, 3.4594789022, 0.081209367101, 4.9000569757, 0.95940954825, 0.0016645212807, 3.0763004271, 7.9819228038, 6.4603174386, 4.0556846471, 2.1003818411, 0.35805069211, 10.5376342121, 6.0984831497, 3.364654627, 0.54447932462, 0.19570875485, 1.3812515522, 0.35428732079, 4.6619837264, 15.0968139135, 0.89057276256, 0.84171497518, 7.2955013362, 4.9479531367, 6.6722776431, 6.3489475103, 7.4900244813, 15.8627873724, 9.0411205546, 9.3151048702, 11.2490999834, 5.6281189159, 8.0365060921, 4.9479983396, 15.7062511527, 21.2367757726, 0.33146690611, 0.33890081099, 10.1839048464, 51.6539541504, 28.9902823586],
      [39.5345484304, 35.8134332664, 11.8117421337, 189.5794231947, 35.4226389715, 239.5875857498, 395.1496942978, 1715.8956290201, 14.3264287052, 46.4287031996, 32.8446313914, 10.6069700804, 443.3368433892, 113.3948559221, 785.3040834125, 383.5637254682, 358.9294349792, 129.4438490154, 78.8426418407, 109.9081194995, 4.7613400096, 168.0106470856, 14.3677903961, 0.041452071811, 75.7485130916, 121.8102546901, 129.8733333128, 145.8704620379, 99.4574783982, 29.9291001557, 267.9288970401, 189.0990624468, 115.8532619878, 32.7003226276, 12.3789947449, 23.5310159712, 3.4013770529, 154.1742173731, 342.2986265535, 19.361674575, 30.9905512515, 167.9356949296, 111.3917984486, 214.508786959, 214.657465874, 132.6863726935, 392.3011390267, 243.9902681038, 307.2250837012, 269.6261932126, 120.360507815, 258.2623024806, 60.7834509957, 284.4853190949, 318.4486575425, 17.7946299202, 3.7243451661, 163.4126786405, 1274.2891627519, 803.8882964156],
      [0.70158813053, 3.2590919772, 0.61753353432, 4.364648721, 1.4458182013, 11.7342334367, 19.4749529006, 81.2244505195, 1.0915279134, 0.98923279042, 1.866860308, 0.060467440042, 12.7208679694, 3.9037021919, 25.9585246892, 13.0333641348, 15.9603550559, 5.8528215492, 4.1173828576, 3.1924042244, 0.0028604616844, 9.0520978064, 0.17232766823, 3.9223350945e-05, 1.6078890577, 8.3464781667, 4.7604040638, 7.6821355723, 4.0743293101, 2.3228903097, 9.098536129, 10.9571539836, 2.2793616034, 0.6616685305, 0.067699653698, 0.7981075809, 0.19846835284, 3.6235053657, 11.9410826796, 2.7608794889, 1.4787822424, 8.2610454452, 5.2306541866, 4.6430004421, 7.3380897809, 5.8561163264, 13.2633051367, 15.9103735757, 10.2801610032, 9.6997007429, 3.217198357, 7.3283291901, 1.3354026504, 9.5204053256, 20.3807058848, 0.32323406626, 0.33338609732, 5.5063153628, 86.9401992254, 42.421781538]
    ],
    [
      [0.32652588374, 0.54665549141, 0.51971836305, 0.94930937158, 0.43305564121, 1.2671340855, 2.9793834252, 11.5376801208, 0.047803510487, 0.31890604913, 0.03823505166, 0.02110074334, 1.4837054501, 0.36656444111, 6.4525364732, 2.1017008896, 2.2012429151, 0.97685828972, 0.87079363201, 0.9644349623, 0.0018100987334, 1.0797380409, 0.11115686193, 1.9541155746, 0.16991851724, 1.2593182581, 0.67152029061, 2.403818347, 0.3047082015, 0.24398233519, 1.6845996243, 1.8342313964, 0.91745491807, 0.32298283346, 0.016886776752, 0.040892655635, 0.00063322888596, 0.29760620765, 1.5307373362, 0.13723955039, 0.16814341301, 5.5433287618, 2.8750329271, 1.1834240179, 1.675388741, 1.3840655135, 2.9655074827, 3.447081348, 3.3037514746, 1.7834896504, 1.2637668113, 3.0985117694, 0.48214919744, 5.32780017, 3.1788204893, 0.25134911931, 0.0067594120778, 1.1490086662, 11.4939407639, 11.7746109765],
