{
  "X": [
    [1, 3, 84, 9, 7],
    [3, 9, 119, 47, 14],
    [16, 39, 136, 224, 34],
    [18, 20, 212, 231, 39],
    [3, 7, 79, 55, 14],
    [2, 0, 52, 20, 4],
    [13, 12, 202, 151, 18],
    [4, 14, 167, 172, 16],
    [11, 5, 349, 297, 44],
    [5, 12, 300, 219, 21],
    [3, 3, 124, 69, 4],
    [5, 7, 193, 210, 17],
    [8, 9, 108, 99, 16],
    [4, 11, 151, 140, 12],
    [16, 7, 555, 279, 38],
    [5, 7, 93, 48, 10],
    [8, 10, 78, 48, 7],
    [1, 4, 66, 31, 7],
    [0, 0, 36, 13, 1],
    [4, 8, 150, 74, 9],
    [7, 0, 89, 24, 8],
    [0, 0, 45, 10, 4],
    [11, 15, 191, 183, 16],
    [0, 1, 28, 7, 2],
    [1, 3, 95, 16, 5],
    [0, 1, 44, 14, 1],
    [2, 2, 92, 17, 4],
    [4, 7, 72, 26, 7],
    [0, 1, 62, 22, 6],
    [11, 16, 119, 146, 30],
    [9, 17, 213, 138, 24],
    [0, 1, 54, 14, 5],
    [1, 5, 22, 38, 4],
    [3, 5, 99, 46, 8],
    [7, 9, 66, 34, 10],
    [7, 5, 60, 97, 7],
    [1, 17, 86, 153, 8],
    [0, 1, 6, 3, 1],
    [2, 7, 56, 31, 6],
    [0, 3, 78, 10, 9],
    [0, 2, 43, 14, 4],
    [3, 2, 77, 72, 10],
    [1, 3, 103, 46, 9],
    [40, 35, 99, 301, 55],
    [16, 13, 136, 163, 30],
    [28, 54, 214, 499, 62],
    [10, 16, 47, 135, 15],
    [22, 32, 115, 492, 58],
    [17, 10, 45, 188, 34],
    [7, 4, 11, 105, 9],
    [43, 72, 269, 650, 81],
    [22, 24, 131, 174, 44],
    [22, 53, 185, 236, 32],
    [34, 50, 372, 504, 77],
    [24, 37, 335, 347, 59],
    [57, 31, 261, 430, 81],
    [9, 20, 41, 147, 26],
    [49, 66, 410, 751, 132],
    [48, 43, 329, 670, 100],
    [39, 44, 198, 419, 84],
    [21, 36, 144, 444, 61],
    [15, 22, 62, 119, 14],
    [90, 21, 431, 561, 82],
    [45, 41, 316, 668, 96],
    [35, 49, 719, 440, 89],
    [11, 25, 248, 235, 30],
    [18, 25, 242, 140, 35],
    [0, 0, 82, 18, 5],
    [20, 9, 228, 282, 43],
    [58, 52, 686, 726, 127],
    [7, 17, 98, 129, 25],
    [46, 140, 507, 517, 108],
    [2, 11, 50, 48, 8]
  ],
  "W": [
    [12, 5, 7, 55, 11, 5, 9],
    [25, 14, 33, 73, 28, 6, 13],
    [11, 31, 190, 95, 54, 23, 45],
    [13, 30, 195, 125, 69, 37, 51],
    [10, 13, 44, 53, 19, 8, 11],
    [5, 1, 18, 32, 15, 1, 6],
    [17, 20, 144, 120, 48, 17, 30],
    [21, 19, 159, 84, 46, 14, 30],
    [12, 11, 267, 213, 101, 42, 60],
    [23, 22, 204, 173, 76, 33, 26],
    [13, 3, 68, 75, 20, 13, 11],
    [14, 12, 168, 120, 56, 23, 39],
    [7, 10, 88, 71, 41, 9, 14],
    [19, 11, 117, 94, 43, 16, 18],
    [39, 20, 259, 314, 149, 46, 68],
    [11, 14, 45, 59, 15, 3, 16],
    [8, 12, 41, 42, 26, 10, 12],
    [4, 7, 32, 48, 9, 7, 2],
    [7, 4, 8, 24, 5, 1, 1],
    [8, 11, 64, 119, 22, 10, 11],
    [6, 1, 16, 61, 26, 10, 8],
    [2, 1, 7, 32, 13, 1, 3],
    [24, 17, 154, 126, 58, 16, 21],
    [4, 2, 6, 15, 5, 2, 4],
    [9, 5, 9, 79, 9, 5, 4],
    [10, 1, 13, 24, 10, 1, 1],
    [17, 2, 14, 58, 21, 1, 4],
    [10, 10, 21, 49, 9, 10, 7],
    [9, 1, 18, 39, 14, 5, 5],
    [6, 19, 132, 72, 41, 22, 30],
    [14, 20, 129, 137, 54, 24, 23],
    [10, 3, 11, 37, 8, 2, 3],
    [5, 10, 30, 8, 8, 5, 4],
    [18, 6, 36, 65, 23, 8, 5],
    [10, 17, 21, 39, 20, 9, 10],
    [2, 12, 96, 20, 26, 7, 13],
    [7, 17, 141, 52, 28, 7, 13],
    [0, 0, 3, 5, 1, 1, 1],
    [4, 10, 22, 39, 14, 6, 7],
    [5, 3, 11, 62, 8, 2, 9],
    [5, 3, 7, 30, 14, 1, 3],
    [12, 8, 58, 42, 18, 11, 15],
    [7, 5, 43, 64, 19, 10, 14],
    [5, 44, 251, 53, 73, 35, 69],
    [8, 17, 144, 74, 42, 26, 47],
    [26, 54, 435, 129, 93, 36, 84],
    [9, 23, 107, 29, 24, 10, 21],
    [8, 30, 421, 69, 100, 25, 66],
    [1, 15, 153, 31, 44, 19, 31],
    [2, 2, 89, 5, 15, 4, 19],
    [14, 110, 579, 159, 89, 62, 102],
    [12, 30, 147, 57, 48, 44, 57],
    [17, 59, 201, 112, 63, 35, 41],
    [40, 84, 438, 217, 110, 73, 75],
    [37, 66, 290, 201, 83, 69, 56],
    [26, 42, 377, 120, 110, 79, 106],
    [2, 18, 136, 26, 30, 10, 21],
    [35, 103, 640, 216, 207, 98, 109],
    [23, 62, 599, 197, 106, 80, 123],
    [15, 54, 381, 84, 85, 65, 100],
    [15, 48, 381, 61, 105, 34, 62],
    [8, 15, 104, 36, 34, 14, 21],
    [23, 44, 464, 227, 162, 124, 141],
    [19, 47, 587, 176, 157, 75, 105],
    [89, 77, 367, 428, 149, 134, 88],
    [20, 21, 198, 178, 72, 27, 33],
    [40, 20, 121, 138, 61, 38, 42],
    [12, 3, 21, 51, 7, 10, 1],
    [6, 10, 264, 192, 54, 7, 49],
    [93, 97, 594, 429, 203, 97, 136],
    [13, 25, 109, 68, 31, 8, 22],
    [75, 164, 449, 323, 118, 63, 126],
    [12, 25, 29, 32, 8, 6, 7]
  ],
  "method": "mcmc",
  "mcmc_stepsize": 3000,
  "mcmc_samples": 1000,
  "burn_in": 10000,
  "cond_prob": [
    [
      [0.079549174369, 0.02487876082, 0.80689936699, 0.082036473135, 0.0066362246836],
      [0.00087193998083, 0.058334963154, 0.7838851396, 0.15350529058, 0.0034026666871],
      [0.0013315083704, 0.011141990511, 0.80205019514, 0.094847660515, 0.090628645466],
      [0.00043199599518, 0.028938078794, 0.83254440357, 0.082333809312, 0.055751712332],
      [0.00031083656991, 0.0085018150938, 0.85094091311, 0.10872727702, 0.031519158201],
      [0.00030688449091, 0.0032382087974, 0.79621930164, 0.02072067186, 0.17951493321],
      [0.00033513829116, 0.070053419682, 0.62800464261, 0.084015480795, 0.21759131862]
    ],
    [
      [0.079994214166, 0.040000959489, 0.60000927079, 0.2399977453, 0.039997810251],
      [5.536718999e-08, 0.14285885449, 0.57142054534, 0.21428806329, 0.071432481514],
      [1.7016012858e-06, 0.060604359785, 0.63635526003, 0.24242848573, 0.060610192856],
      [0.013698929759, 0.041094851723, 0.64383909898, 0.23287486869, 0.068492250841],
      [1.1974443098e-06, 0.035713283096, 0.60714062857, 0.28571364926, 0.071431241625],
      [2.0867405026e-07, 4.110433421e-07, 0.50001414904, 0.3333238464, 0.16666138485],
      [2.3896111222e-06, 8.4314001204e-06, 0.61537540728, 0.23077636769, 0.15383740402]
    ],
    [
      [0.27272727273, 3.1895782142e-16, 0.27272727273, 0.45454545455, 3.5183101726e-17],
      [0.064516129032, 0.096774193548, 0.29032258065, 0.48387096774, 0.064516129032],
      [0.031578947368, 0.1, 0.3, 0.49473684211, 0.073684210526],
      [0.031578947368, 0.094736842105, 0.30526315789, 0.49473684211, 0.073684210526],
      [0.018518518519, 0.074074074074, 0.35185185185, 0.48148148148, 0.074074074074],
      [1.0244117338e-16, 0.04347826087, 0.26086956522, 0.65217391304, 0.04347826087],
      [0.022222222222, 0.066666666667, 0.28888888889, 0.48888888889, 0.13333333333]
    ],
    [
      [0.23076923077, 2.0011071795e-15, 0.38461538462, 0.38461538462, 2.7697712124e-16],
      [0.033333333333, 0.066666666667, 0.4, 0.43333333333, 0.066666666667],
      [0.030769230769, 0.051282051282, 0.40512820513, 0.44102564103, 0.071794871795],
      [0.032, 0.032, 0.424, 0.44, 0.072],
      [0.028985507246, 0.028985507246, 0.40579710145, 0.46376811594, 0.072463768116],
      [0.027027027027, 0.027027027027, 0.40540540541, 0.48648648649, 0.054054054054],
      [0.019607843137, 0.019607843137, 0.39215686275, 0.43137254902, 0.13725490196]
    ],
    [
      [0.19993651572, 4.6539886452e-06, 0.49997007623, 0.30007069223, 1.8061831691e-05],
      [5.0257426493e-06, 0.15382175642, 0.4615765984, 0.30767590622, 0.076920713222],
      [1.1355000515e-05, 0.068167753734, 0.5227038063, 0.34093347933, 0.068183605628],
      [0.018859407981, 0.037719209478, 0.50945494831, 0.35848378944, 0.075482644788],
      [1.274441546e-06, 2.6291617483e-05, 0.47372505435, 0.47362443235, 0.05262294724],
      [6.0095483522e-05, 5.2800487022e-06, 0.50000570227, 0.24999337485, 0.24993554734],
      [1.4806240978e-06, 0.00011177990422, 0.45444564272, 0.27272555929, 0.27271553746]
    ],
    [
      [0.14411752804, 0, 0.6245917394, 0.19535905655, 0.035931676006],
      [0.024099241188, 0, 0.50649147665, 0.43893450822, 0.030474773934],
      [0.02179341636, 0, 0.63563471108, 0.28708770644, 0.055484166124],
      [0.010806623772, 0, 0.73451378062, 0.21454492053, 0.040134675079],
      [0.023248584996, 0, 0.61319462254, 0.30266549996, 0.060891292503],
      [0.029512106251, 0, 0.54695290807, 0.35454543067, 0.068989555015],
      [0.023163130372, 0, 0.61330196683, 0.27612101768, 0.087413885118]
    ],
    [
      [0.17647058824, 4.6657572891e-13, 0.47058823529, 0.35294117647, 4.3414756439e-13],
      [0.099999999999, 0.050000000003, 0.49999999999, 0.35, 2.4518586532e-12],
      [0.027777777777, 0.04861111111, 0.50694444445, 0.375, 0.041666666667],
      [0.024999999999, 0.025, 0.53333333333, 0.375, 0.041666666667],
      [0.020833333335, 0.020833333333, 0.5, 0.41666666667, 0.041666666666],
      [1.5483372412e-12, 1.0875557931e-12, 0.47058823529, 0.4705882353, 0.058823529411],
      [1.2778962326e-12, 9.4390541257e-13, 0.5, 0.36666666667, 0.13333333333]
    ],
    [
      [0.14285698205, 7.1556533437e-08, 0.42857181996, 0.42857111729, 9.1488677782e-09],
      [1.6296940877e-08, 0.15789448823, 0.4210526086, 0.42105286654, 2.032572723e-08],
      [0.0062893160804, 0.03773580895, 0.45911950997, 0.45911952829, 0.037735836712],
      [2.7488573731e-09, 0.035714287228, 0.45238100044, 0.47619040093, 0.035714308655],
      [3.3599582999e-09, 0.021739245946, 0.43478246812, 0.49999999493, 0.043478287645],
      [4.874913025e-11, 1.0036687582e-08, 0.42857148249, 0.42857136384, 0.14285714359],
      [4.7482876593e-08, 0.033333467221, 0.43333306025, 0.43333348453, 0.099999940517]
    ],
    [
      [0.16666666667, 1.0478175618e-16, 0.41666666667, 0.41666666667, 1.8423117365e-16],
      [0.090909090909, 0.090909090909, 0.45454545455, 0.36363636364, 3.5579497208e-16],
      [0.014981273408, 0.011235955056, 0.49438202247, 0.41947565543, 0.059925093633],
      [0.014084507042, 0.0046948356808, 0.50234741784, 0.41784037559, 0.06103286385],
      [0.009900990099, 2.2552225613e-19, 0.50495049505, 0.42574257426, 0.059405940594],
      [6.0900667218e-17, 2.5584924267e-17, 0.47619047619, 0.45238095238, 0.071428571429],
      [4.2867787036e-17, 3.153074527e-19, 0.48333333333, 0.41666666667, 0.1]
    ],
    [
      [0.0869565206, 2.2833138318e-10, 0.52173912986, 0.39130434816, 1.1540437213e-09],
      [0.04545454545, 0.090909089719, 0.49999999659, 0.3636363677, 5.4698073984e-10],
      [0.0049019607268, 0.029411764556, 0.53921568636, 0.39215686313, 0.034313725233],
      [0.0057803470259, 0.017341040334, 0.5491329483, 0.39306358349, 0.034682080855],
      [1.6853718355e-11, 0.013157895219, 0.53947368435, 0.42105263027, 0.026315790146],
      [3.8408443898e-11, 4.0255432114e-10, 0.51515151453, 0.36363636492, 0.1212121201],
      [7.8339088721e-16, 9.1328104375e-10, 0.53846153946, 0.38461538225, 0.076923077371]
    ],
    [
      [0.076531628248, 0.073908919129, 0.53929906446, 0.30988104375, 0.00037934441203],
      [0.0001394039747, 1.9502257655e-05, 0.65672696755, 0.34157219454, 0.0015419316806],
      [0.014642627108, 0.015253729661, 0.61903445522, 0.33598243162, 0.015086756393],
      [0.012889275966, 0.013243493041, 0.62682458896, 0.33371609968, 0.013326542354],
      [0.0017901002454, 0.00012835200782, 0.64559820552, 0.3507779395, 0.001705402726],
      [0.00030805741501, 0.00014066500728, 0.53365842489, 0.46534560927, 0.00054724341426],
      [0.00022450261268, 0.00038311493408, 0.55120186353, 0.27329684643, 0.1748936725]
    ],
    [
      [0.1428573921, 1.4428330501e-10, 0.4285703966, 0.42857221112, 3.4309067151e-11],
      [0.083333033085, 0.083333328963, 0.41666607438, 0.41666725621, 3.0736854795e-07],
      [0.0059523600081, 0.029761881923, 0.44642844125, 0.48214305224, 0.035714264586],
      [0.0083333029202, 0.0083333339181, 0.45833369852, 0.49166633215, 0.033333332494],
      [1.2828805539e-07, 6.440557537e-08, 0.44642805975, 0.51785752655, 0.035714221004],
      [3.5662083955e-09, 6.6777374914e-09, 0.43478275292, 0.521738661, 0.043478575837],
      [4.0130352768e-10, 1.457541745e-09, 0.43589807538, 0.46153791403, 0.10256400874]
    ],
    [
      [0.28572146984, 1.3353670874e-05, 0.42855079533, 0.28571376016, 6.2100163094e-07],
      [0.099999574635, 0.099994927575, 0.40000029887, 0.39999970197, 5.4969525636e-06],
      [0.022727183286, 0.056816977723, 0.45454362013, 0.40909292691, 0.056819291951],
      [0.028169069775, 0.028169779587, 0.46479102171, 0.42253294034, 0.056337188588],
      [0.02438901503, 0.024389201511, 0.43902926387, 0.463412941, 0.048779578591],
      [4.4265957662e-07, 5.6655864388e-06, 0.44443396092, 0.33333865502, 0.22222127581],
      [3.0581843046e-07, 4.3291316412e-08, 0.42857391888, 0.35714370361, 0.21428202839]
    ],
    [
      [0.10526291054, 2.4631164781e-07, 0.47368568511, 0.42105115624, 1.803913986e-09],
      [1.1619944758e-09, 0.18181818032, 0.4545454495, 0.36363551867, 8.5035913457e-07],
      [0.0085469687394, 0.042735002341, 0.47863219901, 0.43589779575, 0.034188034159],
      [0.010638297811, 0.031914893692, 0.48936175267, 0.4361701128, 0.031914943031],
      [1.0870624978e-07, 0.023255705645, 0.46511617051, 0.48837220107, 0.023255814068],
      [2.9199319524e-07, 2.9235334959e-07, 0.43750087743, 0.49999853928, 0.062499998937],
      [2.1825275307e-10, 1.9586599136e-09, 0.44444392403, 0.38889018589, 0.1666658879]
    ],
    [
      [0.051282051282, 2.1251909618e-14, 0.61538461538, 0.30769230769, 0.025641025641],
      [0.1, 1.322135316e-16, 0.6, 0.3, 1.8308334975e-13],
      [0.015444015444, 0.015444015444, 0.62162162162, 0.30888030888, 0.03861003861],
      [0.015923566879, 0.0063694267516, 0.62420382166, 0.31210191083, 0.041401273885],
      [0.013422818792, 0.006711409396, 0.61744966443, 0.32214765101, 0.040268456376],
      [2.5652625752e-14, 7.4315189142e-15, 0.60869565217, 0.30434782609, 0.086956521739],
      [0.014705882353, 5.3818205914e-14, 0.61764705882, 0.30882352941, 0.058823529412]
    ],
    [
      [0.1787619728, 0.0059869959054, 0.54553107654, 0.26967137716, 4.8577596383e-05],
      [0.071400821628, 0.13813562457, 0.4975467018, 0.29052028298, 0.0023965690251],
      [0.022958113555, 0.066663691193, 0.57414121721, 0.29179960362, 0.044437374429],
      [0.016947681311, 0.033889530674, 0.61182736594, 0.2853758221, 0.051959599974],
      [3.2560998008e-05, 3.5369332357e-05, 0.53778480232, 0.45771244398, 0.0044348233721],
      [6.7275359136e-06, 1.3295755687e-05, 0.33337541897, 0.022025781653, 0.64457877608],
      [2.9368218343e-05, 2.0341273542e-05, 0.56452729228, 0.25415070113, 0.18127229709]
    ],
    [
      [0.24977955498, 3.492585577e-07, 0.50020636729, 0.25001050286, 3.2256056242e-06],
      [0.083259462894, 0.16666615297, 0.50021510481, 0.24978500365, 7.4275681554e-05],
      [0.048816442876, 0.097556888128, 0.51206703995, 0.31710789825, 0.024451730795],
      [0.047619976674, 0.071445942204, 0.54762580656, 0.30947763127, 0.023830643286],
      [0.038498045509, 0.038431740928, 0.49998169737, 0.38465779455, 0.038430721643],
      [1.6399592861e-06, 9.6531494987e-06, 0.50006793095, 0.40000935857, 0.099911417372],
      [1.4270364018e-05, 9.9657411244e-06, 0.50004432076, 0.25015127898, 0.24978016416]
    ],
    [
      [0.22208142156, 0.0011822240013, 0.54557084609, 0.22783564109, 0.0033298672537],
      [0.0078290916091, 0.25389402111, 0.55085379443, 0.18157398805, 0.0058491048134],
      [0.00085623492939, 0.032823568355, 0.60764146524, 0.2977808177, 0.060897913773],
      [0.00026452172323, 0.019983238783, 0.64028145532, 0.27801286716, 0.061457917013],
      [0.00066197265433, 0.013848747969, 0.53681224402, 0.41664875143, 0.032028283923],
      [0.0009798840282, 0.0024483744316, 0.57432908757, 0.30261555675, 0.11962709722],
      [0.0019785849684, 0.03334297728, 0.46604475134, 0.037944034377, 0.46068965203]
    ],
    [
      [0, 0, 0.77343774822, 0.21900298609, 0.0075592656861],
      [0, 0, 0.64803266897, 0.32640012672, 0.02556720431],
      [0, 0, 0.67415671908, 0.30707537572, 0.0187679052],
      [0, 0, 0.7520356637, 0.22552665669, 0.022437679606],
      [0, 0, 0.63767338742, 0.34409275765, 0.018233854932],
      [0, 0, 0.68605023411, 0.28720778958, 0.026741976306],
      [0, 0, 0.67727823386, 0.28446424629, 0.038257519855]
    ],
    [
      [0.24990549528, 4.7277401852e-05, 0.50014117324, 0.24990596364, 9.0442919991e-08],
      [2.3385703297e-07, 0.18174976168, 0.54538587641, 0.27286403511, 9.2938935975e-08],
      [0.015619101191, 0.04687495198, 0.6093630356, 0.29688115068, 0.031261760546],
      [0.0084096841586, 0.025213225008, 0.6386777128, 0.29409227941, 0.033607098622],
      [1.7169383284e-05, 6.9301807867e-08, 0.59084078274, 0.4091077143, 3.4264268443e-05],
      [1.9794295987e-08, 7.7686033558e-08, 0.60003753709, 0.30000001084, 0.099962354596],
      [5.9077919029e-08, 1.2710246558e-07, 0.54535193462, 0.27286392617, 0.18178395303]
    ],
    [
      [0.17066814859, 0, 0.65661432971, 0.16735649342, 0.0053610282769],
      [0.95041220523, 0, 0.025826226281, 0.018119689702, 0.0056418787896],
      [0.063582704465, 0, 0.6868392911, 0.18845470209, 0.061123302337],
      [0.048010890999, 0, 0.72331863964, 0.17975800655, 0.048912462814],
      [0.038089634595, 0, 0.727847837, 0.19386505667, 0.040197471737],
      [0.0038835548252, 0, 0.60298768082, 0.29302702661, 0.10010173775],
      [0.0063031541367, 0, 0.6210876937, 0.12830824718, 0.24430090498]
    ],
    [
      [0, 0, 0.82542282498, 0.14487303577, 0.029704139246],
      [0, 0, 0.79699465809, 0.1339267246, 0.069078617303],
      [0, 0, 0.72146592458, 0.20053671125, 0.077997364173],
      [0, 0, 0.78851613416, 0.14413561792, 0.06734824792],
      [0, 0, 0.73189175405, 0.21503217852, 0.053076067433],
      [0, 0, 0.7591952424, 0.14035290008, 0.10045185752],
      [0, 0, 0.66519796065, 0.20815307688, 0.12664896247]
    ],
    [
      [0.125, 3.1571330253e-12, 0.45833333333, 0.41666666666, 2.8465373191e-12],
      [2.3496958623e-13, 0.17647058823, 0.41176470587, 0.4117647059, 2.2841582293e-13],
      [0.025974025973, 0.038961038961, 0.46753246752, 0.43506493508, 0.032467532466],
      [0.02380952381, 0.031746031745, 0.46825396826, 0.44444444444, 0.031746031749],
      [0.017241379311, 0.034482758623, 0.44827586208, 0.46551724136, 0.034482758621],
      [4.2622933096e-12, 9.4856619342e-13, 0.4375, 0.43749999999, 0.125],
      [1.9344532823e-13, 3.0690863406e-12, 0.42857142856, 0.42857142858, 0.14285714285]
    ],
    [
      [0, 0.011704005712, 0.82613679862, 0.14046380906, 0.021695386608],
      [0, 0.041108342966, 0.65303110636, 0.26087828602, 0.044982264656],
      [0, 0.046213512364, 0.67133366237, 0.22529836312, 0.057154462149],
      [0, 0.024503692817, 0.77925324044, 0.14761203491, 0.048631031834],
      [0, 0.018572906922, 0.72739162692, 0.20354906443, 0.050486401732],
      [0, 0.012397071017, 0.71423034834, 0.20799527471, 0.065377305927],
      [0, 0.027118037034, 0.65179279519, 0.22917040445, 0.091918763334]
    ],
    [
      [0.10960012677, 0.0010236186702, 0.77586151167, 0.11201507733, 0.0014996655631],
      [5.2872504515e-05, 0.39471248873, 0.60094974627, 0.0021566378229, 0.0021282546771],
      [0.00088100492527, 0.00025619175154, 0.88693915021, 0.11158309797, 0.00034055514932],
      [4.2473648634e-05, 0.012744811017, 0.81046986555, 0.1388448181, 0.03789803168],
      [9.1709834061e-05, 0.0002038820351, 0.77730945368, 0.22203198273, 0.00036297171513],
      [0.00017767848782, 0.00060041543654, 0.60163339643, 0.20016177298, 0.19742673667],
      [8.4063258495e-05, 0.00081054417903, 0.74974346692, 0.002248973471, 0.24711295217]
    ],
    [
      [0, 0.0085706643025, 0.76900535361, 0.21024446821, 0.012179513874],
      [0, 0.076160564373, 0.61414919891, 0.28682611149, 0.022864125227],
      [0, 0.02409351477, 0.68680738468, 0.27586035266, 0.013238747891],
      [0, 0.015187683483, 0.76948705827, 0.19988811164, 0.015437146615],
      [0, 0.012227092862, 0.69122777199, 0.2713101402, 0.025234994948],
      [0, 0.027715608711, 0.68818082955, 0.26202586715, 0.02207769459],
      [0, 0.010426159667, 0.69915331637, 0.25210267335, 0.038317850615]
    ],
    [
      [0.073620624029, 0.0059466433552, 0.77636684925, 0.13570434107, 0.0083615422974],
      [0.062678255332, 0.051837235709, 0.58774799432, 0.22231449633, 0.075422018305],
      [0.027369090644, 0.020509457434, 0.74199484429, 0.17520585493, 0.034920752704],
      [0.0013868436451, 0.023822142488, 0.84368939731, 0.10857310951, 0.022528507046],
      [0.0059027459526, 0.0031111943254, 0.7109831592, 0.22149570348, 0.058507197047],
      [0.0052232288602, 0.012643218905, 0.83491843129, 0.074302839032, 0.072912281912],
      [0.0075769466363, 0.012109405852, 0.63469748391, 0.19314056912, 0.15247559448]
    ],
    [
      [0.19964329234, 5.7820229422e-05, 0.60026701232, 0.19998160852, 5.0266593756e-05],
      [0.099840243552, 0.10031076813, 0.59951737103, 0.20010808255, 0.00022353474209],
      [0.00021014390642, 0.14254434996, 0.61919543546, 0.19050049829, 0.047549572394],
      [0.020391092289, 0.06121689757, 0.65310364411, 0.22448629464, 0.04080207139],
      [5.8492628377e-05, 0.00022061578511, 0.55564590353, 0.443892015, 0.00018297305265],
      [4.5603340141e-05, 8.7242583802e-05, 0.59992555162, 0.19996188924, 0.19997971321],
      [8.6518542687e-05, 5.668834933e-05, 0.57098640181, 0.14344530864, 0.28542508266]
    ],
    [
      [0, 0.048642729702, 0.74152922676, 0.18391919225, 0.025908851291],
      [0, 0.0054058467888, 0.82772050643, 0.1463232095, 0.020550437283],
      [0, 0.01429572434, 0.65816794923, 0.25011586841, 0.077420458013],
      [0, 0.0037309388304, 0.7012567087, 0.24182774683, 0.053184605643],
      [0, 0.0054960495856, 0.65608412302, 0.28118157814, 0.057238249262],
      [0, 0.011204709726, 0.57953867529, 0.25145011051, 0.15780650447],
      [0, 0.0042023381105, 0.64392212571, 0.21424873123, 0.13762680495]
    ],
    [
      [0.33333333276, 4.2235712968e-11, 0.33333333382, 0.33333333298, 4.0138464774e-10],
      [0.052631578986, 0.10526315801, 0.36842105227, 0.42105263175, 0.052631578978],
      [0.030303030305, 0.053030303013, 0.37878787873, 0.446969697, 0.090909090959],
      [0.027777777792, 0.041666666668, 0.36111111138, 0.48611111092, 0.083333333242],
      [0.024390243863, 0.048780487768, 0.36585365846, 0.48780487819, 0.073170731726],
      [2.0293570843e-10, 0.045454545524, 0.36363636342, 0.40909090896, 0.18181818189],
      [0.033333333287, 0.033333333322, 0.36666666668, 0.43333333356, 0.13333333315]
    ],
    [
      [0.21428571383, 2.6811679217e-10, 0.49999999907, 0.28571428633, 4.9673056427e-10],
      [4.0428083293e-11, 0.14999999949, 0.50000000016, 0.30000000018, 0.050000000132],
      [0.015503876029, 0.046511627888, 0.54263565885, 0.34108527135, 0.054263565884],
      [0.021897810161, 0.036496350312, 0.5401459856, 0.34306569341, 0.058394160513],
      [0.018518518503, 0.037037037204, 0.51851851855, 0.3703703702, 0.055555555539],
      [5.8056351235e-11, 0.04166666691, 0.49999999961, 0.41666666635, 0.041666667071],
      [2.2696081076e-10, 5.7873753507e-11, 0.52173913037, 0.30434782621, 0.17391304314]
    ],
    [
      [0, 0.012633663085, 0.81967806573, 0.14130502351, 0.026383247677],
      [0, 0.046149652505, 0.60882892609, 0.27829695997, 0.066724461443],
      [0, 0.010814304181, 0.64292482071, 0.2634650849, 0.082795790206],
      [0, 0.0096268704748, 0.7538683022, 0.18206635943, 0.054438467901],
      [0, 0.027067103894, 0.71453865853, 0.17996326849, 0.078430969081],
      [0, 0.0044703557019, 0.6851605629, 0.11441106, 0.19595802139],
      [0, 0.011528438507, 0.64160065378, 0.1496531281, 0.19721777962]
    ],
    [
      [0.14568117579, 0.14984447526, 0.25048883964, 0.43969828862, 0.014287220686],
      [0.0053136157553, 0.1550440557, 0.30276794496, 0.52213903305, 0.014735350534],
      [0.0019959628892, 0.064159000405, 0.3295521912, 0.55536809886, 0.048924746643],
      [0.0058828611377, 0.044084980021, 0.39208714439, 0.54229958412, 0.015645430324],
      [0.0065980065671, 0.025704104358, 0.29741267201, 0.64631920424, 0.023966012822],
      [0.007215134768, 0.028642106316, 0.24103163131, 0.46956364001, 0.25354748759],
      [0.0056641153346, 0.018510961979, 0.27803848212, 0.51557668836, 0.1822097522]
    ],
    [
      [0.11096471961, 3.7354240039e-05, 0.61125962875, 0.27769408763, 4.4209769982e-05],
      [8.1456684847e-06, 0.33292126614, 0.49996495434, 0.1669252823, 0.00018035154183],
      [7.3293596383e-06, 0.027773525151, 0.66650381404, 0.27791602492, 0.027799306532],
      [0.01538464976, 0.030758701349, 0.6154675926, 0.29225188941, 0.04613716688],
      [5.1488846458e-05, 7.3551558518e-05, 0.60869355696, 0.34769999216, 0.043481410473],
      [3.5276876123e-05, 6.4936599774e-05, 0.50001042353, 0.25008354995, 0.24980581304],
      [0.00017072464948, 8.5271013995e-05, 0.59959418675, 0.20016736012, 0.19998245747]
    ],
    [
      [0.29982042702, 5.8068530389e-05, 0.50013696758, 0.19992590025, 5.8636619154e-05],
      [3.8131989822e-05, 0.23523532413, 0.47055983451, 0.23531971783, 0.058846991541],
      [0.047651425951, 0.09522502427, 0.57132888078, 0.23818347183, 0.047611197166],
      [0.05126936532, 0.051260249412, 0.56412744487, 0.25641010066, 0.076932839736],
      [0.050000050399, 0.050039341809, 0.49998543538, 0.34997853217, 0.049996640245],
      [3.9885314674e-05, 3.0811299682e-05, 0.44457329518, 0.44423505366, 0.11112095454],
      [6.023176623e-05, 4.7942978187e-05, 0.49993679269, 0.20007728341, 0.29987774916]
    ],
    [
      [0.49996071717, 6.9125799134e-06, 0.00016444670456, 0.49986251795, 5.4055971448e-06],
      [0.16662231989, 1.2988419544e-05, 0.33335355159, 0.49996648097, 4.4659129253e-05],
      [0.031244565016, 0.052073386585, 0.34375368782, 0.54167981472, 0.031248545863],
      [2.6003806534e-06, 2.2864957562e-05, 0.44996586346, 0.5500073381, 1.3331018682e-06],
      [0.038457221563, 1.0491980432e-05, 0.30771346152, 0.61536055238, 0.038458272555],
      [0.00012074987112, 5.6097933312e-07, 0.28565606418, 0.57134330486, 0.1428793201],
      [2.6728313075e-05, 3.9372453458e-06, 0.30766267224, 0.53849928626, 0.15380737594]
    ],
    [
      [0.14285680429, 4.8464301281e-08, 0.2857145652, 0.57142857713, 4.9146137119e-09],
      [1.579139072e-09, 0.17647030339, 0.29411738013, 0.52941228128, 3.3629350231e-08],
      [3.3087892448e-10, 0.070921979181, 0.32624114205, 0.57446809351, 0.028368784934],
      [2.7637740053e-09, 0.057692284901, 0.34615402832, 0.57692294215, 0.01923074186],
      [1.4309254683e-08, 0.035714402599, 0.32142811667, 0.64285724113, 2.2528728052e-07],
      [9.5400782038e-12, 1.5055958568e-07, 0.28571532077, 0.57142770813, 0.14285682053],
      [1.3477180383e-07, 1.7669225651e-07, 0.30769212058, 0.53846156106, 0.1538460069]
    ],
    [
      [0, 0, 0, 0, 0],
      [0, 0, 0, 0, 0],
      [0, 0.11216996591, 0.49270393681, 0.30426637911, 0.090859718172],
      [0, 0.083770678016, 0.60970146964, 0.23951477566, 0.067013076683],
      [0, 0.084316444456, 0.54403317421, 0.28791525617, 0.08373512516],
      [0, 0.070299051112, 0.50526682723, 0.287872029, 0.13656209266],
      [0, 0.090021216621, 0.42408083992, 0.31383969921, 0.17205824425]
    ],
    [
      [0.24484901574, 0.00059434074577, 0.50083326737, 0.25183331831, 0.0018900578318],
      [0.098445543323, 0.0996179104, 0.50015845761, 0.29950442439, 0.0022736642793],
      [0.00033425676537, 0.13504871142, 0.54434623132, 0.27439774299, 0.045873057499],
      [0.00019499716669, 0.076492357479, 0.59056451956, 0.28165778111, 0.051090344681],
      [0.00089866506487, 0.001639119743, 0.56856771747, 0.42747609464, 0.0014184030784],
      [0.00031646579793, 0.0018228560391, 0.5042629582, 0.3298048601, 0.16379285987],
      [0.00095855139681, 0.001897875343, 0.42884617266, 0.28753202688, 0.28076537372]
    ],
    [
      [0, 0.10514812554, 0.74708713987, 0.14058370369, 0.0071810309093],
      [0, 0.0051453242221, 0.75555902979, 0.13191927033, 0.10737637566],
      [0, 0.017364867492, 0.80659447975, 0.13067703806, 0.045363614702],
      [0, 0.03201924853, 0.79795273361, 0.098785645982, 0.071242371878],
      [0, 0.013592572721, 0.71597075923, 0.072494707451, 0.1979419606],
      [0, 0.048550991804, 0.68885990313, 0.047298129915, 0.21529097515],
      [0, 0.0085304314479, 0.72742139668, 0.073845809069, 0.1902023628]
    ],
    [
      [0, 0.024865520523, 0.76329844349, 0.16327612059, 0.048559915401],
      [0, 0.061913758945, 0.60255915598, 0.22990162951, 0.10562545557],
      [0, 0.066674458655, 0.61373417203, 0.26315741797, 0.056433951342],
      [0, 0.022029939966, 0.7156092466, 0.20597209878, 0.056388714649],
      [0, 0.027841103495, 0.65765022927, 0.25382485206, 0.060683815173],
      [0, 0.025813222028, 0.6606814442, 0.22733688813, 0.086168445647],
      [0, 0.048907680008, 0.58120968611, 0.23058826744, 0.13929436645]
    ],
    [
      [0.16005344951, 0.00053835583182, 0.43360500918, 0.40533982781, 0.00046335767298],
      [0.0043353481975, 0.2399937294, 0.3743114602, 0.38041450126, 0.00094496094285],
      [0.016791776563, 0.0010706184753, 0.49627519218, 0.4335280846, 0.052334328182],
      [0.00082417399152, 0.00010916539668, 0.47921534694, 0.47217832409, 0.047672989581],
      [0.00041350148708, 0.00027133821172, 0.43970600341, 0.50364622617, 0.055962930724],
      [0.00010597722087, 7.2120971106e-05, 0.45145551371, 0.36932470926, 0.17904167884],
      [0.0018352463855, 8.2110537793e-05, 0.46736825188, 0.39921891099, 0.13149548021]
    ],
    [
      [0.030163031376, 0.029444234328, 0.79540034539, 0.14415663291, 0.00083575599379],
      [0.00014415988455, 0.045691670362, 0.89761510681, 0.055449924391, 0.0010991385564],
      [0.017823093654, 0.036351596013, 0.61909909753, 0.26214416053, 0.064582052272],
      [6.6520603213e-05, 0.015293948403, 0.69056220889, 0.25913511902, 0.034942203082],
      [0.00029759693968, 0.00050587669116, 0.54911373146, 0.39667517522, 0.053407619686],
      [0.00087753030748, 0.00077787873739, 0.36929863676, 0.47440328758, 0.15464266662],
      [0.00021842787764, 0.00043644550431, 0.57148087284, 0.32685330163, 0.10101095215]
    ],
    [
      [0.6, 1.0931634101e-18, 5.4658225566e-19, 0.4, 5.749795373e-25],
      [0.068181818182, 0.11363636364, 0.18181818182, 0.54545454545, 0.090909090909],
      [0.07171314741, 0.067729083665, 0.19123505976, 0.56573705179, 0.10358565737],
      [0.075471698113, 0.056603773585, 0.20754716981, 0.56603773585, 0.094339622642],
      [0.068493150685, 0.054794520548, 0.19178082192, 0.58904109589, 0.095890410959],
      [0.057142857143, 0.057142857143, 0.17142857143, 0.6, 0.11428571429],
      [0.072463768116, 0.057971014493, 0.17391304348, 0.5652173913, 0.13043478261]
    ],
    [
      [0.25, 9.7154226262e-13, 0.375, 0.375, 9.6597244823e-13],
      [0.058823529412, 0.11764705882, 0.35294117647, 0.41176470588, 0.058823529412],
      [0.041666666667, 0.048611111111, 0.375, 0.45138888889, 0.083333333333],
      [0.04054054054, 0.027027027027, 0.40540540541, 0.44594594594, 0.081081081081],
      [0.02380952381, 0.02380952381, 0.40476190476, 0.47619047619, 0.071428571429],
      [0.038461538461, 1.4264210754e-13, 0.34615384615, 0.53846153846, 0.076923076924],
      [0.04255319149, 0.021276595745, 0.36170212766, 0.44680851064, 0.12765957447]
    ],
    [
      [0.11538461538, 0.038461538462, 0.23076923077, 0.57692307692, 0.038461538462],
      [0.018518518519, 0.11111111111, 0.24074074074, 0.57407407407, 0.055555555556],
      [0.032183908046, 0.062068965517, 0.25287356322, 0.5816091954, 0.071264367816],
      [0.031007751938, 0.062015503876, 0.25581395349, 0.58139534884, 0.06976744186],
      [0.032258064516, 0.05376344086, 0.25806451613, 0.59139784946, 0.064516129032],
      [0.027777777778, 0.055555555556, 0.22222222222, 0.61111111111, 0.083333333333],
      [0.02380952381, 0.059523809524, 0.2380952381, 0.57142857143, 0.10714285714]
    ],
    [
      [0.33333333222, 1.0432008821e-09, 0.11111111083, 0.5555555555, 4.069779477e-10],
      [0.043478260864, 0.17391304311, 0.17391304359, 0.5652173914, 0.043478261037],
      [0.037383177625, 0.074766355102, 0.22429906531, 0.59813084131, 0.06542056065],
      [0.034482758634, 0.068965517224, 0.24137931064, 0.62068965443, 0.034482759077],
      [0.041666666649, 0.041666666535, 0.20833333324, 0.6666666669, 0.041666666671],
      [4.9394303272e-11, 9.4987945853e-10, 0.2000000003, 0.69999999841, 0.10000000029],
      [1.8082186931e-10, 0.047619047493, 0.19047619061, 0.57142857188, 0.19047618984]
    ],
    [
      [0.25, 1.6482413069e-21, 0.125, 0.625, 1.0803161055e-21],
      [0.033333333333, 0.1, 0.13333333333, 0.66666666667, 0.066666666667],
      [0.028503562945, 0.04513064133, 0.16389548694, 0.68408551069, 0.0783847981],
      [0.028985507246, 0.04347826087, 0.17391304348, 0.68115942029, 0.072463768116],
      [0.03, 0.04, 0.16, 0.69, 0.08],
      [1.7460119879e-22, 0.04, 0.12, 0.72, 0.12],
      [0.030303030303, 0.030303030303, 0.15151515152, 0.68181818182, 0.10606060606]
    ],
    [
      [0.99999999788, 3.1138142751e-12, 2.7177224572e-11, 2.0330144244e-09, 5.9234622457e-11],
      [0.19999999959, 1.5603105707e-10, 0.13333333398, 0.5999999996, 0.066666666674],
      [0.05228758177, 0.045751633934, 0.15686274503, 0.6339869282, 0.11111111107],
      [0.032258064471, 0.032258064571, 0.22580645126, 0.61290322597, 0.096774193723],
      [0.045454545378, 0.022727272776, 0.13636363644, 0.68181818192, 0.11363636349],
      [0.052631579058, 1.995359545e-10, 0.10526315818, 0.73684210435, 0.10526315821],
      [0.032258064521, 0.032258064453, 0.12903225814, 0.61290322573, 0.19354838716]
    ],
    [
      [0.45176579756, 3.3629309244e-06, 3.0855041531e-05, 0.54818406826, 1.5916210863e-05],
      [0.45178483363, 0.00014037318766, 1.8416652309e-05, 0.54802899279, 2.738374594e-05],
      [0.054008877163, 0.043855414593, 0.079722311572, 0.76407941843, 0.058333978245],
      [0.019250408955, 1.303638797e-05, 0.3614464084, 0.61923917561, 5.09706467e-05],
      [0.0064398268998, 0.0064186438595, 0.060295213757, 0.92681407991, 3.2235576822e-05],
      [0.024121267014, 9.3779852032e-06, 9.7302081439e-05, 0.9516877086, 0.024084344315],
      [0.0050933765132, 1.0435641446e-05, 0.062766645789, 0.7368077751, 0.19532176696]
    ],
    [
      [0.14285714286, 2.0243276298e-34, 0.21428571429, 0.57142857143, 0.071428571429],
      [0.045454545455, 0.072727272727, 0.23636363636, 0.58181818182, 0.063636363636],
      [0.037996545769, 0.067357512953, 0.24006908463, 0.58203799655, 0.072538860104],
      [0.037735849057, 0.062893081761, 0.25157232704, 0.5786163522, 0.069182389937],
      [0.033707865169, 0.056179775281, 0.25842696629, 0.58426966292, 0.067415730337],
      [0.032258064516, 0.064516129032, 0.22580645161, 0.61290322581, 0.064516129032],
      [0.029411764706, 0.058823529412, 0.23529411765, 0.57843137255, 0.098039215686]
    ],
    [
      [0.24999999999, 1.587356244e-11, 0.24999999999, 0.41666666665, 0.083333333349],
      [0.033333333337, 0.13333333335, 0.29999999999, 0.43333333333, 0.09999999999],
      [0.054421768706, 0.068027210885, 0.33333333333, 0.43537414966, 0.10884353742],
      [0.052631578952, 0.052631578942, 0.35087719298, 0.43859649123, 0.10526315789],
      [0.041666666669, 0.041666666663, 0.375, 0.4375, 0.10416666667],
      [0.045454545455, 0.045454545452, 0.31818181817, 0.47727272729, 0.11363636363],
      [0.052631578946, 0.052631578944, 0.31578947369, 0.43859649123, 0.14035087719]
    ],
    [
      [0.17647058824, 0.058823529412, 0.29411764706, 0.41176470588, 0.058823529412],
      [0.050847457627, 0.1186440678, 0.33898305085, 0.4406779661, 0.050847457627],
      [0.039800995025, 0.10447761194, 0.35323383085, 0.44278606965, 0.059701492537],
      [0.035714285714, 0.098214285714, 0.36607142857, 0.44642857143, 0.053571428571],
      [0.031746031746, 0.095238095238, 0.34920634921, 0.47619047619, 0.047619047619],
      [0.028571428571, 0.085714285714, 0.34285714286, 0.45714285714, 0.085714285714],
      [0.024390243902, 0.09756097561, 0.34146341463, 0.43902439024, 0.09756097561]
    ],
    [
      [0.1, 0.025, 0.35, 0.475, 0.05],
      [0.02380952381, 0.071428571429, 0.35714285714, 0.47619047619, 0.071428571429],
      [0.03196347032, 0.050228310502, 0.36073059361, 0.48401826484, 0.073059360731],
      [0.032258064516, 0.046082949309, 0.36405529954, 0.48387096774, 0.073732718894],
      [0.027272727273, 0.045454545455, 0.35454545455, 0.5, 0.072727272727],
      [0.027397260274, 0.041095890411, 0.35616438356, 0.50684931507, 0.068493150685],
      [0.026666666667, 0.04, 0.34666666667, 0.48, 0.10666666667]
    ],
    [
      [0.081081081081, 0.027027027027, 0.40540540541, 0.43243243243, 0.054054054054],
      [0.030303030303, 0.075757575758, 0.40909090909, 0.42424242424, 0.060606060606],
      [0.027586206897, 0.048275862069, 0.42068965517, 0.43103448276, 0.072413793103],
      [0.029850746269, 0.044776119403, 0.42786069652, 0.42786069652, 0.069651741294],
      [0.024096385542, 0.036144578313, 0.40963855422, 0.4578313253, 0.072289156627],
      [0.028985507246, 0.04347826087, 0.40579710145, 0.4347826087, 0.086956521739],
      [0.017857142857, 0.035714285714, 0.41071428571, 0.42857142857, 0.10714285714]
    ],
    [
      [0.15384615385, 5.0255371772e-30, 0.26923076923, 0.5, 0.076923076923],
      [0.071428571429, 0.071428571429, 0.28571428571, 0.5, 0.071428571429],
      [0.063660477454, 0.042440318302, 0.3023872679, 0.49867374005, 0.092838196286],
      [0.058333333333, 0.033333333333, 0.31666666667, 0.5, 0.091666666667],
      [0.063636363636, 0.027272727273, 0.31818181818, 0.5, 0.090909090909],
      [0.063291139241, 0.025316455696, 0.29113924051, 0.50632911392, 0.11392405063],
      [0.066037735849, 0.028301886792, 0.30188679245, 0.5, 0.10377358491]
    ],
    [
      [0.49999999971, 9.5294785717e-12, 8.8504930059e-12, 0.49999999987, 4.049943844e-10],
      [0.11111111104, 0.11111111113, 0.16666666656, 0.55555555563, 0.055555555641],
      [0.036764705874, 0.095588235273, 0.16176470587, 0.60294117651, 0.10294117647],
      [5.653554684e-11, 0.076923076965, 0.26923076909, 0.57692307697, 0.076923076918],
      [0.033333333331, 0.066666666633, 0.16666666685, 0.63333333316, 0.10000000003],
      [5.2541662427e-13, 1.0539495972e-10, 0.10000000012, 0.7999999998, 0.099999999976],
      [8.1245753551e-11, 0.047619047687, 0.14285714285, 0.5714285714, 0.23809523797]
    ],
    [
      [0.085714285714, 0.028571428571, 0.28571428571, 0.51428571429, 0.085714285714],
      [0.038834951456, 0.067961165049, 0.28155339806, 0.52427184466, 0.087378640777],
      [0.034375, 0.046875, 0.2921875, 0.5328125, 0.09375],
      [0.032407407407, 0.046296296296, 0.2962962963, 0.53240740741, 0.092592592593],
      [0.033816425121, 0.04347826087, 0.29468599034, 0.53623188406, 0.091787439614],
      [0.030612244898, 0.040816326531, 0.28571428571, 0.55102040816, 0.091836734694],
      [0.02752293578, 0.045871559633, 0.28440366972, 0.53211009174, 0.11009174312]
    ],
    [
      [0.17391304348, 8.4373825619e-35, 0.26086956522, 0.52173913043, 0.04347826087],
      [0.032258064516, 0.064516129032, 0.27419354839, 0.54838709677, 0.08064516129],
      [0.040066777963, 0.038397328881, 0.2754590985, 0.56260434057, 0.08347245409],
      [0.035532994924, 0.035532994924, 0.28426395939, 0.56345177665, 0.081218274112],
      [0.037735849057, 0.028301886792, 0.27358490566, 0.58490566038, 0.075471698113],
      [0.0375, 0.025, 0.275, 0.5625, 0.1],
      [0.032520325203, 0.032520325203, 0.27642276423, 0.56097560976, 0.09756097561]
    ],
    [
      [0.2, 2.4590918856e-29, 0.2, 0.53333333333, 0.066666666667],
      [0.055555555556, 0.092592592593, 0.24074074074, 0.51851851852, 0.092592592593],
      [0.047244094488, 0.060367454068, 0.25459317585, 0.53280839895, 0.10498687664],
      [0.047619047619, 0.047619047619, 0.27380952381, 0.52380952381, 0.10714285714],
      [0.047058823529, 0.047058823529, 0.24705882353, 0.55294117647, 0.10588235294],
      [0.046153846154, 0.046153846154, 0.24615384615, 0.55384615385, 0.10769230769],
      [0.04, 0.05, 0.25, 0.53, 0.13]
    ],
    [
      [0.13333333333, 8.7591264203e-25, 0.2, 0.6, 0.066666666667],
      [0.041666666667, 0.0625, 0.1875, 0.625, 0.083333333333],
      [0.028871391076, 0.055118110236, 0.20472440945, 0.62729658793, 0.083989501312],
      [0.016393442623, 0.049180327869, 0.22950819672, 0.62295081967, 0.081967213115],
