{
  "X": [
    [29, 181, 806, 69, 88],
    [44, 190, 902, 70, 128],
    [0, 0, 4, 0, 3],
    [2, 43, 45, 14, 6],
    [3, 19, 47, 5, 9],
    [13, 126, 139, 49, 34],
    [27, 79, 191, 30, 24],
    [67, 228, 579, 81, 83],
    [53, 236, 526, 99, 101],
    [70, 184, 603, 54, 106],
    [44, 126, 407, 55, 62],
    [12, 67, 279, 41, 47],
    [3, 12, 37, 2, 8],
    [0, 9, 16, 1, 3],
    [1, 1, 4, 0, 1],
    [27, 185, 721, 79, 89],
    [91, 523, 881, 232, 194],
    [32, 384, 662, 144, 98],
    [83, 696, 806, 379, 212],
    [81, 424, 1129, 199, 144],
    [18, 99, 302, 54, 49],
    [35, 171, 172, 77, 61],
    [50, 293, 444, 103, 106],
    [111, 558, 1312, 235, 220],
    [61, 302, 919, 160, 98],
    [50, 298, 754, 213, 110],
    [20, 70, 234, 41, 40],
    [88, 411, 957, 211, 144],
    [60, 380, 433, 145, 116],
    [24, 143, 332, 95, 60],
    [68, 214, 764, 127, 117],
    [8, 34, 141, 12, 15],
    [2, 17, 37, 6, 10],
    [2, 10, 21, 4, 3],
    [0, 1, 3, 0, 0],
    [11, 169, 254, 121, 65],
    [174, 740, 2652, 378, 300],
    [24, 86, 232, 53, 34],
    [173, 547, 1172, 128, 223],
    [36, 83, 303, 15, 34]
  ],
  "W": [
    [24, 58, 48, 193, 832, 18],
    [35, 90, 60, 172, 964, 13],
    [0, 1, 0, 1, 2, 3],
    [2, 5, 17, 34, 47, 5],
    [7, 3, 8, 15, 49, 1],
    [13, 22, 38, 123, 158, 7],
    [23, 6, 29, 91, 199, 3],
    [53, 38, 74, 229, 626, 18],
    [39, 39, 82, 255, 583, 17],
    [65, 23, 48, 194, 660, 27],
    [34, 10, 45, 156, 430, 19],
    [17, 10, 22, 92, 299, 6],
    [4, 6, 6, 9, 35, 2],
    [3, 2, 2, 5, 17, 0],
    [0, 0, 1, 2, 3, 1],
    [26, 54, 59, 209, 732, 21],
    [88, 131, 193, 565, 911, 33],
    [41, 79, 144, 349, 687, 20],
    [100, 150, 262, 799, 817, 48],
    [55, 83, 121, 479, 1204, 35],
    [14, 29, 30, 110, 327, 12],
    [31, 49, 47, 223, 160, 6],
    [53, 62, 102, 280, 482, 17],
    [94, 131, 170, 585, 1415, 41],
    [50, 52, 94, 368, 950, 26],
    [41, 71, 70, 443, 775, 25],
    [11, 30, 18, 93, 242, 11],
    [65, 85, 127, 495, 1007, 32],
    [64, 82, 132, 390, 438, 28],
    [28, 34, 54, 184, 343, 11],
    [56, 63, 77, 282, 791, 21],
    [7, 13, 12, 32, 143, 3],
    [2, 9, 5, 23, 31, 2],
    [1, 4, 6, 13, 16, 0],
    [0, 0, 0, 1, 3, 0],
    [6, 22, 88, 236, 221, 47],
    [120, 189, 227, 894, 2752, 62],
    [17, 15, 39, 116, 236, 6],
    [150, 108, 256, 496, 1177, 56],
    [22, 35, 43, 73, 287, 11]
  ],
  "method": "mvn_pdf",
  "cond_prob": [
    [
      [0.550943424, 0.19933985004, 0.011795480468, 0.00046863251086, 0.23745261298],
      [0.0026890371332, 0.38531812203, 0.28734335286, 0.035882333551, 0.28876715443],
      [0.046185593954, 0.77923306401, 0.065193383303, 0.022115243626, 0.087272715106],
      [0.016817420552, 0.48584157758, 0.085424811616, 0.32920302798, 0.082713162271],
      [0.011940165773, 0.025894380456, 0.91514526304, 0.0016904201217, 0.045329770609],
      [0.012472503912, 0.064036468685, 0.44632578406, 0.050190657706, 0.42697458564]
    ],
    [
      [0.56747788874, 0.16930208594, 0.0090187840558, 0.00047940380994, 0.25372183745],
      [0.0032299237647, 0.36597458124, 0.24601261022, 0.039670421815, 0.34511246297],
      [0.054647749599, 0.75661872816, 0.057075898034, 0.025004173273, 0.10665345093],
      [0.019490896675, 0.45371738579, 0.071777457966, 0.35793901833, 0.097075241236],
      [0.017668937776, 0.027932600379, 0.89099444518, 0.002741159433, 0.060662857232],
      [0.014109656562, 0.059474913042, 0.3734066025, 0.054203358497, 0.4988054694]
    ],
    [
      [0.093749155422, 0.0065012873906, 0.019583930581, 5.4957927498e-06, 0.88016013081],
      [0, 0, 0.37950461817, 0, 0.62049538183],
      [3.3209045766e-05, 0.40474347161, 0.18684857023, 0.0055020621723, 0.40287268695],
      [0, 0, 0.57318147862, 0, 0.42681852138],
      [0, 0, 0.95892831845, 0, 0.041071681545],
      [0, 0, 0.37648575543, 0, 0.62351424457]
    ],
    [
      [0.44698592829, 0.3886277439, 0.0074256156235, 0.0011807905207, 0.15577992166],
      [0.0014293026336, 0.63633706864, 0.15160948021, 0.052675377739, 0.15794877078],
      [0.01835973707, 0.9022289054, 0.023948920335, 0.025252530037, 0.030209907159],
      [0.0057261115359, 0.57775629646, 0.03277951393, 0.35664934174, 0.027088736334],
      [0.01141804725, 0.069803011869, 0.87006871534, 0.013449052011, 0.035261173526],
      [0.011086017418, 0.15574242795, 0.36244732545, 0.10935709119, 0.361367138]
    ],
    [
      [0.37753562244, 0.26374892226, 0.012154255683, 0.00075659753607, 0.34580460208],
      [0.0010264983152, 0.4021546213, 0.23895680284, 0.030361016283, 0.32750106126],
      [0.021124575119, 0.81615905029, 0.050997167425, 0.01860879562, 0.093110411546],
      [0.0068128464659, 0.52727716334, 0.070075819943, 0.3024669058, 0.093367264456],
      [0.0015680229501, 0.029451194046, 0.90522483826, 0.0035803964646, 0.060175548282],
      [0.0061487254921, 0.065755319616, 0.38291808856, 0.042307389745, 0.50287047659]
    ],
    [
      [0.50120075455, 0.28154971138, 0.0052491683175, 0.0010004245778, 0.21099994117],
      [0.0024956208802, 0.55399838533, 0.13155836009, 0.051296645192, 0.2606509885],
      [0.03192696548, 0.86016620714, 0.022675374666, 0.024954718894, 0.060276733816],
      [0.011847544286, 0.53684824724, 0.029540817176, 0.36381652961, 0.057946861682],
      [0.023140742194, 0.067067972999, 0.82068633821, 0.0095741161799, 0.079530830415],
      [0.014682375617, 0.11949989407, 0.26769295747, 0.092577924226, 0.50554684862]
    ],
    [
      [0.71297569244, 0.13569480342, 0.0071465426842, 0.00023431652785, 0.14394864493],
      [0.0054280493906, 0.41005500446, 0.27544233511, 0.035593292676, 0.27348131836],
      [0.083132685851, 0.76433603591, 0.05692531828, 0.02009112643, 0.075514833529],
      [0.031992541926, 0.49886874858, 0.077863409011, 0.31607070591, 0.075204594571],
      [0.025989095355, 0.028380655194, 0.90014096105, 0.0014249302203, 0.044064358178],
      [0.024997198961, 0.069379316237, 0.43950660271, 0.050804315179, 0.41531256691]
    ],
    [
      [0.68183068477, 0.15876619921, 0.0060676919309, 0.00034480768879, 0.1529906164],
      [0.0050600986612, 0.45857205551, 0.21826759983, 0.040152997318, 0.27794724868],
      [0.072889437324, 0.79179470638, 0.042382007044, 0.021125314578, 0.071808534678],
      [0.027712927799, 0.51519822457, 0.058015528533, 0.32795157527, 0.07112174382],
      [0.029508591201, 0.038454048093, 0.87415651276, 0.0026771856257, 0.055203662317],
      [0.025457391015, 0.084123195932, 0.37446899939, 0.061989393128, 0.45396102053]
    ],
    [
      [0.62766804012, 0.16463722882, 0.0057674837509, 0.00046097312742, 0.20146627417],
      [0.0042610367996, 0.43204320845, 0.1865758151, 0.044300820574, 0.33281911907],
      [0.06405235786, 0.78324529866, 0.038221264092, 0.02452901192, 0.089952067474],
      [0.023220903045, 0.48304411272, 0.049965564228, 0.36003452385, 0.083734896159],
      [0.028868806112, 0.041204336627, 0.85309956627, 0.0039601927551, 0.072867098234],
      [0.020625200911, 0.076763027007, 0.30977656912, 0.066195006519, 0.52664019645]
    ],
    [
      [0.64496335699, 0.1452541207, 0.00640739933, 0, 0.20337512298],
      [0.0046280925968, 0.39977416943, 0.21471171981, 0.027877093201, 0.35300892496],
      [0.073026974242, 0.76410007837, 0.046150564384, 0.016098969497, 0.10062341351],
      [0.032247284578, 0.52939752155, 0.067407734486, 0.26553857321, 0.10540888618],
      [0.026721768327, 0.036599591062, 0.8684593631, 0, 0.068219277508],
      [0.021233355491, 0.067704563497, 0.33961637999, 0.039688634021, 0.531757067]
    ],
    [
      [0.68911441572, 0.12455247358, 0.0069551483548, 0.00031346187974, 0.17906450047],
      [0.0052338631881, 0.36717152706, 0.25922097982, 0.03608490945, 0.33228872048],
      [0.086285135984, 0.73471461374, 0.057972029731, 0.021988980049, 0.099039240493],
      [0.032030375594, 0.46406722715, 0.076768307165, 0.331939617, 0.095194473096],
      [0.026055287804, 0.02677270123, 0.88872310563, 0.0021543721352, 0.056294533205],
      [0.022864619269, 0.059189160276, 0.39135697277, 0.048948885791, 0.47764036189]
    ],
    [
      [0.43895481301, 0.18382941744, 0.010955664483, 0.0007545521214, 0.36550555295],
      [0.0018870977801, 0.31873554942, 0.2347464063, 0.045676358309, 0.39895458819],
      [0.036808990366, 0.73511736951, 0.060461129912, 0.032078668406, 0.1355338418],
      [0.011115799864, 0.39524627072, 0.06927125543, 0.41477817876, 0.10958849523],
      [0.0088223656574, 0.026285825493, 0.89210553312, 0.0043872138749, 0.068399061853],
      [0.0080930823113, 0.048807258587, 0.33727247998, 0.058884821975, 0.54694235715]
    ],
    [
      [0.5405305228, 0.15041237163, 0.012773954151, 0, 0.29628315142],
      [0.0025215018206, 0.29076259455, 0.32908203887, 0.015448363232, 0.36218550152],
      [0.044475866417, 0.73406864585, 0.084971735077, 0.011416137221, 0.12506761544],
      [0.030778142812, 0.50932597154, 0.12566479539, 0.20007637421, 0.13415471604],
      [0.0074668175875, 0.016665794096, 0.9263835908, 0, 0.049483797521],
      [0.0087758992525, 0.041063266943, 0.45508635166, 0.019062814681, 0.47601166746]
    ],
    [
      [0, 0.67215930861, 0.011738191301, 0.0014880642307, 0.31461443586],
      [0, 0.61749908403, 0.15930775072, 0.018368673706, 0.20482449155],
      [0, 0.92714031489, 0.023241373045, 0.0083103559254, 0.041307956144],
      [0, 0.73682935648, 0.041899840153, 0.16309200468, 0.058178798684],
      [0, 0.012358617292, 0.90530517516, 0.0074539838017, 0.074882223742],
      [0.0024299545481, 0.12819351769, 0.37328278821, 0.032633686278, 0.46346005328]
    ],
    [
      [1, 5.2073281942e-105, 6.6495262771e-106, 3.3284395278e-108, 2.6417859892e-103],
      [0.015479700942, 0.026556906282, 0.63398710555, 0.0012235029127, 0.32275278431],
      [0.77048346467, 0.1169203665, 0.047946443773, 0, 0.064649725054],
      [0.11129980543, 0.42420400242, 0.28341452158, 0, 0.18108167058],
      [0, 0, 0.90094403134, 0, 0.099055968661],
      [0.0069169244742, 0.034671628668, 0.68239241906, 0, 0.2760190278]
    ],
    [
      [0.53082941248, 0.19767293765, 0.012780215179, 0.00053385745725, 0.25818357723],
      [0.0023926492992, 0.36417784842, 0.2963041566, 0.037790364013, 0.29933498167],
      [0.044109615533, 0.7672892297, 0.070086205832, 0.024275869972, 0.094239078965],
      [0.015185159424, 0.46155693771, 0.088761331214, 0.34829922569, 0.086197345967],
      [0.0096443476311, 0.023527848667, 0.91881930863, 0.0022391755608, 0.045769319516],
      [0.011114481484, 0.058907145195, 0.44787388891, 0.051407097244, 0.43069738716]
    ],
    [
      [0.57744988314, 0.19078966893, 0.0077337252861, 0.00056251551542, 0.22346420713],
      [0.0033904380633, 0.42174324654, 0.21648295984, 0.047418994626, 0.31096436093],
      [0.051880642089, 0.78843011128, 0.045482137631, 0.027066991976, 0.087140117028],
      [0.018308933466, 0.46654459109, 0.056354315139, 0.3805416649, 0.078250495402],
      [0.020697833211, 0.035951763698, 0.87775068026, 0.0035106434557, 0.062089079375],
      [0.015970470028, 0.074102474704, 0.35488042736, 0.070013455442, 0.48503317247]
    ],
    [
      [0.46224138388, 0.29941790439, 0.010176607716, 0.0008781702457, 0.22728593377],
      [0.0015511341855, 0.49835052606, 0.21164064814, 0.050512133768, 0.23794555785],
      [0.027387298846, 0.84513670447, 0.040738800202, 0.026382445689, 0.060354750794],
      [0.0080272327093, 0.51003019361, 0.052057103343, 0.37472778531, 0.055157685022],
      [0.0086853878362, 0.044667990179, 0.89233209513, 0.0054193142972, 0.048895212556],
      [0.010671348373, 0.098352104678, 0.3898341115, 0.08356991384, 0.41757252161]
    ],
    [
      [0.51119904454, 0.23905454975, 0.0081960909536, 0.00076475598165, 0.24078555877],
      [0.002276500808, 0.45147018675, 0.19726436063, 0.062653769719, 0.28633518209],
      [0.03731990546, 0.81142532794, 0.039737100185, 0.034208007388, 0.077309659029],
      [0.010631913203, 0.43994228836, 0.044632582465, 0.44115877096, 0.063634445006],
      [0.015497018779, 0.044396421305, 0.87300345801, 0.0041774409873, 0.06292566092],
      [0.012600879221, 0.083225343398, 0.33904912456, 0.097169452578, 0.46795520025]
    ],
    [
      [0.62907241063, 0.19128113286, 0.0073874006196, 0.00055565234757, 0.17170340354],
      [0.0040025195211, 0.46032349208, 0.22470411305, 0.050919913042, 0.26004996231],
      [0.057287143028, 0.80347980406, 0.044086895997, 0.027135483953, 0.068010672965],
      [0.020352687296, 0.47876613273, 0.055055358142, 0.38439082859, 0.061434993241],
      [0.02382991071, 0.037990742488, 0.88426154779, 0.0037906764149, 0.050127122599],
      [0.01991183654, 0.085194286415, 0.38818048801, 0.079214613788, 0.42749877525]
    ],
    [
      [0.56605525147, 0.19886009282, 0.007517192878, 0.00069311695704, 0.22687434587],
      [0.0031596707532, 0.42602537466, 0.20426224984, 0.061040537968, 0.30551216678],
      [0.047357958699, 0.7914647224, 0.042306570407, 0.034464729839, 0.084406018652],
      [0.015258805878, 0.42383824098, 0.04731321395, 0.44468482179, 0.068904917402],
      [0.020508760394, 0.038514657687, 0.87291218129, 0.0036144266402, 0.064449973993],
      [0.014835330936, 0.075065132643, 0.33793501059, 0.090744246516, 0.48142027932]
    ],
    [
      [0.66258268298, 0.13853922418, 0.0066541990664, 0.0002560283998, 0.19196786537],
      [0.0046499889614, 0.38731077537, 0.23325230413, 0.036642419252, 0.33814451228],
      [0.076208815573, 0.753260362, 0.050844166641, 0.021677049151, 0.098009606632],
      [0.028242521049, 0.47961272395, 0.068163468946, 0.3298190598, 0.094162226248],
      [0.02640004497, 0.031152760149, 0.8787461907, 0.0019998591404, 0.061701145043],
      [0.021363941241, 0.064289996247, 0.36247283467, 0.051355911244, 0.5005173166]
    ],
    [
      [0.54882158723, 0.21569507306, 0.0065069577007, 0.0005617931705, 0.22841458884],
      [0.0031554125213, 0.46769903047, 0.17554441326, 0.042034739352, 0.31156640439],
      [0.044856362238, 0.81682058321, 0.034590869385, 0.022470438273, 0.08126174689],
      [0.01709151962, 0.51916218264, 0.046416126852, 0.33905274268, 0.078277428212],
      [0.023001041148, 0.046462829962, 0.85270648161, 0.0041675262328, 0.073662121049],
      [0.01584376619, 0.087919210072, 0.30835701697, 0.066386519035, 0.52149348773]
    ],
    [
      [0.59667055206, 0.19442952241, 0.006999158033, 0.0005386808537, 0.20136208665],
      [0.0036657076828, 0.45065593241, 0.2047899133, 0.047135386426, 0.29375306019],
      [0.05350625509, 0.80154759378, 0.040978909835, 0.025601463703, 0.078365777594],
      [0.019348453173, 0.48674231781, 0.052197029427, 0.36939960302, 0.072312596574],
      [0.023518135263, 0.039786807043, 0.87114924045, 0.0037817052437, 0.061764111998],
      [0.018041232481, 0.082488266384, 0.34967678967, 0.072499972273, 0.47729373919]
    ],
    [
      [0.61838449975, 0.19208438975, 0.0096985204504, 0.00061803753372, 0.17921455252],
      [0.0036021523588, 0.42457100837, 0.26964739282, 0.052863430064, 0.24931601639],
      [0.054945914836, 0.78940662118, 0.056383821753, 0.029985268949, 0.069278373283],
      [0.018611256668, 0.44885484388, 0.067436746132, 0.40581365411, 0.059283499213],
      [0.018355129084, 0.030524744452, 0.90830619405, 0.003194323355, 0.039619609055],
      [0.017008923516, 0.074491381175, 0.44175859149, 0.077982791487, 0.38875831233]
    ],
    [
      [0.5949825627, 0.19039335191, 0.0092141705967, 0.00067821209098, 0.2047317027],
      [0.0033511277059, 0.40810801449, 0.24941260465, 0.062914537179, 0.27621371598],
      [0.052539460651, 0.77851229175, 0.053452824937, 0.036560056931, 0.078935365734],
      [0.016312076651, 0.40701896746, 0.058638827393, 0.45532918638, 0.062700942117],
      [0.018161558922, 0.031815232909, 0.89829232972, 0.0025233900891, 0.049207488355],
      [0.015542579823, 0.070245401209, 0.40074681034, 0.091184011835, 0.42228119679]
    ],
    [
      [0.72042378053, 0.11174128664, 0.0063161018748, 0.00041553496807, 0.16110329598],
      [0.0056557615414, 0.36108396365, 0.25732912234, 0.048199229888, 0.32773192258],
      [0.095145635119, 0.7212921173, 0.05723063721, 0.029268759445, 0.097062850923],
      [0.031821759815, 0.4120343913, 0.068712819995, 0.4025769829, 0.084854045992],
      [0.028753808065, 0.024805437358, 0.88657264317, 0.0036008376147, 0.056267273788],
      [0.025018083746, 0.057541326742, 0.38542053016, 0.064686585142, 0.46733347421]
    ],
    [
      [0.65027289593, 0.16965747403, 0.007150515309, 0.00052148609961, 0.17239762863],
      [0.0043779651945, 0.43416117625, 0.23158892927, 0.05216816999, 0.2777037593],
      [0.065102007769, 0.78400038345, 0.046987823234, 0.028740762052, 0.075169023499],
      [0.022468720276, 0.45612077713, 0.057235649924, 0.39774998246, 0.066424870215],
      [0.025121370536, 0.035002950313, 0.88405181425, 0.0034731958049, 0.052350669098],
      [0.021029470931, 0.077273745808, 0.38471500953, 0.078061958831, 0.4389198149]
    ],
    [
      [0.57086870238, 0.21267091164, 0.0071536691722, 0.00055406615148, 0.20875265065],
      [0.0033234732936, 0.46613649763, 0.19935872087, 0.043307846694, 0.28787346152],
      [0.047328299219, 0.81492205518, 0.039069020829, 0.023160151583, 0.075520473192],
      [0.017848039868, 0.5123885724, 0.051410978728, 0.34577333503, 0.072579073969],
      [0.021731718783, 0.041828729195, 0.87036325198, 0.0036457370611, 0.062430562983],
      [0.016618370174, 0.087272533651, 0.34886618721, 0.068132958316, 0.47910995065]
    ],
    [
      [0.52611951709, 0.20615692879, 0.0099284197945, 0.00072017188595, 0.25707496244],
      [0.0024676284112, 0.38905823764, 0.2359070619, 0.067308318193, 0.30525875385],
      [0.04199141776, 0.77410795387, 0.052606429543, 0.040559215676, 0.090734983151],
      [0.011745916634, 0.3825981193, 0.054694430531, 0.48235323926, 0.068608294269],
      [0.013491371471, 0.032305694841, 0.89421984952, 0.0020369494554, 0.057946134713],
      [0.011675320125, 0.065353556634, 0.37083939478, 0.095407730402, 0.45672399806]
    ],
    [
      [0.65613012608, 0.13176441964, 0.0084609550449, 0.00053087990909, 0.20311361933],
      [0.0044671075241, 0.34056860991, 0.27542442529, 0.049239420687, 0.33030043659],
      [0.077365567533, 0.72080738795, 0.065425222349, 0.03180086196, 0.1046009602],
      [0.025338840797, 0.39555913044, 0.0754599736, 0.41616187961, 0.087480175553],
      [0.02209581888, 0.021485664421, 0.89935867743, 0.0034135366266, 0.053646302637],
      [0.018799553638, 0.053350755406, 0.40306091414, 0.064845872758, 0.45994290406]
    ],
    [
      [0.62381995501, 0.17100056612, 0.01103917634, 0.00044058066281, 0.19369972186],
      [0.003413523765, 0.37988494782, 0.31066964393, 0.036115704886, 0.2699161796],
      [0.055244401464, 0.7731056434, 0.069253548691, 0.022231804367, 0.080164602073],
      [0.020439436405, 0.47697560038, 0.089951995911, 0.33698759577, 0.07564537154],
      [0.015577537008, 0.021954678645, 0.92125192069, 0.002298225732, 0.038917637923],
      [0.014767310421, 0.061495245441, 0.4784964274, 0.0494602584, 0.39578075834]
    ],
    [
      [0.52547156197, 0.14035381022, 0.015563273498, 0.00019383354313, 0.31841752076],
      [0.0025446584167, 0.25019059953, 0.36860413164, 0.01843341173, 0.36022719868],
      [0.043254286414, 0.69389115072, 0.1070623393, 0.015492400872, 0.1402998227],
      [0.018626364106, 0.45114932172, 0.14223154146, 0.24839122738, 0.13960154534],
      [0.0086095363824, 0.017839725078, 0.93128108703, 0, 0.04226965151],
      [0.0072907579784, 0.034327676615, 0.48754271016, 0.021625696605, 0.44921315864]
    ],
    [
      [0.8023727689, 0.072058626995, 0.013200751632, 0.00088112589217, 0.11148672658],
      [0.0049704034961, 0.19787135371, 0.57331567785, 0.02072590573, 0.20311665921],
      [0.082712246034, 0.63692165029, 0.1681141063, 0.021382346321, 0.090869651055],
      [0.034462249731, 0.39208610356, 0.20719703141, 0.27678200767, 0.089472607629],
      [0.0145914309, 0.013612919384, 0.93695565568, 0.011859692099, 0.022980301941],
      [0.010353512813, 0.02425991831, 0.72117872048, 0.018702010568, 0.22550583783]
    ],
    [
      [0.75851410593, 0.24148553737, 8.0594381023e-08, 6.6504038155e-10, 2.7544087108e-07],
      [6.4084448594e-15, 0.96999997955, 9.9355949708e-19, 0.03000002045, 1.2357852393e-53],
      [0, 0.99993344096, 1.6502292265e-09, 6.6557382506e-05, 3.5473990465e-12],
      [0, 0.99717778252, 0.0028222174842, 0, 0],
      [0, 0.0009407391614, 0.99905926084, 0, 0],
      [3.8992542247e-15, 0.99999999982, 4.2307687114e-15, 1.8089734344e-10, 1.5020892167e-190]
    ],
    [
      [0.50860707019, 0.19986909994, 0.013416910516, 0.00088074982468, 0.27722616953],
      [0.0020230092534, 0.34410738151, 0.29201182451, 0.061046801193, 0.30081098353],
      [0.039609095106, 0.74997251755, 0.071903129072, 0.040130263318, 0.098384994956],
      [0.0092032026411, 0.36727826967, 0.075161605027, 0.47386578955, 0.074491133111],
      [0.0082192431063, 0.022617708893, 0.91910585082, 0.0021574753902, 0.04789972179],
      [0.0091455841737, 0.054396939485, 0.4320687494, 0.081087112917, 0.42330161403]
    ],
    [
      [0.6519465439, 0.16055033696, 0.0089657707338, 0.00051116246589, 0.17802618593],
      [0.0042516669389, 0.39439383726, 0.27780798729, 0.048231369509, 0.275315139],
      [0.067616545598, 0.76338723041, 0.060541207113, 0.02850348588, 0.079951530994],
      [0.023265593476, 0.44158386623, 0.073488480308, 0.39158896831, 0.070073091676],
      [0.020938123105, 0.026895214103, 0.90551345099, 0.0029236961461, 0.04372951566],
      [0.019237717377, 0.066338990217, 0.43554557077, 0.068162756663, 0.41071496497]
    ],
    [
      [0.69518177038, 0.12416955694, 0.008127524517, 0.0004982551154, 0.17202289304],
      [0.0049716319193, 0.34904175175, 0.28942377759, 0.052336396204, 0.30422644254],
      [0.084212766166, 0.72247427124, 0.066674534339, 0.032991270207, 0.093647158049],
      [0.027209430606, 0.39036616156, 0.075717417986, 0.42903244493, 0.077674544918],
      [0.023475736586, 0.020616126831, 0.90496911887, 0.0031194634843, 0.047819554227],
      [0.021078293267, 0.054852333967, 0.42737267333, 0.069311198039, 0.42738550139]
    ],
    [
      [0.68761893347, 0.12891570827, 0.007659337245, 0, 0.17580602101],
      [0.005135141951, 0.37195348785, 0.27766830272, 0.024601885828, 0.32064118166],
      [0.0861484058, 0.74148350339, 0.062338879311, 0.014076779972, 0.095952431531],
      [0.045029970292, 0.51997958226, 0.091367908098, 0.24160376754, 0.10201877181],
      [0.020072594725, 0.030900173533, 0.89722887417, 0, 0.051798357569],
      [0.023004705499, 0.060580592085, 0.42048754103, 0.033997713516, 0.46192944787]
    ],
    [
      [0.81320156382, 0.075441404882, 0.0082233466555, 0, 0.10313368464],
      [0.0076394763263, 0.3047170288, 0.40602844682, 0.017583895546, 0.26403115252],
      [0.14765352633, 0.65818977147, 0.098294264683, 0.011121934115, 0.084740503398],
      [0.085717500857, 0.48227897381, 0.15078028567, 0.18713066523, 0.094092574428],
      [0.016986349171, 0.023258339734, 0.93121144762, 0, 0.02854386348],
      [0.032783865217, 0.044684029089, 0.55607191217, 0.022343811549, 0.34411638198]
    ]
  ],
  "expected_outcome": [
    [
      [13.2226421761, 19.8617261058, 0, 0.89397185659, 2.6427493571, 6.5156098092, 16.3984409262, 36.1370262927, 24.4790535648, 41.9226182042, 23.4298901345, 7.4622318212, 2.1621220912, 0, 0, 13.8015647246, 50.8155897164, 18.951896739, 51.119904454, 34.5989825848, 7.9247735205, 20.5400631724, 29.0875441231, 56.0870318933, 30.9192249873, 24.3942850705, 7.9246615859, 42.2677382355, 36.5355969526, 14.7313464784, 36.7432870606, 4.3667396851, 1.0509431239, 0.8023727689, 0, 3.0516424212, 78.2335852686, 11.8180900965, 103.1428400211, 17.8904344041],
      [4.7841564008, 5.925573008, 0, 0.7772554878, 1.8462424558, 3.6601462479, 3.1209804786, 8.4146085584, 6.4208519241, 9.4415178454, 4.2347841016, 3.1251000964, 0.60164948652, 2.0164779258, 0, 5.139496379, 16.789490866, 12.2761340802, 23.905454975, 10.5204623074, 2.7840412995, 4.2947159496, 11.431838872, 18.2763751063, 9.6042194877, 7.8061274285, 1.2291541531, 11.027735812, 13.6109383449, 5.7723940061, 7.3788074997, 1.1970039629, 0.28070762045, 0.072058626995, 0, 1.1992145996, 19.2660404354, 2.1108824681, 19.3373562411, 1.6597109074],
      [0.28309153124, 0.31565744195, 0, 0.014851231247, 0.085079789784, 0.068239188128, 0.16437048174, 0.32158767234, 0.22493186628, 0.41648095645, 0.23647504406, 0.18624629621, 0.051095816606, 0.035214573902, 0, 0.33228559466, 0.68056782518, 0.41724091635, 0.81960909536, 0.40630703408, 0.10524070029, 0.20628017106, 0.34486875814, 0.65792085511, 0.48492602252, 0.37778099447, 0.069477120623, 0.46478349509, 0.45783482702, 0.27799575425, 0.47381348252, 0.077274234382, 0.031126546996, 0.013200751632, 0, 0.080501463093, 1.0758924881, 0.13816791679, 1.1489005868, 0.18091362642],
      [0.011247180261, 0.016779133348, 0, 0.0023615810414, 0.0052961827525, 0.013005519511, 0.0053892801404, 0.018274807506, 0.017977951969, 0, 0.010657703911, 0.012827386064, 0, 0.004464192692, 0, 0.013880293889, 0.049501365357, 0.036004980074, 0.076475598165, 0.030560879117, 0.0097036373986, 0.0079368803939, 0.029775038037, 0.050636000248, 0.030901876686, 0.02780669573, 0.0045708846488, 0.033896596475, 0.035460233695, 0.020164812807, 0.029729274909, 0.0030840646397, 0.00038766708625, 0.00088112589217, 0, 0.0052844989481, 0.061339495906, 0.0084703369618, 0, 0],
      [5.6988627115, 8.8802643108, 0, 0.31155984332, 2.4206322146, 2.7429992352, 3.3108188333, 8.1085026691, 7.8571846928, 13.2193829939, 6.088193016, 6.2135944001, 1.1851326057, 0.94384330758, 0, 6.7127730079, 19.6648502271, 9.3187232844, 24.0785558775, 9.4436871946, 3.1762408422, 5.9510038266, 12.1059732087, 18.928036145, 8.9607276258, 8.3939998107, 1.7721362558, 11.2058458609, 13.3601696418, 7.1980989484, 11.3743626823, 1.355898053, 0.63683504153, 0.11148672658, 0, 1.6633570172, 21.363142312, 2.9243891817, 26.370903151, 2.2689410621]
    ],
    [
      [0.15596415372, 0.29069313882, 0, 0.007146513168, 0.0030794949455, 0.054903659363, 0.032568296344, 0.19228374912, 0.16618043518, 0.10644612973, 0.052338631881, 0.018870977801, 0.015129010923, 0, 0, 0.12920306215, 0.44414738629, 0.12253960065, 0.34147512121, 0.33220912025, 0.091630451843, 0.22784945911, 0.19563557632, 0.48020770645, 0.18731192266, 0.23793006712, 0.16967284624, 0.37212704153, 0.27252481008, 0.083899365982, 0.28142777402, 0.044375808945, 0.022901925751, 0.019881613984, 0, 0.044506203574, 0.80356505145, 0.07457447879, 0.55459533071, 0.26738167142],
      [22.3484510776, 32.9377123113, 0, 3.1816853432, 1.2064638639, 12.1879644773, 2.4603300268, 17.4257381093, 16.8496851295, 9.1948058969, 3.6717152706, 3.1873554942, 1.7445755673, 1.2349981681, 0, 19.6656038148, 55.2483652968, 39.3696915586, 67.720528013, 38.2068498424, 12.3547358652, 18.9782279933, 28.9973398893, 59.0359271451, 22.077692435, 28.9756690285, 10.8325189096, 36.9036999808, 38.2231928056, 13.2279800799, 21.4558224245, 4.9385043217, 2.2517153958, 0.79148541484, 0, 7.5703623932, 74.5404352421, 5.2356262763, 40.1709766876, 10.6650960079],
      [16.6659144659, 22.1411349194, 0.37950461817, 0.75804740105, 0.71687040853, 2.8942839221, 1.6526540107, 8.2941687936, 7.2764567891, 4.9383695556, 2.5922097982, 2.347464063, 1.9744922332, 0.31861550144, 0, 16.0004244562, 28.3592677385, 16.7196112027, 29.5896540941, 18.6504413834, 5.9236052454, 11.4293629023, 10.8837536222, 26.827478642, 14.0216644267, 17.7082949299, 7.7198736701, 19.685058988, 16.3474151111, 8.0208401047, 17.3517387932, 4.038705371, 3.3174371848, 2.2932627114, 0, 6.4242601393, 52.5057095985, 4.3413566638, 29.9881766933, 14.2109956385],
      [2.0811753459, 3.5703379634, 0, 0.26337688869, 0.091083048849, 1.1285261942, 0.21355975605, 1.5258138981, 1.7277320024, 0.64117314362, 0.3608490945, 0.45676358309, 0.092690179394, 0.036737347411, 0, 2.0406796567, 6.211888296, 3.9904585677, 9.3980654578, 4.2263527825, 1.7701756011, 1.7954785434, 2.6061538398, 6.1747356218, 2.7488983633, 4.4669321397, 1.4459768966, 4.4342944491, 3.5512434289, 2.2884828186, 3.1020835033, 0.46950416352, 0.16590070557, 0.08290362292, 0, 1.3430296263, 9.1157288373, 0.78504594306, 2.6570036695, 0.61543634409],
      [16.7484949568, 31.0601216671, 0.62049538183, 0.7897438539, 0.98250318379, 5.734321747, 1.6408879102, 10.5619954499, 12.9799456439, 8.1192052741, 3.3228872048, 3.9895458819, 2.1731130091, 0.4096489831, 0, 16.1640890101, 40.7363312824, 18.7976990704, 42.9502773139, 21.5841468715, 8.8598528365, 16.5690811019, 19.3171170724, 38.4816508847, 12.9644328523, 19.6111738348, 9.8319576774, 23.6048195405, 23.6056238443, 10.3787976309, 20.8089275049, 3.5089103348, 3.2420447881, 0.81246663686, 0, 6.6178416377, 52.0345612707, 4.5633966381, 34.629247619, 9.2410903381]
    ],
    [
      [2.2169085098, 3.2788649759, 0, 0.31211553019, 0.16899660095, 1.2132246882, 2.4108478897, 5.393818362, 5.2522933445, 3.5052947636, 3.8828311193, 0.80979778805, 0.2668551985, 0, 0.77048346467, 2.6024673165, 10.0129639231, 3.9437710339, 9.7778152306, 6.9317443064, 1.420738761, 3.5818143319, 4.5753489483, 9.0960633653, 5.1649159946, 3.6777622456, 1.7126214321, 8.2679549866, 6.2473354969, 2.2675365591, 5.9571487001, 0.66293281757, 0.21627143207, 0.49627347621, 0, 3.4856003693, 15.3489558508, 3.2842978805, 22.0539918848, 6.3491016324],
      [37.4031870725, 45.3971236899, 0, 15.3378913918, 6.5292724023, 32.6863158715, 22.1657450414, 58.5928082718, 64.2261144898, 36.6768037618, 33.0621576185, 16.1725821293, 4.4044118751, 1.8542806298, 0.1169203665, 45.2700645522, 152.1670114763, 121.6996854435, 212.5934359196, 97.2210562909, 23.7439416721, 35.4032370141, 83.3156994878, 136.2630909422, 74.2042223909, 54.4958604223, 12.9832581115, 99.5680486977, 107.5697112833, 41.8018295089, 55.5021688724, 9.2772677209, 3.4694557536, 3.8215299017, 0, 65.9975815443, 173.2889013042, 28.1764965783, 189.8197768669, 28.3021601731],
      [3.1292823986, 3.4245538821, 0, 0.4071316457, 0.4079773394, 0.86166423732, 1.6508342301, 3.1362685212, 3.1341436555, 2.2152270904, 2.6087413379, 1.3301448581, 0.50983041046, 0.04648274609, 0.047946443773, 4.1350861441, 8.7780525627, 5.8663872291, 10.4111202485, 5.3345144156, 1.2691971122, 2.3896758321, 3.5282686773, 6.9664146719, 5.3000792447, 3.7416977456, 1.0301514698, 5.9674535507, 5.1571107495, 2.8407471953, 5.0377421209, 0.83104258429, 0.53531169649, 1.0086846378, 0, 6.3274753583, 13.7428540147, 2.6003068392, 15.9587531035, 4.2266533814],
      [1.0615316941, 1.5002503964, 0, 0.42929301062, 0.14887036496, 0.94827931796, 0.58264266647, 1.5632732788, 2.0113789774, 0.77275053585, 0.9895041022, 0.70573070492, 0.068496823323, 0.016620711851, 0, 1.4322763283, 5.2239294514, 3.7990721792, 8.9624979356, 3.2833935583, 1.0339418952, 1.0188213101, 2.2919847038, 4.3522488295, 2.8186152812, 2.5592039852, 0.52683767, 3.6500767806, 3.057140009, 2.1901976465, 2.4486663709, 0.26678165241, 0.077462004361, 0.12829407793, 0, 3.5314631719, 6.4702912947, 1.2866595381, 3.6036556728, 0.47824316695],
      [4.1890903251, 6.3992070557, 0, 0.5135684217, 0.74488329237, 2.290515885, 2.1899301723, 5.3138315662, 7.3760695328, 4.8299238483, 4.4567658222, 2.9817445197, 0.75040569263, 0.082615912288, 0.064649725054, 5.560105659, 16.8180425865, 8.6910841143, 20.2551306657, 8.2292914287, 2.5321805595, 4.6064515117, 8.2886981828, 13.322182191, 6.5121670886, 5.5254756014, 1.7471313166, 9.5464659844, 9.9687024613, 4.8996890902, 8.0542739356, 0.96197522488, 0.70149911348, 0.54521790633, 0, 8.6578795562, 18.1489975356, 3.6522391639, 24.563822472, 3.6438416461]
    ],
    [
      [3.2457621665, 3.3524342281, 0, 0.19468779222, 0.10219269699, 1.4572479472, 2.9113213152, 6.3462604659, 5.9213302765, 6.2559732081, 4.9967385927, 1.0226535875, 0.27700328531, 0, 0.22259961085, 3.1736983197, 10.3445474085, 2.8015042156, 8.4948986496, 9.7489372146, 1.6784686466, 6.2980821939, 4.7856254936, 11.318845106, 6.8489424539, 7.2262499565, 2.9594236628, 11.1220165368, 6.9607355484, 2.1612486607, 7.1455531048, 0.65406196496, 0.42840637443, 0.4480092465, 0, 2.1719558233, 20.7994405674, 3.1562939503, 22.3348652647, 6.2573775626],
      [93.7674244735, 78.0393903561, 0, 19.6437140796, 7.9091574501, 66.0323344109, 45.3970561208, 117.9803934275, 123.1762487438, 102.7031191805, 72.3944874354, 36.3626569062, 4.5839337438, 3.6841467824, 0.84840800483, 96.465399981, 263.5976939666, 178.0005375711, 351.513888403, 229.3289775791, 46.6222065079, 106.9536374417, 145.3654111381, 284.7442559181, 165.1785825461, 180.3094025859, 38.319198391, 225.7797846787, 199.8315432367, 70.3980539516, 111.5476747827, 15.2632192121, 10.3764343995, 5.0971193463, 0.99717778252, 86.6776716417, 394.7759764139, 45.2824747415, 257.9098727993, 35.206365088],
      [16.486988642, 12.3457227701, 0.57318147862, 1.1145034736, 1.0511372991, 3.6335205127, 7.08557022, 13.285556034, 12.7412188781, 13.0771004902, 11.9758559177, 6.3729554996, 1.1309831585, 0.20949920077, 0.56682904315, 18.5511182237, 31.8401880534, 18.1679290666, 35.6614333897, 26.3715165499, 5.2044535345, 15.2004535749, 12.9965155185, 30.5352622147, 24.8167225766, 25.9770005351, 6.3902922595, 28.3316467126, 20.0502817041, 10.0637752177, 21.2797125553, 2.8784638691, 3.2713254535, 2.6935614084, 0.0028222174842, 17.7381387863, 65.6987013956, 8.7832204864, 45.3184824167, 11.0069608543],
      [63.5361843998, 61.565511153, 0, 12.1260776192, 4.5370035869, 44.7494331423, 28.762434238, 75.1009107377, 91.8088035812, 51.514483202, 51.7825802512, 38.1595924455, 1.8006873679, 0.81546002342, 0, 72.7945381684, 215.0060406694, 130.7799970741, 352.4858579981, 184.123206894, 48.9153303968, 73.5496503362, 94.9347679505, 216.0987677654, 149.3394247129, 201.7108295645, 37.4396594094, 196.8862413157, 134.8516006628, 88.7529960245, 117.3576500513, 10.7836030646, 5.7129982298, 3.5981660997, 0, 111.8323263345, 350.0805376649, 49.7677636114, 119.8354687008, 13.6605385619],
      [15.9636403183, 16.6969414927, 0.42681852138, 0.92101703535, 1.4005089668, 7.1274639869, 6.843618106, 16.2868793348, 21.3523985205, 20.4493239192, 14.850337803, 10.0821415612, 1.2073924444, 0.29089399342, 0.36216334117, 18.0152453072, 44.2115299021, 19.2500320727, 50.8439215596, 29.4273617623, 7.5795409142, 20.9981764533, 21.9176798992, 42.3028689958, 21.8163277104, 27.776517358, 7.8914262772, 32.8803107562, 28.305838848, 12.6239261455, 24.6694095058, 2.4206518893, 3.2108355428, 1.1631438992, 0, 17.5799074141, 62.6453439582, 9.0102472105, 50.6013108185, 6.8687579332]
    ],
    [
      [9.9342179235, 17.032856016, 0, 0.53664822075, 0.076833124556, 3.6562372667, 5.1718299757, 18.472378092, 16.8305139635, 17.636367096, 11.2037737555, 2.6378873316, 0.26133861556, 0, 0, 7.059662466, 18.8557260548, 5.9668614435, 12.6610643421, 28.691212495, 6.7063646488, 4.2240071952, 11.0865018335, 33.2781613972, 17.4373726302, 14.0752081648, 6.9584215517, 25.2972201297, 9.5184928271, 4.6275404145, 17.4777927342, 2.2275877922, 0.26689562785, 0.2334628944, 0, 1.8164527265, 57.6217147844, 5.5402738344, 23.6254439908, 4.8750822121],
      [21.5441245392, 26.9270267651, 0, 3.2807415578, 1.4431085083, 10.5967397338, 5.6477503837, 24.0722341061, 24.0221282537, 24.155730101, 11.5122615288, 7.8594618224, 0.58330279336, 0.21009649396, 0, 17.2223852239, 32.7520567291, 30.6869092531, 36.2718762062, 45.7408539556, 12.5942930636, 4.9844416238, 22.3950840416, 56.2983319665, 28.9985072297, 24.6568055045, 6.0029158407, 35.2479709649, 18.3209833872, 11.0808533305, 16.995160557, 3.1395190462, 0.55303147743, 0.21780671014, 0.0028222174842, 4.9985136654, 74.0156292109, 4.8654059321, 36.3695042483, 6.6751435036],
      [761.4008588492, 858.918645154, 1.9178566369, 40.8932296212, 44.3560170746, 129.6684414375, 179.1280512494, 547.2219769898, 497.3570471361, 573.1831796476, 382.1509354194, 266.7395544033, 32.4234256778, 15.3901879778, 2.702832094, 672.5757339141, 799.6308697174, 613.0321493553, 713.2438251936, 1064.6509035367, 285.4422832805, 140.5993905116, 411.0045241353, 1232.6761752399, 862.8908843506, 696.1765555365, 214.5505796482, 890.2401769485, 381.2191043665, 306.7174083854, 711.3927138511, 131.739024659, 28.8697136979, 14.9912904908, 2.9971777825, 203.1223930313, 2491.9730171153, 213.5727120538, 1056.0383849021, 267.2576854656],
      [1.4064295412, 2.6424776934, 0, 0.63210544451, 0.17543942676, 1.5127103564, 0.28356111385, 1.6759182017, 2.3087923762, 0, 0.92638001813, 1.3117769486, 0, 0.12671772463, 0, 1.6390765105, 3.1981961882, 3.7230689222, 3.4129692866, 4.5639744035, 1.1819175113, 0.31997746246, 2.0087476442, 5.3511129198, 3.0346071872, 1.955627319, 0.87140270277, 3.4975081756, 1.5968328327, 0.6986736632, 2.7001074716, 0.32864627967, 0, 0.18975507359, 0, 0.47680206123, 8.0460117941, 0.7361933823, 0, 0],
      [37.7143691469, 58.4789943715, 0.082143363091, 1.6572751557, 2.9486018658, 12.5658712055, 8.7688072774, 34.5574926104, 42.4815182705, 45.0247231554, 24.2066492782, 20.4513194942, 1.7319329133, 1.2729978036, 0.29716790598, 33.5031418854, 56.5631513106, 33.5910110259, 51.4102649715, 60.3530556092, 21.0751414957, 9.8721832069, 35.5051423455, 87.3962184766, 37.6386286023, 38.1358034752, 13.6166802567, 52.7171237813, 27.3445865864, 19.8755242064, 42.4342253861, 5.565222223, 1.3103591968, 0.36768483106, 0, 10.5858385156, 120.3436270953, 11.2854147975, 60.9666668588, 8.1920888188]
    ],
    [
      [0.22450507041, 0.18342553531, 0, 0.055430087088, 0.0061487254921, 0.10277662932, 0.074991596883, 0.45823303828, 0.35062841549, 0.57330059826, 0.43442776611, 0.048558493868, 0.017551798505, 0, 0.0069169244742, 0.23340411116, 0.52702551094, 0.21342696746, 0.6048422026, 0.6969142789, 0.17802397123, 0.12818364745, 0.26934402523, 0.73969053173, 0.44223201141, 0.38856449557, 0.2751989212, 0.67294306979, 0.46531436488, 0.12842852137, 0.3947906264, 0.044301931264, 0.014581515957, 0, 0, 0.42984245617, 1.1927384774, 0.1264697596, 1.288263508, 0.36062251739],
      [1.1526564363, 0.77317386955, 0, 0.77871213973, 0.065755319616, 0.83649925851, 0.20813794871, 1.5142175268, 1.3049714591, 1.8280232144, 1.1245940452, 0.29284355152, 0.082126533885, 0, 0.034671628668, 1.2370500491, 2.4453816652, 1.9670420936, 3.9948164831, 2.9818000245, 0.90078159171, 0.38573997748, 1.4946265712, 3.3820189217, 1.9367759106, 1.7561350302, 0.63295459416, 2.4727598658, 2.4436309422, 0.71888912298, 1.1203658635, 0.18448573632, 0.06865535323, 0, 0, 2.5566561558, 4.1130173934, 0.3291140038, 3.3925131568, 0.49152431998],
      [8.0338641131, 4.8542858325, 1.1294572663, 1.8122366272, 0.38291808856, 1.8738507023, 1.3185198081, 6.7404419891, 5.266201675, 9.1696422597, 7.4357824827, 2.0236348799, 0.91017270332, 0, 0.68239241906, 9.4053516672, 11.7110541029, 7.79668223, 16.2743579787, 13.5863170803, 4.0552201271, 2.174837008, 5.2420692886, 14.3367483764, 11.4857233788, 10.0186702585, 4.2396258318, 12.3108803051, 9.7682532419, 4.0792333426, 8.464279197, 1.4354892822, 0.97508542032, 0, 0, 20.3072312217, 27.0038253878, 2.56423604, 23.5473022977, 6.1167910338],
      [0.90343183871, 0.70464366047, 0, 0.54678545595, 0.042307389745, 0.64804546958, 0.15241294554, 1.1158090763, 1.1253151108, 1.0715931186, 0.93002883003, 0.35330893185, 0.038125629362, 0, 0, 1.0795490421, 2.3104440296, 1.6713982768, 4.6641337237, 2.7725114826, 1.0889309582, 0.30813546746, 1.1285708236, 2.9724988632, 2.0275525787, 2.2796002959, 0.71155243656, 2.4979826826, 1.9077228328, 1.0494850344, 1.3617633279, 0.1483807752, 0.04325139321, 0, 0, 3.8110943071, 4.2260909131, 0.41586718824, 1.9038719569, 0.24578192704],
