{
  "Z_true": {},
  "V_true": [
    [693, 1983, 416, 131],
    [167, 7934, 220, 344],
    [219, 1580, 15667, 534],
    [106, 1379, 404, 234],
    [92, 498, 937, 365]
  ],
  "p_true": [
    [0.215, 0.6153, 0.1291, 0.0406],
    [0.0193, 0.9156, 0.0254, 0.0397],
    [0.0122, 0.0878, 0.8704, 0.0297],
    [0.0499, 0.6496, 0.1903, 0.1102],
    [0.0486, 0.2632, 0.4952, 0.1929]
  ],
  "Z_est": [
    [
      [17.3951, 23.9024, 12.0594, 14.1062, 5.7376, 9.343, 1.4776, 9.4848, 22.6933, 20.3351, 5.7336, 14.5281, 36.7078, 11.8951, 36.0211, 8.775, 15.8449, 17.186, 21.4993, 8.746, 19.8054, 25.4248, 14.2982, 13.1563, 21.9024, 24.6933, 19.0442, 11.7982, 19.88, 18.186, 20.1698, 4.4289, 3.3355, 38.5884, 12.7766, 47.4763, 29.872, 10.7757, 53.5132, 27.9257, 9.94, 8.343, 1.7164, 23.8054, 13.4176, 94.2507, 12.6563, 84.6544, 22.387],
      [22.0697, 35.7762, 20.6676, 18.1207, 22.468, 14.6293, 1.9849, 12.9875, 44.2635, 48.1074, 22.8827, 27.1956, 73.1556, 24.7234, 78.7196, 27.5695, 35.2376, 33.878, 37.8704, 12.5803, 35.877, 30.4035, 19.1222, 22.8109, 37.7762, 48.7106, 34.7241, 22.8539, 39.862, 34.2583, 52.4937, 14.0273, 13.6112, 70.6342, 49.0854, 85.3567, 69.2986, 23.3896, 110.9524, 34.9531, 19.9986, 17.1584, 3.8668, 27.7757, 22.1971, 186.4725, 23.2585, 136.3138, 23.082],
      [0.7074, 1.0697, 0.5866, 0.773, 2.1685, 4.0277, 0.4567, 2.0229, 8.4886, 4.0635, 1.7579, 3.17, 6.7341, 3.5537, 12.6346, 2.8479, 6.7264, 3.8053, 6.2775, 1.2093, 0.9834, 1.0007, 1.8529, 2.2453, 1.0697, 2.0415, 4.0406, 0.6211, 4.9255, 2.4251, 10.6204, 1.14, 3.8581, 6.3951, 8.6843, 2.3809, 10.5681, 5.0271, 7.9811, 6.6877, 2.3952, 1.9333, 0.2957, 4.2681, 0.6384, 24.9777, 2.2978, 14.1863, 4.5014],
      [0.8278, 1.2517, 0.6864, 0, 0.6259, 0, 0.0808, 0.5047, 1.5546, 1.494, 0.6259, 0.1062, 2.4025, 0.8278, 2.6246, 0.8076, 1.1912, 1.1306, 1.3527, 0.4644, 0.3342, 1.171, 0.7268, 0.7874, 1.2517, 1.5546, 1.1912, 0.7268, 1.3325, 1.1306, 1.7161, 0.4038, 1.1952, 2.3824, 1.4536, 2.7861, 2.2612, 0.8076, 3.5533, 1.4334, 0.6663, 0.5653, 0.1211, 1.1508, 0.747, 6.2991, 0.7874, 4.8455, 1.0297]
    ],
    [
      [1.3082, 1.5736, 0.9997, 0.3579, 0, 0.2098, 0.037, 0.2592, 0.7467, 0.3481, 0, 0.5307, 1.2835, 0.7282, 1.2982, 0, 0, 0.9688, 0.7097, 1.5193, 0.9503, 1.8945, 0.6726, 1.2632, 1.2157, 1.5551, 1.5612, 1.106, 0.901, 0.6726, 0, 0, 0, 2.0241, 0, 3.0731, 0.8859, 0.3453, 0.7837, 0.4381, 0.3456, 0, 0, 4.2021, 1.4533, 5.2946, 0.8207, 8.3056, 0.2592],
      [189.2904, 225.3826, 149.7036, 51.6218, 63.3349, 29.782, 4.2092, 35.4698, 105.6265, 121.1545, 89.1231, 80.1912, 188.7777, 106.1299, 261.9508, 105.4252, 87.2489, 135.9542, 104.659, 135.1045, 144.8134, 273.7557, 98.8081, 194.0332, 175.781, 218.9821, 235.8691, 194.1337, 132.6986, 96.4788, 155.4904, 75.9671, 62.1155, 295.5231, 192.766, 443.0527, 179.1213, 69.4427, 111.0608, 63.0104, 49.7543, 163.6979, 22.5653, 276.1026, 213.9605, 757.8597, 119.9275, 398.3699, 38.0257],
      [7.8035, 6.0938, 5.6169, 2.6124, 1.2911, 1.1683, 1.0903, 0.7747, 6.1192, 2.7262, 2.9053, 1.5863, 3.8365, 3.868, 5.8158, 2.0843, 1.8076, 10.4784, 2.1212, 0.717, 2.8405, 14.5359, 3.0975, 1.3877, 5.7922, 15.5243, 7.3339, 20.4598, 2.6929, 3.2979, 3.0987, 2.2325, 3.3624, 9.8968, 4.652, 22.6486, 3.6336, 1.4387, 2.3425, 1.3096, 1.0329, 1.5385, 1.0147, 8.8379, 18.356, 41.7148, 3.8871, 15.4839, 0.7747],
      [13.5979, 21.95, 5.6798, 3.4079, 5.374, 2.8399, 0.6635, 5.4963, 8.5077, 14.7712, 6.9715, 3.6919, 14.1022, 7.2739, 19.9353, 5.4905, 8.9435, 9.5986, 7.5102, 14.6592, 5.3958, 16.8139, 6.4218, 12.3159, 14.2111, 15.9385, 8.2357, 13.3005, 9.7075, 8.5506, 9.4108, 4.8004, 4.522, 20.556, 13.582, 29.2256, 13.3592, 6.7733, 12.813, 6.2419, 4.8672, 20.7636, 1.42, 32.8574, 20.2302, 53.1309, 8.3647, 36.8406, 2.9404]
    ],
    [
      [3.5997, 4.1553, 0.8126, 3.0485, 0, 1.1645, 0.3246, 1.7938, 1.4122, 0, 0, 1.5642, 4.9404, 0.3182, 0, 0, 0, 1.3813, 3.3832, 0.5527, 3.263, 7.0609, 3.7059, 1.0281, 4.4522, 2.3138, 0.3182, 0, 1.3588, 2.5191, 0, 0, 0, 5.7978, 0, 6.2484, 0, 0, 8.8306, 1.2658, 0.6105, 0, 0, 2.1225, 0, 5.5904, 1.1818, 14.3268, 2.0248],
      [27.1885, 37.8231, 23.7475, 5.7889, 19.9306, 4.3621, 0.5215, 3.755, 10.8999, 16.6189, 7.7423, 20.6842, 33.2837, 14.5755, 41.8853, 26.1062, 22.8354, 14.4893, 12.6665, 8.2665, 29.574, 35.9034, 19.7805, 12.6857, 23.88, 28.9447, 23.8461, 19.4891, 21.6853, 9.1348, 33.5607, 9.9951, 6.9497, 44.5375, 32.9879, 68.4702, 44.7152, 18.7698, 27.9702, 7.1971, 5.4777, 8.7748, 0.6333, 15.0705, 16.8975, 101.6264, 9.591, 35.9853, 4.1215],
      [480.0034, 534.5813, 323.4399, 222.1626, 177.0681, 243.4734, 48.9738, 254.3291, 458.6879, 299.561, 130.9405, 260.7515, 435.9437, 172.4022, 667.4251, 235.8938, 317.6591, 305.9415, 313.857, 87.4375, 497.163, 459.3442, 131.5136, 170.8874, 269.9243, 418.5354, 323.8357, 289.6835, 251.1758, 155.7933, 296.4393, 85.2829, 90.3133, 477.4281, 427.1944, 767.6995, 387.714, 269.727, 547.0326, 220.5274, 197.3289, 156.0462, 18.3667, 350.1389, 299.6542, 2145.8953, 174.7065, 718.1741, 117.0451],
      [1.2084, 10.4403, 0, 0, 0.0013, 0, 0.1801, 1.1222, 0, 6.8201, 1.3172, 0, 3.8321, 1.704, 2.6897, 0, 0.5054, 2.1879, 0.0933, 3.7433, 0, 2.6914, 0, 1.3988, 8.7434, 4.2061, 0, 2.8273, 0.7801, 1.5528, 0, 0.722, 0.737, 7.2366, 2.8177, 2.5819, 2.5708, 3.5031, 5.1665, 0.0098, 0.5829, 2.179, 0, 16.6681, 8.4484, 8.8879, 1.5208, 18.5137, 0.8086]
    ],
    [
      [1.437, 1.814, 0.8952, 0.6832, 0.5654, 0.6125, 0, 0.2827, 0.7539, 1.0837, 0.7303, 0.7067, 0.9423, 0.6832, 1.8846, 0.4476, 0.8952, 0.6596, 0.8716, 0.5654, 0.9894, 1.4135, 0.7067, 0.9894, 0.5183, 1.1779, 1.6019, 1.1308, 0.8952, 0.8716, 0.9188, 0.3298, 0.2356, 1.437, 1.1779, 2.7092, 0.8481, 0.2356, 0.6125, 0.7539, 0.3534, 1.0136, 0.096, 2.2616, 2.1909, 4.1462, 0.9659, 1.9789, 0.1413],
      [38.0923, 50.1325, 26.0911, 20.481, 16.2555, 15.8447, 0, 7.1394, 21.3739, 29.2083, 21.5217, 19.7443, 26.5884, 18.518, 51.0289, 13.0854, 25.2219, 18.8511, 21.9673, 14.2978, 28.6824, 41.3549, 21.0093, 28.8655, 11.9179, 34.0577, 49.9293, 32.1763, 25.0946, 25.4899, 27.725, 9.2295, 6.2734, 41.1378, 34.0292, 76.1988, 23.6605, 5.227, 15.2943, 17.4472, 10.008, 44.2863, 12.793, 62.5543, 46.444, 121.2046, 28.928, 52.2181, 3.6444],
      [8.5412, 6.1082, 3.322, 2.4536, 1.9671, 5.7296, 0, 0.5518, 2.1756, 3.5883, 2.072, 3.8936, 1.8393, 3.3702, 9.1153, 0.8737, 3.2943, 1.2875, 6.5931, 1.5331, 4.291, 3.529, 2.0306, 2.7625, 1.0116, 2.2992, 4.7246, 3.671, 3.4216, 2.4726, 1.7934, 1.064, 0.4598, 2.805, 3.2245, 10.6509, 1.6554, 0.4598, 1.1956, 7.1486, 0.6898, 3.7095, 1.7356, 6.1507, 24.3369, 8.0931, 2.7442, 3.8626, 0.2759],
      [12.9294, 18.9453, 7.6917, 5.3822, 5.212, 3.8132, 0, 4.0261, 7.6967, 12.1198, 6.6761, 5.6554, 10.6299, 6.4286, 17.9712, 4.5933, 8.5886, 7.2018, 7.568, 7.6037, 8.0372, 13.7026, 6.2534, 9.3825, 8.5522, 12.4652, 11.7442, 11.0219, 8.5886, 8.1659, 8.5629, 3.3767, 3.0312, 15.6202, 11.5683, 25.4411, 9.836, 4.0776, 8.8976, 6.6503, 3.9488, 14.9906, 2.3754, 25.0335, 20.0282, 42.5562, 8.3619, 25.9404, 1.9383]
    ],
    [
      [1.2599, 1.5548, 1.2331, 0.8042, 0.697, 0.6702, 0.1608, 1.1795, 1.394, 1.2331, 0.5361, 0.6702, 1.1259, 0.3753, 1.7961, 0.7774, 1.2599, 0.8042, 0.5361, 0.6166, 0.9919, 1.2063, 0.6166, 0.563, 0.9114, 1.2599, 1.4744, 0.9651, 0.9651, 0.7506, 0.9114, 0.2413, 0.4289, 1.1527, 1.0455, 2.4931, 1.394, 0.6434, 1.2599, 0.6166, 0.7506, 0.6434, 0.1877, 1.6084, 0.9383, 4.7181, 0.3753, 2.7343, 0.1877],
      [30.3591, 37.8855, 30.7903, 14.9875, 17.011, 17.3819, 3.2844, 12.6483, 26.8362, 27.911, 13.7302, 16.1847, 31.1946, 10.0532, 45.4154, 18.8136, 33.4563, 20.8274, 14.8368, 15.7508, 25.0532, 33.5824, 16.2799, 13.6046, 24.6449, 33.3049, 39.6315, 26.3469, 23.6595, 19.6382, 25.7302, 5.781, 10.0502, 31.1674, 29.1314, 66.9215, 36.2044, 14.1709, 30.7222, 15.3922, 15.7613, 15.0827, 5.1416, 39.497, 24.5009, 120.8368, 8.2949, 67.1128, 5.1264],
      [7.9445, 8.1471, 8.0345, 10.9984, 4.5052, 3.601, 1.4792, 24.3215, 16.5288, 9.061, 2.3244, 4.5986, 2.6464, 0.8058, 9.0092, 5.3004, 5.5126, 3.4873, 1.1512, 2.1032, 5.7221, 2.5902, 2.5054, 2.7171, 2.2021, 4.5996, 6.0652, 2.5646, 5.7842, 3.0111, 2.0482, 1.2806, 3.0063, 2.4751, 2.2448, 8.6202, 6.4288, 5.3473, 7.4483, 3.3267, 7.5533, 2.7725, 0.5873, 6.6044, 2.0146, 22.3192, 2.3645, 14.293, 0.4029],
      [7.4365, 10.4126, 5.9421, 3.2099, 3.7868, 3.3469, 1.0756, 5.8507, 7.241, 7.7949, 3.4093, 3.5465, 7.0332, 2.7657, 10.7792, 4.1086, 6.7712, 4.8811, 3.4758, 4.5294, 5.2329, 7.6211, 3.5981, 4.1153, 6.2415, 7.8356, 7.8289, 6.1235, 5.5913, 4.6001, 5.3102, 1.6972, 2.5146, 8.2048, 6.5783, 14.9652, 7.9728, 3.8384, 7.5695, 3.6646, 3.9348, 5.5015, 1.0835, 12.2902, 7.5462, 28.126, 2.9653, 17.8598, 1.2831]
    ]
  ],
  "V_est": [
    [1021.6931, 1925.2123, 213.1236, 62.971],
    [52.902, 7723.307, 294.7353, 594.0557],
    [102.4706, 1071.426, 16685.1031, 141.0003],
    [49.2151, 1392.3249, 180.5784, 500.8816],
    [50.7192, 1261.7299, 270.4596, 309.0914]
  ],
  "p_est": [
    [0.317, 0.5973, 0.0661, 0.0195],
    [0.0061, 0.8913, 0.034, 0.0686],
    [0.0057, 0.0595, 0.927, 0.0078],
    [0.0232, 0.6558, 0.0851, 0.2359],
    [0.0268, 0.6669, 0.1429, 0.1634]
  ],
  "EI_Z": {},
  "EI_V": 8.0097,
  "MAE_Z": {},
  "MAE_V": 271.5524,
  "MAE_p": 0.0732,
  "runtime": 1.322
}
