{
  "Z_true": {},
  "V_true": [
    [35, 200, 916, 531],
    [1311, 1764, 410, 83],
    [399, 8418, 423, 134],
    [233, 521, 17726, 280],
    [312, 1892, 1170, 413],
    [172, 403, 335, 205]
  ],
  "p_true": [
    [0.0208, 0.1189, 0.5446, 0.3157],
    [0.3674, 0.4944, 0.1149, 0.0233],
    [0.0426, 0.898, 0.0451, 0.0143],
    [0.0124, 0.0278, 0.9449, 0.0149],
    [0.0824, 0.4996, 0.309, 0.1091],
    [0.1543, 0.3614, 0.3004, 0.1839]
  ],
  "Z_est": [
    [
      [0.1296, 0.0685, 0.0543, 0.034, 0.1464, 0.1234, 0.2422, 0.0832, 0.1469, 0.1606, 0.1304, 0.0167, 0.0686, 0, 0.1663, 0.0994, 0.1297, 0.1424, 0.0544, 0.1477, 0.0126, 0.01, 0.3186, 0.1607, 0.119, 0.0931, 0, 0.0176, 0.0464, 0.1805, 0.1003, 0.1962, 0.0735, 0.2115, 0.148, 0.0758, 0, 2.4727, 0.2111, 0.3138, 0.0103],
      [2.3266, 1.8033, 1.9055, 0.9007, 2.9801, 3.2904, 2.5239, 1.9801, 2.0177, 4.105, 1.9158, 0.5239, 1.4122, 0, 2.4677, 2.4564, 3.1598, 1.941, 1.8273, 2.4913, 0.4533, 0.295, 7.1703, 2.9661, 2.8747, 2.3886, 0, 0.5592, 0.8368, 2.4371, 2.9494, 5.8759, 3.4664, 4.0711, 3.9053, 1.4065, 0, 72.576, 4.3145, 4.4271, 1.22],
      [18.1297, 11.864, 15.2858, 12.128, 34.731, 24.2316, 28.7404, 12.7879, 12.2085, 35.7695, 26.4623, 2.2969, 11.0755, 0, 24.1127, 10.6807, 14.035, 15.9425, 6.7142, 16.024, 3.8724, 3.2225, 49.203, 27.0001, 18.0191, 15.2792, 0, 6.5068, 3.1539, 22.232, 19.3816, 35.487, 22.0659, 33.9554, 17.1818, 10.0777, 0, 472.296, 28.1391, 33.2885, 5.0558],
      [5.4141, 3.2642, 5.7544, 3.9373, 6.1425, 8.3546, 8.4936, 4.1489, 3.627, 8.9649, 9.4915, 1.1626, 2.4437, 0, 5.2532, 3.7635, 6.6755, 4.9741, 3.4041, 5.337, 0.6617, 1.4726, 17.308, 5.8731, 3.9872, 3.2391, 0, 0.9164, 0.9629, 4.1504, 6.5687, 8.4409, 8.3942, 8.7619, 5.7648, 3.44, 0, 147.6552, 10.3354, 10.9707, 0.7139]
    ],
    [
      [10.1515, 15.3718, 11.8706, 9.0241, 19.1816, 30.1058, 16.0641, 20.7695, 18.7355, 28.8066, 9.9794, 3.326, 22.5817, 0, 29.0259, 33.6515, 39.473, 28.2872, 19.5596, 46.108, 22.9287, 8.0867, 51.1692, 49.452, 32.5865, 36.5855, 0, 5.7372, 7.8542, 53.5049, 38.6933, 40.5374, 18.2196, 58.7082, 59.8315, 22.9881, 0, 615.6101, 113.8935, 139.2827, 44.3563],
      [3.1215, 7.6477, 7.8913, 4.7337, 7.6316, 15.8074, 3.856, 10.2205, 4.3419, 14.3755, 5.4139, 1.5746, 9.1063, 0, 7.9973, 16.5157, 19.1067, 7.5576, 13.13, 15.2042, 11.609, 4.4252, 22.652, 18.0552, 15.5133, 18.6488, 0, 3.5108, 1.5355, 14.5284, 22.4354, 23.9495, 16.1026, 22.4632, 31.3677, 8.4156, 0, 359.715, 44.4251, 37.621, 30.5338],
      [2.689, 6.896, 9.0913, 9.1162, 12.0912, 16.8349, 4.033, 7.8993, 3.8707, 17.6215, 5.5286, 1.084, 10.2096, 0, 11.8621, 10.6423, 12.1546, 9.0254, 7.1182, 13.4886, 13.4074, 6.3688, 21.8464, 23.274, 13.7728, 16.626, 0, 5.7133, 1.5853, 18.8158, 20.556, 20.3166, 14.4401, 26.5192, 19.5043, 8.4541, 1, 333.1724, 40.0417, 39.522, 26.0517],
      [0.038, 0.0845, 0.1468, 0.126, 0.0956, 0.252, 0.0469, 0.1107, 0.0519, 0.1964, 0.078, 0.0154, 0.1024, 0, 0.1146, 0.1905, 0.2658, 0.1298, 0.1922, 0.1992, 0.0548, 0.1193, 0.3324, 0.2187, 0.1273, 0.1397, 0, 0.0387, 0.025, 0.151, 0.3153, 0.1965, 0.2377, 0.3093, 0.2964, 0.1423, 0, 4.5024, 0.6397, 0.5742, 0.0583]
    ],
    [
      [1.8758, 2.11, 0.9816, 0.3987, 2.5951, 2.549, 3.1958, 3.0476, 3.4973, 3.1821, 1.2182, 1.1064, 1.0663, 0, 1.9027, 1.6814, 1.8664, 1.5212, 0.72, 4.0184, 1.4748, 0.2367, 4.3576, 3.2939, 2.3028, 2.2624, 0, 0.1931, 0.5083, 2.0504, 1.3281, 1.7604, 0.6907, 2.9799, 2.6472, 0.6929, 0, 47.3613, 6.3866, 9.2802, 0.9869],
      [84.3357, 138.9556, 85.4084, 26.9814, 132.5612, 167.8413, 112.5766, 202.6318, 122.0768, 201.5911, 85.0301, 114.9274, 55.4118, 2.4709, 67.1114, 102.519, 113.1044, 52.4168, 59.2469, 169.8577, 73.4927, 17.5958, 243.2639, 151.2444, 138.4445, 144.802, 1.977, 16.0461, 14.638, 71.3274, 97.9522, 130.9343, 80.736, 143.6352, 169.8851, 33.6717, 0, 3457.5744, 316.1744, 318.6312, 69.2177],
      [11.2595, 15.4128, 11.6659, 5.6485, 27.5283, 21.7295, 15.9304, 19.9962, 12.669, 29.9595, 11.2905, 4.9722, 7.219, 0.5291, 11.8402, 8.0318, 8.6557, 7.3931, 3.9476, 18.1356, 10.1327, 3.2701, 29.315, 23.3643, 14.7488, 15.6366, 0.023, 2.848, 1.8806, 10.4468, 11.2161, 13.1265, 9.0132, 20.7193, 13.8862, 3.7968, 0, 386.4, 35.1419, 40.6459, 12.9217],
      [6.529, 8.5215, 8.9441, 3.9714, 9.3154, 14.8801, 8.2972, 12.3245, 7.757, 15.2673, 6.4612, 5.994, 3.3029, 0, 5.1458, 5.7677, 8.3734, 4.669, 4.0855, 11.9884, 1.8998, 2.8974, 20.0635, 10.0974, 6.5039, 6.299, 0, 0.9127, 0.9731, 4.1754, 7.5036, 6.1787, 6.56, 10.6656, 8.5815, 2.8387, 0, 242.6643, 25.2971, 26.4427, 1.8737]
    ],
    [
      [1.7527, 1.6432, 0.8971, 0.9771, 2.1152, 2.2857, 1.9099, 2.6737, 1.6455, 2.6558, 0.8694, 0.3962, 1.7546, 0, 2.9255, 1.4269, 2.4762, 2.3611, 0.7936, 4.305, 1.9966, 0.3232, 5.8315, 4.6089, 3.1805, 3.2432, 0, 0.3611, 0.9655, 3.9213, 2.5537, 3.0782, 1.0537, 4.0016, 4.3203, 1.312, 0, 49.0058, 5.0839, 7.661, 1.2717],
      [15.6101, 20.1961, 15.5836, 11.0507, 19.0186, 28.2347, 14.6694, 34.0205, 11.2654, 31.0429, 12.4815, 7.5367, 16.6892, 0.0282, 18.4272, 16.1663, 27.4912, 15.5032, 11.9592, 35.4048, 27.188, 4.0927, 61.9474, 38.6424, 35.5811, 38.7146, 1.2177, 4.9005, 5.3818, 25.3266, 35.7665, 42.5692, 28.0703, 35.5759, 50.4425, 11.9435, 0, 683.22, 48.3002, 51.67, 21.0273],
      [182.3483, 200.9287, 194.1539, 243.4334, 336.5233, 323.2603, 167.3361, 290.3388, 106.3708, 417.9687, 124.7018, 37.6572, 202.4958, 3.9718, 303.0878, 113.4811, 191.0787, 198.6794, 71.3527, 338.8737, 325.4787, 69.087, 649.6864, 542.2875, 340.9108, 367.8125, 6.7823, 89.3357, 58.0771, 359.4454, 361.0196, 387.7444, 272.6672, 459.8052, 342.8212, 132.6021, 2, 6817.5844, 469.1951, 583.7652, 218.4881],
      [1.2889, 1.2319, 1.3655, 1.5388, 1.3429, 2.2193, 1.0846, 1.967, 0.7183, 2.3326, 0.9473, 0.4099, 1.0604, 0, 1.5594, 0.9257, 1.9539, 1.4563, 0.8945, 2.4164, 0.3367, 0.4972, 4.5347, 2.4612, 1.3276, 1.2297, 0, 0.4027, 0.5756, 1.3067, 2.6602, 1.6082, 2.2088, 2.6173, 2.416, 1.1424, 0, 42.1898, 3.4207, 3.9038, 0.2129]
    ],
    [
      [0.1303, 0.1558, 0.0687, 0.0311, 0.2595, 0.2134, 0.198, 0.2438, 0.1894, 0.2176, 0.0915, 0.077, 0.0844, 0, 0.1717, 0.1533, 0.1433, 0.1898, 0.0801, 0.2126, 0.0815, 0.0192, 0.2523, 0.2811, 0.1463, 0.1291, 0, 0.0241, 0.004, 0.1697, 0.0688, 0.1587, 0.0364, 0.1602, 0.0721, 0.0743, 0, 3.5219, 0.3814, 0.4747, 0.005],
      [23.8537, 40.3977, 24.3663, 8.3604, 51.5538, 56.5417, 28.5832, 64.3923, 26.7243, 54.0961, 24.1741, 30.5743, 17.1773, 1.016, 23.6842, 40.4761, 33.0518, 28.5659, 21.2317, 37.0107, 20.6753, 5.0839, 56.9911, 50.596, 35.2102, 33.7564, 0.8052, 7.5923, 1.3373, 23.5278, 23.8087, 45.5639, 19.0438, 33.0984, 31.243, 13.3394, 0, 1026.4711, 73.5704, 67.706, 5.2831],
      [12.4404, 17.6115, 13.3565, 7.1463, 38.0521, 28.1814, 15.761, 24.3431, 11.139, 32.077, 12.2188, 5.9113, 9.0715, 0.984, 16.6467, 12.213, 10.0846, 15.0712, 5.5782, 15.418, 10.9208, 3.8026, 25.8561, 31.0295, 14.6649, 13.772, 0.1948, 5.8263, 0.2595, 14.3595, 9.5347, 18.5581, 7.3215, 17.9142, 7.8869, 6.5683, 0, 453.3713, 31.9633, 33.6724, 1.0621],
      [6.5756, 8.835, 9.2086, 4.4622, 13.1346, 18.0635, 7.4578, 14.0208, 5.9472, 14.6093, 6.5156, 5.4374, 3.6668, 0, 6.4974, 8.1576, 8.7203, 9.1731, 5.1099, 9.3587, 2.3225, 3.0944, 16.9005, 12.0935, 5.9785, 5.3425, 0, 1.5572, 0.3992, 4.9429, 6.5878, 7.7193, 5.5983, 8.8272, 5.7981, 4.018, 0, 257.6357, 21.0849, 20.1469, 0.6498]
    ],
    [
      [5.9601, 4.6507, 3.1278, 3.535, 4.7022, 9.7227, 4.3901, 6.1823, 7.7855, 5.9773, 1.711, 3.0778, 2.4443, 0, 2.8079, 5.9875, 3.9113, 3.4982, 3.7922, 10.2083, 6.5058, 1.3243, 7.0708, 7.2033, 6.6649, 4.6867, 0, 0.6669, 0.6217, 11.1732, 4.2558, 4.2691, 1.9261, 8.9385, 5.9809, 1.857, 0, 121.0281, 23.0436, 30.9876, 3.3698],
      [6.7523, 7.9996, 6.8448, 5.973, 6.2548, 16.2845, 3.791, 10.7549, 6.5739, 9.7894, 2.9845, 8.863, 3.2033, 0.4849, 2.3121, 9.8664, 6.0862, 3.0155, 8.6049, 11.0313, 10.5817, 2.5075, 9.9752, 8.4959, 10.3762, 7.6896, 0, 1.3911, 0.2706, 9.8526, 8.0879, 8.1072, 5.5809, 11.1562, 10.1563, 2.2233, 0, 228.4435, 29.2154, 26.9446, 7.7181],
      [2.1332, 2.287, 2.4466, 2.5275, 3.074, 4.7623, 1.199, 2.6347, 1.742, 3.6037, 0.7981, 1.0784, 0.9286, 0.5151, 0.4504, 1.9511, 0.9913, 0.8884, 1.289, 3.06, 3.1879, 1.249, 2.0931, 3.0447, 2.8835, 1.8737, 0, 0.7698, 0.0436, 3.7006, 2.292, 1.7673, 1.4921, 4.0867, 1.7196, 0.5011, 0, 63.1758, 7.5188, 8.1061, 2.4207],
      [1.1543, 1.0627, 1.5808, 1.9645, 0.969, 3.2306, 0.62, 1.4281, 0.8985, 1.6296, 0.5064, 0.9808, 0.4238, 0, 0.4295, 1.195, 1.0112, 0.5978, 1.3138, 1.7004, 0.7245, 0.9191, 1.8608, 1.2561, 1.0754, 0.75, 0, 0.1722, 0.0642, 1.2737, 1.3643, 0.8563, 1.0009, 1.8186, 1.1432, 0.4186, 0, 35.3526, 5.2222, 4.9617, 0.4914]
    ]
  ],
  "V_est": [
    [6.9163, 166.2219, 1158.638, 350.2238],
    [1832.0991, 882.7406, 842.2444, 10.9159],
    [129.328, 7788.3004, 912.3482, 544.0234],
    [139.6382, 1613.9579, 16904.6382, 101.7656],
    [8.972, 2210.5353, 1011.8443, 555.6485],
    [345.0464, 536.244, 150.2869, 83.4227]
  ],
  "p_est": [
    [0.0041, 0.0988, 0.6888, 0.2082],
    [0.5135, 0.2474, 0.2361, 0.0031],
    [0.0138, 0.8308, 0.0973, 0.058],
    [0.0074, 0.086, 0.9011, 0.0054],
    [0.0024, 0.5837, 0.2672, 0.1467],
    [0.3095, 0.4809, 0.1348, 0.0748]
  ],
  "EI_Z": {},
  "EI_V": 10.3322,
  "MAE_Z": {},
  "MAE_V": 329.6488,
  "MAE_p": 0.0802,
  "runtime": 2.136
}
