{
  "X": [
    [27, 8, 34, 117, 51, 15],
    [40, 45, 187, 295, 422, 92],
    [30, 47, 183, 258, 450, 101],
    [53, 87, 238, 475, 710, 131],
    [33, 34, 170, 214, 378, 56],
    [7, 13, 42, 94, 118, 25],
    [25, 15, 110, 119, 181, 38],
    [23, 20, 61, 131, 168, 35],
    [1, 4, 12, 25, 15, 6],
    [3, 1, 4, 16, 21, 9],
    [12, 37, 230, 249, 317, 87],
    [10, 12, 50, 97, 170, 40],
    [6, 7, 41, 82, 89, 22],
    [39, 76, 481, 472, 594, 170],
    [22, 33, 108, 325, 409, 68],
    [5, 11, 22, 53, 154, 13],
    [7, 11, 18, 95, 107, 21],
    [41, 29, 173, 196, 193, 63],
    [4, 8, 8, 19, 23, 9],
    [8, 5, 40, 67, 71, 16],
    [13, 8, 35, 46, 67, 22],
    [11, 22, 67, 72, 95, 36],
    [8, 19, 74, 49, 79, 28],
    [11, 36, 134, 140, 193, 42],
    [11, 21, 41, 64, 91, 18],
    [4, 7, 9, 21, 30, 7],
    [54, 66, 373, 357, 391, 117],
    [53, 10, 64, 116, 91, 13],
    [29, 25, 42, 183, 337, 47],
    [41, 83, 153, 413, 643, 101],
    [6, 2, 25, 46, 71, 11],
    [1, 3, 3, 11, 20, 7],
    [62, 104, 377, 515, 492, 147],
    [64, 68, 472, 487, 522, 121],
    [27, 28, 121, 184, 164, 48],
    [24, 17, 102, 95, 119, 25],
    [17, 5, 43, 37, 43, 14],
    [28, 11, 131, 114, 116, 25],
    [26, 21, 135, 101, 132, 63],
    [0, 0, 0, 0, 1, 0],
    [4, 11, 14, 14, 59, 16],
    [38, 41, 236, 191, 366, 72],
    [13, 19, 48, 54, 114, 28],
    [184, 113, 358, 696, 826, 222],
    [29, 6, 26, 18, 53, 7]
  ],
  "W": [
    [11, 73, 89, 30, 22, 13, 14],
    [61, 74, 504, 127, 131, 115, 69],
    [48, 51, 567, 130, 113, 68, 92],
    [66, 102, 927, 166, 192, 98, 143],
    [32, 58, 496, 100, 94, 50, 55],
    [18, 23, 156, 24, 27, 23, 28],
    [38, 37, 222, 73, 53, 35, 30],
    [17, 49, 213, 49, 49, 17, 44],
    [6, 4, 27, 8, 11, 3, 4],
    [7, 3, 29, 4, 3, 2, 6],
    [105, 15, 387, 199, 99, 68, 59],
    [19, 18, 227, 29, 23, 32, 31],
    [19, 9, 114, 39, 25, 20, 21],
    [157, 68, 776, 379, 187, 138, 127],
    [38, 29, 589, 91, 77, 55, 86],
    [10, 7, 157, 23, 27, 5, 29],
    [5, 19, 160, 21, 16, 9, 29],
    [61, 86, 239, 131, 72, 58, 48],
    [4, 7, 31, 6, 12, 3, 8],
    [10, 18, 105, 31, 15, 8, 20],
    [21, 8, 87, 28, 24, 17, 6],
    [28, 22, 109, 58, 44, 25, 17],
    [23, 7, 99, 52, 40, 16, 20],
    [30, 31, 260, 73, 73, 40, 49],
    [18, 16, 113, 28, 34, 20, 17],
    [3, 8, 43, 10, 7, 4, 3],
    [128, 130, 520, 234, 162, 90, 94],
    [27, 91, 148, 32, 24, 13, 12],
    [9, 38, 420, 54, 49, 28, 65],
    [55, 80, 821, 144, 142, 85, 107],
    [5, 10, 87, 25, 13, 7, 14],
    [1, 1, 30, 0, 6, 2, 5],
    [150, 162, 617, 255, 236, 176, 101],
    [170, 142, 701, 300, 192, 121, 108],
    [54, 49, 251, 84, 60, 34, 40],
    [42, 45, 146, 64, 42, 22, 21],
    [21, 28, 46, 34, 16, 10, 4],
    [44, 76, 136, 83, 39, 30, 17],
    [58, 44, 151, 97, 46, 44, 38],
    [0, 0, 1, 0, 0, 0, 0],
    [0, 2, 70, 14, 15, 4, 13],
    [66, 64, 421, 136, 127, 78, 52],
    [15, 24, 134, 33, 29, 13, 28],
    [132, 298, 1142, 291, 211, 148, 177],
    [11, 28, 64, 13, 11, 0, 12]
  ],
  "method": "mvn_pdf",
  "cond_prob": [
    [
      [0.025186975591, 0.00080861159414, 0.58027051069, 0.28442065236, 0.0019552097798, 0.10735803998],
      [0.34277424329, 0.0018631140229, 0.0730394256, 0.57547544734, 0.0038868548658, 0.0029609148729],
      [0.015929507733, 0.01403286519, 0.0058796064362, 0.46951948242, 0.45830087445, 0.036337663774],
      [0.0040823054501, 0.0047575924568, 0.47090583007, 0.3581895579, 0.041015675969, 0.12104903816],
      [0.0036099001146, 0.26040576932, 0.24717475715, 0.28554520996, 0.15125280264, 0.052011560815],
      [0.0024071660605, 0.014587837527, 0.16182603592, 0.54239566181, 0.095817641077, 0.18296565761],
      [0.0035369425034, 0.03891974002, 0.0066502367521, 0.42825759094, 0.29302237072, 0.22961311907]
    ],
    [
      [0.024460181113, 0.0010886677301, 0.67490337933, 0.1652953621, 0.011607440907, 0.12264496882],
      [0.42468530937, 0.00087267513307, 0.097397209404, 0.47396363858, 0.0025437117138, 0.00053745579577],
      [0.013170204522, 0.011386752377, 0.004014849432, 0.27152792578, 0.66720899535, 0.032691272535],
      [0.0010384198371, 0.0043748835164, 0.5776448963, 0.22342340738, 0.05771278354, 0.13580560943],
      [0.0013171973499, 0.25904802514, 0.287972236, 0.16733034896, 0.22936205016, 0.054970142384],
      [7.5401506316e-05, 0.017065793051, 0.21887537362, 0.38954033413, 0.14103284447, 0.23341025322],
      [0.0018888352795, 0.038791629122, 0.0049867179441, 0.25944075632, 0.45269055924, 0.2422015021]
    ],
    [
      [0.019178810039, 0.00097633924852, 0.73708935199, 0.11255743156, 0.0017549790654, 0.12844308809],
      [0.41864484042, 0.0010531491603, 0.13281699403, 0.44686540576, 0.00022280028602, 0.00039681035191],
      [0.012942203331, 0.015473853614, 0.0047776963703, 0.26284454305, 0.66115169353, 0.042810010104],
      [0.00079905722847, 0.0046296688018, 0.63648016461, 0.17097870614, 0.043396766236, 0.14371563698],
      [0.0010926926642, 0.28218609496, 0.3308563116, 0.13487218488, 0.19035210328, 0.060640612613],
      [0.00011813069479, 0.019085978834, 0.25696131821, 0.32326800111, 0.142124242, 0.25844232916],
      [0.0016838735875, 0.047163237758, 0.0058101773816, 0.23178520562, 0.41538665458, 0.29817085107]
    ],
    [
      [0.021212631591, 0.001190252989, 0.70558662089, 0.14804571774, 0.0019037326838, 0.1220610441],
      [0.38905000086, 0.0012232582993, 0.1084582066, 0.50070450888, 0.00015550338084, 0.00040852198813],
      [0.012229843825, 0.016580338698, 0.0037851699951, 0.29343134245, 0.63879796265, 0.035175342382],
      [0.00080637935644, 0.0056089145564, 0.59857974106, 0.21664559419, 0.044668133283, 0.13369123755],
      [0.0010411501716, 0.31655653146, 0.28468899362, 0.15632774009, 0.18980887671, 0.05157670795],
      [9.1564534493e-05, 0.021931076922, 0.22581250632, 0.38375122449, 0.1439921622, 0.22442146553],
      [0.0016578172823, 0.052919703417, 0.0049338737857, 0.26965422053, 0.41764569634, 0.25318868865]
    ],
    [
      [0.017364637006, 0.00053048169929, 0.84397204062, 0.054487668067, 0.0013339060194, 0.082311266591],
      [0.42169360728, 0.0010336922915, 0.16577545501, 0.41078705325, 0.00024177033908, 0.00046842183252],
      [0.015461045659, 0.014903379824, 0.0056664526799, 0.26915441111, 0.66085831542, 0.033956395311],
      [0.00079776336935, 0.0035577176382, 0.73039077064, 0.1399829624, 0.034004349151, 0.0912664368],
      [0.0011835928176, 0.24150363571, 0.4228340865, 0.12289992132, 0.16866343518, 0.042915328482],
      [0.00016522432662, 0.017143868675, 0.34573979315, 0.31128529423, 0.13317111194, 0.19249470768],
      [0.0021477903382, 0.047576128825, 0.0089979441551, 0.25118189216, 0.4408038993, 0.24929234522]
    ],
    [
      [0.01221674502, 0.0014451837163, 0.67651027642, 0.17615065116, 0.009901689681, 0.12377545401],
      [0.25780130137, 0.0014304313242, 0.11718737963, 0.61983282061, 0.003042424307, 0.00070564275714],
      [0.0052351432474, 0.01638694312, 0.0038033501921, 0.31403130816, 0.62437699586, 0.03616625942],
      [0.00019120671436, 0.0053961563641, 0.59248353507, 0.23188892311, 0.029275632255, 0.14076454648],
      [0.00035080144011, 0.31086395269, 0.27314278782, 0.17202166952, 0.19054505371, 0.053075734824],
      [4.075093521e-05, 0.020227969123, 0.20926254739, 0.40641773203, 0.14009171559, 0.22395928493],
      [0.00067815857167, 0.049880210025, 0.0045244271552, 0.28666865227, 0.40284076392, 0.25540778806]
    ],
    [
      [0.029360144409, 0.00054109388132, 0.73632347231, 0.12856143228, 0.0038050237136, 0.10140883341],
      [0.52141489941, 0.00042724067044, 0.10596607042, 0.37161759968, 0.00020009553456, 0.0003740942787],
      [0.019491043633, 0.0090947204023, 0.0044476062986, 0.26703794947, 0.66562345616, 0.034305224036],
      [0.0011372639781, 0.0028071550998, 0.65664707768, 0.17949149867, 0.042880377034, 0.11703662754],
      [0.0017613135934, 0.21226349486, 0.3674755828, 0.15304333635, 0.21220708313, 0.053249189268],
      [0.00015464359566, 0.01350600892, 0.27163129169, 0.34940433941, 0.14924572239, 0.21605799399],
      [0.0027723043659, 0.033900157885, 0.0064352360165, 0.25463538317, 0.44929183608, 0.25296508248]
    ],
    [
      [0.023117282726, 0.001167123507, 0.67144821921, 0.17062349488, 0.0019979749231, 0.13164590475],
      [0.40159508025, 0.0010618063232, 0.093213567933, 0.50366082264, 1.0618762175e-05, 0.00045810409356],
      [0.012852745489, 0.014291148023, 0.0033099599926, 0.3007968077, 0.6332249591, 0.0355243797],
      [0.0010853489554, 0.0051983646027, 0.55917164267, 0.2388910198, 0.053449776291, 0.14220384768],
      [0.0012872733386, 0.29191492277, 0.26987560781, 0.17466689743, 0.20630462983, 0.055950668821],
      [6.438543006e-05, 0.019264888317, 0.20832068672, 0.40664391216, 0.12576992331, 0.23993620407],
      [0.001678623355, 0.045410492701, 0.0033665231506, 0.27665944972, 0.4141487096, 0.25873620147]
    ],
    [
      [0.0092931196503, 0.00229088535, 0.62004629661, 0.22679654313, 0.0066411877558, 0.13493196751],
      [0.18461718289, 0.0019353369251, 0.091093088762, 0.7142122764, 0.0058553550571, 0.0022867599699],
      [0.0069686227358, 0.018396534097, 0.0054215278428, 0.46964233238, 0.44844530503, 0.051125677913],
      [0.00059952290881, 0.0055461425526, 0.51527648811, 0.30163786724, 0.028610263339, 0.14832971585],
      [0.00082303456726, 0.29407023726, 0.28043073503, 0.23383554323, 0.12355794819, 0.067282501711],
      [0.00011134101762, 0.014926464301, 0.17563071643, 0.49977678656, 0.074398440736, 0.23515625095],
      [0.00085903752757, 0.039471444089, 0.0087816185012, 0.40435109708, 0.25437333956, 0.29216346324]
    ],
    [
      [0.062397557308, 0.0011820802211, 0.37696192828, 0.14060615402, 0.0034716342122, 0.41538064596],
      [0.61380449276, 0.00054476528531, 0.018629435243, 0.36451904947, 0.00048534861105, 0.0020169086232],
      [0.023289469271, 0.008262326062, 0.001104787096, 0.33358164006, 0.59403106134, 0.039730716174],
      [0.0031278895849, 0.0033017472785, 0.21115915008, 0.32698480236, 0.11132793109, 0.34409847961],
      [0.0034652938391, 0.20630820006, 0.10273632004, 0.24877810557, 0.2986674009, 0.14004467959],
      [0.00057139951405, 0.008228630929, 0.053348690098, 0.38323426686, 0.14285791288, 0.41175909972],
      [0.0037264621331, 0.016982472609, 0.0022994049859, 0.23793169199, 0.3533853305, 0.38567463778]
    ],
    [
      [0.017718404698, 0.00084459575987, 0.67906302101, 0.17620584971, 0.0021052088479, 0.12406291998],
      [0.43402802735, 0.00088118493877, 0.061617114111, 0.50294172985, 0.00018394093111, 0.00034800281637],
      [0.008640200453, 0.012828444845, 0.0061479090147, 0.2972003997, 0.64238709834, 0.032795947649],
      [0.00065181595505, 0.0048201794995, 0.57090567283, 0.23701928368, 0.049923168071, 0.13667987996],
      [0.0008711892586, 0.2756431899, 0.27551656501, 0.17523846447, 0.21927078956, 0.053459801804],
      [5.7080361095e-05, 0.017850314361, 0.20686054838, 0.39993952649, 0.15859296091, 0.2166995695],
      [0.001110999067, 0.041894552866, 0.0074915114255, 0.27502325273, 0.43636520249, 0.23811448142]
    ],
    [
      [0.016820485583, 0.0011006952571, 0.69437229883, 0.13002348122, 0.0090383760498, 0.14864466306],
      [0.38871225015, 0.0011452136384, 0.12909663644, 0.48039967017, 0.0002215886562, 0.00042464094823],
      [0.011437347447, 0.014931612138, 0.0049124633777, 0.26622828573, 0.65443114037, 0.048059150932],
      [0.00061944817793, 0.0044253793517, 0.62719907823, 0.17315362841, 0.021141556009, 0.17346090983],
      [0.00091528054241, 0.28566435664, 0.32575205708, 0.13784502793, 0.1770082645, 0.072815013307],
      [0.00011195250671, 0.017565126781, 0.23451494041, 0.32038347522, 0.13413607641, 0.29328842868],
      [0.0014424022856, 0.042203120269, 0.005887387263, 0.22594764062, 0.39650850781, 0.32801094175]
    ],
    [
      [0.027241969137, 0.0006071405941, 0.59685994366, 0.24143881153, 0.0026168676281, 0.13123526745],
      [0.42446557182, 0.0004160591075, 0.063946137339, 0.51045824519, 0.00028078223333, 0.00043320430853],
      [0.013322939569, 0.0071483000673, 0.0035548934889, 0.3371727457, 0.60682421589, 0.031976905285],
      [0.0014112895081, 0.0031054796979, 0.49243606189, 0.3080299826, 0.052719343477, 0.14229784282],
      [0.0016460198909, 0.21018612586, 0.24815588644, 0.24025924902, 0.24123418851, 0.058518530288],
      [0.00032739164249, 0.011457369714, 0.15898653983, 0.4755152599, 0.14856482876, 0.20514861015],
      [0.0019361289633, 0.02689996858, 0.004297790725, 0.32623283905, 0.41483743712, 0.22579583556]
    ],
    [
      [0.016521378048, 0.00097948001265, 0.74377911638, 0.13168154724, 0.0014498984807, 0.10558857984],
      [0.38961980518, 0.00095873907889, 0.097543861707, 0.51136699808, 0.00014652409388, 0.00036407186083],
      [0.011969215677, 0.016238015933, 0.0073248458784, 0.30420581194, 0.62052709851, 0.039735012065],
      [0.00063731108286, 0.0044979898827, 0.65487015238, 0.18255984336, 0.034835415242, 0.12259928806],
      [0.00094632479108, 0.28058581945, 0.34818547177, 0.14822403959, 0.16921452153, 0.052843822861],
      [7.5832204518e-05, 0.019117603147, 0.27275846481, 0.35598929066, 0.12636899309, 0.22568981609],
      [0.0015347799055, 0.050140247079, 0.0075785560342, 0.27129711024, 0.3932969678, 0.27615233894]
    ],
    [
      [0.0264645456, 0.00085160289687, 0.63709449824, 0.21775945228, 0.0021223590235, 0.11570754197],
      [0.43391463183, 0.00068086689282, 0.084915797924, 0.47999199918, 0.00023084465587, 0.00026585951931],
      [0.013649251662, 0.012404561385, 0.0035520936115, 0.35042546516, 0.58931349162, 0.030655136562],
      [0.0010864125328, 0.004631802462, 0.53311373627, 0.28542065395, 0.048749042196, 0.12699835259],
      [0.0013880427307, 0.27035397583, 0.2623503387, 0.21328413912, 0.20185894001, 0.050764563616],
      [0.00014307230555, 0.01658968544, 0.18463455233, 0.46434986915, 0.13830783841, 0.19597498236],
      [0.0018349059038, 0.040586330607, 0.0042609457217, 0.331039219, 0.3979160112, 0.22436258756]
    ],
    [
      [0.031275415227, 0.0019636553293, 0.5821329767, 0.25243683959, 0.005312326272, 0.12687878688],
      [0.46394170125, 0.0010099203383, 0.065069953248, 0.4693718582, 0.00042422489331, 0.00018234207325],
      [0.0080047305037, 0.011851336261, 0.00061327743312, 0.18176614385, 0.78266369025, 0.015100821696],
      [0.0011747114001, 0.0069144374583, 0.45812343461, 0.2782322103, 0.12492393644, 0.13063126979],
      [0.0031567194923, 0.28681846955, 0.15906412353, 0.1513087012, 0.36202568269, 0.037626303537],
      [5.0838703729e-05, 0.022466895351, 0.1559005236, 0.44561345151, 0.1724416352, 0.20352665563],
      [0.0024278368237, 0.037833413627, 0.00054562254221, 0.20482762018, 0.60536398781, 0.14900151902]
    ],
    [
      [0.020303759738, 0.0014795636297, 0.60050019619, 0.19844660932, 0.0022499934487, 0.17701987768],
      [0.28670072167, 0.0015374816583, 0.064535504322, 0.64586383506, 0.00034291076235, 0.0010195465224],
      [0.0086892320145, 0.018552428764, 0.0013453068276, 0.36092607357, 0.57304884035, 0.037438118466],
      [0.00071832876739, 0.0073553438255, 0.44042583269, 0.33058319924, 0.052687054717, 0.16823024075],
      [0.00076834406426, 0.37679988272, 0.18435187169, 0.20443485646, 0.17617654815, 0.057468496926],
      [2.868574136e-05, 0.024153077207, 0.14278480796, 0.48568567977, 0.10011537459, 0.24723237473],
      [0.0011466822882, 0.054978047913, 0.0024979185954, 0.32426918311, 0.36096996486, 0.25613820324]
    ],
    [
      [0.021978262033, 0.0012151975134, 0.71018429699, 0.14931561617, 0.0033915711877, 0.11391505611],
      [0.41669660764, 0.0010910678538, 0.11205883558, 0.4696808087, 3.3439536877e-05, 0.00043924069879],
      [0.014644392578, 0.015891465867, 0.0035872405269, 0.30686921045, 0.62080530248, 0.038202388097],
      [0.00093596241628, 0.0048839384786, 0.62299934207, 0.20286618154, 0.038755463285, 0.12955911221],
      [0.0012605536737, 0.29044469696, 0.31843561439, 0.158246245, 0.1778536938, 0.053759196184],
      [0.00019261361822, 0.019457866728, 0.24612141322, 0.37677793887, 0.12997014763, 0.22748001994],
      [0.0020596958774, 0.049033549633, 0.0076880734167, 0.27781534778, 0.39577230952, 0.26763102377]
    ],
    [
      [0.025850959646, 0.0041316119447, 0.55602518936, 0.17473955749, 0.022589209842, 0.21666347171],
      [0.47744850618, 0.0013788991414, 0.067747024321, 0.44625880979, 0.0062335010261, 0.00093325954907],
      [0.016456038156, 0.026145872877, 0.0017613951828, 0.3074143403, 0.59102883395, 0.057193519529],
      [0.0012484512088, 0.010082459179, 0.47771936475, 0.22671652396, 0.039622783002, 0.24461041791],
      [0.0015845189545, 0.52603294607, 0.15950196222, 0.12015583435, 0.12688443335, 0.065840305061],
      [0.00022053022284, 0.037572387685, 0.14833844202, 0.34652604756, 0.10706000566, 0.36028258685],
      [0.0021441137462, 0.084711491015, 0.0027139700587, 0.22570478168, 0.30782311072, 0.37690253277]
    ],
    [
      [0.015409545308, 0.00057378715731, 0.7628193103, 0.12956916326, 0.0011824127833, 0.090445781188],
      [0.35126946578, 0.00065161657396, 0.1344670964, 0.5092034074, 0.0035422129303, 0.00086620091708],
      [0.013734739255, 0.010638196606, 0.0054391125441, 0.36284839706, 0.56878406766, 0.03855548688],
      [0.00084097620023, 0.0026113816384, 0.66917141056, 0.19387136157, 0.030596874176, 0.10290799586],
      [0.0011281821251, 0.19987068666, 0.40965539099, 0.18097334536, 0.15685207176, 0.051520323103],
      [8.2478945027e-05, 0.012398672949, 0.29603680659, 0.39693471081, 0.084572009819, 0.20997532089],
      [0.0018626857761, 0.034365993614, 0.0061426649871, 0.32697376337, 0.36121143405, 0.2694434582]
    ],
    [
      [0.12069100875, 0.00086413239795, 0.55530510435, 0.14617594845, 0.0040997437042, 0.17286406234],
      [0.89763006821, 0.00031016840482, 0.014069855408, 0.087012337046, 0.0008774678294, 0.00010010310328],
      [0.036640645128, 0.013117194007, 0.009577187269, 0.26377872161, 0.63398606162, 0.042900190362],
      [0.00089519293742, 0.0031817603344, 0.49212554966, 0.26701983001, 0.037261571439, 0.19951609561],
      [0.001471852821, 0.26372743091, 0.24140000553, 0.17547362988, 0.2383778216, 0.079549259251],
      [0.00064093325668, 0.01135461008, 0.1650664242, 0.36418692246, 0.16006551852, 0.29868559148],
      [0.0042377348384, 0.037766665198, 0.0022623230161, 0.23439292782, 0.37743212411, 0.34390822502]
    ],
    [
      [0.02132119169, 0.0017781917423, 0.64506094664, 0.15313382523, 0.004656562156, 0.17404928254],
      [0.40939847439, 0.0019453018018, 0.10064760212, 0.48172918628, 0.0054664551402, 0.00081298027256],
      [0.01157321935, 0.020718768327, 0.0038794658896, 0.25235069549, 0.6686423596, 0.042835491343],
      [0.0009648298317, 0.0074962831735, 0.54720038193, 0.20500273549, 0.048317873857, 0.19101789571],
      [0.0010724054915, 0.39588635865, 0.2226355636, 0.12856517072, 0.18924263523, 0.062597866312],
      [0.00023607794056, 0.028449580393, 0.18839746868, 0.33500397981, 0.15323380817, 0.294679085],
      [0.0015124333321, 0.063767325259, 0.0033918116652, 0.21681525421, 0.40631642423, 0.30819675131]
    ],
    [
      [0.028665634254, 0.00086428451995, 0.75646294411, 0.10080926041, 0.0014408351257, 0.11175704158],
      [0.67505067416, 0.00099142817691, 0.054954679035, 0.26847193221, 0.00017224570746, 0.00035904070868],
      [0.024656915573, 0.025069941606, 0.010733398114, 0.25638574455, 0.63105552722, 0.052098472934],
      [0.001070422594, 0.0060618688688, 0.69398697722, 0.13033950865, 0.032688527938, 0.13585269472],
      [0.0015082539839, 0.35761228824, 0.34754107828, 0.099790740156, 0.13800645468, 0.05554118466],
      [0.00013091419821, 0.027220022471, 0.30941997184, 0.27554363583, 0.11819191814, 0.26949353751],
      [0.0028107144954, 0.07180140847, 0.01071888113, 0.21209562726, 0.36900127734, 0.3335720913]
    ],
    [
      [0.0085139388847, 0.00086864818303, 0.83682173319, 0.078897517493, 0.00098085752797, 0.073917304726],
      [0.27529875843, 0.0019291893384, 0.22293387228, 0.49911510264, 0.00014088726756, 0.00058219004297],
      [0.0081867579734, 0.026052724195, 0.007695609203, 0.30574938583, 0.61348498172, 0.03883054108],
      [0.00013445160342, 0.0051618018541, 0.75383998326, 0.13084431535, 0.024125340781, 0.085894107154],
      [0.00030201588027, 0.327199742, 0.4060625863, 0.10791767059, 0.12084377978, 0.037674205451],
      [3.8675062485e-05, 0.025887546179, 0.37224161098, 0.30532268276, 0.10757927331, 0.18893021171],
      [0.00098681877798, 0.078419037676, 0.0085915827425, 0.26577823867, 0.37906519974, 0.2671591224]
    ],
    [
      [0.034102032097, 0.0018651124933, 0.67482702822, 0.17247915258, 0.0024415667851, 0.11428510782],
      [0.51446287897, 0.0010182875942, 0.078060136496, 0.40571443124, 0.00037864220719, 0.00036562348751],
      [0.017888049085, 0.02323335925, 0.002495525182, 0.27705726124, 0.64941492242, 0.029910882826],
      [0.0014039353571, 0.0096843536604, 0.57646570219, 0.23220684311, 0.053398606085, 0.12684055959],
      [0.0013947858001, 0.46349880222, 0.20486266536, 0.12707453139, 0.16619462499, 0.036974590241],
      [0.00017083991708, 0.039217393902, 0.20650193114, 0.39384662381, 0.15493350616, 0.20532970507],
      [0.0025445945049, 0.088840983667, 0.0050440032973, 0.25865974605, 0.43068582038, 0.2142248521]
    ],
    [
      [0.021659711206, 0.0048180868897, 0.59142911381, 0.1736286944, 0.027737920876, 0.18072647282],
      [0.42213057807, 0.001548376674, 0.079098913947, 0.48983483335, 0.0059616628003, 0.001425635163],
      [0.012473682682, 0.0346477467, 0.0019634247984, 0.27302180473, 0.62979110333, 0.04810223776],
      [0.0012366964105, 0.01620646284, 0.50554795883, 0.22495792259, 0.05049019155, 0.20156076778],
      [0.00065704844385, 0.65952206055, 0.11882953919, 0.080910075608, 0.10040927542, 0.039672000783],
      [0.0005472081717, 0.065417880419, 0.15406223975, 0.34461163817, 0.14728663066, 0.28807440284],
      [0.00081758353729, 0.14763834797, 0.0016529196678, 0.20870044626, 0.33038737525, 0.31080332732]
    ],
    [
      [0.013993382913, 0.0011541024018, 0.77141929142, 0.11433136978, 0.001188519872, 0.097913333617],
      [0.35100543257, 0.0013275265662, 0.15989413591, 0.48727674514, 4.8062442259e-05, 0.00044809737133],
      [0.011912420124, 0.019404657348, 0.0056145087421, 0.31390069782, 0.60625817684, 0.042909539116],
      [0.00047691179273, 0.004715813821, 0.68876823933, 0.16240021349, 0.030296878438, 0.11334194313],
      [0.00078121440654, 0.29157507084, 0.37688325716, 0.13504962766, 0.14534589153, 0.0503649384],
      [4.3773994936e-05, 0.020676725675, 0.30639385025, 0.33751127339, 0.11111887927, 0.22425549742],
      [0.0015062610182, 0.057337312733, 0.0079813435888, 0.27165468819, 0.37182091769, 0.28969947678]
    ],
    [
      [0.03543653677, 0.0011465599286, 0.73474544601, 0.16363663585, 0.001506444053, 0.063528377383],
      [0.52775120529, 0.0011136769797, 0.095755234439, 0.3740984712, 0.0012814120888, 0],
      [0.026001181293, 0.016332536402, 0.0093022528907, 0.38122986145, 0.54278506954, 0.024349098428],
      [0.0023250488594, 0.0042252637832, 0.6688365791, 0.21480984998, 0.033779003552, 0.076024254727],
      [0.0032369224707, 0.26784353186, 0.36651608926, 0.181498831, 0.14703318155, 0.033871443863],
      [0, 0.018129978333, 0.29363982909, 0.4308762163, 0.10586939512, 0.15148458115],
      [0.0014659409777, 0.054278330443, 0.0045782286792, 0.35712937524, 0.37704171763, 0.20550640703]
    ],
    [
      [0.056246564032, 0.0012292331376, 0.61785577721, 0.12613147924, 0.0032986942838, 0.1952382521],
      [0.54091150937, 0.00089312957437, 0.045549568424, 0.41218060303, 0.00016560577966, 0.00029958381652],
      [0.016351429765, 0.013328874704, 0.00062698806681, 0.2658877857, 0.67464077587, 0.029164145887],
      [0.013544963863, 0.0067594557559, 0.41566292839, 0.30694122693, 0.085076130585, 0.17201529447],
      [0.0020513647425, 0.31863250957, 0.16976999666, 0.18543769357, 0.2683962554, 0.05571218006],
      [0.0001134658336, 0.020875155466, 0.12942259438, 0.43258959736, 0.184049966, 0.23294922096],
      [0.003637247724, 0.042990194913, 0.00087259699884, 0.25777387401, 0.47255332693, 0.22217275942]
    ],
    [
      [0.02562633673, 0.0021730061011, 0.61303214547, 0.21554019096, 0.0028533182924, 0.14077500244],
      [0.38143642641, 0.0015286096195, 0.076469613333, 0.53994747568, 0.00028647594625, 0.00033139901532],
      [0.010342508327, 0.019261836952, 0.00086844334483, 0.28079943475, 0.65950770585, 0.029220070778],
      [0.0019596069574, 0.0088102461666, 0.49791879159, 0.27872923777, 0.064293247832, 0.14828886969],
      [0.00096350150985, 0.39612814007, 0.18794502504, 0.1597333029, 0.20983040086, 0.045399629618],
      [9.0858054409e-05, 0.029676277349, 0.16176914756, 0.42323986497, 0.17111722736, 0.21410662471],
      [0.0014739671016, 0.064512830327, 0.0029326528944, 0.26746381069, 0.44640386895, 0.21721287004]
    ],
    [
      [0.027583482355, 0.00021030196041, 0.7062574409, 0.15177805621, 0.0022791561682, 0.1118915624],
      [0.44980861426, 3.7174016966e-05, 0.084191535387, 0.46534655064, 0.00015272868457, 0.00046339700865],
      [0.013226947658, 0.0017640326067, 0.0038784346001, 0.28528553075, 0.66812934936, 0.027715705019],
      [0.0014389146333, 0.00057661995525, 0.58289528811, 0.24262060716, 0.053325360938, 0.1191432092],
      [0.0018017299342, 0.12896174582, 0.32092290291, 0.21146997047, 0.28299400268, 0.053849648198],
      [0.00015406760811, 0.0073170604237, 0.21050805875, 0.42208116456, 0.16321241295, 0.19672723571],
      [0.010912726506, 0.0073548782698, 0.0051026628206, 0.28561500642, 0.4789486135, 0.21206611248]
    ],
    [
      [0.012527823421, 0.00080362161983, 0.56098276146, 0.11342663569, 0.0013382995309, 0.31092085828],
      [0.50716223416, 0.001202655696, 0.09429474534, 0.39686479378, 0.00031746287774, 0.00015810813836],
      [0.015348689337, 0.022475857458, 0.018282256035, 0.28062258713, 0.5823224986, 0.080948111441],
      ["NaN", "NaN", "NaN", "NaN", "NaN", "NaN"],
      [0.0015952108076, 0.35024696332, 0.24807581919, 0.12441090824, 0.15040040628, 0.12527069217],
      [0.00045615567552, 0.016663694666, 0.14297114857, 0.24310262473, 0.12692574845, 0.46988062791],
      [0.0018731372216, 0.037781765936, 0.004371519979, 0.16767205156, 0.274483069, 0.51381845631]
    ],
    [
      [0.017192822615, 0.0014853336261, 0.68745980881, 0.1724912221, 0.0045403744336, 0.11683043841],
      [0.3276049385, 0.0014416705161, 0.11096430466, 0.5572213165, 0.0021301951686, 0.00063757465878],
      [0.009645974032, 0.018561965505, 0.0046712788611, 0.32186470754, 0.6103577316, 0.034898342467],
      [0.00046828482848, 0.0062251145785, 0.58578906463, 0.23435165714, 0.044493677348, 0.12867220148],
      [0.00062381326728, 0.34041159632, 0.27247663031, 0.16411524856, 0.17374620157, 0.048626509976],
      [0, 0.023908718569, 0.22024133773, 0.40973654162, 0.12659093156, 0.21952247051],
      [0.0012958220893, 0.058994467317, 0.0057372335956, 0.29367758717, 0.39359541162, 0.24669947821]
    ],
    [
      [0.01632377791, 0.00088235168105, 0.76958992412, 0.12941444591, 0.0019496468401, 0.081839853538],
      [0.36281438572, 0.00098048207247, 0.1442816389, 0.49111467744, 0.00064122124728, 0.00016759462537],
      [0.013028433668, 0.014987347343, 0.0055943778159, 0.32985114588, 0.60451112292, 0.032027572375],
      [0.0006124068479, 0.003853088974, 0.68499342835, 0.18387641064, 0.032732980909, 0.093931684276],
      [0.00097338428459, 0.25383160564, 0.38507353711, 0.15692437907, 0.16041586389, 0.04278123001],
      [6.7982952713e-05, 0.017343757775, 0.30151644241, 0.37802747941, 0.11840363687, 0.18464070058],
      [0.0017920852515, 0.048281959323, 0.0078187422692, 0.30557294218, 0.39693175235, 0.23960251863]
    ],
    [
      [0.025081888951, 0.0013049409569, 0.69833162292, 0.16243321044, 0.0013607661857, 0.11148757055],
      [0.42418432035, 0.0011575069732, 0.097570233177, 0.47637383641, 0.00013874803732, 0.00057535505727],
      [0.018247388111, 0.019655884118, 0.0047728043359, 0.37560657546, 0.54117743369, 0.040539914286],
      [0.0011168543701, 0.0055735660454, 0.6043279204, 0.23124955521, 0.032954281436, 0.12477782255],
      [0.0014420649132, 0.32350596426, 0.30452358185, 0.17746842031, 0.14187086427, 0.051189104404],
      [0.00011748279853, 0.021722835965, 0.23581416689, 0.42258037333, 0.10198720762, 0.2177779334],
      [0.0024029451696, 0.058051865177, 0.0064633787547, 0.32920594158, 0.33340518899, 0.27047068032]
    ],
    [
      [0.022839477917, 0.0012223850762, 0.76130257447, 0.12511797477, 0.0015551315297, 0.087962456234],
      [0.45578665079, 0.0012530916244, 0.12186788535, 0.42088977498, 5.2588191771e-05, 0.00015000906546],
      [0.016036947532, 0.016966413801, 0.005346408538, 0.27503531185, 0.65715866791, 0.029456250371],
      [0.0011588225083, 0.0051743843134, 0.67232528679, 0.1791426222, 0.042498343624, 0.099700540567],
      [0.0014195892682, 0.29677982484, 0.33963231623, 0.13794912789, 0.18327525044, 0.040943891332],
      [0.00023941040158, 0.021491725652, 0.28580838712, 0.3568168339, 0.14568728634, 0.18995635658],
      [0.0023758992219, 0.05459252786, 0.0085476777221, 0.26385181512, 0.44593227059, 0.22469980948]
    ],
    [
      [0.034652141496, 0.0012641578002, 0.67644731399, 0.14559603227, 0.0045165318564, 0.13752382259],
      [0.54969926011, 0.0012396598857, 0.0820937311, 0.36122047046, 0.0041201081687, 0.0016267702689],
      [0.017263439238, 0.010685669185, 0.002954805257, 0.22337316095, 0.71266749942, 0.033055425949],
      [0.0010001568487, 0.0047139460242, 0.58090355486, 0.20229916262, 0.059740564071, 0.15134261558],
      [0.0018475311372, 0.24895142178, 0.27900983878, 0.14952560121, 0.26153188742, 0.05913371967],
      [0.0021128534623, 0.015385897317, 0.21359016184, 0.3418406121, 0.18936466411, 0.23770581118],
      [0.0004782936864, 0.0374613851, 0.0023202473152, 0.21603936907, 0.47443720271, 0.26926350211]
    ],
    [
      [0.012993188189, 0.00054158122241, 0.79320265896, 0.11667617392, 0.0018128666985, 0.074773531005],
      [0.34297809174, 0.00047186928126, 0.13816155952, 0.51782468586, 0.00056379359637, 0],
      [0.0089730264938, 0.010539927435, 0.015518169466, 0.26435832333, 0.6730137995, 0.027596753782],
      [0.0007824652688, 0.0028057219865, 0.69882158469, 0.16373910616, 0.046010961415, 0.08784016048],
      [0.00092885522486, 0.21048530639, 0.40397410409, 0.14147403517, 0.20176063336, 0.041377065763],
      [0.00067211043711, 0.013993700389, 0.32018517451, 0.3356426906, 0.15387139684, 0.17563492722],
      [0.0011941094014, 0.037956784936, 0.0073880359348, 0.25774860875, 0.47316425979, 0.22254820119]
    ],
    [
      [0.023951123128, 0.001408789253, 0.71375338853, 0.10820477098, 0.0022875974908, 0.15039433062],
      [0.49257884169, 0.0014884968906, 0.12523808347, 0.37756072526, 0.002295735832, 0.00083811685863],
      [0.017658640484, 0.018796512279, 0.0066122177789, 0.24714200866, 0.65899655291, 0.050794067889],
      [0.0011807782645, 0.0056308747805, 0.62869147465, 0.15307973895, 0.041136627149, 0.1702805062],
      [0.0013104919279, 0.31636736472, 0.3197538168, 0.11819955045, 0.17404481892, 0.070323957193],
      [0.0002030847102, 0.021364001941, 0.25160493231, 0.28908284188, 0.1298900569, 0.30785508226],
      [0.0022936121938, 0.051984560264, 0.0087109808421, 0.20493286902, 0.38279869665, 0.34927928103]
    ],
    [
      ["NaN", "NaN", "NaN", "NaN", "NaN", "NaN"],
      ["NaN", "NaN", "NaN", "NaN", "NaN", "NaN"],
      [0, 0, 0, 0, 1, 0],
      ["NaN", "NaN", "NaN", "NaN", "NaN", "NaN"],
      ["NaN", "NaN", "NaN", "NaN", "NaN", "NaN"],
      ["NaN", "NaN", "NaN", "NaN", "NaN", "NaN"],
      ["NaN", "NaN", "NaN", "NaN", "NaN", "NaN"]
    ],
    [
      ["NaN", "NaN", "NaN", "NaN", "NaN", "NaN"],
      [0.88996684647, 0.00091278227717, 0.04206025187, 0.066253327211, 0.00064765958855, 0.00015913258235],
      [0.030395404997, 0.030729151982, 0.019832015052, 0.13772578288, 0.71465625784, 0.066661387256],
      [0.0018712479798, 0.010492723411, 0.58720643506, 0.093400905041, 0.076683100357, 0.23034558815],
      [0.0017888152699, 0.49242726613, 0.22077424477, 0.053271699137, 0.16046633411, 0.071271640579],
      [0.00010236008877, 0.041182918851, 0.2281928247, 0.1783524462, 0.13385167989, 0.41831777027],
      [0.0029960627779, 0.088391923196, 0.006335644727, 0.10819927706, 0.38129242277, 0.41278466947]
    ],
    [
      [0.019853283779, 0.00089683479333, 0.78582056491, 0.095494164669, 0.0061242403863, 0.09181091146],
      [0.4651254134, 0.0010066997896, 0.15376764545, 0.37781965087, 0.0017044306773, 0.00057615981086],
      [0.015417265285, 0.013466388858, 0.0059616128988, 0.22238903377, 0.70750484843, 0.035260850752],
      [0.0010021934114, 0.0037818873855, 0.70847414829, 0.13608614571, 0.043675384569, 0.10698024063],
      [0.0013386574585, 0.24436561386, 0.39363341993, 0.11390336024, 0.1983213826, 0.048437565915],
      [0.00015949284849, 0.017393527626, 0.32202666841, 0.29146386145, 0.15151692489, 0.21743952479],
      [0.0021584593268, 0.044260877085, 0.0062089565821, 0.21506770188, 0.47465744901, 0.25764655612]
    ],
    [
      [0.018479995765, 0.001805145348, 0.73391207068, 0.10172481478, 0.0044572298994, 0.13962074352],
      [0.45363505366, 0.0018264502993, 0.14386448196, 0.39893997964, 0.0010751897092, 0.00065884473307],
      [0.012910969626, 0.025704361038, 0.0066933350063, 0.20454563156, 0.70250850818, 0.047637194593],
      [0.00092110332413, 0.007992952454, 0.64780325057, 0.13779826977, 0.0456970369, 0.15978738698],
      [0.00099296919905, 0.42863413632, 0.26656736449, 0.086755400925, 0.16323079625, 0.053819332812],
      [0.00010322315361, 0.035617578108, 0.26175108989, 0.26586102442, 0.14456227931, 0.29210480511],
      [0.0016055153, 0.083125633347, 0.0046764097927, 0.17753609969, 0.41607828437, 0.3169780575]
    ],
    [
      [0.036324531656, 0.0015426224386, 0.6440051197, 0.16784753327, 0.0018707153274, 0.14840947761],
      [0.51892484861, 0.0010299185835, 0.077961084284, 0.40167699184, 0.00027727828081, 0.0001298783994],
      [0.020489081589, 0.019208866503, 0.0033409612873, 0.30803615707, 0.60586348107, 0.043061452487],
      [0.001260867994, 0.0065105961064, 0.55606022546, 0.22662378855, 0.043838466066, 0.16570605583],
      [0.0015468328272, 0.35427329676, 0.25456021424, 0.15637507522, 0.17181697597, 0.061427604991],
      [8.7186880215e-05, 0.024230112801, 0.20037236866, 0.3810255537, 0.12829579606, 0.2659889819],
      [0.0026035468294, 0.058308625858, 0.0043090503774, 0.26572116036, 0.37161688079, 0.29744073578]
    ],
    [
      [0.069414956144, 0.0015297942536, 0.77774993557, 0.068406803142, 0.0034639260614, 0.079434584829],
      [0.84030990198, 0.0015503650145, 0.060848959556, 0.090629919918, 0.005679903035, 0.00098095049344],
      [0.069829195048, 0.02235395403, 0.022215831944, 0.16261747425, 0.69332746284, 0.02965608188],
      [0.004417288093, 0.0055837377032, 0.76729597409, 0.097331565134, 0.044878915076, 0.080492519908],
      [0.0071208002762, 0.32442657898, 0.38453489925, 0.076642475806, 0.17363200924, 0.03364323644],
      ["NaN", "NaN", "NaN", "NaN", "NaN", "NaN"],
      [0.0085780162989, 0.072319002161, 0.0095362534859, 0.18283262291, 0.49471032572, 0.23202377942]
    ]
  ],
  "expected_outcome": [
    [
      [0.30184814981, 1.599692912, 0.98336673767, 1.4937925125, 0.58718097515, 0.23764777236, 1.1901504708, 0.42290977885, 0.060142777929, 0.44134831173, 2.0209598345, 0.34160701257, 0.55547215139, 2.7925854959, 1.0867899198, 0.33564121376, 0.10743919077, 1.4355512271, 0.11045181225, 0.16454309726, 2.7647315246, 0.634724862, 0.7149447888, 0.27295309953, 0.65398271185, 0.069593999628, 1.9180812625, 1.0229115807, 0.52780029617, 1.5076491238, 0.14570641415, 0.012809625294, 2.7653732381, 2.9619817467, 1.4450365709, 1.0247704914, 0.78072714932, 0.61952091914, 1.4787088088, 0, 0, 1.3967923005, 0.29745435304, 5.1379303543, 0.86932698145],
      [0.010613882209, 0.068426540514, 0.050388292996, 0.084715914739, 0.019858801669, 0.027178719969, 0.020478755185, 0.021222545805, 0.015014218475, 0.0092119098645, 0.10141375247, 0.021840958489, 0.012168040411, 0.16431129045, 0.036491872967, 0.020461428369, 0.0082081941837, 0.077664431453, 0.014914609712, 0.0060348479725, 0.021654152802, 0.052022405654, 0.023720628117, 0.029780769656, 0.033703382393, 0.014260526819, 0.15656123989, 0.032340182242, 0.012499414318, 0.1254969942, 0.0010039875317, 0.00095894395637, 0.23268430712, 0.15812229024, 0.075729636278, 0.055662607518, 0.029297905404, 0.024046202904, 0.088991564699, 0, 0, 0.061883803938, 0.027640364651, 0.21272396375, 0.017983968073],
      [6.4407619208, 41.41294965, 35.4136180607, 46.6442120997, 26.8461745561, 12.2601694543, 28.067235726, 11.4459365665, 3.7489114399, 2.5944383518, 71.5485386395, 13.2827114762, 11.4041837266, 117.0912188794, 24.3089015356, 5.8790308624, 2.9859638351, 43.5060421418, 2.2520777314, 7.6440302546, 11.5388539753, 18.1527424052, 17.4423055383, 25.1088681279, 12.1919169644, 1.7996431716, 99.0140155086, 19.9230373485, 5.465919048, 33.9124008148, 3.5260922058, 0.57466569814, 103.5754354205, 131.1716154791, 37.7949344419, 32.0376381348, 14.2520374661, 34.9540493452, 41.4933492617, 0, 0, 52.0204744934, 11.0458408176, 85.3334359353, 8.5125228447],
      [3.0549669132, 9.9276252285, 5.4097251192, 9.7423501239, 1.9455562417, 3.1247255766, 4.7965385072, 2.872105596, 1.3432321123, 1.0997785129, 18.2446498711, 2.4229732222, 4.5136001787, 20.3429750889, 8.1449595779, 2.4390612058, 1.0295686099, 8.9405002263, 0.68448387961, 1.2855943507, 3.0433886182, 4.2199251041, 2.243061803, 2.3869380218, 3.0490455705, 0.5110848235, 14.4115540659, 4.2756716921, 1.2861467155, 11.6662261855, 0.76905195847, 0.1094364665, 25.5128463957, 21.6675318768, 8.6830954869, 5.1780090883, 3.00979359, 5.054972598, 6.1883510098, 0, 0, 6.2018491115, 1.4997634357, 21.7493468904, 0.72792453736],
      [0.025664195824, 0.6226862575, 0.10052053515, 0.14993102704, 0.050935060345, 0.15710847595, 0.14298414698, 0.040530370032, 0.036060896155, 0.028998371809, 0.26377042558, 0.15135673309, 0.059330358167, 0.27163070545, 0.096237440266, 0.063390817856, 0.013424337812, 0.20365854501, 0.076155303049, 0.014109470982, 0.10273480873, 0.13292970672, 0.039544285946, 0.035113069707, 0.052442420398, 0.070085569028, 0.17845582427, 0.048535374588, 0.035426332274, 0.18726409862, 0.013598333962, 0.0015969633162, 0.66106880578, 0.35940007366, 0.087683703117, 0.077939574657, 0.091877026746, 0.095183169467, 0.15832489892, 0, 0, 0.37612923976, 0.067586275494, 0.29466140148, 0.045467692355],
      [1.1661449382, 7.3686194114, 6.0423812543, 7.8849983222, 2.5502943651, 2.1931700009, 3.7826123939, 2.1972951428, 0.79663855515, 2.8262245419, 12.8206674769, 2.7795105975, 2.4552455448, 16.3372785399, 4.3266196535, 1.2624144718, 0.85539583218, 6.8365834283, 0.86191666399, 0.88568797842, 3.5286369204, 4.8076555163, 2.5364229558, 2.1663469114, 2.0189089505, 0.53533190944, 12.3213320989, 1.6975038218, 1.6722081938, 7.600962783, 0.54454710004, 0.30053230278, 17.2525918327, 13.6813485336, 5.9135201609, 3.6259801033, 2.8362668624, 3.2522277654, 8.5922744561, 0, 0, 5.9428710509, 2.0617147536, 19.2719014548, 0.82677397607]
    ],
    [
      [24.9490690219, 31.284948013, 21.2373976378, 39.5494897633, 24.367936761, 5.9493570886, 19.2151442984, 19.6142411714, 0.72833265568, 1.8336926939, 6.2378623809, 6.9595963739, 3.7402474839, 26.1807199175, 12.3297473767, 3.2034002463, 5.4339842116, 35.7060493276, 3.3229147918, 6.2970135091, 7.0953926327, 8.952969792, 4.6270737091, 8.5434742569, 8.1836200948, 3.3552990678, 45.493658758, 47.9618955703, 20.4808263617, 30.3740512109, 4.4728489358, 0.4943599741, 52.9319694938, 51.3199970886, 20.675645458, 20.4224804252, 15.3416080287, 25.9986440336, 21.5710747088, 0, 1.7492460674, 29.6166289112, 10.8379871204, 154.3254329377, 23.5030607432],
