{
  "Z_true": {},
  "V_true": [
    [20, 120, 955, 162],
    [494, 990, 180, 29],
    [494, 10843, 242, 233],
    [198, 945, 13808, 444],
    [44, 948, 318, 119],
    [139, 699, 660, 390]
  ],
  "p_true": [
    [0.0159, 0.0955, 0.7597, 0.1289],
    [0.2918, 0.5848, 0.1063, 0.0171],
    [0.0418, 0.918, 0.0205, 0.0197],
    [0.0129, 0.0614, 0.8969, 0.0288],
    [0.0308, 0.6634, 0.2225, 0.0833],
    [0.0736, 0.3702, 0.3496, 0.2066]
  ],
  "Z_est": [
    [
      [0, 0.6778, 0, 0.0367, 0.5122, 1.2357, 0.6482, 0.55, 0.8503, 0.5879, 0.5752, 0.3298, 0.4709, 0, 0.0645, 0.1284, 1.0289, 0.2288, 0.0125, 0.0251, 0.0053, 0.5392, 0.3908, 0.6869, 0.3365, 0.1146, 0.2497, 0.7272, 0.6119, 0.8653, 0.9504, 0.0386, 0.7188, 0.1053, 0.7263, 0.3187, 0.6353, 0.4623, 0.0819, 0.3463, 0.6744, 0, 0.0074, 1.4042, 0.1805, 2.3485, 0.1422],
      [0.1031, 0.2468, 0, 0.0579, 1.3483, 2.3488, 0.6771, 0.8963, 1.5031, 0.6606, 0.5775, 0.5614, 1.0725, 0, 0.0726, 0.0724, 1.8375, 0.3685, 0.0168, 0.0421, 0.0088, 0.7895, 0.5245, 1.5399, 0.7179, 0.1731, 0.4424, 1.2534, 0.9868, 1.2136, 1.5555, 0.0248, 0.6789, 0.1068, 1.0981, 0.5628, 0.8348, 0.9809, 0.3395, 0.1983, 0.749, 0, 0.016, 2.5534, 0.2389, 1.8119, 0.3209],
      [0.6872, 4.0754, 0, 0.8424, 28.6193, 71.0197, 23.3638, 37.6473, 45.7361, 16.0734, 22.131, 18.217, 35.9689, 0, 3.8629, 3.4297, 65.4793, 5.3523, 0.9262, 0.7685, 0.9628, 29.7515, 16.7021, 28.1913, 22.4202, 4.1921, 16.2928, 34.8067, 34.4056, 54.61, 52.1681, 0.893, 32.8194, 2.0748, 48.1679, 19.6798, 32.9217, 52.7843, 9.7721, 18.7214, 30.8613, 0, 0.8339, 102.9934, 8.5946, 55.0777, 10.0828],
      [1.2096, 0, 0, 0.063, 3.5202, 5.3959, 2.311, 2.9064, 4.9106, 1.6782, 1.7162, 1.8918, 2.4877, 0, 0, 0.3695, 5.6543, 1.0503, 0.0445, 0.1643, 0.023, 1.9198, 1.3826, 3.5819, 2.5254, 0.5203, 1.015, 3.2127, 2.9958, 5.311, 4.326, 0.0436, 2.7829, 1.7131, 3.0076, 1.4387, 2.6081, 3.7724, 0.8065, 0.734, 1.7154, 0, 0.1428, 7.049, 0.986, 8.762, 0.4541]
    ],
    [
      [0, 1.7375, 1.7683, 3.663, 12.4553, 26.2503, 18.0679, 26.1228, 36.2993, 18.6873, 18.2314, 11.0904, 23.9283, 6.7584, 2.5598, 2.8382, 40.5682, 8.446, 1.7073, 2.1684, 0, 19.5167, 9.0675, 22.0952, 14.4527, 7.929, 9.2769, 12.8011, 17.3733, 27.2798, 15.8447, 3.4021, 7.3256, 1.8029, 15.5352, 10.4235, 22.2242, 6.7728, 1.5017, 6.0989, 14.8373, 0, 1.6831, 60.5077, 4.6873, 81.7126, 10.4501],
      [0, 0.2184, 0.8244, 3.8147, 23.2756, 35.8906, 13.3272, 30.6656, 46.2363, 14.8711, 12.9207, 13.551, 38.8141, 3.1949, 0.789, 0.7436, 52.119, 9.6412, 1.5349, 2.3643, 0, 20.5542, 8.6782, 35.6031, 21.9877, 8.5087, 11.761, 15.8719, 20.1845, 27.5826, 18.7218, 1.2083, 4.8872, 0.8208, 16.9082, 13.1895, 20.9817, 10.0088, 4.0967, 2.4574, 11.6715, 0, 2.5478, 79.0693, 4.382, 44.0532, 16.7515],
      [0, 0.044, 0.4073, 0.4404, 5.1359, 11.3235, 4.7569, 13.362, 14.651, 3.7362, 5.1305, 4.5132, 13.582, 0.7142, 0.6512, 0.341, 19.322, 1.4216, 0.6828, 0.3056, 0, 8.0054, 2.8311, 6.7632, 7.1209, 2.0885, 4.4635, 4.5704, 7.3018, 12.8978, 6.4692, 0.3372, 2.4198, 0.1884, 7.6978, 4.7618, 8.5764, 5.5134, 1.2194, 2.2831, 4.9968, 0, 1.3551, 33.3535, 1.5987, 14.2907, 5.3971],
      [0, 0, 0, 0.0818, 1.1333, 1.5355, 0.848, 1.8496, 2.8133, 0.7055, 0.7174, 0.8454, 1.6757, 0.3325, 0, 0.0771, 2.9908, 0.4913, 0.075, 0.1617, 0, 0.9237, 0.4233, 1.5385, 1.4387, 0.4738, 0.4986, 0.7566, 1.1404, 2.2399, 0.9643, 0.0524, 0.3674, 0.1878, 0.8588, 0.6252, 1.2176, 0.705, 0.1822, 0.1605, 0.4944, 0, 0.414, 4.0694, 0.332, 3.9435, 0.4013]
    ],
    [
      [0, 1.9868, 0.8522, 0.6895, 10.462, 22.6037, 12.2644, 15.79, 25.3532, 16.115, 14.1748, 7.9061, 13.0076, 0.7752, 1.0535, 2.1294, 17.8215, 4.131, 0.845, 0.4899, 0.3339, 13.2361, 10.1811, 13.1443, 10.3901, 9.5011, 8.4598, 20.2346, 22.7415, 15.8048, 8.6833, 1.2218, 5.2392, 0.2849, 14.1933, 8.672, 13.8806, 2.905, 0.6833, 6.5257, 14.8308, 0, 2.4944, 34.7477, 6.3724, 60.4642, 2.6468],
      [0, 13.379, 11.4963, 15.0121, 436.8438, 622.8194, 188.0732, 372.7573, 649.1604, 270.7145, 209.5497, 193.7145, 445.2204, 9.4887, 9.9747, 17.7761, 462.2987, 95.0294, 15.8987, 10.9625, 8.6126, 278.4317, 196.9874, 431.5285, 331.6512, 202.3107, 216.1312, 501.5138, 528.1516, 320.1368, 206.1283, 13.9765, 72.5453, 4.0249, 310.7158, 221.2671, 264.0308, 88.8972, 96.4346, 56.3897, 238.9463, 2.9701, 81.1174, 919.875, 120.4021, 716.5988, 87.0922],
      [0, 0.6342, 0.6515, 0.0863, 10.7612, 21.697, 7.3426, 17.7797, 22.623, 7.2495, 9.1484, 6.9797, 17.3688, 0.1965, 0.9718, 0.9282, 18.7399, 2.0586, 0.6931, 0.0348, 0.8361, 11.9593, 6.9065, 9.1167, 11.8981, 5.133, 9.0466, 15.6695, 20.8445, 16.4793, 7.7067, 0.3899, 3.9233, 0.1705, 15.6863, 8.7089, 11.7842, 5.4172, 3.211, 5.928, 11.4793, 0.0299, 5.1671, 42.9981, 4.7401, 28.7863, 3.2132],
      [0, 0, 0, 0.212, 12.9331, 15.8798, 7.3198, 13.6729, 23.8634, 7.921, 7.1271, 7.3997, 11.4033, 0.5396, 0, 1.1664, 16.1399, 2.7809, 0.5632, 0.5128, 0.2175, 7.373, 5.925, 11.2104, 13.0606, 7.0552, 5.3624, 14.5822, 18.2623, 15.579, 6.4817, 0.4118, 3.2922, 0.5197, 9.4046, 6.3521, 9.3044, 3.7806, 2.6712, 2.1566, 5.7436, 0, 6.2212, 28.3792, 5.4855, 36.1507, 1.0478]
    ],
    [
      [0, 0.1167, 0.1129, 0.5657, 2.8597, 10.5935, 4.0096, 4.8283, 6.9402, 3.6722, 3.8969, 2.3771, 3.6268, 0.215, 0, 0.1252, 6.2412, 2.7048, 0.2336, 0.2842, 0.36, 3.2084, 3.1315, 4.9374, 2.2861, 1.4002, 2.6219, 5.0757, 4.9982, 5.8698, 3.8484, 0.1546, 4.753, 0.7795, 6.4263, 3.331, 6.8453, 1.3022, 0, 1.7692, 4.2275, 0, 0.4332, 11.5534, 1.8028, 15.2013, 1.3818],
      [0.7138, 2.8633, 0.4925, 2.4829, 33.7164, 74.0002, 16.7546, 27.8348, 44.1265, 15.9753, 16.2029, 13.6926, 39.4292, 1.02, 0.2544, 0.7144, 41.1211, 14.2055, 0.4553, 1.0878, 0.2667, 16.0454, 14.3827, 40.5959, 19.8374, 7.2748, 16.0745, 30.6556, 28.1117, 28.155, 21.4893, 0.5711, 15.76, 2.7508, 33.4682, 20.3368, 31.1047, 16.6687, 10.4149, 4.1028, 17.7979, 0.0625, 5.1875, 82.1377, 7.6797, 69.7547, 11.9859],
      [4.0736, 18.02, 14.3946, 16.4123, 321.5862, 1011.3617, 260.3836, 534.697, 610.454, 174.4592, 278.6102, 203.8929, 588.1702, 11.8966, 13.7456, 14.5186, 665.8527, 98.2345, 15.8967, 9.7602, 33.17, 275.3156, 209.8384, 337.4984, 279.1695, 80.5524, 268.3396, 387.8028, 448.1372, 576.5058, 329.2318, 9.0468, 355.869, 22.5409, 674.0302, 324.4186, 562.1231, 419.6381, 134.2268, 216.766, 327.8984, 2.9375, 91.5631, 1495.8038, 127.1014, 877.0373, 164.0654],
      [0.2126, 0, 0, 0.5391, 14.8377, 28.0446, 9.8522, 15.64, 24.4793, 6.8934, 8.29, 8.0374, 14.7739, 0.8683, 0, 0.6418, 21.785, 6.8552, 0.4144, 0.8678, 0.2033, 6.4306, 6.6474, 15.9683, 11.707, 3.7726, 5.964, 13.4658, 14.7528, 20.4695, 10.4305, 0.2276, 11.618, 1.9288, 15.0752, 8.9136, 16.9268, 11.391, 4.3583, 2.3619, 6.0763, 0, 3.8163, 37.5052, 5.4161, 47.0068, 1.5669]
    ],
    [
      [0, 0.0055, 0.0075, 0.0025, 0.006, 0.0384, 0.0232, 0.0202, 0.0561, 0.0256, 0.0228, 0.017, 0.0135, 0, 0.0009, 0, 0.0163, 0.0027, 0.0009, 0.0012, 0, 0.0179, 0.0113, 0.0223, 0.0124, 0.0099, 0.0082, 0.0373, 0.0325, 0.0205, 0.0138, 0.0005, 0.0117, 0, 0.0273, 0.0208, 0.0247, 0.0069, 0, 0.0145, 0.0191, 0, 0.0048, 0.0718, 0.0099, 0.0452, 0.002],
      [0, 0.8635, 0.698, 1.7939, 40.0744, 63.0111, 25.9082, 27.5253, 84.4447, 37.6313, 25.3548, 21.8145, 40.5676, 0, 0.5925, 0, 25.0241, 3.4499, 0.7078, 0.8682, 0, 20.4826, 12.1702, 46.1062, 31.7418, 11.2045, 11.7956, 50.7463, 42.2048, 23.3148, 18.0044, 0.7926, 9.4776, 0, 33.6246, 29.0241, 26.5779, 22.9927, 35.7272, 9.2131, 18.5872, 0, 13.4434, 127.2346, 9.5182, 53.7149, 3.8614],
      [0, 0.131, 0.2945, 0.1823, 7.6415, 17.1847, 7.9909, 10.3681, 23.1333, 8.1744, 8.7019, 6.278, 12.2702, 0, 0.4066, 0, 8.0207, 0.4315, 0.2707, 0.0979, 0, 6.8948, 3.4305, 7.5667, 8.8855, 2.3778, 3.8682, 12.6313, 13.2005, 9.4227, 5.3758, 0.1911, 4.0453, 0, 13.2298, 9.0543, 9.3883, 10.9401, 9.2123, 7.3791, 6.8758, 0, 6.1868, 46.4029, 3, 15.0246, 1.0708],
      [0, 0, 0, 0.0213, 1.2781, 1.7658, 1.0777, 1.0864, 3.3659, 1.1686, 0.9205, 0.8905, 1.1487, 0, 0, 0, 0.9389, 0.1159, 0.0206, 0.0327, 0, 0.6047, 0.388, 1.3049, 1.3603, 0.4077, 0.328, 1.5852, 1.5622, 1.242, 0.606, 0.0158, 0.4653, 0, 1.1183, 0.9008, 1.0092, 1.0602, 1.0605, 0.3933, 0.518, 0, 1.365, 4.2908, 0.4718, 3.2153, 0.0658]
    ],
    [
      [0, 0.4757, 0.2591, 0.0426, 1.7049, 3.2783, 1.9868, 1.6887, 3.501, 1.912, 3.0989, 1.2797, 1.953, 0.2514, 0.3213, 0.7788, 2.3239, 0.4867, 0.2007, 0.0312, 0.3008, 2.4817, 1.2178, 2.114, 1.5223, 1.0453, 1.3835, 2.1241, 3.2426, 2.1598, 1.6594, 0.1824, 0.9516, 0.0274, 2.0915, 1.234, 1.3898, 0.5508, 0.7331, 1.2453, 2.4109, 0, 0.3772, 4.7153, 0.9471, 9.2282, 0.3772],
      [0.1831, 1.429, 1.4887, 0.8384, 52.7415, 72.9298, 24.2596, 32.3206, 72.529, 25.1473, 36.3943, 25.6661, 51.8962, 2.2963, 1.3167, 4.6935, 48.5996, 9.3054, 3.3865, 0.6751, 6.1119, 42.6966, 19.2571, 55.6264, 38.064, 18.5282, 28.7952, 42.9591, 61.3606, 35.5973, 32.1006, 1.4269, 10.6509, 0.2967, 37.1851, 25.6197, 21.47, 13.4516, 39.9872, 8.6386, 31.2482, 0.9674, 9.6881, 100.13, 14.7792, 82.0665, 9.9881],
      [0.2392, 0.0953, 0.2521, 0.0362, 4.2559, 8.4134, 3.1623, 5.1459, 8.4026, 2.3073, 5.278, 3.119, 6.6401, 0.1927, 0.3619, 0.7825, 6.5855, 0.5015, 0.5306, 0.0329, 2.0311, 6.0735, 2.2914, 3.8637, 4.5057, 1.6562, 3.9893, 4.5193, 8.1103, 6.0844, 4.0484, 0.142, 1.9232, 0.0253, 6.1879, 3.3766, 3.2062, 2.7069, 4.3584, 2.9223, 4.8884, 0.0326, 1.894, 15.4483, 1.9652, 9.7835, 1.1707],
      [1.5778, 0, 0, 0.0828, 14.2977, 17.3785, 8.5913, 10.8447, 24.5675, 6.6334, 11.2288, 8.9351, 12.5107, 1.2596, 0, 2.7452, 15.491, 2.7064, 0.8823, 0.2607, 1.5562, 10.7482, 5.2337, 13.396, 13.908, 5.7703, 6.832, 11.3976, 19.2865, 16.1586, 9.1916, 0.2487, 4.4743, 0.6506, 10.5355, 6.7697, 6.9339, 5.2908, 9.9213, 3.1937, 7.4524, 0, 9.0407, 28.7064, 6.3086, 41.9218, 1.464]
    ]
  ],
  "V_est": [
    [21.6313, 32.1837, 1104.9817, 98.2032],
    [667.95, 727.2846, 257.0224, 40.7429],
    [476.3232, 10567.0368, 413.1746, 355.4654],
    [151.102, 899.8163, 13897.0483, 447.0333],
    [0.7057, 1061.8906, 327.2332, 39.1705],
    [71.2878, 1256.7879, 163.5397, 396.3846]
  ],
  "p_est": [
    [0.0172, 0.0256, 0.8791, 0.0781],
    [0.3945, 0.4296, 0.1518, 0.0241],
    [0.0403, 0.8946, 0.035, 0.0301],
    [0.0098, 0.0584, 0.9027, 0.029],
    [0.0005, 0.7431, 0.229, 0.0274],
    [0.0378, 0.6657, 0.0866, 0.2099]
  ],
  "EI_Z": {},
  "EI_V": 4.4433,
  "MAE_Z": {},
  "MAE_V": 123.9455,
  "MAE_p": 0.0576,
  "runtime": 0.016
}
