{
  "X": [
    [2, 3, 1, 177, 29, 0],
    [2, 14, 5, 69, 152, 10],
    [4, 2, 5, 67, 40, 1],
    [2, 1, 1, 30, 18, 1],
    [90, 146, 76, 757, 1160, 58],
    [85, 63, 52, 585, 639, 33],
    [43, 116, 201, 1025, 1800, 43],
    [6, 8, 30, 60, 120, 4],
    [3, 2, 18, 10, 51, 1],
    [15, 33, 5, 143, 149, 6],
    [15, 27, 54, 258, 286, 7],
    [18, 37, 75, 597, 553, 18],
    [5, 8, 11, 79, 76, 4],
    [44, 21, 118, 276, 624, 32],
    [42, 89, 38, 337, 997, 29],
    [8, 9, 1, 75, 34, 0],
    [5, 8, 17, 140, 123, 5],
    [5, 0, 3, 17, 31, 1],
    [8, 1, 5, 25, 37, 1],
    [12, 10, 4, 27, 63, 5],
    [11, 7, 25, 142, 75, 0],
    [2, 2, 0, 29, 12, 0],
    [9, 10, 3, 55, 58, 1],
    [4, 9, 7, 44, 91, 3],
    [7, 3, 9, 35, 35, 1],
    [31, 38, 11, 94, 277, 14],
    [27, 4, 19, 90, 142, 10],
    [19, 22, 7, 83, 94, 6],
    [7, 7, 21, 48, 99, 2],
    [1, 0, 5, 52, 39, 0],
    [6, 14, 8, 96, 64, 3],
    [3, 3, 10, 63, 54, 2],
    [5, 1, 2, 24, 25, 3],
    [11, 21, 3, 74, 163, 16],
    [8, 12, 1, 90, 138, 10],
    [15, 22, 5, 142, 185, 8],
    [12, 6, 1, 109, 123, 11],
    [30, 32, 18, 168, 241, 16],
    [4, 3, 2, 37, 13, 0],
    [8, 6, 1, 28, 12, 1],
    [21, 8, 5, 81, 47, 2],
    [23, 17, 10, 141, 117, 6],
    [10, 5, 1, 56, 16, 1],
    [27, 26, 13, 159, 229, 6],
    [25, 13, 13, 137, 141, 8],
    [0, 1, 4, 8, 11, 0],
    [7, 12, 1, 84, 34, 3],
    [3, 2, 3, 23, 10, 1],
    [5, 11, 3, 40, 52, 5],
    [2, 0, 8, 50, 32, 2],
    [6, 6, 2, 75, 46, 4],
    [22, 18, 15, 91, 98, 8],
    [5, 6, 1, 64, 10, 1],
    [18, 18, 3, 66, 79, 4],
    [7, 1, 1, 42, 29, 4],
    [5, 12, 22, 111, 165, 6],
    [12, 35, 92, 376, 473, 13],
    [5, 2, 25, 27, 56, 0],
    [3, 3, 2, 41, 10, 2],
    [5, 5, 2, 64, 60, 0],
    [10, 14, 33, 102, 189, 1],
    [19, 30, 37, 190, 323, 4],
    [9, 14, 23, 167, 265, 6],
    [18, 28, 40, 167, 411, 12],
    [8, 5, 18, 43, 117, 5],
    [23, 17, 17, 200, 166, 2],
    [3, 14, 1, 29, 18, 3],
    [3, 5, 1, 43, 24, 2],
    [13, 29, 12, 33, 144, 10],
    [5, 11, 24, 46, 126, 1],
    [6, 1, 19, 15, 85, 2],
    [9, 3, 7, 46, 59, 5],
    [17, 23, 4, 208, 185, 11],
    [5, 5, 17, 55, 87, 2],
    [7, 6, 18, 14, 40, 4],
    [3, 2, 8, 12, 47, 2],
    [2, 4, 4, 30, 53, 3],
    [3, 4, 5, 83, 64, 2],
    [31, 32, 1, 114, 135, 10],
    [3, 5, 7, 46, 64, 5],
    [1, 1, 10, 19, 26, 0],
    [7, 10, 34, 118, 216, 3],
    [28, 7, 6, 94, 58, 1],
    [30, 37, 10, 79, 219, 5],
    [1, 6, 3, 32, 25, 0],
    [6, 5, 13, 72, 54, 6],
    [10, 5, 11, 58, 70, 3],
    [25, 9, 23, 81, 150, 4],
    [4, 6, 19, 33, 114, 7],
    [18, 18, 15, 186, 152, 9],
    [2, 8, 31, 122, 212, 3],
    [4, 5, 3, 21, 42, 1],
    [4, 4, 11, 60, 103, 2],
    [1, 4, 8, 60, 87, 1],
    [11, 17, 36, 134, 188, 1],
    [3, 3, 10, 26, 30, 1],
    [8, 10, 5, 24, 64, 5],
    [28, 52, 62, 473, 410, 8],
    [26, 38, 6, 104, 321, 9],
    [12, 24, 9, 60, 184, 4],
    [16, 27, 13, 80, 283, 12],
    [12, 24, 2, 73, 210, 6],
    [13, 3, 1, 62, 24, 0],
    [8, 15, 87, 180, 404, 11],
    [71, 73, 221, 495, 846, 59],
    [79, 103, 181, 513, 757, 58]
  ],
  "W": [
    [2, 20, 173, 11, 6],
    [8, 133, 76, 28, 7],
    [10, 23, 76, 8, 2],
    [0, 13, 34, 3, 3],
    [89, 987, 891, 214, 106],
    [96, 502, 682, 121, 56],
    [343, 1288, 1203, 269, 125],
    [41, 78, 75, 13, 21],
    [12, 48, 16, 2, 7],
    [14, 127, 152, 46, 12],
    [85, 195, 276, 55, 36],
    [93, 390, 663, 76, 76],
    [16, 59, 87, 14, 7],
    [262, 428, 303, 62, 60],
    [66, 822, 421, 159, 64],
    [1, 25, 80, 14, 7],
    [19, 75, 174, 13, 17],
    [6, 19, 19, 10, 3],
    [9, 29, 25, 10, 4],
    [5, 61, 28, 19, 8],
    [17, 60, 151, 20, 12],
    [0, 9, 29, 4, 3],
    [7, 41, 56, 26, 6],
    [4, 68, 61, 15, 10],
    [10, 33, 36, 6, 5],
    [14, 227, 121, 71, 32],
    [36, 88, 131, 16, 21],
    [9, 76, 86, 47, 13],
    [17, 74, 68, 14, 11],
    [8, 18, 58, 4, 9],
    [8, 52, 103, 21, 7],
    [14, 36, 65, 13, 7],
    [10, 12, 30, 5, 3],
    [9, 135, 82, 52, 10],
    [5, 101, 114, 27, 12],
    [8, 141, 170, 38, 20],
    [6, 83, 134, 22, 17],
    [20, 180, 205, 63, 37],
    [4, 9, 41, 2, 3],
    [2, 5, 39, 9, 1],
    [5, 31, 99, 16, 13],
    [9, 97, 167, 35, 6],
    [0, 15, 63, 5, 6],
    [28, 161, 190, 51, 30],
    [14, 125, 142, 32, 24],
    [1, 9, 10, 3, 1],
    [0, 17, 101, 18, 5],
    [6, 6, 22, 5, 3],
    [1, 49, 43, 15, 8],
    [7, 27, 55, 2, 3],
    [6, 33, 81, 16, 3],
    [26, 70, 113, 29, 14],
    [2, 9, 58, 12, 6],
    [5, 75, 71, 25, 12],
    [6, 18, 43, 8, 9],
    [26, 110, 144, 20, 21],
    [117, 323, 448, 50, 63],
    [24, 46, 30, 8, 7],
    [4, 8, 38, 7, 4],
    [5, 38, 77, 10, 6],
    [30, 133, 136, 30, 20],
    [53, 238, 224, 55, 33],
    [38, 179, 196, 42, 29],
    [50, 306, 223, 67, 30],
    [28, 93, 50, 12, 13],
    [30, 110, 226, 37, 22],
    [1, 17, 32, 13, 5],
    [0, 18, 49, 8, 3],
    [16, 127, 38, 38, 22],
    [45, 81, 55, 20, 12],
    [62, 40, 17, 5, 4],
    [8, 43, 57, 15, 6],
    [7, 132, 244, 43, 22],
    [22, 69, 63, 5, 12],
    [16, 36, 9, 17, 11],
    [20, 33, 14, 4, 3],
    [18, 29, 33, 9, 7],
    [14, 35, 94, 14, 4],
    [7, 125, 134, 33, 24],
    [17, 44, 49, 11, 9],
    [6, 23, 25, 2, 1],
    [33, 158, 153, 30, 14],
    [6, 47, 112, 21, 8],
    [7, 196, 97, 65, 15],
    [3, 13, 38, 8, 5],
    [23, 32, 82, 9, 10],
    [19, 46, 66, 13, 13],
    [43, 106, 98, 23, 22],
    [29, 86, 48, 14, 6],
    [18, 110, 208, 37, 25],
    [42, 137, 161, 19, 19],
    [5, 29, 23, 14, 5],
    [19, 74, 69, 12, 10],
    [13, 45, 79, 16, 8],
    [51, 114, 155, 43, 24],
    [15, 13, 26, 10, 9],
    [7, 50, 33, 18, 8],
    [35, 319, 509, 125, 45],
    [14, 251, 151, 63, 25],
    [19, 130, 88, 42, 14],
    [12, 230, 105, 68, 16],
    [2, 172, 99, 42, 12],
    [0, 13, 78, 7, 5],
    [162, 266, 203, 28, 46],
    [202, 696, 596, 134, 137],
    [151, 611, 604, 176, 149]
  ],
  "method": "mult",
  "cond_prob": [
    [
      [0.0011934944656, 2.0244679834e-06, 0.16481093282, 0.056350091187, 0.77764345706, 0],
      [0.0014663084313, 0, 0.0076949994466, 0.019926131644, 0.97091256048, 0],
      [0.0063206738821, 0, 0.0020988889896, 0.98249632517, 0.0090841119573, 0],
      [0.055130599994, 0.26364395071, 0.00041925487616, 0.31422653792, 0.3665796565, 0],
      [0.044728943484, 0.016652082214, 0.024793091098, 0.51007016884, 0.40375571436, 0]
    ],
    [
      [0.00069840277004, 2.7470786639e-06, 0.27471530447, 0.024396768691, 0.68894376494, 0.011243012056],
      [0.00038197066072, 0.0074963266077, 0.010995865026, 0.001604729406, 0.92767163931, 0.051849468985],
      [0.0095517946599, 0.018116408153, 0.012788600645, 0.82558346797, 0.13235431413, 0.0016054144459],
      [0.035810150687, 0.4086098058, 0.00079384829755, 0.14402258606, 0.36103416491, 0.049729444252],
      [0.030712866655, 0.026435000373, 0.049380873491, 0.25920298058, 0.42003390868, 0.21423437023]
    ],
    [
      [0.0023422881825, 1.0437541367e-06, 0.35344948686, 0.022997661544, 0.61660069718, 0.0046088224783],
      [0.0035108225299, 0.0060116306088, 0.020259228926, 0.0068328975606, 0.94052596222, 0.022859458158],
      [0.031418243216, 0.0016348303229, 0.011163336277, 0.85058265825, 0.10520093194, 0],
      [0.15922974342, 0.21435525308, 0.0013112719069, 0.17747901849, 0.42062068051, 0.027004032595],
      [0.11710188412, 0.011316464627, 0.07031956689, 0.27437628297, 0.42082981297, 0.10605598842]
    ],
    [
      [0.0022462088223, 1.1567066936e-06, 0.40205597049, 0.021223362113, 0.56809174249, 0.006381559369],
      [0.0035709204106, 0.0070927555459, 0.018948323463, 0.0090928201673, 0.9289744868, 0.032320693611],
      [0.033391758494, 0.0021720809518, 0.016319850305, 0.84186910239, 0.10624720785, 0],
      [0.15555912913, 0.26517802609, 0.0011236982633, 0.16172044824, 0.37927013975, 0.037148558522],
      [0.11719361949, 0.012803115756, 0.065141929942, 0.25769417056, 0.39103872843, 0.15612843583]
    ],
    [
      [0.0029138313921, 3.2422882221e-06, 0.36570426565, 0.021287677114, 0.60316587466, 0.0069251088953],
      [0.0079360439886, 0.029656171541, 0.018558010417, 0.0064936638808, 0.90094192514, 0.036414185032],
      [0.043682928791, 0.023506587584, 0.019460672004, 0.78440609674, 0.12785463224, 0.0010890826406],
      [0.13484037202, 0.43132778769, 0.0010076130346, 0.11493851166, 0.28992052199, 0.027965193602],
      [0.13330626815, 0.032835415302, 0.071513925767, 0.23767430941, 0.3879913963, 0.13667868508]
    ],
    [
      [0.0045276635177, 2.5312349604e-06, 0.33681369497, 0.023283159584, 0.62748726607, 0.0078856846168],
      [0.0065424119677, 0.014020075037, 0.019638504679, 0.0050444354722, 0.91504807395, 0.039706498891],
      [0.067021343511, 0.020723438835, 0.0093852076255, 0.80954824852, 0.092333458734, 0.00098830277835],
      [0.2081917784, 0.33507760449, 0.00092020983559, 0.12480661353, 0.29937844758, 0.031625346169],
      [0.18538021489, 0.022926855428, 0.058844623985, 0.23248222051, 0.3609085414, 0.13945754379]
    ],
    [
      [0.00096633979264, 1.8154861487e-06, 0.37946937553, 0.019228073844, 0.59676798337, 0.0035664119761],
      [0, 0.0011080672788, 0.023981253466, 0, 0.95588644271, 0.01902423655],
      [0.015328869343, 0.014900912201, 0.023286931026, 0.7853373912, 0.1605108995, 0.00063499672656],
      [0.064581652811, 0.34867856764, 0.0015141993981, 0.14998364162, 0.41443697058, 0.020804967952],
      [0.054843608206, 0.022814836482, 0.092261216528, 0.26638631569, 0.4763894905, 0.0873045326]
    ],
    [
      [0.0016143858645, 2.0024383273e-06, 0.48094075663, 0.015068094534, 0.49898172919, 0.0033930313494],
      [0, 0.0088177556073, 0.035027441924, 0, 0.93530011399, 0.020854688475],
      [0.03194218952, 0.019897954021, 0.065403835788, 0.70796274853, 0.17406400118, 0.00072927096296],
      [0.1099163446, 0.40361968146, 0.0018922755615, 0.11797949466, 0.34668294092, 0.01990926279],
      [0.1004396898, 0.027272883431, 0.12473339246, 0.22625088353, 0.42984104244, 0.091462108341]
    ],
    [
      [0.0022546245998, 1.4833371672e-06, 0.671647208, 0.008023756136, 0.31669492545, 0.0013780024765],
      [0.00062784148266, 0.011640362693, 0.10327694012, 0, 0.87178178854, 0.012673067163],
      [0.075274328277, 0.023732926764, 0.21496781382, 0.53985736843, 0.14569462885, 0.00047293385613],
      [0.19987763712, 0.43781417367, 0.0031354828192, 0.078019056518, 0.27111962856, 0.010034021316],
      [0.19123765528, 0.026555659307, 0.21959777019, 0.15856555978, 0.35439738943, 0.049645966017]
    ],
    [
      [0.0036470241439, 4.9399946955e-06, 0.21971519625, 0.031168015357, 0.73850797895, 0.0069568453028],
      [0.0045207976292, 0.023480631989, 0.010743528543, 0.0075640324, 0.92533155623, 0.028359453205],
      [0.04663958365, 0.048990193814, 0.00083285981558, 0.87238217465, 0.031155188071, 0],
      [0.12253601738, 0.47999813948, 0.00042524237572, 0.12131988218, 0.2554259458, 0.020294772793],
      [0.13741057076, 0.040955558463, 0.034450273851, 0.28501754529, 0.38821654662, 0.11394950502]
    ],
    [
      [0.0014859470035, 2.066008398e-06, 0.44018363233, 0.020928734946, 0.53440558222, 0.0029940374909],
      [0.0025603187428, 0.013648323437, 0.030525730559, 0.0070186304244, 0.92986391881, 0.01638307803],
      [0.022263873019, 0.0090308405014, 0.024404623247, 0.85494153356, 0.089359129678, 0],
      [0.094628977767, 0.38031961621, 0.0016559203553, 0.154931094, 0.35187103067, 0.016593361005],
      [0.084028044983, 0.025786401371, 0.1056978377, 0.28798197683, 0.42322319073, 0.07328254839]
    ],
    [
      [0.00088782938445, 1.7222547157e-06, 0.42478788178, 0.020535186846, 0.54983236865, 0.0039550110807],
      [0.001488553063, 0.011069308121, 0.028732078945, 0.006759969245, 0.93043890531, 0.021511185319],
      [0.013233403993, 0.0070425661968, 0.024577267328, 0.84167710908, 0.1134696534, 0],
      [0.061991054981, 0.34685252462, 0.0017614244376, 0.16710575494, 0.39820836774, 0.024080873285],
      [0.050681962453, 0.021747321099, 0.10342920671, 0.28581419636, 0.44079211173, 0.097535201652]
    ],
    [
      [0.0018802800522, 2.3636437359e-06, 0.43839620873, 0.021501721414, 0.53130054517, 0.0069188809847],
      [0.0031666205014, 0.015279710115, 0.028887253453, 0.0068005634566, 0.90635739028, 0.039508462198],
      [0.029859323444, 0.014751045212, 0.018676892247, 0.85551687552, 0.08119586358, 0],
      [0.10843955502, 0.40229037533, 0.0014274053338, 0.14210432021, 0.31136622709, 0.034372117016],
      [0.095309999953, 0.026150442401, 0.090919915201, 0.26218722292, 0.37156256291, 0.15386985662]
    ],
    [
      [0.0036449038611, 1.3694558655e-06, 0.38471333939, 0.020797545647, 0.58321398914, 0.0076288525061],
      [0.0063478834075, 0.0057557325171, 0.014756603877, 0.023140829531, 0.90737072431, 0.042628226361],
      [0.055934533056, 0.01015877714, 0.020963905334, 0.78530773883, 0.12640800687, 0.0012270387728],
      [0.21766704625, 0.23609104393, 0.0013656805717, 0.14453897673, 0.36067472556, 0.039662526958],
      [0.16474367844, 0.013673891468, 0.074209051814, 0.22895177631, 0.36966342961, 0.14875817236]
    ],
    [
      [0.0023393449204, 2.9051614041e-06, 0.27698855177, 0.020257672163, 0.69562942222, 0.0047821037596],
      [0.0017596358683, 0.014921699469, 0.011644858811, 0, 0.94874148696, 0.022932318894],
      [0.036304658659, 0.025223202257, 0.015226244113, 0.71835440103, 0.20411321692, 0.00077827702733],
      [0.1129821808, 0.40346610346, 0.00079411965129, 0.1140485356, 0.34857332094, 0.020135739558],
      [0.11173053921, 0.030688948368, 0.056408872567, 0.23596990071, 0.46668958597, 0.098512153171]
    ],
    [
      [0.0051543563511, 4.6010988617e-06, 0.2044833231, 0.035486280077, 0.75487143938, 0],
      [0.0064141852408, 0.021980993531, 0.0092370718195, 0.0066184128627, 0.95574933655, 0],
      [0.050888873359, 0.024062357004, 0.0043418574639, 0.88280840759, 0.037898504581, 0],
      [0.16911321456, 0.44670235196, 0.00034923424802, 0.13323263736, 0.25060256187, 0],
      [0.19939944858, 0.038807010404, 0.03033600069, 0.32987483828, 0.40158270205, 0]
    ],
    [
      [0.00098662431709, 1.7429653011e-06, 0.42050030994, 0.017278336693, 0.55622904438, 0.0050039416993],
      [0.0016248976716, 0.01101602222, 0.027394830236, 0.0042658251209, 0.92686369357, 0.028834731179],
      [0.017172741197, 0.012164715361, 0.029924367548, 0.76671216864, 0.17292139356, 0.0011046136929],
      [0.069041514374, 0.35991704084, 0.0016954225181, 0.13967274331, 0.39931828504, 0.03035499392],
      [0.05728177397, 0.022246071376, 0.10158831749, 0.24283010074, 0.44925946784, 0.12679426858]
    ],
    [
      [0.0044833077115, 1.2617736749e-34, 0.35966562702, 0.018531367336, 0.61316223826, 0.0041574596814],
      [0, 7.2799079226e-19, 0.014564581676, 0.0012552295736, 0.96247481666, 0.021705372088],
      [0.044102232539, 2.4968089099e-34, 0.01854530564, 0.76937993574, 0.16727050635, 0.00070201973374],
      [0.34715181084, 0, 0.0014071663528, 0.1599258645, 0.46439230074, 0.027122857574],
      [0.22121320904, 0, 0.066282238458, 0.21582833669, 0.40398080862, 0.092695407187]
    ],
    [
      [0.0066566478112, 5.0024682081e-07, 0.42227765196, 0.022596401378, 0.54517706452, 0.0032917340878],
      [0.013422715028, 0, 0.014481063871, 0.094991278869, 0.85883209629, 0.018272845947],
      [0.092112158652, 0.002846837627, 0.019020947972, 0.78177550038, 0.10377598948, 0.00046856589097],
      [0.40674444528, 0.090984603471, 0.0013651213023, 0.15481208005, 0.32909862183, 0.016995128065],
      [0.29514575369, 0.0047446305989, 0.072593841958, 0.23734424759, 0.32547241796, 0.064699108205]
    ],
    [
      [0.0066536197702, 2.9932097879e-06, 0.39842606711, 0.022343814549, 0.56343554105, 0.009137964315],
      [0.036098493425, 0.040294777323, 0.016588938773, 0.030591172417, 0.82587560752, 0.050551010538],
      [0.090598824588, 0.019608696116, 0.017750195027, 0.76363716348, 0.10711066862, 0.0012944521703],
      [0.2724234083, 0.35751234108, 0.00087477925058, 0.10441230045, 0.23277568872, 0.032001482203],
      [0.2564889945, 0.025028205681, 0.060289766599, 0.20706814048, 0.29782167861, 0.15330321413]
    ],
    [
      [0.0020019807472, 1.1108247176e-06, 0.63076240501, 0.017516219108, 0.34971828431, 0],
      [0.0051626348149, 0.010990299093, 0.064072569733, 0.0067712478636, 0.9130032485, 0],
      [0.034841795524, 0.0010559499674, 0.053770686158, 0.88702800417, 0.023303564177, 0],
      [0.18370199514, 0.29857052819, 0.0033174521128, 0.1855566364, 0.32885338816, 0],
      [0.1434214343, 0.017475346789, 0.18724685656, 0.3036323371, 0.34822402525, 0]
    ],
    [
      [0.0045411331531, 4.0543856115e-06, 0, 0.046375476657, 0.9490793358, 0],
      [0.0045003829326, 0.015486231899, 0, 0.0068821918756, 0.97313119329, 0],
      [0.03148121858, 0.0043397393912, 1.2598046069e-17, 0.93683895238, 0.027340089648, 0],
      [0.14274149175, 0.41125071565, 0, 0.16010590044, 0.28590189217, 0],
      [0.1585250826, 0.029922869325, 0, 0.3764356841, 0.43511636397, 0]
    ],
    [
      [0.0040433697725, 2.4862011968e-06, 0.2812743696, 0.027208337022, 0.68501161665, 0.0024598207542],
      [0.0055237405571, 0.01302982633, 0.0145696963, 0.0066123762636, 0.9495016578, 0.010762702754],
      [0.050168097219, 0.010987189842, 0.0021449179499, 0.87590342436, 0.060796370629, 0],
      [0.18737823853, 0.33491347579, 0.00071219394866, 0.14469276208, 0.32246711902, 0.0098362106258],
      [0.17732923376, 0.023787785907, 0.049181569443, 0.28763843928, 0.41443481068, 0.047628160923]
    ],
    [
      [0.001367071049, 2.1934805196e-06, 0.44749430959, 0.01377071966, 0.53368642996, 0.0036792762641],
      [0, 0.013109426161, 0.029127988013, 0, 0.93404917144, 0.023713414388],
      [0.029195907873, 0.023216385089, 0.034183108262, 0.66067225891, 0.25189032674, 0.00084201312467],
      [0.090214184381, 0.42610334562, 0.0016088418436, 0.10400515811, 0.35721418299, 0.020854287062],
      [0.086036856985, 0.030080057247, 0.11200173452, 0.20838319563, 0.46263879461, 0.100859361]
    ],
    [
      [0.0050632844929, 1.7730016482e-06, 0.56857375219, 0.020122133066, 0.40358467192, 0.0026543853295],
      [0.011099706274, 0.014948940759, 0.047460267714, 0.056364993145, 0.85234119617, 0.017784895937],
      [0.096290670862, 0.013513627285, 0.032024144, 0.85817155785, 0, 0],
      [0.29773943266, 0.32005215648, 0.0017892889346, 0.1325439566, 0.23469474752, 0.01318041781],
      [0.2660352202, 0.019972740759, 0.11689374519, 0.24985881465, 0.28574506442, 0.061494414785]
    ],
    [
      [0.0044441234158, 3.0518052959e-06, 0.30109365093, 0.018608883166, 0.66903545565, 0.0068148350296],
      [0.0060849047516, 0.01601961255, 0.013030323396, 0, 0.9301921044, 0.034673054902],
      [0.079861528525, 0.051104487427, 0.016798031509, 0.66778617135, 0.18330625239, 0.0011435287965],
      [0.1938889429, 0.38383591312, 0.00076342412263, 0.094299669562, 0.301372615, 0.025839435297],
      [0.19147340613, 0.028984763002, 0.054376267206, 0.19506476137, 0.40319949116, 0.12690131114]
    ],
    [
      [0.0062737863416, 9.0103320808e-07, 0.36030171588, 0.015770405599, 0.60849272298, 0.0091604681643],
      [0.0093102453814, 0.0051308566267, 0.021310007982, 0.0035082003029, 0.91321863277, 0.047522056939],
      [0.11357469491, 0.0075926383277, 0.021593144198, 0.64259429226, 0.20451117926, 0.010134051044],
      [0.35251720806, 0.14889598201, 0.0011748436289, 0.10229974763, 0.3505634333, 0.044548785374],
      [0.25887055885, 0.0081657545986, 0.062207530373, 0.15747121543, 0.34909727967, 0.16418766108]
    ],
    [
      [0.0045168139036, 2.839729965e-06, 0.38780424422, 0.024256904661, 0.57623741724, 0.0071817802484],
      [0.0070314811787, 0.016951542318, 0.023447947458, 0.0066457957473, 0.90780342164, 0.038119811653],
      [0.073760177901, 0.03383917829, 0.0094338023143, 0.84986002613, 0.033106815361, 0],
      [0.20448764033, 0.37149560147, 0.00099274690005, 0.12703278847, 0.26779367678, 0.028197546057],
      [0.1900509008, 0.02624574034, 0.066903976298, 0.24754646735, 0.3374857131, 0.13176720211]
    ],
    [
      [0.0019424756804, 1.4840193427e-06, 0.56005108596, 0.011551795339, 0.42453601496, 0.0019171440435],
      [0, 0.00621680461, 0.046946616628, 0, 0.93211827705, 0.014718301709],
      [0.047148070416, 0.018282098001, 0.09072903194, 0.64852721151, 0.19480289073, 0.00051069739631],
      [0.1598428935, 0.36020868332, 0.0026062860384, 0.10889685264, 0.3548861979, 0.013559086603],
      [0.13846441965, 0.02307518181, 0.16354724835, 0.19811028721, 0.41737562758, 0.0594272354]
    ],
    [
      [0.00056536040801, 0, 0.35062641589, 0.019751659965, 0.62905656373, 0],
      [0.00085901627028, 0, 0.020213862182, 0.0044969304385, 0.97443019111, 0],
      [0.0068452777638, 0, 0.017325478973, 0.827494212, 0.14833503126, 0],
      [0.062097883755, 0, 0.0020774414501, 0.24557914912, 0.69024552568, 0],
      [0.037177464283, 0, 0.090883511925, 0.30934011997, 0.56259890382, 0]
    ],
    [
      [0.0018863879494, 3.1529192228e-06, 0.46650322071, 0.022862692769, 0.50327926263, 0.0054652830246],
      [0.0033411371372, 0.021426304742, 0.03186764835, 0.0097852088693, 0.90332691747, 0.03025278343],
      [0.029942122477, 0.025626647099, 0.018431135546, 0.87827395248, 0.047726142395, 0],
      [0.097387097851, 0.4760370794, 0.0013444935931, 0.13578074831, 0.265043638, 0.024406942845],
      [0.097428870751, 0.035640515908, 0.097745027634, 0.28495068237, 0.35986530367, 0.12436959967]
    ],
    [
      [0.0012716893352, 0, 0.45941220513, 0.021179115034, 0.51387781219, 0.0042591783178],
      [0.0022606853721, 0, 0.031694271081, 0.016949815763, 0.92718713042, 0.021908097366],
      [0.015775031531, 0, 0.024744439387, 0.8822871774, 0.077193351679, 0],
      [0.10482216891, 0.22425969553, 0.0053094359381, 0.20741362322, 0.42801975287, 0.030175323537],
      [0.073249490085, 0.01208913688, 0.10711773456, 0.29260791272, 0.40644989827, 0.10848582748]
    ],
    [
      [0.0063508885875, 1.0450317399e-06, 0.19264389539, 0.022592209534, 0.74920560754, 0.02920635391],
      [0.0073462611384, 0.0046544798123, 0, 0.0039136719165, 0.88765018565, 0.096435401479],
      [0.092087180619, 0.004956364375, 0, 0.75498600686, 0.14073212896, 0.0072383191937],
      [0.29959508988, 0.15498460326, 0.00049363035825, 0.11777274482, 0.34292469781, 0.084229233869],
      [0.19591503749, 0.0068406147958, 0.023697631426, 0.16288997063, 0.30651811299, 0.30413863266]
    ],
    [
      [0.0029866626037, 2.8451417934e-06, 0.17152715809, 0.026533237054, 0.78157276588, 0.017377331225],
      [0.0032084480454, 0.01100501059, 0.004476622508, 0, 0.90880356087, 0.072506357987],
      [0.036519484853, 0.016790804253, 0.0071765150213, 0.79085262443, 0.14643863165, 0.0022219397954],
      [0.12542436917, 0.34467853434, 0.00040977362461, 0.12894927849, 0.33728648423, 0.063251560135],
      [0.10233145954, 0.021416822957, 0.024212907835, 0.22059231818, 0.37304994144, 0.25839655005]
    ],
    [
      [0.0027019732649, 2.788981049e-06, 0.070776213493, 0.025676305473, 0.88655706872, 0.014285650064],
      [0.0027950732538, 0.0110664753, 0.0028378014913, 0.0039814785966, 0.92763612937, 0.051683041988],
      [0.031003957117, 0.013456363965, 0.0020407065954, 0.73263728479, 0.21478174413, 0.0060799434066],
      [0.11208172853, 0.33663931524, 0.00016533047322, 0.12293393368, 0.3768906646, 0.051289027471],
      [0.095294162776, 0.021582087189, 0.010199708939, 0.21913520492, 0.43456656794, 0.21922226824]
    ],
    [
      [0.0030984179, 3.2543586778e-06, 0.20922506422, 0.024597647858, 0.75603915987, 0.0070364557886],
      [0.0037963140129, 0.015290731026, 0.01009194653, 0.0045181257673, 0.93619529969, 0.030107582975],
      [0.040805734636, 0.024624511967, 0.0068658563229, 0.77465277558, 0.15183706848, 0.0012140530175],
      [0.13022865303, 0.39650507942, 0.00050567949999, 0.11981006489, 0.32727380158, 0.025676721589],
      [0.1277134339, 0.029531041914, 0.035841181477, 0.24612043851, 0.43497216816, 0.12582173604]
    ],
    [
      [0.0038325615819, 1.5900121905e-06, 0.064595024492, 0.026793953753, 0.88875620415, 0.016020666009],
      [0.0039438678097, 0.0062769440571, 0.0025870801331, 0.0041331681125, 0.92539815555, 0.057660784334],
      [0.042377564743, 0.0048672062744, 0.0018298696925, 0.7594776226, 0.18535450456, 0.0060932321257],
      [0.17357645208, 0.21048551458, 0.00016560512704, 0.14015458259, 0.41276414682, 0.062853698801],
      [0.1266110577, 0.01153630245, 0.0087562559064, 0.2142812399, 0.40830006017, 0.23051508387]
    ],
    [
      [0.0034535625323, 2.5008143007e-06, 0.37204375212, 0.019195059397, 0.5976200503, 0.0076850748313],
      [0.0052229481051, 0.014500190606, 0.022412679043, 0.0043521436798, 0.91296629594, 0.040545742626],
      [0.059315357764, 0.026579947266, 0.018607500096, 0.74071237564, 0.15085268457, 0.0039321346671],
      [0.1746827872, 0.36524244586, 0.0010989374326, 0.11282570675, 0.31233436191, 0.033815760844],
      [0.15746308528, 0.025155470155, 0.071380328428, 0.21293665996, 0.38140001588, 0.15166444029]
    ],
    [
      [0.0055476384403, 5.3623957346e-06, 0.40073792757, 0.028718359382, 0.56499071221, 0],
      [0.0088535620432, 0.033052425162, 0.022164556846, 0.0074472511734, 0.92848220478, 0],
      [0.068640431062, 0.034514980281, 0, 0.87133694036, 0.0255076483, 0],
      [0.16921488438, 0.56682796386, 0.00059989505666, 0.096689203506, 0.16666805319, 0],
      [0.24847998185, 0.051245534897, 0.065455829331, 0.29996944676, 0.33484920716, 0]
    ],
    [
      [0.0083757713678, 4.1777510805e-06, 0.32981245676, 0.021580657333, 0.62784288569, 0.012384051101],
      [0.011414340146, 0.021882511613, 0.014692948288, 0.0044055358193, 0.88609106905, 0.061513595089],
      [0.13292596739, 0.05545608088, 0.0057731716299, 0.69374970648, 0.10851795083, 0.0035771227906],
      [0.27396240791, 0.41092276101, 0.00049059848795, 0.078947779185, 0.20055296111, 0.035123492301],
      [0.27640235704, 0.029487083005, 0.037341265091, 0.16804244091, 0.27668215114, 0.21204470281]
    ],
    [
      [0.0075370945804, 2.4941063689e-06, 0.3973678591, 0.02211393911, 0.56880764084, 0.0041709722559],
      [0.012007242448, 0.015249823286, 0.024149925639, 0.0052805096553, 0.91999006312, 0.023322435856],
      [0.11635315811, 0.022781558014, 0.014242164502, 0.76966647912, 0.076506404102, 0.00045023614666],
      [0.31920496784, 0.31154572562, 0.00092822505001, 0.10769557332, 0.24534883063, 0.015276677531],
      [0.30491137481, 0.022087473404, 0.064591317164, 0.215817223, 0.3181965033, 0.074396108321]
    ],
    [
      [0.0047437961367, 2.3643023921e-06, 0.42107202996, 0.021396224977, 0.54553931064, 0.0072462739835],
      [0.0077690347992, 0.014849588178, 0.026988241889, 0.0052959215421, 0.90361252109, 0.041484692506],
      [0.076643535709, 0.021682680624, 0.018543364528, 0.80645578464, 0.076674634503, 0],
      [0.23326863321, 0.33722036397, 0.0011811422615, 0.12171831883, 0.27567536218, 0.030936179548],
      [0.20663947227, 0.022641377497, 0.075735068619, 0.22591206536, 0.3310716701, 0.13800034614]
    ],
    [
      [0.010411228323, 5.7970582751e-06, 0.34242312173, 0.036205826184, 0.60410607404, 0.0068479526564],
      [0.015044781668, 0.032227461355, 0.016934891462, 0.019290394818, 0.89286361165, 0.023638859044],
      [0.10387917179, 0.031466224823, 0.008224101321, 0.85101800451, 0.0054124975598, 0],
      [0.26558627475, 0.46096534314, 0.00042219273907, 0.10447771061, 0.15356613566, 0.014982343095],
      [0.31700151311, 0.03823153335, 0.037624546857, 0.2623535401, 0.24970463344, 0.095084233145]
    ],
    [
      [0.0040310330815, 2.7181545394e-06, 0.27571137996, 0.022028034541, 0.69448727409, 0.0037395601747],
      [0.0054222013158, 0.014018873107, 0.014792964213, 0.004442139567, 0.94376972947, 0.017554092329],
      [0.059322455892, 0.024666143743, 0.0069060392125, 0.76095068641, 0.14735381603, 0.0008008587147],
      [0.1835826305, 0.35797129908, 0.00073358976053, 0.11646732493, 0.3264401108, 0.014805044933],
      [0.17933919623, 0.026659391914, 0.051628453155, 0.23825221911, 0.4320586395, 0.072062100093]
    ],
    [
      [0.0049791767226, 1.9527238912e-06, 0.41643779361, 0.024265049159, 0.54807264962, 0.0062433781643],
      [0.008184417305, 0.012310048547, 0.027040787364, 0.0077990696284, 0.91064493887, 0.034020738288],
      [0.075308373974, 0.0125959062, 0.013876397509, 0.88077996657, 0.017439355748, 0],
      [0.25318816274, 0.28848708356, 0.0012209440078, 0.14286339258, 0.28670367638, 0.027536740732],
      [0.21297621045, 0.018375468299, 0.074177242272, 0.2517925747, 0.32689414111, 0.11578436318]
    ],
    [
      [1.2325951644e-32, 4.5765958391e-07, 0.83037100396, 0.0053268698209, 0.16430166856, 0],
      [0, 0, 0.10455795795, 0.0041046940411, 0.89133734801, 0],
      [0, 0, 0.15158589106, 0.72746805226, 0.12094605667, 0],
      [0, 0.32761770641, 0.11022035981, 0.15371666244, 0.40844527134, 0],
      [0, 0.017146423113, 0.38208738445, 0.22190037385, 0.37886581859, 0]
    ],
    [
      [0.0033836821082, 4.3997865491e-06, 0.19927509921, 0.028256931007, 0.75526201075, 0.013817877138],
      [0.0039816354335, 0.019868964971, 0.008425476628, 0.004983781416, 0.9052864769, 0.057453664655],
      [0.041569993088, 0.032753768483, 0.0071030326859, 0.79872986335, 0.11819640758, 0.0016469348088],
      [0.11901315063, 0.4547778492, 0.0003621772829, 0.11409407533, 0.26955066106, 0.042202086493],
      [0.11830123688, 0.033619138598, 0.026568280991, 0.23797323233, 0.36407616554, 0.21946194566]
    ],
    [
      [0.0043614596037, 2.2224054054e-06, 0.43008578985, 0.10065164386, 0.46489888429, 0],
      [0.0078419343141, 0.015391969402, 0.031396087536, 0.020355006382, 0.88018487849, 0.044830123876],
      [0.057630284501, 0.0032327578558, 0, 0.93913695764, 0, 0],
      [0.22087457416, 0.35541699811, 0.0012077165867, 0.15621228888, 0.22854443508, 0.037743987186],
      [0.18484683555, 0.019809728598, 0.075023384261, 0.27729519533, 0.26225841599, 0.18076644027]
    ],
    [
      [0.0026350825668, 3.7186012707e-06, 0.42952450654, 0.022164357964, 0.53556200215, 0.010110332172],
      [0.012785084313, 0.046026575966, 0.022797674036, 0.035634898842, 0.82671516686, 0.056040599981],
      [0.038466862511, 0.026126729696, 0.019745703595, 0.8051156636, 0.10900997586, 0.001535064736],
      [0.11768707487, 0.48865574099, 0.00098805353311, 0.11283383814, 0.24117436736, 0.038660925112],
      [0.11893932189, 0.036426070912, 0.073687926016, 0.23990556148, 0.33129379364, 0.19974732606]
    ],
    [
      [0.0013614823074, 0, 0.57239990438, 0.018181207201, 0.40123319353, 0.006824212578],
      [0.0029709510833, 0, 0.046896454705, 0.012834330046, 0.89136207225, 0.045936191919],
      [0.023968410136, 2.0744144129e-33, 0.042062884152, 0.87689898975, 0.057069715965, 0],
      [0.17100658911, 0, 0.0037862200877, 0.25522037088, 0.49734676851, 0.072640051414],
      [0.083326069634, 0, 0.13532177459, 0.26210648683, 0.33035459317, 0.18889107577]
    ],
    [
      [0.0034468812751, 2.4159172433e-06, 0.22414905731, 0.030855963661, 0.72545419535, 0.016091486487],
      [0.0042063726295, 0.011316098138, 0.010331918091, 0.0084224052043, 0.89923502261, 0.066488183331],
      [0.037950181541, 0.0073046274762, 0.0026566476063, 0.88036191746, 0.071726625918, 0],
      [0.15098416548, 0.31133226819, 0.00053283094912, 0.15458566322, 0.32169413885, 0.06087093331],
      [0.11693235437, 0.017854383107, 0.030146202619, 0.25141297352, 0.33851872031, 0.24513536607]
    ],
    [
      [0.0054625731977, 3.1234239396e-06, 0.4146879984, 0.019814480952, 0.55030077839, 0.0097310456367],
      [0.0087018309729, 0.019084810077, 0.026171239275, 0.0047314958713, 0.88706766288, 0.054242960923],
      [0.10044878542, 0.044117616184, 0.012145800439, 0.74847591592, 0.09053699773, 0.0042748843001],
      [0.23397982112, 0.3892418262, 0.0010243896299, 0.098011531121, 0.24163145846, 0.036110973468],
      [0.22233695454, 0.027905606926, 0.070281610248, 0.19525042017, 0.31138930866, 0.17283609946]
    ],
    [
      [0.0058536022683, 5.3946718746e-06, 0.36204733788, 0.058681799227, 0.56434342529, 0.0090684406622],
      [0.0088884983518, 0.031460373866, 0.0043743662555, 0.091000557458, 0.83598957108, 0.02828663299],
      [0.032396992878, 0.00016468049039, 0, 0.96743832663, 0, 0],
      [0.16700566333, 0.45852491409, 0, 0.37446942258, 0, 0],
      [0.17086712723, 0.034165901381, 0.039422671324, 0.40976256148, 0.22456783495, 0.12121390363]
    ],
    [
      [0.00777878977, 4.9219293295e-06, 0.27372670283, 0.029612924019, 0.68191790414, 0.0069587573095],
      [0.040743484347, 0.065910143743, 0.0063929947011, 0.06683236651, 0.79042476262, 0.029696248075],
      [0.08274211145, 0.025246707039, 0.0097563822259, 0.779778189, 0.10170407447, 0.00077253582104],
      [0.23503200642, 0.43309774579, 0.00045830068337, 0.10297319873, 0.21029042835, 0.018148320025],
      [0.2629045543, 0.03639623042, 0.03731093568, 0.2417438754, 0.31919194054, 0.10245246366]
    ],
    [
      [0.0064793347523, 8.2086757274e-07, 0.1437476216, 0.033647539116, 0.79865947779, 0.017465205878],
      [0.0072284462641, 0.0031058446623, 0, 0.012020455318, 0.90892515015, 0.068720103603],
      [0.064323076438, 0, 0, 0.88557705341, 0.048745526544, 0.0013543436079],
      [0.29113782008, 0.11211199945, 0.00034203024183, 0.17118827493, 0.3582150847, 0.0670047906],
      [0.19289079014, 0.0052437639203, 0.014975336496, 0.2369363415, 0.32062356795, 0.22933019999]
    ],
    [
      [0.00092329621325, 1.9821671313e-06, 0.43020035913, 0.015637494691, 0.5489324034, 0.0043044644038],
      [0.0015440268572, 0.012716747332, 0.028589240173, 0.0039201463453, 0.92807745865, 0.025152380641],
      [0.016388778932, 0.01445193663, 0.037093232826, 0.71420888318, 0.21629161063, 0.0015655578011],
      [0.063390803725, 0.39820051594, 0.0017108862055, 0.12409547765, 0.38700140886, 0.025600907624],
      [0.056111957309, 0.02647700303, 0.10925385679, 0.23020096713, 0.46443890245, 0.11351731329]
    ],
    [
      [0.00076216768802, 2.1593111169e-06, 0.4654292526, 0.017296039876, 0.51332513961, 0.0031852409211],
      [0.0013617994735, 0.01479171469, 0.033552238539, 0.0046334407251, 0.92626129767, 0.019399508907],
      [0.013102081682, 0.015680585132, 0.041987257912, 0.77907783151, 0.15015224377, 0],
      [0.052054225017, 0.42638956143, 0.0018858191081, 0.13752449033, 0.36319397459, 0.018951929514],
      [0.047595576288, 0.029803861987, 0.12385431585, 0.26312172935, 0.44969294574, 0.085931570785]
    ],
    [
      [0.0026053968821, 7.6372247648e-07, 0.62676194989, 0.014234588504, 0.356397301, 0],
      [0, 0, 0.14941775556, 0.0054382143022, 0.84514403013, 0],
      [0.050749871646, 0.0030303077589, 0.058212394961, 0.77949566487, 0.10851176076, 0],
      [0.2581408569, 0.22799804794, 0.0034536991454, 0.15886368126, 0.35154371476, 0],
      [0.19283535289, 0.012155436345, 0.18721357209, 0.25034751739, 0.35744812128, 0]
    ],
    [
      [0.0036903781372, 2.9724801769e-06, 0.44242754842, 0.057560925941, 0.47904479618, 0.017273378848],
      [0.0062345503636, 0.019313418979, 0, 0.19988751736, 0.72543159113, 0.049132922173],
      [0.034758971614, 0.00054523233888, 0, 0.96469579605, 0, 0],
      [0.15941960364, 0.39124102344, 0, 0.18419890539, 0.20184357875, 0.063296888785],
      [0.12464598444, 0.021518691329, 0.057572451582, 0.30570589246, 0.21686575876, 0.27369122143]
    ],
    [
      [0.0027614699119, 2.3860772739e-06, 0.19780293097, 0.023891954263, 0.77554125878, 0],
      [0.0034075518946, 0.011308225087, 0.0092055017882, 0.0044183559554, 0.97166036528, 0],
      [0.035015531992, 0.012111165232, 0.0055389315607, 0.78830023722, 0.159034134, 0],
      [0.13496067885, 0.34852494469, 0.00052242476921, 0.13320905677, 0.38278289493, 0],
      [0.13515048776, 0.025411057761, 0.038242383226, 0.28023897814, 0.52095709311, 0]
    ],
    [
      [0.0014889565295, 1.5403653903e-06, 0.51230072113, 0.013174108056, 0.47247696862, 0.00055770529699],
      [0.0029239432571, 0.011601519932, 0.040057108201, 0.0038782155312, 0.93771403123, 0.0038251818483],
      [0.028262634842, 0.0085555621285, 0.067384528266, 0.68267579262, 0.21303085459, 9.0627547439e-05],
      [0.11982522777, 0.36031200407, 0.0023954240493, 0.12266860052, 0.39090843488, 0.0038903087146],
      [0.10639858397, 0.024201753331, 0.15336122048, 0.22825041401, 0.47051377584, 0.017274252369]
    ],
    [
      [0.0020598245419, 2.2985976317e-06, 0.40842162329, 0.018523370675, 0.56939873339, 0.0015941495092],
      [0.0015767153216, 0.013263562594, 0.026845909156, 0, 0.94950083215, 0.008812980778],
      [0.03535332311, 0.019063520012, 0.025080566768, 0.77454803992, 0.14566796468, 0.00028658551064],
      [0.12188341827, 0.39299300584, 0.0014224168248, 0.12734594404, 0.34815191187, 0.0082033031601],
      [0.11796480822, 0.029039590097, 0.099031748647, 0.25804465119, 0.45644514661, 0.039474055232]
    ],
    [
      [0.0012138353043, 1.4181013984e-06, 0.34641224867, 0.019342583033, 0.6299115441, 0.0031183707853],
      [0.0018101095735, 0.0081089090069, 0.020662709496, 0.0043242974304, 0.94892090442, 0.01617307007],
      [0.015846486329, 0.00012445453681, 0.018897971293, 0.77186037414, 0.1932707137, 0],
      [0.084551509256, 0.28609715269, 0.0014133452185, 0.15635189384, 0.45271220741, 0.018873891574],
      [0.068027239156, 0.017516479225, 0.081874023382, 0.26343171491, 0.493501615, 0.075648928327]
    ],
    [
      [0.0017200165826, 1.7062225327e-06, 0.41244871651, 0.015327386319, 0.5665956963, 0.003906478064],
      [0, 0.0037016135328, 0.027016405818, 0, 0.94600625761, 0.023275723043],
      [0.031589467153, 0.016564150162, 0.035656673028, 0.67971455733, 0.23565297348, 0.00082217884417],
      [0.11744381247, 0.33606861418, 0.0016584233539, 0.12164516371, 0.39998272802, 0.023201258268],
      [0.10002708535, 0.021893943713, 0.10159971814, 0.2169019477, 0.46142814978, 0.098149155312]
    ],
    [
      [0.0032262989384, 1.5308780262e-06, 0.43968157821, 0.017593505675, 0.53427277785, 0.00522430845],
      [0.0043923625315, 0.0070185251713, 0.029618666688, 0, 0.92740154767, 0.031568897936],
      [0.056899609439, 0.013008031115, 0.033777108499, 0.76208416569, 0.13327126207, 0.00095982318209],
      [0.20608149815, 0.28927336309, 0.0016010637679, 0.12849215212, 0.34596715265, 0.028584770218],
      [0.16793965112, 0.017350183198, 0.094331662914, 0.22009751778, 0.38283456549, 0.11744641951]
    ],
    [
      [0.0035967404031, 2.1630336204e-06, 0.35095550457, 0.023045667515, 0.62074873666, 0.0016511878154],
      [0.0054287099964, 0.012519683251, 0.021122162086, 0.0057061138539, 0.94700909896, 0.0082142318503],
      [0.050790440368, 0.013101830917, 0.011183043631, 0.82968356894, 0.095241116144, 0],
      [0.18820574911, 0.32840945268, 0.0010717848388, 0.13988955578, 0.33491156502, 0.0075118925675],
      [0.17512215673, 0.023209382488, 0.071857869714, 0.27257078665, 0.42228713001, 0.034952674409]
    ],
    [
      [0.0029263797724, 8.3114502172e-06, 0.36602956336, 0.0303183802, 0.58427110049, 0.016446264721],
      [0.0041385784639, 0.071254119489, 0.017143009605, 0.010056098592, 0.82650227663, 0.07090591722],
      [0.04429790473, 0.12825376641, 0.0035133796278, 0.82393494923, 0, 0],
      [0.076690876465, 0.6439298859, 0.00044681086129, 0.089836843727, 0.15226793928, 0.036827643759],
      [0.10244068818, 0.062692523087, 0.044860516813, 0.25298611996, 0.27714139723, 0.25987875473]
    ],
    [
      [0.0025600326623, 3.3351657479e-06, 0.32856352124, 0.025531718971, 0.63186814047, 0.011473251487],
      [0.0035720910244, 0.017887240571, 0.014904008586, 0.0066014343773, 0.9013539884, 0.055681237042],
      [0.03512433394, 0.021349166911, 0.011979954026, 0.83926826399, 0.092278281136, 0],
      [0.11231104383, 0.4429059905, 0.00065663126142, 0.12614439962, 0.27491228499, 0.043069649795],
      [0.10537388262, 0.029557522342, 0.046485682706, 0.24929134962, 0.35156471775, 0.21772684496]
    ],
    [
      [0.0032975262193, 4.0171817529e-06, 0.41376827959, 0.016408602252, 0.55908732651, 0.0074342482399],
