{
  "X": [
    [0, 0, 6, 14, 0],
    [28, 50, 205, 116, 16],
    [17, 52, 151, 67, 15],
    [0, 3, 12, 50, 5],
    [5, 10, 12, 54, 6],
    [3, 6, 8, 100, 1],
    [17, 14, 56, 250, 24],
    [1, 0, 1, 47, 0],
    [3, 0, 8, 22, 0],
    [1, 1, 2, 72, 1],
    [2, 3, 23, 78, 6],
    [0, 2, 7, 94, 1],
    [55, 51, 211, 335, 37],
    [28, 36, 148, 106, 11],
    [17, 23, 81, 141, 13],
    [17, 29, 96, 46, 15],
    [57, 97, 290, 415, 51],
    [28, 40, 186, 136, 18],
    [56, 56, 226, 121, 26],
    [67, 96, 410, 203, 42],
    [16, 26, 96, 105, 19],
    [25, 19, 77, 270, 9],
    [31, 44, 122, 209, 17],
    [53, 69, 219, 355, 35],
    [57, 21, 108, 141, 18],
    [41, 31, 142, 473, 25],
    [26, 24, 126, 265, 12],
    [19, 27, 129, 64, 14],
    [40, 42, 192, 135, 22],
    [39, 20, 157, 221, 20],
    [11, 43, 156, 88, 14],
    [24, 35, 135, 132, 17],
    [42, 90, 384, 361, 41],
    [15, 6, 85, 34, 6],
    [26, 22, 76, 155, 18],
    [29, 45, 173, 421, 31],
    [35, 28, 93, 258, 9],
    [46, 25, 155, 142, 23],
    [63, 50, 202, 201, 33],
    [60, 77, 397, 232, 34],
    [36, 37, 123, 204, 9],
    [66, 30, 111, 380, 21],
    [26, 19, 81, 140, 8],
    [94, 48, 206, 589, 31],
    [11, 30, 33, 200, 7],
    [5, 3, 6, 102, 5],
    [21, 36, 130, 359, 25],
    [0, 2, 5, 64, 1],
    [1, 9, 16, 122, 4],
    [19, 30, 71, 379, 10],
    [5, 11, 17, 26, 8],
    [120, 94, 254, 655, 42],
    [2, 0, 5, 9, 0],
    [42, 45, 164, 445, 32],
    [4, 6, 11, 126, 1],
    [9, 3, 13, 101, 8],
    [1, 3, 7, 94, 3],
    [29, 7, 30, 89, 11],
    [3, 3, 3, 23, 0],
    [3, 12, 23, 106, 6],
    [9, 28, 69, 143, 9],
    [3, 10, 10, 191, 9],
    [5, 3, 23, 163, 0],
    [13, 7, 10, 57, 0],
    [2, 7, 10, 86, 4],
    [24, 28, 93, 241, 18],
    [4, 6, 12, 26, 2],
    [8, 7, 33, 54, 2],
    [6, 13, 20, 206, 7],
    [19, 14, 47, 286, 25],
    [517, 501, 2377, 4018, 340],
    [71, 43, 157, 295, 16],
    [165, 113, 448, 703, 69],
    [54, 5, 63, 115, 14]
  ],
  "W": [
    [0, 2, 5, 12, 1, 0],
    [11, 27, 172, 107, 79, 19],
    [7, 15, 134, 67, 63, 16],
    [4, 0, 6, 48, 7, 5],
    [2, 2, 12, 56, 8, 7],
    [7, 3, 4, 92, 8, 4],
    [13, 11, 51, 252, 24, 10],
    [1, 1, 0, 44, 0, 3],
    [0, 3, 6, 21, 3, 0],
    [6, 1, 1, 64, 4, 1],
    [4, 4, 17, 75, 8, 4],
    [1, 0, 7, 87, 5, 4],
    [30, 60, 189, 312, 75, 23],
    [8, 24, 130, 108, 48, 11],
    [14, 21, 71, 131, 31, 7],
    [5, 12, 89, 54, 40, 3],
    [21, 65, 238, 412, 139, 35],
    [17, 29, 161, 128, 58, 15],
    [20, 40, 208, 116, 81, 20],
    [30, 70, 387, 182, 107, 42],
    [6, 22, 84, 99, 36, 15],
    [9, 34, 64, 259, 24, 10],
    [7, 28, 110, 193, 60, 25],
    [25, 68, 168, 355, 81, 34],
    [12, 60, 93, 128, 35, 17],
    [27, 44, 122, 460, 45, 14],
    [23, 34, 103, 241, 45, 7],
    [7, 20, 109, 65, 39, 13],
    [18, 40, 170, 112, 74, 17],
    [17, 42, 139, 202, 46, 11],
    [8, 19, 149, 79, 45, 12],
    [16, 27, 122, 125, 44, 9],
    [27, 48, 300, 370, 148, 25],
    [8, 9, 81, 28, 7, 13],
    [21, 29, 59, 151, 27, 10],
    [30, 30, 139, 406, 78, 16],
    [9, 30, 89, 246, 42, 7],
    [18, 43, 134, 135, 40, 21],
    [27, 57, 176, 199, 63, 27],
    [29, 59, 349, 222, 114, 27],
    [14, 22, 109, 194, 59, 11],
    [18, 64, 87, 376, 52, 11],
    [1, 24, 73, 141, 26, 9],
    [48, 72, 180, 563, 83, 22],
    [13, 13, 24, 178, 42, 11],
    [6, 6, 4, 95, 7, 3],
    [18, 29, 99, 341, 64, 20],
    [0, 0, 3, 62, 6, 1],
    [6, 5, 4, 115, 14, 8],
    [17, 14, 51, 359, 53, 15],
    [7, 7, 10, 26, 14, 3],
    [53, 123, 204, 629, 134, 22],
    [0, 0, 4, 10, 2, 0],
    [18, 52, 122, 431, 82, 23],
    [1, 5, 6, 118, 16, 2],
    [3, 1, 12, 93, 17, 8],
    [2, 1, 4, 94, 6, 1],
    [4, 33, 19, 85, 13, 12],
    [1, 2, 3, 20, 2, 4],
    [6, 1, 18, 100, 23, 2],
    [12, 14, 44, 138, 41, 9],
    [8, 6, 7, 188, 8, 6],
    [7, 6, 14, 151, 7, 9],
    [2, 8, 6, 56, 11, 4],
    [9, 4, 6, 75, 11, 4],
    [16, 22, 81, 231, 37, 17],
    [2, 4, 10, 29, 4, 1],
    [2, 7, 31, 55, 9, 0],
    [24, 6, 18, 179, 17, 8],
    [30, 12, 45, 264, 23, 17],
    [288, 562, 1962, 3910, 806, 225],
    [13, 71, 137, 283, 56, 22],
    [51, 170, 381, 672, 148, 76],
    [7, 52, 55, 113, 8, 16]
  ],
  "method": "mvn_pdf",
  "cond_prob": [
    [
      [4.9731018788e-06, 3.2388333014e-05, 0.00014858588607, 0.99959806398, 0.00021598869462],
      [0, 0, 0.26952746349, 0.73047253651, 0],
      [0, 0, 0.97836115769, 0.021638842306, 0],
      [0, 0, 0.037794112934, 0.96220588707, 0],
      [0, 0, 0.11560992935, 0.88439007065, 0],
      [7.4565810085e-05, 0.00062370927689, 0.0030869266353, 0.98514385792, 0.011070940362]
    ],
    [
      [0.093717564957, 0.084791439118, 0.10329290721, 0.42720074624, 0.29099734248],
      [0.66454403409, 0.024425620776, 0.23817258799, 0.02337864726, 0.049479109881],
      [0.0080012843285, 0.049030035137, 0.93472634043, 0.0010925256035, 0.0071498145001],
      [0.0023587399346, 0.0075041930315, 0.015002707869, 0.9564297412, 0.01870461797],
      [0.049811874896, 0.44265313858, 0.39178824233, 0.064357448037, 0.051389296158],
      [0.18224598267, 0.2211626191, 0.21598035289, 0.16102280046, 0.21958824488]
    ],
    [
      [0.092745502637, 0.13171294072, 0.10064088752, 0.29227287803, 0.3826277911],
      [0.65573784095, 0.036798760132, 0.22875288745, 0.015080316913, 0.063630194556],
      [0.0029303869888, 0.071021949866, 0.91478290571, 0, 0.011264757434],
      [0.015361343331, 0.013085672924, 0.024434321054, 0.91247739943, 0.034641263263],
      [0.04036250889, 0.55976417644, 0.31219618244, 0.032517834078, 0.055159298154],
      [0.15937462172, 0.30420022058, 0.18611575663, 0.096454736973, 0.25385466409]
    ],
    [
      [0, 0.036779751306, 0.11975454574, 0.47628389937, 0.36718180358],
      [0.36915068485, 0.020247620296, 0.45585443991, 0.0459829184, 0.10876433654],
      [0, 0.019416474722, 0.97108812854, 0.0019367881121, 0.0075586086269],
      [0, 0, 0.0079936498824, 0.96634940492, 0.025656945196],
      [0, 0.27141116923, 0.56170781011, 0.088380315706, 0.078500704954],
      [0, 0.16730079236, 0.27576063614, 0.21596200553, 0.34097656597]
    ],
    [
      [0.1307160331, 0.12623773274, 0.038109302538, 0.26827260407, 0.43666432755],
      [0.85307631481, 0.02524048743, 0.062722846258, 0.01017227799, 0.048788073512],
      [0.022098932834, 0.14906230362, 0.80694575726, 0.0026282345929, 0.019264771699],
      [0.010209176439, 0.0033979671677, 0.0088275946099, 0.93738778224, 0.040177479545],
      [0.064284143592, 0.69413680449, 0.13880710989, 0.036652212247, 0.066119729782],
      [0.24017729726, 0.309273617, 0.072883491149, 0.089233988208, 0.28843160638]
    ],
    [
      [0.038539902083, 0.10281858186, 0.063656192895, 0.74448709111, 0.050498232056],
      [0.64506132272, 0.03044979233, 0.21220680926, 0.074595003981, 0.037687071707],
      [0.0059741736576, 0.0607501668, 0.9220561979, 0.006724839659, 0.0044946219848],
      [0, 0, 0.0041222870251, 0.99587771297, 0],
      [0.039961488788, 0.50984572718, 0.28431982577, 0.16587295826, 0],
      [0.11286202808, 0.21678851634, 0.14393810447, 0.39754318297, 0.12886816814]
    ],
    [
      [0.098078767755, 0.033082020379, 0.034621436145, 0.33759875661, 0.49661901912],
      [0.79428961301, 0.010292155642, 0.086345993286, 0.020348897713, 0.088723340345],
      [0.02187955117, 0.052440958435, 0.89137869452, 0.0061498910754, 0.028150904803],
      [0.0043490692861, 0.0051745122498, 0.0074805818728, 0.95669189285, 0.026303943745],
      [0.10475900001, 0.35281042437, 0.26692941116, 0.10374796906, 0.17175319541],
      [0.22617517061, 0.10108038711, 0.084838948373, 0.14974255897, 0.43816293494]
    ],
    [
      [0.017307363514, 0, 0.030694849418, 0.95199778707, 0],
      [0.65151607408, 0, 0.21143430034, 0.13704962558, 0],
      [0.0026204895579, 0.0071975708268, 0.98207343123, 0.0055568394168, 0.0025516689665],
      [0, 0, 0, 1, 0],
      [0.031346957602, 0.12337037329, 0.47160216151, 0.33652149039, 0.037159017218],
      [0.11039218747, 0, 0.25262361675, 0.63698419578, 0]
    ],
    [
      [0.056401692813, 0.0070322199219, 0.036304190827, 0.85048846104, 0.049773435394],
      [0.88442939563, 0, 0.086904846855, 0.028665757519, 0],
      [0.0070308231793, 0, 0.97883432412, 0.014134852705, 0],
      [0, 0, 0, 1, 0],
      [0.10150895802, 0, 0.62209317158, 0.2763978704, 0],
      [0.2814245019, 0.03567039607, 0.16561894967, 0.4388324882, 0.078453664155]
    ],
    [
      [0.017612691506, 0, 0, 0.89866177376, 0.083725534729],
      [0.67246092894, 0.011067748356, 0.12841524773, 0.13096733083, 0.057088744136],
      [0.0065940611325, 0.031813191071, 0.93548970401, 0.015864936917, 0.010238106868],
      [0, 0, 0, 1, 0],
      [0.034870393345, 0.22319037044, 0.2157134561, 0.4617326558, 0.064493124318],
      [0.075787287507, 0.064357578805, 0.073241223864, 0.61426646647, 0.17234744335]
    ],
    [
      [0, 0.024979545378, 0.079720533358, 0.54763031053, 0.34766961074],
      [0.43767882971, 0.017642558285, 0.34325753469, 0.06775444845, 0.13366662886],
      [0, 0.017966744234, 0.96579011844, 0.003840011084, 0.012403126242],
      [0, 0, 0.0052331116697, 0.97498655653, 0.019780331802],
      [0, 0.26754208632, 0.47336089904, 0.14950633518, 0.10959067946],
      [0.062321170291, 0.0959350607, 0.1775712867, 0.28828458864, 0.37588789367]
    ],
    [
      [0, 0.010685106103, 0.011612181352, 0.88171838018, 0.095984332362],
      [0.50075202685, 0.017890093853, 0.1586834958, 0.23468166895, 0.087992714555],
      [0, 0.044247738945, 0.83011206949, 0.12564019157, 0],
      [0, 0.00035859170268, 0, 0.9996414083, 0],
      [0, 0.25146505488, 0.19192895146, 0.50674821139, 0.049857782256],
      [0, 0.097764492181, 0.054489643728, 0.684064175, 0.16368168909]
    ],
    [
      [0.070585572364, 0.051663709797, 0.050471736029, 0.49721801949, 0.33006096232],
      [0.69740714771, 0.020938804436, 0.16378800748, 0.038781706861, 0.079084333521],
      [0.01151916511, 0.058696775518, 0.91016513598, 0.0047779395732, 0.014840983819],
      [0.0017618181184, 0.0043897209323, 0.0063114799838, 0.96962003776, 0.017916943202],
      [0.059284780744, 0.42581872293, 0.30258311039, 0.12015384366, 0.092159542271],
      [0.16803634575, 0.16495968333, 0.12932355374, 0.23132766813, 0.30635274905]
    ],
    [
      [0.1612604998, 0.11042128949, 0.11553650826, 0.31028738545, 0.302494317],
      [0.76054391956, 0.020967124356, 0.17463735059, 0.010496074789, 0.033355530703],
      [0.0097470637186, 0.056729392686, 0.92715886311, 0, 0.0063646804818],
      [0.008073744838, 0.013150068962, 0.023827979934, 0.92948373097, 0.025464475298],
      [0.070909714967, 0.48220289672, 0.36544188379, 0.037614248438, 0.043831256083],
      [0.26491935344, 0.24296828726, 0.20355700547, 0.097824386533, 0.1907309673]
    ],
    [
      [0.056181231942, 0.064784541844, 0.056359156162, 0.52809534892, 0.29457972113],
      [0.64260638938, 0.029189471044, 0.20555776322, 0.044798102995, 0.077848273367],
      [0.0070649731656, 0.064886326987, 0.91149809587, 0.0039484650131, 0.012602138965],
      [0, 0.0045844413514, 0.006655399609, 0.97172123034, 0.017038928695],
      [0.04121289671, 0.47798593024, 0.29978528884, 0.10956409245, 0.071451791764],
      [0.13421652616, 0.20785466454, 0.14467038238, 0.24194227074, 0.27131615618]
    ],
    [
      [0.13844663168, 0.07659167229, 0.062757681522, 0.098853119988, 0.62335089452],
      [0.79347734016, 0.017922537777, 0.1110496859, 0.0050060353783, 0.072544400789],
      [0.01315431706, 0.077154497029, 0.90305938373, 0.0066318021837, 0],
      [0.024475967682, 0.02664463481, 0.037608140976, 0.81336061234, 0.097910644189],
      [0.088779532529, 0.48878608725, 0.28983731925, 0.020788474472, 0.1118085865],
      [0.24747366178, 0.18165572657, 0.11899927575, 0.034139845268, 0.41773149063]
    ],
    [
      [0.072166080703, 0.081102561554, 0.074248104404, 0.36634843887, 0.40613481447],
      [0.63967866901, 0.029500909306, 0.21702446494, 0.026124063414, 0.087671893333],
      [0.0079177721821, 0.06284577599, 0.91470965407, 0.003126411797, 0.011400385966],
      [0.0018360345564, 0.0077296360021, 0.01453639593, 0.94826741766, 0.027630515856],
      [0.044053077979, 0.48544679993, 0.32340247424, 0.065149907208, 0.081947740648],
      [0.14688985611, 0.22172220555, 0.1626103679, 0.14635769938, 0.32241987105]
    ],
    [
      [0.091559406256, 0.08255299197, 0.098758454353, 0.41133954095, 0.31578960647],
      [0.6648543294, 0.024271956688, 0.23306675728, 0.02298196422, 0.054824992409],
      [0.0079633713047, 0.04937980706, 0.9329855025, 0.0011241075541, 0.0085472115768],
      [0.0023447397444, 0.0074968435429, 0.014564895355, 0.95408887913, 0.021504642224],
      [0.049859685723, 0.44360979899, 0.38560301295, 0.063702835818, 0.057224666522],
      [0.17924155344, 0.21690660942, 0.20814820367, 0.15610856792, 0.23959506556]
    ],
    [
      [0.18788990079, 0.076273335561, 0.074869118219, 0.30184563967, 0.35912200575],
      [0.83009844757, 0.01426952208, 0.10746750756, 0.0098134658224, 0.038351056974],
      [0.013844029469, 0.061726670294, 0.91115610615, 0, 0.01327319409],
      [0.0051793733268, 0.01061555193, 0.017047355377, 0.93446680724, 0.032690912125],
      [0.11026525264, 0.44749766477, 0.31952484957, 0.050724876067, 0.07198735696],
      [0.33132065913, 0.17929450572, 0.14122206078, 0.10318419861, 0.24497857575]
    ],
    [
      [0.085638974683, 0.088854837905, 0.07423855374, 0.40915869032, 0.34210894335],
      [0.68298116167, 0.028779133806, 0.195296207, 0.025972370213, 0.066971127312],
      [0.0095624435615, 0.06663361596, 0.90996657231, 0.0023704730819, 0.011466895087],
      [0.0020682056851, 0.0066293264452, 0.012578132321, 0.95547138538, 0.02325295017],
      [0.049823351356, 0.5071252203, 0.30774634962, 0.06864828531, 0.06665679342],
      [0.17176123225, 0.23961119369, 0.16016585531, 0.16068194347, 0.26777977528]
    ],
    [
      [0.043010132248, 0.056165655767, 0.052388793847, 0.40246784192, 0.44596757622],
      [0.57008961832, 0.03018536435, 0.22338461639, 0.040972928348, 0.13536747259],
      [0.0052968571076, 0.063130691381, 0.9129777724, 0.0063453758839, 0.012249303225],
      [0, 0.0075757173189, 0.011162636624, 0.96003974112, 0.021221904936],
      [0.034421918228, 0.45226433012, 0.30518204676, 0.093330782729, 0.11480092216],
      [0.10105617002, 0.17762920498, 0.13262787237, 0.18312896009, 0.40555779255]
    ],
    [
      [0.050631436355, 0.055121844211, 0.053209351157, 0.64801108272, 0.19302628556],
      [0.63742917455, 0.027749620822, 0.21621878518, 0.061727106602, 0.056875312847],
      [0.0075177241112, 0.058932345192, 0.91965199239, 0.0061564968623, 0.0077414414433],
      [0.00029710862375, 0.004251586443, 0.0052092691185, 0.98391896249, 0.0063230733206],
      [0.041104817197, 0.44762604697, 0.3109415319, 0.14879935455, 0.051528249381],
      [0.13271240488, 0.19445601858, 0.15001521631, 0.32689670367, 0.19591965656]
    ],
    [
      [0.074644692145, 0.061124851337, 0.04573837407, 0.57226578823, 0.24622629422],
      [0.7307043173, 0.024037096861, 0.14468944584, 0.04298649843, 0.057582641572],
      [0.013360226642, 0.074499389775, 0.89367915798, 0.0057185486012, 0.012742677002],
      [0.0022024297311, 0.0040175156734, 0.0034454347938, 0.97730504719, 0.013029572616],
      [0.059893805632, 0.48262128169, 0.26137891563, 0.13039766852, 0.065708328532],
      [0.18117776256, 0.19885988108, 0.11904462669, 0.2687097185, 0.23220801118]
    ],
    [
      [0.079070931533, 0.11255878071, 0.10827527071, 0.36907382737, 0.33102118968],
      [0.6060841975, 0.035114810705, 0.27390303186, 0.022680895916, 0.062217064025],
      [0.0062612960233, 0.0595632563, 0.92433526498, 0.0020284131661, 0.0078117695288],
      [0.0025633078295, 0.0090464956219, 0.017992094909, 0.9448779221, 0.025520179542],
      [0.036387876315, 0.50851051348, 0.35507021511, 0.049098226581, 0.05093316851],
      [0.14412386144, 0.27619819877, 0.21269136565, 0.13180768482, 0.23517888932]
    ],
    [
      [0.10409888347, 0.042349884663, 0.051942383191, 0.50483415417, 0.29677469451],
      [0.7781143311, 0.012556674307, 0.12634677905, 0.029186403431, 0.053795812111],
      [0.01611759008, 0.046130957989, 0.91857195002, 0.0048189937738, 0.014360508134],
      [0.001928602046, 0.0024019052239, 0.0054372198377, 0.97239977053, 0.017832502366],
      [0.091351490733, 0.36836191282, 0.32748454575, 0.12614982239, 0.086652228319],
      [0.24240320102, 0.13224182444, 0.13004529801, 0.22707206543, 0.2682376111]
    ],
    [
      [0.079713750057, 0.052614909996, 0.058974436155, 0.53394898828, 0.27474791551],
      [0.71290470993, 0.019025302307, 0.17179871916, 0.037248337461, 0.059022931148],
      [0.010993987969, 0.051328082896, 0.92229868712, 0.0043615905384, 0.011017651477],
      [0.0014718702355, 0.0036827490981, 0.0070233174485, 0.97288454291, 0.014937520312],
      [0.062933002761, 0.41018351597, 0.33348369822, 0.1212096287, 0.072190154349],
      [0.18782925335, 0.16628108654, 0.14932959329, 0.24507238528, 0.25148768153]
    ],
    [
      [0.049654339567, 0.041838988552, 0.059121381392, 0.6630271598, 0.18635813068],
      [0.62063563971, 0.021045617718, 0.23948042974, 0.063610039334, 0.055228273495],
      [0.0068815083878, 0.041471736423, 0.93932697297, 0.00583933137, 0.0064804508507],
      [0.00059233094347, 0.0026036373455, 0.0073489345363, 0.98378382816, 0.005671269019],
      [0.043669004857, 0.36358308047, 0.37278693966, 0.16594290654, 0.054018068473],
      [0.13424087141, 0.15169259825, 0.17152712759, 0.34669278234, 0.19584662042]
    ],
    [
      [0.098426856611, 0.091261233524, 0.12003418109, 0.2713988831, 0.41887884567],
      [0.64585394056, 0.024424571921, 0.25317891072, 0.01270838483, 0.063834191968],
      [0.0051025787749, 0.047756703842, 0.93813213307, 0, 0.0090085843122],
      [0.010800814547, 0.012937153159, 0.025583507881, 0.91175694289, 0.038921581523],
      [0.047786745461, 0.43581274284, 0.41525525053, 0.035392772086, 0.065752489088],
      [0.17477046827, 0.21766056015, 0.22937671004, 0.09242467096, 0.28576759058]
    ],
    [
      [0.075934301969, 0.046831781349, 0.054361413687, 0.54145161765, 0.28142088534],
      [0.71295825603, 0.017823718204, 0.16636571578, 0.039133893063, 0.063718416925],
      [0.011779956686, 0.049751960035, 0.92179319182, 0.0035005081983, 0.013174383255],
      [0.0016111562591, 0.0031378080119, 0.0065223772256, 0.9736105954, 0.015118063108],
      [0.064812279144, 0.39247195856, 0.33133343331, 0.13124540561, 0.080136923374],
      [0.18445303112, 0.15246391592, 0.14193194108, 0.2551107098, 0.2660404021]
    ],
    [
      [0.070015513442, 0.028783311169, 0.047634924888, 0.57774320607, 0.27582304443],
      [0.71753981562, 0.011175178342, 0.15842645705, 0.045304692527, 0.067553856461],
      [0.016200704853, 0.029443807889, 0.9347253867, 0.0051786713763, 0.01445142918],
      [0, 0, 0.0083917845103, 0.97709579655, 0.014512418937],
      [0.073674501995, 0.30041103424, 0.35728749416, 0.1725006724, 0.0961262972],
      [0.18473990446, 0.10270266799, 0.13446373882, 0.29521375046, 0.28287993826]
    ],
    [
      [0.036673327326, 0.099285052309, 0.066383449473, 0.48095373541, 0.31670443549],
      [0.50376670853, 0.053521528862, 0.2912204838, 0.04983026817, 0.10166101064],
      [0, 0.076206382886, 0.90420418162, 0.0057723207494, 0.013817114748],
      [0, 0.0012798930517, 0.012540673995, 0.96685150931, 0.019327923647],
      [0.0038340522152, 0.58262498228, 0.2743786952, 0.078559515391, 0.060602754908],
      [0.080209464137, 0.29290197745, 0.15596380177, 0.20242265017, 0.26850210646]
    ],
    [
      [0.078165737427, 0.085532495789, 0.074434208731, 0.41944696298, 0.34242059508],
      [0.66904344201, 0.029094404806, 0.20546534185, 0.02734010613, 0.069056705202],
      [0.008301521031, 0.064520270643, 0.91342590363, 0.0022678673916, 0.011484437303],
      [0.0016265892091, 0.0061812043686, 0.011751704106, 0.9574703956, 0.022970106715],
      [0.045993799716, 0.50166345809, 0.31533654534, 0.07025857333, 0.066747623518],
      [0.16059320695, 0.23651282411, 0.16441746433, 0.16653435871, 0.27194214591]
    ],
    [
      [0.084624059905, 0.096800691009, 0.14111937668, 0.30817765887, 0.36927821353],
      [0.57678925712, 0.027414458621, 0.31736956347, 0.016883147285, 0.061543573502],
      [0.0054435527337, 0.043199331864, 0.94336313884, 0.0016577761334, 0.0063362004299],
      [0.0029949804298, 0.013714161185, 0.02491729709, 0.9265428348, 0.031830726499],
      [0.037724117381, 0.42129125015, 0.44639834758, 0.039886615781, 0.054699669108],
      [0.14819552357, 0.22741372436, 0.26642963064, 0.10589645163, 0.25206466979]
    ],
    [
      [0.17298736605, 0.043679579012, 0.088694162963, 0.4514572618, 0.24318163017],
      [0.82369289567, 0.0073255929575, 0.1284278643, 0.015125988657, 0.025427658419],
      [0.010457919942, 0.023586221616, 0.9531296839, 0.0047523887657, 0.0080737857802],
      [0.0016663597283, 0.0014495468036, 0.014226869335, 0.96799529274, 0.014661931396],
      [0.11685673781, 0.30361003167, 0.44102491072, 0.084609436238, 0.053898883563],
      [0.34547063525, 0.11602242678, 0.18812036966, 0.16701002057, 0.18337654774]
    ],
    [
      [0.094103229465, 0.085542779822, 0.088238697332, 0.37869379782, 0.35342149557],
      [0.68595855858, 0.024891291792, 0.20777698273, 0.020900008575, 0.060473158326],
      [0.0086546813805, 0.055249203272, 0.92505517159, 0.0016169509838, 0.0094239927758],
      [0.0025689309441, 0.0080578380253, 0.014544407562, 0.94911122505, 0.025717598415],
      [0.051894211873, 0.47273121852, 0.35174001455, 0.059454980089, 0.064179574974],
      [0.18313554879, 0.22415747269, 0.18500137986, 0.14248504437, 0.2652205543]
    ],
    [
      [0.065937948189, 0.056067560461, 0.069208168072, 0.49563129889, 0.31315502439],
      [0.64532000687, 0.022219426572, 0.22072297424, 0.037979698614, 0.073757893709],
      [0.0077237451683, 0.04717172902, 0.93074919435, 0.0034277311471, 0.010927600319],
      [0.00093471212876, 0.0041406304981, 0.0093079994344, 0.96740067432, 0.018215983623],
      [0.048442047189, 0.40566192605, 0.3641897841, 0.10493510705, 0.076771135611],
      [0.1519179978, 0.17323711507, 0.17137979915, 0.22285020773, 0.28061488025]
    ],
    [
      [0.11541161807, 0.049388093696, 0.038369629086, 0.60539764343, 0.19143301571],
      [0.832917849, 0.014260445331, 0.087796909703, 0.033061384175, 0.031963411793],
      [0.023417382237, 0.071306622023, 0.88648794307, 0.0083757996769, 0.01041225299],
      [0.0023929944892, 0.0049524949189, 0.0002676411797, 0.98520958815, 0.0071772812645],
      [0.10335212481, 0.4391692579, 0.24666050889, 0.15432195117, 0.056496157219],
      [0.28002100885, 0.15971169354, 0.099679715685, 0.28157898272, 0.17900859921]
    ],
    [
      [0.12911081465, 0.054549996509, 0.081204275388, 0.37203434384, 0.36310056962],
      [0.76269637744, 0.012869170026, 0.15611891551, 0.016969879191, 0.051345657826],
      [0.012367463822, 0.03873799405, 0.93580856645, 0.0019169150705, 0.011169060611],
      [0.0024898815539, 0.0045473839384, 0.014907114079, 0.95123513328, 0.02682048715],
      [0.087145236165, 0.36504415497, 0.39423346398, 0.07208998686, 0.081487158023],
      [0.25718464275, 0.14562721517, 0.17357441962, 0.14364132949, 0.27997239297]
    ],
    [
      [0.14387668315, 0.08374086843, 0.085282435108, 0.30834381825, 0.37875619507],
      [0.77024623492, 0.018603664426, 0.14958302184, 0.012504675711, 0.049062403108],
      [0.013457210561, 0.057568823914, 0.91837768293, 6.7588174984e-05, 0.010528694423],
      [0.0039783889388, 0.010568051444, 0.018271990744, 0.93433160625, 0.032849962626],
      [0.08015117395, 0.46003990593, 0.34034856341, 0.049117538024, 0.070342818685],
      [0.25931858327, 0.20225623556, 0.16513274664, 0.10828371609, 0.26500871844]
    ],
    [
      [0.10946616983, 0.083432683897, 0.10524749797, 0.37141636479, 0.33043728351],
      [0.69034428987, 0.021713020889, 0.21856320661, 0.018393960604, 0.050985522031],
      [0.0093708363786, 0.047611583258, 0.93468680037, 0.00021938369872, 0.0081113962933],
      [0.0031983782313, 0.0083996558277, 0.017903484723, 0.94599507126, 0.024503409955],
      [0.057905604549, 0.43140879515, 0.39619847115, 0.056119226015, 0.058367903142],
      [0.20420248855, 0.20880056063, 0.21132224889, 0.13550441661, 0.24017028532]
    ],
    [
      [0.2061904476, 0.066423628105, 0.063669223067, 0.47474756516, 0.18896913606],
      [0.86960214989, 0.011453692595, 0.085142746971, 0.015533897779, 0.018267512762],
      [0.016156165066, 0.06654334856, 0.90664963185, 0.0056951706673, 0.0049556838543],
      [0, 0.0059756883826, 0.011355457256, 0.97492610367, 0.0077427506902],
      [0.13398089823, 0.43326698529, 0.30153655557, 0.090669233963, 0.040546326953],
      [0.39238104072, 0.16752975439, 0.12882409871, 0.17326052889, 0.13800457729]
    ],
    [
      [0.14658163931, 0.054905152285, 0.064495147377, 0.45495192246, 0.27906613857],
      [0.81384477607, 0.012409691101, 0.11668879079, 0.019710539556, 0.03734620248],
      [0.018212760549, 0.048866810183, 0.91921034683, 0.0034312285186, 0.010278853917],
      [0.0022095054618, 0.0047568961816, 0.0089210278005, 0.9662197409, 0.017892829654],
      [0.10656106334, 0.39449128369, 0.33612068198, 0.095204928433, 0.067622042556],
      [0.30172775533, 0.1512668024, 0.14246569512, 0.18196319321, 0.22257655395]
    ],
    [
      [0.14681364409, 0.071426022322, 0.071141288293, 0.42832324657, 0.28229579872],
      [0.8085962317, 0.015491298716, 0.12328943748, 0.017051647626, 0.035571384475],
      [0.015765242264, 0.057166892683, 0.91521161865, 0.0020650230484, 0.0097912233577],
      [0.0021287044098, 0.0068283256107, 0.0099903958034, 0.96174167984, 0.019310894341],
      [0.091973670569, 0.45104979518, 0.32316493514, 0.075567712983, 0.058243886127],
      [0.2893945948, 0.18816789521, 0.14983665877, 0.16015034818, 0.21245050304]
    ],
    [
      [0.17639455827, 0.047419636796, 0.055261365458, 0.49207401271, 0.22885042677],
      [0.85642621807, 0.0094942061529, 0.087786662111, 0.01929311398, 0.026999799685],
      [0.02337870702, 0.050524657709, 0.91110458402, 0.0053659151992, 0.0096261360569],
      [0, 0.0041243849835, 0.0075318003936, 0.97550445485, 0.012839359772],
      [0.14025151977, 0.37044096909, 0.31439848737, 0.1138634357, 0.061045588073],
      [0.36460591353, 0.13078213741, 0.12238689046, 0.19844569107, 0.18377936754]
    ],
    [
      [0.034299943818, 0.057870630395, 0.030584352673, 0.7280203514, 0.14922472172],
      [0.62292220461, 0.041024162594, 0.17637796768, 0.097340701303, 0.062334963816],
      [0.008225051652, 0.10026732359, 0.87067357354, 0.010992275251, 0.009841775968],
      [0, 0.0065522943334, 0, 0.99187631528, 0.0015713903827],
      [0.027503957598, 0.53940037714, 0.19884685827, 0.18964862211, 0.044600184876],
      [0.10032223742, 0.22607524488, 0.096523274821, 0.4079332236, 0.16914601927]
    ],
    [
      [0.030928381405, 0.01987276414, 0.020272300433, 0.68964169645, 0.23928485757],
      [0.6731053257, 0.014601141513, 0.12506030071, 0.089292358351, 0.097940873728],
      [0.010598225567, 0.048545486988, 0.90679995465, 0.012809914152, 0.02124641864],
      [0, 0, 0, 0.9876500036, 0.0123499964],
      [0.060013060858, 0.3330759006, 0.18285867954, 0.30970693066, 0.11434542835],
      [0.1044378097, 0.089147771315, 0.073597939257, 0.42681905267, 0.30599742705]
    ],
    [
      [0.041094753783, 0.047685296791, 0.05984673011, 0.56521533045, 0.28615788886],
      [0.5575332302, 0.026148109061, 0.26386397036, 0.05950534517, 0.092949345213],
      [0, 0.051448608215, 0.93239156702, 0.0045672930934, 0.011592531674],
      [0, 0.0020582764657, 0.0080384521168, 0.97462798791, 0.015275283509],
      [0.031049465171, 0.39555213506, 0.3582992295, 0.13544473212, 0.079654438145],
      [0.10523324926, 0.16363741815, 0.16458378616, 0.28158501466, 0.28496053177]
    ],
    [
      [0.0070609306361, 0.016719241938, 0.025901354133, 0.79253236581, 0.15778610748],
      [0.48717492259, 0.020751684378, 0.25753252053, 0.14196983348, 0.092571039027],
      [0, 0.030584089122, 0.94975220632, 0.0089988723999, 0.010664832154],
      [0, 0, 0.00021262818592, 0.99481624483, 0.0049711269889],
      [0, 0.2987834421, 0.33780989636, 0.29284353512, 0.070563126411],
      [0, 0.11554708003, 0.11070105532, 0.53733499289, 0.23641687176]
    ],
    [
      [0, 0.059358556102, 0.10788572798, 0.66077883278, 0.17197688314],
      [0.19898360568, 0.14299940963, 0.51309148434, 0.079471814274, 0.06545368608],
      [0.001270492904, 0.036618741398, 0.95453320954, 0.0034607084618, 0.0041168476931],
      [0, 0, 0.0074973323391, 0.9859719349, 0.0065307327582],
      [0, 0.40948058465, 0.43536948124, 0.11888276917, 0.036267164934],
      [0, 0.25620605807, 0.25146617699, 0.32162422698, 0.17070353796]
    ],
    [
      [0.07448772782, 0.050490267566, 0.052757104934, 0.6479347359, 0.17433016378],
      [0.72812166213, 0.019530061633, 0.16429745345, 0.048159687177, 0.039891135612],
      [0.011478930281, 0.054645184915, 0.92053614947, 0.0063714363787, 0.0069682989503],
      [0.0022085587934, 0.0037832720414, 0.005300591563, 0.98592667708, 0.0027809005237],
      [0.062374120055, 0.41765058675, 0.31671841389, 0.15539059693, 0.047866282385],
      [0.19039192954, 0.17251095982, 0.14444219584, 0.32017012705, 0.17248478775]
    ],
    [
      [0.050196269031, 0.10788647269, 0.081273789969, 0.2248851695, 0.53575829881],
      [0.55659164782, 0.043634836389, 0.26688768488, 0.016339769079, 0.11654606183],
      [0.0049609595848, 0.072143392127, 0.91325030378, 8.8901905631e-05, 0.0095564426057],
      [0.0025789283206, 0.013755474365, 0.030245709782, 0.90986791083, 0.043551976702],
      [0.025132515368, 0.57252393875, 0.29677670492, 0.029446640291, 0.07612020067],
      [0.094655878237, 0.28164647972, 0.16303477169, 0.080572588418, 0.38009028194]
    ],
    [
      [0.11509027743, 0.077885118196, 0.065089043319, 0.48371180233, 0.25822375872],
      [0.7670808894, 0.02130303476, 0.14337750858, 0.025917578087, 0.042320989171],
      [0.014334266589, 0.068007574624, 0.90465194907, 0.0037937038146, 0.0092125059003],
      [0.0025073172668, 0.0054603426778, 0.0088872467275, 0.96839692379, 0.014748169535],
      [0.073370756588, 0.48659210148, 0.29553788518, 0.089395245613, 0.055104011135],
      [0.23710416236, 0.21547150428, 0.14425885144, 0.19549403707, 0.20767144486]
    ],
    [
      [0.99999984681, 2.2835829745e-08, 1.2738601025e-07, 2.8974982376e-09, 6.6561902344e-11],
      [0.96017841279, 0.0014850060914, 0.026101432047, 0.0020992781794, 0.010135870891],
      [0.1029178048, 0, 0.63921197748, 0.25787021772, 0],
      [0, 0, 0.22893439363, 0.77106560637, 0],
      [0.79416439041, 0, 0.076904076861, 0.12893153273, 0],
      [1, 0, 0, 0, 0]
    ],
    [
      [0.059128466233, 0.050634916642, 0.064723148052, 0.51448287787, 0.3110305912],
      [0.62893032995, 0.021950875251, 0.22580978612, 0.043092144746, 0.080216863927],
      [0.0074090508503, 0.045612570233, 0.931569787, 0.0038622189338, 0.011546372979],
      [0.00062040873873, 0.0035859690516, 0.0087487850253, 0.96971612041, 0.017328716773],
      [0.046458207088, 0.3914777078, 0.3639525306, 0.11652021075, 0.081591343769],
      [0.14132335213, 0.16242033559, 0.16637072119, 0.2402182949, 0.2896672962]
    ],
    [
      [0.021867606485, 0.019351327839, 0.022831490591, 0.83279088409, 0.10315869099],
      [0.61598403608, 0.018288171175, 0.175761053, 0.13516192929, 0.054804810454],
      [0.0073129183752, 0.045527418123, 0.92359164197, 0.014852217673, 0.0087158038577],
      [0, 0.000422780245, 0.0014840504766, 0.99809316928, 0],
      [0.042925086037, 0.33565324907, 0.26231329066, 0.34221904037, 0.01688933386],
      [0.083766663134, 0.097851626751, 0.092341392889, 0.57589377131, 0.15014654592]
    ],
    [
      [0.16838479766, 0.0094060523033, 0.012195627985, 0.54535748883, 0.26465603322],
      [0.93889088475, 0.0015965391319, 0.016528358221, 0.017150476339, 0.025833741563],
      [0.085744790893, 0.037186000528, 0.81800855487, 0.018722867414, 0.040337786296],
      [0, 0, 0, 0.97615626982, 0.023843730179],
      [0.17794628132, 0.13420620495, 0.16934281828, 0.37247290915, 0.1460317863],
      [0.43774130615, 0.030305976685, 0.031494273576, 0.2509412624, 0.24951718119]
    ],
    [
      [0.02944925894, 0.038658634697, 0.05123482477, 0.58686844256, 0.29378883904],
      [0.62171878166, 0.020458165161, 0.22394346095, 0.053178037024, 0.080701555208],
      [0.0039428004829, 0.037240844027, 0.94531005377, 0.0039434998228, 0.0095628018948],
      [0.00058715116467, 0.0027028428909, 0.0059044966075, 0.97469744239, 0.016108066952],
      [0.027362817173, 0.39164145953, 0.36336348043, 0.13898896258, 0.078643280277],
      [0.084242386011, 0.1493452004, 0.15714311072, 0.30181771883, 0.30745158404]
    ],
    [
      [0.09149663243, 0.036779202408, 0.055893622016, 0.45838703049, 0.35744351266],
      [0.74728959895, 0.01106986413, 0.14700515684, 0.02755186677, 0.067083513317],
      [0.012804744663, 0.036577138997, 0.93247462488, 0.0038132378574, 0.014330253603],
      [0.00094193590282, 0.00072748291974, 0.0090806177378, 0.96745427839, 0.021795685052],
      [0.082154020016, 0.33394026939, 0.36479007707, 0.11497153257, 0.10414410096],
      [0.21517497871, 0.11579604024, 0.14117616284, 0.20471209741, 0.3231407208]
    ],
    [
      [0.054948565605, 0.05415630113, 0.01769750681, 0.87319762646, 0],
      [0.86892707417, 0.02066468384, 0.055549233518, 0.054859008469, 0],
      [0.017620793906, 0.11549627324, 0.85383440327, 0.013048529587, 0],
      [0, 0, 0, 1, 0],
      [0.049529446914, 0.66622583774, 0.11934592128, 0.16489879407, 0],
      [0.26381900263, 0.306393459, 0.017752243447, 0.41203529493, 0]
    ],
    [
      [0.050803894349, 0.042358232828, 0.036237479156, 0.59997395396, 0.27062643971],
      [0.71729968043, 0.019986665553, 0.13915868444, 0.05148684689, 0.072068122679],
      [0.010731329103, 0.062601084658, 0.90463938539, 0.0065747034878, 0.015453497364],
      [0.0031884817273, 0.0034622744641, 0.00023338832542, 0.97846130748, 0.014654548005],
      [0.051392097774, 0.43218438673, 0.26616120606, 0.16366533996, 0.08659696948],
      [0.14192330403, 0.15628803627, 0.10743046584, 0.30994559989, 0.28441259397]
    ],
    [
      [0.051504364581, 0.10937859936, 0.12490981776, 0.4697609267, 0.2444462916],
      [0.49058288029, 0.041186776521, 0.38054260641, 0.033727661036, 0.053960075747],
      [0, 0.053409723073, 0.93934215498, 0.0025766120649, 0.0046715098847],
      [0, 0.0080529125352, 0.015284235769, 0.96210763159, 0.014555220103],
      [0.01508072734, 0.49003685384, 0.39979421767, 0.059452471965, 0.035635729192],
      [0.099497497789, 0.28422235379, 0.26018260196, 0.1743229093, 0.18177463716]
    ],
    [
      [0, 0.11271415631, 0.03460286299, 0.54791187721, 0.30477110349],
      [0.44131376177, 0.12860953411, 0.21824378388, 0.078169496018, 0.13366342421],
      [0, 0.13003501117, 0.84695082939, 0.0064193891893, 0.016594770256],
      [0, 0.0016095342742, 0.0030792952083, 0.97729209926, 0.018019071256],
      [0, 0.6621307522, 0.16925172158, 0.10291513236, 0.065702393859],
      [0.058686238226, 0.30279100092, 0.092022885875, 0.25808609364, 0.28841378134]
    ],
    [
      [0.034039541059, 0.024660700345, 0.10255639223, 0.83874336637, 0],
      [0.53965482868, 0.014462517779, 0.36156470795, 0.084317945599, 0],
      [0.0040501451864, 0.0088184052223, 0.98076708201, 0.0063643675815, 0],
      [0, 0, 0, 1, 0],
      [0.032885948028, 0.24147714558, 0.51889639565, 0.20674051074, 0],
      [0.13743228575, 0.10297803319, 0.30552256545, 0.45406711561, 0]
    ],
    [
      [0.36619702579, 0.17160990872, 0.061233151158, 0.40095991433, 0],
      [0.94012293946, 0.010136675142, 0.042309285101, 0.007431100297, 0],
      [0.040161565752, 0.060134366235, 0.89600744135, 0.0036966266648, 0],
      [0, 0.0047968808578, 0.013930082887, 0.98127303626, 0],
      [0.19570062535, 0.46793409204, 0.27076224159, 0.065603041028, 0],
      [0.58823653984, 0.19974506089, 0.10113636742, 0.11088203184, 0]
    ],
    [
      [0, 0.050367211506, 0.033849060556, 0.75081611936, 0.16496760858],
      [0.44033247417, 0.09827873752, 0.23910735401, 0.13013805958, 0.092143374717],
      [0, 0.068525830554, 0.91033870752, 0.010146627836, 0.010988834094],
      [0, 0, 0.0014805751927, 0.99076040728, 0.007759017529],
      [0, 0.46186824799, 0.24947679697, 0.22851649425, 0.060138460792],
      [0.059667525828, 0.16546860878, 0.10540222194, 0.46012773446, 0.20933390899]
    ],
    [
      [0.08182902053, 0.062779611248, 0.056297750534, 0.50648956771, 0.29260404998],
      [0.72328465277, 0.022075549395, 0.15976512632, 0.034044190626, 0.060830480891],
      [0.011609628503, 0.062814716084, 0.90942616767, 0.0039954497465, 0.012154037998],
      [0.0018216008374, 0.0046565456283, 0.0064697706809, 0.96997792567, 0.017074157181],
      [0.060505899832, 0.46150819365, 0.29940532242, 0.10686309955, 0.071717484547],
      [0.18697560674, 0.19237687797, 0.13813939262, 0.22380751645, 0.25870060622]
    ],
    [
      [0.14053854791, 0.35070649537, 0.13056535737, 0.1293305536, 0.24885904575],
      [0.75563107664, 0.046050567264, 0.17129321457, 0.0065391648763, 0.020485976654],
      [0.0086466559334, 0.10711941491, 0.87060287487, 0.0075315440409, 0.0060995102417],
      [0.012558574529, 0.011008164356, 0.052100915512, 0.88211632968, 0.042216015922],
      [0.02268673633, 0.7869592526, 0.16973269252, 0.0084311580706, 0.012190160478],
      [0.15498643165, 0.57611681435, 0.15781035835, 0.024768599818, 0.086317795825]
    ],
    [
      [0.1949126848, 0.090360089401, 0.086638408761, 0.39749227006, 0.23059654698],
      [0.85945070613, 0.013018815412, 0.10043854377, 0.0091800159741, 0.017911918706],
      [0.01552265706, 0.057752807078, 0.9202616085, 0, 0.0064629273623],
      [0.004414591549, 0.0096706464307, 0.011899814374, 0.95776598977, 0.016248957878],
      [0.096668309268, 0.48954728224, 0.32678374689, 0.051513990089, 0.03548667151],
      [0.35334640533, 0.21425170598, 0.1634994938, 0.12351584241, 0.14538655247]
    ],
    [
      [0.022573469932, 0.064060310149, 0, 0.76437387186, 0.14899234806],
      [0.64307156106, 0.030057847448, 0.14605943189, 0.11195475014, 0.068856409469],
      [0.009781368789, 0.11931987492, 0.84265791321, 0.015110831156, 0.013130011927],
      [0, 0, 0, 0.99829051614, 0.0017094838598],
      [0.036519694872, 0.45902023827, 0.19537927575, 0.25146670241, 0.057614088698],
      [0.10036348803, 0.16638795908, 0.079294160402, 0.46779591046, 0.18615848203]
    ],
    [
      [0.073513139335, 0.028835569305, 0.025233461208, 0.55132206596, 0.3210957642],
      [0.7783442299, 0.011983887221, 0.086802213058, 0.044111295235, 0.078758374587],
      [0.044045273549, 0.059976741117, 0.85876888266, 0.010361332341, 0.026847770328],
      [0.00010004949503, 0.0013987103682, 0, 0.98143598292, 0.017065257215],
      [0.090373464824, 0.35450194747, 0.22991787108, 0.19441771229, 0.13078900434],
      [0.1980844114, 0.10408050558, 0.074626991315, 0.28788444995, 0.33532364176]
    ],
    [
      [0.087158839149, 0.06312435893, 0.08295732614, 0.44725665783, 0.31950281795],
      [0.67509731034, 0.020326940995, 0.21434773864, 0.02831417621, 0.061913833813],
      [0.0088831259489, 0.044899138114, 0.93386615215, 0.0028979652662, 0.0094536185239],
      [0.0019959938258, 0.0048846745437, 0.012161120814, 0.96086652197, 0.020091688845],
      [0.057018445369, 0.40203177408, 0.38526101755, 0.085303669915, 0.070385093082],
      [0.18357186655, 0.17852287748, 0.18812936852, 0.18599488356, 0.2637810039]
    ],
    [
      [0.12445705633, 0.07076444121, 0.063502216329, 0.51798228216, 0.22329400397],
      [0.78977670842, 0.01843109052, 0.13187541888, 0.02602398243, 0.033892799753],
      [0.01586963332, 0.063628403778, 0.90870484548, 0.0044907030482, 0.007306414373],
      [0.0025510012637, 0.00559612249, 0.0077907297576, 0.97377659512, 0.010285551368],
