{
  "Z_true": {},
  "V_true": [
    [1322, 1039, 393, 67],
    [2468, 8439, 4284, 507],
    [213, 103, 12862, 387],
    [89, 192, 1078, 223],
    [41, 79, 913, 250],
    [136, 221, 769, 614]
  ],
  "p_true": [
    [0.4686, 0.3683, 0.1393, 0.0238],
    [0.1572, 0.5376, 0.2729, 0.0323],
    [0.0157, 0.0076, 0.9482, 0.0285],
    [0.0563, 0.1214, 0.6814, 0.141],
    [0.032, 0.0616, 0.7116, 0.1949],
    [0.0782, 0.127, 0.442, 0.3529]
  ],
  "Z_est": [
    [
      [4.9593, 80.166, 40.2793, 5.6154, 34.6011, 33.7307, 78.7657, 84.2027, 86.2463, 82.596, 86.4386, 28.9016, 174.2782, 75.406, 39.9389, 89.5956, 12.892, 10.6062, 25.4869, 36.1134, 60.1528, 36.4361, 21.3157, 87.4828, 41.103, 54.0435, 34.6229, 103.029, 33.4516, 49.946, 38.9832, 17.677, 172.6339, 34.0407, 169.2109, 53.0753],
      [0.5581, 15.5282, 5.8849, 1.215, 5.4996, 5.5118, 15.0666, 16.9974, 21.7343, 19.8028, 18.2461, 6.7482, 41.9237, 19.9994, 5.7732, 22.735, 1.7404, 1.2327, 4.2542, 7.9953, 11.2413, 8.5916, 3.2867, 18.1426, 8.647, 10.5346, 6.6441, 22.1817, 4.8005, 10.9377, 5.6887, 3.2697, 29.9344, 5.9441, 28.0455, 13.5697],
      [0.377, 8.3919, 3.8676, 0.9101, 2.7564, 7.7958, 8.0604, 8.0187, 10.9526, 6.3685, 9.4284, 1.5564, 23.5682, 11.3383, 5.9066, 6.1283, 1.1126, 0.8709, 2.6814, 2.1253, 4.4244, 2.9977, 0.9328, 5.9954, 2.4017, 2.3076, 1.8713, 11.029, 6.6945, 4.6903, 3.4235, 0.4572, 18.5963, 2.3856, 16.575, 9.4796],
      [0.1056, 1.9139, 0.9682, 0.2595, 1.1429, 0.9613, 2.1072, 1.7811, 2.0667, 2.2328, 1.8868, 0.7938, 5.2299, 2.2563, 1.3813, 3.5411, 0.255, 0.2902, 0.5775, 0.7661, 1.1815, 0.9746, 0.4648, 2.3792, 0.8483, 1.1143, 0.8617, 2.7603, 1.0534, 1.426, 0.9045, 0.5961, 4.8354, 0.6297, 5.1686, 0.8754]
    ],
    [
      [3.4072, 52.5011, 34.4555, 1.7502, 25.1396, 9.2301, 82.262, 89.8629, 59.6985, 69.5646, 63.2319, 42.788, 133.8351, 48.1937, 22.9633, 122.3535, 14.1172, 7.7046, 15.3453, 29.3862, 44.1579, 21.8728, 22.6195, 81.0487, 32.4609, 53.7625, 59.2379, 74.9378, 19.4033, 36.1576, 36.2771, 20.4305, 101.2777, 34.7727, 189.6432, 31.2527],
      [23.0623, 243.8087, 208.1482, 16.6, 55.357, 86.9123, 200.6811, 228.8689, 229.3755, 346.9509, 230.8859, 174.3881, 402.6025, 153.7338, 63.1414, 445.5392, 69.7035, 37.9633, 167.6869, 361.0666, 439.492, 258.764, 178.6545, 562.2562, 294.2929, 530.914, 231.4054, 353.8756, 29.9204, 266.7267, 207.6414, 214.5522, 582.1005, 89.9418, 400.7612, 100.4362],
      [10.2173, 103.3189, 160.3353, 9.3407, 11.7112, 53.4916, 89.6465, 91.1065, 80.5798, 132.9213, 82.0822, 70.7426, 125.3321, 45.5647, 29.5278, 162.731, 61.0002, 21.6211, 134.4104, 230.6705, 258.8586, 164.8383, 105.8469, 345.0531, 152.8831, 283.5947, 135.137, 168.6306, 16.2538, 178.6298, 146.8161, 81.9555, 306.894, 29.2743, 217.528, 34.8226],
      [4.3132, 28.3713, 25.0609, 4.3091, 9.7922, 13.3662, 24.4104, 23.1617, 22.3463, 39.5632, 22.8, 19.0813, 47.2303, 16.5077, 12.3676, 62.3763, 14.1791, 6.7109, 24.5574, 35.8767, 50.4915, 32.5249, 26.8791, 79.6421, 29.3631, 55.7288, 38.2197, 41.5561, 5.4225, 34.486, 23.2654, 48.0619, 85.7279, 9.0112, 66.0675, 6.4885]
    ],
    [
      [2.1723, 13.1309, 4.8573, 0.4463, 5.1934, 4.243, 8.87, 11.3898, 9.2139, 11.1603, 11.8919, 2.7257, 14.9335, 5.0476, 7.3682, 5.9248, 1.5522, 1.579, 4.4927, 5.6929, 12.9022, 4.0008, 6.2267, 6.4837, 9.542, 14.6806, 2.1265, 11.4143, 2.5844, 3.4737, 5.0707, 4.7217, 27.2883, 6.5714, 23.0878, 4.7764],
      [0.6053, 2.9179, 2.1125, 0.1908, 0.2483, 1.7835, 0.5985, 1.2133, 1.8754, 3.8123, 2.2354, 0.7548, 1.6833, 0.4531, 0.5613, 1.2116, 0.5172, 0.319, 2.5365, 3.1005, 6.2898, 2.3474, 1.4566, 3.6359, 2.7112, 4.5378, 0.5792, 2.2564, 0.0223, 1.8301, 2.0641, 2.1118, 6.4439, 0.7822, 1.2613, 0.4276],
      [81.4977, 454.2737, 504.8676, 54.6115, 88.9457, 400.0719, 250.2411, 274.6868, 277.1611, 394.3689, 329.6683, 129.4475, 411.319, 145.8528, 178.6472, 270.0865, 175.2493, 96.7892, 523.0602, 479.5374, 889.744, 418.3927, 257.0161, 754.2253, 362.5625, 610.3113, 226.5507, 522.3737, 55.7617, 423.5262, 466.7032, 238.9025, 1287.9544, 136.2493, 646.9973, 127.559],
      [2.7247, 8.6775, 7.1626, 1.7514, 2.6126, 6.9018, 5.2904, 5.7101, 5.7496, 10.6584, 6.2044, 4.0721, 11.0642, 3.6467, 4.4234, 12.7771, 2.6813, 2.3128, 9.9106, 8.6692, 16.0641, 9.2591, 6.3006, 17.6552, 7.1843, 13.4704, 3.7436, 10.9556, 0.6315, 9.17, 6.162, 9.264, 29.3135, 2.3971, 9.6536, 1.237]
    ],
    [
      [0.2255, 0.2046, 0.261, 0.0545, 0.2096, 0.1574, 0.2746, 0.2513, 0.1621, 0.3184, 0.2658, 0.139, 0.4737, 0.2428, 0.0731, 0.2255, 0.0526, 0.3877, 0.9684, 1.2524, 1.9537, 0.7595, 1.0394, 0.4096, 0.4789, 1.6549, 0.3488, 0.3337, 0.0292, 0.1253, 0.2738, 1.0994, 0.5443, 0.1939, 0.5466, 0.0938],
      [1.1001, 9.3542, 13.6737, 1.9409, 2.6624, 5.6348, 8.8105, 8.9354, 8.3996, 18.5995, 11.1355, 8.7458, 16.0871, 7.3151, 2.2075, 14.9826, 4.2504, 3.5823, 6.402, 16.8321, 30.0053, 13.7005, 9.3429, 28.9921, 20.2637, 35.6831, 18.4578, 19.2984, 0.6008, 11.1844, 13.3068, 16.5199, 24.8342, 5.0414, 16.5541, 3.6042],
      [3.1308, 20.8902, 42.0217, 7.9472, 6.2726, 23.7933, 19.6624, 17.9743, 17.7444, 35.7667, 24.3123, 14.1519, 38.9039, 17.9623, 6.7454, 23.6258, 14.0883, 11.5948, 20.0648, 33.9081, 74.9823, 32.5122, 19.6637, 63.079, 40.8985, 68.5053, 37.2579, 45.3937, 2.1388, 27.2693, 37.7617, 29.9179, 66.8017, 10.7254, 40.4356, 8.777],
      [0.5437, 2.5509, 4.0437, 1.0575, 0.8555, 2.4145, 2.2526, 1.839, 1.694, 4.3154, 2.2864, 1.9633, 3.5353, 1.4798, 0.974, 4.1661, 1.6088, 1.4351, 2.5648, 4.0075, 8.0586, 4.0279, 2.954, 8.5193, 4.3589, 8.1566, 4.9355, 4.9741, 0.2313, 3.421, 3.6578, 6.4628, 8.8198, 1.0392, 5.4637, 0.525]
    ],
    [
      [0.0493, 0.0444, 0.024, 0.0093, 0.0689, 0.0314, 0.0258, 0.0137, 0.0257, 0.0105, 0.0224, 0.0081, 0.0408, 0.012, 0.0159, 0.0296, 0.0046, 0.2092, 0.8189, 1.2736, 0.9562, 0.8524, 0.5184, 0.0367, 0.0379, 0.2466, 0.0104, 0.0275, 0.0199, 0.0236, 0.0387, 0.6523, 0.0901, 0.0151, 0.1179, 0.0078],
      [0.0976, 0.4477, 0.296, 0.022, 0.1247, 0.1171, 0.1324, 0.0869, 0.2396, 0.2478, 0.1955, 0.2147, 0.2554, 0.0774, 0.042, 0.5558, 0.0866, 0.0655, 0.2797, 0.9265, 0.9338, 0.5133, 0.2844, 0.9291, 0.6011, 1.1231, 0.2785, 0.4134, 0.014, 0.5241, 0.4621, 0.6748, 0.9697, 0.0754, 0.3968, 0.0444],
      [8.6472, 45.9579, 44.7755, 3.868, 13.5624, 30.2587, 20.576, 14.7979, 25.5417, 25.4806, 24.5882, 14.5948, 35.4168, 11.8275, 11.6715, 37.8037, 15.7072, 9.4957, 46.1236, 59.9404, 82.8295, 44.9072, 23.782, 80.7978, 40.8353, 69.5917, 25.3899, 47.9704, 5.6038, 50.6241, 53.4641, 10.2323, 124.9052, 9.8215, 64.9114, 7.9085],
      [0.2059, 0.55, 0.9046, 0.1007, 0.244, 0.5928, 0.2659, 0.1015, 0.193, 0.2611, 0.1939, 0.1825, 0.287, 0.083, 0.2706, 0.6109, 0.2016, 0.2297, 0.7779, 0.8595, 1.2806, 0.7272, 0.4151, 1.2365, 0.5257, 1.0386, 0.3212, 0.5887, 0.3623, 0.8282, 1.0351, 0.4406, 2.035, 0.088, 1.574, 0.0392]
    ],
    [
      [0.1865, 1.953, 1.1229, 0.1244, 0.7874, 0.6074, 2.8019, 2.2796, 1.6536, 2.3502, 2.1493, 1.4376, 3.4387, 2.0979, 0.6407, 3.871, 0.3814, 0.5132, 0.8878, 1.2816, 2.8773, 1.0784, 1.2802, 2.5386, 1.3773, 2.6119, 1.6534, 3.2576, 0.5117, 1.2739, 1.3565, 1.4191, 5.1656, 1.4063, 5.3935, 0.7941],
      [1.5766, 16.9432, 13.8847, 1.0314, 3.108, 6.0405, 16.7109, 14.8982, 14.3756, 25.5867, 17.3015, 15.1484, 23.448, 13.4212, 3.2747, 34.9757, 4.702, 3.8371, 14.8407, 24.0791, 32.0377, 20.0833, 14.9749, 38.0443, 19.4841, 39.2074, 18.635, 32.9746, 1.642, 19.797, 13.8369, 21.8715, 51.7174, 8.215, 28.9811, 5.9178],
      [2.1301, 14.1674, 18.1324, 1.3226, 1.7517, 11.5887, 11.8136, 9.4157, 9.0204, 16.094, 12.9205, 8.5068, 14.46, 8.4544, 3.5015, 18.6247, 6.8424, 5.6284, 26.6597, 19.8183, 32.1612, 20.352, 12.7585, 29.8494, 13.4189, 26.6893, 13.7933, 31.6026, 1.5473, 20.2604, 15.8313, 14.5347, 62.8484, 6.5439, 24.5527, 5.4533],
      [2.1069, 12.9364, 11.86, 1.5217, 3.3528, 7.7634, 11.6736, 9.4066, 8.9504, 16.9691, 10.6286, 8.9071, 16.6533, 8.0265, 4.583, 24.5286, 5.0742, 4.0213, 14.6117, 15.821, 24.9238, 15.4863, 11.9864, 30.5678, 12.7197, 25.4914, 13.9183, 22.1652, 2.299, 15.6687, 10.9753, 20.1747, 46.2686, 4.8348, 26.0727, 2.8348]
    ]
  ],
  "V_est": [
    [2118.0244, 429.907, 216.477, 56.591],
    [1787.1032, 8488.2112, 4333.3679, 1089.3177],
    [276.8368, 67.488, 12945.2133, 275.4623],
    [16.0846, 438.0409, 1006.6813, 121.1932],
    [6.3894, 12.7487, 1244.2099, 19.652],
    [64.5616, 636.6041, 553.0506, 485.7838]
  ],
  "p_est": [
    [0.7508, 0.1524, 0.0767, 0.0201],
    [0.1138, 0.5407, 0.276, 0.0694],
    [0.0204, 0.005, 0.9543, 0.0203],
    [0.0102, 0.2769, 0.6363, 0.0766],
    [0.005, 0.0099, 0.9698, 0.0153],
    [0.0371, 0.3659, 0.3178, 0.2792]
  ],
  "EI_Z": {},
  "EI_V": 7.1325,
  "MAE_Z": {},
  "MAE_V": 218.0689,
  "MAE_p": 0.0824,
  "runtime": 618.946
}
