{
  "X": [
    [17, 21, 29, 49, 198, 6],
    [6, 5, 13, 17, 66, 4],
    [1, 9, 2, 19, 44, 1],
    [67, 92, 192, 297, 1053, 74],
    [24, 19, 57, 93, 470, 28],
    [62, 85, 164, 219, 821, 71],
    [70, 81, 173, 183, 892, 75],
    [64, 126, 162, 328, 880, 94],
    [61, 84, 173, 240, 977, 74],
    [54, 78, 226, 236, 1113, 75],
    [47, 72, 121, 129, 646, 43],
    [1, 4, 3, 8, 32, 3],
    [0, 3, 7, 6, 29, 5],
    [19, 14, 24, 103, 180, 13],
    [23, 40, 52, 240, 365, 39],
    [7, 15, 8, 82, 127, 15],
    [48, 86, 124, 318, 779, 48],
    [56, 97, 129, 533, 885, 104],
    [37, 43, 119, 121, 493, 26],
    [21, 46, 77, 62, 284, 13],
    [8, 16, 24, 26, 187, 16],
    [2, 10, 23, 31, 104, 6],
    [51, 82, 116, 200, 729, 47],
    [1, 3, 2, 9, 28, 1],
    [1, 4, 8, 5, 33, 1],
    [3, 7, 3, 20, 41, 2],
    [30, 69, 88, 135, 650, 51],
    [22, 42, 88, 82, 368, 26],
    [0, 1, 0, 9, 20, 0],
    [16, 30, 49, 46, 226, 19],
    [3, 4, 4, 19, 36, 3],
    [22, 36, 31, 135, 228, 24],
    [0, 2, 3, 3, 10, 1],
    [1, 8, 8, 20, 37, 5],
    [114, 216, 348, 392, 1441, 94],
    [62, 201, 244, 377, 1081, 93],
    [18, 29, 71, 180, 526, 42],
    [6, 6, 3, 6, 31, 2],
    [10, 9, 14, 115, 279, 39],
    [95, 182, 295, 546, 2064, 137],
    [11, 36, 34, 84, 179, 25],
    [79, 195, 230, 367, 1127, 100],
    [6, 55, 29, 87, 392, 20]
  ],
  "W": [
    [20, 10, 70, 212, 8],
    [11, 2, 22, 65, 11],
    [4, 2, 27, 40, 3],
    [97, 66, 379, 1127, 106],
    [35, 11, 110, 499, 36],
    [102, 56, 276, 857, 131],
    [106, 46, 257, 986, 79],
    [97, 72, 406, 906, 173],
    [103, 68, 273, 1033, 132],
    [90, 39, 324, 1213, 116],
    [65, 34, 169, 700, 90],
    [2, 2, 8, 38, 1],
    [7, 1, 8, 29, 5],
    [19, 10, 109, 184, 31],
    [28, 26, 252, 392, 61],
    [12, 9, 88, 122, 23],
    [62, 42, 379, 808, 112],
    [99, 66, 585, 897, 157],
    [62, 24, 155, 536, 62],
    [37, 23, 94, 309, 40],
    [12, 7, 41, 200, 17],
    [5, 10, 32, 114, 15],
    [63, 53, 245, 791, 73],
    [1, 0, 11, 32, 0],
    [2, 3, 7, 32, 8],
    [5, 4, 23, 39, 5],
    [86, 42, 167, 658, 70],
    [37, 27, 97, 424, 43],
    [0, 0, 11, 15, 4],
    [27, 26, 59, 245, 29],
    [4, 2, 23, 39, 1],
    [18, 21, 147, 243, 47],
    [1, 2, 3, 13, 0],
    [2, 6, 24, 38, 9],
    [163, 129, 520, 1628, 165],
    [138, 142, 450, 1166, 162],
    [34, 14, 206, 543, 69],
    [4, 4, 11, 32, 3],
    [8, 7, 128, 271, 52],
    [189, 119, 656, 2131, 224],
    [13, 26, 96, 207, 27],
    [96, 117, 468, 1260, 157],
    [21, 45, 109, 381, 33]
  ],
  "method": "mvn_cdf",
  "mvncdf_method": "genz",
  "mvncdf_samples": 5000,
  "mvncdf_error": 1e-06,
  "cond_prob": [
    [
      [0.24647124416, 0.041501170119, 0.29347865694, 0.006542465109, 0.40722271974, 0.0047837439383],
      [0.0029069476596, 0.89870289707, 0.029175977122, 0.0090394142986, 0.055540118158, 0.0046346456946],
      [0.040067068085, 0.1170087478, 0.0018834585138, 0.67114458074, 0.15471257056, 0.015183574302],
      [0.043900641208, 0.011921283549, 0.10355341294, 0.0025945390895, 0.82029217366, 0.017737949558],
      [0.082408332482, 0.036301221027, 0.077302420113, 0.12587468879, 0.48792170781, 0.19019162978]
    ],
    [
      [0.19536212741, 0.028429992656, 0.35180860404, 0.0063868055044, 0.412838419, 0.0051740514014],
      [0.0027033844577, 0.87236912655, 0.041004777379, 0.010922794325, 0.06696747606, 0.0060324412276],
      [0.031291954966, 0.08343502332, 0.0022082824071, 0.71000233797, 0.15642175058, 0.016640650761],
      [0.033415860899, 0.0079655442512, 0.11981294319, 0.002476441737, 0.81753765502, 0.018791554909],
      [0.063672203066, 0.024754582545, 0.090190686664, 0.12339670529, 0.48961598543, 0.208369837]
    ],
    [
      [0.085577331048, 0.15726299845, 0.18616205149, 0.010926321261, 0.55578916568, 0.0042821320763],
      [0.00022041764748, 0.97519041219, 0.0038966088699, 0.0035472805475, 0.016230135561, 0.00091514518191],
      [0.0071565621201, 0.24606048441, 0.00059826373137, 0.63190268225, 0.1071813193, 0.0071006881767],
      [0.011814394318, 0.034579708828, 0.050778432782, 0.0033773847838, 0.8869984865, 0.012451592784],
      [0.022352544438, 0.10897106396, 0.037871997901, 0.16965154744, 0.52303953483, 0.13811331144]
    ],
    [
      [0.17341110125, 0.026607882983, 0.36934774156, 0.007930674351, 0.41448595905, 0.0082166408156],
      [0.0032163147055, 0.82301183891, 0.057237553026, 0.016578098665, 0.087677250829, 0.012278943863],
      [0.026734531381, 0.068535223368, 0.0022380869156, 0.73056339056, 0.14764910509, 0.024279662683],
      [0.030256905607, 0.0073995763395, 0.12627666434, 0.003038592853, 0.80366046146, 0.029367799398],
      [0.051058999732, 0.020187938553, 0.085097546152, 0.13171453304, 0.43186696343, 0.28007401909]
    ],
    [
      [0.17290245574, 0.027191703191, 0.29770031683, 0.010553556746, 0.48248385779, 0.0091681097036],
      [0.0030230095817, 0.82288503825, 0.043570629708, 0.021048332732, 0.096495619895, 0.012977369831],
      [0.020587497495, 0.054714848103, 0.0013940989603, 0.76922434324, 0.13304772553, 0.02103148667],
      [0.027023597513, 0.0067931631533, 0.091395268704, 0.0036342555576, 0.8416741318, 0.02947958327],
      [0.044779707679, 0.018230609889, 0.060419202201, 0.15538946093, 0.44354145414, 0.27763956516]
    ],
    [
      [0.18313866616, 0.031841205121, 0.37017827983, 0.0076617080576, 0.39905508908, 0.0081250517503],
      [0.002921355812, 0.85085120398, 0.049349396183, 0.013790136522, 0.072637427495, 0.010450480005],
      [0.02862905941, 0.083266897549, 0.002274694924, 0.71725266299, 0.14421185755, 0.024364827568],
      [0.032818960915, 0.0090974765474, 0.13001838458, 0.0030164740142, 0.79520560671, 0.029843097233],
      [0.054804808839, 0.024564914821, 0.086691783469, 0.12943183557, 0.42278422888, 0.28172242842]
    ],
    [
      [0.20143782953, 0.033764002111, 0.35808361885, 0.0062211566321, 0.39003473566, 0.010458657216],
      [0.0030592354355, 0.86038725588, 0.045466347009, 0.01066991344, 0.06760788844, 0.012809359794],
      [0.035884398193, 0.10070846729, 0.0025084889838, 0.66449766516, 0.16065290879, 0.035748071574],
      [0.036472008576, 0.009747561035, 0.12711524019, 0.0024749926096, 0.78536517286, 0.038825024735],
      [0.057303321212, 0.024763775737, 0.079750076582, 0.099903955014, 0.39289607627, 0.34538279519]
    ],
    [
      [0.17769287452, 0.045974455577, 0.35338290917, 0.0095108924794, 0.40400969724, 0.009429171004],
      [0.0020601290746, 0.88904750719, 0.034229753455, 0.012425450173, 0.053427606785, 0.0088095533182],
      [0.022923441876, 0.099085831889, 0.0017919441755, 0.73242719704, 0.12045264422, 0.023318940796],
      [0.031459959486, 0.01297198565, 0.12260277879, 0.0036980790044, 0.79506451915, 0.034202677915],
      [0.048942611968, 0.032631450598, 0.076162186647, 0.14778029806, 0.39383664403, 0.3006468087]
    ],
    [
      [0.17214947555, 0.028271735768, 0.3534344653, 0.010344030361, 0.42735498153, 0.0084453115003],
      [0.0030145420672, 0.82756186082, 0.051723895829, 0.020421544345, 0.085360300029, 0.011917856911],
      [0.021508579701, 0.059031749848, 0.0017360104544, 0.77410223695, 0.1233901357, 0.02023128735],
      [0.029400662184, 0.0076958306241, 0.11828840476, 0.0038795987677, 0.81118646293, 0.029549040734],
      [0.047876370459, 0.020264931929, 0.07692143393, 0.1624074018, 0.42062067882, 0.27190918306]
    ],
    [
      [0.13506700233, 0.029269008025, 0.41730487372, 0.0060158529696, 0.40483877837, 0.0075044845884],
      [0.0023130609374, 0.83705315278, 0.059660315972, 0.011607317627, 0.07901852108, 0.010347631604],
      [0.025421809818, 0.092036488606, 0.0030848558772, 0.67644351024, 0.17595756976, 0.027055765695],
      [0.023856114374, 0.0082342818554, 0.14432886853, 0.0023319641348, 0.79411358089, 0.027135190207],
      [0.04252963024, 0.023733961988, 0.10275989205, 0.10677229717, 0.45086875847, 0.27333546008]
    ],
    [
      [0.18991939667, 0.055796026994, 0.35154271519, 0.0073008349276, 0.38883652356, 0.0066045026543],
      [0.0018335143299, 0.91377104862, 0.028380850799, 0.0079818200737, 0.042883606548, 0.0051491596305],
      [0.028920803612, 0.14270721571, 0.0021050819023, 0.66993437714, 0.1370098212, 0.019322700434],
      [0.034848072868, 0.016328329167, 0.12653446816, 0.0029459485669, 0.79447456349, 0.024868617746],
      [0.05997472431, 0.045470905186, 0.086919572091, 0.13040792791, 0.43514454838, 0.24208232213]
    ],
    [
      [0.11129197945, 0.11720780585, 0.24469966173, 0.033364210609, 0.47341464904, 0.020021693322],
      [0.00024953225861, 0.96807699053, 0.00455830974, 0.01084814518, 0.012420932495, 0.0038460897976],
      [0.00277379358, 0.061637346689, 0.00023731184804, 0.8970484631, 0.027905225957, 0.010397858826],
      [0.016031207445, 0.026965276552, 0.070925023702, 0.010896097342, 0.81134177369, 0.06384062127],
      [0.014080006148, 0.041962346851, 0.024450570832, 0.2947898768, 0.22211091732, 0.40260628205]
    ],
    [
      [0.052854628238, 0.047568652186, 0.41035272575, 0.0070287791728, 0.45902002695, 0.023175187699],
      [0.00033768826413, 0.92961936123, 0.020132335217, 0.0057032645227, 0.03222879858, 0.011978552183],
      [0.0064938080726, 0.11131249405, 0.0018120625066, 0.69712625739, 0.12660515612, 0.056650221856],
      [0.0080718986063, 0.011261397861, 0.1167875579, 0.0023460944497, 0.78776493288, 0.073768118298],
      [0.0089235729496, 0.020906510014, 0.051125116693, 0.070550284144, 0.27369297678, 0.57480153942]
    ],
    [
      [0.28796737662, 0.028051359884, 0.26115022546, 0.016158045923, 0.39984712543, 0.006825866685],
      [0.0048214715101, 0.83995443663, 0.036907663169, 0.031426383077, 0.077498071116, 0.0093919744981],
      [0.024167540851, 0.04044291003, 0.00086682082481, 0.84480718136, 0.078528004872, 0.011187542058],
      [0.051841150866, 0.0081638420204, 0.093227062957, 0.0064839375812, 0.81468483838, 0.025599168198],
      [0.076954857631, 0.019649096395, 0.055009698551, 0.24887352059, 0.38308482985, 0.21642799699]
    ],
    [
      [0.18492195698, 0.042590806387, 0.30826131998, 0.021270943437, 0.43112810169, 0.011826871528],
      [0.0022145744846, 0.86744591879, 0.030867543834, 0.028940481506, 0.059064483129, 0.011466998261],
      [0.012335283063, 0.047816592726, 0.00080806167917, 0.85722391452, 0.066622738862, 0.015193409148],
      [0.031012170724, 0.011420153272, 0.10152505794, 0.0078625183648, 0.80736183083, 0.040818268871],
      [0.039709751724, 0.023680934427, 0.051829108702, 0.25934596156, 0.32863693383, 0.29679730976]
    ],
    [
      [0.17289561633, 0.04965372619, 0.21587581434, 0.022227811791, 0.52476443878, 0.014582592574],
      [0.001686475019, 0.88461517964, 0.017704151186, 0.025291748955, 0.059019815564, 0.011682629632],
      [0.010473782182, 0.051884185774, 0.00051568239125, 0.84569445924, 0.074162663793, 0.017269226621],
      [0.024767948973, 0.011475967588, 0.061248085216, 0.0070969028661, 0.85181186946, 0.043599225896],
      [0.032013068772, 0.024130762791, 0.031459332728, 0.23817366106, 0.34825305652, 0.32597011813]
    ],
    [
      [0.17210334075, 0.044988760502, 0.33855540603, 0.011533592578, 0.42621118021, 0.0066077199239],
      [0.0020239987469, 0.88594846569, 0.033262643755, 0.015308629556, 0.057190175204, 0.0062660870514],
      [0.019230245067, 0.084105814174, 0.001486657282, 0.77093314851, 0.11008303945, 0.014161095519],
      [0.029628440278, 0.012348061063, 0.11424768419, 0.0043626346674, 0.81609579181, 0.023317387991],
      [0.04947879155, 0.033353525142, 0.076163736749, 0.18723554635, 0.43382069964, 0.21994770057]
    ],
    [
      [0.17119257557, 0.037261073359, 0.31134091473, 0.017059592577, 0.45011758775, 0.013028256015],
      [0.0023505783948, 0.85067846557, 0.035710859367, 0.026375803461, 0.07047328274, 0.014411010463],
      [0.013955741872, 0.050700104408, 0.00099763699049, 0.82920986136, 0.084781827233, 0.020354828134],
      [0.027848815774, 0.0096602770385, 0.099242762738, 0.0060939520481, 0.8137365575, 0.043417634903],
      [0.037421145254, 0.020991060803, 0.053251440401, 0.2103731648, 0.34816671528, 0.32979647346]
    ],
    [
      [0.17086355941, 0.029882416977, 0.4255639385, 0.0066503174494, 0.36190292352, 0.0051368441443],
      [0.0028481446419, 0.84944560169, 0.059265815844, 0.012582030319, 0.068937530512, 0.0069208769978],
      [0.03023664055, 0.088999835821, 0.0029567239325, 0.71211352264, 0.14821300396, 0.017480273102],
      [0.032821180652, 0.0091638830902, 0.16027609552, 0.0028110647099, 0.77466737356, 0.020260402477],
      [0.060217641336, 0.027205055365, 0.11731879135, 0.13271662256, 0.45216351975, 0.21037836964]
    ],
    [
      [0.14914065233, 0.053576444986, 0.45772181434, 0.0044274616255, 0.33116987241, 0.0039637543067],
      [0.0014576155631, 0.91607517995, 0.037324111052, 0.0049495806086, 0.037052085244, 0.003141427582],
      [0.032228776316, 0.19657287333, 0.0038734368647, 0.58496398526, 0.16583803279, 0.016522895448],
      [0.030283338094, 0.017376929961, 0.18220366062, 0.0019821411896, 0.75158996752, 0.016563962619],
      [0.058826636427, 0.054669024723, 0.14103805177, 0.099115999859, 0.46391734172, 0.18243294549]
    ],
    [
      [0.14219243806, 0.049446840494, 0.31463642401, 0.0052853666634, 0.47616734632, 0.012271584452],
      [0.0013788337577, 0.90433428262, 0.025531056509, 0.0059918169634, 0.053045285257, 0.0097187248904],
      [0.024884553683, 0.1501412676, 0.0021588258902, 0.58748952303, 0.19355814926, 0.041767680532],
      [0.021992771436, 0.012253720925, 0.095801616391, 0.0018116433205, 0.82876477302, 0.039375474903],
      [0.035586998784, 0.03218686404, 0.061727150217, 0.075701307051, 0.42537469845, 0.36942298146]
    ],
    [
      [0.080329701956, 0.021629017527, 0.47638075867, 0.011805428837, 0.40413710866, 0.0057179843491],
      [0.0015432036471, 0.79950124119, 0.075004016998, 0.026567190806, 0.088446993203, 0.0089373541599],
      [0.0086516260118, 0.040322794825, 0.0019591390553, 0.83699599149, 0.10013023417, 0.011940214443],
      [0.014053535441, 0.0060495964513, 0.16148918833, 0.0045582788311, 0.79320879927, 0.020640601684],
      [0.024334568474, 0.017081106033, 0.11086254371, 0.20743980616, 0.43421015058, 0.20607182504]
    ],
    [
      [0.20219404131, 0.041376959092, 0.32406423189, 0.010105502831, 0.41441011372, 0.0078491511568],
      [0.0025558616839, 0.88087874685, 0.03426746899, 0.014450948179, 0.059836351719, 0.0080106225747],
      [0.02497944677, 0.085711981366, 0.0015748633361, 0.75066051657, 0.11844956468, 0.018623627282],
      [0.03546651475, 0.011580085034, 0.11152711314, 0.0038978797837, 0.80927607191, 0.028252335374],
      [0.057539181875, 0.03039204426, 0.072224424334, 0.16264659987, 0.41787671361, 0.25932103605]
    ],
    [
      [0.11957955315, 0.17942635765, 0.20602093763, 0.020409770649, 0.46859220799, 0.0059711729294],
      [0.00014506250249, 0.98660995919, 0.0020389614606, 0.0039086493515, 0.0066692971756, 0.00062807031869],
      [0.0047266464447, 0.16384589686, 0.00031814355898, 0.78197539378, 0.044195384909, 0.004938534441],
      [0.017696231302, 0.04256370769, 0.063107859179, 0.0069620850908, 0.84989851852, 0.019771598222],
      [0.024916973089, 0.10750242978, 0.034325487422, 0.28899335412, 0.36700140943, 0.17726034617]
    ],
    [
      [0.066912919766, 0.020735939208, 0.51727542429, 0.0030500854094, 0.38957513376, 0.0024504975644],
      [0.00096100873781, 0.87049194262, 0.057235836563, 0.0055025090474, 0.062910070439, 0.0028986325943],
      [0.017891193967, 0.1042876276, 0.0048658497548, 0.6248524047, 0.23523641296, 0.012866511024],
      [0.012050974941, 0.0059539992055, 0.17321592452, 0.0012166316156, 0.79845806234, 0.0091044073811],
      [0.028583359579, 0.023047899048, 0.16052110455, 0.075255870414, 0.58860607658, 0.12398568983]
    ],
    [
      [0.19335627305, 0.061482428273, 0.21091166663, 0.016422336216, 0.51179038737, 0.0060369084689],
      [0.001209869523, 0.93256370552, 0.011368040752, 0.013354414858, 0.038220611413, 0.0032833579338],
      [0.0130071186, 0.079013536174, 0.00056841395658, 0.81620013694, 0.082811563752, 0.0083992305757],
      [0.027524066762, 0.014585212052, 0.061493096502, 0.0054241345491, 0.87218131417, 0.018792175969],
      [0.045640268583, 0.039985580786, 0.040009559148, 0.24059227367, 0.44923692663, 0.18453539118]
    ],
    [
      [0.13744224973, 0.05049846464, 0.30073701679, 0.010311979797, 0.48983593477, 0.011174354275],
      [0.0014355442975, 0.89237423072, 0.026243039217, 0.012181861989, 0.058352968266, 0.0094123555078],
      [0.016053858472, 0.098912549234, 0.001380374063, 0.72638085161, 0.13221715952, 0.025055207098],
      [0.021120265285, 0.012363879483, 0.090567921282, 0.0034810821756, 0.83725745382, 0.035209397958],
      [0.033359940461, 0.031609065955, 0.057119881791, 0.14156029668, 0.42096155435, 0.31538926076]
    ],
    [
      [0.14928218443, 0.042562754693, 0.43060285263, 0.0092074652606, 0.36105331868, 0.0072914243065],
      [0.0017938124523, 0.88567209172, 0.043213377539, 0.012612620127, 0.049616037971, 0.0070920601892],
      [0.019900515467, 0.095901254352, 0.0022514696667, 0.75178215804, 0.11143849784, 0.018726104635],
      [0.028379406805, 0.012917682815, 0.16049887863, 0.0038544649597, 0.76584751895, 0.028502047848],
      [0.045898644578, 0.033851733698, 0.10350661679, 0.16095058895, 0.39384800562, 0.26194441037]
    ],
    [
      [0.040126023677, 0.023672884318, 0.14575056186, 0.0091085701739, 0.77893344715, 0.0024085128177],
      [0.00041856088537, 0.89582234783, 0.010506437483, 0.012094688531, 0.079253534946, 0.0019044303242],
      [0.0045110546764, 0.049811459178, 0.00054652578361, 0.76393334606, 0.17626718336, 0.0049304309396],
      [0.0044268850374, 0.0039766648632, 0.029057442897, 0.0021353391554, 0.95516521899, 0.0052384490553],
      [0.011125862375, 0.016752907968, 0.028803622457, 0.1448929652, 0.7260235912, 0.072401050799]
    ],
    [
      [0.1733606473, 0.027717301228, 0.39401348426, 0.006679456769, 0.38972677477, 0.0085023356623],
      [0.0029532302391, 0.83962876623, 0.056231569502, 0.013108180457, 0.076276311212, 0.011801942363],
      [0.029364786016, 0.08011102099, 0.0026191815825, 0.70658387879, 0.153388072, 0.027933060621],
      [0.031200134195, 0.0080030480466, 0.13940612631, 0.0026601492384, 0.78709059756, 0.031639944656],
      [0.052047570374, 0.021623396424, 0.092623960402, 0.11464244425, 0.41686333814, 0.30219929041]
    ],
    [
      [0.22324126484, 0.040487624221, 0.25271830658, 0.014696228846, 0.45559435141, 0.013262224106],
      [0.0019293954987, 0.90419471459, 0.018831910502, 0.017169797886, 0.047707115148, 0.010167066378],
      [0.016258875041, 0.058382106533, 0.00073512236624, 0.82338779523, 0.080785075759, 0.020451025069],
      [0.033357982631, 0.010272666409, 0.078079738303, 0.0051768465624, 0.82854347483, 0.044569291269],
      [0.043083742724, 0.02205796233, 0.039408951352, 0.17997851326, 0.33228226618, 0.38318856415]
    ],
    [
      [0.26595599036, 0.052259425801, 0.26870816278, 0.016912542792, 0.38697800619, 0.0091858720747],
      [0.0026315948989, 0.90419741709, 0.022367597975, 0.019249305351, 0.044130276219, 0.0074238084644],
      [0.021064332238, 0.070480043019, 0.0008402300028, 0.82202982354, 0.071459951931, 0.014125619267],
      [0.04866510319, 0.015379443951, 0.097160412438, 0.0068660756648, 0.79708233094, 0.034846633816],
      [0.065713172821, 0.033654084689, 0.052215599956, 0.23922682988, 0.34146687956, 0.2677234331]
    ],
    [
      [0.022353415331, 0.01973566576, 0.57337868196, 0.012088595367, 0.36277813811, 0.0096655034749],
      [0.00018175115786, 0.93383884964, 0.022775745465, 0.014015661537, 0.024154929245, 0.0050330629553],
      [0.00062650314768, 0.011127228733, 0.00035818337523, 0.96636164793, 0.017110724025, 0.0044157127876],
      [0.0051148408145, 0.0056705026687, 0.17214974859, 0.0048736143314, 0.77355123302, 0.038640060574],
      [0.0048219815347, 0.01073627028, 0.064742968835, 0.16774380399, 0.23430695573, 0.51764801963]
    ],
    [
      [0.078780458021, 0.035336830746, 0.46391347228, 0.0095392764761, 0.40312380796, 0.0093061545212],
      [0.00090228390182, 0.88309060874, 0.041750962331, 0.013238243763, 0.052269938487, 0.0087479627768],
      [0.0094476786195, 0.075780754439, 0.0020170520085, 0.78057494854, 0.11034066716, 0.021838899234],
      [0.013534346735, 0.0097208885549, 0.15101584362, 0.0036448548442, 0.78868825077, 0.033395815474],
      [0.02134754443, 0.025162790838, 0.09339700949, 0.15176123035, 0.38887035301, 0.31946107188]
    ],
    [
      [0.18245659499, 0.046150802792, 0.41448687934, 0.0070984085303, 0.34353324626, 0.0062740680923],
      [0.00213613347, 0.89621792584, 0.04053742626, 0.009347611891, 0.045848031689, 0.0059128708482],
      [0.029865470338, 0.12598587155, 0.0026671182624, 0.69192962228, 0.12988641245, 0.019665505116],
      [0.036301720875, 0.014623287155, 0.16153557263, 0.0030990144058, 0.75889176521, 0.025548639729],
      [0.061535034124, 0.040071368378, 0.10937061409, 0.13488077176, 0.40975803699, 0.24438417465]
    ],
    [
      [0.13864254519, 0.049962735069, 0.40641709674, 0.010659384511, 0.38586592884, 0.0084523096408],
      [0.0014942701142, 0.89428099293, 0.036572268386, 0.012924567966, 0.04739502115, 0.0073328794538],
      [0.016513254817, 0.099256875647, 0.0019017597545, 0.7569152623, 0.10613307821, 0.019279769274],
      [0.025231557469, 0.014478369267, 0.14482468173, 0.0042564293437, 0.77972508069, 0.031483881504],
      [0.039301893758, 0.036466160988, 0.090098115947, 0.17033040371, 0.38682487003, 0.27697855556]
    ],
    [
      [0.12530374383, 0.032583218518, 0.3335833641, 0.012828454257, 0.48571398194, 0.0099872373578],
      [0.0018969278628, 0.83790089614, 0.042134098977, 0.022000905319, 0.083866977293, 0.012200194404],
      [0.012871807016, 0.056200748437, 0.0013442789269, 0.79460790099, 0.11527719655, 0.019698068088],
      [0.019365750699, 0.0080308814086, 0.10100371493, 0.0043582799336, 0.8355743213, 0.031667051735],
      [0.030725105504, 0.02062777007, 0.06394859093, 0.17804226022, 0.42178313663, 0.28487313665]
    ],
    [
      [0.63645263954, 0.01921709158, 0.11638473481, 0.0017667675547, 0.22315585696, 0.0030229095591],
      [0.0089106002669, 0.92201123699, 0.016695221947, 0.003942133897, 0.044074756615, 0.0043660502797],
      [0.18914648655, 0.1320057246, 0.0015972195621, 0.47150964223, 0.18410453894, 0.021636388124],
      [0.15471000718, 0.0089486959725, 0.066880536883, 0.0011380414072, 0.74984601134, 0.018476707224],
      [0.27351689414, 0.025353157159, 0.045646320657, 0.05103244153, 0.40397401013, 0.20047717638]
    ],
    [
      [0.15216702377, 0.024166539585, 0.22637745943, 0.014866720122, 0.56304020523, 0.019382051868],
      [0.0028167305223, 0.78200244451, 0.03511005921, 0.031517683436, 0.11940410852, 0.029148973803],
      [0.013410105123, 0.036092979512, 0.00078480459353, 0.80164711206, 0.11505238506, 0.03301261366],
      [0.020619754077, 0.0052520546445, 0.060386681081, 0.004453964462, 0.85503153598, 0.054256009759],
      [0.02749626642, 0.011345806803, 0.032096230012, 0.15321662466, 0.36205135352, 0.41379371859]
    ],
    [
      [0.14510766649, 0.036935591258, 0.32559130538, 0.010727413833, 0.47288256907, 0.0087554539717],
      [0.0020367199488, 0.85739012013, 0.038168751913, 0.016913704743, 0.075606661389, 0.0098840418736],
      [0.017253175933, 0.073140585572, 0.0015219494691, 0.75837023401, 0.12979484716, 0.019919207852],
      [0.023066289209, 0.0093461745822, 0.10135132298, 0.0037396594108, 0.83402953444, 0.028467019372],
      [0.038380279071, 0.025138444539, 0.067375481222, 0.15976634579, 0.44212105562, 0.26721839376]
    ],
    [
      [0.16629833066, 0.053584594335, 0.36476164532, 0.014884008994, 0.38393500213, 0.016536418548],
      [0.0015738397214, 0.89876349165, 0.028876285465, 0.016247858318, 0.041770582272, 0.012767942575],
      [0.014409549303, 0.079267201008, 0.0012389564739, 0.79992348296, 0.0773437406, 0.027817069658],
      [0.029369903923, 0.0151869871, 0.12672830803, 0.0058233939305, 0.7623497511, 0.06054165592],
      [0.03470649734, 0.029133647668, 0.059577721735, 0.17819222494, 0.28577465081, 0.41261525751]
    ],
    [
      [0.17797907166, 0.056822529883, 0.37871210887, 0.0090955973581, 0.36874862035, 0.0086420718787],
      [0.0017153390156, 0.91068512179, 0.030494065945, 0.0098695518329, 0.040527421004, 0.006708500409],
      [0.023473647303, 0.12509498311, 0.0019634996707, 0.71526085311, 0.11236908449, 0.02183793231],
      [0.033555805572, 0.017066504189, 0.13989694941, 0.0037644782349, 0.7723498066, 0.033366455992],
      [0.051773945768, 0.042575607728, 0.086201857158, 0.14917941829, 0.3795140346, 0.29075513646]
    ],
    [
      [0.096408560944, 0.044686180599, 0.25623092963, 0.010528926704, 0.58371267018, 0.0084327319382],
      [0.0010996736686, 0.87717327228, 0.024394151538, 0.013659426408, 0.075904788967, 0.0077686871396],
      [0.010964440206, 0.085622785681, 0.0011424062637, 0.73058438437, 0.15325174175, 0.018434241732],
      [0.013081638466, 0.009664973839, 0.068114328109, 0.0031414017369, 0.88250495416, 0.023492703689],
      [0.023732297946, 0.028407848753, 0.049310604113, 0.14707082589, 0.50904120171, 0.24243722158]
    ]
  ],
  "expected_outcome": [
    [
      [4.9294248831, 2.1489834015, 0.34230932419, 16.8208768212, 6.0515859508, 18.6801439483, 21.35240993, 17.2362088287, 17.7313959812, 12.1560302095, 12.3447607839, 0.2225839589, 0.36998239767, 5.4713801557, 5.1778147954, 2.074747396, 10.6704071268, 16.9480649812, 10.5935406833, 5.5182041363, 1.7063092567, 0.40164850978, 12.7382246027, 0.11957955315, 0.13382583953, 0.96678136525, 11.8200334769, 5.523440824, 0, 4.6807374772, 0.89296505934, 4.7872078265, 0.022353415331, 0.15756091604, 29.7404249837, 19.1326712369, 4.2603272901, 2.5458105582, 1.2173361902, 27.4253489667, 2.1618782986, 17.0859908797, 2.0245797798],
      [0.83002340239, 0.31272991921, 0.62905199379, 2.5809646493, 0.95170961169, 3.2478029223, 3.5789842237, 4.459522191, 2.9119887841, 2.6342107222, 3.6267417546, 0.2344156117, 0.3329805653, 0.5329758378, 1.1925425788, 0.59584471428, 2.7893031511, 3.6888462626, 1.8527098526, 1.9823284645, 0.59336208592, 0.10814508764, 2.6067484228, 0.17942635765, 0.041471878417, 0.30741214137, 4.342867959, 1.5748219236, 0, 0.74836713316, 0.16195049688, 0.94066966442, 0.01973566576, 0.070673661492, 7.5225808551, 6.8948574395, 1.1078294296, 0.076868366321, 0.19333231668, 6.9808267478, 0.69659972636, 5.4549628687, 0.93840979258],
      [5.8695731387, 3.8698946444, 0.74464820596, 35.8267309309, 10.4195110892, 37.7581845431, 37.9568635984, 34.2781421898, 36.4037499254, 37.5574386344, 22.8502764871, 0.48939932346, 2.8724690803, 4.9618542838, 8.6313169593, 2.5905097721, 20.9904351741, 30.822750558, 26.384964187, 16.9357071304, 3.7756370881, 2.3819037934, 20.4160466089, 0.20602093763, 1.0345508486, 1.0545583331, 25.8633834437, 15.9323055474, 0, 10.6383640751, 1.0108732263, 4.83674693, 0.57337868196, 0.92782694456, 67.561361332, 56.0855593507, 11.3418343795, 0.46553893924, 1.8110196754, 61.5367567164, 4.7419013892, 36.3563624514, 5.3808495223],
      [0.13084930218, 0.070254860548, 0.043705285044, 0.76927541205, 0.3693744861, 0.78149422188, 0.65944260301, 0.9225565705, 1.0654351272, 0.54142676726, 0.4745542703, 0.066728421217, 0.04920145421, 0.30700287253, 0.59558641623, 0.26673374149, 0.71508273981, 1.6888996651, 0.41231968186, 0.16381608014, 0.063424399961, 0.059027144185, 0.63664667836, 0.020409770649, 0.0061001708188, 0.08211168108, 0.88683026255, 0.34067621464, 0, 0.18034533276, 0.058784915384, 0.30442577025, 0.012088595367, 0.019078552952, 1.1570405904, 1.4709950625, 0.43616744474, 0.0070670702189, 0.11893376097, 2.0274812144, 0.19349211692, 0.87317734638, 0.22110746078],
      [8.1444543948, 4.541222609, 2.2231566627, 40.2051380274, 16.8869350226, 40.7036190858, 41.3436819799, 39.1889406327, 44.0175630976, 36.4354900536, 25.2743740316, 0.94682929808, 3.2131401887, 7.5970953831, 12.0715868474, 6.2971732653, 26.4250931729, 44.5616411876, 22.4379812583, 12.2532852793, 5.7140081559, 2.0206855433, 26.1078371644, 0.46859220799, 0.77915026752, 2.5589519368, 42.1258903902, 13.358972791, 0, 10.5226229189, 1.8223774056, 6.9656041114, 0.36277813811, 0.80624761591, 55.9959191397, 53.2494981799, 16.5142753858, 0.89262342782, 4.5043216418, 89.3748055539, 4.9911550277, 35.3998675534, 12.2579660738],
      [0.095674878766, 0.056914565415, 0.017128528305, 0.79701415911, 0.32088383963, 0.82875527853, 1.1086176649, 0.91462958739, 0.86986708453, 0.67540361295, 0.42929267253, 0.040043386644, 0.1622263139, 0.12969146701, 0.33115240279, 0.17499111089, 0.40967863528, 1.2897973455, 0.31848433695, 0.14665890935, 0.14725901342, 0.028589921746, 0.49449652288, 0.0059711729294, 0.0049009951288, 0.030184542344, 0.96099446765, 0.26978269934, 0, 0.22956306288, 0.053048896426, 0.16534569734, 0.0096655034749, 0.018612309042, 1.022673099, 1.1664187304, 0.33956607017, 0.012091638236, 0.15505641495, 1.6547808006, 0.21497344113, 0.82963890035, 0.1770873707]
    ],
    [
      [0.029069476596, 0.0054067689154, 0.00044083529496, 0.21227677056, 0.033253105399, 0.16359592547, 0.14072483003, 0.14832929337, 0.20498886057, 0.090209376557, 0.062339487218, 0.00049906451722, 0.00033768826413, 0.048214715101, 0.0575789366, 0.015178275171, 0.085007947371, 0.15513817406, 0.068355471405, 0.033525157952, 0.0096518363037, 0.015432036471, 0.13546066925, 0, 0.0028830262134, 0.0048394780919, 0.060292860497, 0.048432936212, 0, 0.076783986218, 0.0038587909975, 0.055263492876, 0.00036350231572, 0.0054137034109, 0.27556121763, 0.21218635621, 0.026556990079, 0.035642401068, 0.019717113656, 0.24236967391, 0.040919832757, 0.20069466482, 0.049485315085],
      [8.9870289707, 1.7447382531, 1.9503808244, 54.3187813682, 9.0517354208, 47.647667423, 39.5778137706, 64.011420518, 56.2742065357, 32.6450729584, 31.0682156531, 1.9361539811, 0.92961936123, 8.3995443663, 22.5535938884, 7.9615366168, 37.2098355588, 56.1447787279, 20.3866944404, 21.0697291389, 6.3303399784, 7.9950124119, 46.6865735832, 0, 2.6114758279, 3.7302548221, 37.4797176903, 23.9131464765, 0, 21.8303479219, 1.8083894292, 18.9881457589, 1.8676776993, 5.2985436524, 115.6121124335, 126.987900996, 11.730612546, 3.688044948, 5.4740171116, 102.0294242958, 23.3678507829, 106.5501592498, 39.4727972526],
      [0.29175977122, 0.082009554759, 0.0077932177397, 3.7776784997, 0.47927692679, 2.7635661862, 2.0914519624, 2.4645422487, 3.5172249164, 2.3267523229, 0.96494892715, 0.00911661948, 0.020132335217, 0.36907663169, 0.80255613969, 0.15933736067, 1.3970310377, 2.3569167182, 1.4223795803, 0.8584545542, 0.17871739556, 0.75004016998, 1.8161758565, 0, 0.17170750969, 0.045472163009, 1.1022076471, 1.1667611935, 0, 1.4620208071, 0.037663821005, 0.46971955747, 0.045551490931, 0.25050577399, 5.2293279876, 5.1932621108, 0.58987738568, 0.066780887787, 0.24577041447, 4.5420814777, 0.7507834221, 3.5678057156, 1.0977368192],
      [0.090394142986, 0.021845588649, 0.0070945610951, 1.0941545119, 0.23153166005, 0.77224764526, 0.49081601824, 0.89463241249, 1.3886650155, 0.45268538745, 0.27138188251, 0.021696290359, 0.0057032645227, 0.31426383077, 0.75245251914, 0.22762574059, 0.64296244136, 1.7408030284, 0.30196872767, 0.113840354, 0.041942718744, 0.26567190806, 0.76590025349, 0, 0.016507527142, 0.053417659431, 0.51163820356, 0.34054074344, 0, 0.34081269187, 0.034339595773, 0.40423541238, 0.028031323073, 0.079429462577, 1.2058419339, 1.8352886512, 0.30801267447, 0.015768535588, 0.22062378405, 2.0127308644, 0.42244431626, 1.1547375644, 0.61467418836],
      [0.55540118158, 0.13393495212, 0.032460271123, 5.7866985547, 1.0614518188, 4.0676959397, 3.1099628683, 3.8467876885, 5.804500402, 3.0817223221, 1.4580426226, 0.02484186499, 0.03222879858, 0.77498071116, 1.5356765614, 0.53117834008, 2.4019873586, 4.6512366609, 1.6545007323, 0.85219796061, 0.3713169968, 0.88446993203, 3.1713266411, 0, 0.18873021132, 0.15288244565, 2.4508246672, 1.3396330252, 0, 1.9831840915, 0.095414230296, 0.92673580061, 0.048309858491, 0.31361963092, 5.9143960879, 6.7300930034, 1.1741376821, 0.17629902646, 0.83582875961, 8.9971927053, 1.0860351391, 4.7417082575, 3.4157155035],
      [0.046346456946, 0.012064882455, 0.0018302903638, 0.81041029498, 0.14275106814, 0.58522688028, 0.5892305505, 0.63428783891, 0.81041426996, 0.40355763257, 0.17507142744, 0.0076921795952, 0.011978552183, 0.093919744981, 0.29814195478, 0.10514366668, 0.26317565616, 0.95112669057, 0.16610104795, 0.072252834387, 0.068031074233, 0.089373541599, 0.42456299646, 0, 0.008695897783, 0.013133431735, 0.39531893133, 0.19148562511, 0, 0.30685050145, 0.020334132755, 0.15589997775, 0.010066125911, 0.052487776661, 0.76276033941, 1.0412688824, 0.17080272166, 0.017464201119, 0.20404281662, 1.176200983, 0.33196650694, 0.78489454785, 0.34959092128]
    ],
    [
      [2.804694766, 0.68842300925, 0.19322717724, 10.1323873934, 2.2646247245, 7.9016203972, 9.2222903357, 9.3069174018, 5.8718422583, 8.2366663812, 4.8876158104, 0.02219034864, 0.051950464581, 2.6342619528, 3.1084913318, 0.92169283201, 7.2882628802, 8.1641089949, 4.6866792853, 3.0295049737, 1.020266701, 0.27685203238, 6.1199644586, 0.051993110891, 0.12523835777, 0.29916372779, 2.6809943648, 1.9303500003, 0.04962160144, 1.7325223749, 0.37395412595, 3.096456839, 0.001879509443, 0.22674428687, 15.5300445758, 7.4309646675, 2.6515922452, 2.080611352, 1.7164934558, 11.318083412, 1.3833167331, 10.9856669378, 1.1951239824],
      [8.190612346, 1.835570513, 6.6436330792, 25.9748496563, 6.0186332913, 22.9816637235, 25.8820760935, 40.2288477468, 16.1156677084, 29.8198223082, 24.1175194557, 0.49309877351, 0.89049995239, 4.4082771933, 12.049781367, 4.5658083481, 31.8761035719, 29.6595610785, 13.7949745522, 18.4778500926, 6.1557919718, 1.2903294344, 20.9994354347, 1.8023048655, 0.73001339319, 1.817311332, 16.5183957221, 9.3024216721, 0.54792605096, 4.7265502384, 1.3427884503, 10.3605663238, 0.0333816862, 1.8187381065, 65.5126532059, 44.6655940412, 11.577354178, 1.4520629706, 4.6199013775, 47.980224135, 7.6096512968, 58.5444520951, 9.3328836392],
      [0.13184209597, 0.048582212957, 0.016153120747, 0.848234941, 0.15335088563, 0.62781579904, 0.64468166883, 0.72752933524, 0.47393085404, 0.9994933042, 0.35575884148, 0.0018984947843, 0.014496500053, 0.094483469904, 0.20363154315, 0.04538005043, 0.56344310989, 0.58361763944, 0.45829220953, 0.36410306528, 0.0885118615, 0.062692449771, 0.38584151734, 0.0034995791487, 0.034060948284, 0.013073521001, 0.23052246852, 0.21839255767, 0.0060117836197, 0.15453171337, 0.016907814423, 0.12351381041, 0.0010745501257, 0.048409248203, 1.3869014965, 0.85579188955, 0.27692145895, 0.017569415183, 0.10045498797, 0.99839885171, 0.11893982149, 0.91891784587, 0.12452228274],
      [46.9801206519, 15.6200514353, 17.0613724209, 276.8835250239, 84.6146777567, 197.9617349862, 170.7758999473, 297.3654419992, 211.3299106872, 219.1676973182, 113.2189097364, 7.1763877048, 5.5770100591, 92.0839827686, 216.0204264595, 74.4211124129, 292.1836632848, 485.0877688979, 110.3775960091, 54.9866146144, 24.0870704444, 26.7838717278, 183.9118265597, 8.6017293316, 4.3739668329, 18.7726031497, 121.3056022196, 72.9228693294, 8.4032668067, 41.6884488484, 18.9379192903, 120.8383840606, 2.8990849438, 18.733798765, 359.8034035852, 340.6118680338, 163.6892276031, 5.1866060645, 102.6108303431, 497.4908735125, 76.7926543637, 334.7420792574, 79.6336978966],
      [10.8298799391, 3.4412785127, 2.8938956212, 55.9590108285, 14.6352498082, 39.8024726851, 41.2877975601, 48.9037735539, 33.6855070454, 57.010252603, 23.1546597825, 0.22324180766, 1.012841249, 8.5595525311, 16.7889301932, 6.5263144138, 41.7214719515, 49.5973689312, 22.9730156131, 15.5887750819, 7.9358841195, 3.2041674935, 29.0201433456, 0.486149234, 1.6466548907, 1.9046659663, 22.0802656396, 10.8095342909, 1.9389390169, 9.0498962483, 1.8580567425, 10.5046129339, 0.051332172076, 2.6481760118, 67.5409344764, 47.7598851946, 23.7471024886, 2.0251499283, 14.7267052872, 85.1454197378, 7.4249990976, 52.5887315427, 16.7044398503],
      [1.0628502012, 0.36609431674, 0.19171858077, 9.2019921568, 2.3134635337, 6.7246924089, 9.1872543945, 9.467489963, 5.5231414467, 8.7660680852, 3.2655363734, 0.08318287061, 0.45320177485, 1.2194420843, 3.8287391054, 1.5196919427, 5.3670552016, 11.9075744581, 2.7094423308, 1.5531521721, 1.7124749018, 0.38208686219, 4.5627886841, 0.054323878851, 0.090065577168, 0.19318230324, 4.1842195853, 1.8164321496, 0.054234740336, 1.6480505766, 0.47037357659, 2.0764660323, 0.013247138363, 0.52413358161, 10.2260626601, 8.6758961733, 4.0578020262, 0.23800026936, 4.2256145485, 13.0670003509, 2.6704386872, 10.2201523211, 2.0093323488]
    ],
    [
      [9.306935936, 2.1720309585, 0.47257577272, 34.0995326188, 13.484775159, 28.1258495042, 35.9614004564, 28.5027232943, 30.3708840363, 28.937466736, 24.3936510075, 0.60918588291, 0.23408505958, 9.5387717593, 12.1567709237, 3.0216897747, 23.9397797444, 24.980387749, 17.5921528293, 9.357551471, 4.3985542871, 1.6021030402, 28.0540131671, 0.56627940166, 0.38563119812, 1.0734386037, 13.8971345576, 12.0328684855, 0.066403275561, 7.6440328778, 1.3009613226, 11.8256200752, 0.066492930588, 0.51430517593, 59.0992015849, 29.4199960091, 10.5156026293, 4.9507202297, 5.5879533548, 49.154262304, 6.079570112, 42.2803150212, 4.9841042554],
      [2.5273121123, 0.51776037633, 1.3831883531, 8.3393225346, 3.3897884135, 7.7965374011, 9.6110951805, 11.7526189986, 7.9497930347, 9.9881838906, 11.4298304171, 1.024680509, 0.32658053796, 1.5021469317, 4.4767000825, 1.4000680457, 9.977233339, 8.6652685036, 4.9118413364, 5.369471358, 2.450744185, 0.68965399544, 9.1598472622, 1.3620386461, 0.19052797457, 0.56882327003, 8.1354326999, 5.4770975134, 0.059649972948, 1.9607467714, 0.40063398996, 3.73720488, 0.073716534693, 0.36939376509, 23.806711488, 16.8817785648, 4.3607686049, 0.28635827112, 1.4233068087, 19.9166980347, 3.1437063297, 21.5037952779, 3.6823550326],
      [21.9533235423, 7.7878413072, 2.0311373113, 142.3138007133, 45.6062390832, 111.425755584, 125.3356268256, 111.0781175855, 122.1919221204, 175.0709175316, 88.5741277113, 2.6951509007, 3.3868391791, 17.1537795841, 39.7978227128, 7.4722663964, 92.3121288289, 89.0207581757, 85.9079871962, 56.3009311317, 19.1603232782, 18.4097674691, 88.2179464972, 2.0194514937, 5.5429095847, 2.3982307636, 59.5936922033, 68.0515245373, 0.43586164345, 34.1545009449, 3.0451097938, 23.6099802223, 2.2379467317, 5.7386020576, 262.9799122346, 168.8655788971, 54.8450172059, 2.1401771803, 16.3647905728, 215.9796692744, 26.2327597623, 176.2701562628, 25.9515590096],
      [0.55004228697, 0.1609687129, 0.13509539135, 3.4244941454, 1.8134935232, 2.5851182302, 2.440342713, 3.350459578, 4.007625527, 2.8286724956, 2.0621639968, 0.41405169899, 0.068036739042, 1.1930445149, 3.082107199, 0.86582214966, 3.5250088113, 5.4662749872, 1.5067306845, 0.6124816276, 0.3623286641, 0.51964378674, 3.0832229089, 0.2227867229, 0.038932211698, 0.21154124741, 2.2905520715, 1.6342931429, 0.032030087332, 0.65173656341, 0.20189701593, 1.6684563866, 0.063356986309, 0.13850448408, 5.0451954526, 4.9629966147, 2.366546004, 0.036417325032, 1.2070243692, 7.9692142044, 1.2054425436, 4.743242576, 1.1968740618],
      [173.901940816, 53.139947576, 35.4799394602, 905.7253400665, 419.9953917691, 681.4912049516, 774.3700604362, 720.3284543522, 837.9556162032, 963.2597736251, 556.1321944453, 30.8309874002, 22.8451830536, 149.9020102615, 316.4858376845, 103.9210480742, 659.4053997801, 729.9216920765, 415.2217122261, 232.2412999623, 165.752954605, 90.4258031165, 640.1373728841, 27.1967525925, 25.5506579947, 34.0150712525, 550.9154046113, 324.7193480334, 14.3274782849, 192.8371964017, 32.3131955182, 193.6910064185, 10.0561660292, 29.9701535293, 1235.4757937608, 909.1594440806, 453.7168564636, 23.9950723628, 231.7135462499, 1777.3169379008, 157.806398477, 973.1607563118, 336.2343875349],
