{
  "X": [
    [23, 94, 133, 166, 22],
    [0, 81, 23, 35, 5],
    [6, 64, 36, 92, 7],
    [2, 51, 13, 52, 2],
    [24, 284, 216, 416, 33],
    [5, 57, 36, 73, 11],
    [5, 49, 46, 186, 7],
    [3, 17, 20, 141, 13],
    [84, 360, 346, 908, 116],
    [74, 281, 377, 671, 126],
    [2, 73, 12, 40, 4],
    [1, 14, 16, 12, 2],
    [5, 28, 71, 91, 12],
    [1, 30, 30, 131, 8],
    [9, 92, 40, 63, 7],
    [0, 12, 13, 8, 1],
    [1, 3, 4, 2, 2],
    [3, 17, 17, 69, 7],
    [8, 18, 22, 107, 6],
    [33, 82, 203, 478, 46],
    [16, 70, 53, 176, 13],
    [44, 176, 279, 592, 73],
    [2, 52, 17, 42, 8],
    [35, 182, 358, 474, 66],
    [24, 132, 228, 285, 41],
    [18, 45, 76, 109, 19],
    [40, 154, 93, 337, 53],
    [10, 59, 105, 310, 19],
    [3, 56, 45, 159, 7],
    [22, 238, 203, 351, 31],
    [3, 74, 91, 93, 15],
    [71, 256, 200, 626, 79],
    [20, 70, 66, 219, 32],
    [6, 125, 159, 231, 22],
    [1, 29, 9, 26, 2],
    [16, 196, 245, 282, 34],
    [12, 94, 145, 207, 15],
    [20, 251, 265, 245, 41],
    [12, 91, 118, 126, 15],
    [16, 88, 126, 202, 15],
    [9, 187, 306, 369, 31],
    [8, 62, 117, 234, 18],
    [19, 115, 171, 184, 33],
    [64, 315, 457, 452, 77],
    [28, 157, 220, 206, 38],
    [36, 218, 368, 394, 56],
    [4, 96, 60, 88, 14],
    [2, 19, 80, 155, 5],
    [15, 96, 66, 131, 14],
    [48, 509, 707, 773, 95],
    [1, 40, 22, 75, 3],
    [10, 33, 57, 46, 9],
    [22, 143, 131, 219, 32],
    [26, 219, 278, 515, 66],
    [8, 25, 108, 97, 43],
    [40, 322, 410, 811, 90],
    [5, 78, 59, 85, 7],
    [83, 851, 540, 918, 171],
    [5, 94, 36, 121, 14]
  ],
  "W": [
    [16, 33, 158, 59, 104, 48, 20],
    [3, 56, 35, 24, 12, 3, 11],
    [16, 29, 61, 45, 37, 11, 6],
    [4, 31, 23, 25, 29, 4, 4],
    [43, 140, 314, 199, 166, 58, 53],
    [12, 32, 57, 43, 22, 6, 10],
    [20, 20, 58, 114, 50, 12, 19],
    [21, 5, 32, 85, 31, 15, 5],
    [167, 149, 447, 443, 346, 171, 91],
    [98, 107, 458, 366, 325, 108, 67],
    [3, 38, 39, 21, 17, 6, 7],
    [1, 7, 20, 6, 3, 4, 4],
    [9, 12, 68, 43, 53, 3, 19],
    [26, 15, 36, 71, 34, 10, 8],
    [12, 60, 64, 37, 17, 12, 9],
    [1, 8, 12, 1, 9, 1, 2],
    [0, 1, 3, 0, 7, 1, 0],
    [21, 4, 34, 28, 20, 4, 2],
    [10, 6, 39, 63, 24, 15, 4],
    [58, 29, 274, 270, 133, 45, 33],
    [30, 25, 68, 96, 75, 15, 19],
    [77, 49, 333, 314, 270, 69, 52],
    [5, 25, 39, 20, 24, 3, 5],
    [47, 66, 429, 237, 208, 78, 50],
    [24, 50, 288, 143, 112, 59, 34],
    [17, 14, 98, 57, 38, 30, 13],
    [100, 54, 158, 164, 127, 44, 30],
    [38, 23, 138, 180, 71, 35, 18],
    [27, 21, 85, 88, 37, 8, 4],
    [59, 78, 338, 160, 145, 36, 29],
    [10, 39, 120, 38, 47, 11, 11],
    [126, 80, 278, 308, 258, 130, 52],
    [38, 41, 76, 112, 77, 42, 21],
    [21, 52, 224, 95, 95, 25, 31],
    [8, 15, 21, 13, 7, 2, 1],
    [31, 74, 361, 140, 92, 38, 37],
    [14, 40, 200, 97, 82, 23, 17],
    [27, 117, 358, 125, 98, 52, 45],
    [9, 33, 167, 52, 58, 22, 21],
    [17, 27, 185, 98, 54, 48, 18],
    [58, 67, 414, 164, 122, 42, 35],
    [19, 23, 146, 132, 60, 26, 33],
    [14, 40, 216, 97, 83, 36, 36],
    [50, 118, 583, 232, 220, 96, 66],
    [25, 66, 281, 92, 98, 46, 41],
    [37, 61, 458, 216, 188, 74, 38],
    [20, 46, 86, 46, 30, 12, 22],
    [12, 8, 60, 111, 46, 17, 7],
    [21, 50, 92, 63, 57, 27, 12],
    [95, 159, 912, 407, 388, 93, 78],
    [11, 25, 34, 41, 13, 14, 3],
    [7, 15, 65, 24, 23, 15, 6],
    [47, 51, 206, 113, 76, 22, 32],
    [97, 101, 366, 240, 191, 59, 50],
    [4, 16, 114, 80, 37, 10, 20],
    [145, 129, 532, 446, 260, 93, 68],
    [7, 42, 75, 51, 35, 12, 12],
    [169, 411, 812, 499, 353, 144, 175],
    [21, 56, 71, 87, 18, 6, 11]
  ],
  "method": "mult",
  "cond_prob": [
    [
      [0.040497894073, 0.11207139624, 0.00022514524247, 0.77606977522, 0.071135789226],
      [1.5395573019e-05, 0.99688376475, 0.0003364105697, 0.001807672345, 0.00095675676336],
      [0.0016865834022, 0.22543817644, 0.65292065829, 0.10567976985, 0.014274812018],
      [0.0024249047616, 0.0087172552097, 0.019717271369, 0.93967868868, 0.029461879979],
      [0.059337059533, 0.12339784072, 0.16770134178, 0.56072513711, 0.088838620859],
      [0.33057217611, 0.0571154239, 0.090342978541, 0.46434844464, 0.057620976802],
      [0.012701989842, 0.35567088095, 0.16094272137, 0.20459018604, 0.2660942218]
    ],
    [
      [0, 0.14216346852, 0.00019914295121, 0.78625131007, 0.071386078455],
      [0, 0.99760010119, 0.00023395132614, 0.0014181088764, 0.00074783861144],
      [0, 0.28761795557, 0.59185219514, 0.10623607854, 0.01429377075],
      [0, 0.010911067302, 0.017224107083, 0.94284284736, 0.029021978258],
      [0, 0.16294151411, 0.15511233067, 0.58890889792, 0.093037257289],
      [0, 0.10683971139, 0.11815833805, 0.68984503424, 0.085156916321],
      [0, 0.42059787036, 0.13316482695, 0.19088774396, 0.25534955873]
    ],
    [
      [0.034410695788, 0.12911533656, 0.00015109886975, 0.78220544205, 0.054117426733],
      [1.1229696308e-05, 0.99760563518, 0.00019462380965, 0.001564029085, 0.00062448223115],
      [0.0017400453273, 0.3169649514, 0.53872178668, 0.12938419477, 0.013189021827],
      [0.0020613205551, 0.010078383947, 0.013293649632, 0.95211819029, 0.022448455573],
      [0.053879774537, 0.15162993324, 0.12027174992, 0.60204771998, 0.072170822323],
      [0.31263725188, 0.070912117733, 0.06544108856, 0.50378461333, 0.047224928498],
      [0.011445610276, 0.43667085311, 0.11509461374, 0.21863189219, 0.21815703068]
    ],
    [
      [0.023342288531, 0.12906647138, 0.00012583569494, 0.8210540077, 0.026411396694],
      [7.5442379971e-06, 0.99790521891, 0.00016149326041, 0.0016237388472, 0.00030200474738],
      [0.0012806758522, 0.34597491287, 0.49847555449, 0.14727512731, 0.0069937294745],
      [0.001344060469, 0.0097342543128, 0.010707402847, 0.96765792725, 0.010556355117],
      [0.038393099852, 0.15875573214, 0.10535167712, 0.66055468674, 0.036944804146],
      [0.24768698889, 0.078885801651, 0.060807920533, 0.58698676338, 0.025632525549],
      [0.0088127924703, 0.49809295373, 0.10969003216, 0.26015211932, 0.12325210232]
    ],
    [
      [0.028600927685, 0.11521920161, 0.00017724355694, 0.80655185185, 0.049450775291],
      [1.0648199301e-05, 0.99723445266, 0.00025924099856, 0.0018435966749, 0.00065206146379],
      [0.0013768549205, 0.26755778822, 0.59241455886, 0.12717119003, 0.01147960797],
      [0.0016751789486, 0.0087685629633, 0.015175735093, 0.95433715566, 0.020043367338],
      [0.044308192203, 0.13415623679, 0.13953906915, 0.61671149656, 0.065285005295],
      [0.26269077362, 0.066329005632, 0.080284097802, 0.54545387419, 0.045242248758],
      [0.0099939096227, 0.40659946484, 0.14102932602, 0.23724384979, 0.20513344972]
    ],
    [
      [0.047068565006, 0.11210351179, 0.00016635208087, 0.74576931014, 0.094892260986],
      [1.7613404399e-05, 0.99676323377, 0.00024664428176, 0.0017133111001, 0.0012591974477],
      [0.0023298044834, 0.27036670668, 0.58359698091, 0.12100348938, 0.022703018548],
      [0.0028853743581, 0.0089874266245, 0.01503209695, 0.93269186727, 0.040403234798],
      [0.071118817628, 0.12680033283, 0.12758072881, 0.55258183682, 0.12191828391],
      [0.38762756707, 0.054140394206, 0.063366204617, 0.42206288809, 0.072802946015],
      [0.014026138881, 0.34054828623, 0.11386347828, 0.18698985482, 0.34457224179]
    ],
    [
      [0.023270520947, 0.10406208513, 0.00018084926216, 0.84190430866, 0.030582236002],
      [9.4206986732e-06, 0.99716870818, 0.00028864879802, 0.0020944432894, 0.00043877903363],
      [0.0011239072128, 0.2437667783, 0.61464981703, 0.13332914888, 0.0071303485814],
      [0.0013139487714, 0.0076476601064, 0.014981457772, 0.96408790305, 0.011969030301],
      [0.036710603741, 0.12319599357, 0.14508353323, 0.65393461836, 0.041075251093],
      [0.22912091163, 0.062468872911, 0.085606179963, 0.59361694863, 0.029187086865],
      [0.0090530320941, 0.41141123182, 0.16096538825, 0.27584765775, 0.14272269009]
    ],
    [
      [0.014005025119, 0.079190878837, 0.00013250540674, 0.81534650031, 0.091325090324],
      [7.2630322239e-06, 0.99545288676, 0.0002709829465, 0.0025949823725, 0.0016738848886],
      [0.00085413095149, 0.2350778273, 0.57436786981, 0.16287068801, 0.026829483919],
      [0.00080083278702, 0.0058798531681, 0.011121515196, 0.9460577804, 0.036140018448],
      [0.022587833312, 0.095869878553, 0.10891851322, 0.64713236578, 0.12549140913],
      [0.15177911559, 0.052166566038, 0.069007387164, 0.63132261839, 0.09572431282],
      [0.0047986277355, 0.27746965002, 0.10411403152, 0.23505355545, 0.37856413527]
    ],
    [
      [0.037683941648, 0.1071882471, 0.00018509769541, 0.77172685427, 0.083215859288],
      [1.5097053886e-05, 0.9966141568, 0.00029109966305, 0.0018988518874, 0.0011807945937],
      [0.0017976295786, 0.24643388051, 0.6120262291, 0.12060180259, 0.019140458228],
      [0.0022703585301, 0.008385724641, 0.016289722004, 0.93836831165, 0.03468588317],
      [0.056715842232, 0.12129251949, 0.14159095481, 0.57365287961, 0.10674780385],
      [0.31632861943, 0.056719934556, 0.077053654438, 0.47991047399, 0.069987317589],
      [0.011866675943, 0.34062167379, 0.13262859895, 0.20463243292, 0.3102506184]
    ],
    [
      [0.048536626684, 0.10453709849, 0.00021236064272, 0.73046075145, 0.11625316273],
      [1.9913942107e-05, 0.99610795651, 0.00034209627669, 0.0018406401708, 0.0016893931046],
      [0.0021321242953, 0.22137731995, 0.64674532704, 0.1051206951, 0.024624533615],
      [0.0030251103221, 0.0084615350737, 0.019337375027, 0.91904375973, 0.05013221985],
      [0.069851514212, 0.11310419101, 0.15532087123, 0.51913099037, 0.14259243317],
      [0.36966416518, 0.050118140727, 0.080097099006, 0.41153672344, 0.088583871652],
      [0.013560327439, 0.29480744322, 0.13501974951, 0.17184071076, 0.38477176907]
    ],
    [
      [0.023932348256, 0.15084385416, 8.2410710308e-05, 0.77027604881, 0.054865338066],
      [6.6467168674e-06, 0.99805846778, 9.0892065118e-05, 0.0013049917885, 0.00053900164809],
      [0.0014901697559, 0.45866063713, 0.36696862595, 0.15639464835, 0.016485918811],
      [0.0014502186474, 0.011979375442, 0.0073784204592, 0.95611599191, 0.023075993544],
      [0.039776693059, 0.18746903016, 0.069557213019, 0.62564264469, 0.077554419064],
      [0.25687310422, 0.093205645211, 0.040199499747, 0.55590679244, 0.053814958383],
      [0.0077757166493, 0.5004480267, 0.061692282311, 0.20955383575, 0.22053013859]
    ],
    [
      [0.025872739822, 0.11643630013, 0.00023981946702, 0.78493240926, 0.072518731325],
      [8.7425785184e-06, 0.99723323638, 0.0003258244298, 0.0015719743347, 0.00086022227702],
      [0.00097846799593, 0.21910998217, 0.67218763902, 0.094543152429, 0.013180758379],
      [0.001481819059, 0.0087948867922, 0.020545224039, 0.94035836164, 0.02881970847],
      [0.038457762007, 0.12870368364, 0.18091709683, 0.56030054223, 0.091620915298],
      [0.27450052326, 0.063673926465, 0.10413819852, 0.49476749335, 0.062919858391],
      [0.0076005230563, 0.35678749787, 0.16458440844, 0.18883726983, 0.28219030081]
    ],
    [
      [0.04202713681, 0.074661029915, 0.00027183707829, 0.81406262648, 0.068977369716],
      [2.3514204714e-05, 0.99520691592, 0.00060160889716, 0.0027971134922, 0.0013708474873],
      [0.0016260040756, 0.14060712571, 0.74160275263, 0.10325113839, 0.012912979196],
      [0.0023887530224, 0.0055384576202, 0.022737678275, 0.94209275341, 0.027242357677],
      [0.060528363846, 0.080566938821, 0.19871639637, 0.57572289497, 0.084465405991],
      [0.3432192524, 0.036226533505, 0.1040098096, 0.46333396395, 0.053210440549],
      [0.014279524656, 0.25859579918, 0.21173736856, 0.23279998056, 0.28258732705]
    ],
    [
      [0.0057799418616, 0.092553731071, 0.00018831625808, 0.84748934003, 0.05398867078],
      [2.6041478516e-06, 0.99645703248, 0.00033490206129, 0.0023444645939, 0.00086099671751],
      [0.00027638281353, 0.21515028249, 0.63931945036, 0.13280131609, 0.012452568241],
      [0.00032126619146, 0.006696993786, 0.015376844987, 0.9568119024, 0.020792992634],
      [0.0091185316141, 0.10952522168, 0.15127129078, 0.65756340261, 0.072521553319],
      [0.067500034168, 0.065272990381, 0.10487937975, 0.70180969928, 0.060537896426],
      [0.0021041401508, 0.34342620415, 0.15724356983, 0.25966332653, 0.23756275934]
    ],
    [
      [0.064279679232, 0.12611961036, 0.00018153120998, 0.74118720918, 0.068231970013],
      [2.1582338099e-05, 0.99740557363, 0.00024080854877, 0.0015223253036, 0.00080971017731],
      [0.0029550745757, 0.28149837219, 0.58911345672, 0.11131806524, 0.01511503128],
      [0.004004532623, 0.010254884169, 0.016625427515, 0.93967768332, 0.029437472375],
      [0.095501725004, 0.14045632409, 0.13704654544, 0.5406626765, 0.086332728969],
      [0.46239285192, 0.054434344968, 0.061765903384, 0.3746424354, 0.046764464323],
      [0.019997113545, 0.39857137512, 0.12942435668, 0.19352266875, 0.25848448591]
    ],
    [
      [0, 0.11619413147, 0.00031567962381, 0.83415603851, 0.049334150389],
      [0, 0.99737632665, 0.00042732881951, 0.0016183838664, 0.00057796066212],
      [0, 0.17758312928, 0.7356085875, 0.079582638806, 0.0072256444097],
      [0, 0.0082647633245, 0.025498884694, 0.94785993585, 0.018376416129],
      [0, 0.12578141811, 0.23451058645, 0.57851799188, 0.061190003568],
      [0, 0.083170795302, 0.18003204067, 0.680833798, 0.055963366024],
      [0, 0.36826751938, 0.22492788392, 0.20292693309, 0.20387766362]
    ],
    [
      [0.071260635368, 0.16651807348, 0.00033853540585, 0.48975191525, 0.2721308405],
      [1.131357716e-05, 0.99788018262, 0.00022265726791, 0.00042342532945, 0.0014624212051],
      [0.0016646485357, 0.20794508155, 0.72663794756, 0.033945928087, 0.029806394267],
      [0.0052711807707, 0.01618243482, 0.038701029822, 0.80185677226, 0.13798858233],
      [0.086252261709, 0.14820582884, 0.21321970765, 0.27118026353, 0.28114193827],
      [0.57765635543, 0.049258624333, 0.082636900013, 0.16205204217, 0.12839607806],
      [0.0090373584218, 0.24382826499, 0.10636377063, 0.047601201214, 0.59316940475]
    ],
    [
      [0.03046202984, 0.091960042636, 0.00011834627934, 0.7951678573, 0.082291723942],
      [1.3400604119e-05, 0.99635345602, 0.00020662508054, 0.0021460486558, 0.0012804696406],
      [0.0019007109972, 0.28138135767, 0.52937497535, 0.16256766638, 0.024775289595],
      [0.0017758928785, 0.0069962597832, 0.010189126382, 0.94774780795, 0.033290913004],
      [0.049227449922, 0.11120982309, 0.097219987584, 0.62922446126, 0.11311827814],
      [0.29692497481, 0.051755314807, 0.052701568783, 0.52495310206, 0.07366503954],
      [0.010379621744, 0.32263622356, 0.092935470406, 0.2278375749, 0.34621110939]
    ],
    [
      [0.041400325662, 0.082104652095, 0.00013029165319, 0.82224961772, 0.054115112865],
      [2.0714504589e-05, 0.99624565731, 0.00025724014843, 0.0025209832812, 0.00095540475398],
      [0.0025496743721, 0.24626404353, 0.56949567729, 0.16565567342, 0.016034931392],
      [0.0023771029266, 0.0061250930217, 0.010986764412, 0.95902376236, 0.021487277281],
      [0.066801112112, 0.099409217763, 0.10705980666, 0.65231405162, 0.074415811839],
      [0.35625029452, 0.042733744104, 0.05359761424, 0.50261862459, 0.044799722548],
      [0.016361827801, 0.33195438933, 0.11808104326, 0.27309805966, 0.26050467995]
    ],
    [
      [0.046719371228, 0.06404106085, 0.00018830469759, 0.81075122482, 0.078300038404],
      [3.1090798197e-05, 0.99431684388, 0.00049243543686, 0.0033140896718, 0.0018455402146],
      [0.0024263250417, 0.16055134239, 0.67944537588, 0.13796664805, 0.01961030864],
      [0.0026960001506, 0.0048012087791, 0.01588899646, 0.94534248402, 0.031271310585],
      [0.071067939129, 0.073211880173, 0.14556156328, 0.60866283032, 0.1014957871],
      [0.36683230143, 0.031448069363, 0.072775340946, 0.46782823128, 0.061116056976],
      [0.017074877213, 0.23662736146, 0.15675694183, 0.24951726363, 0.34002355587]
    ],
    [
      [0.056228870035, 0.12251610205, 0.00017584060383, 0.7720729861, 0.049006201206],
      [1.9429852554e-05, 0.99750369737, 0.00023926452506, 0.0016377915088, 0.00059981674004],
      [0.0026664662438, 0.28132941553, 0.58485776068, 0.11993475965, 0.011211597892],
      [0.0034176996628, 0.0096849835005, 0.015661658128, 0.95060484905, 0.02063080966],
      [0.085224044706, 0.13942879434, 0.13554219735, 0.57654040929, 0.063264554304],
      [0.42307964062, 0.056738678673, 0.064182563091, 0.41992048884, 0.036078628774],
      [0.019144743485, 0.42318874632, 0.13679351179, 0.22124292728, 0.19963007112]
    ],
    [
      [0.039787645877, 0.0991517745, 0.00020832203449, 0.77717503426, 0.083677223332],
      [1.7182029202e-05, 0.99628830543, 0.00035331355258, 0.0020612810986, 0.0012799178894],
      [0.0017900807566, 0.21515562272, 0.65034620578, 0.11455383974, 0.018154251004],
      [0.0023760450007, 0.0076902520234, 0.018180515823, 0.93717522612, 0.034577961032],
      [0.058924949371, 0.11038468744, 0.15679923394, 0.56827831636, 0.10561281289],
      [0.32600948026, 0.05103826428, 0.084376945678, 0.47011293448, 0.068462375303],
      [0.012583093752, 0.31671483803, 0.14998004178, 0.20696013, 0.31376189644]
    ],
    [
      [0.027535000631, 0.13695174134, 0.00011065093107, 0.73013800176, 0.10526460534],
      [8.3512986527e-06, 0.99737042727, 0.00013358073277, 0.0013556280208, 0.0011320126813],
      [0.0015679988025, 0.38198045342, 0.4514405767, 0.13601838209, 0.028992588982],
      [0.0017115244377, 0.011173680586, 0.010184050276, 0.93141590315, 0.045514841554],
      [0.043575166897, 0.16188883403, 0.088815144722, 0.56420826368, 0.14151259068],
      [0.28146310348, 0.079043625309, 0.05043036182, 0.49258812956, 0.096474779832],
      [0.0076432686422, 0.38936567803, 0.070875271614, 0.17012776782, 0.36198801389]
    ],
    [
      [0.033584250439, 0.090923928565, 0.00022884795774, 0.7862845686, 0.088978404442],
      [1.5816392365e-05, 0.99580321367, 0.00042328743587, 0.0022736443286, 0.0014840381741],
      [0.0014415510243, 0.18822651369, 0.68137160571, 0.1105449367, 0.018415392884],
      [0.001977784838, 0.0069550526508, 0.019695510415, 0.93511527872, 0.036256373375],
      [0.049227050853, 0.10018238325, 0.17046133112, 0.56897559963, 0.11115363516],
      [0.2858050644, 0.048596913705, 0.09623544057, 0.49377726935, 0.075585311972],
      [0.010527313932, 0.28782892382, 0.163291718, 0.2074912955, 0.33086074875]
    ],
    [
      [0.033734110497, 0.096200036201, 0.00021917611479, 0.78075736915, 0.089089308042],
      [1.4984555293e-05, 0.9960734248, 0.00038254293194, 0.0021280759913, 0.0014009717171],
      [0.0014739138288, 0.20285796746, 0.66522533968, 0.11167833885, 0.018764440179],
      [0.0019992666871, 0.007407075014, 0.018991873571, 0.93507116559, 0.036530619135],
      [0.049711942474, 0.10654374162, 0.16413696758, 0.56771789716, 0.11188945117],
      [0.28879322517, 0.051544623513, 0.092419792399, 0.49137649187, 0.075865867052],
      [0.01047084368, 0.30179597056, 0.15494437723, 0.20391717812, 0.32887163041]
    ],
    [
      [0.054532446935, 0.099301816293, 0.00021349069261, 0.74018392789, 0.10576831819],
      [2.3153684041e-05, 0.99610905691, 0.00035673202392, 0.0019238949042, 0.0015871624783],
      [0.0023993518587, 0.2115463845, 0.65722389718, 0.10642075007, 0.022409616394],
      [0.0033619796264, 0.0079548828395, 0.019275456109, 0.92431231662, 0.045095364808],
      [0.078759347996, 0.10772203671, 0.15678530381, 0.52652883877, 0.13020447271],
      [0.40348157075, 0.045412021115, 0.076944484949, 0.39727547662, 0.076886446567],
      [0.015842583036, 0.29280506471, 0.14159534376, 0.18061198352, 0.36914502497]
    ],
    [
      [0.056414014704, 0.12275480118, 0.00013896985993, 0.72085384736, 0.099838366896],
      [1.963873409e-05, 0.99701881722, 0.00019010301865, 0.001540692592, 0.0012307484313],
      [0.0030499151312, 0.3203571048, 0.52292018661, 0.12764709971, 0.026025693744],
      [0.0035986373793, 0.010172924825, 0.012962685056, 0.92919427954, 0.044071473202],
      [0.085459253237, 0.1397535271, 0.10702761125, 0.53887425894, 0.12888534948],
      [0.42150407909, 0.057372385754, 0.051130203446, 0.39582651529, 0.074166816418],
      [0.016554934919, 0.36418475281, 0.092925592487, 0.17807101385, 0.34826370594]
    ],
    [
      [0.021047966403, 0.079514887871, 0.0001916749906, 0.84339209514, 0.055853375597],
      [1.1236876424e-05, 0.99576605453, 0.00040239581409, 0.0027647718726, 0.0010555409043],
      [0.0010388464293, 0.18970244065, 0.65960172689, 0.13636708004, 0.013289905986],
      [0.0011793109615, 0.0057887847735, 0.015714904762, 0.95566027821, 0.021656721297],
      [0.032794875191, 0.093083741077, 0.15181825376, 0.64814574736, 0.074157382611],
      [0.20525801627, 0.048233081956, 0.09156553087, 0.6010872451, 0.053856125805],
      [0.0079739150589, 0.30506934335, 0.16558454381, 0.26897950626, 0.25239269152]
    ],
    [
      [0.017606663814, 0.11133705224, 0.00013594053484, 0.82748919413, 0.043431149282],
      [6.6549749956e-06, 0.9972858727, 0.00020288794165, 0.0019231496885, 0.00058143469407],
      [0.00098327277493, 0.3019988728, 0.53368368484, 0.15162816844, 0.011706001143],
      [0.0010076477145, 0.0083056677872, 0.011429799975, 0.96202548715, 0.017231397368],
      [0.028669706581, 0.13594906341, 0.11241547956, 0.66276492636, 0.060200824097],
      [0.18836001102, 0.071771227587, 0.069075815479, 0.6262986865, 0.044494259414],
      [0.0065619592218, 0.42209361772, 0.11597023426, 0.25983085903, 0.19554332978]
    ],
    [
      [0.035123559759, 0.12929029465, 0.00016227910273, 0.77750294811, 0.057920918386],
      [1.1638356082e-05, 0.99751531045, 0.00021133631307, 0.0015819392931, 0.00067977559278],
      [0.0017240780942, 0.3063055463, 0.55323996645, 0.12501896861, 0.01371144055],
      [0.0021215774841, 0.010149913632, 0.014334772644, 0.94917866157, 0.024215074669],
      [0.054226024833, 0.14999469036, 0.12729104814, 0.5922913828, 0.076196853867],
      [0.30811538393, 0.070861792894, 0.069986547196, 0.50058445235, 0.050451823625],
      [0.011499619298, 0.42775483793, 0.12101791515, 0.21430254414, 0.22542508349]
    ],
    [
      [0.016378001009, 0.10196104089, 0.00021215460958, 0.78875338086, 0.092695422631],
      [6.8005627442e-06, 0.99627662862, 0.000347551211, 0.0020062796821, 0.0013627399218],
      [0.0007168606038, 0.21639699063, 0.65040647707, 0.11290662701, 0.019573044685],
      [0.00095647329601, 0.0077609724255, 0.018186708431, 0.93558647557, 0.03750937028],
      [0.024542900545, 0.11461084097, 0.16140838098, 0.58116107478, 0.11827680272],
      [0.16758519309, 0.063287639202, 0.10372569645, 0.57398744105, 0.091414030209],
      [0.0049378884642, 0.31201624575, 0.14623449427, 0.19980958268, 0.33700178883]
    ],
    [
      [0.042566765534, 0.12590209064, 0.00016671889109, 0.74878252787, 0.082581897068],
      [1.4501710591e-05, 0.99719976748, 0.00022299942812, 0.0015664306192, 0.00099630076065],
      [0.0020731712319, 0.2956442112, 0.56343748081, 0.11945403084, 0.019391105925],
      [0.0026379370473, 0.010131305317, 0.015094753141, 0.93673094418, 0.035405060316],
      [0.064288448123, 0.14295920455, 0.12799708284, 0.55844913147, 0.10630613302],
      [0.3477102432, 0.064753164305, 0.067469989412, 0.45255865318, 0.067507949903],
      [0.012889815512, 0.38493626656, 0.11491106219, 0.19089911673, 0.29636373902]
    ],
    [
      [0.037083016942, 0.088853259219, 0.00018811761406, 0.77473831784, 0.099137288387],
      [1.7731513778e-05, 0.99567915506, 0.00035362348497, 0.0022721734818, 0.001677316456],
      [0.0018088590437, 0.20942969029, 0.64177612022, 0.12368110355, 0.023304226895],
      [0.0022098846559, 0.0068788451178, 0.01640163091, 0.93363919753, 0.040870441788],
      [0.055668076973, 0.10022700295, 0.14369042107, 0.57357585393, 0.12683864508],
      [0.31322493657, 0.046775427895, 0.078022483225, 0.47902211123, 0.08295504108],
      [0.011587267572, 0.28107087407, 0.13411566625, 0.20362966696, 0.36959652515]
    ],
    [
      [0.014280444752, 0.097709507976, 0.0001843675582, 0.83097869676, 0.056846982956],
      [6.2360861116e-06, 0.99657097845, 0.00031670540149, 0.0022267596828, 0.00087932037811],
      [0.00069447890851, 0.22960855392, 0.62404314989, 0.13231855685, 0.013335260435],
      [0.00081051198162, 0.0072117678432, 0.015315976849, 0.95432256537, 0.022339177954],
      [0.022332377204, 0.11477769864, 0.14647053607, 0.64068357329, 0.075735814804],
      [0.14951940252, 0.063489149026, 0.094293486733, 0.6339944105, 0.058703551215],
      [0.0051001466097, 0.35305095312, 0.15011226572, 0.24971437861, 0.24202225594]
    ],
    [
      [0.026743258641, 0.13864765632, 0.00011827293767, 0.77290263204, 0.061588180069],
      [7.769677696e-06, 0.99784641517, 0.00013855003527, 0.0013756516477, 0.00063161347327],
      [0.001444118927, 0.37221895459, 0.47347635203, 0.1367991625, 0.016061411946],
      [0.001580880045, 0.010867775995, 0.010485145277, 0.9516956522, 0.025370546482],
      [0.043447926703, 0.16720436349, 0.097324598819, 0.60716418741, 0.084858923579],
      [0.3019293768, 0.078675804195, 0.053201039249, 0.51079866369, 0.055395116057],
      [0.0083510128137, 0.44954015917, 0.086404410922, 0.20257416945, 0.25313024765]
    ],
    [
      [0.030269292402, 0.11102879552, 0.00019284296974, 0.78449756769, 0.074011501417],
      [1.1666796797e-05, 0.99682956571, 0.00029220746007, 0.0018561834851, 0.0010103765435],
      [0.0013940670595, 0.24687092999, 0.61696344959, 0.11833209965, 0.016439453712],
      [0.0017984946836, 0.0085760014727, 0.016760624718, 0.94242545952, 0.030439419609],
      [0.045744629805, 0.12607133896, 0.1480475294, 0.58483404178, 0.095302460048],
      [0.27163600669, 0.062122958242, 0.084903373215, 0.51552725633, 0.065810405526],
      [0.0096622214333, 0.35822137707, 0.14023475932, 0.21077338672, 0.28110825547]
    ],
    [
      [0.032924313491, 0.091693524789, 0.0001927707264, 0.82471666863, 0.050472722367],
      [1.5289548548e-05, 0.99645242103, 0.0003522668348, 0.002350132471, 0.00082989011986],
      [0.0015799926755, 0.21274298176, 0.64440753445, 0.12958927416, 0.01168021696],
      [0.0018837386052, 0.0068233161456, 0.016148667279, 0.95515270896, 0.019991569008],
      [0.050714846729, 0.10607668121, 0.15083812289, 0.6261345277, 0.06623582147],
      [0.29166336244, 0.050271631425, 0.083201067783, 0.53088741331, 0.043976525042],
      [0.012203830232, 0.34408297166, 0.16295452111, 0.25720927861, 0.22354939839]
    ],
    [
      [0.033117273583, 0.1240602909, 0.00022488834494, 0.75354387455, 0.089053672622],
      [1.1440201266e-05, 0.99699659281, 0.00030529865909, 0.0015972859501, 0.0010893823825],
      [0.001349931189, 0.24402457071, 0.6365630596, 0.1005590456, 0.017503392909],
      [0.0020230545946, 0.0098497002564, 0.020088596432, 0.93039174896, 0.037646899752],
      [0.048116410482, 0.1354523561, 0.166012956, 0.54015895399, 0.11025932342],
      [0.28520674555, 0.066801264175, 0.095279636375, 0.47650942143, 0.07620293247],
      [0.0094849960397, 0.35895726478, 0.14669522856, 0.18159839173, 0.3032641189]
    ],
    [
      [0.040015095151, 0.10954814374, 0.00019563401975, 0.78756775355, 0.062673373533],
      [1.5528464919e-05, 0.99695224202, 0.0002988964182, 0.0018723599692, 0.00086097313077],
      [0.0018301458298, 0.24241293107, 0.62415034273, 0.11778462709, 0.013821953269],
      [0.0023733313232, 0.008453157091, 0.01699758602, 0.94644057767, 0.0257353479],
      [0.060363531809, 0.12408564156, 0.14991113659, 0.58509680737, 0.080542882678],
      [0.33521854873, 0.056575668808, 0.079554547567, 0.47721378474, 0.051437450157],
      [0.013299502364, 0.36889082785, 0.14836834221, 0.2199699534, 0.24947137418]
    ],
    [
      [0.029482133395, 0.10306805778, 0.00018203229068, 0.81476528682, 0.052502489713],
      [1.2176203245e-05, 0.99686250927, 0.00029555948388, 0.0020628353255, 0.00076691971947],
      [0.0014310851229, 0.24172560392, 0.61518934118, 0.12937663735, 0.012277332418],
      [0.0017070062135, 0.0077533000568, 0.015418282011, 0.95409708333, 0.021024328387],
      [0.0456403717, 0.11989152543, 0.14322881283, 0.62195975572, 0.069279534318],
      [0.26883724877, 0.058575233064, 0.08145265437, 0.54371264853, 0.047422215269],
      [0.010529785126, 0.37259685768, 0.1481870032, 0.24467974507, 0.22400660892]
    ],
    [
      [0.01418947257, 0.10029576622, 0.00021039482949, 0.82784141989, 0.057462946488],
      [6.0566626729e-06, 0.99660259298, 0.00035293713018, 0.002169668977, 0.00086874425053],
      [0.00063206522194, 0.2156141119, 0.65061619345, 0.12079325934, 0.01234437009],
      [0.00080711774885, 0.0074143792692, 0.017500353561, 0.95165565969, 0.022622489728],
      [0.021699595274, 0.11526013492, 0.16346145746, 0.62469797576, 0.074880836594],
      [0.14583672912, 0.064430590503, 0.10634650387, 0.62471935173, 0.058666824778],
      [0.0049155623726, 0.35107547311, 0.16599243245, 0.24142609444, 0.23659043763]
    ],
    [
      [0.022145670058, 0.081057967685, 0.00020679442304, 0.84291788346, 0.05367168437],
      [1.1595531144e-05, 0.99585740583, 0.00042607518281, 0.0027094801269, 0.00099544332792],
      [0.0010354690284, 0.18330876579, 0.67445168048, 0.12909827541, 0.012105809293],
      [0.0012397637375, 0.0059001202556, 0.01695079597, 0.95510335575, 0.020805964288],
      [0.034104634218, 0.09375699468, 0.16183051322, 0.63989710864, 0.070410749248],
      [0.21336898432, 0.04833316667, 0.097103915145, 0.59032271637, 0.050871217495],
      [0.0083095356253, 0.30812737932, 0.17701121984, 0.26620483446, 0.24034703075]
    ],
    [
      [0.042741792924, 0.11124282522, 0.00022704883189, 0.75237323611, 0.093415096914],
      [1.6387834137e-05, 0.9966036917, 0.0003423162289, 0.0017693451609, 0.0012682590733],
      [0.0017714046223, 0.22272361108, 0.65478397835, 0.10205222622, 0.018668779725],
      [0.0026086171753, 0.0088252443418, 0.020275394132, 0.92882925989, 0.03946148446],
      [0.061741345694, 0.1207276787, 0.16665081346, 0.53590175007, 0.11497841209],
      [0.3419308762, 0.05538065452, 0.088974750005, 0.43980098023, 0.073912739042],
      [0.012454948908, 0.32794411332, 0.1507997653, 0.18441388859, 0.32438728389]
    ],
    [
      [0.055063332343, 0.11530138496, 0.00023269113458, 0.7357068588, 0.093695732761],
      [2.0495934075e-05, 0.99672279854, 0.00034012697247, 0.0016813883503, 0.0012351902041],
      [0.0022377587286, 0.22592239471, 0.65555244506, 0.097927145039, 0.018360256466],
      [0.0034310856274, 0.0093322269972, 0.021186686957, 0.92565421183, 0.040395788593],
      [0.078317876669, 0.12328204145, 0.16817768399, 0.5166437405, 0.11357865739],
      [0.4003620713, 0.052711034289, 0.083684739388, 0.39516654125, 0.068075613776],
      [0.015828618406, 0.33458638519, 0.15223230301, 0.17803976407, 0.31931292933]
    ],
    [
      [0.050197911263, 0.10939145484, 0.0002289849931, 0.74917343418, 0.09100821472],
      [1.9622396806e-05, 0.99657265872, 0.00035181952022, 0.001796222972, 0.001259676394],
      [0.0020799059211, 0.21880251467, 0.65934709828, 0.10158883336, 0.018181647768],
      [0.003079005808, 0.0087202481981, 0.020541514425, 0.92902865869, 0.038630572883],
      [0.07213997553, 0.11813161377, 0.16721106098, 0.53106445161, 0.11145289811],
      [0.3795760109, 0.051653125002, 0.085089854283, 0.41538649722, 0.068294512589],
      [0.01480466501, 0.32610496034, 0.15384853483, 0.18585618393, 0.31938565589]
    ],
    [
      [0.039282399081, 0.11811526334, 0.00023850930435, 0.75256158778, 0.089802240504],
      [1.4252839993e-05, 0.99681559748, 0.00033990491296, 0.001676423034, 0.0011538217296],
      [0.0015601667272, 0.22626905919, 0.65708070634, 0.097893758776, 0.017196308964],
      [0.0024008157973, 0.0093771382485, 0.021304546435, 0.92894304517, 0.037974454352],
      [0.056335350887, 0.12732656654, 0.17381022594, 0.53276758316, 0.10976027347],
      [0.31953815386, 0.060309387721, 0.095816480509, 0.45146080809, 0.072875169819],
      [0.011305920525, 0.34333929125, 0.15626550372, 0.18233174227, 0.30675754223]
    ],
    [
      [0.023871242397, 0.13783086304, 0.00020104728296, 0.75864613349, 0.079450713793],
      [7.34191043e-06, 0.99745253198, 0.00024399190199, 0.0014301115757, 0.0008660226348],
      [0.001007497551, 0.28209836293, 0.59593948704, 0.10476485013, 0.016189802352],
      [0.0014503337573, 0.010916381492, 0.017933646086, 0.93623127927, 0.033468359394],
      [0.03562647119, 0.15429052566, 0.15242041309, 0.55672763435, 0.1009349557],
      [0.23091509032, 0.080792547107, 0.092856757171, 0.52143332235, 0.074002283052],
      [0.0068666323737, 0.40243017464, 0.13230541528, 0.18342990392, 0.27496787378]
    ],
    [
      [0.0098237577161, 0.071226607471, 0.00037542333994, 0.88463214117, 0.033942070306],
      [5.7497587602e-06, 0.99524652499, 0.00086587718522, 0.0031791237884, 0.00070272427652],
      [0.00029822895672, 0.10496103064, 0.80178157951, 0.087992798444, 0.0049663624472],
      [0.00052193516599, 0.0049182363794, 0.029250081579, 0.95282639113, 0.012483355748],
      [0.013666752393, 0.074389183748, 0.26567376066, 0.60604270197, 0.040227601231],
      [0.099049325517, 0.043927818807, 0.18267055197, 0.64106260239, 0.033289701324],
      [0.0035761584059, 0.26402994625, 0.31257863431, 0.27106149438, 0.14875376665]
    ],
    [
      [0.044063149556, 0.12122577658, 0.00018645772535, 0.76621046229, 0.068314153853],
      [1.545933846e-05, 0.99723257841, 0.00025743505335, 0.0016469737352, 0.0008475534619],
      [0.0020223068138, 0.26908024811, 0.59880264156, 0.11499022363, 0.015104579884],
      [0.0026764271797, 0.0095753038773, 0.016585288646, 0.9424577981, 0.0287051822],
      [0.066197867429, 0.1367820444, 0.14244776778, 0.56710575237, 0.087466568015],
      [0.35826627451, 0.060975379493, 0.073883294629, 0.45227325123, 0.054601800138],
      [0.013940275021, 0.38847783764, 0.13467005376, 0.2037218553, 0.25918997828]
    ],
    [
      [0.033405508136, 0.12716303601, 0.00023132242617, 0.76220361799, 0.076996515433],
      [1.1291467885e-05, 0.99717721579, 0.00030699987321, 0.0015825408314, 0.0009219520369],
      [0.001333215496, 0.24462239508, 0.6395563148, 0.099668806611, 0.014819268011],
      [0.0020300729113, 0.010037285135, 0.020537859958, 0.93501714495, 0.032377637048],
      [0.048513952249, 0.13883655809, 0.17069992288, 0.54665094763, 0.09529861915],
      [0.28563307251, 0.068446914538, 0.097939252431, 0.48211303295, 0.065867727574],
      [0.0098348921469, 0.3777953035, 0.15495878544, 0.18897341788, 0.26843760104]
    ],
    [
      [0.0062472048223, 0.10924520537, 0.00016297035531, 0.84605413646, 0.038290482995],
      [2.3909309644e-06, 0.9972563924, 0.00024635024293, 0.0019791162554, 0.00051575017557],
      [0.00031405844647, 0.26705310566, 0.58454023987, 0.13884879774, 0.0092437982802],
      [0.00034964703434, 0.0079665099976, 0.013409115593, 0.963472626, 0.014802101372],
      [0.010088336052, 0.13228298322, 0.13409710176, 0.67080679672, 0.052724782241],
      [0.074561003672, 0.078362343646, 0.092354966946, 0.71110284517, 0.043618840563],
      [0.0023354489972, 0.41618439581, 0.13993765161, 0.26529624649, 0.17624625709]
    ],
    [
      [0.065685630721, 0.11011470557, 0.00027612825312, 0.7160386878, 0.10788484766],
      [2.4926514539e-05, 0.99646127954, 0.00041354624663, 0.0016564818899, 0.001443765805],
      [0.0023684921652, 0.19294194183, 0.70188910385, 0.084091913682, 0.018708548474],
      [0.0041247914753, 0.0090022684692, 0.025464569595, 0.9145718095, 0.046836560963],
      [0.089716859434, 0.11282049686, 0.19173128222, 0.48013264454, 0.12559871695],
      [0.4481267034, 0.045424291975, 0.089861439717, 0.34587573364, 0.070711831277],
      [0.017581006664, 0.30022413168, 0.16923742385, 0.16044869197, 0.35250874583]
    ],
    [
      [0.058434587991, 0.12035293107, 0.00017283481555, 0.736539337, 0.084500309116],
      [2.071846286e-05, 0.99707328855, 0.00024110083149, 0.0016034036064, 0.0010614885497],
      [0.0028186288391, 0.28057504101, 0.58055660008, 0.1163846721, 0.019665057973],
      [0.0036618135499, 0.0098091899788, 0.015855461244, 0.93400331556, 0.036670219668],
      [0.086989634524, 0.13456876109, 0.13070739842, 0.54057934157, 0.1071548644],
      [0.42887246971, 0.054741606379, 0.061880423712, 0.39342217512, 0.061083325076],
      [0.017719786689, 0.36930603413, 0.11950898242, 0.18800753147, 0.30545766529]
    ],
    [
      [0.027441561015, 0.095233742071, 0.00019713776473, 0.79198541843, 0.085142140719],
      [1.2345032112e-05, 0.99609457238, 0.00034836204307, 0.0021880387814, 0.0013566817647],
      [0.0012879363413, 0.21558575451, 0.64208461658, 0.12177129439, 0.019270398179],
      [0.001611885242, 0.0072672524335, 0.016925171301, 0.93958711095, 0.03460858007],
      [0.041406963905, 0.10801107069, 0.15116387388, 0.58993423071, 0.10948386081],
      [0.24941965821, 0.054308037491, 0.088452375367, 0.53065302938, 0.077166899555],
      [0.0088096238483, 0.30875496912, 0.14408751031, 0.21407329674, 0.32427459998]
    ],
    [
      [0.05338716577, 0.051382278808, 0.00027778802918, 0.65692280594, 0.23802996145],
      [4.3425234867e-05, 0.9889143, 0.00089220331103, 0.0032828642567, 0.0068672071977],
      [0.0021076010172, 0.098501659003, 0.76895464995, 0.085033434401, 0.045402655626],
      [0.0034383009003, 0.004314256344, 0.026281784501, 0.85960221794, 0.10636344031],
      [0.07038585636, 0.050797090367, 0.18587601213, 0.42590782619, 0.26703321496],
      [0.38429585646, 0.022285535532, 0.094930282599, 0.33439450414, 0.16409382127],
      [0.011533522882, 0.11287010901, 0.13728876053, 0.11949602505, 0.61881158252]
    ],
    [
      [0.028894311694, 0.10476451701, 0.00020594441688, 0.78493195997, 0.081203266911],
      [1.1836878388e-05, 0.99650330152, 0.00033128008401, 0.0019752368944, 0.0011783446188],
      [0.0012945640092, 0.22628555349, 0.63964651911, 0.11522895296, 0.017544410437],
      [0.0017123728669, 0.0080640870321, 0.017832725735, 0.93909168124, 0.033299133124],
      [0.043181881024, 0.11770280513, 0.15640671765, 0.57928226483, 0.10342633136],
      [0.2583761699, 0.058938394095, 0.091145423369, 0.51893359064, 0.072606421998],
      [0.0090916900233, 0.33273582158, 0.14747297289, 0.20799302594, 0.30270648957]
    ],
    [
      [0.031617215311, 0.13016740774, 0.00022560881645, 0.78571396972, 0.05227579842],
      [1.0276904917e-05, 0.99753392809, 0.00028944481685, 0.0015649483607, 0.00060140182371],
      [0.0012626502226, 0.25221806371, 0.63379997145, 0.10264996665, 0.010069347969],
      [0.0018752308834, 0.010064891837, 0.019651727341, 0.94692586863, 0.021482281313],
      [0.046867679481, 0.14470881513, 0.16991392416, 0.57252755127, 0.065982029955],
      [0.28498025686, 0.070926412867, 0.096888302643, 0.50195081396, 0.045254213672],
      [0.0099980856614, 0.41807558581, 0.1632970509, 0.20880428697, 0.19982499066]
    ],
    [
      [0.042109540451, 0.12934007021, 0.00018236307825, 0.72948826716, 0.098879759098],
      [1.4004584598e-05, 0.99709268805, 0.00023809366148, 0.001490236898, 0.0011649768039],
      [0.0019339236483, 0.28624481037, 0.58015421622, 0.10976721474, 0.021899835026],
      [0.002651118307, 0.010575831145, 0.016771325179, 0.92692702848, 0.043074696891],
      [0.062237865517, 0.14372423403, 0.13696789701, 0.53251565707, 0.12455434637],
      [0.34170141051, 0.066147838962, 0.073358864156, 0.43842179883, 0.080370087541],
      [0.011874046398, 0.36793428909, 0.1169939708, 0.17322674664, 0.32997094707]
    ],
    [
      [0.043888399757, 0.11983530725, 0.00013564701549, 0.74115761148, 0.094983034505],
      [1.5466459442e-05, 0.99699757843, 0.00018928888132, 0.0016092377965, 0.0011884284314],
      [0.0023912968032, 0.31769122782, 0.52211143537, 0.13276930416, 0.025036735847],
      [0.0027159905076, 0.0096995224988, 0.012366167487, 0.9343706342, 0.04084768531],
      [0.067817402701, 0.13864818553, 0.10635295815, 0.56240541199, 0.12477604163],
