{
  "Z_true": {},
  "V_true": [
    [21, 863, 288, 365],
    [73, 339, 2763, 154],
    [112, 303, 9907, 136],
    [159, 12418, 1848, 266],
    [794, 472, 1595, 69],
    [58, 278, 484, 206]
  ],
  "p_true": [
    [0.0137, 0.5615, 0.1874, 0.2375],
    [0.0219, 0.1018, 0.83, 0.0463],
    [0.0107, 0.029, 0.9473, 0.013],
    [0.0108, 0.8453, 0.1258, 0.0181],
    [0.271, 0.1611, 0.5444, 0.0235],
    [0.0565, 0.271, 0.4717, 0.2008]
  ],
  "Z_est": [
    [
      [0, 0.008, 0.0347, 0.0986, 0.2446, 0.0667, 0, 0.048, 0.024, 0.048, 0.0667, 0.096, 0.032, 0.104, 0.0933, 0.3013, 0.0373, 0.0027, 0.128, 0.0827, 0.096, 0.6508, 0.0587, 0.0107, 0.0373, 0.0293, 0.0213, 0.0667, 0.0187, 0.0693, 0.048, 0.072, 0.08, 0.128, 0.0507, 0.032, 0, 0.0453, 0.08, 0.0187, 0.0533, 0.0969, 0.0773, 0.0427, 0.0827, 0.0133, 1.0798, 0.1013, 0.2266, 0],
      [0, 2.2482, 9.7421, 27.7274, 0.7494, 18.7347, 0, 13.489, 6.7445, 13.489, 18.7347, 26.978, 8.9927, 29.2262, 26.2286, 84.681, 10.4914, 0.9914, 35.9707, 23.2311, 26.978, 9.7421, 16.4866, 2.9976, 13.8792, 8.2433, 5.9951, 18.7347, 5.2457, 19.4841, 13.489, 20.2335, 22.4817, 35.9707, 14.2384, 8.9927, 2.2562, 12.7396, 22.4817, 5.2457, 14.9878, 25.4792, 21.7323, 11.9902, 23.2311, 3.7469, 303.5026, 28.4768, 63.6981, 14.2384],
      [0, 0.0179, 0.0775, 0.2207, 0.006, 0.1491, 0, 0.1074, 0.0537, 0.1074, 0.1491, 0.2147, 0.0716, 0.2326, 0.2088, 0.674, 0.0835, 0.006, 0.2863, 0.1849, 0.2147, 0.0775, 0.1312, 0.0239, 0.0835, 0.0656, 0.0477, 0.1491, 0.0418, 0.1551, 0.1074, 0.161, 0.1789, 0.2863, 0.1133, 0.0716, 0.0179, 0.1014, 0.1789, 0.0418, 0.1193, 0.2028, 0.173, 0.0954, 0.1849, 0.0298, 2.4157, 0.2267, 0.507, 0.164],
      [0, 0.7259, 3.1457, 8.9533, 0, 6.0495, 0, 4.3556, 2.1778, 4.3556, 6.0495, 8.7113, 2.9038, 9.4372, 8.4693, 27.3437, 3.3877, 0, 11.615, 7.5014, 8.7113, 2.5296, 5.3236, 0.9679, 0, 2.6618, 1.9358, 6.0495, 1.6939, 6.2915, 4.3556, 6.5335, 7.2594, 11.615, 4.5976, 2.9038, 0.7259, 4.1137, 7.2594, 1.6939, 4.8396, 8.2211, 7.0174, 3.8717, 7.5014, 1.2099, 98.0019, 9.1952, 20.5683, 4.5976]
    ],
    [
      [0, 0.0033, 0.0158, 0.0482, 0.0321, 0.0424, 1.0032, 0.0141, 0.0233, 0.0191, 0, 0.0864, 0.0382, 0.0523, 0, 0.0457, 0.0299, 0.0033, 0.0499, 0.0341, 0.0798, 0.7066, 0.0532, 0, 0, 0, 0.0266, 0, 0.0091, 0.0515, 0.0174, 0.0058, 0.0598, 0, 0.0332, 0.0199, 0, 0.0299, 0.0432, 0.0183, 0.0307, 1.0878, 0.064, 0.0307, 0.0656, 0.0042, 0.7494, 0.1063, 0.2085, 0],
      [0.1082, 0.3042, 1.445, 4.4111, 0.0761, 3.8787, 1.9968, 1.2929, 2.1295, 1.7492, 8.4419, 8.6052, 3.4984, 4.7913, 13.9032, 4.1829, 2.7379, 0.8345, 4.5632, 3.1182, 7.3011, 1.6732, 4.8674, 0.6845, 4.3269, 1.369, 2.4337, 6.7687, 0.8366, 4.7153, 1.5971, 0.5324, 5.4758, 6.1603, 3.0421, 1.8253, 0.3844, 2.7379, 3.9548, 1.6732, 2.814, 3.0421, 5.8561, 2.814, 6.0082, 0.3803, 68.5999, 9.7348, 19.0893, 8.6701],
      [0.8918, 3.5673, 16.9447, 51.7261, 0.8918, 45.4833, 0, 15.1611, 24.9712, 20.5121, 99.0852, 92.7502, 41.0241, 56.1852, 116.8296, 49.0506, 32.1058, 3.1622, 53.5097, 36.565, 85.6156, 19.6202, 57.077, 8.0339, 35.6731, 16.0679, 28.5385, 79.4467, 9.8101, 55.2934, 18.7284, 6.2428, 64.2117, 72.3054, 35.6731, 21.4039, 4.4591, 32.1058, 46.3751, 19.6202, 32.9977, 35.8701, 68.6708, 32.9977, 70.4545, 4.4591, 804.4295, 114.1541, 223.849, 104.2866],
      [0, 0.1251, 0.5945, 1.8147, 0, 1.5957, 0, 0.5319, 0.876, 0.7196, 3.4729, 2.5582, 1.4392, 1.9711, 0.2673, 1.7208, 1.1263, 0, 1.8772, 1.2828, 3.0036, 0, 2.0024, 0.2816, 0, 0.5632, 1.0012, 2.7846, 0.3442, 1.9398, 0.657, 0.219, 2.2527, 2.5343, 1.2515, 0.7509, 0.1564, 1.1263, 1.6269, 0.6883, 1.1576, 0, 2.4091, 1.1576, 2.4717, 0.1564, 28.2212, 4.0048, 7.8531, 1.0434]
    ],
    [
      [0, 1.4509, 8.0527, 4.1675, 0.1964, 2.3062, 0.101, 1.1209, 2.1034, 4.9888, 0, 1.9362, 0.7142, 0.8691, 0, 1.7336, 6.633, 0.0172, 2.8828, 0, 2.8656, 0.4991, 0.575, 0, 0, 0, 0.654, 0, 1.625, 1.2736, 0, 0.6024, 0.0545, 0, 1.7125, 0.7487, 0, 3.336, 2.3202, 3.7481, 4.5712, 1.1359, 2.4353, 2.3663, 0.2403, 0.0947, 20.6183, 9.9985, 5.1718, 0],
      [0.0823, 1.2576, 2.8272, 7.053, 0, 5.1441, 0.0576, 0, 0, 0, 3.7813, 7.3269, 1.5931, 1.9386, 8.0102, 12.8689, 10.1716, 0.0651, 6.4301, 3.5126, 6.3917, 1.1133, 1.5356, 0.2111, 1.2092, 0.471, 1.4588, 5.528, 5.6788, 2.8408, 2.5298, 1.3436, 3.6661, 5.0673, 3.8197, 1.6699, 1.0305, 0, 3.3322, 0, 4.5979, 2.5337, 6.1317, 0, 5.2977, 0.2111, 45.9899, 15.783, 11.5359, 1.9962],
      [1.9177, 5.0616, 143.942, 290.7795, 2.8036, 256.9666, 2.8414, 206.0903, 174.3586, 226.1014, 190.5849, 215.7369, 79.583, 96.8419, 204.9898, 375.8617, 215.1114, 1.9177, 321.2083, 177.0408, 319.2906, 56.3876, 76.8199, 10.6418, 61.7908, 72.009, 72.8711, 278.6216, 66.0802, 141.907, 87.2536, 67.1182, 187.0733, 255.4031, 191.6448, 83.4183, 4.8893, 115.0597, 202.9786, 126.5657, 260.1364, 128.3304, 271.3491, 94.8298, 264.6373, 10.5471, 2297.3585, 325.8425, 576.2573, 100.6134],
      [0, 1.23, 0.1781, 0, 0, 3.583, 0, 3.7888, 0.5379, 3.9098, 2.6338, 0, 1.1097, 1.3503, 0, 1.5359, 6.084, 0, 4.4788, 2.4466, 4.452, 0, 1.0696, 0.1471, 0, 1.52, 1.0161, 3.8504, 0.616, 1.9787, 1.2166, 0.9359, 0.2061, 3.5295, 1.823, 1.1631, 0.0802, 1.6043, 5.369, 1.6863, 3.6946, 0, 3.0839, 1.8039, 5.8247, 0.1471, 32.0333, 18.376, 8.0351, 1.3904]
    ],
    [
      [0, 0.1129, 1.502, 4.5635, 0.0245, 15.7575, 0.1242, 1.1293, 1.8408, 3.6599, 0, 2.3237, 0.5826, 3.2353, 0, 0, 2.4393, 0.0605, 21.5842, 0, 3.1766, 1.7336, 0, 0, 0, 0, 6.6973, 0, 0.7002, 0.3891, 0, 3.808, 0, 0, 3.3292, 4.2628, 0, 4.0545, 2.3603, 1.0219, 1.5359, 2.5862, 4.8806, 5.7556, 0, 0.8357, 31.8865, 3.8736, 32.7832, 0],
      [7.8095, 8.7149, 115.9083, 228.3306, 0.8715, 260.5921, 10.8758, 74.2072, 137.6136, 71.3767, 391.6275, 518.7265, 232.4934, 268.7535, 318.9656, 860.5331, 188.242, 8.9395, 479.3517, 301.9521, 315.3402, 111.1952, 122.7749, 8.8893, 178.1419, 48.8035, 81.982, 307.6162, 54.0324, 139.5326, 94.0991, 192.5025, 194.6078, 378.1139, 173.7587, 97.6814, 11.8411, 78.8703, 182.1416, 69.3327, 118.5227, 198.414, 289.083, 79.8744, 330.9584, 72.4619, 3178.7807, 298.9213, 717.7882, 153.5888],
      [0.1905, 0, 13.8289, 27.2418, 0.104, 32.7689, 0, 23.3395, 21.3875, 8.838, 57.4227, 48.9498, 22.1161, 30.804, 47.0344, 94.4669, 22.4589, 0, 59.7414, 45.7685, 48.9575, 14.0712, 25.5368, 3.5653, 20.8581, 6.4551, 9.7887, 60.2658, 6.4465, 21.5591, 9.5108, 23.5814, 49.3922, 63.4919, 22.9121, 15.8519, 0, 16.1869, 21.7311, 15.4935, 14.1408, 27.9998, 32.0364, 10.0857, 39.431, 0, 339.2056, 35.6639, 4.0828, 23.4112],
      [0, 1.1722, 1.7609, 1.8642, 0, 3.8814, 0, 1.324, 2.1581, 1.1254, 0.9498, 0, 0.808, 2.2071, 0, 0, 2.8598, 0, 14.3227, 4.2794, 10.5257, 0, 0.6882, 0.5454, 0, 0.7414, 1.532, 0.118, 0.8209, 21.5193, 1.3902, 1.1081, 0, 5.3941, 0, 1.2039, 0.1589, 3.8883, 2.7671, 1.1519, 1.8006, 0, 0, 1.2842, 8.6107, 0.7024, 66.1272, 4.5412, 37.3458, 0]
    ],
    [
      [0, 1.0172, 10.1718, 30.0067, 0.2572, 24.1579, 0.7715, 10.4261, 9.1546, 15.0033, 9.2833, 15.2576, 5.5945, 13.4776, 8.1796, 32.8039, 16.7834, 0.5086, 31.2782, 10.0486, 24.6665, 5.5945, 3.0515, 0.9893, 3.1088, 2.1553, 9.1546, 17.0602, 4.8316, 7.1202, 4.4884, 8.9003, 11.9518, 15.5912, 16.0205, 3.3058, 0, 10.6803, 17.5463, 9.1546, 13.7319, 11.4432, 26.4466, 9.1546, 17.292, 6.6445, 159.1881, 15.7662, 42.4671, 3],
      [0, 0.0931, 0.9314, 2.7477, 0.0233, 2.2121, 0.0699, 0.9547, 0.8383, 1.3739, 0.9314, 1.3971, 0.5123, 1.2341, 4.5891, 3.0039, 1.5369, 0.0523, 2.8641, 1.467, 2.2587, 0.5123, 0.2794, 0.1164, 3.6222, 0.3493, 0.8383, 1.7231, 0.4424, 0.652, 0.9929, 0.815, 1.0944, 1.6766, 1.467, 0.3027, 0.8327, 0.978, 1.6067, 0.8383, 1.2574, 1.0479, 2.4217, 0.8383, 1.5834, 0.8178, 14.5768, 1.4437, 3.8887, 0.3493],
      [0, 2.8782, 28.7817, 84.9059, 0.7195, 68.3564, 2.1586, 29.5012, 25.9035, 42.4529, 29.6701, 43.1725, 15.8299, 38.1357, 33.0989, 92.8209, 47.4897, 1.4391, 88.5036, 51.303, 69.7955, 15.8932, 8.6345, 3.8798, 17.269, 12.4523, 25.9035, 55.0036, 13.6713, 20.1472, 16.5495, 25.184, 33.8185, 54.525, 45.3311, 9.354, 2.1586, 30.2207, 49.6484, 25.9035, 38.8552, 32.5089, 74.8323, 25.9035, 48.9288, 9.4888, 450.433, 44.6116, 120.1634, 11.6075],
      [0, 0.0115, 0.1152, 0.3397, 0, 0.2735, 0, 0.118, 0.1036, 0.1698, 0.1152, 0.1727, 0.0633, 0.1526, 0.1324, 0.3714, 0.19, 0, 0.3541, 0.1814, 0.2792, 0, 0.0345, 0.0144, 0, 0.0432, 0.1036, 0.213, 0.0547, 0.0806, 0.9693, 0.1008, 0.1353, 0.2073, 0.1814, 0.0374, 0.0086, 0.1209, 0.1986, 0.1036, 0.1555, 0, 0.2994, 0.1036, 0.1958, 0.0489, 1.8021, 0.1785, 0.4808, 0.0432]
    ],
    [
      [0, 0.4077, 1.2231, 6.1155, 1.2452, 3.6693, 0, 3.2616, 2.8539, 4.2809, 2.6501, 5.3001, 2.0385, 3.2616, 6.7271, 6.1155, 4.077, 0.4077, 4.077, 1.8347, 6.1155, 0.8154, 3.2616, 0, 2.8539, 0.8154, 2.4462, 3.8732, 0.8154, 5.0963, 2.4462, 0.6116, 2.8539, 4.2809, 2.8539, 1.6308, 0, 2.8539, 2.6501, 2.0385, 4.077, 2.6501, 5.0963, 2.6501, 6.3194, 0.4077, 46.478, 8.154, 18.1427, 0],
      [0, 0.382, 1.1461, 5.7303, 0.2798, 3.4382, 0, 3.0561, 2.6741, 4.0112, 2.4831, 4.9662, 1.9101, 3.0561, 6.3033, 5.7303, 3.8202, 1.1172, 3.8202, 1.7191, 5.7303, 0.764, 3.0561, 2.1011, 4.8206, 0.764, 2.2921, 3.6292, 0.764, 4.7752, 2.2921, 0.573, 2.6741, 4.0112, 2.6741, 1.5281, 0.655, 2.6741, 2.4831, 1.9101, 3.8202, 2.4831, 4.7752, 2.4831, 5.9213, 0.382, 43.5501, 7.6404, 16.9998, 5.1573],
      [0, 0.4751, 1.4252, 7.126, 0.4751, 4.2756, 0, 3.8005, 3.3255, 4.9882, 3.0879, 6.1759, 2.3753, 3.8005, 7.8386, 7.126, 4.7507, 0.4751, 4.7507, 2.1378, 7.126, 0.9501, 3.8005, 4.8552, 3.3255, 0.9501, 2.8504, 4.5131, 0.9501, 5.9383, 2.8504, 0.7126, 3.3255, 4.9882, 3.3255, 1.9003, 0.4751, 3.3255, 3.0879, 2.3753, 4.7507, 3.0879, 5.9383, 3.0879, 7.3635, 0.4751, 54.1576, 9.5013, 21.1405, 11.9174],
      [0, 0.7352, 2.2056, 11.0282, 0, 6.6169, 0, 5.8817, 5.1465, 7.7197, 4.7789, 9.5578, 3.6761, 5.8817, 12.131, 11.0282, 7.3521, 0, 7.3521, 3.3085, 11.0282, 1.4704, 5.8817, 4.0437, 3, 1.4704, 4.4113, 6.9845, 1.4704, 9.1902, 4.4113, 1.1028, 5.1465, 7.7197, 5.1465, 2.9409, 0.8699, 5.1465, 4.7789, 3.6761, 7.3521, 4.7789, 9.1902, 4.7789, 11.3958, 0.7352, 83.8143, 14.7043, 32.717, 9.9254]
    ]
  ],
  "V_est": [
    [4.9037, 1155.4489, 9.2183, 367.4291],
    [5.0431, 261.4365, 2968.8882, 93.6323],
    [105.9206, 215.0947, 9997.4649, 139.5198],
    [174.6111, 12765.5357, 1538.1752, 212.678],
    [724.6873, 76.4562, 2119.7978, 9.0587],
    [201.8342, 199.028, 251.4557, 373.6821]
  ],
  "p_est": [
    [0.0032, 0.7518, 0.006, 0.2391],
    [0.0015, 0.0785, 0.8918, 0.0281],
    [0.0101, 0.0206, 0.956, 0.0133],
    [0.0119, 0.8689, 0.1047, 0.0145],
    [0.2473, 0.0261, 0.7235, 0.0031],
    [0.1967, 0.194, 0.2451, 0.3642]
  ],
  "EI_Z": {},
  "EI_V": 5.2816,
  "MAE_Z": {},
  "MAE_V": 149.5176,
  "MAE_p": 0.0642,
  "runtime": 1.1775
}
