{
  "Z_true": {},
  "V_true": [
    [21, 863, 288, 365],
    [73, 339, 2763, 154],
    [112, 303, 9907, 136],
    [159, 12418, 1848, 266],
    [794, 472, 1595, 69],
    [58, 278, 484, 206]
  ],
  "p_true": [
    [0.0137, 0.5615, 0.1874, 0.2375],
    [0.0219, 0.1018, 0.83, 0.0463],
    [0.0107, 0.029, 0.9473, 0.013],
    [0.0108, 0.8453, 0.1258, 0.0181],
    [0.271, 0.1611, 0.5444, 0.0235],
    [0.0565, 0.271, 0.4717, 0.2008]
  ],
  "Z_est": [
    [
      [0, 0.0086, 0.0372, 0.106, 0.2442, 0.0716, 0, 0.0516, 0.0258, 0.0516, 0.0716, 0.1031, 0.0344, 0.1117, 0.1003, 0.3237, 0.0401, 0.0029, 0.1375, 0.0888, 0.1031, 0.6434, 0.063, 0.0115, 0.0401, 0.0315, 0.0229, 0.0716, 0.0201, 0.0745, 0.0516, 0.0773, 0.0859, 0.1375, 0.0544, 0.0344, 0, 0.0487, 0.0859, 0.0201, 0.0573, 0.0974, 0.0831, 0.0458, 0.0888, 0.0143, 1.1602, 0.1089, 0.2435, 0],
      [0, 2.2489, 9.7452, 27.7365, 0.7496, 18.7409, 0, 13.4934, 6.7467, 13.4934, 18.7409, 26.9868, 8.9956, 29.2357, 26.2372, 84.7087, 10.4949, 0.991, 35.9824, 23.2387, 26.9868, 9.7452, 16.492, 2.9985, 13.8733, 8.246, 5.9971, 18.7409, 5.2474, 19.4905, 13.4934, 20.2401, 22.489, 35.9824, 14.2431, 8.9956, 2.2575, 12.7438, 22.489, 5.2474, 14.9927, 25.4876, 21.7394, 11.9941, 23.2387, 3.7482, 303.6019, 28.4861, 63.7189, 14.2431],
      [0, 0.0185, 0.0804, 0.2288, 0.0062, 0.1546, 0, 0.1113, 0.0556, 0.1113, 0.1546, 0.2226, 0.0742, 0.2411, 0.2164, 0.6986, 0.0866, 0.0062, 0.2968, 0.1917, 0.2226, 0.0804, 0.136, 0.0247, 0.0866, 0.068, 0.0495, 0.1546, 0.0433, 0.1607, 0.1113, 0.1669, 0.1855, 0.2968, 0.1175, 0.0742, 0.0185, 0.1051, 0.1855, 0.0433, 0.1237, 0.2102, 0.1793, 0.0989, 0.1917, 0.0309, 2.504, 0.2349, 0.5255, 0.1719],
      [0, 0.724, 3.1371, 8.9288, 0, 6.033, 0, 4.3437, 2.1719, 4.3437, 6.033, 8.6875, 2.8958, 9.4114, 8.4461, 27.269, 3.3785, 0, 11.5833, 7.4809, 8.6875, 2.531, 5.309, 0.9653, 0, 2.6545, 1.9305, 6.033, 1.6892, 6.2743, 4.3437, 6.5156, 7.2396, 11.5833, 4.5851, 2.8958, 0.724, 4.1024, 7.2396, 1.6892, 4.8264, 8.2048, 6.9982, 3.8611, 7.4809, 1.2066, 97.734, 9.1701, 20.5121, 4.5851]
    ],
    [
      [0, 0.0052, 0.0249, 0.0761, 0.0326, 0.0669, 1.0788, 0.0223, 0.0367, 0.0302, 0, 0.1364, 0.0603, 0.0826, 0, 0.0721, 0.0472, 0.0052, 0.0787, 0.0538, 0.1259, 0.7175, 0.0839, 0, 0, 0, 0.042, 0, 0.0144, 0.0813, 0.0275, 0.0092, 0.0944, 0, 0.0525, 0.0315, 0, 0.0472, 0.0682, 0.0288, 0.0485, 1.1207, 0.101, 0.0485, 0.1036, 0.0066, 1.1828, 0.1678, 0.3291, 0],
      [0.1098, 0.3087, 1.4662, 4.4759, 0.0772, 3.9357, 1.9212, 1.3119, 2.1608, 1.7749, 8.5659, 8.7307, 3.5498, 4.8617, 14.1107, 4.2444, 2.7781, 0.8308, 4.6302, 3.164, 7.4083, 1.6977, 4.9389, 0.6945, 4.3913, 1.3891, 2.4694, 6.8681, 0.8489, 4.7845, 1.6206, 0.5402, 5.5562, 6.2508, 3.0868, 1.8521, 0.3924, 2.7781, 4.0128, 1.6977, 2.8553, 3.0868, 5.9421, 2.8553, 6.0964, 0.3859, 69.6073, 9.8778, 19.3697, 8.7974],
      [0.8902, 3.5609, 16.9141, 51.6326, 0.8902, 45.4011, 0, 15.1337, 24.9261, 20.475, 98.9597, 92.5826, 40.95, 56.0837, 116.6185, 48.962, 32.0478, 3.1639, 53.413, 36.4989, 85.4609, 19.5848, 56.9739, 8.012, 35.6087, 16.0475, 28.487, 79.3461, 9.7924, 55.1935, 18.6946, 6.2315, 64.0957, 72.2138, 35.6087, 21.3652, 4.4511, 32.0478, 46.2913, 19.5848, 32.938, 35.7715, 68.5467, 32.938, 70.3272, 4.4511, 802.9761, 113.9478, 223.4446, 104.147],
      [0, 0.1252, 0.5947, 1.8155, 0, 1.5964, 0, 0.5321, 0.8764, 0.7199, 3.4744, 2.5503, 1.4399, 1.972, 0.2708, 1.7216, 1.1268, 0, 1.8781, 1.2834, 3.0049, 0, 2.0033, 0.2935, 0, 0.5634, 1.0016, 2.7858, 0.3443, 1.9407, 0.6573, 0.2191, 2.2537, 2.5354, 1.2521, 0.7512, 0.1565, 1.1268, 1.6277, 0.6886, 1.1581, 0.021, 2.4102, 1.1581, 2.4728, 0.1565, 28.2337, 4.0066, 7.8566, 1.0556]
    ],
    [
      [0, 1.4532, 8.0835, 4.218, 0.1963, 2.3589, 0.0264, 1.1553, 2.136, 5.0118, 0, 1.9804, 0.7306, 0.889, 0, 1.7867, 6.689, 0.0176, 2.9487, 0, 2.931, 0.7425, 0.5576, 0, 0, 0, 0.6689, 0, 1.6391, 1.3027, 0, 0.6161, 0.053, 0, 1.7516, 0.7658, 0, 1.0562, 2.3622, 1.1619, 4.61, 1.1619, 3.2344, 2.8579, 0.2594, 0.0968, 21.0895, 10.0278, 5.29, 0],
      [0.0837, 1.2562, 2.8728, 7.0748, 0, 5.2703, 0.1293, 0, 0, 0, 3.8741, 7.4325, 1.6322, 1.9862, 8.0853, 13.0805, 10.2376, 0.0661, 6.5879, 3.5988, 6.5486, 1.6839, 1.5732, 0.2163, 2.6356, 0.4789, 1.4946, 5.6636, 5.6967, 2.9105, 2.5905, 1.3766, 3.7561, 5.1916, 3.9134, 1.7109, 0.8858, 0, 3.3699, 0, 4.6068, 2.5958, 5.5653, 0, 5.4276, 0.2163, 47.1182, 15.8426, 11.8189, 2.0452],
      [1.9163, 5.0699, 143.8766, 290.7072, 2.8037, 256.7881, 2.8443, 206.0621, 174.3328, 226.0959, 190.4924, 215.587, 79.5277, 96.7746, 204.9147, 375.6005, 215.009, 1.9163, 320.9851, 176.9549, 319.0688, 55.5735, 76.7997, 10.5512, 60.3644, 72.5318, 72.8205, 278.4863, 66.0525, 141.8083, 87.193, 67.0715, 186.9931, 255.2791, 191.5381, 83.3603, 4.8982, 117.3396, 202.913, 129.1647, 260.0996, 128.2423, 271.1606, 94.8187, 264.4618, 10.5398, 2295.7622, 325.7431, 575.8569, 100.5645],
      [0, 1.2207, 0.1671, 0, 0, 3.5827, 0, 3.7826, 0.5311, 3.8923, 2.6335, 0, 1.1096, 1.3502, 0, 1.5323, 6.0644, 0, 4.4783, 2.4464, 4.4516, 0, 1.0695, 0.2325, 0, 0.9892, 1.016, 3.85, 0.6117, 1.9785, 1.2165, 0.9358, 0.1978, 3.5292, 1.7969, 1.163, 0.216, 1.6042, 5.3549, 1.6734, 3.6836, 0, 3.0398, 1.3235, 5.8512, 0.1471, 32.0302, 18.3866, 8.0343, 1.3903]
    ],
    [
      [0, 0.112, 1.4891, 4.5726, 0.0244, 15.7479, 0.1232, 1.1196, 1.8249, 3.6735, 0, 2.2772, 0.5622, 3.2217, 0, 0, 2.4183, 0.0605, 21.5719, 0, 3.1392, 1.425, 0, 0, 0, 0, 6.6961, 0, 0.6941, 0.3587, 0, 3.81, 0, 0, 3.3165, 4.2451, 0, 6.3494, 2.3399, 3.6256, 1.5226, 2.5639, 4.1215, 5.2745, 0, 0.8285, 31.4477, 3.8402, 32.6908, 0],
      [7.8065, 8.7067, 115.799, 228.1152, 0.8707, 260.3084, 10.8768, 74.1406, 137.5422, 71.285, 391.3633, 518.4225, 232.3764, 268.5716, 318.6648, 860.1024, 188.0645, 8.9395, 478.9938, 301.7507, 314.9674, 110.5749, 122.6444, 8.8651, 178.1169, 48.7575, 81.8712, 307.3, 53.9815, 139.3536, 93.9989, 192.4214, 194.3818, 377.8136, 173.5523, 97.5961, 11.8417, 78.7824, 181.9698, 69.2697, 118.411, 198.2527, 289.4513, 79.7915, 330.6595, 72.4767, 3175.8906, 298.6394, 717.0209, 153.3857],
      [0.1935, 0, 13.957, 27.4943, 0.1049, 33.1047, 0, 23.4203, 21.4821, 8.9199, 57.6944, 49.3002, 22.2575, 31.0052, 47.3352, 94.8976, 22.667, 0, 60.1573, 45.9896, 49.4005, 15, 25.6561, 3.9633, 20.8831, 6.5036, 9.9161, 60.6102, 6.5063, 21.7621, 9.6156, 23.6656, 49.6182, 63.8031, 23.1311, 15.9532, 0, 13.9927, 21.9325, 12.9567, 14.2718, 28.1834, 32.4272, 10.1792, 39.7722, 0, 342.6226, 35.9944, 4.9713, 23.6143],
      [0, 1.1814, 1.755, 1.8178, 0, 3.839, 0, 1.3195, 2.1508, 1.1216, 0.9423, 0, 0.8039, 2.2016, 0, 0, 2.8502, 0, 14.277, 4.2597, 10.4929, 0, 0.6996, 0.1715, 0, 0.7389, 1.5166, 0.0898, 0.8181, 21.5256, 1.3855, 1.103, 0, 5.3834, 0, 1.2056, 0.1583, 3.8754, 2.7578, 1.148, 1.7946, 0, 0, 1.7548, 8.5682, 0.6948, 66.0392, 4.526, 37.317, 0]
    ],
    [
      [0, 1.0146, 10.1459, 29.9304, 0.2572, 24.0965, 0.7716, 10.3996, 9.1313, 14.9652, 9.2864, 15.2189, 5.5803, 13.4433, 8.1932, 32.7206, 16.7408, 0.5073, 31.1987, 10.0284, 24.6038, 5.6587, 3.0438, 0.9885, 3.1147, 2.1556, 9.1313, 17.067, 4.8193, 7.1021, 4.4821, 8.8777, 11.9214, 15.5947, 15.9798, 3.2974, 0, 10.6532, 17.5017, 9.1313, 13.697, 11.4142, 26.3794, 9.1313, 17.2481, 6.6473, 158.7836, 15.7262, 42.3592, 3],
      [0, 0.0969, 0.969, 2.8584, 0.0242, 2.3013, 0.0727, 0.9932, 0.8721, 1.4292, 0.969, 1.4534, 0.5329, 1.2839, 4.5889, 3.1249, 1.5988, 0.0556, 2.9796, 1.5261, 2.3497, 0.5329, 0.2907, 0.1211, 3.6398, 0.3634, 0.8721, 1.7926, 0.4603, 0.6783, 1.0009, 0.8478, 1.1385, 1.7441, 1.5261, 0.3149, 0.8336, 1.0174, 1.6715, 0.8721, 1.3081, 1.0901, 2.5193, 0.8721, 1.6472, 0.7903, 15.1643, 1.5019, 4.0454, 0.3634],
      [0, 2.8743, 28.7426, 84.7906, 0.7186, 68.2636, 2.1557, 29.4611, 25.8683, 42.3953, 29.6021, 43.1139, 15.8084, 38.0839, 33.054, 92.6948, 47.4252, 1.4371, 88.3834, 51.221, 69.7007, 15.8084, 8.6228, 3.5928, 17.2455, 11.8962, 25.8683, 54.8767, 13.6527, 20.1198, 16.527, 25.1497, 33.7725, 54.4046, 45.2695, 9.3413, 2.1557, 30.1797, 49.5809, 25.8683, 38.8025, 32.4958, 74.7307, 25.8683, 48.8624, 9.5018, 449.8212, 44.551, 120.0002, 11.5832],
      [0, 0.0143, 0.1426, 0.4205, 0, 0.3386, 0, 0.1461, 0.1283, 0.2103, 0.1426, 0.2138, 0.0784, 0.1889, 0.1639, 0.4597, 0.2352, 0, 0.4384, 0.2245, 0.3457, 0, 0.0428, 0.2975, 0, 0.5849, 0.1283, 0.2637, 0.0677, 0.0998, 0.99, 0.1247, 0.1675, 0.2566, 0.2245, 0.0463, 0.0107, 0.1497, 0.2459, 0.1283, 0.1924, 0, 0.3706, 0.1283, 0.2423, 0.0606, 2.231, 0.221, 0.5952, 0.0535]
    ],
    [
      [0, 0.4065, 1.2194, 6.0969, 1.2453, 3.6581, 0, 3.2517, 2.8452, 4.2678, 2.642, 5.284, 2.0323, 3.2517, 6.7066, 6.0969, 4.0646, 0.4065, 4.0646, 1.8291, 6.0969, 0.8129, 3.2517, 0, 2.8452, 0.8129, 2.4388, 3.8614, 0.8129, 5.0807, 2.4388, 0.6097, 2.8452, 4.2678, 2.8452, 1.6258, 0, 2.8452, 2.642, 2.0323, 4.0646, 2.642, 5.0807, 2.642, 6.3001, 0.4065, 46.3363, 8.1292, 18.0874, 0],
      [0, 0.3826, 1.1478, 5.7392, 0.2783, 3.4435, 0, 3.0609, 2.6783, 4.0174, 2.487, 4.974, 1.9131, 3.0609, 6.3131, 5.7392, 3.8261, 1.1171, 3.8261, 1.7218, 5.7392, 0.7652, 3.0609, 2.1044, 3.343, 0.7652, 2.2957, 3.6348, 0.7652, 4.7827, 2.2957, 0.5739, 2.6783, 4.0174, 2.6783, 1.5304, 0.7891, 2.6783, 2.487, 1.9131, 3.8261, 2.487, 4.7827, 2.487, 5.9305, 0.3826, 43.6178, 7.6522, 17.0262, 5.1653],
      [0, 0.4764, 1.4293, 7.1466, 0.4764, 4.2879, 0, 3.8115, 3.3351, 5.0026, 3.0968, 6.1937, 2.3822, 3.8115, 7.8612, 7.1466, 4.7644, 0.4764, 4.7644, 2.144, 7.1466, 0.9529, 3.8115, 4.8559, 4.8118, 0.9529, 2.8586, 4.5262, 0.9529, 5.9555, 2.8586, 0.7147, 3.3351, 5.0026, 3.3351, 1.9058, 0.4764, 3.3351, 3.0968, 2.3822, 4.7644, 3.0968, 5.9555, 3.0968, 7.3848, 0.4764, 54.314, 9.5288, 21.2015, 11.9191],
      [0, 0.7345, 2.2035, 11.0174, 0, 6.6104, 0, 5.8759, 5.1414, 7.7122, 4.7742, 9.5484, 3.6725, 5.8759, 12.1191, 11.0174, 7.3449, 0, 7.3449, 3.3052, 11.0174, 1.469, 5.8759, 4.0397, 3, 1.469, 4.4069, 6.9777, 1.469, 9.1811, 4.4069, 1.1017, 5.1414, 7.7122, 5.1414, 2.938, 0.7345, 5.1414, 4.7742, 3.6725, 7.3449, 4.7742, 9.1811, 4.7742, 11.3846, 0.7345, 83.7319, 14.6898, 32.6848, 9.9156]
    ]
  ],
  "V_est": [
    [5.1873, 1155.8162, 9.5571, 366.4394],
    [6.4429, 265.1609, 2963.6834, 93.7128],
    [103.9177, 220.2016, 9995.3162, 138.5645],
    [177.0884, 12754.7401, 1546.887, 212.2845],
    [723.1406, 79.0998, 2115.944, 11.8156],
    [201.2231, 197.9814, 253.6123, 373.1832]
  ],
  "p_est": [
    [0.0034, 0.752, 0.0062, 0.2384],
    [0.0019, 0.0797, 0.8903, 0.0282],
    [0.0099, 0.0211, 0.9558, 0.0132],
    [0.0121, 0.8682, 0.1053, 0.0144],
    [0.2468, 0.027, 0.7222, 0.004],
    [0.1961, 0.193, 0.2472, 0.3637]
  ],
  "EI_Z": {},
  "EI_V": 5.2162,
  "MAE_Z": {},
  "MAE_V": 147.6665,
  "MAE_p": 0.0637,
  "runtime": 1.4664
}
