{
  "X": [
    [6, 0, 4, 101, 1, 5],
    [27, 0, 17, 188, 4, 4],
    [8, 12, 51, 127, 17, 7],
    [15, 21, 210, 197, 27, 35],
    [6, 2, 6, 101, 1, 1],
    [21, 17, 185, 245, 38, 38],
    [7, 10, 53, 109, 5, 9],
    [29, 13, 144, 243, 19, 26],
    [19, 30, 188, 405, 36, 18],
    [20, 18, 146, 277, 33, 24],
    [26, 16, 199, 353, 45, 38],
    [8, 3, 42, 100, 8, 3],
    [46, 18, 198, 603, 35, 31],
    [9, 12, 40, 94, 3, 10],
    [8, 13, 46, 116, 12, 14],
    [2, 3, 24, 81, 7, 1],
    [0, 3, 8, 29, 0, 0],
    [34, 16, 68, 255, 19, 17],
    [14, 15, 143, 269, 32, 37],
    [7, 0, 16, 34, 0, 1],
    [3, 0, 6, 52, 2, 5],
    [19, 1, 15, 160, 4, 4],
    [4, 3, 22, 96, 7, 3],
    [3, 2, 15, 47, 2, 1],
    [12, 16, 132, 153, 21, 12],
    [3, 3, 5, 24, 1, 1],
    [15, 5, 81, 119, 10, 21],
    [22, 15, 116, 271, 19, 22],
    [4, 0, 6, 78, 4, 3],
    [5, 7, 12, 68, 0, 2],
    [2, 10, 24, 37, 7, 4],
    [0, 10, 17, 42, 2, 0],
    [9, 7, 32, 91, 9, 9],
    [26, 22, 183, 341, 39, 34],
    [4, 1, 84, 35, 8, 14],
    [2, 14, 106, 97, 9, 14],
    [7, 3, 9, 99, 5, 2],
    [3, 7, 20, 73, 9, 5],
    [2, 23, 73, 92, 16, 8],
    [1, 2, 6, 6, 0, 4],
    [11, 6, 36, 121, 5, 5],
    [19, 10, 97, 175, 9, 23],
    [4, 8, 44, 55, 2, 4],
    [2, 2, 6, 102, 0, 5],
    [0, 0, 13, 17, 3, 2],
    [2, 7, 56, 82, 12, 12],
    [3, 0, 31, 93, 11, 7],
    [11, 46, 364, 237, 47, 49],
    [3, 20, 123, 81, 26, 22],
    [11, 27, 279, 151, 50, 46],
    [27, 61, 439, 373, 50, 61],
    [27, 66, 595, 432, 67, 56],
    [13, 35, 371, 152, 53, 51],
    [10, 43, 185, 195, 20, 26],
    [17, 44, 187, 231, 26, 14],
    [12, 67, 262, 334, 38, 44],
    [34, 52, 492, 514, 73, 55],
    [15, 66, 430, 273, 40, 70],
    [43, 97, 331, 838, 54, 45],
    [5, 16, 161, 73, 26, 17],
    [23, 45, 553, 366, 62, 59],
    [1, 2, 78, 8, 5, 11],
    [26, 90, 643, 475, 96, 90],
    [19, 81, 549, 274, 56, 52],
    [13, 29, 155, 163, 31, 19],
    [9, 61, 205, 177, 24, 22],
    [24, 75, 393, 387, 49, 54],
    [10, 5, 12, 99, 0, 7],
    [15, 17, 141, 274, 29, 26],
    [21, 25, 95, 284, 20, 15],
    [7, 3, 14, 82, 2, 3],
    [0, 0, 4, 0, 0, 0],
    [10, 13, 347, 362, 37, 18],
    [83, 130, 894, 1482, 146, 122],
    [11, 16, 130, 135, 17, 10],
    [48, 124, 503, 666, 54, 126],
    [4, 27, 67, 129, 2, 9]
  ],
  "W": [
    [0, 2, 113, 2],
    [0, 16, 219, 5],
    [6, 65, 148, 3],
    [29, 202, 257, 17],
    [2, 4, 110, 1],
    [22, 179, 315, 28],
    [7, 61, 125, 0],
    [14, 113, 330, 17],
    [13, 152, 521, 10],
    [15, 126, 368, 9],
    [10, 171, 476, 20],
    [3, 37, 121, 3],
    [16, 139, 765, 11],
    [10, 48, 108, 2],
    [13, 53, 141, 2],
    [0, 25, 91, 2],
    [2, 7, 31, 0],
    [17, 63, 307, 22],
    [21, 140, 333, 16],
    [1, 15, 40, 2],
    [1, 6, 60, 1],
    [3, 14, 180, 6],
    [4, 25, 104, 2],
    [1, 12, 54, 3],
    [11, 144, 184, 7],
    [1, 7, 29, 0],
    [10, 63, 174, 4],
    [12, 91, 350, 12],
    [1, 5, 84, 5],
    [2, 9, 82, 1],
    [5, 26, 53, 0],
    [7, 18, 43, 3],
    [6, 34, 113, 4],
    [35, 181, 402, 27],
    [6, 73, 64, 3],
    [17, 97, 119, 9],
    [3, 8, 112, 2],
    [7, 26, 82, 2],
    [11, 88, 111, 4],
    [1, 0, 9, 9],
    [13, 33, 134, 4],
    [10, 88, 228, 7],
    [8, 42, 66, 1],
    [4, 4, 107, 2],
    [0, 13, 19, 3],
    [4, 70, 88, 9],
    [7, 35, 99, 4],
    [39, 433, 268, 14],
    [15, 151, 104, 5],
    [21, 319, 202, 22],
    [42, 478, 463, 28],
    [58, 645, 503, 37],
    [47, 406, 197, 25],
    [36, 203, 227, 13],
    [26, 224, 258, 11],
    [56, 289, 399, 13],
    [27, 542, 627, 24],
    [45, 466, 360, 23],
    [43, 443, 909, 13],
    [20, 177, 97, 4],
    [38, 614, 424, 32],
    [4, 80, 19, 2],
    [86, 715, 589, 30],
    [67, 576, 358, 30],
    [24, 184, 189, 13],
    [31, 254, 203, 10],
    [53, 454, 449, 26],
    [8, 8, 110, 7],
    [9, 150, 329, 14],
    [22, 128, 305, 5],
    [1, 9, 100, 1],
    [0, 3, 0, 1],
    [13, 355, 400, 19],
    [111, 909, 1777, 60],
    [12, 128, 164, 15],
    [138, 490, 833, 60],
    [20, 76, 140, 2]
  ],
  "method": "mvn_pdf",
  "cond_prob": [
    [
      [0.00010603304113, 0.17997741277, 0.11080549762, 0.082736272307, 0.0094569533108, 0.61691783095],
      [0.033532517513, 0, 0.74664011695, 0.055359485075, 0.071082547681, 0.093385332778],
      [0.050604692694, 0, 0.017889519532, 0.89023767513, 0.0068622143611, 0.034405898279],
      [0.10730234526, 0, 0.24260202947, 0.14621186992, 0.041202340914, 0.46268141443]
    ],
    [
      [0.00062232979973, 0.29688024186, 0.1711735715, 0.12428463025, 0.01760142737, 0.38943779923],
      [0.034814548431, 0, 0.76814663678, 0.062463196629, 0.090782333936, 0.043793284228],
      [0.11182984022, 0, 0.016127607878, 0.85067510817, 0.010523743488, 0.010843700248],
      [0.39044644336, 0, 0.23554153724, 0.14054803314, 0.048556566646, 0.18490741962]
    ],
    [
      [0.00019344209444, 0.5924078319, 0.10662143457, 0.055004309427, 0.02378459331, 0.2219883887],
      [0.0012587740483, 0.10776815829, 0.65109217083, 0.036348556293, 0.1683368215, 0.035195519034],
      [0.051260949474, 0.0094174469938, 0.047513662266, 0.83706117553, 0.03686799441, 0.017878771323],
      [0.11013283739, 0.01561352155, 0.33575275769, 0.14075466851, 0.15297862329, 0.24476759158]
    ],
    [
      [0.00020204738221, 0.36438692329, 0.19997818288, 0.037445355797, 0.015679528066, 0.38230796258],
      [0.00096691726929, 0.044967592154, 0.82064109129, 0.017146997132, 0.075088330471, 0.041189071683],
      [0.053199764114, 0.0047584983754, 0.11849663767, 0.74414140858, 0.039434803196, 0.039968888063],
      [0.066263762366, 0.0074347957131, 0.46926449266, 0.070944073822, 0.073100382911, 0.31299249253]
    ],
    [
      [0.00022715250878, 0.56027715434, 0.12947573167, 0.095371127942, 0.010112712536, 0.20453612101],
      [0.00021132338591, 0.076469930692, 0.76946667794, 0.056885386246, 0.067936449038, 0.029030232694],
      [0.0531217689, 0.0051208826137, 0.020886825322, 0.91242655076, 0.0059154899047, 0.0025284825032],
      [0.15530582241, 0.01026888106, 0.3656310395, 0.21479561591, 0.057324889259, 0.19667375186]
    ],
    [
      [0.00015238147716, 0.34561476676, 0.18004180839, 0.043373122254, 0.022491173882, 0.40832674724],
      [0.0005831327171, 0.045232168861, 0.7759048807, 0.020219315129, 0.11204730603, 0.046013196566],
      [0.059072738417, 0.0035290906344, 0.097632634211, 0.7561932756, 0.046280108829, 0.037292152308],
      [0.08158408035, 0.0067233341225, 0.40706524263, 0.079487574577, 0.10251757553, 0.32262219279]
    ],
    [
      [0.00026715659497, 0.48201144497, 0.11968785844, 0.057039030282, 0.0080462371372, 0.33294827258],
      [0.0015932906634, 0.091668602716, 0.7563981228, 0.037711009625, 0.058510146991, 0.054118827207],
      [0.055207513387, 0.0082730809564, 0.048175196002, 0.85040284161, 0.010996458989, 0.026944909058],
      [0.11218399193, 0.011938633539, 0.35139758166, 0.13592835218, 0.048537063047, 0.34001437765]
    ],
    [
      [0, 0.38400989708, 0.20890431803, 0.038135567023, 0.013428744998, 0.35552147287],
      [0, 0.04538114878, 0.83627877975, 0.018290986385, 0.062527998889, 0.037521086198],
      [0.082027117993, 0.0071736509519, 0.11691341231, 0.72491068685, 0.03248932151, 0.036485810381],
      [0.11359123897, 0.0075580479194, 0.47025949256, 0.069334937556, 0.060285741009, 0.27897054199]
    ],
    [
      [4.2023091121e-06, 0.62466472565, 0.1609481665, 0.031093885186, 0.01415891617, 0.16913010419],
      [0, 0.093776604731, 0.78646745864, 0.018001264087, 0.080465028679, 0.021289643864],
      [0.035421827608, 0.014281765444, 0.11691194931, 0.76969371777, 0.043427890276, 0.020262849598],
      [0.054517318639, 0.018451485138, 0.54534945344, 0.084916039336, 0.095931889684, 0.20083381376]
    ],
    [
      [0.00012137586823, 0.45167315778, 0.18252475558, 0.036303723416, 0.02117759115, 0.3081993962],
      [0.00051213425151, 0.060179196921, 0.78200642309, 0.017476027229, 0.10498106872, 0.03484514979],
      [0.052492368, 0.009650782964, 0.11018725576, 0.7434304011, 0.050209725044, 0.03402946713],
      [0.068495446923, 0.010092854496, 0.46448991519, 0.074564123614, 0.10861585092, 0.27374180886]
    ],
    [
      [8.7627201565e-05, 0.37394178092, 0.18128202747, 0.034192808767, 0.021318667764, 0.38917708788],
      [0.00051516356541, 0.050269695748, 0.78194180468, 0.017982601829, 0.10573088695, 0.043559847229],
      [0.051854685106, 0.0073657796618, 0.11507410435, 0.73162526547, 0.051794199704, 0.04228596571],
      [0.061410032382, 0.0079176549435, 0.43499287266, 0.066471031883, 0.10263962978, 0.32656877835]
    ],
    [
      [0.00020542948989, 0.41016515424, 0.24264959186, 0.076191926612, 0.023692550665, 0.24709534713],
      [0.00085653522916, 0.039541518553, 0.82086506864, 0.02580319215, 0.093368953296, 0.019564732136],
      [0.062808790541, 0.0023672193075, 0.078084325444, 0.81361180718, 0.034629678048, 0.0084981794794],
      [0.12260941754, 0.0066782715359, 0.48394676872, 0.12322581392, 0.094693344091, 0.16884638419]
    ],
    [
      [9.9048011204e-05, 0.41334025153, 0.21251342824, 0.051460753021, 0.016107356102, 0.3064791631],
      [4.9957805802e-05, 0.050037414993, 0.82498920095, 0.020855853776, 0.072702768797, 0.031364803674],
      [0.058758804911, 0.0056729007038, 0.097512657616, 0.78200345285, 0.031150244149, 0.024901939771],
      [0.094635030899, 0.0083260230128, 0.48446392174, 0.095002077031, 0.073332787811, 0.2442401595]
    ],
    [
      [3.3528961547e-05, 0.53254958665, 0.091137994746, 0.052510230218, 0.0052776793986, 0.31849098002],
      [0, 0.12228414943, 0.71634761483, 0.046634726757, 0.050827929938, 0.063905579039],
      [0.080070775514, 0.0071922570957, 0.03820107787, 0.84232214124, 0.0039994462728, 0.028214302005],
      [0.17601047741, 0.014050597215, 0.28910906523, 0.13281977967, 0.037771185773, 0.3502388947]
    ],
    [
      [0.00031789045268, 0.47924013574, 0.09894996413, 0.040962936259, 0.015004726018, 0.3655243474],
      [0.0010342015971, 0.099940159878, 0.68608596807, 0.028521670213, 0.12044831238, 0.063969687854],
      [0.055042218852, 0.010267689806, 0.054871288873, 0.80672791025, 0.037131360182, 0.035959532039],
      [0.090050940634, 0.012652749616, 0.30712121365, 0.10359898121, 0.092828109891, 0.393748005]
    ],
    [
      [4.7958181709e-05, 0.61106120457, 0.14635538893, 0.06750333633, 0.02247918607, 0.15255292592],
      [0, 0.078831891592, 0.73504395347, 0.036622708874, 0.13189861785, 0.017602828218],
      [0.020528494024, 0.011013976045, 0.051962936513, 0.87635527458, 0.037622746269, 0.002516572572],
      [0.06595352191, 0.013465445038, 0.44763697031, 0.16805114585, 0.13943232163, 0.16546059526]
    ],
    [
      [0, 0.87639640893, 0.087384782621, 0.036218808452, 0, 0],
      [0, 0.15454768598, 0.80998868074, 0.035463633281, 0, 0],
      [0, 0.0053346251714, 0.069526118373, 0.92513925646, 0, 0],
      [0.038585684955, 0.025028862471, 0.58581764275, 0.18891541532, 0.033197899503, 0.128454495]
    ],
    [
      [0, 0.50343476438, 0.13554780972, 0.068325489646, 0.019396843878, 0.27329509238],
      [0, 0.077618886254, 0.72242706073, 0.042060157986, 0.11989607544, 0.037997819587],
      [0.093090140095, 0.0075921503968, 0.043490772558, 0.80916132271, 0.029853265243, 0.016812348996],
      [0.24642395412, 0.010037681806, 0.31050523789, 0.12618866594, 0.088720385072, 0.21812407518]
    ],
    [
      [3.2208718836e-05, 0.32037338444, 0.15327927715, 0.045216750262, 0.019932720962, 0.46116565847],
      [0, 0.048546192506, 0.75528527477, 0.024082325342, 0.11413070589, 0.057955501496],
      [0.039223797526, 0.0041084432308, 0.084627092475, 0.79062803857, 0.042253108053, 0.039159520143],
      [0.058612440054, 0.0067237737519, 0.3662734324, 0.087486615754, 0.09580181584, 0.3851019222]
    ],
    [
      [0.22353470515, 0, 0.29726443075, 0.15071819403, 0, 0.32848267007],
      [0, 0, 0.88333742984, 0.094822757124, 0, 0.021839813039],
      [0.13972513105, 0, 0.050224165258, 0.80553764719, 0, 0.0045130564976],
      [0.59373002637, 0, 0.2218537557, 0.10271728072, 0, 0.081698937218]
    ],
    [
      [0.078036510322, 0, 0.073773123065, 0.050454827099, 0.0088882417215, 0.78884729779],
      [0.02318254238, 0, 0.69676805064, 0.046520306847, 0.093211538735, 0.1403175614],
      [0.045271964235, 0, 0.026155413995, 0.85954390042, 0.023154723919, 0.045873997436],
      [0.066550381315, 0, 0.1762937334, 0.09778930687, 0.042559090751, 0.61680748766]
    ],
    [
      [0.00014921663577, 0.31355013114, 0.17240917291, 0.13684123128, 0.019366604646, 0.3576836434],
      [0.035320178151, 0.0026110943569, 0.75977871961, 0.065009300082, 0.098247743431, 0.03903296437],
      [0.092373474951, 0, 0.012549338748, 0.87585209456, 0.012266686552, 0.0069584051843],
      [0.3129740608, 0.0037990475969, 0.26449823868, 0.17099484723, 0.059738033114, 0.18799577258]
    ],
    [
      [0.00018923662738, 0.39719249778, 0.1664076516, 0.11722923603, 0.029177405769, 0.2898039722],
      [0.00049826937328, 0.04853154065, 0.71966890615, 0.054708874968, 0.14672308335, 0.029869325512],
      [0.03631111647, 0.0017729300393, 0.025356144759, 0.9015510868, 0.028515444415, 0.0064932775211],
      [0.10521510316, 0.0067783842765, 0.35280384245, 0.20102407745, 0.12480353706, 0.20937505561]
    ],
    [
      [0.00020926930174, 0.5964207673, 0.17322728359, 0.064556798011, 0.01098058789, 0.1546052939],
      [0.0015784668997, 0.064560703964, 0.82822201221, 0.029311623746, 0.059611889576, 0.016715303604],
      [0.049378817728, 0.011020324019, 0.062262361403, 0.85414041539, 0.020002194534, 0.0031958869274],
      [0.10479765686, 0.011251096039, 0.50864701804, 0.15337376202, 0.064519410786, 0.15741105626]
    ],
    [
      [0.00016935005665, 0.47978425528, 0.18132858062, 0.057067451389, 0.019008631689, 0.26264173096],
      [0.00088679391531, 0.06467162104, 0.78464992186, 0.02454300063, 0.096301700356, 0.0289469622],
      [0.060242387951, 0.0072685745184, 0.075539043562, 0.80456663088, 0.034082048586, 0.018301314502],
      [0.11226277751, 0.010320292963, 0.44523040716, 0.11397226599, 0.093194751471, 0.2250195049]
    ],
    [
      [9.4730242777e-06, 0.91921421663, 0.021136228886, 0.012760420421, 0.0020717328165, 0.044807928218],
      [0.013920163465, 0.29725511191, 0.56589768695, 0.03376454213, 0.055598090906, 0.033564404636],
      [0.10008790975, 0, 0.035088964222, 0.81899613051, 0.020991090719, 0.024835904805],
      [0.25686834369, 0.039626149579, 0.26986140971, 0.13877676787, 0.047255774628, 0.24761155452]
    ],
    [
      [0, 0.2407812669, 0.1802492216, 0.025473704943, 0.010231267432, 0.54326453912],
      [0, 0.032040206481, 0.83588319315, 0.019252831092, 0.054910471041, 0.057913298235],
      [0.084397460732, 0.0031896407056, 0.14319909186, 0.67444919176, 0.035959239135, 0.0588053758],
      [0.078710458168, 0.0046642099673, 0.40505615785, 0.044543806171, 0.045355010148, 0.4216703577]
    ],
    [
      [0.0001012369394, 0.46133686954, 0.17446768072, 0.039483886672, 0.013270157328, 0.31134016879],
      [0.00020854846985, 0.065778725181, 0.80636887641, 0.018652994239, 0.071245664292, 0.037745191408],
      [0.05981975412, 0.0095729499619, 0.09998754872, 0.76518481961, 0.032908732513, 0.032526195076],
      [0.086907775327, 0.010630090614, 0.46093150217, 0.084507001751, 0.069945523485, 0.28707810666]
    ],
    [
      [0.22380357651, 0, 0.16654496565, 0.14187496348, 0.033438972998, 0.43433752137],
      [0.025272467207, 0, 0.70746320567, 0.061123348096, 0.16328787895, 0.042853100082],
      [0.036481913757, 0, 0.0097090397613, 0.91101275052, 0.030269111192, 0.012527184768],
      [0.11707066638, 0, 0.29611593321, 0.20548745043, 0.12150325843, 0.25982269155]
    ],
    [
      [0.0004907385849, 0.95208076128, 0.016512319931, 0.0066497696553, 0, 0.02426641055],
      [0.017988232539, 0.48858962621, 0.45472082599, 0.02036434734, 0, 0.01833696792],
      [0.057347346293, 0.0071305880431, 0.091136541863, 0.82541623431, 0, 0.018969289494],
      [0.13464203396, 0.113823622, 0.40129149345, 0.11929012143, 0, 0.23095272916]
    ],
    [
      [0.00048418415736, 0.81107843854, 0.057414205481, 0.010354729068, 0.0081636691976, 0.11250477356],
      [0.0024682088756, 0.21040686883, 0.62331050673, 0.019854075318, 0.11064961507, 0.033310725172],
      [0.036479351858, 0.0089439475046, 0.14163878863, 0.68739661125, 0.077024370984, 0.048516929769],
      [0.032515511298, 0.044654967376, 0.42741951118, 0.051662439403, 0.13868274799, 0.30506482275]
    ],
    [
      [0, 0.83431906528, 0.11994509681, 0.040490126738, 0.0052457111764, 0],
      [0, 0.20853534931, 0.68568027119, 0.049324464342, 0.056459915164, 0],
      [0, 0, 0.048397279413, 0.93439347168, 0.017209248908, 0],
      [0, 0.13537675185, 0.57901880873, 0.21660315749, 0.069001281928, 0]
    ],
    [
      [8.116615955e-05, 0.47733321894, 0.11239430042, 0.045235105939, 0.017064014885, 0.34789219366],
      [0, 0.087192538254, 0.7050883292, 0.02852577402, 0.1241170322, 0.05507632633],
      [0.074922191349, 0.0099740863928, 0.05386929273, 0.79065619332, 0.037985692619, 0.032592543591],
      [0.13332634516, 0.011095655833, 0.31635023155, 0.10364080071, 0.096313387496, 0.33927357925]
    ],
    [
      [0.00019262924499, 0.37087490331, 0.18813537736, 0.071855253007, 0.024916254844, 0.34402558223],
      [0.00038037406908, 0.046129044824, 0.76729806479, 0.030986600591, 0.11822504861, 0.036980867112],
      [0.056923154429, 0.0012116915024, 0.066664137828, 0.81978006106, 0.034510388098, 0.020910567087],
      [0.11264082183, 0.006774862475, 0.39760476512, 0.12314469976, 0.10577856542, 0.2540562854]
    ],
    [
      [0.017007534137, 0.16528231577, 0.22895000584, 0.013408493963, 0.011445671397, 0.5639059789],
      [0.013544030486, 0, 0.8569637242, 0.04450454838, 0.050899868886, 0.034087828048],
      [0.044431963723, 0, 0.29040992607, 0.49396504217, 0.063589086557, 0.10760398148],
      [0.021864963802, 0.0027687017995, 0.4939042766, 0.018984768511, 0.048644667759, 0.41383262153]
    ],
    [
      [0, 0.44510114891, 0.21603096286, 0.039438316441, 0.011368900047, 0.28806067174],
      [0, 0.049366595801, 0.84748725942, 0.020746063519, 0.051542509441, 0.030857571822],
      [0.014342316933, 0.013061492063, 0.12683149096, 0.78645440836, 0.027506752254, 0.031803539435],
      [0.032584920556, 0.010044791166, 0.55869578266, 0.081011762738, 0.059311307238, 0.25835143564]
    ],
    [
      [0.00025659284253, 0.55352363607, 0.12140057524, 0.084302792448, 0.02215759739, 0.21835880601],
      [0.00034117891282, 0.07942623326, 0.69522071511, 0.049230656599, 0.14557143584, 0.030209780285],
      [0.05965032284, 0.0060970567841, 0.021599779198, 0.8748879361, 0.031503133218, 0.0062617718589],
      [0.15783231603, 0.010574432952, 0.32742864164, 0.18289876325, 0.12030240039, 0.20096344574]
    ],
    [
      [0.00021197412484, 0.54033245826, 0.10187221008, 0.066500301014, 0.02915914178, 0.26192391475],
      [0.00056171295955, 0.092402114806, 0.6148890984, 0.04312193087, 0.2092275375, 0.039797605461],
      [0.034395597938, 0.0096304719724, 0.032895615629, 0.86703558521, 0.036518673022, 0.019524056227],
      [0.081736306651, 0.012759552762, 0.30116874468, 0.15820485144, 0.1807194224, 0.26541112206]
    ],
    [
      [0, 0.73701457382, 0.085705546143, 0.024397667972, 0.012124115853, 0.14075809621],
      [0, 0.15687824419, 0.6772268698, 0.024576900218, 0.11153548155, 0.029782504244],
      [0.016545411718, 0.0086517637552, 0.096367140471, 0.80328409915, 0.049960659975, 0.025190924935],
      [0.040864824835, 0.031802105591, 0.44113046453, 0.10108085698, 0.12646977296, 0.2586519751]
    ],
    [
      [0.00071992932443, 0.99449990551, 0.001669441512, 0.0011424289714, 0, 0.0019682946807],
      [2.7463045215e-07, 0.45502046884, 0.50767692258, 0.0042443892607, 0.0073781681703, 0.025679776516],
      [0.058078109522, 0.070097542166, 0.17607491372, 0.6246319781, 0, 0.071117456495],
      [0.052953009442, 0.041624690555, 0.49040625945, 0.041907752013, 0, 0.37310828854]
    ],
    [
      [0.00024945880814, 0.36961048453, 0.21657798302, 0.12752241565, 0.018387309853, 0.26765234814],
      [0.0043243559909, 0.035564602543, 0.80539903728, 0.052488084483, 0.079100250286, 0.023123669421],
      [0.074595937305, 0, 0.038024567283, 0.87236043194, 0.014119451756, 0.00089961171753],
      [0.21454942223, 0.0053579542952, 0.37775649368, 0.17845098223, 0.064662544284, 0.15922260328]
    ],
    [
      [0, 0.33535794168, 0.15039307013, 0.037326127854, 0.0082544222499, 0.46866843808],
      [0, 0.054266109062, 0.80883105391, 0.023136951919, 0.051022449931, 0.06274343518],
      [0.079925085679, 0.0079850167304, 0.095372277476, 0.75471405224, 0.018163908864, 0.043839659012],
      [0.11101149504, 0.0072027387407, 0.36772247002, 0.073697577448, 0.040872708944, 0.39949300981]
    ],
    [
      [0.00065041140134, 0.53687335241, 0.19275104992, 0.048723593539, 0.0067622967376, 0.21423929599],
      [0.0030143326889, 0.07013091118, 0.8498192403, 0.019864241898, 0.033944973952, 0.023226299984],
      [0.057139247407, 0.011322734356, 0.094425911995, 0.81310699584, 0.0072348898887, 0.016770220514],
      [0.097004406962, 0.012214443718, 0.53347331649, 0.11085136657, 0.042709987483, 0.20374647878]
    ],
    [
      [0.0069408687313, 0.35742881571, 0.11887344395, 0.096693558752, 0, 0.42006331285],
      [0.053287586548, 0.0598995827, 0.76251336973, 0.061925769634, 0, 0.062373691384],
      [0.014421425154, 0.0029576000882, 0.017297607997, 0.94357948124, 0, 0.021743885518],
      [0.1079968437, 0.0071115984549, 0.3118043448, 0.20125909675, 0, 0.3718281163]
    ],
    [
      [2.9328540612e-05, 0.18406486563, 0.23613836701, 0.077775105365, 0.03135050576, 0.4706418277],
      [0, 0, 0.80618989363, 0.022123513548, 0.13072965706, 0.040956935756],
      [0, 0, 0.058450907592, 0.86103460738, 0.048938291096, 0.031576193932],
      [0, 0, 0.46965471284, 0.11757892789, 0.12356230913, 0.28920405015]
    ],
    [
      [0, 0.37388020229, 0.11870295897, 0.068081608219, 0.017715041663, 0.42162018886],
      [0, 0.065822019673, 0.70257525781, 0.045231025499, 0.1228658071, 0.063505889919],
      [0.017279138196, 0.0093078590298, 0.040185565617, 0.87783434702, 0.028258223175, 0.027134866967],
      [0.053270648747, 0.0086495799035, 0.31206559371, 0.14578658276, 0.093534410748, 0.38669318413]
    ],
    [
      [0.18439887663, 0, 0.19251072225, 0.14024018823, 0.048677137123, 0.43417307576],
      [0.01302903443, 0, 0.68842299239, 0.057064796607, 0.20252886511, 0.038954311461],
      [0.0093107266428, 0, 0.043240716354, 0.90169054433, 0.029370327516, 0.016387685159],
      [0.082857430218, 0, 0.3191973229, 0.18842172815, 0.16577183427, 0.24375168446]
    ],
    [
      [3.4517048575e-05, 0.40730904679, 0.15173924852, 0.052901370864, 0.014664897674, 0.3733509191],
      [0, 0.065025000287, 0.77020506331, 0.028046899432, 0.087018561065, 0.049704475903],
      [0.037449648006, 0.0068155160424, 0.071126012353, 0.82548592908, 0.028680911556, 0.030441982967],
      [0.068724869251, 0.0094688394116, 0.39440039873, 0.11159357786, 0.075896268051, 0.3399160467]
    ],
    [
      [0, 0.43072442758, 0.1233521864, 0.027065440786, 0.018858088847, 0.39999985638],
      [0, 0.078993068275, 0.71844393786, 0.022358389725, 0.12466081677, 0.055543787377],
      [0.027217817701, 0.014952082567, 0.1043619832, 0.73943144933, 0.060676732101, 0.053359935102],
      [0.033869391817, 0.011232737973, 0.36220726695, 0.063406161938, 0.11659303939, 0.41269140194]
    ],
    [
      [0.00011878346976, 0.35515742187, 0.15262565607, 0.027865279427, 0.019667895393, 0.44456496377],
      [0.0011343855086, 0.055123558215, 0.76165373971, 0.019363598289, 0.1104533776, 0.052271340677],
      [0.047199031244, 0.008815356414, 0.12029724788, 0.70782807621, 0.059995294981, 0.05586499327],
      [0.050065102667, 0.008026230661, 0.38760337205, 0.057116812841, 0.10151350704, 0.39567497474]
    ],
    [
      [0.00010498910005, 0.46637872948, 0.15330898099, 0.03786494964, 0.011817195533, 0.33052515526],
      [0.0004865158668, 0.076192654509, 0.78783240294, 0.02007606156, 0.070591555229, 0.044820809892],
      [0.053081807957, 0.010070850053, 0.094820690752, 0.77622828542, 0.030017319456, 0.035781046358],
      [0.078077099621, 0.011757176141, 0.43125551334, 0.086414947798, 0.06653198142, 0.32596328168]
    ],
    [
      [0.00010842472417, 0.44458292222, 0.1960866313, 0.056942704974, 0.015786897211, 0.28649241957],
      [0.00032274052443, 0.057327048981, 0.81097112793, 0.024655141622, 0.076077030797, 0.030646910151],
      [0.046954340054, 0.0057323022426, 0.085509445218, 0.81245007339, 0.028219272432, 0.021134566664],
      [0.085608396772, 0.0095917808309, 0.47403640346, 0.11168567164, 0.076226515256, 0.24285123204]
    ],
    [
      [0.00018887997466, 0.3613824933, 0.19758438245, 0.035130079049, 0.020596933287, 0.38511723194],
      [0.0010748884473, 0.041448466416, 0.80295972647, 0.016044098733, 0.096872439952, 0.041600379981],
      [0.055296559917, 0.0051158492273, 0.12355043274, 0.72181532792, 0.052369465943, 0.041852364253],
      [0.066451825117, 0.0071649260838, 0.45489799317, 0.065494503922, 0.095397948958, 0.31059280275]
    ],
    [
      [6.7437232904e-05, 0.56548829576, 0.13488552066, 0.042770841103, 0.0099748363368, 0.2468130689],
      [9.8788845155e-05, 0.099806581371, 0.77081304527, 0.025284406309, 0.066379327306, 0.037617850897],
      [0.039729062085, 0.0095524566674, 0.078832207054, 0.8230764131, 0.023363361169, 0.025446499922],
      [0.073770848523, 0.016405974683, 0.44416631265, 0.11455149733, 0.066339958715, 0.2847654081]
    ],
    [
      [0.00019879054313, 0.63116313061, 0.12382731536, 0.058800061789, 0.012238701123, 0.17377200058],
      [0.00087563708695, 0.11481009574, 0.73681679167, 0.039643424972, 0.084832014751, 0.02302203578],
      [0.059013770527, 0.0064864118162, 0.055370326279, 0.84837754595, 0.02249359411, 0.0082583513207],
      [0.14301235841, 0.018072991731, 0.40436220796, 0.15542403139, 0.079643198749, 0.19948521176]
    ],
    [
      [0, 0.56760119153, 0.12246985522, 0.036287512338, 0.011421030627, 0.26222041028],
      [0, 0.10516478558, 0.74690041971, 0.024252283205, 0.080829425219, 0.04285308629],
      [0.028309386898, 0.011512271779, 0.084561197988, 0.81110862917, 0.032521845946, 0.031986668216],
      [0.054196509813, 0.01756260024, 0.42673452415, 0.10204972483, 0.078807835722, 0.32064880525]
    ],
    [
      [8.9508166781e-05, 0.44399426448, 0.16939010123, 0.048164022348, 0.016698591174, 0.3216635126],
      [0.00030946613696, 0.064865823653, 0.78245001686, 0.02270195528, 0.090004869776, 0.039667868296],
      [0.050729960262, 0.0073545432309, 0.084459811211, 0.79425890511, 0.034643934999, 0.02855284519],
      [0.084256981196, 0.010149159738, 0.43259402086, 0.099782422177, 0.08519797398, 0.28801944205]
    ],
    [
      [1.982497738e-05, 0.4619413349, 0.13632313741, 0.023598584462, 0.008580264667, 0.36953685358],
      [0, 0.084686283759, 0.78808626471, 0.01953609246, 0.057034845268, 0.050656513808],
      [0.038966058996, 0.015142228126, 0.13006288825, 0.72634386031, 0.032720792173, 0.056764172149],
      [0.042231592928, 0.012940416188, 0.42585303021, 0.058715430501, 0.054615870125, 0.40564366004]
    ],
    [
      [0.00012705192639, 0.63945720374, 0.084376311101, 0.060175207652, 0.0093958503337, 0.20646837524],
      [0.00056055807968, 0.15426191529, 0.66126022272, 0.05572037715, 0.085736894332, 0.042460032428],
      [0.045258448174, 0.00097266479738, 0.033271812142, 0.88925658716, 0.016147816072, 0.015092671655],
      [0.12356001136, 0.021627651104, 0.32226636318, 0.18416163579, 0.072013033634, 0.27637130493]
    ],
    [
      [0.00028373072047, 0.39608913808, 0.21553217315, 0.034218117029, 0.025199482022, 0.32867735899],
      [0.0020575496376, 0.042110036896, 0.80055011467, 0.015381276773, 0.1066764135, 0.033224608525],
      [0.045555301929, 0.006112219278, 0.13414642383, 0.71484218475, 0.063313233123, 0.036030637089],
      [0.052818703163, 0.0079638594182, 0.49494578234, 0.063364937465, 0.11822538919, 0.26268132842]
    ],
    [
      [0.00010499815493, 0.37822953272, 0.191271935, 0.058120558895, 0.015671471712, 0.35660150351],
      [0.00037588719902, 0.047346587113, 0.8090458755, 0.025484375635, 0.077266461148, 0.040480813406],
      [0.047358870683, 0.00309400249, 0.082291879712, 0.81290129, 0.027494575821, 0.026859381295],
      [0.083907942505, 0.0076442566723, 0.44017943486, 0.10855828633, 0.072036774433, 0.28767330519]
    ],
    [
      [0.00030084444455, 0.18655851864, 0.17418524682, 0.005829969154, 0.0081279001813, 0.62499752076],
      [0.0058355506648, 0.013655518489, 0.8773212254, 0.0073381548962, 0.046028634278, 0.049820916271],
      [0.027060223164, 0.0081106597671, 0.33053387536, 0.38778985459, 0.063508505122, 0.182996882],
      [0.0089041644582, 0.0036109553855, 0.41870867439, 0.010810247285, 0.039268029871, 0.51869792861]
    ],
    [
      [2.1454092959e-05, 0.43880272576, 0.16571394489, 0.038957106757, 0.017130185259, 0.33937458324],
      [0, 0.065142056259, 0.77884593339, 0.020114949826, 0.093604873994, 0.042292186535],
      [0.041087559088, 0.0091222727036, 0.099642249425, 0.77209093709, 0.042218320869, 0.035838660821],
      [0.059919421514, 0.01044589125, 0.43948244856, 0.083531258171, 0.091090939006, 0.3155300415]
    ],
    [
      [0.00012548505857, 0.51658934887, 0.18902430507, 0.030008694848, 0.013286403983, 0.25096576217],
      [0.00068117646819, 0.071581524904, 0.81724916051, 0.015625251762, 0.066717206436, 0.028145679916],
      [0.047062514358, 0.013306323578, 0.13835712754, 0.72887581195, 0.040265740693, 0.032132481885],
      [0.058361823844, 0.013129714672, 0.53560011485, 0.068391058439, 0.075518828604, 0.2489984596]
    ],
    [
      [0.00022214204153, 0.5156280093, 0.14659709727, 0.058091569147, 0.021076267829, 0.25838491442],
      [0.00092911182173, 0.08112192747, 0.73208325859, 0.030288331462, 0.12205191731, 0.033525453347],
      [0.059545960958, 0.0081530890019, 0.062033758119, 0.81695262369, 0.034716240811, 0.018598327416],
      [0.12073272267, 0.012119946239, 0.38876690768, 0.12528488257, 0.11348055958, 0.23961498126]
    ],
    [
      [8.1235693858e-05, 0.69844228537, 0.091486789127, 0.031932315879, 0.0077669622495, 0.17029041168],
      [0.00036238349276, 0.1515385619, 0.71431620069, 0.027645040584, 0.070351185689, 0.035786627644],
      [0.040028387221, 0.0028345128191, 0.08135531372, 0.82649787532, 0.02550457518, 0.023779335743],
      [0.077967368037, 0.028208832916, 0.42124658765, 0.12091892101, 0.071259424361, 0.28039886603]
    ],
    [
      [0.00011375614449, 0.52755292993, 0.13292716917, 0.046997745521, 0.011664681073, 0.28074371816],
      [0.0004112361415, 0.094266356718, 0.75734893385, 0.027821094776, 0.077369974241, 0.042782404275],
      [0.047820277486, 0.0086164422805, 0.070259453986, 0.82147995866, 0.025392345262, 0.026431522326],
      [0.089844812491, 0.014384083831, 0.40661343182, 0.11668619312, 0.071332329799, 0.30113914895]
    ],
    [
      [0.0057469346857, 0.4647463245, 0.1214444509, 0.083978571215, 0, 0.32408371869],
      [0.046895107224, 0.080421100039, 0.7686379287, 0.054089448345, 0, 0.049956415692],
      [0.071640032346, 0.0052208180345, 0.02497903537, 0.87928808303, 0, 0.018872031216],
      [0.2426371581, 0.0091958028384, 0.30452101035, 0.16768095855, 0, 0.27596507016]
    ],
    [
      [6.8618117223e-05, 0.42521575289, 0.1416410672, 0.050112644481, 0.017343158932, 0.36561875838],
      [9.4331056922e-05, 0.070045481425, 0.74590632247, 0.027093850775, 0.10634579723, 0.05051421704],
      [0.042376166308, 0.0076802579621, 0.068622706827, 0.81451253214, 0.035265585052, 0.031542751706],
      [0.074533861647, 0.0099593671923, 0.3758865342, 0.10787753626, 0.092118893031, 0.33962380767]
    ],
    [
      [0.00030918979357, 0.50836314206, 0.11200794869, 0.098671531217, 0.015870996159, 0.26477719208],
      [0.00080385861981, 0.095811356807, 0.68049255977, 0.069823152434, 0.1123408808, 0.040728191568],
      [0.065319482376, 0.0049056464993, 0.013159218057, 0.89147056636, 0.015963830408, 0.0091812563032],
      [0.19357235931, 0.011187004207, 0.28384319419, 0.19866801263, 0.08044741344, 0.23228201622]
    ],
    [
      [9.8546800336e-05, 0.67206687165, 0.10271430819, 0.037856007539, 0.0061626706983, 0.18110159512],
      [0.00022327008557, 0.11372416069, 0.77224272667, 0.027955340838, 0.052116656103, 0.033737845607],
      [0.068632357516, 0.012874805371, 0.065313651387, 0.81587209695, 0.014750506186, 0.022556582592],
      [0.13465627085, 0.016935144994, 0.415736013, 0.12333623017, 0.049736805801, 0.25959953519]
    ],
    [
      [5.4427681261e-06, 2.9712861976e-155, 0.075436640888, 3.4013600259e-15, 8.3694173872e-06, 0.92454954693],
      [0, 0, 1, 0, 0, 0],
      [0, 4.2787760042e-64, 7.2585323362e-61, 1, 8.6077573472e-63, 4.6998901999e-64],
      [0, 0, 1, 0, 0, 0]
    ],
    [
      [0, 0.35239382325, 0.26143347208, 0.090234831382, 0.019358944725, 0.27657892857],
      [0.0021863594934, 0.023401543221, 0.8460396241, 0.035956744521, 0.072845381872, 0.019570346794],
      [0.020061074957, 0, 0.083542138585, 0.86326982583, 0.023580392239, 0.0095465683856],
      [0.063126968263, 0.0058596028595, 0.51791804602, 0.1449669765, 0.076635066238, 0.19149334013]
    ],
    [
      [5.1853734583e-05, 0.47340020809, 0.16826447263, 0.052853389789, 0.016635209356, 0.28879486641],
      [0, 0.069601889312, 0.77944809285, 0.025744411076, 0.089765844962, 0.035439761798],
      [0.043954284985, 0.0076048639776, 0.07895388389, 0.8137225146, 0.03225853302, 0.023505919525],
      [0.081457996954, 0.011176937158, 0.44172125773, 0.11244492695, 0.087215425237, 0.26598345598]
    ],
    [
      [0.00021066657802, 0.5127620059, 0.20371991156, 0.051292654941, 0.01672156661, 0.21529319442],
      [0.0013205172158, 0.064097918966, 0.81603527152, 0.0207255356, 0.078636003753, 0.019184752948],
      [0.057029593636, 0.0089774717683, 0.093974689664, 0.793649149, 0.033399375604, 0.012969720329],
      [0.098372829409, 0.011334462107, 0.51273314682, 0.10487727654, 0.083762341414, 0.18891994371]
    ],
    [
      [0.00014013855933, 0.4944935846, 0.1315607901, 0.033006566321, 0.00854617793, 0.33225274249],
      [0.00031045305851, 0.092352453456, 0.77556709752, 0.0210636411, 0.059739310344, 0.050967044519],
      [0.052113661987, 0.011616823244, 0.096292517796, 0.77567678473, 0.024295548868, 0.040004663372],
      [0.073630974079, 0.013839489495, 0.41008443094, 0.083085800423, 0.055169552841, 0.36418975222]
    ],
    [
      [0, 0.69904082472, 0.08953481612, 0.044383483993, 0.0019366415875, 0.16510423358],
      [0.0060480485913, 0.16630320937, 0.72448551337, 0.043266961158, 0.024767803368, 0.035128464151],
      [0.024220377286, 0.0023120633712, 0.066519255876, 0.889247806, 0, 0.01770049747],
      [0.074747743538, 0.028225360917, 0.41785441953, 0.16467421624, 0.039457056155, 0.27504120362]
    ]
  ],
  "expected_outcome": [
    [
      [0, 0, 0.0011606525666, 0.0058593740842, 0.00045430501755, 0.0033523924975, 0.0018700961648, 0, 5.4630018458e-05, 0.0018206380234, 0.00087627201565, 0.00061628846966, 0.0015847681793, 0.00033528961547, 0.0041325758848, 0, 0, 0, 0.00067638309556, 0.22353470515, 0.078036510322, 0.00044764990731, 0.00075694650951, 0.00020926930174, 0.0018628506231, 9.4730242777e-06, 0, 0.0012148432728, 0.22380357651, 0.0009814771698, 0.0024209207868, 0, 0.0004869969573, 0.0067420235745, 0.10204520482, 0, 0.00076977852759, 0.0014838188739, 0, 0.00071992932443, 0.0032429645058, 0, 0.0052032912107, 0.027763474925, 0, 0, 1.2907921364, 0.0013461648944, 0, 0.002494452865, 0.0044095422019, 0.0062886340016, 0.0088773588088, 0.0024277403846, 0.0051685541214, 0, 0.0024167205031, 0.00089212398208, 0.0054632328346, 0.0056746144095, 0.0039899298872, 0.0012033777782, 0.0018450519945, 0.0084074989245, 0.0053314089967, 0.0025183065096, 0.0060290756582, 0.045975477486, 0.00061756305501, 0.0068021754586, 9.8546800336e-05, 0, 0, 0.0057557645387, 0.0025279989362, 0.019339121188, 0],
      [0, 0, 3.5544469914, 10.5672207753, 1.1205543087, 7.6035248686, 3.3740801148, 5.3761385591, 8.1206414334, 6.7750973667, 3.7394178092, 1.2304954627, 6.6134440244, 5.3254958665, 6.2301217646, 0, 1.7527928179, 8.5583909944, 6.7278410733, 0, 0, 0.94065039342, 1.5887699911, 0.5964207673, 5.2776268081, 0.91921421663, 2.407812669, 5.5360424345, 0, 1.9041615226, 4.0553921927, 5.8402334569, 2.8639993137, 12.980621616, 0.9916938946, 7.5667195314, 1.6605709082, 3.7823272078, 8.107160312, 0.99449990551, 4.8049362989, 3.3535794168, 4.2949868192, 1.4297152629, 0, 1.4955208091, 0, 15.8850528248, 6.4608664137, 7.4583058593, 19.5879066381, 25.7858094885, 16.9849771851, 20.3575786474, 16.4102413958, 31.7856667258, 11.9878451408, 20.7873600706, 27.4966597609, 7.9217827617, 14.3727222435, 0.74623407456, 37.7370344152, 34.611486374, 12.3750722231, 21.6517108464, 27.9603052865, 3.717970596, 3.826941776, 11.1839891254, 0.67206687165, 0, 4.5811197023, 52.5474230977, 6.1531440708, 68.2401146746, 13.9808164944],
      [0, 0, 0.6397286074, 5.7993673037, 0.25895146334, 3.9609197845, 0.83781500905, 2.9246604524, 2.0923261645, 2.7378713338, 1.8128202747, 0.72794877559, 3.4002148518, 0.91137994746, 1.2863495337, 0, 0.17476956524, 2.3043127652, 3.2188648201, 0.29726443075, 0.073773123065, 0.51722751872, 0.6656306064, 0.17322728359, 1.9946143868, 0.021136228886, 1.802492216, 2.0936121687, 0.16654496565, 0.033024639863, 0.28707102741, 0.83961567765, 0.67436580249, 6.5847382077, 1.373700035, 3.6725263687, 0.36420172572, 0.71310547054, 0.94276100758, 0.001669441512, 2.8155137793, 1.5039307013, 1.5420083994, 0.4754937758, 0, 0.47481183589, 1.3475750557, 5.9178306923, 1.850282796, 3.2051387774, 6.4389772014, 11.3730246155, 9.2864659753, 4.8558787439, 3.2195101993, 6.8583118925, 4.5735327333, 6.1345411837, 3.6281813773, 4.3106434631, 7.26833353, 0.69674098727, 14.2513992607, 12.6646284397, 3.5183303345, 2.8360904629, 7.0451399662, 0.97155560722, 1.2747696048, 2.4641748711, 0.10271430819, 0, 3.398635137, 18.6773564614, 2.4446389387, 18.1553890339, 1.7906963224],
      [0, 0, 0.33002585656, 1.0859153181, 0.19074225588, 0.95420868959, 0.39927321197, 0.53389793832, 0.40422050742, 0.54455585125, 0.34192808767, 0.22857577984, 0.82337204834, 0.52510230218, 0.53251817137, 0, 0.072437616903, 1.161533324, 0.9495517555, 0.15071819403, 0.050454827099, 0.41052369383, 0.46891694412, 0.064556798011, 0.62774196528, 0.012760420421, 0.25473704943, 0.47380664006, 0.14187496348, 0.013299539311, 0.051773645338, 0.28343088716, 0.27141063563, 2.5149338553, 0.080450963778, 0.67045137949, 0.25290837734, 0.4655021071, 0.2683743477, 0.0011424289714, 1.6577914034, 0.37326127854, 0.38978874831, 0.38677423501, 0, 0.27232643287, 0.98168131764, 2.0631534637, 0.4059816118, 0.58517086798, 1.5903278849, 3.3026768885, 1.6511137153, 1.5397502797, 1.5288016065, 2.0321006909, 1.3004286034, 1.0619363008, 2.5875339291, 0.68436234058, 2.208581238, 0.023319876616, 3.3503111811, 2.0105825548, 1.3941976595, 0.98990179225, 2.4908805126, 0.67182856972, 0.45101380033, 2.1707736868, 0.037856007539, 0, 1.173052808, 5.8667262665, 0.61551185929, 4.5549061524, 0.88766967985],
