{
  "X": [
    [0, 10, 13, 5],
    [6, 5, 37, 5],
    [0, 4, 4, 5],
    [11, 8, 83, 18],
    [68, 221, 786, 183],
    [39, 92, 371, 73],
    [65, 151, 709, 123],
    [7, 22, 73, 9],
    [53, 98, 323, 87],
    [38, 160, 619, 109],
    [27, 108, 448, 97],
    [28, 27, 424, 54],
    [28, 9, 269, 44],
    [112, 18, 686, 92],
    [46, 7, 351, 33],
    [88, 19, 595, 67],
    [43, 10, 267, 40],
    [87, 20, 498, 48],
    [23, 9, 232, 28],
    [36, 58, 210, 36],
    [28, 294, 655, 146],
    [20, 172, 536, 95],
    [13, 235, 431, 103],
    [9, 314, 652, 130],
    [10, 130, 335, 59],
    [27, 285, 765, 149],
    [17, 226, 507, 89],
    [12, 228, 514, 111],
    [28, 175, 524, 98],
    [47, 176, 565, 98],
    [13, 144, 390, 65],
    [0, 97, 256, 43],
    [10, 142, 224, 61],
    [4, 70, 231, 35],
    [3, 33, 87, 29],
    [91, 479, 1535, 252],
    [39, 58, 246, 34],
    [229, 461, 1718, 321],
    [1, 34, 85, 25]
  ],
  "W": [
    [10, 14, 0, 0, 4],
    [30, 8, 0, 7, 8],
    [3, 6, 0, 0, 4],
    [84, 12, 0, 8, 16],
    [724, 291, 51, 55, 137],
    [364, 122, 16, 24, 49],
    [670, 176, 42, 47, 113],
    [62, 28, 4, 7, 10],
    [312, 119, 24, 36, 70],
    [579, 188, 52, 21, 86],
    [436, 138, 29, 22, 55],
    [415, 38, 17, 35, 28],
    [283, 18, 7, 21, 21],
    [667, 43, 14, 102, 82],
    [350, 14, 5, 48, 20],
    [584, 39, 11, 85, 50],
    [266, 18, 8, 39, 29],
    [494, 30, 14, 78, 37],
    [219, 11, 5, 32, 25],
    [210, 71, 9, 25, 25],
    [491, 418, 59, 24, 131],
    [449, 222, 42, 16, 94],
    [336, 334, 34, 11, 67],
    [522, 419, 53, 9, 102],
    [279, 162, 24, 4, 65],
    [650, 358, 56, 21, 141],
    [411, 309, 22, 14, 83],
    [369, 375, 31, 12, 78],
    [454, 244, 34, 18, 75],
    [505, 222, 31, 44, 84],
    [321, 182, 24, 16, 69],
    [184, 145, 21, 1, 45],
    [173, 180, 25, 12, 47],
    [174, 101, 27, 5, 33],
    [82, 52, 6, 3, 9],
    [1292, 664, 124, 75, 202],
    [235, 73, 8, 33, 28],
    [1747, 586, 50, 158, 188],
    [69, 48, 4, 5, 19]
  ],
  "method": "mvn_cdf",
  "mvncdf_method": "genz",
  "mvncdf_samples": 5000,
  "mvncdf_error": 1e-06,
  "cond_prob": [
    [
      [0, 0.001555175928, 0.85203437691, 0.14641044716],
      [0, 0.68064930781, 0.1481215826, 0.17122910959],
      [0.006358020758, 0.16025560179, 0.59990689897, 0.23347947849],
      [0.90678626887, 0.0039215700543, 0.076891138436, 0.012401022638],
      [0, 0.11383948285, 0.60148851864, 0.28467199851]
    ],
    [
      [0, 0.00067836910835, 0.91754017973, 0.081781451162],
      [0, 0.56107668973, 0.29804672009, 0.14087659018],
      [0.03571894039, 0.078133146448, 0.7539987285, 0.13214918466],
      [0.82997118567, 0.0031358747694, 0.1555046364, 0.011388303164],
      [0.023775212539, 0.058635535691, 0.75011104908, 0.16747820269]
    ],
    [
      [0, 0.0021234695045, 0.99666795275, 0.0012085777443],
      [0, 0.55002822392, 0, 0.44997177608],
      [0.0041188002969, 0.23422927057, 0.75983245337, 0.0018194757649],
      [0.25565332383, 0.043904229939, 0.69945227187, 0.00099017436582],
      [0, 0.17336506198, 0.25249903544, 0.57413590258]
    ],
    [
      [0, 0.00098537180786, 0.85739379872, 0.14162082947],
      [0, 0.57868011715, 0.21526970779, 0.20605017505],
      [0.2106192694, 0.08363400361, 0.5174823899, 0.18826433709],
      [0.96823104896, 0.00084123682555, 0.026863230134, 0.004064484083],
      [0.20338447552, 0.06039609173, 0.51129866082, 0.22492077193]
    ],
    [
      [0.00067572786946, 0.0025391698072, 0.86400709276, 0.13277800957],
      [1.1874172298e-18, 0.6754834864, 0.17160879571, 0.15290771789],
      [0.096415979915, 0.14907884603, 0.56215577219, 0.19234940187],
      [0.90056202704, 0.0042812128709, 0.083259920369, 0.011896839723],
      [0.095347785108, 0.10771867637, 0.56402529408, 0.23290824444]
    ],
    [
      [0, 0.0017072116276, 0.87398272888, 0.12431005949],
      [0, 0.6923354807, 0.17176620106, 0.13589831824],
      [0.28696153504, 0.12190779028, 0.45354196393, 0.13758871074],
      [0.97299459387, 0.0011929542605, 0.022910497905, 0.0029019539636],
      [0.22564786095, 0.10070389338, 0.49200585278, 0.18164239289]
    ],
    [
      [6.2880982655e-05, 0.0022447704867, 0.88444470834, 0.11324764019],
      [0, 0.72886930274, 0.1584362121, 0.11269448516],
      [0.13634565412, 0.16857344842, 0.54597819835, 0.14910269912],
      [0.93109901699, 0.0035115589768, 0.058694502954, 0.0066949210829],
      [0.13689998646, 0.12362724235, 0.55617297444, 0.18329979674]
    ],
    [
      [0.00040830445021, 0.00067218629943, 0.92591902919, 0.07300048006],
      [6.6621253474e-19, 0.71945731332, 0.19136561065, 0.08917707603],
      [0.058130617135, 0.15716737834, 0.66708636161, 0.11761564292],
      [0.87954334441, 0.004877449572, 0.10764718042, 0.0079320255988],
      [0.05853592447, 0.11507080161, 0.68129073826, 0.14510253566]
    ],
    [
      [0, 0.0021861621087, 0.84246986713, 0.15534397076],
      [0, 0.71013382449, 0.13907596531, 0.1507902102],
      [0.21063881367, 0.15316682511, 0.44931873568, 0.18687562555],
      [0.96096468433, 0.0020779063261, 0.031493022666, 0.0054643866793],
      [0.19071342623, 0.12944548396, 0.45259947303, 0.22724161677]
    ],
    [
      [0.00023115902325, 0.0024125117835, 0.88502024543, 0.11233608377],
      [0, 0.73636603388, 0.15461519451, 0.10901877161],
      [0.13238603139, 0.17439613579, 0.54555309412, 0.14766473869],
      [0.92993795218, 0.0036939745156, 0.059626737126, 0.0067413361754],
      [0.13317893369, 0.12814149746, 0.55679882508, 0.18188074377]
    ],
    [
      [0.00062342335175, 0.0022308729565, 0.86323735978, 0.13390834391],
      [9.8110896718e-19, 0.69425183908, 0.16152769437, 0.14422046655],
      [0.084807179283, 0.1613784694, 0.56147386525, 0.19234048607],
      [0.89277069193, 0.0049798231905, 0.089457797332, 0.012791687546],
      [0.08414225449, 0.11692825227, 0.56521592143, 0.23371357181]
    ],
    [
      [0.00055500286398, 0.0015369737554, 0.9027277847, 0.095180238678],
      [5.2404856406e-19, 0.58684850358, 0.26091405667, 0.15223743975],
      [0.034793499067, 0.10355832256, 0.70415966816, 0.15748851021],
      [0.74917392885, 0.0063678889979, 0.22358147013, 0.020876712026],
      [0.034182029202, 0.074233755611, 0.70204176362, 0.18954245156]
    ],
    [
      [0, 0, 0.87671688846, 0.12328311154],
      [7.001697489e-18, 0.46180590985, 0.30213642141, 0.23605766874],
      [0.29987417513, 0.048765903914, 0.50143792263, 0.14992199833],
      [0.94185366659, 0, 0.055349709787, 0.0027966236193],
      [0.29152160836, 0.016482490256, 0.51325026748, 0.1787456339]
    ],
    [
      [0.00040040308813, 0, 0.90217357636, 0.097426020549],
      [3.7163911289e-18, 0.40324183979, 0.3680275449, 0.22873061531],
      [0.16872759734, 0.047185777776, 0.63716663156, 0.14691999332],
      [0.93808884458, 0, 0.055739060202, 0.0061720952188],
      [0.16689856866, 0, 0.65633320918, 0.17676822216]
    ],
    [
      [0.00022491630591, 0, 0.92418287919, 0.075592204507],
      [3.4285862264e-18, 0.45032616153, 0.37274436947, 0.17692946899],
      [0.10451712308, 0.054165142716, 0.71195821753, 0.12935951668],
      [0.90215795285, 0, 0.091035177386, 0.0068068697596],
      [0.10475559703, 0.021230401248, 0.71940457548, 0.15460942624]
    ],
    [
      [0.00033350515483, 0, 0.91462769603, 0.08503879882],
      [3.7343332213e-18, 0.44962209832, 0.3609584752, 0.18941942648],
      [0.14536136881, 0.054635051804, 0.66598209313, 0.13402148626],
      [0.9275741675, 0, 0.066891280845, 0.0055345516592],
      [0.14724907391, 0.017275051917, 0.67536966185, 0.16010621233]
    ],
    [
      [0.00040254752379, 0, 0.8907465677, 0.10885088478],
      [3.6926535228e-18, 0.48323087097, 0.30715614944, 0.20961297959],
      [0.16726245867, 0.061586225209, 0.61146105553, 0.15969026059],
      [0.94298139155, 0, 0.050521215137, 0.0064973933085],
      [0.16477753168, 0.027901880032, 0.60933056784, 0.19799002045]
    ],
    [
      [0.00061328362369, 0, 0.9239440163, 0.07544270008],
      [4.5464610807e-18, 0.56638979222, 0.29326719871, 0.14034300907],
      [0.23445317301, 0.073557705285, 0.58471510163, 0.10727402008],
      [0.95961973719, 0.00021283678919, 0.037348439272, 0.0028189867478],
      [0.23146902613, 0.053024245669, 0.58579595412, 0.12971077408]
    ],
    [
      [0.0063582148532, 0.0019134763652, 0.9004171595, 0.091311149286],
      [3.4596034672e-19, 0.56635479728, 0.27902977288, 0.15461542984],
      [0.022033482287, 0.092375096946, 0.73069747878, 0.15489394199],
      [0.65493110201, 0.0075742229436, 0.31007344538, 0.027421229662],
      [0.021583530853, 0.065871811479, 0.72653907691, 0.18600558076]
    ],
    [
      [0, 0.0021418270375, 0.88471872437, 0.1131394486],
      [0, 0.74876684793, 0.14695902799, 0.10427412408],
      [0.40093376164, 0.12487940436, 0.37294108058, 0.10124575342],
      [0.89248742464, 0.038936853698, 0.03623303495, 0.032342686712],
      [0.40317642117, 0.091617365502, 0.38050725187, 0.12469896146]
    ],
    [
      [0, 0.0013580420072, 0.89363415397, 0.10500780403],
      [0, 0.65088620554, 0.21080203079, 0.13831176367],
      [0.054346649584, 0.13491914424, 0.64761758233, 0.16311662385],
      [0.82275322414, 0.00625283434, 0.15471515837, 0.016278783152],
      [0.038530307598, 0.10040053377, 0.65792198758, 0.20314717105]
    ],
    [
      [0, 0.0016075976882, 0.89895453856, 0.099437863752],
      [0, 0.69304041675, 0.18971228458, 0.11724729867],
      [0.057061167047, 0.15613597191, 0.63597813715, 0.15082472389],
      [0.83448178948, 0.0068709561978, 0.14434663598, 0.014300618342],
      [0.045231088854, 0.11442095745, 0.65141124546, 0.18893670823]
    ],
    [
      [0, 0.0014744142467, 0.88809287764, 0.11043270812],
      [0, 0.66609894915, 0.19695872815, 0.13694232269],
      [0.051161243317, 0.14460762752, 0.63488973675, 0.16934139241],
      [0.82101678729, 0.0068419596331, 0.15488638936, 0.017254863724],
      [0.033273627867, 0.10500935677, 0.6496503967, 0.21206661866]
    ],
    [
      [0, 0.0016499256264, 0.8978173468, 0.10053272758],
      [0, 0.69683515817, 0.18651003141, 0.11665481042],
      [0.038705611897, 0.16229289135, 0.64401173546, 0.15498976129],
      [0.77206695216, 0.0096945342763, 0.1983441712, 0.019894342356],
      [0, 0.12231405391, 0.6791561009, 0.19852984518]
    ],
    [
      [0.00016553530463, 0.0017364482617, 0.90063320917, 0.097464807264],
      [1.4696296341e-17, 0.72311296767, 0.17234901868, 0.10453801365],
      [0.072327035797, 0.17212995509, 0.61300248688, 0.14254052224],
      [0.87260487152, 0.0060197313054, 0.11062771956, 0.010747677614],
      [0.072731496997, 0.12640049731, 0.62535727773, 0.17551072797]
    ],
    [
      [0, 0.0018418216224, 0.8899387423, 0.10821943608],
      [0, 0.71493721021, 0.16980891555, 0.11525387424],
      [0.05688354, 0.1733350396, 0.61063986227, 0.15914155813],
      [0.83520732015, 0.0077935515819, 0.14158532683, 0.015413801433],
      [0.044504737849, 0.12755225452, 0.62822057864, 0.19972242899]
    ],
    [
      [0, 0.0015313622318, 0.90841679695, 0.090051840822],
      [0, 0.68813682339, 0.20009608308, 0.11176709353],
      [0.057325246869, 0.15092831365, 0.65202248256, 0.13972395692],
      [0.83535980209, 0.0065150799732, 0.14513091501, 0.012994202928],
      [0.048720570358, 0.11234575511, 0.66788770309, 0.17104597144]
    ],
    [
      [0, 0.00095411030245, 0.90764876495, 0.091397124748],
      [0, 0.57811155566, 0.26701670135, 0.15487174299],
      [0.042716894213, 0.10142459173, 0.70386821244, 0.15199030161],
      [0.78011766737, 0.00549913685, 0.19664091407, 0.017742281703],
      [0.016850823986, 0.098024973592, 0.70213765605, 0.18298654637]
    ],
    [
      [0.00085362834965, 0.0010223584386, 0.8944465206, 0.10367749261],
      [1.3910374638e-18, 0.66624029765, 0.20304666588, 0.13071303647],
      [0.10408891878, 0.13466501328, 0.61046281866, 0.15078324928],
      [0.9064984583, 0.0034907860243, 0.081591805494, 0.0084189501839],
      [0.10341942988, 0.097756960559, 0.61538006455, 0.18344354501]
    ],
    [
      [0, 0.0017080389394, 0.89418230809, 0.10410965297],
      [0, 0.71697876194, 0.17172271426, 0.1112985238],
      [0.0747866711, 0.16968974283, 0.60503577887, 0.1504878072],
      [0.87276569219, 0.0059704443571, 0.10985268354, 0.011411179905],
      [0.074760984992, 0.12434611436, 0.61578410271, 0.18510879794]
    ],
    [
      [0, 0.001742547456, 0.90534586657, 0.092911585969],
      [0, 0.71486824878, 0.18110300621, 0.10402874501],
      [0.034796303568, 0.17196739801, 0.65005670857, 0.14317958985],
      [0.75530778287, 0.010970430057, 0.21403015572, 0.019691631346],
      [0.001158901281, 0.13089676167, 0.68691864061, 0.18102569644]
    ],
    [
      [0, 0.0010748540645, 0.92007546812, 0.078849677812],
      [0, 0.61861912447, 0.25751451449, 0.12386636104],
      [0, 0.11591797808, 0.72920461231, 0.1548774096],
      [6.4646706438e-33, 0.0079770918835, 0.9723155942, 0.019707313916],
      [0, 0.10355998161, 0.73513104026, 0.16130897813]
    ],
    [
      [0, 0.0020162767089, 0.8695621416, 0.1284215817],
      [0, 0.72263021161, 0.15170078299, 0.1256690054],
      [0.029902542643, 0.1880948954, 0.5896509629, 0.19235159906],
      [0.77103636949, 0.011841769001, 0.19173042399, 0.025391437517],
      [0, 0.14326111547, 0.62165041287, 0.23508847165]
    ],
    [
      [0, 0.0010988715571, 0.92044987192, 0.078451256527],
      [0, 0.62550833955, 0.25323973929, 0.12125192117],
      [0.010403146631, 0.1178749296, 0.73296766179, 0.13875426198],
      [0.74382300819, 0.0073661058642, 0.23111588759, 0.017694998353],
      [0, 0.10342425534, 0.73693340341, 0.15964234125]
    ],
    [
      [0, 0.0094362804325, 0.83955979418, 0.15100392539],
      [0, 0.58924947845, 0.18063754497, 0.23011297659],
      [0.037690388464, 0.12048431902, 0.56682149976, 0.27500379275],
      [0.84411902078, 0.005153903952, 0.12546382928, 0.025263245984],
      [0.026833400763, 0.094098277699, 0.55395822808, 0.32511009346]
    ],
    [
      [0, 0.0016990750263, 0.90686882082, 0.091432104151],
      [0, 0.66262916984, 0.21531840797, 0.12205242219],
      [0.079246340422, 0.13435427046, 0.64577595245, 0.14062343666],
      [0.87086201293, 0.0046077205575, 0.11414540961, 0.010384856911],
      [0.078508924843, 0.098086721362, 0.65206404346, 0.17134031034]
    ],
    [
      [0, 0.0021642762194, 0.90554792421, 0.092287799575],
      [0, 0.72790074215, 0.17280705601, 0.09929220184],
      [0.20584613329, 0.1470743989, 0.53045101876, 0.11662844904],
      [0.95623044816, 0.0047230587746, 0.035763867316, 0.0032826257497],
      [0.20705807659, 0.10793517075, 0.54133953398, 0.14366721869]
    ],
    [
      [0, 0.0020692041935, 0.8742468466, 0.12368394921],
      [0, 0.7294610383, 0.15194196709, 0.11859699461],
      [0.3763117563, 0.12454453302, 0.38398908214, 0.11515462853],
      [0.98087816352, 0.0010123990591, 0.016093382183, 0.002016055239],
      [0.29364714015, 0.12517950067, 0.42505615846, 0.15611720072]
    ],
    [
      [0, 0.0014265473382, 0.85485315504, 0.14372029762],
      [0, 0.64287519295, 0.17927917936, 0.17784562769],
      [0.0090576534184, 0.14344658828, 0.61516514801, 0.2323306103],
      [0.19275387727, 0.07182965877, 0.67109518166, 0.064321282301],
      [0, 0.11108549079, 0.61018922066, 0.27872528855]
    ]
  ],
  "expected_outcome": [
    [
      [0, 0, 0, 0, 0.48922697749, 0, 0.042130258379, 0.025314875913, 0, 0.13384107446, 0.27181258136, 0.23032618855, 0, 0.26706885978, 0.078720707069, 0.19476701042, 0.10707764133, 0.3029621101, 1.3924490529, 0, 0, 0, 0, 0, 0.046184349991, 0, 0, 0, 0.38754727074, 0, 0, 0, 0, 0, 0, 0, 0, 0, 0],
      [0.01555175928, 0.02035107325, 0.0063704085134, 0.082771231861, 1.8383589404, 0.62142503244, 1.5039962261, 0.041675550565, 0.68208257791, 1.3968443227, 0.97266060902, 0.63784410849, 0, 0, 0, 0, 0, 0, 0.41905132398, 0.44978367787, 0.66679862552, 0.72181136201, 0.49540318689, 0.86126117699, 0.48446906501, 1.1971840545, 0.62938987725, 0.35206670161, 0.46415073111, 0.86255966439, 0.55935773337, 0.19777314787, 0.34881587064, 0.19120365093, 0.77377499547, 2.195204934, 0.50860491156, 3.614899726, 0.098431766339],
      [8.5203437691, 27.5262053919, 2.9900038583, 72.0210790923, 625.5411351557, 318.1297133121, 592.57795459, 57.4069798098, 262.850598544, 512.4267221011, 376.3714888649, 374.6320306516, 248.1108794335, 601.7497754342, 323.4640077155, 534.1425744786, 236.9385870081, 456.4283440505, 197.1913579294, 185.7909321171, 438.7743695978, 403.6305878135, 298.3992068858, 468.6606550281, 251.2766653582, 578.4601824941, 373.3593035449, 334.9223942662, 406.0787203511, 451.562065586, 290.6160231705, 169.2938861348, 150.434250496, 160.1582777134, 68.8439031226, 1171.6745165034, 212.8037621883, 1527.3092410035, 58.9848676979],
      [1.4641044716, 2.4534435349, 0.0036257332329, 11.8961496758, 96.1312789265, 45.2488616555, 75.8759189255, 4.5260297637, 48.4673188781, 65.0425925017, 58.3840379448, 39.4997990513, 34.8891205665, 64.983155706, 26.4572715774, 49.6626585109, 28.9543353506, 37.2686938394, 19.9971416937, 23.7592842051, 51.5588317767, 44.6476008245, 37.1053899273, 52.4780837949, 27.1926812268, 70.3426334513, 37.0113065778, 33.7255390322, 47.069581647, 52.5753747496, 29.8246190961, 14.5083407174, 22.2169336334, 13.6505186357, 12.3823218819, 118.1302785626, 21.6876329002, 216.0758592705, 9.9167005358]
    ],
    [
      [0, 0, 0, 0, 3.4553841388e-16, 0, 0, 1.8653950973e-17, 0, 0, 1.3539303747e-16, 1.9913845434e-17, 1.260305548e-16, 1.5980481854e-16, 4.800020717e-17, 1.4563899563e-16, 6.6467763411e-17, 1.3639383242e-16, 3.8055638139e-18, 0, 0, 0, 0, 0, 2.3808000072e-15, 0, 0, 0, 3.3941314116e-16, 0, 0, 0, 0, 0, 0, 0, 0, 0, 0],
      [9.5290903093, 4.4886135178, 3.3001693435, 6.9441614059, 196.5656945413, 84.4649286452, 128.2809972824, 20.1448047729, 84.5059251145, 138.43681437, 95.8067537932, 22.3002431359, 8.3125063772, 17.3393991111, 6.3045662615, 17.5352618343, 8.6981556774, 16.9916937667, 6.2299027701, 53.1624462029, 272.0704339162, 153.8549725179, 222.4770490175, 291.973931274, 117.1443007625, 255.9475212569, 212.6342784289, 216.7918333723, 162.562632627, 159.1692851502, 130.1060212785, 89.6997730481, 130.0734380891, 63.1763422942, 30.6409728793, 439.9857687716, 53.1367541768, 427.4641684463, 30.8580092617],
      [2.0737021564, 2.3843737607, 0, 2.5832364935, 49.938159553, 20.955476529, 27.8847733287, 5.3582370982, 16.5500398714, 29.0676565676, 22.2908218228, 9.9147341536, 5.4384555854, 15.8251844306, 5.2184211726, 14.0773805328, 5.52881069, 8.7980159613, 3.0693275017, 10.4340909871, 88.1152488707, 42.1161271769, 65.7842152029, 78.1477031593, 27.9205410263, 60.7915917665, 61.8296896719, 100.1312630069, 49.5433864746, 38.1224425658, 32.9607471303, 37.339604601, 27.3061409387, 25.577213668, 9.3931523382, 142.9714228943, 12.6149150889, 89.0379927136, 8.6054006092],
      [2.3972075343, 1.1270127214, 2.6998306565, 2.4726021006, 44.4961459057, 16.5795948258, 19.8342293889, 2.4969581288, 17.9440350141, 20.4955290624, 19.9024243839, 5.7850227105, 4.2490380374, 9.8354164582, 2.4770125659, 7.3873576329, 3.7730336327, 4.210290272, 1.7007697282, 7.40346281, 57.8143172131, 26.0289003052, 45.7387357796, 48.8783655666, 16.9351582113, 41.2608869766, 34.5360318993, 58.0769036207, 31.8939808984, 24.708272284, 18.9332315913, 17.9606223509, 22.6204209722, 12.2464440378, 11.9658747825, 81.0428083341, 7.2483307343, 69.4978388401, 8.536590129]
    ],
    [
      [0, 0, 0, 0, 4.9172149757, 4.5913845607, 5.7265174729, 0.23252246854, 5.055331528, 6.8840736323, 2.4594081992, 0.59148948414, 2.0991192259, 2.3621863628, 0.52258561539, 1.5989750569, 1.3380996694, 3.2823444221, 0.11016741143, 3.6084038548, 3.2064523255, 2.396569016, 1.7394822728, 2.0513974305, 1.7358488591, 3.18547824, 1.2611554311, 1.3242237206, 3.5390232386, 2.3183868041, 0.83511128564, 0, 0.74756356608, 0.28088495903, 0.22614233078, 9.8265462123, 1.6467690664, 18.8155878152, 0.036230613674],
      [0, 0, 0, 0, 7.6030211477, 1.9505246445, 7.0800848335, 0.62866951337, 3.6760038025, 9.0685990613, 4.6799756125, 1.7604914836, 0.3413613274, 0.66060088886, 0.27082571358, 0.60098556984, 0.49268980167, 1.029807874, 0.46187548473, 1.1239146392, 7.96022951, 6.5577108202, 4.9166593358, 8.6015232413, 4.1311189221, 9.7067622177, 3.3204229003, 3.1441623437, 4.5786104516, 5.2603820276, 4.1272175523, 2.4342775398, 4.702372385, 3.1826230991, 0.72290591412, 16.6599295375, 1.1765951912, 6.227226651, 0.57378635311],
      [0, 0, 0, 0, 28.6699443815, 7.2566714229, 22.9310843306, 2.6683454464, 10.7836496562, 28.3687608944, 16.2827420923, 11.9707143587, 3.5100654584, 8.9203328419, 3.5597910876, 7.3258030244, 4.8916884442, 8.1860114228, 3.6534873939, 3.3564697252, 38.2094373572, 26.7110817603, 21.5862510494, 34.1326219796, 14.712059685, 34.1958322872, 14.3444946162, 21.8199145857, 20.7557358343, 18.756109145, 15.6013610057, 15.3132968585, 14.7412740724, 19.7901268683, 3.4009289986, 80.0762181037, 4.2436081501, 19.1994541071, 2.460660592],
      [0, 0, 0, 0, 9.8098194951, 2.2014193718, 6.262313363, 0.47046257167, 4.4850150132, 7.678566412, 5.5778740959, 2.6773046735, 1.0494539883, 2.0568799065, 0.64679758338, 1.4742363488, 1.2775220847, 1.5018362811, 0.77446970994, 0.91121178076, 9.6238808073, 6.3346384036, 5.757607342, 8.2144573485, 3.4209725338, 8.9119272551, 3.0739270523, 4.71169935, 5.1266304756, 4.6651220233, 3.4363101564, 3.2524256017, 4.8087899765, 3.7463650735, 1.6500227565, 17.4373061465, 0.93302759236, 5.7577314267, 0.9293224412]
    ],
    [
      [0, 5.8097982997, 0, 7.7458483917, 49.530911487, 23.3518702529, 43.7616537983, 6.1568034108, 34.5947286358, 19.5286969959, 19.6409552225, 26.2210875096, 19.7789269985, 95.6850621471, 43.303581737, 78.8438042372, 36.7762742706, 74.8503395009, 20.9577952644, 22.312185616, 19.7460773793, 13.3517086317, 9.0311846602, 6.9486025695, 3.4904194861, 17.5393537232, 11.6950372292, 9.3614120085, 16.3169722494, 38.4016904566, 12.084924526, 6.4646706438e-33, 9.2524364339, 3.719115041, 2.5323570623, 65.3146509694, 31.5556047893, 154.9787498359, 0.96376938633],
      [0, 0.021951123386, 0, 0.0067298946044, 0.2354667079, 0.028630902251, 0.16504327191, 0.034142147004, 0.074804627741, 0.077573464827, 0.10955611019, 0.22287611493, 0, 0, 0, 0, 0, 0.016601269557, 0.24237513419, 0.97342134245, 0.15006802416, 0.10993529916, 0.075261555964, 0.087250808486, 0.024078925222, 0.16366458322, 0.091211119625, 0.065989642199, 0.062834148437, 0.26269955171, 0.1755268809, 0.0079770918835, 0.14210122801, 0.036830529321, 0.015461711856, 0.34557904181, 0.15586093956, 0.15995905134, 0.35914829385],
      [0, 1.0885324548, 0, 0.21490584107, 4.5792956203, 0.54985194971, 2.7586416388, 0.75353026296, 1.133748816, 1.2521614796, 1.9680715413, 7.8253514545, 1.1623439055, 5.6853841406, 4.3696885145, 5.6857588718, 1.9703273903, 2.9131782632, 9.9223502522, 0.90582587376, 3.7131638009, 2.3095461756, 1.7037502829, 1.7850975408, 0.44251087825, 2.9732918634, 2.0318328102, 2.3596909689, 1.4686524989, 4.8335180759, 3.4244824916, 0.9723155942, 2.3007650879, 1.1555794379, 0.37639148785, 8.5609057204, 1.1802076214, 2.542754385, 3.3554759083],
      [0, 0.079718122151, 0, 0.032515872664, 0.65432618478, 0.069646895127, 0.3146612909, 0.055524179192, 0.19671792046, 0.14156805968, 0.28141712601, 0.7306849209, 0.058729096006, 0.62955371232, 0.32672974846, 0.47043689103, 0.25339833903, 0.21988096632, 0.87747934918, 0.8085671678, 0.39069079565, 0.22880989348, 0.18980350097, 0.1790490812, 0.042990710457, 0.3236898301, 0.18191884099, 0.21290738044, 0.15154110331, 0.50209191584, 0.31506610153, 0.019707313916, 0.3046972502, 0.088474991767, 0.075789737951, 0.77886426833, 0.10832664974, 0.31853672776, 0.3216064115]
    ],
    [
      [0, 0.19020170031, 0, 3.2541516083, 13.0626465598, 11.0567451864, 15.4696984704, 0.5853592447, 13.3499398362, 11.4533882974, 4.627823997, 0.95709681765, 6.1219537756, 13.6856826304, 2.0951119405, 7.3624536955, 4.7785484187, 8.5643539669, 0.53958827133, 10.0794105292, 5.0474702953, 4.2517223523, 2.2293330671, 0, 4.7275473048, 6.2751680367, 4.0438073397, 1.3143642709, 7.7564572413, 6.2799227393, 0.079964188386, 0, 0, 0, 0.24150060687, 15.8588028182, 5.7976261444, 55.2056623489, 0],
      [0.45535793139, 0.46908428552, 0.69346024794, 0.96633746768, 14.7574586628, 4.9344907756, 13.969878386, 1.1507080161, 9.0611838773, 11.0201687812, 6.431053875, 2.0785451571, 0.34613229537, 0, 0.42460802495, 0.86375259584, 0.80915452094, 1.9618970897, 1.646795287, 2.2904341375, 13.1524699241, 10.7555700008, 7.0356269038, 12.4760334992, 8.2160323252, 17.9848678876, 9.324697674, 7.6459479402, 7.3317720419, 10.4450736061, 9.031876555, 4.6601991724, 6.7332724272, 3.4130004264, 0.84688449929, 19.813517715, 3.0221847809, 23.5337461253, 2.110624325],
      [2.4059540746, 6.0008883926, 1.0099961417, 8.1807785731, 77.2714652895, 24.1082867863, 62.8475461119, 6.8129073826, 31.6819631124, 47.8846989572, 31.0868756786, 19.6571693815, 10.7782556172, 53.8193231527, 14.3880915097, 33.7684830924, 17.6705864674, 21.6744503023, 18.1634769228, 9.5126812968, 86.1877803734, 61.2326570737, 43.526576579, 69.2739222921, 40.6482230522, 88.5791015887, 55.4346793568, 54.7667371722, 46.1535048411, 51.7258646273, 47.3973862019, 33.0808968115, 29.2175694051, 24.3188023124, 4.9856240527, 131.7169367782, 15.1575069513, 79.9105577908, 11.5935951926],
      [1.138687994, 1.3398256216, 2.2965436103, 3.5987323509, 31.9084294879, 8.9004772517, 20.7128770318, 1.4510253566, 15.9069131741, 15.6417439641, 12.8542464494, 5.3071886438, 3.7536583118, 14.4949942169, 3.0921885248, 8.0053106163, 5.741710593, 4.7992986411, 4.6501395189, 3.1174740364, 26.6122794072, 17.7600505732, 14.2084634501, 20.2500442088, 11.4081973177, 28.1608624869, 14.1968156296, 14.2729506167, 13.7582658757, 15.5491390273, 12.4907730547, 7.2589040161, 11.0491581677, 5.2681972613, 2.9259908411, 34.6107426885, 4.0226821234, 29.3500337349, 5.2957804825]
    ]
  ],
  "prob": [
    [0.00025578802059, 0.0015446898921, 0.89191549801, 0.10628402408],
    [1.3304473538e-18, 0.67739684029, 0.19381744826, 0.12878571145],
    [0.10202350657, 0.14261031368, 0.60167314705, 0.1536930327],
    [0.89950038096, 0.0040103793544, 0.087184394012, 0.0093048456716],
    [0.10153600367, 0.10373929127, 0.60748817447, 0.18723653058]
  ],
  "iterations": 96,
  "time": 0.093442,
  "message": "Converged",
  "status": 0,
  "miniter": 0,
  "maxiter": 1000,
  "maxtime": 3600,
  "param_threshold": 0.001,
  "ll_threshold": "-Inf",
  "initial_prob": "random",
  "adjust_prob_cond_method": "lp",
  "adjust_prob_cond_every": true,
  "candidates_id": ["LEAVASA, Tevaga Sione.c", "BAKSHI, Kanwaljit Singh.c", "ROBERTSON, Harold Valentine Ross.c", "Other candidates votes.c"],
  "group_id": ["Labour Party.p", "National Party.p", "New Zealand First Party.p", "New Zealand Pacific Party.p", "Other parties votes.p"]
}
