{
  "X": [
    [12, 27, 25, 70, 120, 0],
    [15, 28, 37, 64, 172, 0],
    [10, 20, 41, 45, 150, 0],
    [6, 57, 57, 123, 205, 1],
    [18, 38, 28, 102, 232, 1],
    [11, 32, 29, 61, 158, 2],
    [3, 35, 30, 59, 176, 1],
    [27, 28, 39, 66, 231, 1],
    [8, 30, 47, 61, 204, 0],
    [15, 33, 39, 74, 240, 1],
    [11, 36, 38, 75, 190, 0],
    [6, 35, 42, 65, 161, 2],
    [6, 22, 39, 41, 129, 0],
    [17, 14, 47, 16, 141, 0],
    [10, 25, 47, 36, 159, 0],
    [1, 10, 42, 31, 117, 0],
    [15, 23, 35, 70, 141, 0],
    [16, 16, 42, 60, 184, 0],
    [14, 30, 69, 87, 344, 2],
    [7, 22, 44, 67, 271, 0],
    [19, 47, 51, 72, 236, 2],
    [24, 42, 58, 74, 225, 1],
    [15, 44, 39, 103, 138, 2],
    [14, 34, 23, 52, 115, 0],
    [12, 36, 49, 59, 199, 1],
    [13, 48, 28, 82, 143, 1],
    [13, 28, 32, 55, 192, 0],
    [4, 43, 32, 67, 105, 2],
    [7, 24, 36, 47, 93, 1],
    [11, 31, 31, 41, 107, 1],
    [23, 34, 32, 63, 146, 0],
    [12, 50, 34, 97, 146, 0],
    [26, 38, 55, 74, 174, 0],
    [14, 41, 73, 77, 186, 0],
    [10, 52, 48, 79, 159, 0],
    [6, 39, 37, 69, 183, 0],
    [14, 33, 78, 69, 175, 2],
    [7, 31, 59, 77, 160, 0],
    [4, 31, 55, 87, 166, 0],
    [9, 36, 53, 86, 187, 0],
    [12, 31, 43, 75, 163, 1],
    [18, 28, 62, 84, 195, 1],
    [8, 54, 41, 134, 97, 0],
    [5, 55, 50, 118, 124, 0],
    [8, 42, 28, 74, 102, 0],
    [7, 55, 78, 71, 169, 4],
    [4, 42, 60, 93, 160, 2],
    [14, 44, 64, 115, 153, 1],
    [12, 34, 90, 46, 190, 3],
    [16, 27, 68, 31, 158, 1],
    [17, 14, 101, 41, 212, 2],
    [7, 28, 42, 52, 106, 1],
    [11, 28, 50, 47, 138, 3],
    [5, 32, 58, 41, 148, 0],
    [11, 58, 51, 124, 173, 0],
    [6, 34, 49, 91, 159, 0],
    [9, 58, 47, 122, 167, 1],
    [11, 38, 62, 77, 166, 1],
    [4, 30, 67, 71, 205, 2],
    [6, 35, 62, 67, 182, 2],
    [15, 28, 74, 39, 177, 0],
    [3, 31, 67, 35, 165, 2],
    [20, 25, 102, 62, 171, 1],
    [11, 59, 27, 90, 153, 2],
    [7, 48, 36, 59, 128, 0],
    [4, 48, 46, 94, 116, 0],
    [15, 59, 75, 76, 187, 0],
    [7, 48, 63, 97, 163, 0],
    [9, 38, 79, 79, 176, 1],
    [8, 60, 53, 148, 155, 0],
    [18, 44, 39, 131, 148, 0],
    [12, 69, 43, 140, 135, 1],
    [6, 28, 42, 46, 141, 2],
    [8, 23, 51, 53, 128, 0],
    [13, 50, 30, 63, 139, 1],
    [8, 39, 27, 89, 111, 0],
    [113, 741, 833, 1543, 2525, 6]
  ],
  "W": [
    [13, 21, 26, 59, 104, 31],
    [4, 29, 52, 57, 135, 39],
    [4, 16, 51, 43, 126, 26],
    [19, 53, 59, 106, 171, 41],
    [10, 40, 31, 92, 200, 46],
    [7, 37, 44, 46, 127, 32],
    [4, 32, 36, 54, 158, 20],
    [11, 30, 50, 53, 203, 45],
    [18, 29, 58, 46, 170, 29],
    [5, 28, 47, 57, 217, 48],
    [5, 35, 49, 57, 173, 31],
    [7, 29, 44, 60, 146, 25],
    [2, 18, 49, 31, 114, 23],
    [2, 16, 54, 11, 125, 27],
    [1, 20, 56, 27, 140, 33],
    [2, 11, 45, 22, 102, 19],
    [7, 22, 42, 52, 127, 34],
    [4, 12, 47, 52, 170, 33],
    [10, 24, 94, 67, 298, 53],
    [8, 25, 58, 56, 241, 23],
    [12, 39, 52, 54, 211, 59],
    [9, 42, 67, 66, 186, 54],
    [24, 36, 44, 89, 116, 32],
    [19, 29, 27, 51, 99, 13],
    [22, 32, 52, 51, 165, 34],
    [11, 44, 36, 81, 108, 35],
    [7, 18, 41, 47, 163, 44],
    [13, 39, 32, 61, 85, 23],
    [7, 20, 43, 38, 75, 25],
    [8, 22, 41, 37, 94, 20],
    [7, 38, 46, 56, 128, 23],
    [7, 48, 49, 78, 127, 30],
    [19, 35, 50, 56, 150, 57],
    [9, 35, 81, 61, 162, 43],
    [13, 41, 59, 71, 122, 42],
    [19, 38, 41, 59, 145, 32],
    [16, 25, 79, 53, 148, 50],
    [10, 26, 61, 64, 139, 34],
    [20, 18, 68, 69, 134, 34],
    [8, 35, 57, 74, 155, 42],
    [7, 26, 51, 56, 135, 50],
    [10, 25, 75, 62, 160, 56],
    [24, 49, 47, 106, 79, 29],
    [19, 42, 51, 111, 102, 27],
    [15, 28, 24, 74, 81, 32],
    [15, 48, 80, 68, 132, 41],
    [13, 43, 74, 78, 119, 34],
    [10, 40, 80, 107, 114, 40],
    [5, 27, 100, 40, 154, 49],
    [9, 18, 78, 27, 132, 37],
    [6, 13, 102, 35, 180, 51],
    [9, 21, 42, 47, 85, 32],
    [9, 21, 54, 39, 120, 34],
    [9, 28, 60, 38, 130, 19],
    [20, 49, 61, 99, 131, 57],
    [22, 31, 61, 73, 112, 40],
    [22, 41, 61, 112, 136, 32],
    [11, 34, 71, 56, 140, 43],
    [6, 27, 74, 60, 178, 34],
    [7, 21, 69, 62, 154, 41],
    [10, 28, 84, 31, 138, 42],
    [11, 22, 75, 25, 135, 35],
    [4, 28, 114, 51, 138, 46],
    [82, 29, 29, 81, 93, 28],
    [16, 39, 31, 47, 116, 29],
    [32, 26, 49, 82, 85, 34],
    [16, 53, 83, 58, 161, 41],
    [16, 47, 66, 80, 137, 32],
    [21, 30, 70, 75, 149, 37],
    [13, 57, 64, 134, 130, 26],
    [15, 48, 49, 109, 127, 32],
    [30, 61, 45, 124, 115, 25],
    [11, 25, 49, 43, 111, 26],
    [7, 26, 56, 36, 114, 24],
    [11, 32, 37, 48, 131, 37],
    [24, 37, 24, 78, 86, 25],
    [260, 550, 828, 1274, 2130, 719]
  ],
  "method": "mult",
  "cond_prob": [
    [
      [0.017170740905, 0.44953589583, 0.0042286565764, 0.087340026278, 0.44172468041, 0],
      [0.052291981512, 0.7130111068, 0.0022219077246, 0.18237746258, 0.05009754139, 0],
      [0.0715361071, 0.01186993818, 0.61694540554, 0.033110700609, 0.26653784858, 0],
      [0.0083502113889, 0.021670572124, 0.0064732284005, 0.95112222454, 0.012383763544, 0],
      [0.002869655219, 0.0049857172073, 0.002658970521, 0.030387193406, 0.95909846365, 0],
      [0.25895494701, 0.13151946367, 0.26449462737, 0.15797726988, 0.18705369207, 0]
    ],
    [
      [0.0155431949, 0.41298630908, 0.0036301081932, 0.075847717833, 0.49199267, 0],
      [0.05107622426, 0.70709207235, 0, 0.16842237413, 0.073409329259, 0],
      [0.068819286961, 0.008275996083, 0.530884305, 0.020812004583, 0.37120840737, 0],
      [0.00089492057289, 0.0081455545691, 0, 0.91626832461, 0.07469120025, 0],
      [0, 0, 0, 0, 1, 0],
      [0.25197444416, 0.12686503227, 0.24049988993, 0.14109850097, 0.23956213266, 0]
    ],
    [
      [0.013835339223, 0.46057179769, 0.0049124918682, 0.069272238233, 0.45140813299, 0],
      [0.043244866967, 0.74917540503, 0.0029794543981, 0.14698286258, 0.057617411025, 0],
      [0.057604120937, 0.014961502475, 0.63328848193, 0, 0.29414589466, 0],
      [0.011453339597, 0.039397145843, 0.010380331989, 0.90744464743, 0.031324535138, 0],
      [0, 0, 0.0045266249034, 0, 0.9954733751, 0],
      [0.22393988466, 0.14283817043, 0.29300989117, 0.12888713101, 0.21132492273, 0]
    ],
    [
      [0.0051396824991, 0.45241928331, 0.0054625224177, 0.082660528935, 0.44855610622, 0.0057618766211],
      [0.016405953271, 0.74272622846, 0.0033372259906, 0.18059209899, 0.05682281442, 0.00011567887001],
      [0.020279126053, 0.0096270088676, 0.67471356091, 0.027517215586, 0.25774782128, 0.01011526731],
      [0.00097411444971, 0.020890450585, 0.010232713743, 0.94499613712, 0.022750648574, 0.00015593552996],
      [0, 0, 0.0067020621801, 0.017825254807, 0.97488591735, 0.0005867656605],
      [0.091051364399, 0.15261371277, 0.35806143204, 0.1711425336, 0.22296689625, 0.0041640609435]
    ],
    [
      [0.01746456655, 0.40583266472, 0.0037328800275, 0.080356274082, 0.48404029724, 0.0085733173731],
      [0.057646315858, 0.69187442907, 0.0013375929086, 0.1809470492, 0.068057618993, 0.00013699397575],
      [0.077013545707, 0.0099634162419, 0.55494536143, 0.027537505167, 0.3136517723, 0.016888399153],
      [0.0063102205102, 0.0043723395024, 0, 0.93841760942, 0.050761172377, 0.00013865819239],
      [0, 0, 0, 0, 0.99940039951, 0.00059960048591],
      [0.27285959775, 0.1207733707, 0.23273611476, 0.14718418619, 0.2209560775, 0.0054906531005]
    ],
    [
      [0.012902176462, 0.39838087238, 0.0027626852247, 0.085906731442, 0.4835295853, 0.016517949187],
      [0.042811612539, 0.68030808617, 0, 0.19845848701, 0.078410491768, 1.1322507999e-05],
      [0.051948901396, 0, 0.48941045563, 0.069991245684, 0.35516916777, 0.033480229512],
      [0, 0, 0, 0.96704553333, 0.032943085661, 1.1381007143e-05],
      [0, 0, 0, 0, 0.9995953792, 0.00040462080235],
      [0.21999698248, 0.12624795953, 0.23270628611, 0.17162435991, 0.23820831959, 0.011216092379]
    ],
    [
      [0.0045675220291, 0.48730897206, 0.0044893858652, 0.070063239765, 0.42426128612, 0.0093095941594],
      [0.014049642507, 0.7834589137, 0.0012942424698, 0.14655643055, 0.054495924213, 0.00014484656169],
      [0.020312285719, 0.015488800807, 0.64409489187, 0.022425557138, 0.27908732006, 0.018591144412],
      [0.0004393638523, 0.04229604117, 0.0029009804923, 0.92684318549, 0.027289934749, 0.00023049424269],
      [0, 0.0094609346831, 0, 0, 0.98972347999, 0.00081558533076],
      [0.088858670888, 0.18218340706, 0.32982788219, 0.15865445948, 0.23309877222, 0.0073768081598]
    ],
    [
      [0.027763040709, 0.38249277728, 0.0044626793575, 0.086082550854, 0.49211733688, 0.0070816149208],
      [0.090896197449, 0.64866046175, 0.0027892838778, 0.19356677208, 0.06395500914, 0.00013227570788],
      [0.11631497616, 0.00088911543991, 0.55766290519, 0.027091265279, 0.28553639392, 0.012505344013],
      [0.029573638257, 0, 0.0078330973861, 0.93946066458, 0.022976083946, 0.00015651582652],
      [0.001670532278, 0, 0.0031443956785, 0.010320398872, 0.98431139738, 0.00055327579419],
      [0.3610100209, 0.0952957739, 0.22068045038, 0.1334459849, 0.18573984906, 0.0038279208656]
    ],
    [
      [0.0098926885807, 0.40194912049, 0.0046490154284, 0.090394707929, 0.49311446757, 0],
      [0.033277976796, 0.66238236796, 0.0025590506679, 0.23508628525, 0.066694319328, 0],
      [0.034455976803, 0, 0.64249819983, 0.039607470008, 0.28343835336, 0],
      [0.003699480372, 0, 0.0077373143958, 0.96346943059, 0.025093774638, 0],
      [0, 0, 0, 0.0056771268164, 0.99432287318, 0],
      [0.16166370782, 0.12261472966, 0.31797562761, 0.17149842616, 0.22624750875, 0]
    ],
    [
      [0.013405103337, 0.45256812122, 0.0039858435617, 0.083217973218, 0.44008915226, 0.0067338064029],
      [0.041454159692, 0.72647747557, 0.0012905277421, 0.17752796742, 0.053149980595, 9.9888976655e-05],
      [0.0607672396, 0.013411896497, 0.58755471991, 0.032954073149, 0.2916665939, 0.013645476945],
      [0.0045592255247, 0.029739900966, 0, 0.94591615046, 0.019669162478, 0.00011556057365],
      [0, 0.00086908032072, 0, 0.0240471968, 0.97464040532, 0.00044331755743],
      [0.22200670616, 0.16420137829, 0.23601800354, 0.1651838193, 0.20801905526, 0.004571037449]
    ],
    [
      [0.012761039649, 0.46258611127, 0.0042359255774, 0.087780827936, 0.43263609557, 0],
      [0.038623856035, 0.72687482705, 0.00047570047128, 0.18558128269, 0.048444333753, 0],
      [0.056344887092, 0.027692076749, 0.60299374144, 0.037751067137, 0.27521822758, 0],
      [0.0058589514748, 0.027563095628, 0, 0.95280888576, 0.01376906714, 0],
      [0, 0.0043306912184, 0, 0.037827309084, 0.9578419997, 0],
      [0.20933871416, 0.14739460338, 0.27146701693, 0.17295863602, 0.19884102951, 0]
    ],
    [
      [0.0079026012632, 0.49115465349, 0.0059374637687, 0.070716162443, 0.40854244414, 0.015746674891],
      [0.024132900307, 0.77665990115, 0.0054070802482, 0.14641115938, 0.046998571259, 0.00039038765853],
      [0.031529521575, 0.015183738331, 0.67129020726, 0.019224251087, 0.23464593672, 0.028126345023],
      [0.0043926661868, 0.032477895635, 0.016108248166, 0.92867715727, 0.017675366985, 0.00066866575237],
      [0.0013080657798, 0.015735950088, 0.018117058459, 0.0007659609697, 0.96188636785, 0.0021865968552],
      [0.13611964632, 0.16498293419, 0.34613111528, 0.1432294582, 0.19827565535, 0.011261190666]
    ],
    [
      [0.0086899324049, 0.49452356778, 0.004689807461, 0.080108204429, 0.41198848792, 0],
      [0.02565707649, 0.76320651405, 0.0015489868158, 0.16394505703, 0.045642365612, 0],
      [0.038298113139, 0.021377854829, 0.64618531683, 0.033566016997, 0.2605726982, 0],
      [0.0038982621548, 0.027931285615, 0.0071039222205, 0.94557876691, 0.015487763105, 0],
      [0, 0.013080859704, 0, 0.026871711897, 0.9600474284, 0],
      [0.15318865599, 0.16820142889, 0.30780158734, 0.16816177397, 0.20264655381, 0]
    ],
    [
      [0.02682883338, 0.40333154902, 0.006653468948, 0.069768539562, 0.49341760908, 0],
      [0.088453183967, 0.68711813829, 0.0069767480851, 0.15574020011, 0.06171172955, 0],
      [0.10084827674, 0, 0.65274526271, 0.0086484986323, 0.23775796192, 0],
      [0.014523377409, 0.022167593271, 0.01571388945, 0.92474866753, 0.022846472343, 0],
      [0.0017560629756, 0, 0.028396851252, 0, 0.96984708577, 0],
      [0.35948220082, 0.072429746789, 0.29275413764, 0.10108760927, 0.17424630549, 0]
    ],
    [
      [0.01117311225, 0.4945957945, 0.0048761890185, 0.072690753283, 0.41666415094, 0],
      [0.033361925367, 0.76796953091, 0.0025081608422, 0.14830256937, 0.047857813508, 0],
      [0.048647197641, 0.01671049007, 0.64720145833, 0.024520327955, 0.26292052601, 0],
      [0.0057899602016, 0.029666924981, 0.0098796692884, 0.93518602103, 0.019477424502, 0],
      [0.001312745327, 0.014397348891, 0.003481979147, 0.011002367087, 0.96980555955, 0],
      [0.18961309216, 0.16344213104, 0.30143790231, 0.14538683436, 0.20012004013, 0]
    ],
    [
      [0.0020604176846, 0.39225933225, 0.0070477558324, 0.098952164904, 0.49968032933, 0],
      [0.006931582513, 0.69268196257, 0.0056051914277, 0.22955054013, 0.065230723363, 0],
      [0.005601940177, 0, 0.71880316437, 0.029654360922, 0.24594053453, 0],
      [0.00065312715145, 0, 0.025698017317, 0.9552752845, 0.018373571027, 0],
      [0, 0, 0.0038136025051, 0.021934519518, 0.97425187798, 0],
      [0.034377665878, 0.083998934067, 0.45388216577, 0.19416927565, 0.23357195864, 0]
    ],
    [
      [0.019457294241, 0.42267359756, 0.0046658347059, 0.099874112418, 0.45332916108, 0],
      [0.059971333332, 0.67526514054, 0.0021891762721, 0.21302210153, 0.049552248324, 0],
      [0.078171172436, 0.0091989091319, 0.61262395924, 0.043878961119, 0.25612699808, 0],
      [0.0083277384211, 0.016286879839, 0.0056753130578, 0.9637600862, 0.0059499824837, 0],
      [0.0035069458011, 0.00036315870856, 0.00085741338919, 0.05295633743, 0.94231614467, 0],
      [0.27596517206, 0.11488407747, 0.25838127093, 0.17442644931, 0.17634303023, 0]
    ],
    [
      [0.021228980905, 0.42969279507, 0.0056490871858, 0.084966628227, 0.45846250862, 0],
      [0.065875098357, 0.69516643671, 0.0040541903403, 0.18082668911, 0.05407758549, 0],
      [0.080773024332, 0.009857824261, 0.63491529459, 0.026515235632, 0.24793862118, 0],
      [0.010871489933, 0.020679098617, 0.012120246438, 0.94052945503, 0.015799709986, 0],
      [0.0065471683976, 0.0038455697936, 0.013449187485, 0.016192750542, 0.95996532378, 0],
      [0.29242165601, 0.11354102564, 0.27791272224, 0.13889993605, 0.17722466006, 0]
    ],
    [
      [0.010458029375, 0.41434442419, 0.0041671319256, 0.08740250499, 0.47528336758, 0.0083445419391],
      [0.034425123314, 0.70467119292, 0.0020147235328, 0.19694973035, 0.061794387471, 0.00014484240897],
      [0.03749758174, 0.0064062858402, 0.56982929507, 0.071235860689, 0.29934319824, 0.015687778417],
      [0.0039866621143, 0.018966521081, 0.005149243277, 0.94791127614, 0.02385486283, 0.00013143455391],
      [0, 0, 0, 0.0066469777204, 0.992929281, 0.00042374128082],
      [0.17504410758, 0.13342451597, 0.28303815622, 0.17381425763, 0.22895544987, 0.0057235127322]
    ],
    [
      [0.010388525157, 0.38652485601, 0.0051124782673, 0.089470945458, 0.50850319511, 0],
      [0.035467204242, 0.64768187435, 0.0029637304585, 0.22437432525, 0.089512865698, 0],
      [0.033906293769, 5.4938136812e-32, 0.62477128977, 0.050336863363, 0.2909855531, 0],
      [0.0039432201071, 0, 0.0075966477608, 0.96196053285, 0.026499599278, 0],
      [0, 1.3244361808e-18, 0, 2.6488723617e-18, 1, 0],
      [0.16707940557, 0.11807627361, 0.31403738396, 0.16893679958, 0.23187013728, 0]
    ],
    [
      [0.014051820348, 0.46192533474, 0.0048185369297, 0.079004368908, 0.42858917167, 0.011610767406],
      [0.043323768723, 0.73629782269, 0.003040110932, 0.16715211976, 0.049964198732, 0.00022197915942],
      [0.058709387246, 0.013417959515, 0.61951854232, 0.027535221842, 0.25913760111, 0.021681287971],
      [0.0070963172056, 0.025827608213, 0.0097082067127, 0.93969025844, 0.017354786123, 0.00032282330182],
      [0.0027808342289, 0.01008193707, 0.0066168236183, 0.016650614585, 0.9626636805, 0.0012061099972],
      [0.22235433707, 0.14443334641, 0.28285179803, 0.14990897853, 0.19277925247, 0.0076722874871]
    ],
    [
      [0.018669693335, 0.42620014575, 0.0050871322526, 0.072526459824, 0.47204992186, 0.0054666469734],
      [0.060637358885, 0.71233767191, 0.0037099005787, 0.15827083662, 0.06492825578, 0.00011597623185],
      [0.08611201129, 0.0038537887736, 0.61804154133, 0, 0.28227518306, 0.0097174755485],
      [0.010413695456, 0.021989036149, 0.025630096013, 0.91016305805, 0.031633068192, 0.00017104613642],
      [0, 0, 0, 0, 0.9994520958, 0.00054790420128],
      [0.27459990797, 0.1210469673, 0.27218574777, 0.12276157208, 0.20604174771, 0.0033640571724]
    ],
    [
      [0.017851783255, 0.45108964452, 0.0057427174967, 0.087169015389, 0.42359147783, 0.014555361506],
      [0.053861671573, 0.71503712821, 0.0042586114604, 0.18179654779, 0.044744414597, 0.00030162636531],
      [0.069157981801, 0.011552499905, 0.62366104033, 0.032356734368, 0.2376095545, 0.025662189095],
      [0.0099461817932, 0.022843720191, 0.01203738851, 0.95125572084, 0.0034862812785, 0.00043070738522],
      [0.0043421944709, 0.0063861944102, 0.010835414015, 0.029478400763, 0.94734593736, 0.0016118589804],
      [0.25627128399, 0.12969725848, 0.27936073094, 0.15182243608, 0.17393054503, 0.0089177454853]
    ],
    [
      [0.032425247964, 0.46011045129, 0.0074496815839, 0.065801580465, 0.4342130387, 0],
      [0.094036079688, 0.71182653569, 0.0066995916515, 0.13773708296, 0.049700710012, 0],
      [0.11765189408, 0.012944966037, 0.61755648501, 0.014514740404, 0.23733191447, 0],
      [0.047821505176, 0.0313194052, 0.017573525083, 0.883032723, 0.020252841539, 0],
      [0, 0.012194017701, 0.019459853283, 0, 0.96834612902, 0],
      [0.38779815952, 0.11237849155, 0.24364365711, 0.10221751548, 0.15396217635, 0]
    ],
    [
      [0.01376723182, 0.41744660802, 0.0069998540416, 0.074680818271, 0.48042474659, 0.0066807412584],
      [0.045305059182, 0.71229639666, 0.0057883729326, 0.17115900441, 0.065286506414, 0.0001646603958],
      [0.050126934945, 0, 0.67864516787, 0, 0.26032928531, 0.010898611885],
      [0.010483152213, 0, 0.033047244209, 0.92759074368, 0.028646645142, 0.00023221475637],
      [0, 0, 0.0038894882899, 0, 0.99534294355, 0.00076756815608],
      [0.20900345959, 0.11831440972, 0.32482504488, 0.13449429204, 0.20917058662, 0.0041922071562]
    ],
    [
      [0.013293568892, 0.4537957837, 0.0027345191173, 0.063038872494, 0.45890471585, 0.0082325399456],
      [0.042540510834, 0.75332663742, 0, 0.13011178239, 0.073961597737, 5.947162107e-05],
      [0.063819986674, 0.015815968266, 0.54314751257, 0.014192501997, 0.34541735542, 0.017606675072],
      [0.0062298576885, 0.047625897839, 0, 0.87228603976, 0.073782789335, 7.5415374207e-05],
      [0, 0, 0, 0, 0.99943088906, 0.00056911093957],
      [0.23371000778, 0.15528005, 0.24047456678, 0.12615870528, 0.23850774501, 0.0058689251403]
    ],
    [
      [0.012397911357, 0.47728744061, 0.0029648616473, 0.070906419518, 0.43644336687, 0],
      [0.038002782795, 0.75851069749, 0.00039360680879, 0.14862151081, 0.054471402098, 0],
      [0.061909841581, 0.016355702373, 0.57156874304, 0.026646197977, 0.32351951503, 0],
      [0, 0.029181448951, 0, 0.93439487872, 0.036423672328, 0],
      [0, 0, 0, 0, 1, 0],
      [0.22024684149, 0.2037200787, 0.19404187685, 0.15498669209, 0.22700451088, 0]
    ],
    [
      [0.0056647125218, 0.47063554504, 0.006273087274, 0.070530387749, 0.42703973161, 0.019856535801],
      [0.017918843793, 0.76946433204, 0.0059795202762, 0.15063337477, 0.055429404393, 0.00057452472765],
      [0.022294229163, 0.013354731606, 0.66704853316, 0.017333880051, 0.24505303514, 0.03491559088],
      [0.0029522620859, 0.032815034337, 0.015661777187, 0.92187637481, 0.025810936302, 0.00088361527659],
      [0, 0.0083628441192, 0.013542371833, 0, 0.97558547625, 0.0025093077999],
      [0.10147915256, 0.16229211777, 0.35796632606, 0.1486634921, 0.21503508685, 0.014563824661]
    ],
    [
      [0.010196874611, 0.46557707994, 0.0047385587921, 0.081521673251, 0.42904802504, 0.0089177883671],
      [0.031381217823, 0.74390552229, 0.0023330451676, 0.17238189466, 0.04984415508, 0.000154164979],
      [0.042078861636, 0.013175828721, 0.64172681777, 0.031072693443, 0.25548087586, 0.016464922569],
      [0.004523007373, 0.024895449133, 0.0081719699649, 0.9456240139, 0.016577577712, 0.00020798191289],
      [0.00040000943209, 0.0079053279111, 0.0040751512078, 0.022100622584, 0.96464648867, 0.00087240019276],
      [0.17158925933, 0.15029450797, 0.30838979287, 0.16217301415, 0.20142673831, 0.0061266873693]
    ],
    [
      [0.01718863604, 0.52483416669, 0.0041255855265, 0.065206212548, 0.38015938665, 0.0084860125468],
      [0.049232718041, 0.78352766089, 0.0020640513342, 0.12730481606, 0.0377269948, 0.00014375887268],
      [0.079260599294, 0.027747787187, 0.60958769286, 0.01972608077, 0.24624266283, 0.017435177065],
      [0.01134118761, 0.043771525773, 0.0093591253853, 0.92306351156, 0.012200296665, 0.00026435300276],
      [0.006596681886, 0.036417927466, 0.0050192686517, 0.0024058898012, 0.94859161153, 0.00096862066002],
      [0.27449872524, 0.16916136084, 0.25551959434, 0.12446857327, 0.17068796922, 0.0056637770801]
    ],
    [
      [0.033497834804, 0.43317114101, 0.0044908266571, 0.078023531892, 0.45081666564, 0],
      [0.10329982616, 0.6809450279, 0.0028366589192, 0.16078497675, 0.052133510269, 0],
      [0.13814184479, 0.011647095249, 0.56121853458, 0.022989577182, 0.2660029482, 0],
      [0.020608736424, 0.023493554456, 0.0090345508646, 0.92811965377, 0.018743504487, 0],
      [0.013927426183, 0.0064031410106, 0.0063646815033, 0.0052415837254, 0.96806316758, 0],
      [0.41516509178, 0.10525580314, 0.20539584796, 0.11482009921, 0.15936315791, 0]
    ],
    [
      [0.013003975796, 0.48217244076, 0.0029739007598, 0.085354237115, 0.41649544557, 0],
      [0.033599798642, 0.74449101458, 0, 0.18082902496, 0.041080161823, 0],
      [0.072858996902, 0.054428508122, 0.54342194032, 0.043458745837, 0.28583180882, 0],
      [0.0009320148148, 0.032497607513, 0, 0.96017234813, 0.0063980295467, 0],
      [0, 0.0065546794549, 0, 0.042920070439, 0.95052525011, 0],
      [0.22177979436, 0.16183232134, 0.24505025397, 0.17496521655, 0.19637241378, 0]
    ],
    [
      [0.023266428495, 0.41774346952, 0.0081694504668, 0.090365701528, 0.46045494999, 0],
      [0.071319642038, 0.67577129424, 0.0078921231863, 0.19395347798, 0.051063462557, 0],
      [0.08040748041, 0.0061809122763, 0.65710309206, 0.027576686258, 0.22873182899, 0],
      [0.012817307268, 0.016182684462, 0.017075370116, 0.9437134529, 0.010211185257, 0],
      [0.0065212215289, 0, 0.025055144023, 0.021281068868, 0.94714256558, 0],
      [0.30430568299, 0.091150926968, 0.29822647713, 0.14167950766, 0.16463740526, 0]
    ],
    [
      [0.011949680739, 0.47714936594, 0.0061487052007, 0.0826403932, 0.42211185492, 0],
      [0.036010427674, 0.74270534615, 0.0054074770545, 0.17107357879, 0.044803170323, 0],
      [0.047069489253, 0.013870707501, 0.6793270191, 0.029546077816, 0.23018670633, 0],
      [0.006082975243, 0.026059511893, 0.014216839948, 0.94320205035, 0.010438622565, 0],
      [0.0026840078006, 0.010419524636, 0.017010230235, 0.02261696666, 0.94726927067, 0],
      [0.18636252376, 0.14674065272, 0.32807039243, 0.15525942395, 0.18356700714, 0]
    ],
    [
      [0.0082414512527, 0.48945620903, 0.0028566335235, 0.067735586986, 0.43171011921, 0],
      [0.023215274562, 0.77825831638, 0, 0.14057495043, 0.057951458627, 0],
      [0.03841820816, 0.036568872293, 0.60572657919, 0.018308733393, 0.30097760696, 0],
      [0.0030464924183, 0.045536273186, 0, 0.91772518796, 0.033692046432, 0],
      [0, 0.0068399114329, 0, 0, 0.99316008857, 0],
      [0.15376332461, 0.17865167274, 0.29107132362, 0.14564668538, 0.23086699366, 0]
    ],
    [
      [0.0068447194542, 0.41562258221, 0.0039402473883, 0.07735673311, 0.49623571784, 0],
      [0.023450820443, 0.70322963096, 0.0011838000641, 0.17889173227, 0.093244016256, 0],
      [0.024670529225, 0, 0.64325389554, 0.021758766831, 0.3103168084, 0],
      [0, 0, 3.7253598118e-05, 0.92750989166, 0.072452854743, 0],
      [0, 0, 0, 0, 1, 0],
      [0.12397898298, 0.13688890505, 0.32826697555, 0.15991072489, 0.25095441154, 0]
    ],
    [
      [0.011928685784, 0.44213803228, 0.0085314234986, 0.086978237683, 0.44030110044, 0.010122520316],
      [0.037093970171, 0.71794643238, 0.0076841783955, 0.18698270912, 0.050020430246, 0.00027227969289],
      [0.042397771369, 0.0069938095316, 0.69106231798, 0.02704095238, 0.21639128387, 0.016113864864],
      [0.0058060586366, 0.019687146277, 0.019096591911, 0.94453365493, 0.010464750814, 0.00041179743055],
      [0.0028401348817, 0.00015975751528, 0.029787689589, 0.019993914677, 0.94576060727, 0.0014578960685],
      [0.1760861353, 0.12715113712, 0.35313544426, 0.15556324295, 0.18165117084, 0.0064128695284]
    ],
    [
      [0.0077267737825, 0.46085348246, 0.006822074441, 0.085958618623, 0.4386390507, 0],
      [0.023896459789, 0.73790544858, 0.0057886169088, 0.18251213608, 0.049897338645, 0],
      [0.028675118793, 0.0094596129104, 0.70098209982, 0.029417924505, 0.23146524398, 0],
      [0.0033869566074, 0.021323245504, 0.01589153135, 0.94741842846, 0.011979838081, 0],
      [0.00052948933482, 0.0026487065369, 0.018463997495, 0.023875611212, 0.95448219542, 0],
      [0.12534934767, 0.14400085894, 0.36581804321, 0.16609163239, 0.19874011779, 0]
    ],
    [
      [0.0039842024731, 0.46296494237, 0.0026031638227, 0.092166531806, 0.43828115953, 0],
      [0.012839071029, 0.743140007, 0.0011348731934, 0.19120167231, 0.05168437647, 0],
      [0.015977225744, 0.01786670899, 0.63985884736, 0.055963188909, 0.270334029, 0],
      [0, 0.02306328274, 0, 0.9618162148, 0.015120502458, 0],
      [0, 0, 0, 0.035889609162, 0.96411039084, 0],
      [0.076551803571, 0.16346700901, 0.33579727605, 0.19808870493, 0.22609520644, 0]
    ],
    [
      [0.0085145682858, 0.43530203121, 0.0053161662292, 0.081661422118, 0.46920581215, 0],
      [0.027423263625, 0.72647846097, 0.0029389151739, 0.18029993492, 0.062859425315, 0],
      [0.033241958228, 0.007792880202, 0.65941320743, 0.02443181095, 0.27512014319, 0],
      [0.0013706916156, 0.011277303411, 0.017400262983, 0.94036487647, 0.029586865525, 0],
      [0, 0, 0, 0.0085772859948, 0.99142271401, 0],
      [0.14228205782, 0.13838388077, 0.33286753226, 0.16016946402, 0.22629706513, 0]
    ],
    [
      [0.010385712462, 0.44076370424, 0.0036396608859, 0.088677106547, 0.44980789264, 0.0067259232316],
      [0.032407061816, 0.71892419027, 0, 0.19308335167, 0.055515939392, 6.945684562e-05],
      [0.043593244892, 0.012655231109, 0.57525842296, 0.065098460829, 0.29021364566, 0.013180994552],
      [0, 0.024745735082, 0, 0.95518514123, 0.020037200659, 3.1923024807e-05],
      [0, 0, 0, 0.025020435955, 0.97463479901, 0.00034476503784],
      [0.17722921832, 0.14382894344, 0.27272685606, 0.18341889691, 0.21818506591, 0.0046110193553]
    ],
    [
      [0.014381300967, 0.40087576241, 0.0046056611363, 0.096084953014, 0.47872610004, 0.0053262224325],
      [0.04688407338, 0.67558603558, 0.0021691053637, 0.2149482134, 0.06032462834, 8.7943939558e-05],
      [0.05577433446, 0, 0.6104848492, 0.049887958339, 0.27455124173, 0.0093016162647],
      [0.0053096775296, 0.010977950017, 0.0053029409688, 0.9599098339, 0.01842924885, 7.0348732098e-05],
      [0, 0, 0, 0.028202648992, 0.97143390261, 0.00036344839876],
      [0.21735375115, 0.11465997474, 0.2818673165, 0.17673240569, 0.20609361277, 0.0032929391454]
    ],
    [
      [0.0091872297832, 0.4758440309, 0.0032386087201, 0.11040141904, 0.40132871156, 0],
      [0.027342822751, 0.72366193458, 0, 0.22338323419, 0.025612008478, 0],
      [0.037499001564, 0.01108147177, 0.67237224605, 0.058402394963, 0.22064488565, 0],
      [0, 0, 0, 1, 0, 0],
      [0.0033069784463, 0.02897443333, 0, 0.073465503938, 0.89425308429, 0],
      [0.15227599309, 0.14863789855, 0.32140613195, 0.20192758942, 0.17575238699, 0]
    ],
    [
      [0.0056388322452, 0.51258649752, 0.0066993441895, 0.075088199407, 0.39998712663, 0],
      [0.01667396132, 0.78482169329, 0.0056350134265, 0.15214097134, 0.040728360617, 0],
      [0.022438687114, 0.019000188599, 0.7093016465, 0.022882731416, 0.22637674637, 0],
      [0.002923937473, 0.041349732149, 0.017545362808, 0.93314770088, 0.0050332666892, 0],
      [0.00062429479808, 0.019266943958, 0.014376578942, 0.011900892843, 0.95383128946, 0],
      [0.098516579267, 0.176825454, 0.37213746672, 0.1564110461, 0.19610945391, 0]
    ],
    [
      [0.0098216343637, 0.51392998442, 0.0051331546813, 0.060476601071, 0.41063862546, 0],
      [0.029068310058, 0.79280662272, 0.0034413160896, 0.12440131859, 0.050282432542, 0],
      [0.042020474144, 0.019924591979, 0.66449337126, 0.014477421546, 0.25908414107, 0],
      [0.008147704082, 0.066699464261, 0.012727006164, 0.88197987777, 0.030445947719, 0],
      [0, 0.0111997585, 0.0089128022455, 0, 0.97988743925, 0],
      [0.16960441629, 0.18035418113, 0.31922092128, 0.12486390597, 0.20595657533, 0]
    ],
    [
      [0.0056889735723, 0.47345612262, 0.0084799495423, 0.061752303275, 0.43143394927, 0.019188701721],
      [0.018154598657, 0.78036303848, 0.012021142006, 0.13098345454, 0.057687232135, 0.00079053417593],
      [0.019531673438, 0.011509047996, 0.69491526341, 0, 0.24155616764, 0.032487847515],
      [0.0065651800963, 0.04334245692, 0.056913679714, 0.86284906155, 0.029112884783, 0.0012167369355],
      [0, 0, 0.015064783797, 0, 0.98179099825, 0.0031442179517],
      [0.098397037543, 0.16031027813, 0.38643617527, 0.1247017914, 0.21607127494, 0.014083442715]
    ],
    [
      [0.0037365790174, 0.42245819514, 0.0044412123256, 0.08341435496, 0.47498430591, 0.010965352645],
      [0.012480404126, 0.72653604601, 0.00089765766672, 0.19095809375, 0.068958671526, 0.00016912691922],
      [0.014052203035, 0.002856017852, 0.64502464262, 0.028345882437, 0.29010579709, 0.019615456968],
      [0, 0.0013554049454, 0.0043328757908, 0.9594399351, 0.034690438046, 0.00018134612161],
      [0, 0, 0, 0.0056669210019, 0.99344281653, 0.00089026246789],
      [0.069850119728, 0.14558607582, 0.34805520867, 0.17929827992, 0.24901773024, 0.0081925856274]
    ],
    [
      [0.011842943224, 0.45181597279, 0.0048009344909, 0.076388718913, 0.45013377473, 0.005017655852],
      [0.037382217417, 0.73733519605, 0.0024885197146, 0.1639393406, 0.058763268074, 9.1458146682e-05],
      [0.049028215511, 0.011854694847, 0.63092853841, 0.020201306765, 0.27871618195, 0.0092710625125],
      [0.0057292173243, 0.024610712463, 0.00809676488, 0.93002627232, 0.031416452386, 0.00012058062529],
      [0.00087581838439, 0.0056793607476, 0.0048946304676, 0.0058530202226, 0.98221042476, 0.00048674541606],
      [0.19377887702, 0.14398158709, 0.29884562695, 0.14705948005, 0.21293220364, 0.003402225257]
    ],
    [
      [0.0089575677639, 0.47421161801, 0.00623805916, 0.064899402596, 0.43317914143, 0.012514211037],
      [0.028215017984, 0.77331169375, 0.0066290750148, 0.13775669998, 0.053742734343, 0.00034477893102],
      [0.034700721308, 0.011708402104, 0.67908994226, 0, 0.2526569016, 0.021844032732],
      [0.0051716934636, 0.029926813866, 0.017946383465, 0.92219075725, 0.024202503483, 0.00056184847324],
      [0, 0, 0.024623928552, 0, 0.97351744008, 0.0018586313708],
      [0.15339728176, 0.17105333497, 0.35450796158, 0.10343758771, 0.20872600805, 0.0088778259277]
    ],
    [
      [0.015990333834, 0.48743136921, 0.0067728199268, 0.06115291461, 0.42344167459, 0.0052108878227],
      [0.048247783853, 0.76901133831, 0.0060279495031, 0.12766811178, 0.048912203839, 0.00013261271095],
      [0.065557149404, 0.019650035544, 0.66873609953, 0, 0.23689579849, 0.0091609170252],
      [0.010139424133, 0.03266640502, 0.017547342694, 0.91775228482, 0.021664709396, 0.00022983393295],
      [0, 0.0072461572324, 0.026392430499, 0, 0.96556563765, 0.00079577462057],
      [0.25947039949, 0.14593851689, 0.31652828885, 0.091142866655, 0.18354382848, 0.0033760996413]
    ],
    [
      [0.016018294422, 0.34818910024, 0.0090522850137, 0.082170397004, 0.53443261693, 0.010137306391],
      [0.057841535788, 0.65480105049, 0.0086510743568, 0.20425714187, 0.074169993358, 0.00027920413429],
      [0.047035474347, 0, 0.71659285661, 0, 0.22297635551, 0.013395313528],
      [0.0075497445944, 0.015306737575, 0.022044429897, 0.93329176329, 0.02141367311, 0.00039365153871],
      [0, 0, 0.030222599861, 0, 0.96829082712, 0.0014865730192],
      [0.21745276125, 0.056131684843, 0.42213976329, 0.10169456978, 0.1969368369, 0.0056443839365]
    ],
    [
      [0.0086183437237, 0.4761989815, 0.0065254800247, 0.070768839693, 0.42952089151, 0.0083674635508],
      [0.026660015123, 0.76482878769, 0.0058534423524, 0.14980601283, 0.052633257359, 0.00021848465056],
      [0.033816622458, 0.013153485925, 0.67650477074, 0.014557769335, 0.24721758449, 0.014749767051],
      [0.0062735625352, 0.033725864615, 0.017126462112, 0.91864195704, 0.023855176605, 0.00037697709286],
      [0, 0.0061941248527, 0.01737077381, 0, 0.97532627616, 0.0011088251789],
      [0.14523184395, 0.15589818647, 0.34761526644, 0.13842362126, 0.20693588279, 0.005895199084]
    ],
    [
      [0.012566608071, 0.47157470231, 0.006622468917, 0.07405539515, 0.41456577858, 0.020615046976],
      [0.038471502548, 0.75205916042, 0.0062288752404, 0.15600239429, 0.046696442919, 0.00054162458235],
      [0.048981068452, 0.013251025301, 0.65484898031, 0.020175272537, 0.22688866884, 0.035854984565],
      [0.0070822200763, 0.027560248836, 0.016622163069, 0.9333689537, 0.014494103251, 0.00087231106457],
      [0.0037862709354, 0.010164211901, 0.023699428161, 0.0071949633814, 0.95210308679, 0.0030520388291],
      [0.19716065242, 0.14566102386, 0.32222208012, 0.13832946019, 0.18290159213, 0.013725191279]
    ],
    [
      [0.0074347586745, 0.4903783089, 0.0086334622702, 0.066823218409, 0.42673025175, 0],
      [0.02280062961, 0.77876003795, 0.010673496757, 0.13870717176, 0.049058663928, 0],
      [0.026878461023, 0.015005778402, 0.73867376997, 0, 0.21944199061, 0],
      [0.009905353931, 0.05071984246, 0.023870982784, 0.89619300558, 0.019310815244, 0],
      [0, 0, 0.03736189541, 0, 0.96263810459, 0],
      [0.12134518064, 0.15545333894, 0.39678268332, 0.12944505332, 0.19697374378, 0]
    ],
    [
      [0.007285829682, 0.45546797456, 0.0014812263098, 0.087867834279, 0.44789713517, 0],
      [0.018818953282, 0.73599704114, 0, 0.18950990612, 0.055674099457, 0],
      [0.034430005334, 0.03283081422, 0.57091932383, 0.06189382089, 0.29992603572, 0],
      [0, 0.017551062523, 0, 0.96049511985, 0.021953817629, 0],
      [0, 0, 0, 0.025025813511, 0.97497418649, 0],
      [0.13740218193, 0.15941316905, 0.28323327579, 0.18971467378, 0.23023669945, 0]
    ],
    [
      [0.0053697333908, 0.38834540022, 0.0013655507967, 0.092055516718, 0.51286379887, 0],
      [0.01967093923, 0.68951268977, 0, 0.21520733474, 0.075609036261, 0],
      [0.018625506824, 0, 0.59552553668, 0.058930463229, 0.32691849327, 0],
      [0, 0, 0, 0.95995958271, 0.040040417287, 0],
      [0, 0, 0, 0, 1, 0],
      [0.10339777083, 0.10203769531, 0.31607250362, 0.21578858651, 0.26270344374, 0]
    ],
    [
      [0.0084066168297, 0.50442031354, 0.0026093466316, 0.074272742751, 0.40490136995, 0.0053896103034],
      [0.024649749091, 0.77799690005, 0, 0.15189022425, 0.045407676755, 5.5449849569e-05],
      [0.039451182322, 0.030903138947, 0.61675304222, 0.028772231642, 0.27290748145, 0.011212923411],
      [0.003923032652, 0.041992417502, 0, 0.93824948411, 0.015800671571, 3.4394163356e-05],
      [0, 0.019216852593, 0, 0.015960990663, 0.96436681036, 0.00045534638583],
      [0.15495352932, 0.18134831285, 0.29127058745, 0.16027366826, 0.20811054128, 0.0040433608322]
    ],
    [
      [0.0098230816637, 0.45206281247, 0.0052945179986, 0.091705731857, 0.43558811516, 0.0055257408485],
      [0.030348533573, 0.72223116214, 0.0030869195279, 0.19591378902, 0.048319289831, 0.00010030591351],
      [0.038828668742, 0.010310928763, 0.6573774003, 0.039751705524, 0.24395977337, 0.0097715232941],
      [0.0039653464083, 0.020481708358, 0.0089850832589, 0.95557599018, 0.010866929806, 0.0001249419845],
      [0.00031117208015, 0.0036608191625, 0.0061549231393, 0.037761495343, 0.95156772841, 0.00054386186561],
      [0.15901481371, 0.14139263389, 0.3208873422, 0.17927749378, 0.1957325796, 0.0036951368235]
    ],
    [
      [0.004095133167, 0.45060443608, 0.0060932923882, 0.080609350893, 0.44752280949, 0.011074977988],
      [0.013108773387, 0.74860490718, 0.0048652778199, 0.17699098262, 0.056174932432, 0.00025512656155],
      [0.014492262482, 0.008339692865, 0.68567798549, 0.023271795179, 0.24936842716, 0.018849836829],
      [0.0017012549825, 0.021683196629, 0.01362635133, 0.94136944964, 0.021247160483, 0.00037258693459],
      [0, 0, 0.013665790971, 0.010422379844, 0.97459117153, 0.0013206576518],
      [0.071970282262, 0.15193858294, 0.37770043958, 0.167003645, 0.22331818224, 0.0080688679837]
    ],
    [
      [0.0050599284906, 0.51817814061, 0.0049477825111, 0.065246291164, 0.39644682587, 0.010121031354],
      [0.015088834853, 0.80242315712, 0.0031746642249, 0.1326807503, 0.046429135865, 0.00020345763663],
      [0.022149854792, 0.028161492084, 0.66426637507, 0.0077261038971, 0.25767431225, 0.020021861899],
      [0.0026787003179, 0.03733198819, 0.012009422832, 0.92424541886, 0.023360857167, 0.00037361263427],
      [0, 0.015083410517, 0.0084456055392, 0, 0.97522180003, 0.0012491839149],
      [0.096421843129, 0.19369012866, 0.34192951769, 0.14440641628, 0.21555615784, 0.0079959364114]
    ],
    [
      [0.014234685849, 0.4102411554, 0.0070294677161, 0.072729249835, 0.4957654412, 0],
      [0.047663010098, 0.71046426409, 0.0068926508623, 0.16646060944, 0.06851946551, 0],
      [0.050715808772, 0, 0.6794429844, 0, 0.26984120683, 0],
      [0.007218294022, 0.019787444204, 0.015920337408, 0.92917188127, 0.027902043095, 0],
      [0, 0, 0.0032855638925, 0, 0.99671443611, 0],
      [0.21521890017, 0.080742340028, 0.3742038603, 0.11446385995, 0.21537103955, 0]
    ],
    [
      [0.0029195101823, 0.48154857325, 0.0059335304211, 0.071193032944, 0.42793759789, 0.01046775531],
      [0.0091950708925, 0.7807096557, 0.004393294567, 0.15295017216, 0.052512877972, 0.00023892870735],
      [0.010678000595, 0.01305671748, 0.68647518358, 0.018335733105, 0.2526416838, 0.018812681437],
      [0.0014101329679, 0.027886285297, 0.013144712063, 0.93582813325, 0.021372445975, 0.00035829044804],
      [0, 0.0058507678376, 0.012639790092, 0.0045128325597, 0.97568951438, 0.0013070951265],
      [0.055128298843, 0.17317396192, 0.38049858435, 0.15633877544, 0.22676803519, 0.0080923442559]
    ],
    [
      [0.017167781686, 0.40112939759, 0.0076151886983, 0.086361661264, 0.48328815276, 0.0044378179932],
      [0.056671453291, 0.68037752942, 0.010257247003, 0.19298189743, 0.059570413629, 0.0001414592268],
      [0.056968125567, 0, 0.6985728598, 0.014280414431, 0.2235231317, 0.0066554685079],
      [0.01716155485, 0, 0.029349148962, 0.93682531596, 0.016460438487, 0.00020354174187],
      [0, 0, 0.033816157305, 0.0043351476145, 0.96118919615, 0.0006594989306],
      [0.23858527324, 0.094454599692, 0.34525204364, 0.13579894559, 0.18334016005, 0.0025689777937]
    ],
    [
      [0.0146793444, 0.40621830653, 0.004773344722, 0.065246599579, 0.49691714233, 0.012165262436],
      [0.046786821041, 0.70911112621, 0.0030505308928, 0.17273470448, 0.068067987842, 0.000248829529],
      [0.056883296212, 0.0087212667649, 0.60379748528, 0.021629630544, 0.28693826267, 0.022030058536],
      [0.0065974652018, 0.016708751447, 0.0089564764377, 0.92649748004, 0.040914858393, 0.00032496848079],
      [0, 0, 0.0045281007997, 4.8404134364e-05, 0.99427864347, 0.0011448515929],
