{
  "Z_true": {},
  "V_true": [
    [19, 584, 19, 866, 34],
    [469, 647, 5519, 751, 383],
    [281, 3242, 102, 15050, 507],
    [457, 244, 870, 715, 546]
  ],
  "p_true": [
    [0.0125, 0.3837, 0.0125, 0.569, 0.0223],
    [0.0604, 0.0833, 0.7104, 0.0967, 0.0493],
    [0.0146, 0.169, 0.0053, 0.7846, 0.0264],
    [0.1614, 0.0862, 0.3072, 0.2525, 0.1928]
  ],
  "Z_est": [
    [
      [0.1247, 0.2245, 0.1111, 0.127, 0.0998, 0.0476, 0.0544, 0.0975, 0.0272, 0.1542, 0.1111, 0.093, 0.059, 0.0204, 0.0521, 0.1769, 0.0952, 0.034, 0.0862, 0, 0.1134, 0.0794, 0.0249, 0, 0.0091, 0.0159, 0, 0.5246, 0, 0.0159, 0.2177, 0.0658, 0.2789, 0.0521],
      [9.5547, 28.5691, 13.5002, 19.8939, 7.7959, 2.3768, 0.9032, 3.7078, 2.8997, 18.8937, 14.546, 10.6481, 1.2359, 0.5704, 4.9437, 17.712, 3.7078, 1.1884, 8.2366, 0, 16.1147, 9.8698, 0.3328, 0, 1.6638, 1.0933, 0, 4.3733, 0.3328, 0.2377, 17.208, 1.8539, 14.4034, 1.1409],
      [5.8672, 1.9768, 0.9469, 1.3289, 1.1047, 0, 0, 1.2034, 0.2824, 1.0632, 2.9232, 0.8015, 0, 0.1287, 0.3987, 0.7018, 0.4776, 1.2247, 0.3655, 0, 0.8887, 0.4984, 0.1465, 0, 0.162, 0.1038, 0, 0.3821, 0.0291, 0.2076, 2.1221, 0.3738, 2.9569, 0.2533],
      [61.4534, 106.2296, 61.4418, 79.6501, 30.9997, 12.5756, 2.0424, 40.9913, 10.7907, 125.889, 85.4197, 53.4575, 4.7051, 6.2804, 20.6054, 71.4093, 31.7194, 12.5529, 35.3118, 0, 77.8832, 55.5525, 1.4958, 0, 6.1652, 1.787, 0, 34.72, 0.6382, 8.5388, 115.4522, 9.7066, 75.3608, 9.5537],
      [0, 0, 0, 0, 0, 0, 0, 0, 0, 0, 0, 0, 0, 0, 0, 0, 0, 0, 0, 0, 0, 0, 0, 0, 0, 0, 0, 0, 0, 0, 0, 0, 0, 0]
    ],
    [
      [15.8938, 30.4968, 14.6365, 17.5488, 14.1238, 5.426, 4.8377, 10.2966, 3.9841, 19.1531, 16.058, 13.3114, 5.2408, 2.2933, 6.7763, 25.4762, 14.6089, 3.8541, 10.0988, 0.2038, 14.6624, 9.6903, 3.3536, 0.4031, 1.0653, 3.307, 0, 18.6642, 0, 1.411, 29.1573, 7.7621, 37.8899, 5.802],
      [32.9098, 128.1352, 53.1904, 56.5041, 31.7333, 5.3931, 2.4526, 12.099, 12.6874, 51.5684, 51.0836, 46.6899, 3.4125, 2.5107, 21.3149, 18.2771, 14.0959, 4.7542, 4.5361, 0.2866, 59.058, 31.1596, 1.1364, 0.1915, 5.8379, 5.032, 0.64, 14.6651, 0.6034, 1.9383, 62.5336, 9.181, 66.2326, 5.6115],
      [230.4267, 435.5254, 204.574, 290.5631, 246.801, 339.6548, 258.7769, 71.4707, 64.509, 232.1886, 267.7645, 176.4812, 636.0743, 24.2838, 86.597, 151.0594, 103.9894, 39.1194, 77.5508, 24.9282, 191.4902, 107.1266, 103.2996, 62.0071, 35.2716, 24.0847, 3.2417, 83.6463, 6.0953, 45.084, 465.5161, 81.6722, 640.7245, 54.4125],
      [7.0765, 34.5905, 9.124, 9.2159, 22.0361, 9.2461, 0.4527, 2.398, 6.9977, 21.9102, 22.9885, 65.4567, 0.5578, 0.7053, 12.4076, 4.9841, 6.0798, 1.2225, 2.3275, 4.271, 6.7473, 6.6356, 0.1374, 0.0162, 1.6606, 2.7124, 0.1183, 5.8751, 0.1646, 7.1885, 27.7056, 15.1663, 41.0589, 2.5264],
      [14.6932, 31.2521, 16.4751, 18.168, 14.3059, 12.28, 5.4802, 5.7357, 9.8217, 16.1797, 29.1054, 14.0608, 10.7147, 0.2069, 6.9041, 12.2031, 7.2259, 3.0498, 4.4869, 0.3104, 15.042, 10.3879, 3.0729, 1.3821, 2.1647, 3.8639, 0, 6.1493, 0.1367, 7.3783, 29.0874, 6.2183, 34.094, 4.6476]
    ],
    [
      [5.9046, 13.5903, 0.3409, 0.7229, 5.3047, 1.5969, 0.4065, 11.2905, 1.4503, 11.2684, 3.2719, 5.0071, 0.4849, 0.5561, 2.0228, 13.8264, 6.5253, 2.8145, 7.6074, 0.0642, 1.2653, 3.6727, 0.1355, 0.0402, 0, 0.4848, 0, 7.7635, 0, 0.0001, 9.4673, 6.4901, 21.4184, 4.9868],
      [151.2351, 437.4481, 208.1608, 294.667, 119.1236, 39.4602, 12.1937, 58.8026, 44.6073, 302.5963, 236.3088, 163.8236, 15.6899, 8.2165, 74.3283, 141.3139, 56.8728, 17.6725, 79.0682, 1.5824, 252.4972, 143.3323, 4.2932, 1.279, 26.5463, 16.5726, 2.1425, 71.3839, 5.4821, 1.7146, 269.5178, 25.783, 210.9061, 15.4737],
      [9.8647, 3.6425, 1.7447, 2.4487, 2.0355, 0.5023, 0.1278, 11.7183, 1.5549, 1.959, 2.2344, 1.4769, 0.1525, 2.1662, 0.7346, 1.2932, 0.88, 2.0387, 1.2687, 0.0202, 1.6376, 0.9183, 0.0426, 1.6845, 0.8937, 0.1913, 0.1285, 4.7331, 0.3623, 0.3826, 5.0657, 0.6887, 31.8045, 0.6998],
      [692.0418, 1363.1957, 882.9781, 860.9333, 424.1479, 181.4176, 43.9998, 428.146, 171.3899, 1317.9157, 1040.3659, 683.21, 51.3389, 67.0603, 306.6723, 768.015, 305.0465, 110.6845, 362.0431, 7.2914, 963.7237, 599.6869, 14.4367, 1.97, 117.4674, 50.4425, 2.729, 407.8791, 25.1551, 102.4216, 1516.2979, 200.3663, 1004.0677, 256.4753],
      [2.9538, 16.1234, 8.7755, 0.2281, 3.3884, 1.023, 0.2722, 1.0426, 0.9977, 3.2608, 5.8188, 5.4823, 0.3337, 0.001, 3.242, 6.5515, 1.6754, 1.7898, 0.0127, 0.0418, 3.8762, 3.3899, 0.092, 0.0263, 1.0925, 0.3088, 0, 2.2403, 0.0005, 0.4811, 8.6513, 3.6719, 2.8033, 4.3644]
    ],
    [
      [33.0769, 54.6885, 33.9115, 37.6013, 24.4718, 13.9295, 18.7014, 21.3154, 6.5385, 37.4244, 29.559, 22.5885, 20.2153, 6.1302, 14.1487, 38.5205, 20.7705, 8.2974, 20.2077, 0.732, 33.9589, 21.5577, 7.4859, 1.5567, 2.9256, 3.1923, 0, 19.0476, 0, 5.5731, 57.1577, 14.6821, 63.4128, 12.159],
      [7.3003, 6.8476, 9.1486, 10.9349, 5.3473, 2.7699, 3.4506, 3.3906, 0.8056, 9.9417, 4.0616, 2.8384, 5.6617, 0.7024, 3.4131, 6.6969, 3.3234, 1.3849, 10.1591, 0.131, 11.3301, 5.6383, 1.2377, 0.5295, 0.9521, 0.3021, 0.2175, 1.5776, 0.5818, 1.1094, 12.7406, 2.182, 11.4579, 1.774],
      [21.8414, 34.8553, 20.7344, 25.6592, 16.0589, 11.8429, 35.0953, 10.6076, 1.6537, 20.7892, 19.0778, 14.2404, 71.7732, 4.4213, 8.2697, 15.9455, 9.653, 5.6173, 8.8151, 3.0516, 19.9835, 11.4568, 13.5113, 13.3084, 2.6727, 0.6202, 0.6298, 3.2386, 0.5133, 4.3258, 38.2961, 7.2653, 36.5141, 5.6344],
      [26.4284, 23.9841, 35.4561, 39.2007, 10.8164, 8.7607, 9.5051, 11.4647, 2.8217, 22.2851, 14.2259, 9.8758, 12.3982, 2.954, 11.3146, 18.5916, 10.1543, 4.54, 11.3177, 3.4376, 36.6458, 19.125, 0.9301, 0.0139, 1.7068, 1.0581, 0.1527, 5.5257, 1.0421, 6.8511, 38.5443, 5.7609, 25.5125, 6.4446],
      [46.353, 83.6245, 56.7494, 55.6039, 35.3057, 24.697, 28.2476, 22.2218, 12.1805, 48.5596, 54.0758, 34.4569, 47.9516, 1.7921, 21.8539, 44.2454, 23.0987, 11.1603, 21.5004, 2.6478, 52.0817, 32.2222, 10.8351, 6.5916, 5.7428, 3.8273, 0, 17.6104, 0.8628, 13.1406, 84.2613, 19.1098, 80.1027, 16.988]
    ]
  ],
  "V_est": [
    [3.1934, 239.5083, 28.9194, 1250.3789, 0],
    [367.4872, 817.4558, 5866.0106, 361.7617, 356.2848],
    [149.7811, 3510.0959, 97.0969, 15331.013, 94.0131],
    [705.5383, 149.9401, 517.973, 438.8464, 1019.7021]
  ],
  "p_est": [
    [0.0021, 0.1574, 0.019, 0.8215, 0],
    [0.0473, 0.1052, 0.7551, 0.0466, 0.0459],
    [0.0078, 0.183, 0.0051, 0.7992, 0.0049],
    [0.2491, 0.0529, 0.1829, 0.155, 0.3601]
  ],
  "EI_Z": {},
  "EI_V": 6.9737,
  "MAE_Z": {},
  "MAE_V": 218.3114,
  "MAE_p": 0.0609,
  "runtime": 1.237
}
