{
  "X": [
    [32, 11, 21, 36],
    [33, 13, 19, 35],
    [35, 12, 23, 30],
    [34, 13, 16, 37],
    [30, 12, 27, 31],
    [23, 9, 31, 37],
    [26, 14, 20, 40],
    [31, 14, 17, 38],
    [26, 11, 22, 41],
    [27, 9, 20, 44],
    [26, 18, 19, 37],
    [39, 7, 21, 33],
    [21, 14, 40, 25],
    [16, 15, 53, 16],
    [26, 12, 48, 14],
    [21, 12, 54, 13],
    [17, 9, 64, 10],
    [19, 14, 59, 8],
    [19, 16, 54, 11],
    [17, 10, 64, 9],
    [19, 22, 53, 6],
    [28, 10, 47, 15],
    [17, 13, 57, 13],
    [26, 20, 44, 10],
    [19, 14, 57, 10],
    [35, 20, 26, 19],
    [41, 19, 24, 16],
    [39, 17, 26, 18],
    [30, 25, 20, 25],
    [40, 16, 30, 14],
    [38, 22, 19, 21],
    [32, 23, 24, 21],
    [33, 16, 36, 15],
    [29, 17, 29, 25],
    [33, 22, 32, 13],
    [43, 13, 31, 13],
    [41, 17, 26, 16],
    [28, 20, 36, 16],
    [22, 30, 29, 19],
    [24, 33, 27, 16],
    [24, 24, 39, 13],
    [19, 31, 30, 20],
    [26, 19, 40, 15],
    [20, 34, 33, 13],
    [16, 23, 45, 16],
    [20, 33, 28, 19],
    [24, 28, 33, 15],
    [19, 27, 35, 19],
    [21, 20, 37, 22],
    [17, 32, 31, 20]
  ],
  "W": [
    [57, 12, 12, 19],
    [65, 14, 11, 10],
    [62, 15, 12, 11],
    [57, 6, 22, 15],
    [64, 12, 10, 14],
    [57, 16, 12, 15],
    [69, 10, 9, 12],
    [67, 11, 8, 14],
    [62, 15, 10, 13],
    [59, 10, 18, 13],
    [58, 15, 11, 16],
    [62, 17, 10, 11],
    [29, 36, 17, 18],
    [13, 58, 14, 15],
    [16, 60, 13, 11],
    [13, 62, 10, 15],
    [10, 65, 12, 13],
    [9, 64, 14, 13],
    [16, 64, 14, 6],
    [11, 68, 14, 7],
    [7, 70, 9, 14],
    [19, 59, 15, 7],
    [14, 67, 9, 10],
    [12, 54, 16, 18],
    [11, 61, 14, 14],
    [18, 11, 62, 9],
    [12, 12, 61, 15],
    [9, 16, 65, 10],
    [12, 10, 61, 17],
    [6, 13, 67, 14],
    [17, 7, 66, 10],
    [11, 6, 67, 16],
    [12, 16, 66, 6],
    [15, 10, 66, 9],
    [10, 15, 61, 14],
    [11, 18, 58, 13],
    [12, 7, 60, 21],
    [15, 12, 33, 40],
    [13, 10, 12, 65],
    [12, 16, 10, 62],
    [12, 8, 10, 70],
    [13, 9, 13, 65],
    [15, 16, 10, 59],
    [14, 9, 10, 67],
    [13, 14, 18, 55],
    [15, 14, 14, 57],
    [14, 11, 11, 64],
    [15, 17, 12, 56],
    [16, 16, 13, 55],
    [19, 16, 8, 57]
  ],
  "method": "mult",
  "cond_prob": [
    [
      [0.35493153278, 0.040481602779, 0.06900869044, 0.53557817401],
      [0.14834981657, 0.079047349677, 0.74829632552, 0.024306508231],
      [0.49955853264, 0.1518505803, 0.19254220569, 0.15604868138],
      [0.18647284042, 0.33748852099, 0.34688812883, 0.12915050976]
    ],
    [
      [0.36863608802, 0.064193604776, 0.068775886294, 0.49839442091],
      [0.14687885993, 0.11956978357, 0.71196809426, 0.021583262239],
      [0.47265603841, 0.22002495754, 0.17489078746, 0.13242821659],
      [0.16157098265, 0.44954575803, 0.28854102231, 0.10034223701]
    ],
    [
      [0.40539477556, 0.058113650741, 0.081448126053, 0.45504344765],
      [0.14277616347, 0.095668589542, 0.74414417191, 0.017411075079],
      [0.49657034071, 0.19016884183, 0.1977985093, 0.11546230815],
      [0.17468261579, 0.39953107503, 0.33575005985, 0.090036249329]
    ],
    [
      [0.34425157028, 0.049175000364, 0.064195371677, 0.54237805768],
      [0.14916543881, 0.099482657098, 0.72584131998, 0.025510584109],
      [0.48133404395, 0.18334882689, 0.17821947952, 0.15709764963],
      [0.17310669672, 0.39230631924, 0.30944008705, 0.125146897]
    ],
    [
      [0.36238623023, 0.057250429154, 0.10633301791, 0.4740303227],
      [0.10515272911, 0.077637702455, 0.80225970502, 0.014949863416],
      [0.43959826266, 0.18541332685, 0.25583838299, 0.11915002749],
      [0.14435552647, 0.36331795666, 0.40558743497, 0.086739081898]
    ],
    [
      [0.2713572951, 0.038330785794, 0.1005319549, 0.58977996421],
      [0.087053325026, 0.057466690865, 0.83493849563, 0.020541488478],
      [0.39050494867, 0.1471455581, 0.28667420414, 0.17567528908],
      [0.12843579914, 0.28855333329, 0.45489913546, 0.12811173211]
    ],
    [
      [0.29451486836, 0.069213802413, 0.08358129671, 0.55269003252],
      [0.10301436698, 0.11316042124, 0.76280063098, 0.021024580801],
      [0.38752194793, 0.24339661519, 0.21829427626, 0.15078716061],
      [0.11996622421, 0.45015653053, 0.32641052936, 0.1034667159]
    ],
    [
      [0.34861566121, 0.063828452207, 0.065196885501, 0.52235900108],
      [0.1451544567, 0.12421970411, 0.70697564505, 0.023650194143],
      [0.46070404459, 0.225271909, 0.1709393703, 0.14308467611],
      [0.15625937896, 0.45615457314, 0.27999426248, 0.10759178541]
    ],
    [
      [0.29020940912, 0.048615146766, 0.072691255723, 0.58848418839],
      [0.11765189641, 0.092124832873, 0.76430142655, 0.025921844166],
      [0.42303978707, 0.18922676363, 0.21005103052, 0.17768241878],
      [0.14290253784, 0.38159808591, 0.34242361952, 0.13307575673]
    ],
    [
      [0.27308118041, 0.035765777763, 0.071397335026, 0.61975570681],
      [0.1154651621, 0.070637779646, 0.7854429525, 0.028454105754],
      [0.42764161185, 0.14946598319, 0.22184508628, 0.20104731867],
      [0.15087625877, 0.31421594507, 0.37774569948, 0.15716209668]
    ],
    [
      [0.2993187447, 0.073672745158, 0.061315171425, 0.56569333871],
      [0.13050760515, 0.15011544293, 0.69259264672, 0.026784305193],
      [0.40755047958, 0.26755039273, 0.16544877602, 0.15945035167],
      [0.12919815617, 0.50562745463, 0.25309141511, 0.11208297409]
    ],
    [
      [0.43105488517, 0.032184538807, 0.066158384817, 0.4706021912],
      [0.18368910918, 0.064121942189, 0.73040070553, 0.021788243099],
      [0.57810429983, 0.11532744673, 0.17584878375, 0.13071946969],
      [0.2403223096, 0.28648022398, 0.35271330482, 0.1204841616]
    ],
    [
      [0.26751065734, 0.046056786623, 0.074159189877, 0.61227336616],
      [0.1092054661, 0.087915777535, 0.77597344532, 0.02690531104],
      [0.40389408331, 0.18502619525, 0.22125382261, 0.18982589883],
      [0.13489320343, 0.36806579774, 0.35632852718, 0.14071247165]
    ],
    [
      [0.23276571772, 0.047982478488, 0.068518429103, 0.65073337469],
      [0.10219532002, 0.098685784807, 0.76887284136, 0.030246053816],
      [0.3711575268, 0.20342994202, 0.21548827144, 0.20992425973],
      [0.11997159887, 0.39281190896, 0.33642064941, 0.15079584277]
    ],
    [
      [0.37410389157, 0.042286352417, 0.0617251194, 0.52188463661],
      [0.16965618123, 0.089853122267, 0.71535095226, 0.025139744243],
      [0.52376195782, 0.15757410415, 0.17045106292, 0.14821287511],
      [0.19999545796, 0.35990495362, 0.31431567791, 0.1257839105]
    ],
    [
      [0.33082465172, 0.039960792839, 0.067979962369, 0.56123459307],
      [0.14289102266, 0.080914372594, 0.75056486707, 0.025629737678],
      [0.48337841195, 0.15522155867, 0.19580858609, 0.16559144328],
      [0.1772720979, 0.34051629963, 0.34713966243, 0.13507194004]
    ],
    [
      [0.30676695545, 0.034933754757, 0.089328654659, 0.56897063513],
      [0.10905758668, 0.058224560202, 0.81147351731, 0.021244335813],
      [0.44455676849, 0.13460717752, 0.25517383713, 0.16566221686],
      [0.15588897772, 0.28242960849, 0.43253074682, 0.12915066697]
    ],
    [
      [0.35688032682, 0.056934710519, 0.088357205307, 0.49782775736],
      [0.12166279333, 0.090970408962, 0.76957057884, 0.017796218872],
      [0.45614045159, 0.19348595243, 0.22264549516, 0.12772810082],
      [0.15343267929, 0.38919631837, 0.36189401252, 0.095476989818]
    ],
    [
      [0.32935516786, 0.076322700051, 0.082072312812, 0.51224981928],
      [0.11605813606, 0.12604982076, 0.738740719, 0.01915132417],
      [0.41249047349, 0.25473247905, 0.2027381061, 0.13003894136],
      [0.12864293879, 0.47595822813, 0.30528108217, 0.090117750911]
    ],
    [
      [0.3185910399, 0.047111320602, 0.094941984207, 0.53935565529],
      [0.10546142658, 0.073115706709, 0.80265808414, 0.018764782577],
      [0.43070175976, 0.16959695656, 0.25305268176, 0.14664860191],
      [0.14379658437, 0.33924403826, 0.40815853655, 0.10880084082]
    ],
    [
      [0.39329398138, 0.089114238917, 0.073702251597, 0.44388952811],
      [0.14346467553, 0.15253952232, 0.68717191165, 0.016823890511],
      [0.45540441391, 0.27418766883, 0.16810902454, 0.10229889272],
      [0.14506961037, 0.52325873336, 0.25918005273, 0.072491603544]
    ],
    [
      [0.38738413891, 0.039003712072, 0.063127353363, 0.51048479566],
      [0.17313243395, 0.081658244247, 0.72089251748, 0.024316804321],
      [0.53820108852, 0.14440930913, 0.17305375519, 0.14433584716],
      [0.21037314864, 0.33785125417, 0.32644440472, 0.12533119246]
    ],
    [
      [0.28419360551, 0.050983969077, 0.072578195818, 0.5922442296],
      [0.1164404853, 0.09797918191, 0.75992986375, 0.025650469031],
      [0.41640758853, 0.19881828343, 0.20960430012, 0.17516982791],
      [0.13828993505, 0.39574802528, 0.33654670843, 0.12941533124]
    ],
    [
      [0.41308794754, 0.066661447351, 0.065783525002, 0.45446708011],
      [0.16826764726, 0.1271439834, 0.68499310989, 0.01959525946],
      [0.50874184783, 0.21817244712, 0.15982608836, 0.11325961669],
      [0.179534185, 0.45933071738, 0.27234244462, 0.088792652999]
    ],
    [
      [0.33263332359, 0.053485561653, 0.083972700885, 0.52990841387],
      [0.11944255326, 0.089991490651, 0.77050736412, 0.02005859197],
      [0.4451363639, 0.19030882915, 0.22159097262, 0.14296383433],
      [0.14983691542, 0.38287342556, 0.36034386862, 0.1069457904]
    ],
    [
      [0.32868610359, 0.063330484259, 0.080845518671, 0.52713789348],
      [0.11880369831, 0.10671172621, 0.7540461028, 0.020438472686],
      [0.42913943414, 0.22011299955, 0.2092808149, 0.14146675141],
      [0.14057436875, 0.4270831687, 0.32989779206, 0.10244467049]
    ],
    [
      [0.38652779517, 0.052347961793, 0.066517447369, 0.49460679567],
      [0.16128095487, 0.1018212356, 0.71484010931, 0.022057700207],
      [0.5093094339, 0.18344870619, 0.17368648523, 0.13355537468],
      [0.18683422859, 0.3982753064, 0.30657626738, 0.10831419762]
    ],
    [
      [0.33285169939, 0.045282746598, 0.061975083353, 0.55989047065],
      [0.15149550713, 0.096079532489, 0.72526515205, 0.027159808326],
      [0.48195633165, 0.17445696969, 0.17778454564, 0.16580215301],
      [0.17612994227, 0.3774745878, 0.31248064192, 0.13391482801]
    ],
    [
      [0.24118184015, 0.057099205149, 0.048797953952, 0.65292100075],
      [0.13143985459, 0.14504947538, 0.68546787375, 0.03804279628],
      [0.38678229387, 0.2434870942, 0.15510230202, 0.21462830992],
      [0.12688647348, 0.47258489825, 0.24486441397, 0.15566421431]
    ],
    [
      [0.37174273387, 0.043097257352, 0.080110906762, 0.50504910202],
      [0.13833458985, 0.074748071658, 0.76692544115, 0.019991897341],
      [0.49683345218, 0.15317028104, 0.21214510504, 0.13785116174],
      [0.18212682791, 0.33215354954, 0.37405503945, 0.1116645831]
    ],
    [
      [0.32770861265, 0.063307460625, 0.060467914767, 0.54851601196],
      [0.14596202593, 0.13141471795, 0.6964172447, 0.026206011414],
      [0.44958252669, 0.23115105812, 0.16456061964, 0.15470579555],
      [0.15230912753, 0.46352023487, 0.2683325886, 0.11583804901]
    ],
    [
      [0.271486639, 0.057182257474, 0.070556249606, 0.60077485392],
      [0.11197523563, 0.10990286401, 0.75162950722, 0.026492393144],
      [0.39537588657, 0.22144495066, 0.20377346234, 0.17940570043],
      [0.1282852598, 0.42486474341, 0.3182036385, 0.12864635829]
    ],
    [
      [0.32747163658, 0.054251572072, 0.10539105661, 0.51288573473],
      [0.097849544571, 0.075572509725, 0.81020731413, 0.016370631575],
      [0.41671477147, 0.18379794054, 0.26575640038, 0.13373088761],
      [0.13533014816, 0.35361093638, 0.41507660774, 0.095982307724]
    ],
    [
      [0.23423648184, 0.045810680963, 0.079489586671, 0.64046325053],
      [0.091224767571, 0.083157427623, 0.79890039878, 0.026717406025],
      [0.36298665746, 0.18894907119, 0.24425438412, 0.20380988723],
      [0.11681519083, 0.36000180469, 0.37822000718, 0.14496299731]
    ],
    [
      [0.35415244799, 0.068883527054, 0.093726717659, 0.4832373073],
      [0.11288246361, 0.10235977656, 0.76832711468, 0.016430645158],
      [0.43088963449, 0.22290535537, 0.22590582245, 0.12029918769],
      [0.138857231, 0.42521725461, 0.35022173651, 0.085703777879]
    ],
    [
      [0.43586123307, 0.038835421171, 0.080060582054, 0.44524276371],
      [0.16014863821, 0.066538424697, 0.75585821073, 0.017454726369],
      [0.55254614302, 0.13096336239, 0.20100491158, 0.11548558301],
      [0.21663821873, 0.3041192096, 0.37912367105, 0.10011890062]
    ],
    [
      [0.39168392577, 0.043511256002, 0.078136049315, 0.48666876891],
      [0.14709331241, 0.076160341506, 0.75719808521, 0.019548260882],
      [0.51401215128, 0.15177429258, 0.20326620764, 0.13094734851],
      [0.19182962412, 0.33495960726, 0.36516045707, 0.10805031155]
    ],
    [
      [0.35216587211, 0.04652393522, 0.093745111466, 0.50756508121],
      [0.11599390944, 0.071517728288, 0.79458395079, 0.017904411489],
      [0.46030481636, 0.16135468566, 0.24247294123, 0.13586755674],
      [0.15951957227, 0.33105943968, 0.40507740702, 0.10434358104]
    ],
    [
      [0.31660068752, 0.049741659979, 0.060940219057, 0.57271743345],
      [0.14525852539, 0.10671730936, 0.71988846156, 0.028135703686],
      [0.46180294332, 0.19205284614, 0.1756068058, 0.17053740473],
      [0.16323922105, 0.40262847428, 0.30012435833, 0.13400794634]
    ],
    [
      [0.36640724042, 0.057498698315, 0.052749659746, 0.52334440152],
      [0.17893065147, 0.13136476873, 0.66238659204, 0.027317987755],
      [0.50235584884, 0.20865186077, 0.14279203833, 0.14620025207],
      [0.18222998517, 0.44929882521, 0.25051628609, 0.11795490353]
    ],
    [
      [0.40735143477, 0.043390747122, 0.094202233575, 0.45505558454],
      [0.13201140197, 0.06577215204, 0.78643004268, 0.015786403312],
      [0.50850936899, 0.14331997997, 0.23227996486, 0.11589068618],
      [0.1855818584, 0.31027328507, 0.41008076687, 0.094064089665]
    ],
    [
      [0.27405076726, 0.052135988043, 0.065229770256, 0.60858347444],
      [0.12111063612, 0.10772310984, 0.74236552072, 0.028800733311],
      [0.41196872152, 0.20747079226, 0.19374806457, 0.18681242165],
      [0.13759841243, 0.41088540024, 0.31283624231, 0.13867994502]
    ],
    [
      [0.4054998556, 0.035994704577, 0.083773633846, 0.47473180598],
      [0.14590214559, 0.06057915429, 0.77521857039, 0.01830012973],
      [0.53133334256, 0.12487558799, 0.21678134474, 0.12700972471],
      [0.20411566808, 0.28473628725, 0.40265088568, 0.10849715899]
    ],
    [
      [0.36627898818, 0.069586182721, 0.087699731976, 0.47643509712],
      [0.12201942165, 0.10841641391, 0.75255259277, 0.017011571665],
      [0.44613645088, 0.22431768248, 0.21101887118, 0.11852699545],
      [0.14575208525, 0.43471556582, 0.33342386703, 0.086108481891]
    ],
    [
      [0.25576990416, 0.049711333159, 0.11056030163, 0.58395846104],
      [0.075365428719, 0.068456532498, 0.83777236694, 0.018405671847],
      [0.35269451776, 0.18160275296, 0.30128669113, 0.16441603814],
      [0.10853894675, 0.33131442669, 0.44778467271, 0.11236195385]
    ],
    [
      [0.29207538539, 0.062510364287, 0.06053256696, 0.58488168336],
      [0.13251184054, 0.13258408797, 0.70647340012, 0.028430671366],
      [0.41919233911, 0.23762483213, 0.17165314987, 0.17152967889],
      [0.13793331182, 0.46374367759, 0.27291206662, 0.12541094397]
    ],
    [
      [0.38310122985, 0.051904081884, 0.075740335455, 0.48925435281],
      [0.14576863278, 0.092358222999, 0.74192792992, 0.019945214297],
      [0.4975143039, 0.17842797206, 0.1943032764, 0.12975444764],
      [0.17870840347, 0.38019399285, 0.33747288117, 0.10362472251]
    ],
    [
      [0.28388143027, 0.051643847757, 0.071853775253, 0.59262094672],
      [0.11652564638, 0.099133891592, 0.75828699846, 0.026053463572],
      [0.41527811363, 0.20008187891, 0.20761100128, 0.17702900619],
      [0.13844691009, 0.39584597629, 0.33451890311, 0.13118821052]
    ],
    [
      [0.28209395326, 0.035524679109, 0.071534751604, 0.61084661602],
      [0.11987428019, 0.070581875969, 0.78172068132, 0.027823162522],
      [0.43914948755, 0.14649171367, 0.2200026227, 0.19435617608],
      [0.15665827186, 0.31004147886, 0.37922371219, 0.15407653709]
    ],
    [
      [0.27206292377, 0.064815191686, 0.068520120309, 0.59460176424],
      [0.11326345731, 0.12621547035, 0.73392930543, 0.0265917669],
      [0.38827149428, 0.24496270751, 0.1931402486, 0.1736255496],
      [0.12277400168, 0.45984176047, 0.29528757484, 0.12209666302]
    ]
  ],
  "expected_outcome": [
    [
      [20.2310973682, 23.9613457215, 25.1344760846, 19.6223395061, 23.1927187349, 15.4673658205, 20.3215259166, 23.3572493012, 17.9929833653, 16.1117896439, 17.3604871927, 26.7254028808, 7.7578090628, 3.0259543304, 5.9856622651, 4.3007204724, 3.0676695545, 3.2119229413, 5.2696826858, 3.5045014389, 2.7530578696, 7.3602986392, 3.9787104771, 4.9570553705, 3.6589665595, 5.9163498647, 4.638333542, 2.9956652946, 2.8941820818, 2.2304564032, 5.571046415, 2.986353029, 3.929659639, 3.5135472275, 3.5415244799, 4.7944735637, 4.7002071093, 5.2824880816, 4.1158089377, 4.396886885, 4.8882172172, 3.5626599744, 6.082497834, 5.1279058345, 3.3250087541, 4.3811307809, 5.3634172179, 4.2582214541, 4.5135032522, 5.1691955516],
      [2.3074513584, 4.1725843104, 3.6030463459, 2.8029750207, 3.6640274659, 2.1848547902, 4.7757523665, 4.2765062979, 3.0141390995, 2.110180888, 4.2730192192, 1.995441406, 1.3356468121, 0.62377222034, 0.67658163867, 0.51949030691, 0.34933754757, 0.51241239467, 1.2211632008, 0.51822452663, 0.62379967242, 0.74107052937, 0.71377556708, 0.79993736821, 0.58834117819, 1.1399487167, 0.62817554151, 0.40754471938, 0.68519046179, 0.25858354411, 1.0762268306, 0.62900483221, 0.65101886486, 0.68716021444, 0.68883527054, 0.42718963288, 0.52213507202, 0.69785902829, 0.64664157973, 0.68998437978, 0.52068896546, 0.67776784456, 0.53992056866, 0.97420655809, 0.64624733106, 0.9376554643, 0.72665714637, 0.77465771635, 0.56839486574, 1.231488642],
      [3.9334953551, 4.4704326091, 5.0497838153, 3.6591361856, 6.8053131462, 5.7303214292, 5.767109473, 4.3681913286, 4.5068578548, 4.2124427666, 3.5562799427, 4.1018198586, 2.1506165064, 0.89073957834, 0.9876019104, 0.88373951079, 0.89328654659, 0.79521484776, 1.313157005, 1.0443618263, 0.51591576118, 1.1994197139, 1.0160947415, 0.78940230002, 0.92369970974, 1.4552193361, 0.79820936843, 0.55777575018, 0.58557544743, 0.48066544057, 1.027954551, 0.77611874567, 1.2646926794, 1.1923438001, 0.93726717659, 0.88066640259, 0.93763259178, 1.406176672, 0.79222284774, 0.63299591696, 1.1304268029, 0.84798701333, 1.2566045077, 1.2277962477, 1.4372839212, 0.9079885044, 1.0603646964, 1.0778066288, 1.1445560257, 1.3018822859],
      [30.5279559183, 32.395637359, 28.2126937542, 30.9155492876, 30.337940653, 33.61745796, 38.1356122439, 34.9980530723, 36.4860196804, 36.5655867015, 32.8102136455, 29.1773358545, 17.7559276187, 8.4595338709, 8.3501541858, 7.2960497099, 5.6897063513, 4.4804498162, 8.1959971084, 5.9329122082, 3.1072266968, 9.6992111175, 8.2914192144, 5.4536049613, 5.8289925526, 9.4884820826, 5.9352815481, 5.0390142359, 7.835052009, 3.0302946121, 9.3247722033, 6.6085233931, 6.1546288168, 9.606948758, 4.832373073, 4.8976704008, 5.8400252269, 7.6134762181, 7.4453266348, 6.2801328182, 5.4606670144, 7.9115851677, 7.1209770897, 6.6700913597, 7.5914599936, 8.7732252504, 6.8495609394, 8.8893142008, 9.7735458564, 11.2974335205]
    ],
    [
      [1.7801977989, 2.056304039, 2.141642452, 0.89499263287, 1.2618327494, 1.3928532004, 1.0301436698, 1.5966990237, 1.7647784462, 1.154651621, 1.9576140772, 3.122714856, 3.9313967796, 5.927328561, 10.1793708738, 8.859243405, 7.0887431341, 7.7864187729, 7.4277207081, 7.1713770073, 10.0425272869, 10.214813603, 7.8015125154, 9.086452952, 7.285995749, 1.3068406814, 1.9353714585, 2.4239281141, 1.3143985459, 1.7983496681, 1.0217341815, 0.67185141376, 1.5655927131, 0.91224767571, 1.6932369541, 2.8826754877, 1.0296531868, 1.3919269132, 1.4525852539, 2.8628904236, 1.0560912158, 1.0899957251, 2.3344343294, 1.0981747949, 1.0551160021, 1.8551657676, 1.6034549606, 1.9809359884, 1.9179884831, 1.812215317],
      [0.94856819612, 1.67397697, 1.4350288431, 0.59689594259, 0.93165242946, 0.91946705384, 1.1316042124, 1.3664167452, 1.3818724931, 0.70637779646, 2.251731644, 1.0900730172, 3.1649679912, 5.7237755188, 5.391187336, 5.0166911008, 3.7845964131, 5.8221061736, 8.0671885289, 4.9718680562, 10.6777665622, 4.8178364106, 6.564605188, 6.8657751033, 5.4894809297, 1.1738289883, 1.2218548273, 1.5372725198, 1.4504947538, 0.97172493156, 0.91990302567, 0.65941718405, 1.2091601556, 0.83157427623, 1.5353966484, 1.1976916445, 0.53312239054, 0.85821273946, 1.0671730936, 2.1018362997, 0.52617721632, 0.96950798859, 0.96926646865, 0.97574772518, 0.95839145497, 1.8561772316, 1.015940453, 1.6852761571, 1.1293100155, 2.0194475256],
      [8.9795559062, 9.9675533197, 11.1621625787, 4.3550479199, 9.6271164602, 13.3590159301, 7.6280063098, 7.7767320955, 11.4645213983, 7.854429525, 10.3888897009, 12.416811994, 27.9350440317, 44.5946247989, 42.9210571356, 46.5350217581, 52.745778625, 49.2525170457, 47.2794060161, 54.5807497213, 48.1020338152, 42.5326585315, 50.9153008716, 36.9896279338, 47.0009492112, 8.2945071308, 8.5780813118, 11.6042424329, 6.8546787375, 9.9700307349, 4.8749207129, 4.5097770433, 12.9633170261, 7.9890039878, 11.5249067201, 13.6054477931, 5.3003865964, 9.5350074094, 7.1988846156, 10.5981854726, 6.2914403414, 6.6812896865, 12.4034971263, 6.7729733349, 11.7288131371, 9.8906276017, 8.1612072291, 12.8908789738, 12.5075309011, 11.742868887],
      [0.29167809877, 0.30216567135, 0.26116612618, 0.15306350465, 0.17939836099, 0.32866381564, 0.21024580801, 0.26015213557, 0.38882766248, 0.28454105754, 0.40176457789, 0.37040013269, 0.96859119743, 1.7542711213, 1.5083846546, 1.589043736, 1.3808818278, 1.1389580078, 1.2256847468, 1.2760052152, 1.1776723357, 1.4346914549, 1.7185814251, 1.0581440109, 1.2235741102, 0.22482319955, 0.26469240248, 0.43455693321, 0.3804279628, 0.25989466544, 0.1834420799, 0.15895435886, 0.26193010519, 0.26717406025, 0.24645967737, 0.31418507465, 0.13683782617, 0.21485293787, 0.28135703686, 0.43708780408, 0.12629122649, 0.2592065998, 0.29280207567, 0.15310414498, 0.25767940585, 0.39802939912, 0.21939735726, 0.44290888072, 0.44517060035, 0.4254682704]
    ],
    [
      [5.9947023917, 5.1992164225, 5.9588440885, 10.589348967, 4.3959826266, 4.6860593841, 3.4876975314, 3.6856323568, 4.2303978707, 7.6975490134, 4.4830552754, 5.7810429983, 6.8661994163, 5.1962053753, 6.8089054516, 4.8337841195, 5.3346812219, 6.3859663223, 5.7748666288, 6.0298246367, 4.0986397252, 8.0730163279, 3.7476682968, 8.1398695652, 6.2319090946, 26.6066449165, 31.0678754677, 31.3271615576, 23.5937199259, 33.287841296, 29.6724467613, 26.4901844001, 27.5031749168, 23.9571193922, 26.2842677039, 32.0476762953, 30.8407290766, 15.19005894, 5.5416353199, 5.0235584884, 5.0850936899, 5.3555933798, 5.3133334256, 4.4613645088, 6.3485013198, 5.8686927476, 5.4726573429, 4.9833373635, 5.7089433382, 3.1061719542],
      [1.8222069635, 2.4202745329, 2.282026102, 4.0336741916, 1.8541332685, 1.7657466972, 2.1905695367, 1.802175272, 1.8922676363, 2.6903876975, 2.94305432, 1.1532744673, 3.1454453192, 2.8480191883, 2.048463354, 1.5522155867, 1.6152861302, 2.708803334, 3.5662547067, 2.3743573918, 2.4676890195, 2.1661396369, 1.7893645509, 3.490759154, 2.6643236081, 13.647005972, 11.1903710775, 11.3397030298, 14.852712746, 10.26240883, 15.2559698357, 14.8368116942, 12.1306640758, 12.4706386987, 13.5972266777, 7.5958750187, 9.1064575545, 5.3247046269, 2.3046341537, 2.0865186077, 1.4331997997, 2.6971202994, 1.2487558799, 2.2431768248, 3.2688495533, 3.3267476498, 1.9627076927, 2.4009825469, 1.9043922776, 1.9597016601],
      [2.3105064682, 1.923798662, 2.3735821117, 3.9208285495, 2.5583838299, 3.4400904497, 1.9646484864, 1.3675149624, 2.1005103052, 3.9932115531, 1.8199365362, 1.7584878375, 3.7613149844, 3.0168358002, 2.215863818, 1.9580858609, 3.0620860455, 3.1170369323, 2.8383334854, 3.5427375447, 1.5129812208, 2.5958063278, 1.8864387011, 2.5572174138, 3.1022736167, 12.9754105238, 10.5948755991, 11.5559954667, 9.4612404231, 14.2137220374, 10.8610008965, 13.6528219768, 17.5399224252, 16.1207893519, 13.7802551695, 11.6582848716, 12.1959724582, 8.0016070606, 2.1072816696, 1.4279203833, 2.3227996486, 2.5187248394, 2.1678134474, 2.1101887118, 5.4231604404, 2.4031440982, 2.1373360404, 2.4913320153, 2.8600340952, 1.5451219888],
      [1.8725841766, 1.4567103825, 1.3855476978, 3.4561482919, 1.1915002749, 2.108103469, 1.3570844455, 1.1446774088, 1.7768241878, 3.6188517361, 1.7539538684, 1.3071946969, 3.2270402802, 2.9389396363, 1.9267673764, 1.6559144328, 1.9879466024, 1.7881934115, 1.820545179, 2.0530804268, 0.92069003444, 2.1650377074, 1.5765284512, 1.812153867, 2.0014936807, 8.7709385877, 8.1468778557, 10.7771399459, 13.0923269049, 9.2360278366, 10.2105825066, 12.020181929, 8.8262385823, 13.4514525572, 7.3382504489, 6.6981638144, 7.8568409107, 4.4836293724, 2.0464488568, 1.4620025207, 1.1589068618, 2.4285614815, 1.2700972471, 1.1852699545, 2.9594886865, 2.4014155045, 1.427298924, 2.1243480742, 2.526630289, 1.3890043968]
    ],
    [
      [3.5429839679, 1.6157098265, 1.9215087737, 2.5966004508, 2.0209773706, 1.9265369871, 1.4395946905, 2.1876313055, 1.857732992, 1.961391364, 2.0671704987, 2.6435454055, 2.4280776617, 1.799573983, 2.1999500376, 2.6590814685, 2.0265567103, 1.9946248308, 0.77185763271, 1.0065760906, 2.0309745451, 1.4726120405, 1.3828993505, 3.2316153301, 2.0977168158, 1.2651693188, 2.8025134289, 1.7612994227, 2.1570700491, 2.5497755908, 1.5230912753, 2.0525641567, 0.81198088897, 1.0513367175, 1.944001234, 2.8162968435, 4.0284221065, 6.3807828908, 10.6105493681, 11.2982590805, 12.9907300878, 8.9438968079, 12.0428244168, 9.765389712, 5.9696420713, 7.8621987738, 11.437337822, 7.7530269648, 8.6162049524, 6.9981180955],
      [6.4122818989, 4.4954575803, 4.3948418253, 5.8845947886, 5.0864513933, 4.3282999994, 5.4018783663, 6.386164024, 4.9607751168, 4.0848072859, 8.0900392741, 3.1512824638, 6.6251843594, 5.8921786344, 3.9589544898, 5.1077444945, 3.6715849104, 5.0595521388, 2.8557493688, 2.3747082678, 7.325622267, 2.3649587792, 3.9574802528, 8.2679529128, 5.3602279579, 3.8437485183, 5.974129596, 3.774745878, 8.0339432702, 4.6501496935, 4.6352023487, 6.7978358946, 2.1216656183, 3.2400162422, 5.9530415645, 3.9535497248, 7.0341517526, 13.2423775871, 26.1708508284, 27.8565271631, 21.7191299548, 26.7075510158, 16.7994409478, 29.1259429102, 18.2222934677, 26.4333896224, 24.3324155424, 22.1673746722, 17.0522813375, 26.2109803469],
      [6.5908744478, 2.8854102231, 3.6932506583, 4.6416013057, 5.6782240895, 6.8234870319, 3.9169263523, 3.9199196748, 4.4515070538, 4.9106940932, 4.0494626418, 3.879846353, 6.4139134892, 5.0463097411, 3.4574724571, 5.2070949364, 5.6228997087, 4.7046221628, 1.831686493, 2.8571097559, 3.6285207382, 2.2851108331, 3.3654670843, 4.9021640031, 5.0448141607, 2.9690801286, 4.5986440107, 3.1248064192, 4.1626950375, 5.2367705522, 2.683325886, 5.0912582159, 2.4904596464, 3.4039800646, 4.9031043112, 4.9286077237, 7.6683695984, 16.2030962807, 19.5080832913, 15.5320097376, 28.7056536809, 20.3343557502, 23.7564022552, 22.3393990911, 24.6281569991, 15.5559877974, 21.598264395, 18.733058574, 20.8573041703, 16.8313917657],
      [2.4538596854, 1.0034223701, 0.99039874262, 1.877203455, 1.2143471466, 1.9216759816, 1.2416005909, 1.5062849958, 1.7299848375, 2.0431072569, 1.7933275855, 1.3253257776, 2.5328244897, 2.2619376415, 1.3836230155, 2.0260791006, 1.6789586706, 1.2412008676, 0.54070650547, 0.76160588573, 1.0148824496, 0.87731834723, 1.2941533124, 1.598267754, 1.4972410656, 0.92200203439, 1.6247129643, 1.3391482801, 2.6462916432, 1.5633041635, 1.1583804901, 2.0583417327, 0.57589384634, 1.3046669757, 1.1998528903, 1.3015457081, 2.2690565425, 4.1737432415, 8.7105165122, 7.3132040188, 6.5844862765, 9.014196426, 6.4013323802, 5.7692682867, 6.1799074619, 7.1484238064, 6.6319822406, 7.346539789, 8.4742095398, 6.959509792]
    ]
  ],
  "prob": [
    [0.33282508306, 0.052952259131, 0.076613152541, 0.53760950526],
    [0.1305018568, 0.096016516914, 0.75041401315, 0.023067613133],
    [0.45114198665, 0.19016582462, 0.20552028946, 0.15317189926],
    [0.15729759247, 0.385138979, 0.34023997776, 0.11732345077]
  ],
  "iterations": 21,
  "time": 5.6e-05,
  "message": "Converged",
  "status": 0,
  "miniter": 0,
  "maxiter": 1000,
  "maxtime": 3600,
  "param_threshold": 0.001,
  "ll_threshold": "-Inf",
  "initial_prob": "group_proportional",
  "ballotbox_id": ["1", "2", "3", "4", "5", "6", "7", "8", "9", "10", "11", "12", "13", "14", "15", "16", "17", "18", "19", "20", "21", "22", "23", "24", "25", "26", "27", "28", "29", "30", "31", "32", "33", "34", "35", "36", "37", "38", "39", "40", "41", "42", "43", "44", "45", "46", "47", "48", "49", "50"],
  "candidates_id": ["1", "2", "3", "4"],
  "group_id": ["1", "2", "3", "4"]
}
