{
  "X": [
    [19, 25, 44, 12],
    [21, 21, 42, 16],
    [20, 19, 44, 17],
    [21, 30, 32, 17],
    [21, 29, 38, 12],
    [30, 23, 32, 15],
    [12, 24, 39, 25],
    [17, 17, 45, 21],
    [11, 30, 38, 21],
    [20, 25, 37, 18],
    [18, 17, 45, 20],
    [8, 25, 43, 24],
    [18, 27, 34, 21],
    [25, 25, 25, 25],
    [19, 23, 25, 33],
    [24, 29, 26, 21],
    [17, 27, 31, 25],
    [24, 16, 33, 27],
    [35, 18, 27, 20],
    [24, 19, 31, 26],
    [24, 24, 30, 22],
    [23, 17, 32, 28],
    [22, 27, 31, 20],
    [19, 26, 31, 24],
    [22, 19, 29, 30],
    [44, 23, 12, 21],
    [55, 18, 9, 18],
    [43, 23, 21, 13],
    [49, 19, 11, 21],
    [44, 20, 16, 20],
    [44, 20, 15, 21],
    [54, 18, 13, 15],
    [56, 24, 8, 12],
    [54, 19, 12, 15],
    [52, 18, 12, 18],
    [43, 18, 20, 19],
    [59, 17, 13, 11],
    [50, 21, 11, 18],
    [45, 10, 21, 24],
    [42, 11, 30, 17],
    [44, 15, 19, 22],
    [45, 8, 28, 19],
    [45, 11, 18, 26],
    [37, 14, 25, 24],
    [40, 16, 21, 23],
    [51, 16, 13, 20],
    [48, 10, 19, 23],
    [38, 13, 27, 22],
    [46, 11, 23, 20],
    [43, 9, 25, 23]
  ],
  "W": [
    [62, 11, 12, 15],
    [57, 17, 13, 13],
    [62, 12, 12, 14],
    [63, 11, 17, 9],
    [61, 16, 10, 13],
    [56, 11, 18, 15],
    [73, 5, 7, 15],
    [61, 14, 11, 14],
    [66, 15, 9, 10],
    [63, 12, 14, 11],
    [61, 12, 11, 16],
    [62, 17, 11, 10],
    [41, 37, 10, 12],
    [11, 62, 9, 18],
    [9, 73, 11, 7],
    [14, 51, 20, 15],
    [14, 67, 13, 6],
    [11, 67, 13, 9],
    [12, 57, 12, 19],
    [13, 63, 10, 14],
    [8, 67, 15, 10],
    [9, 62, 14, 15],
    [19, 57, 14, 10],
    [13, 66, 10, 11],
    [15, 61, 12, 12],
    [14, 11, 61, 14],
    [12, 12, 70, 6],
    [13, 19, 58, 10],
    [8, 14, 67, 11],
    [16, 14, 59, 11],
    [15, 10, 59, 16],
    [14, 12, 59, 15],
    [10, 14, 62, 14],
    [12, 12, 69, 7],
    [11, 19, 59, 11],
    [15, 11, 63, 11],
    [13, 17, 60, 10],
    [14, 9, 39, 38],
    [13, 9, 12, 66],
    [12, 17, 13, 58],
    [18, 11, 15, 56],
    [11, 10, 17, 62],
    [9, 10, 12, 69],
    [10, 14, 9, 67],
    [14, 14, 17, 55],
    [11, 10, 9, 70],
    [11, 9, 10, 70],
    [16, 11, 14, 59],
    [12, 13, 15, 60],
    [10, 5, 14, 71]
  ],
  "method": "mult",
  "cond_prob": [
    [
      [0.030949487617, 0.29393245035, 0.57482581475, 0.10029224729],
      [0.12756848428, 0.28237371156, 0.38264674644, 0.20741105771],
      [0.68605747573, 0.20602661776, 0.019570150884, 0.088345755631],
      [0.5599288435, 0.058578898996, 0.21444794301, 0.1670443145]
    ],
    [
      [0.034873330153, 0.25217499872, 0.58014654681, 0.13280512432],
      [0.13732183464, 0.23145110866, 0.36890481731, 0.26232223939],
      [0.71140310701, 0.16272221345, 0.01817594733, 0.10769873221],
      [0.56390154253, 0.04493335839, 0.19344558921, 0.19771950987]
    ],
    [
      [0.034341148316, 0.2285446931, 0.59097607136, 0.14613808722],
      [0.13396142676, 0.20777026425, 0.37228066119, 0.28598764781],
      [0.7113946505, 0.14960115356, 0.018789773666, 0.12021442228],
      [0.5496038711, 0.040272632904, 0.19492975166, 0.21519374433]
    ],
    [
      [0.035928653385, 0.35957317443, 0.44855371378, 0.1559444584],
      [0.13284760961, 0.30990415794, 0.26784844865, 0.2893997838],
      [0.66299772432, 0.2099055334, 0.012714367858, 0.11438237442],
      [0.56575994481, 0.062410434459, 0.14566825934, 0.22616136139]
    ],
    [
      [0.039456236479, 0.34910190057, 0.50989658202, 0.10154528093],
      [0.15533322277, 0.32017457652, 0.32406313087, 0.20042906984],
      [0.71401717174, 0.19908416672, 0.01412578531, 0.072772876232],
      [0.62528282296, 0.060790108415, 0.16620084923, 0.1477262194]
    ],
    [
      [0.045460036136, 0.30856202031, 0.50522966931, 0.14074827424],
      [0.16853833661, 0.26682294289, 0.30260539713, 0.26203332337],
      [0.73710699825, 0.15906401128, 0.012637471905, 0.091191518567],
      [0.62839484383, 0.047177387158, 0.14452773624, 0.17990003277]
    ],
    [
      [0.024676269022, 0.27976700151, 0.47365179566, 0.22190493381],
      [0.088923330586, 0.2347161994, 0.27546924064, 0.40089122938],
      [0.57491471867, 0.2044705313, 0.016831638561, 0.20378311147],
      [0.42724124675, 0.0530373367, 0.16817306193, 0.35154835462]
    ],
    [
      [0.029477069244, 0.20131866238, 0.59421396567, 0.17499030271],
      [0.11332900945, 0.18035886523, 0.36888418863, 0.33742793669],
      [0.67472435215, 0.14548938979, 0.020858889087, 0.15892736898],
      [0.49112074288, 0.036907284249, 0.20391302408, 0.26805894879]
    ],
    [
      [0.022707678757, 0.33490472954, 0.46850134706, 0.17388624465],
      [0.086213197271, 0.29600285992, 0.28699389547, 0.33079004734],
      [0.55699722862, 0.25750552108, 0.017506503681, 0.16799074662],
      [0.43779692221, 0.070669875342, 0.18506026022, 0.30647294223]
    ],
    [
      [0.035357867682, 0.29938482734, 0.50524190194, 0.16001540304],
      [0.13243007747, 0.26131471727, 0.30556973475, 0.30068547051],
      [0.68072838354, 0.182069673, 0.014923132383, 0.12227881108],
      [0.55435155392, 0.05167471577, 0.16320310148, 0.23077062883]
    ],
    [
      [0.029861753471, 0.20460011015, 0.59798804623, 0.16755009015],
      [0.1156642001, 0.18470025078, 0.37406007172, 0.3255754774],
      [0.68011670211, 0.14733216825, 0.020915778454, 0.15163535119],
      [0.49878672302, 0.037641173998, 0.205953674, 0.25761842899]
    ],
    [
      [0.014472114123, 0.27051244134, 0.52675425682, 0.18826118772],
      [0.056340841343, 0.24528601692, 0.33098704923, 0.36738609251],
      [0.46339551575, 0.27251486137, 0.02577872871, 0.23831089417],
      [0.31792180815, 0.065224159287, 0.23770141404, 0.37915261852]
    ],
    [
      [0.030592681872, 0.32381884749, 0.49502723062, 0.15056124001],
      [0.11703424952, 0.28869888243, 0.30567155937, 0.28859530868],
      [0.64318125867, 0.2151300733, 0.015955144545, 0.12573352348],
      [0.52568234452, 0.061264305056, 0.17517453536, 0.23787881506]
    ],
    [
      [0.03549658324, 0.3426189994, 0.46491873839, 0.15696567897],
      [0.13192383002, 0.29699853073, 0.27880755953, 0.29227007972],
      [0.66490028981, 0.2040964988, 0.013398332036, 0.11760487935],
      [0.55996924429, 0.059768654264, 0.15151181406, 0.22875028739]
    ],
    [
      [0.03193970414, 0.29444633631, 0.46649726348, 0.20711669607],
      [0.11427025103, 0.24558608051, 0.26917383865, 0.37096982981],
      [0.63586430704, 0.18568518743, 0.014231310242, 0.16421919528],
      [0.50014148922, 0.050860957728, 0.1504264547, 0.29857109835]
    ],
    [
      [0.026148936331, 0.36262847592, 0.4802687576, 0.13095383016],
      [0.10296530268, 0.33325262352, 0.30515065035, 0.25863142344],
      [0.59792152489, 0.26484951944, 0.016943487924, 0.12028546775],
      [0.50036108537, 0.07699431999, 0.19029825308, 0.23234634157]
    ],
    [
      [0.025665487536, 0.31064289926, 0.51573108047, 0.14796053273],
      [0.10050150748, 0.28359992967, 0.32576195152, 0.29013661133],
      [0.60826470963, 0.23329486652, 0.018741521558, 0.13969890229],
      [0.48112109026, 0.064259729753, 0.1991792739, 0.25543990609]
    ],
    [
      [0.035547229468, 0.19962878398, 0.59830802124, 0.16651596531],
      [0.13566347575, 0.17767057486, 0.36835302701, 0.31831292237],
      [0.71881163288, 0.12817649137, 0.018579874013, 0.13443200173],
      [0.54307115593, 0.033701091252, 0.18855720601, 0.23467054681]
    ],
    [
      [0.048666475382, 0.26593472823, 0.54857461472, 0.13682418166],
      [0.18171655833, 0.23166647511, 0.33054204712, 0.25607491945],
      [0.76676158925, 0.13351558534, 0.013318111127, 0.086404714276],
      [0.64356509079, 0.038944903403, 0.15005188675, 0.16743811905]
    ],
    [
      [0.035481610877, 0.24719543574, 0.55513765321, 0.16218530018],
      [0.13443066465, 0.21840808372, 0.33935784901, 0.30780340262],
      [0.7003588656, 0.15495388228, 0.016838815225, 0.1278484369],
      [0.54895569437, 0.042256863377, 0.17725939666, 0.23152804559]
    ],
    [
      [0.031523076833, 0.29215716601, 0.54655349713, 0.12976626002],
      [0.12466694241, 0.26952357056, 0.34867723226, 0.25713225477],
      [0.6728257758, 0.19841572667, 0.017938596069, 0.11081990147],
      [0.54317852621, 0.055713036472, 0.19449175361, 0.20661668371]
    ],
    [
      [0.028573603417, 0.21601119228, 0.58826533465, 0.16714986965],
      [0.11090024753, 0.19559973915, 0.3683645213, 0.32513549202],
      [0.6635809926, 0.15983332356, 0.021036740815, 0.15554894302],
      [0.4876715955, 0.040830896267, 0.20756895345, 0.26392855479]
    ],
    [
      [0.031027421069, 0.32405671275, 0.51965346738, 0.12526239881],
      [0.12253094593, 0.29845115386, 0.33115249393, 0.24786540629],
      [0.65846574361, 0.21842670051, 0.016951962548, 0.10615559333],
      [0.54533890888, 0.062951337426, 0.18853566262, 0.20317409108]
    ],
    [
      [0.028169490624, 0.31215560058, 0.5187271567, 0.1409477521],
      [0.11037440021, 0.28517188676, 0.32789075135, 0.27656296169],
      [0.63326929832, 0.22250671816, 0.017894343604, 0.12632963991],
      [0.50943138072, 0.062308617868, 0.1933833211, 0.23487668031]
    ],
    [
      [0.032901227639, 0.24722388143, 0.5260413302, 0.19383356074],
      [0.12071986347, 0.21154676157, 0.31143151713, 0.35630185783],
      [0.66731427403, 0.15926832046, 0.016398242864, 0.15701916264],
      [0.51105564194, 0.042439963292, 0.16865534297, 0.27784905181]
    ],
    [
      [0.02825543811, 0.33981709349, 0.43896834138, 0.19295912702],
      [0.10264134629, 0.28845582983, 0.25595816882, 0.35294465507],
      [0.59221974871, 0.22965503158, 0.014101270022, 0.16402394969],
      [0.47754959253, 0.064141749756, 0.15309074855, 0.30521790917]
    ],
    [
      [0.040338675718, 0.29927405408, 0.45544570023, 0.20494156997],
      [0.14081788301, 0.24416448652, 0.25461326788, 0.36040436259],
      [0.6836569173, 0.1636580618, 0.011765900898, 0.14091912001],
      [0.55840449821, 0.046311421933, 0.12961582076, 0.2656682591]
    ],
    [
      [0.02521596868, 0.27646615832, 0.60126859881, 0.09704927419],
      [0.10717763302, 0.27457785083, 0.41065669389, 0.20758782226],
      [0.64687583889, 0.22854212632, 0.023690495301, 0.10089153949],
      [0.50632953081, 0.061992696721, 0.24946725489, 0.18221051757]
    ],
    [
      [0.029981020194, 0.28084569687, 0.49605353298, 0.19311974995],
      [0.11012890031, 0.24108877693, 0.29156091247, 0.3572214103],
      [0.62939945553, 0.19022843776, 0.015842939554, 0.16452916715],
      [0.48839506919, 0.051120584705, 0.16591140347, 0.29457294263]
    ],
    [
      [0.029014638931, 0.27661590166, 0.51750905329, 0.17686040611],
      [0.1091367501, 0.24312641491, 0.31283845803, 0.33489837695],
      [0.63222270776, 0.19425653408, 0.017328106281, 0.15619265188],
      [0.48892875811, 0.052055804239, 0.18025726209, 0.27875817556]
    ],
    [
      [0.027141307763, 0.28547221208, 0.50420249624, 0.18318398392],
      [0.10163288121, 0.24978468321, 0.30320859194, 0.34537384364],
      [0.60927380295, 0.20659803537, 0.017367819888, 0.16676034179],
      [0.46889398775, 0.055066273865, 0.17988543226, 0.29615430613]
    ],
    [
      [0.03915757579, 0.29739080939, 0.51241978457, 0.15103183025],
      [0.14667346166, 0.26029346616, 0.30822391996, 0.28480915221],
      [0.70357297904, 0.17226044994, 0.014124861094, 0.11004170993],
      [0.58278305586, 0.049421611186, 0.15746947873, 0.21032585423]
    ],
    [
      [0.043119828351, 0.43734090859, 0.38805223935, 0.13148702371],
      [0.15752793084, 0.3733544905, 0.22728628546, 0.2418312932],
      [0.68280323707, 0.22333976844, 0.0093917002884, 0.0844652942],
      [0.63129915952, 0.071512479477, 0.11701197341, 0.18017638759]
    ],
    [
      [0.03525006242, 0.28238842009, 0.53177568574, 0.15058583175],
      [0.13439908433, 0.25162496607, 0.32476409154, 0.28921185805],
      [0.68738291801, 0.17766787172, 0.015814850746, 0.11913435952],
      [0.55561266116, 0.049751328164, 0.17238053261, 0.22225547807]
    ],
    [
      [0.039823775119, 0.29429674101, 0.48670640739, 0.17917307648],
      [0.14381280569, 0.24833858046, 0.28222339877, 0.32562521507],
      [0.69477275327, 0.16548962112, 0.013021022067, 0.12671660355],
      [0.56961256009, 0.047009898732, 0.14369417087, 0.2396833703]
    ],
    [
      [0.023208812576, 0.21665596864, 0.61141524211, 0.14871997667],
      [0.094010366286, 0.20507966684, 0.39753690715, 0.30337305972],
      [0.62450896909, 0.1879913826, 0.025214864181, 0.16228478412],
      [0.44491574398, 0.046397371267, 0.24185286515, 0.26683401961]
    ],
    [
      [0.047556711288, 0.28926064435, 0.54544798135, 0.11773466301],
      [0.18150453683, 0.25797339134, 0.33434483491, 0.22617723692],
      [0.76103152413, 0.14920408846, 0.013392250586, 0.076372136824],
      [0.65090496356, 0.044219044687, 0.15415299275, 0.150722999]
    ],
    [
      [0.037976765421, 0.42919445659, 0.36797065929, 0.16485811869],
      [0.13545572656, 0.35756117359, 0.21122822752, 0.29575487233],
      [0.64320269504, 0.23398979941, 0.0096111041517, 0.1131964014],
      [0.5772196671, 0.072624715395, 0.11589005097, 0.23426556653]
    ],
    [
      [0.034213637976, 0.25677917086, 0.53153325294, 0.17747393823],
      [0.12717895088, 0.22275627973, 0.31863788283, 0.33142688655],
      [0.67794155194, 0.16328218388, 0.016316174888, 0.14246008929],
      [0.5290265667, 0.043945322148, 0.17081128795, 0.2562168232]
    ],
    [
      [0.029659132919, 0.21812448926, 0.64451464853, 0.10770172929],
      [0.1242932246, 0.21336855474, 0.43564589704, 0.22669232362],
      [0.70588584596, 0.16660745664, 0.023757743828, 0.10374895358],
      [0.53423671991, 0.043556741916, 0.24121712824, 0.18098940993]
    ],
    [
      [0.036482347574, 0.33493737876, 0.45792634729, 0.17065392637],
      [0.13300633271, 0.28504926442, 0.26936388033, 0.31258052254],
      [0.66514130116, 0.19600767242, 0.012940487605, 0.12591053881],
      [0.55579794408, 0.056598064237, 0.1450268191, 0.24257717258]
    ],
    [
      [0.029419198626, 0.17519827406, 0.66932715291, 0.1260553744],
      [0.12180341625, 0.16930876124, 0.44665130952, 0.26223651298],
      [0.71423959455, 0.13659287534, 0.025143916009, 0.1240236141],
      [0.51581836418, 0.034033884684, 0.24371375157, 0.20643399957]
    ],
    [
      [0.032806862488, 0.29954443568, 0.48003712371, 0.18761157812],
      [0.11958848593, 0.25479451112, 0.28205628028, 0.34356072267],
      [0.64623617271, 0.18934110758, 0.014635152386, 0.14978756732],
      [0.5157305723, 0.05206869044, 0.15674408718, 0.27545665007]
    ],
    [
      [0.024154241945, 0.3049057472, 0.52743681692, 0.14350319394],
      [0.095682471186, 0.28185686947, 0.33695703903, 0.28550362031],
      [0.59545908419, 0.24112524355, 0.02014061696, 0.14327505529],
      [0.46556689732, 0.065019623689, 0.21126043492, 0.25815304407]
    ],
    [
      [0.029336312109, 0.32520073922, 0.48586881246, 0.15959413622],
      [0.11121165323, 0.2877944557, 0.29704365054, 0.30395024054],
      [0.62428727195, 0.22220812418, 0.016011486917, 0.13749311695],
      [0.50638192499, 0.062276900985, 0.17424540305, 0.25709577097]
    ],
    [
      [0.040675078099, 0.45987728202, 0.3474483549, 0.15199928498],
      [0.14507942544, 0.38273913002, 0.19985400093, 0.27232744361],
      [0.65475387396, 0.2374538886, 0.0086643728109, 0.099127864625],
      [0.60554337387, 0.075685729524, 0.1075026842, 0.21126821241]
    ],
    [
      [0.037145218873, 0.28394115036, 0.50597106169, 0.17294256908],
      [0.13663157941, 0.2437042363, 0.30010322678, 0.3195609575],
      [0.68729435502, 0.16854170281, 0.014500717034, 0.12966322514],
      [0.55483731573, 0.046886725613, 0.15705740069, 0.24121855796]
    ],
    [
      [0.026401039351, 0.25991716452, 0.56956509465, 0.14411670148],
      [0.10503479614, 0.24137134575, 0.3655454198, 0.2880484383],
      [0.6367769219, 0.20122020025, 0.021288715061, 0.14071416279],
      [0.4837942443, 0.052800583749, 0.21694938947, 0.24645578248]
    ],
    [
      [0.034416580519, 0.2518350576, 0.57054036765, 0.14320799423],
      [0.13384408353, 0.2286024969, 0.35777006493, 0.27978335464],
      [0.6997369473, 0.16438012411, 0.017960554141, 0.11792237445],
      [0.55128959373, 0.04470992674, 0.18986272624, 0.21413775329]
    ],
    [
      [0.0262698792, 0.2237991826, 0.60147288381, 0.14845805439],
      [0.10507446922, 0.2088682211, 0.38767703615, 0.29838027352],
      [0.65020002135, 0.17776432023, 0.023032601864, 0.14900305656],
      [0.47671104289, 0.044878929396, 0.22666645629, 0.25174357143]
    ]
  ],
  "expected_outcome": [
    [
      [1.9188682322, 1.9877798187, 2.1291511956, 2.2635051633, 2.4068304252, 2.5457620236, 1.8013676386, 1.7981012239, 1.4987067979, 2.2275456639, 1.8215669617, 0.89727107562, 1.2542999568, 0.39046241564, 0.28745733726, 0.36608510864, 0.35931682551, 0.39101952415, 0.58399770459, 0.4612609414, 0.25218461467, 0.25716243075, 0.58952100031, 0.36620337811, 0.49351841458, 0.39557613354, 0.48406410861, 0.32780759283, 0.23984816155, 0.4642342229, 0.40711961644, 0.54820606106, 0.43119828351, 0.42300074905, 0.43806152631, 0.34813218864, 0.61823724675, 0.53167471589, 0.44477729369, 0.35590959503, 0.65668225632, 0.32361118488, 0.29526176239, 0.24154241945, 0.41070836953, 0.44742585909, 0.4085974076, 0.42241662962, 0.41299896623, 0.262698792],
      [18.2238119216, 14.3739749268, 14.1697709722, 22.6531099893, 21.2952159346, 17.2794731373, 20.4229911099, 12.2804384052, 22.1037121497, 18.8612441223, 12.480606719, 16.7717713631, 13.2765727473, 3.7688089934, 2.6500170268, 5.0767986628, 4.3490005896, 2.1959166238, 3.1912167388, 3.2135406646, 2.3372573281, 1.9441007305, 6.1570775422, 4.0580228075, 3.7083582214, 4.7574393088, 3.5912886489, 3.5940600582, 2.246765575, 4.4258544266, 4.2820831812, 4.1634713314, 4.3734090859, 3.3886610411, 3.2372641511, 3.2498395297, 3.7603883766, 6.0087223923, 3.3381292212, 2.6174938711, 6.0288728178, 1.9271810147, 2.6958999211, 3.049057472, 4.552810349, 5.0586501023, 3.1233526539, 4.1586746323, 3.0220206912, 2.237991826],
      [35.6392005144, 33.0683531681, 36.6405164246, 28.2588839683, 31.1036915034, 28.2928614815, 34.5765810832, 36.2470519059, 30.9210889057, 31.8302398221, 36.4772708202, 32.6587639225, 20.2961164555, 5.1141061223, 4.1984753713, 6.7237626063, 7.2202351266, 6.5813882336, 6.5828953767, 7.2167894917, 4.3724279771, 5.2943880119, 9.8734158801, 6.743453037, 7.890619953, 6.1455567793, 5.4653484028, 7.8164917845, 3.9684282639, 8.2801448526, 7.5630374436, 7.173876984, 3.8805223935, 6.3813082288, 5.3537704813, 9.1712286317, 7.0908237575, 5.1515892301, 6.9099322882, 7.7341757824, 8.2426742513, 7.362598682, 4.3203341134, 5.2743681692, 6.8021633744, 3.8219319039, 5.5656816786, 9.1130415144, 6.8464844118, 6.0147288381],
      [6.2181193317, 7.5698920864, 9.0605614076, 9.8245008792, 6.1942621368, 7.8819033576, 16.1990601682, 10.674408465, 11.4764921467, 10.0809703916, 10.2205554991, 11.6721936387, 6.1730108405, 1.7266224686, 1.8640502646, 1.8333536222, 2.0714474582, 1.8316756185, 1.64189018, 2.1084089023, 1.0381300802, 1.5043488268, 2.3799855774, 1.8323207773, 2.9075034111, 2.7014277783, 2.4592988396, 1.2616405645, 1.5449579996, 2.8297664978, 2.7477597588, 2.1144456235, 1.3148702371, 1.807029981, 1.9709038413, 2.23079965, 1.5305506192, 2.3080136617, 2.3071611969, 1.2924207515, 3.0717706746, 1.3866091184, 1.6885042031, 1.4350319394, 2.2343179071, 1.6719921348, 1.9023682599, 2.3058672237, 1.7184959308, 1.4845805439]
    ],
    [
      [1.4032533271, 2.334471189, 1.6075371211, 1.4613237057, 2.4853315643, 1.8539217027, 0.44461665293, 1.5866061323, 1.2931979591, 1.5891609297, 1.3879704012, 0.95779430283, 4.3302672323, 8.179277461, 8.3417283249, 5.2512304369, 6.7336010011, 9.0894528755, 10.3578438246, 8.4691318727, 8.3526851415, 6.8758153466, 6.9842639177, 7.2847104136, 7.3639116714, 1.1290548091, 1.6898145961, 2.0363750275, 1.5418046043, 1.5279145014, 1.0163288121, 1.7600815399, 2.2053910318, 1.612789012, 2.7324433082, 1.0341140291, 3.0855771262, 1.219101539, 1.144610558, 2.1129848182, 1.4630696598, 1.2180341625, 1.1958848593, 1.3395545966, 1.5569631452, 1.4507942544, 1.2296842147, 1.1553827576, 1.7399730859, 0.52537234609],
      [3.1061108272, 3.9346688472, 2.493243171, 3.4089457374, 5.1227932243, 2.9350523718, 1.173580997, 2.5250241132, 4.4400428988, 3.1357766072, 2.2164030094, 4.1698622876, 10.6818586499, 18.4139089055, 17.9277838776, 16.9958837995, 19.0011952877, 11.9039285157, 13.2049890811, 13.7597092747, 18.0580792274, 12.1271838276, 17.0117157698, 18.8213445261, 12.9043524559, 3.1730141281, 2.9299738382, 5.2169791658, 3.375242877, 3.4037698088, 2.4978468321, 3.123521594, 5.226962867, 3.0194995929, 4.7184330287, 2.2558763352, 4.3855476528, 3.2180505623, 2.0048065176, 3.6272654306, 3.1355419086, 1.6930876124, 2.5479451112, 3.9459961726, 4.0291223797, 3.8273913002, 2.1933381267, 2.6550848033, 2.9718324596, 1.0443411055],
      [4.2091142109, 6.2713818942, 4.4673679343, 2.9463329351, 5.185010094, 3.3286593684, 1.3773462032, 5.1643786408, 4.304908432, 3.666836817, 4.4887208606, 5.6267798369, 11.3098476966, 17.2860686906, 19.6496902213, 15.562683168, 21.8260507521, 24.67965281, 18.8408966859, 21.3795444876, 23.3613745612, 22.8386003207, 18.875692154, 21.640789589, 18.9973225449, 2.815539857, 3.0553592146, 7.8024771839, 4.0818527746, 4.3797384125, 3.0320859194, 3.6986870396, 3.1820079964, 3.8971690985, 5.3622445767, 4.3729059787, 5.6838621934, 1.9010540477, 2.8677409455, 7.4059802497, 2.9630026837, 4.4665130952, 2.8205628028, 4.7173985464, 4.1586111075, 1.9985400093, 2.7009290411, 4.0209996178, 4.6510108442, 1.9383851808],
      [2.2815216348, 4.4594780696, 3.4318517737, 3.1833976218, 3.2068651174, 2.8823665571, 2.0044561469, 4.7239911137, 4.9618507101, 3.6082256462, 3.9069057288, 6.2455635727, 10.6780264213, 18.1207449428, 27.0807975762, 13.1902025955, 19.4391529591, 21.3269657989, 14.5962704084, 19.391614365, 17.2278610698, 20.1584005052, 14.1283281585, 18.2531554712, 21.7344133277, 3.8823912058, 4.3248523511, 3.9441686229, 5.0010997441, 4.6885772773, 3.4537384364, 3.4177098266, 3.3856381047, 3.4705422966, 6.1868790864, 3.337103657, 3.8450130276, 2.661793851, 2.982841979, 3.8537695015, 3.4383857479, 2.6223651298, 3.4356072267, 3.9970506844, 4.2553033676, 2.7232744361, 2.8760486175, 3.1685328213, 3.6371836103, 1.4919013676]
    ],
    [
      [8.2326897087, 9.2482403911, 8.536735806, 11.2709613134, 7.1401717174, 13.2679259685, 4.0244030307, 7.4219678736, 5.0129750576, 9.5301973695, 7.4812837232, 5.0973506733, 6.4318125867, 5.9841026083, 6.9945073774, 11.9584304978, 7.9074412252, 9.3445512275, 9.201139071, 7.003588656, 10.092386637, 9.2901338964, 9.2185204105, 6.3326929832, 8.0077712884, 36.1254046713, 47.8559842108, 37.5187986554, 42.1697635206, 37.3011397576, 35.9471543741, 41.5108057631, 42.3338006982, 47.4294213429, 40.9915924427, 39.3440650528, 45.6618914481, 25.0849051064, 8.1352986233, 9.1765159974, 9.9771195175, 12.1420731074, 7.7548340725, 5.3591317577, 10.6128836232, 5.8927848656, 6.8729435502, 8.9148769065, 10.4960542096, 9.1028002989],
      [2.4723194131, 2.1153887748, 1.7952138427, 3.5683940679, 1.9908416672, 2.8631522031, 1.4312937191, 1.6003832877, 2.3175496897, 2.5489754219, 1.6206538507, 2.997663475, 2.151300733, 1.8368684892, 2.0425370618, 5.2969903887, 3.0328332647, 1.6662943878, 1.6021870241, 1.5495388228, 2.9762359, 2.2376665299, 3.0579738072, 2.2250671816, 1.9112198456, 14.0089569261, 11.4560643259, 13.2554433267, 12.74530533, 11.4611355108, 12.1892840868, 10.1633665462, 13.8470656435, 12.2590831488, 9.7638876459, 11.843457104, 8.9522453073, 9.1256021771, 1.9593862066, 2.1658969363, 2.9401150863, 2.3220788808, 2.272093291, 2.170127192, 3.7775381111, 2.1370849974, 1.6854170281, 2.8170828035, 2.4657018616, 2.4887004832],
      [0.2348418106, 0.23628731529, 0.22547728399, 0.21614425358, 0.1412578531, 0.22747449429, 0.11782146993, 0.22944777996, 0.15755853313, 0.20892385336, 0.23007356299, 0.28356601581, 0.15955144545, 0.12058498833, 0.15654441266, 0.33886975848, 0.24363978025, 0.24153836216, 0.15981733352, 0.16838815225, 0.26907894104, 0.2945143714, 0.23732747568, 0.17894343604, 0.19677891437, 0.86017747135, 0.82361306283, 1.3740487275, 1.0614769501, 1.0223582706, 1.0247013734, 0.83336680457, 0.58228541788, 1.0912247015, 0.76824030197, 1.5885364434, 0.80353503518, 0.37483306192, 0.19579409866, 0.30885066976, 0.19410731407, 0.42744657216, 0.17562182863, 0.18126555264, 0.2721952776, 0.077979355298, 0.14500717034, 0.29804201085, 0.26940831211, 0.3224564261],
      [1.0601490676, 1.4000835187, 1.4425730673, 1.9445003651, 0.72772876232, 1.6414473342, 1.4264817803, 1.7482010587, 1.5119167196, 1.7119033551, 1.6679888631, 2.6214198359, 1.2573352348, 1.0584439142, 1.8064111481, 2.405709355, 1.8160857298, 1.7476160225, 1.0368565713, 1.278484369, 1.662298522, 2.1776852023, 1.4861783067, 1.2632963991, 1.8842299517, 10.0054609313, 9.8643384005, 5.8517092905, 11.0234541993, 9.215366461, 9.8388601657, 6.492460886, 5.2368482404, 8.2202708069, 7.4762796094, 10.2239413998, 4.5823282094, 4.4146596545, 1.7095210715, 1.3487363965, 1.8886580822, 2.1084014396, 1.7974508079, 1.2894754976, 2.3373829881, 0.89215078162, 1.2966322514, 1.9699982791, 1.7688356167, 2.0860427918]
    ],
    [
      [8.3989326525, 7.3307200529, 7.6944541954, 5.0918395033, 8.1286766984, 9.4259226575, 6.4086187013, 6.8756904004, 4.3779692221, 6.0978670931, 7.9805875683, 3.1792180815, 6.3081881343, 10.0794463971, 3.5009904245, 7.5054162805, 2.8867265415, 4.8876404034, 12.2277367251, 7.6853797212, 5.4317852621, 7.3150739324, 5.4533890888, 5.6037451879, 6.1326677032, 6.6856942954, 3.3504269892, 5.0632953081, 5.3723457611, 5.3782163393, 7.5023038039, 8.7417458379, 8.8381882333, 3.8892886281, 6.265738161, 4.8940731838, 6.5090496356, 21.9343473497, 34.915753402, 30.9857297549, 31.1246848683, 31.9807385789, 35.5854094888, 31.1929821206, 27.8510058744, 42.3880361709, 38.8386121013, 28.543860414, 33.0773756239, 33.8464840451],
      [0.87868348493, 0.58413365907, 0.56381686066, 0.56169391013, 0.7902714094, 0.70766080737, 0.7955600505, 0.51670197948, 0.70669875342, 0.56842187347, 0.60225878396, 0.65224159287, 0.73517166067, 1.0758357768, 0.35602670409, 1.1549147998, 0.38555837852, 0.30330982127, 0.73995316466, 0.59159608728, 0.55713036472, 0.61246344401, 0.62951337426, 0.68539479654, 0.50927955951, 0.89798449659, 0.2778685316, 0.61992696721, 0.56232643176, 0.57261384663, 0.88106038185, 0.74132416779, 1.0011747127, 0.34825929715, 0.51710888605, 0.51037108393, 0.44219044687, 2.759739185, 2.9003912618, 2.5262910311, 3.1694915973, 2.1101008504, 3.5927396404, 4.3563147872, 3.4252295542, 5.2980010666, 3.2820707929, 3.1152344412, 2.6825956044, 3.1864039871],
      [3.2167191451, 2.5147926597, 2.7290165233, 1.3110143341, 2.16061104, 2.1679160436, 2.5225959289, 2.8547823371, 1.8506026022, 1.7952341163, 3.2952587839, 2.3770141404, 2.1020944243, 2.7272126531, 1.0529851829, 2.8544737962, 1.1950756434, 1.6970148541, 2.8509858482, 2.4816315533, 1.9449175361, 3.1135343017, 1.8853566262, 2.1272165321, 2.0238641156, 2.1432704796, 0.77769492456, 2.4946725489, 1.8250254382, 1.982829883, 2.8781669162, 2.3620421809, 1.6381676277, 1.2066637282, 1.5806358796, 2.6603815166, 1.5415299275, 4.403821937, 11.2735450048, 13.9905934378, 8.1215018697, 15.1102525975, 10.8153420157, 14.1544491395, 9.5834971678, 7.5251878937, 10.9940180486, 12.8000139788, 11.3917635744, 16.0933183965],
      [2.5056647175, 2.5703536283, 3.0127124207, 2.0354522525, 1.9204408522, 2.6985004916, 5.2732253192, 3.752825283, 3.0647294223, 2.5384769171, 4.1218948638, 3.7915261852, 2.8545457807, 4.117505173, 2.0899976885, 3.4851951235, 1.5326394365, 2.1120349213, 3.181324262, 3.2413926382, 2.0661668371, 3.9589283219, 2.0317409108, 2.5836434835, 3.3341886217, 4.2730507284, 1.5940095546, 1.8221051757, 3.2403023689, 3.0663399311, 4.738468898, 3.1548878134, 2.5224694263, 1.5557883465, 2.6365170733, 2.9351742157, 1.50722999, 8.9020915283, 16.9103103315, 10.4973857762, 13.5843216647, 12.7989079732, 19.0065088551, 17.2962539528, 14.1402674036, 14.7887748687, 16.8852990573, 14.5408911661, 12.8482651973, 17.8737935712]
    ]
  ],
  "prob": [
    [0.032653584101, 0.28755201726, 0.52363450815, 0.15615989049],
    [0.12387340906, 0.25580235697, 0.32401423773, 0.29630999624],
    [0.66154501362, 0.19122490696, 0.017066556326, 0.13016352309],
    [0.52828924887, 0.053130042005, 0.18091714061, 0.23766356852]
  ],
  "iterations": 23,
  "time": 6.1e-05,
  "message": "Converged",
  "status": 0,
  "miniter": 0,
  "maxiter": 1000,
  "maxtime": 3600,
  "param_threshold": 0.001,
  "ll_threshold": "-Inf",
  "initial_prob": "group_proportional",
  "ballotbox_id": ["1", "2", "3", "4", "5", "6", "7", "8", "9", "10", "11", "12", "13", "14", "15", "16", "17", "18", "19", "20", "21", "22", "23", "24", "25", "26", "27", "28", "29", "30", "31", "32", "33", "34", "35", "36", "37", "38", "39", "40", "41", "42", "43", "44", "45", "46", "47", "48", "49", "50"],
  "candidates_id": ["1", "2", "3", "4"],
  "group_id": ["1", "2", "3", "4"]
}
