{
  "X": [
    [2, 11, 6, 11, 53, 1],
    [2, 18, 17, 14, 128, 0],
    [49, 58, 55, 100, 476, 10],
    [60, 78, 54, 80, 738, 11],
    [0, 1, 2, 5, 15, 0],
    [14, 74, 65, 61, 158, 13],
    [59, 88, 84, 111, 618, 9],
    [55, 86, 66, 100, 599, 9],
    [17, 123, 83, 67, 484, 21],
    [43, 60, 58, 90, 492, 10],
    [112, 155, 156, 203, 911, 21],
    [45, 73, 85, 120, 590, 10],
    [19, 27, 31, 37, 317, 1],
    [8, 34, 60, 36, 350, 10],
    [20, 77, 58, 53, 309, 6],
    [98, 100, 117, 149, 848, 16],
    [56, 86, 64, 102, 678, 14],
    [73, 47, 37, 69, 575, 11],
    [59, 87, 74, 83, 718, 8],
    [97, 88, 185, 137, 692, 18],
    [36, 37, 59, 32, 293, 3],
    [112, 186, 137, 201, 912, 16],
    [50, 85, 60, 104, 432, 11],
    [4, 8, 3, 3, 33, 1],
    [1, 2, 2, 2, 3, 0],
    [37, 115, 186, 103, 633, 20],
    [36, 62, 84, 71, 288, 8],
    [21, 60, 92, 60, 382, 10],
    [1, 8, 3, 7, 26, 2],
    [86, 124, 108, 175, 888, 13],
    [0, 0, 0, 0, 5, 0],
    [740, 882, 1568, 1432, 8816, 144],
    [63, 144, 79, 154, 522, 22],
    [116, 285, 190, 248, 1162, 41],
    [19, 85, 23, 69, 375, 9]
  ],
  "W": [
    [4, 10, 10, 48, 9, 3],
    [6, 11, 17, 124, 15, 6],
    [35, 50, 101, 477, 62, 23],
    [52, 72, 81, 744, 60, 12],
    [1, 2, 0, 14, 3, 3],
    [12, 73, 80, 164, 40, 16],
    [64, 76, 114, 621, 84, 10],
    [48, 82, 99, 601, 63, 22],
    [36, 118, 80, 486, 58, 17],
    [50, 57, 107, 469, 56, 14],
    [114, 131, 222, 902, 163, 26],
    [55, 72, 123, 556, 87, 30],
    [19, 19, 46, 317, 26, 5],
    [12, 44, 44, 353, 33, 12],
    [40, 87, 54, 283, 51, 8],
    [122, 83, 160, 805, 122, 36],
    [57, 69, 131, 650, 73, 20],
    [73, 48, 69, 567, 38, 17],
    [64, 64, 95, 706, 72, 28],
    [130, 79, 188, 656, 143, 21],
    [45, 36, 48, 274, 48, 9],
    [94, 156, 211, 907, 152, 44],
    [44, 74, 98, 431, 71, 24],
    [7, 11, 1, 30, 2, 1],
    [2, 3, 0, 2, 2, 1],
    [63, 116, 146, 603, 122, 44],
    [58, 61, 97, 286, 38, 9],
    [31, 67, 75, 384, 55, 13],
    [4, 7, 7, 26, 2, 1],
    [106, 115, 176, 857, 105, 35],
    [0, 0, 0, 4, 1, 0],
    [1001, 913, 1584, 8402, 1402, 280],
    [56, 151, 145, 533, 68, 31],
    [101, 242, 270, 1185, 180, 64],
    [30, 103, 59, 354, 17, 17]
  ],
  "method": "mvn_cdf",
  "mvncdf_method": "genz",
  "mvncdf_samples": 5000,
  "mvncdf_error": 0.001,
  "cond_prob": [
    [
      [0.23740899086, 0.0018807815528, 0.12454098801, 0.039847526813, 0.59613087586, 0.00019083690088],
      [0, 0.78510113698, 0.028474559083, 0.086579106505, 0.041943035431, 0.057902162],
      [0.024326264836, 0.13389865683, 0.12443482796, 0.53772199388, 0.16023237145, 0.019385885057],
      [0.010494818205, 0.019230448323, 0.0062673357396, 0.035736015898, 0.9256027603, 0.0026686215323],
      [0.033277005911, 0.008760050624, 0.38661938715, 0.18750277826, 0.38298820883, 0.00085256922632],
      [0.0012856870439, 0.26685898686, 0.064111859243, 0.39824837385, 0.23929868459, 0.030196408413]
    ],
    [
      [0.16505252392, 0.0001820430315, 0.23930749817, 0.028790763518, 0.56666717136, 0],
      [1.0909495326e-06, 0.86758680184, 0.045397731911, 0.054407632936, 0.032606742358, 0],
      [0.017726924759, 0.18684926618, 0.23583747974, 0.39264855518, 0.16693777414, 0],
      [0.0030221504538, 0.023605182217, 0.017598038355, 0.025606214711, 0.93016841426, 0],
      [0.017932821569, 0.010359444772, 0.54228982701, 0.10683214647, 0.32258576017, 0],
      [0.010762692558, 0.366096855, 0.12317310718, 0.29601553287, 0.20395181239, 0]
    ],
    [
      [0.4978319622, 0.00010274794488, 0.1237458089, 0.030442620903, 0.34777714562, 9.9714428246e-05],
      [1.1420792116e-05, 0.68729229803, 0.047202124154, 0.11525689257, 0.052082187267, 0.098155077189],
      [0.069432294507, 0.098342316348, 0.15235536761, 0.52107431683, 0.13263972827, 0.026155976435],
      [0.040107255264, 0.016938721875, 0.010569821578, 0.040374524706, 0.88931740135, 0.0026922752259],
      [0.086090673688, 0.0068860134939, 0.41517206657, 0.17355648553, 0.31742504927, 0.00086971144078],
      [0.0040811308062, 0.22576138254, 0.092975014423, 0.45756553271, 0.17140541241, 0.048211527113]
    ],
    [
      [0.4542157614, 0.00010069088578, 0.11557018765, 0.024798040927, 0.40522524939, 9.006974695e-05],
      [0.00012886060911, 0.72069243957, 0.042389573462, 0.087029775127, 0.060555716178, 0.089203635052],
      [0.071312107476, 0.120568963, 0.15959421351, 0.45931088302, 0.16146016175, 0.027753671242],
      [0.034396932307, 0.016889033537, 0.0087505093823, 0.029396957785, 0.90832833459, 0.0022382323994],
      [0.082626737427, 0.0077247122409, 0.40563167545, 0.14275326743, 0.36044349544, 0.00082011201655],
      [0.0038583213045, 0.27582489465, 0.096907512631, 0.40030365837, 0.17225930866, 0.050846304393]
    ],
    [
      [0, 0.0045570394963, 0.2502179916, 0.35557419655, 0.38965077235, 0],
      [0, 0.43504887077, 0.089021255374, 0.33650108996, 0.1394287839, 0],
      ["NaN", "NaN", "NaN", "NaN", "NaN", "NaN"],
      [0, 0.0010392266523, 0.011448016725, 0.049601812659, 0.93791094396, 0],
      [0, 0.00052466128611, 0.39453233524, 0.29162288422, 0.31332011925, 0],
      [0, 0.036407353993, 0.075956752591, 0.80070986455, 0.086926028867, 0]
    ],
    [
      [0.36483269112, 0.00013533841037, 0.3243218687, 0.032192907548, 0.2784300569, 8.7137318442e-05],
      [0.00031246829068, 0.72163670257, 0.066049205817, 0.076270703143, 0.0259619334, 0.10976898678],
      [0.034958206607, 0.13250361794, 0.27795846244, 0.4391215305, 0.077939080756, 0.03751910176],
      [0.032221376817, 0.034626116146, 0.031887558888, 0.054732318673, 0.84118614201, 0.0053464874613],
      [0.037114184512, 0.009257762829, 0.65537698155, 0.1267420477, 0.1703370564, 0.0011719670062],
      [0.0021042383923, 0.29185085347, 0.16282685226, 0.36690119809, 0.11003013576, 0.066286722025]
    ],
    [
      [0.4175395152, 0.00025133330585, 0.15945214906, 0.037763032328, 0.3849193678, 7.4602304519e-05],
      [0.00012937519268, 0.74310806737, 0.047712579343, 0.096638271685, 0.046318543652, 0.066093162761],
      [0.052908866349, 0.1225362032, 0.1771683125, 0.50143309628, 0.12574219266, 0.020211329015],
      [0.033511267885, 0.022126455511, 0.014560556215, 0.041452663356, 0.88640629597, 0.0019427610635],
      [0.064335095907, 0.0083700861161, 0.47316378829, 0.16412413734, 0.28937138598, 0.00063550636622],
      [0.0021382335575, 0.3094958277, 0.11838551799, 0.45467528261, 0.074483496164, 0.040821641984]
    ],
    [
      [0.45454694977, 0.00010334026504, 0.13777668892, 0.028955537114, 0.37857185902, 4.5624912644e-05],
      [8.2694932592e-05, 0.72113512686, 0.051861652874, 0.10529619196, 0.054429595414, 0.067194737966],
      [0.065438049785, 0.10746263205, 0.17432364452, 0.49421799332, 0.14001220078, 0.018545479556],
      [0.036260088086, 0.017400684787, 0.012279672036, 0.036418960465, 0.89619114039, 0.0014494542317],
      [0.076490284075, 0.0069768739841, 0.44757202771, 0.1551800828, 0.31323910891, 0.00054162250996],
      [0.0038817118968, 0.24208200339, 0.10449554314, 0.42655112198, 0.18905349216, 0.033936127436]
    ],
    [
      [0.22580418114, 0.00038878211293, 0.2741794019, 0.032181364388, 0.4673062874, 0.00013998305715],
      [5.9243659349e-06, 0.74681849423, 0.048830614805, 0.055071033622, 0.0327428414, 0.11653109158],
      [0.022897211706, 0.16903930574, 0.24909030392, 0.39168137954, 0.11857389086, 0.048717908222],
      [0.011452888574, 0.030736012604, 0.021535713765, 0.03330632266, 0.89905246414, 0.0039165982517],
      [0.025053142624, 0.0099564808231, 0.59816518574, 0.11492033724, 0.25063210261, 0.0012727509509],
      [0.0011404322571, 0.34253523836, 0.13413923574, 0.30331330459, 0.13830868078, 0.080563108278]
    ],
    [
      [0.39410039923, 0.0002086589173, 0.13433098465, 0.029289716863, 0.44194925333, 0.00012098700842],
      [0.00015659390638, 0.68323537148, 0.051259569111, 0.10602708429, 0.064277348528, 0.095044032686],
      [0.056803929869, 0.10043438948, 0.17017055274, 0.49309785841, 0.15342510447, 0.02606816503],
      [0.028846743242, 0.014484977837, 0.010268101546, 0.032751527422, 0.9113313104, 0.0023173395535],
      [0.064875218423, 0.0064183002037, 0.42716475232, 0.1512420656, 0.34950551654, 0.00079414690303],
      [0.0032784912734, 0.22469941343, 0.10117431643, 0.42146267634, 0.20253919888, 0.046845903652]
    ],
    [
      [0.45552911559, 0.00022424162536, 0.1532545696, 0.032779789315, 0.35809661455, 0.00011566932218],
      [1.8086492523e-05, 0.73776304669, 0.045539244531, 0.092573783628, 0.039596461591, 0.084509377072],
      [0.059254907616, 0.12635365415, 0.1746772839, 0.49577578206, 0.11709164162, 0.026846730648],
      [0.038636829453, 0.023671739867, 0.015016955652, 0.043027204728, 0.87684658721, 0.0028006830873],
      [0.073527155054, 0.0086794701347, 0.47537049138, 0.16571105159, 0.27582719264, 0.00088463921132],
      [0.0029759831181, 0.28885781249, 0.10593449664, 0.43277979512, 0.12000196029, 0.049449952341]
    ],
    [
      [0.36171823961, 0.00014717545635, 0.15428777217, 0.032403547145, 0.45137425655, 6.9009072057e-05],
      [0.00010833384138, 0.66922202427, 0.061306404631, 0.12271375476, 0.068381473956, 0.07826800855],
      [0.048675746525, 0.088323735338, 0.18217636044, 0.50986124433, 0.15178341416, 0.019179499216],
      [0.025593098601, 0.013130496388, 0.012422201803, 0.035187565831, 0.91209691938, 0.0015697179936],
      [0.055121047498, 0.0055596353488, 0.45297636099, 0.15526114875, 0.3305166932, 0.00056511420647],
      [0.0028428669334, 0.20532852964, 0.11255771515, 0.45324916564, 0.19002501126, 0.035996711382]
    ],
    [
      [0.36909797395, 0.00013381172931, 0.16293869204, 0.026151574172, 0.44166606681, 1.1881307837e-05],
      [7.3339148532e-05, 0.7678327934, 0.05708044264, 0.089173495219, 0.053529361437, 0.032310568158],
      [0.056666564463, 0.11865806592, 0.20506610794, 0.44690186836, 0.1678356807, 0.0048717126141],
      [0.024957028941, 0.017011140326, 0.013366358323, 0.028339442717, 0.91611764775, 0.00020838194051],
      [0.055881593735, 0.0070041329634, 0.48156074779, 0.12705023674, 0.32831941116, 0.00018387760976],
      [0.0029566948822, 0.27514490597, 0.12577608902, 0.39288564805, 0.18504930469, 0.018187357381]
    ],
    [
      [0.21513023794, 8.6586419329e-05, 0.37422663053, 0.025314027017, 0.3851997848, 4.2733295962e-05],
      [7.6044290369e-06, 0.56228843012, 0.13148882834, 0.090852367398, 0.064445910963, 0.15091685875],
      [0.024100794189, 0.069182783611, 0.37109329326, 0.35651241558, 0.14481891424, 0.034291799117],
      [0.010423603923, 0.011752133692, 0.022649261711, 0.026919756415, 0.92532911277, 0.0029261314943],
      [0.020009029624, 0.0030888023234, 0.68512078251, 0.079857042306, 0.21120784321, 0.00071650002315],
      [0.0014864535928, 0.16364949072, 0.23262432303, 0.32285206786, 0.21324288678, 0.066144778019]
    ],
    [
      [0.28573424766, 0.00014217272018, 0.20523765935, 0.030898769492, 0.4779600025, 2.7148275563e-05],
      [7.7474916212e-06, 0.73065889274, 0.064343028176, 0.093847518281, 0.056351882035, 0.054790931279],
      [0.035261697578, 0.11263252503, 0.22515795857, 0.4583452151, 0.15307405161, 0.015528552119],
      [0.016894561719, 0.017307034904, 0.016253049044, 0.031945504614, 0.91710656603, 0.00049328368958],
      [0.036654580754, 0.0069721062475, 0.5160945729, 0.12824168912, 0.31173883937, 0.00029821160653],
      [0.0019099759571, 0.26142059689, 0.13921053928, 0.40847119549, 0.15914354773, 0.029844144651]
    ],
    [
      [0.43093234478, 0.00010561712041, 0.14024846669, 0.028548571111, 0.40005074117, 0.0001142591271],
      [7.0255395325e-05, 0.70694267882, 0.050100319452, 0.097957598394, 0.05062033688, 0.094308811057],
      [0.061507931034, 0.11029406939, 0.17541960323, 0.47927218525, 0.14620953217, 0.027296678933],
      [0.03325179989, 0.017265133051, 0.011844648833, 0.03436716786, 0.90089449267, 0.0023767576959],
      [0.071175805892, 0.0071748338792, 0.44563521334, 0.14947891715, 0.32570427526, 0.00083095448195],
      [0.0035557373001, 0.24694609522, 0.10449404709, 0.41114016663, 0.18452245244, 0.04934150132]
    ],
    [
      [0.40968781422, 0.00021420481876, 0.11444262054, 0.025422269311, 0.45011701375, 0.000116077358],
      [0.00012531506876, 0.73195179736, 0.03727318249, 0.078737720825, 0.053803918925, 0.098108065328],
      [0.062376478813, 0.133549136, 0.15293292928, 0.45224378616, 0.16559276745, 0.033304902293],
      [0.029401735993, 0.018091149731, 0.0072146225343, 0.028190897503, 0.91454406937, 0.0025575248702],
      [0.072437859932, 0.008719907538, 0.39011412132, 0.14113302164, 0.38659278508, 0.0010023044882],
      [0.0034368477363, 0.2796189458, 0.085143589879, 0.36236489842, 0.2131644437, 0.056271274464]
    ],
    [
      [0.52041127025, 9.8709266767e-05, 0.086454296211, 0.021936408519, 0.3710032644, 9.605134996e-05],
      [5.7388336301e-05, 0.64119237896, 0.045698207087, 0.1089467461, 0.073369221859, 0.13073605765],
      [0.095564901902, 0.087739281497, 0.14094409174, 0.47282114788, 0.16972983585, 0.033200741134],
      [0.042326760479, 0.01153082622, 0.0059259866445, 0.02963869266, 0.90820295066, 0.0023747833351],
      [0.11355430507, 0.0055837943565, 0.36737291667, 0.1503151533, 0.3622011323, 0.00097269830862],
      [0.0058180950713, 0.20066982104, 0.085292637996, 0.41337791752, 0.23346848961, 0.061373038769]
    ],
    [
      [0.40994210887, 0.00020890244711, 0.14059388257, 0.023322102887, 0.42587868864, 5.4314584621e-05],
      [9.2689572014e-05, 0.77460090185, 0.044745055862, 0.070936807406, 0.049003801097, 0.060620744215],
      [0.062794645797, 0.14493544277, 0.18894914553, 0.41800846987, 0.16426459278, 0.021047703249],
      [0.030787284627, 0.020133187832, 0.011870165795, 0.026456483743, 0.90927768093, 0.001475197067],
      [0.068898370223, 0.0088648549226, 0.45502579128, 0.12326950866, 0.34336105379, 0.00058042112103],
      [0.0034205694982, 0.31396447492, 0.10878375326, 0.34653367703, 0.19036949036, 0.036928034935]
    ],
    [
      [0.4141212768, 0.00014268970965, 0.21600044616, 0.025364863262, 0.34427583196, 9.4892112288e-05],
      [9.8052647186e-05, 0.66449128883, 0.081227599991, 0.092094893371, 0.048254937676, 0.11383322748],
      [0.058384256355, 0.097235081233, 0.26712467863, 0.4222861576, 0.12416711842, 0.030802707767],
      [0.036344268887, 0.017643471158, 0.020844403074, 0.034826792073, 0.88752748805, 0.0028135767565],
      [0.05782523939, 0.005519166267, 0.58096813027, 0.11288689174, 0.24200769644, 0.00079287589495],
      [0.0033046685214, 0.23062311392, 0.16815004638, 0.3832415453, 0.15540241689, 0.05927820899]
    ],
    [
      [0.42745785857, 0.00019581024216, 0.18444026668, 0.016087449745, 0.37180044868, 1.8166088261e-05],
      [0.0001501028939, 0.71501300451, 0.08847636504, 0.075437906609, 0.067254601267, 0.053668019678],
      [0.076162916684, 0.10206397023, 0.29097259635, 0.34723812831, 0.16940334102, 0.014159047409],
      [0.035969902544, 0.014487599126, 0.018175564618, 0.018979082605, 0.91191144922, 0.00047640188199],
      [0.066739650505, 0.005122332149, 0.56151342516, 0.081361058348, 0.28502633419, 0.0002371996463],
      [0.0048795709052, 0.23735285578, 0.17951168002, 0.30969672558, 0.24127251846, 0.027286649256]
    ],
    [
      [0.49291921554, 9.2686019761e-05, 0.13304904375, 0.029932258146, 0.34397421877, 3.2577775901e-05],
      [1.820230885e-05, 0.77150705191, 0.041093069902, 0.088901101899, 0.040402517766, 0.058078056219],
      [0.06864846776, 0.13649722895, 0.16285756242, 0.49076418457, 0.12227264747, 0.018959908829],
      [0.041837207879, 0.024516792738, 0.012786136172, 0.041340587125, 0.87802147969, 0.0014977964009],
      [0.085918152881, 0.0094417960549, 0.44695687128, 0.1653200493, 0.29179802138, 0.0005651091006],
      [0.0039095613164, 0.29916791123, 0.095123985695, 0.41231801994, 0.15557547097, 0.03390505084]
    ],
    [
      [0.47756861874, 0.00015219249854, 0.12966853915, 0.034942337952, 0.35752980387, 0.00013850779525],
      [1.7124606708e-05, 0.74300937299, 0.037987125287, 0.098283655327, 0.039354636103, 0.081348085684],
      [0.060776177387, 0.12603477476, 0.14559193996, 0.5260987139, 0.1157711601, 0.025727233899],
      [0.039880960526, 0.024017483432, 0.011247264925, 0.045580261449, 0.87626422804, 0.0030098016269],
      [0.08109631865, 0.0092773807463, 0.42713645426, 0.18826907279, 0.29327737633, 0.00094339721658],
      [0.0034631483158, 0.27704052542, 0.085052810619, 0.44248649256, 0.14659566097, 0.045361362116]
    ],
    [
      [0.42881872261, 0.0057638740365, 0.14083288456, 0.019600014195, 0.40462742942, 0.00035707517601],
      [0.0035007017576, 0.68966265086, 0.053222307661, 0.088505577997, 0.086385581386, 0.078723180338],
      [0.03221866855, 0.045086101642, 0.13973544746, 0.65313656211, 0.10267870001, 0.027144520228],
      [0.026657040662, 0.0046592995564, 0.011531712531, 0.022834912597, 0.93190041251, 0.0024166221464],
      [0.061214937886, 0.0051567282789, 0.42420989914, 0.10823140926, 0.40063450321, 0.0005525222289],
      [0.0054014582264, 0.17818517739, 0.094617802113, 0.33459178413, 0.35640651717, 0.03079726097]
    ],
    [
      [0.42374717362, 0, 0.20328821829, 0.10351321224, 0.26945139584, 0],
      [0.033523579787, 0.63473744944, 0.063619748899, 0.21941673565, 0.048702486219, 0],
      ["NaN", "NaN", "NaN", "NaN", "NaN", "NaN"],
      [0.0051280828976, 0, 0.014154285563, 0.05146936708, 0.92924826446, 0],
      [0.010813119402, 6.8288008213e-05, 0.63138086693, 0.2118103257, 0.14592739996, 0],
      [0.020052508794, 0.095651075662, 0.11149401174, 0.60816398299, 0.16463842082, 0]
    ],
    [
      [0.26475547978, 0.00039538456967, 0.30575013094, 0.023282613714, 0.40567540668, 0.00014098432163],
      [2.3634680717e-05, 0.66674953009, 0.10305294316, 0.074866603916, 0.055120246632, 0.10018704151],
      [0.034174803962, 0.1007732214, 0.34874090704, 0.35249330778, 0.13578962409, 0.028028135726],
      [0.01932345315, 0.019025046524, 0.022210758835, 0.027962638675, 0.90855413887, 0.0029239639487],
      [0.029436872948, 0.0052683344393, 0.66054044298, 0.081949321836, 0.22209083579, 0.00071419199753],
      [0.0019272959936, 0.24555488865, 0.2247365067, 0.33012177183, 0.1424997261, 0.055159810719]
    ],
    [
      [0.35919162756, 0.00021419727584, 0.2834922013, 0.031338111825, 0.3255862796, 0.0001775824371],
      [0.00039791749072, 0.69940320306, 0.086451908081, 0.092945658225, 0.043924301661, 0.076877011486],
      [0.04209040342, 0.10448670586, 0.2916838795, 0.43670373295, 0.10361594582, 0.02141933245],
      [0.032903985276, 0.023455263672, 0.025102739366, 0.045297799613, 0.87036741692, 0.0028727951492],
      [0.042899928801, 0.0048549026311, 0.66099614046, 0.11932920385, 0.17132119932, 0.00059862493763],
      [0.0021229354544, 0.25511988811, 0.18814586935, 0.40697353673, 0.10561998034, 0.042017790008]
    ],
    [
      [0.27599091464, 0.00016902566473, 0.31692920603, 0.027221697262, 0.37955963894, 0.00012951745995],
      [5.9228136729e-06, 0.65172903791, 0.11131047718, 0.092354936484, 0.048677136932, 0.095922488686],
      [0.033635687903, 0.087836334187, 0.34189308189, 0.39272488928, 0.11988843269, 0.024021574048],
      [0.021455579971, 0.017654745509, 0.024083311234, 0.035589461672, 0.8982678803, 0.0029490213097],
      [0.030093891553, 0.0043716177384, 0.67281552095, 0.094260529321, 0.19782888763, 0.00062955281116],
      [0.0020847292617, 0.20933294997, 0.21712048727, 0.35871519612, 0.16655351617, 0.046193121207]
    ],
    [
      [0.20161796487, 0, 0.21048068701, 0.06603637302, 0.51927782394, 0.0025871511619],
      [0, 0.77868226691, 0.018356471932, 0.062934664296, 0.008988142, 0.13103845486],
      [0.0090652281136, 0.17198449407, 0.11149443953, 0.55734019583, 0.08975507472, 0.060360567733],
      [0.0036475101053, 0.036959254362, 0.011094753594, 0.057790740808, 0.86914183442, 0.021365906707],
      [0.017423797924, 0.015147795242, 0.4515112984, 0.24067454486, 0.27199926844, 0.0032432951397],
      [0.00038868514535, 0.35409646925, 0.057634681486, 0.41002213628, 0.089999955297, 0.087858072537]
    ],
    [
      [0.40696831389, 0.00019303981211, 0.14036792979, 0.033509667531, 0.41892599933, 3.5049640847e-05],
      [0.00012774613628, 0.71353559277, 0.050149156258, 0.11432826555, 0.055984001704, 0.065875237585],
      [0.054193801546, 0.1039272264, 0.16354177624, 0.52127503961, 0.13934010677, 0.017722049435],
      [0.030723239313, 0.017179752349, 0.011262238674, 0.038564155506, 0.90097268572, 0.0012979284389],
      [0.065397023409, 0.0070348693267, 0.43326023079, 0.16939806803, 0.32438576084, 0.00052404760148],
      [0.0032015800106, 0.23342982067, 0.097898030801, 0.44912969485, 0.18393510096, 0.032405772715]
    ],
    [
      ["NaN", "NaN", "NaN", "NaN", "NaN", "NaN"],
      ["NaN", "NaN", "NaN", "NaN", "NaN", "NaN"],
      ["NaN", "NaN", "NaN", "NaN", "NaN", "NaN"],
      [0, 0, 0, 0, 1, 0],
      [0, 0, 0, 0, 1, 0],
      ["NaN", "NaN", "NaN", "NaN", "NaN", "NaN"]
    ],
    [
      [0.35867909618, 7.3224615464e-05, 0.19295980476, 0.028161510291, 0.42006327849, 6.3085666578e-05],
      [7.9152854561e-05, 0.64238327371, 0.083079051108, 0.11554747302, 0.067877694407, 0.091033354901],
      [0.05069541724, 0.082540407839, 0.23749483625, 0.4603023812, 0.14734718218, 0.021619775298],
      [0.027089857161, 0.012368044839, 0.016755603344, 0.032849327717, 0.90924064474, 0.0016965222],
      [0.051439900573, 0.0046377689872, 0.52805498829, 0.12623717935, 0.28906956869, 0.00056059410338],
      [0.0030739171311, 0.19381536568, 0.14889488668, 0.41504263066, 0.1979676938, 0.04120550605]
    ],
    [
      [0.47892272285, 0.00020813971101, 0.14618105342, 0.038530549246, 0.33602178879, 0.00013574598084],
      [0, 0.70973754109, 0.044564950226, 0.11258529251, 0.03658249569, 0.096529720479],
      [0.057677072952, 0.10970638376, 0.15487351343, 0.54703674179, 0.10307231881, 0.027633969258],
      [0.042111872964, 0.02389323144, 0.01448527198, 0.051610922785, 0.86453477216, 0.0033639286738],
      [0.077442270576, 0.0080393045084, 0.4563449121, 0.19712354084, 0.26007138903, 0.00097858294685],
      [0.0034015888209, 0.24608983103, 0.092767422253, 0.47124386748, 0.13649834632, 0.049998944093]
    ],
    [
      [0.44598583443, 7.3152366613e-06, 0.16994724391, 0.032267962913, 0.3516926133, 9.9030212866e-05],
      [5.3119305686e-05, 0.76233963652, 0.038982831775, 0.072062387744, 0.031906334762, 0.094655689899],
      [0.053995701755, 0.15711038143, 0.17995885266, 0.46203071082, 0.1108358223, 0.036068531036],
      [0.037110632225, 0.029520969626, 0.01617134579, 0.042667129125, 0.87098649549, 0.0035434277428],
      [0.067781719273, 0.010926644316, 0.49551703467, 0.15653254807, 0.26809662749, 0.0011454261808],
      [0.0029207456538, 0.33037689304, 0.100882529, 0.37214280192, 0.13211954561, 0.061557484774]
    ],
    [
      [0.30960865305, 0.00036365405996, 0.10307689084, 0.035043993282, 0.55184941127, 5.7397499249e-05],
      [0, 0.69376833758, 0.039741102712, 0.12902001012, 0.068591206495, 0.068879343094],
      [0.04080866978, 0.092425417058, 0.12107836204, 0.54138612188, 0.18744806673, 0.016853362504],
      [0.017835532799, 0.012936318207, 0.0037560465474, 0.033012819465, 0.93136253282, 0.001096750167],
      [0.055911369542, 0.0037091484059, 0.36150117535, 0.19411364953, 0.38425122795, 0.0005134292208],
      [0.0023386469667, 0.20207881367, 0.070327992727, 0.4547863433, 0.24032823318, 0.030139970162]
    ]
  ],
  "expected_outcome": [
    [
      [0.94963596346, 0.9903151435, 17.424118677, 23.6192195928, 0, 4.3779922935, 26.722528973, 21.8182535889, 8.1289505209, 19.7050199615, 51.9303191775, 19.8945031785, 7.012861505, 2.5815628553, 11.4293699064, 52.5737460635, 23.3522054108, 37.9900227282, 26.2362949677, 53.8357659845, 19.2356036355, 46.3344062606, 21.0130192246, 3.0017310583, 0.84749434725, 16.679595226, 20.8331143988, 8.555718354, 0.80647185947, 43.1386412728, 0, 359.0377752735, 26.8196724798, 45.0445692769, 9.2882595916],
      [0.007523126211, 0.001092258189, 0.0035961780708, 0.0052359260608, 0.0045570394963, 0.0016240609245, 0.016085331575, 0.0049603327218, 0.013996156066, 0.010432945865, 0.025563545291, 0.008094650099, 0.0025424228569, 0.0010390370319, 0.0056869088073, 0.012885288689, 0.012209674669, 0.007205776474, 0.013369756615, 0.018549662255, 0.0088114608974, 0.0087124858575, 0.0066964699356, 0.040347118256, 0, 0.024909227889, 0.012423441999, 0.0052397956066, 0, 0.020462220084, 0, 0.073297840079, 0.011655823816, 0.00073883890279, 0.010909621799],
      [0.49816395203, 1.435844989, 4.3311033116, 6.0096497579, 0.2502179916, 3.8918624244, 10.20493754, 6.6132810684, 9.8704584685, 6.7165492326, 17.4710209344, 8.4858274692, 3.0958351487, 4.4907195663, 8.2095063742, 17.1103129362, 6.5232293705, 6.3111636234, 8.9980084843, 28.0800580002, 8.2998120006, 12.5066101121, 5.7054157224, 0.98583019193, 0.40657643658, 19.2622582493, 16.4425476753, 9.8248053869, 0.84192274805, 14.8790005582, 0, 193.1527645636, 8.1861389913, 17.1646716354, 3.0923067251],
      [0.15939010725, 0.17274458111, 1.0654917316, 1.2894981282, 0.35557419655, 0.38631489058, 2.416834069, 1.3898657815, 1.158529118, 1.4644858432, 3.7368959819, 1.782195093, 0.49687990927, 0.3037683242, 1.2359507797, 3.4829256755, 1.4490693507, 1.6013578219, 1.4926145848, 3.2974322241, 0.72393523851, 2.8136322657, 1.5374628699, 0.13720009936, 0.20702642449, 1.466804664, 1.8176104858, 0.84387261512, 0.26414549208, 3.5520247583, 0, 28.189671801, 2.1577107578, 3.2590642542, 1.0513197984],
      [2.3845235034, 3.4000030282, 12.1722000967, 21.0717129682, 0.38965077235, 3.3411606828, 24.6348395389, 18.1714492328, 16.8230263465, 22.0974626664, 40.8230140582, 24.8255841103, 8.3916552694, 4.6223974176, 19.1184000999, 48.8061904226, 25.6566697839, 27.0832383015, 27.2562360732, 44.7558581544, 16.7310201906, 32.3335765647, 15.7313113701, 2.832392006, 0.53890279168, 25.5575506206, 18.8840042168, 11.7663488071, 2.0771112958, 44.4061559286, 0, 420.4833417695, 18.8172201724, 35.5209539431, 16.555482338],
      [0.00076334760351, 0, 0.0034900049886, 0.0046836268414, 0, 0.0010456478213, 0.0047745474892, 0.0021899958069, 0.0050393900576, 0.0060493504209, 0.013186302728, 0.0037954989632, 0.00022574484891, 0.00051279955155, 0.0010859310225, 0.013939613506, 0.0066164094058, 0.0070117485471, 0.0034761334157, 0.012335974597, 0.00081747397176, 0.0030623109347, 0.0060943429912, 0.0024995262321, 0, 0.0088820122624, 0.010299781352, 0.0040150412583, 0.010348604648, 0.0037152619297, 0, 0.063148752245, 0.0076017749268, 0.010002051499, 0.0017219249775]
    ],
    [
      [0, 1.2000444859e-05, 0.0005710396058, 0.0092779638556, 0, 0.02281018522, 0.0098325146436, 0.0067809844725, 0.00069907518032, 0.0089258526637, 0.0023693305205, 0.0078000365791, 0.0013934438221, 0.00033459487762, 0.00067403177104, 0.005831197812, 0.0086467397445, 0.0027546401424, 0.0059321326089, 0.0077461591277, 0.0054037041805, 0.0028395601806, 0.0012672208964, 0.038507719334, 0.10057073936, 0.0027416229632, 0.024272966934, 0.00039682851608, 0, 0.014690805672, 0, 0.072266556215, 0, 0.012854871976, 0],
      [7.8510113698, 9.5434548203, 34.3646149016, 51.8898556492, 0.87009774154, 52.6794792874, 56.4762131199, 59.1330804022, 88.1245823193, 38.9444161746, 96.6469591159, 48.1839857471, 14.5888230746, 24.7406909255, 63.5673236681, 58.6762423422, 50.5046740182, 30.7772341903, 49.5744577183, 52.4948118178, 25.7404681624, 120.3551000973, 54.9826936015, 7.5862891595, 1.9042123483, 77.342945491, 42.6635953864, 43.6658455399, 5.4507758684, 82.056593168, 0, 586.4959288978, 107.1703687048, 184.4861920367, 71.4581387711],
      [0.28474559083, 0.49937505102, 2.3601062077, 3.0520492893, 0.17804251075, 4.8215920246, 3.62615603, 4.2526555356, 5.762012547, 2.9217954393, 5.9656410336, 4.4140611334, 1.0845284102, 5.785508447, 5.5978434513, 4.1583265145, 2.5718495918, 2.1935139402, 2.8636835752, 6.4169803993, 3.1851491414, 6.4105189047, 2.8110472712, 0.58544538427, 0.1908592467, 11.954141407, 5.2735663929, 7.4578019708, 0.12849530352, 5.7671529697, 0, 75.8511736621, 6.7293074841, 9.4338452895, 4.0933335793],
      [0.86579106505, 0.5984839623, 5.7628446283, 6.2661438091, 0.67300217991, 5.5677613294, 7.3445086481, 8.6342877405, 6.4983819674, 6.0435438043, 12.1271656552, 8.8353903425, 1.6942964092, 3.9975041655, 8.1647340905, 8.1304806667, 5.4329027369, 5.2294438128, 4.539955674, 7.2754965763, 2.7157646379, 13.8685718963, 7.2729904942, 0.97356135797, 0.65825020696, 8.6845260543, 5.6696851517, 6.1877807444, 0.44054265007, 13.1477505384, 0, 105.4948428653, 17.0003791696, 17.4390978341, 13.289061042],
      [0.41943035431, 0.35867416594, 2.6041093633, 4.3600115648, 0.2788575678, 1.8952211382, 3.5202093175, 4.463226824, 3.8636552852, 3.6638088661, 5.1871364685, 4.9234661248, 1.0170578673, 2.8356200824, 4.9026137371, 4.2014879611, 3.7124704058, 3.5217226493, 3.1362432702, 3.8121400764, 2.4211656456, 6.3027927714, 2.9122430716, 0.95024139524, 0.14610745866, 6.3939486093, 2.6793824013, 3.2613681745, 0.062916994, 6.4381601959, 0, 61.972334994, 5.5239568493, 7.7213330123, 7.064894269],
      [0.57902162, 0, 4.9077538594, 6.4226617237, 0, 8.0131360351, 5.0230803698, 5.5099685132, 13.7506688059, 5.4175098631, 11.0707283964, 5.6352966156, 0.613900795, 6.6403417848, 4.7668110213, 7.8276313178, 6.7694565076, 6.2753307674, 3.8797276298, 8.9928249711, 1.9320487084, 9.0601767702, 6.0197583406, 0.86595498372, 0, 11.6216968154, 4.6894977006, 6.4268067419, 0.91726918403, 7.5756523223, 0, 83.1134530248, 14.5759877923, 22.9066769555, 7.0945723387]
    ],
    [
      [0.24326264836, 0.3013577209, 7.0126617452, 5.7762807056, 0, 2.7966565285, 6.0316107638, 6.4783669287, 1.8317769365, 6.078020496, 13.1545894908, 5.9871168226, 2.6066619653, 1.0604349443, 1.9041316692, 9.8412689655, 8.1713187245, 6.5939782313, 5.9654913507, 10.9762401947, 3.6558200009, 14.4848266975, 5.956065384, 0.03221866855, 0, 4.9895213784, 4.0827691317, 2.5226765927, 0.063456596795, 9.5381090721, 0, 80.3015409078, 8.363175578, 14.5788394737, 2.407711517],
      [1.3389865683, 3.176437525, 9.9325739511, 9.7660860032, 0, 10.6002894349, 13.9691271653, 10.6388005726, 13.5231444593, 10.7464796747, 28.050511222, 10.8638194465, 5.4582710325, 3.0440424789, 6.0821563516, 17.6470511019, 17.4949368159, 6.0540104233, 13.7688670631, 18.2801952719, 4.899070571, 28.8009153092, 12.3514079264, 0.045086101642, 0, 14.712890325, 10.1352104683, 6.587725064, 1.2038914585, 18.2911918461, 0, 130.7440060173, 15.9074256455, 42.4198029864, 5.4530996064],
      [1.2443482796, 4.0092371556, 15.3878921287, 12.927131294, 0, 22.236676995, 20.1971876245, 17.2580408075, 19.9272243137, 18.2082491431, 38.7783570265, 22.4076923339, 9.4330409651, 16.3281049036, 12.1585297627, 28.0671365163, 20.0342137363, 9.7251423297, 17.9501688257, 50.2194395821, 13.9666846249, 34.3629456699, 14.268010116, 0.13973544746, 0, 50.9161724274, 28.2933363115, 25.6419811418, 0.78046107671, 28.7833526176, 0, 376.1918206147, 22.4566594468, 48.5888902174, 7.1436233605],
      [5.3772199388, 6.675025438, 52.6285059997, 37.2041815249, 0, 35.1297224402, 57.1633729761, 48.9275813383, 31.3345103635, 52.7614708493, 110.0622236166, 62.712933052, 20.5574859448, 15.6865462855, 24.7506416153, 76.6835496402, 59.2439359868, 32.6246592038, 39.7108046379, 79.3897976286, 16.6674301589, 103.5512429439, 51.5576739619, 0.65313656211, 0, 51.4640229363, 42.3602620962, 29.4543666961, 3.9013813708, 91.7444069716, 0, 729.1189718171, 79.3203275593, 124.7482919226, 31.941781191],
      [1.6023237145, 2.8379421604, 13.3966125553, 13.0782731017, 0, 6.2351264605, 14.3346099627, 13.8612078768, 9.4859112692, 16.4164861785, 25.9943444402, 18.6693599414, 7.7204413121, 6.3720322265, 8.2659987868, 23.3935251469, 21.692652536, 11.7113586736, 15.605136314, 23.3434182624, 8.1313603688, 25.7995286165, 11.3455736896, 0.10267870001, 0, 19.8252851169, 10.0507467446, 8.9916324518, 0.62828552304, 24.523858792, 0, 233.397936571, 14.945486228, 29.9256720201, 11.0594359373],
      [0.19385885057, 0, 2.6417536199, 2.2480473706, 0, 3.0015281408, 2.3040915077, 1.836002476, 3.8974326578, 2.7892936582, 5.9599742038, 2.3590784036, 0.22409878025, 1.5088391612, 0.83854181442, 4.3674686292, 4.3629422004, 2.2908511383, 1.9995318086, 5.7909090603, 0.67963427562, 4.000540763, 2.5212689221, 0.027144520228, 0, 4.092107816, 2.0776752476, 1.8016180536, 0.42252397413, 3.1190807005, 0, 34.2457240721, 4.0069255424, 9.7385033797, 0.99434838773]
    ],
    [
      [0.50375127385, 0.37474665627, 19.131160761, 25.5913176364, 0, 5.284305798, 20.8104973568, 21.7923129395, 5.5661038469, 13.5291225803, 34.8504201663, 14.229762822, 7.9113781744, 3.6795321849, 4.7811609665, 26.7676989115, 19.1111283953, 23.9992731915, 21.735822947, 23.8418403899, 9.8557532971, 37.9463475459, 17.1886939868, 0.79971121985, 0.010256165795, 11.6520422492, 9.4105397891, 8.2389427089, 0.094835262738, 26.3298160911, 0, 227.6089798629, 22.4456282896, 43.9760991865, 6.3137786107],
      [0.92306151948, 2.9270425949, 8.0797703341, 12.5654409512, 0.014549173133, 5.678683048, 13.7405288725, 10.4578115568, 14.9377021256, 6.7934546054, 21.3519093601, 7.3005559917, 5.3925314832, 4.1485031933, 4.8978908778, 13.8984321061, 11.759247325, 6.5379784668, 14.2140306097, 11.5741170797, 3.9696021605, 22.2367310131, 10.3515353591, 0.13977898669, 0, 11.4721030537, 6.7082054103, 6.7794222753, 0.96094061341, 14.7230477632, 0, 103.9163127332, 12.7350923574, 34.9823490066, 4.5794566454],
      [0.3008321155, 2.1821567561, 5.0418048928, 6.5103789805, 0.16027223415, 5.2295596576, 9.0421054095, 7.3800828935, 10.46635689, 4.8157396249, 13.5452939984, 6.9067442027, 4.2371355885, 7.9951893838, 4.5996128794, 9.5349423107, 4.6895046473, 3.3600344274, 8.3803370515, 13.6739284162, 4.9801047053, 11.5970255083, 4.8475711827, 0.34595137593, 0.028308571125, 13.3930875774, 7.1793834587, 9.247991514, 0.28846359343, 9.6517385438, 0, 140.7805792999, 7.7206499651, 19.1630447607, 1.3296404778],
      [1.7153287631, 3.1751706242, 19.258648285, 21.8713365917, 0.69442537723, 8.9761002624, 25.7421039441, 21.8877952395, 16.1868728129, 15.3604663607, 38.8105386644, 19.5642866018, 8.9836033413, 9.5026740144, 9.0405778057, 27.665570127, 18.3240833771, 16.8051387384, 18.6782775228, 22.8463756002, 5.2002686338, 37.4959125226, 19.6450926845, 0.68504737792, 0.10293873416, 16.8614711211, 12.9551706894, 13.6663532821, 1.502559261, 33.0494812684, 0, 276.0000514807, 27.5086218446, 50.5605480133, 11.6865380905],
      [44.4289324945, 115.3408833685, 424.2044004443, 675.796280935, 13.1307532155, 137.9545272904, 550.4583097966, 538.6108753773, 436.9394975743, 427.4143845782, 790.915621666, 507.1258871773, 290.4092943375, 326.6411768062, 259.5411581865, 725.2200665996, 594.4536450897, 514.9510730248, 641.9500427397, 582.2180321617, 249.8637370876, 796.3654820746, 377.6698822856, 27.9570123752, 1.8584965289, 547.8581457376, 248.92508124, 344.9348660367, 22.597687695, 772.1335916614, 4, 7639.4398970992, 460.7970335601, 1032.1189971578, 329.7023366165],
      [0.12809383355, 0, 1.2842152827, 1.6652449052, 0, 0.87682394365, 1.2064546204, 0.87112199322, 1.9034667503, 1.0868322506, 2.5262161448, 0.87276320445, 0.066057075141, 1.0329244175, 0.13959928415, 1.9132899452, 1.6623911656, 1.346502151, 1.0414891293, 1.8457063523, 0.13053411567, 1.3585013356, 1.2972245012, 0.072498664393, 0, 1.763150261, 0.82161941268, 1.1324241829, 0.55551357437, 1.1123246721, 0, 14.254179524, 1.7929739831, 4.1989618752, 0.38824955911]
    ],
    [
      [0.2994930532, 0.26899232353, 5.3376217687, 4.9576042456, 0, 1.4845673805, 5.4041480562, 4.8188878967, 1.4530822722, 3.6330122317, 11.9849262738, 4.7955311323, 1.4529214371, 0.66029797758, 1.8693836185, 8.6834483188, 5.287963775, 4.3150635926, 4.9606826561, 8.2690092328, 3.2035032242, 13.0595592379, 5.7578386241, 0.12242987577, 0.021626238805, 3.5912984997, 1.6301972944, 1.6551640354, 0.034847595847, 6.8666874579, 0, 72.1187406028, 5.2660743992, 12.2007094691, 0.95049328221],
      [0.078840455616, 0.15539167157, 0.42693283662, 0.46348273446, 0.0015739838583, 0.37031051316, 0.70308723376, 0.439543061, 0.57747588774, 0.35942481141, 1.414753632, 0.48368827535, 0.18210745705, 0.10193047667, 0.35557741862, 0.87532973327, 0.63655325028, 0.21218418555, 0.63826955442, 0.78924077619, 0.24587194315, 1.4351530003, 0.65869403298, 0.010313456558, 0.00013657601643, 0.64273680159, 0.18448629998, 0.24043897561, 0.030295590484, 0.7386612793, 0, 6.50215212, 0.54667270657, 1.9667959768, 0.063055522901],
      [3.4795744843, 8.1343474052, 25.7406681273, 24.3379005268, 1.1835970057, 26.2150792622, 39.7457582161, 28.1970377459, 34.6935807732, 23.9212261301, 77.4853900944, 39.4089434064, 12.5205794424, 22.6089858229, 26.3208232181, 54.3674960272, 28.4783308565, 13.9601708333, 32.7618569721, 83.0784426282, 26.9526444076, 67.9374444344, 30.3266882527, 0.84841979829, 1.2627617339, 80.5859340441, 25.1178533374, 37.004853652, 0.9030225968, 45.4923242326, 0, 740.3330935888, 31.0314540228, 89.1930662409, 6.1455199809],
      [1.6875250043, 1.6024821971, 10.760502103, 8.5651960456, 0.87486865267, 5.069681908, 13.7864275366, 9.7763452167, 6.6653795601, 8.4695556738, 27.0109014088, 13.5077199416, 3.3033061553, 2.6352823961, 6.5403261449, 18.2364278918, 10.3027105801, 5.7119758254, 8.8754046238, 16.1428255194, 3.9053308007, 25.1286474942, 13.3671041681, 0.21646281851, 0.4236206514, 9.997817264, 4.5345097463, 5.1843291126, 0.48134908971, 17.7867971434, 0, 176.9845254525, 13.4044007769, 28.1758586528, 3.299932042],
      [3.4468938795, 4.8387864026, 19.680353055, 21.6266097264, 0.93996035775, 6.8134822559, 24.3071964226, 19.7340638616, 14.5366619516, 19.5723089265, 44.9598323996, 28.7549523084, 8.5363046903, 6.9698588259, 15.8986808079, 39.735921582, 28.2212733105, 13.7636430275, 24.7219958728, 34.6071005903, 13.6812640413, 44.3532992499, 20.8226937197, 0.80126900641, 0.29185479992, 27.0950819669, 6.5102055742, 10.8805888197, 0.54399853688, 34.0605048886, 1, 405.275535303, 17.6848544542, 48.2573929478, 6.5322708752],
      [0.0076731230369, 0, 0.053922109328, 0.049206720993, 0, 0.046878680249, 0.053382534763, 0.034122218128, 0.073819555152, 0.04447222657, 0.14419619145, 0.049164935963, 0.0047808178537, 0.023644500764, 0.015208791933, 0.1013764468, 0.073168227636, 0.036962535727, 0.041790320714, 0.11338125298, 0.011385583022, 0.085896583291, 0.066981202377, 0.0011050444578, 0, 0.087131423699, 0.02274774763, 0.034625404614, 0.0064865902793, 0.055024998155, 0, 0.78595293293, 0.066543640386, 0.20617671254, 0.0087282967536]
    ],
    [
      [0.0038570611318, 0.064576155346, 0.093866008543, 0.046299855654, 0, 0.033667814276, 0.021382335575, 0.08539766173, 0.01938734837, 0.045898877828, 0.077375561072, 0.085286008001, 0.014783474411, 0.017837443114, 0.015279807657, 0.1280065428, 0.068736954726, 0.098907616212, 0.095775945949, 0.069398038949, 0.043916138147, 0.17202069792, 0.083115559578, 0.0054014582264, 0.020052508794, 0.08480102372, 0.01910641909, 0.027101480402, 0.00038868514535, 0.11205530037, 0, 0.8606967967, 0.10544925345, 0.18692772184, 0.039756998434],
      [0.80057696058, 2.19658113, 5.1925117984, 3.3098987358, 0.10922206198, 4.6696136556, 3.094958277, 5.3258040746, 5.823099052, 3.145791788, 7.5103031247, 6.1598558892, 1.3757245299, 1.9637938886, 2.0913647751, 8.8900594279, 5.5923789159, 3.4113869576, 8.7910052979, 4.8430853922, 2.136175702, 13.1633880943, 6.6489726101, 0.17818517739, 0.095651075662, 10.8044151008, 2.296078993, 2.7213283496, 0.35409646925, 8.1700437233, 0, 54.2683023917, 7.6287847619, 21.1441211546, 3.4353398324],
