{
  "Z_true": {},
  "V_true": [
    [444, 54, 1215, 83],
    [426, 197, 11483, 337],
    [166, 10833, 2934, 862],
    [73, 575, 1011, 368],
    [56, 414, 869, 857]
  ],
  "p_true": [
    [0.2472, 0.0301, 0.6765, 0.0462],
    [0.0342, 0.0158, 0.9228, 0.0271],
    [0.0112, 0.7322, 0.1983, 0.0583],
    [0.036, 0.2837, 0.4988, 0.1815],
    [0.0255, 0.1885, 0.3957, 0.3903]
  ],
  "Z_est": [
    [
      [14.4296, 7.2885, 4.7379, 0.459, 3.3323, 0.5505, 2.8555, 8.1378, 7.2635, 12.2519, 16.0552, 4.2667, 26.5835, 7.882, 7.4611, 10.4015, 8.666, 13.799, 6.8279, 17.8723, 5.5258, 8.061, 7.5622, 15.5421, 10.6879, 19.0341, 6.28, 15.4546, 13.432, 7.0772, 7.2732, 6.0994, 23.8259, 10.2195, 8.4995, 23.1081, 13.2085, 32.0554, 20.495, 4.6304, 1.0209, 10.3415, 7.6082, 3.5051, 4.2932, 26.2179, 4.4272, 52.7048, 8.3851],
      [14.9042, 7.1209, 3.8842, 2.0813, 4.7257, 1.0331, 4.6093, 13.5967, 5.4125, 8.535, 17.2251, 1.5448, 22.6748, 9.7147, 11.9691, 9.294, 4.2048, 6.8373, 0.8977, 14.7383, 2.9983, 5.8426, 7.4258, 12.0977, 7.0713, 10.7455, 6.8862, 10.8181, 6.3146, 10.0548, 6.7628, 3.0927, 12.1007, 9.5677, 6.5876, 16.8608, 6.2517, 27.0396, 19.9303, 7.396, 0.4607, 10.1622, 4.5197, 3.115, 3.1301, 29.0549, 7.1157, 25.1964, 7.3675],
      [19.3005, 8.9832, 4.7463, 1.2287, 3.8624, 1.299, 2.9073, 9.3561, 12.6858, 10.2668, 24.9247, 3.7263, 36.5568, 10.6133, 16.4394, 11.7698, 9.0309, 5.1903, 6.3867, 17.6323, 6.6688, 11.4433, 12.1077, 21.7734, 8.8722, 17.7709, 9.6649, 16.7995, 14.6671, 17.8027, 12.0281, 10.3786, 21.0396, 16.7722, 7.0466, 23.4, 19.9637, 19.8078, 13.8115, 8.3123, 1.8969, 11.1959, 5.5847, 4.56, 3.6756, 30.5829, 12.0883, 68.6323, 14.8918],
      [3.3657, 1.6074, 0.6316, 0.231, 1.0795, 0.1174, 0.6278, 1.9094, 1.6383, 2.9463, 4.795, 0.4622, 6.1849, 1.7899, 3.1304, 2.5347, 2.0983, 2.1734, 0.8878, 3.7572, 0.8071, 2.6531, 1.9042, 3.5868, 2.3686, 3.4495, 2.1689, 3.9278, 2.5863, 4.0654, 1.9359, 1.4293, 4.0338, 2.4407, 1.8663, 4.6311, 2.5761, 6.0973, 3.7632, 1.6613, 0.6215, 2.3004, 1.2873, 0.8199, 0.9011, 7.1444, 1.3688, 11.4665, 1.3555]
    ],
    [
      [3.8963, 2.46, 1.4766, 0.04, 0.4853, 0.0952, 0.4145, 1.2237, 1.8965, 2.6981, 3.336, 1.772, 6.4699, 1.6548, 1.2934, 2.9504, 2.5153, 4.2293, 5.7178, 5.0016, 2.265, 3.3784, 1.7888, 4.1702, 2.8389, 7.6405, 1.8594, 3.7332, 4.1236, 1.4746, 2.2919, 1.7867, 7.5927, 2.8094, 2.2405, 7.1325, 4.1336, 5.5207, 2.2564, 0.5816, 0.3293, 3.6436, 5.0194, 2.3282, 1.7216, 5.2918, 1.1339, 13.9302, 1.8369],
      [4.3154, 2.5211, 1.2822, 0.1902, 0.351, 0.1023, 0.5106, 1.8289, 0.4683, 0.696, 1.6892, 0.1943, 2.5275, 1.3373, 0.8836, 2.7553, 0.4538, 2.0194, 0.0773, 4.2318, 0.572, 1.39, 0.7724, 1.4229, 1.7045, 2.0909, 1.5939, 1.0436, 0.6453, 0.8786, 0.9798, 0.2067, 2.0903, 1.7212, 1.103, 4.9669, 0.4888, 2.047, 0.4944, 0.2195, 0.0091, 3.6391, 4.102, 3.7393, 2.201, 3.5326, 1.3403, 1.3277, 0.39],
      [494.3052, 329.7802, 125.4995, 22.1483, 41.3818, 13.1965, 60.8662, 147.1764, 126.6065, 145.785, 272.6451, 64.4603, 451.262, 192.4781, 152.932, 264.0149, 134.0126, 196.6949, 192.6704, 459.1272, 158.7925, 270.9194, 161.9309, 252.3313, 300.3494, 427.7203, 255.7597, 213.3158, 202.4748, 194.6778, 221.6799, 97.6933, 386.2666, 243.0392, 152.4095, 630.9385, 228.7595, 243.9287, 92.8725, 62.8719, 38.9602, 394.8424, 369.0395, 262.8637, 229.413, 501.9738, 155.3945, 570.2407, 100.732],
      [37.4831, 23.2387, 6.7417, 1.6215, 3.7819, 0.606, 4.2087, 10.7711, 9.0287, 14.8209, 24.3296, 3.5733, 34.7405, 13.5298, 14.891, 23.2794, 13.0183, 18.0564, 12.5345, 37.6393, 8.3705, 27.3126, 12.5079, 19.0755, 26.1072, 32.5483, 24.787, 19.9073, 15.7564, 19.9689, 16.0485, 7.3134, 29.0504, 18.4302, 13.2471, 48.9621, 15.6181, 19.5035, 6.3767, 5.327, 5.7016, 29.8749, 28.8391, 20.0688, 19.6644, 44.2018, 10.1313, 46.5014, 5.0411]
    ],
    [
      [11.3117, 3.8275, 3.0912, 0.4625, 1.5649, 0.2772, 3.2561, 6.7037, 4.0519, 11.4884, 9.5543, 4.3648, 14.0047, 7.1171, 4.4923, 8.015, 5.0975, 13.0713, 3.8504, 15.2142, 2.8745, 3.6479, 5.5929, 7.8252, 6.8456, 9.8918, 2.9787, 8.1483, 8.695, 3.2357, 3.0207, 3.1715, 16.9909, 5.9469, 4.6562, 14.012, 8.3432, 23.1626, 11.548, 3.0569, 0.4036, 5.6639, 7.7985, 2.3486, 3.2925, 21.8562, 2.042, 29.7549, 4.9046],
      [567.5352, 250.8407, 120.7558, 87.1022, 72.4881, 18.1305, 167.0198, 333.9324, 101.5782, 206.4479, 338.4427, 51.8169, 438.1671, 303.8559, 216.1995, 297.2091, 113.0004, 257.4957, 40.3408, 542.9848, 90.1649, 121.4421, 185.9624, 202.3442, 322.1644, 275.5786, 182.6758, 212.8634, 166.5208, 174.14, 120.2595, 57.4341, 342.0623, 218.4536, 155.5964, 554.7051, 152.8315, 425.7575, 193.985, 128.7476, 12.1998, 314.4523, 267.8206, 136.2198, 204.0307, 798.2889, 118.5643, 432.1429, 99.1979],
      [144.6099, 64.0947, 25.7752, 20.2038, 7.507, 4.144, 33.3262, 57.5346, 33.9352, 51.2894, 83.0853, 20.6085, 93.6546, 79.7376, 58.9655, 71.9558, 28.6044, 34.3052, 30.0298, 127.5355, 26.408, 20.9959, 61.5107, 43.4992, 70.1547, 68.7126, 50.7615, 40.063, 49.6539, 35.3812, 27.3165, 19.5109, 83.533, 62.8228, 27.6459, 137.1597, 63.3669, 59.5574, 21.8825, 31.1645, 6.4981, 47.1335, 55.5949, 24.2907, 56.787, 176.5014, 30.5755, 135.7765, 39.1033],
      [25.5432, 11.237, 3.3778, 4.2315, 3.44, 0.4483, 7.3979, 14.8292, 5.4346, 16.7743, 19.9177, 2.2097, 21.1736, 13.2894, 16.3426, 16.82, 8.2976, 12.1278, 4.7789, 26.2656, 3.5526, 8.9136, 9.9339, 10.3314, 17.8353, 14.817, 12.584, 12.9253, 10.1304, 12.2431, 6.4034, 3.8835, 17.4137, 10.7767, 8.1014, 27.1232, 9.4584, 20.5226, 7.5845, 8.031, 2.8982, 12.7503, 11.7861, 6.1408, 10.8898, 46.3535, 4.8182, 30.3257, 3.7942]
    ],
    [
      [0.157, 0.0838, 0.0937, 0.0022, 0.0307, 0.0048, 0.0312, 0.0629, 0.0965, 0.1592, 0.1197, 0.1161, 0.4106, 0.0764, 0.044, 0.0375, 0.1238, 0.3137, 0.1943, 0.1969, 0.1012, 0.1497, 0.071, 0.1198, 0.1607, 0.3753, 0.0641, 0.2232, 0.1606, 0.0563, 0.0805, 0.0691, 0.3172, 0.1091, 0.1203, 0.2772, 0.1464, 0.2155, 0.2755, 0.0365, 0.0181, 0.2497, 0.2176, 0.0656, 0.0458, 0.2101, 0.0362, 0.4364, 0.0043],
      [11.5241, 4.9649, 3.9277, 2.0557, 1.5716, 0.4528, 4.3329, 7.0894, 1.8254, 3.4556, 4.7204, 1.1491, 10.1947, 5.8926, 3.0066, 2.0039, 1.6186, 6.6074, 0.4368, 9.7041, 1.7754, 3.2926, 2.8991, 2.1716, 7.3278, 5.5148, 3.0551, 3.9706, 1.9648, 2.6545, 1.8563, 0.6237, 4.9412, 3.8556, 3.1393, 10.0415, 1.6194, 5.0067, 4.8643, 2.3625, 0.173, 12.5249, 8.8911, 4.0151, 3.6969, 12.2565, 2.1896, 3.4205, 0.0946],
      [72.8791, 44.425, 22.8507, 5.3046, 7.0895, 2.3511, 13.909, 24.6077, 19.7295, 23.3299, 34.7523, 11.6652, 79.5819, 31.2403, 20.5988, 16.334, 18.9869, 33.3184, 25.5199, 61.3408, 23.813, 37.3459, 23.0507, 24.2458, 53.2384, 65.3773, 34.2833, 34.0356, 24.4492, 27.2755, 26.471, 11.7424, 47.2714, 32.8751, 23.057, 83.3622, 27.0058, 26.5294, 21.6676, 12.6803, 7.12, 78.5981, 62.6338, 34.3338, 29.0723, 69.5545, 19.593, 55.9287, 1.7323],
      [9.4398, 5.5263, 2.1279, 0.6374, 1.3083, 0.1912, 1.7268, 3.24, 2.3486, 4.0553, 5.4075, 1.0696, 10.8127, 3.7907, 3.3506, 2.6246, 3.2706, 5.7605, 2.8491, 8.7582, 2.3104, 7.2119, 2.9792, 3.4628, 8.2731, 8.7326, 5.5975, 5.7705, 3.4254, 5.0137, 3.5923, 1.5648, 6.4702, 4.1603, 3.6834, 11.3191, 3.2283, 4.2485, 3.1927, 1.9208, 1.689, 10.6273, 8.2575, 4.5855, 4.185, 10.9789, 2.1812, 8.2144, 0.1689]
    ],
    [
      [2.2054, 1.3402, 0.6006, 0.0363, 0.5868, 0.0722, 0.4427, 0.872, 0.6916, 1.4024, 1.9348, 0.4803, 3.5313, 1.2697, 0.7093, 1.5956, 1.5974, 2.5866, 1.4096, 2.7151, 1.2335, 1.763, 0.985, 2.3426, 2.4669, 3.0584, 0.8178, 2.4407, 2.5888, 1.1562, 1.3337, 0.8733, 4.2733, 0.9153, 1.4835, 3.4701, 2.1682, 4.0458, 1.4251, 0.6946, 0.2281, 2.1012, 1.3562, 0.7524, 0.6468, 4.4241, 0.3607, 7.1737, 0.8691],
      [6.7211, 3.5524, 1.1501, 0.5706, 1.8636, 0.2813, 2.5273, 3.5527, 0.7157, 1.8656, 3.9226, 0.2949, 5.4359, 4.1995, 1.9412, 3.7377, 1.7223, 4.0403, 0.2474, 6.341, 1.4895, 3.0328, 1.9402, 2.9637, 6.7321, 3.0702, 1.789, 3.3042, 2.5545, 3.2721, 2.1416, 0.6428, 4.8055, 1.402, 2.5737, 6.4258, 1.8086, 6.1493, 1.726, 2.2744, 0.1574, 6.2215, 2.6667, 2.9108, 1.9414, 12.8671, 0.7901, 4.9124, 0.95],
      [52.9053, 37.7168, 10.1282, 2.1146, 9.1594, 2.0094, 9.9912, 16.3252, 10.043, 14.3289, 31.5925, 4.5397, 51.9446, 27.9307, 15.0643, 27.9254, 19.3652, 23.4912, 17.3933, 47.3642, 23.3176, 33.2955, 18.4, 32.1503, 54.3854, 41.4189, 21.5306, 29.7861, 30.7551, 31.8628, 29.5046, 11.6749, 48.8894, 15.4907, 20.841, 62.1395, 29.9041, 34.1768, 10.766, 13.971, 6.5248, 46.2301, 22.1471, 19.9518, 18.0521, 79.3874, 9.3487, 71.4218, 11.5406],
      [26.1682, 16.3906, 4.1211, 1.2785, 5.3903, 0.637, 5.0387, 9.2502, 4.5497, 9.4032, 17.5501, 1.6851, 25.0882, 12.6002, 9.2853, 15.7413, 10.3151, 14.8819, 5.9498, 25.5797, 6.9594, 18.9088, 8.6748, 14.5435, 26.4156, 19.4526, 12.8626, 16.469, 13.1015, 17.7088, 12.02, 4.809, 22.0318, 8.1921, 11.1018, 30.9646, 11.1191, 19.6282, 6.0829, 7.0599, 4.0897, 22.4471, 13.83, 10.3849, 10.3597, 43.3214, 4.5004, 32.4921, 3.6403]
    ]
  ],
  "V_est": [
    [557.6978, 450.9702, 660.1456, 127.1865],
    [154.4806, 75.1485, 11309.2339, 904.1377],
    [362.5258, 11191.9501, 2644.2642, 596.2589],
    [6.7678, 206.7331, 1588.1582, 225.341],
    [83.528, 148.1982, 1310.1982, 654.0759]
  ],
  "p_est": [
    [0.3105, 0.2511, 0.3676, 0.0708],
    [0.0124, 0.006, 0.9089, 0.0727],
    [0.0245, 0.7565, 0.1787, 0.0403],
    [0.0033, 0.102, 0.7835, 0.1112],
    [0.038, 0.0675, 0.5966, 0.2978]
  ],
  "EI_Z": {},
  "EI_V": 8.1888,
  "MAE_Z": {},
  "MAE_V": 272.3352,
  "MAE_p": 0.089,
  "runtime": 321.751
}
