{
  "X": [
    [6, 16, 37, 18, 1],
    [8, 8, 26, 9, 4],
    [0, 3, 8, 6, 0],
    [1, 4, 9, 6, 1],
    [12, 39, 87, 43, 10],
    [70, 110, 384, 484, 29],
    [79, 217, 452, 560, 60],
    [29, 67, 268, 276, 14],
    [98, 254, 521, 952, 61],
    [43, 98, 369, 490, 38],
    [56, 123, 492, 525, 45],
    [23, 50, 87, 58, 11],
    [39, 71, 172, 115, 10],
    [33, 92, 281, 455, 45],
    [4, 3, 12, 7, 0],
    [15, 12, 33, 12, 2],
    [4, 1, 11, 11, 1],
    [0, 2, 6, 1, 0],
    [1, 2, 4, 3, 1],
    [51, 71, 252, 274, 15],
    [52, 70, 219, 150, 21],
    [5, 9, 32, 30, 1],
    [53, 115, 285, 124, 26],
    [24, 48, 189, 184, 7],
    [122, 236, 656, 450, 49],
    [16, 41, 95, 65, 3],
    [79, 130, 405, 248, 32],
    [2, 4, 17, 13, 1],
    [77, 119, 473, 435, 29],
    [77, 89, 731, 1000, 34],
    [49, 58, 332, 300, 15],
    [5, 3, 17, 12, 0],
    [19, 23, 175, 274, 6],
    [10, 12, 88, 109, 2],
    [29, 65, 218, 360, 19],
    [28, 85, 335, 533, 27],
    [11, 15, 149, 214, 6],
    [39, 57, 452, 730, 25],
    [26, 45, 303, 629, 23],
    [64, 68, 499, 752, 26],
    [63, 74, 550, 938, 28],
    [7, 21, 81, 80, 6],
    [6, 11, 55, 46, 2],
    [0, 2, 14, 22, 0],
    [9, 24, 94, 79, 6],
    [219, 387, 1596, 2007, 124],
    [12, 43, 72, 68, 3],
    [59, 108, 260, 260, 22],
    [337, 405, 1247, 1044, 131],
    [89, 141, 424, 374, 12]
  ],
  "W": [
    [13, 21, 33, 11],
    [21, 15, 12, 7],
    [3, 5, 7, 2],
    [6, 3, 8, 4],
    [29, 53, 87, 22],
    [139, 161, 693, 84],
    [109, 303, 823, 133],
    [58, 109, 429, 58],
    [154, 328, 1231, 173],
    [82, 148, 730, 78],
    [149, 191, 759, 142],
    [40, 76, 100, 13],
    [88, 92, 181, 46],
    [62, 126, 629, 89],
    [7, 5, 14, 0],
    [23, 23, 19, 9],
    [4, 3, 19, 2],
    [1, 4, 2, 2],
    [6, 1, 3, 1],
    [100, 131, 383, 49],
    [84, 112, 267, 49],
    [11, 18, 46, 2],
    [133, 176, 224, 70],
    [69, 75, 280, 28],
    [273, 372, 736, 132],
    [47, 58, 94, 21],
    [188, 209, 411, 86],
    [3, 5, 28, 1],
    [164, 192, 682, 95],
    [181, 161, 1460, 129],
    [120, 95, 468, 71],
    [13, 5, 15, 4],
    [27, 35, 391, 44],
    [14, 18, 173, 16],
    [58, 86, 492, 55],
    [60, 119, 752, 77],
    [29, 41, 302, 23],
    [88, 102, 1013, 100],
    [51, 69, 819, 87],
    [132, 158, 1022, 97],
    [134, 136, 1253, 130],
    [22, 33, 126, 14],
    [15, 15, 77, 13],
    [1, 4, 31, 2],
    [32, 33, 134, 13],
    [451, 556, 2987, 339],
    [17, 45, 120, 16],
    [105, 111, 442, 51],
    [532, 568, 1819, 245],
    [188, 174, 609, 69]
  ],
  "method": "mvn_pdf",
  "cond_prob": [
    [
      [0.30709112095, 0.095738163248, 0.59475999515, 0.00036764084262, 0.0020430798121],
      [0.05623301409, 0.61356373795, 0.30706958876, 0.0014005482271, 0.021733110966],
      [0.011391474168, 0.015421803233, 0.46461285662, 0.50089859482, 0.0076752711662],
      [0.016643216314, 0.12337244918, 0.69496826917, 0.1109163165, 0.05409974884]
    ],
    [
      [0.31384651133, 0.056921994858, 0.61755784397, 0.00067356128022, 0.011000088564],
      [0.066790127167, 0.41943391948, 0.36772674782, 0.0029769801259, 0.1430722254],
      [0.0074754864896, 0.0058637673491, 0.30592035657, 0.65395656228, 0.026783827312],
      [0.012799930798, 0.054885727778, 0.53593006098, 0.15684989286, 0.23953438759]
    ],
    [
      [0.069880675385, 0.059044529815, 0.86878940395, 0.0012715765033, 0.001013814347],
      [0.015899023162, 0.49635442898, 0.47099678371, 0.0051881313581, 0.011561632784],
      [0.00094475767104, 0.002978438426, 0.21203035539, 0.78281020148, 0.0012362470304],
      [0.0027992425637, 0.048401679407, 0.65315850169, 0.28120927858, 0.014431297759]
    ],
    [
      [0.16118733585, 0.17510260646, 0.65830662614, 0.00071796937246, 0.0046854621768],
      [0.014781194027, 0.79094240526, 0.16627089544, 0.0013768955203, 0.026628609753],
      [0.0033200296246, 0.014918725537, 0.28803528494, 0.6834315312, 0.010294428697],
      [0.0063365399154, 0.16541854511, 0.55771654377, 0.16774550984, 0.10278286136]
    ],
    [
      [0.28239776537, 0.10840433375, 0.60168466119, 0.000348423754, 0.0071648159418],
      [0.0476350928, 0.60217972716, 0.28024157966, 0.0011955906039, 0.068748009775],
      [0.01104596962, 0.01791524424, 0.47733797683, 0.46639157298, 0.027309236327],
      [0.013732316865, 0.1213186563, 0.60802274689, 0.090351528007, 0.16657475194]
    ],
    [
      [0.3560138828, 0.07782581059, 0.56042493329, 0.00076702647006, 0.0049683468504],
      [0.076266405875, 0.53278490211, 0.32846648206, 0.0033072371263, 0.059174972829],
      [0.0094405500506, 0.0086176910934, 0.29618467865, 0.67316870202, 0.012588378189],
      [0.017897444443, 0.088584605566, 0.57623949132, 0.20196363071, 0.11531482796]
    ],
    [
      [0.39644975676, 0.098927467032, 0.49709917106, 0.0006388518427, 0.0068847533004],
      [0.074690884666, 0.59446395513, 0.25633362682, 0.0024232278908, 0.072088305491],
      [0.012195574203, 0.012712453486, 0.30483544179, 0.65002411228, 0.020232418247],
      [0.020511938892, 0.11590446176, 0.52610879852, 0.17308344008, 0.16439136075]
    ],
    [
      [0.29596745379, 0.06978285583, 0.62991715484, 0.00065847139742, 0.0036740641378],
      [0.065996263684, 0.50015506874, 0.38518443112, 0.0029624903488, 0.04570174611],
      [0.0083433013513, 0.0082429657386, 0.35542900494, 0.61804479593, 0.0099399320334],
      [0.014806458133, 0.079347987369, 0.64729047135, 0.17332979513, 0.085225288013]
    ],
    [
      [0.38591690287, 0.10786668679, 0.49935953102, 0.00094069761459, 0.0059161817095],
      [0.069743209573, 0.62079537238, 0.24672846148, 0.0034188082066, 0.059314148363],
      [0.0091069223341, 0.010617562243, 0.23449383506, 0.73246823339, 0.013313446969],
      [0.018676826688, 0.11802457176, 0.49353885907, 0.23798207989, 0.1317776626]
    ],
    [
      [0.31839886257, 0.081720859655, 0.59174714256, 0.000742437827, 0.0073906973871],
      [0.063911491623, 0.52515463548, 0.32529694362, 0.0030026039345, 0.082634325345],
      [0.0084276588428, 0.0090433888924, 0.31264122841, 0.65116713234, 0.018720591515],
      [0.014735316216, 0.085752111126, 0.56093738007, 0.18020041151, 0.15837478108]
    ],
    [
      [0.26843703846, 0.07483127044, 0.6495710392, 0.00081148399883, 0.0063491678996],
      [0.055975049872, 0.49715856888, 0.37000301184, 0.0034004822403, 0.073462887167],
      [0.0065661801478, 0.0076298612006, 0.31592346025, 0.65507594866, 0.014804549735],
      [0.011995037643, 0.075553126924, 0.59234668067, 0.18947137022, 0.13063378454]
    ],
    [
      [0.38713321204, 0.091230114566, 0.51406048511, 0.00044141135722, 0.007134776923],
      [0.074341695222, 0.57304458206, 0.27294072166, 0.0017256276343, 0.077947373424],
      [0.0143138485, 0.01427552662, 0.38572347747, 0.55999114036, 0.025696007051],
      [0.020435952197, 0.11084340208, 0.56423542086, 0.12454686746, 0.1799383574]
    ],
    [
      [0.33907343596, 0.096294174958, 0.5604557605, 0.00053795952507, 0.0036386690504],
      [0.065241705299, 0.5978047077, 0.29574286981, 0.0020893357861, 0.0391213814],
      [0.011171364721, 0.013287819416, 0.36977609183, 0.59424587129, 0.011518852746],
      [0.018258829688, 0.11791772488, 0.62002319364, 0.15270474327, 0.091095508527]
    ],
    [
      [0.32016470841, 0.098531449847, 0.56911778482, 0.00088534225226, 0.011300714666],
      [0.056226353576, 0.55568591091, 0.2741250169, 0.0031375511916, 0.11082516742],
      [0.007512695173, 0.0096803359204, 0.26710548549, 0.69026989438, 0.025431589035],
      [0.013260894973, 0.092704195199, 0.48374024305, 0.19273959336, 0.21755507342]
    ],
    [
      [0.45496026709, 0.043989126826, 0.50029790025, 0.00026441658559, 0.00048828925388],
      [0.11392707865, 0.49222332436, 0.38513358176, 0.0015051283473, 0.0072108868877],
      [0.017911488801, 0.0084577919161, 0.4824828223, 0.48890437551, 0.0022435214709],
      [0.028291268116, 0.073972163791, 0.77716351032, 0.10728981359, 0.013283244185]
    ],
    [
      [0.50654526045, 0.043404473978, 0.44752944273, 0.00034406556342, 0.0021767572808],
      [0.14860558175, 0.43864592557, 0.37299247729, 0.0021158640401, 0.037640151352],
      [0.021402429713, 0.0080588232894, 0.400478012, 0.56064815128, 0.009412583717],
      [0.035446566282, 0.072660800572, 0.67931230825, 0.13659685919, 0.075983465709]
    ],
    [
      [0.75744991074, 0.011761087128, 0.22929135131, 0.00018494749008, 0.0013127033309],
      [0.3102323378, 0.26242409353, 0.37707490646, 0.0022422918054, 0.048026370406],
      [0.036917674869, 0.0039074355162, 0.38234964311, 0.56619923083, 0.010626015675],
      [0.063396579865, 0.036380077317, 0.66420889123, 0.13976800165, 0.096246449942]
    ],
    [
      [0.021244256469, 0.038287506528, 0.93969128488, 0.00019806210333, 0.00057889001484],
      [0.0098408382807, 0.39746778703, 0.58434925586, 0.00094482599978, 0.0073972928279],
      [0.0014477815691, 0.0055018137053, 0.62513088499, 0.36591482821, 0.0020046915257],
      [0.0019435239263, 0.040707270581, 0.90164734204, 0.046621365817, 0.0090804976321]
    ],
    [
      [0.16533548685, 0.19143044724, 0.61453526021, 0.0015242954961, 0.027174510201],
      [0.0084530628759, 0.76262326701, 0.083474794516, 0.0017197853148, 0.14372909029],
      [0.00078797735344, 0.0036086530924, 0.063351633486, 0.91474297622, 0.017508759852],
      [0.0014266148557, 0.041982686296, 0.11065340963, 0.10572596717, 0.74021132205]
    ],
    [
      [0.35123214219, 0.057919328631, 0.58619574356, 0.00082803191278, 0.0038247537022],
      [0.08687324938, 0.45902119042, 0.39723949763, 0.0041283754091, 0.052737687167],
      [0.0087288133627, 0.0060247749783, 0.29110300779, 0.68503482311, 0.0091085807557],
      [0.01772956957, 0.066346839541, 0.60678681943, 0.21972440993, 0.089412361532]
    ],
    [
      [0.42772522582, 0.066638571411, 0.50002260139, 0.00038653523465, 0.0052270661447],
      [0.10067969805, 0.50513203155, 0.32342757408, 0.001839708266, 0.068920988053],
      [0.017692148584, 0.011575445282, 0.41508410668, 0.53483687732, 0.020811422135],
      [0.025582202475, 0.090821220833, 0.61569375601, 0.12194427272, 0.14595854796]
    ],
    [
      [0.28524175287, 0.052790415982, 0.65899330789, 0.00071855923109, 0.0022559640283],
      [0.068986547898, 0.44589919421, 0.44937692954, 0.0036139906646, 0.032123337687],
      [0.0069084699111, 0.0055869685986, 0.3374288545, 0.64451545967, 0.0055602473258],
      [0.01359279227, 0.059949941865, 0.68055121735, 0.19299232945, 0.052913719061]
    ],
    [
      [0.29503938705, 0.083084511805, 0.61581702572, 0.00042724122268, 0.0056318342015],
      [0.059543049932, 0.5357036792, 0.33977617151, 0.0017346072961, 0.06324249206],
      [0.010673814293, 0.012544776419, 0.44376384132, 0.51355165371, 0.019465914259],
      [0.01504979996, 0.095926327675, 0.64205491836, 0.11413979172, 0.13282916229]
    ],
    [
      [0.26013506499, 0.072796313454, 0.66298999351, 0.00074144856255, 0.0033371794781],
      [0.056240047869, 0.507679419, 0.39256639476, 0.0032310725749, 0.040283065798],
      [0.0066873776121, 0.0078303931517, 0.34086367156, 0.63638587151, 0.008232686164],
      [0.012404537758, 0.078836621318, 0.64882829063, 0.18610141804, 0.073829132258]
    ],
    [
      [0.31841435789, 0.077480086474, 0.59873270328, 0.00054862344409, 0.0048242289124],
      [0.067853249479, 0.5245713444, 0.34827613356, 0.0023474790336, 0.056951793535],
      [0.010249066465, 0.010385747939, 0.38269072851, 0.58189503493, 0.014779422155],
      [0.016457073251, 0.090374160443, 0.63069594517, 0.14793753011, 0.11453529102]
    ],
    [
      [0.26322943428, 0.091221621074, 0.64200625672, 0.00073985995306, 0.0028028279762],
      [0.050879424976, 0.57508215494, 0.34073575396, 0.0028918019824, 0.030410864141],
      [0.0067349605047, 0.0098006882755, 0.33035810529, 0.6461784499, 0.0069277960333],
      [0.012635116236, 0.099932515196, 0.63579200619, 0.18884059147, 0.062799770914]
    ],
    [
      [0.3135632433, 0.072265962842, 0.60841165413, 0.00053049563791, 0.0052286440962],
      [0.068465118219, 0.50286461985, 0.36294143662, 0.0023282346224, 0.063400590686],
      [0.01019253889, 0.0097944725086, 0.39337346477, 0.57042922704, 0.016210296795],
      [0.01603826794, 0.083549892623, 0.63525418823, 0.14187225424, 0.12328539697]
    ],
    [
      [0.36479514126, 0.090053576989, 0.54210846523, 0.00028137718644, 0.0027614393276],
      [0.053521220663, 0.65992603414, 0.25709135887, 0.0009887384571, 0.028472647863],
      [0.012962016218, 0.016121697241, 0.50185309826, 0.45681076059, 0.01225242769],
      [0.017460435784, 0.12394427411, 0.68256028707, 0.091018039828, 0.085016963214]
    ],
    [
      [0.32852660868, 0.067462096302, 0.59916655438, 0.00061956320488, 0.0042251774385],
      [0.075275937984, 0.49286716015, 0.37525543624, 0.0028545092112, 0.053746956411],
      [0.0098336054471, 0.0084240245901, 0.35693688889, 0.61273897527, 0.012066505804],
      [0.017040238809, 0.079129393661, 0.63480486079, 0.16806369232, 0.10096181442]
    ],
    [
      [0.29198587033, 0.052225537753, 0.65089319014, 0.00083228385614, 0.0040631179276],
      [0.073472192084, 0.41831825035, 0.44733421588, 0.0042075179339, 0.056667823754],
      [0.0070786238583, 0.0052771126614, 0.31361823776, 0.66464189342, 0.0093841322984],
      [0.013928325569, 0.056267107902, 0.63343323563, 0.20728929583, 0.089082035075]
    ],
    [
      [0.30342481428, 0.058271641512, 0.63412258538, 0.00064422002079, 0.0035367388109],
      [0.07374396391, 0.45362631228, 0.42165810919, 0.003151814933, 0.047819799687],
      [0.0086964232972, 0.0069776950463, 0.36242073958, 0.61221028834, 0.0096948537377],
      [0.015470650942, 0.067308389829, 0.66171979945, 0.17220118036, 0.08329997941]
    ],
    [
      [0.32393355054, 0.042900034923, 0.63114599036, 0.00091509619992, 0.0011053279795],
      [0.084247568244, 0.42629647099, 0.46757689916, 0.0050271147643, 0.016851946842],
      [0.0060515609613, 0.0035762455947, 0.25505029244, 0.7331313468, 0.0021905542037],
      [0.015127281435, 0.048643730661, 0.65425374508, 0.25753759916, 0.02443764367]
    ],
    [
      [0.38577178604, 0.054673175739, 0.55608208315, 0.00074796699202, 0.0027249880738],
      [0.098982371805, 0.46154849237, 0.39603383488, 0.0039195698501, 0.039515731097],
      [0.010268033675, 0.0061906929773, 0.30146148549, 0.6749950557, 0.0070847321609],
      [0.02078596467, 0.068046119026, 0.62613283599, 0.21576624965, 0.069268830667]
    ],
    [
      [0.39590194255, 0.054474297766, 0.54699741806, 0.00055245420546, 0.0020738874173],
      [0.1001715648, 0.47463527392, 0.39189146222, 0.0029137290919, 0.030387969969],
      [0.012447565837, 0.007474442736, 0.36159744952, 0.61190161778, 0.0065789241299],
      [0.022562724524, 0.073809246472, 0.67197732707, 0.17406845874, 0.057582243198]
    ],
    [
      [0.32712011254, 0.094352300493, 0.57191470536, 0.00091174490105, 0.0057011367152],
      [0.061933268488, 0.57682542878, 0.29737787158, 0.0034884008016, 0.060375030348],
      [0.0075805169687, 0.0091697699554, 0.26576708749, 0.70477777549, 0.0127048501],
      [0.015072828867, 0.098976656279, 0.54216430343, 0.22146480527, 0.12232140615]
    ],
    [
      [0.27855435379, 0.09024124988, 0.62448391749, 0.00090208617116, 0.0058183926739],
      [0.053296596214, 0.55392789663, 0.32729181853, 0.0034783478364, 0.062005340788],
      [0.0063901008293, 0.008656129729, 0.28608704013, 0.68608773288, 0.012778996436],
      [0.012352649377, 0.09077134876, 0.56752845173, 0.20992230712, 0.11942524301]
    ],
    [
      [0.23404721183, 0.037742973676, 0.72360130933, 0.00099722398561, 0.0036112811792],
      [0.063736103533, 0.33373490523, 0.54175507462, 0.0054953449082, 0.055278571712],
      [0.0047927262332, 0.003257910655, 0.29834915621, 0.68645021585, 0.0071499910552],
      [0.010160293064, 0.037438380037, 0.64941115259, 0.22960384825, 0.073386326059]
    ],
    [
      [0.28264149424, 0.054662220058, 0.65722897759, 0.00096895638119, 0.0044983517271],
      [0.06896376169, 0.4264917837, 0.43878005035, 0.0047589010638, 0.06100550319],
      [0.0061336765573, 0.0049559616547, 0.2843001882, 0.69528105593, 0.0093291176593],
      [0.012778445787, 0.055965428344, 0.60796054361, 0.22945812921, 0.093837453055]
    ],
    [
      [0.30502974701, 0.065058045586, 0.62336847486, 0.0011329577114, 0.0054107748365],
      [0.068774896809, 0.47223088563, 0.38575219523, 0.0051580780548, 0.068083944276],
      [0.0059539788642, 0.0053237141062, 0.24360847609, 0.73497489666, 0.010138934275],
      [0.013224483109, 0.064131941345, 0.55533904275, 0.25845313637, 0.10885139642]
    ],
    [
      [0.31331695475, 0.043054712125, 0.63862961424, 0.00099732117801, 0.0040013977113],
      [0.085282402919, 0.37351601008, 0.47527158829, 0.0054596925658, 0.060470306145],
      [0.0067338260857, 0.0038630613381, 0.27326007944, 0.7079351277, 0.0082079054323],
      [0.014641433628, 0.045509987656, 0.6098846892, 0.24383655769, 0.08612733183]
    ],
    [
      [0.31304434517, 0.052210951142, 0.62965062605, 0.0010370906479, 0.0040569869892],
      [0.079342734278, 0.42199735123, 0.43631085786, 0.0052863141039, 0.057062742524],
      [0.0065656749304, 0.0045700399826, 0.26286097629, 0.71788453835, 0.0081187704494],
      [0.014459428197, 0.054540514414, 0.59421077601, 0.25052277467, 0.086266506706]
    ],
    [
      [0.22720468903, 0.07820062995, 0.68833892912, 0.00070728239423, 0.0055484695054],
      [0.045010829169, 0.51366896795, 0.37589752878, 0.0028460325936, 0.062576641509],
      [0.0057913907942, 0.0084154607254, 0.35567580927, 0.61632809244, 0.013789246771],
      [0.0099800986887, 0.078992123682, 0.62852137879, 0.16612501005, 0.11638138879]
    ],
    [
      [0.2746416115, 0.072473368512, 0.64963240384, 0.00053776338568, 0.0027148527625],
      [0.057502978549, 0.52679205529, 0.38056397425, 0.0023233663796, 0.032817625528],
      [0.0082318510602, 0.0093433662662, 0.40462834365, 0.56965636347, 0.0081400755501],
      [0.01367344633, 0.084857174099, 0.68897220588, 0.14686521752, 0.065631956176]
    ],
    [
      [0.064603431889, 0.043792853494, 0.88910637786, 0.0011264281679, 0.0013709085896],
      [0.017387264393, 0.41034179501, 0.54923613602, 0.0051837356816, 0.017851068903],
      [0.0012751018118, 0.0030507998053, 0.30117769149, 0.69223797676, 0.0022584301323],
      [0.0028491574155, 0.037536209497, 0.70256059951, 0.2343679716, 0.022686061976]
    ],
    [
      [0.2244342934, 0.090178328229, 0.67945144809, 0.00058752322799, 0.0053484070547],
      [0.041654738635, 0.55339430951, 0.34648213835, 0.0022076136215, 0.056261199892],
      [0.0064562563688, 0.010895439833, 0.39415332434, 0.57357194051, 0.014923038941],
      [0.01020149522, 0.093835449054, 0.63859443007, 0.14190401757, 0.11546460809]
    ],
    [
      [0.32883885348, 0.079596734878, 0.58529087439, 0.00072453998031, 0.0055489972713],
      [0.068934710137, 0.5290045864, 0.33468865572, 0.0030473273177, 0.064324720431],
      [0.0089886692582, 0.0090515002897, 0.3172514551, 0.65029524592, 0.014413129427],
      [0.016157623987, 0.088151924169, 0.58536738357, 0.18539630587, 0.1249267624]
    ],
    [
      [0.389745883, 0.1655715903, 0.44175228906, 0.00035761002881, 0.0025726276194],
      [0.052660984324, 0.75873973579, 0.16763740469, 0.00099910073041, 0.019962774465],
      [0.016911840902, 0.030896847656, 0.39848851169, 0.54259360028, 0.011109199464],
      [0.023104077395, 0.23053561086, 0.55706299719, 0.11567690579, 0.073620408771]
    ],
    [
      [0.40635302742, 0.13857479348, 0.44950716757, 0.0004141555611, 0.0051508559675],
      [0.063464194576, 0.69770292955, 0.19260203605, 0.0013057285803, 0.044925111241],
      [0.016747306628, 0.023904812313, 0.37087450742, 0.5680977794, 0.020375594237],
      [0.023407039762, 0.18147520484, 0.53168229958, 0.12544547043, 0.13798998539]
    ],
    [
      [0.4637266638, 0.077117529801, 0.45243755777, 0.00038768277113, 0.0063305658595],
      [0.10298389752, 0.54327508436, 0.27420580929, 0.0017281763589, 0.077807032469],
      [0.020069286706, 0.013891828723, 0.38853659272, 0.55145009957, 0.026052192275],
      [0.028375953647, 0.10642672483, 0.56384852824, 0.12361571211, 0.17773308118]
    ],
    [
      [0.35798209466, 0.096805483937, 0.54205891563, 0.00051943134946, 0.002634074423],
      [0.070350598042, 0.60767500756, 0.2911975778, 0.0020527743895, 0.028724042202],
      [0.012353648187, 0.01393303515, 0.37240188554, 0.59263719589, 0.008674235234],
      [0.020395881501, 0.12475140453, 0.63096668551, 0.15480468982, 0.069081338638]
    ]
  ],
  "expected_outcome": [
    [
      [3.9921845723, 6.590776738, 0.20964202615, 0.96712401511, 8.1895351957, 49.4859297089, 43.2130234872, 17.1661123198, 59.4312030416, 26.1087067307, 39.9971187304, 15.4853284815, 29.8384623647, 19.8502119216, 3.1847218696, 11.6505409904, 3.029799643, 0.021244256469, 0.99201292113, 35.1232142192, 35.9289189686, 3.1376592815, 39.2402384774, 17.9493194844, 86.9271197041, 12.3717834111, 58.94988974, 1.0943854238, 53.8783638231, 52.8494425291, 36.4109777134, 4.211136157, 10.4158382231, 5.5426271957, 18.9729665271, 16.7132612272, 6.787369143, 24.8724514936, 15.5565170975, 41.3578380266, 41.9479422532, 4.9985031586, 4.1196241725, 0.064603431889, 7.1818973888, 148.3063229181, 6.625680011, 42.6670678791, 246.7025851403, 67.3006337953],
      [1.2445961222, 1.195361892, 0.17713358945, 1.0506156387, 3.1437256786, 10.817787672, 10.7830939065, 4.0474056382, 16.6114697661, 6.7011104917, 11.1498592956, 3.6492045826, 8.4738873963, 6.1089498905, 0.30792388778, 0.9983029015, 0.047044348511, 0.038287506528, 1.1485826834, 5.7919328631, 5.5976399985, 0.5806945758, 11.05024007, 5.0229456283, 21.1520636074, 4.2874161905, 13.5860010143, 0.27016073097, 11.0637837935, 9.4528223334, 6.9925969814, 0.55770045399, 1.476175745, 0.76264016873, 5.4724334286, 5.4144749928, 1.0945462366, 4.8102753651, 3.3179603249, 5.6832220005, 6.9962674531, 1.7204138589, 1.0871005277, 0.043792853494, 2.8857065033, 35.8981274299, 2.814717035, 14.5503533157, 41.0265258541, 18.1994309802],
      [7.7318799369, 12.9687147233, 2.6063682118, 3.9498397569, 17.4488551745, 77.8990657275, 54.1838096457, 36.5351949809, 76.9013677764, 48.52326569, 96.7860848411, 20.5624194046, 49.3201069243, 35.285302659, 3.5020853017, 10.2931771827, 0.91716540524, 0.93969128488, 3.6872115613, 58.6195743562, 42.001898517, 7.2489263868, 81.9036644212, 45.7463095525, 163.4540279952, 30.1742940658, 114.3813909757, 1.6263253957, 98.2633149179, 117.8116674146, 76.0947102454, 8.2048978747, 15.0142162452, 7.6579638528, 33.1710529106, 37.4690350493, 20.9844379706, 57.8361500278, 31.7917922177, 84.2991090795, 84.3731838903, 15.1434564407, 9.7444860576, 0.88910637786, 21.7424463388, 263.9661843516, 7.509788914, 47.1982525947, 240.6967807341, 101.9070761393],
      [0.0047793309541, 0.014144786885, 0.00381472951, 0.0043078162348, 0.010104288866, 0.10661667934, 0.069634850855, 0.03819134105, 0.14486743265, 0.060879901814, 0.12091111583, 0.017656454289, 0.047340438207, 0.05489121964, 0.0018509160991, 0.0079135079586, 0.0007397899603, 0.00019806210333, 0.0091457729763, 0.082803191278, 0.03246895971, 0.007904151542, 0.056823082616, 0.051159950816, 0.14977420024, 0.034773417794, 0.099733179927, 0.00084413155932, 0.1016083656, 0.15064337796, 0.077306402495, 0.011896250599, 0.020195108784, 0.0077343588764, 0.052881204261, 0.05412517027, 0.028919495583, 0.085268161544, 0.057780843281, 0.1316463955, 0.13897014682, 0.015560212673, 0.0080664507852, 0.0011264281679, 0.018800743296, 0.32676753112, 0.0060793704897, 0.043486333916, 0.20624723424, 0.097653093699],
      [0.026560037557, 0.23100185983, 0.003041443041, 0.028112773061, 0.20777966231, 0.6906002122, 0.75043810974, 0.21309571999, 0.91109198326, 0.60603718574, 0.94602601705, 0.28539107692, 0.32020287644, 0.70064430926, 0.0034180247771, 0.050065417458, 0.0052508133237, 0.00057889001484, 0.1630470612, 0.38247537022, 0.43907355616, 0.024815604311, 0.7490339488, 0.23026538399, 1.3170144931, 0.13173291488, 0.98298509009, 0.0082843179828, 0.69292909991, 0.7354243449, 0.42440865731, 0.014369263733, 0.073574677992, 0.029034423843, 0.33066592948, 0.34910356044, 0.1047271542, 0.39585495198, 0.27594951666, 0.5281844979, 0.54363625655, 0.12206632912, 0.040722791438, 0.0013709085896, 0.17114902575, 2.5025977694, 0.043734669531, 0.54083987659, 3.3678610373, 0.49520599153]
    ],
    [
      [1.1808932959, 1.0018519075, 0.079495115808, 0.044343582081, 2.5246599184, 12.2788913459, 22.6313380537, 7.1935927416, 22.8757727401, 9.4589007601, 10.6912345256, 5.6499688369, 6.0022368875, 7.0845205506, 0.56963539324, 3.4179283801, 0.93069701339, 0.039363353123, 0.0084530628759, 11.3803956688, 11.2761261819, 1.2417578622, 10.479576788, 4.2180035901, 25.2414088062, 2.9510066486, 14.3092097078, 0.26760610331, 14.452980093, 11.8290229256, 7.0056765715, 0.42123784122, 3.4643830132, 1.8030881664, 5.32626109, 6.3422949494, 2.6131802449, 7.0343036924, 4.7454678798, 13.4746196613, 10.7906118618, 1.4853573626, 0.86254467823, 0.069549057574, 1.374606375, 38.3276988362, 2.3697442946, 7.0445255979, 58.494853793, 12.2410040594],
      [12.884838497, 6.2915087922, 2.4817721449, 2.3728272158, 31.9155255395, 85.7783692397, 180.1225784041, 54.5169024923, 203.6208821407, 77.7228860507, 94.9572866554, 43.5513882366, 54.9980331084, 70.0164247752, 2.4611166218, 10.0888562881, 0.7872722806, 1.5898711481, 0.76262326701, 60.1317759448, 56.5747875334, 8.0261854958, 94.2838475395, 38.075956425, 195.1405401158, 33.3547649865, 105.0987055487, 3.2996301707, 94.6304947493, 67.3492383064, 43.0944996665, 2.1314823549, 16.1541972329, 8.5434349305, 49.606986875, 65.9174196995, 13.6831311144, 43.5021619375, 32.5839311082, 59.015529593, 57.3916397675, 16.9510759422, 7.9018808294, 1.64136718, 18.2620122137, 294.1265500359, 34.1432881107, 77.4450251803, 308.5802479173, 105.735451316],
      [6.448461364, 5.5159012173, 2.3549839186, 0.49881268632, 14.852803722, 52.8831036117, 77.6690889275, 41.9851029921, 80.9269353643, 48.1439476559, 70.6705752622, 20.7434948461, 27.2083440229, 34.5397521294, 1.9256679088, 8.5788269777, 1.1312247194, 2.3373970234, 0.083474794516, 52.0383741889, 36.223888297, 8.0887847317, 59.8006061859, 29.442479607, 129.5587216826, 19.7626737297, 75.8547602542, 1.2854567944, 72.0490437582, 72.0208087562, 40.0575203731, 2.3378844958, 13.8611842207, 7.05404632, 25.5744969562, 38.9477264048, 22.2119580593, 44.7555651362, 26.6169014711, 75.0929109493, 59.3382766693, 12.4046184498, 5.7084596138, 2.1969445441, 11.4339105654, 186.0868925797, 7.5436832109, 21.3788260017, 155.7488996754, 50.6683785378],
      [0.029411512768, 0.044654701889, 0.02594065679, 0.004130686561, 0.063366302004, 0.53246517733, 0.73423805091, 0.32291144802, 1.1213690918, 0.44438538231, 0.6494921079, 0.1311477002, 0.19221889232, 0.39533145014, 0.0075256417367, 0.048664872923, 0.0067268754162, 0.0037793039991, 0.0017197853148, 0.5408171786, 0.20604732579, 0.065051831962, 0.30529088411, 0.24233044311, 0.87326220049, 0.16772451498, 0.48660103609, 0.0049436922855, 0.54806576855, 0.67741038736, 0.29942241864, 0.025135573821, 0.13718494476, 0.052447123655, 0.30000246894, 0.41392339253, 0.22530914124, 0.4854079085, 0.35590738578, 0.8626314254, 0.71893871813, 0.093919075589, 0.034850495695, 0.020734942726, 0.072851249511, 1.6943139886, 0.044959532868, 0.14493587242, 0.98160417187, 0.35718274377],
      [0.45639533029, 2.146083381, 0.05780816392, 0.079885829258, 3.6436445181, 9.5271706254, 21.8427565638, 4.981490326, 19.4550406631, 12.229880151, 14.0314114489, 5.9240003802, 3.5991670888, 13.9639710947, 0.036054434439, 0.8657234811, 0.14407911122, 0.029589171312, 0.14372909029, 6.9086370189, 7.719150662, 0.57822007837, 11.1306786026, 3.0212299348, 21.1860671949, 1.7638301202, 13.2507234533, 0.14236323932, 10.319415631, 9.1235196245, 4.5428809703, 0.084259734209, 1.3830505884, 0.54698345945, 5.1922526099, 7.3786355537, 2.2664214402, 6.2225613254, 4.6977921551, 9.554308371, 7.7605329833, 2.0650291698, 0.49226438292, 0.071404275613, 1.8566195965, 35.7645445595, 0.89832485094, 4.9866873477, 44.1943944424, 4.9979833431]
    ],
    [
      [0.37591864755, 0.089705837875, 0.0066133036973, 0.026560236997, 0.96099935696, 6.5423011851, 10.0369575689, 3.5792762797, 11.2106213933, 6.1521909552, 4.9837307321, 1.43138485, 2.0220170145, 4.7254852638, 0.25076084322, 0.40664616454, 0.70143582252, 0.0028955631382, 0.0023639320603, 3.3431355179, 4.723803672, 0.31778961591, 2.3909344015, 1.8724657314, 7.5433129179, 0.63308628745, 4.1891334839, 0.3629364541, 6.7065189149, 10.3347908332, 4.0699261031, 0.09077341442, 4.014801167, 2.1534288898, 3.7296143486, 4.8053558237, 1.4474033224, 6.2134143526, 4.8763086898, 6.8819702596, 8.2267906878, 0.72971524007, 0.63385253163, 0.039528156166, 0.86513835342, 26.8491550743, 2.0294209082, 7.4023095294, 36.5060325179, 7.5233717456],
      [0.50891950668, 0.070365208189, 0.020849068982, 0.1193498043, 1.5586262489, 5.9720599278, 10.4623492188, 3.5362323019, 13.0702191215, 6.6016738915, 5.7910646512, 1.427552662, 2.4050953143, 6.0889312939, 0.11840908683, 0.1531176425, 0.074241274809, 0.011003627411, 0.010825959277, 2.3074888167, 3.0906438903, 0.25700055554, 2.8100299177, 2.1925100825, 7.6439104832, 0.9212646979, 4.025528201, 0.45140752276, 5.7451847704, 7.7045844857, 3.2655612817, 0.05364368392, 2.4205609541, 1.2930785933, 4.5115268181, 6.5094095562, 0.9838890178, 5.0203891562, 4.360121853, 3.9480486875, 5.7262600981, 1.0603480514, 0.71943920249, 0.094574793965, 1.4599889376, 27.0368313652, 3.7076217187, 10.5659270422, 25.2692364464, 8.4852184063],
      [15.3322242684, 3.6710442789, 1.4842124877, 2.3042822796, 41.5284039843, 205.255982304, 250.8795685922, 152.4790431213, 288.661910958, 228.2280967367, 239.785906331, 38.5723477471, 66.9294726208, 168.0093503762, 6.7547595122, 7.6090822279, 7.2646432192, 1.25026177, 0.19005490046, 111.4924519848, 110.8274564826, 15.5217273068, 99.4031004566, 95.4418280379, 281.6603761843, 31.0536618972, 161.6764940196, 14.0518867514, 243.43095822, 457.8826271336, 169.6129061228, 3.8257543867, 117.8714408263, 62.5563587669, 130.7574070453, 215.1374541756, 90.1014451749, 287.9960906472, 199.5153419191, 279.2718011876, 329.3648032868, 44.8151519681, 31.1563824614, 9.3365084363, 52.816545462, 947.6300963879, 47.8186214032, 163.9265322803, 706.7480621638, 226.7927482943],
      [16.5296536289, 7.8474787473, 5.4796714104, 5.4674522496, 40.5760668493, 466.5059104983, 534.9698444032, 265.1412174548, 901.6683953083, 475.3520066108, 497.2026450366, 55.9991140357, 107.5585027033, 434.1797635632, 6.8446612572, 10.6523148744, 10.7577853857, 0.73182965643, 2.7442289286, 262.3683372512, 142.801446245, 29.6477111447, 115.0355704301, 178.1880440223, 428.2747457082, 60.7407742904, 234.4464123127, 12.7907012965, 417.8879811362, 970.3771643919, 286.5144149432, 10.996970202, 263.9230667777, 105.8589798755, 346.7506655389, 515.9379751243, 207.3079651862, 704.3197096551, 601.9444403671, 723.5097005134, 899.5093265542, 77.6573396473, 43.8635399871, 21.4593772795, 76.8586400289, 1942.4318995752, 65.1112320342, 251.0992184954, 1003.0877311231, 360.9160522963],
      [0.25328394848, 0.32140592775, 0.0086537292131, 0.082355429574, 2.3759035605, 8.7237460849, 16.6512802169, 4.2642308423, 16.388853219, 13.6660318058, 11.2366532491, 2.5696007051, 2.084912347, 15.9964695029, 0.031409300593, 0.17883909062, 0.20189429782, 0.0040093830514, 0.052526279557, 3.4885864294, 5.5566497101, 0.25577137699, 4.360364794, 2.3051521259, 10.8776547064, 0.65121282713, 6.6624319827, 0.34306797531, 8.2293569584, 13.7008331556, 4.5371915492, 0.032858313055, 2.7701302749, 1.1381538745, 6.2507862492, 9.6098053202, 2.1592972987, 9.4503961889, 8.303787171, 8.3884793518, 10.1728193731, 1.7374450931, 0.62678581736, 0.0700113341, 1.9996872181, 43.0520175974, 1.3331039357, 9.0060126527, 47.3889377488, 5.2826092575]
    ],
    [
      [0.18307537945, 0.089599515584, 0.0055984851273, 0.025346159662, 0.30211097103, 1.5033853332, 2.7280878727, 0.85877457173, 3.231091017, 1.1493546648, 1.7032953453, 0.26566737856, 0.83990616565, 1.1802196526, 0, 0.31901909654, 0.12679315973, 0.0038870478526, 0.0014266148557, 0.86874890892, 1.2535279213, 0.027185584541, 1.0534859972, 0.34732705722, 2.1723336691, 0.26533744096, 1.3792910428, 0.017460435784, 1.6188226868, 1.7967539984, 1.0984162169, 0.060509125741, 0.9145824455, 0.36100359238, 0.82900558769, 0.95115400203, 0.23368674048, 1.2778445787, 1.1505300304, 1.420219062, 1.8797256656, 0.13972138164, 0.17775480229, 0.005698314831, 0.13261943786, 5.4774345315, 0.36966523832, 1.1937590278, 6.9521086434, 1.4073158236],
      [1.3570969409, 0.38420009445, 0.096803358815, 0.66167418046, 2.6690104385, 7.4411068676, 15.4152934137, 4.6021832674, 20.418250914, 6.6886646678, 10.7285440232, 1.440964227, 5.4242153443, 8.2506733727, 0, 0.65394720515, 0.072760154634, 0.081414541161, 0.041982686296, 3.2509951375, 4.4502398208, 0.11989988373, 6.7148429372, 2.2074253969, 11.9293891785, 2.0985828191, 7.1852907656, 0.12394427411, 7.5172923978, 7.2584569193, 4.7788956779, 0.19457492264, 2.9940292372, 1.1809479436, 5.4437160953, 6.9893938545, 0.86108274085, 5.5965428344, 5.579478897, 4.4144688026, 7.0902668738, 1.1058897315, 1.1031432633, 0.075072418994, 1.2198608377, 29.8835022931, 3.6885697737, 9.255235447, 26.0745475841, 8.6078469126],
      [7.6446509609, 3.7515104268, 1.3063170034, 2.2308661751, 13.3765004317, 48.4041172707, 69.9724702026, 37.5428473383, 85.3822226183, 43.7531156455, 84.1132286553, 7.3350604712, 28.5210669074, 43.0528816316, 0, 6.1138107743, 1.3284177825, 1.8032946841, 0.11065340963, 29.7325541521, 30.1689940446, 1.3611024347, 44.9438442851, 18.1671921377, 83.2518647626, 13.3516321299, 54.6318601881, 0.68256028707, 60.3064617751, 81.712887396, 46.9821057612, 2.6170149803, 27.5498447835, 10.751637233, 29.8190366886, 43.6996907833, 14.9364565096, 60.7960543609, 48.3144967195, 59.158814852, 77.2474008814, 8.7992993031, 8.9566386764, 1.405121199, 8.3017275909, 198.4395430308, 8.913007955, 27.1157972785, 138.1428894177, 43.5367013002],
      [1.2200794815, 1.09794925, 0.56241855716, 0.67098203936, 1.9877336162, 16.96494498, 23.020097531, 10.0531281177, 41.1708998204, 14.0556320979, 26.904934571, 1.619109277, 7.0244181905, 17.153823809, 0, 1.2293717327, 0.2795360033, 0.093242731634, 0.10572596717, 10.7664960864, 5.9752693632, 0.38598465891, 7.9897854201, 5.210839705, 19.5277539746, 3.9656524208, 12.2010138644, 0.091018039828, 15.9660507705, 26.7403191617, 12.2262838059, 1.0301503966, 9.4937149845, 2.7850953399, 12.18056429, 16.1640176484, 5.2808885097, 22.9458129205, 22.4854228646, 23.6521460959, 32.5679607074, 2.3257501407, 1.9092478278, 0.46873594319, 1.8447522284, 62.849347691, 1.8508304926, 6.3977189917, 30.2858494664, 10.6815235976],
      [0.59509723723, 1.6767407131, 0.028862595519, 0.41113144542, 3.6646445426, 9.6864455485, 21.86405098, 4.9430667048, 22.7975356303, 12.353232924, 18.5499974053, 2.3391986463, 4.1903933922, 19.3624015341, 0, 0.68385119138, 0.19249289988, 0.018160995264, 0.74021132205, 4.3812057151, 7.1519688501, 0.10582743812, 9.2980413604, 2.0672157032, 15.1186584152, 1.3187951892, 10.6025441392, 0.085016963214, 9.5913723698, 11.4915825247, 5.9142985381, 0.097750574681, 3.0478285494, 0.92131589116, 6.7276773384, 9.1957437118, 1.6878854994, 9.3837453055, 9.4700714885, 8.3543511875, 11.2146458717, 1.6293394431, 0.85321543029, 0.045372123952, 1.5010399052, 42.3501724535, 1.1779265403, 7.037489255, 43.5446048884, 4.766612366]
    ]
  ],
  "prob": [
    [0.34244115573, 0.078071913146, 0.57355671271, 0.00070592808151, 0.0052242903309],
    [0.073241713648, 0.527800133, 0.33426594518, 0.003025724262, 0.06166648391],
    [0.0096104341148, 0.0091028623908, 0.31860590743, 0.64877663459, 0.013904161481],
    [0.017287196695, 0.088685416629, 0.58831607921, 0.18521154874, 0.12049975872]
  ],
  "iterations": 94,
  "time": 0.014776,
  "message": "Converged",
  "status": 0,
  "miniter": 0,
  "maxiter": 1000,
  "maxtime": 3600,
  "param_threshold": 0.001,
  "ll_threshold": "-Inf",
  "initial_prob": "group_proportional",
  "candidates_id": ["HAY, David Robert.c", "PARKER, David William.c", "GOLDSMITH, Paul Jonathan.c", "BANKS, John.c", "Other candidates votes.c"],
  "group_id": ["Green Party.p", "Labour Party.p", "National Party.p", "Other parties votes.p"]
}
