{
  "Z_true": {},
  "V_true": [
    [464, 70, 1575, 65],
    [500, 257, 13528, 553],
    [216, 11309, 2743, 822],
    [18, 239, 709, 580],
    [56, 321, 539, 564]
  ],
  "p_true": [
    [0.2134, 0.0322, 0.7245, 0.0299],
    [0.0337, 0.0173, 0.9117, 0.0373],
    [0.0143, 0.7494, 0.1818, 0.0545],
    [0.0116, 0.1546, 0.4586, 0.3752],
    [0.0378, 0.2169, 0.3642, 0.3811]
  ],
  "Z_est": {},
  "V_est": [
    [1035.943, 591.1079, 546.9491, 0],
    [0, 0, 14736.806, 101.194],
    [155.4775, 10744.3579, 3810.2449, 379.9197],
    [0, 860.5342, 0, 685.4658],
    [62.5796, 0, 0, 1417.4204]
  ],
  "p_est": [
    [0.4765, 0.2719, 0.2516, 0],
    [0, 0, 0.9932, 0.0068],
    [0.0103, 0.712, 0.2525, 0.0252],
    [0, 0.5566, 0, 0.4434],
    [0.0423, 0, 0, 0.9577]
  ],
  "EI_Z": {},
  "EI_V": 14.1087,
  "MAE_Z": {},
  "MAE_V": 495.6102,
  "MAE_p": 0.1706,
  "runtime": 0.025
}
