{
  "Z_true": {},
  "V_true": [
    [20, 16, 24, 2053, 293, 38],
    [47, 1491, 898, 382, 357, 32],
    [159, 461, 3472, 742, 134, 131],
    [188, 525, 175, 3873, 18649, 386],
    [1012, 90, 465, 750, 280, 69],
    [50, 111, 136, 231, 540, 163]
  ],
  "p_true": [
    [0.0082, 0.0065, 0.0098, 0.84, 0.1199, 0.0155],
    [0.0147, 0.4649, 0.28, 0.1191, 0.1113, 0.01],
    [0.0312, 0.0904, 0.6809, 0.1455, 0.0263, 0.0257],
    [0.0079, 0.0221, 0.0074, 0.1628, 0.7837, 0.0162],
    [0.3796, 0.0338, 0.1744, 0.2813, 0.105, 0.0259],
    [0.0406, 0.0902, 0.1105, 0.1877, 0.4387, 0.1324]
  ],
  "Z_est": [
    [
      [2.2112, 0.5233, 9.5258, 4.9753, 6.3573, 3.0087, 4.0357, 0, 11.609, 7.4629, 9.3978, 11.685, 28.2874, 11.1842, 1.9348, 5.5281, 6.0809, 18.2427, 8.5685, 2.759, 10.7798, 22.3888, 10.5111, 12.4382, 5.5281, 3.3828, 1.1056, 19.9011, 13.0204, 19.0719, 16.0315, 4.0859, 0.8292, 0, 89.0023, 3.1716, 17.9663, 1.0016],
      [0.0592, 0.0148, 0.3166, 0.1213, 0.1716, 0.0325, 0.062, 0, 0.1775, 0.1953, 0.1565, 0.1361, 0.5237, 0.0449, 0.075, 0.0947, 0.2692, 0.4729, 0.2348, 0.0503, 0.358, 0.4175, 0.145, 0.4175, 0.1539, 0.0946, 0.0799, 0.2446, 0.1509, 0.1716, 0.3783, 0.0815, 1.201, 0, 0.9882, 0.062, 0.7575, 0.0196],
      [0.0509, 0.0085, 0.1377, 0.1356, 0.1002, 0.0318, 0.0403, 0, 0.1693, 0.1282, 0.1322, 0.1611, 0.3737, 0.142, 0.0441, 0.0657, 0.1012, 0.1963, 0.1322, 0.02, 0.1282, 0.2712, 0.6014, 0.2494, 0.1082, 0.0321, 0.0275, 0.2044, 0.1653, 0.0922, 0.2394, 0.1627, 0.6835, 0, 0.9607, 0.0403, 0.2352, 0.0127],
      [21.5858, 3.282, 54.3275, 57.7677, 43.0117, 11.821, 14.7321, 0, 76.833, 61.8381, 37.8873, 63.442, 125.7813, 54.9739, 20.7808, 25.0807, 24.3002, 125.1781, 62.6158, 20.9746, 77.0931, 104.0275, 53.3329, 114.0969, 46.9083, 25.3136, 11.6608, 54.1291, 63.9995, 37.2548, 98.6091, 20.5127, 0.4994, 0, 280.9096, 15.5896, 91.0762, 4.923],
      [0, 0.1601, 0.4812, 0.2786, 0.2176, 0.0636, 0.0762, 0, 0, 0.291, 0.291, 0.3308, 0.6791, 0.2916, 0.1001, 0.1802, 0.1387, 0.6312, 0.3134, 0.1282, 0.3874, 0.5572, 0.2829, 0.4854, 0.2001, 0.1262, 0.0893, 0.3265, 0.443, 0.2481, 0.4376, 0.1318, 0.6484, 0, 1.7282, 0.0827, 0.4832, 0.0261],
      [0.0929, 0.0113, 0.2112, 0.7215, 0.1416, 0.0425, 0.0538, 0, 0.2112, 0.0845, 0.1352, 0.245, 0.3549, 0.3633, 0.0651, 0.0507, 0.1098, 0.2788, 0.1352, 0.068, 0.2535, 0.3379, 0.1267, 0.3126, 0.1014, 0.0507, 0.0368, 0.1943, 0.2208, 0.1614, 0.3042, 0.0253, 0.1385, 0, 1.411, 0.0538, 0.4816, 0.017]
    ],
    [
      [0.2106, 0.0263, 0.8951, 0.4739, 0.6055, 4.6474, 1.5853, 0, 1.1058, 0.7108, 1.8055, 0.727, 2.3265, 1.1058, 0.1843, 0.5816, 0.5792, 1.0905, 0.8162, 0.2423, 1.5752, 2.1325, 0.7898, 1.1847, 0.5266, 0.2896, 0.1053, 1.8956, 0.9741, 1.9409, 1.527, 0.2106, 0.0242, 0.0242, 8.4775, 0.8688, 1.7113, 1.3888],
      [16.9588, 4.6246, 90.7294, 34.7655, 39.9618, 9.3273, 46.8626, 1.5143, 50.8763, 55.697, 106.1327, 39.0052, 137.8899, 60.4243, 16.6329, 27.6673, 77.1624, 66.5386, 68.683, 14.415, 102.6005, 68.1539, 42.3627, 125.4949, 42.9794, 23.7423, 23.5059, 74.9191, 44.0817, 49.4927, 103.0957, 18.3282, 1.4246, 1.4452, 283.2114, 37.2674, 194.1337, 21.943],
      [5.4825, 0.9296, 18.2086, 14.5952, 12.7924, 6.9727, 30.7155, 0.4569, 20.2562, 17.8181, 34.0928, 16.6859, 43.8598, 24.5592, 5.0985, 17.4879, 25.9885, 18.1277, 18.7046, 3.7421, 18.9961, 18.5576, 16.9211, 38.9685, 13.7062, 4.5344, 7.5384, 54.2085, 16.9043, 16.219, 26.2795, 6.4415, 0.4569, 0.4569, 108.0323, 11.8787, 60.0788, 10.5235],
      [0.4564, 0.6732, 1.4898, 1.5006, 0.7192, 0.2825, 0.9895, 0, 1.9057, 1.4975, 1.9136, 0.9734, 2.3796, 1.2586, 0.2954, 0.6165, 0.4821, 1.1559, 4.4929, 0.4308, 2.2392, 0, 0.8091, 2.6822, 0.8633, 2.4234, 0.4238, 1.7595, 0.9504, 0.9118, 1.7209, 0.3468, 0.0103, 0.0256, 5.4197, 0.3282, 1.9642, 0.1026],
      [0.4491, 1.586, 3.4852, 1.8601, 1.3456, 0.5286, 1.9944, 0.0289, 1.8502, 1.8742, 3.6359, 1.4417, 3.8543, 5.1178, 0.5527, 1.3051, 3.2648, 2.1626, 2.6596, 0.9284, 3.2531, 2.2106, 1.5138, 4.181, 1.4417, 0.7689, 1.1665, 3.2919, 10.1641, 1.706, 0, 1.5523, 0.0481, 0.0481, 10.14, 1.1338, 2.8186, 0.841],
      [0.4426, 0.1604, 1.1919, 0.8047, 0.5754, 0.2414, 0.8528, 0, 1.0059, 0.4023, 1.4196, 1.1668, 1.6898, 5.5342, 0.2363, 0.3417, 0.523, 0.9247, 0.6437, 0.2414, 1.3357, 0.9453, 0.6035, 1.4887, 0.4828, 0.2414, 0.26, 0.9254, 0.9254, 0.7295, 1.3768, 0.1207, 0.036, 0, 6.7191, 0.523, 2.2933, 0.2012]
    ],
    [
      [0.8617, 0.1077, 3.6624, 1.9389, 2.4775, 1.7235, 2.588, 0, 4.5241, 2.9084, 3.6624, 4.4164, 11.5258, 3.9297, 0.754, 1.9874, 2.3698, 6.3609, 3.3393, 0.7148, 4.201, 8.8101, 2.8063, 4.8473, 2.1544, 1.0913, 0.4309, 7.7557, 3.9856, 7.4325, 6.2476, 0.6548, 0.3232, 2.1617, 34.875, 9.5044, 9.5276, 0.7795],
      [0, 0, 3.7264, 1.6845, 10.0448, 0.4519, 1.8016, 0.0822, 2.4346, 2.9785, 2.2141, 1.8899, 15.0199, 0, 4.6241, 0.7814, 3.7387, 3.3278, 3.0389, 0.4775, 4.9712, 8.5002, 1.9536, 6.1863, 2.735, 0.9293, 0.6149, 3.3211, 2.0953, 2.0838, 5.4483, 0.4558, 0.9168, 0.9642, 13.7222, 2.7196, 11.0517, 0.5427],
      [20.1591, 2.3827, 74.1067, 62.3101, 61.6271, 18.9374, 63.7397, 0.8966, 97.7413, 77.4852, 65.1644, 92.1373, 229.2924, 94.076, 26.5097, 21.9918, 49.1752, 118.0888, 77.2217, 12.0499, 77.1192, 131.9507, 56.666, 154.5094, 71.5864, 18.7042, 13.0653, 97.0163, 58.6238, 55.4294, 150.7393, 13.0004, 7.2299, 6.6274, 587.5523, 74.7421, 196.4129, 18.2366],
      [7.9525, 0.9639, 31.0869, 24.6852, 43.4919, 7.1912, 9.0272, 0, 43.7822, 53.94, 21.4206, 37.945, 89.887, 32.9118, 14.9944, 7.8106, 14.3824, 56.7924, 46.0543, 5.5261, 37.8915, 46.1659, 21.6885, 96.3554, 41.5589, 11.0722, 5.0607, 31.0599, 26.0107, 22.3476, 66.5568, 5.0607, 0.306, 0.765, 206.9401, 10.1833, 64.4781, 3.0601],
      [0, 0.085, 4.8998, 2.1672, 15.3017, 0.402, 0.7756, 0.0212, 0, 3.0808, 2.1672, 3.2507, 7.925, 3.272, 2.432, 0.7649, 1.636, 4.3343, 2.9745, 0.4674, 2.9958, 4.5893, 0.2257, 6.0553, 2.4368, 0.613, 0.4462, 3.2507, 3.6883, 2.0397, 5.3329, 0.4462, 0.7997, 0.4817, 19.9719, 11.6331, 6.2692, 0.5312],
      [4.0267, 0.4607, 11.5177, 9.2142, 8.057, 2.294, 5.0678, 0, 11.5177, 4.6071, 7.3714, 13.3606, 19.3498, 19.8105, 3.6857, 2.664, 5.6979, 15.0958, 7.3714, 2.7643, 13.8213, 15.9838, 6.6599, 17.0463, 5.5285, 2.59, 1.3821, 10.5963, 10.5963, 6.6669, 16.675, 1.3821, 1.4245, 0, 76.9385, 6.2175, 26.2605, 1.85]
    ],
    [
      [0.2059, 0.0257, 0.8751, 0.4633, 0.592, 0.4118, 0.5148, 0, 1.081, 0.6949, 0.9946, 1.0553, 1.8998, 1.081, 0.1802, 0.6226, 0.4773, 1.6875, 0.7979, 0.4694, 1.176, 2.0848, 0.5779, 1.1582, 0.5148, 0.2831, 0.103, 3.0752, 0.9523, 4.4869, 1.4928, 0.2059, 0.0255, 0.1544, 8.2876, 0.8494, 1.673, 1.26],
      [2.7409, 0.3454, 11.416, 3.9094, 7.0831, 1.0489, 1.8459, 0.3177, 5.7211, 6.2932, 11.4421, 4.3861, 16.8771, 6.4839, 2.2884, 3.0512, 8.6769, 8.9564, 8.0172, 1.9364, 12.1626, 8.2955, 3.9078, 14.0265, 5.473, 2.9794, 2.5745, 8.3909, 4.0265, 5.5304, 14.4685, 2.0024, 0.3814, 0.3814, 31.8472, 4.2908, 61.549, 2.3838],
      [2.5478, 0.1543, 4.8916, 4.8441, 3.8574, 1.3887, 3.1437, 1.4936, 6.519, 4.9375, 13.7849, 5.8247, 14.358, 6.6962, 0, 6.4274, 3.896, 7.5605, 5.0918, 1.2466, 4.9375, 6.0844, 3.8574, 4.8563, 4.166, 1.2344, 1.6594, 13.9198, 0.2136, 3.2769, 9.2192, 5.8767, 0.4629, 0, 36.9927, 4.436, 21.3921, 8.2885],
      [55.2062, 5.8638, 191.3623, 106.0817, 140.476, 24.6793, 30.7645, 0, 185.2345, 155.6576, 75.2529, 129.4018, 210.7601, 121.6711, 55.8199, 55.8782, 46.2946, 245.7471, 167.5497, 55.2452, 217.1181, 126.2139, 67.2847, 278.7977, 139.0371, 50.898, 31.3467, 108.214, 69.6417, 76.9688, 238.8658, 33.2026, 1.0661, 2.6654, 480.7554, 34.1167, 207.6842, 10.6615],
      [242.9723, 25.6087, 865.3822, 461.967, 647.9579, 106.4623, 134.7196, 12.1887, 610.3951, 525.3971, 521.494, 560.2748, 946.0242, 662.983, 266.6957, 324.0087, 239.6348, 792.9834, 663.5118, 235.0826, 811.5347, 583.2721, 286.3476, 863.0882, 357.7855, 220.5932, 162.3106, 589.3547, 298.1206, 300.7095, 785.8827, 235.7064, 14.0581, 14.7988, 3084.7877, 273.2856, 1100.5894, 162.3963],
      [0.327, 0.002, 0.0729, 0.7345, 0.0335, 0.0091, 0.0116, 0, 0.0493, 0.0197, 0.0316, 0.0572, 0.0808, 0.0848, 0.0158, 0.0118, 0.0203, 0.0651, 0.0316, 0.02, 0.0711, 0.0493, 0.0246, 0.073, 0.0237, 0.0118, 0.0059, 0.0454, 0.0454, 0.0276, 0.071, 0.0059, 0.0059, 0, 0.3293, 0.0215, 0.1124, 0.0099]
    ],
    [
      [4.4899, 0.3107, 18.9541, 10.1023, 12.9085, 6.1562, 11.2248, 0, 23.572, 15.1534, 18.0442, 23.0108, 62.7661, 24.5913, 3.9287, 11.2248, 12.4362, 38.4734, 17.3984, 2.7965, 21.1292, 45.4603, 15.2254, 25.2557, 11.2248, 5.9037, 2.245, 39.1871, 17.9966, 36.0122, 32.553, 2.7965, 1.7901, 3.6442, 180.7189, 18.5209, 33.8688, 2.5176],
      [0.2054, 0.0121, 0.737, 0.4902, 0.6935, 0.1315, 0.4108, 0, 0.7174, 0.7891, 0.0063, 0.55, 6.5635, 0.9986, 0.3625, 0.3826, 1.0881, 1.6311, 0.9685, 0.1087, 0.8216, 1.5707, 0.5859, 1.7696, 0.6217, 0.2296, 0.2097, 1.0512, 0.6098, 0.6935, 1.5344, 0.1087, 0.0725, 0.6456, 3.9935, 0.6283, 1.317, 0.0846],
      [6.5893, 0.3876, 23.6439, 19.6727, 19.9875, 6.9769, 15.4803, 0, 41.0861, 25.584, 16.667, 33.7216, 79.7293, 37.9853, 11.6282, 12.791, 20.1874, 48.8214, 28.5832, 2.6143, 23.9648, 50.3887, 19.3138, 46.2953, 16.667, 6.396, 3.2286, 33.7216, 17.5395, 15.7463, 49.2259, 3.4884, 2.9656, 3.641, 211.2448, 22.9857, 42.249, 2.7132],
      [2.8272, 0.1663, 8.6136, 8.4321, 13.3602, 2.5948, 3.2572, 0, 30.4333, 17.9313, 2.9813, 15.2737, 33.5938, 16.298, 5.7785, 5.2447, 7.9827, 30.9115, 19.1168, 1.4968, 11.3088, 16.578, 8.149, 28.8736, 9.5216, 4.1283, 1.3304, 6.6452, 8.8142, 8.0603, 28.0297, 1.4968, 0.1104, 1.4425, 81.8535, 3.5333, 15.7171, 0.8216],
      [0, 0.0379, 2.31, 1.742, 2.4379, 0.6032, 0.7228, 0, 3.2402, 2.7617, 1.6284, 6.3808, 7.6497, 6.1713, 5.8463, 1.6887, 2.5794, 5.1124, 3.4845, 0.3408, 2.5751, 4.9231, 1.5553, 4.5184, 1.6284, 0.7195, 0.303, 0, 1.645, 1.5952, 4.8094, 0.3408, 0.2272, 0.6267, 20.6389, 1.9692, 0, 0.2651],
      [2.8882, 0.0854, 6.7413, 5.5607, 4.6123, 1.5374, 2.9041, 0, 6.9509, 2.7804, 3.6728, 8.0631, 11.6976, 11.9556, 2.4559, 1.6682, 3.7263, 10.0502, 4.4486, 1.6428, 8.2005, 11.0792, 4.1706, 10.2874, 3.3364, 1.6229, 0.6833, 6.3949, 6.3949, 3.8925, 10.8475, 0.7687, 0.8341, 0, 46.5503, 4.3627, 15.8481, 0.5979]
    ],
    [
      [0.0206, 0.0062, 0.0875, 0.0463, 0.0592, 0.0524, 0.0515, 0, 0.1081, 0.0695, 0.0956, 0.1055, 0.1944, 0.1081, 0.018, 0.0555, 0.0566, 0.145, 0.0798, 0.018, 0.1388, 0.1234, 0.0895, 0.1158, 0.0515, 0.0494, 0.0103, 0.1852, 0.071, 0.0555, 0.1481, 0.0463, 0.0077, 0.0154, 0.6386, 0.0849, 0.253, 0.0524],
      [0.0358, 0.0031, 0.0747, 0.0291, 0.0451, 0.0078, 0.0171, 0.0858, 0.0731, 0.0469, 0.0482, 0.0327, 0.1258, 0.0483, 0.0171, 0.0227, 0.0647, 0.0731, 0.0576, 0.0121, 0.086, 0.0622, 0.0451, 0.1052, 0.037, 0.0249, 0.0151, 0.0731, 0.0358, 0.028, 0.0747, 0.0233, 0.0038, 0.5636, 0.2374, 0.032, 0.1912, 0.0264],
      [2.1705, 0.1374, 2.0115, 1.4423, 1.6354, 1.6925, 1.8807, 0.153, 3.2281, 2.0469, 2.1587, 2.4694, 5.3867, 2.5413, 0.7196, 1.2363, 1.6517, 3.2053, 2.2665, 0.3271, 2.8542, 2.7473, 2.6404, 4.121, 1.7662, 1.0989, 0.4808, 4.9294, 1.5536, 1.2363, 3.2968, 1.0302, 0.2011, 0.2747, 14.2173, 0.9172, 5.632, 1.2254],
      [0.9719, 0.0507, 1.1199, 0.5327, 0.941, 0.4313, 0.2294, 0, 3.8113, 1.1354, 0.5444, 0.964, 1.5982, 0.8866, 0.3309, 0.3694, 0.5581, 1.2151, 1.1704, 0.3266, 1.3493, 1.0147, 0.7357, 2.1942, 1.1107, 1.1645, 0.1776, 1.1923, 0.5835, 0.4566, 1.2176, 0.3805, 0.0078, 0.1015, 4.1217, 0.2489, 2.0801, 0.4313],
      [16.5786, 1.5224, 39.4415, 15.9851, 22.7392, 12.9403, 6.7114, 0.7612, 34.5144, 20.5953, 24.7835, 28.3211, 46.8678, 28.1642, 8.3731, 15.0524, 16.7463, 35.7762, 26.0562, 7.0526, 34.2538, 30.4478, 22.0747, 45.6717, 17.5075, 12.1791, 5.6844, 35.7762, 15.939, 13.7015, 36.5374, 12.8225, 2.2186, 3.0448, 152.7333, 9.8955, 61.8396, 12.9403],
      [3.2226, 0.2802, 5.265, 2.9644, 3.5802, 1.8756, 2.1099, 0, 5.265, 2.106, 3.3696, 6.1073, 8.8272, 5.2516, 1.5412, 1.2636, 2.9226, 6.5853, 3.3696, 1.2636, 6.3179, 5.6045, 3.4147, 7.7921, 2.5272, 1.4832, 0.6318, 4.8438, 4.8172, 2.522, 6.7255, 0.6972, 0.561, 0, 35.0517, 1.8215, 12.0041, 2.3241]
    ]
  ],
  "V_est": [
    [403.594, 8.9302, 6.3854, 2006.1498, 11.3366, 7.6041],
    [45.3667, 2224.0512, 767.2767, 46.4943, 86.2046, 37.6066],
    [167.4416, 127.5287, 3054.3046, 1246.407, 127.7642, 375.5538],
    [42.4908, 297.509, 229.5376, 4233.4851, 18990.3655, 2.612],
    [813.5926, 33.3948, 1023.9122, 462.7084, 103.0784, 229.3136],
    [3.5143, 2.5861, 88.5836, 35.7554, 934.2506, 166.3099]
  ],
  "p_est": [
    [0.1651, 0.0037, 0.0026, 0.8208, 0.0046, 0.0031],
    [0.0141, 0.6935, 0.2393, 0.0145, 0.0269, 0.0117],
    [0.0328, 0.025, 0.599, 0.2444, 0.0251, 0.0737],
    [0.0018, 0.0125, 0.0096, 0.1779, 0.798, 0.0001],
    [0.3052, 0.0125, 0.3841, 0.1736, 0.0387, 0.086],
    [0.0029, 0.0021, 0.072, 0.029, 0.7589, 0.1351]
  ],
  "EI_Z": {},
  "EI_V": 9.7621,
  "MAE_Z": {},
  "MAE_V": 208.4905,
  "MAE_p": 0.0645,
  "runtime": 7.727
}
