{
  "X": [
    [3, 11, 19, 55, 7],
    [2, 10, 15, 48, 3],
    [3, 29, 27, 139, 15],
    [5, 32, 47, 145, 8],
    [1, 6, 10, 38, 4],
    [1, 22, 35, 81, 4],
    [5, 23, 36, 104, 8],
    [2, 34, 56, 189, 15],
    [9, 69, 66, 295, 34],
    [1, 19, 19, 88, 3],
    [1, 16, 15, 72, 5],
    [2, 19, 17, 83, 8],
    [1, 15, 16, 57, 3],
    [1, 8, 14, 72, 5],
    [0, 36, 24, 153, 11],
    [1, 15, 19, 57, 1],
    [1, 14, 7, 40, 6],
    [1, 7, 9, 36, 1],
    [0, 0, 4, 12, 1],
    [1, 8, 12, 61, 4],
    [0, 3, 5, 16, 2],
    [0, 8, 27, 30, 1],
    [1, 1, 3, 12, 0],
    [0, 5, 13, 46, 2],
    [1, 0, 3, 2, 1],
    [4, 86, 61, 155, 8],
    [2, 15, 28, 67, 5],
    [1, 15, 18, 82, 8],
    [0, 13, 11, 48, 2],
    [0, 37, 34, 66, 7],
    [0, 0, 3, 3, 0],
    [0, 11, 57, 67, 4],
    [3, 15, 21, 216, 4],
    [0, 0, 4, 2, 1],
    [2, 2, 3, 16, 3],
    [0, 6, 2, 26, 1],
    [1, 7, 9, 42, 3],
    [0, 1, 4, 12, 0],
    [1, 14, 11, 38, 5],
    [1, 0, 11, 46, 4],
    [0, 9, 8, 28, 1],
    [0, 11, 14, 83, 6],
    [0, 21, 25, 74, 15],
    [0, 0, 4, 21, 2],
    [3, 7, 11, 39, 2],
    [2, 12, 26, 65, 5],
    [2, 18, 19, 82, 6],
    [3, 15, 24, 70, 1],
    [1, 4, 24, 72, 5],
    [0, 5, 18, 38, 1],
    [1, 6, 9, 20, 4],
    [3, 4, 19, 39, 2],
    [1, 1, 6, 11, 0],
    [0, 10, 11, 61, 2],
    [0, 6, 12, 29, 0],
    [0, 0, 0, 9, 0],
    [2, 4, 15, 25, 5],
    [0, 10, 12, 29, 5],
    [1, 0, 2, 5, 0],
    [0, 22, 28, 78, 9],
    [3, 18, 43, 142, 12],
    [1, 20, 33, 84, 15],
    [0, 1, 10, 13, 1],
    [4, 30, 27, 100, 3],
    [0, 1, 3, 12, 1],
    [2, 4, 8, 24, 5],
    [1, 3, 10, 27, 1],
    [0, 9, 10, 33, 3],
    [3, 1, 2, 8, 1],
    [3, 21, 34, 59, 6],
    [2, 7, 11, 22, 4],
    [1, 7, 15, 48, 5],
    [1, 6, 9, 25, 0],
    [1, 12, 26, 74, 3],
    [0, 2, 6, 7, 0],
    [2, 9, 15, 50, 0],
    [0, 1, 4, 8, 3],
    [0, 7, 9, 34, 4],
    [1, 0, 2, 4, 1],
    [1, 5, 11, 31, 0],
    [0, 7, 10, 38, 3],
    [4, 13, 22, 56, 3],
    [0, 3, 13, 30, 1],
    [0, 6, 8, 48, 3],
    [1, 1, 11, 31, 2],
    [0, 1, 8, 15, 2],
    [0, 13, 9, 43, 1],
    [0, 1, 3, 3, 0],
    [0, 8, 7, 39, 0],
    [0, 0, 1, 6, 0],
    [1, 26, 32, 115, 13],
    [1, 44, 57, 276, 36],
    [0, 2, 7, 12, 5],
    [0, 0, 0, 6, 0],
    [2, 1, 10, 15, 1],
    [0, 0, 1, 5, 0],
    [1, 5, 6, 19, 1],
    [0, 2, 11, 14, 1],
    [1, 6, 16, 27, 1],
    [0, 0, 6, 16, 2],
    [0, 2, 2, 2, 0],
    [1, 1, 10, 9, 0],
    [1, 1, 3, 6, 0],
    [1, 0, 9, 13, 1],
    [0, 1, 7, 13, 1],
    [0, 1, 8, 7, 2],
    [1, 0, 1, 7, 0],
    [1, 11, 9, 64, 4],
    [0, 2, 2, 6, 0],
    [1, 6, 11, 18, 0],
    [3, 17, 34, 76, 11],
    [1, 4, 2, 9, 1],
    [0, 9, 10, 22, 1],
    [1, 7, 8, 23, 1],
    [0, 9, 21, 34, 4],
    [2, 14, 20, 66, 3],
    [2, 1, 5, 10, 0],
    [1, 13, 5, 34, 1],
    [2, 8, 9, 34, 1],
    [2, 6, 12, 18, 1],
    [1, 8, 10, 50, 6],
    [4, 6, 14, 27, 2],
    [4, 8, 8, 33, 3],
    [0, 1, 3, 12, 1],
    [3, 4, 1, 13, 0],
    [0, 5, 8, 22, 1],
    [1, 4, 3, 12, 0],
    [5, 9, 7, 32, 1],
    [2, 15, 21, 58, 3],
    [1, 6, 11, 20, 3],
    [2, 17, 33, 26, 2],
    [4, 26, 38, 108, 8],
    [1, 4, 13, 19, 3],
    [0, 22, 39, 59, 7],
    [0, 1, 1, 3, 1],
    [6, 23, 45, 77, 14],
    [0, 31, 67, 86, 13],
    [2, 26, 40, 72, 5],
    [3, 43, 21, 62, 7],
    [7, 35, 59, 121, 13],
    [1, 8, 23, 48, 3],
    [0, 4, 16, 22, 2],
    [5, 11, 11, 29, 6],
    [1, 16, 13, 29, 4],
    [0, 3, 16, 32, 2],
    [0, 0, 3, 6, 1],
    [1, 0, 1, 6, 0],
    [1, 2, 5, 14, 0],
    [2, 16, 17, 35, 2],
    [0, 0, 2, 7, 0],
    [0, 1, 7, 6, 0],
    [2, 7, 22, 37, 5],
    [0, 16, 39, 94, 11],
    [2, 8, 29, 31, 2],
    [1, 3, 2, 0, 1],
    [2, 17, 59, 57, 7],
    [5, 29, 67, 127, 21],
    [1, 10, 53, 47, 5],
    [0, 1, 1, 2, 2],
    [1, 6, 19, 26, 5],
    [0, 13, 7, 28, 6],
    [0, 0, 2, 5, 0],
    [0, 1, 4, 11, 0],
    [0, 4, 12, 17, 5],
    [2, 5, 15, 21, 3],
    [1, 7, 16, 34, 2],
    [1, 4, 6, 10, 2],
    [0, 1, 2, 4, 1],
    [1, 1, 13, 11, 2],
    [2, 18, 15, 61, 7],
    [2, 21, 26, 56, 8],
    [0, 2, 5, 6, 2],
    [0, 0, 2, 3, 1],
    [0, 1, 6, 4, 1],
    [0, 1, 4, 3, 1],
    [0, 5, 13, 13, 4],
    [1, 4, 8, 24, 0],
    [1, 7, 9, 16, 0],
    [0, 2, 1, 4, 3],
    [0, 5, 13, 22, 2],
    [0, 1, 2, 7, 1],
    [1, 3, 8, 25, 1],
    [1, 4, 14, 13, 1],
    [2, 5, 16, 42, 4],
    [3, 5, 13, 29, 5],
    [0, 0, 4, 3, 0],
    [3, 1, 3, 14, 4],
    [0, 3, 9, 50, 4],
    [1, 7, 4, 4, 0],
    [2, 1, 15, 23, 3],
    [1, 1, 1, 3, 0],
    [5, 4, 12, 48, 3],
    [1, 1, 7, 12, 1],
    [0, 11, 18, 24, 4],
    [1, 2, 10, 9, 1],
    [0, 1, 2, 3, 0],
    [2, 2, 7, 9, 0],
    [3, 13, 27, 56, 5],
    [2, 17, 41, 49, 5],
    [3, 8, 9, 28, 6],
    [0, 3, 10, 17, 1],
    [4, 9, 17, 43, 5],
    [1, 4, 6, 12, 3],
    [0, 2, 11, 15, 0],
    [0, 0, 0, 6, 0],
    [0, 2, 3, 5, 2],
    [0, 0, 3, 4, 1],
    [0, 0, 7, 15, 4],
    [1, 5, 5, 23, 5],
    [2, 2, 7, 9, 1],
    [0, 2, 6, 5, 0],
    [2, 11, 13, 18, 4],
    [1, 6, 11, 20, 3],
    [0, 3, 6, 26, 0],
    [4, 5, 15, 31, 2],
    [0, 9, 12, 23, 1],
    [3, 5, 16, 20, 3],
    [2, 4, 10, 36, 1],
    [0, 1, 4, 0, 1],
    [1, 9, 16, 49, 5],
    [5, 8, 28, 50, 3],
    [3, 63, 59, 214, 18],
    [5, 45, 50, 164, 6],
    [5, 30, 57, 180, 8],
    [3, 33, 49, 130, 9],
    [5, 65, 112, 184, 16],
    [4, 21, 40, 120, 17],
    [4, 45, 73, 150, 15],
    [29, 229, 312, 810, 71],
    [1, 6, 15, 23, 0]
  ],
  "W": [
    [13, 45, 9, 8, 3, 12, 5],
    [15, 32, 5, 6, 12, 7, 1],
    [17, 102, 27, 20, 5, 27, 15],
    [36, 101, 27, 25, 26, 15, 7],
    [7, 28, 6, 6, 2, 8, 2],
    [24, 52, 6, 25, 9, 16, 11],
    [21, 84, 18, 16, 13, 16, 8],
    [46, 159, 18, 26, 17, 19, 11],
    [41, 283, 40, 46, 10, 30, 23],
    [14, 70, 13, 12, 9, 8, 4],
    [7, 52, 13, 19, 6, 7, 5],
    [11, 64, 10, 15, 4, 18, 7],
    [11, 42, 10, 9, 8, 7, 5],
    [11, 50, 7, 11, 7, 7, 7],
    [22, 135, 21, 19, 4, 15, 8],
    [6, 50, 10, 12, 5, 7, 3],
    [14, 24, 11, 12, 0, 6, 1],
    [10, 22, 5, 4, 3, 6, 4],
    [1, 4, 1, 0, 5, 4, 2],
    [10, 43, 11, 4, 2, 8, 8],
    [2, 13, 0, 2, 3, 3, 3],
    [2, 28, 13, 15, 1, 4, 3],
    [2, 8, 0, 2, 3, 1, 1],
    [12, 33, 2, 5, 1, 10, 3],
    [0, 4, 0, 1, 2, 0, 0],
    [47, 95, 58, 55, 13, 33, 13],
    [15, 38, 18, 22, 5, 15, 4],
    [7, 67, 8, 14, 5, 17, 6],
    [4, 43, 9, 7, 3, 4, 4],
    [15, 50, 21, 33, 4, 18, 3],
    [2, 3, 0, 1, 0, 0, 0],
    [11, 63, 7, 33, 5, 13, 7],
    [26, 151, 11, 16, 7, 36, 12],
    [3, 1, 0, 1, 0, 1, 1],
    [3, 10, 0, 5, 5, 3, 0],
    [7, 14, 6, 6, 1, 0, 1],
    [3, 33, 5, 13, 1, 1, 6],
    [3, 9, 1, 2, 0, 2, 0],
    [5, 34, 6, 11, 2, 7, 4],
    [3, 39, 2, 10, 1, 3, 4],
    [4, 26, 7, 7, 1, 0, 1],
    [6, 80, 5, 7, 2, 9, 5],
    [15, 57, 18, 24, 3, 14, 4],
    [2, 17, 0, 4, 0, 3, 1],
    [8, 34, 6, 8, 1, 4, 1],
    [7, 65, 5, 15, 6, 4, 8],
    [6, 59, 17, 17, 4, 15, 9],
    [8, 60, 6, 17, 6, 11, 5],
    [8, 62, 5, 13, 5, 11, 2],
    [4, 33, 5, 11, 3, 5, 1],
    [7, 17, 3, 5, 4, 3, 1],
    [1, 40, 1, 6, 8, 8, 3],
    [4, 7, 2, 4, 1, 1, 0],
    [5, 38, 9, 17, 3, 11, 1],
    [7, 21, 4, 6, 4, 4, 1],
    [0, 6, 0, 2, 0, 1, 0],
    [5, 21, 3, 10, 5, 3, 4],
    [2, 23, 9, 9, 4, 1, 8],
    [0, 5, 0, 1, 1, 1, 0],
    [6, 61, 21, 27, 3, 13, 6],
    [3, 151, 15, 37, 1, 3, 8],
    [3, 99, 7, 24, 1, 4, 15],
    [3, 10, 1, 6, 0, 3, 2],
    [10, 99, 23, 13, 3, 7, 9],
    [1, 7, 3, 5, 0, 0, 1],
    [3, 19, 1, 7, 3, 5, 5],
    [5, 25, 2, 5, 1, 2, 2],
    [7, 30, 3, 8, 3, 3, 1],
    [2, 6, 1, 0, 0, 3, 3],
    [8, 41, 15, 35, 2, 11, 11],
    [2, 24, 4, 9, 1, 2, 4],
    [7, 38, 5, 11, 4, 3, 8],
    [6, 19, 2, 8, 3, 2, 1],
    [11, 66, 12, 15, 5, 5, 2],
    [2, 5, 0, 3, 3, 1, 1],
    [5, 49, 2, 9, 1, 5, 5],
    [2, 5, 0, 4, 3, 1, 1],
    [1, 26, 6, 10, 6, 2, 3],
    [0, 4, 0, 0, 3, 1, 0],
    [3, 28, 3, 7, 3, 1, 3],
    [4, 32, 3, 7, 2, 7, 3],
    [4, 51, 8, 15, 12, 5, 3],
    [5, 20, 4, 10, 4, 0, 4],
    [8, 36, 2, 12, 1, 2, 4],
    [4, 25, 3, 7, 5, 2, 0],
    [3, 12, 1, 1, 6, 2, 1],
    [9, 34, 6, 7, 3, 5, 2],
    [1, 1, 1, 1, 1, 2, 0],
    [3, 24, 5, 9, 2, 8, 3],
    [0, 5, 0, 0, 1, 1, 0],
    [13, 113, 11, 23, 10, 9, 8],
    [28, 243, 30, 49, 7, 23, 34],
    [3, 11, 0, 4, 3, 3, 2],
    [2, 2, 0, 0, 0, 2, 0],
    [7, 7, 1, 7, 3, 3, 1],
    [1, 3, 1, 0, 0, 1, 0],
    [5, 13, 3, 5, 4, 1, 1],
    [3, 5, 3, 4, 7, 5, 1],
    [3, 25, 2, 8, 7, 5, 1],
    [2, 14, 3, 1, 2, 2, 0],
    [1, 1, 1, 2, 0, 1, 0],
    [3, 8, 0, 5, 0, 4, 1],
    [1, 4, 1, 2, 1, 2, 0],
    [2, 12, 0, 3, 5, 2, 0],
    [2, 6, 2, 3, 3, 6, 0],
    [3, 2, 1, 3, 4, 4, 1],
    [2, 4, 0, 0, 2, 1, 0],
    [3, 55, 8, 7, 3, 3, 10],
    [1, 4, 0, 1, 2, 1, 1],
    [2, 15, 1, 5, 8, 4, 1],
    [11, 77, 11, 18, 11, 11, 2],
    [1, 8, 0, 2, 2, 3, 1],
    [9, 20, 5, 4, 1, 2, 1],
    [5, 23, 1, 6, 4, 1, 0],
    [5, 37, 2, 10, 3, 8, 3],
    [7, 61, 10, 9, 4, 10, 4],
    [2, 8, 1, 3, 2, 2, 0],
    [6, 26, 7, 4, 3, 6, 2],
    [5, 24, 5, 4, 6, 7, 3],
    [2, 21, 2, 4, 4, 6, 0],
    [2, 42, 3, 10, 6, 9, 3],
    [5, 28, 6, 6, 3, 1, 4],
    [2, 27, 3, 9, 3, 9, 3],
    [0, 11, 0, 3, 2, 0, 1],
    [0, 13, 1, 4, 0, 2, 1],
    [6, 14, 1, 5, 3, 6, 1],
    [4, 11, 0, 1, 3, 1, 0],
    [6, 25, 5, 3, 7, 4, 4],
    [12, 48, 7, 19, 0, 4, 9],
    [5, 21, 3, 9, 2, 1, 0],
    [7, 24, 20, 15, 6, 6, 2],
    [9, 110, 25, 30, 5, 3, 2],
    [2, 20, 2, 9, 5, 2, 0],
    [16, 46, 13, 24, 13, 11, 4],
    [4, 2, 0, 0, 0, 0, 0],
    [8, 75, 19, 31, 8, 15, 9],
    [16, 100, 16, 38, 13, 9, 5],
    [4, 82, 21, 23, 4, 7, 4],
    [7, 85, 23, 12, 2, 4, 3],
    [14, 123, 25, 48, 5, 8, 12],
    [7, 40, 10, 14, 5, 7, 0],
    [4, 17, 1, 11, 4, 6, 1],
    [6, 26, 11, 5, 6, 6, 2],
    [6, 28, 12, 4, 5, 4, 4],
    [13, 14, 5, 14, 3, 3, 1],
    [1, 4, 0, 0, 3, 2, 0],
    [3, 4, 0, 0, 0, 1, 0],
    [2, 6, 2, 2, 5, 3, 2],
    [4, 35, 9, 8, 7, 7, 2],
    [1, 3, 1, 0, 1, 2, 1],
    [0, 4, 0, 3, 5, 1, 1],
    [9, 28, 6, 15, 3, 10, 2],
    [14, 82, 14, 22, 8, 11, 9],
    [5, 22, 7, 20, 5, 9, 4],
    [2, 3, 0, 0, 2, 0, 0],
    [5, 55, 17, 45, 9, 9, 2],
    [27, 103, 30, 50, 5, 26, 8],
    [11, 43, 12, 28, 10, 7, 5],
    [1, 2, 1, 0, 2, 0, 0],
    [6, 16, 8, 7, 7, 10, 3],
    [4, 20, 13, 5, 1, 6, 5],
    [1, 2, 0, 3, 0, 0, 1],
    [2, 8, 0, 1, 3, 2, 0],
    [2, 20, 2, 8, 0, 3, 3],
    [6, 17, 3, 6, 7, 3, 4],
    [2, 38, 7, 8, 1, 0, 4],
    [0, 8, 2, 7, 1, 3, 2],
    [0, 2, 0, 0, 1, 3, 2],
    [6, 9, 1, 8, 0, 2, 2],
    [3, 53, 11, 16, 4, 8, 8],
    [11, 51, 12, 20, 4, 10, 5],
    [3, 9, 0, 0, 1, 0, 2],
    [2, 1, 0, 1, 1, 1, 0],
    [2, 4, 0, 3, 3, 0, 0],
    [3, 2, 0, 2, 1, 1, 0],
    [2, 15, 5, 7, 2, 2, 2],
    [3, 19, 4, 5, 2, 1, 3],
    [5, 10, 4, 5, 3, 4, 2],
    [3, 3, 2, 0, 0, 1, 1],
    [4, 22, 2, 4, 0, 8, 2],
    [0, 6, 1, 2, 0, 2, 0],
    [1, 19, 4, 10, 1, 3, 0],
    [1, 11, 4, 14, 2, 1, 0],
    [2, 36, 2, 12, 5, 8, 4],
    [7, 17, 4, 8, 7, 12, 0],
    [1, 1, 0, 3, 1, 1, 0],
    [1, 8, 2, 4, 3, 2, 5],
    [10, 39, 2, 6, 2, 6, 1],
    [0, 6, 3, 4, 2, 1, 0],
    [11, 16, 1, 5, 4, 3, 4],
    [2, 2, 1, 1, 0, 0, 0],
    [8, 31, 2, 5, 11, 10, 5],
    [2, 8, 0, 3, 5, 3, 1],
    [5, 26, 6, 8, 5, 7, 0],
    [3, 7, 1, 6, 4, 2, 0],
    [1, 4, 0, 0, 1, 0, 0],
    [2, 10, 3, 3, 1, 0, 1],
    [7, 44, 11, 15, 13, 9, 5],
    [8, 44, 21, 27, 4, 5, 5],
    [8, 25, 3, 8, 3, 5, 2],
    [0, 13, 1, 6, 5, 3, 3],
    [7, 29, 8, 9, 10, 9, 6],
    [4, 7, 4, 3, 2, 4, 2],
    [3, 8, 1, 9, 4, 3, 0],
    [2, 4, 0, 0, 0, 0, 0],
    [4, 4, 0, 3, 1, 0, 0],
    [1, 3, 0, 2, 2, 0, 0],
    [1, 14, 0, 4, 4, 2, 1],
    [2, 19, 3, 4, 5, 5, 1],
    [2, 4, 0, 9, 1, 2, 3],
    [1, 2, 1, 5, 3, 1, 0],
    [4, 14, 8, 12, 5, 3, 2],
    [1, 22, 4, 8, 2, 2, 2],
    [2, 16, 1, 6, 0, 7, 3],
    [6, 23, 5, 8, 5, 7, 3],
    [2, 26, 6, 5, 3, 2, 1],
    [7, 22, 3, 7, 5, 2, 1],
    [7, 25, 0, 10, 4, 6, 1],
    [0, 0, 0, 1, 2, 2, 1],
    [2, 36, 5, 10, 10, 14, 3],
    [9, 26, 4, 12, 20, 17, 6],
    [36, 156, 42, 47, 21, 37, 18],
    [18, 151, 22, 34, 14, 20, 11],
    [21, 150, 18, 36, 20, 27, 8],
    [13, 106, 19, 25, 24, 26, 11],
    [30, 166, 50, 76, 18, 31, 11],
    [16, 83, 16, 37, 16, 24, 10],
    [26, 142, 29, 52, 5, 15, 18],
    [164, 681, 157, 202, 91, 94, 62],
    [5, 16, 5, 9, 8, 1, 1]
  ],
  "method": "mult",
  "cond_prob": [
    [
      [0.032695387511, 0.090937494257, 0.20901933786, 0.5959482074, 0.071399572975],
      [0.020126829429, 0.059235676984, 0.11287304228, 0.74578121571, 0.061983235596],
      [0.0064708818607, 0.67722530166, 0.16534749357, 0.11749807603, 0.033458246877],
      [0.014113687866, 0.039338587172, 0.77999489428, 0.11715711028, 0.049395720407],
      [0.20638982569, 0.01398812685, 0.62999414166, 0.12419974901, 0.025428156795],
      [0.023939354674, 0.042154745884, 0.11551773762, 0.73491642594, 0.083471735877],
      [0.11833269304, 0.038929873389, 0.039835966464, 0.50123653442, 0.30166493268]
    ],
    [
      [0.012076571835, 0.12594469466, 0.12166245307, 0.69571705975, 0.044599220683],
      [0.0026648244673, 0.092610535889, 0.030240797691, 0.83870254434, 0.035781297608],
      [0.0015275862968, 0.7740983107, 0.08650485488, 0.1202242392, 0.017645008916],
      [0.0073793288302, 0.074355010386, 0.68741515354, 0.18914094525, 0.041709561997],
      [0.13006453886, 0.030353609807, 0.59776383749, 0.21842574053, 0.023392273316],
      [0.0089760634328, 0.058224248209, 0.064320749046, 0.8182190082, 0.050259931108],
      [0.058056224689, 0.058857760664, 0.026931189061, 0.64115387338, 0.2150009522]
    ],
    [
      [0.014616302047, 0.094828394767, 0.12700859983, 0.69860409224, 0.064942611113],
      [0.0071381128379, 0.052456614979, 0.035746701025, 0.85083456537, 0.053824005783],
      [0.0027710039081, 0.70754045132, 0.10294191121, 0.15449586237, 0.032250771197],
      [0.0086533738586, 0.056404932077, 0.67328052621, 0.19911191931, 0.062549248544],
      [0.13571884885, 0.022059865976, 0.58972157933, 0.2179443124, 0.034555393449],
      [0.010042517611, 0.040191160261, 0.061835131014, 0.81576295827, 0.072168232841],
      [0.055053903554, 0.040679405131, 0.022099449158, 0.60464377722, 0.27752346493]
    ],
    [
      [0.013393275022, 0.097439076435, 0.13653774223, 0.71562965789, 0.037000248418],
      [0.0050640985751, 0.061464274893, 0.040169094904, 0.86377611996, 0.02952641167],
      [0.0021223666131, 0.71573839452, 0.11118928893, 0.15325954154, 0.0176904084],
      [0.0075201912128, 0.056563952305, 0.70672034818, 0.1951859316, 0.034009576703],
      [0.12328209235, 0.020223481235, 0.6182732387, 0.21925042253, 0.018970765189],
      [0.0095355887396, 0.045005889255, 0.071723813904, 0.83241697943, 0.041317728667],
      [0.058955890302, 0.049195310515, 0.029497396283, 0.68450323018, 0.17784817272]
    ],
    [
      [0.017974608208, 0.074201273899, 0.156880231, 0.68063490511, 0.070308981782],
      [0.009016182442, 0.034123237585, 0.061644651141, 0.83669108695, 0.05852484188],
      [0.0036884722621, 0.66216146717, 0.14013414454, 0.15698893268, 0.037026983348],
      [0.0090599374559, 0.036681743876, 0.73209961879, 0.16440889911, 0.057749800768],
      [0.15466212752, 0.013961210551, 0.62338216851, 0.17681960566, 0.031174887763],
      [0.012407186834, 0.029938936404, 0.079783215331, 0.79932435716, 0.078546304271],
      [0.068326213072, 0.032323625849, 0.028677755697, 0.56579208513, 0.30488032025]
    ],
    [
      [0.0047397238315, 0.17888043402, 0.16585567985, 0.62745473965, 0.023069422647],
      [0.0017537907761, 0.14358184824, 0.070324400212, 0.76690220037, 0.017437760401],
      [0.00053238274455, 0.81941943713, 0.088862362463, 0.083876569974, 0.0073092476875],
      [0.0021506160917, 0.097259074033, 0.73850940861, 0.14350240763, 0.018578493635],
      [0.045347506097, 0.040837412741, 0.71773171568, 0.18430018685, 0.011783178634],
      [0.0035419695476, 0.088934706704, 0.091393659208, 0.78805595831, 0.028073706226],
      [0.024844612845, 0.10019345267, 0.040436499472, 0.70034138216, 0.13418405285]
    ],
    [
      [0.02303221653, 0.10302116963, 0.18110965649, 0.64628338225, 0.046553575106],
      [0.013239693639, 0.069455998788, 0.088270770733, 0.79079055856, 0.038242978276],
      [0.0043503068746, 0.71050687788, 0.13918353654, 0.12494649803, 0.021012780673],
      [0.011199793348, 0.050594919282, 0.75660768483, 0.14525358631, 0.036344016234],
      [0.16504250303, 0.018181459821, 0.63909108787, 0.15816560098, 0.019519348308],
      [0.016549776486, 0.048349318646, 0.097493699862, 0.78389539415, 0.053711810852],
      [0.092042250845, 0.049207619139, 0.037855314645, 0.60375857361, 0.21713624176]
    ],
    [
      [0.0058734767093, 0.10993199667, 0.17394864477, 0.65787766367, 0.052368218183],
      [0.0027798594359, 0.078775021694, 0.074906737061, 0.80099745059, 0.042540931216],
      [0.0010018264091, 0.7217211403, 0.12978384707, 0.12449727179, 0.02299591443],
      [0.0028899968943, 0.055717584288, 0.74737416251, 0.15220126661, 0.041816989695],
      [0.049507187609, 0.023367346844, 0.71477204066, 0.18692537781, 0.02542804707],
      [0.0042186321789, 0.051861447993, 0.092643941908, 0.79123149284, 0.060044485078],
      [0.024806675063, 0.054149961699, 0.0371812807, 0.63361083783, 0.2502512447]
    ],
    [
      [0.02201735125, 0.12557328981, 0.14414349743, 0.63597125117, 0.072294610337],
      [0.01164442807, 0.095684591428, 0.055370558173, 0.77667251168, 0.060627910652],
      [0.0035849188894, 0.75504172882, 0.099593131871, 0.11210684611, 0.02967337431],
      [0.012081090283, 0.071169441131, 0.6890252575, 0.16354609766, 0.064178113432],
      [0.1785763647, 0.026308665358, 0.58325323886, 0.17744744541, 0.034414285675],
      [0.015719706507, 0.059469598593, 0.076553157871, 0.76551676355, 0.082740773479],
      [0.080236248009, 0.054352942916, 0.02661888686, 0.53823853046, 0.30055339176]
    ],
    [
      [0.0062108009812, 0.11630342081, 0.12203220341, 0.73047617558, 0.024977399216],
      [0.0014118595371, 0.081006237746, 0.022397191293, 0.87608487195, 0.019099839477],
      [0.00077744973828, 0.76035046233, 0.088090214702, 0.14008000433, 0.010701868903],
      [0.003703047675, 0.073096745298, 0.68611574697, 0.21235099556, 0.024733464499],
      [0.067371767663, 0.029826313333, 0.63702716428, 0.25120469798, 0.014570056741],
      [0.0043493473228, 0.053251982839, 0.062708155558, 0.85179815856, 0.027892355721],
      [0.029633628104, 0.061286457479, 0.027568571001, 0.75072823806, 0.13078310536]
    ],
    [
      [0.0077338406723, 0.10422998406, 0.086782763238, 0.75572134524, 0.045532066797],
      [0, 0.043618892907, 0, 0.92183715236, 0.034543954731],
      [0.00081457989372, 0.74992022883, 0.060454543158, 0.16756117748, 0.021249470645],
      [0.0081448119642, 0.13199159842, 0.5273352597, 0.27895791372, 0.053570416197],
      [0.0970807971, 0.030258050052, 0.54047080612, 0.30153780619, 0.030652540545],
      [0.0050890937223, 0.045839441887, 0.039558141572, 0.8601452953, 0.049368027515],
      [0.03248274214, 0.048595988445, 0.013501966869, 0.69313581767, 0.21228348488]
    ],
    [
      [0.015646859772, 0.13509222752, 0.11805472996, 0.67189866533, 0.059307517409],
      [0.0067036361891, 0.10395623753, 0.02668925469, 0.81479871818, 0.047852153414],
      [0.0022033518055, 0.78556268831, 0.07606370874, 0.11330746161, 0.022862789539],
      [0.0093350842239, 0.085651744153, 0.65225452574, 0.19426816463, 0.058490481259],
      [0.1531754637, 0.032385674548, 0.56871080803, 0.21351453405, 0.032213519672],
      [0.010786270602, 0.064611557586, 0.057004300203, 0.80044967007, 0.067148201539],
      [0.061419617051, 0.061118930727, 0.021130008717, 0.5932496336, 0.26308180991]
    ],
    [
      [0.007230467076, 0.12868577643, 0.13445040751, 0.69760913959, 0.032024209392],
      [0.0017184529323, 0.098839218155, 0.033868091202, 0.84100927212, 0.024564965587],
      [0.00069943176728, 0.77476602688, 0.089290540925, 0.12267317669, 0.012570823737],
      [0.0039386387402, 0.075375412243, 0.70468966072, 0.18664363375, 0.029352654545],
      [0.0746985872, 0.03178942728, 0.65407003279, 0.2221870847, 0.017254868035],
      [0.0051300864727, 0.060242009683, 0.069760990885, 0.82843384332, 0.036433069637],
      [0.034469693952, 0.066232166352, 0.02851722654, 0.70417039675, 0.1666105164]
    ],
    [
      [0.0069293174391, 0.069492831536, 0.10574241619, 0.77230103432, 0.045534400518],
      [0.001348773185, 0.030750787949, 0.0035938786901, 0.92905082953, 0.035255730648],
      [0.0014015003239, 0.6644425269, 0.10845941365, 0.19909571603, 0.026600843101],
      [0.0043430992913, 0.045131075457, 0.65767570099, 0.24476529788, 0.048084826378],
      [0.07975002028, 0.016940750756, 0.59750787228, 0.27811475269, 0.027686603991],
      [0.004642330006, 0.029777193153, 0.051283233231, 0.8654306236, 0.048866620012],
      [0.02971540035, 0.031924904285, 0.017421877477, 0.70874874617, 0.21218907172]
    ],
    [
      [0, 0.13298981457, 0.1149188911, 0.70005493832, 0.052036356021],
      [0, 0.099406341878, 0.027934070665, 0.83245884762, 0.04020073984],
      [0, 0.78184697401, 0.076292172737, 0.12132184148, 0.020539011771],
      [0, 0.086614831706, 0.65182485853, 0.2083432366, 0.053217073163],
      [0, 0.038154393624, 0.65961272922, 0.26804850926, 0.034184367892],
      [0, 0.061453120759, 0.05906406898, 0.82124265358, 0.058240156682],
      [0, 0.064435660438, 0.023683120631, 0.66496661517, 0.24691460376]
    ],
    [
      [0.010351816749, 0.12808003031, 0.17053966663, 0.67931686837, 0.011711617933],
      [0.0042166302605, 0.099251657764, 0.069947895222, 0.81765028901, 0.0089335277475],
      [0.001388179286, 0.76761695279, 0.11297023942, 0.11353925386, 0.0044853746411],
      [0.0049632888685, 0.067318122652, 0.76028881186, 0.15801930524, 0.0094104713876],
      [0.089122434294, 0.026985699769, 0.69240641702, 0.18601610754, 0.0054693413864],
      [0.0073744556734, 0.061446480738, 0.091052744217, 0.82657236153, 0.013553957843],
      [0.05212765534, 0.073298688725, 0.042265936007, 0.76462435655, 0.067683363377]
    ],
    [
      [0.041723886849, 0.12425834065, 0.030670610939, 0.70732627927, 0.096020882289],
      [0, 0.088022189754, 0, 0.83775216436, 0.074225645889],
      [0.0037027477719, 0.78182730902, 0.034223649528, 0.14041216891, 0.039834124767],
      [0.017262758434, 0.097651634704, 0.5015623415, 0.26382193132, 0.11970133404],
      [0.27353327043, 0.031778564415, 0.3971221346, 0.2395499613, 0.058016069246],
      [0.015291233614, 0.05516876329, 0.027499257449, 0.79666061515, 0.1053801305],
      [0.07623485574, 0.044918081383, 0.010407659346, 0.50101942089, 0.36741998264]
    ],
    [
      [0.013556898009, 0.10256292973, 0.15421422474, 0.71380574328, 0.015860204244],
      [0.0052151702548, 0.067655640356, 0.059116229227, 0.85622537342, 0.011787586746],
      [0.0020263052524, 0.74004844154, 0.1153875943, 0.1356586827, 0.0068789762133],
      [0.0071358083887, 0.055032184344, 0.7509766327, 0.17325997676, 0.013595397807],
      [0.12650924236, 0.020612767433, 0.65164466705, 0.19375463946, 0.0074786836966],
      [0.0095977635813, 0.046946738593, 0.080086961537, 0.84512420098, 0.018244335311],
      [0.068477051477, 0.055514233998, 0.035250109251, 0.7504104768, 0.090348128473]
    ],
    [
      [0, 0, 0.13296286801, 0.82278837644, 0.04424875555],
      [0, 0, 0.0072573082868, 0.96182138827, 0.030921303443],
      [0, 0, 0.38348524254, 0.54636101218, 0.070153745283],
      [0, 0, 0.77076061567, 0.19104604104, 0.038193343285],
      [0, 0, 0.67455365425, 0.30470408381, 0.02074226194],
      [0, 0, 0.01862497522, 0.93722458067, 0.044150444111],
      [0, 0, 0.0036272420935, 0.75557315828, 0.24079959963]
    ],
    [
      [0.010818153257, 0.055432622067, 0.17073544721, 0.72422256623, 0.038791211237],
      [0.0053220219459, 0.0088029955068, 0.067475307617, 0.88778911246, 0.030610562466],
      [0.0026031213072, 0.59566922385, 0.17849030719, 0.19937615623, 0.02386119142],
      [0.0053138323626, 0.028910442496, 0.76713977844, 0.16770758214, 0.030928364563],
      [0.09017759845, 0.011102643466, 0.6887205073, 0.19227890025, 0.017720350534],
      [0.0074372584287, 0.022286341512, 0.086990922141, 0.84029325061, 0.042992227306],
      [0.046653574449, 0.024830715144, 0.03573580198, 0.70149633115, 0.19128357728]
    ],
    [
      [0, 0.18521269054, 0.15454321177, 0.60280857347, 0.057435524219],
      [0, 0.13829963147, 0.049739834383, 0.76661410555, 0.045346428594],
      [0, 0.88039466509, 0.055372705287, 0.052347774427, 0.0118848552],
      [0, 0.089134346341, 0.7325327441, 0.13397920373, 0.044353705828],
      [0, 0.040776053877, 0.74995071388, 0.18045419601, 0.02881903623],
      [0, 0.088597407935, 0.081527439741, 0.76126797558, 0.068607176742],
      [0, 0.088430110544, 0.028265260133, 0.5784248529, 0.30487977642]
    ],
    [
      [0, 0.067360151802, 0.29724106626, 0.61878887478, 0.016609907162],
      [0, 0.01012842738, 0.23655765155, 0.74122402863, 0.012089892444],
      [0, 0.56349619215, 0.31290507272, 0.11567999611, 0.0079187390237],
      [0, 0.00099156924214, 0.92528970013, 0.065828006584, 0.0078907240414],
      [0, 0.0090282660087, 0.86365458623, 0.12167404512, 0.005643102646],
      [0, 0.028350405331, 0.17521490615, 0.77667762012, 0.019757068403],
      [0, 0.039643268609, 0.0900926553, 0.76283495841, 0.10742911768]
    ],
    [
      [0.022824217215, 0.097227852524, 0.0945854561, 0.78536247416, 0],
      [0, 0.057061226598, 0, 0.9429387734, 0],
      [0.0027274398296, 0.86699682234, 0.047368991009, 0.082906746826, 0],
      [0.013457417389, 0.062869503094, 0.68288978091, 0.2407832986, 0],
      [0.26110875803, 0.04439326583, 0.46015409365, 0.23434388249, 0],
      [0.015930621011, 0.041176515713, 0.046746140702, 0.89614672257, 0],
      [0.12817983569, 0.048959162773, 0.017841104321, 0.80501989722, 0]
    ],
    [
      [0, 0.084770071838, 0.22405479262, 0.66318236254, 0.027992773005],
      [0, 0.057806925644, 0.11124298894, 0.80922507102, 0.021725014393],
      [0, 0.67256409846, 0.17808659032, 0.13580340134, 0.013545909878],
      [0, 0.035525305028, 0.82012072628, 0.12563747446, 0.018716494232],
      [0, 0.015678966854, 0.80979490517, 0.16258979147, 0.011936336504],
      [0, 0.039267994024, 0.12107632315, 0.80709515491, 0.032560527919],
      [0, 0.048005654183, 0.05432963496, 0.73468293007, 0.16298178079]
    ],
    [
      [0.060375458451, 0, 0.24074196206, 0.44280432935, 0.25607825014],
      [0.068217902457, 0, 0.23343910551, 0.49493703917, 0.20340595287],
      [0.028185347973, 0, 0.49395862244, 0.20053432645, 0.27732170314],
      [0.023646946388, 0, 0.84565073397, 0.020251843329, 0.11045047631],
      [0.35174072189, 0, 0.610296422, 0, 0.037962856112],
      [0.041243998728, 0, 0.1204437475, 0.54216554259, 0.29614671118],
      [0.025870107628, 0, 0.004159551944, 0.036056890332, 0.9339134501]
    ],
    [
      [0.012156987376, 0.18905065344, 0.12735773198, 0.64501984308, 0.026414784123],
      [0.0047593853239, 0.17017623392, 0.03352073409, 0.77130098498, 0.020242661683],
      [0.00051089998237, 0.8453115016, 0.063753310512, 0.082411052715, 0.0080132351941],
      [0.006315596468, 0.12597040655, 0.68092028086, 0.1626912686, 0.024102447528],
      [0.11862969227, 0.044942783794, 0.62313695087, 0.19912045074, 0.01417012233],
      [0.0088602085562, 0.096641042502, 0.066880064649, 0.79633447231, 0.031284211987],
      [0.058839777002, 0.093694386233, 0.028737454356, 0.67807765586, 0.14065072655]
    ],
    [
      [0.01694353608, 0.069526122514, 0.15755635592, 0.71147126402, 0.044502721467],
      [0.0086602976135, 0.028423033127, 0.062122012676, 0.86457243106, 0.036222225524],
      [0.0036627783192, 0.64958886032, 0.14430702579, 0.17809393085, 0.02434740472],
      [0.0089238465361, 0.026988503709, 0.73536058283, 0.19061270116, 0.038114365759],
      [0.14014132324, 0.012687834345, 0.63313854128, 0.19345019036, 0.020582110766],
      [0.011760500792, 0.025697426512, 0.080353308683, 0.83257239714, 0.049616366871],
      [0.069346721962, 0.035446441663, 0.032391639079, 0.65479289241, 0.20802230489]
    ],
    [
      [0.0078493219484, 0.11874079667, 0.13246787592, 0.67770681737, 0.063235188091],
      [0.0030934149532, 0.085448816145, 0.035344130272, 0.8249252286, 0.051188410026],
      [0.0011949414105, 0.75669008905, 0.092587791037, 0.12318275245, 0.026344426059],
      [0.0043686328505, 0.070338243626, 0.68051478639, 0.18581031613, 0.05896802101],
      [0.078042231493, 0.028861686636, 0.63810028118, 0.21999736157, 0.034998439124],
      [0.005317053436, 0.055090225997, 0.064607891994, 0.80376859821, 0.071216230366],
      [0.031079081238, 0.054107557226, 0.024653872138, 0.60586708987, 0.28429239953]
    ],
    [
      [0, 0.12974551977, 0.14598974911, 0.69704964335, 0.027215087772],
      [0, 0.10076654268, 0.044131799513, 0.83509234901, 0.020009308793],
      [0, 0.7785803985, 0.093498331446, 0.1176812367, 0.010240033352],
      [0, 0.073732073693, 0.72424903067, 0.17814253739, 0.02387635824],
      [0, 0.032393333971, 0.72395990068, 0.22842183635, 0.015224929003],
      [0, 0.060862588113, 0.075755906447, 0.83244624853, 0.030935256905],
      [0, 0.071019532211, 0.033060524742, 0.74541275596, 0.15050718709]
    ],
    [
      [0, 0.19674907007, 0.15281684927, 0.59479378679, 0.055640293875],
      [0, 0.18968571535, 0.051409938315, 0.71503615927, 0.043868187064],
      [0, 0.84592847351, 0.073873382111, 0.064329098396, 0.015869045988],
      [0, 0.13264962659, 0.70013316171, 0.12220532968, 0.045011882018],
      [0, 0.04752184724, 0.73227608267, 0.18965742554, 0.030544644549],
      [0, 0.1084384369, 0.08067603242, 0.74467805515, 0.066207475526],
      [0, 0.093521102336, 0.033414023401, 0.59325453138, 0.27981034289]
    ],
    [
      [0, 0, 0.51129562796, 0.48870437204, 0],
      [0, 0, 0.32580291469, 0.67419708531, 0],
      [0, -0, 0.76408618802, 0.23591381198, 0],
      [0, 0, 1, 0, 0],
      [2.0816681712e-17, 0, 0.95469301187, 0.045306988127, 0],
      [0, 0, 0.22537002696, 0.77462997304, 0],
      [0, 0, 0.12860096467, 0.87139903533, 0]
    ],
    [
      [0, 0.089074689461, 0.3008759835, 0.58070535461, 0.029343972422],
      [0, 0.058104197149, 0.23524296325, 0.68507455108, 0.021578288528],
      [0, 0.64430950282, 0.23365729889, 0.10861647729, 0.013416720997],
      [0, 0.025951472517, 0.9089649949, 0.050638423341, 0.014445109244],
      [0, 0.013187499496, 0.86006238576, 0.11643459331, 0.010315521429],
      [0, 0.042844154059, 0.18041860512, 0.74115482264, 0.035582418187],
      [0, 0.052876768932, 0.084693968241, 0.68628220133, 0.1761470615]
    ],
    [
      [0.012261005729, 0.061690036046, 0.093286387183, 0.81756860236, 0.015193968679],
      [0.0038974458648, 0.027768736815, 0.011572829822, 0.94590128912, 0.010859698378],
      [0.0031822504425, 0.64171630219, 0.10903965667, 0.23589790036, 0.010163890347],
      [0.0091969851301, 0.047720376468, 0.63681574786, 0.28784854133, 0.018418349211],
      [0.1388280531, 0.017293758059, 0.52966664264, 0.30447914823, 0.0097323979674],
      [0.0078069514948, 0.024401682344, 0.041534785081, 0.91022742896, 0.016029152124],
      [0.054808031918, 0.031754798783, 0.019637473311, 0.81767721967, 0.076122476314]
    ],
    [
      [6.9388939039e-17, 0, 0.71336976545, 0.23727117349, 0.04935906106],
      [0, 0, 0.3449289556, 0.5608235448, 0.094247499603],
      [4.1633363423e-17, -0, 0.7872566474, 0.12160983545, 0.091133517144],
      [0, 0, 0.99947795894, 0, 0.00052204105583],
      [2.2551405188e-17, 0, 0.96156677091, 0.024864941012, 0.013568288082],
      [0, 0, 0.37604555583, 0.4948490934, 0.12910535077],
      [0, 0, 0.13943823328, 0.23251384133, 0.62804792539]
    ],
    [
      [0.025884453456, 0.11901012236, 0.035101250114, 0.6936593652, 0.12634480888],
      [0, 0.037693166716, 0, 0.86686631121, 0.095440522071],
      [0.0039982441322, 0.84711363119, 0.026722346459, 0.08444308154, 0.037722696675],
      [0, 0.1902495691, 0.3240862222, 0.30770102087, 0.17796318783],
      [0.37565322225, 0.032292596663, 0.24950244164, 0.26939165651, 0.073160082937],
      [0.014693509462, 0.051109045651, 0.00891764348, 0.78829846847, 0.13698133293],
      [0.092886702973, 0.035560367577, 0.0069057752482, 0.40493283681, 0.45971431739]
    ],
    [
      [0, 0.073587338981, 0, 0.89939888054, 0.027013780484],
      [0, 0, 0, 0.98324686766, 0.016753132339],
      [3.2011855554e-18, 0.75106508657, 0, 0.23555973987, 0.013375173562],
      [0, 0.14932321771, 0.27077256273, 0.52787980073, 0.052024418824],
      [0, 0.041865807436, 0.37213296203, 0.55392597042, 0.032075260118],
      [1.734723476e-16, 0.03755185451, 0.017569757203, 0.91506115562, 0.029817232666],
      [0, 0.040692994022, 0.0032316615768, 0.80418847496, 0.15188686944]
    ],
    [
      [0.015868351708, 0.096049623666, 0.098349220984, 0.74979009897, 0.039942704672],
      [0, 0.052176687571, 0, 0.91721241233, 0.030610900095],
      [0.0028444677892, 0.74019860326, 0.076042746263, 0.16181543366, 0.019098749032],
      [0.027445483793, 0.074061442325, 0.59118832898, 0.26277513119, 0.04452961371],
      [0.17668937138, 0.024369886953, 0.52185295391, 0.25384893093, 0.023238856828],
      [0.010716596546, 0.042749959874, 0.050192834233, 0.85292908235, 0.043411526997],
      [0.065662558116, 0.043184804303, 0.011207423477, 0.69178136816, 0.18816384594]
    ],
    [
      [0, 0.048559580644, 0.23908243716, 0.7123579822, 0],
      [0, 0.016362351615, 0.11992858358, 0.86370906481, 0],
      [0, 0.6376031687, 0.2074304353, 0.154966396, 0],
      [0, 0.014449129725, 0.87450885023, 0.11104202005, 0],
      [0, 0.0085493971478, 0.84700806393, 0.14444253892, 0],
      [0, 0.02027933269, 0.12347365029, 0.85624701702, 0],
      [0, 0.035481363133, 0.062360509144, 0.90215812772, 0]
    ],
    [
      [0.015025109429, 0.18255970167, 0.12647384339, 0.60612862999, 0.069812715527],
      [0.0063694514337, 0.16791844953, 0.031300150717, 0.73767081775, 0.056741130573],
      [0.0015126065394, 0.840496653, 0.061545288909, 0.075757433761, 0.02068801779],
      [0.0081075714474, 0.11543705623, 0.65562237481, 0.15687024686, 0.063962750645],
      [0.14903500668, 0.042527385392, 0.58869025511, 0.18346395414, 0.036283398674],
      [0.010782937751, 0.092960899178, 0.065386346397, 0.74886904891, 0.082000767762],
      [0.059125900332, 0.082351401525, 0.021805716833, 0.52485511946, 0.31186186184]
    ],
    [
      [0.01854526153, 0, 0.15335597957, 0.76703446564, 0.061064293253],
      [0.0089005930469, 0, 0.035691400497, 0.90843472731, 0.046973279145],
      [0.011043424297, 0, 0.39930701327, 0.49730505202, 0.092344510417],
      [0.0097776497146, 0, 0.74148036666, 0.19618777178, 0.052554211843],
      [0.16042970238, 0, 0.61152342344, 0.20067613387, 0.027370740316],
      [0.012096036034, 0, 0.073480281414, 0.85006384822, 0.064359834334],
      [0.07016498259, 0, 0.025646370271, 0.64064668439, 0.26354196275]
    ],
    [
      [0, 0.12546680194, 0.14115879202, 0.70779503958, 0.025579366453],
      [0, 0.094196023443, 0.037962411939, 0.84826907355, 0.019572491073],
      [0, 0.77822953534, 0.09021799022, 0.12173060988, 0.0098218645617],
      [0, 0.071846906469, 0.72285625956, 0.18272200417, 0.022574829795],
      [0, 0.030944988325, 0.72389046219, 0.23081243585, 0.014352113631],
      [0, 0.057313845953, 0.075157498707, 0.83852069642, 0.029007958922],
      [0, 0.06755610171, 0.032931910822, 0.75184319532, 0.14766879215]
    ],
    [
      [0, 0.10357694017, 0.15852731826, 0.68474238626, 0.053153355312],
      [0, 0.070686056343, 0.061560319567, 0.82569234393, 0.042061280159],
      [0, 0.7222118476, 0.12105368498, 0.13285281854, 0.023881648883],
      [0, 0.054757395082, 0.73494383099, 0.16586805301, 0.044430720925],
      [0, 0.024122944788, 0.73442476848, 0.21315297061, 0.028299316126],
      [0, 0.047581765593, 0.082094678999, 0.81049005595, 0.059833499459],
      [0, 0.050562213606, 0.033286727065, 0.6580202519, 0.25813080743]
    ],
    [
      [0, 0.10599341443, 0.13321246919, 0.64100569177, 0.11978842461],
      [0, 0.072457918002, 0.039805975277, 0.78687375348, 0.10086235324],
      [0, 0.71941553315, 0.098470145036, 0.12780692435, 0.054307397462],
      [0, 0.058798311866, 0.6615844188, 0.17183977242, 0.10777749692],
      [0, 0.027151549424, 0.68649664985, 0.21716928417, 0.06918251656],
      [0, 0.048091222232, 0.066818089159, 0.75151266281, 0.1335780258],
      [0, 0.041156654124, 0.021860127931, 0.48393659177, 0.45304662617]
    ],
    [
      [0, 0, 0.14239776407, 0.78068412617, 0.076918109764],
      [0, 0, 0.031181965359, 0.91025053796, 0.058567496676],
      [0, 0, 0.37908361675, 0.50429396983, 0.11662241342],
      [0, 0, 0.74220862813, 0.19270936639, 0.065082005477],
      [0, 0, 0.7234163884, 0.2364345047, 0.040149106895],
      [0, 0, 0.064177657645, 0.85579726817, 0.080025074189],
      [0, 0, 0.023743575301, 0.6261433322, 0.3501130925]
    ],
    [
      [0.065933408397, 0.084079360677, 0.15677844094, 0.65709565747, 0.036113132518],
      [0.037503321241, 0.047767530431, 0.066875718961, 0.81752388255, 0.030329546822],
      [0.013403594053, 0.69296900078, 0.13334554787, 0.1422426739, 0.018039183398],
      [0.034105668059, 0.042549449439, 0.73378869172, 0.15946470402, 0.030091486763],
      [0.41298225962, 0.011818483745, 0.44165997806, 0.12207060621, 0.011468672363],
      [0.046546520924, 0.039278146514, 0.082917241631, 0.78997407682, 0.041284014111],
      [0.24498455854, 0.03612840991, 0.028286262228, 0.53628214471, 0.15431862461]
    ],
    [
      [0.015350699003, 0.11962454467, 0.20059611027, 0.62233388852, 0.042094757532],
      [0.0081451958543, 0.089271948539, 0.10992538428, 0.75909166703, 0.033565804303],
      [0.0024197461116, 0.73959535663, 0.13596524351, 0.10531088527, 0.016708768476],
      [0.0068084928577, 0.054620791268, 0.78375367648, 0.12481990068, 0.029997138709],
      [0.11183065755, 0.021554711332, 0.70137844453, 0.14802605782, 0.017210128764],
      [0.011235312967, 0.057742350242, 0.10950489271, 0.77183432459, 0.049683119487],
      [0.066619506979, 0.060295651387, 0.046031955916, 0.61604473021, 0.2110081555]
    ],
    [
      [0.015438349341, 0.097087383003, 0.1265042297, 0.71770060635, 0.043269431609],
      [0.0067519223709, 0.053482113506, 0.027006884673, 0.87822418867, 0.034534890782],
      [0.002682302894, 0.71747792809, 0.098332231328, 0.16044784944, 0.021059688252],
      [0.0090593670415, 0.056672827672, 0.67900526134, 0.21294781143, 0.042314732515],
      [0.14622699667, 0.021921860147, 0.5850801239, 0.22381888249, 0.022952136787],
      [0.01044015189, 0.040984064573, 0.059408547407, 0.84117809367, 0.047989142457],
      [0.063098647791, 0.044335527561, 0.02237581601, 0.66865511784, 0.2015348908]
    ],
    [
      [0.024129111628, 0.14033367054, 0.16722754866, 0.65946809597, 0.0088415731993],
      [0.011593046598, 0.10958765349, 0.07283823244, 0.79920421111, 0.0067768563618],
      [0.003401827746, 0.7867726424, 0.10377967127, 0.10284630064, 0.0031995579386],
      [0.012039593747, 0.075101388542, 0.75077684854, 0.15488877988, 0.0071933892891],
      [0.18590190347, 0.027122806368, 0.61762403186, 0.16556374173, 0.0037875165769],
      [0.017496059581, 0.068491707619, 0.090842422601, 0.81281541762, 0.010354392575],
      [0.11568643494, 0.077713268987, 0.040198074338, 0.71749269186, 0.048909529873]
    ],
    [
      [0.0098605799539, 0.038806553116, 0.20066001482, 0.69799214457, 0.052680707547],
      [0.0051441263227, 0.013951018844, 0.095683299892, 0.84280178216, 0.042419772785],
      [0.0029371665447, 0.47570083824, 0.255930908, 0.22582561937, 0.039605467848],
      [0.0044305064985, 0.015579312048, 0.79470459839, 0.14703735533, 0.038248227726],
      [0.074813666584, 0.0063044313187, 0.72439773232, 0.17227787027, 0.022206299501],
      [0.0068081940053, 0.015852356155, 0.10425622849, 0.81459514772, 0.05848807363],
      [0.040469322089, 0.018825542312, 0.041366896997, 0.64990132869, 0.24943690991]
    ],
    [
      [0, 0.070670682946, 0.2177638348, 0.69280488461, 0.018760597651],
      [0, 0.032233263688, 0.11991118217, 0.83300311258, 0.014852441565],
      [0, 0.62906497128, 0.20153711075, 0.15931910545, 0.010078812515],
      [0, 0.025086602486, 0.82759132133, 0.13451637706, 0.012805699127],
