{
  "Z_true": {},
  "V_true": [
    [33, 541, 61, 161, 1197, 28],
    [301, 438, 262, 278, 11178, 121],
    [180, 153, 1001, 14459, 2360, 257],
    [536, 15, 31, 155, 718, 25],
    [107, 106, 362, 917, 907, 421]
  ],
  "p_true": [
    [0.0163, 0.2677, 0.0302, 0.0797, 0.5923, 0.0139],
    [0.0239, 0.0348, 0.0208, 0.0221, 0.8887, 0.0096],
    [0.0098, 0.0083, 0.0544, 0.7854, 0.1282, 0.014],
    [0.3622, 0.0101, 0.0209, 0.1047, 0.4851, 0.0169],
    [0.0379, 0.0376, 0.1284, 0.3252, 0.3216, 0.1493]
  ],
  "Z_est": [
    [
      [3.6768, 3.5374, 3.0494, 0.4489, 0.6625, 2.0213, 0.2952, 0, 0, 2.2642, 5.633, 3.1765, 8.5069, 8.2267, 6.3909, 5.5955, 0.6625, 1.2062, 1.0978, 14.1306, 3.7564, 0.122, 0, 0.5721, 0.7124, 3.318, 12.3749, 6.5836, 15.003, 3.9463, 6.2628, 2.2263, 3.5352, 2.7655, 3.9371, 1.0978, 1.7384, 2.4897, 0.5677, 0.1794, 2.5111, 2.3032, 8.6684, 4.1575, 17.6977, 0.6099, 10.3524, 2.1682],
      [14.4137, 29.9347, 31.003, 2.723, 5.8276, 10.2081, 1.2959, 0.9073, 0.9036, 10.9781, 13.582, 13.1316, 25.7096, 36.2868, 33.7323, 24.9909, 8.2073, 9.5372, 36.3062, 68.2072, 38.2973, 4.5553, 3.2829, 4.409, 2.3699, 11.3056, 29.243, 37.1706, 54.5953, 16.2494, 26.8266, 7.3084, 20.0665, 14.2292, 54.7313, 12.5974, 12.7723, 10.9463, 2.3699, 5.1602, 28.0406, 15.5015, 39.8028, 2.7473, 69.1936, 9.1484, 113.3086, 20.0665],
      [1.5295, 5.2578, 5.2186, 0.3084, 0.1986, 0.7733, 0.0653, 0.1212, 0, 1.3108, 1.4788, 1.2985, 2.3907, 2.7744, 2.8699, 2.4403, 1.0652, 0.9681, 2.4402, 0.6149, 3.4474, 0.2396, 0.4564, 0.3743, 0.2306, 0.6501, 2.5175, 2.2054, 4.6447, 1.3738, 1.9992, 3.0676, 1.602, 1.9, 8.2692, 2.7745, 1.1476, 0.675, 0, 0.2836, 1.6669, 1.1562, 3.2107, 0.3141, 6.2649, 0.7628, 7.3046, 1.1189],
      [1.6915, 3.6879, 1.2832, 0.3608, 0.1833, 0.3895, 0.0458, 0.6685, 0.1704, 6.3691, 9.0816, 0.5499, 1.0312, 3.5257, 3.9184, 2.8623, 1.8613, 0.3666, 11.08, 11.1305, 3.62, 0.3328, 0.2744, 0.3101, 0.0917, 0.8488, 5.8902, 1.8925, 7.459, 2.2986, 1.6528, 1.5162, 2.0119, 1.628, 5.6876, 1.3795, 3.0648, 1.5917, 0.0917, 0.1604, 1.7876, 2.8013, 4.8769, 0.3154, 11.8517, 1.8296, 3.8038, 5.4198],
      [5.6755, 15.8843, 11.4728, 3.9405, 0.5336, 2.4553, 0.1334, 2.0441, 3.926, 12.7482, 8.5887, 3.9414, 3.0014, 7.7886, 7.8343, 7.7031, 2.2156, 2.8864, 15.5165, 29.3748, 15.3615, 0.8911, 1.5631, 2.1009, 0.2668, 2.3738, 17.9643, 3.8018, 26.5789, 6.4068, 11.5658, 8.9322, 6.755, 4.0148, 25.5976, 8.459, 4.3276, 4.8052, 0.5025, 0.4669, 15.3024, 4.3561, 22.0963, 0.667, 31.5304, 7.0985, 19.4066, 6.6986],
      [1.013, 3.6981, 3.9728, 0.2184, 0.5944, 1.1524, 0.1643, 0.2588, 0, 2.3296, 2.6357, 1.902, 4.3602, 5.3978, 4.2542, 3.4079, 0.9881, 1.0354, 3.5592, 8.542, 4.5175, 0.8592, 0.4232, 0.2337, 0.3286, 1.5036, 6.01, 5.3461, 10.7192, 4.725, 5.6928, 1.9493, 4.0293, 2.4626, 6.7773, 0.6919, 1.9493, 0.4921, 0.4682, 0.7496, 3.6914, 1.8817, 7.3449, 1.7987, 11.4617, 1.5509, 11.8239, 2.5279]
    ],
    [
      [2.8594, 3.723, 3.2095, 0.2568, 0.5135, 1.844, 0.8165, 0, 0, 1.5133, 2.6921, 2.8039, 9.0528, 7.4937, 5.1351, 5.107, 0.5135, 0.8986, 1.1554, 8.617, 2.4392, 0.1284, 0, 0.5768, 0.7061, 3.6592, 10.2342, 5.7508, 13.7714, 3.3923, 5.4902, 1.8499, 2.6959, 2.1824, 3.8514, 1.1554, 1.1554, 4.033, 1.2387, 1.9614, 1.5405, 1.7643, 7.2651, 10.0535, 15.6244, 0.6419, 7.0386, 0.7061],
      [0.1553, 0.5808, 0.5732, 0.0274, 0.222, 0.2145, 0.3248, 0.0091, 0.0091, 0.1096, 0.137, 0.2052, 0.9564, 0.718, 0.723, 0.5395, 0.1174, 0.1564, 0.4598, 1.39, 0.6543, 0.15, 0.0647, 0.0648, 0.0625, 0.2146, 0.2923, 0.6438, 0.548, 0.1644, 0.4773, 0.0731, 0.4261, 0.1553, 0.9544, 0.2215, 0.2019, 0.1677, 0.0428, 0.4557, 1.663, 0.2257, 0.4575, 0.0274, 1.1184, 0.0913, 1.7271, 0.2543],
      [1.7567, 1.9444, 1.3186, 0.0527, 0.1496, 0.2174, 0.0667, 0.0101, 0, 0.1408, 0.1696, 0.1687, 0.7063, 0.9723, 0.1001, 2.6483, 0.0868, 1.207, 0.1847, 0.0438, 1.0969, 0.0047, 0.0511, 0.5487, 0.449, 0.011, 0.0485, 0.4506, 0.9656, 0.2369, 0.4369, 0.2551, 0.0469, 0.4242, 2.6241, 0.6602, 0.1679, 0.011, 0, 0.0078, 0.025, 0.1376, 0.5831, 0.0047, 1.2712, 0.1187, 0.9075, 0.083],
      [0.7873, 3.0052, 1.4437, 0.1331, 0.2544, 4.5283, 0.1959, 0.0206, 0.0778, 0.3938, 2.5059, 0.2852, 2.6624, 1.5441, 1.9244, 1.3387, 1.2353, 2.3629, 0.6337, 1.0586, 2.6157, 0.2244, 0.1823, 0.0951, 0.7804, 0.4621, 1.1177, 5.6667, 5.5807, 0.483, 0.9378, 1.1853, 0.8557, 0.7568, 4.2026, 1.0227, 0.4321, 0.5368, 2.1305, 1.08, 0.4298, 3.3163, 3.3971, 3.3792, 7.0666, 0.87, 17.983, 0.1696],
      [294.4373, 498.7314, 418.4288, 41.5287, 97.6994, 173.1889, 9.5784, 7.9469, 13.9131, 101.7465, 122.2912, 107.3567, 636.1688, 563.1511, 630.0882, 489.3429, 47.0414, 83.3695, 123.5484, 400.232, 415.6731, 36.4306, 30.6415, 34.7133, 63.9874, 158.5238, 422.6104, 355.8865, 768.8565, 183.2827, 357.0525, 182.2459, 383.8823, 310.9891, 666.3315, 172.9347, 119.8459, 87.2474, 21.4063, 57.396, 137.1084, 92.5452, 461.5269, 112.491, 990.3178, 93.1256, 608.3173, 64.6791],
      [0.0042, 0.0152, 0.0263, 0.0014, 0.1611, 0.0069, 0.0177, 0.0133, 0, 0.096, 0.2043, 0.1804, 2.4533, 3.1208, 0.0291, 0.0235, 0.0055, 0.0055, 0.018, 0.6586, 0.5209, 0.062, 0.0603, 0.0014, 0.0146, 0.1293, 0.697, 0.6016, 1.2778, 0.4406, 0.6053, 0.3909, 1.093, 0.4921, 0.036, 0.0055, 0.1967, 0.0042, 0.1818, 0.0991, 0.2333, 0.0111, 0.7702, 5.0443, 1.6015, 0.1524, 1.0266, 0.1079]
    ],
    [
      [0.8705, 0.0799, 0.0689, 0.102, 0.011, 0.2145, 0.0489, 0, 0, 0.3652, 1.3108, 3.5275, 6.4402, 4.3651, 0.8317, 2.5507, 0.011, 0.0193, 0.0248, 2.3993, 0.0523, 0.0028, 0, 0.1075, 0.4244, 0.4178, 6.6473, 4.4559, 8.3895, 0.8734, 4.1402, 0.1044, 0.0578, 0.8117, 0.0826, 0.0248, 0.0248, 0.6385, 0.2625, 1.3969, 0.033, 0.1552, 0.1845, 3.0304, 2.8865, 0.0138, 2.5884, 0.3034],
      [0.9793, 0.5061, 3.0728, 0, 1.2381, 1.2921, 0.4331, 0, 0, 0, 0, 1.2406, 2.4851, 4.1861, 3.8699, 1.9049, 0.7679, 0.8156, 2.7624, 3.8577, 4.2024, 0.6417, 0.1373, 0.1292, 0.2842, 1.2814, 0, 7.1229, 0, 0, 0.9794, 0, 1.425, 1.071, 3.4322, 0.0239, 0.7008, 0.8256, 0.3311, 1.5626, 0.6648, 1.6531, 0, 0, 0, 0, 24.8701, 1.8226],
      [24.913, 62.0954, 72.6649, 3.3417, 20.6447, 8.4603, 2.0516, 0.5276, 0, 10.6175, 12.6252, 20.5881, 36.5952, 32.7488, 39.6193, 37.5114, 13.8183, 16.4666, 18.8483, 13.0144, 41.946, 1.3944, 4.7448, 5.4529, 13.4009, 3.2536, 14.4088, 19.1596, 43.1613, 12.2038, 14.0333, 24.1187, 17.5069, 39.2664, 103.5979, 14.8561, 14.3692, 3.4, 0, 2.324, 8.3626, 12.0719, 28.5979, 1.3944, 73.6409, 6.1771, 99.7006, 4.2982],
      [195.7575, 421.2324, 789.6592, 33.0426, 251.4294, 284.2681, 10.336, 12.5574, 9.856, 336.5704, 318.6002, 404.3272, 434.3095, 383.4627, 478.3938, 332.869, 189.5975, 174.8721, 519.7134, 621.2449, 378.8236, 31.9583, 25.3794, 23.5364, 70.0115, 72.1506, 793.2306, 406.093, 880.6759, 237.498, 479.7197, 175.4772, 212.2793, 187.799, 609.9045, 141.3486, 350.1526, 73.4722, 77.4479, 75.3876, 105.7785, 256.1424, 540.7395, 110.3625, 1460.299, 118.5778, 834.9664, 137.0309],
      [39.9075, 71.988, 89.9101, 4.323, 19.0981, 24.8113, 0.822, 1.6332, 1.144, 36.7302, 13.3854, 26.4356, 121.1241, 50.4176, 100.1798, 60.8451, 6.0423, 9.0634, 37.1715, 69.816, 52.5423, 4.1053, 3.1931, 2.5832, 12.4976, 7.951, 98.0838, 23.6595, 115.8676, 23.188, 60.5629, 27.0921, 27.2417, 71.6882, 128.0235, 27.9836, 14.7109, 6.0915, 2.2046, 6.2056, 7.7484, 10.4515, 100.2161, 9.9664, 146.8321, 14.7903, 64.7841, 9.9781],
      [0.5722, 2.0982, 3.6241, 0.1907, 4.5787, 0.9537, 0.3083, 0.2818, 0, 1.7167, 2.0783, 2.8809, 9.0459, 8.8197, 4.1055, 4.3189, 0.763, 0.763, 2.4797, 6.6678, 3.4334, 1.8976, 0.5455, 0.1907, 0.3815, 1.9456, 11.6296, 14.5091, 26.9057, 20.2369, 18.5644, 3.2075, 12.4893, 5.3637, 4.9593, 0.763, 3.0416, 0.5722, 1.7539, 2.1234, 5.4126, 1.5259, 17.262, 4.2463, 18.3415, 2.4411, 17.0905, 1.5669]
    ],
    [
      [10.9272, 21.4614, 18.5012, 1.1115, 2.7856, 8.3499, 0.7809, 0, 0, 6.3007, 9.8019, 10.7327, 37.4498, 32.4481, 25.9807, 21.6946, 2.7856, 4.828, 6.127, 34.442, 12.6222, 0.74, 0, 1.6672, 2.9663, 13.9073, 38.5197, 23.9037, 57.8384, 15.9566, 22.7922, 8.3499, 14.2963, 10.3853, 21.9237, 6.6604, 5.5643, 8.5167, 0.8211, 5.5574, 7.4191, 8.1624, 35.456, 8.3121, 74.7952, 3.7002, 27.787, 1.6314],
      [0.0178, 0.0543, 0.0515, 0.0019, 0.0066, 0.0178, 0.0009, 0.0009, 0.0009, 0.0112, 0.0122, 0.015, 0.0711, 0.0627, 0.0562, 0.0421, 0.0066, 0.0112, 0.014, 0.0543, 0.0281, 0.0051, 0.1885, 0.0028, 0.0056, 0.0271, 0.0618, 0.0421, 0.1086, 0.0337, 0.0403, 0.0178, 0.0328, 0.0206, 0.0543, 0.0197, 0.0112, 0.0131, 0.0009, 0.1421, 0.015, 0.0169, 0.0796, 0, 0.1638, 0.0094, 0.0468, 0.0019],
      [0.102, 0.4055, 1.3142, 0.0107, 0.0376, 0.102, 0.0054, 0.0054, 0, 0.0644, 0.0698, 0.0859, 0.4081, 0.3597, 0.3222, 0.2416, 0.0376, 0.0644, 0.0805, 0.3114, 0.1611, 0.0107, 0.0054, 0.0161, 0.0322, 0.1557, 0.3544, 0.2416, 0.6228, 0.1933, 0.2309, 0.102, 0.1879, 0.1181, 0.3114, 0.7046, 0.0644, 0.0752, 0, 0.0537, 0.0859, 0.0966, 0.4564, 0.0591, 0.9396, 0.0537, 0.2685, 0.0107],
      [1.3452, 2.9297, 5.3437, 0.2257, 0.0102, 1.7895, 0.0015, 0.4865, 0.2808, 0.0176, 0.019, 0.0234, 4.4437, 2.682, 3.3081, 2.3061, 1.111, 2.3122, 1.0348, 0.0849, 2.6023, 0.2193, 0.1733, 0.1635, 0.4797, 0.5325, 0.2986, 2.8152, 6.1076, 4.5434, 0.063, 1.2116, 1.4832, 1.2987, 4.2026, 0.9854, 0.1716, 0.5233, 0.0015, 0.5429, 0.7426, 3.3547, 3.7711, 0.0161, 35.9581, 0.8391, 0.0732, 0.0029],
      [6.1915, 31.8144, 28.2258, 0.5826, 3.6974, 8.255, 0.1601, 0.456, 0.7183, 5.0962, 2.536, 4.4979, 31.2671, 29.1655, 28.6177, 19.3858, 2.8053, 4.4481, 7.0454, 21.0079, 13.4681, 0.8181, 0.5469, 1.0664, 2.3481, 13.6231, 24.4305, 15.9375, 46.8802, 13.1524, 17.6033, 8.6243, 17.3127, 9.2251, 29.6519, 12.1461, 5.609, 4.5376, 0.1601, 3.3312, 6.8838, 5.7958, 42.2075, 1.7613, 58.0452, 4.9553, 19.0221, 0.3202],
      [0.4162, 1.3347, 1.5635, 0.0676, 0.4626, 0.4858, 0.0512, 0.0512, 0, 0.5099, 0.5611, 0.6451, 2.3602, 2.282, 1.7151, 1.3298, 0.254, 0.3361, 0.6982, 2.0995, 1.1183, 0.2067, 0.0859, 0.084, 0.168, 0.7542, 2.3351, 2.0598, 4.4423, 2.1207, 2.2704, 0.6943, 1.6871, 0.9522, 1.8561, 0.4838, 0.5794, 0.3341, 0.0164, 0.3728, 0.8537, 0.5736, 3.0294, 0.8514, 5.0981, 0.4423, 2.8024, 0.0328]
    ],
    [
      [1.6661, 0.1984, 0.171, 0.0808, 0.0274, 0.5702, 0.0585, 0, 0, 0.5566, 0.5622, 0.7593, 1.5503, 1.4664, 1.6616, 1.0522, 0.0274, 0.0479, 0.595, 4.4111, 0.13, 0.0068, 0, 0.0765, 0.1909, 1.6976, 3.2239, 1.3059, 2.9978, 0.8314, 1.3146, 0.4695, 0.4147, 0.8551, 0.2052, 0.0616, 0.5171, 0.3221, 0.1101, 0.905, 0.4962, 0.615, 1.4259, 0.4465, 2.9961, 0.0342, 2.2337, 0.1909],
      [1.434, 2.9242, 3.2995, 0.2478, 0.7057, 1.2675, 0.9451, 0.0826, 0.0863, 0.9011, 1.2688, 1.4076, 2.7777, 3.7464, 3.6186, 2.5226, 0.9008, 1.4795, 3.4576, 6.4908, 3.8179, 0.6479, 0.3266, 0.3942, 0.2777, 1.1712, 2.4029, 4.0206, 4.7481, 1.5525, 2.6764, 0.6007, 2.0496, 1.5239, 5.8279, 1.1375, 1.3138, 1.0474, 0.2553, 0.6794, 2.6167, 1.6029, 3.6601, 0.2253, 6.5242, 0.7509, 12.0473, 1.8547],
      [9.6988, 27.2968, 28.4836, 1.2865, 6.9695, 6.447, 0.8111, 0.3356, 0, 6.8664, 6.6565, 9.8589, 17.8998, 17.1447, 21.0884, 15.1584, 6.9921, 7.2938, 10.4463, 14.0155, 17.3486, 1.3505, 1.7424, 1.608, 3.8873, 2.9296, 13.6708, 13.9428, 27.6055, 8.9922, 13.2997, 8.4566, 10.6562, 14.2913, 33.1974, 6.0046, 8.2508, 2.8389, 0, 2.3309, 5.8596, 7.5377, 16.1519, 1.2278, 35.8834, 3.8877, 36.8189, 2.4892],
      [7.4186, 16.1448, 29.2702, 1.2378, 5.1227, 12.0245, 0.4208, 0.2671, 0.6151, 14.6492, 10.7933, 19.8142, 16.5532, 14.7856, 18.4553, 12.6239, 14.1949, 11.0862, 19.538, 23.4811, 14.3383, 1.2652, 0.9905, 0.8949, 2.6368, 3.006, 26.463, 15.5326, 33.1768, 9.177, 19.6267, 6.6097, 8.3699, 7.5175, 23.0027, 5.2639, 17.1789, 2.876, 3.3284, 5.8291, 4.2615, 18.3854, 20.2154, 5.9268, 32.8246, 4.8835, 28.1736, 0.3768],
      [20.7882, 48.582, 47.9625, 2.6252, 10.9715, 20.2895, 1.3061, 0.9198, 2.2986, 15.6789, 14.1987, 17.7684, 47.4386, 46.4772, 68.2799, 32.7231, 15.8954, 11.2326, 20.7182, 65.5693, 32.9551, 4.7549, 3.0554, 1.5363, 5.9, 19.5282, 45.911, 40.7147, 73.8167, 21.9701, 38.2155, 13.1055, 31.8084, 34.0828, 44.3955, 8.4767, 17.5065, 10.3182, 2.7265, 8.6003, 16.9569, 14.8514, 34.9532, 9.1143, 92.2745, 11.0304, 65.4698, 6.324],
      [0.9944, 3.8539, 9.8132, 0.5219, 4.2032, 2.4012, 0.4584, 0.3949, 0, 4.3478, 4.5206, 5.3916, 13.7803, 14.3798, 10.8961, 7.9199, 1.9894, 1.86, 6.2449, 15.0322, 8.41, 1.9746, 0.8851, 0.4901, 1.1072, 3.6673, 15.3283, 15.4834, 29.6551, 16.4768, 17.8671, 4.758, 12.7012, 7.7294, 12.3713, 2.0558, 5.2329, 1.5974, 1.5797, 2.6552, 6.809, 4.0076, 18.5934, 7.0593, 27.4972, 3.4133, 24.2566, 2.7645]
    ]
  ],
  "V_est": [
    [190.2391, 1044.1819, 92.782, 134.7468, 407.5562, 151.4941],
    [169.1117, 19.2283, 23.5724, 93.351, 12249.8381, 22.8985],
    [61.3516, 82.5732, 1073.9948, 15068.3419, 1865.091, 258.6475],
    [696.761, 1.6988, 9.6406, 102.9325, 615.4379, 53.5292],
    [39.5366, 105.3178, 517.0101, 570.6279, 1222.0768, 365.4308]
  ],
  "p_est": [
    [0.0941, 0.5167, 0.0459, 0.0667, 0.2017, 0.075],
    [0.0134, 0.0015, 0.0019, 0.0074, 0.9739, 0.0018],
    [0.0033, 0.0045, 0.0583, 0.8185, 0.1013, 0.014],
    [0.4708, 0.0011, 0.0065, 0.0695, 0.4158, 0.0362],
    [0.014, 0.0373, 0.1833, 0.2024, 0.4334, 0.1296]
  ],
  "EI_Z": {},
  "EI_V": 8.6598,
  "MAE_Z": {},
  "MAE_V": 215.3931,
  "MAE_p": 0.0547,
  "runtime": 1.8986
}
