{
  "X": [
    [4, 11, 11, 2],
    [4, 7, 10, 1],
    [1, 5, 3, 1],
    [5, 10, 12, 1],
    [5, 15, 13, 2],
    [3, 8, 24, 1],
    [11, 12, 17, 1],
    [3, 3, 10, 0],
    [0, 3, 3, 0],
    [2, 5, 3, 0],
    [2, 5, 8, 1],
    [2, 5, 0, 0],
    [4, 22, 15, 1],
    [4, 10, 13, 1],
    [0, 5, 19, 0],
    [8, 31, 36, 3],
    [1, 5, 13, 2],
    [4, 2, 7, 1],
    [2, 4, 1, 0],
    [7, 13, 13, 1],
    [1, 10, 13, 0],
    [3, 11, 17, 2],
    [1, 8, 4, 1],
    [0, 4, 7, 0],
    [3, 4, 13, 1],
    [8, 28, 22, 1],
    [2, 17, 18, 1],
    [5, 15, 15, 1],
    [3, 3, 10, 2],
    [5, 11, 20, 1],
    [1, 21, 11, 1],
    [2, 23, 11, 2],
    [1, 14, 11, 0],
    [9, 27, 22, 1],
    [1, 4, 9, 0],
    [2, 6, 2, 0],
    [0, 3, 4, 2],
    [4, 14, 38, 1],
    [2, 2, 3, 0],
    [5, 12, 13, 1],
    [3, 14, 12, 0],
    [7, 34, 59, 8],
    [4, 32, 25, 1],
    [4, 26, 34, 4],
    [3, 27, 19, 2],
    [0, 9, 9, 0],
    [3, 13, 17, 0],
    [0, 4, 3, 0],
    [3, 3, 12, 0],
    [2, 8, 6, 2],
    [6, 9, 19, 0],
    [0, 5, 4, 0],
    [6, 16, 7, 0],
    [2, 8, 10, 0],
    [0, 2, 7, 0],
    [5, 8, 11, 0],
    [5, 10, 1, 0],
    [17, 38, 51, 0],
    [3, 8, 8, 0],
    [4, 21, 20, 2],
    [5, 9, 10, 1],
    [2, 1, 5, 1],
    [1, 5, 3, 0],
    [6, 33, 29, 0],
    [3, 13, 11, 2],
    [15, 25, 33, 0],
    [3, 7, 6, 0],
    [3, 12, 14, 0],
    [1, 12, 7, 1],
    [1, 11, 26, 3],
    [8, 3, 11, 2],
    [3, 8, 6, 0],
    [0, 7, 5, 0],
    [0, 13, 2, 0],
    [2, 8, 3, 1],
    [1, 5, 3, 0],
    [2, 1, 4, 0],
    [2, 6, 11, 1],
    [6, 11, 11, 3],
    [2, 8, 7, 0],
    [3, 6, 6, 2],
    [2, 9, 4, 2],
    [1, 7, 3, 3],
    [1, 8, 5, 1],
    [2, 12, 4, 0],
    [0, 3, 1, 2],
    [0, 4, 4, 1],
    [2, 3, 3, 0],
    [3, 37, 24, 2],
    [4, 18, 14, 1],
    [1, 11, 10, 3],
    [2, 3, 8, 0],
    [1, 12, 8, 1],
    [1, 3, 10, 2],
    [1, 5, 6, 1],
    [5, 17, 14, 0],
    [3, 8, 3, 0],
    [0, 3, 4, 0],
    [1, 8, 8, 1],
    [6, 8, 10, 2],
    [2, 6, 11, 1],
    [0, 1, 6, 0],
    [0, 2, 4, 0],
    [0, 1, 9, 1],
    [0, 6, 5, 1],
    [3, 27, 24, 2],
    [1, 4, 2, 0],
    [1, 4, 9, 1],
    [5, 7, 7, 0],
    [7, 4, 8, 0],
    [3, 8, 6, 0],
    [3, 10, 8, 0],
    [0, 1, 5, 0],
    [5, 12, 20, 1],
    [4, 5, 7, 0],
    [6, 17, 17, 0],
    [1, 3, 8, 0],
    [0, 9, 1, 0],
    [4, 11, 10, 1],
    [3, 4, 5, 2],
    [1, 3, 2, 0],
    [2, 3, 5, 0],
    [5, 17, 11, 2],
    [2, 8, 9, 0],
    [1, 4, 4, 0],
    [6, 18, 10, 3],
    [2, 8, 10, 1],
    [3, 4, 3, 0],
    [6, 29, 17, 0],
    [2, 4, 4, 0],
    [0, 5, 4, 0],
    [1, 8, 5, 1],
    [0, 10, 4, 0],
    [1, 4, 1, 0],
    [1, 5, 3, 1],
    [0, 5, 4, 0],
    [1, 5, 3, 0],
    [5, 11, 6, 1],
    [0, 4, 9, 1],
    [1, 7, 8, 0],
    [2, 9, 8, 1],
    [0, 3, 4, 1],
    [1, 10, 5, 0],
    [2, 15, 9, 0],
    [2, 8, 9, 0],
    [4, 11, 15, 1],
    [2, 12, 16, 0],
    [6, 14, 35, 2],
    [2, 4, 2, 0],
    [5, 15, 9, 3],
    [3, 6, 4, 0],
    [0, 8, 7, 1],
    [1, 3, 3, 0],
    [3, 12, 5, 0],
    [0, 9, 6, 0],
    [3, 8, 3, 0],
    [1, 3, 5, 0],
    [0, 4, 3, 0],
    [1, 8, 10, 1],
    [3, 11, 9, 1],
    [0, 3, 4, 0],
    [0, 2, 4, 0],
    [2, 5, 5, 0],
    [4, 10, 12, 0],
    [1, 12, 9, 1],
    [1, 6, 6, 1],
    [1, 4, 3, 0],
    [1, 2, 5, 0],
    [1, 5, 8, 1],
    [7, 10, 6, 0],
    [0, 9, 3, 0],
    [2, 6, 6, 0],
    [2, 18, 5, 1],
    [6, 9, 13, 4],
    [2, 8, 1, 0],
    [6, 9, 10, 0],
    [2, 1, 6, 0],
    [4, 7, 11, 0],
    [2, 2, 5, 0],
    [3, 2, 4, 1],
    [0, 5, 1, 1],
    [0, 4, 6, 0],
    [6, 17, 20, 0],
    [2, 8, 10, 0],
    [1, 4, 11, 1],
    [1, 4, 6, 0],
    [5, 4, 6, 0],
    [2, 11, 17, 1],
    [3, 35, 26, 0],
    [3, 6, 8, 0],
    [2, 5, 10, 0],
    [1, 5, 9, 0],
    [2, 6, 7, 0],
    [5, 8, 13, 1],
    [2, 1, 10, 0],
    [1, 8, 11, 2],
    [0, 8, 5, 0],
    [10, 47, 43, 4],
    [3, 8, 14, 1],
    [9, 48, 58, 2],
    [2, 43, 44, 3],
    [5, 14, 15, 1],
    [2, 9, 11, 0],
    [3, 55, 69, 2],
    [6, 27, 22, 0],
    [0, 4, 2, 0],
    [1, 5, 6, 1],
    [3, 3, 6, 0],
    [0, 4, 3, 1],
    [0, 3, 4, 0],
    [1, 7, 9, 0],
    [2, 15, 12, 3],
    [4, 8, 11, 0],
    [3, 20, 20, 4],
    [0, 6, 5, 1],
    [0, 4, 3, 0],
    [0, 1, 8, 2],
    [4, 2, 3, 0],
    [1, 17, 10, 0],
    [2, 7, 14, 1],
    [0, 4, 11, 1],
    [0, 4, 3, 1],
    [1, 5, 8, 0],
    [1, 4, 6, 0],
    [2, 2, 7, 0],
    [1, 5, 7, 0],
    [2, 3, 8, 0],
    [0, 4, 1, 1],
    [4, 11, 16, 0],
    [2, 3, 2, 0],
    [1, 6, 10, 1],
    [4, 4, 7, 0],
    [1, 3, 3, 0],
    [0, 7, 8, 0],
    [2, 4, 3, 1],
    [3, 3, 8, 0],
    [3, 66, 28, 8],
    [2, 25, 19, 2],
    [0, 5, 2, 0],
    [1, 5, 5, 0],
    [0, 1, 3, 2],
    [1, 20, 14, 1],
    [4, 28, 18, 0],
    [2, 36, 17, 4],
    [3, 22, 12, 2],
    [4, 16, 13, 4],
    [3, 22, 25, 0],
    [6, 46, 31, 4],
    [0, 11, 4, 2],
    [0, 5, 6, 0],
    [3, 6, 12, 0],
    [3, 11, 9, 0],
    [3, 6, 5, 1],
    [4, 10, 8, 0],
    [0, 7, 6, 2],
    [1, 4, 4, 0],
    [0, 10, 11, 0],
    [4, 17, 12, 1],
    [1, 7, 10, 2],
    [2, 15, 9, 1],
    [2, 13, 16, 4],
    [1, 4, 7, 1],
    [1, 5, 4, 1],
    [3, 22, 8, 0],
    [4, 28, 17, 3],
    [2, 6, 5, 0],
    [1, 6, 8, 1],
    [4, 17, 10, 0],
    [2, 12, 8, 0],
    [3, 33, 59, 2],
    [2, 8, 7, 1],
    [1, 4, 4, 0],
    [4, 6, 7, 0],
    [1, 8, 5, 0],
    [0, 2, 4, 0],
    [0, 6, 2, 1],
    [1, 2, 1, 2],
    [3, 12, 18, 0],
    [6, 25, 28, 2],
    [3, 4, 3, 2],
    [1, 5, 6, 0],
    [0, 6, 0, 0],
    [2, 11, 9, 0],
    [0, 2, 3, 1],
    [2, 7, 8, 1],
    [0, 2, 5, 0],
    [1, 10, 8, 0],
    [1, 6, 7, 0],
    [6, 18, 28, 4],
    [2, 16, 17, 1],
    [2, 10, 4, 1],
    [5, 25, 11, 2],
    [3, 29, 28, 4],
    [2, 9, 4, 0],
    [1, 8, 15, 0],
    [1, 6, 3, 0],
    [2, 12, 5, 1],
    [6, 14, 13, 1],
    [0, 2, 7, 0],
    [1, 5, 8, 1],
    [1, 4, 2, 1],
    [1, 6, 3, 0],
    [4, 5, 3, 1],
    [0, 5, 3, 2],
    [1, 2, 6, 0],
    [0, 1, 11, 0],
    [3, 10, 9, 0],
    [4, 17, 10, 0],
    [0, 3, 2, 2],
    [1, 11, 15, 0],
    [4, 24, 21, 1],
    [0, 3, 4, 0],
    [1, 3, 3, 0],
    [0, 0, 7, 1],
    [3, 19, 18, 2],
    [1, 13, 19, 3],
    [2, 8, 10, 0],
    [0, 3, 3, 0],
    [2, 2, 2, 0],
    [5, 10, 15, 3],
    [1, 5, 1, 0],
    [2, 10, 6, 0],
    [5, 17, 17, 0],
    [0, 6, 4, 1],
    [2, 3, 3, 0],
    [1, 5, 19, 1],
    [1, 0, 5, 2],
    [2, 1, 3, 0],
    [3, 4, 6, 0],
    [6, 4, 10, 1],
    [0, 5, 5, 0],
    [2, 3, 3, 1],
    [5, 15, 21, 2],
    [4, 15, 12, 2],
    [3, 11, 16, 1],
    [0, 13, 14, 0],
    [4, 4, 9, 0],
    [3, 12, 11, 1],
    [2, 18, 14, 1],
    [2, 6, 10, 1],
    [10, 29, 42, 2],
    [0, 3, 4, 1],
    [2, 5, 3, 0],
    [1, 1, 14, 1],
    [2, 10, 9, 1],
    [0, 7, 8, 0],
    [0, 4, 5, 1],
    [2, 18, 28, 4],
    [8, 8, 18, 4],
    [2, 30, 43, 1],
    [1, 13, 8, 2],
    [5, 18, 22, 1],
    [0, 4, 3, 0],
    [0, 9, 14, 1],
    [2, 6, 5, 0],
    [2, 11, 15, 2],
    [7, 28, 18, 1],
    [5, 17, 27, 1],
    [4, 14, 43, 0],
    [1, 8, 20, 0],
    [1, 10, 11, 0],
    [1, 3, 3, 0],
    [0, 9, 16, 0],
    [1, 5, 3, 0],
    [3, 21, 29, 2],
    [1, 11, 6, 0],
    [1, 29, 32, 0],
    [0, 7, 14, 0],
    [4, 17, 20, 2],
    [3, 15, 19, 0],
    [3, 10, 12, 0],
    [6, 7, 9, 0],
    [1, 4, 3, 0],
    [3, 6, 3, 0],
    [5, 32, 26, 2],
    [1, 2, 3, 0],
    [2, 4, 5, 0],
    [1, 2, 5, 1],
    [1, 5, 13, 0],
    [5, 9, 10, 1],
    [0, 2, 7, 0],
    [7, 38, 40, 4],
    [6, 24, 22, 3],
    [7, 20, 11, 1],
    [7, 2, 9, 1],
    [2, 3, 2, 0],
    [2, 7, 7, 0],
    [1, 8, 12, 0],
    [1, 6, 2, 0],
    [7, 3, 8, 1],
    [3, 9, 12, 1],
    [3, 3, 8, 1],
    [1, 5, 6, 1],
    [8, 5, 5, 0],
    [4, 7, 6, 2],
    [1, 11, 14, 1],
    [3, 9, 7, 1],
    [4, 31, 32, 0],
    [2, 6, 7, 0],
    [3, 18, 18, 1],
    [11, 30, 21, 1],
    [8, 27, 27, 2],
    [7, 10, 14, 2],
    [4, 15, 13, 0],
    [2, 4, 9, 0],
    [4, 17, 13, 1],
    [1, 10, 17, 2],
    [3, 2, 6, 1],
    [0, 4, 5, 0],
    [0, 3, 4, 0],
    [0, 9, 11, 1],
    [1, 6, 2, 0],
    [1, 4, 2, 0],
    [3, 6, 5, 2],
    [1, 3, 2, 0],
    [3, 12, 6, 2],
    [3, 11, 6, 5],
    [4, 13, 8, 1],
    [0, 9, 3, 0],
    [0, 8, 4, 1],
    [5, 5, 4, 0],
    [2, 6, 5, 0],
    [2, 7, 1, 0],
    [0, 7, 4, 0],
    [0, 3, 3, 1],
    [2, 9, 3, 3],
    [0, 2, 4, 0],
    [2, 13, 7, 0],
    [1, 18, 5, 0],
    [0, 10, 8, 0],
    [2, 8, 2, 2],
    [0, 6, 7, 0],
    [2, 4, 2, 0],
    [1, 2, 2, 1],
    [1, 5, 3, 0],
    [3, 14, 7, 2],
    [2, 5, 2, 2],
    [1, 7, 3, 0],
    [2, 8, 9, 2],
    [1, 3, 3, 0],
    [8, 14, 21, 1],
    [1, 13, 17, 1],
    [1, 12, 17, 0],
    [9, 13, 20, 6],
    [1, 1, 4, 0],
    [3, 3, 6, 0],
    [2, 8, 13, 0],
    [4, 10, 14, 0],
    [5, 8, 20, 0],
    [4, 26, 26, 0],
    [3, 10, 4, 0],
    [5, 12, 23, 0],
    [7, 16, 34, 1],
    [2, 8, 12, 0],
    [2, 8, 6, 0],
    [8, 18, 32, 1],
    [2, 12, 19, 1],
    [0, 2, 16, 1],
    [3, 6, 21, 0],
    [3, 9, 14, 1],
    [4, 13, 37, 1],
    [1, 3, 10, 0],
    [3, 10, 12, 1],
    [0, 11, 8, 0],
    [6, 7, 16, 0],
    [3, 9, 9, 1],
    [9, 28, 45, 6],
    [1, 3, 4, 0],
    [1, 4, 11, 2],
    [2, 13, 24, 1],
    [0, 1, 3, 3],
    [2, 16, 19, 1],
    [2, 11, 13, 0],
    [5, 25, 21, 0],
    [3, 2, 5, 0],
    [1, 3, 6, 1],
    [1, 5, 14, 0],
    [2, 22, 36, 1],
    [1, 2, 4, 0],
    [1, 1, 5, 0],
    [2, 11, 4, 0],
    [2, 16, 14, 2],
    [1, 7, 7, 0],
    [4, 4, 5, 0],
    [1, 3, 1, 1],
    [0, 6, 5, 0],
    [0, 3, 4, 0],
    [2, 3, 9, 2],
    [4, 7, 6, 0],
    [4, 12, 6, 1],
    [2, 5, 2, 0],
    [1, 5, 9, 0],
    [1, 8, 11, 1],
    [2, 3, 3, 3],
    [1, 7, 8, 0],
    [0, 2, 3, 1],
    [2, 6, 5, 0],
    [6, 28, 29, 2],
    [3, 4, 8, 1],
    [2, 4, 1, 0],
    [1, 1, 6, 0],
    [5, 18, 15, 2],
    [2, 3, 3, 1],
    [0, 9, 8, 0],
    [2, 17, 22, 0],
    [0, 6, 4, 0],
    [3, 3, 2, 1],
    [7, 24, 15, 3],
    [6, 25, 20, 0],
    [2, 25, 16, 1],
    [1, 27, 19, 1],
    [1, 5, 2, 2],
    [2, 2, 6, 0],
    [2, 9, 3, 0],
    [1, 6, 11, 0],
    [3, 4, 8, 4],
    [3, 3, 7, 0],
    [0, 7, 13, 0],
    [5, 9, 4, 1],
    [1, 4, 5, 0],
    [1, 8, 10, 0],
    [1, 5, 8, 2],
    [2, 16, 27, 3],
    [2, 8, 1, 0],
    [5, 15, 13, 1],
    [3, 2, 6, 0],
    [2, 26, 26, 1],
    [0, 4, 4, 0],
    [4, 4, 8, 0],
    [7, 17, 12, 0],
    [3, 5, 7, 0],
    [3, 7, 7, 0],
    [0, 6, 9, 0],
    [1, 2, 5, 0],
    [7, 15, 16, 2],
    [1, 2, 2, 1],
    [2, 2, 2, 0],
    [3, 4, 2, 0],
    [2, 2, 7, 1],
    [1, 3, 5, 0],
    [0, 3, 7, 0],
    [2, 4, 4, 0],
    [0, 3, 4, 0],
    [2, 6, 3, 0],
    [1, 5, 1, 1],
    [1, 5, 2, 0],
    [0, 8, 5, 1],
    [4, 11, 9, 1],
    [2, 5, 6, 0],
    [1, 8, 1, 0],
    [0, 10, 7, 1],
    [0, 6, 8, 0],
    [1, 7, 1, 0],
    [1, 2, 3, 1],
    [0, 16, 1, 2],
    [1, 3, 3, 0],
    [0, 6, 6, 0],
    [4, 4, 9, 1],
    [7, 9, 3, 0],
    [4, 4, 4, 0],
    [2, 2, 4, 0],
    [2, 7, 10, 0],
    [3, 6, 5, 0],
    [2, 5, 5, 1],
    [1, 7, 2, 0],
    [5, 14, 30, 0],
    [2, 3, 12, 0],
    [3, 5, 9, 0],
    [2, 7, 12, 0],
    [2, 7, 5, 0],
    [3, 12, 21, 1],
    [1, 5, 9, 2],
    [1, 8, 10, 0],
    [5, 3, 8, 0],
    [4, 2, 11, 0],
    [0, 5, 4, 0],
    [2, 2, 12, 0],
    [7, 25, 27, 0],
    [2, 5, 9, 0],
    [1, 3, 5, 0],
    [0, 6, 7, 0],
    [1, 10, 10, 0],
    [0, 2, 5, 1],
    [1, 16, 22, 0],
    [2, 5, 12, 1],
    [3, 5, 7, 0],
    [2, 3, 1, 0],
    [9, 24, 27, 0],
    [5, 26, 24, 4],
    [6, 33, 41, 1],
    [2, 10, 14, 0],
    [2, 6, 7, 0],
    [6, 13, 31, 1],
    [4, 3, 4, 1],
    [1, 14, 25, 1],
    [3, 9, 8, 2],
    [0, 7, 16, 2],
    [0, 4, 2, 0],
    [1, 17, 14, 2],
    [1, 6, 2, 0],
    [3, 10, 17, 1],
    [0, 5, 2, 0],
    [0, 4, 2, 0],
    [1, 1, 4, 0],
    [0, 2, 4, 1],
    [2, 7, 4, 1],
    [1, 3, 8, 0],
    [3, 4, 6, 1],
    [1, 2, 5, 2],
    [0, 2, 6, 0],
    [3, 8, 2, 0],
    [2, 10, 17, 0],
    [6, 21, 15, 1],
    [3, 4, 8, 0],
    [0, 9, 6, 1],
    [0, 2, 5, 1],
    [1, 1, 8, 1],
    [1, 4, 5, 1],
    [3, 4, 1, 0],
    [2, 3, 1, 0],
    [6, 9, 16, 0],
    [13, 47, 43, 3],
    [9, 12, 17, 1],
    [0, 1, 5, 1],
    [1, 5, 6, 0],
    [0, 6, 2, 0],
    [1, 8, 0, 1],
    [3, 6, 3, 1],
    [1, 6, 4, 0],
    [5, 1, 4, 1],
    [1, 4, 3, 0],
    [1, 7, 7, 0],
    [1, 3, 2, 0],
    [1, 2, 4, 0],
    [2, 3, 1, 1],
    [3, 10, 9, 2],
    [0, 5, 4, 1],
    [0, 6, 2, 1],
    [2, 11, 9, 0],
    [1, 6, 5, 0],
    [1, 4, 6, 0],
    [1, 1, 3, 2],
    [5, 14, 12, 2],
    [2, 14, 11, 0],
    [0, 5, 11, 1],
    [3, 18, 21, 0],
    [1, 24, 24, 1],
    [0, 4, 7, 0],
    [4, 28, 22, 3],
    [2, 6, 11, 1],
    [0, 6, 4, 0],
    [3, 10, 12, 1],
    [3, 5, 5, 1],
    [5, 26, 18, 0],
    [3, 2, 5, 0],
    [0, 10, 13, 0],
    [1, 11, 11, 1],
    [2, 14, 3, 2],
    [2, 10, 6, 2],
    [1, 5, 5, 1],
    [3, 7, 12, 1],
    [2, 14, 11, 0],
    [2, 7, 10, 1],
    [0, 6, 4, 0],
    [0, 5, 5, 0],
    [3, 33, 20, 0],
    [1, 4, 8, 0],
    [2, 3, 5, 0],
    [6, 13, 12, 0],
    [8, 16, 17, 0],
    [4, 12, 9, 2],
    [5, 7, 6, 2],
    [2, 5, 4, 0],
    [2, 8, 7, 0],
    [1, 6, 23, 0],
    [1, 6, 14, 0],
    [2, 4, 9, 0],
    [1, 6, 7, 0],
    [3, 4, 6, 0],
    [1, 3, 7, 0],
    [72, 231, 342, 44],
    [8, 37, 31, 6],
    [135, 564, 667, 56],
    [33, 87, 141, 9],
    [172, 522, 762, 31],
    [21, 75, 84, 4]
  ],
  "W": [
    [4, 15, 4, 1, 0, 4],
    [3, 6, 7, 2, 3, 1],
    [0, 5, 2, 3, 0, 0],
    [3, 21, 1, 2, 0, 1],
    [8, 16, 8, 2, 0, 1],
    [2, 16, 15, 2, 0, 1],
    [8, 15, 8, 4, 2, 4],
    [0, 9, 3, 2, 0, 2],
    [1, 1, 3, 0, 0, 1],
    [2, 4, 3, 1, 0, 0],
    [1, 9, 0, 5, 0, 1],
    [1, 5, 0, 0, 1, 0],
    [1, 23, 13, 2, 3, 0],
    [4, 12, 8, 1, 2, 1],
    [1, 11, 9, 3, 0, 0],
    [1, 43, 19, 6, 5, 4],
    [0, 7, 7, 3, 1, 3],
    [1, 3, 4, 3, 2, 1],
    [0, 6, 0, 0, 0, 1],
    [2, 17, 2, 5, 4, 4],
    [1, 14, 7, 1, 1, 0],
    [2, 18, 6, 4, 1, 2],
    [0, 7, 2, 2, 3, 0],
    [1, 6, 2, 2, 0, 0],
    [1, 9, 6, 4, 0, 1],
    [4, 37, 10, 3, 1, 4],
    [2, 15, 15, 1, 2, 3],
    [4, 16, 12, 4, 0, 0],
    [2, 4, 7, 5, 0, 0],
    [1, 17, 12, 1, 1, 5],
    [1, 23, 2, 3, 2, 3],
    [1, 30, 4, 1, 1, 1],
    [1, 18, 6, 1, 0, 0],
    [3, 35, 9, 6, 2, 4],
    [1, 6, 4, 2, 1, 0],
    [1, 6, 1, 2, 0, 0],
    [0, 3, 2, 3, 0, 1],
    [4, 18, 27, 2, 5, 1],
    [1, 3, 1, 1, 0, 1],
    [4, 16, 5, 4, 0, 2],
    [2, 14, 8, 2, 2, 1],
    [2, 53, 32, 5, 6, 10],
    [1, 33, 17, 1, 4, 6],
    [2, 44, 15, 1, 3, 3],
    [1, 23, 15, 5, 4, 3],
    [0, 12, 3, 3, 0, 0],
    [1, 16, 9, 2, 1, 4],
    [0, 2, 3, 1, 0, 1],
    [3, 3, 4, 3, 2, 3],
    [1, 11, 1, 1, 1, 3],
    [3, 16, 4, 8, 1, 2],
    [2, 5, 1, 0, 1, 0],
    [1, 16, 2, 2, 5, 3],
    [2, 10, 3, 3, 0, 2],
    [0, 4, 2, 1, 1, 1],
    [2, 12, 6, 1, 0, 3],
    [0, 7, 2, 1, 2, 4],
    [6, 47, 29, 7, 11, 6],
    [0, 9, 6, 3, 1, 0],
    [5, 23, 10, 1, 3, 5],
    [0, 13, 5, 5, 1, 1],
    [3, 2, 0, 3, 0, 1],
    [0, 7, 1, 1, 0, 0],
    [3, 43, 10, 7, 3, 2],
    [3, 12, 7, 3, 2, 2],
    [13, 31, 9, 9, 9, 2],
    [1, 11, 2, 1, 0, 1],
    [2, 17, 7, 1, 1, 1],
    [1, 16, 2, 1, 0, 1],
    [0, 22, 16, 1, 1, 1],
    [2, 6, 6, 7, 0, 3],
    [0, 11, 0, 2, 2, 2],
    [0, 7, 0, 1, 2, 2],
    [1, 12, 1, 0, 1, 0],
    [0, 7, 1, 3, 1, 2],
    [1, 6, 1, 1, 0, 0],
    [0, 2, 0, 5, 0, 0],
    [1, 6, 5, 4, 1, 3],
    [1, 13, 8, 8, 0, 1],
    [1, 7, 5, 3, 1, 0],
    [1, 7, 4, 5, 0, 0],
    [1, 9, 1, 5, 0, 1],
    [0, 7, 1, 1, 3, 2],
    [0, 9, 2, 1, 2, 1],
    [0, 13, 2, 3, 0, 0],
    [0, 2, 1, 2, 0, 1],
    [0, 3, 5, 0, 0, 1],
    [0, 5, 1, 1, 0, 1],
    [0, 42, 14, 2, 3, 5],
    [3, 22, 7, 2, 2, 1],
    [1, 13, 2, 8, 1, 0],
    [0, 3, 5, 2, 0, 3],
    [0, 14, 3, 4, 1, 0],
    [1, 10, 2, 2, 1, 0],
    [2, 3, 1, 4, 1, 2],
    [2, 19, 8, 3, 3, 1],
    [0, 6, 2, 2, 1, 3],
    [0, 3, 2, 2, 0, 0],
    [0, 8, 4, 4, 1, 1],
    [2, 6, 4, 10, 0, 4],
    [0, 7, 3, 8, 2, 0],
    [0, 3, 3, 1, 0, 0],
    [0, 2, 2, 1, 1, 0],
    [0, 2, 2, 5, 1, 1],
    [0, 7, 2, 3, 0, 0],
    [4, 35, 10, 2, 1, 4],
    [2, 4, 0, 1, 0, 0],
    [4, 5, 4, 2, 0, 0],
    [4, 10, 1, 2, 2, 0],
    [4, 11, 4, 0, 0, 0],
    [3, 9, 5, 0, 0, 0],
    [2, 10, 5, 2, 0, 2],
    [2, 1, 0, 2, 0, 1],
    [6, 12, 12, 3, 2, 3],
    [4, 8, 1, 2, 0, 1],
    [6, 24, 4, 2, 1, 3],
    [3, 6, 2, 0, 0, 1],
    [0, 7, 2, 0, 1, 0],
    [1, 14, 6, 4, 0, 1],
    [4, 4, 3, 2, 0, 1],
    [0, 0, 2, 3, 1, 0],
    [1, 4, 2, 2, 1, 0],
    [2, 21, 6, 0, 1, 5],
    [2, 12, 2, 3, 0, 0],
    [1, 2, 1, 3, 1, 1],
    [5, 21, 8, 1, 1, 1],
    [1, 9, 4, 3, 1, 3],
    [0, 6, 1, 2, 0, 1],
    [5, 37, 6, 1, 3, 0],
    [0, 5, 3, 1, 1, 0],
    [2, 4, 2, 1, 0, 0],
    [2, 9, 2, 1, 0, 1],
    [3, 5, 4, 0, 1, 1],
    [2, 2, 1, 0, 1, 0],
    [0, 7, 1, 2, 0, 0],
    [0, 5, 1, 1, 2, 0],
    [0, 8, 0, 0, 1, 0],
    [2, 11, 6, 1, 3, 0],
    [4, 3, 5, 1, 0, 1],
    [0, 10, 5, 1, 0, 0],
    [1, 11, 1, 4, 2, 1],
    [0, 4, 2, 1, 1, 0],
    [0, 10, 2, 4, 0, 0],
    [1, 18, 5, 1, 0, 1],
    [3, 9, 4, 3, 0, 0],
    [1, 17, 7, 2, 1, 3],
    [0, 16, 10, 1, 1, 2],
    [5, 31, 13, 2, 2, 4],
    [0, 7, 0, 1, 0, 0],
    [3, 20, 4, 3, 1, 1],
    [0, 6, 3, 0, 2, 2],
    [0, 5, 4, 4, 1, 2],
    [1, 4, 1, 1, 0, 0],
    [1, 11, 4, 0, 3, 1],
    [0, 11, 2, 1, 1, 0],
    [4, 7, 2, 1, 0, 0],
    [1, 3, 1, 3, 1, 0],
    [1, 3, 0, 2, 1, 0],
    [0, 9, 4, 2, 4, 1],
    [0, 12, 5, 5, 1, 1],
    [0, 3, 3, 0, 0, 1],
    [0, 4, 1, 1, 0, 0],
    [1, 5, 2, 1, 2, 1],
    [1, 12, 4, 5, 3, 1],
    [0, 13, 3, 2, 2, 3],
    [1, 6, 4, 0, 2, 1],
    [0, 5, 2, 1, 0, 0],
    [4, 1, 0, 3, 0, 0],
    [0, 6, 6, 2, 0, 1],
    [7, 8, 2, 2, 3, 1],
    [0, 8, 1, 3, 0, 0],
    [3, 7, 1, 2, 1, 0],
    [2, 17, 3, 1, 2, 1],
    [2, 18, 4, 1, 5, 2],
    [1, 9, 0, 0, 0, 1],
    [2, 11, 6, 4, 1, 1],
    [0, 2, 1, 3, 3, 0],
    [3, 13, 2, 4, 0, 0],
    [0, 7, 2, 0, 0, 0],
    [3, 5, 1, 0, 1, 0],
    [0, 6, 1, 0, 0, 0],
    [0, 5, 0, 3, 1, 1],
    [2, 25, 9, 3, 1, 3],
    [1, 11, 6, 1, 0, 1],
    [2, 8, 3, 4, 0, 0],
    [1, 5, 0, 4, 1, 0],
    [4, 5, 2, 1, 1, 2],
    [0, 18, 8, 2, 2, 1],
    [5, 39, 11, 3, 5, 1],
    [0, 9, 4, 1, 1, 2],
    [0, 5, 5, 5, 1, 1],
    [2, 5, 6, 1, 0, 1],
    [2, 4, 3, 1, 1, 4],
    [4, 13, 5, 4, 1, 0],
    [0, 6, 4, 0, 1, 2],
    [0, 11, 5, 3, 0, 3],
    [0, 6, 0, 1, 5, 1],
    [5, 57, 21, 7, 8, 6],
    [3, 11, 4, 3, 3, 2],
    [11, 66, 29, 2, 7, 2],
    [2, 55, 16, 5, 5, 9],
    [1, 23, 8, 1, 1, 1],
    [0, 12, 4, 3, 2, 1],
    [4, 62, 58, 1, 3, 1],
    [5, 33, 9, 5, 0, 3],
    [0, 3, 1, 1, 1, 0],
    [1, 6, 3, 3, 0, 0],
    [0, 5, 3, 1, 1, 2],
    [1, 5, 1, 0, 0, 1],
    [0, 4, 0, 1, 1, 1],
    [0, 12, 3, 2, 0, 0],
    [0, 19, 4, 3, 5, 1],
    [1, 9, 7, 3, 2, 1],
    [2, 23, 5, 12, 4, 1],
    [0, 9, 0, 1, 1, 1],
    [0, 3, 2, 0, 1, 1],
    [0, 2, 6, 1, 0, 2],
    [0, 3, 2, 2, 1, 1],
    [2, 16, 6, 2, 1, 1],
    [1, 8, 6, 6, 1, 2],
    [1, 5, 4, 3, 2, 1],
    [0, 4, 2, 2, 0, 0],
    [2, 5, 3, 3, 1, 0],
    [0, 5, 2, 2, 0, 2],
    [5, 3, 0, 1, 1, 1],
    [0, 9, 1, 3, 0, 0],
    [3, 3, 2, 2, 1, 2],
    [1, 3, 0, 2, 0, 0],
    [5, 10, 6, 4, 2, 4],
    [2, 3, 0, 1, 0, 1],
    [0, 7, 2, 7, 2, 0],
    [2, 7, 1, 5, 0, 0],
    [1, 2, 1, 0, 1, 2],
    [1, 8, 1, 2, 2, 1],
    [3, 4, 2, 0, 1, 0],
    [3, 4, 4, 2, 0, 1],
    [0, 68, 10, 8, 14, 5],
    [2, 21, 7, 9, 7, 2],
    [0, 5, 1, 0, 1, 0],
    [0, 5, 3, 3, 0, 0],
    [0, 1, 2, 1, 0, 2],
    [1, 21, 7, 5, 1, 1],
    [0, 31, 12, 2, 2, 3],
    [1, 37, 12, 2, 0, 7],
    [1, 25, 4, 5, 2, 2],
    [2, 22, 7, 1, 1, 4],
    [1, 28, 15, 4, 1, 1],
    [1, 54, 22, 3, 2, 5],
    [2, 9, 3, 1, 1, 1],
    [0, 4, 1, 3, 2, 1],
    [1, 6, 9, 4, 0, 1],
    [1, 15, 2, 3, 1, 1],
    [2, 8, 1, 2, 0, 2],
    [1, 11, 4, 2, 0, 4],
    [1, 7, 0, 6, 1, 0],
    [0, 5, 3, 0, 1, 0],
    [0, 18, 1, 1, 1, 0],
    [2, 24, 4, 0, 0, 4],
    [3, 10, 3, 1, 2, 1],
    [0, 14, 5, 1, 5, 2],
    [2, 20, 4, 3, 2, 4],
    [0, 6, 5, 1, 0, 1],
    [1, 4, 1, 4, 0, 1],
    [2, 29, 1, 1, 0, 0],
    [1, 31, 8, 6, 4, 2],
    [1, 5, 1, 3, 3, 0],
    [0, 8, 2, 3, 1, 2],
    [1, 22, 5, 2, 0, 1],
    [0, 14, 4, 3, 1, 0],
    [2, 42, 45, 2, 3, 3],
    [4, 4, 1, 5, 2, 2],
    [1, 2, 3, 2, 0, 1],
    [2, 9, 1, 4, 1, 0],
    [0, 8, 3, 2, 1, 0],
    [0, 5, 1, 0, 0, 0],
    [0, 7, 1, 1, 0, 0],
    [0, 3, 0, 1, 1, 1],
    [3, 15, 8, 4, 1, 2],
    [4, 32, 5, 7, 8, 5],
    [1, 1, 1, 5, 3, 1],
    [0, 7, 1, 4, 0, 0],
    [1, 5, 0, 0, 0, 0],
    [2, 8, 8, 1, 2, 1],
    [1, 2, 1, 0, 1, 1],
    [1, 10, 1, 4, 1, 1],
    [1, 3, 1, 1, 0, 1],
    [1, 12, 3, 2, 0, 1],
    [1, 9, 3, 1, 0, 0],
    [1, 27, 15, 10, 0, 3],
    [1, 22, 9, 3, 0, 1],
    [1, 10, 5, 0, 0, 1],
    [5, 24, 6, 2, 2, 4],
    [0, 30, 19, 10, 2, 3],
    [0, 7, 3, 2, 2, 1],
    [3, 10, 6, 5, 0, 0],
    [1, 7, 2, 0, 0, 0],
    [1, 8, 2, 2, 6, 1],
    [2, 18, 9, 3, 2, 0],
    [0, 3, 4, 1, 0, 1],
    [1, 5, 5, 2, 1, 1],
    [0, 6, 1, 0, 0, 1],
    [0, 7, 3, 0, 0, 0],
    [0, 7, 1, 4, 0, 1],
    [1, 4, 1, 3, 0, 1],
    [1, 2, 2, 3, 1, 0],
    [0, 5, 7, 0, 0, 0],
    [2, 12, 5, 1, 1, 1],
    [3, 17, 6, 2, 0, 3],
    [1, 1, 2, 0, 1, 2],
    [1, 12, 11, 2, 1, 0],
    [3, 20, 19, 3, 2, 3],
    [0, 3, 3, 0, 0, 1],
    [0, 2, 1, 3, 0, 1],
    [0, 1, 5, 2, 0, 0],
    [2, 16, 12, 7, 3, 2],
    [1, 14, 10, 7, 3, 1],
    [1, 10, 4, 2, 3, 0],
    [0, 1, 2, 2, 0, 1],
    [2, 4, 0, 0, 0, 0],
    [1, 14, 7, 4, 5, 2],
    [0, 5, 1, 1, 0, 0],
    [2, 7, 5, 1, 1, 2],
    [1, 18, 11, 4, 5, 0],
    [1, 5, 1, 2, 1, 1],
    [1, 2, 3, 1, 1, 0],
    [0, 10, 13, 1, 1, 1],
    [1, 0, 5, 2, 0, 0],
    [1, 1, 1, 3, 0, 0],
    [0, 4, 7, 1, 1, 0],
    [2, 9, 6, 1, 1, 2],
    [0, 3, 3, 2, 0, 2],
    [0, 6, 1, 2, 0, 0],
    [3, 24, 9, 6, 1, 0],
    [0, 18, 8, 3, 2, 2],
    [3, 13, 8, 3, 2, 2],
    [2, 13, 8, 4, 0, 0],
    [3, 11, 1, 2, 0, 0],
    [3, 15, 2, 3, 3, 1],
    [2, 20, 8, 2, 0, 3],
    [1, 11, 4, 1, 1, 1],
    [6, 48, 19, 6, 2, 2],
    [0, 3, 2, 3, 0, 0],
    [0, 4, 1, 4, 0, 1],
    [1, 8, 3, 3, 0, 2],
    [1, 13, 3, 3, 0, 2],
    [0, 7, 5, 2, 0, 1],
    [0, 5, 4, 0, 0, 1],
    [2, 25, 7, 9, 5, 4],
    [2, 19, 6, 3, 2, 6],
    [3, 44, 14, 7, 2, 6],
    [2, 13, 5, 1, 2, 1],
    [3, 22, 12, 3, 1, 5],
    [0, 4, 1, 1, 1, 0],
    [1, 13, 2, 4, 1, 3],
    [1, 6, 4, 1, 1, 0],
    [1, 13, 7, 7, 2, 0],
    [8, 27, 11, 6, 1, 1],
    [1, 28, 13, 2, 5, 1],
    [6, 27, 20, 4, 2, 2],
    [0, 17, 9, 3, 0, 0],
    [3, 15, 2, 1, 1, 0],
    [0, 5, 1, 0, 0, 1],
    [2, 12, 5, 1, 3, 2],
    [1, 4, 3, 0, 1, 0],
    [3, 30, 10, 5, 3, 4],
    [1, 10, 4, 0, 3, 0],
    [4, 30, 17, 4, 4, 3],
    [0, 15, 3, 1, 0, 2],
    [6, 16, 5, 11, 3, 2],
    [2, 17, 7, 7, 2, 2],
    [3, 14, 7, 0, 0, 1],
    [1, 10, 7, 1, 2, 1],
    [1, 5, 1, 1, 0, 0],
    [1, 6, 4, 1, 0, 0],
    [1, 39, 16, 3, 3, 3],
    [2, 1, 2, 1, 0, 0],
    [1, 4, 4, 1, 1, 0],
    [2, 3, 2, 2, 0, 0],
    [4, 5, 7, 2, 1, 0],
    [4, 10, 7, 4, 0, 0],
    [0, 4, 2, 1, 2, 0],
    [3, 46, 18, 6, 11, 5],
    [3, 29, 14, 3, 2, 4],
    [6, 24, 4, 3, 2, 0],
    [1, 8, 3, 5, 0, 2],
    [0, 4, 1, 2, 0, 0],
    [1, 10, 3, 1, 0, 1],
    [1, 12, 7, 1, 0, 0],
    [1, 7, 0, 0, 1, 0],
    [4, 5, 4, 2, 4, 0],
    [3, 8, 5, 6, 2, 1],
    [6, 6, 1, 2, 0, 0],
    [2, 4, 3, 3, 0, 1],
    [6, 5, 1, 3, 1, 2],
    [2, 11, 4, 2, 0, 0],
    [2, 9, 8, 2, 2, 4],
    [3, 11, 3, 1, 1, 1],
    [4, 35, 18, 2, 2, 6],
    [1, 6, 6, 1, 0, 1],
    [2, 24, 7, 4, 2, 1],
    [3, 40, 8, 6, 3, 3],
    [6, 33, 19, 1, 3, 2],
    [0, 14, 15, 2, 1, 1],
    [1, 19, 6, 3, 1, 2],
    [1, 7, 1, 6, 0, 0],
    [0, 23, 2, 3, 4, 3],
    [0, 16, 8, 1, 4, 1],
    [0, 3, 5, 3, 1, 0],
    [0, 8, 1, 0, 0, 0],
    [0, 4, 2, 0, 1, 0],
    [0, 11, 4, 3, 2, 1],
    [0, 6, 0, 0, 0, 3],
    [1, 5, 1, 0, 0, 0],
    [2, 5, 1, 5, 2, 1],
    [0, 5, 0, 1, 0, 0],
    [3, 7, 6, 4, 0, 3],
    [0, 10, 3, 4, 6, 2],
    [2, 14, 3, 2, 1, 4],
    [1, 6, 2, 0, 3, 0],
    [0, 9, 0, 1, 2, 1],
    [2, 10, 0, 2, 0, 0],
    [2, 4, 3, 4, 0, 0],
    [1, 6, 1, 1, 1, 0],
    [0, 8, 1, 0, 2, 0],
    [0, 3, 2, 2, 0, 0],
    [3, 6, 2, 2, 2, 2],
    [0, 3, 3, 0, 0, 0],
    [2, 13, 1, 2, 1, 3],
    [0, 17, 3, 1, 1, 2],
    [1, 12, 0, 1, 4, 0],
    [0, 8, 1, 3, 1, 1],
    [2, 7, 0, 2, 1, 1],
    [1, 5, 2, 0, 0, 0],
    [0, 4, 1, 0, 0, 1],
    [1, 6, 1, 1, 0, 0],
    [1, 15, 4, 2, 0, 4],
    [1, 7, 3, 0, 0, 0],
    [1, 7, 0, 3, 0, 0],
    [1, 10, 2, 3, 5, 0],
    [0, 2, 5, 0, 0, 0],
    [7, 20, 16, 0, 1, 0],
    [4, 17, 9, 1, 0, 1],
    [4, 15, 8, 2, 1, 0],
    [1, 13, 14, 14, 3, 3],
    [2, 1, 2, 1, 0, 0],
    [2, 4, 2, 2, 1, 1],
    [6, 11, 3, 1, 1, 1],
    [4, 12, 8, 4, 0, 0],
    [9, 11, 10, 1, 1, 1],
    [4, 25, 16, 3, 4, 4],
    [4, 11, 1, 0, 0, 1],
    [6, 12, 12, 6, 2, 2],
    [8, 28, 16, 5, 1, 0],
    [3, 10, 5, 3, 0, 1],
    [1, 5, 4, 2, 4, 0],
    [5, 23, 19, 9, 2, 1],
    [5, 14, 10, 2, 1, 2],
    [1, 11, 2, 1, 2, 2],
    [2, 15, 9, 4, 0, 0],
    [0, 15, 8, 1, 2, 1],
    [1, 22, 18, 4, 6, 4],
    [1, 4, 6, 1, 0, 2],
    [0, 14, 10, 0, 1, 1],
    [0, 10, 6, 2, 1, 0],
    [6, 12, 9, 1, 1, 0],
    [2, 9, 9, 0, 0, 2],
    [7, 42, 33, 2, 0, 4],
    [2, 5, 1, 0, 0, 0],
    [2, 13, 1, 1, 0, 1],
    [1, 22, 9, 3, 4, 1],
    [0, 2, 3, 0, 0, 2],
    [4, 17, 13, 2, 1, 1],
    [3, 13, 4, 2, 3, 1],
    [4, 25, 14, 1, 6, 1],
    [4, 3, 1, 2, 0, 0],
    [1, 3, 4, 1, 1, 1],
    [0, 13, 7, 0, 0, 0],
    [3, 29, 17, 4, 6, 2],
    [0, 4, 0, 3, 0, 0],
    [1, 1, 3, 2, 0, 0],
    [1, 7, 5, 2, 1, 1],
    [1, 15, 6, 7, 2, 3],
    [0, 8, 3, 3, 1, 0],
    [0, 5, 0, 4, 1, 3],
    [1, 3, 1, 0, 0, 1],
    [0, 5, 2, 3, 0, 1],
    [2, 2, 1, 2, 0, 0],
    [1, 6, 2, 2, 3, 2],
    [2, 7, 2, 2, 1, 3],
    [2, 9, 5, 3, 2, 2],
    [1, 4, 1, 2, 0, 1],
    [1, 5, 2, 6, 0, 1],
    [0, 12, 1, 4, 0, 4],
    [0, 5, 4, 1, 1, 0],
    [2, 7, 4, 1, 1, 1],
    [0, 1, 4, 0, 1, 0],
    [1, 8, 2, 2, 0, 0],
    [0, 31, 14, 12, 4, 4],
    [2, 4, 4, 2, 1, 3],
    [0, 6, 1, 0, 0, 0],
    [0, 4, 1, 3, 0, 0],
    [3, 21, 6, 6, 2, 2],
    [0, 1, 3, 2, 1, 2],
    [1, 13, 1, 2, 0, 0],
    [3, 24, 6, 5, 1, 2],
    [0, 6, 1, 1, 2, 0],
    [0, 3, 2, 4, 0, 0],
    [2, 24, 6, 4, 9, 4],
    [2, 22, 12, 5, 7, 3],
    [4, 21, 12, 3, 2, 2],
    [1, 31, 7, 5, 4, 0],
    [2, 5, 0, 1, 1, 1],
    [0, 3, 1, 6, 0, 0],
    [1, 5, 1, 3, 2, 2],
    [0, 11, 3, 1, 1, 2],
    [1, 8, 8, 1, 1, 0],
    [0, 2, 3, 5, 2, 1],
    [0, 10, 2, 5, 1, 2],
    [1, 6, 4, 4, 3, 1],
    [0, 4, 3, 2, 1, 0],
    [2, 9, 2, 3, 2, 1],
    [0, 6, 5, 4, 0, 1],
    [1, 31, 9, 3, 2, 2],
    [1, 9, 1, 0, 0, 0],
    [3, 19, 3, 5, 1, 3],
    [1, 4, 2, 2, 2, 0],
    [4, 30, 8, 5, 8, 0],
    [0, 4, 2, 0, 1, 1],
    [2, 6, 5, 1, 0, 2],
    [2, 15, 5, 8, 3, 3],
    [3, 6, 1, 4, 0, 1],
    [1, 8, 3, 1, 2, 2],
    [1, 4, 1, 6, 2, 1],
    [0, 3, 4, 1, 0, 0],
    [7, 17, 6, 7, 0, 3],
    [1, 1, 1, 3, 0, 0],
    [0, 4, 0, 2, 0, 0],
    [2, 4, 1, 1, 0, 1],
    [0, 4, 3, 2, 0, 3],
    [0, 2, 1, 4, 2, 0],
    [2, 4, 3, 0, 0, 1],
    [0, 7, 1, 2, 0, 0],
    [1, 0, 2, 0, 3, 1],
    [1, 5, 1, 2, 2, 0],
    [0, 4, 3, 0, 0, 1],
    [2, 6, 0, 0, 0, 0],
    [0, 7, 3, 4, 0, 0],
    [0, 13, 5, 4, 1, 2],
    [2, 5, 3, 2, 0, 1],
    [0, 8, 1, 0, 0, 1],
    [1, 12, 2, 1, 2, 0],
    [0, 9, 3, 1, 0, 1],
    [0, 4, 1, 3, 0, 1],
    [0, 2, 1, 4, 0, 0],
    [0, 11, 3, 2, 0, 3],
    [1, 3, 0, 1, 1, 1],
    [0, 5, 3, 4, 0, 0],
    [0, 8, 4, 4, 0, 2],
    [1, 12, 1, 2, 1, 2],
    [1, 4, 4, 1, 2, 0],
    [1, 4, 1, 2, 0, 0],
    [2, 8, 0, 6, 3, 0],
    [2, 5, 3, 3, 0, 1],
    [1, 8, 1, 3, 0, 0],
    [1, 6, 2, 0, 1, 0],
    [8, 23, 11, 5, 1, 1],
    [2, 3, 5, 5, 1, 1],
    [5, 5, 4, 3, 0, 0],
    [4, 5, 7, 4, 1, 0],
    [3, 7, 3, 1, 0, 0],
    [3, 17, 14, 2, 0, 1],
    [3, 8, 4, 0, 1, 1],
    [4, 12, 2, 1, 0, 0],
    [2, 5, 4, 4, 0, 1],
    [7, 5, 4, 1, 0, 0],
    [0, 3, 4, 1, 0, 1],
    [2, 7, 2, 2, 2, 1],
    [14, 27, 10, 1, 4, 3],
    [2, 9, 4, 1, 0, 0],
    [1, 7, 0, 1, 0, 0],
    [1, 8, 3, 0, 0, 1],
    [6, 7, 5, 1, 1, 1],
    [0, 3, 3, 1, 0, 1],
    [4, 17, 10, 5, 1, 2],
    [3, 7, 8, 2, 0, 0],
    [0, 9, 2, 2, 0, 2],
    [0, 5, 0, 1, 0, 0],
    [15, 27, 10, 2, 4, 2],
    [7, 36, 6, 4, 2, 4],
    [12, 40, 18, 6, 3, 2],
    [4, 12, 8, 2, 0, 0],
    [3, 8, 1, 3, 0, 0],
    [7, 19, 15, 3, 5, 2],
    [2, 4, 2, 2, 0, 2],
    [3, 18, 10, 3, 5, 2],
    [3, 10, 6, 2, 1, 0],
    [5, 11, 9, 0, 0, 0],
    [0, 4, 2, 0, 0, 0],
    [2, 14, 10, 3, 3, 2],
    [1, 6, 0, 1, 1, 0],
    [0, 16, 5, 6, 3, 1],
    [1, 3, 2, 1, 0, 0],
    [0, 4, 2, 0, 0, 0],
    [1, 2, 0, 3, 0, 0],
    [0, 5, 1, 1, 0, 0],
    [0, 6, 2, 4, 2, 0],
    [2, 3, 2, 3, 1, 1],
    [0, 8, 0, 4, 0, 2],
    [1, 2, 1, 5, 0, 1],
    [0, 0, 3, 2, 2, 1],
    [1, 8, 2, 1, 0, 1],
    [0, 13, 10, 2, 3, 1],
    [3, 19, 11, 3, 5, 2],
    [1, 6, 4, 3, 1, 0],
    [0, 8, 3, 3, 2, 0],
    [0, 2, 1, 3, 0, 2],
    [0, 3, 4, 2, 0, 2],
    [2, 5, 1, 3, 0, 0],
    [0, 5, 1, 2, 0, 0],
    [0, 4, 1, 0, 1, 0],
    [3, 20, 6, 1, 0, 1],
    [2, 65, 21, 7, 6, 5],
    [4, 15, 11, 1, 3, 5],
    [0, 1, 3, 1, 2, 0],
    [1, 3, 0, 5, 3, 0],
    [0, 5, 1, 2, 0, 0],
    [0, 8, 0, 1, 0, 1],
    [0, 8, 0, 4, 0, 1],
    [2, 6, 1, 0, 2, 0],
    [3, 4, 0, 1, 0, 3],
    [1, 4, 0, 3, 0, 0],
    [1, 7, 4, 1, 0, 2],
    [0, 5, 0, 1, 0, 0],
    [1, 2, 2, 0, 0, 2],
    [0, 1, 1, 3, 0, 2],
    [1, 11, 3, 8, 0, 1],
    [1, 4, 0, 3, 2, 0],
    [0, 4, 4, 0, 0, 1],
    [1, 14, 3, 2, 2, 0],
    [1, 7, 1, 1, 0, 2],
    [0, 5, 4, 2, 0, 0],
    [0, 1, 1, 5, 0, 0],
    [1, 17, 8, 5, 0, 2],
    [0, 17, 8, 1, 0, 1],
    [0, 10, 4, 3, 0, 0],
    [0, 26, 11, 3, 1, 1],
    [0, 31, 10, 4, 3, 2],
    [2, 5, 3, 0, 0, 1],
    [0, 24, 22, 0, 4, 7],
    [0, 11, 4, 2, 2, 1],
    [4, 4, 0, 0, 1, 1],
    [1, 12, 3, 4, 2, 4],
    [2, 7, 0, 2, 2, 1],
    [3, 24, 11, 5, 4, 2],
    [0, 6, 1, 1, 0, 2],
    [1, 8, 9, 2, 2, 1],
    [2, 15, 3, 3, 0, 1],
    [0, 14, 2, 1, 2, 2],
    [0, 9, 4, 1, 3, 3],
    [0, 4, 7, 0, 0, 1],
    [2, 11, 3, 5, 1, 1],
    [4, 10, 5, 3, 2, 3],
    [0, 11, 3, 5, 1, 0],
    [0, 4, 4, 0, 1, 1],
    [0, 4, 3, 1, 0, 2],
    [2, 35, 11, 3, 3, 2],
    [1, 7, 2, 1, 2, 0],
    [2, 2, 2, 3, 1, 0],
    [2, 18, 5, 3, 2, 1],
    [8, 20, 9, 2, 0, 2],
    [3, 10, 6, 4, 1, 3],
    [2, 10, 6, 0, 0, 2],
    [1, 5, 1, 0, 3, 1],
    [1, 11, 3, 2, 0, 0],
    [1, 8, 15, 2, 4, 0],
    [3, 9, 5, 3, 0, 1],
    [1, 7, 3, 2, 0, 2],
    [0, 7, 4, 1, 1, 1],
    [0, 5, 4, 1, 1, 2],
    [1, 1, 4, 2, 2, 1],
    [35, 290, 117, 152, 42, 53],
    [3, 37, 18, 9, 11, 4],
    [103, 632, 311, 196, 104, 76],
    [20, 119, 79, 20, 15, 17],
    [116, 708, 422, 106, 63, 72],
    [36, 72, 47, 24, 1, 4]
  ],
  "method": "mvn_pdf",
  "cond_prob": [
    [
      [0.37471552809, 0.16189295071, 0.45096219113, 0.012429330064],
      [0.079829744246, 0.58722122446, 0.30356627452, 0.029382756778],
      [0.049641307008, 0.13804917761, 0.76094285213, 0.05136666325],
      [0.1874734835, 0.095811419217, 0.53136790162, 0.18534719566],
      ["NaN", "NaN", "NaN", "NaN"],
      [0.22941325311, 0.22402542516, 0.26687945188, 0.27968186985]
    ],
    [
      [0.49832800586, 0.14078238522, 0.35285214272, 0.0080374662055],
      [0.11577858686, 0.60081996758, 0.25928804409, 0.024113401469],
      [0.07667490858, 0.12682054691, 0.75317850175, 0.043326042763],
      [0.26539262612, 0.15482160805, 0.49054672672, 0.089239039104],
      [0.14032903578, 0.50644380439, 0.27401161627, 0.079215543567],
      [0.3218477416, 0.25601458129, 0.31033749278, 0.11180018433]
    ],
    [
      ["NaN", "NaN", "NaN", "NaN"],
      [0.065824957844, 0.77404737149, 0.12345544578, 0.036672224883],
      [0.049338752922, 0.28886885393, 0.60455318227, 0.057239210873],
      [0.19073256831, 0.18400847823, 0.39120546885, 0.23405348461],
      ["NaN", "NaN", "NaN", "NaN"],
      ["NaN", "NaN", "NaN", "NaN"]
    ],
    [
      [0.44211758711, 0.087304553634, 0.45896831805, 0.011609541206],
      [0.13378869174, 0.44264689318, 0.39587804255, 0.027686372529],
      [0.063661911559, 0.03874460384, 0.84629209951, 0.051301385087],
      [0.23943434272, 0.108317358, 0.55532536457, 0.096922934705],
      ["NaN", "NaN", "NaN", "NaN"],
      [0.32155411512, 0.18712226254, 0.35271332357, 0.13861029878]
    ],
    [
      [0.40789754852, 0.18121141665, 0.39735395538, 0.013537079449],
      [0.058189902886, 0.68934865009, 0.2211444048, 0.031317042219],
      [0.047411365053, 0.22282878503, 0.65287603736, 0.076883812559],
      [0.13664441122, 0.20918060899, 0.4199891669, 0.23418581289],
      ["NaN", "NaN", "NaN", "NaN"],
      [0.15320142279, 0.31973876715, 0.21987124741, 0.30718856265]
    ],
    [
      [0.29328083845, 0.12108146251, 0.57248129212, 0.013156406921],
      [0.08076631569, 0.40898322934, 0.49173680819, 0.018513646781],
      [0.040616249211, 0.057974597308, 0.87549167528, 0.025917478199],
      [0.15116137693, 0.08600719475, 0.67973370611, 0.083097722203],
      ["NaN", "NaN", "NaN", "NaN"],
      [0.20961078002, 0.17247205645, 0.49540594326, 0.12251122027]
    ],
    [
      [0.58319896199, 0.10053637071, 0.31251249517, 0.0037521721319],
      [0.13902448488, 0.53601789192, 0.31146965039, 0.013487972813],
      [0.094980683235, 0.12053351302, 0.76359699701, 0.020888806733],
      [0.33811075115, 0.12816093685, 0.48069181495, 0.05303649705],
      [0.18977391902, 0.42261609161, 0.35016885324, 0.03744113613],
      [0.4393011806, 0.2083241552, 0.2739935851, 0.078381079108]
    ],
    [
      ["NaN", "NaN", "NaN", "NaN"],
      [0.16198204242, 0.28793192141, 0.55008603618, 0],
      [0.061524252546, 0.036147712403, 0.90232803505, 0],
      [0.23597319945, 0.050698307519, 0.71332849303, 0],
      ["NaN", "NaN", "NaN", "NaN"],
      [0.44282123086, 0.099386477536, 0.4577922916, 0]
    ],
    [
      [0, 0.54134986338, 0.45865013662, 0],
      [0, 0.93657511393, 0.063424886071, 0],
      [0, 0.24841669822, 0.75158330178, 0],
      ["NaN", "NaN", "NaN", "NaN"],
      ["NaN", "NaN", "NaN", "NaN"],
      [0, 0.77682492803, 0.22317507197, 0]
    ],
    [
      [0.57897733086, 0.22790773469, 0.19311493445, 0],
      [0.077506764815, 0.82734484356, 0.095148391628, 0],
      [0.089707508901, 0.27927780181, 0.63101468929, 0],
      [0.26289575232, 0.39697175097, 0.34013249671, 0],
      ["NaN", "NaN", "NaN", "NaN"],
      ["NaN", "NaN", "NaN", "NaN"]
    ],
    [
      [0.26279639913, 0.075391080342, 0.64329576741, 0.018516753125],
      [0.080081552046, 0.47681730808, 0.41212556305, 0.030975576824],
      ["NaN", "NaN", "NaN", "NaN"],
      [0.16805092893, 0.082036341933, 0.63181293318, 0.11809979596],
      ["NaN", "NaN", "NaN", "NaN"],
      [0.1762149878, 0.22307143723, 0.4885094993, 0.11220407567]
    ],
    [
      [0.85252169784, 0.14747830216, 0, 0],
      [0.17900370432, 0.82099629568, 0, 0],
      ["NaN", "NaN", "NaN", "NaN"],
      ["NaN", "NaN", "NaN", "NaN"],
      [0.25245978057, 0.74754021943, 0, 0],
      ["NaN", "NaN", "NaN", "NaN"]
    ],
    [
      [0.54173473655, 0.1188552241, 0.29934206348, 0.040067975872],
      [0.078081531763, 0.72728397379, 0.18146114385, 0.013173350596],
      [0.071763283645, 0.20973060792, 0.68916958596, 0.029336522472],
      [0.23774167056, 0.23976228285, 0.44192968414, 0.080566362451],
      [0.084661334801, 0.64919696999, 0.22799588075, 0.038145814461],
      ["NaN", "NaN", "NaN", "NaN"]
    ],
    [
      [0.42656244524, 0.14876065186, 0.41866487894, 0.0060120239626],
      [0.092743168349, 0.59129807197, 0.29213081522, 0.023827944462],
      [0.059776831271, 0.12143004175, 0.78136509559, 0.037428031391],
      [0.24434183889, 0.10850449859, 0.51404985454, 0.13310380798],
      [0.098115830431, 0.47880139566, 0.36196604717, 0.061116726742],
      [0.26204404893, 0.27183290504, 0.33086798802, 0.13525505801]
    ],
    [
      [0, 0.18250857605, 0.81749142395, 0],
      [0, 0.37462059307, 0.62537940693, 0],
      [0, 0.045310389472, 0.95468961053, 0],
      [0, 0.09629046498, 0.90370953502, 0],
      ["NaN", "NaN", "NaN", "NaN"],
      ["NaN", "NaN", "NaN", "NaN"]
    ],
    [
      [0.59206945474, 0.062617670293, 0.34271991746, 0.0025929575028],
      [0.087231110195, 0.56666664041, 0.32668129915, 0.019420950243],
      [0.053480018804, 0.12263547313, 0.79075524084, 0.03312926723],
      [0.19401955744, 0.14253342843, 0.56176392561, 0.10168308852],
      [0.09480750621, 0.46610875942, 0.37122569664, 0.06785803773],
      [0.25067939348, 0.2637246087, 0.3397306516, 0.14586534622]
    ],
    [
      ["NaN", "NaN", "NaN", "NaN"],
      [0.04048339215, 0.47260158269, 0.45408271386, 0.032832311303],
      [0.017356579871, 0.070316687857, 0.86613864561, 0.046188086664],
      [0.066688784831, 0.098775435415, 0.69980645748, 0.13472932227],
      [0.034554496406, 0.32866064532, 0.53967782962, 0.097107028656],
      [0.12016644832, 0.19152838488, 0.37311776055, 0.31518740625]
    ],
    [
      [0.66428476269, 0.039929107494, 0.28677403984, 0.0090120899701],
      [0.24033983656, 0.34200825097, 0.37999364225, 0.037658270221],
      [0.083493322845, 0.049516179379, 0.80980970021, 0.057180797564],
      [0.40428597134, 0.047361299238, 0.44042951107, 0.10792321835],
      [0.27259145564, 0.25885982205, 0.3576957699, 0.11085295241],
      [0.52268161093, 0.076177880258, 0.29732615956, 0.10381434925]
    ],
    [
      ["NaN", "NaN", "NaN", "NaN"],
      [0.21988177341, 0.62402975537, 0.15608847122, 0],
      ["NaN", "NaN", "NaN", "NaN"],
      ["NaN", "NaN", "NaN", "NaN"],
      ["NaN", "NaN", "NaN", "NaN"],
      [0.68070935953, 0.25582146777, 0.063469172698, 0]
    ],
    [
      [0.50206697002, 0.12243226418, 0.37338931487, 0.0021114509301],
      [0.12296719235, 0.5432817147, 0.32048714148, 0.013263951474],
      [0.077021831632, 0.05612304449, 0.84636462734, 0.020490496535],
      [0.29116087357, 0.14624076434, 0.51448202014, 0.048116341948],
      [0.15971474578, 0.45133569814, 0.34863018573, 0.040319370353],
      [0.41417919396, 0.21763840462, 0.28631996671, 0.081862434714]
    ],
    [
      [0.19395381368, 0.19248307094, 0.61356311537, 0],
      [0.036146138692, 0.59724710606, 0.36660675525, 0],
      [0.022049344301, 0.11343645643, 0.86451419927, 0],
      [0.10315941259, 0.15516602327, 0.74167456414, 0],
      [0.042495421928, 0.49683622595, 0.46066835212, 0],
      ["NaN", "NaN", "NaN", "NaN"]
    ],
    [
      [0.27689977163, 0.1362972153, 0.58043152508, 0.0063714879953],
      [0.072818091112, 0.49939378323, 0.39496216523, 0.032825960424],
      [0.035827445365, 0.082568023885, 0.83608417326, 0.045520357485],
      [0.12686534097, 0.11082332048, 0.61932267153, 0.14298866702],
      [0.071392501447, 0.38374939144, 0.43594965952, 0.10890844759],
      [0.1708281396, 0.20793332728, 0.40003629522, 0.2212022379]
    ],
    [
      ["NaN", "NaN", "NaN", "NaN"],
      [0.060482276295, 0.72766991436, 0.17366857574, 0.038179233603],
      [0.039845054251, 0.2748176552, 0.63893311001, 0.046404180542],
      [0.12747018222, 0.31977783415, 0.42248083112, 0.13027115251],
      [0.080664530995, 0.57237320693, 0.22049736251, 0.12646489956],
      ["NaN", "NaN", "NaN", "NaN"]
    ],
    [
      [0, 0.21517858608, 0.78482141392, 0],
      [0, 0.55569659627, 0.44430340373, 0],
      [0, 0.081260816403, 0.9187391836, 0],
      [0, 0.14406010174, 0.85593989826, 0],
      ["NaN", "NaN", "NaN", "NaN"],
      ["NaN", "NaN", "NaN", "NaN"]
    ],
    [
      [0.41559377949, 0.090177719126, 0.47788202509, 0.016346476298],
      [0.12762702921, 0.36329484191, 0.47879810093, 0.030280027949],
      [0.056938164509, 0.044811592183, 0.86441143746, 0.033838805851],
      [0.20477745103, 0.061176361634, 0.6383763346, 0.095669852736],
      ["NaN", "NaN", "NaN", "NaN"],
      [0.2750241664, 0.12659370405, 0.47296110344, 0.12542102611]
    ],
    [
      [0.42034297427, 0.19033348629, 0.38759557746, 0.001727961984],
      [0.095047811479, 0.63073543807, 0.26589871052, 0.0083180399306],
      [0.067950577754, 0.16232658397, 0.75255413807, 0.017168700207],
      [0.25694482915, 0.15274677679, 0.53304318703, 0.057265207028],
      [0.13336008688, 0.52163563704, 0.30137088487, 0.043633391219],
      [0.30453968159, 0.32457825978, 0.29633089356, 0.074551165066]
    ],
    [
      [0.21208050005, 0.29888835369, 0.48613025263, 0.0029008936262],
      [0.033822344167, 0.72321462029, 0.23169362134, 0.011269414211],
      [0.029376486872, 0.18406956387, 0.76153223903, 0.025021710227],
      [0.14100100082, 0.21282702187, 0.55435309779, 0.091818879516],
      [0.038682035098, 0.62953353518, 0.2994403809, 0.032344048819],
      [0.13649715443, 0.44035547936, 0.32537257653, 0.097774789679]
    ],
    [
      [0.45081205701, 0.21701349161, 0.31516482861, 0.01700962277],
      [0.086837209427, 0.68850130599, 0.20903206054, 0.01562942404],
      [0.073870118947, 0.18193364703, 0.71216491467, 0.032031319355],
