{
  "Z_true": {},
  "V_true": [
    [1686, 4909, 901, 78],
    [611, 7476, 289, 213],
    [386, 796, 12976, 246],
    [99, 693, 252, 357],
    [121, 447, 620, 325]
  ],
  "p_true": [
    [0.2226, 0.6481, 0.119, 0.0103],
    [0.0711, 0.8704, 0.0336, 0.0248],
    [0.0268, 0.0553, 0.9009, 0.0171],
    [0.0707, 0.4946, 0.1799, 0.2548],
    [0.08, 0.2954, 0.4098, 0.2148]
  ],
  "Z_est": [
    [
      [64.3821, 26.2586, 24.508, 41.8192, 0.778, 35.7195, 3.8902, 0.3881, 4.8614, 0.1626, 2.6845, 12.7337, 75.2537, 24.1071, 11.6699, 19.004, 19.047, 13.4211, 41.1713, 4.7331, 18.5983, 15.1716, 8.1693, 0.778, 0.778, 1.8044, 2.7231, 11.3436, 18.0613, 2.9176, 3.8539, 0.9725, 1.4283, 29.7566, 8.7529, 10.8187, 0, 1.5313, 91.9425, 14.8678, 23.73, 29.5598, 19.6453, 36.3896, 59.4713, 1.2703, 23.9245, 37.8848, 168.8329, 6.0297, 35.0114, 246.1822, 94.3198],
      [247.3254, 100.8729, 94.148, 160.6494, 2.9888, 222.3103, 14.9441, 44.0852, 21.2624, 4.9426, 7.0835, 16.944, 391.81, 119.0335, 72.3301, 248.2972, 178.713, 52.2152, 161.3966, 37.644, 94.4075, 58.8621, 31.3827, 2.9888, 2.9888, 5.1958, 10.4609, 71.5272, 67.2486, 11.2081, 16.8638, 3.736, 5.2304, 261.4839, 33.6243, 57.6713, 54.6194, 53.9666, 132.4514, 38.9398, 91.1592, 66.4951, 75.4679, 52.8192, 97.2602, 5.9777, 83.5564, 199.4273, 648.5753, 23.1634, 134.4972, 732.2592, 199.4951],
      [16.1362, 6.5812, 6.1425, 10.4812, 0.195, 13.3575, 0.975, 2.8762, 13.8763, 4.8948, 1.9548, 3.805, 23.9362, 7.41, 0, 13.6987, 10.2375, 3.3637, 13.4321, 2.1937, 5.85, 3.8025, 2.0475, 0.195, 0.195, 0.9998, 0.6825, 4.29, 4.6901, 0.7312, 1.0725, 0.2437, 0.3412, 25.6983, 2.1937, 3.51, 2.8275, 3.93, 16.289, 9.7751, 5.9475, 4.9725, 4.9237, 4.7912, 5.5807, 0.6758, 15.5191, 12.285, 42.315, 1.8068, 8.775, 50.6512, 15.21],
      [3.1562, 1.2873, 1.2015, 2.0501, 0.0381, 2.6127, 0.1907, 11.6505, 0, 0, 1.2771, 2.5173, 0, 1.4494, 0, 0, 2.0024, 0, 0, 0.4291, 1.1443, 0.1638, 0.4005, 0.0381, 0.0381, 0, 0.1335, 0.8391, 0, 0.143, 0.2098, 0.0477, 0, 0.0612, 0.4291, 0, 0.5531, 0.5721, 2.3171, 2.4174, 1.1633, 0.9726, 0.9631, 0, 10.6879, 0.0763, 0, 2.4029, 8.2768, 0, 1.7164, 9.9073, 2.9751]
    ],
    [
      [7.0812, 11.5102, 4.1216, 1.6589, 0.2485, 0, 0.5084, 0, 0.581, 0.0545, 0.0908, 0.5992, 8.5519, 0, 0, 0, 0, 2.08, 0, 0, 0, 1.4889, 2.1651, 0, 0.8727, 0.1089, 0.1997, 0, 2.1735, 0.236, 0, 1.054, 2.0874, 5.6468, 0.8715, 1.2165, 0, 0, 3.6314, 1.0168, 27.2019, 1.5433, 10.3331, 2.5861, 2.3786, 0, 2.0336, 0, 16.7926, 3.0136, 17.7519, 18.6653, 4.5392],
      [362.6559, 191.1125, 206.064, 336.6241, 4.0112, 354.3494, 26.8671, 62.3701, 30.7053, 2.8786, 4.7977, 31.6648, 454.8949, 260.2494, 92, 318.8177, 356.9132, 116.3662, 224.5323, 84.0819, 128.0783, 79.4494, 62.7422, 0, 10.4067, 5.7572, 10.5549, 107.5662, 75.8036, 12.474, 25.4701, 6.264, 13.4415, 298.4168, 46.0579, 64.916, 88.9479, 74.8441, 191.9079, 53.7342, 96.9656, 81.5609, 84.9482, 90.1967, 125.6997, 10.0116, 107.4684, 376.9341, 909.6436, 24.8651, 170.2979, 986.4067, 239.8849],
      [14.9403, 2.7321, 14.6908, 4.4801, 0.1415, 4.6872, 0.3625, 0.8416, 0.7137, 0.0669, 0.0647, 0.4273, 6.0986, 0, 0, 4.1823, 0, 1.5538, 9.4677, 1.1135, 1.6962, 1.0618, 0, 0, 0.7206, 0.1338, 0.1424, 0.3984, 1.0229, 0.1683, 0.3879, 1.0927, 1.4711, 4.0269, 0.6215, 0.8675, 1.2008, 2.4262, 2.5896, 0.7251, 1.6444, 1.1006, 6.0556, 1.2171, 1.6962, 0.2985, 2.3342, 4.9721, 12.2749, 5.1213, 2.5249, 13.3108, 3.2371],
      [5.3226, 5.6452, 2.1236, 3.2369, 1.5988, 2.9633, 0.2619, 1.7883, 0, 0, 0.0468, 0.3087, 1.4545, 8.7506, 0, 0, 2.0868, 0, 0, 0.8045, 1.2255, 0, 2.0928, 0, 0, 0, 0.1029, 4.0354, 0, 0.1216, 0.1419, 0.5893, 0, 2.9095, 0.4491, 0, 0.8513, 0.7297, 1.871, 0.5239, 1.1881, 0.7952, 11.6632, 0, 1.2255, 0.6899, 0.1638, 2.0938, 9.2889, 0, 4.4253, 9.6172, 2.3388]
    ],
    [
      [11.3028, 4.4337, 2.4873, 0, 0.9734, 0, 2.6508, 0, 0, 0.1344, 0.2183, 0.7389, 0, 0, 1.2764, 0, 0, 0, 0, 0, 0, 2.1299, 6.8914, 0.222, 0.5878, 0.0867, 3.3347, 0, 2.2504, 0.9021, 0, 0.9734, 0.3467, 0, 4.4377, 0, 0, 0, 5.6261, 1.5451, 6.3438, 5.1154, 1.7298, 2.4855, 2.3848, 0, 2.8323, 0, 0, 4.1431, 19.6556, 122.5836, 27.6025],
      [0, 0, 0, 10.8928, 0, 11.0756, 0.5521, 8.617, 0, 0.1252, 0, 0, 36.5756, 8.865, 9.5232, 25.7935, 37.2233, 5.7818, 3.1785, 6.174, 6.2774, 8.7134, 1.0331, 0.0112, 0, 0.047, 0.7359, 3.1475, 0.703, 0.8, 1.8785, 0, 0.1878, 11.4272, 1.9187, 4.9466, 4.8333, 3.8195, 0, 0, 0, 0, 1.6123, 0, 2.2228, 0, 0, 39.5739, 38.5587, 0, 0, 0, 0],
      [645.8846, 244.6303, 472.5303, 357.2483, 28.6635, 461.9244, 40.1497, 96.1419, 81, 7.7404, 12.6244, 42.7286, 494.4244, 249.9644, 65.2004, 401.2065, 190.9812, 128.2182, 911.8215, 146.2811, 354.9748, 117.1567, 57.2768, 3.805, 34.4122, 2.8664, 26.2798, 92.6787, 131.0466, 29.9438, 118.1215, 28.6635, 11.4654, 718.5728, 65.3842, 311.0534, 124.2086, 238.9708, 328.341, 87.9015, 195.4463, 140.7603, 98.4114, 145.5145, 135.674, 12.8427, 212.1677, 602.4261, 1620.4043, 88.8569, 362.6611, 1719.4894, 372.1906],
      [18.8126, 14.936, 14.9824, 17.8588, 0.363, 0, 1.6474, 3.2411, 0, 0, 0.1573, 0.5325, 0, 3.1706, 0, 0, 2.7954, 0, 0, 5.5449, 0.7478, 0, 0.7987, 0.9619, 0, 0, 0.6495, 1.1738, 0, 0.3542, 0, 0.363, 0, 0, 0.2595, 0, 0.9581, 1.2097, 1.033, 2.5535, 13.2098, 3.1243, 1.2464, 0, 1.7184, 0.1573, 0, 0, 29.0371, 0, 4.6833, 38.927, 2.2069]
    ],
    [
      [38.6751, 14.5944, 25.5401, 40.1345, 0, 35.0265, 2.9189, 6.5675, 12.4052, 3.6486, 0, 13.8646, 35.7562, 19.7024, 10.9458, 27.7293, 30.6482, 4.3783, 31.3779, 10.2161, 18.2429, 5.108, 0.7297, 0, 0.7297, 0, 0.7297, 6.5675, 7.2972, 2.9189, 5.108, 0, 1.6124, 37.2156, 2.9189, 5.8377, 11, 12.4052, 52.5397, 17.5132, 30.6482, 30.6482, 37.2156, 22.4498, 41.5939, 0.7297, 5.108, 24.8104, 137.187, 1.4594, 26.2698, 104.3497, 7.2972],
      [0.568, 0.2143, 0.3751, 0.5894, 0, 0.5144, 0.0429, 0.0964, 0.1822, 0.0536, 0, 0.2036, 0.5251, 0.2893, 0.1607, 0.4072, 0.4501, 0.0643, 0.4608, 0.15, 0.2679, 0.075, 0.0107, 0, 0.0107, 0, 0.0107, 0.0964, 0.1072, 0.0429, 0.075, 0, 0.0214, 0.5465, 0.0429, 0.0857, 0.847, 0.1822, 0.7716, 0.2572, 0.4501, 0.4501, 0.5465, 0.3215, 0.6108, 0.0107, 0.075, 0.3644, 2.0147, 0.0214, 0.3858, 1.5325, 0.1072],
      [9.7022, 3.6612, 6.4071, 10.0683, 0, 8.7869, 0.7322, 1.6475, 3.112, 1.2978, 0, 3.4782, 8.97, 4.9426, 2.7459, 6.9563, 7.6886, 1.0984, 7.8716, 2.5629, 4.5765, 1.2814, 0.1831, 0, 0.1831, 0, 0.1831, 1.6475, 1.8306, 0.7322, 1.2814, 0, 0.3661, 9.3361, 0.7322, 1.4645, 2.929, 3.112, 13.1804, 4.3935, 7.6886, 7.6886, 9.3361, 5.4918, 10.4345, 0.1831, 1.2814, 6.2241, 34.4154, 0.3661, 6.5902, 26.1777, 1.8306],
      [4.0547, 1.5301, 2.6777, 4.2078, 0, 3.6722, 0.306, 0.6885, 1.3006, 0, 0, 1.4536, 3.7487, 2.0656, 1.1476, 2.9072, 3.2132, 0.459, 3.2897, 1.0711, 1.9126, 0.5355, 0.0765, 0, 0.0765, 0, 0.0765, 0.6885, 0.765, 0.306, 0.5355, 0, 0, 3.9017, 0.306, 0.612, 1.2241, 1.3006, 5.5083, 1.8361, 3.2132, 3.2132, 3.9017, 1.7369, 4.3608, 0.0765, 0.5355, 2.6012, 14.3829, 0.153, 2.7542, 10.9402, 0.765]
    ],
    [
      [0.5588, 0.2032, 0.3429, 0.3874, 0, 0.254, 0.0318, 0.0445, 0.1524, 0, 0.0064, 0.0635, 0.4382, 0.1905, 0.108, 0.2667, 0.3048, 0.1207, 0.4509, 0.0508, 0.1588, 0.1016, 0.0445, 0, 0.0318, 0, 0.0127, 0.0889, 1.2176, 0.0254, 0.0381, 0, 0.5251, 0.381, 0.0191, 0.127, 0, 0.0635, 0.2604, 0.0572, 0.0762, 0.1334, 0.0762, 0.0889, 0.1715, 0, 0.1016, 0.3048, 1.1875, 1.3542, 0.3112, 1.2192, 0.2413],
      [10.4507, 3.8003, 6.4129, 7.2442, 0, 4.7503, 0.5938, 0.8313, 2.8502, 0, 0.1188, 1.1876, 8.1943, 3.5627, 4.9859, 19.6843, 5.7004, 5.5725, 8.4318, 0.9501, 2.969, 1.9001, 0.8313, 0, 0.5938, 0, 0.2375, 1.6626, 2.1376, 0.475, 0.7125, 0, 0.1188, 7.1255, 0.3563, 2.3805, 2.7524, 1.1876, 4.8691, 1.0688, 1.4251, 2.4939, 1.4251, 1.6626, 3.2065, 0, 1.9001, 5.7004, 22.2078, 0.9501, 5.8192, 22.8016, 4.5128],
      [31.3367, 11.3951, 19.2293, 21.722, 0, 14.2439, 1.7805, 2.4927, 10.298, 0, 0.3561, 3.561, 24.5708, 10.683, 6.0537, 14.9561, 17.0927, 6.7659, 26.407, 2.8488, 8.9025, 5.6976, 2.4927, 0, 3.4891, 0, 0.7122, 4.9854, 6.4098, 1.4244, 2.1366, 0, 0.3561, 21.3659, 1.0683, 14.1046, 7.8342, 3.561, 14.6, 3.2049, 4.2732, 7.4781, 4.2732, 4.9854, 9.6147, 0, 5.6976, 17.0927, 66.5904, 2.8488, 17.4488, 68.3709, 13.5317],
      [45.6538, 16.6014, 28.0148, 31.6464, 0, 20.7517, 2.594, 3.6316, 10.6994, 0, 0.5188, 5.1879, 35.7967, 15.5638, 5.8524, 7.0928, 24.9021, 6.541, 35.7103, 4.1503, 12.9698, 8.3007, 3.6316, 0, 0.8854, 0, 1.0376, 7.2631, 8.235, 2.0752, 3.1128, 0, 0, 31.1276, 1.5564, 3.388, 11.4135, 5.1879, 21.2705, 4.6691, 6.2255, 10.8947, 6.2255, 7.2631, 14.0074, 0, 8.3007, 24.9021, 97.0143, 2.847, 25.4209, 99.6083, 19.7141]
    ]
  ],
  "V_est": [
    [1453.1147, 5624.0069, 418.3664, 78.5121],
    [166.6947, 8183.6726, 143.1062, 95.5265],
    [248.4263, 296.8254, 13669.3329, 189.4153],
    [1022.3707, 15.6893, 256.8507, 106.0893],
    [12.3937, 200.8058, 550.3437, 749.4568]
  ],
  "p_est": [
    [0.1919, 0.7425, 0.0552, 0.0104],
    [0.0194, 0.9528, 0.0167, 0.0111],
    [0.0172, 0.0206, 0.949, 0.0132],
    [0.7297, 0.0112, 0.1833, 0.0757],
    [0.0082, 0.1327, 0.3637, 0.4953]
  ],
  "EI_Z": {},
  "EI_V": 10.3617,
  "MAE_Z": {},
  "MAE_V": 346.9203,
  "MAE_p": 0.1168,
  "runtime": 1.1867
}
