{
  "Z_true": {},
  "V_true": [
    [1686, 4909, 901, 78],
    [611, 7476, 289, 213],
    [386, 796, 12976, 246],
    [99, 693, 252, 357],
    [121, 447, 620, 325]
  ],
  "p_true": [
    [0.2226, 0.6481, 0.119, 0.0103],
    [0.0711, 0.8704, 0.0336, 0.0248],
    [0.0268, 0.0553, 0.9009, 0.0171],
    [0.0707, 0.4946, 0.1799, 0.2548],
    [0.08, 0.2954, 0.4098, 0.2148]
  ],
  "Z_est": [
    [
      [65.7037, 26.7976, 25.0111, 42.6776, 0.794, 35.8192, 3.97, 0.4061, 4.9474, 0.1803, 2.7069, 12.8555, 75.9472, 24.1731, 11.7955, 19.0966, 19.1515, 13.6965, 41.3071, 4.7574, 18.6557, 15.483, 8.337, 0.794, 0.794, 1.8198, 2.779, 11.3709, 17.8651, 2.9775, 3.8686, 0.9925, 1.4497, 30.2517, 8.9325, 10.9319, 0, 1.5611, 92.6921, 15.076, 24.2171, 30.111, 20.0486, 37.1299, 59.8819, 1.2713, 24.4156, 37.9814, 172.2985, 6.4202, 35.7301, 252.7427, 96.4184],
      [248.0857, 101.183, 94.4375, 161.1433, 2.998, 213.7546, 14.9901, 44.2207, 21.4917, 4.9507, 7.0835, 17.0041, 393.7467, 119.9236, 72.2045, 249.7099, 179.9295, 52.3093, 161.8928, 37.9028, 95.1048, 59.1323, 31.4792, 2.998, 2.998, 5.1851, 10.4931, 72.0535, 67.4553, 11.2426, 16.9875, 3.7475, 5.2465, 261.3019, 33.7277, 57.9438, 54.9843, 54.2293, 132.5353, 38.9373, 91.4395, 66.5855, 75.6999, 52.7912, 97.5093, 5.996, 83.4856, 200.9157, 650.5693, 23.2346, 134.9107, 732.2338, 199.3589],
      [14.3632, 5.8581, 5.4676, 9.3296, 0.1736, 22.0692, 0.8679, 2.5602, 13.561, 4.869, 1.9307, 3.7591, 21.3062, 6.5958, 0, 12.1935, 9.1126, 2.9941, 12.8001, 1.9527, 5.2072, 3.3847, 1.8225, 0.1736, 0.1736, 0.995, 0.6075, 3.8186, 4.6796, 0.6509, 0.9547, 0.217, 0.3038, 25.4464, 1.9527, 3.1243, 2.5168, 3.6935, 15.6822, 9.4955, 5.294, 4.4261, 4.3827, 4.079, 5.2576, 0.6639, 15.0988, 10.9351, 37.6655, 1.3452, 7.8108, 45.0857, 13.5387],
      [2.8473, 1.1613, 1.0839, 1.8495, 0.0344, 2.357, 0.172, 11.813, 0, 0, 1.2789, 2.3813, 0, 1.3075, 0, 0, 1.8065, 0, 0, 0.3871, 1.0323, 0, 0.3613, 0.0344, 0.0344, 0, 0.1204, 0.757, 0, 0.129, 0.1892, 0.043, 0, 0, 0.3871, 0, 0.4989, 0.5161, 2.0903, 2.4912, 1.0495, 0.8774, 0.8688, 0, 10.3512, 0.0688, 0, 2.1678, 7.4667, 0, 1.5484, 8.9377, 2.6839]
    ],
    [
      [6.6222, 11.3403, 3.8544, 0.9348, 0.2768, 0, 0.4754, 0, 0.5434, 0.0509, 0.0849, 0.5603, 7.9975, 0, 0, 0, 0, 1.8355, 0, 0, 0, 1.3924, 3.5526, 0, 0.9051, 0.1019, 0.1868, 0, 1.3414, 0.2207, 0, 1.1075, 2.0821, 5.2807, 0.815, 1.1377, 0, 0, 3.396, 0.9509, 27.4524, 1.4433, 10.1152, 2.4822, 2.2244, 0, 1.9017, 0, 13.7575, 2.8608, 20.381, 17.4553, 4.245],
      [363.0106, 191.2086, 206.4613, 337.7777, 4.002, 355.3677, 26.9348, 62.5273, 30.7827, 2.8859, 4.8098, 31.7446, 457.4192, 260.2734, 92, 319.2416, 357.2879, 116.7682, 225.0982, 82.7284, 128.2409, 79.6535, 62.8159, 0, 10.4588, 5.7717, 10.5815, 108.9716, 75.9947, 12.5055, 25.5801, 6.2525, 13.4549, 300.3118, 46.174, 65.0827, 89.0555, 75.0327, 192.3916, 53.8696, 96.8728, 81.7664, 85.045, 90.424, 126.0165, 9.9943, 107.7393, 378.1431, 914.2756, 24.8924, 170.5119, 988.8928, 240.4895],
      [14.3918, 2.4552, 14.5446, 4.0261, 0.0698, 4.2123, 0.3258, 0.7563, 0.674, 0.0632, 0.0582, 0.384, 5.4806, 0, 0, 3.7584, 0, 1.3963, 8.9018, 1.0007, 1.5243, 0.9542, 0, 0, 0.6361, 0.1264, 0.128, 0.5427, 1.6639, 0.1513, 0.3771, 0.9973, 1.463, 3.6188, 0.5585, 0.7796, 1.0867, 2.232, 2.3272, 0.6516, 1.4778, 0.9891, 6.183, 1.0938, 1.5243, 0.678, 2.359, 4.4682, 11.031, 5.2468, 2.269, 11.9619, 2.909],
      [5.9754, 5.9959, 2.1397, 3.2614, 1.6514, 2.4201, 0.2639, 1.7164, 0, 0, 0.0471, 0.3111, 0.1027, 8.7266, 0, 0, 1.7121, 0, 0, 2.2709, 1.2348, 0, 0.6315, 0, 0, 0, 0.1037, 2.4857, 0, 0.1225, 0.0428, 0.6428, 0, 1.7886, 0.4525, 0, 0.8578, 0.7352, 1.8852, 0.5279, 1.1971, 0.8012, 11.6568, 0, 1.2348, 0.3277, 0, 1.3887, 8.9359, 0, 1.8381, 9.69, 2.3565]
    ],
    [
      [10.6084, 4.1264, 2.357, 0, 0.9292, 0, 2.6144, 0, 0, 0.125, 0.2032, 0.6877, 0, 0, 1.1879, 0, 0, 0, 0, 0, 0, 1.943, 5.3465, 0.206, 0.5471, 0.0783, 3.2954, 0, 4.4156, 0.8667, 0, 0.9, 0.3133, 0, 4.3224, 0, 0, 0, 5.2362, 1.438, 5.6629, 4.7329, 1.6099, 2.3133, 2.2195, 0, 2.501, 0, 0, 3.7641, 16.4078, 117.6264, 25.8582],
      [0, 0, 0, 10.0368, 0, 19.1442, 0.5028, 8.4178, 0, 0.115, 0, 0, 32.9966, 8.3401, 9.5337, 23.6729, 36.2537, 5.1545, 3.0163, 7.3794, 5.7443, 8.2929, 0.9484, 0.002, 0, 0.0431, 0.7023, 1.3938, 0.5324, 0.7864, 1.7243, 0, 0.1724, 10.4896, 1.7395, 4.5407, 4.6872, 3.5061, 0, 0, 0, 0, 1.48, 0, 2.0404, 0, 0, 37.4899, 34.3787, 0, 0, 0, 0],
      [648.6396, 245.7871, 473.6144, 359.1324, 28.7566, 453.8558, 40.317, 96.5719, 81, 7.76, 12.6606, 42.8514, 498.0034, 250.9156, 65.2784, 403.3271, 192.3268, 128.8455, 911.9837, 146.6633, 355.9006, 117.7642, 57.5401, 3.8264, 34.4529, 2.8786, 26.3793, 93.074, 129.052, 30.059, 118.2757, 28.7858, 11.5143, 719.5104, 65.7004, 311.4593, 124.7384, 239.4374, 329.355, 88.2764, 196.2836, 141.4862, 98.8312, 145.6867, 136.2527, 12.4738, 212.499, 604.5101, 1627.1279, 89.2359, 364.1147, 1727.3166, 374.3927],
      [16.752, 14.0865, 14.0286, 16.8307, 0.3142, 0, 1.5657, 3.0103, 0, 0, 0.1362, 0.4609, 0, 2.7443, 0, 0, 2.4196, 0, 0, 3.9573, 0.355, 0, 2.1651, 0.9656, 0, 0, 0.6229, 2.5322, 0, 0.288, 0, 0.3142, 0, 0, 0.2378, 0, 0.5745, 1.0565, 0.4089, 2.2856, 13.0535, 2.7809, 1.0789, 0, 1.4874, 0.5262, 0, 0, 26.4934, 0, 6.4775, 36.057, 1.7492]
    ],
    [
      [38.6235, 14.5749, 25.5061, 40.081, 0, 34.9798, 2.915, 6.5587, 12.3887, 3.6437, 0, 13.8462, 35.7086, 19.6761, 10.9312, 27.6923, 30.6073, 4.3725, 31.3361, 10.2024, 18.2187, 5.1012, 0.7287, 0, 0.7287, 0, 0.7287, 6.5587, 7.2875, 2.915, 5.1012, 0, 1.6121, 37.166, 2.915, 5.83, 11, 12.3887, 52.4697, 17.4899, 30.6073, 30.6073, 37.166, 22.0043, 41.5385, 0.7287, 5.1012, 24.7774, 137.0042, 1.4575, 26.2349, 104.2107, 7.2875],
      [0.5141, 0.194, 0.3395, 0.5335, 0, 0.4656, 0.0388, 0.0873, 0.1649, 0.0485, 0, 0.1843, 0.4753, 0.2619, 0.1455, 0.3686, 0.4074, 0.0582, 0.4171, 0.1358, 0.2425, 0.0679, 0.0097, 0, 0.0097, 0, 0.0097, 0.0873, 0.097, 0.0388, 0.0679, 0, 0.0194, 0.4947, 0.0388, 0.0776, 0.8151, 0.1649, 0.6984, 0.2328, 0.4074, 0.4074, 0.4947, 0.291, 0.5529, 0.0097, 0.0679, 0.3298, 1.8236, 0.0194, 0.3492, 1.3871, 0.097],
      [9.7662, 3.6854, 6.4494, 10.1348, 0, 8.8449, 0.7371, 1.6584, 3.1326, 1.3078, 0, 3.5011, 9.0292, 4.9753, 2.764, 7.0022, 7.7393, 1.1056, 7.9236, 2.5798, 4.6067, 1.2899, 0.1843, 0, 0.1843, 0, 0.1843, 1.6584, 1.8427, 0.7371, 1.2899, 0, 0.3685, 9.3977, 0.7371, 1.4742, 2.9483, 3.1326, 13.2674, 4.4225, 7.7393, 7.7393, 9.3977, 6.2343, 10.5033, 0.1843, 1.2899, 6.2651, 34.6425, 0.3685, 6.6337, 26.3504, 1.8427],
      [4.0961, 1.5457, 2.705, 4.2507, 0, 3.7097, 0.3091, 0.6956, 1.3138, 0, 0, 1.4684, 3.787, 2.0867, 1.1593, 2.9368, 3.246, 0.4637, 3.3233, 1.082, 1.9321, 0.541, 0.0773, 0, 0.0773, 0, 0.0773, 0.6956, 0.7729, 0.3091, 0.541, 0, 0, 3.9415, 0.3091, 0.6183, 1.2366, 1.3138, 5.5645, 1.8548, 3.246, 3.246, 3.9415, 1.4704, 4.4053, 0.0773, 0.541, 2.6277, 14.5296, 0.1546, 2.7823, 11.0518, 0.7729]
    ],
    [
      [0.4422, 0.1608, 0.2714, 0.3065, 0, 0.201, 0.0251, 0.0352, 0.1206, 0, 0.005, 0.0503, 0.3467, 0.1508, 0.0854, 0.2111, 0.2412, 0.0955, 0.3568, 0.0402, 0.1256, 0.0804, 0.0352, 0, 0.0251, 0, 0.0101, 0.0704, 0.0905, 0.0201, 0.0302, 0, 0.5429, 0.3015, 0.0151, 0.1005, 0, 0.0503, 0.206, 0.0452, 0.0603, 0.1055, 0.0603, 0.0704, 0.1357, 0, 0.0804, 0.2412, 0.9397, 1.4974, 0.2462, 0.9649, 0.191],
      [9.3896, 3.4144, 5.7618, 6.5087, 0, 4.268, 0.5335, 0.7469, 2.5608, 0, 0.1067, 1.067, 7.3623, 3.201, 5.1163, 20.0071, 5.1216, 5.7098, 7.5757, 0.8536, 2.6675, 1.8535, 0.7469, 0, 0.5335, 0, 0.2134, 1.4938, 1.9206, 0.4268, 0.6402, 0, 0.1067, 6.402, 0.3201, 2.3552, 2.4579, 1.067, 4.3747, 0.9603, 1.2804, 2.2407, 1.2804, 1.4938, 2.8809, 0, 1.7072, 5.1216, 19.9528, 0.8536, 5.2283, 20.4863, 4.0546],
      [30.8391, 11.2142, 18.924, 21.3771, 0, 14.0178, 1.7522, 2.4531, 10.6325, 0, 0.3504, 3.5044, 24.1807, 10.5133, 5.9576, 14.7187, 16.8213, 6.6584, 27.3908, 2.8036, 8.7611, 5.6071, 2.4531, 0, 3.5531, 0, 0.7009, 4.9062, 7.7618, 1.4018, 2.1027, 0, 0.3504, 21.0267, 1.0513, 14.1626, 7.7098, 3.5044, 14.3682, 3.154, 4.2053, 7.3593, 4.2053, 4.9062, 9.462, 0, 5.7534, 16.8213, 65.5332, 2.8036, 17.1718, 67.2854, 13.3169],
      [47.3291, 17.2106, 29.0428, 32.8077, 0, 21.5132, 2.6892, 3.7648, 10.6862, 0, 0.5378, 5.3783, 37.1103, 16.1349, 5.8407, 7.0632, 25.8159, 6.5363, 35.6767, 4.3026, 13.4458, 8.459, 3.7648, 0, 0.8883, 0, 1.0757, 7.5296, 8.2271, 2.1513, 3.227, 0, 0, 32.2698, 1.6135, 3.3817, 11.8323, 5.3783, 22.0511, 4.8405, 6.454, 11.2944, 6.454, 7.5296, 14.5214, 0, 8.459, 25.8159, 100.5743, 2.8454, 26.3537, 103.2635, 20.4376]
    ]
  ],
  "V_est": [
    [1477.093, 5631.4746, 392.2475, 73.1848],
    [161.3659, 8205.5927, 134.5088, 87.5326],
    [234.4436, 285.2582, 13706.4819, 177.8164],
    [1020.6097, 14.2496, 259.2533, 106.8874],
    [9.4878, 184.4249, 545.5085, 773.5788]
  ],
  "p_est": [
    [0.195, 0.7435, 0.0518, 0.0097],
    [0.0188, 0.9554, 0.0157, 0.0102],
    [0.0163, 0.0198, 0.9516, 0.0123],
    [0.7285, 0.0102, 0.185, 0.0763],
    [0.0063, 0.1219, 0.3605, 0.5113]
  ],
  "EI_Z": {},
  "EI_V": 10.6329,
  "MAE_Z": {},
  "MAE_V": 355.9991,
  "MAE_p": 0.1191,
  "runtime": 0.8403
}
