{
  "X": [
    [10, 16, 21, 96, 6],
    [20, 28, 35, 241, 9],
    [1, 8, 3, 1, 0],
    [18, 81, 54, 141, 9],
    [47, 109, 106, 456, 13],
    [96, 176, 146, 643, 15],
    [61, 174, 155, 401, 19],
    [95, 225, 307, 780, 31],
    [3, 4, 11, 35, 3],
    [16, 36, 59, 222, 10],
    [5, 15, 7, 55, 2],
    [5, 5, 5, 46, 0],
    [3, 14, 15, 57, 3],
    [1, 0, 2, 32, 2],
    [124, 102, 130, 877, 32],
    [27, 30, 42, 296, 5],
    [57, 110, 191, 820, 26],
    [34, 53, 60, 314, 18],
    [29, 50, 114, 448, 24],
    [101, 247, 386, 1582, 65],
    [71, 134, 257, 964, 33],
    [27, 47, 75, 339, 9],
    [108, 210, 378, 1358, 33],
    [39, 95, 213, 576, 19],
    [27, 26, 38, 235, 10],
    [43, 53, 47, 354, 14],
    [23, 21, 36, 128, 2],
    [19, 41, 60, 128, 2],
    [2, 3, 4, 22, 1],
    [3, 2, 4, 29, 0],
    [4, 9, 10, 26, 1],
    [10, 19, 14, 76, 2],
    [8, 10, 18, 53, 7],
    [7, 7, 13, 19, 0],
    [14, 19, 14, 69, 2],
    [56, 63, 67, 422, 17],
    [77, 258, 400, 1306, 49],
    [60, 127, 218, 859, 24],
    [77, 86, 113, 791, 28],
    [14, 37, 39, 281, 5],
    [1, 3, 9, 15, 2],
    [143, 210, 263, 998, 33],
    [99, 81, 121, 492, 29],
    [144, 182, 230, 879, 30],
    [27, 37, 59, 265, 7],
    [0, 0, 0, 8, 0],
    [34, 169, 156, 550, 23],
    [213, 433, 580, 2952, 87],
    [14, 48, 86, 259, 9],
    [134, 161, 375, 1132, 70],
    [7, 13, 52, 274, 11]
  ],
  "W": [
    [13, 23, 96, 7, 10],
    [23, 31, 227, 23, 29],
    [1, 4, 1, 6, 1],
    [4, 76, 131, 63, 29],
    [32, 145, 425, 82, 47],
    [53, 242, 573, 116, 92],
    [36, 204, 381, 121, 68],
    [52, 419, 689, 175, 103],
    [1, 14, 35, 2, 4],
    [13, 63, 212, 26, 29],
    [1, 14, 48, 15, 6],
    [2, 7, 41, 1, 10],
    [5, 15, 55, 11, 6],
    [3, 3, 28, 0, 3],
    [56, 180, 841, 75, 113],
    [26, 41, 276, 25, 32],
    [82, 203, 760, 81, 78],
    [26, 80, 304, 25, 44],
    [64, 91, 406, 46, 58],
    [105, 486, 1427, 188, 175],
    [81, 336, 856, 88, 98],
    [27, 97, 286, 33, 54],
    [79, 472, 1213, 168, 155],
    [40, 251, 510, 76, 65],
    [16, 44, 227, 16, 33],
    [32, 58, 340, 39, 42],
    [13, 51, 110, 18, 18],
    [15, 69, 111, 31, 24],
    [2, 4, 21, 3, 2],
    [3, 5, 23, 3, 4],
    [1, 13, 21, 5, 10],
    [8, 18, 77, 13, 5],
    [11, 26, 43, 3, 13],
    [6, 16, 12, 5, 7],
    [12, 20, 67, 10, 9],
    [30, 96, 394, 43, 62],
    [80, 473, 1168, 213, 156],
    [39, 313, 745, 92, 99],
    [54, 132, 736, 69, 104],
    [16, 45, 256, 21, 38],
    [0, 10, 13, 2, 5],
    [76, 350, 918, 142, 161],
    [44, 171, 435, 60, 112],
    [87, 332, 794, 123, 129],
    [46, 64, 224, 25, 36],
    [1, 0, 7, 0, 0],
    [19, 200, 528, 130, 55],
    [138, 719, 2737, 357, 314],
    [24, 91, 226, 32, 43],
    [140, 416, 1048, 87, 181],
    [25, 50, 255, 6, 21]
  ],
  "method": "mvn_cdf",
  "mvncdf_method": "genz",
  "mvncdf_samples": 5000,
  "mvncdf_error": 0.001,
  "cond_prob": [
    [
      [0.2219491172, 0.019295717866, 0.33539812283, 0.2875767545, 0.13578028761],
      [0.047684116535, 0.26999497745, 0.55614509171, 0.12006860357, 0.0061072107374],
      [0.029057794845, 0.022313190355, 0.029012741328, 0.8927155459, 0.026900727574],
      [0.0016381818563, 0.926679452, 0.030676233543, 0.040899259211, 0.00010687339038],
      [0.3216911218, 0.091044874828, 0.084853049162, 0.35129370889, 0.15111724533]
    ],
    [
      [0.20754792049, 0.0098023207973, 0.32407971218, 0.36754776085, 0.091022285689],
      [0.051627440759, 0.14702794239, 0.61787244327, 0.17849238684, 0.0049797867427],
      [0.020536079379, 0.012355036288, 0.020133622357, 0.93049453193, 0.01648073005],
      [0.0027373439496, 0.83063240113, 0.059743277289, 0.10662279297, 0.00026418466132],
      [0.30694131846, 0.045087653258, 0.084403214678, 0.45995015597, 0.10361765764]
    ],
    [
      [0.24344778534, 0.28145408812, 0.47509812655, 0, 0],
      [0.040727245352, 0.40907681586, 0.55019593878, 0, 0],
      [0.14530541019, 0.066812398702, 0.032714412829, 0.75516777828, 0],
      [0, 0.96967810114, 0.030321898863, 0, 0],
      [0.44833782306, 0.1973576429, 0.10947231231, 0.24483222172, 0]
    ],
    [
      [0.22096812792, 0.017684543373, 0.33323121699, 0.28911213968, 0.13900397203],
      [0.050950751114, 0.24093385022, 0.57647035131, 0.1256020766, 0.0060429707519],
      [0.028492344006, 0.023969521163, 0.02922738224, 0.89185346424, 0.02645728835],
      [0.0025721151231, 0.9072289892, 0.039991713854, 0.050207181827, 0],
      [0.32239069262, 0.080098469597, 0.086450461583, 0.35523921892, 0.15582115727]
    ],
    [
      [0.26327182759, 0.012798936006, 0.29313411966, 0.35210970786, 0.078685408882],
      [0.066518161923, 0.19425849171, 0.56121810122, 0.17368728912, 0.0043179560253],
      [0.026760435248, 0.015719573786, 0.01912562074, 0.92461507564, 0.013779294582],
      [0.0028701818508, 0.86711679513, 0.044979432814, 0.084891794833, 0.00014179537699],
      [0.3685452797, 0.056139504054, 0.0729017274, 0.41755953408, 0.084853954762]
    ],
    [
      [0.33160877648, 0.014536827725, 0.23425907257, 0.35663546595, 0.062959857273],
      [0.088494531167, 0.23782169893, 0.47960141632, 0.19113703618, 0.0029453174011],
      [0.029926704445, 0.016253828924, 0.015329745664, 0.92947455598, 0.0090151649901],
      [0.002276123831, 0.88693062254, 0.032321088095, 0.078472165532, 0],
      [0.4304024597, 0.059557617414, 0.054212346957, 0.3929507149, 0.062876861023]
    ],
    [
      [0.266318144, 0.017898576632, 0.34872054815, 0.27538000795, 0.091682723276],
      [0.058777630345, 0.23824722551, 0.58157839518, 0.11662084613, 0.0047759028277],
      [0.033789610755, 0.024441577591, 0.033192220929, 0.88835135426, 0.020225236468],
      [0.0023102263175, 0.90785984048, 0.041224481713, 0.04822781607, 0.00037763541739],
      [0.38630192858, 0.082204933472, 0.090730429234, 0.33820934392, 0.10255336478]
    ],
    [
      [0.24628693134, 0.010005568999, 0.31600736882, 0.33051920958, 0.097180921267],
      [0.063296477153, 0.15323297158, 0.61247685233, 0.16549441018, 0.0054992887656],
      [0.026527634023, 0.01353055292, 0.021631773663, 0.92030992652, 0.018000112873],
      [0.0033414960992, 0.83584379748, 0.060697827116, 0.099909973446, 0.00020690585984],
      [0.35737431053, 0.045435726223, 0.08168353299, 0.4067287234, 0.10877770686]
    ],
    [
      [0.17907433297, 0.0071332028415, 0.31026593917, 0.25740374901, 0.24612277601],
      [0.049467661436, 0.12194682606, 0.68322880103, 0.13527167492, 0.010085036551],
      [0.029206973119, 0.013156602201, 0.019419043485, 0.89646971743, 0.041747663761],
      [0.0028855324543, 0.84686218226, 0.065791075249, 0.084461210037, 0],
      [0.27509082072, 0.03285144768, 0.078320543478, 0.32585756796, 0.28787962016]
    ],
    [
      [0.16615040255, 0.010742155335, 0.40287752757, 0.31479946063, 0.10543045392],
      [0.03637787152, 0.14264664875, 0.67989294654, 0.13580301044, 0.0052795227524],
      [0.017462667912, 0.016152515032, 0.02729681763, 0.91798398206, 0.021104017369],
      [0.0019042407261, 0.84169471953, 0.069926519162, 0.086201257049, 0.0002732635349],
      [0.26884975879, 0.053973007422, 0.11463178186, 0.4309717405, 0.13157371143]
    ],
    [
      [0.27963712336, 0.0073503479475, 0.15579051367, 0.45039913457, 0.10682288045],
      [0.094129477999, 0.15989758646, 0.43402762293, 0.30189506161, 0.010050251005],
      [0.024736102669, 0.0093853732573, 0.0015009514932, 0.94177156771, 0.022606004869],
      [0.0052265660839, 0.80869923277, 0.03294874633, 0.15016540746, 0.0029600473638],
      [0.35613646088, 0.028849505631, 0.033590983122, 0.47759227348, 0.10383077688]
    ],
    [
      [0.26565401045, 0.022584540078, 0.26084987482, 0.45091157466, 0],
      [0.048017244658, 0.32534988291, 0.44314333839, 0.18348953404, 0],
      [0.017350722972, 0.019433110781, 0.018549646668, 0.94466651958, 0],
      [0.0008761664645, 0.93958922263, 0.016301342235, 0.043233268672, 0],
      [0.34203154582, 0.09410349748, 0.059946002598, 0.50391895411, 0]
    ],
    [
      [0.13378215345, 0.013996001269, 0.42250147139, 0.31577359845, 0.11394677545],
      [0.025754570369, 0.17428805432, 0.6711498179, 0.12249329029, 0.0063142671283],
      [0.010956814849, 0.020897800765, 0.027875724833, 0.91396478538, 0.026304874175],
      [0.00046771675277, 0.88551924794, 0.052040377941, 0.060654433886, 0.0013182234793],
      [0.22283349604, 0.070934734906, 0.11910605856, 0.44141178083, 0.14571392966]
    ],
    [
      [0.11836075424, 0, 0.14691158988, 0.58428712062, 0.15044053526],
      [0.049749806399, 0, 0.48652182921, 0.45076211797, 0.01296624642],
      [0, 0, 0, 0.96238872252, 0.037611277485],
      [0.0024247697427, 0.68700533862, 0.046299148665, 0.26402415758, 0.00024658539755],
      [0.16522277269, 0, 0.033233247575, 0.6493226846, 0.15222129513]
    ],
    [
      [0.37455212398, 0.0077045387305, 0.2141455325, 0.31342951486, 0.090168289936],
      [0.11945933848, 0.14851002476, 0.52560783068, 0.19994719624, 0.006475609846],
      [0.031327438732, 0.011640833663, 0.016484697835, 0.92201594618, 0.018531083591],
      [0.005514515839, 0.82040423416, 0.052527965382, 0.12129801699, 0.00025526762358],
      [0.48462332274, 0.03111931595, 0.049515153763, 0.34464327286, 0.090098934687]
    ],
    [
      [0.24447048287, 0.008617711222, 0.30530050329, 0.38656449054, 0.055046812071],
      [0.063389141621, 0.13440223326, 0.60398106793, 0.19567443475, 0.0025531224371],
      [0.024263896496, 0.010246220206, 0.018984723558, 0.94101555061, 0.0054896091278],
      [0.0034580595311, 0.80801563997, 0.062987303567, 0.12553899693, 0],
      [0.35192267868, 0.03865938026, 0.077640526195, 0.47087201652, 0.060905398343]
    ],
    [
      [0.17860987606, 0.010180362294, 0.36294039188, 0.36579947495, 0.082469894823],
      [0.041633632559, 0.14240280415, 0.64392076584, 0.16784140119, 0.0042013962689],
      [0.016116926904, 0.012792053593, 0.022780606641, 0.9341936374, 0.014116775461],
      [0.0021842662892, 0.82363291146, 0.06723422967, 0.10681354409, 0.00013504849238],
      [0.27534067611, 0.048989929372, 0.09953511219, 0.47812278356, 0.098011498766]
    ],
    [
      [0.23909047135, 0.017464593718, 0.28411421893, 0.31856669037, 0.14076402564],
      [0.058212910387, 0.26141552726, 0.52258675351, 0.15117444582, 0.0066103630268],
      [0.028087928565, 0.01811800684, 0.022782713187, 0.90725120648, 0.023760144929],
      [0.0019775616536, 0.90954381814, 0.032092028443, 0.05638659176, 0],
      [0.33041921793, 0.076959292035, 0.069951011535, 0.37293815502, 0.14973232347]
    ],
    [
      [0.13865651349, 0.0068585361482, 0.40958465468, 0.33535855321, 0.10954174247],
      [0.030952734594, 0.096829190161, 0.71500636434, 0.15171058088, 0.0055011300229],
      [0.0094418356957, 0.0082073707265, 0.027355870812, 0.93445140675, 0.020543516014],
      [0.0018038970405, 0.7674812551, 0.10041569289, 0.13004423758, 0.00025491739058],
      [0.23091240918, 0.036435640212, 0.12061030212, 0.47176006319, 0.14028158531]
    ],
    [
      [0.16838509096, 0.0094024647591, 0.31677872515, 0.38812424433, 0.1173094748],
      [0.04240403852, 0.14362648097, 0.61284565005, 0.1948193169, 0.0063045135636],
      [0.013060190697, 0.011060284179, 0.019854131616, 0.93773128326, 0.018294110246],
      [0.0020254734204, 0.8126922438, 0.063211044454, 0.12195425758, 0.00011698074453],
      [0.24967726629, 0.04366345195, 0.083884147216, 0.48854185538, 0.13423327916]
    ],
    [
      [0.1853351341, 0.0094037658979, 0.31062329219, 0.39954286793, 0.095094939887],
      [0.047211560491, 0.14416150863, 0.60276870608, 0.20048002849, 0.0053781963021],
      [0.01553040322, 0.010724271841, 0.018622083412, 0.94000414061, 0.015119100919],
      [0.0024632964872, 0.8112851107, 0.061545657016, 0.12453732754, 0.00016860825279],
      [0.27157116904, 0.043132261478, 0.08115007011, 0.49666233612, 0.10748416325]
    ],
    [
      [0.17889833698, 0.0097767140406, 0.29744590084, 0.44410581402, 0.069773234122],
      [0.045369885173, 0.14957395342, 0.57925471954, 0.22224990222, 0.0035515396491],
      [0.013113499176, 0.010827689697, 0.016813867784, 0.95022152248, 0.0090234208599],
      [0.0021859117182, 0.81081944207, 0.055954595103, 0.13103920888, 8.4222923937e-07],
      [0.25826426275, 0.043955451812, 0.076407130686, 0.54376394784, 0.077609206912]
    ],
    [
      [0.19799620265, 0.0083808547866, 0.33737974446, 0.38487691594, 0.071366282164],
      [0.049367557305, 0.1250081627, 0.63451427262, 0.18762838065, 0.0034816267224],
      [0.018537220188, 0.0090917633402, 0.021083908729, 0.94063992232, 0.010647185422],
      [0.0030003275054, 0.79270415328, 0.073062420201, 0.13123309902, 0],
      [0.29720716022, 0.039557761259, 0.09036771372, 0.4902628488, 0.082604515998]
    ],
    [
      [0.16041033837, 0.0079449258944, 0.38539236337, 0.3617629774, 0.084489394955],
      [0.036154539044, 0.11175297622, 0.68125807092, 0.16624533182, 0.0045890819964],
      [0.013131071488, 0.0086202433346, 0.02536837156, 0.9378174751, 0.015062838519],
      [0.002096966816, 0.78461948137, 0.085910255895, 0.12713310676, 0.00024018915875],
      [0.25619355735, 0.040073865362, 0.10956124186, 0.4900442185, 0.10412711692]
    ],
    [
      [0.2756318867, 0.01038066462, 0.28695498547, 0.32609932037, 0.10093314283],
      [0.07296804674, 0.16670590063, 0.58501943721, 0.16935408308, 0.0059525323406],
      [0.02883457525, 0.014794516468, 0.019810642183, 0.91665939624, 0.019900869856],
      [0.0034202622661, 0.85273859559, 0.051583437011, 0.092035905892, 0.00022179924588],
      [0.38724615086, 0.045353847598, 0.07107618871, 0.38716890234, 0.1091549105]
    ],
    [
      [0.31394527449, 0.01158007693, 0.23997154547, 0.3371052535, 0.097397849613],
      [0.088675330027, 0.19800228545, 0.51968150551, 0.18756043339, 0.006080445618],
      [0.029898835955, 0.015578811428, 0.01543254168, 0.92044950657, 0.01864030437],
      [0.0033527532239, 0.86754051829, 0.040065276964, 0.088775502245, 0.00026594927298],
      [0.41700524939, 0.047962592458, 0.056423172678, 0.37902499835, 0.099583987119]
    ],
    [
      [0.37980290727, 0.0058303640145, 0.22992087169, 0.33862543162, 0.045820425405],
      [0.1139629385, 0.11279219579, 0.55916738082, 0.2126325808, 0.0014449040864],
      [0.028647758901, 0.0070916891294, 0.02112023921, 0.93856824693, 0.0045720658348],
      [0.005254148555, 0.7755167876, 0.066586947125, 0.15264211672, 0],
      [0.50025689939, 0.024023072301, 0.053983382496, 0.3757523614, 0.045984284416]
    ],
    [
      [0.22942343867, 0.012210392454, 0.40787856813, 0.30894476467, 0.041542836076],
      [0.049304533804, 0.15550305117, 0.66587835851, 0.12931405652, 0],
      [0.030345947218, 0.018977278267, 0.028991743361, 0.92015670627, 0.0015283248808],
      [0.0019717836193, 0.85672118817, 0.064354101259, 0.076952926952, 0],
      [0.36362958975, 0.059262452561, 0.11346475371, 0.41334264576, 0.050300558212]
    ],
    [
      [0.22740822688, 0.0054868858463, 0.31768228491, 0.36706460952, 0.082357992838],
      [0.054097656094, 0.090685650391, 0.68108625919, 0.16678504954, 0.0073453847835],
      [0.028514575101, 0.0049330989358, 0.01479772562, 0.92250487601, 0.02924972433],
      [0.0041362406337, 0.82450738771, 0.059954365127, 0.10881403213, 0.0025879743967],
      [0.35878906143, 0.024583192975, 0.074837530007, 0.44984304506, 0.091947170533]
    ],
    [
      [0.25575503991, 0.001522865537, 0.18828468146, 0.55443741309, 0],
      [0.10373815139, 0.021976492148, 0.52852316039, 0.34576219607, 0],
      [0.015841821454, 0, 0.017696058772, 0.96646211977, 0],
      [0.0075354271486, 0.61638628895, 0.070539948073, 0.30553833583, 0],
      [0.3317689871, 0.0090975189509, 0.043475239424, 0.61565825452, 0]
    ],
    [
      [0.18494645291, 0.018831433261, 0.39194332801, 0.34963470333, 0.054644082486],
      [0.036426635493, 0.2329077467, 0.60317363055, 0.12383680671, 0.0036551805492],
      [0.020835270468, 0.02207734461, 0.026711270007, 0.919116489, 0.011259625914],
      [0.0018654882383, 0.91849628819, 0.034505571183, 0.044529483747, 0.00060316864135],
      [0.28946391647, 0.089726218182, 0.10333349488, 0.45163931217, 0.065837058296]
    ],
    [
      [0.37355075224, 0.016809881274, 0.26865639852, 0.27976723022, 0.061215737744],
      [0.087246802345, 0.26085492349, 0.51435952309, 0.13387377263, 0.0036649784535],
      [0.038051861682, 0.023969276991, 0.024688609876, 0.89860103531, 0.014689216136],
      [0.0017877064884, 0.92132052789, 0.029497510837, 0.046953932874, 0.00044032191419],
      [0.4975836012, 0.069466227234, 0.061557358975, 0.30989068089, 0.0615021317]
    ],
    [
      [0.1860263796, 0.012314613824, 0.23603771801, 0.32283763547, 0.2427836531],
      [0.056918384493, 0.22275104756, 0.53114212164, 0.18742564667, 0.0017627996374],
      [0.026486397418, 0.016403851548, 0.017371390534, 0.91794558722, 0.021792773279],
      [0.0010474162286, 0.89306618853, 0.033980246551, 0.071906148687, 0],
      [0.25629034538, 0.052957525329, 0.057306108201, 0.37602619229, 0.2574198288]
    ],
    [
      [0.35116334746, 0.010647389252, 0.31242984621, 0.32575941708, 0],
      [0.06757053764, 0.13999000899, 0.6278116353, 0.16462781807, 0],
      [0.02809285028, 0.015302125452, 0.021368760571, 0.9352362637, 0],
      [0, 0.84754697674, 0.058148930373, 0.094304092891, 0],
      [0.49639672995, 0.039273590209, 0.076180711321, 0.38814896852, 0]
    ],
    [
      [0.41092783208, 0.021335967632, 0.23665984114, 0.27611100521, 0.054965353935],
      [0.091052647577, 0.34683122151, 0.43025468026, 0.12890873232, 0.002952718321],
      [0.038736191383, 0.023196668401, 0.02812337649, 0.89786253379, 0.012081229936],
      [0.00070105222921, 0.94403721482, 0.019902782213, 0.035200555818, 0.00015839491877],
      [0.51616419095, 0.090310558562, 0.052410472676, 0.28885532987, 0.052259447941]
    ],
    [
      [0.31730347814, 0.010438240327, 0.22902031526, 0.34510230749, 0.098135658787],
      [0.093118481783, 0.18494424321, 0.51525185744, 0.20022400262, 0.0064614149445],
      [0.029063950335, 0.014180379176, 0.014036080576, 0.92434472933, 0.018374860588],
      [0.0037471927632, 0.85312169631, 0.042292358791, 0.10058004684, 0.00025870528927],
      [0.41821283361, 0.042917792015, 0.053490726665, 0.38562356702, 0.09975508069]
    ],
    [
      [0.15105945025, 0.0095526344621, 0.37042066905, 0.36967260887, 0.099294637378],
      [0.033714533442, 0.13365344811, 0.65677762697, 0.17068387796, 0.0051705135134],
      [0.010064123525, 0.011894088352, 0.024014000195, 0.93707067028, 0.016957117647],
      [0.0012315848419, 0.81131324164, 0.072696095419, 0.11453558635, 0.00022349174422],
      [0.2368656783, 0.046895465525, 0.10370454081, 0.49229547585, 0.12023883952]
    ],
    [
      [0.18533638811, 0.0085984481842, 0.28579463083, 0.43338257759, 0.08688795528],
      [0.049391298886, 0.13792443861, 0.5804344989, 0.22716065864, 0.0050891049657],
      [0.014480899029, 0.009070585333, 0.016606983719, 0.94709741508, 0.012744116843],
      [0.0026276341267, 0.79258035877, 0.060536444969, 0.14410006716, 0.00015549497644],
      [0.26547870905, 0.038579112682, 0.073095509432, 0.5267880092, 0.096058659639]
    ],
    [
      [0.2499754497, 0.0084166449695, 0.26869382711, 0.37858687344, 0.09432720478],
      [0.07058121418, 0.14208830821, 0.57326685071, 0.20833758039, 0.0057260465018],
      [0.024055062473, 0.0098527591958, 0.016109566853, 0.93422244935, 0.015760162131],
      [0.0038768085192, 0.8075061934, 0.058547110651, 0.12989051869, 0.00017936873821],
      [0.3481978815, 0.036733522837, 0.066566511566, 0.44716903571, 0.10133304839]
    ],
    [
      [0.15002156712, 0.018051558325, 0.331385882, 0.44196654876, 0.058574443794],
      [0.031427833795, 0.2366313508, 0.54339126995, 0.18630556422, 0.0022439812389],
      [0.0072876936062, 0.016578554678, 0.020461615482, 0.94994509796, 0.0057270382759],
      [0.00055937802971, 0.88922932986, 0.035573774719, 0.074637517395, 0],
      [0.2186317343, 0.082758904109, 0.085789365995, 0.54714347073, 0.065676524866]
    ],
    [
      [0.091855273494, 0.0070741916823, 0.46391698589, 0.25755382491, 0.17959972402],
      [0.012013017031, 0.093574706642, 0.78081294102, 0.09991866156, 0.013680673745],
      [0.0033152923722, 0.014603469425, 0.027164988143, 0.91245647156, 0.042459778502],
      [0, 0.8362545376, 0.086151393805, 0.0760076424, 0.0015864261955],
      [0.16735420577, 0.040379751171, 0.13328459126, 0.39737279387, 0.26160865793]
    ],
    [
      [0.29490842228, 0.011795485305, 0.29559120829, 0.32242800984, 0.075276874286],
      [0.075290949995, 0.18167104209, 0.57597671963, 0.16296495861, 0.0040963296787],
      [0.029976084959, 0.016172186831, 0.021802138308, 0.9181214705, 0.013928119402],
      [0.0031138062825, 0.86174167235, 0.049722365642, 0.085352347343, 6.9808380675e-05],
      [0.41164547158, 0.051585673306, 0.073716008756, 0.38200119564, 0.081051650719]
    ],
    [
      [0.35068706767, 0.0072605947805, 0.22401086963, 0.30613977424, 0.11190169367],
      [0.10935908187, 0.1395110011, 0.54779692319, 0.19525713972, 0.0080758541187],
      [0.029852682547, 0.01082517257, 0.018556135591, 0.91793041973, 0.022835589567],
      [0.0049054627706, 0.81286986757, 0.057708691754, 0.12418347597, 0.00033250193537],
      [0.4606171549, 0.029848308211, 0.052998280205, 0.34276908842, 0.11376716827]
    ],
    [
      [0.34088821344, 0.010413046473, 0.24979150235, 0.32245381969, 0.076453418043],
      [0.094895513118, 0.17694428975, 0.54107979702, 0.18226781989, 0.0048125802214],
      [0.030019012193, 0.01507273742, 0.019022746335, 0.92127917714, 0.01460632691],
      [0.0034015147432, 0.85211460259, 0.047541104089, 0.096790440509, 0.00015233807067],
      [0.45413901613, 0.043183807215, 0.059519614659, 0.3645946562, 0.078562905792]
    ],
    [
      [0.20143030882, 0.011424671569, 0.30599719361, 0.41924536115, 0.061902464849],
      [0.050038679371, 0.16802302989, 0.57653478565, 0.20281047192, 0.0025930331679],
      [0.017989037521, 0.013097554474, 0.017617102035, 0.94456589573, 0.0067304102371],
      [0.0022050436371, 0.8383827218, 0.050578563801, 0.10883367076, 0],
      [0.29019610608, 0.05076585965, 0.078200218375, 0.51197891031, 0.068858905586]
    ],
    [
      [0, 0, 0, 1, 0],
      [0.058373477206, 0.15797341647, 0.60106817902, 0.17754510194, 0.0050398253589],
      [0, 0, 0, 1, 0],
      [0.00301582255, 0.8343872856, 0.058139253437, 0.10435410761, 0.00010353079873],
      [0.018368633993, 0.00030676012229, 0.0094065352858, 0.94975528444, 0.022162786162]
    ],
    [
      [0.16992157621, 0.015019107156, 0.36472506381, 0.3268677345, 0.12346651832],
      [0.037272893765, 0.20005831676, 0.61471814073, 0.14237408186, 0.0055765668878],
      [0.016821689202, 0.019438206289, 0.02703147532, 0.91486501123, 0.021843617957],
      [0.0011833029572, 0.88066022463, 0.049184566719, 0.06897190569, 0],
      [0.25965872756, 0.071886754342, 0.099272418179, 0.42362950913, 0.14555259078]
    ],
    [
      [0.20437072501, 0.0091162327004, 0.3116560984, 0.38520672984, 0.089650214053],
      [0.052888557662, 0.14046787727, 0.60728261159, 0.19442376675, 0.0049371867343],
      [0.019000703621, 0.010537487018, 0.019022446269, 0.93707708798, 0.014362275108],
      [0.0029304797264, 0.80895212364, 0.063804279856, 0.12418839579, 0.00012472098315],
      [0.29846770674, 0.041746961858, 0.081250628471, 0.47750170664, 0.10103299629]
    ],
    [
      [0.12271397314, 0.012552262126, 0.43396040771, 0.35992170889, 0.070851648135],
      [0.021032049128, 0.15289871004, 0.67610483392, 0.14630571361, 0.0036586933088],
      [0.001444006658, 0.017391193456, 0.028364307758, 0.93941440421, 0.013386087916],
      [0, 0.84581710174, 0.066468901794, 0.087437017994, 0.00027697847206],
      [0.20499075975, 0.06484665392, 0.12842027716, 0.51028881676, 0.09145349241]
    ],
    [
      [0.20672049303, 0.01027814748, 0.35961803235, 0.29850601638, 0.12487731076],
      [0.05038609826, 0.1472935051, 0.65567264883, 0.14120478391, 0.0054429639065],
      [0.025296477605, 0.015556382728, 0.026904142192, 0.9097902472, 0.022452750274],
      [0.0027892420561, 0.84022105994, 0.06800895258, 0.088980745429, 0],
      [0.31682398624, 0.049086408395, 0.098239412517, 0.38821250654, 0.14763768631]
    ],
    [
      [0.10937038565, 0.0074318368024, 0.37091766061, 0.39991326867, 0.11236684827],
      [0.011173436182, 0.12032342471, 0.67531827249, 0.18710232741, 0.0060825392058],
      [0, 0.0053751661417, 0.024536949809, 0.95059646347, 0.019491420582],
      [0.001468920386, 0.77357185031, 0.083338105798, 0.14141484078, 0.0002062827264],
      [0.17610738225, 0.037425446491, 0.1049616202, 0.54268879448, 0.13881675658]
    ]
  ],
  "expected_outcome": [
    [
      [2.8853385236, 4.7736021713, 0.24344778534, 0.88387251169, 8.4246984828, 17.5752651535, 9.5874531838, 12.8069204295, 0.17907433297, 2.1599552331, 0.27963712336, 0.5313080209, 0.66891076723, 0.35508226272, 20.9749189426, 6.3562325547, 14.6460098367, 6.216352255, 8.8740168635, 17.6804345507, 15.0121458621, 4.8302550985, 15.6417000096, 6.4164135349, 4.4101101872, 10.0462487836, 4.9374377945, 3.4413515801, 0.45481645375, 0.76726511974, 0.18494645291, 2.9884060179, 2.0462901756, 2.1069800847, 4.931133985, 9.5191043442, 12.0847560197, 7.2281191362, 13.4986742839, 2.400345074, 0, 22.4130400931, 15.4302309774, 29.6572745693, 9.2657942059, 0, 3.228509948, 28.2031600513, 2.9451353553, 28.9408690245, 2.7342596412],
      [0.25084433225, 0.22545337834, 0.28145408812, 0.070738173492, 0.40956595218, 0.7704518694, 0.64434875877, 0.52028958795, 0.0071332028415, 0.13964801936, 0.0073503479475, 0.045169080155, 0.069980006344, 0, 0.43145416891, 0.22406049177, 0.8347897081, 0.45407943667, 0.43894631348, 0.98725879971, 0.76170503773, 0.2639712791, 0.66208752814, 0.31779703578, 0.16609063392, 0.37056246176, 0.075794732188, 0.18315588682, 0.010973771693, 0.004568596611, 0.018831433261, 0.13447905019, 0.13546075206, 0.063884335513, 0.25603161158, 0.31314720982, 0.76421075697, 0.33533947918, 0.45449882835, 0.2888249332, 0, 0.89645688316, 0.31946617034, 0.90593504318, 0.52553489219, 0, 0.28536303597, 1.2580401127, 0.30125429101, 1.4389406472, 0.18579592006],
      [4.3601755968, 7.4538333801, 0.47509812655, 1.3329248679, 9.3802918293, 12.415730846, 12.5539397334, 16.4323831786, 0.31026593917, 5.2374078584, 0.15579051367, 0.52169974964, 2.1125073569, 0.44073476963, 11.9921498197, 7.9378130855, 29.7611121341, 7.3869696922, 26.2134178996, 33.2617661404, 25.160486667, 8.0310393226, 26.652999812, 15.415694535, 4.5912797676, 7.6790894549, 2.9889713319, 6.118178522, 0.63536456983, 0.56485404437, 0.39194332801, 2.1492511882, 2.5964148982, 1.8745790773, 2.8399180937, 6.8706094577, 29.6336535237, 11.1459906025, 14.509466664, 5.3021741119, 0, 22.4649318302, 9.8564782639, 21.7318607045, 14.0758709061, 0, 6.9297762124, 43.008541579, 10.4150497851, 50.3465245291, 9.2729415152],
      [3.7384978084, 8.4535984995, 0, 1.1564485587, 11.2675106515, 18.9016796956, 9.9136802861, 17.1869988981, 0.25740374901, 4.0923929881, 0.45039913457, 0.90182314931, 1.5788679922, 1.7528613619, 17.5520528323, 10.0506767542, 29.9955569456, 8.2827339496, 21.4629474052, 40.7530456549, 32.3629723022, 11.9908569786, 30.4052763594, 14.4705190961, 5.217589126, 10.7873681121, 4.4021306111, 4.63417147, 0.73412921905, 1.6633122393, 0.34963470333, 2.2381378418, 3.5512139901, 1.9545565025, 3.3133320626, 10.3530692247, 29.5738087093, 16.9019205262, 20.4436911656, 7.0714647802, 0, 24.5045287478, 13.4701500667, 28.0534823133, 19.2852866128, 1, 6.2104869556, 53.1585287178, 8.6381210133, 41.790842293, 9.9978317166],
      [1.7651437389, 2.0935125708, 0, 0.55601588814, 2.5179330842, 3.3368724355, 3.3005780379, 5.0534079059, 0.24612277601, 1.370595901, 0.10682288045, 0, 0.56973387726, 0.45132160577, 5.0494242364, 1.4312171139, 6.7625313755, 3.6598646666, 7.0106715182, 12.3174948542, 7.7026901309, 1.8838773213, 5.6379362909, 3.3795757982, 1.6149302853, 3.1167311876, 0.59566553027, 0.62314254114, 0.16471598568, 0, 0.054644082486, 0.48972590195, 2.6706201841, 0, 0.65958424722, 2.9440697636, 7.9435709903, 3.3886302559, 5.0936690581, 0.93719110071, 0, 5.7210424457, 4.9236745217, 6.6514473698, 2.847513383, 0, 2.3458638481, 12.3717295393, 1.7004395552, 17.4828235062, 2.8091712068]
    ],
    [
      [1.0967346803, 1.6004506635, 0.16290898141, 3.8722570847, 9.6451334788, 21.4156765425, 11.9906365905, 26.521223927, 0.6925472601, 2.2918059058, 1.317812692, 0.33612071261, 0.38631855553, 0.1492494192, 21.502680926, 2.5989548065, 8.4516274095, 4.657032831, 2.816698848, 20.6083627207, 15.8630843249, 4.4008788618, 23.3014870478, 9.0747893, 3.2105940565, 5.1431691416, 5.8121098635, 3.4020128325, 0.21639062438, 0.51869075696, 0.47354626141, 1.5704424422, 1.4798779968, 1.0811286022, 1.8210529515, 8.9393742511, 15.9469743182, 15.4594765514, 9.3167202718, 1.4142525208, 0.12013017031, 26.3518324981, 18.7004030001, 31.5053103552, 3.2024754797, 0, 7.4545787531, 38.0268729587, 1.9139164707, 20.9606168761, 0.5586718091],
      [6.2098844814, 4.557866214, 1.6363072635, 18.3109726166, 28.1674812981, 57.5528511404, 48.6024340046, 64.2046150902, 1.7072555649, 8.986738871, 2.2385662104, 2.2774491804, 2.6143208148, 0, 26.731804456, 5.5104915639, 28.9077692421, 20.9132421809, 8.8114563047, 69.8024697516, 48.4382668995, 14.5086734815, 59.0038527944, 28.049997031, 7.3350596276, 11.484132556, 5.7524019854, 10.7297105308, 0.36274260156, 0.10988246074, 3.0278007072, 4.6953886228, 5.7915272365, 2.2398401439, 6.9366244303, 17.7546473485, 63.2180809559, 43.1703492853, 18.7556566838, 10.6484107861, 0.93574706642, 63.5848647299, 23.8563811877, 58.7455041963, 10.7534739132, 0, 40.0116633525, 100.9964037545, 13.9137826138, 61.2740981197, 6.0161712356],
      [12.7913371093, 19.1540457415, 2.2007837551, 43.8117466999, 81.3766246776, 116.0635427495, 118.6419926177, 256.6278011244, 9.5652032144, 42.8332556321, 6.076386721, 3.1020033687, 10.0672472685, 1.4595654876, 94.6094095217, 24.7632237851, 130.7159154648, 41.8069402805, 65.0655791553, 297.8429859236, 202.530285244, 56.1877077959, 299.4907366789, 170.9957758002, 25.7408552372, 30.1415273198, 28.5175364218, 45.9456067368, 2.7243450368, 2.642615802, 7.8412571971, 9.2584714156, 13.8096951626, 10.0449861648, 8.6050936053, 49.4641783139, 310.6558175584, 181.6759981559, 75.6712242941, 24.4526071476, 7.8081294102, 201.5918518721, 93.6732738659, 179.6384926113, 36.8982262816, 0, 122.9436281451, 436.6361977333, 61.5255398864, 272.7598219138, 33.7659136243],
      [2.761577882, 5.533263992, 0, 9.5457578217, 25.1846569219, 46.2551627566, 23.7906526104, 69.3421578655, 1.8938034489, 8.5555896578, 4.2265308625, 1.2844267383, 1.8373993543, 1.3522863539, 35.990495324, 8.0226518247, 34.0718044409, 12.0939556655, 13.8056628599, 94.6821880122, 67.3612895741, 21.5582405149, 88.5605956659, 41.7275782877, 7.4515796556, 10.8785051368, 10.844261621, 8.9226698999, 0.66714019817, 1.7288109803, 1.6098784872, 2.4097279073, 4.8730668134, 2.6340450891, 2.5781746465, 19.2215042518, 80.7334742756, 71.1012861531, 27.5005606121, 8.3837503897, 0.9991866156, 57.0377355123, 33.388970892, 60.5129162037, 12.9798702027, 0, 28.4748163718, 139.7906882916, 13.3138199381, 58.7411901054, 9.3551163706],
      [0.14046584696, 0.15437338902, 0, 0.45926577715, 0.62610362367, 0.71276681107, 0.97428417685, 2.3042019928, 0.14119051171, 0.3326099334, 0.14070351407, 0, 0.094714006925, 0.03889873926, 1.1656097723, 0.10467801992, 0.8528834426, 0.52882904214, 0.50060283209, 3.0639935919, 1.8070739575, 0.34449934596, 1.643327813, 1.1518595811, 0.26191142299, 0.35266584584, 0.073690108405, 0, 0.029381539134, 0, 0.04751734714, 0.065969612162, 0.045832790573, 0, 0.059054366421, 0.62029583468, 2.4456528919, 1.5928898543, 0.75583813824, 0.10097915575, 0.13680673745, 1.4337153875, 1.3809710543, 1.5977766335, 0.16595412275, 0, 1.1153133776, 3.5498372619, 0.3329410911, 2.2642729851, 0.30412696029]
    ],
    [
      [2.7895483051, 4.6616900191, 0.14530541019, 3.7324970647, 11.3731849806, 17.1480016468, 12.8738416975, 18.277539842, 1.0222440592, 3.7020855974, 1.1873329281, 0.71137964187, 0.60262481671, 0, 26.3463759735, 6.6968354328, 12.2488644474, 8.5387302837, 3.8333852924, 18.636892124, 13.2940251561, 3.7504607643, 22.4856480878, 6.6968464591, 6.5454485817, 10.1656042246, 3.1512534791, 3.3684001412, 0.59880607712, 0.36436189344, 0.43754067983, 2.9299933495, 1.138915089, 0.33711420336, 2.5953248226, 11.451196432, 11.7548962766, 10.7882697768, 17.70452598, 1.8656495632, 0.043098800838, 27.5180459923, 12.985916908, 23.8350956813, 4.0295444047, 0, 8.8818518986, 52.0049258113, 0.3263455047, 26.5107085303, 0],
      [2.1420662741, 2.8045932373, 0.066812398702, 3.1400072723, 6.680818859, 9.3134439732, 9.3122410622, 9.322550962, 0.46048107704, 3.4243331867, 0.45049791635, 0.79675754203, 1.1493790421, 0, 9.7899411103, 2.8279567768, 9.7219607307, 5.5078740793, 3.332192515, 15.7830255236, 9.179976696, 3.0967192534, 11.0283089317, 4.3963241007, 3.3583552383, 5.2967958855, 0.78008580424, 2.1064778877, 0.10359507765, 0, 0.46362423681, 1.8456343283, 0.70536561655, 0.18362550542, 1.5541767829, 5.5870693953, 13.8922951951, 6.757586073, 7.2516307681, 4.2441099976, 0.18984510252, 14.8460675108, 4.708950068, 11.9677535115, 2.9338522022, 0, 10.2633729204, 28.8411019692, 3.9304097209, 16.3030890993, 1.3706673661],
      [2.7852231675, 4.5703322751, 0.032714412829, 3.8287870734, 8.1283888146, 8.7839442655, 12.6462361738, 14.9042920537, 0.67966652199, 5.7869253375, 0.072045671671, 0.7605355134, 1.5331648658, 0, 13.8636308797, 5.239783702, 17.313261047, 6.9259448087, 11.1064835496, 28.331845816, 15.9405034008, 4.8087661862, 25.5747812888, 12.9378694957, 4.4970157756, 5.2470641711, 2.3232263131, 3.218083513, 0.31075223802, 0.40700935175, 0.56093667015, 1.9010229605, 0.74696979294, 0.25642512685, 1.8842662248, 5.5302157471, 28.0483522272, 12.3722028706, 11.8566412041, 5.2381735635, 0.35314484586, 20.0143629667, 8.0719189821, 15.1040605903, 3.9462308558, 0, 14.2726189691, 52.0644354395, 6.4103335533, 28.195541017, 6.2569222014],
      [85.7006924062, 211.2222587471, 0.75516777828, 116.8328038157, 392.9614071485, 532.5889205752, 338.4618659722, 634.0935393729, 31.3764401102, 194.6126041962, 45.2050352502, 38.7313273027, 50.2680631957, 26.9468842304, 775.4154107366, 259.7202919691, 709.9871644246, 275.8043667699, 379.3872711413, 1338.142541215, 804.6435443602, 271.7633554302, 1140.9962257754, 478.2869122996, 208.081682947, 312.9528322328, 103.2425071618, 102.1373943963, 19.3726023963, 22.2286287548, 19.301446269, 69.1922797192, 39.4716602505, 11.2228351644, 60.156789764, 364.1918233542, 1094.4985428891, 705.5875742318, 687.5877227193, 243.1859450771, 11.8619341302, 842.8355099192, 399.2997325805, 731.49566665, 211.5827606442, 7, 483.0487259305, 2564.779989808, 212.3076553521, 953.4601790659, 242.4020981841],
      [2.5824698471, 3.7411257214, 0, 3.4659047738, 5.8562001974, 5.1656895393, 7.7058150944, 12.4020777694, 1.4611682316, 4.4740516822, 1.0850882337, 0, 1.4467680796, 1.0531157696, 15.5846412999, 1.5151321193, 10.7287493503, 7.2230840584, 8.3406675017, 26.1056953215, 12.9419503868, 2.5806983659, 12.9150359164, 7.6820476448, 4.5174974573, 6.3377034859, 0.50292724183, 0.16964406176, 0.61424421093, 0, 0.2364521442, 1.1310696425, 0.937089251, 0, 0.8094424057, 7.2396950715, 19.805913412, 9.4943670478, 11.5994793285, 1.4661217986, 0.55197712053, 12.7860136109, 9.9334814614, 11.5974235668, 1.5076118931, 0, 11.5334302814, 39.309546972, 3.0252558689, 23.5304822874, 4.9703122484]
    ],
    [
      [0.011467272994, 0.062958910842, 0, 0.16204325275, 0.23535491176, 0.26403036439, 0.27953738442, 0.58476181736, 0.0057710649086, 0.049510258879, 0.078398491259, 0.0008761664645, 0.0051448842804, 0, 0.41358868793, 0.086451488277, 0.17692556943, 0.049439041339, 0.082979263862, 0.38078900304, 0.21677009087, 0.072135086702, 0.50405502091, 0.15936947801, 0.054724196257, 0.13075737573, 0.09457467399, 0.061125292199, 0.012408721901, 0.022606281446, 0.0093274411914, 0.023240184349, 0.0031422486857, 0, 0.0070105222921, 0.16112928882, 0.26232757132, 0.24174233966, 0.26749978783, 0.011746938624, 0, 0.44216049212, 0.29432776623, 0.41838631342, 0.055126090928, 0, 0.15382938444, 1.0461812623, 0, 0.24266405888, 0.0088135223162],
      [6.486756164, 19.1045452259, 5.8180686068, 57.1554263193, 71.1035772003, 102.8839522149, 109.8510406984, 146.2726645588, 1.6937243645, 21.8840627077, 12.1304884915, 0.93958922263, 9.7407117274, 0, 61.5303175624, 20.2003909993, 66.7142658281, 22.7385954536, 35.3041377346, 152.7861418339, 71.3930897419, 26.7570415882, 133.1742977506, 59.631080584, 13.6438175294, 33.8340802135, 13.9593021768, 26.5583568333, 2.4735221631, 1.8491588668, 4.5924814409, 11.9771668625, 2.6791985656, 4.2377348837, 9.4403721482, 36.6842329415, 172.80972047, 72.9173930069, 55.7179273447, 18.673815927, 1.6725090752, 122.3673174739, 48.7721920542, 104.8100961183, 20.959568045, 0, 114.4858292024, 288.7959081402, 27.0661472557, 73.0992322144, 4.6414311019],
      [0.2147336348, 1.3740953776, 0.18193139318, 2.5194779728, 3.6883134908, 3.749246219, 4.9881622872, 10.6221197453, 0.1315821505, 1.8180894982, 0.49423119495, 0.016301342235, 0.57244415735, 0, 3.9395974037, 1.5746825892, 5.4459726033, 0.80230071108, 4.6191218728, 11.8836763573, 5.4160178174, 1.8465016384, 12.2744865937, 6.529179448, 0.82533499217, 1.5625458016, 1.1985650483, 1.994977139, 0.17986309538, 0.21161984422, 0.17252785592, 0.38346764088, 0.10194073965, 0.29074465187, 0.19902782213, 1.818571428, 15.4842683242, 5.5693529371, 4.0397506349, 0.7470492691, 0.17230278761, 7.0605759212, 3.4625215052, 5.847555803, 1.264464095, 0, 6.3939936735, 22.7781279084, 2.1270048574, 5.9167788745, 0.50002863479],
      [0.28629481448, 2.4523242384, 0, 3.1630524551, 6.9611271763, 9.1027712017, 5.8355657445, 17.484245353, 0.16892242007, 2.2412326833, 2.2524811119, 0.043233268672, 0.66719877275, 0, 9.0973512743, 3.1384749233, 8.6518970713, 1.409664794, 5.9820349288, 22.9274004258, 10.9592848236, 4.3242938932, 22.0471606347, 9.6621161139, 1.4725744943, 3.4622445876, 2.747558101, 2.3855407355, 0.32644209639, 0.91661500749, 0.22264741874, 0.61040112736, 0.21571844606, 0.47152046446, 0.35200555818, 4.3249420142, 24.396079893, 13.2572061785, 8.9624457896, 1.5673878653, 0.1520152848, 12.1200333227, 7.4510085582, 11.9052241826, 2.7208417691, 0, 8.9663477397, 44.3352572981, 2.7979845758, 7.7413248523, 0.84848904467],
      [0.00074811373265, 0.0060762472103, 0, 0, 0.011627220913, 0, 0.045693885504, 0.036208525472, 0, 0.0071048519074, 0.044400710456, 0, 0.014500458272, 0, 0.019145071768, 0, 0.010938927883, 0, 0.011726199967, 0.021992379971, 0.014837526245, 2.7793564899e-05, 0, 0.018254376065, 0.0035487879341, 0.010372021646, 0, 0, 0.0077639231901, 0, 0.0030158432067, 0.0057241848845, 0, 0, 0.0015839491877, 0.011124327439, 0.047603741519, 0.014305537832, 0.012376442936, 0, 0.0031728523909, 0.0099127900559, 0.019950116122, 0.018737582692, 0, 0, 0, 0.044525390985, 0.0088633111059, 0, 0.0012376963584]
    ],
    [
      [3.216911218, 8.9012982353, 0.44833782306, 9.3493300861, 17.3216281461, 39.5970262928, 26.2685311438, 36.8095539842, 1.1003632829, 7.7966430048, 2.1368187653, 3.4203154582, 1.3370009762, 0.49566831808, 54.7624354699, 11.2615257177, 21.4765727369, 14.538445589, 13.3929197322, 43.6935216015, 26.6139745659, 13.9462701887, 46.0671098339, 16.6525812279, 12.7791229783, 17.5142204745, 9.004624189, 8.727110154, 0.71757812285, 1.3270759484, 2.8946391647, 2.487918006, 3.3317744899, 3.4747771097, 4.6454777186, 25.9291956839, 36.9510458141, 26.282392196, 36.2125796765, 8.3080059034, 0.83677102885, 66.2749209243, 51.5891213483, 58.5839330808, 10.4470598187, 0, 14.2812300159, 93.7188599163, 8.8146026693, 57.3451415103, 3.6982550273],
