{
  "Z_true": {},
  "V_true": [
    [629, 25, 777, 131, 53],
    [981, 431, 7598, 895, 451],
    [184, 1030, 163, 17474, 820],
    [42, 1657, 276, 952, 85],
    [16, 189, 92, 482, 380],
    [66, 164, 209, 717, 427]
  ],
  "p_true": [
    [0.3895, 0.0155, 0.4811, 0.0811, 0.0328],
    [0.0947, 0.0416, 0.7337, 0.0864, 0.0435],
    [0.0094, 0.0524, 0.0083, 0.8883, 0.0417],
    [0.0139, 0.5501, 0.0916, 0.3161, 0.0282],
    [0.0138, 0.1631, 0.0794, 0.4159, 0.3279],
    [0.0417, 0.1036, 0.132, 0.4529, 0.2697]
  ],
  "Z_est": [
    [
      [10.1208, 3.1996, 25.7107, 7.3905, 20.943, 9.2681, 0, 24.7227, 4.9416, 23.4671, 21.4965, 53.5373, 14.6809, 39.0068, 18.46, 6.2281, 10.1519, 22.4968, 24.1765, 13.2322, 27.0618, 16.923, 9.5875, 53.7387, 2.2857, 8.5723, 7.2002, 56.3538, 20.3003, 33.5012, 15.371, 32.1106, 2.7226, 85.4943, 6.8533, 103.767, 14.9481],
      [0, 0.0006, 0.0023, 0.0007, 0.004, 0, 0, 0, 0, 0, 0.0089, 0, 0.0081, 0.0097, 0.0133, 0.0026, 0.0104, 0.0354, 0.01, 0.0071, 0.0105, 0.0087, 0.0048, 0.0194, 0, 0, 0.0034, 0.0021, 0.0168, 0.0162, 0.0073, 0.0104, 0.0021, 0.042, 0.0027, 0.0125, 0.0064],
      [3.4709, 0.3448, 14.1992, 1.3195, 11.2719, 5.3523, 0, 12.9429, 1.5933, 11.1207, 14.2413, 18.8809, 11.5826, 27.1721, 15.7867, 2.7263, 2.2895, 22.2133, 16.1763, 8.5059, 15.8456, 11.251, 3.3719, 24.0357, 0.7661, 3.9902, 2.3072, 32.2014, 17.1051, 12.5734, 8.3479, 13.8655, 2.5135, 53.0866, 3.4688, 20.5, 6.9295],
      [2.7445, 0.4315, 14.0249, 1.1417, 8.3399, 3.5042, 0, 6.8529, 2.1666, 5.8582, 8.5948, 11.7599, 6.2762, 13.6134, 9.1018, 2.6402, 2.6813, 9.0479, 9.0477, 5.9048, 10.1491, 5.6546, 3.5336, 13.8814, 0.7636, 2.8488, 2.0051, 20.2335, 10.6698, 11.2857, 4.3063, 8.6805, 1.4544, 31.5764, 2.2841, 13.2258, 5.3389],
      [0.6638, 0.0234, 2.0629, 0.1476, 1.4411, 0.8754, 0, 1.4816, 0.2985, 1.554, 1.6584, 2.8219, 1.4522, 3.1979, 1.6382, 0.4029, 0.8669, 2.2066, 2.5894, 1.35, 1.933, 1.1627, 0.5022, 3.3247, 0.1846, 0.5887, 0.4841, 4.2091, 2.9079, 2.6236, 0.9675, 2.333, 0.3075, 6.8007, 0.3911, 3.4947, 0.7772]
    ],
    [
      [8.1566, 3.594, 20.6101, 13.8347, 25.1031, 3.5245, 0.7575, 15.2406, 2.3096, 34.3323, 20.4497, 31.122, 24.4773, 43.3207, 25.2173, 13.5125, 10.1274, 5.966, 30.9307, 25.2736, 22.052, 32.4957, 10.4275, 72.9705, 1.0179, 7.1968, 5.2193, 38.4739, 13.9952, 30.8347, 13.2011, 50.4486, 10.5035, 83.5133, 9.8749, 121.1986, 12.6512],
      [4.051, 1.2974, 26.017, 5.786, 27.8131, 2.6545, 0.2815, 8.8927, 1.342, 57.6562, 41.995, 22.3082, 41.3902, 89.3619, 51.0125, 15.9607, 10.7452, 11.17, 63.2003, 42.4423, 28.4845, 47.9953, 14.4281, 84.6081, 2.6607, 4.8775, 4.9482, 42.8565, 29.6408, 33.4863, 15.2878, 66.3232, 28.305, 132.052, 11.4261, 55.2299, 14.1216],
      [41.895, 8.0969, 165.026, 38.748, 195.8716, 30.4104, 5.711, 114.157, 11.7978, 235.658, 197.396, 160.7148, 285.2429, 439.5814, 324.7608, 86.4381, 34.1493, 87.7325, 302.1007, 236.8611, 187.2817, 313.2463, 54.0775, 471.71, 5.8987, 49.8362, 25.5884, 317.4027, 176.9595, 167.5499, 104.5792, 315.0945, 159.2775, 749.2806, 73.6995, 373.3431, 85.8025],
      [8.6865, 2.6655, 42.7618, 8.8534, 37.9116, 5.1805, 0.5163, 16.0529, 4.1269, 32.8237, 31.1956, 26.1754, 40.4644, 57.9103, 49.1857, 21.7384, 10.6498, 9.4161, 44.4343, 42.9072, 31.2908, 41.204, 14.8434, 71.1072, 1.5016, 9.2924, 5.7541, 52.1639, 28.9436, 39.3765, 13.9922, 51.6893, 24.0799, 116.5087, 12.5898, 64.542, 17.2286],
      [5.2109, 0.3462, 15.5851, 2.7778, 16.3007, 3.2302, 0.7337, 8.6568, 1.4238, 21.5298, 14.9637, 15.6796, 23.4252, 33.8257, 21.8238, 8.3502, 8.3283, 5.7154, 31.3341, 24.5159, 14.891, 21.0588, 5.2235, 42.6042, 0.9211, 4.7971, 3.49, 27.103, 19.4609, 22.7527, 7.9398, 34.4443, 12.834, 62.6454, 5.4098, 41.6864, 6.196]
    ],
    [
      [1.6094, 0, 3.4647, 0, 4.5893, 0.8247, 0.0827, 1.1281, 0.5848, 6.6592, 3.0228, 3.3434, 1.7652, 4.8509, 0.4674, 1.3777, 1.4977, 0.5754, 3.3422, 2.8452, 3.6213, 3.4896, 2.1734, 8.5667, 0.4539, 1.7272, 1.1356, 5.1188, 0, 3.6836, 2.0307, 5.7044, 0, 10.113, 1.5534, 0, 1.5494],
      [1.5312, 0.1789, 17.9001, 4.2829, 20.5381, 1.2168, 0.0423, 2.0836, 0.072, 42.9903, 31.112, 13.5821, 23.6363, 50.996, 25.078, 5.9931, 7.4701, 9.4734, 36.1124, 26.5563, 20.7682, 24.1008, 11.5118, 45.7883, 2.3873, 2.7243, 4.7641, 24.1688, 18.9825, 17.2321, 9.7384, 32.8841, 11.1263, 78.2923, 7.053, 26.0417, 6.9235],
      [8.221, 0.9408, 26.2188, 7.4148, 32.3602, 5.5526, 0.106, 7.247, 1.3422, 41.9201, 32.3621, 21.7443, 33.9879, 55.9986, 33.7897, 6.3613, 2.6538, 14.0846, 38.3336, 31.0058, 28.5227, 32.1939, 7.4881, 53.4441, 0.9122, 9.8877, 4.4454, 39.1438, 24.4255, 16.6633, 13.3557, 33.2842, 14.1048, 93.2264, 9.1829, 52.1466, 8.5886],
      [203.1228, 30.8595, 874.1847, 180.7238, 791.3686, 117.2753, 3.5432, 124.8245, 75.0013, 708.9861, 635.6717, 437.2164, 610.2053, 908.4403, 629.664, 216.5822, 172.2355, 205.0443, 692.0083, 711.7751, 611.2116, 546.1989, 309.7067, 1027.0898, 43.212, 228.2841, 143.6243, 815.359, 482.8121, 527.8068, 237.6287, 690.8175, 261.118, 1839.577, 208.1489, 893.4072, 224.6893],
      [8.5156, 0.0208, 21.2317, 3.5786, 23.1438, 5.1306, 0.2258, 4.7169, 1.9996, 32.4443, 20.8314, 18.1138, 24.4054, 36.7141, 19.0009, 5.6856, 8.1429, 8.8223, 33.2035, 27.8176, 19.8763, 19.0168, 7.1201, 42.1112, 2.0346, 8.3767, 6.0306, 29.2095, 21.7799, 20.6142, 9.2466, 31.3098, 9.6509, 67.7914, 6.0618, 41.4044, 5.2492]
    ],
    [
      [0.0135, 0.0014, 0.0415, 0.0103, 0.0585, 0.0131, 0.0176, 0.0507, 0.0077, 0.0783, 0.0336, 0.0437, 0.0112, 0.0546, 0, 0.0414, 0.0539, 0.0035, 0.0357, 0.0392, 0.0417, 0.0651, 0.024, 0.093, 0.0056, 0.0129, 0.0073, 0.1126, 0, 0.0876, 0.0271, 0.0833, 0, 0.1662, 0.0262, 0, 0.0225],
      [4.7528, 0.4136, 35.4784, 7.3675, 41.7048, 5.7821, 0.6421, 16.4668, 2.5063, 78.028, 58.8673, 28.3207, 59.8706, 137.3537, 72.1706, 23.7667, 30.8102, 13.3756, 74.9878, 58.298, 35.5678, 68.6248, 19.1095, 74.0879, 4.3163, 5.6791, 4.6396, 81.1944, 32.3966, 56.9651, 18.3086, 71.5546, 31.2705, 209.5084, 16.761, 61.6025, 14.8206],
      [4.5009, 0.2775, 21.8145, 4.7467, 28.5009, 6.0321, 0.892, 17.8261, 1.9578, 30.5982, 26.852, 19.7544, 40.3784, 65.4148, 45.095, 12.5075, 9.4848, 10.2475, 34.7683, 31.795, 22.7924, 43.9167, 6.926, 40.4037, 0.8125, 5.3947, 2.275, 58.3926, 18.8987, 27.8972, 12.1771, 33.1014, 17.4367, 116.4438, 10.4522, 42.2069, 8.721],
      [2.916, 0.2859, 17.6595, 3.3702, 17.2792, 3.2375, 0.303, 7.7286, 2.1822, 13.2333, 13.2816, 10.0834, 17.928, 26.8646, 21.3066, 9.9262, 9.2776, 3.4128, 15.9404, 18.0784, 11.9597, 18.0897, 5.9616, 19.1123, 0.6747, 3.1582, 1.6247, 30.0555, 9.6597, 20.5286, 5.147, 16.9811, 8.2609, 56.7258, 5.6413, 22.3538, 5.5073],
      [0.8167, 0.0216, 3.0061, 0.5053, 3.4565, 0.9352, 0.1454, 1.9278, 0.3459, 4.0622, 2.9655, 2.7978, 4.8118, 7.3122, 4.4278, 1.7582, 3.3734, 0.9605, 5.2678, 4.7894, 2.6385, 4.3036, 0.9788, 5.3031, 0.1909, 0.7552, 0.4534, 7.2449, 3.045, 5.5215, 1.3402, 5.2795, 2.0318, 14.1559, 1.1193, 6.8368, 0.9285]
    ],
    [
      [0.0021, 0, 0.0045, 0.0005, 0.0041, 0.001, 0, 0.0013, 0.0002, 0.0077, 0.0029, 0.0018, 0, 0.0038, 0, 0.0026, 0.0008, 0, 0.0024, 0.0026, 0.0058, 0.0065, 0.0091, 0.0153, 0.0012, 0.0031, 0.0014, 0.0079, 0, 0.0047, 0.0064, 0.008, 0, 0.014, 0.0009, 0, 0.0019],
      [0.3592, 0.0787, 2.0723, 0.1579, 1.5102, 0.1878, 0, 0.2394, 0.0278, 3.9881, 2.7306, 0.6111, 3.177, 3.9426, 1.7032, 0.7209, 0.2667, 0.9643, 3.8295, 3.1964, 2.5683, 3.7888, 2.567, 6.8638, 0.2938, 0.5295, 0.4126, 2.9448, 2.9923, 1.5472, 1.7737, 3.5446, 1.2637, 10.4435, 0.3081, 2.5848, 0.6106],
      [1.3157, 0.222, 4.8186, 0.3883, 3.8977, 0.755, 0, 0.9823, 0.0847, 5.9145, 4.7076, 1.6116, 8.0885, 7.0757, 4.0111, 1.4398, 0.3163, 2.8068, 6.7069, 6.579, 6.2175, 9.1459, 3.5315, 14.1142, 0.2334, 1.9345, 0.7799, 7.9921, 6.6284, 2.8622, 4.471, 6.1914, 2.6707, 21.8622, 0.7306, 6.7527, 1.3655],
      [4.3918, 1.2365, 19.9558, 1.4216, 12.0952, 2.099, 0, 2.1843, 0.4961, 13.053, 11.9147, 4.2149, 18.3757, 14.8441, 9.6927, 5.8783, 1.5547, 4.7961, 15.7138, 19.1504, 16.7108, 19.2773, 15.6272, 34.1479, 1.0203, 5.8342, 2.8846, 21.0415, 17.3273, 10.775, 9.7158, 16.2432, 6.4918, 54.4357, 2.031, 18.2313, 4.434],
      [5.9312, 0.4628, 16.1488, 1.0316, 11.4928, 2.9571, 0, 2.5928, 0.3913, 19.0366, 12.6442, 5.5606, 23.3588, 19.1338, 9.593, 4.9584, 2.8615, 6.4328, 24.7474, 24.0716, 17.4976, 21.7815, 12.2651, 44.8588, 1.4513, 6.6987, 3.9215, 24.0137, 26.052, 13.8109, 12.033, 24.0129, 7.5739, 64.2446, 1.9295, 26.4312, 3.588]
    ],
    [
      [1.0977, 0.2049, 2.1684, 1.764, 2.302, 0.3686, 0.1422, 0.8566, 0.1561, 2.4554, 1.9944, 2.9518, 2.0655, 3.7631, 1.8554, 0.8377, 1.1683, 0.9582, 2.5124, 1.6072, 2.2175, 3.02, 1.7785, 5.6159, 0.2358, 0.4876, 0.4362, 2.9329, 1.7045, 2.8883, 1.3637, 3.6452, 0.7739, 8.6993, 0.6914, 11.0345, 0.8269],
      [0.3058, 0.0308, 1.53, 0.405, 1.4298, 0.1588, 0.034, 0.3175, 0.0518, 2.3374, 2.2861, 1.1778, 1.9178, 4.336, 2.0224, 0.556, 0.6974, 0.9814, 2.86, 1.5, 1.6008, 2.4816, 1.3788, 3.6325, 0.3419, 0.1896, 0.2322, 1.8334, 1.9709, 1.7531, 0.8842, 2.6831, 1.0324, 7.6619, 0.4491, 2.5285, 0.5172],
      [1.5965, 0.118, 4.9229, 1.3826, 5.0978, 0.8976, 0.291, 1.8448, 0.2242, 4.7884, 5.4411, 4.2941, 6.7196, 10.7573, 6.5567, 1.5271, 1.1063, 3.9153, 6.9141, 4.2533, 5.34, 8.2463, 2.605, 10.2922, 0.3771, 0.9566, 0.604, 6.8674, 5.9829, 4.454, 3.0692, 6.4629, 2.9968, 22.1003, 1.4661, 9.0506, 1.5929],
      [12.1383, 1.5211, 46.4132, 11.4893, 36.0055, 5.7035, 1.6376, 9.3568, 3.027, 24.0457, 31.3416, 25.55, 34.7505, 51.3272, 36.0492, 14.2346, 12.6011, 15.2828, 36.8556, 28.1841, 32.6781, 39.5755, 26.3275, 56.6614, 3.8277, 6.5824, 5.1072, 41.1466, 35.5874, 38.2274, 15.21, 38.5883, 16.595, 125.1764, 9.3048, 55.2401, 11.8018],
      [3.8618, 0.1252, 8.9654, 1.9591, 8.1649, 1.8714, 0.8952, 2.6242, 0.5409, 8.3731, 7.9368, 8.0263, 10.5467, 15.8163, 8.5164, 2.8447, 5.427, 4.8622, 13.8578, 8.4555, 8.1637, 10.6767, 4.9103, 17.7981, 1.2175, 1.7837, 1.6204, 11.2197, 12.7543, 11.6772, 4.4729, 13.6205, 4.6019, 35.362, 2.0886, 19.1463, 2.2611]
    ]
  ],
  "V_est": [
    [850.0223, 0.2785, 433.3499, 271.6241, 59.7252],
    [893.9347, 1142.1093, 6632.9769, 1089.7643, 597.2148],
    [92.9518, 665.3334, 842.6614, 17419.4246, 650.6288],
    [1.3849, 1557.3708, 881.693, 455.737, 115.8143],
    [0.1245, 74.8012, 159.2059, 419.2976, 505.5709],
    [79.5819, 56.1068, 165.1129, 995.1524, 287.046]
  ],
  "p_est": [
    [0.5263, 0.0002, 0.2683, 0.1682, 0.037],
    [0.0863, 0.1103, 0.6405, 0.1052, 0.0577],
    [0.0047, 0.0338, 0.0428, 0.8855, 0.0331],
    [0.0005, 0.5171, 0.2927, 0.1513, 0.0385],
    [0.0001, 0.0645, 0.1374, 0.3618, 0.4362],
    [0.0503, 0.0354, 0.1043, 0.6286, 0.1813]
  ],
  "EI_Z": {},
  "EI_V": 8.6136,
  "MAE_Z": {},
  "MAE_V": 214.7426,
  "MAE_p": 0.0617,
  "runtime": 0.025
}
