{
  "Z_true": {},
  "V_true": [
    [17, 699, 589, 132, 14],
    [448, 1301, 8640, 938, 169],
    [404, 368, 546, 17803, 333],
    [1182, 81, 251, 502, 42],
    [141, 239, 275, 482, 229]
  ],
  "p_true": [
    [0.0117, 0.4817, 0.4059, 0.091, 0.0096],
    [0.039, 0.1132, 0.7516, 0.0816, 0.0147],
    [0.0208, 0.0189, 0.0281, 0.9151, 0.0171],
    [0.5743, 0.0394, 0.122, 0.2439, 0.0204],
    [0.1032, 0.175, 0.2013, 0.3529, 0.1676]
  ],
  "Z_est": {},
  "V_est": [
    [0, 1347.4859, 0, 103.5141, 0],
    [394.6002, 463.7867, 10301, 0, 336.6131],
    [0, 86.3651, 0, 19367.6349, 0],
    [1527.5329, 20.1547, 0, 385.8511, 124.4613],
    [269.8669, 770.2074, 0, 0, 325.9256]
  ],
  "p_est": [
    [0, 0.9287, 0, 0.0713, 0],
    [0.0343, 0.0403, 0.8961, 0, 0.0293],
    [0, 0.0044, 0, 0.9956, 0],
    [0.7422, 0.0098, 0, 0.1875, 0.0605],
    [0.1976, 0.5638, 0, 0, 0.2386]
  ],
  "EI_Z": {},
  "EI_V": 14.5896,
  "MAE_Z": {},
  "MAE_V": 418.1382,
  "MAE_p": 0.1159,
  "runtime": 0.039
}
