{
  "X": [
    [12, 86, 93, 107, 136, 0],
    [7, 75, 123, 106, 118, 1],
    [22, 77, 91, 88, 92, 0],
    [34, 22, 46, 71, 124, 1],
    [23, 92, 92, 101, 123, 0],
    [13, 55, 42, 102, 99, 0],
    [19, 40, 49, 123, 194, 0],
    [16, 34, 29, 115, 161, 1],
    [22, 29, 27, 107, 147, 2],
    [13, 24, 34, 95, 161, 0],
    [18, 26, 32, 95, 118, 0],
    [32, 21, 56, 93, 185, 1],
    [41, 7, 67, 63, 160, 1],
    [11, 9, 59, 81, 202, 0],
    [24, 10, 71, 87, 154, 2],
    [16, 13, 51, 67, 172, 0],
    [10, 33, 34, 111, 173, 0],
    [20, 65, 64, 112, 146, 0],
    [20, 53, 44, 123, 184, 1],
    [31, 10, 26, 92, 145, 0],
    [19, 19, 31, 97, 164, 1],
    [36, 28, 39, 85, 154, 1],
    [20, 22, 42, 71, 188, 0],
    [16, 11, 45, 47, 152, 1],
    [10, 12, 27, 55, 125, 0],
    [12, 14, 33, 63, 102, 0],
    [14, 34, 56, 109, 195, 1],
    [15, 21, 45, 121, 185, 0],
    [27, 31, 59, 102, 194, 0],
    [6, 36, 55, 87, 142, 0],
    [19, 14, 48, 90, 197, 0],
    [6, 12, 40, 110, 168, 1],
    [12, 19, 34, 72, 169, 1],
    [28, 11, 50, 101, 186, 0],
    [26, 17, 21, 79, 175, 1],
    [15, 19, 34, 82, 154, 1],
    [29, 14, 33, 67, 152, 1],
    [20, 11, 38, 89, 187, 0],
    [20, 10, 44, 80, 87, 1],
    [6, 16, 30, 97, 174, 1],
    [12, 14, 34, 82, 182, 0],
    [6, 8, 28, 74, 117, 1],
    [6, 4, 48, 48, 115, 1],
    [25, 18, 48, 136, 171, 0],
    [12, 58, 37, 119, 128, 0],
    [3, 56, 24, 82, 119, 1],
    [6, 37, 25, 65, 128, 1],
    [6, 38, 38, 105, 118, 0],
    [18, 49, 35, 90, 147, 1],
    [7, 55, 30, 92, 129, 1],
    [11, 66, 33, 128, 126, 1],
    [13, 107, 78, 89, 162, 1],
    [26, 55, 35, 136, 132, 3],
    [24, 42, 32, 130, 123, 0],
    [18, 69, 55, 90, 150, 0],
    [12, 38, 22, 112, 109, 0],
    [18, 24, 31, 98, 116, 0],
    [14, 82, 80, 101, 114, 1],
    [6, 60, 78, 101, 139, 0],
    [6, 72, 96, 105, 126, 0],
    [7, 71, 85, 86, 105, 0],
    [7, 62, 51, 86, 124, 0],
    [8, 70, 45, 65, 84, 0],
    [4, 70, 100, 89, 122, 0],
    [3, 73, 97, 114, 155, 0],
    [88, 403, 519, 936, 1510, 3]
  ],
  "W": [
    [74, 59, 110, 132, 59],
    [104, 68, 116, 100, 42],
    [70, 54, 99, 79, 68],
    [24, 10, 76, 127, 61],
    [81, 66, 109, 97, 78],
    [31, 55, 105, 91, 29],
    [25, 33, 120, 194, 53],
    [9, 23, 118, 161, 45],
    [11, 15, 108, 152, 48],
    [15, 21, 89, 162, 40],
    [10, 19, 96, 115, 49],
    [8, 13, 77, 218, 72],
    [3, 5, 56, 193, 82],
    [8, 7, 68, 202, 77],
    [6, 10, 86, 186, 60],
    [7, 12, 78, 173, 49],
    [11, 27, 120, 169, 34],
    [37, 53, 111, 149, 57],
    [22, 53, 116, 183, 51],
    [3, 11, 90, 160, 40],
    [4, 15, 105, 169, 38],
    [7, 22, 88, 183, 43],
    [6, 18, 76, 202, 41],
    [9, 9, 47, 159, 48],
    [5, 10, 54, 125, 35],
    [9, 17, 61, 110, 27],
    [14, 30, 107, 196, 62],
    [23, 16, 118, 189, 41],
    [8, 28, 118, 190, 69],
    [24, 28, 103, 134, 37],
    [12, 12, 91, 202, 51],
    [10, 12, 115, 161, 39],
    [7, 13, 75, 160, 52],
    [12, 9, 109, 191, 55],
    [6, 8, 76, 178, 51],
    [14, 12, 88, 145, 46],
    [12, 11, 62, 162, 49],
    [6, 13, 86, 189, 51],
    [15, 8, 84, 103, 32],
    [4, 13, 91, 175, 41],
    [12, 10, 83, 180, 39],
    [9, 6, 75, 108, 36],
    [10, 6, 51, 132, 23],
    [21, 17, 140, 182, 38],
    [18, 50, 108, 134, 44],
    [10, 42, 88, 122, 23],
    [9, 34, 71, 119, 29],
    [17, 28, 104, 122, 34],
    [16, 33, 102, 144, 45],
    [12, 48, 94, 127, 33],
    [20, 52, 122, 127, 44],
    [59, 80, 89, 135, 87],
    [30, 39, 145, 118, 55],
    [20, 29, 132, 121, 49],
    [34, 61, 90, 143, 54],
    [9, 27, 115, 108, 34],
    [14, 23, 94, 115, 41],
    [59, 71, 102, 107, 53],
    [53, 53, 103, 128, 47],
    [76, 63, 98, 114, 54],
    [68, 62, 99, 87, 38],
    [43, 47, 92, 113, 35],
    [33, 57, 68, 81, 33],
    [75, 58, 92, 102, 58],
    [81, 56, 117, 119, 69],
    [386, 295, 898, 1354, 526]
  ],
  "method": "mult",
  "cond_prob": [
    [
      [7.6969185328e-13, 0.23231237117, 0.72486000498, 0.034606834746, 0.0082207891089, 0],
      [2.6196815908e-11, 0.97217513796, 0.0094976739008, 0.016690477373, 0.0016367107432, 0],
      [0.0032648721997, 0.018766261222, 0.015285080167, 0.81501437033, 0.14766941608, 0],
      [0.057783833738, 0.00052191688033, 0.10875674724, 0.07294631094, 0.7599911912, 0],
      [0.078678232854, 0.024294523023, 0.34164294717, 0.11456816463, 0.44081613232, 0]
    ],
    [
      [5.767027451e-13, 0.16274276949, 0.79614573942, 0.032393880962, 0.0087176101277, 3.6254819643e-17],
      [2.7733732636e-11, 0.96071681638, 0.014756122308, 0.022074756382, 0.0024523049048, 3.1950717731e-13],
      [0.0025659382459, 0.013794542377, 0.01762792904, 0.8000484314, 0.16428503492, 0.0016781240128],
      [0.041441470956, 0.0003496015613, 0.1142777734, 0.065258287946, 0.77132304729, 0.0073498188429],
      [0.057458256827, 0.016560020261, 0.36520065119, 0.10430206489, 0.45502727652, 0.0014517303072]
    ],
    [
      [1.6962406998e-12, 0.22025876039, 0.74109101871, 0.031276296215, 0.0073739246834, 0],
      [6.0852564858e-11, 0.97232396003, 0.010229509589, 0.015899107723, 0.0015474226013, 0],
      [0.0079043455331, 0.019540964508, 0.017157324237, 0.80984058231, 0.14555678341, 0],
      [0.12902418623, 0.00050073221213, 0.1124885648, 0.066729558618, 0.69125695814, 0],
      [0.16612673365, 0.022032279728, 0.33406674648, 0.099068933804, 0.37870530634, 0]
    ],
    [
      [2.3849532087e-12, 0.28012652642, 0.67709838367, 0.034219464972, 0.0085556249315, 3.4689622851e-17],
      [6.5481132527e-11, 0.97820140477, 0.0071121417658, 0.013312368955, 0.0013740844431, 1.7453979482e-13],
      [0.01001549626, 0.022198950235, 0.014047605171, 0.800063662, 0.15215900827, 0.0015152780559],
      [0.15551611681, 0.00054122643369, 0.087745274895, 0.062651562843, 0.68716198597, 0.006383833046],
      [0.20939169923, 0.024934377798, 0.2730657861, 0.097315149613, 0.39406672969, 0.0012262575648]
    ],
    [
      [1.6614126858e-12, 0.24179496314, 0.71337990796, 0.035627294241, 0.0091978346558, 0],
      [5.4413262791e-11, 0.97270296685, 0.0090006454859, 0.016534263635, 0.00176212397, 0],
      [0.0067377250311, 0.018679041831, 0.014391589577, 0.80221016705, 0.15798147652, 0],
      [0.10768949622, 0.00046906657259, 0.092450895357, 0.064826725202, 0.73456381664, 0],
      [0.14863304186, 0.022130530914, 0.29430808927, 0.10319961244, 0.43172872552, 0]
    ],
    [
      [1.4748678608e-12, 0.20116820573, 0.74829123057, 0.04087836983, 0.0096621938709, 0],
      [5.7362941207e-11, 0.96416734732, 0.011105654249, 0.022528782338, 0.0021982160326, 0],
      [0.0053236077376, 0.013817509858, 0.01330768553, 0.81981445781, 0.14773673906, 0],
      [0.092181431319, 0.00037497882208, 0.092490339251, 0.071541521368, 0.74341172924, 0],
      [0.128539046, 0.017856508453, 0.29799339361, 0.11494670598, 0.44066434595, 0]
    ],
    [
      [1.1462845661e-12, 0.23919799601, 0.70746766358, 0.042878402048, 0.010455938368, 0],
      [3.7448995121e-11, 0.96929619298, 0.0088552655475, 0.019850323189, 0.0019982182465, 0],
      [0.0039336799647, 0.015595443256, 0.012012339826, 0.81653800153, 0.15192053542, 0],
      [0.068892569285, 0.00042947556194, 0.084693162056, 0.072418179155, 0.77356661394, 0],
      [0.099453896056, 0.021208404722, 0.28258051157, 0.12062942415, 0.4761277635, 0]
    ],
    [
      [1.1829580123e-12, 0.31337125965, 0.6328063653, 0.043283985687, 0.010538389354, 3.0984053349e-17],
      [2.9462143836e-11, 0.97718742643, 0.0060015936794, 0.015275661909, 0.0015353179483, 1.4141380591e-13],
      [0.0040040550397, 0.020100240615, 0.010533340644, 0.81323111364, 0.15104068376, 0.0010905662989],
      [0.070747381158, 0.00055796715903, 0.074926395222, 0.072694176301, 0.77584992614, 0.0052241540162],
      [0.1042742831, 0.028130746528, 0.25562672138, 0.12359676533, 0.48727170544, 0.0010997782088]
    ],
    [
      [1.6806966963e-12, 0.37150116916, 0.57439972686, 0.043946617319, 0.010152486668, 6.61118578e-17],
      [3.5075251161e-11, 0.98119682771, 0.0045677999205, 0.012995970824, 0.0012394015087, 2.5284208803e-13],
      [0.0056158048667, 0.023455448535, 0.0094444777501, 0.81553912621, 0.14364788247, 0.0022972601646],
      [0.10034551276, 0.00065824730519, 0.067927966312, 0.073676744098, 0.74626122549, 0.011130304032],
      [0.1465758009, 0.032897582409, 0.22962342302, 0.12414543004, 0.46443623715, 0.0023215264866]
    ],
    [
      [1.011884252e-12, 0.23530065775, 0.70744307013, 0.046121915735, 0.011134356383, 0],
      [3.3190415726e-11, 0.96758050866, 0.0088469480333, 0.021436179198, 0.0021363640779, 0],
      [0.0032371435697, 0.014259732973, 0.011142942353, 0.82052717379, 0.15083300731, 0],
      [0.058078199255, 0.00040187094642, 0.080461818254, 0.074334155888, 0.78672395566, 0],
      [0.085542628487, 0.020246504908, 0.27421019479, 0.12630393339, 0.49369673843, 0]
    ],
    [
      [1.4904178388e-12, 0.25760482448, 0.69305140331, 0.040176621993, 0.0091671502158, 0],
      [4.4761553842e-11, 0.97337809014, 0.0079139599332, 0.017097472633, 0.0016104772475, 0],
      [0.0054807180475, 0.017926858334, 0.012513223836, 0.82130723906, 0.14277196072, 0],
      [0.097516207595, 0.00050061817825, 0.089567627794, 0.0737540441, 0.73866150233, 0],
      [0.13515987209, 0.023728486479, 0.28737916642, 0.11788699067, 0.43584548434, 0]
    ],
    [
      [1.323017004e-12, 0.24033237864, 0.71662244698, 0.035783136957, 0.007262037423, 1.9053641881e-17],
      [4.210466808e-11, 0.97378561417, 0.008726344519, 0.016136102185, 0.0013519390823, 1.111223415e-13],
      [0.0055263400156, 0.018940461751, 0.01479189798, 0.83148577081, 0.12842804257, 0.00082748686489],
      [0.1037042983, 0.00055886361341, 0.11181905254, 0.078870992439, 0.70083558367, 0.0042112094423],
      [0.13433231989, 0.024785951161, 0.33497216346, 0.11792676518, 0.38720258579, 0.00078021451763]
    ],
    [
      [1.5639294583e-12, 0.15095470374, 0.81577601871, 0.02717973263, 0.0060895449107, 1.9019595697e-17],
      [7.4510716607e-11, 0.96509925063, 0.014856098792, 0.018347506057, 0.0016971444424, 1.6605862005e-13],
      [0.0084109497631, 0.015112823554, 0.021657813844, 0.81508994571, 0.13866485251, 0.001063614613],
      [0.1359054769, 0.00038353320097, 0.14097419845, 0.066414348371, 0.65166032433, 0.0046621187449],
      [0.16366495152, 0.01583382056, 0.39271537305, 0.092326902789, 0.33465629439, 0.00080265769381]
    ],
    [
      [4.8947622421e-13, 0.16396703133, 0.79141657267, 0.035863977299, 0.0087524186991, 0],
      [2.1999595711e-11, 0.96124975513, 0.013609564631, 0.022839534493, 0.0023011457275, 0],
      [0.0020042239529, 0.012587602793, 0.016012446344, 0.81766047216, 0.15173525475, 0],
      [0.035328398903, 0.00034868326788, 0.11369259876, 0.072783659118, 0.77784665995, 0],
      [0.048665824233, 0.016455020334, 0.3621855951, 0.11573136289, 0.45696219744, 0]
    ],
    [
      [9.181574023e-13, 0.11314054634, 0.856049722, 0.025308248697, 0.0055014829614, 3.4486332974e-17],
      [6.0040270023e-11, 0.95308639125, 0.021358956157, 0.023450211977, 0.0021044405525, 4.1326733308e-13],
      [0.00534899763, 0.012397357334, 0.02457461832, 0.8198845537, 0.1357053874, 0.0020890856153],
      [0.089993926296, 0.0003277193488, 0.166523302, 0.069714507342, 0.66390893766, 0.0095316073549],
      [0.10569904184, 0.013179867783, 0.45259289024, 0.09449037057, 0.33243774773, 0.0016000818372]
    ],
    [
      [8.1488940387e-13, 0.15481319842, 0.8114877772, 0.025666942242, 0.0080320821381, 0],
      [3.9694416499e-11, 0.96494110209, 0.015054659319, 0.017715540286, 0.0022886982665, 0],
      [0.0044146314183, 0.015802018437, 0.021622523275, 0.77391032652, 0.18425050035, 0],
      [0.062507460114, 0.00035145146702, 0.12328367734, 0.055309876158, 0.75854753492, 0],
      [0.083674662115, 0.016103785506, 0.38203470097, 0.085431474197, 0.43275537721, 0]
    ],
    [
      [7.0603030318e-13, 0.24399325366, 0.70736395409, 0.038261997387, 0.010380794862, 0],
      [2.2551568429e-11, 0.97214347956, 0.0085988442769, 0.01731807128, 0.0019396048636, 0],
      [0.0026629033553, 0.017456475863, 0.0131123445, 0.80098349122, 0.16578478506, 0],
      [0.044227239397, 0.0004554739008, 0.087668526172, 0.067298049672, 0.80035071086, 0],
      [0.064905074304, 0.022860699414, 0.29784333697, 0.11392135742, 0.5004695319, 0]
    ],
    [
      [1.237945351e-12, 0.22111646711, 0.73337710933, 0.037123421904, 0.0083830016558, 0],
      [4.4048992186e-11, 0.96952686605, 0.010010330991, 0.01871793499, 0.0017448679205, 0],
      [0.0049381790535, 0.016787426563, 0.014491978179, 0.82218120307, 0.14160121314, 0],
      [0.087982033727, 0.00047009582939, 0.10386981909, 0.074098833138, 0.73357921821, 0],
      [0.11856790928, 0.021661735341, 0.32332395635, 0.11519803175, 0.42124836728, 0]
    ],
    [
      [1.332932057e-12, 0.22780962858, 0.71471280385, 0.046512068285, 0.010965499275, 2.8300341957e-17],
      [4.582344142e-11, 0.96573199395, 0.0094047133352, 0.022658136545, 0.0022051561232, 1.7829121162e-13],
      [0.0042438555199, 0.013802268621, 0.011248196252, 0.82194613558, 0.14782265146, 0.00093689257131],
      [0.075532214128, 0.0003862451927, 0.080587620179, 0.074052206863, 0.76492066623, 0.0045210474063],
      [0.10991297804, 0.019221897591, 0.27109242695, 0.12433172762, 0.47450069976, 0.00094027003404]
    ],
    [
      [2.5804756288e-12, 0.19909846994, 0.74282614883, 0.047340897518, 0.010734483714, 0],
      [9.6750213435e-11, 0.96193238125, 0.0105628068, 0.025150513924, 0.002354297926, 0],
      [0.0080973662001, 0.011749231911, 0.011416679906, 0.82610100813, 0.14263571386, 0],
      [0.1387686222, 0.00031609974881, 0.078788820522, 0.071484129659, 0.71064232787, 0],
      [0.19343350905, 0.015082119723, 0.25450492016, 0.11494817067, 0.42203128039, 0]
    ],
    [
      [1.2839632924e-12, 0.2402657014, 0.71347977279, 0.036601804175, 0.0096527216365, 2.7474793718e-17],
      [4.0921416562e-11, 0.9730386556, 0.008631836629, 0.01652990349, 0.0017996042349, 1.6046896646e-13],
      [0.0050590056891, 0.017869027908, 0.013781226012, 0.80111972505, 0.16104532287, 0.0011256924742],
      [0.081850633753, 0.00045405006364, 0.089791794512, 0.065523211717, 0.75744314963, 0.0049371603193],
      [0.11618747198, 0.022054995026, 0.29530899981, 0.10729579513, 0.45815167491, 0.0010010631457]
    ],
    [
      [2.0833755127e-12, 0.23404643041, 0.72415374322, 0.033863779184, 0.0079360471763, 2.4218370033e-17],
      [6.9053886109e-11, 0.97341876443, 0.0091382180018, 0.015904313107, 0.0015387043878, 1.4710385129e-13],
      [0.0089707754721, 0.019086530135, 0.015331177496, 0.81083729852, 0.14468988286, 0.0010843355226],
      [0.14555629487, 0.00048666457076, 0.10017730707, 0.066465132406, 0.68254460335, 0.0047699977367],
      [0.19091368862, 0.021838396256, 0.30420096537, 0.10058603862, 0.38156693199, 0.0008939791428]
    ],
    [
      [1.0507175733e-12, 0.21431540304, 0.74671147671, 0.030221999444, 0.0087511208104, 0],
      [3.7756606009e-11, 0.97255546532, 0.01021713227, 0.01538789211, 0.0018395102622, 0],
      [0.0049088540602, 0.018930961222, 0.01715513187, 0.7858990254, 0.17310602745, 0],
      [0.074215166482, 0.00044980767213, 0.10446951193, 0.059985226147, 0.76088028776, 0],
      [0.10235443925, 0.021229560272, 0.33359007621, 0.095468643003, 0.44735728127, 0]
    ],
    [
      [9.4619802184e-13, 0.17571446162, 0.7871292194, 0.028680158834, 0.0084761601439, 2.6889472605e-17],
      [4.0229684818e-11, 0.96787419907, 0.012741530118, 0.017276170272, 0.0021081005006, 2.0951033066e-13],
      [0.0046236746091, 0.016125476782, 0.018911483286, 0.7835761115, 0.17539673555, 0.0013665182733],
      [0.068424529405, 0.0003746457905, 0.11266866955, 0.058257827492, 0.75478975376, 0.0054845740066],
      [0.093520471387, 0.01753070472, 0.35646958586, 0.091887999301, 0.4395209888, 0.0010702499241]
    ],
    [
      [8.624484493e-13, 0.21814023829, 0.73521565746, 0.036753323902, 0.009890780343, 0],
      [2.9604464249e-11, 0.97060098043, 0.0095388388588, 0.017874192894, 0.001985987784, 0],
      [0.0033712256246, 0.01601021193, 0.014027296206, 0.80284259357, 0.16374867267, 0],
      [0.055557183558, 0.00041371835217, 0.093026565608, 0.066417508769, 0.78458502371, 0],
      [0.079831277733, 0.020342308165, 0.30993340282, 0.11007480468, 0.4798182066, 0]
    ],
    [
      [1.068941242e-12, 0.13855860212, 0.81867132612, 0.034707905677, 0.008062166083, 0],
      [5.8174149365e-11, 0.95384570743, 0.016825679138, 0.026762083707, 0.0025665296669, 0],
      [0.0045370901192, 0.011112700641, 0.016945138241, 0.82245683112, 0.14494823987, 0],
      [0.078728773528, 0.00030223682725, 0.11823001894, 0.071639265353, 0.73109970535, 0],
      [0.10404628935, 0.013653959245, 0.36223209007, 0.10914988999, 0.41091777133, 0]
    ],
    [
      [6.8095224996e-13, 0.19861684881, 0.75754746484, 0.035096830679, 0.0087388556688, 2.1552291798e-17],
      [2.6656854252e-11, 0.96718408853, 0.011346147036, 0.019468616004, 0.0020011484066, 1.5461237816e-13],
      [0.0028338008922, 0.015691577107, 0.015576999306, 0.81098921306, 0.1539758506, 0.00093255903615],
      [0.048639317888, 0.00042354284699, 0.1076683784, 0.070461874643, 0.76846644213, 0.0043404440951],
      [0.067394964385, 0.020078071405, 0.3449702113, 0.11266675304, 0.4540301404, 0.00085985946546]
    ],
    [
      [9.8323849743e-13, 0.21815358318, 0.72779647037, 0.043549150796, 0.010500795654, 0],
      [3.4627750209e-11, 0.96629856846, 0.00980490039, 0.021733220526, 0.0021633105853, 0],
      [0.0033343764144, 0.014002723397, 0.01219260112, 0.8196935344, 0.15077676467, 0],
      [0.059283389084, 0.00039124095587, 0.087258840789, 0.073764874459, 0.77930165471, 0],
      [0.085705506344, 0.019352879726, 0.29165886945, 0.12303564512, 0.48024709936, 0]
    ],
    [
      [1.197363291e-12, 0.18307400953, 0.78081289243, 0.028074990263, 0.0080381077691, 0],
      [5.0817336676e-11, 0.96845145662, 0.012668520913, 0.016884427904, 0.0019955945166, 0],
      [0.0060362433217, 0.017511850707, 0.019433857499, 0.785448232, 0.17156981647, 0],
      [0.089083553326, 0.0004064237545, 0.11551471469, 0.058711056416, 0.73628425182, 0],
      [0.11848074444, 0.018494669011, 0.3553489608, 0.090108902341, 0.41756672341, 0]
    ],
    [
      [3.9656327641e-13, 0.19136024631, 0.7725426504, 0.027846796713, 0.0082503065752, 0],
      [1.6155534143e-11, 0.96994363559, 0.012015262313, 0.016075009216, 0.0019660928634, 0],
      [0.0020079613575, 0.018391800376, 0.019284235122, 0.78340466166, 0.17691134148, 0],
      [0.0308089922, 0.00044303536863, 0.11898655073, 0.060702263249, 0.78905915845, 0],
      [0.042374721296, 0.020832603484, 0.37839836089, 0.096281435803, 0.46211287853, 0]
    ],
    [
      [1.0290109248e-12, 0.18406181665, 0.7705163364, 0.035796382409, 0.0096254645356, 0],
      [4.2327502407e-11, 0.96471151412, 0.012108019627, 0.020864370065, 0.0023160961469, 0],
      [0.0041487076671, 0.013997773874, 0.015326344432, 0.80221804139, 0.16430913264, 0],
      [0.066729186088, 0.00035384116729, 0.09927702959, 0.06523993366, 0.76840000949, 0],
      [0.093799110099, 0.017026623024, 0.32281754543, 0.10582822129, 0.46052850016, 0]
    ],
    [
      [4.0417464842e-13, 0.15963589957, 0.79311429742, 0.037407475464, 0.0098423275406, 2.7440288262e-17],
      [1.9021178722e-11, 0.95814044397, 0.014203939083, 0.024946081532, 0.0027095354013, 2.3665494846e-13],
      [0.001572930796, 0.011715072867, 0.015168483467, 0.80824043522, 0.16219259261, 0.0011104850347],
      [0.026554237144, 0.00031055229324, 0.10308350952, 0.069005740836, 0.79596391385, 0.0050820463605],
      [0.038191851426, 0.015284734308, 0.34323254561, 0.1144822273, 0.48776476046, 0.0010438808865]
    ],
    [
      [7.9700143318e-13, 0.26733996071, 0.68619630283, 0.035979700954, 0.010484035502, 2.9963668569e-17],
      [2.2812827087e-11, 0.97617320567, 0.007479108615, 0.014592281979, 0.0017554037078, 1.5717141194e-13],
      [0.0031348074047, 0.019827460173, 0.013272370398, 0.78792424345, 0.17461549783, 0.0012256207451],
      [0.0492956212, 0.0004897151014, 0.084033705735, 0.062508898105, 0.79844523502, 0.0052268248413],
      [0.073173365176, 0.024878685969, 0.28875453525, 0.1070585356, 0.50502687809, 0.001107999914]
    ],
    [
      [1.5252912655e-12, 0.16867251614, 0.78757542753, 0.034571891367, 0.009180164955, 0],
      [6.7744176138e-11, 0.9624922035, 0.01336480993, 0.021757914185, 0.0023850723197, 0],
      [0.0063708813661, 0.013260111905, 0.016231692988, 0.8017883379, 0.16234897584, 0],
      [0.099250571768, 0.00032458773923, 0.10182968163, 0.063217627521, 0.73537753135, 0],
      [0.13551786369, 0.015174546244, 0.32161388212, 0.099602564215, 0.42809114373, 0]
    ],
    [
      [1.9880290512e-12, 0.42698903453, 0.51315422722, 0.047530579014, 0.012326159239, 3.3668777802e-17],
      [3.5122003086e-11, 0.9833748051, 0.0034532535357, 0.01189810251, 0.0012738388193, 1.0900400762e-13],
      [0.0060308895985, 0.024288019908, 0.0076577957122, 0.80263072497, 0.15833048845, 0.0010620813635],
      [0.10130913362, 0.00064071682234, 0.051805495317, 0.068053481354, 0.77335321755, 0.0048379553377],
      [0.15537704795, 0.033653630705, 0.18392956856, 0.12043892768, 0.50554066774, 0.0010601573656]
    ],
    [
      [1.1530853702e-12, 0.26867859044, 0.68202646638, 0.038460104621, 0.010834838561, 3.378976954e-17],
      [3.2872278592e-11, 0.9752464129, 0.0074108933247, 0.015535862547, 0.001806831195, 1.7652740632e-13],
      [0.0042751102954, 0.018792204053, 0.012446328176, 0.79307227773, 0.17011118845, 0.0013028913016],
      [0.067719116561, 0.00046736367611, 0.079338413753, 0.063413736705, 0.78346488657, 0.0055964827334],
      [0.10033007593, 0.02369264942, 0.27197623993, 0.10837621671, 0.49444131531, 0.0011835026904]
    ],
    [
      [2.2164751674e-12, 0.2398677172, 0.70530718457, 0.043984919157, 0.010840179071, 3.4312999161e-17],
      [7.000874862e-11, 0.96981870752, 0.0084940033309, 0.019684412544, 0.0020028765395, 1.9861255037e-13],
      [0.0073455736841, 0.014975946896, 0.011509282638, 0.81286000262, 0.15212660617, 0.001182587989],
      [0.12110893518, 0.00038776801464, 0.076387319899, 0.067508167943, 0.72932018528, 0.0052876236876],
      [0.17287733366, 0.018945320023, 0.25231184634, 0.11119396772, 0.44359368939, 0.0010778428615]
    ],
    [
      [1.2709386922e-12, 0.16622376493, 0.78110940085, 0.041850542944, 0.010816291271, 0],
      [5.7347451285e-11, 0.956953943, 0.013433388127, 0.02675771488, 0.002854953932, 0],
      [0.004431691605, 0.010929084439, 0.013406554116, 0.81153982018, 0.15969284966, 0],
      [0.073395362614, 0.00028440952216, 0.089425710596, 0.067913166509, 0.76898135076, 0],
      [0.10540675065, 0.013981840609, 0.29727142628, 0.11254824542, 0.47079173704, 0]
    ],
    [
      [1.6168191248e-12, 0.13868764923, 0.82420309597, 0.030844825927, 0.0062644288754, 3.4340025985e-17],
      [8.6466851259e-11, 0.95794148338, 0.016725641461, 0.023373181384, 0.0019596936849, 3.3654829106e-13],
      [0.0078168431402, 0.012600757044, 0.019524498988, 0.83004223423, 0.12828841767, 0.0017272489209],
      [0.13565729238, 0.0003426288437, 0.13617964643, 0.072523654468, 0.64716958148, 0.0081271963973],
      [0.16490412146, 0.014245391879, 0.38323560387, 0.10162119015, 0.33458697415, 0.0014067184944]
    ],
    [
      [4.1264050357e-13, 0.24304848148, 0.70304168112, 0.04330528503, 0.010604552363, 2.8600702194e-17],
      [1.2891794253e-11, 0.97054616296, 0.0083448845576, 0.01917090914, 0.0019380433282, 1.637482889e-13],
      [0.0014015347249, 0.015558081789, 0.01171610756, 0.81780154286, 0.15251260232, 0.0010101307544],
      [0.025534212757, 0.00044518485924, 0.085965253646, 0.075267219817, 0.80779885085, 0.0049892780719],
      [0.038013947631, 0.022684194475, 0.29646016587, 0.12927932141, 0.51250124605, 0.0010611245709]
    ],
    [
      [8.4982601345e-13, 0.24018705245, 0.70772390471, 0.040702671699, 0.011386371141, 0],
      [2.6767076964e-11, 0.9712416296, 0.0084949533, 0.018165510734, 0.0020979063388, 0],
      [0.0029974736465, 0.015947872003, 0.012285177137, 0.79871465922, 0.170054818, 0],
      [0.048787317401, 0.00040765619138, 0.080504083313, 0.065635415676, 0.80466552742, 0],
      [0.073066214996, 0.02089878437, 0.27903785743, 0.11341511615, 0.51358202705, 0]
    ],
    [
      [5.9498745719e-13, 0.19535419205, 0.75328017415, 0.040767037799, 0.010598595999, 4.3591357547e-17],
      [2.2285439187e-11, 0.96536028079, 0.010682450869, 0.021635165766, 0.0023221025569, 2.9920740991e-13],
      [0.0021219339847, 0.013022157985, 0.013134471122, 0.81000229486, 0.16010181624, 0.001617325807],
      [0.036281315273, 0.000348848851, 0.090314514548, 0.069693608699, 0.79586258212, 0.0074991305098],
      [0.053553482745, 0.017624108468, 0.30887506305, 0.11860642552, 0.49976423194, 0.0015766882827]
    ],
    [
      [3.8561350531e-13, 0.068052207155, 0.90162811067, 0.023891044667, 0.0064286375034, 2.5833080534e-17],
      [3.962745705e-11, 0.92631356043, 0.035038279508, 0.034783736419, 0.003864423606, 4.8649539047e-13],
      [0.0023066845396, 0.0076012642807, 0.026337390839, 0.79927720848, 0.16287010159, 0.0016073502684],
      [0.035654019151, 0.00018409489688, 0.16376111506, 0.061949388295, 0.73171736813, 0.0067340144728],
      [0.044272851872, 0.0078253947731, 0.47135136211, 0.088715205259, 0.38664325382, 0.001191932171]
    ],
    [
      [1.6152340412e-12, 0.17111768583, 0.77912587788, 0.040392385492, 0.0093640507994, 0],
      [7.203535758e-11, 0.9587498741, 0.013280333346, 0.025526896653, 0.0024428958324, 0],
      [0.0059309310725, 0.011896035628, 0.014120397447, 0.82246985578, 0.14558278007, 0],
      [0.10205184361, 0.00032163087169, 0.097794858336, 0.071679540235, 0.72815212695, 0],
      [0.13936753077, 0.015027363247, 0.30883745188, 0.11292545353, 0.42384220058, 0]
    ],
    [
      [9.6269960252e-13, 0.24934916047, 0.69511724889, 0.046301255141, 0.0092323354963, 0],
      [3.0319096095e-11, 0.96928511601, 0.0083512326519, 0.02066281375, 0.0017008375602, 0],
      [0.0031524025837, 0.015532531687, 0.01121294498, 0.84207600316, 0.12802611759, 0],
      [0.064121396442, 0.000496221321, 0.091748497259, 0.086551899744, 0.75708198523, 0],
      [0.089612698273, 0.023706659913, 0.29657402708, 0.13950460809, 0.45060200664, 0]
    ],
    [
      [2.9676813783e-13, 0.28828751606, 0.66338104822, 0.0384195974, 0.0099118383194, 3.8405977969e-17],
      [8.1196453911e-12, 0.97665606594, 0.0068631334806, 0.014894463779, 0.0015863367895, 1.925649243e-13],
      [0.0011192755284, 0.020664149722, 0.012216674852, 0.80616400772, 0.15832922312, 0.0015066690555],
      [0.019794364692, 0.00057321961313, 0.086887745875, 0.071829452036, 0.81369457503, 0.0072206427534],
      [0.029508645733, 0.029198374741, 0.30021221982, 0.12344210867, 0.51610456866, 0.001534082385]
    ],
    [
      [6.0294841906e-13, 0.24306726094, 0.70767382872, 0.037915229427, 0.011343680915, 4.1668164335e-17],
      [1.9398653075e-11, 0.97196790528, 0.0086134840024, 0.017283766042, 0.0021348446551, 2.4567125668e-13],
      [0.0022458002584, 0.017188857059, 0.012876926133, 0.78711775791, 0.178956209, 0.0016144496431],
      [0.035163566023, 0.00042218518756, 0.081092490831, 0.061995132613, 0.8144739324, 0.0068526929414],
      [0.05356016563, 0.021976390285, 0.28625867863, 0.10887633582, 0.52784108488, 0.0014873447513]
    ],
    [
      [4.8419221175e-13, 0.23692374088, 0.7169408402, 0.037828311197, 0.0083071077259, 0],
      [1.5944849535e-11, 0.97176456507, 0.0089835442406, 0.017651685916, 0.001600204753, 0],
      [0.0019072723604, 0.01770903516, 0.013876206588, 0.82792311099, 0.1385843749, 0],
      [0.036695309936, 0.00053466113981, 0.10735111882, 0.080401934105, 0.775016976, 0],
      [0.050547179735, 0.025174917712, 0.34218095211, 0.12769598713, 0.45440096331, 0]
    ],
    [
      [1.3473742821e-12, 0.29990611004, 0.65415873217, 0.036007368646, 0.0099277891387, 3.2315787598e-17],
      [3.5398362666e-11, 0.97851482911, 0.0065548491488, 0.01340460321, 0.0015257184913, 1.5558518103e-13],
      [0.0053319452552, 0.022539433946, 0.012750168816, 0.79168015294, 0.16636832675, 0.0013299722945],
      [0.084329596104, 0.00055996180147, 0.081141439116, 0.063266328529, 0.76499912792, 0.005703546524],
      [0.12206881518, 0.027715926238, 0.27170958812, 0.10563224777, 0.4716949512, 0.001178471496]
    ],
    [
      [6.2196911892e-13, 0.24867787205, 0.70101991976, 0.04027635326, 0.010025854929, 3.6602488719e-17],
      [1.9669816521e-11, 0.97167868401, 0.0084181067388, 0.018048497736, 0.00185471149, 2.1212930334e-13],
      [0.0022570579103, 0.017161623063, 0.012473692028, 0.81264117769, 0.15408490087, 0.0013815484377],
      [0.039902676154, 0.00047622913284, 0.088701917889, 0.072475932849, 0.79182212119, 0.006621122784],
      [0.058410736228, 0.023824963222, 0.30065759886, 0.12233264238, 0.49339196369, 0.0013820956106]
    ],
    [
      [9.7843815141e-13, 0.29116321925, 0.65043901821, 0.048403635623, 0.0099941269204, 3.8087748596e-17],
      [2.6509968085e-11, 0.97310673932, 0.0067255727534, 0.018583721566, 0.0015839663338, 1.8911226315e-13],
      [0.0030473078996, 0.017253335915, 0.0099833224283, 0.83666558006, 0.13181669324, 0.0012337604666],
      [0.060976703685, 0.00054216853625, 0.080344580783, 0.084644641223, 0.76679812721, 0.0066937785623],
      [0.088321107096, 0.026842822011, 0.26911864911, 0.14138395923, 0.47295024417, 0.0013832183741]
    ],
    [
      [7.8082034722e-13, 0.26202351501, 0.69132764522, 0.036589299405, 0.010059540362, 3.2540603735e-17],
      [2.3659627069e-11, 0.97444420023, 0.0080627874638, 0.015709962777, 0.0017830495101, 1.8069283955e-13],
      [0.0030559160385, 0.01953981541, 0.013448386738, 0.79591353799, 0.16671775977, 0.001324584047],
      [0.049789315828, 0.00050061678069, 0.088148161773, 0.065556816902, 0.7901480053, 0.0058570834199],
      [0.072836745567, 0.025042791695, 0.29760970094, 0.11066120672, 0.49262617184, 0.0012233832315]
    ],
    [
      [2.4631970737e-12, 0.32339200642, 0.61645510897, 0.048709412795, 0.011443471808, 1.2793623002e-16],
      [6.0091335809e-11, 0.97576992793, 0.0057580883607, 0.016838946445, 0.001633037205, 5.7195888515e-13],
      [0.0074298869456, 0.018546141429, 0.0091935782142, 0.81463852711, 0.14617811367, 0.0040137526256],
      [0.12621059824, 0.00049480804357, 0.06279910125, 0.070043584564, 0.72196090533, 0.018491002579],
      [0.18584963328, 0.02490934006, 0.21365885535, 0.11894472404, 0.45275275616, 0.0038846911137]
    ],
    [
      [2.1754502181e-12, 0.30801404769, 0.63462053489, 0.047283814273, 0.01008160315, 0],
      [5.5389792383e-11, 0.97526986602, 0.0061686957475, 0.017059903705, 0.0015015344719, 0],
      [0.0068809137992, 0.018495182775, 0.0098957486878, 0.82968489847, 0.13504325627, 0],
      [0.12660854348, 0.00053435797012, 0.073231776861, 0.077219643175, 0.72240567852, 0],
      [0.17810024613, 0.025699816342, 0.23820463976, 0.12526399538, 0.43273130239, 0]
    ],
    [
      [1.2581603352e-12, 0.22788414968, 0.72402488147, 0.038262126249, 0.0098288425955, 0],
      [4.3495836433e-11, 0.96967528986, 0.0095939468559, 0.018743106969, 0.0019876562693, 0],
      [0.0047743138706, 0.016463412885, 0.013598949141, 0.80722087066, 0.15794245344, 0],
      [0.079209882995, 0.00042922501784, 0.090752613622, 0.067641501158, 0.76196677721, 0],
      [0.11216677859, 0.020780274498, 0.2968834458, 0.11049782618, 0.45967167493, 0]
    ],
    [
      [1.2784165789e-12, 0.31348419262, 0.63074964508, 0.045673981675, 0.010092180619, 0],
      [3.1907804649e-11, 0.97641180605, 0.00596128006, 0.016153480214, 0.001473433646, 0],
      [0.0041686524291, 0.019386074169, 0.010057002584, 0.8270066928, 0.13938157802, 0],
      [0.078758246464, 0.00057446910949, 0.076409880771, 0.078874242685, 0.76538316097, 0],
      [0.11381308556, 0.028373000032, 0.25582706779, 0.13138884982, 0.47059799679, 0]
    ],
    [
      [1.7362975664e-12, 0.21739588414, 0.72586334296, 0.046551539358, 0.010189233544, 0],
      [6.1577029976e-11, 0.96470285472, 0.0097902752355, 0.023393096822, 0.0021137731627, 0],
      [0.0055755924018, 0.013230336363, 0.011447244641, 0.83116850832, 0.13857831828, 0],
      [0.1019641068, 0.00037966542901, 0.084187731261, 0.076675713804, 0.73679278271, 0],
      [0.14324941304, 0.018235423701, 0.27373725689, 0.12421034703, 0.44056755934, 0]
    ],
    [
      [1.059134564e-12, 0.20037150126, 0.75578504354, 0.035657209199, 0.0081862460049, 3.5974720687e-17],
      [4.1604567086e-11, 0.9668623007, 0.011409179376, 0.019847483496, 0.0018810363868, 2.5896785559e-13],
      [0.0043808509879, 0.015786625374, 0.015512718623, 0.81936125811, 0.14341060193, 0.001547944973],
      [0.076993010929, 0.00043565092208, 0.10954181317, 0.072720158813, 0.73292887862, 0.007380487548],
      [0.10382647962, 0.020076957958, 0.34086843312, 0.1130823519, 0.42072713495, 0.0014186424504]
    ],
    [
      [4.1759115553e-13, 0.1853104241, 0.77119297581, 0.034657694202, 0.0088389058966, 0],
      [1.7649221941e-11, 0.96454129273, 0.012517504243, 0.020755968983, 0.0021852340279, 0],
      [0.0017565779099, 0.014837651246, 0.016087400463, 0.80986150308, 0.1574568673, 0],
      [0.030224637747, 0.00040098685113, 0.1112626073, 0.070398323174, 0.78771344492, 0],
      [0.042131276151, 0.019105849541, 0.3580037534, 0.11317408978, 0.46758503114, 0]
    ],
    [
      [4.36801457e-13, 0.18538859185, 0.76786110523, 0.038042729131, 0.0087075737887, 0],
      [1.845489667e-11, 0.96258556671, 0.012487023533, 0.022775379549, 0.0021520301875, 0],
      [0.0017059459419, 0.013789974762, 0.014904950891, 0.82556956588, 0.14402956253, 0],
      [0.031727317111, 0.00040278705551, 0.11138131249, 0.07754047966, 0.77894810368, 0],
      [0.043853430201, 0.019027995046, 0.35511537668, 0.12360206002, 0.45840113806, 0]
    ],
    [
      [6.5580680519e-13, 0.18286487079, 0.77721603765, 0.030993840628, 0.0089252509324, 0],
      [2.818090431e-11, 0.96605007156, 0.012834480531, 0.018872000263, 0.0022434476205, 0],
      [0.0030076127911, 0.015969325432, 0.017685717599, 0.7899435363, 0.17339380788, 0],
      [0.046617010958, 0.00038809626514, 0.10998328949, 0.061716563784, 0.7812950395, 0],
      [0.065033018356, 0.018491519095, 0.35383465618, 0.099224008527, 0.46341679784, 0]
    ],
    [
      [6.5738090395e-13, 0.24852386288, 0.7033518785, 0.037784618103, 0.010339640517, 0],
      [2.0853352401e-11, 0.97255040744, 0.0085472989239, 0.016983688784, 0.0019186048302, 0],
      [0.0025018311389, 0.017994102136, 0.013240925635, 0.79959860214, 0.16666453895, 0],
      [0.041470334202, 0.00046802289393, 0.088163964597, 0.066831826689, 0.80306585162, 0],
      [0.061002611615, 0.0235243792, 0.29946459727, 0.11334118062, 0.50266723129, 0]
    ],
    [
      [8.8715935463e-13, 0.23145703361, 0.72473521014, 0.035175866508, 0.0086318897402, 0],
      [3.0239292918e-11, 0.97185996028, 0.0094310099375, 0.016988001991, 0.0017210277633, 0],
      [0.0036723057454, 0.018232970656, 0.014787632442, 0.81192407798, 0.15138301318, 0],
      [0.063619019414, 0.00049487902391, 0.10278506297, 0.070617117759, 0.76248392083, 0],
      [0.087961479279, 0.0233632762, 0.32826611279, 0.1125085394, 0.44790059233, 0]
    ],
    [
      [2.8921720929e-13, 0.18448409781, 0.77414251984, 0.032728254186, 0.0086451281687, 0],
      [1.2307964713e-11, 0.96543313635, 0.01267937564, 0.0197354228, 0.0021520652003, 0],
      [0.0012785748864, 0.015530320619, 0.017007922586, 0.80430943823, 0.16187374368, 0],
      [0.021570275995, 0.00041140850017, 0.11527190351, 0.068484244887, 0.79426216711, 0],
      [0.030018194162, 0.019567009013, 0.37001291083, 0.10990701877, 0.47049486723, 0]
    ],
    [
      [2.0260630611e-13, 0.21180612605, 0.74096469649, 0.037004992582, 0.010224184882, 0],
      [7.5275464691e-12, 0.96769091484, 0.010604733792, 0.019482293718, 0.0022220576436, 0],
      [0.00078959068944, 0.015719137456, 0.014364165312, 0.80038667879, 0.16874042776, 0],
      [0.013223042099, 0.0004136685045, 0.096702953932, 0.067810500369, 0.8218498351, 0],
      [0.019481980673, 0.020836261951, 0.32865057968, 0.11524102147, 0.51579015623, 0]
    ],
    [
      [6.8681284264e-13, 0.24687777346, 0.69894144238, 0.043121471527, 0.011059312627, 1.0770064269e-17],
      [2.2110495488e-11, 0.96951933728, 0.0087237945934, 0.019674127226, 0.0020827408772, 6.3538495369e-14],
      [0.0023377532288, 0.016041775133, 0.011913117818, 0.810021175, 0.15930525884, 0.00038091997872],
      [0.040491725742, 0.00043836524939, 0.083205666861, 0.071651561729, 0.80242371472, 0.0017889656978],
      [0.060127992525, 0.022285760553, 0.28492661668, 0.12288877749, 0.50938945045, 0.00038140229442]
    ]
  ],
  "expected_outcome": [
    [
      [5.6957197143e-11, 5.9977085491e-11, 1.1873684898e-10, 5.7238877009e-11, 1.3457442755e-10, 4.5720903685e-11, 2.8657114153e-11, 1.0646622111e-11, 1.8487663659e-11, 1.5178263779e-11, 1.4904178388e-11, 1.0584136032e-11, 4.6917883748e-12, 3.9158097937e-12, 5.5089444138e-12, 5.7042258271e-12, 7.7663333349e-12, 4.5803977989e-11, 2.9324505254e-11, 7.7414268863e-12, 5.1358531695e-12, 1.4583628589e-11, 6.3043054398e-12, 8.5157821966e-12, 4.3122422465e-12, 9.6204711776e-12, 9.5333314994e-12, 2.2614485441e-11, 9.5789063278e-12, 9.517518634e-12, 1.2348131098e-11, 4.0417464842e-12, 5.5790100322e-12, 1.8303495186e-11, 1.1928174307e-11, 1.6143195182e-11, 2.6597702009e-11, 7.6256321531e-12, 2.4252286872e-11, 1.6505620143e-12, 1.0197912161e-11, 5.3548871147e-12, 3.8561350531e-12, 3.3919914866e-11, 1.7328592845e-11, 2.9676813783e-12, 5.4265357715e-12, 8.2312675998e-12, 2.1557988513e-11, 7.463629427e-12, 1.9568763028e-11, 4.6068400486e-11, 7.389591221e-11, 4.3509004361e-11, 4.2777451397e-11, 1.150574921e-11, 2.4308165929e-11, 6.2488939277e-11, 2.2132331243e-11, 3.3196910732e-11, 4.4594862753e-11, 2.826737887e-11, 2.9276258703e-11, 2.1691290697e-11, 1.6411110795e-11, 2.6510975726e-10],
      [17.1911154665, 16.9252480267, 15.418113227, 6.7230366341, 19.5853920146, 6.2362143776, 5.9799499001, 2.8203413369, 4.0865128607, 3.5295098662, 2.5760482448, 1.9226590291, 0.45286411123, 1.3117362507, 0.67884327804, 1.0836923889, 2.6839257903, 8.181309283, 5.0118118289, 0.59729540982, 0.96106280558, 1.6383250129, 1.2858924182, 1.5814301546, 1.0907011915, 1.247027419, 2.7806358833, 5.0175324131, 1.4645920763, 4.5926459115, 2.2087417998, 1.5963589957, 1.871379725, 2.0240701937, 2.5619342072, 3.7615002661, 2.8784126064, 0.9973425896, 2.0803147384, 0.97219392594, 2.8822446294, 1.7581877285, 0.68052207155, 3.5934714024, 4.4882848884, 2.8828751606, 2.1876053484, 4.027703595, 4.7984977607, 2.9841344646, 5.8232643849, 15.4593873855, 9.7017601927, 6.1602809537, 7.7480610893, 2.8213577336, 3.0435423779, 11.8219185741, 9.8214524771, 14.0895329805, 12.4348112136, 10.6865261037, 7.6380821091, 13.8363073354, 17.1562962101, 95.2948205569],
      [53.6396403682, 82.7991568999, 51.87637131, 16.2503612082, 57.7837725446, 23.1970281476, 17.6866915894, 5.6952572877, 6.3183969954, 10.611646052, 6.9305140331, 5.7329795759, 2.4473280561, 6.3313325814, 5.136298332, 5.6804144404, 7.781003495, 27.1349530452, 15.7236816848, 2.2284784465, 2.8539190912, 5.0690762026, 4.4802688603, 7.0841629746, 3.6760782873, 7.3680419351, 10.6056645078, 16.7393188185, 6.2465031395, 18.5410236096, 9.2461960368, 7.9311429742, 4.8033741198, 9.4509051304, 3.0789253633, 9.5483705293, 8.4636862148, 4.6866564051, 12.3630464395, 2.8121667245, 8.4926868565, 6.7795215674, 9.0162811067, 16.3616434354, 12.5121104801, 6.6338104822, 6.3690644585, 12.1879942833, 10.4665397148, 8.4122390372, 13.0087803642, 40.7883310682, 18.4936532691, 12.6924106978, 24.61684597, 5.6767468058, 10.1620868014, 44.5913175688, 40.8732277177, 58.3574439975, 52.8506905602, 30.2441307757, 23.9162619347, 58.060688988, 60.0181404153, 269.7913967596],
