{
  "X": [
    [5, 15, 31, 58, 4],
    [9, 92, 177, 216, 25],
    [0, 8, 9, 12, 0],
    [72, 474, 588, 568, 25],
    [66, 369, 462, 1007, 42],
    [35, 191, 381, 233, 19],
    [55, 133, 363, 404, 10],
    [50, 119, 305, 408, 6],
    [113, 567, 1513, 1358, 38],
    [80, 317, 916, 768, 24],
    [4, 7, 37, 11, 0],
    [37, 304, 314, 501, 23],
    [2, 4, 14, 37, 1],
    [3, 8, 9, 25, 2],
    [0, 6, 10, 16, 0],
    [1, 2, 6, 7, 0],
    [0, 6, 8, 10, 0],
    [74, 171, 571, 1016, 28],
    [7, 15, 58, 56, 0],
    [11, 8, 30, 29, 1],
    [16, 162, 151, 133, 5],
    [1, 19, 14, 84, 1],
    [8, 115, 103, 98, 3],
    [35, 275, 275, 262, 5],
    [13, 50, 70, 107, 5],
    [25, 198, 241, 188, 3],
    [8, 82, 77, 133, 6],
    [10, 94, 105, 172, 7],
    [23, 154, 132, 201, 19],
    [1, 26, 12, 128, 1],
    [17, 182, 166, 288, 13],
    [10, 100, 83, 145, 12],
    [39, 188, 283, 179, 11],
    [1, 25, 36, 62, 4],
    [13, 43, 72, 152, 2],
    [42, 117, 306, 287, 6],
    [12, 54, 91, 154, 6],
    [1, 23, 24, 71, 6],
    [1, 23, 16, 71, 2],
    [4, 41, 23, 80, 0],
    [37, 97, 205, 355, 7],
    [28, 137, 346, 245, 17],
    [15, 73, 173, 221, 3],
    [3, 33, 87, 47, 4],
    [64, 270, 574, 522, 12],
    [24, 248, 566, 316, 23],
    [30, 108, 259, 204, 6],
    [12, 162, 188, 254, 6],
    [13, 62, 141, 84, 3],
    [24, 100, 257, 184, 8],
    [4, 34, 33, 53, 1],
    [8, 87, 57, 139, 8],
    [4, 11, 5, 59, 1],
    [7, 49, 126, 203, 4],
    [16, 191, 168, 319, 14],
    [0, 2, 7, 6, 2],
    [4, 42, 26, 76, 2],
    [4, 44, 9, 119, 1],
    [7, 14, 34, 143, 2],
    [11, 43, 62, 139, 5],
    [3, 28, 23, 106, 0],
    [5, 15, 24, 57, 2],
    [23, 44, 151, 185, 9],
    [24, 28, 132, 125, 2],
    [13, 53, 107, 201, 7],
    [14, 36, 89, 209, 4],
    [28, 83, 176, 406, 7],
    [0, 12, 10, 45, 0],
    [0, 17, 30, 73, 0],
    [20, 181, 124, 167, 8],
    [55, 62, 231, 277, 9],
    [162, 320, 649, 659, 57],
    [117, 280, 491, 580, 41],
    [0, 0, 0, 1, 0]
  ],
  "W": [
    [3, 35, 57, 11, 7],
    [13, 166, 263, 56, 21],
    [1, 15, 10, 3, 0],
    [90, 567, 770, 235, 65],
    [47, 519, 1078, 243, 59],
    [61, 374, 287, 106, 31],
    [75, 290, 490, 60, 50],
    [68, 229, 491, 55, 45],
    [168, 1284, 1643, 347, 147],
    [141, 783, 915, 177, 89],
    [8, 30, 13, 5, 3],
    [37, 353, 605, 154, 30],
    [3, 14, 35, 1, 5],
    [6, 12, 23, 3, 3],
    [1, 12, 14, 4, 1],
    [0, 6, 8, 2, 0],
    [0, 7, 12, 5, 0],
    [85, 555, 1030, 142, 48],
    [14, 41, 66, 3, 12],
    [12, 26, 34, 2, 5],
    [21, 176, 178, 69, 23],
    [3, 8, 96, 7, 5],
    [23, 106, 146, 36, 16],
    [46, 283, 372, 111, 40],
    [8, 66, 142, 21, 8],
    [39, 246, 268, 82, 20],
    [23, 58, 181, 38, 6],
    [6, 117, 200, 53, 12],
    [11, 170, 240, 91, 17],
    [2, 16, 136, 9, 5],
    [12, 180, 359, 84, 31],
    [12, 89, 191, 44, 14],
    [55, 276, 241, 92, 36],
    [6, 31, 71, 15, 5],
    [14, 58, 183, 15, 12],
    [44, 266, 374, 40, 34],
    [17, 72, 182, 27, 19],
    [5, 19, 78, 16, 7],
    [2, 14, 88, 6, 3],
    [4, 29, 97, 14, 4],
    [37, 175, 408, 38, 43],
    [43, 301, 330, 72, 27],
    [24, 124, 276, 44, 17],
    [16, 68, 58, 25, 7],
    [45, 546, 654, 134, 63],
    [31, 488, 480, 134, 44],
    [28, 215, 276, 61, 27],
    [14, 167, 336, 79, 26],
    [15, 128, 107, 30, 23],
    [21, 215, 250, 70, 17],
    [7, 27, 67, 17, 7],
    [6, 67, 154, 63, 9],
    [1, 10, 63, 5, 1],
    [15, 82, 258, 28, 6],
    [15, 186, 389, 98, 20],
    [0, 8, 6, 2, 1],
    [2, 24, 95, 20, 9],
    [2, 12, 139, 20, 4],
    [7, 31, 146, 8, 8],
    [8, 71, 140, 29, 12],
    [3, 14, 128, 10, 5],
    [3, 20, 63, 13, 4],
    [18, 156, 175, 45, 18],
    [19, 130, 120, 21, 21],
    [8, 112, 209, 43, 9],
    [7, 95, 211, 31, 8],
    [22, 184, 416, 56, 22],
    [0, 7, 50, 7, 3],
    [2, 23, 83, 10, 2],
    [20, 152, 214, 100, 14],
    [89, 182, 292, 31, 40],
    [112, 711, 728, 166, 130],
    [103, 470, 664, 157, 115],
    [0, 0, 1, 0, 0]
  ],
  "method": "mvn_pdf",
  "cond_prob": [
    [
      [0.29251968041, 0.031996524685, 0.58160723629, 0.091610965266, 0.0022655933497],
      [0.046234145375, 0.12172681911, 0.6501121813, 0.13647744151, 0.045449412702],
      [0.003946270174, 0.072304949197, 0.065319987902, 0.85662474816, 0.0018040445652],
      [0.0023466800252, 0.53365806229, 0.086659295538, 0.2382301362, 0.13910582594],
      [0.32192785578, 0.093135852508, 0.26068005489, 0.21433064398, 0.10992559283]
    ],
    [
      [0.15913086747, 0.035849031977, 0.76726181466, 0.034886491335, 0.0028717945544],
      [0.019730700799, 0.15679545448, 0.70939894845, 0.073797157389, 0.040277738883],
      [0.00035064803107, 0.1233756861, 0.13843191625, 0.73602457944, 0.0018171701806],
      [0.0006681614113, 0.54607669431, 0.097927907264, 0.12196404509, 0.23336319193],
      [0.167922139, 0.11799127688, 0.35113400892, 0.13769983658, 0.22525273862]
    ],
    [
      [0, 0.17759512559, 0.5712301986, 0.25117467581, 0],
      [0, 0.30424188569, 0.5237341674, 0.17202394691, 0],
      [0, 0.11356382249, 0.036825909914, 0.8496102676, 0],
      [0, 0.70771278804, 0.068166063772, 0.22412114818, 0],
      ["NaN", "NaN", "NaN", "NaN", "NaN"]
    ],
    [
      [0.26698071417, 0.053983592451, 0.63487228903, 0.043268266347, 0.00089513800715],
      [0.0416729708, 0.19563511947, 0.68557155682, 0.060378948991, 0.016741403925],
      [0.0030496481477, 0.2135277849, 0.13069849293, 0.65057380941, 0.0021502646075],
      [0.001710783675, 0.77493986045, 0.08483029162, 0.092834371271, 0.045684692985],
      [0.33219843145, 0.17983234402, 0.33183789513, 0.10943202241, 0.046699306996]
    ],
    [
      [0.32915309789, 0.039173941326, 0.57213304695, 0.057961626705, 0.0015782871355],
      [0.051589161685, 0.1642351074, 0.6284127692, 0.12604776031, 0.029715201407],
      [0.0022898355573, 0.10885692047, 0.069374291977, 0.81720134177, 0.0022776102329],
      [0.0020685740537, 0.64655063872, 0.077593248834, 0.19198027328, 0.081807265112],
      [0.35226988575, 0.12646167031, 0.25970971796, 0.19089429002, 0.070664435952]
    ],
    [
      [0.21733703541, 0.042528977345, 0.69608670101, 0.042750075259, 0.0012972109831],
      [0.032528981461, 0.15384420376, 0.73298157535, 0.058250092218, 0.022395147211],
      [0.0020443792347, 0.17764659784, 0.14252363191, 0.67446992099, 0.0033154700176],
      [0.0014610306083, 0.70962843886, 0.1099153703, 0.10795202217, 0.071043138054],
      [0.28499986094, 0.15041329279, 0.38220291763, 0.11583642722, 0.066547501426]
    ],
    [
      [0.28262034669, 0.026561897288, 0.65154282548, 0.0386086027, 0.000666327847],
      [0.046872819841, 0.10854610207, 0.75887130226, 0.072153899924, 0.013555875906],
      [0.0032655812656, 0.11409236592, 0.13811225544, 0.74295464076, 0.0015751566153],
      [0.0026578520021, 0.64549462795, 0.13604072015, 0.15947758267, 0.056329217231],
      [0.36901500608, 0.097891022546, 0.36448324118, 0.13126589772, 0.037344832467]
    ],
    [
      [0.2930723483, 0.026039364289, 0.64213208972, 0.038359631766, 0.00039656592224],
      [0.049075789621, 0.10803696389, 0.75610957109, 0.076913784218, 0.0098638911833],
      [0.0032373708204, 0.10752892672, 0.13141214317, 0.75743354352, 0.00038801576565],
      [0.002836955925, 0.64342641135, 0.13826219092, 0.17371615329, 0.041758288514],
      [0.37971428542, 0.095637841173, 0.35684762942, 0.14053400339, 0.027266240602]
    ],
    [
      [0.19143121966, 0.027996649946, 0.73536652459, 0.044674601265, 0.00053100453929],
      [0.029243651864, 0.10295200456, 0.79163563443, 0.06520875643, 0.010959952722],
      [0.0015512854514, 0.11698544387, 0.15487322405, 0.7256283875, 0.0009616591306],
      [0.0017131325242, 0.63948597577, 0.15337350028, 0.15672916728, 0.048698224149],
      [0.27311215728, 0.10882633395, 0.44436025545, 0.13723919745, 0.036462055859]
    ],
    [
      [0.20221676895, 0.028508466467, 0.72288847199, 0.045766703469, 0.00061958912819],
      [0.031141055532, 0.10587121375, 0.78328905093, 0.067241404742, 0.012457275049],
      [0.0017538419669, 0.11714660205, 0.14901903001, 0.73072879347, 0.0013517324929],
      [0.0018070940938, 0.63934218665, 0.14805862224, 0.15780238474, 0.052989712286],
      [0.28291424767, 0.10933076342, 0.42919786488, 0.1387528851, 0.039804238924]
    ],
    [
      [0.2231222259, 0.0166154904, 0.73631334622, 0.023948937476, 0],
      [0.037174777194, 0.0671624804, 0.85616306814, 0.039499674271, 0],
      [0.0040400216725, 0.11481333684, 0.20937638748, 0.67177025401, 0],
      [0.012701464712, 0.62796740461, 0.2319470551, 0.12738407558, 0],
      [0.32791709056, 0.073263754264, 0.51432429114, 0.08449486403, 0]
    ],
    [
      [0.28245247854, 0.058555595033, 0.59527016461, 0.062212188783, 0.0015095730393],
      [0.042590126203, 0.21563181683, 0.62415524905, 0.091108927368, 0.026513880548],
      [0.0025046928274, 0.1747971793, 0.087151702014, 0.73266642522, 0.0028800006374],
      [0.0015586925788, 0.74361816649, 0.067870177976, 0.12375868212, 0.063194280833],
      [0.32531886423, 0.18153068425, 0.28231379555, 0.14048911163, 0.070347544344]
    ],
    [
      [0.14994509219, 0.030882282956, 0.61152340501, 0.20598807148, 0.0016611483597],
      [0.021573219915, 0.10375364859, 0.63779323331, 0.21501706764, 0.021862830537],
      [0.0022747291235, 0.037923756386, 0.043559166427, 0.90985607748, 0.0063862705869],
      [0.00063489393443, 0.58630562761, 0.075837929552, 0.25737577034, 0.079845778563],
      [0.23357784627, 0.10823299394, 0.32718315282, 0.25389167131, 0.077114335659]
    ],
    [
      [0.33283681968, 0.073074768116, 0.5138162932, 0.073470718025, 0.0068014009759],
      [0.032831039727, 0.24602905882, 0.42054287771, 0.22313177881, 0.077465244929],
      [0.0059337671187, 0.10131776084, 0.015122284959, 0.87661967599, 0.001006511093],
      [0.0019446660921, 0.59513026048, 0.031080908552, 0.22573274674, 0.14611141813],
      [0.15556532106, 0.16450113488, 0.14317747619, 0.34738118605, 0.18937488182]
    ],
    [
      [0, 0.092772125738, 0.66721337791, 0.24001449635, 0],
      [0, 0.17085099484, 0.67027862989, 0.15887037527, 0],
      [0, 0.073552303234, 0.045930102118, 0.88051759465, 0],
      [0, 0.65707146181, 0.075218362273, 0.26771017592, 0],
      [0, 0.19899784371, 0.3455481846, 0.45545397169, 0]
    ],
    [
      ["NaN", "NaN", "NaN", "NaN", "NaN"],
      [0.14337724437, 0.047621930199, 0.76938306558, 0.039617759856, 0],
      [0.014696792095, 0.058806794058, 0.13007641655, 0.7964199973, 0],
      [0.011081098523, 0.62190703317, 0.17154513706, 0.19546673124, 0],
      ["NaN", "NaN", "NaN", "NaN", "NaN"]
    ],
    [
      ["NaN", "NaN", "NaN", "NaN", "NaN"],
      [0, 0.11228219374, 0.82782691439, 0.059890891865, 0],
      [0, 0.12037429557, 0.13449772798, 0.74512797645, 0],
      [0, 0.75390661939, 0.11824777269, 0.12784560792, 0],
      ["NaN", "NaN", "NaN", "NaN", "NaN"]
    ],
    [
      [0.29349609959, 0.021474266681, 0.59802479501, 0.085973315471, 0.0010315232507],
      [0.050738446518, 0.08201229621, 0.71640128996, 0.13006248989, 0.020785477422],
      [0.0025255021855, 0.048067686884, 0.086800115835, 0.86048533414, 0.0021213609535],
      [0.0029027690196, 0.49778316507, 0.12829433494, 0.28890813914, 0.082111591832],
      [0.37249027636, 0.072144500108, 0.31131795059, 0.19130700769, 0.052740265253]
    ],
    [
      [0.17497188643, 0.027461102608, 0.7590156287, 0.038551382263, 0],
      [0.024945145812, 0.10180839038, 0.78688916021, 0.086357303593, 0],
      [0.0005135651339, 0.10099272419, 0.14214281695, 0.75635089372, 0],
      [0.0071303743157, 0.77550358623, 0.083730781612, 0.13363525784, 0],
      [0.28936301583, 0.12078083354, 0.45655894714, 0.13329720349, 0]
    ],
    [
      [0.50303927198, 0.017120079968, 0.46229200484, 0.015603406101, 0.0019452371175],
      [0.082308971091, 0.10696324536, 0.7155833345, 0.076638364224, 0.018506084825],
      [0.0020365283868, 0.097259003418, 0.13069793137, 0.76505563383, 0.0049509029936],
      [0.0030042471803, 0.70077025485, 0.081317295245, 0.12969712874, 0.085211073991],
      [0.54964900568, 0.06103360705, 0.24819299757, 0.10977516982, 0.031349219877]
    ],
    [
      [0.21506155753, 0.093329678989, 0.63528314294, 0.05563591518, 0.00068970536347],
      [0.02992157832, 0.2768821686, 0.61036862365, 0.070399614616, 0.012428014815],
      [0.002323805983, 0.2649806017, 0.10710451725, 0.62468330561, 0.00090776945529],
      [0.0011011525626, 0.83670369253, 0.059187881905, 0.077451447974, 0.025555825029],
      [0.24903880503, 0.27868318176, 0.30806992672, 0.12624066518, 0.037967421296]
    ],
    [
      [0.10580086002, 0.1256396463, 0.62577763274, 0.14160902816, 0.0011728327723],
      [0.0075053478842, 0.2171913344, 0.67836867731, 0.076616954963, 0.02031768544],
      [0.00010362586459, 0.11396438343, 0.049085427573, 0.83412995103, 0.0027166121063],
      [0.00014632731573, 0.69776843364, 0.060928137999, 0.19980665432, 0.04135044673],
      [0.12231645253, 0.21211810823, 0.31140393405, 0.29742307942, 0.056738425769]
    ],
    [
      [0.15656931938, 0.091803723437, 0.70897784436, 0.041756497124, 0.00089261569446],
      [0.015859586772, 0.31059664674, 0.59058540656, 0.070648114917, 0.012310245008],
      [0.00029289091525, 0.29609771617, 0.11757400024, 0.58467554121, 0.0013598514608],
      [0.00016812143685, 0.86766644199, 0.048021211732, 0.061027583171, 0.02311664167],
      [0.16681093819, 0.34368820835, 0.32480555164, 0.1244548984, 0.040240403422]
    ],
    [
      [0.24766618148, 0.076025787313, 0.6300621255, 0.04590116107, 0.00034474464115],
      [0.037936668711, 0.25317402223, 0.63918579563, 0.063453812012, 0.0062497014195],
      [0.0022675863591, 0.26071275384, 0.12132815961, 0.61546413252, 0.00022736766672],
      [0.0014427038222, 0.83786815887, 0.065466891264, 0.076221161135, 0.019001084911],
      [0.29668990392, 0.24665138575, 0.31816654398, 0.11294779016, 0.025544376191]
    ],
    [
      [0.43194453255, 0.031899861835, 0.50694569987, 0.027805788458, 0.0014041172884],
      [0.07743649006, 0.15539194358, 0.67116478151, 0.066942914412, 0.029063870437],
      [0.002405880915, 0.16892517033, 0.12474973918, 0.69927227703, 0.0046469325366],
      [0.0030885473882, 0.69775920921, 0.093876982128, 0.11415384018, 0.091121421095],
      [0.50339260132, 0.10607690601, 0.24520990409, 0.083178419873, 0.062142168708]
    ],
    [
      [0.23759226351, 0.066327763127, 0.6539071726, 0.041914595383, 0.0002582053787],
      [0.036948039563, 0.22556664145, 0.67565291527, 0.057535101637, 0.0042973020741],
      [0.0017146814625, 0.25257697546, 0.13466705867, 0.61085439061, 0.00018689380299],
      [0.0014273291812, 0.82622021008, 0.076789613136, 0.078051590023, 0.01751125758],
      [0.3034054183, 0.2241568396, 0.34497415548, 0.10512443566, 0.022339150964]
    ],
    [
      [0.21261250141, 0.044501068921, 0.71447602699, 0.026042969005, 0.0023674336721],
      [0.025578504724, 0.23078187766, 0.6401128121, 0.071955852342, 0.031570953171],
      [0.0013925449183, 0.2080542993, 0.10414530561, 0.68205241652, 0.0043554336548],
      [0.00085996987983, 0.75311698001, 0.069081154269, 0.10446564912, 0.072476246722],
      [0.22360495132, 0.2191421828, 0.32752068326, 0.13439837017, 0.095333812446]
    ],
    [
      [0.28677380827, 0.035570227977, 0.64461996863, 0.031546895525, 0.0014890995923],
      [0.036829888406, 0.19419608131, 0.65103059018, 0.095410431491, 0.022533008607],
      [0.0022307930405, 0.1530585334, 0.086530351141, 0.75531659046, 0.0028637319655],
      [0.0014783486499, 0.72442769137, 0.07542572546, 0.14077995115, 0.057888283374],
      [0.28714576002, 0.17160523307, 0.30483895493, 0.17692022003, 0.059489831956]
    ],
    [
      [0.41694410915, 0.037306827313, 0.51845736311, 0.025206475493, 0.0020852249394],
      [0.062685204183, 0.22873971435, 0.57412238609, 0.089921745341, 0.044530950042],
      [0.0031933527469, 0.19015269111, 0.082491357677, 0.72245841512, 0.0017041833447],
      [0.001987081317, 0.72899693808, 0.057354787998, 0.10978817737, 0.10187301524],
      [0.40058241348, 0.16050036641, 0.21640893062, 0.1208993113, 0.10160897818]
    ],
    [
      [0.12563887442, 0.085061759886, 0.52528070446, 0.26280019703, 0.0012184642061],
      [0.0084561455234, 0.27716334073, 0.47849988084, 0.21830551237, 0.017575120534],
      [7.9404885977e-05, 0.10186475225, 0.013950459532, 0.88263003735, 0.0014753459784],
      [0.00034859864585, 0.71753835873, 0.039433740862, 0.21007863039, 0.032600671364],
      [0.1198974941, 0.21676229881, 0.20825486669, 0.41062373086, 0.04446160954]
    ],
    [
      [0.24313377047, 0.046584360293, 0.67819911748, 0.030339669664, 0.0017430820918],
      [0.031054648292, 0.23458006448, 0.61896123329, 0.089381022458, 0.026023031477],
      [0.0016276400653, 0.19042066296, 0.088540249986, 0.7162686732, 0.0031427737874],
      [0.0010212816924, 0.76436674427, 0.063472282594, 0.11256051092, 0.058579180526],
      [0.25233701988, 0.21447585647, 0.30099893918, 0.15973559109, 0.072452593391]
    ],
    [
      [0.24331465795, 0.079444969028, 0.60612618017, 0.068276736756, 0.0028374561008],
      [0.035098784216, 0.24791847702, 0.58574629773, 0.07850455157, 0.052731889464],
      [0.0022473702081, 0.21708118982, 0.091880641505, 0.68741218798, 0.0013786104851],
      [0.0012136955565, 0.74007773812, 0.054405085285, 0.090623940735, 0.11367954031],
      [0.24812728537, 0.21114201312, 0.26085993283, 0.13647091236, 0.14339985631]
    ],
    [
      [0.26746942457, 0.049188474571, 0.64689734453, 0.035521622323, 0.00092313400838],
      [0.041294376826, 0.19097967152, 0.69779493345, 0.05352279279, 0.016408225412],
      [0.0033507559108, 0.22657416534, 0.14166711676, 0.62597977992, 0.0024281820655],
      [0.0018468602833, 0.77756493651, 0.090193560028, 0.084882565445, 0.045512077736],
      [0.33095806456, 0.17899712643, 0.34415727105, 0.1001026939, 0.045784844067]
    ],
    [
      [0.060613888076, 0.079646594253, 0.76607005656, 0.091043448289, 0.0026260128238],
      [0.0039406605488, 0.16671099262, 0.69472969472, 0.092346401714, 0.042272250402],
      [0.00010529305576, 0.12506876793, 0.094483333183, 0.77712783196, 0.0032147738698],
      [0.00011970034173, 0.64305952599, 0.085252251818, 0.15331093433, 0.11825758752],
      [0.10097697649, 0.16566085011, 0.37597173823, 0.22305215457, 0.1343382806]
    ],
    [
      [0.32018991255, 0.035606552882, 0.57471933671, 0.068878055296, 0.00060614255753],
      [0.054982316781, 0.14357957256, 0.69932105908, 0.089522973312, 0.012594078264],
      [0.0030040859171, 0.12171829874, 0.10005232737, 0.77389881467, 0.0013264733041],
      [0.0024460020179, 0.70146185382, 0.10021922811, 0.15258431825, 0.043288597794],
      [0.39516075816, 0.11479304787, 0.29837029402, 0.16092724301, 0.030748656942]
    ],
    [
      [0.29827878099, 0.028968635624, 0.6331079276, 0.039210488775, 0.00043416701878],
      [0.051560408039, 0.11752604598, 0.76105673079, 0.059353964948, 0.010502850246],
      [0.0037976077539, 0.14100450353, 0.15648309876, 0.69777093098, 0.00094385897327],
      [0.0026900147599, 0.70531388849, 0.12372013896, 0.12234809363, 0.045927864167],
      [0.40096350611, 0.10338858654, 0.35966695, 0.10665682019, 0.029324137153]
    ],
    [
      [0.22109373273, 0.040207619231, 0.66651591548, 0.070716434134, 0.0014662984177],
      [0.033553068257, 0.14389480731, 0.71095661698, 0.086382643153, 0.025212864293],
      [0.001858382253, 0.12481373183, 0.10451845449, 0.76535013152, 0.0034592999116],
      [0.0015435809164, 0.65512050901, 0.1019730697, 0.16221229831, 0.07915054206],
      [0.28661491444, 0.13429954793, 0.3528800745, 0.15288496428, 0.073320498857]
    ],
    [
      [0.091648613144, 0.059168422232, 0.71679295143, 0.12847247109, 0.0039175421036],
      [0.0039104718802, 0.23893960277, 0.61268808351, 0.11034953184, 0.034112310009],
      [8.0918036439e-05, 0.1019351989, 0.07393107831, 0.8227182821, 0.001334522659],
      [9.7132038033e-05, 0.56251762964, 0.062084846526, 0.16938205971, 0.20591833209],
      [0.065656035586, 0.17329683543, 0.28785428624, 0.19697965438, 0.27621318836]
    ],
    [
      [0.13994776281, 0.081882594294, 0.62019761692, 0.15519265422, 0.0027793717514],
      [0.018089153174, 0.24436895581, 0.59389423064, 0.10038956647, 0.043258093907],
      [0.00029662830347, 0.16127178635, 0.060466926248, 0.77276190792, 0.0052027511843],
      [0.00050096839204, 0.76354495247, 0.052585093887, 0.086304107044, 0.097064878208],
      [0.14591574296, 0.21396083889, 0.26949515466, 0.25442940737, 0.11619885611]
    ],
    [
      [0.2926949811, 0.096936024125, 0.49517062506, 0.11519836972, 0],
      [0.045409015376, 0.31856833342, 0.51442794641, 0.12159470479, 0],
      [0.0016940108894, 0.1923677813, 0.048229807907, 0.75770839991, 0],
      [0.0068744452547, 0.83490071581, 0.039752197821, 0.11847264112, 0],
      [0.31294933497, 0.25637235684, 0.21652122935, 0.21415707884, 0]
    ],
    [
      [0.29409947445, 0.032868893899, 0.60261532604, 0.06967753632, 0.00073876929002],
      [0.049587741203, 0.12948546536, 0.70800521536, 0.097921861032, 0.014999717046],
      [0.0026430160027, 0.10592503705, 0.10052984218, 0.78942170158, 0.0014804031857],
      [0.0023016404606, 0.66225468976, 0.10667691154, 0.17511004225, 0.053656715988],
      [0.378480276, 0.11025118977, 0.3193586512, 0.15226440988, 0.039645473159]
    ],
    [
      [0.21102982323, 0.031160505169, 0.72053134683, 0.035994337056, 0.0012839877066],
      [0.032976902413, 0.11470600589, 0.77967828361, 0.04927591951, 0.02336288857],
      [0.0027201886026, 0.15449849368, 0.17854153949, 0.66033100447, 0.0039087737645],
      [0.0018834049606, 0.65334136221, 0.1405126721, 0.1115660577, 0.092696503032],
      [0.29505194736, 0.11512998192, 0.41845808506, 0.099192744604, 0.072167241055]
    ],
    [
      [0.20672765981, 0.02676745061, 0.71447116673, 0.051728623232, 0.000305099617],
      [0.033676672704, 0.098176287791, 0.79770211868, 0.063023783382, 0.0074211374476],
      [0.0024143814981, 0.11099192666, 0.15370708627, 0.73263286936, 0.00025373621073],
      [0.0021489231458, 0.63266548482, 0.16172457193, 0.1676853729, 0.035775647201],
      [0.30010040219, 0.10074520046, 0.43521131223, 0.13874915013, 0.025193934982]
    ],
    [
      [0.099445509327, 0.029825244665, 0.83712664607, 0.032050962743, 0.0015516371973],
      [0.0054490857529, 0.10829003561, 0.81471600586, 0.052193043285, 0.019351829494],
      [0.00025705354101, 0.13692448796, 0.18503193826, 0.67335770877, 0.0044288114609],
      [0.000267171429, 0.65324043959, 0.14859276588, 0.11979729568, 0.078102327421],
      [0.1452493755, 0.12663462462, 0.53694481404, 0.12691116455, 0.064260021287]
    ],
    [
      [0.29381306248, 0.027350070361, 0.65939548604, 0.019004236214, 0.00043714490728],
      [0.046122720884, 0.13090770977, 0.74990689977, 0.063896157257, 0.0091665123258],
      [0.0032548915221, 0.14707828265, 0.14486061727, 0.70448870149, 0.00031750707402],
      [0.0024962032477, 0.69858591984, 0.12714816634, 0.13440933839, 0.037360372171],
      [0.36717803643, 0.11895122526, 0.3666879027, 0.11922294272, 0.027959892888]
    ],
    [
      [0.15728253476, 0.021944335744, 0.80701293558, 0.012625733656, 0.0011344602644],
      [0.019273369373, 0.11923084988, 0.80578894666, 0.037801670238, 0.017905163851],
      [0.00059832273801, 0.18905447395, 0.21972376656, 0.58683210964, 0.0037913271168],
      [0.0008345382296, 0.68960443287, 0.15069555395, 0.086646887109, 0.072218587841],
      [0.21181395753, 0.13595293983, 0.50220411024, 0.087983901819, 0.062045090581]
    ],
    [
      [0.28033997975, 0.025518032828, 0.6654256975, 0.028284556768, 0.00043173315422],
      [0.047646194504, 0.10643499541, 0.78729726785, 0.048744190273, 0.0098773519676],
      [0.0044945274474, 0.14737795257, 0.18445977749, 0.66252679995, 0.0011409425442],
      [0.0030987315008, 0.67319745745, 0.15730913943, 0.12108903036, 0.04530564127],
      [0.3880383908, 0.098541157587, 0.39231154776, 0.092007550551, 0.029101353296]
    ],
    [
      [0.1744725318, 0.047728605486, 0.74792666584, 0.029143489892, 0.00072870698135],
      [0.022301418612, 0.18961030175, 0.70729392742, 0.068850138669, 0.011944213556],
      [0.00039550623269, 0.1905510322, 0.12477809363, 0.68341321039, 0.00086215754546],
      [0.00065580803225, 0.76497412598, 0.090640531056, 0.10977681459, 0.033952720342],
      [0.21724418145, 0.2003375523, 0.39711151489, 0.14595426689, 0.03935248447]
    ],
    [
      [0.18378195713, 0.039374460009, 0.73558003192, 0.040854931513, 0.00040861943083],
      [0.027450029156, 0.13929201421, 0.77087885085, 0.053618328601, 0.0087607771873],
      [0.0019745116775, 0.17291480032, 0.16360050985, 0.66073326582, 0.00077691232455],
      [0.0014547634708, 0.72152945344, 0.13169424028, 0.11106626762, 0.034255275185],
      [0.28151092423, 0.14922774104, 0.42772716738, 0.1084166302, 0.033117537143]
    ],
    [
      [0.27999153283, 0.019341540972, 0.68277176684, 0.017283349886, 0.00061180947402],
      [0.046151326695, 0.090701808068, 0.80400434398, 0.046970230467, 0.012172290791],
      [0.0048251211836, 0.1347281623, 0.20336682141, 0.65477881458, 0.0023010805306],
      [0.0033542852816, 0.64213751557, 0.17317224244, 0.12161796992, 0.059717986785],
      [0.39744484151, 0.0859571906, 0.40218215395, 0.078264033161, 0.036151780779]
    ],
    [
      [0.19637379388, 0.066364809364, 0.66997879778, 0.066708315995, 0.00057428297336],
      [0.02722983928, 0.21916861384, 0.66784479776, 0.075397383949, 0.010359365175],
      [0.0020198404259, 0.1901270559, 0.098743067515, 0.70810529398, 0.0010047421788],
      [0.001096526307, 0.78625405806, 0.073028820292, 0.11446596629, 0.02515462905],
      [0.24802964664, 0.21615171833, 0.34586620107, 0.15833375686, 0.03161867709]
    ],
    [
      [0.30054719791, 0.05889946078, 0.56447228303, 0.074257251883, 0.0018238064012],
      [0.043363151265, 0.2281105646, 0.57609294846, 0.12010489845, 0.032328437226],
      [0.0028078191796, 0.15245768817, 0.061142997054, 0.78013420422, 0.0034572913733],
      [0.0017683587049, 0.73420448971, 0.054182868357, 0.13687767523, 0.072966608001],
      [0.30528610286, 0.18109206411, 0.24282183356, 0.19371858926, 0.077081410214]
    ],
    [
      [0.85800737725, 0.0136791135, 0.11840538939, 0.0087491888712, 0.0011589309891],
      [0.20964756464, 0.24277832642, 0.3537999734, 0.16480130015, 0.028972835393],
      [0.0013369713449, 0.084871585796, 0.017953756636, 0.89062383568, 0.0052138505465],
      [0.0084390652772, 0.64036672702, 0.039281856158, 0.24290756702, 0.069004784529],
      [0.91909245523, 0.0097940821405, 0.016098927701, 0.019398326927, 0.035616208005]
    ],
    [
      [0.17184167375, 0.024294470467, 0.73916434675, 0.06390540627, 0.00079410276444],
      [0.026885978822, 0.085266153326, 0.8090154813, 0.064618590172, 0.014213796378],
      [0.0017457017837, 0.096474164725, 0.15828398866, 0.74095768956, 0.0025384552739],
      [0.0017647611485, 0.57741768676, 0.17302038414, 0.18148850537, 0.066308662586],
      [0.28632004301, 0.097621440322, 0.48190425025, 0.082322076005, 0.051832190416]
    ],
    [
      [0.24666174179, 0.060257902769, 0.64212428159, 0.0492135327, 0.0017425411488],
      [0.033447704981, 0.2296438457, 0.61439669243, 0.094870110554, 0.027641646335],
      [0.0017923931218, 0.17898505569, 0.082495960296, 0.73364091462, 0.003085676278],
      [0.0011338058692, 0.75175194566, 0.063065225069, 0.12146530346, 0.062583719939],
      [0.26352234235, 0.20427494109, 0.29095151861, 0.16630204603, 0.074949151916]
    ],
    [
      ["NaN", "NaN", "NaN", "NaN", "NaN"],
      [0, 0.13575417506, 0.72404941558, 0.082032097739, 0.058164311623],
      [0, 0.038948693332, 0.12588248204, 0.83270894242, 0.0024598822076],
      [0, 0.31129618574, 0.08733048968, 0.097427562216, 0.50394576237],
      [0, 0.057682068084, 0.27764880378, 0.15263443911, 0.51203468903]
    ],
    [
      [0.2432485895, 0.070365122005, 0.63498566905, 0.050116978972, 0.00128364048],
      [0.031836319529, 0.26024044225, 0.59586419774, 0.09314176088, 0.018917279601],
      [0.0026575462831, 0.1889835131, 0.071387009705, 0.73391255387, 0.0030593770457],
      [0.0012039912095, 0.77927711543, 0.054667210728, 0.12633663039, 0.038515052243],
      [0.2747649368, 0.23050256544, 0.28379753107, 0.1573265062, 0.05360846049]
    ],
    [
      [0.46572062163, 0.081585818773, 0.33973882047, 0.11205811462, 0.00089662450653],
      [0.078435052237, 0.37457450214, 0.43106818363, 0.097701871662, 0.018220390328],
      [0.0031575664592, 0.16555875051, 0.014970237794, 0.81523843351, 0.0010750117314],
      [0.0017012239753, 0.77484400139, 0.027252438441, 0.17081755922, 0.02538477697],
      [0.41360297814, 0.20809699711, 0.13044808334, 0.21724196717, 0.030609974243]
    ],
    [
      [0.30667230491, 0.026128754001, 0.53009587208, 0.1360006202, 0.0011024488083],
      [0.052407633365, 0.1030546442, 0.65026926654, 0.17320190082, 0.021066555074],
      [0.0028703194686, 0.040585614789, 0.050466086699, 0.90348544017, 0.0025925388733],
      [0.0024196165433, 0.51103470499, 0.094787890449, 0.31864945973, 0.073108328287],
      [0.34877920707, 0.076078419104, 0.25057873137, 0.2775833488, 0.046980293657]
    ],
    [
      [0.32140079458, 0.038859487137, 0.54026710437, 0.098094161613, 0.0013784523029],
      [0.052761028656, 0.15359549119, 0.6241085904, 0.14391307085, 0.025621818901],
      [0.0028464371568, 0.088665087717, 0.058155701925, 0.84721002545, 0.0031227477561],
      [0.0022611161101, 0.62046116973, 0.077386735573, 0.22931171521, 0.070579263386],
      [0.35155725331, 0.11477983551, 0.24834497047, 0.22816461442, 0.057153326295]
    ],
    [
      [0.2330704139, 0.10146806193, 0.58921239752, 0.076249126655, 0],
      [0.041851130765, 0.19320644704, 0.703637172, 0.061305250197, 0],
      [0.0010903451284, 0.13157429469, 0.071379578415, 0.79595578176, 0],
      [0.0087218373534, 0.73179691474, 0.075792704219, 0.18368854368, 0],
      [0.29761807552, 0.16624533745, 0.29738586404, 0.23875072299, 0]
    ],
    [
      [0.41537414504, 0.022456467265, 0.49668441344, 0.064437824621, 0.0010471496426],
      [0.077283740711, 0.10322887688, 0.70535538266, 0.092554734407, 0.021577265339],
      [0.002964838561, 0.078715014791, 0.094234732443, 0.81902871076, 0.005056703446],
      [0.0038125230424, 0.58721834405, 0.11491755773, 0.21087352679, 0.083178048389],
      [0.49296378044, 0.068792164019, 0.24303067803, 0.15385680297, 0.041356574533]
    ],
    [
      [0.33060524132, 0.018873578615, 0.57613696378, 0.073307725043, 0.0010764912412],
      [0.05895697209, 0.07338731246, 0.72437299774, 0.12119506511, 0.022087652607],
      [0.0027993688009, 0.04923875509, 0.093753576907, 0.85137706332, 0.0028312358825],
      [0.0033973991507, 0.4995853925, 0.13015814449, 0.27473218487, 0.092126878986],
      [0.40050252823, 0.061873890986, 0.29796414135, 0.19000535514, 0.049654084285]
    ],
    [
      [0.33359022201, 0.017164427005, 0.58181708102, 0.067179921467, 0.00024834850395],
      [0.062078692632, 0.069196163186, 0.75539397907, 0.1070541661, 0.0062769990114],
      [0.0023654354584, 0.054014523015, 0.10617315416, 0.83728210411, 0.00016478325516],
      [0.0041983755661, 0.5202315375, 0.16102794063, 0.27843058621, 0.036111560091],
      [0.43902559989, 0.060560458257, 0.31532823474, 0.16598309976, 0.019102607353]
    ],
    [
      [0.34386888373, 0.024474619116, 0.59594519266, 0.034516644322, 0.0011946601809],
      [0.05387320826, 0.10889584457, 0.69175422528, 0.12310627488, 0.02237044701],
      [0.0027377548996, 0.07282609461, 0.083526048015, 0.83810364496, 0.0028064575142],
      [0.0027774619964, 0.57192055576, 0.10882865217, 0.23723050138, 0.079242828688],
      [0.39151421836, 0.088292309333, 0.29104323879, 0.17459896691, 0.054551266602]
    ],
    [
      [0.42086883607, 0.020274165067, 0.52227370132, 0.035780057874, 0.00080323967164],
      [0.071278709985, 0.091758222537, 0.67669627093, 0.14455074375, 0.015716052799],
      [0.0020096753794, 0.049404395783, 0.073498151645, 0.87324553046, 0.0018422467327],
      [0.0037113758789, 0.52178198703, 0.11375037459, 0.30145367047, 0.059302592027],
      [0.4679183177, 0.06768507444, 0.25294584291, 0.17716852832, 0.034282236625]
    ],
    [
      [0.3385048767, 0.027959497108, 0.55079033014, 0.082005597078, 0.00073969897089],
      [0.058566868017, 0.1149785327, 0.66914687115, 0.14202666264, 0.015281065499],
      [0.0023996340749, 0.06578658919, 0.070012165041, 0.8605998921, 0.0012017195936],
      [0.0028397042483, 0.57004136293, 0.10214736661, 0.27322852151, 0.051743044704],
      [0.39178717202, 0.088150164543, 0.26883069359, 0.2160281191, 0.035203850751]
    ],
    [
      ["NaN", "NaN", "NaN", "NaN", "NaN"],
      [0, 0.18689901211, 0.71775971897, 0.095341268916, 0],
      [0, 0.10167915337, 0.063666157084, 0.83465468954, 0],
      [0, 0.69128041944, 0.076276950283, 0.23244263028, 0],
      [0, 0.25626210351, 0.41947848701, 0.32425940948, 0]
    ],
    [
      [0, 0.077548825429, 0.83201947253, 0.090431702045, 0],
      [0, 0.12686109477, 0.77286918685, 0.10026971838, 0],
      [0, 0.085026021148, 0.1005573261, 0.81441665276, 0],
      [0, 0.64520625996, 0.12338681795, 0.23140692209, 0],
      [0, 0.20893740734, 0.48992175594, 0.30114083672, 0]
    ],
    [
      [0.32185004047, 0.083712875837, 0.53355767299, 0.059800509246, 0.0010789014623],
      [0.049527316565, 0.28181715852, 0.56754821854, 0.081721292356, 0.019386014024],
      [0.0038196961585, 0.23938627417, 0.086684355447, 0.66772833415, 0.0023813400822],
      [0.001956417074, 0.82068869467, 0.050839238447, 0.08808332529, 0.038432324521],
      [0.35869931339, 0.22800016073, 0.24479581518, 0.1200112386, 0.048493472099]
    ],
    [
      [0.34285188793, 0.021820685511, 0.6038249345, 0.030058905119, 0.0014435869461],
      [0.050458896044, 0.097015216923, 0.72056519202, 0.11179644023, 0.020164254777],
      [0.002753123034, 0.073630692641, 0.10169152775, 0.81940744122, 0.0025172153596],
      [0.002725489737, 0.56854284228, 0.12161164593, 0.22767253992, 0.079447482129],
      [0.36035651967, 0.081904978691, 0.31632071888, 0.19132459373, 0.050093189036]
    ],
    [
      [0.41436228501, 0.031977833664, 0.5012446073, 0.051038707002, 0.001376567027],
      [0.074588548114, 0.14471486025, 0.6602088495, 0.084386854052, 0.036100888078],
      [0.0011927300292, 0.13090737852, 0.10546193989, 0.76029201774, 0.0021459338174],
      [0.0028006136604, 0.63591335384, 0.094727158058, 0.14995043093, 0.11660844352],
      [0.47096736185, 0.097415605293, 0.23808547316, 0.11461731642, 0.078914243284]
    ],
    [
      [0.35901030286, 0.035269365654, 0.55241244285, 0.051950770685, 0.0013571179501],
      [0.061889767647, 0.1486915164, 0.67425644898, 0.083552942169, 0.031609324802],
      [0.0021181564409, 0.13653660581, 0.10733850093, 0.7514450066, 0.0025617302303],
      [0.002535341379, 0.65607493726, 0.09578221623, 0.14651509023, 0.099092414903],
      [0.42721081337, 0.11146235849, 0.26861230262, 0.11666812394, 0.076046401576]
    ],
    [
      ["NaN", "NaN", "NaN", "NaN", "NaN"],
      ["NaN", "NaN", "NaN", "NaN", "NaN"],
      [0, 0, 0, 1, 0],
      ["NaN", "NaN", "NaN", "NaN", "NaN"],
      ["NaN", "NaN", "NaN", "NaN", "NaN"]
    ]
  ],
  "expected_outcome": [
    [
      [0.8784226012, 2.0561835887, 0, 24.0200155311, 15.5210855096, 13.232374679, 21.2110766151, 19.9489440503, 32.0600160968, 28.4490927992, 1.8015374387, 10.4558300525, 0.43857668602, 2.0503018664, 0, 0, 0, 24.8798885369, 2.4351799666, 6.0365309414, 4.5131542175, 0.30885428311, 3.594574979, 11.4040770465, 3.4467777296, 9.2672999461, 4.9184514676, 1.7480782132, 4.6217093365, 0.24681907815, 2.9418996598, 2.9236054468, 14.7285532074, 0.3644798603, 4.4786886508, 13.1087625638, 3.7440645302, 0.43936202172, 0.27795415375, 1.1778234312, 10.8428117465, 9.0607346334, 4.9556449026, 1.5648706973, 13.295427943, 4.8885693608, 7.8572824407, 2.439048581, 2.7354889808, 5.90266754, 1.373492507, 1.813450057, 0.85175304237, 2.5640141889, 3.7172660956, 0, 0.48827831111, 0.94132901903, 2.1471392819, 2.5722936295, 0.69991220128, 1.2418333389, 5.9368719813, 6.3083480675, 2.7687205439, 2.9597688369, 7.4431719131, 0, 0, 6.4425371168, 30.7594334033, 46.1525008861, 36.8284713411, 0],
      [0.091778887608, 0.43919334151, 0.17540334748, 4.655982128, 1.7440656369, 2.4891791106, 1.8974969144, 1.6852079277, 4.493649963, 3.843141069, 0.12599710104, 2.0698522425, 0.087512195497, 0.42245085442, 0.088300299358, 0, 0, 1.7332832711, 0.36661521444, 0.19513542907, 1.8859111639, 0.39317484289, 1.9436051976, 3.3418547785, 0.24255650393, 2.4780084516, 0.89071304947, 0.1857280227, 0.35712523415, 0.16542229336, 0.48647543848, 0.91696080244, 2.5685475273, 0.44559165367, 0.47750002823, 1.2202359944, 0.65665704405, 0.28554689166, 0.15796003843, 0.37439857056, 1.1650708257, 1.2853397299, 0.61579539637, 0.44477465317, 1.1363182945, 0.59200267511, 0.67979912113, 0.61846770767, 0.56945434495, 0.37667129972, 0.44705398805, 0.33401988088, 0.014144802545, 0.34935151105, 0.84718320234, 0, 0.13275634263, 0.15930493938, 0.17242462424, 0.29815642197, 0.3169104086, 0.064491086269, 0.32276431574, 0.31133538612, 0.18305738531, 0.13386551438, 0.58650930483, 0, 0.1417462752, 1.6153926478, 1.8543487166, 3.4506322189, 3.488242318, 0],
      [1.7450054725, 10.0383536153, 0.56093842775, 57.2923505645, 27.0337963124, 42.5542973121, 48.981093061, 43.7879245338, 123.7850000999, 102.1119207594, 5.8820404759, 22.0950491564, 1.8214924673, 3.0975202322, 0.6580723412, 0, 0, 50.8695418845, 10.6750046611, 5.5827700804, 13.3951222546, 1.8564999952, 16.5006698028, 29.0996666959, 4.0818308385, 25.5875010656, 16.6104998389, 3.8917205672, 5.7547033523, 1.0318644424, 8.2319842593, 7.2838212685, 35.6868271384, 4.6132718688, 8.0435065844, 27.8972990275, 11.3430929252, 3.5913428581, 1.2302126102, 1.9690890052, 22.3264547244, 31.0247659149, 17.14826373, 13.4588164796, 29.8019383732, 25.1406227998, 18.6595589586, 10.5573822356, 11.0637725907, 14.3688482057, 4.6985955828, 3.3964800457, 0.12520191464, 11.0742577263, 9.6985444566, 0, 1.2804377672, 0.66604138349, 3.689694321, 4.3209374666, 1.7543445231, 1.4917844549, 10.3850055087, 11.0744914357, 4.797557549, 3.6822906292, 12.1421288399, 0, 1.6743080915, 10.698372353, 53.9209655164, 56.3987022563, 57.1046784414, 0],
      [0.27736614568, 0.42409178952, 0.26365822477, 3.9439926067, 2.6202698037, 2.6388694744, 2.8556166801, 2.5474578614, 7.5624122858, 6.4993679485, 0.19042498441, 2.3185987556, 0.64727215414, 0.38362338284, 0.25362735944, 0, 0, 7.422741604, 0.52320015787, 0.16294468308, 1.1897981793, 0.43765050233, 0.93866611811, 2.1364854743, 0.21666063977, 1.6558138526, 0.52126416066, 0.16472040977, 0.24129279037, 0.55322581162, 0.31683389039, 0.83799667239, 1.9611927073, 0.55944822849, 0.99109804879, 1.7522891273, 1.2293674566, 0.66161883609, 0.32781294179, 0.47868899306, 2.6359670187, 1.5693560001, 1.2720234341, 0.5060962874, 0.74422194115, 0.3406103601, 0.78990012371, 0.37393044802, 0.62435946127, 0.33790779137, 0.47648656914, 0.44420016155, 0.0076139027949, 0.99953248367, 0.7085556034, 0, 0.095728774574, 0.23136017013, 0.98241569567, 0.79673070927, 0.22883286699, 0.19856123689, 1.3347222438, 1.3004942055, 0.24030239012, 0.21796091119, 1.8105140041, 0, 0.1839456333, 1.2204081509, 2.3281057331, 5.8239834706, 5.4232469785, 0],
