{
  "Z_true": {},
  "V_true": [
    [1075, 2579, 323, 91],
    [1431, 8270, 1030, 347],
    [160, 192, 10881, 303],
    [37, 267, 393, 435],
    [77, 203, 253, 382],
    [58, 106, 318, 165]
  ],
  "p_true": [
    [0.2643, 0.634, 0.0794, 0.0224],
    [0.1292, 0.7465, 0.093, 0.0313],
    [0.0139, 0.0166, 0.9432, 0.0263],
    [0.0327, 0.2359, 0.3472, 0.3843],
    [0.0842, 0.2219, 0.2765, 0.4175],
    [0.0896, 0.1638, 0.4915, 0.255]
  ],
  "Z_est": {},
  "V_est": [
    [1868.3531, 2199.6469, 0, 0],
    [96.5049, 9369.6066, 1216.1243, 395.7642],
    [0, 0, 11536, 0],
    [665.3609, 0, 105.2696, 361.3695],
    [207.7811, 0, 0, 707.2189],
    [0, 47.7465, 340.6061, 258.6474]
  ],
  "p_est": [
    [0.4593, 0.5407, 0, 0],
    [0.0087, 0.8458, 0.1098, 0.0357],
    [0, 0, 1, 0],
    [0.5878, 0, 0.093, 0.3192],
    [0.2271, 0, 0, 0.7729],
    [0, 0.0738, 0.5264, 0.3998]
  ],
  "EI_Z": {},
  "EI_V": 13.5603,
  "MAE_Z": {},
  "MAE_V": 331.9552,
  "MAE_p": 0.1338,
  "runtime": 0.0107
}
