{
  "Z_true": {},
  "V_true": [
    [44, 935, 268, 138],
    [237, 7674, 1106, 578],
    [249, 97, 18280, 430],
    [817, 206, 933, 73],
    [53, 318, 1421, 731]
  ],
  "p_true": [
    [0.0318, 0.6751, 0.1935, 0.0996],
    [0.0247, 0.7998, 0.1153, 0.0602],
    [0.0131, 0.0051, 0.9593, 0.0226],
    [0.4027, 0.1015, 0.4598, 0.036],
    [0.021, 0.126, 0.5632, 0.2897]
  ],
  "Z_est": [
    [
      [3, 3, 1.9988, 3, 0.8029, 3, 2, 0, 7, 0.2557, 3.0001, 2.9988, 2, 4, 3, 4, 3, 0.1157, 2, 5, 2.0001, 3, 3, 1.9989, 3, 2.0002, 2.9998, 0.3937, 5, 0, 3.0091, 5, 2.9689, 2, 3, 3, 2, 0.8922, 5, 1.9997, 7, 0.9999],
      [13, 8, 3.9991, 7, 0.2248, 9, 7, 1.2858, 33, 0.3689, 6.9999, 3.0004, 1, 6, 10, 7, 11, 0.3557, 5, 22, 4.9998, 23.0002, 7, 7, 13, 2.0001, 4.0002, 2.1602, 23, 0.1242, 2.0179, 19, 0.9949, 10, 12, 5, 3, 0.0755, 17, 3.9997, 38, 5.9991],
      [37, 27, 10.0011, 37, 1.9471, 35, 24, 1.0994, 51, 0.3177, 18, 12, 6, 25, 26, 31, 14, 0.4682, 8, 20, 5.9998, 32.9998, 12, 17.9994, 30, 6.9991, 15.0001, 3.3855, 74, 0.7858, 7.9654, 25, 7.0257, 33, 10, 24, 12, 0.0213, 54, 10.9997, 65, 18.0003],
      [3, 1, 1.001, 1, 0.0252, 1, 1, 0.6148, 5, 0.0578, 1, 0.0008, 4.4705e-09, 1, 1, 2, 2, 0.0604, 1, 4, 0.0002, 4, 1, 2.0017, 2, 0.0005, 0.9999, 0.0607, 3, 0.09, 0.0076, 4, 0.0106, 1, 2, 1, 4.5257e-06, 0.011, 3, 1.0009, 10, 1.0007]
    ],
    [
      [11, 9, 3.0012, 2, 1.1192, 6, 6, 0, 32, 1.883, 5.9999, 3.9996, 6, 9, 9, 15, 18, 1.4518, 8, 56, 14.0003, 5, 15, 4.0005, 9, 2.9992, 7.0002, 0.1763, 11, 0, 2.0244, 11, 2.0026, 12, 21, 6, 3, 7.8461, 27, 4.9997, 37, 1.9996],
      [80, 77, 37.0049, 24, 4.1742, 58, 41, 3.4963, 214, 6.2514, 27.9998, 57.0041, 36, 37, 53, 47, 136, 6.7587, 66, 391, 107.0002, 59.9999, 62, 33.0055, 77, 26.0002, 30.9996, 12.8977, 77, 0.1166, 13.0162, 59, 7.9814, 126, 224, 25, 21, 25.9772, 129, 23.0014, 273, 22.0014],
      [225, 236, 76.9942, 107, 13.692, 216, 132, 2.5987, 333, 6.1932, 66.0004, 185.993, 143, 137, 138, 199, 180, 7.5547, 93, 352, 138.9996, 82, 104, 80.9924, 172, 68.9978, 95, 19.3485, 250, 0.7745, 31.921, 74, 26.0142, 413, 189, 107, 79, 18.9934, 396, 64.9976, 459, 62.9987],
      [21, 15, 7.9997, 4, 1.0147, 9, 6, 1.905, 38, 1.6723, 5, 13.0033, 6, 9, 7, 13, 29, 1.2347, 13, 70, 17.9999, 10.0001, 14, 9.0017, 12, 5.0027, 6.0002, 2.5775, 12, 0.1089, 2.0384, 13, 1.0017, 24, 39, 8, 3, 5.1833, 27, 5.0013, 74, 3.0003]
    ],
    [
      [24, 25, 4.9995, 12, 2.951, 21, 13, 0, 38, 1.6022, 10.9999, 11.0008, 21, 26, 20, 45, 20, 0.8782, 10, 46, 14.9999, 6, 19, 6.0005, 18, 5.9998, 20.0001, 1.1896, 32, 0, 5.9776, 13, 8.0168, 31, 15, 19, 10, 4.0711, 69, 11.0003, 54, 2.9997],
      [187, 198, 66.9969, 102, 12.2629, 181, 106, 1.8739, 248, 6.108, 58.0003, 136.9942, 109, 102, 119, 142, 151, 4.1936, 81, 325, 117.0007, 82.0001, 84, 65.9922, 151, 59.9974, 79.0003, 14.7641, 212, 0.505, 28.8761, 79, 26.9779, 326, 159, 84, 61, 17.923, 336, 49.9966, 402, 56.9986],
      [529, 629, 140.0044, 482, 47.7291, 700, 347, 1.9107, 389, 8.6485, 134.9999, 465.0058, 465, 396, 318, 607, 201, 6.13, 117, 293, 154.9997, 114, 139, 162.0089, 343, 167.0051, 256, 31.8814, 698, 3.9683, 83.2007, 97, 103.0177, 1080, 137, 369, 248, 12.151, 1036, 148.0043, 675, 164.0032],
      [51, 42, 14.9992, 19, 3.057, 32, 17, 1.2154, 44, 1.6413, 9.9999, 31.9992, 21, 26, 17, 40, 32, 0.7981, 16, 58, 18.9997, 14, 18, 17.9983, 25, 11.9977, 15.9996, 3.1649, 35, 0.5267, 6.9456, 17, 5.9876, 62, 28, 29, 11, 2.8549, 72, 12.9987, 109, 8.9986]
    ],
    [
      [1, 2, 0.0002, 1.7361e-06, 0.0559, 1, 1, 0, 7, 0.7309, 1.0001, 0.0004, 2, 2, 1, 5, 3, 0.3789, 1, 9, 1.9998, 4.1917e-08, 4, 0, 1, 0.0001, 1.9999, 0.0501, 3, 0, 0.9852, 1, 1.0096, 2, 2, 1, 1, 1.1577, 8, 1, 5, 0.0005],
      [12, 15, 4.9996, 4, 0.1095, 11, 8, 0, 47, 2.4092, 7, 8.9988, 12, 10, 11, 17, 24, 1.6731, 8, 63, 15.9998, 13.9998, 18, 4.9995, 10, 3.0006, 9.0002, 1.2233, 21, 0.1309, 4.0248, 10, 3.0178, 21, 22, 7, 8, 4.9383, 38, 6.0014, 43, 4.0008],
      [35, 49, 12.0001, 20, 1.8024, 45, 29, 0, 76, 3.1808, 19.9999, 34.0021, 57, 39, 32, 74, 35, 2.439, 14, 59, 21.0005, 19.0003, 33, 16.0004, 24, 11.9992, 30.9998, 3.4985, 69, 0.7687, 13.9155, 14, 14.9414, 70, 20, 32, 33, 4.9324, 121, 20.9988, 76, 13.9979],
      [4, 4, 1.0001, 1, 0.0323, 3, 2, 0, 9, 0.679, 1.0001, 2.9988, 2, 4, 2, 6, 5, 0.509, 2, 11, 2.9999, 2, 4, 1, 1, 1.0001, 1.0001, 0.228, 4, 0.1003, 1.0745, 2, 0.0313, 4, 3, 3, 2, 0.9717, 9, 1.9997, 12, 1.0008]
    ],
    [
      [2, 3, 0.0003, 1, 0.071, 2, 1, 0, 7, 0.5282, 1.0001, 1.0004, 2, 2, 2, 6, 4, 0.1753, 1, 9, 2.9998, 4.18e-08, 2, 0, 2, 0.0006, 1, 0.1903, 3, 0, 0.0037, 3, 0.0022, 3, 2, 2, 1, 1.0329, 8, 1.0003, 8, 0.0004],
      [19, 23, 8.9995, 11, 1.2287, 18, 12, 1.344, 51, 2.8624, 5, 14.0025, 11, 8, 12, 19, 33, 1.0189, 12, 63, 23.9995, 11, 10, 7.0027, 22, 5.0016, 6.9997, 7.9547, 20, 0.1233, 2.065, 18, 2.028, 37, 30, 10, 7, 5.0861, 41, 5.0008, 61, 8.0002],
      [54, 75, 21.0003, 52, 5.8295, 70, 40, 1.3912, 79, 2.6598, 12.9999, 47.9992, 48, 30, 34, 82, 44, 1.408, 17, 57, 32.0004, 17, 18, 17.9989, 51, 13.9988, 24.0002, 11.8862, 68, 0.7026, 7.9974, 23, 11.001, 125, 26, 44, 30, 3.902, 128, 15.9995, 104, 22.9999],
      [7, 6, 2.9999, 3, 0.8708, 4, 3, 1.2648, 11, 0.9496, 3, 4.9979, 4, 3, 3, 6, 9, 0.3978, 4, 13, 6.0002, 3, 4, 3.9983, 6, 2.999, 3.0001, 2.9689, 5, 0.1741, 2.9339, 6, 2.9688, 9, 7, 5, 3, 1.9791, 10, 2.9994, 18, 2.9995]
    ]
  ],
  "V_est": [
    [113.4344, 358.6063, 851.0153, 61.944],
    [408.5036, 2837.6868, 5784.0639, 564.7457],
    [719.687, 4831.4618, 12499.6687, 1005.1824],
    [73.3695, 535.5274, 1301.4774, 118.6257],
    [85.0056, 666.7176, 1571.7746, 199.5022]
  ],
  "p_est": [
    [0.0819, 0.2589, 0.6145, 0.0447],
    [0.0426, 0.2957, 0.6028, 0.0589],
    [0.0378, 0.2535, 0.6559, 0.0527],
    [0.0362, 0.2639, 0.6414, 0.0585],
    [0.0337, 0.2643, 0.623, 0.0791]
  ],
  "EI_Z": {},
  "EI_V": 36.3059,
  "MAE_Z": {},
  "MAE_V": 1255.7477,
  "MAE_p": 0.1857,
  "runtime": 0.3221
}
