{
  "X": [
    [5, 33, 106, 46, 57, 28, 21],
    [18, 20, 110, 76, 81, 21, 22],
    [1, 0, 11, 4, 3, 0, 2],
    [22, 28, 47, 54, 47, 8, 10],
    [8, 6, 23, 10, 19, 7, 9],
    [31, 36, 110, 124, 85, 20, 38],
    [53, 32, 334, 264, 209, 42, 52],
    [13, 29, 133, 105, 92, 28, 30],
    [21, 28, 128, 85, 76, 23, 21],
    [4, 11, 35, 16, 12, 5, 8],
    [4, 6, 26, 12, 14, 3, 6],
    [14, 10, 22, 46, 28, 4, 4],
    [2, 6, 11, 7, 11, 1, 2],
    [7, 15, 24, 78, 28, 6, 6],
    [18, 62, 137, 105, 86, 17, 27],
    [26, 25, 47, 74, 37, 7, 12],
    [12, 9, 55, 21, 35, 13, 11],
    [32, 44, 316, 180, 246, 62, 71],
    [10, 15, 23, 47, 30, 2, 12],
    [32, 49, 209, 122, 134, 87, 38],
    [39, 51, 377, 220, 219, 87, 71],
    [27, 68, 118, 123, 64, 43, 27],
    [2, 3, 8, 10, 4, 3, 2],
    [1, 1, 16, 9, 12, 4, 3],
    [28, 23, 168, 65, 94, 19, 36],
    [271, 221, 616, 425, 332, 120, 120],
    [124, 80, 294, 243, 142, 55, 40],
    [4, 38, 63, 21, 17, 0, 8],
    [3, 2, 7, 8, 11, 0, 1],
    [63, 77, 349, 197, 143, 68, 49],
    [47, 68, 209, 138, 178, 49, 45],
    [3, 2, 9, 34, 19, 1, 2],
    [6, 5, 15, 19, 29, 1, 6],
    [11, 9, 31, 12, 17, 3, 5],
    [0, 1, 3, 0, 2, 1, 3],
    [52, 47, 197, 144, 106, 46, 43],
    [0, 0, 3, 3, 2, 0, 2],
    [2, 2, 16, 13, 8, 3, 5],
    [12, 7, 7, 50, 25, 7, 4],
    [5, 7, 96, 19, 41, 6, 20],
    [2, 7, 24, 5, 9, 0, 4],
    [2, 12, 9, 12, 8, 7, 0],
    [5, 12, 41, 15, 28, 2, 7],
    [32, 18, 37, 54, 41, 18, 11],
    [6, 2, 6, 18, 5, 1, 6],
    [26, 19, 107, 98, 80, 25, 19],
    [4, 1, 7, 13, 2, 1, 6],
    [7, 51, 102, 43, 42, 17, 17],
    [17, 44, 103, 67, 46, 11, 28],
    [8, 12, 14, 9, 17, 5, 4],
    [7, 28, 21, 21, 10, 3, 16],
    [80, 59, 352, 303, 203, 58, 61],
    [22, 18, 55, 44, 41, 18, 11],
    [8, 6, 13, 33, 10, 3, 5],
    [5, 27, 41, 26, 33, 13, 9],
    [1, 7, 24, 3, 6, 2, 1],
    [25, 23, 108, 163, 83, 43, 38],
    [0, 4, 6, 2, 2, 0, 4],
    [5, 44, 42, 19, 25, 6, 9],
    [1, 1, 7, 6, 9, 0, 4],
    [32, 15, 99, 77, 89, 19, 21],
    [2, 4, 14, 20, 15, 0, 1],
    [2, 6, 14, 13, 11, 2, 3],
    [6, 31, 78, 27, 30, 14, 17],
    [0, 3, 14, 1, 1, 0, 0],
    [22, 2, 13, 41, 11, 0, 2],
    [34, 20, 123, 156, 105, 42, 26],
    [40, 80, 210, 131, 102, 27, 33],
    [2, 3, 2, 5, 4, 2, 1],
    [6, 20, 28, 13, 11, 1, 6],
    [41, 60, 195, 113, 144, 26, 40],
    [8, 4, 3, 26, 7, 4, 2],
    [2, 12, 17, 13, 16, 10, 1],
    [14, 7, 26, 54, 25, 3, 16],
    [10, 9, 15, 41, 23, 7, 4],
    [4, 5, 13, 13, 12, 1, 0],
    [3, 2, 12, 9, 7, 5, 10],
    [0, 0, 9, 0, 2, 1, 0],
    [1, 1, 4, 0, 4, 3, 0],
    [2, 0, 15, 6, 7, 0, 3],
    [25, 35, 119, 109, 111, 25, 36],
    [3, 5, 23, 10, 3, 4, 2],
    [5, 12, 39, 26, 16, 4, 9],
    [24, 17, 24, 44, 17, 12, 12],
    [16, 18, 87, 37, 80, 8, 16],
    [7, 12, 23, 23, 29, 2, 9],
    [4, 1, 10, 36, 26, 3, 7],
    [9, 3, 16, 20, 22, 4, 4],
    [9, 5, 16, 15, 18, 7, 1],
    [8, 4, 41, 30, 39, 6, 8],
    [3, 10, 15, 24, 20, 4, 4],
    [0, 0, 5, 0, 1, 0, 0],
    [0, 6, 9, 0, 3, 0, 5],
    [8, 31, 31, 29, 14, 11, 14],
    [15, 14, 13, 33, 13, 16, 8],
    [15, 6, 21, 16, 12, 1, 4],
    [90, 119, 241, 214, 172, 51, 63],
    [5, 12, 31, 20, 16, 10, 8],
    [25, 21, 38, 53, 40, 4, 9],
    [7, 7, 8, 15, 18, 2, 1],
    [13, 6, 50, 33, 30, 7, 12],
    [0, 10, 6, 0, 4, 3, 1],
    [0, 1, 4, 0, 0, 0, 0],
    [3, 1, 27, 36, 14, 1, 6],
    [89, 75, 230, 204, 159, 51, 56],
    [14, 28, 62, 51, 41, 20, 19],
    [143, 277, 577, 432, 329, 93, 144],
    [20, 20, 54, 33, 14, 1, 8]
  ],
  "W": [
    [32, 36, 54, 120, 54],
    [13, 70, 73, 160, 32],
    [0, 5, 8, 6, 2],
    [22, 29, 32, 115, 18],
    [8, 17, 18, 33, 6],
    [17, 62, 69, 263, 33],
    [32, 159, 207, 517, 71],
    [27, 73, 100, 195, 35],
    [18, 50, 83, 204, 27],
    [10, 22, 20, 30, 9],
    [8, 14, 12, 27, 10],
    [10, 20, 14, 68, 16],
    [3, 11, 10, 13, 3],
    [15, 16, 18, 106, 9],
    [53, 86, 97, 171, 45],
    [20, 34, 34, 122, 18],
    [17, 32, 31, 52, 24],
    [54, 221, 206, 379, 91],
    [12, 25, 16, 73, 13],
    [44, 98, 126, 311, 92],
    [57, 193, 232, 452, 130],
    [74, 58, 97, 190, 51],
    [0, 6, 8, 13, 5],
    [4, 9, 9, 21, 3],
    [20, 73, 116, 192, 32],
    [192, 243, 357, 1088, 225],
    [86, 105, 171, 534, 82],
    [38, 14, 43, 39, 17],
    [2, 6, 3, 19, 2],
    [81, 135, 308, 335, 87],
    [70, 151, 147, 291, 75],
    [1, 15, 3, 43, 8],
    [6, 19, 9, 36, 11],
    [11, 14, 23, 32, 8],
    [2, 3, 1, 0, 4],
    [46, 80, 165, 273, 71],
    [0, 1, 2, 5, 2],
    [6, 4, 10, 21, 8],
    [2, 17, 4, 79, 10],
    [8, 35, 70, 55, 26],
    [5, 15, 19, 8, 4],
    [9, 5, 9, 23, 4],
    [10, 31, 34, 29, 6],
    [9, 41, 28, 108, 25],
    [0, 4, 5, 28, 7],
    [20, 62, 49, 201, 42],
    [1, 3, 2, 18, 10],
    [52, 42, 65, 95, 25],
    [44, 29, 58, 157, 28],
    [7, 16, 10, 27, 9],
    [25, 9, 12, 45, 15],
    [63, 154, 194, 586, 119],
    [18, 30, 24, 113, 24],
    [6, 11, 9, 46, 6],
    [26, 32, 20, 57, 19],
    [9, 5, 18, 10, 2],
    [22, 72, 73, 263, 53],
    [5, 0, 5, 6, 2],
    [44, 22, 32, 31, 21],
    [2, 6, 5, 13, 2],
    [17, 76, 79, 160, 20],
    [3, 8, 6, 35, 4],
    [1, 13, 8, 24, 5],
    [39, 23, 51, 66, 24],
    [4, 1, 8, 2, 4],
    [3, 4, 9, 68, 7],
    [14, 74, 95, 283, 40],
    [84, 93, 135, 268, 43],
    [0, 7, 1, 6, 5],
    [17, 19, 21, 19, 9],
    [65, 115, 125, 247, 67],
    [3, 6, 3, 33, 9],
    [11, 18, 11, 22, 9],
    [10, 20, 16, 87, 12],
    [10, 15, 9, 70, 5],
    [5, 9, 9, 24, 1],
    [3, 8, 8, 18, 11],
    [1, 3, 4, 4, 0],
    [2, 3, 3, 5, 0],
    [1, 7, 12, 11, 2],
    [14, 89, 78, 230, 49],
    [6, 4, 14, 25, 1],
    [12, 10, 39, 42, 8],
    [22, 14, 20, 77, 17],
    [17, 76, 55, 87, 27],
    [11, 27, 13, 40, 14],
    [2, 16, 7, 57, 5],
    [3, 15, 5, 50, 5],
    [6, 18, 7, 35, 5],
    [5, 32, 21, 58, 20],
    [5, 6, 9, 54, 6],
    [1, 1, 1, 2, 1],
    [7, 3, 6, 4, 3],
    [36, 21, 16, 49, 16],
    [10, 7, 8, 74, 13],
    [6, 12, 7, 42, 8],
    [103, 104, 152, 487, 104],
    [11, 18, 20, 45, 8],
    [15, 35, 39, 92, 9],
    [7, 22, 2, 22, 5],
    [6, 29, 38, 63, 15],
    [9, 4, 3, 5, 3],
    [1, 0, 4, 0, 0],
    [1, 15, 23, 42, 7],
    [87, 112, 153, 421, 91],
    [30, 27, 39, 111, 28],
    [256, 277, 407, 787, 268],
    [23, 15, 26, 60, 26]
  ],
  "method": "mult",
  "cond_prob": [
    [
      [0, 0.78811522125, 0.16521740783, 0, 0.0019741368915, 0.017674289785, 0.027018944247],
      [0, 0.011281923824, 0.16036096648, 0.024918680438, 0.74154452323, 0.02761992757, 0.034273978454],
      [0, 0.0020117782718, 0.90122549529, 0, 0.025990286074, 0.033278873282, 0.037493567087],
      [0.036849355936, 0.026747676941, 0.22240061261, 0.35561661091, 0.21326187499, 0.10548620136, 0.039637667255],
      [0.010705134957, 0.075107525979, 0.36269996107, 0.04498026287, 0.060117117343, 0.22193892618, 0.2244510716]
    ],
    [
      [0.0065054059144, 0.83166534449, 0.12019095503, 0.00048511558122, 0.0011136432968, 0.012464757492, 0.027574778192],
      [0, 0.016200263993, 0.14813985205, 0.045302830128, 0.722481082, 0.02366182155, 0.044214150281],
      [0, 0.0084290475033, 0.8737672775, 0.013509819818, 0.025788641896, 0.029526402612, 0.048978810675],
      [0.1046307499, 0.028682963108, 0.15275323, 0.43374093907, 0.16766911447, 0.072399741174, 0.040123262266],
      [0.036703429328, 0.089054296158, 0.30756874636, 0.076179009079, 0.05319430384, 0.1700701458, 0.26723006944]
    ],
    [
      [0.049751535039, 0, 0.73005534946, 0.010430271251, 0.0027765742019, 0, 0.20698627005],
      [0.00052658991176, 0, 0.25408591001, 0.075895288913, 0.59255474586, 0, 0.076937465301],
      [0, 0, 0.93510943349, 0.01107497403, 0, 0, 0.053815592477],
      [0.14842915422, 0, 0.24934010431, 0.55604026278, 0, 0, 0.046190478692],
      [0.053396062565, 0, 0.37632717806, 0.097841093266, 0.018613135343, 0, 0.45382253076]
    ],
    [
      [0.010851453616, 0.8713559415, 0.086941037352, 0.0012456285195, 0.0033118269512, 0.0067970832312, 0.019497028834],
      [0.0019069821761, 0.020954531647, 0.10387557072, 0.049187012643, 0.77956952085, 0.013266218764, 0.031240163193],
      [0.001815780524, 0.015700307759, 0.85546554875, 0.023987178623, 0.036986782656, 0.021380663045, 0.044663738648],
      [0.17663655672, 0.048839908627, 0.083316229086, 0.43565982272, 0.19010857394, 0.040320899555, 0.02511800935],
      [0.07414758543, 0.11686047383, 0.28436898459, 0.093205748744, 0.070753369657, 0.11914773103, 0.24151610672]
    ],
    [
      [0.033827302618, 0.71895596189, 0.1475304561, 7.0363018838e-05, 0.0037203056207, 0.026617048713, 0.069278562037],
      [0, 0, 0.12060172634, 0.028328710041, 0.72727852807, 0.038924782584, 0.084866252963],
      [0, 0, 0.80467018214, 0.010178433249, 0.031680672772, 0.051943765633, 0.1015269462],
      [0.22317742478, 0, 0.12273132552, 0.276098432, 0.1751219013, 0.11889794425, 0.08397297214],
      [0.060754426903, 0.041392050812, 0.20588833042, 0.037231495115, 0.042871287474, 0.2111203941, 0.40074201518]
    ],
    [
      [0.00538333686, 0.87271749431, 0.083270307813, 0.00031905908895, 0.00027936882506, 0.0067972318824, 0.031233201219],
      [0.00071663783166, 0.026035709659, 0.13665567611, 0.052014902835, 0.69846052315, 0.017824117411, 0.068292432996],
      [0.00028739300856, 0.016019474246, 0.8433302757, 0.017901222179, 0.022833353439, 0.022580601868, 0.077047679557],
      [0.11267361604, 0.055680899019, 0.12718314911, 0.44529069641, 0.14695897209, 0.051549957557, 0.060662709777],
      [0.036698805833, 0.11515661917, 0.25675138208, 0.073424682825, 0.044393552969, 0.11101973977, 0.36255521735]
    ],
    [
      [0.0092079741584, 0.74478215121, 0.19283149055, 0.0019420198965, 0.0014955081446, 0.013018378335, 0.036722477707],
      [0.00044224192606, 0.0062052689501, 0.16328779185, 0.053591923322, 0.72032719569, 0.016683993937, 0.039461584322],
      [0, 0.00033133549507, 0.89815774459, 0.016395460582, 0.024379812697, 0.019539346874, 0.04119629976],
      [0.096650531449, 0.0057381346645, 0.17444167251, 0.47465724631, 0.1649648611, 0.049654344399, 0.03389320956],
      [0.037559205654, 0.058382131396, 0.36283993777, 0.093311026341, 0.057558664852, 0.12978473239, 0.2605643016]
    ],
    [
      [0.0045959887981, 0.80796667303, 0.13029895641, 0.0012259348872, 0.0022776899002, 0.016405692175, 0.037229064802],
      [0.00044191680279, 0.010958523203, 0.13100168715, 0.054817516415, 0.72651143788, 0.026374656892, 0.04989426166],
      [0.00017642729897, 0.0048784094624, 0.84915807312, 0.020291342149, 0.030893452314, 0.035190133281, 0.05941216237],
      [0.061902418013, 0.017229934791, 0.12946604199, 0.49174880057, 0.17389164778, 0.080088059654, 0.045673097205],
      [0.02157240381, 0.072492840115, 0.2787748433, 0.087002020939, 0.054427167415, 0.18558603993, 0.30014468449]
    ],
    [
      [0.0043859928795, 0.84314384932, 0.11662113229, 0, 0.00081714717077, 0.011133757601, 0.023898120741],
      [0, 0.01854668161, 0.15216897228, 0.038764694103, 0.72733816935, 0.022586146367, 0.040595336288],
      [0, 0.010793533716, 0.88580487039, 0.0071227225556, 0.024300066428, 0.027459015452, 0.044519791462],
      [0.098052727066, 0.040706005612, 0.17667574741, 0.39527060123, 0.17712305735, 0.072835642743, 0.039336218587],
      [0.034010955803, 0.099858821794, 0.32328571448, 0.067976913786, 0.054384209995, 0.16787835714, 0.252605027]
    ],
    [
      [0, 0.80115101624, 0.14975722365, 0, 0, 0.012388945269, 0.036702814844],
      [0.00065791012073, 0.030718358977, 0.26859835583, 0.064576860354, 0.51620627771, 0.034351096593, 0.084891140416],
      [0, 0, 0.90922552354, 0.0065197664607, 0, 0.026232046988, 0.058022663014],
      [0.12204704939, 0.053103844748, 0.21506546738, 0.46112715122, 0.018496396561, 0.074221248, 0.0559388427],
      [0.036012721736, 0.079952288631, 0.32853216037, 0.06834435625, 0.0098411103874, 0.15212311583, 0.32519424679]
    ],
    [
      [0.0089014320266, 0.72975647341, 0.20887104741, 0, 0, 0.010859249649, 0.041611797503],
      [0, 0, 0.21075609004, 0.035968466931, 0.68368778588, 0.016559695238, 0.053027961914],
      [0, 0, 0.91739578479, 0.0063103952654, 0.013785506043, 0.016234775744, 0.04627353816],
      [0.12336302742, 0, 0.23539833547, 0.40015614816, 0.14228411402, 0.050363272942, 0.048435101991],
      [0.059798680346, 0.016194821272, 0.4013941885, 0.061650071942, 0.042127384674, 0.11266645911, 0.30616839415]
    ],
    [
      [0.017281125832, 0.84952235627, 0.098840448632, 0.010307040066, 0.0028712891395, 0.0068118470126, 0.014365893047],
      [0.0124481733, 0, 0.089485129268, 0.090395898057, 0.77966966466, 0.010374646405, 0.017626488309],
      [0.005184329002, 0.003724768699, 0.85553268828, 0.050148745947, 0.037904989134, 0.01865480549, 0.028849673446],
      [0.17561540048, 0, 0.039056989578, 0.59807217711, 0.15579680295, 0.02526032012, 0.006198309757],
      [0.097737339792, 0.09078935472, 0.28678500007, 0.16987632195, 0.078315085448, 0.1090949723, 0.16740192573]
    ],
    [
      [0.0023220329042, 0.94296457299, 0.040365507541, 0, 0.00051447312243, 0.0027958829879, 0.011037530451],
      [0, 0.072242187517, 0.078052573458, 0.043517013404, 0.76363272474, 0.010074209304, 0.032481291575],
      [0, 0.057593929731, 0.83428920482, 0.016555041579, 0.029964412537, 0.016135945517, 0.045461465812],
      [0.1408170016, 0.097648983151, 0.069226178182, 0.46832462194, 0.16324449354, 0.033190890071, 0.027547831518],
      [0.054137626808, 0.17702204669, 0.25916426825, 0.08918078386, 0.058891355705, 0.095985007533, 0.26561891116]
    ],
    [
      [0.0055857241042, 0.86647874969, 0.085206410652, 0.0099402464891, 0.0014543552265, 0.0088271211356, 0.022507392704],
      [0.0015086080553, 0.011670266239, 0.092213977583, 0.098714554666, 0.74810067801, 0.015280254401, 0.03251166105],
      [0.0016275211671, 0.0068969247897, 0.82319491418, 0.056732785812, 0.035133813336, 0.026305449408, 0.050108591309],
      [0.062172845882, 0.0076084932517, 0.039432826632, 0.69507576486, 0.13950672361, 0.037355782317, 0.01884756345],
      [0.030273262784, 0.098383284885, 0.24989912452, 0.17469357875, 0.065383608947, 0.13221089973, 0.24915624038]
    ],
    [
      [0.0037685461439, 0.85229456496, 0.10969130731, 0.0018116954268, 0, 0.0079030295893, 0.024530856567],
      [0.0013295323985, 0.027318149975, 0.14400237236, 0.070171291709, 0.69745069095, 0.016795592652, 0.042932369962],
      [0.00099728101449, 0.019977689492, 0.86813318117, 0.026187764605, 0.017723160339, 0.020487477469, 0.046493445912],
      [0.093233114434, 0.045324715619, 0.12038117085, 0.53487704833, 0.12931506234, 0.044880844498, 0.031988043923],
      [0.036585076479, 0.10645922017, 0.31129017558, 0.1081124583, 0.048604852554, 0.12166241645, 0.26728580047]
    ],
    [
      [0.012615858057, 0.86535941006, 0.085152774925, 0.0071401727516, 0, 0.0062177150044, 0.023514069198],
      [0.0063857347238, 0.022448425551, 0.12470874905, 0.090581923058, 0.69491034525, 0.014690986521, 0.046273835836],
      [0.0057475571878, 0.013256917335, 0.84637929649, 0.041640444531, 0.019878558986, 0.019151887038, 0.053945338433],
      [0.19528230983, 0.037041822814, 0.061570130569, 0.55028853917, 0.097388665065, 0.032408044084, 0.026020488471],
      [0.083928284146, 0.10887376429, 0.26491083465, 0.1236907927, 0.045320006548, 0.098400367811, 0.27487594985]
    ],
    [
      [0.079247392783, 0.52941176471, 0.30955843893, 0.0014798027871, 0.0053648507851, 0.029930530286, 0.045007219718],
      [0, 0, 0.1551269673, 0.038143145317, 0.73398175919, 0.03237366303, 0.040374465163],
      [0, 0, 0.87827083192, 0.012862425925, 0.029701639776, 0.037406856591, 0.041758245791],
      [0.16498117807, 0, 0.18097298044, 0.34485910545, 0.17551436404, 0.096588223315, 0.037084148674],
      [0.086407210952, 0, 0.33901886718, 0.059285583969, 0.057245144961, 0.21970931673, 0.23833387621]
    ],
    [
      [0.0069667979116, 0.73575211849, 0.18527728516, 0.00012620498768, 0.003306033602, 0.020849283053, 0.047722276789],
      [0, 0, 0.15263334266, 0.039174193685, 0.73231385069, 0.025640001685, 0.050238611273],
      [0, 0, 0.86941088517, 0.010311996357, 0.032254811411, 0.032237411273, 0.055784895791],
      [0.0771947688, 0, 0.17060083747, 0.42938823807, 0.1903681717, 0.083617986797, 0.048829997162],
      [0.026010720194, 0.046916325289, 0.31326041897, 0.071134886259, 0.056989944577, 0.18544587499, 0.30024182972]
    ],
    [
      [0.0089330979219, 0.87059818509, 0.074380491685, 0.005641576942, 0.00076171530265, 0.0028327578264, 0.03685217523],
      [0.003330620077, 0.01988008453, 0.091365876168, 0.081851221264, 0.73532488306, 0.0058141543131, 0.062433160585],
      [0.002712502435, 0.012303826943, 0.8103123253, 0.041898397918, 0.031953964382, 0.0094178014941, 0.091401181533],
      [0.12481785818, 0.034753252284, 0.054868513005, 0.58393050175, 0.14230167764, 0.015244428955, 0.044083768189],
      [0.050341049011, 0.10169007829, 0.21945296473, 0.12220919619, 0.054496264784, 0.042855762356, 0.40895468464]
    ],
    [
      [0.0053852044317, 0.79461437337, 0.14444907265, 0, 0.001412209358, 0.028611827333, 0.02552731286],
      [0, 0.011342254637, 0.14844168691, 0.035479398852, 0.72427318734, 0.04600420233, 0.034459269926],
      [0, 0.0042264471535, 0.86625155199, 0.008524157718, 0.02561852581, 0.057086180785, 0.03829313654],
      [0.0934195988, 0.019532443366, 0.16675622614, 0.3612482893, 0.17691231681, 0.14715329412, 0.034977831462],
      [0.029451693242, 0.068677221619, 0.29443558266, 0.055443011606, 0.051211148346, 0.3073384187, 0.19344292383]
    ],
    [
      [0.0068708121364, 0.74193644568, 0.18862381332, 0.00049281624924, 0.0011152660217, 0.023233371115, 0.037727475473],
      [0, 0.004142048313, 0.17111618359, 0.046661039363, 0.70298737037, 0.031702632557, 0.043390725802],
      [0, 0, 0.88692001393, 0.011244164369, 0.02158328355, 0.036084879874, 0.044167658274],
      [0.077795897788, 0.0024176642841, 0.18618307612, 0.43964559318, 0.15889315431, 0.095434133377, 0.039630480938],
      [0.026497060831, 0.052441715503, 0.33309865821, 0.074137497124, 0.049483383247, 0.21576284112, 0.24857884396]
    ],
    [
      [0.01059917494, 0.82058835161, 0.1005219434, 0.014950409519, 0, 0.024855466752, 0.028484653775],
      [0.0041334507606, 0.012658024068, 0.12320924777, 0.090694564119, 0.68008990836, 0.044774515648, 0.044440289274],
      [0.0052626306448, 0.0043752836268, 0.81251904031, 0.048481482944, 0.020228067002, 0.058174800988, 0.050958694481],
      [0.12147901158, 0.012419622374, 0.067193177135, 0.55826730019, 0.10804147802, 0.10295195429, 0.029647456397],
      [0.046753598764, 0.073689525917, 0.23204292651, 0.11489988421, 0.040485921395, 0.2619597361, 0.23016840711]
    ],
    [
      [0, 1, 0, 0, 0, 0, 0],
      [0.0081632147999, 0.069317713481, 0.10957156317, 0.12980707715, 0.58551652061, 0.049588630476, 0.048035280312],
      [0.0042211307236, 0.035053941, 0.78059826127, 0.070157782696, 0, 0.059214411349, 0.050754472959],
      [0.13027393072, 0.072991700269, 0.02443844193, 0.61997910062, 0.033533821722, 0.09143295937, 0.027350045369],
      [0.044738113201, 0.27095401752, 0.15601695714, 0.1200333935, 0.010192238786, 0.20802489091, 0.19004038893]
    ],
    [
      [0.19976690653, 0.24200503913, 0.42376127897, 0, 0.0082612366637, 0.047809361689, 0.078396177024],
      [0, 0, 0.1394358506, 0.030755067983, 0.7550060062, 0.031347839832, 0.043455235384],
      [0, 0, 0.87188859941, 0.0063078995692, 0.03618351539, 0.03839025223, 0.047229733401],
      [0.0076169446802, 0, 0.20233785725, 0.40410329808, 0.22260594313, 0.11642210541, 0.046913851454],
      [0.013658845201, 0.01065994783, 0.3179799439, 0.060088010796, 0.057174851116, 0.24541850372, 0.29501989744]
    ],
    [
      [0.0076126323495, 0.78395206871, 0.15209783557, 0, 0.0012337769199, 0.010793123477, 0.044310562977],
      [0, 0.010857509944, 0.16326256873, 0.022830130104, 0.72621312134, 0.016926072554, 0.05991059733],
      [0, 0, 0.8903781568, 0, 0.024814474939, 0.02003725888, 0.064770109384],
      [0.13774163067, 0.022583840829, 0.20642570917, 0.3217530459, 0.18967970257, 0.059019628884, 0.062796441987],
      [0.043792320775, 0.068508217527, 0.31632104447, 0.04865049031, 0.052024519312, 0.12163885807, 0.34906454954]
    ],
    [
      [0.014437350238, 0.81809950546, 0.12995698895, 0.00049762803189, 0, 0.011633318749, 0.025375208569],
      [0.0025798357314, 0.017665713588, 0.16425916142, 0.046896031216, 0.70260692903, 0.023543822805, 0.04244850621],
      [0.0012566676151, 0.010094344308, 0.88592284036, 0.015016148028, 0.018746562743, 0.026433353522, 0.042530083424],
      [0.22819430927, 0.03295078805, 0.14942673961, 0.36117787722, 0.13254703734, 0.062467631738, 0.033235616781],
      [0.083898177107, 0.089679947704, 0.32125571197, 0.06749522033, 0.046056963221, 0.15397228142, 0.23764169825]
    ],
    [
      [0.017576123129, 0.78475389885, 0.1573666427, 0.0029914357768, 0, 0.014095486815, 0.023216412727],
      [0.0038163038516, 0.011339593054, 0.1766398201, 0.060552631893, 0.68792341972, 0.02522527731, 0.034502954076],
      [0.0030523897694, 0.0025866172579, 0.89691645632, 0.021423414451, 0.017018158561, 0.026658706603, 0.032344257036],
      [0.21458159491, 0.0090624639578, 0.14987728197, 0.422569445, 0.11817283734, 0.061802682649, 0.023933694171],
      [0.085112331373, 0.07364439175, 0.34770859774, 0.086210032577, 0.045776105836, 0.16558369088, 0.19596484984]
    ],
    [
      [0, 0.83063327003, 0.15246866492, 0, 0, 0, 0.016898065044],
      [0, 0.022985306943, 0.17547837524, 0.050672250336, 0.71596562069, 0, 0.034898446791],
      [0, 0.032973929539, 0.93422307848, 0, 0.002630027205, 0, 0.030172964777],
      [0.087126812699, 0.068607956329, 0.18645169456, 0.47831970076, 0.15177890108, 0, 0.027714934574],
      [0.035414959102, 0.11885601027, 0.4297814716, 0.096242362693, 0.055530176372, 0, 0.26417501997]
    ],
    [
      [0.0066988526983, 0.86551221437, 0.1068923414, 0, 0.0071033241893, 0, 0.013793267352],
      [0, 0.0018441141183, 0.10453493319, 0.027427628943, 0.84903689531, 0, 0.01715642844],
      [0, 0.0022856393647, 0.91561887079, 0.013693972128, 0.04227445399, 0, 0.026127063729],
      [0.1497398934, 0.003662671174, 0.13662851993, 0.40039031636, 0.2923520369, 0, 0.017226562231],
      [0.070772159988, 0.09073160808, 0.40810361351, 0.09346814957, 0.10502995831, 0, 0.23189451054]
    ],
    [
      [0.014430703011, 0.80128031484, 0.13043712922, 0.0063004962485, 0, 0.020312326086, 0.027239030593],
      [0.0046617088945, 0.010959415071, 0.14193039391, 0.075872148215, 0.69120879165, 0.035659800108, 0.039707742146],
      [0.0069294839179, 0.001343091673, 0.84638824019, 0.040867820615, 0.018052280716, 0.043869575877, 0.042549507012],
      [0.16002633368, 0.011869959689, 0.1022386425, 0.49218746889, 0.12011909444, 0.08560912374, 0.027949377068],
      [0.062743442828, 0.071570858989, 0.27972949585, 0.10088309159, 0.044676023339, 0.2224108362, 0.21798625121]
    ],
    [
      [0.011046180338, 0.8051767669, 0.12934438043, 0.0013265314747, 0.0048875623419, 0.017160592276, 0.031057986242],
      [0.0012089581379, 0.0091286109852, 0.12366669444, 0.047318147193, 0.75209020416, 0.026583528452, 0.040003856627],
      [0.00094693108272, 0.0037548936428, 0.85298091792, 0.019684042525, 0.036245697578, 0.036946626962, 0.049440890286],
      [0.14419161019, 0.014360961613, 0.11916153455, 0.41933503601, 0.18611888425, 0.08089376106, 0.035938212328],
      [0.05260343018, 0.073709291514, 0.28277361362, 0.077894037862, 0.06138049262, 0.19751209484, 0.25412703937]
    ],
    [
      [0.0046598465945, 0.88894136895, 0.08610174259, 0.003892421857, 0.0011096971979, 0.0027224009589, 0.012572521856],
      [0.001756893805, 0.0068998114863, 0.089124980418, 0.10358905246, 0.77874013982, 0.0042449613433, 0.015644160666],
      [0.0010702331078, 0.0059944083001, 0.86871721943, 0.050601119192, 0.036036765404, 0.0085531967229, 0.029027057848],
      [0.062029309146, 0.004894542976, 0.056127718462, 0.71018583116, 0.15175263618, 0.010807465639, 0.0042024964315],
      [0.037314469213, 0.097389110737, 0.31967249988, 0.21905971171, 0.085539319174, 0.05540282078, 0.18562206851]
    ],
    [
      [0.012915945119, 0.81121935299, 0.11865323838, 0.0021697402682, 0.01471957059, 0.0030766034403, 0.037245549218],
      [0, 0, 0.061135814622, 0.043499073609, 0.86345320524, 0.0028821631874, 0.029029743342],
      [3.5672804262e-05, 0, 0.84259481264, 0.026892843442, 0.063163186744, 0.0068862467154, 0.060427237656],
      [0.13285299449, 0, 0.067625642301, 0.46566749604, 0.29670499718, 0.011807493388, 0.025341376604],
      [0.1035886793, 0.012062171098, 0.28260215048, 0.10494851923, 0.1142020998, 0.039975754217, 0.34262062587]
    ],
    [
      [0.032048919965, 0.77071679165, 0.15145797989, 0.0027256741265, 0.00333791388, 0.0095465848996, 0.030166135591],
      [0.007933082346, 0, 0.14226793752, 0.040407383112, 0.75601403389, 0.014719007033, 0.038658556096],
      [0, 0, 0.88898933561, 0.01794310344, 0.030138408639, 0.018929382765, 0.043999769548],
      [0.30015402221, 0, 0.13540061861, 0.32726749365, 0.16308854998, 0.042200201058, 0.031889114498],
      [0.11643375211, 0.065264411484, 0.32032957267, 0.064882880653, 0.058383684354, 0.11289240377, 0.26181329495]
    ],
    [
      [0, 0.5, 0.36413188969, 0, 0, 0.028583800212, 0.1072843101],
      [0, 0, 0.15925929921, 0, 0.66597066873, 0.040906523052, 0.13386350901],
      [0, 0, 0.87699185756, 0, 0.002087993815, 0.030077812863, 0.090842335762],
      [2.7755575616e-17, 0.021026939144, 0.31512507021, 0, 0.28586627039, 0.19455665507, 0.18342506518],
      [0, 0, 0.22924161636, 0, 0, 0.19750875439, 0.57324962925]
    ],
    [
      [0.014531137743, 0.80464724825, 0.12291867374, 0.0045317544829, 0.0015434262164, 0.018254285926, 0.033573473646],
      [0.0038511295813, 0.010828321772, 0.12471509901, 0.063599741045, 0.72088152743, 0.030148487128, 0.045975694031],
      [0.0050956272837, 0.0034553842009, 0.83432845196, 0.033161797788, 0.028239963939, 0.040798047543, 0.054920727288],
      [0.16744561245, 0.01290951055, 0.09255019429, 0.46433347955, 0.14641103927, 0.080189749922, 0.036160413977],
      [0.062958402784, 0.070782057258, 0.25969204892, 0.091110189568, 0.051108062381, 0.19894287752, 0.26540636157]
    ],
    [
      [0, -0, 0.62706817752, 0.010960139576, 0.0057880756511, 0, 0.35618360725],
      [0, 0, 0.079892616743, 0.028863946168, 0.83184429194, 0, 0.059399145147],
      [0, 0, 0.87173616184, 0.0049927462518, 0.027724150031, 0, 0.095546941879],
      [0, 0, 0.14033986865, 0.56767043233, 0.20168017519, 0, 0.090309523834],
      [0, 0, 0.23746785816, 0.061399199848, 0.05215326603, 0, 0.64897967596]
    ],
    [
      [0.2144382889, 0.33333333333, 0.32382375403, 0.011791075098, 0.0090772279332, 0.026340644734, 0.081195675978],
      [0, 0, 0.11512395424, 0.059777121376, 0.75897049683, 0.018554734481, 0.047573693075],
      [0, 0, 0.83987885491, 0.035812672711, 0.037603122883, 0.02693122381, 0.059774125683],
      [0.022670444753, 0, 0.13372042904, 0.54666189737, 0.19067869979, 0.0614546269, 0.044813902145],
      [0.02966136585, 0, 0.29870551249, 0.10651481149, 0.066171340084, 0.15098472383, 0.34796224624]
    ],
    [
      [0.0064114115494, 0.9464385705, 0.02667437475, 0.0021402350426, 0.00039124274254, 0.0072899085873, 0.010654256825],
      [0.0033416132189, 0.024213131906, 0.050425706662, 0.085430804832, 0.78611091109, 0.022987020277, 0.027490812013],
      [0.0035720394834, 0.023121705847, 0.7219871288, 0.066205441929, 0.055239785113, 0.062370628663, 0.067503270167],
      [0.14211134729, 0.036686836279, 0.023356436909, 0.59237156758, 0.13618300844, 0.055054878548, 0.014235924947],
      [0.068928515813, 0.17047527272, 0.13563072063, 0.14812202409, 0.065591521865, 0.19958229181, 0.21166965307]
    ],
    [
      [0.0062296483904, 0.72665386987, 0.20142550987, 0, 0.001437536376, 0.0091756401911, 0.055077795307],
      [0, 0, 0.1781346829, 0.015722397026, 0.73882095905, 0.010492972368, 0.056828988646],
      [0, 0, 0.90377040654, 0, 0.024218767112, 0.011505782348, 0.060505043997],
      [0.078435336206, 0, 0.27814722738, 0.31583441557, 0.21710203538, 0.044469129533, 0.066011855933],
      [0.024469973906, 0.045644963117, 0.3689175406, 0.041493201832, 0.057455403787, 0.088774382958, 0.3732445338]
    ],
    [
      [0, 0.87514353412, 0.10044118839, 0, 0, 0, 0.024415277491],
      [0.0018296626932, 0.10774301825, 0.21681688927, 0.057384592976, 0.5487083998, 0, 0.067517437007],
      [0, 0.0083865864208, 0.92816230278, 0.0081469337603, 0, 0, 0.055304177041],
      [0.21016366073, 0.044985837756, 0.1569783823, 0.45834344791, 0.083795545753, 0, 0.045733125547],
      [0.072811443439, 0.1222263029, 0.33865747695, 0.079422945152, 0.024752409235, 0, 0.36212942232]
    ],
    [
      [0.0036467458298, 0.9394743765, 0.035128061967, 0.00047421705812, 0, 0.021276598648, 0],
      [0.0010216905511, 0.034618211714, 0.073087560519, 0.055720486904, 0.77984877342, 0.05570327689, 0],
      [0.0011730365953, 0.042903489494, 0.78772608439, 0.030925971521, 0.03461390934, 0.10265750866, 0],
      [0.079380584793, 0.10596658647, 0.018938690998, 0.48045198765, 0.15462264112, 0.16063950896, 0],
      [0.031440013792, 0.13706916467, 0.19832124682, 0.097100038068, 0.058227550745, 0.47784198591, 0]
    ],
    [
      [0.0072950610487, 0.85510421072, 0.10486153306, 0, 0, 0.0044040941565, 0.028335101012],
      [0, 0.029787763418, 0.14143227621, 0.044536966385, 0.72427320504, 0.0094028092761, 0.050566979667],
      [0, 0.021932108267, 0.8759250042, 0.012387798748, 0.021256494772, 0.011878919145, 0.056619674868],
      [0.15794274797, 0.040202384802, 0.13562054696, 0.43851943342, 0.15545838871, 0.028571639908, 0.043684858236],
      [0.057784949714, 0.10232939775, 0.3087563504, 0.080184219258, 0.052752758143, 0.072001860431, 0.32619046431]
    ],
    [
      [0.014367712716, 0.89162805255, 0.060779624246, 0.0034801804018, 0, 0.013123269161, 0.016621160924],
      [0.010781468117, 0.030156949288, 0.099931631561, 0.074811874407, 0.70735049871, 0.037876524519, 0.039091053403],
      [0.0081955655452, 0.017689690379, 0.80985057032, 0.035899955401, 0.022495281414, 0.054608997293, 0.051259939651],
      [0.26466023694, 0.04772776092, 0.042895055741, 0.44064679095, 0.09611201843, 0.084361493859, 0.023596643165],
      [0.10463475874, 0.12356012385, 0.20189217996, 0.092253574073, 0.039546547323, 0.22755439245, 0.21055842361]
    ],
    [
      [0.0033316489306, 0.96541981654, 0.016850662407, 0.00057865993812, 0.0001464642935, 0.00094948309013, 0.012723264804],
      [0.0054003049798, 0.028264029533, 0.0978155983, 0.10066768598, 0.65495987763, 0.009494490402, 0.10339801317],
      [0.0055116336314, 0.01556634193, 0.76274647266, 0.049120314437, 0.020797347009, 0.013635542612, 0.13262234772],
      [0.19512422551, 0.032375775972, 0.027590610923, 0.59160490456, 0.074586688967, 0.019906241783, 0.058811552276],
      [0.069623185363, 0.12894149214, 0.14606687681, 0.11239862229, 0.026820923337, 0.048067079343, 0.46808182071]
    ],
    [
      [0.010458156912, 0.758688367, 0.1817937302, 0.0017761488265, 0.0014947886038, 0.01719847838, 0.028590330074],
      [0.00098496050056, 0.0062467450773, 0.16578414742, 0.052758056921, 0.71638269648, 0.024273784586, 0.03356960902],
      [0.00063128841803, 0.0014700790677, 0.8948602538, 0.017943906083, 0.023076774837, 0.027821486099, 0.034196211698],
      [0.11849231106, 0.0041151276334, 0.16995345355, 0.44874919289, 0.15975684176, 0.070675500719, 0.028257572393],
      [0.044806706071, 0.06047047468, 0.35896932517, 0.086086626795, 0.055059282999, 0.18052446011, 0.21408312417]
    ],
    [
      [0.016672920604, 0.77182531457, 0.14091349446, 0.0049544781077, 0, 0.0053863265341, 0.060247465722],
      [0.0059912906036, 0.0082696466603, 0.21869313132, 0.13727657211, 0.49225080437, 0.013419257789, 0.12409929714],
      [0.0031213352679, 0.0013832027746, 0.86411938195, 0.033607612809, 0.0061262595216, 0.0099083261506, 0.081733881527],
      [0.17496429041, 0, 0.10259997091, 0.62220046467, 0.025955216101, 0.021397703134, 0.052882354768],
      [0.080975330961, 0.02005993399, 0.26279688713, 0.13163922158, 0.0043801178025, 0.054938059138, 0.4452104494]
    ],
    [
      [0, 0.80221116608, 0.15503066725, 0, 0, 0.01363106296, 0.029127103718],
      [0, 0.022838972805, 0.1874820416, 0.041187522471, 0.67119087665, 0.02919980848, 0.048100777992],
      [0, 0.018225338101, 0.90233935041, 0, 0.0047058056319, 0.029814966255, 0.044914539602],
      [0.067979657634, 0.052339670834, 0.19992431041, 0.41725267669, 0.13178484295, 0.087944979243, 0.042773862237],
      [0.021677300991, 0.086754672017, 0.3367716916, 0.065244790821, 0.039381829383, 0.19088187741, 0.25928783777]
    ],
    [
      [0, 0.79879846243, 0.14987259295, 0, 0, 0.0074114209329, 0.043917523696],
      [0, 0.015695162321, 0.1692967308, 0.043515378565, 0.69094530378, 0.014082748963, 0.066464675579],
      [0, 0.010112856769, 0.88732918943, 0.0053927239444, 0.015920845848, 0.01532231634, 0.065922067673],
      [0.10251504847, 0.035778550094, 0.19740448517, 0.40538554837, 0.15159637586, 0.04332495282, 0.063995039229],
      [0.032326335369, 0.07835463888, 0.32280012713, 0.063562319265, 0.044233790059, 0.091956636379, 0.36676615292]
    ],
    [
      [0.0051882462763, 0.91841690287, 0.052401590683, 0, 0, 0.0091793345953, 0.014813925579],
      [0, 0.062620454494, 0.089388179489, 0.02819775348, 0.7578277502, 0.026775808806, 0.035190053529],
      [9.363884981e-06, 0.038206870504, 0.82978497844, 0.012676125241, 0.027097648353, 0.043040285958, 0.049184727623],
      [0.2643817034, 0.10370429663, 0.071339707836, 0.29515504774, 0.15389455157, 0.082251446296, 0.029273246528],
      [0.091698071699, 0.15411885488, 0.21988401083, 0.05032093367, 0.049847402328, 0.20623775637, 0.22789297022]
    ],
    [
      [0, 0.85156916896, 0.082481595783, 0, 0, 0.0053233493908, 0.060625885868],
      [0.00070657180302, 0.03194256736, 0.14270595812, 0.058591883556, 0.63232719299, 0.013696338036, 0.12002948814],
      [0, 0.02489925089, 0.81122924919, 0.014620817154, 0.012074775216, 0.015500286792, 0.12167562075],
      [0.14229884044, 0.10159624798, 0.10690925656, 0.43174328842, 0.085037285079, 0.034554143693, 0.097860937826],
      [0.039346202258, 0.10351103333, 0.2071959298, 0.057918350881, 0.022498675462, 0.06684728768, 0.50268252059]
    ],
    [
      [0.011260699429, 0.75993447858, 0.1804584307, 0.0023209117446, 0.00088097298486, 0.013723121614, 0.031421384954],
      [0.0015083722645, 0.0073406146068, 0.16972203514, 0.060095945455, 0.7029613902, 0.020139587219, 0.038232055109],
      [0.00091591650799, 0.00062910182364, 0.89676733552, 0.020484614835, 0.020817554382, 0.022453210104, 0.037932266829],
      [0.12474465131, 0.0041059436212, 0.1667124938, 0.4750796437, 0.14412165347, 0.055270266093, 0.029965348009],
      [0.048573387701, 0.062735667936, 0.35989530251, 0.094355634237, 0.052055043082, 0.14529116148, 0.23709380305]
    ],
    [
      [0.013007611351, 0.79052481286, 0.15062625946, 0.00039468740018, 0.00090693060097, 0.019017570429, 0.025522127899],
      [0.001346125999, 0.010732918072, 0.15972776676, 0.041915069847, 0.7188196329, 0.031893245933, 0.03556524049],
      [0.00085280311833, 0.0043183079663, 0.88490649309, 0.014117619116, 0.022409991254, 0.036843485074, 0.03655130038],
      [0.1787851771, 0.014677228882, 0.16343218449, 0.36161655469, 0.1563984367, 0.093517725825, 0.031572692317],
      [0.062595288689, 0.070266648815, 0.32463756857, 0.063914583015, 0.050342630226, 0.21871415393, 0.20952912676]
    ],
    [
      [0.011356279805, 0.84435381562, 0.090370093914, 0.010756377633, 0, 0.0089478991965, 0.034215533833],
      [0.0067117224437, 0.01357194416, 0.12979148319, 0.12614234343, 0.63699105836, 0.020699445199, 0.066092003213],
      [0.0052371261039, 0.005310170046, 0.82548879242, 0.053235584665, 0.0149204844, 0.024728177959, 0.07107966441],
      [0.16111107879, 0.0059302768476, 0.048528416246, 0.65669835342, 0.057963441639, 0.039132086071, 0.03063634699],
      [0.06663160251, 0.077333575855, 0.22806114039, 0.14344190621, 0.032082613841, 0.11599819112, 0.33645097007]
    ],
    [
      [0, 0.82742463857, 0.13046822961, 0, 0, 0.017492812169, 0.024614319653],
      [0, 0.025565877194, 0.15595844087, 0.036935908708, 0.70883600313, 0.033980782514, 0.038722987578],
      [0, 0.013491470282, 0.87460120001, 0.010483791202, 0.020079809653, 0.040841076235, 0.040502652619],
      [0.079277626649, 0.046981101365, 0.16237174858, 0.41017588391, 0.15821288987, 0.10705818787, 0.035922561766],
      [0.025325014789, 0.09058416545, 0.30894432912, 0.064649984972, 0.047237736005, 0.23887703211, 0.22438173755]
    ],
    [
      [0.0013694296305, 0.7600837384, 0.21256246585, 0, 0, 0.012684330599, 0.013300035522],
      [0, 0.0018654381758, 0.17938094624, 0.020161079604, 0.75910180063, 0.022294966441, 0.017195768906],
      [0, 0, 0.95405400083, 0, 0.0063324957212, 0.022199831223, 0.017413672227],
      [0.091862400872, 0, 0.31795882473, 0.27998334629, 0.1972465095, 0.09317748856, 0.019771430054],
      [0.034525562301, 0.074959581775, 0.41873640696, 0.049680569544, 0.059020489453, 0.2214971724, 0.14158021757]
    ],
    [
      [0.0081730374862, 0.78678231447, 0.13169128844, 0.0048726665319, 0.00033959607208, 0.023343501982, 0.044797595015],
      [0.0023581115878, 0.0090767179855, 0.12890335354, 0.084401995934, 0.67757514759, 0.037948410862, 0.059736262507],
      [0.0020865878055, 0.0031681013989, 0.82025316114, 0.037239371258, 0.02149922615, 0.04802413079, 0.067729421453],
      [0.086837506133, 0.0065392003245, 0.088863465266, 0.56444153827, 0.11592371797, 0.093378042437, 0.044016529601],
      [0.031317436195, 0.058229892439, 0.237210907, 0.10658979174, 0.040561074069, 0.22056548426, 0.3055254143]
    ],
    [
      [0, 0.74563360701, 0.12865670549, 0, 0, 0, 0.1257096875],
      [4.1633363423e-17, 0.0032042510703, 0.037190302381, 0.010341867947, 0.90600345412, 0, 0.043260124483],
      [0, 0, 0.8099919928, 0, 0.0091453483917, 0, 0.18086265881],
      [0, 0.032264259902, 0.15779348349, 0.32489947343, 0.30915508214, 0, 0.17588770103],
      [8.4134088585e-17, 0.039123202776, 0.17999780381, 0.025301579702, 0.049671382586, 0, 0.70590603113]
    ],
    [
      [0.0051445113989, 0.87911722192, 0.082200977885, 0, 0.0074857849378, 0.0069719369193, 0.019079566939],
      [0.00093451262139, 0.028778239432, 0.10589739027, 0.053708514809, 0.76227248832, 0.015923560289, 0.03248529426],
      [0.0031528487676, 0.029747087438, 0.84513314094, 0.020287726515, 0.035003005615, 0.023805285181, 0.042870905539],
      [0.11802849911, 0.043632572272, 0.099269943109, 0.4871493651, 0.17364862763, 0.050569068541, 0.027701924235],
      [0.047300361321, 0.11339068712, 0.28246598288, 0.098455957508, 0.066544146832, 0.14350029517, 0.24834256916]
    ],
    [
      [0.18582800904, 0.47652291671, 0.22670459068, 0, 0.01115379094, 0, 0.099790692631],
      [0, 0, 0.077348789552, 0.024191339857, 0.81207302226, 0, 0.086386848332],
      [0, 0, 0.8099879699, 0.008791905085, 0.055859457062, 0, 0.12536066796],
      [0.045244672581, 0, 0.12309295857, 0.4381257307, 0.28427601072, 0, 0.10926062743],
      [0.020081619186, 0.023477083289, 0.2161748852, 0.057628968194, 0.06518442993, 0, 0.6174530142]
    ],
    [
      [0.017829044112, 0.77028259367, 0.14613546745, 0.0032466355984, 0.0029076596753, 0.017577361429, 0.042021238066],
      [0.0040001739977, 0.0039182780014, 0.11591637568, 0.055698882517, 0.75011378097, 0.023810520833, 0.046541988004],
      [0.0031765719158, 0, 0.84177862316, 0.02689164941, 0.036091263325, 0.033466422472, 0.058595469721],
      [0.18595579822, 0.0028584160654, 0.098869935024, 0.43082114708, 0.17458982494, 0.067774725019, 0.039130153653],
      [0.069450806493, 0.057503010454, 0.26931758344, 0.082793414332, 0.05781703197, 0.17018909471, 0.29292905861]
    ],
    [
      [0.0028978108063, 0.87435848111, 0.11203038599, 0.00028828502546, 0.0031391518689, 0, 0.0072858851949],
