{
  "X": [
    [6, 21, 127, 11],
    [15, 62, 306, 19],
    [32, 155, 288, 20],
    [26, 143, 695, 42],
    [27, 100, 430, 40],
    [26, 119, 379, 32],
    [75, 313, 986, 80],
    [5, 15, 83, 2],
    [30, 195, 432, 37],
    [15, 113, 285, 26],
    [24, 140, 371, 38],
    [26, 89, 152, 40],
    [28, 116, 634, 47],
    [26, 86, 560, 28],
    [5, 24, 142, 23],
    [8, 42, 180, 18],
    [14, 44, 172, 27],
    [6, 65, 245, 19],
    [7, 25, 56, 7],
    [8, 35, 52, 10],
    [2, 13, 62, 9],
    [10, 33, 94, 1],
    [18, 80, 264, 30],
    [13, 44, 172, 20],
    [14, 72, 152, 10],
    [9, 36, 133, 10],
    [40, 168, 559, 44],
    [33, 119, 349, 39],
    [12, 95, 86, 19],
    [17, 110, 400, 26],
    [10, 79, 333, 30],
    [68, 387, 1041, 86],
    [117, 646, 1260, 148],
    [29, 266, 209, 76],
    [42, 245, 782, 73],
    [45, 346, 765, 78],
    [10, 69, 169, 31],
    [13, 116, 367, 17],
    [37, 540, 347, 126],
    [28, 123, 461, 21],
    [4, 20, 91, 9],
    [5, 26, 132, 8],
    [2, 7, 84, 2],
    [37, 223, 475, 52],
    [3, 30, 83, 9],
    [5, 44, 95, 21],
    [26, 207, 291, 33],
    [46, 187, 334, 49],
    [9, 21, 172, 14],
    [26, 151, 504, 34],
    [1, 11, 49, 5],
    [5, 10, 68, 3],
    [12, 81, 216, 19],
    [3, 22, 86, 6],
    [83, 362, 680, 67],
    [51, 225, 404, 72],
    [115, 506, 856, 104],
    [13, 106, 215, 34],
    [20, 60, 126, 20],
    [97, 505, 1352, 136],
    [10, 25, 56, 9],
    [145, 724, 1464, 229],
    [9, 76, 203, 23]
  ],
  "W": [
    [2, 22, 122, 16, 3],
    [18, 55, 284, 26, 19],
    [30, 135, 239, 53, 38],
    [21, 164, 623, 47, 51],
    [16, 109, 394, 46, 32],
    [18, 123, 317, 58, 40],
    [50, 310, 861, 120, 113],
    [0, 14, 72, 12, 7],
    [31, 191, 359, 68, 45],
    [12, 113, 257, 28, 29],
    [39, 125, 330, 45, 34],
    [25, 80, 137, 36, 29],
    [13, 124, 588, 50, 50],
    [16, 97, 501, 39, 47],
    [7, 22, 138, 11, 16],
    [11, 46, 154, 20, 17],
    [3, 46, 156, 33, 19],
    [9, 72, 209, 17, 28],
    [2, 20, 48, 11, 14],
    [2, 36, 40, 14, 13],
    [4, 13, 51, 8, 10],
    [2, 32, 80, 19, 5],
    [12, 81, 226, 32, 41],
    [9, 37, 159, 23, 21],
    [11, 59, 135, 22, 21],
    [9, 30, 115, 18, 16],
    [19, 181, 514, 55, 42],
    [12, 123, 318, 53, 34],
    [15, 94, 68, 23, 12],
    [22, 108, 347, 39, 37],
    [13, 88, 286, 23, 42],
    [19, 440, 860, 147, 116],
    [57, 697, 1066, 214, 137],
    [20, 279, 170, 43, 68],
    [31, 271, 682, 81, 77],
    [26, 351, 637, 110, 110],
    [20, 62, 160, 21, 16],
    [13, 127, 317, 29, 27],
    [157, 471, 274, 68, 80],
    [13, 120, 414, 42, 44],
    [1, 24, 82, 7, 10],
    [5, 23, 116, 11, 16],
    [2, 8, 77, 4, 4],
    [20, 215, 423, 71, 58],
    [6, 23, 72, 9, 15],
    [19, 38, 81, 10, 17],
    [25, 217, 229, 56, 30],
    [17, 190, 289, 82, 38],
    [4, 23, 154, 12, 23],
    [22, 150, 448, 50, 45],
    [5, 7, 41, 6, 7],
    [1, 9, 63, 8, 5],
    [15, 76, 183, 28, 26],
    [3, 17, 79, 9, 9],
    [26, 386, 575, 135, 70],
    [25, 223, 351, 75, 78],
    [59, 520, 692, 177, 133],
    [12, 101, 203, 14, 38],
    [1, 68, 115, 27, 15],
    [66, 505, 1147, 180, 192],
    [3, 27, 49, 12, 9],
    [150, 717, 1327, 178, 190],
    [27, 71, 180, 13, 20]
  ],
  "method": "mvn_pdf",
  "cond_prob": [
    [
      [0.00046287938546, 0.49184391194, 0.0061063780179, 0.50158683065],
      [0.020486355587, 0.75547395976, 0.08578335075, 0.1382563339],
      [0.0043396492608, 0.0020231365283, 0.95579806827, 0.037839145936],
      [0.30339253306, 0.15527598284, 0.41742885884, 0.12390262526],
      [0.016735525331, 0.10918430456, 0.36887770035, 0.50520246976]
    ],
    [
      [0.0010692603897, 0.69288610887, 0.010781503147, 0.29526312759],
      [0.035703768195, 0.78540923979, 0.11467606237, 0.06421092965],
      [0.0059567704371, 0.0017629744186, 0.97824519213, 0.01403506301],
      [0.40173630129, 0.12997396733, 0.42378329971, 0.044506431674],
      [0.033997809326, 0.13815553368, 0.56740465633, 0.26044200067]
    ],
    [
      [0.001136168718, 0.79792323168, 0.0089270852608, 0.19201351434],
      [0.035135489815, 0.83780308487, 0.08805648469, 0.039004940627],
      [0.0077025097593, 0.002515390604, 0.97854598175, 0.01123611789],
      [0.44229842562, 0.15956557529, 0.36738066836, 0.030755330732],
      [0.043228587905, 0.19306105859, 0.56003160239, 0.20367875111]
    ],
    [
      [0.0010661346811, 0.63027548818, 0.01544667989, 0.35321169725],
      [0.03586130521, 0.72051776146, 0.1657067606, 0.077914172727],
      [0.0042106926463, 0.0011637002822, 0.98257535243, 0.012050254641],
      [0.33519624022, 0.10274966351, 0.51608677749, 0.045967318775],
      [0.026402083981, 0.099595409821, 0.63010083775, 0.24390166844]
    ],
    [
      [0.0010457936476, 0.58049980005, 0.0097991864476, 0.40865521985],
      [0.039336636002, 0.74282934409, 0.11746837676, 0.10036564315],
      [0.0064111091425, 0.0016550518142, 0.97043285384, 0.021500985204],
      [0.41070195268, 0.11708028219, 0.40657351072, 0.065644254407],
      [0.032404033115, 0.11443715602, 0.50027669228, 0.35288211858]
    ],
    [
      [0.00091390544714, 0.66651188148, 0.01241404853, 0.32016016454],
      [0.030842575532, 0.76472627107, 0.13366472618, 0.070766427218],
      [0.004470427157, 0.0015181619192, 0.98052896127, 0.013482449658],
      [0.33708844249, 0.12710902943, 0.48705589442, 0.04874663366],
      [0.026450085695, 0.12279743203, 0.59253474275, 0.25821773953]
    ],
    [
      [0.0012205718742, 0.70063439611, 0.010446619055, 0.28769841296],
      [0.040320030442, 0.78698218942, 0.11010472842, 0.062593051726],
      [0.00711350149, 0.0019206642515, 0.97641283775, 0.014552996507],
      [0.43255992274, 0.13016459679, 0.39463160327, 0.042643877209],
      [0.039479340201, 0.14540441162, 0.55494229769, 0.26017395049]
    ],
    [
      [0.00077951168762, 0.81676682192, 0.010896057459, 0.17155760893],
      [0.023614683834, 0.83772784102, 0.10525979919, 0.033397675962],
      [0.0041306590145, 0.0017767741046, 0.98637621402, 0.0077163528612],
      [0.33383724043, 0.15488965221, 0.48308736304, 0.028185744317],
      [0.027006305454, 0.16257800531, 0.64487839618, 0.16553729305]
    ],
    [
      [0.00079440763401, 0.72449813512, 0.010669430265, 0.26403802698],
      [0.025990860825, 0.80583893487, 0.11140688365, 0.056763320655],
      [0.0045298024084, 0.0019319987089, 0.98052963688, 0.013008562005],
      [0.32850257623, 0.15592794653, 0.47020378473, 0.045365692504],
      [0.026158659928, 0.15243477612, 0.57872069753, 0.24268586642]
    ],
    [
      [0.00070623519057, 0.71228050648, 0.0076367044458, 0.27937655388],
      [0.024188877186, 0.8298232027, 0.083392659226, 0.062595260891],
      [0.0055425514549, 0.0025908365182, 0.97301343522, 0.018853176811],
      [0.35508919293, 0.18283120847, 0.4047525463, 0.057327052312],
      [0.02753907486, 0.17637469918, 0.49177145737, 0.30431476859]
    ],
    [
      [0.00088102137053, 0.69217293896, 0.0091268968355, 0.29781914284],
      [0.030101518603, 0.80373160523, 0.099457897783, 0.066708978381],
      [0.0058226237908, 0.0021281976988, 0.97511436507, 0.016934813445],
      [0.37880512457, 0.1531477627, 0.41543647318, 0.052610639555],
      [0.030768398983, 0.15391511383, 0.52543742935, 0.28987905783]
    ],
    [
      [0.0011044829005, 0.5771497091, 0.0047750273437, 0.41697078066],
      [0.044222266803, 0.78629357247, 0.060845102447, 0.10863905829],
      [0.013388256923, 0.0032341850524, 0.94035084312, 0.043026714905],
      [0.53669782251, 0.14126189502, 0.24101057199, 0.081029710482],
      [0.045532612314, 0.15114779585, 0.32385475956, 0.47946483227]
    ],
    [
      [0.00092597774829, 0.61578860906, 0.010008718773, 0.37327669442],
      [0.033648581323, 0.76154129715, 0.1159444725, 0.088865649025],
      [0.0055890764474, 0.001733251681, 0.97323647652, 0.019441195351],
      [0.37651543142, 0.12943415403, 0.43140107963, 0.062649334932],
      [0.029164735855, 0.1236250251, 0.51889113173, 0.32831910731]
    ],
    [
      [0.0016207698711, 0.63699389332, 0.017765426242, 0.34361991057],
      [0.052029545937, 0.69410213324, 0.18172855698, 0.072139763845],
      [0.0055581720709, 0.0010148660443, 0.9832721016, 0.010154860287],
      [0.40913839629, 0.082228897076, 0.47311902262, 0.035513684013],
      [0.036414319856, 0.090751091067, 0.65811024252, 0.21472434655]
    ],
    [
      [0.00039154929604, 0.42688436794, 0.0045955808557, 0.56812850191],
      [0.019353161952, 0.73010669015, 0.072034589481, 0.17850555842],
      [0.0048262060504, 0.002352504844, 0.9350373081, 0.057783981003],
      [0.30489899067, 0.16051798233, 0.3661988538, 0.16838417319],
      [0.014757595263, 0.10037921561, 0.28714416284, 0.59771902628]
    ],
    [
      [0.00079892336605, 0.55628252633, 0.01478746738, 0.42813108293],
      [0.029397375831, 0.6957165001, 0.17342573266, 0.10146039141],
      [0.0032306725363, 0.0010238458348, 0.98118940094, 0.014556080687],
      [0.28477830115, 0.0988029786, 0.5558664713, 0.060552248946],
      [0.019624422609, 0.085395398582, 0.60510852785, 0.28987165096]
    ],
    [
      [0.00052224277714, 0.4603336335, 0.0054569924477, 0.53368713127],
      [0.024310975811, 0.73534300665, 0.080847298603, 0.15949871894],
      [0.0055446702452, 0.0022414699447, 0.94465696961, 0.047556890196],
      [0.33860781755, 0.15111293739, 0.37232390745, 0.13795533761],
      [0.019090851694, 0.10634444156, 0.32946690272, 0.54509780403]
    ],
    [
      [0.00063368559703, 0.64167864728, 0.014878884215, 0.34280878291],
      [0.021533654984, 0.74138310351, 0.16129538728, 0.075787854226],
      [0.002567861972, 0.0011964572367, 0.98436136393, 0.011874316861],
      [0.23661401672, 0.1215942791, 0.58978694276, 0.052004761416],
      [0.016273405452, 0.10387338377, 0.63521325086, 0.24463995993]
    ],
    [
      [0.00081908989999, 0.79359393153, 0.0048754312134, 0.20071154736],
      [0.02667831698, 0.8808648203, 0.050361525404, 0.042095337321],
      [0.0096243686574, 0.0040049987971, 0.96644527765, 0.019925354898],
      [0.47413667209, 0.20534026254, 0.27750602106, 0.043017044313],
      [0.042269242431, 0.24610084605, 0.42048629304, 0.29114361848]
    ],
    [
      [0.00084770663899, 0.66789493062, 0.0067675495092, 0.32448981323],
      [0.030461069844, 0.81791880429, 0.077283181507, 0.074336944359],
      [0.0072433441728, 0.0025457499976, 0.96715744001, 0.023053465822],
      [0.42950711689, 0.16029187707, 0.34810683026, 0.062094175778],
      [0.033513241115, 0.16307868166, 0.44651237041, 0.35689570682]
    ],
    [
      [0.00043829066135, 0.49560166009, 0.011683200465, 0.49227684878],
      [0.018027714171, 0.70329028995, 0.15304985264, 0.12563214323],
      [0.0021504242394, 0.0010421808341, 0.97759978226, 0.019207612665],
      [0.21013321562, 0.11085778718, 0.591586946, 0.087422051207],
      [0.011925548179, 0.080804705061, 0.54239869199, 0.36487105477]
    ],
    [
      [0.0011282162791, 0.84923041394, 0.010786011258, 0.13885535852],
      [0.033099438812, 0.83950726649, 0.10095113905, 0.02644215565],
      [0.006147168377, 0.0020127270204, 0.98542504222, 0.0064150623865],
      [0.41808295781, 0.14758832096, 0.41429909508, 0.020029626153],
      [0.03992980071, 0.18085922512, 0.64386912658, 0.13534184758]
    ],
    [
      [0.00095456966028, 0.63825353898, 0.009842837378, 0.35094905398],
      [0.033985787198, 0.77284150683, 0.11165963715, 0.081513068831],
      [0.0058253918378, 0.0018023664945, 0.97400008315, 0.018372158521],
      [0.38855516938, 0.13208348044, 0.42133506881, 0.058026281371],
      [0.030767069419, 0.13033353279, 0.52372498146, 0.31517441634]
    ],
    [
      [0.00080819410224, 0.65488761933, 0.0061701124064, 0.33813407416],
      [0.029599796141, 0.81831829529, 0.071882120655, 0.080199787916],
      [0.0076975646957, 0.0028222591719, 0.96219253298, 0.02728764315],
      [0.42473810655, 0.16937824356, 0.33572252023, 0.070161129664],
      [0.032933359041, 0.16678659861, 0.41596210688, 0.38431793547]
    ],
    [
      [0.00089255139085, 0.82864039159, 0.0059804146258, 0.1644866424],
      [0.027899138418, 0.87891813316, 0.059540446136, 0.033642282283],
      [0.008858540133, 0.0037348573252, 0.97339720262, 0.014009399924],
      [0.44979344073, 0.20552055433, 0.31164899019, 0.033037014752],
      [0.043384465491, 0.25182434127, 0.48168195629, 0.22310923695]
    ],
    [
      [0.00091729241103, 0.7301870574, 0.010242583048, 0.25865306714],
      [0.029948982249, 0.80892025899, 0.10650464019, 0.05462611857],
      [0.0053112886956, 0.0018833256963, 0.98016542763, 0.012639957979],
      [0.37719034081, 0.14470260916, 0.43653238711, 0.041574662911],
      [0.030941076021, 0.15150441367, 0.57644168151, 0.24111282879]
    ],
    [
      [0.0013104028064, 0.66926844922, 0.0092695178089, 0.32015163017],
      [0.045010781331, 0.78136656624, 0.10150407148, 0.072118580945],
      [0.0085238005927, 0.0020351245434, 0.971456781, 0.017984293863],
      [0.47333808156, 0.12494238765, 0.35404614467, 0.047673386117],
      [0.044014784275, 0.14354085914, 0.51223437947, 0.30020997712]
    ],
    [
      [0.0010290541479, 0.63477691386, 0.0070788557891, 0.35711517621],
      [0.037802528888, 0.79354858179, 0.082879901465, 0.085768987856],
      [0.0086663034889, 0.002488130027, 0.96299617255, 0.025849393937],
      [0.45759435027, 0.14512507683, 0.33223501133, 0.065045561572],
      [0.038540297235, 0.15145306255, 0.43642489853, 0.37358174169]
    ],
    [
      [0.00069132483094, 0.68633854239, 0.0063580515134, 0.30661208127],
      [0.024652424325, 0.83199983184, 0.072298638695, 0.071049105137],
      [0.0063967561737, 0.0029228712045, 0.96665998968, 0.024020382945],
      [0.37900349847, 0.18907539205, 0.36485958652, 0.067061522961],
      [0.028672617364, 0.18018984363, 0.43700341388, 0.35413412513]
    ],
    [
      [0.00083353520626, 0.70157548449, 0.013322508723, 0.28426847158],
      [0.027077235735, 0.77434970984, 0.13807662995, 0.060496424475],
      [0.0038033691192, 0.0014860159075, 0.98354185603, 0.01116875894],
      [0.30569614115, 0.13234724478, 0.51903324549, 0.04292336858],
      [0.02367429211, 0.12650493456, 0.62498572836, 0.22483504498]
    ],
    [
      [0.00074158587704, 0.60076828841, 0.014341854938, 0.38414827077],
      [0.026251201698, 0.72316997053, 0.16186589541, 0.088712932361],
      [0.0031300931748, 0.00117546258, 0.98177863477, 0.013915809476],
      [0.27211508463, 0.11276891886, 0.55751676587, 0.057599230648],
      [0.019030115093, 0.097738651963, 0.6088639457, 0.27436728725]
    ],
    [
      [0.00088144552155, 0.66940704172, 0.012301111088, 0.31741040167],
      [0.029710458686, 0.76748052498, 0.13233219861, 0.070476817731],
      [0.00438255961, 0.0015682274531, 0.98034710794, 0.013702104999],
      [0.3285980176, 0.13139422369, 0.49034546487, 0.049662293842],
      [0.025724989397, 0.12552459648, 0.58966300148, 0.25908741265]
    ],
    [
      [0.00091161796311, 0.66513648279, 0.0087889719388, 0.32516292731],
      [0.032001283374, 0.79426739758, 0.098468693699, 0.075262625344],
      [0.0062971578433, 0.0021687016812, 0.97201456205, 0.019519578424],
      [0.38970417018, 0.15006664616, 0.4017822197, 0.058446963959],
      [0.031748032858, 0.14907033167, 0.50226790418, 0.3169137313]
    ],
    [
      [0.00065399976699, 0.61264308415, 0.0044761559783, 0.38222676011],
      [0.025708506932, 0.81957300783, 0.056104229342, 0.098614255901],
      [0.0085602865221, 0.0037675656616, 0.94443874751, 0.043233400308],
      [0.40781177962, 0.19853500452, 0.29518598312, 0.098467232745],
      [0.028880668211, 0.17361053419, 0.32477319493, 0.47273560266]
    ],
    [
      [0.00089596726008, 0.62783953607, 0.011452975807, 0.35981152086],
      [0.031694127584, 0.75535916118, 0.12926309974, 0.083683611496],
      [0.0047589287996, 0.0015667997414, 0.97712331794, 0.016550953522],
      [0.34516864977, 0.12659183873, 0.47041994952, 0.057819561976],
      [0.026504497257, 0.11907277405, 0.55700070628, 0.29742202241]
    ],
    [
      [0.00063437731667, 0.70894660529, 0.0088511981523, 0.28156781924],
      [0.02155212481, 0.81945834951, 0.095974196888, 0.063015328789],
      [0.0043619118743, 0.0022936884432, 0.97653968119, 0.016804718497],
      [0.30631714165, 0.17993690161, 0.45674362757, 0.057002329161],
      [0.022977341838, 0.1648705849, 0.52675621636, 0.2853958569]
    ],
    [
      [0.00048860868691, 0.56328991798, 0.0047203170862, 0.43150115625],
      [0.020345691199, 0.80052982414, 0.062595988724, 0.11652849594],
      [0.0059839096965, 0.0031598028486, 0.9462671099, 0.044589177559],
      [0.34034100351, 0.19677009433, 0.34334688292, 0.11954201924],
      [0.020443564946, 0.14922017386, 0.32626450495, 0.50407175625]
    ],
    [
      [0.00083131375126, 0.72803354748, 0.015383199688, 0.25575193908],
      [0.02587037111, 0.76924445309, 0.15277605, 0.052109125796],
      [0.003286898256, 0.001336162049, 0.98666751032, 0.0087094293702],
      [0.28225810135, 0.12693681854, 0.55510329023, 0.035701789879],
      [0.021857511031, 0.12144199435, 0.66956393367, 0.18713656095]
    ],
    [
      [0.00057812553063, 0.68814327079, 0.0054631350255, 0.30581546866],
      [0.02083809983, 0.84367708914, 0.062842210491, 0.072642600535],
      [0.006328795233, 0.003549501791, 0.96108782949, 0.029033873487],
      [0.35057851086, 0.2189452481, 0.35298606898, 0.077490172063],
      [0.02565569694, 0.19637729505, 0.39822938526, 0.37973762276]
    ],
    [
      [0.0012152100936, 0.7711409555, 0.010229108533, 0.21741472587],
      [0.037870212312, 0.81603602004, 0.10163101758, 0.044462750075],
      [0.0072026527521, 0.0021224958199, 0.9795306334, 0.011144218033],
      [0.43736181553, 0.14211545309, 0.38836418899, 0.032158542388],
      [0.041845754865, 0.16857669113, 0.58064107332, 0.20893648068]
    ],
    [
      [0.00076218594422, 0.54949619324, 0.010065440343, 0.43967618047],
      [0.02988994142, 0.73759069582, 0.12495578498, 0.10756357778],
      [0.0043665255919, 0.0013795778047, 0.9736712984, 0.020582598208],
      [0.34961022959, 0.11497436721, 0.4623049842, 0.073110419009],
      [0.022975130315, 0.10049103091, 0.51139338241, 0.36514045636]
    ],
    [
      [0.0007527505696, 0.72408025788, 0.01153752634, 0.26362946521],
      [0.024502104815, 0.80063181682, 0.11956655385, 0.055299524514],
      [0.0038534417789, 0.0016251533143, 0.98313357658, 0.011387828326],
      [0.31534102544, 0.14303566787, 0.49890192919, 0.042721377493],
      [0.023674004944, 0.1381326118, 0.60894269952, 0.22925068373]
    ],
    [
      [0.0011653451064, 0.63958137037, 0.025625409538, 0.33362787499],
      [0.035655015837, 0.65446609403, 0.24788576576, 0.061993124374],
      [0.002561071987, 0.00054050528072, 0.99110861162, 0.0057898111162],
      [0.28895109029, 0.059961782983, 0.62380662866, 0.027280498073],
      [0.019990963122, 0.058010787304, 0.77302794045, 0.14897030912]
    ],
    [
      [0.00070754358384, 0.71910710085, 0.0063255916611, 0.2738597639],
      [0.024402008879, 0.84390493268, 0.069596089814, 0.062096968627],
      [0.0067236698645, 0.0032006233542, 0.96755301075, 0.022522696027],
      [0.37865148462, 0.20048900755, 0.3599279983, 0.060931509538],
      [0.030266628737, 0.196914152, 0.4449415611, 0.32787765817]
    ],
    [
      [0.00038680233237, 0.76240016778, 0.0063269828358, 0.23088604705],
      [0.012895003646, 0.86990617978, 0.067307131258, 0.049891685314],
      [0.0035474013068, 0.0030474233016, 0.97557671705, 0.017828458344],
      [0.25870814499, 0.24180664568, 0.43944388188, 0.060041327446],
      [0.017476399613, 0.20999247907, 0.48077637995, 0.29175474137]
    ],
    [
      [0.00060817892538, 0.5781507214, 0.0081622772778, 0.4130788224],
      [0.023831836811, 0.77015752963, 0.10181426267, 0.10419637088],
      [0.0043444293412, 0.0018632499322, 0.96917026315, 0.024622057582],
      [0.32271899274, 0.1480187793, 0.4451482327, 0.084113995249],
      [0.020797249299, 0.12341544108, 0.46566565571, 0.39012165391]
    ],
    [
      [0.00078234728402, 0.71627202126, 0.01022154113, 0.27272409033],
      [0.025921496845, 0.80667492073, 0.10809828724, 0.059305295184],
      [0.0046412840661, 0.0019877432576, 0.97941983957, 0.013951133102],
      [0.33206876568, 0.15799566807, 0.46199877003, 0.047936796215],
      [0.026233700621, 0.15351159877, 0.56512706564, 0.25512763497]
    ],
    [
      [0.00088644658578, 0.65425509615, 0.006288335193, 0.33857012207],
      [0.03237977626, 0.81325491748, 0.073265456764, 0.081099849497],
      [0.0084082062674, 0.0029033773999, 0.96100942778, 0.027678988548],
      [0.43572620799, 0.16716938838, 0.32824463949, 0.068859764138],
      [0.035628811459, 0.16823801637, 0.41559924632, 0.38053392585]
    ],
    [
      [0.0015557790384, 0.56346863994, 0.013596376388, 0.42137920463],
      [0.056190792602, 0.69114646452, 0.15551792831, 0.09714481457],
      [0.0067945083977, 0.0010999318668, 0.97662510996, 0.01548044978],
      [0.46532081802, 0.078849416873, 0.40826089098, 0.047568874128],
      [0.03969019973, 0.088084905361, 0.57631005237, 0.29591484254]
    ],
    [
      [0.00088801718311, 0.7154684451, 0.010552155373, 0.27309138234],
      [0.029242047874, 0.8008862635, 0.11084258302, 0.059029105603],
      [0.0051094970405, 0.0019200261788, 0.97939652045, 0.013573956333],
      [0.35642680227, 0.14855991536, 0.44967782026, 0.045335462106],
      [0.029155153736, 0.14974092956, 0.57083138776, 0.25027252894]
    ],
    [
      [0.00033141001683, 0.68520982025, 0.010735426958, 0.30372334278],
      [0.011301693997, 0.80589826947, 0.117453437, 0.065346599528],
      [0.0017280759038, 0.0014153127464, 0.98438098174, 0.012475629609],
      [0.17319882589, 0.15894264064, 0.60878586173, 0.059072671735],
      [0.010629460469, 0.1247192802, 0.60082768247, 0.26382357686]
    ],
    [
      [0.0011848569387, 0.75725794463, 0.008998387956, 0.23255881047],
      [0.037943300992, 0.82442576669, 0.091060252982, 0.046570679332],
      [0.0074021193752, 0.0018524776898, 0.97881357794, 0.011931824995],
      [0.48868083743, 0.12309926346, 0.35535792446, 0.03286197465],
      [0.043569725588, 0.15411937096, 0.56604483984, 0.23626606362]
    ],
    [
      [0.00071828087496, 0.71727881962, 0.01025752737, 0.27174537213],
      [0.023828903352, 0.8087533293, 0.10855321503, 0.058864552316],
      [0.0042124677411, 0.0019350497587, 0.98021151573, 0.013640966766],
      [0.31548138433, 0.15977235429, 0.47623212564, 0.048514135738],
      [0.02410179447, 0.1518830382, 0.57029471443, 0.2537204529]
    ],
    [
      [0.00036879269082, 0.79190068126, 0.0056262049033, 0.20210432115],
      [0.0120222777, 0.88687662706, 0.058506250599, 0.042594844641],
      [0.0037602244489, 0.0033939628467, 0.97554990039, 0.017295912319],
      [0.2645678292, 0.26121100936, 0.41836293917, 0.05585822227],
      [0.018174578248, 0.23213157924, 0.46905025947, 0.28064358305]
    ],
    [
      [0.0011584982627, 0.70800280641, 0.0086977778259, 0.2821409175],
      [0.038786953092, 0.80610413226, 0.092921339728, 0.062187574917],
      [0.008072807868, 0.0023214449125, 0.97255660289, 0.017049144334],
      [0.4498468045, 0.14421765441, 0.3601299825, 0.04580555859],
      [0.041553194098, 0.16302094597, 0.51241989594, 0.283005964]
    ],
    [
      [0.001014052159, 0.65231019107, 0.0059212354614, 0.34075452131],
      [0.037099851251, 0.81192455549, 0.069078162452, 0.081897430811],
      [0.010191561877, 0.0030752342898, 0.95710942404, 0.029623779794],
      [0.47784168574, 0.15991126004, 0.29569468827, 0.066552365957],
      [0.041469336849, 0.17092125153, 0.39776910609, 0.38984030553]
    ],
    [
      [0.0012629689247, 0.70816068693, 0.0090165151693, 0.28155982897],
      [0.041988463674, 0.80065368787, 0.095658332511, 0.061699515946],
      [0.0085043511245, 0.0022482214452, 0.97277837816, 0.016469049267],
      [0.46497138884, 0.13720060528, 0.35434848348, 0.043479522398],
      [0.044327782989, 0.15978876648, 0.51943574373, 0.2764477068]
    ],
    [
      [0.00077592266424, 0.6877901163, 0.004549260619, 0.30688470042],
      [0.028084171979, 0.84702680657, 0.052376990722, 0.072512030728],
      [0.0099751901323, 0.004096040902, 0.95199618754, 0.033932581422],
      [0.45361058753, 0.20101880826, 0.27377346355, 0.071597140664],
      [0.036552945593, 0.20571237445, 0.35300188701, 0.40473279295]
    ],
    [
      [0.0012247961737, 0.57470768138, 0.0054917318518, 0.4185757906],
      [0.048516495747, 0.77580367446, 0.06913867358, 0.10654115621],
      [0.012909621534, 0.0027781793861, 0.94717618016, 0.037136018924],
      [0.54732111456, 0.12712538379, 0.2524577693, 0.073095732351],
      [0.047863107015, 0.14162206034, 0.3540691559, 0.45644567675]
    ],
    [
      [0.00092961683605, 0.68906771759, 0.0097101091901, 0.30029255639],
      [0.031568123154, 0.79595551125, 0.10523229874, 0.067244066855],
      [0.0058340039133, 0.0020396482054, 0.97574392949, 0.016382418391],
      [0.3783577928, 0.14784403989, 0.42242728384, 0.051370883469],
      [0.031300017617, 0.14920497822, 0.53655774612, 0.28293725804]
    ],
    [
      [0.0017756605374, 0.61005410057, 0.0070479771493, 0.38112226174],
      [0.065567788674, 0.76414610908, 0.082212361794, 0.088073740451],
      [0.014332915417, 0.002162486452, 0.95846281541, 0.025041782725],
      [0.62127018885, 0.094691323282, 0.23724620568, 0.046792282195],
      [0.064101352278, 0.13403264109, 0.42373780273, 0.3781282039]
    ],
    [
      [0.0012708035908, 0.63955765962, 0.0068074198804, 0.35236411691],
      [0.04617810315, 0.79045090237, 0.078929857638, 0.084441136839],
      [0.011187190312, 0.0026584105269, 0.95918789064, 0.026966508524],
      [0.51194254988, 0.13579479157, 0.29265936487, 0.059603293678],
      [0.048110899767, 0.1558581169, 0.42269156974, 0.37333941359]
    ],
    [
      [0.00098189539839, 0.65645672977, 0.011794448976, 0.33076692586],
      [0.033713805697, 0.76352780626, 0.12896414472, 0.073794243331],
      [0.0049725060665, 0.0015259100647, 0.97925404897, 0.0142475349],
      [0.36906932073, 0.12213054424, 0.45966028053, 0.049139854508],
      [0.029009578691, 0.1220248412, 0.57867869288, 0.27028688723]
    ]
  ],
  "expected_outcome": [
    [
      [0.00092575877092, 0.019246687015, 0.03408506154, 0.022388828302, 0.016732698361, 0.016450298049, 0.06102859371, 0, 0.024626636654, 0.0084748222869, 0.034359833451, 0.027612072512, 0.012037710728, 0.025932317938, 0.0027408450723, 0.0087881570265, 0.0015667283314, 0.0057031703733, 0.0016381798, 0.001695413278, 0.0017531626454, 0.0022564325582, 0.011454835923, 0.0072737469202, 0.0098180652993, 0.0082556316993, 0.024897653321, 0.012348649775, 0.010369872464, 0.018337774538, 0.0096406164015, 0.01674746491, 0.051962223897, 0.01307999534, 0.027774985063, 0.016493810233, 0.0097721737382, 0.010807078766, 0.090765708309, 0.015797731216, 0.00076218594422, 0.003763752848, 0.0023306902128, 0.014150871677, 0.0023208139942, 0.011555399582, 0.0195586821, 0.015069591958, 0.0062231161534, 0.019536378028, 0.0016570500842, 0.0011848569387, 0.010774213124, 0.0011063780724, 0.030120954829, 0.025351303976, 0.074515166555, 0.0093110719709, 0.0012247961737, 0.06135471118, 0.0053269816121, 0.19062053862, 0.026511175756],
      [0.98368782389, 12.4719499597, 23.9376969504, 13.2357852517, 9.2879968008, 11.9972138667, 35.0317198056, 0, 22.4594421887, 8.5473660778, 26.9947446194, 14.4287427274, 8.0052519178, 10.1919022931, 2.9881905756, 6.1191077896, 1.3810009005, 5.7751078255, 1.5871878631, 1.3357898612, 1.9824066404, 1.6984608279, 7.6590424678, 5.8939885739, 9.1150443075, 6.5716835166, 12.7161005351, 7.6173229663, 10.2950781358, 15.4346606587, 7.8099877494, 12.7187337927, 37.9127795188, 12.252861683, 19.4630256183, 18.4326117375, 11.2657983595, 9.4644361172, 108.0384935137, 10.0248324215, 0.54949619324, 3.6204012894, 1.2791627407, 14.382142017, 4.5744010067, 10.9848637066, 17.9068005315, 11.1223366345, 2.2538745598, 15.7403057923, 3.4260491012, 0.75725794463, 10.7591822943, 2.3757020438, 18.4080729667, 16.3077547768, 41.7814805291, 8.2534813956, 0.57470768138, 45.4784693608, 1.8301623017, 95.9336489426, 17.7243317037],
      [0.012212756036, 0.19406705665, 0.26781255782, 0.32438027768, 0.15678698316, 0.22345287354, 0.52233095274, 0, 0.33075233822, 0.091640453349, 0.35594897658, 0.11937568359, 0.13011334404, 0.28424681988, 0.03216906599, 0.16266214118, 0.016370977343, 0.13390995794, 0.0097508624268, 0.013535099018, 0.046732801861, 0.021572022516, 0.11811404854, 0.055531011658, 0.065784560884, 0.092183247428, 0.17612083837, 0.084946269469, 0.095370772701, 0.2930951919, 0.1864441142, 0.23372111068, 0.50097140051, 0.089523119566, 0.35504225002, 0.23013115196, 0.094406341724, 0.19998159594, 0.85771219901, 0.13297841092, 0.010065440343, 0.057687631698, 0.051250819075, 0.12651183322, 0.037961897015, 0.15508326828, 0.25553852825, 0.10690169828, 0.054385505551, 0.23214741821, 0.05367713479, 0.008998387956, 0.15386291055, 0.01687861471, 0.22614222347, 0.14803088653, 0.53197439499, 0.054591127428, 0.0054917318518, 0.64086720655, 0.021143931448, 1.0211129821, 0.31845012235],
      [1.0031736613, 5.3147362966, 5.7604054302, 7.4174456423, 6.5384835176, 5.7628829618, 14.384920648, 0, 8.1851788364, 3.3525186466, 11.6149465706, 10.4242695165, 4.8525970275, 5.4979185691, 3.9768995134, 4.7094419122, 1.6010613938, 3.0852790462, 0.40142309472, 0.64897962645, 1.9691073951, 0.27771071705, 4.2113886477, 3.0432066675, 1.8093530663, 2.3278776042, 6.0828809732, 4.2853821145, 4.599181219, 6.2539063748, 4.99392752, 6.0307976317, 18.5342868568, 7.6445352021, 11.1541571467, 7.3207633003, 8.630023125, 3.3247752081, 48.013028579, 2.8263914363, 0.43967618047, 1.3181473261, 0.66725574997, 5.4771952781, 1.3853162823, 7.8484976255, 6.8181022581, 5.7556920753, 1.6855168185, 6.0080104115, 1.5186167139, 0.23255881047, 4.076180582, 0.60631296344, 7.335663855, 8.5188630326, 16.6120299094, 3.682616405, 0.4185757906, 19.8193087215, 1.1433667852, 52.8546175367, 8.9307069982]
    ],
    [
      [0.45069982292, 1.9637072507, 4.743291125, 5.8812540544, 4.2876933242, 3.7936367904, 12.499209437, 0.33060557368, 4.9642544175, 2.733343122, 3.7626898254, 3.5377813442, 4.172424084, 5.0468659559, 0.42576956295, 1.3522792882, 1.1183048873, 1.5504231588, 0.53356633959, 1.0965985144, 0.23436028423, 1.059182042, 2.7528487631, 1.0951924572, 1.6460491667, 0.89846946746, 8.146951421, 4.6497110532, 2.3173278865, 2.9243414593, 2.3101057494, 13.0726018219, 22.3048945116, 7.172673434, 8.5891085752, 7.5647958082, 1.2614328543, 3.2855371309, 9.8147450201, 4.5444254774, 0.71735859407, 0.56354841073, 0.2852401267, 5.246431909, 0.29658508387, 0.90560979882, 5.6249648155, 6.1521574895, 1.2923882299, 4.3863071811, 0.079111857976, 0.34148970892, 1.8109966548, 0.2043787209, 14.9717638933, 8.2732668289, 21.8340011102, 2.8365013699, 3.2991217108, 15.9419021929, 1.7703302942, 33.1096999587, 2.3936802045],
      [16.6204271147, 43.1975081883, 113.1034164572, 118.1649128799, 80.9683985058, 94.0613313413, 243.9644787187, 11.7281897742, 153.9152365601, 93.7700219048, 100.4664506542, 62.9034857972, 94.4311208469, 67.327906924, 16.0623471832, 32.0029590045, 33.8257783058, 53.3795834527, 17.6172964059, 29.4450769544, 9.1427737694, 26.8642325277, 62.6001620529, 30.2777769257, 51.8561698566, 24.2676077698, 141.4273484903, 97.6064755603, 78.2079841932, 83.6297686629, 63.6389574065, 337.6914309901, 553.6043761159, 228.6608691833, 204.7023326807, 287.6298806791, 49.6328490966, 97.6940455426, 397.3719089865, 97.9243224044, 17.7021766997, 18.4145317869, 5.2357287523, 181.4395605263, 20.007842135, 29.265986126, 175.0484577986, 154.5184343209, 15.896368684, 120.1329395252, 5.6412878863, 7.4198319003, 61.465253027, 15.07690266, 311.1561950539, 181.0591758733, 416.3399176924, 85.5497074636, 52.7546498635, 401.9575331829, 20.6319449452, 566.7532970016, 54.2104742442],
      [1.8872337165, 6.3071834302, 11.8876254332, 27.1759087385, 12.8040530671, 16.4407613205, 34.1324658092, 1.4736371886, 21.2787147774, 9.4233704925, 12.4322372228, 4.8676081958, 14.37711459, 17.6276700272, 1.5847609686, 7.9775837022, 3.7189757357, 11.6132678842, 1.0072305081, 2.7821945343, 1.9896480844, 3.2304364495, 9.0444306088, 2.6596384642, 3.512886322, 3.1951392057, 18.3722369378, 10.1942278802, 6.7960720374, 14.9122760344, 14.2441987963, 58.2261673863, 68.6326795079, 15.6530799864, 35.0303000287, 33.6869431076, 3.8809513009, 19.4025583504, 29.5986811414, 12.1957221092, 2.9989388396, 2.7500307386, 1.983086126, 14.96315931, 1.5480640189, 3.8689419816, 23.4573283309, 13.9204367852, 3.576912351, 16.6263874534, 0.82217405901, 0.81954227683, 8.2500443422, 0.99460626018, 35.8676371349, 15.4044302269, 49.7423329055, 5.2900760629, 4.7014298034, 53.1423108623, 2.2197337684, 56.5927079265, 9.1564542749],
      [3.0416393459, 3.5316011307, 5.2656669846, 12.7779243272, 10.9398551029, 8.7042705478, 19.4038460351, 0.46756746347, 10.841794245, 7.0732644807, 8.3386222976, 8.6911246628, 11.0193404791, 6.997557093, 3.9271222853, 4.6671780051, 7.3369410712, 5.4567255043, 0.84190674642, 2.6761299969, 1.633217862, 0.84614898079, 6.6025585753, 2.9673921529, 1.9848946547, 1.6387835571, 13.053463151, 10.5495855063, 6.6786158829, 6.5336138433, 7.8067380478, 31.0097998016, 52.4580498646, 27.5133773964, 22.6782587155, 22.1183804051, 7.2247667481, 6.6178589761, 34.2146648521, 5.335530009, 2.5815258667, 1.2718890638, 0.49594499499, 13.3508482547, 1.1475087622, 3.9594620936, 12.869249055, 15.4089714044, 2.2343307351, 8.8543658404, 0.4574261967, 0.41913611399, 4.473705976, 0.7241123589, 24.0044039179, 18.2631270709, 32.0837482919, 7.3237151036, 7.2447986222, 33.9582537619, 2.3779909922, 60.5442951132, 5.2393912765]
    ],
    [
      [0.52943720982, 1.6917228041, 1.8408998325, 2.6232615187, 2.5259770021, 1.4171254088, 6.1247247829, 0.29740744905, 1.6261990646, 1.4244357239, 1.921465851, 1.8341911984, 3.2863769511, 2.7846442075, 0.66601643496, 0.49752357059, 0.86496855825, 0.53668315215, 0.46196969556, 0.28973376691, 0.10967163621, 0.49177347016, 1.3165385553, 1.2239127866, 1.195902918, 0.61079819999, 4.3812335047, 2.7558845095, 0.43497941981, 1.3197690844, 0.89520664799, 3.7690012646, 6.7127702609, 1.4552487088, 3.2455894413, 2.7785378639, 0.95742555144, 1.0419467472, 1.7340898938, 2.9818982394, 0.35805509853, 0.44699924635, 0.197202543, 2.8441123527, 0.25541289409, 0.35189877663, 1.0628540511, 2.4299716113, 1.0463542932, 2.2890546741, 0.070851112057, 0.46633352064, 0.77088159663, 0.29705773146, 4.6418645241, 3.5772382187, 5.8850109781, 2.0249635969, 1.4846064764, 6.6916024886, 0.70231285543, 14.8454015439, 0.89505109197],
      [0.24682265646, 0.50068473489, 0.60117835436, 0.7249852758, 0.65209041479, 0.48125732839, 1.6536919205, 0.12792773553, 0.69358753651, 0.66584498518, 0.70230524062, 0.44308335217, 1.0191519884, 0.50844788821, 0.32464566847, 0.15767225856, 0.34966931138, 0.25005956246, 0.19223994226, 0.1018299999, 0.053151222541, 0.16101816163, 0.40733482777, 0.44873920833, 0.50420573891, 0.21658245508, 1.0460540153, 0.7912253486, 0.19875524191, 0.51564751989, 0.33618229788, 1.3486756096, 2.3118359922, 0.64048616248, 1.0685574236, 1.4610795383, 0.50556845578, 0.42356336952, 0.97256349073, 0.87871326945, 0.11312537999, 0.18851778445, 0.041618906615, 1.3538636788, 0.21941447772, 0.15092324451, 0.455193206, 0.83907606858, 0.16938950748, 0.86017172808, 0.058027822603, 0.11670609446, 0.35411410584, 0.26812306489, 1.3348308247, 1.0794072357, 1.5557692401, 0.83149630312, 0.3194906294, 2.3394764916, 0.10596183615, 3.5277107692, 0.27466381164],
      [116.6073643295, 277.8216345663, 233.8724896375, 612.1444445641, 382.3505444127, 310.8276807213, 840.6914533039, 71.0190874094, 352.010139639, 250.0644528505, 321.7877404715, 128.8280655074, 572.2630481944, 492.6193229007, 129.0351485182, 151.103167745, 147.3664872598, 205.7315250613, 46.3893733271, 38.6862976003, 49.8575888953, 78.8340033773, 220.1240187911, 152.9886127443, 131.4086223534, 112.7190241774, 499.3287854345, 306.2327828699, 65.732879298, 341.2890240435, 280.7886895439, 843.0985128263, 1036.1675231464, 160.5545870764, 666.3981028332, 622.0557769154, 151.4027375834, 312.7736007729, 263.3380652799, 405.5256822257, 79.8410464684, 114.0434948834, 76.3153630944, 409.2749235492, 70.2415236274, 78.5027913148, 224.2871432625, 277.7317246298, 150.4002669332, 438.7696411605, 40.3596202514, 61.6652554102, 179.3787073794, 77.0684421304, 559.2200466591, 335.9454078377, 673.1626376887, 193.2552260713, 108.9252607179, 1119.1782871249, 46.9646779549, 1272.8423308752, 176.2657288143],
      [4.6163758042, 3.9859578947, 2.6854321757, 7.5073086414, 8.4713881704, 4.2739365416, 12.5301299927, 0.55557740601, 4.6700737599, 4.8452664404, 5.5884884369, 5.8946599421, 11.4314228661, 5.0875850036, 7.9741893784, 2.2416364259, 7.4188748705, 2.481732224, 0.95641703508, 0.92213863288, 0.9795882459, 0.51320499092, 4.1521078258, 4.3387352608, 1.8912689897, 1.4535951676, 9.2439270455, 8.220107272, 1.6333860403, 3.8755593522, 3.9799215102, 11.7838102994, 20.8078706004, 7.3496780524, 11.2877503019, 10.7046056823, 7.1342684094, 2.7608891104, 7.9552813356, 4.6137062655, 1.6877730531, 1.3209880858, 0.44581545595, 9.5271004193, 1.2836490008, 1.9943866641, 3.1948094804, 7.9992276904, 2.3839892661, 6.0811324373, 0.51150081397, 0.75170497471, 2.4962969181, 1.3663770732, 9.8032579921, 10.3979467078, 11.3965820931, 6.8883140287, 4.2706421762, 18.7906338949, 1.2270473535, 35.7845568117, 2.564556282]
    ],
    [
      [4.854280529, 10.4451438336, 23.441816558, 15.7542232903, 18.8922898235, 19.5511296644, 51.9071907283, 4.0060468852, 22.3381751839, 9.942497402, 17.0462306056, 19.3211216103, 18.8257715708, 15.9563974551, 3.3538888974, 5.6955660231, 11.1740579793, 4.0224382842, 5.2155033929, 6.0130996365, 1.681065725, 7.9435761983, 12.43376542, 9.7689764507, 9.8954556961, 6.7894261346, 26.0335944859, 24.2525005645, 8.7170804648, 11.9221495048, 6.2586469465, 48.303908587, 83.3966924177, 17.5359065238, 27.9586606315, 33.6948855819, 7.1471610737, 8.1854849392, 23.8393387383, 18.3691962523, 2.4472716071, 3.4687512798, 1.1558043612, 26.8842554079, 2.3283733049, 3.2271899274, 18.5958508782, 35.7295490553, 5.5838498163, 17.8213401136, 1.0391929553, 3.9094466994, 8.8334787613, 2.3811104628, 60.7293186074, 35.8381264307, 82.2999358241, 6.3505482254, 14.7776700931, 68.1044027043, 7.4552422662, 91.1257738784, 4.7979011695],
      [2.4844157255, 3.3793231505, 8.4569754903, 4.8292341851, 5.3856929806, 7.3723237067, 15.6197516146, 1.8586758265, 10.603100364, 5.119273837, 6.8916493214, 5.0854282206, 6.4717077014, 3.206926986, 1.7656978057, 1.976059572, 4.9867269338, 2.0671027448, 2.258742888, 2.244086279, 0.8868622974, 2.8041780982, 4.2266713741, 3.8956996018, 4.5214521953, 2.6046469649, 6.8718313206, 7.6916290717, 4.3487340171, 5.1615425465, 2.5936851337, 19.3149508822, 32.1142622791, 8.5370051941, 10.2539389371, 19.7930591775, 4.1321719808, 3.6811677376, 14.8882768707, 5.9688490296, 0.80482057044, 1.5733923466, 0.23984713193, 14.234719536, 2.1762598111, 1.480187793, 8.8477574121, 13.7078898474, 0.94619300248, 7.4279957681, 0.95365584385, 0.98479410771, 4.4736259201, 2.3508990842, 19.4693833454, 11.9933445026, 24.2845071354, 2.8142633156, 3.4323853623, 26.6119271803, 1.1362958794, 24.1714729003, 1.5876970751],
