{
  "X": [
    [139, 197, 916, 1869, 153],
    [23, 8, 84, 181, 23],
    [4, 5, 46, 83, 10],
    [6, 1, 0, 24, 2],
    [66, 81, 435, 960, 76],
    [1, 0, 5, 6, 0],
    [11, 10, 79, 174, 21],
    [0, 2, 6, 8, 0],
    [0, 1, 3, 3, 0],
    [2, 0, 6, 7, 0],
    [3, 8, 18, 38, 4],
    [0, 5, 12, 6, 1],
    [8, 14, 57, 95, 19],
    [134, 226, 2427, 2044, 496],
    [6, 9, 109, 89, 16],
    [23, 56, 529, 599, 117],
    [1, 6, 73, 38, 15],
    [74, 62, 547, 1522, 91],
    [11, 8, 100, 82, 11],
    [4, 11, 58, 75, 11],
    [2, 8, 71, 55, 19],
    [7, 7, 98, 82, 16],
    [49, 68, 525, 499, 100],
    [2, 7, 59, 40, 2],
    [60, 59, 494, 567, 104],
    [15, 19, 63, 176, 22],
    [12, 7, 39, 106, 12],
    [27, 25, 168, 214, 37],
    [7, 13, 129, 115, 23],
    [41, 49, 227, 797, 55],
    [5, 7, 32, 64, 9],
    [21, 16, 60, 260, 22],
    [7, 8, 46, 137, 9],
    [41, 53, 184, 548, 58],
    [43, 14, 86, 313, 29],
    [4, 7, 14, 79, 5],
    [26, 25, 80, 290, 25],
    [33, 20, 151, 384, 54],
    [0, 1, 2, 5, 1],
    [26, 13, 77, 208, 19],
    [9, 3, 20, 147, 18],
    [17, 9, 70, 269, 18],
    [5, 12, 46, 91, 17],
    [0, 0, 9, 7, 0],
    [16, 28, 76, 244, 24],
    [2, 9, 52, 32, 7],
    [17, 15, 191, 195, 42],
    [17, 17, 230, 170, 45],
    [5, 15, 95, 109, 29],
    [1, 7, 88, 52, 31],
    [3, 5, 74, 48, 15],
    [24, 14, 142, 389, 38],
    [21, 17, 146, 212, 35],
    [1, 5, 46, 75, 17],
    [9, 5, 50, 37, 7],
    [18, 11, 133, 203, 26],
    [7, 16, 165, 115, 47],
    [17, 9, 155, 127, 21],
    [5, 4, 51, 47, 7],
    [4, 15, 118, 118, 39],
    [7, 7, 125, 89, 24],
    [2, 4, 45, 13, 9],
    [14, 14, 80, 90, 22],
    [8, 6, 24, 90, 10],
    [2, 0, 5, 22, 1],
    [0, 0, 2, 14, 4],
    [0, 0, 1, 5, 0],
    [1, 2, 9, 9, 1],
    [15, 6, 53, 151, 20],
    [0, 4, 16, 15, 6],
    [1, 2, 1, 7, 0],
    [13, 23, 57, 252, 21],
    [11, 84, 253, 232, 40],
    [127, 256, 1985, 1790, 348],
    [120, 193, 1098, 1104, 289],
    [1, 0, 11, 8, 2]
  ],
  "W": [
    [376, 151, 1185, 1384, 178],
    [55, 15, 96, 135, 18],
    [9, 2, 63, 64, 10],
    [7, 0, 3, 23, 0],
    [228, 77, 505, 708, 100],
    [0, 0, 6, 6, 0],
    [39, 12, 91, 138, 15],
    [2, 3, 5, 6, 0],
    [0, 1, 3, 3, 0],
    [2, 1, 5, 6, 1],
    [4, 3, 26, 32, 6],
    [0, 2, 12, 3, 7],
    [17, 10, 81, 71, 14],
    [318, 210, 2818, 1540, 441],
    [7, 5, 139, 66, 12],
    [91, 45, 608, 462, 118],
    [3, 3, 87, 24, 16],
    [250, 49, 707, 1184, 106],
    [20, 12, 113, 63, 4],
    [4, 5, 74, 68, 8],
    [5, 6, 84, 39, 21],
    [13, 6, 113, 63, 15],
    [91, 57, 622, 353, 118],
    [7, 7, 62, 27, 7],
    [129, 44, 597, 405, 109],
    [30, 8, 87, 156, 14],
    [24, 3, 48, 87, 14],
    [29, 21, 212, 178, 31],
    [19, 5, 141, 104, 18],
    [158, 48, 299, 608, 56],
    [8, 5, 43, 46, 15],
    [48, 9, 86, 210, 26],
    [26, 8, 61, 98, 14],
    [94, 31, 292, 403, 64],
    [72, 5, 121, 252, 35],
    [16, 10, 13, 61, 9],
    [49, 17, 115, 230, 35],
    [68, 28, 173, 292, 81],
    [1, 0, 4, 4, 0],
    [56, 17, 94, 152, 24],
    [28, 5, 30, 114, 20],
    [44, 9, 78, 231, 21],
    [20, 7, 61, 65, 18],
    [0, 0, 10, 6, 0],
    [60, 23, 107, 168, 30],
    [5, 8, 55, 26, 8],
    [27, 13, 223, 134, 63],
    [31, 8, 266, 126, 48],
    [10, 8, 114, 92, 29],
    [12, 7, 111, 30, 19],
    [11, 7, 84, 29, 14],
    [48, 7, 207, 312, 33],
    [43, 20, 180, 151, 37],
    [9, 8, 57, 57, 13],
    [8, 6, 60, 22, 12],
    [42, 22, 154, 145, 28],
    [11, 14, 196, 91, 38],
    [22, 13, 191, 84, 19],
    [12, 4, 61, 26, 11],
    [18, 6, 135, 90, 45],
    [16, 7, 138, 60, 31],
    [2, 2, 52, 12, 5],
    [8, 11, 105, 69, 27],
    [17, 2, 35, 79, 5],
    [5, 0, 9, 16, 0],
    [2, 0, 2, 12, 4],
    [1, 0, 1, 3, 1],
    [2, 1, 9, 8, 2],
    [29, 4, 68, 126, 18],
    [0, 3, 19, 16, 3],
    [1, 0, 3, 7, 0],
    [41, 15, 83, 197, 30],
    [42, 90, 287, 145, 56],
    [294, 204, 2294, 1363, 351],
    [211, 115, 1355, 865, 258],
    [1, 2, 8, 8, 3]
  ],
  "method": "mult",
  "cond_prob": [
    [
      [0.17599672556, 0.0038997825401, 2.9574857023e-05, 0.82005183362, 2.208341497e-05],
      [0.0057323434712, 0.63405255011, 0.1584798032, 0.20001060201, 0.0017247012083],
      [0.030264709483, 0.060003112956, 0.72453724113, 0.12082769687, 0.064367239557],
      [0.020826468772, 0.010701935239, 0.00037068140375, 0.96733163927, 0.0007692753132],
      [0.0408546843, 0.077958311651, 0.18521784141, 0.2724219107, 0.42354725194]
    ],
    [
      [0.24354998743, 0.00015842074688, 0.0074453658049, 0.74659690789, 0.0022493181347],
      [0.013500400166, 0.38878814498, 0.27746694838, 0.31405714691, 0.0061873595617],
      [0.021726244939, 0.017260308929, 0.78473912504, 0.062101310148, 0.11417301094],
      [0.047862726383, 0.00066305681916, 0.0091752787349, 0.93475716693, 0.0075417711355],
      [0.047503172951, 0.022942353135, 0.15860455678, 0.1706871974, 0.60026271974]
    ],
    [
      [0.14748903072, 0.0026810991719, 0, 0.84982987011, 0],
      [0.0052971457568, 0.65168940464, 0.078068527527, 0.26290253775, 0.0020423843312],
      [0.024365982199, 0.04699688864, 0.70150239689, 0.14757252221, 0.079562210059],
      [0.013140773589, 0.002717303092, 0, 0.98337107563, 0.00077084769193],
      [0.02859380437, 0.053777991593, 0.16492119407, 0.25929083543, 0.49341617453]
    ],
    [
      [0.46288962872, 0.0045423632511, 0, 0.53240191065, 0.0001660973758],
      ["NaN", "NaN", "NaN", "NaN", "NaN"],
      [0.10263372209, 0.20411490406, 0, 0.041464894904, 0.65178647895],
      [0.10660310577, 0.015472119351, 0, 0.87603443221, 0.0018903426751],
      ["NaN", "NaN", "NaN", "NaN", "NaN"]
    ],
    [
      [0.15727845605, 0.0031592389425, 0.0031521998465, 0.8362937201, 0.00011638505979],
      [0.0055276701343, 0.57632106568, 0.19128259241, 0.22483241832, 0.002036253456],
      [0.014280434015, 0.04736911396, 0.78650814707, 0.087254616684, 0.064587688269],
      [0.026735256694, 0.0079249586166, 0.0030476411335, 0.96148168602, 0.00081045754009],
      [0.035747005026, 0.063706982136, 0.20208194625, 0.27220320482, 0.42626086176]
    ],
    [
      ["NaN", "NaN", "NaN", "NaN", "NaN"],
      ["NaN", "NaN", "NaN", "NaN", "NaN"],
      [0.058614968519, 0, 0.83333333333, 0.10805169815, 0],
      [0.10805169815, 0, 0, 0.89194830185, 0],
      ["NaN", "NaN", "NaN", "NaN", "NaN"]
    ],
    [
      [0.15282976107, 0.0018579461124, 0.0075804626079, 0.83585632717, 0.0018755030376],
      [0.0061482297001, 0.5035106428, 0.23387978893, 0.2514008502, 0.0050604883668],
      [0.010884169491, 0.030707856485, 0.78700150437, 0.055794979126, 0.11561149053],
      [0.02587894786, 0.0040105793353, 0.013746881855, 0.94835885339, 0.0080047375565],
      [0.026940422222, 0.035835833304, 0.1589065265, 0.16226187796, 0.61605534002]
    ],
    [
      [0, 0.0033936674412, 0.10834684758, 0.88825948498, 0],
      [0, 0.59850449368, 0.23181983848, 0.16967566784, 0],
      [0, 0.033327751722, 0.96138502814, 0.0052872201393, 0],
      [0, 0.0051767375777, 0.046820274784, 0.94800298764, 0],
      ["NaN", "NaN", "NaN", "NaN", "NaN"]
    ],
    [
      ["NaN", "NaN", "NaN", "NaN", "NaN"],
      [0, 0.89296904367, 0.077582260064, 0.029448696264, 0],
      [0, 0.029507447725, 0.94283909317, 0.027653459108, 0],
      [0, 0.0061695377179, 0.031300153478, 0.9625303088, 0],
      ["NaN", "NaN", "NaN", "NaN", "NaN"]
    ],
    [
      [0.49297655049, 0, 0.0116323551, 0.49539109441, 0],
      [0.03863884303, 0, 0.59769653101, 0.36366462596, 0],
      [0.031087253319, 0, 0.94898079956, 0.019931947124, 0],
      [0.10478268007, 0, 0.028825502705, 0.86639181723, 0],
      [0.191275709, 0, 0.46118174477, 0.34754254623, 0]
    ],
    [
      [0.23070269139, 0.007521783582, 0.007492393679, 0.75428313135, 0],
      [0.0037781173845, 0.88551965, 0.054383619639, 0.056318612977, 0],
      [0.043167817978, 0.13316700638, 0.64912683488, 0.11553465328, 0.059003687481],
      [0.020896799419, 0.030049582462, 0.00097792942635, 0.94728483094, 0.00079085775272],
      [0.045799005576, 0.14823751849, 0.1497146863, 0.24948267673, 0.4067661129]
    ],
    [
      ["NaN", "NaN", "NaN", "NaN", "NaN"],
      [0, 0.8215459852, 0.043091307992, 0.13536270681, 0],
      [0, 0.13004891891, 0.78402702025, 0.081183612341, 0.0047404484923],
      [0, 0.017296374082, 0.0006734760209, 0.9820301499, 0],
      [0, 0.24920455434, 0.35763895899, 0.25842582694, 0.13473065973]
    ],
    [
      [0.20526614383, 0.0041625438529, 0, 0.78989941535, 0.00067189696257],
      [0.0055392952362, 0.68099452642, 0.11572203285, 0.19386366478, 0.0038804807159],
      [0.026416920276, 0.065700804267, 0.66788895958, 0.11461536446, 0.12537795141],
      [0.02631351988, 0.01269916148, 0, 0.95583063682, 0.0051566818159],
      [0.03193229633, 0.06399184854, 0.12455528181, 0.17751811109, 0.60200246222]
    ],
    [
      [0.16897281288, 0.0025150274016, 0.0011260614885, 0.82694182517, 0.00044427306441],
      [0.0048082189722, 0.52682395559, 0.21112524287, 0.25292314686, 0.0043194357074],
      [0.0081898462226, 0.030369683286, 0.81032581818, 0.063161938657, 0.087952713657],
      [0.029637916619, 0.0066611337625, 0.0051324810757, 0.95403357988, 0.0045348886581],
      [0.023890116261, 0.042465480994, 0.20613023801, 0.18303079954, 0.54448336519]
    ],
    [
      [0.20891674176, 0.0023758601092, 0, 0.78860157448, 0.00010582364588],
      [0.0060126103669, 0.59682785387, 0.092370385026, 0.30225919483, 0.0025299559095],
      [0.0136631316, 0.035282811862, 0.76371944077, 0.11646775927, 0.0708668565],
      [0.033319631025, 0.0070506228303, 0, 0.95819190094, 0.0014378452003],
      [0.034104067977, 0.052464812852, 0.19842881734, 0.21156741698, 0.50343488485]
    ],
    [
      [0.10682278459, 0.0029984325517, 0.0020016786376, 0.88766356279, 0.00051354143577],
      [0.0030509324921, 0.56004000455, 0.2397412437, 0.19366246316, 0.0035053560905],
      [0.0053197535102, 0.035462469444, 0.80546473445, 0.067401320131, 0.08635172246],
      [0.017417095689, 0.0073486758031, 0.0089631690336, 0.96188243951, 0.0043886199626],
      [0.015768866931, 0.04719553212, 0.20479617487, 0.20456029873, 0.52767912735]
    ],
    [
      [0.08687700159, 0.0029161112625, 0.0002172932332, 0.90978820389, 0.00020139002484],
      [0.0016651766412, 0.63126113596, 0.093153013719, 0.27303778031, 0.00088289337549],
      [0.0030815133069, 0.035528893808, 0.79236053277, 0.092231357477, 0.076797702634],
      [0.013374707665, 0.0086918749746, 0.00098240589361, 0.97570790412, 0.0012431073465],
      [0.0090805514774, 0.049865593602, 0.23505906165, 0.1881502655, 0.51784452777]
    ],
    [
      [0.13145824785, 0.0020198582953, 0.00056663954598, 0.86592250962, 3.2744688321e-05],
      [0.0062955537809, 0.5218252944, 0.20348244176, 0.26604139234, 0.0023553177088],
      [0.032973431878, 0.039953314572, 0.72927769773, 0.13366821832, 0.064127337508],
      [0.011749404923, 0.0021295270086, 0.0013335387118, 0.98417035843, 0.00061717092917],
      [0.033994756003, 0.048653232266, 0.18593828622, 0.30870009097, 0.42271363454]
    ],
    [
      [0.27661416568, 0.001218949346, 0.0042548747506, 0.71744599455, 0.00046601567396],
      [0.0097472948469, 0.44960768036, 0.31983755144, 0.21675495522, 0.0040525181406],
      [0.015412617886, 0.019564913522, 0.8378064705, 0.052666725265, 0.074549272823],
      [0.054146619399, 0.0035275329101, 0.010259565129, 0.92802424604, 0.0040420365194],
      [0.049471576218, 0.036814761856, 0.18959202943, 0.15828829772, 0.56583333478]
    ],
    [
      [0.18797004082, 0.0049348780628, 0.00010312671566, 0.80673950701, 0.00025244738382],
      [0.004017723987, 0.76934709009, 0.12614868282, 0.098998177286, 0.0014883258213],
      [0.011061295329, 0.071560989947, 0.75290601095, 0.077826485627, 0.086645218146],
      [0.031904179508, 0.016706111132, 0.0047128685925, 0.94308588802, 0.0035909527463],
      [0.030001394483, 0.087749528029, 0.16666552555, 0.17363134546, 0.54195220647]
    ],
    [
      [0.11482186704, 0.002815040749, 0.00024191145503, 0.8818032279, 0.00031795285639],
      [0.0025463437106, 0.59839867647, 0.09381382809, 0.30299063321, 0.0022505185181],
      [0.0049578410052, 0.036899885046, 0.78531976591, 0.081843049863, 0.09097945818],
      [0.018321935565, 0.0080018838257, 0.0011861856459, 0.97030145708, 0.0021885378812],
      [0.013314212908, 0.046850901161, 0.21060885228, 0.19316509746, 0.5360609362]
    ],
    [
      [0.21414714065, 0.00205476643, 0.001129071934, 0.78249900144, 0.00017001954388],
      [0.0067467725018, 0.51852385418, 0.19034966508, 0.28110490813, 0.0032748001116],
      [0.011010858108, 0.025810945498, 0.82458990569, 0.06630207437, 0.072286216337],
      [0.038456771604, 0.0055191898642, 0.0051780489337, 0.94798531552, 0.0028606740785],
      [0.033906863953, 0.039853273912, 0.22255650993, 0.19504495006, 0.50863840215]
    ],
    [
      [0.22646092503, 0.0027300441476, 0.00020806269792, 0.77060096813, 0],
      [0.0064754330321, 0.57827197053, 0.11125933634, 0.30106039381, 0.0029328662958],
      [0.013685386783, 0.040531898338, 0.79194164815, 0.082984856789, 0.070856209937],
      [0.042496912847, 0.0082808671366, 0.00064784140082, 0.94704005071, 0.0015343279084],
      [0.038213858693, 0.056407430482, 0.21883805896, 0.2185860223, 0.46795462957]
    ],
    [
      [0.13087490367, 0.0028345281431, 0.0016193854966, 0.86467118269, 0],
      [0.0024950237865, 0.56465180919, 0.16047370889, 0.27200282132, 0.00037663681808],
      [0.0053675802007, 0.035607282079, 0.88570153342, 0.061317589378, 0.01200601492],
      [0.019972616862, 0.0079735452253, 0.0060212516372, 0.96568088621, 0.0003517000645],
      [0.027765697155, 0.086379775533, 0.39846849613, 0.30974392896, 0.17764210222]
    ],
    [
      [0.22561532877, 0.0028079491266, 7.7205858403e-05, 0.77133158105, 0.00016793520199],
      [0.0072271494333, 0.58623351821, 0.16828315071, 0.23523320944, 0.0030229722052],
      [0.014959496313, 0.040005649368, 0.77895012922, 0.085022596805, 0.081062128298],
      [0.042865386285, 0.0079549665322, 0.0001684167003, 0.9462706392, 0.002740591286],
      [0.039324103391, 0.052645556361, 0.19710225603, 0.21238408865, 0.49854399557]
    ],
    [
      [0.21774427673, 0.0064375151142, 0.0056023677493, 0.76871167613, 0.0015041642739],
      [0.0056211755924, 0.82077141426, 0.1003819428, 0.071172394817, 0.0020530725348],
      [0.022902393246, 0.091628264789, 0.68589611284, 0.063324610311, 0.13624861881],
      [0.037770712779, 0.019683459404, 0.0044552474199, 0.92976571385, 0.0083248665451],
      [0.038425920532, 0.085601752064, 0.11863521501, 0.12975557853, 0.62758153386]
    ],
    [
      [0.24732740007, 0.0038240003751, 0.0030281747898, 0.74512637625, 0.00069404851151],
      [0.0085683932206, 0.73547373803, 0.15439767217, 0.099840669628, 0.0017195269597],
      [0.025105171578, 0.059691718646, 0.7498161297, 0.070425087428, 0.094961892645],
      [0.047172640422, 0.010696775163, 0.0035284719074, 0.93502441469, 0.0035776978122],
      [0.052097804727, 0.064712917338, 0.15471282191, 0.22070833472, 0.5077681213]
    ],
    [
      [0.30783851038, 0.0025817490124, 0, 0.68926729592, 0.00031244468362],
      [0.010367681466, 0.59623006267, 0.17893518082, 0.21085446048, 0.0036126145684],
      [0.025368503333, 0.043655353978, 0.7500670005, 0.088280826902, 0.09262831529],
      [0.060333436819, 0.0083224345121, 0, 0.92752837357, 0.0038157550973],
      [0.05604798154, 0.053805470195, 0.16865022896, 0.18605544997, 0.53544086933]
    ],
    [
      [0.15920024496, 0.0048487223037, 0.027310248555, 0.80711687497, 0.0015239092111],
      [0.0035593198414, 0.71764166312, 0.18258776736, 0.094660942866, 0.0015503068099],
      [0.0058774004669, 0.047935841123, 0.8435707887, 0.016976406434, 0.085639563281],
      [0.02633499834, 0.013195317508, 0.047605165558, 0.90562922511, 0.0072352934831],
      [0.02165808074, 0.066022185638, 0.20409711203, 0.14513121903, 0.56309140256]
    ],
    [
      [0.13000245432, 0.0025889572076, 0.001033557182, 0.86629438268, 8.064861055e-05],
      [0.0054566192124, 0.56629581417, 0.16363637815, 0.26194833744, 0.0026628510244],
      [0.038010003849, 0.049242294249, 0.70056587335, 0.1219526957, 0.090229132856],
      [0.011648887675, 0.0058689046209, 0.001462848691, 0.98023830014, 0.00078105887446],
      [0.031253207824, 0.055660815912, 0.15399185142, 0.26970044357, 0.48939368127]
    ],
    [
      [0.20983081076, 0.0027177263472, 0, 0.78745146289, 0],
      [0.006725908358, 0.64611770547, 0.069129174909, 0.2765038589, 0.0015233523669],
      [0.039714636494, 0.061017042416, 0.67993468325, 0.15559986094, 0.063733776902],
      [0.020138555736, 0.0030840481702, 0, 0.97658700656, 0.00019038953752],
      [0.043574735934, 0.065471374811, 0.16114418304, 0.31360484537, 0.41620486084]
    ],
    [
      [0.19841155111, 0.0035555045837, 0.00070431122002, 0.79721564947, 0.00011298361492],
      [0.0081274766132, 0.69182663617, 0.12800700196, 0.1697667726, 0.002272112665],
      [0.061389996598, 0.068505156138, 0.64283778082, 0.12365889675, 0.1036081697],
      [0.023297192027, 0.0094085158171, 0.0012139039976, 0.96521099617, 0.00086939199253],
      [0.04735185477, 0.066756319423, 0.12596773285, 0.26449129066, 0.4954328023]
    ],
    [
      [0.12652679921, 0.0018234376752, 0, 0.87164867978, 1.0833299988e-06],
      [0.0055329412451, 0.54255836643, 0.16937512338, 0.28082967011, 0.0017038988375],
      [0.03387673391, 0.045410563389, 0.69229031349, 0.172981705, 0.055440684214],
      [0.011576120743, 0.0009970598268, 0, 0.98690900441, 0.00051781501546],
      [0.033221363512, 0.053169104231, 0.17252070645, 0.34439503766, 0.39669378815]
    ],
    [
      [0.1827446217, 0.0039051548795, 0, 0.81335022342, 0],
      [0.0064032569449, 0.68762084114, 0.096525251997, 0.20746795449, 0.0019826954241],
      [0.047188075254, 0.087990698806, 0.5930289432, 0.17911226901, 0.092680013733],
      [0.017850801433, 0.0018214549021, 0, 0.97959825119, 0.00072949247298],
      [0.041417400676, 0.076395921703, 0.12255102772, 0.28179210357, 0.47784354633]
    ],
    [
      [0.28190517158, 0.0025780967493, 0.0010373215501, 0.71434395773, 0.0001354523858],
      [0.01347705134, 0.67672209461, 0.15424727139, 0.15322504797, 0.0023285346986],
      [0.067751177899, 0.054952142163, 0.66235077428, 0.11700364588, 0.097942259783],
      [0.047317173181, 0.0072351035133, 0.0013601878795, 0.94319420383, 0.0008933316012],
      [0.07181777777, 0.055951750686, 0.13333901309, 0.25596369396, 0.4829277645]
    ],
    [
      [0.1332225251, 0.002159187331, 0.021157962987, 0.84337284822, 8.7476364396e-05],
      [0.0046933208096, 0.54675384449, 0.15928871915, 0.28754894837, 0.0017151671782],
      [0.025594297518, 0.05522785575, 0.80567195554, 0.042427276965, 0.07107861423],
      [0.019705657809, 0.0042194943212, 0.0010650773233, 0.97438795861, 0.00062181193319],
      [0.031859488466, 0.058062586607, 0.16998669578, 0.29348054098, 0.44661068816]
    ],
    [
      [0.21964101657, 0.0037020059069, 0.00010552313899, 0.77652408121, 2.7373172339e-05],
      [0.0082771586733, 0.67344528196, 0.12136878922, 0.19512808278, 0.0017806873713],
      [0.07118385129, 0.07230868692, 0.63502144537, 0.14061729651, 0.080868719906],
      [0.021768207717, 0.010534214766, 0.00081680052448, 0.96614039275, 0.00074038424675],
      [0.054401366212, 0.075190386439, 0.13474941747, 0.29285323379, 0.44280559609]
    ],
    [
      [0.20794775569, 0.00096150032851, 0, 0.79106840329, 2.2340687015e-05],
      [0.010379803317, 0.44436367184, 0.23252734771, 0.30869130536, 0.0040378717756],
      [0.031041422915, 0.026669378296, 0.75570669374, 0.098029253732, 0.088553251319],
      [0.03319765973, 0.0012755336125, 0.00082023037684, 0.96369157003, 0.0010150062545],
      [0.043272040919, 0.030940455633, 0.16682060466, 0.28650608251, 0.47246081629]
    ],
    [
      [0, 0.015857197638, 0.0040220682659, 0.97853334313, 0.001587390962],
      ["NaN", "NaN", "NaN", "NaN", "NaN"],
      [0, 0.21257759893, 0.4947303888, 0.049786654403, 0.24290535787],
      [0, 0.033458101663, 0.0042640941306, 0.95558000981, 0.0066977943926],
      ["NaN", "NaN", "NaN", "NaN", "NaN"]
    ],
    [
      [0.24730449283, 0.00088338806996, 0.0017601184052, 0.74992585477, 0.00012614592367],
      [0.012590308612, 0.49461103401, 0.20123269211, 0.28857423165, 0.0029917336274],
      [0.042451249666, 0.033823067168, 0.73707638396, 0.10569009667, 0.080959202534],
      [0.042706940257, 0.0024377123968, 0.0012886553583, 0.95272480037, 0.00084189161399],
      [0.060626698645, 0.041343420493, 0.16664257904, 0.26455631044, 0.46683099138]
    ],
    [
      [0.15483760946, 7.5014313833e-05, 0.00023313819912, 0.84377828731, 0.0010759507126],
      [0.011193514443, 0.3927045365, 0.18090336432, 0.40856880406, 0.0066297806673],
      [0.079148723037, 0.021368055372, 0.57589973902, 0.15184436459, 0.17173911798],
      [0.013996798906, 0.00036623207096, 0.00052577484207, 0.97939993783, 0.0057112563467],
      [0.031924129818, 0.017579239972, 0.087601240309, 0.25622200421, 0.60667338569]
    ],
    [
      [0.17335618164, 0.0018524160344, 0.0023489301801, 0.82205197588, 0.00039049626372],
      [0.0090196538305, 0.50574528398, 0.2243944629, 0.2575939255, 0.0032466737953],
      [0.017375655005, 0.033711298109, 0.80547270539, 0.05468363057, 0.088756710929],
      [0.030560038866, 0.0039729845905, 0.0059041173649, 0.95689686789, 0.0026659912917],
      [0.041737193084, 0.039025973607, 0.17554165593, 0.24775562217, 0.49593955521]
    ],
    [
      [0.12949143658, 0.0057377105677, 0.0011025748942, 0.86273795577, 0.00093032218717],
      [0.0031687880395, 0.72806982786, 0.12917637233, 0.13738185259, 0.0022031591746],
      [0.018830318535, 0.073454667231, 0.69648090321, 0.10016923023, 0.11106488079],
      [0.013457702048, 0.015238437181, 0.0010385758345, 0.96531886585, 0.0049464190859],
      [0.020254982681, 0.073195770874, 0.1400484095, 0.21819547733, 0.54830535962]
    ],
    [
      ["NaN", "NaN", "NaN", "NaN", "NaN"],
      ["NaN", "NaN", "NaN", "NaN", "NaN"],
      [0, 0, 0.9, 0.1, 0],
      [0, 0, 0, 1, 0],
      ["NaN", "NaN", "NaN", "NaN", "NaN"]
    ],
    [
      [0.14149539506, 0.0048734734299, 0.00050814400462, 0.85305076847, 7.2219040692e-05],
      [0.0046375489464, 0.65878110205, 0.11915969214, 0.21545229717, 0.0019693596912],
      [0.039030185532, 0.087292878821, 0.64588273833, 0.13852175457, 0.089272442742],
      [0.013542906836, 0.0052485667662, 0.0003901133356, 0.97998575998, 0.00083265308308],
      [0.031739149014, 0.077784299886, 0.13512821328, 0.28007052138, 0.47527781644]
    ],
    [
      [0.16772400624, 0.0050068145803, 0.006052652721, 0.82101791725, 0.00019860921116],
      [0.0024483083112, 0.64389788533, 0.22994976478, 0.12158823264, 0.0021158089478],
      [0.0049132866215, 0.051091558323, 0.86250822208, 0.024238776303, 0.057248156675],
      [0.026920834711, 0.014855148445, 0.023183022237, 0.93217775282, 0.0028632417829],
      [0.021452629455, 0.078439159647, 0.26117847822, 0.16905628532, 0.46987344736]
    ],
    [
      [0.21880798951, 0.0016238972148, 0, 0.77956811328, 0],
      [0.0080158395225, 0.48907769819, 0.11260395595, 0.38803832345, 0.0022641828911],
      [0.01584981495, 0.025517759499, 0.7846504613, 0.10945301789, 0.064528946354],
      [0.037705601619, 0.0043438900386, 0, 0.95795050834, 0],
      [0.038109825694, 0.036914334369, 0.23109675717, 0.25609161315, 0.43778746961]
    ],
    [
      [0.22778616045, 0.0027472701829, 0.0012978324288, 0.76794059522, 0.00022814171502],
      [0.0065039546854, 0.59594402008, 0.10565035089, 0.28981071062, 0.0020909637244],
      [0.011153627387, 0.033350857933, 0.81770090422, 0.06127247996, 0.076522130494],
      [0.042205495321, 0.0080434792591, 0.0050779715105, 0.94147469929, 0.0031983546187],
      [0.033371668603, 0.04713491389, 0.22846457195, 0.18648050173, 0.50454834383]
    ],
    [
      [0.14342508004, 0.0044800998595, 0.00052256889187, 0.85095872103, 0.00061353018204],
      [0.0032330101702, 0.69935269553, 0.16643211621, 0.12925999538, 0.0017221827022],
      [0.0072543959386, 0.055613623359, 0.77050547033, 0.061378435064, 0.1052480753],
      [0.023681025137, 0.013136679899, 0.0076416240727, 0.94817881163, 0.0073618592575],
      [0.018421712713, 0.062477580119, 0.17664359823, 0.18023243307, 0.56222467587]
    ],
    [
      [0.046429233561, 0.0023330324704, 0.00034378594013, 0.94906530073, 0.0018286472984],
      [0.0010033013461, 0.51659102898, 0.10811783409, 0.3674186071, 0.006869228484],
      [0.0014041581134, 0.023937194935, 0.76225466811, 0.056452387222, 0.15595159162],
      [0.006997331467, 0.0061633591633, 0.00080107852042, 0.9797832134, 0.0062550174533],
      [0.0036865575391, 0.027049315518, 0.1370920639, 0.12524077674, 0.70693128631]
    ],
    [
      [0.14238119075, 0.0013413680943, 0.0014963084152, 0.85437533965, 0.00040579309339],
      [0.0039448201784, 0.43716178595, 0.14983430175, 0.40355483247, 0.0055042596609],
      [0.0056629032886, 0.016933236464, 0.8301719223, 0.062384179468, 0.084847758482],
      [0.023622542874, 0.0038022492074, 0.0038955691954, 0.96578708104, 0.002892557683],
      [0.017532538637, 0.028032525669, 0.22052053682, 0.18063507222, 0.55327932665]
    ],
    [
      [0.1770234467, 0.0019201415679, 0, 0.82105641174, 0],
      [0.0090417356658, 0.54596227569, 0.17961353005, 0.26245088511, 0.0029315734806],
      [0.04368346657, 0.040988172149, 0.65758114128, 0.15884515982, 0.098902060179],
      [0.016340539166, 0.000906240981, 4.5546956574e-05, 0.9818173174, 0.00089035549445],
      [0.039359291191, 0.039963589516, 0.13967267861, 0.2589146948, 0.52208974589]
    ],
    [
      [0.22340640963, 0.0014170747794, 0, 0.7750815907, 9.4924890596e-05],
      [0.0089881273052, 0.49136397727, 0.18981366323, 0.30562393525, 0.0042102969385],
      [0.022279640739, 0.028715121425, 0.75313949956, 0.10847108258, 0.087394655698],
      [0.037518704764, 0.003586877637, 0, 0.95672398115, 0.0021704364539],
      [0.041570326694, 0.037876915119, 0.17942207606, 0.23159180751, 0.50953887461]
    ],
    [
      [0.04422498613, 0.00091291848612, 0, 0.95357863228, 0.0012834631055],
      [0.0014884417097, 0.43622664268, 0.2505790285, 0.30291777004, 0.0087881170716],
      [0.0056038106774, 0.020041674647, 0.74020616577, 0.096201157585, 0.13794719132],
      [0.0034886569483, 0.00091339037608, 0, 0.98556105386, 0.010036898817],
      [0.0055228412681, 0.023656298909, 0.13873971716, 0.17953877668, 0.65254236598]
    ],
    [
      [0.43107452368, 0.00086008043179, 0, 0.56806539589, 0],
      [0.017198574332, 0.4943057022, 0.10423546116, 0.3841054371, 0.00015482520999],
      [0.037920373302, 0.023946370388, 0.77263750076, 0.12195582128, 0.04353993427],
      [0.092701791207, 0.0035706905598, 0, 0.90372751823, 0],
      [0.094462546662, 0.042662310646, 0.25136143229, 0.24595746102, 0.36555624938]
    ],
    [
      [0.20510833633, 0.00011702722467, 0, 0.79477463645, 0],
      [0.0098170921723, 0.36404009955, 0.27872930006, 0.34307718858, 0.0043363196429],
      [0.018674351728, 0.01420216753, 0.78771339, 0.10222764969, 0.077182441053],
      [0.035469734315, 0.00069605770691, 0, 0.96211729973, 0.0017169082518],
      [0.041089721596, 0.02493358926, 0.19857476211, 0.24363216456, 0.49176976247]
    ],
    [
      [0.17777292602, 0.0027163290107, 0.00060128536008, 0.81821823773, 0.00069122187996],
      [0.004341178993, 0.55477968334, 0.16265646672, 0.27233182387, 0.0058908470799],
      [0.0074976661571, 0.030994242407, 0.79329045679, 0.051621805946, 0.1165958287],
      [0.030580306259, 0.0075416504496, 0.0042115004405, 0.95018215874, 0.007484384116],
      [0.019246601883, 0.037948502931, 0.18021103306, 0.14743430107, 0.61515956106]
    ],
    [
      [0.29876601452, 0.00083471516913, 0, 0.70039927031, 0],
      [0.012772502728, 0.39598005444, 0.12590350113, 0.46168586045, 0.0036580812495],
      [0.023177413284, 0.016071861381, 0.78119216685, 0.11646398977, 0.063094568713],
      [0.056301729177, 0.0025282494279, 0, 0.94042939243, 0.0007406289614],
      [0.058151260883, 0.029041951729, 0.21871319038, 0.22887415034, 0.46521944667]
    ],
    [
      [0.21299799921, 0.0011461518402, 0, 0.78585584895, 0],
      [0.0075361021081, 0.49613377133, 0.10598213897, 0.38857301847, 0.0017749691286],
      [0.017333833174, 0.023723050035, 0.78374434844, 0.13016390719, 0.045034861167],
      [0.034245668271, 0.0038858529268, 0, 0.9618684788, 0],
      [0.042375309304, 0.041233896761, 0.25160601723, 0.27880535922, 0.38597941748]
    ],
    [
      [0.092974921559, 0.0046722538945, 0.0014323754686, 0.90007394515, 0.00084650393319],
      [0.0020322408228, 0.71123827797, 0.17067667001, 0.11489851397, 0.0011542972277],
      [0.0038151557892, 0.051096953878, 0.79407637859, 0.049356858705, 0.10165465303],
      [0.014627301232, 0.012306416717, 0.0085974265663, 0.95730994127, 0.0071589142163],
      [0.010727884991, 0.058728966311, 0.19946839378, 0.18418238365, 0.54689237127]
    ],
    [
      [0.18641010358, 0.001577398185, 0.0014566147693, 0.81055588346, 0],
      [0.0059816975706, 0.4493094026, 0.1310725031, 0.41017046306, 0.0034659336733],
      [0.0085009511297, 0.019046043096, 0.83837851819, 0.067483975736, 0.066590511844],
      [0.032798609542, 0.0042467131696, 0.0052837404712, 0.95641856357, 0.001252373246],
      [0.026919955847, 0.030530292689, 0.25954602268, 0.20845194056, 0.47455178823]
    ],
    [
      [0.3452086662, 0.0045155039478, 0.0011019687357, 0.64863024538, 0.00054361573331],
      [0.0046504122123, 0.72820292553, 0.16841363207, 0.097384722171, 0.0013483080114],
      [0.006114143004, 0.039945871545, 0.83864643491, 0.0096470441746, 0.10564650636],
      [0.07054212897, 0.016051003626, 0.02235781291, 0.87992485185, 0.011124202646],
      [0.027168171864, 0.052953155442, 0.15661208561, 0.089445109129, 0.67382147795]
    ],
    [
      [0.38364371503, 0.0022967688771, 0, 0.61397088219, 8.8633908488e-05],
      [0.012404405348, 0.61744831367, 0.077909774893, 0.29145709644, 0.00078040965025],
      [0.03720072814, 0.048472919156, 0.70902378817, 0.11971133751, 0.085591227028],
      [0.072551270307, 0.008232735563, 0, 0.91841840206, 0.00079759206528],
      [0.069714359816, 0.056739967903, 0.17390721179, 0.22006091486, 0.47957754563]
    ],
    [
      [0.22143750857, 0.0049063915131, 0.0066518298602, 0.76526971241, 0.0017345576415],
      [0.0070261593199, 0.84496182098, 0.072441208167, 0.07306459758, 0.0025062139565],
      [0.031180158771, 0.079876867672, 0.65789604521, 0.066848554471, 0.16419837387],
      [0.037089043915, 0.013828397758, 0.0027171944964, 0.9371267618, 0.0092386020256],
      [0.040034001872, 0.067706782176, 0.10020330568, 0.094314420952, 0.69774148932]
    ],
    [
      [0.2080764162, 0, 0, 0.7919235838, 0],
      ["NaN", "NaN", "NaN", "NaN", "NaN"],
      [0.071865508766, 0, 0.55555555556, 0.26253913483, 0.11003980085],
      [0.019551771257, 0, 0, 0.97984561672, 0.00060261202411],
      ["NaN", "NaN", "NaN", "NaN", "NaN"]
    ],
    [
      [0, 0, 0.00062633045887, 0.90393506566, 0.095438603881],
      ["NaN", "NaN", "NaN", "NaN", "NaN"],
      [0, 0, 0.8354295141, 0.027949082774, 0.13662140313],
      [0, 0, 0.0010846055435, 0.9655486013, 0.033366793155],
      [0, 0, 0.078718261091, 0.13741212188, 0.78386961703]
    ],
    [
      [0, 0, 0, 1, 0],
      ["NaN", "NaN", "NaN", "NaN", "NaN"],
      [0, 0, 0.75643543807, 0.24356456193, 0],
      [0, 0, 3.6878394235e-05, 0.99996312161, 0],
      [0, 0, 0.24345392675, 0.75654607325, 0]
    ],
    [
      [0.26771690315, 0.012920117234, 0.036614391915, 0.68265800378, 9.0583922843e-05],
      [0.0017027735633, 0.91433706451, 0.049092066792, 0.034868095136, 0],
      [0.011463697189, 0.071694610687, 0.8807659077, 0.010955508953, 0.025120275473],
      [0.034845189377, 0.023429698718, 0.050427647208, 0.89037524606, 0.00092221864056],
      [0.040464315215, 0.11356680755, 0.27368240122, 0.18910717413, 0.38317930189]
    ],
    [
      [0.23542109783, 0.001957360365, 0.0020115045323, 0.75925000346, 0.0013600338185],
      [0.011622466667, 0.56781581162, 0.20441369744, 0.21209087181, 0.0040571524653],
      [0.0307115432, 0.0354435599, 0.72528250432, 0.084011461715, 0.12455093086],
      [0.041375269542, 0.0049477837392, 0.0029811759042, 0.94363317458, 0.0070625962344],
      [0.045812744249, 0.035466137701, 0.13495406228, 0.19571261215, 0.58805444362]
    ],
    [
      ["NaN", "NaN", "NaN", "NaN", "NaN"],
      [0, 0.75684379553, 0.15270704397, 0.084636167376, 0.0058129931276],
      [0, 0.057763618252, 0.76482893837, 0.0087512066981, 0.16865623668],
      [0, 0.029112327929, 0.046813876968, 0.90018278021, 0.023891014891],
      [0, 0.055387539927, 0.087035669162, 0.058964695742, 0.79861209517]
    ],
    [
      [0.41817040927, 0.017127786087, 0, 0.56470180464, 0],
      ["NaN", "NaN", "NaN", "NaN", "NaN"],
      [0.098910268726, 0.51887515617, 0.33124362937, 0.050970945736, 0],
      [0.040728397793, 0.060892392201, 0.00089558741302, 0.89748362259, 0],
      ["NaN", "NaN", "NaN", "NaN", "NaN"]
    ],
    [
      [0.13764234594, 0.0047400988154, 0.00036641664979, 0.85718423596, 6.690263498e-05],
      [0.0045654722517, 0.70616669187, 0.1064888145, 0.18115653123, 0.0016224901523],
      [0.046956018911, 0.10710708716, 0.61970264076, 0.1397413049, 0.086492948269],
      [0.012299050015, 0.0040643600555, 0.00085852101766, 0.98202853106, 0.00074953784672],
      [0.032263977005, 0.084086280184, 0.12610656255, 0.30266498101, 0.45487819925]
    ],
    [
      [0.12268478336, 0.0047215475267, 0, 0.87259366911, 0],
      [0.0019449886316, 0.6178637457, 0.14359474957, 0.23447222697, 0.0021242891287],
      [0.0063892326936, 0.072685169594, 0.7911348567, 0.073406915867, 0.056383825149],
      [0.019133401536, 0.013042907024, 0, 0.96729932375, 0.00052436769022],
      [0.019002448503, 0.097180226762, 0.2325137262, 0.23075676201, 0.42054683653]
    ],
    [
      [0.17879571354, 0.0034604668286, 0.0012147863449, 0.81631861454, 0.00021041874309],
      [0.0044926749965, 0.59697652072, 0.2016215412, 0.19396943968, 0.0029398234022],
      [0.0089919000751, 0.042963087952, 0.81044089954, 0.063664990077, 0.073939122358],
      [0.031624984505, 0.0098497549131, 0.0053434128817, 0.95006087112, 0.0031209765835],
      [0.027878295916, 0.060446931104, 0.21959419691, 0.19786925088, 0.49421132519]
    ],
    [
      [0.24344346318, 0.0047432802752, 0.00062086852712, 0.75040713273, 0.0007852552811],
      [0.0057050197926, 0.69020548548, 0.16790961248, 0.13332815871, 0.0028517235358],
      [0.013939054338, 0.060676580054, 0.76093086672, 0.061712948799, 0.10274055009],
      [0.046278173125, 0.01463631284, 0.003386744795, 0.92928853234, 0.0064102368958],
      [0.035113618649, 0.068792094772, 0.17274625059, 0.16618500249, 0.5571630335]
    ],
    [
      [0.35428583762, 0, 0.071585516254, 0.57339994502, 0.00072870110684],
      [0.014952736805, 0, 0.71493629617, 0.2656669864, 0.004443980619],
      [0.004937608321, 0, 0.94485949089, 0, 0.050202900784],
      [0.056904211107, 0, 0.12543745726, 0.81420915781, 0.0034491738248],
      [0.04035804445, 0, 0.31205543539, 0.12719760657, 0.52038891359]
    ]
  ],
  "expected_outcome": [
    [
      [66.0407315561, 13.3446717403, 1.3249926244, 3.2461115441, 35.7008716936, 0, 5.9264750261, 0, 0, 0.98296964529, 0.92004675156, 0, 3.4866191499, 53.7184024567, 1.4685920587, 9.6900744095, 0.26319791639, 32.7421987373, 5.5279904054, 0.74952510812, 0.5761385368, 2.7837722979, 20.6229863566, 0.91618066906, 29.075719775, 6.4972117152, 5.9093944796, 8.9241679258, 3.0092480317, 20.460233213, 1.6789020875, 9.4861219465, 3.285532762, 17.1703599332, 20.2450916252, 2.1182986711, 10.7329467029, 14.0967071783, 0, 13.8163601576, 4.3181986652, 7.5769778749, 2.5835763852, 0, 8.4859960899, 0.83721168323, 5.9211426202, 7.0688860934, 1.430881703, 0.55847267123, 1.5692290388, 8.4724456681, 9.5997425634, 0.39618882685, 3.473284404, 8.5974633223, 1.9603800096, 6.6036735072, 2.5652664804, 1.6701876675, 2.9885298327, 0.69407217217, 3.0828414669, 3.7439677586, 1.0409283604, 0, 0, 0.53250695585, 6.7978546795, 0, 0.41552205619, 5.6228894512, 5.1560063379, 52.5132074258, 51.3213394501, 0.3525069613],
      [1.3792822922, 0.0093543934249, 0.022643815403, 0.029783701605, 0.68073816324, 0, 0.068736088946, 0.0067995735642, 0, 0, 0.028096086776, 0, 0.066244441596, 0.75588598426, 0.015526719551, 0.2580361532, 0.0081544195245, 0.47475188423, 0.023336545227, 0.018591892251, 0.013094229814, 0.025243869648, 0.23262620169, 0.018624746651, 0.34173712413, 0.1823308268, 0.086395818905, 0.070131780181, 0.087662198841, 0.38532761663, 0.020141700432, 0.16031691256, 0.044645249787, 0.34352797574, 0.17442460116, 0.032884777188, 0.170345083, 0.062077571924, 0.015042695135, 0.047599121044, 0.0022549818875, 0.076601896637, 0.1080655739, 0, 0.27487577031, 0.023920019409, 0.041034487457, 0.080566345877, 0.042325185976, 0.026457128568, 0.013948890511, 0.086538105068, 0.057498246286, 0.0078480982552, 0.0063742556061, 0.0052768783413, 0.028151514399, 0.017150267161, 0.012843039615, 0.079606421154, 0.023855996704, 0.0086564606259, 0.017021886965, 0.078426240155, 0, 0, 0, 0.02592444915, 0.053419976293, 0, 0.016061877169, 0.18257961961, 0.18371054127, 0.96097734204, 0.94587339636, 0],
      [0.011938544544, 0.42368081757, 0, 0, 0.77159512668, 0, 0.30418993648, 0.22937082787, 0, 0.023374132205, 0.032175215592, 0, 0, 0.33173374112, 0, 0.17830396954, 0.00060390396005, 0.15208548776, 0.083558376285, 0.00038214800683, 0.0011205386957, 0.013597697801, 0.017540260485, 0.01050143639, 0.009226572252, 0.18044038849, 0.078024872331, 0, 0.54668219889, 0.17532041161, 0, 0.036294994073, 0, 0, 0.080183827357, 0.36344167151, 0.005551171786, 0, 0.0043180764094, 0.10582074063, 0.0070082946764, 0.10634036296, 0.023674399963, 0, 0.032732482302, 0.030652330587, 0, 0.037271831681, 0.0048410991075, 0.0038218160335, 0.015248047082, 0, 0, 0, 0, 0, 0.0061273647778, 0, 0, 0.023885250497, 0.021590619937, 0.0020417364852, 0, 0.12140342503, 0, 0.0013448517529, 0, 0.076763700157, 0.062626753482, 0, 0, 0.016128721459, 0, 0.33086258049, 0.12136194312, 0.07585205355],
      [308.5591331487, 41.1041061806, 7.6523635602, 3.722856504, 190.8183062945, 0, 32.6304880607, 1.7638295986, 0, 0.9936562225, 3.0196819461, 0, 13.4365547919, 263.0630965408, 5.5151949736, 80.8291734459, 2.7274840546, 216.6221752491, 14.3562885755, 3.2305653786, 4.4081739307, 10.1753385465, 70.1268471812, 6.0546931479, 99.5532472449, 23.0963926364, 17.9096614516, 19.9973062439, 15.3273282321, 136.9654384827, 6.300956212, 38.3114438065, 22.6697917486, 76.4861120911, 51.4898296242, 13.4838722518, 38.0897170436, 53.8395842785, 0.97900879406, 42.0226359142, 23.6437861376, 36.2233448064, 17.2668909902, 0, 51.201743613, 4.1072088373, 21.0378228924, 23.8067238358, 8.5162682438, 11.3909195901, 9.3974388118, 39.4410162268, 33.338977822, 8.5852620267, 4.5203413404, 33.3972597993, 8.9982972533, 15.3791762257, 9.42189048, 16.2122049775, 12.9660235507, 1.2942224151, 4.8994797597, 13.0279736652, 3.9590716396, 1.7951428674, 1, 1.3646103938, 22.0482149207, 0, 0.56841606665, 35.1754573253, 36.6602831208, 240.1376424188, 158.4579303841, 0.57086417438],
