{
  "X": [
    [0, 2, 11, 1],
    [0, 3, 3, 0],
    [0, 5, 3, 0],
    [0, 9, 3, 0],
    [0, 6, 10, 0],
    [0, 16, 26, 0],
    [0, 25, 57, 3],
    [0, 2, 4, 0],
    [0, 6, 13, 0],
    [0, 4, 7, 1],
    [0, 5, 9, 2],
    [0, 4, 4, 0],
    [0, 6, 6, 2],
    [0, 2, 5, 0],
    [0, 12, 11, 0],
    [2, 16, 22, 3],
    [13, 387, 528, 23],
    [5, 50, 49, 4],
    [0, 11, 14, 0],
    [0, 4, 12, 1],
    [0, 4, 7, 0],
    [0, 7, 7, 1],
    [0, 1, 3, 2],
    [0, 50, 26, 2],
    [0, 18, 7, 0],
    [0, 7, 14, 0],
    [0, 6, 3, 1],
    [2, 12, 16, 0],
    [0, 2, 3, 1],
    [0, 9, 6, 0],
    [3, 24, 23, 7],
    [2, 47, 64, 9],
    [2, 10, 13, 0],
    [8, 80, 77, 9],
    [0, 5, 4, 4],
    [0, 2, 8, 3],
    [2, 56, 66, 6],
    [4, 31, 38, 7],
    [6, 77, 43, 8],
    [5, 27, 11, 1],
    [1, 12, 16, 1],
    [2, 7, 7, 0],
    [0, 21, 26, 1],
    [5, 32, 38, 3],
    [1, 25, 21, 2],
    [0, 16, 2, 0],
    [1, 5, 6, 1],
    [1, 14, 18, 1],
    [5, 80, 82, 7],
    [5, 118, 114, 17],
    [1, 13, 11, 1],
    [2, 34, 33, 6],
    [1, 5, 6, 1],
    [0, 5, 2, 0],
    [0, 4, 5, 1],
    [0, 2, 9, 0],
    [0, 25, 20, 5],
    [1, 28, 41, 4],
    [1, 26, 16, 9],
    [0, 3, 5, 1],
    [0, 6, 19, 0],
    [3, 36, 54, 5],
    [0, 9, 8, 2],
    [0, 3, 6, 0],
    [0, 8, 9, 1],
    [0, 19, 28, 2],
    [0, 9, 9, 1],
    [1, 13, 6, 0],
    [1, 2, 9, 0],
    [0, 1, 6, 0],
    [4, 152, 218, 21],
    [0, 8, 5, 0],
    [1, 99, 43, 1],
    [5, 111, 78, 10],
    [3, 33, 30, 1],
    [0, 9, 2, 0],
    [8, 127, 188, 23],
    [0, 1, 6, 0],
    [2, 28, 55, 7],
    [2, 47, 52, 3],
    [0, 12, 11, 3],
    [0, 1, 4, 1],
    [8, 126, 138, 17],
    [0, 3, 10, 2],
    [0, 8, 6, 0],
    [0, 8, 8, 2],
    [0, 16, 15, 5],
    [0, 12, 17, 3],
    [2, 7, 14, 0],
    [2, 90, 90, 10],
    [0, 10, 12, 1],
    [1, 17, 22, 2],
    [1, 8, 10, 1],
    [1, 22, 53, 5],
    [1, 36, 69, 7],
    [0, 3, 7, 3],
    [0, 6, 16, 1],
    [0, 6, 12, 1],
    [0, 3, 2, 1],
    [9, 186, 198, 10],
    [0, 3, 7, 1],
    [0, 7, 10, 1],
    [1, 18, 15, 1],
    [1, 11, 16, 3],
    [1, 8, 12, 5],
    [0, 2, 7, 2],
    [1, 40, 34, 4],
    [0, 3, 6, 0],
    [2, 10, 21, 3],
    [0, 4, 7, 0],
    [23, 124, 153, 19],
    [1, 10, 12, 0],
    [1, 3, 13, 1],
    [0, 11, 13, 0],
    [0, 2, 4, 0],
    [0, 7, 11, 1],
    [0, 16, 10, 3],
    [1, 73, 129, 18],
    [4, 65, 54, 8],
    [0, 15, 3, 2],
    [1, 39, 20, 6],
    [3, 58, 46, 4],
    [1, 12, 12, 2],
    [0, 21, 53, 3],
    [0, 4, 7, 0],
    [2, 33, 50, 4],
    [7, 44, 113, 11],
    [10, 155, 153, 21],
    [0, 11, 7, 0],
    [2, 7, 20, 2],
    [0, 5, 1, 0],
    [0, 5, 4, 0],
    [1, 2, 6, 1],
    [0, 10, 22, 3],
    [0, 9, 22, 3],
    [0, 0, 7, 0],
    [0, 8, 12, 0],
    [2, 50, 83, 9],
    [1, 11, 10, 2],
    [1, 28, 32, 5],
    [1, 4, 7, 0],
    [4, 16, 30, 7],
    [0, 26, 45, 6],
    [0, 3, 4, 0],
    [8, 65, 121, 18],
    [2, 3, 8, 1],
    [0, 5, 9, 2],
    [5, 249, 356, 39],
    [1, 9, 4, 0],
    [0, 30, 28, 3],
    [0, 5, 2, 0],
    [0, 38, 22, 1],
    [0, 7, 13, 0],
    [2, 10, 22, 4],
    [0, 4, 7, 0],
    [3, 50, 58, 3],
    [8, 73, 127, 25],
    [0, 10, 11, 0],
    [9, 236, 138, 28],
    [0, 7, 2, 1],
    [0, 10, 11, 1],
    [3, 75, 42, 5],
    [0, 34, 36, 2],
    [4, 49, 61, 12],
    [3, 6, 7, 2],
    [6, 43, 65, 12],
    [0, 10, 6, 0],
    [0, 7, 7, 3],
    [0, 4, 6, 3],
    [0, 8, 11, 1],
    [1, 65, 16, 0],
    [4, 17, 29, 8],
    [1, 51, 22, 1],
    [3, 113, 155, 18],
    [3, 121, 146, 12],
    [0, 5, 7, 1],
    [15, 114, 143, 23],
    [0, 4, 9, 0],
    [1, 14, 11, 3],
    [0, 3, 3, 1],
    [1, 14, 10, 2],
    [2, 18, 12, 0],
    [0, 16, 29, 2],
    [0, 2, 8, 1],
    [0, 2, 6, 1],
    [0, 21, 20, 2],
    [1, 12, 13, 1],
    [0, 3, 4, 0],
    [2, 9, 6, 0],
    [1, 6, 7, 0],
    [0, 5, 6, 1],
    [0, 8, 10, 1],
    [0, 4, 4, 2],
    [0, 3, 9, 2],
    [0, 31, 27, 0],
    [1, 24, 23, 2],
    [0, 13, 22, 4],
    [2, 6, 7, 3],
    [0, 4, 6, 3],
    [0, 12, 9, 0],
    [1, 7, 4, 0],
    [0, 15, 18, 1],
    [0, 32, 29, 2],
    [2, 13, 24, 2],
    [4, 15, 20, 0],
    [0, 12, 16, 0],
    [0, 14, 13, 0],
    [2, 3, 20, 1],
    [0, 13, 9, 1],
    [0, 3, 7, 0],
    [1, 6, 4, 1],
    [0, 3, 3, 1],
    [0, 8, 4, 0],
    [1, 19, 17, 2],
    [0, 17, 13, 2],
    [1, 6, 7, 1],
    [0, 17, 12, 4],
    [0, 9, 11, 0],
    [3, 0, 1, 2],
    [0, 4, 1, 1],
    [0, 5, 3, 1],
    [2, 8, 27, 3],
    [2, 8, 9, 0],
    [0, 10, 8, 2],
    [0, 3, 3, 0],
    [1, 11, 14, 1],
    [0, 13, 7, 1],
    [0, 6, 6, 1],
    [1, 19, 11, 1],
    [1, 8, 4, 2],
    [1, 8, 6, 0],
    [1, 9, 3, 1],
    [2, 3, 3, 2],
    [0, 7, 7, 1],
    [2, 7, 10, 0],
    [5, 25, 21, 4],
    [1, 13, 15, 1],
    [0, 5, 4, 1],
    [0, 9, 8, 2],
    [0, 3, 5, 1],
    [3, 7, 6, 1],
    [2, 22, 17, 5],
    [1, 12, 13, 3],
    [2, 34, 23, 3],
    [2, 27, 35, 3],
    [0, 4, 5, 0],
    [3, 10, 9, 1],
    [0, 12, 7, 0],
    [3, 15, 24, 5],
    [0, 5, 3, 0],
    [0, 4, 4, 0],
    [0, 6, 5, 0],
    [0, 5, 2, 0],
    [0, 7, 9, 0],
    [2, 16, 21, 4],
    [0, 6, 1, 0],
    [2, 5, 5, 0],
    [0, 8, 10, 1],
    [0, 28, 26, 7],
    [0, 3, 8, 1],
    [4, 21, 31, 1],
    [0, 11, 14, 1],
    [1, 15, 21, 2],
    [0, 15, 18, 2],
    [0, 10, 4, 0],
    [0, 4, 3, 2],
    [1, 30, 13, 2],
    [0, 38, 23, 3],
    [2, 15, 9, 3],
    [2, 20, 17, 0],
    [0, 6, 12, 3],
    [0, 9, 6, 3],
    [0, 5, 3, 1],
    [0, 4, 7, 0],
    [0, 5, 6, 0],
    [0, 3, 5, 0],
    [0, 5, 6, 1],
    [2, 3, 2, 1],
    [1, 7, 0, 3],
    [1, 4, 4, 0],
    [1, 4, 6, 1],
    [1, 7, 5, 1],
    [0, 2, 7, 0],
    [1, 31, 34, 2],
    [2, 6, 11, 3],
    [0, 7, 14, 2],
    [0, 4, 4, 0],
    [0, 4, 2, 2],
    [0, 8, 9, 0],
    [1, 10, 10, 1],
    [0, 25, 17, 2],
    [1, 8, 21, 0],
    [5, 8, 22, 2],
    [0, 18, 11, 5],
    [1, 11, 5, 1],
    [1, 2, 6, 0],
    [2, 19, 26, 2],
    [0, 27, 26, 5],
    [1, 7, 8, 3],
    [0, 14, 22, 1],
    [0, 12, 10, 0],
    [0, 10, 3, 0],
    [0, 6, 1, 2],
    [0, 8, 17, 1],
    [2, 8, 11, 1],
    [0, 1, 5, 0],
    [0, 9, 11, 2],
    [1, 2, 7, 1],
    [0, 7, 2, 0],
    [2, 7, 7, 0],
    [1, 18, 13, 2],
    [1, 10, 5, 0],
    [1, 9, 15, 0],
    [1, 11, 15, 1],
    [1, 23, 27, 3],
    [0, 13, 10, 0],
    [1, 7, 6, 2],
    [0, 8, 4, 0],
    [0, 8, 4, 1],
    [1, 7, 14, 2],
    [1, 13, 13, 6],
    [1, 2, 6, 1],
    [2, 6, 8, 1],
    [4, 24, 32, 6],
    [1, 14, 11, 1],
    [0, 23, 10, 4],
    [0, 16, 11, 0],
    [1, 25, 15, 0],
    [0, 6, 7, 1],
    [0, 4, 3, 0],
    [0, 3, 8, 1],
    [0, 6, 10, 2],
    [1, 1, 4, 2],
    [0, 11, 8, 2],
    [1, 8, 5, 0],
    [0, 2, 12, 1],
    [0, 13, 8, 1],
    [1, 2, 7, 1],
    [1, 8, 10, 3],
    [2, 3, 4, 0],
    [0, 3, 2, 1],
    [0, 3, 3, 0],
    [3, 13, 9, 1],
    [0, 6, 3, 2],
    [0, 8, 1, 1],
    [0, 2, 3, 1],
    [0, 3, 4, 2],
    [0, 6, 9, 1],
    [6, 35, 30, 8],
    [0, 25, 44, 2],
    [1, 6, 10, 0],
    [1, 11, 15, 1],
    [4, 14, 27, 4],
    [0, 7, 5, 0],
    [4, 20, 24, 3],
    [0, 5, 6, 1],
    [0, 4, 3, 2],
    [1, 9, 6, 1],
    [4, 22, 13, 1],
    [1, 7, 7, 2],
    [6, 9, 15, 3],
    [1, 11, 9, 1],
    [0, 3, 5, 2],
    [0, 1, 10, 0],
    [0, 5, 25, 2],
    [1, 3, 2, 0],
    [0, 12, 8, 1],
    [0, 3, 3, 2],
    [0, 7, 10, 1],
    [0, 7, 3, 1],
    [1, 4, 16, 3],
    [1, 6, 10, 2],
    [0, 2, 4, 0],
    [0, 2, 10, 0],
    [0, 4, 4, 1],
    [0, 4, 1, 3],
    [0, 3, 1, 2],
    [0, 6, 15, 1],
    [0, 4, 7, 1],
    [0, 5, 3, 1],
    [0, 4, 1, 2],
    [0, 12, 15, 2],
    [1, 20, 30, 3],
    [3, 35, 42, 5],
    [1, 14, 13, 5],
    [3, 5, 2, 0],
    [0, 5, 3, 0],
    [0, 23, 14, 1],
    [0, 4, 6, 0],
    [1, 6, 4, 0],
    [10, 55, 76, 13],
    [0, 19, 24, 1],
    [0, 31, 46, 3],
    [7, 22, 36, 5],
    [0, 3, 4, 1],
    [2, 10, 5, 3],
    [0, 9, 13, 2],
    [0, 5, 5, 0],
    [0, 1, 5, 1],
    [3, 21, 27, 7],
    [0, 9, 12, 1],
    [0, 7, 7, 0],
    [2, 11, 19, 3],
    [0, 7, 16, 1],
    [1, 3, 4, 0],
    [0, 12, 35, 1],
    [7, 35, 43, 10],
    [0, 21, 23, 1],
    [1, 16, 23, 1],
    [2, 25, 19, 3],
    [1, 11, 11, 1],
    [2, 3, 6, 0],
    [3, 3, 2, 1],
    [1, 15, 21, 3],
    [0, 2, 6, 3],
    [1, 2, 14, 3],
    [2, 20, 27, 1],
    [1, 11, 18, 4],
    [0, 7, 10, 2],
    [4, 9, 7, 0],
    [2, 16, 19, 5],
    [0, 7, 8, 0],
    [0, 9, 5, 0],
    [0, 13, 9, 2],
    [8, 43, 23, 4],
    [0, 13, 3, 5],
    [1, 7, 8, 2],
    [0, 15, 11, 1],
    [1, 8, 6, 1],
    [3, 31, 21, 6],
    [1, 27, 12, 0],
    [1, 22, 13, 0],
    [0, 17, 12, 0],
    [0, 12, 5, 0],
    [0, 1, 5, 3],
    [1, 13, 14, 1],
    [0, 7, 5, 0],
    [1, 2, 2, 2],
    [0, 7, 8, 3],
    [1, 9, 11, 4],
    [1, 28, 23, 3],
    [0, 6, 3, 0],
    [1, 5, 4, 1],
    [0, 13, 14, 3],
    [0, 4, 5, 1],
    [0, 4, 2, 0],
    [0, 11, 14, 3],
    [1, 15, 11, 2],
    [1, 5, 18, 2],
    [0, 10, 3, 0],
    [1, 6, 11, 1],
    [4, 22, 22, 1],
    [0, 18, 18, 6],
    [0, 4, 8, 0],
    [0, 26, 23, 7],
    [0, 3, 6, 0],
    [1, 2, 10, 1],
    [29, 202, 168, 21],
    [107, 1361, 1387, 208],
    [104, 1059, 983, 190],
    [10, 137, 138, 32]
  ],
  "W": [
    [0, 8, 1, 1, 4],
    [0, 6, 0, 0, 0],
    [1, 5, 1, 0, 1],
    [1, 7, 3, 0, 1],
    [0, 12, 4, 0, 0],
    [0, 30, 9, 2, 1],
    [6, 65, 4, 4, 6],
    [0, 5, 0, 0, 1],
    [0, 16, 0, 1, 2],
    [2, 6, 3, 0, 1],
    [6, 9, 0, 0, 1],
    [3, 2, 1, 0, 2],
    [4, 8, 0, 0, 2],
    [0, 5, 0, 1, 1],
    [4, 14, 2, 1, 2],
    [4, 28, 3, 2, 6],
    [93, 608, 131, 31, 88],
    [10, 73, 16, 3, 6],
    [2, 19, 3, 0, 1],
    [0, 14, 1, 2, 0],
    [1, 9, 0, 0, 1],
    [2, 8, 2, 0, 3],
    [1, 2, 0, 1, 2],
    [3, 54, 16, 3, 2],
    [2, 12, 8, 2, 1],
    [5, 9, 2, 3, 2],
    [0, 4, 4, 2, 0],
    [3, 20, 3, 1, 3],
    [1, 3, 0, 1, 1],
    [1, 11, 2, 0, 1],
    [0, 42, 3, 2, 10],
    [7, 80, 14, 3, 18],
    [1, 18, 1, 2, 3],
    [15, 89, 32, 5, 33],
    [0, 10, 0, 0, 3],
    [0, 8, 1, 0, 4],
    [12, 82, 13, 5, 18],
    [1, 53, 12, 1, 13],
    [16, 62, 24, 3, 29],
    [4, 23, 7, 2, 8],
    [1, 18, 7, 0, 4],
    [2, 8, 2, 0, 4],
    [1, 37, 5, 0, 5],
    [7, 46, 12, 1, 12],
    [4, 30, 6, 2, 7],
    [2, 9, 5, 0, 2],
    [0, 7, 1, 0, 5],
    [3, 23, 3, 0, 5],
    [6, 110, 28, 5, 25],
    [12, 168, 38, 6, 30],
    [1, 17, 6, 0, 2],
    [5, 48, 11, 0, 11],
    [4, 7, 0, 0, 2],
    [1, 5, 1, 0, 0],
    [1, 4, 3, 0, 2],
    [0, 11, 0, 0, 0],
    [4, 33, 6, 1, 6],
    [1, 51, 10, 4, 8],
    [3, 26, 7, 3, 13],
    [0, 8, 0, 0, 1],
    [2, 19, 0, 2, 2],
    [6, 62, 14, 7, 9],
    [2, 10, 4, 0, 3],
    [0, 7, 2, 0, 0],
    [1, 10, 4, 1, 2],
    [1, 33, 10, 3, 2],
    [1, 13, 2, 1, 2],
    [1, 13, 4, 0, 2],
    [0, 10, 0, 1, 1],
    [0, 7, 0, 0, 0],
    [28, 260, 48, 17, 42],
    [2, 6, 2, 2, 1],
    [30, 63, 45, 1, 5],
    [17, 105, 44, 7, 31],
    [4, 43, 15, 0, 5],
    [0, 8, 2, 0, 1],
    [26, 228, 44, 8, 40],
    [0, 6, 0, 0, 1],
    [16, 52, 8, 3, 13],
    [11, 57, 20, 1, 15],
    [5, 15, 2, 2, 2],
    [0, 4, 0, 0, 2],
    [17, 191, 43, 10, 28],
    [0, 12, 1, 0, 2],
    [4, 6, 3, 1, 0],
    [0, 12, 3, 1, 2],
    [6, 21, 3, 0, 6],
    [4, 18, 4, 1, 5],
    [0, 19, 1, 0, 3],
    [23, 118, 22, 6, 23],
    [4, 17, 1, 1, 0],
    [2, 29, 4, 2, 5],
    [1, 13, 1, 0, 5],
    [6, 60, 10, 1, 4],
    [8, 81, 9, 1, 14],
    [0, 4, 0, 1, 8],
    [0, 20, 0, 0, 3],
    [1, 12, 1, 4, 1],
    [1, 2, 0, 2, 1],
    [52, 231, 60, 11, 49],
    [1, 8, 2, 0, 0],
    [1, 15, 1, 0, 1],
    [0, 24, 7, 1, 3],
    [3, 20, 2, 0, 6],
    [1, 14, 5, 1, 5],
    [3, 5, 1, 1, 1],
    [9, 49, 10, 2, 9],
    [0, 7, 2, 0, 0],
    [4, 22, 1, 1, 8],
    [0, 6, 0, 2, 3],
    [21, 184, 43, 19, 52],
    [2, 16, 1, 3, 1],
    [1, 11, 2, 1, 3],
    [0, 14, 6, 0, 4],
    [0, 6, 0, 0, 0],
    [2, 13, 1, 0, 3],
    [1, 23, 4, 0, 1],
    [8, 161, 23, 6, 23],
    [7, 64, 39, 7, 14],
    [0, 11, 6, 2, 1],
    [23, 18, 13, 0, 12],
    [14, 60, 17, 2, 18],
    [1, 16, 6, 0, 4],
    [1, 64, 7, 2, 3],
    [1, 9, 0, 1, 0],
    [8, 63, 11, 1, 6],
    [5, 115, 27, 6, 22],
    [10, 225, 54, 14, 36],
    [2, 11, 3, 1, 1],
    [0, 20, 4, 1, 6],
    [0, 6, 0, 0, 0],
    [0, 7, 1, 0, 1],
    [1, 5, 1, 1, 2],
    [0, 28, 3, 1, 3],
    [1, 21, 5, 0, 7],
    [0, 6, 0, 0, 1],
    [0, 16, 2, 2, 0],
    [5, 107, 14, 5, 13],
    [1, 16, 2, 0, 5],
    [4, 39, 7, 8, 8],
    [0, 9, 3, 0, 0],
    [5, 38, 7, 2, 5],
    [0, 60, 4, 1, 12],
    [0, 6, 0, 0, 1],
    [10, 150, 19, 13, 20],
    [3, 7, 1, 1, 2],
    [0, 10, 4, 0, 2],
    [19, 451, 102, 18, 59],
    [2, 7, 0, 3, 2],
    [11, 31, 8, 3, 8],
    [1, 4, 2, 0, 0],
    [9, 33, 8, 3, 8],
    [1, 15, 4, 0, 0],
    [3, 24, 7, 0, 4],
    [0, 6, 3, 1, 1],
    [3, 82, 16, 3, 10],
    [7, 153, 32, 8, 33],
    [0, 16, 5, 0, 0],
    [22, 225, 108, 11, 45],
    [0, 4, 4, 1, 1],
    [0, 13, 6, 1, 2],
    [3, 81, 25, 7, 9],
    [9, 44, 17, 0, 2],
    [6, 85, 6, 7, 22],
    [1, 8, 4, 0, 5],
    [7, 78, 26, 3, 12],
    [0, 9, 4, 1, 2],
    [3, 7, 4, 0, 3],
    [1, 8, 2, 0, 2],
    [1, 13, 2, 0, 4],
    [8, 33, 35, 1, 5],
    [4, 34, 5, 3, 12],
    [1, 28, 34, 5, 7],
    [11, 184, 61, 6, 27],
    [21, 170, 58, 9, 24],
    [1, 8, 2, 0, 2],
    [13, 181, 56, 13, 32],
    [0, 13, 0, 0, 0],
    [0, 17, 8, 0, 4],
    [0, 4, 1, 0, 2],
    [4, 15, 3, 2, 3],
    [4, 16, 5, 3, 4],
    [1, 41, 2, 0, 3],
    [0, 10, 1, 0, 0],
    [0, 7, 0, 1, 1],
    [4, 33, 2, 1, 3],
    [2, 11, 4, 2, 8],
    [0, 7, 0, 0, 0],
    [4, 9, 2, 1, 1],
    [4, 5, 0, 2, 3],
    [2, 6, 1, 0, 3],
    [1, 12, 2, 0, 4],
    [1, 5, 1, 1, 2],
    [3, 7, 1, 0, 3],
    [4, 36, 11, 1, 6],
    [6, 30, 7, 2, 5],
    [1, 28, 2, 3, 5],
    [1, 9, 3, 0, 5],
    [4, 2, 0, 1, 6],
    [2, 13, 0, 2, 4],
    [2, 6, 1, 0, 3],
    [0, 20, 4, 6, 4],
    [5, 43, 5, 5, 5],
    [2, 27, 5, 1, 6],
    [4, 23, 4, 1, 7],
    [3, 24, 0, 0, 1],
    [1, 19, 4, 0, 3],
    [1, 18, 2, 2, 3],
    [1, 14, 5, 3, 0],
    [0, 6, 0, 2, 2],
    [2, 5, 1, 0, 4],
    [1, 3, 1, 1, 1],
    [0, 6, 0, 1, 5],
    [1, 26, 3, 3, 6],
    [1, 21, 5, 1, 4],
    [1, 7, 4, 0, 3],
    [3, 16, 5, 1, 8],
    [1, 15, 1, 2, 1],
    [0, 1, 1, 0, 4],
    [0, 2, 2, 0, 2],
    [0, 8, 0, 0, 1],
    [0, 27, 7, 1, 5],
    [0, 10, 5, 1, 3],
    [0, 13, 6, 1, 0],
    [1, 4, 0, 0, 1],
    [1, 17, 3, 1, 5],
    [1, 14, 3, 2, 1],
    [0, 8, 1, 0, 4],
    [2, 20, 4, 0, 6],
    [1, 9, 2, 0, 3],
    [1, 10, 0, 0, 4],
    [2, 6, 2, 0, 4],
    [0, 4, 0, 4, 2],
    [0, 8, 3, 1, 3],
    [0, 12, 2, 1, 4],
    [0, 36, 7, 1, 11],
    [1, 19, 3, 1, 6],
    [2, 4, 0, 1, 3],
    [0, 15, 1, 0, 3],
    [2, 5, 0, 2, 0],
    [1, 8, 1, 2, 5],
    [1, 34, 1, 1, 9],
    [2, 21, 5, 0, 1],
    [4, 39, 12, 3, 4],
    [2, 45, 8, 4, 8],
    [0, 6, 3, 0, 0],
    [0, 15, 2, 1, 5],
    [1, 8, 4, 0, 6],
    [3, 21, 9, 1, 13],
    [0, 6, 1, 0, 1],
    [0, 4, 2, 2, 0],
    [0, 5, 2, 0, 4],
    [0, 3, 0, 1, 3],
    [2, 12, 0, 0, 2],
    [3, 26, 7, 2, 5],
    [0, 5, 0, 1, 1],
    [0, 5, 3, 0, 4],
    [0, 13, 3, 2, 1],
    [0, 29, 12, 4, 16],
    [0, 11, 1, 0, 0],
    [1, 35, 11, 2, 8],
    [0, 19, 3, 2, 2],
    [3, 26, 5, 0, 5],
    [1, 26, 7, 0, 1],
    [2, 7, 1, 2, 2],
    [0, 3, 3, 0, 3],
    [6, 21, 8, 2, 9],
    [7, 33, 16, 2, 6],
    [3, 8, 6, 2, 10],
    [6, 21, 6, 3, 3],
    [4, 13, 1, 0, 3],
    [2, 11, 3, 0, 2],
    [1, 3, 1, 1, 3],
    [1, 6, 0, 2, 2],
    [1, 8, 0, 1, 1],
    [0, 6, 1, 0, 1],
    [1, 8, 1, 0, 2],
    [0, 4, 0, 2, 2],
    [2, 4, 2, 1, 2],
    [2, 5, 0, 0, 2],
    [4, 5, 1, 0, 2],
    [1, 9, 2, 1, 1],
    [1, 5, 0, 1, 2],
    [1, 46, 13, 4, 4],
    [0, 11, 3, 1, 7],
    [2, 15, 3, 0, 3],
    [1, 7, 0, 0, 0],
    [0, 5, 1, 1, 1],
    [2, 9, 4, 0, 2],
    [0, 15, 3, 1, 3],
    [11, 24, 3, 2, 4],
    [0, 24, 3, 2, 1],
    [3, 22, 2, 2, 8],
    [3, 22, 1, 0, 8],
    [2, 9, 2, 1, 4],
    [1, 7, 1, 0, 0],
    [6, 33, 7, 1, 2],
    [6, 36, 7, 3, 6],
    [0, 12, 4, 0, 3],
    [2, 28, 4, 1, 2],
    [3, 13, 4, 0, 2],
    [1, 7, 4, 0, 1],
    [1, 3, 1, 1, 3],
    [0, 20, 3, 0, 3],
    [0, 15, 2, 1, 4],
    [0, 6, 0, 0, 0],
    [4, 13, 1, 0, 4],
    [0, 6, 2, 2, 1],
    [0, 8, 0, 0, 1],
    [1, 10, 2, 0, 3],
    [1, 16, 8, 3, 6],
    [1, 7, 6, 1, 1],
    [0, 17, 5, 0, 3],
    [4, 20, 1, 0, 3],
    [4, 37, 4, 1, 8],
    [2, 14, 3, 3, 1],
    [3, 11, 0, 0, 2],
    [3, 7, 1, 1, 0],
    [0, 9, 4, 0, 0],
    [2, 15, 3, 2, 2],
    [3, 16, 2, 5, 7],
    [0, 3, 3, 1, 3],
    [0, 10, 3, 1, 3],
    [4, 39, 7, 2, 14],
    [4, 18, 2, 0, 3],
    [3, 21, 2, 4, 7],
    [3, 14, 6, 1, 3],
    [1, 28, 7, 4, 1],
    [2, 8, 1, 1, 2],
    [0, 4, 3, 0, 0],
    [2, 7, 2, 0, 1],
    [0, 12, 1, 2, 3],
    [0, 3, 2, 0, 3],
    [0, 11, 4, 1, 5],
    [1, 7, 5, 0, 1],
    [0, 9, 2, 3, 1],
    [1, 15, 4, 0, 2],
    [2, 7, 0, 0, 2],
    [2, 13, 4, 1, 2],
    [1, 4, 2, 0, 2],
    [0, 1, 3, 0, 2],
    [1, 4, 0, 0, 1],
    [0, 9, 9, 3, 5],
    [3, 3, 4, 1, 0],
    [2, 1, 4, 0, 3],
    [1, 3, 0, 0, 2],
    [0, 7, 0, 0, 2],
    [3, 9, 1, 0, 3],
    [1, 43, 19, 3, 13],
    [4, 56, 9, 1, 1],
    [1, 12, 1, 1, 2],
    [2, 22, 1, 0, 3],
    [3, 30, 6, 2, 8],
    [3, 3, 3, 1, 2],
    [0, 24, 7, 4, 16],
    [1, 7, 1, 1, 2],
    [1, 5, 1, 0, 2],
    [0, 7, 7, 1, 2],
    [2, 24, 7, 2, 5],
    [0, 7, 3, 3, 4],
    [4, 13, 3, 1, 12],
    [0, 16, 5, 0, 1],
    [0, 5, 2, 1, 2],
    [1, 9, 1, 0, 0],
    [2, 24, 2, 2, 2],
    [1, 2, 2, 0, 1],
    [0, 13, 3, 1, 4],
    [0, 4, 0, 0, 4],
    [1, 16, 0, 1, 0],
    [0, 8, 2, 0, 1],
    [1, 17, 1, 1, 4],
    [1, 10, 3, 2, 3],
    [0, 4, 1, 0, 1],
    [0, 10, 0, 1, 1],
    [0, 6, 0, 0, 3],
    [0, 4, 2, 0, 2],
    [0, 5, 1, 0, 0],
    [1, 17, 3, 0, 1],
    [0, 10, 1, 1, 0],
    [0, 3, 2, 2, 2],
    [0, 3, 3, 0, 1],
    [0, 23, 1, 1, 4],
    [1, 38, 5, 3, 7],
    [5, 49, 12, 6, 13],
    [1, 18, 3, 2, 9],
    [1, 4, 1, 1, 3],
    [0, 3, 3, 1, 1],
    [1, 24, 11, 0, 2],
    [0, 5, 3, 1, 1],
    [1, 5, 1, 1, 3],
    [1, 103, 20, 5, 25],
    [3, 34, 5, 2, 0],
    [1, 53, 16, 2, 8],
    [3, 41, 12, 3, 11],
    [1, 5, 0, 0, 2],
    [0, 10, 3, 0, 7],
    [3, 15, 2, 1, 3],
    [1, 6, 3, 0, 0],
    [0, 2, 3, 1, 1],
    [0, 38, 14, 0, 6],
    [2, 14, 3, 0, 3],
    [1, 10, 2, 1, 0],
    [3, 23, 3, 2, 4],
    [0, 21, 1, 0, 2],
    [0, 2, 2, 2, 2],
    [3, 36, 2, 5, 2],
    [4, 57, 16, 5, 13],
    [1, 35, 2, 3, 4],
    [4, 29, 5, 1, 2],
    [1, 34, 6, 0, 8],
    [2, 18, 2, 1, 1],
    [0, 9, 1, 0, 1],
    [0, 3, 2, 0, 4],
    [5, 22, 7, 3, 3],
    [1, 4, 2, 1, 3],
    [1, 14, 0, 0, 5],
    [2, 32, 7, 4, 5],
    [2, 17, 8, 1, 6],
    [1, 9, 2, 3, 4],
    [0, 11, 3, 2, 4],
    [2, 27, 8, 2, 3],
    [1, 12, 1, 0, 1],
    [1, 8, 4, 0, 1],
    [1, 14, 5, 0, 4],
    [4, 43, 17, 2, 12],
    [1, 13, 6, 0, 1],
    [0, 12, 1, 1, 4],
    [2, 15, 5, 1, 4],
    [0, 12, 0, 4, 0],
    [5, 34, 10, 1, 11],
    [0, 22, 12, 2, 4],
    [1, 23, 5, 2, 5],
    [0, 14, 14, 0, 1],
    [0, 8, 8, 1, 0],
    [0, 4, 0, 0, 5],
    [0, 15, 7, 1, 6],
    [2, 7, 2, 0, 1],
    [0, 5, 0, 0, 2],
    [2, 10, 0, 3, 3],
    [0, 16, 7, 0, 2],
    [2, 31, 18, 2, 2],
    [0, 6, 2, 1, 0],
    [0, 11, 0, 0, 0],
    [2, 17, 4, 3, 4],
    [1, 5, 3, 0, 1],
    [0, 3, 1, 0, 2],
    [0, 16, 7, 1, 4],
    [1, 19, 7, 0, 2],
    [0, 16, 6, 0, 4],
    [1, 3, 9, 0, 0],
    [1, 14, 1, 0, 3],
    [1, 27, 11, 3, 7],
    [3, 20, 9, 1, 9],
    [1, 6, 3, 0, 2],
    [7, 26, 14, 1, 8],
    [0, 8, 0, 0, 1],
    [2, 9, 1, 0, 2],
    [46, 245, 59, 10, 60],
    [235, 1769, 530, 75, 454],
    [152, 1302, 419, 83, 380],
    [24, 178, 28, 15, 72]
  ],
  "method": "mvn_pdf",
  "cond_prob": [
    [
      [0.00010271382028, 0.30370561871, 0.69405792087, 0.0021337466054],
      [0, 0.010577181381, 0.9495010266, 0.039921792017],
      [0, 0.57326688968, 0.40493865138, 0.021794458935],
      [0, 0.16971050881, 0.81613014745, 0.014159343742],
      [0, 0.29310128762, 0.54573074709, 0.1611679653]
    ],
    [
      [7.2653044454e-13, 0.91261309506, 0.087267374816, 0.00011953012022],
      [1.7710489077e-29, 0.5, 0.5, 1.6238715158e-20],
      [2.1097506432e-17, 0.96836774332, 0.031289312044, 0.00034294463278],
      [0.045612283274, 0.69316423394, 0.23350694997, 0.027716532818],
      [0.088592222187, 0.6191695672, 0.092043556816, 0.20019465379]
    ],
    [
      [0, 0.88178909744, 0.11821090256, 0],
      [0, 0.45483281774, 0.54516718226, 0],
      [0, 0.95309212026, 0.046907879742, 0],
      [4.7239620356e-05, 0.78114824739, 0.21622094592, 0.0025835670722],
      [0, 0.8909546936, 0.1090453064, 0]
    ],
    [
      [0, 0.9252265023, 0.074773497699, 0],
      [0, 0.60837688775, 0.39162311225, 0],
      [0, 0.96146266389, 0.038537336106, 0],
      [0.00030453333624, 0.85905907166, 0.13700946801, 0.003626926994],
      [0, 0.93174729176, 0.068252708239, 0]
    ],
    [
      [2.1720514978e-06, 0.64806236716, 0.35083198127, 0.0011034795179],
      [0, 0.21616448772, 0.78383551228, 0],
      [0, 0.85150653685, 0.14849346315, 0],
      [2.2551405188e-17, 0.46788256257, 0.52560687326, 0.0065105641698],
      [0.10305835374, 0.46136058811, 0.20905265939, 0.22652839876]
    ],
    [
      [0.00012907501862, 0.64585983871, 0.35224898922, 0.0017620970517],
      [0, 0.22396836675, 0.77603163325, 0],
      [0, 0.84230746507, 0.15769253493, 0],
      [0, 0.48963467971, 0.51036532029, 0],
      [0, 0.72091245237, 0.27908754763, 0]
    ],
    [
      [0, 0.61961382231, 0.37594430048, 0.0044418772077],
      [0, 0.20047425336, 0.77630525188, 0.023220494757],
      [0, 0.80574010125, 0.16956855504, 0.024691343703],
      [0, 0.45606720959, 0.51937929718, 0.024553493232],
      [0, 0.53404355907, 0.2547835693, 0.21117287163]
    ],
    [
      [1.0585614169e-05, 0.72108387112, 0.27844032175, 0.0004652215144],
      [0, 0.24828645394, 0.75171354606, 0],
      [8.8894987769e-05, 0.89406997212, 0.10380115311, 0.002039979786],
      [1.2993233644e-05, 0.52712769289, 0.47047518337, 0.0023841305133],
      [0, 0.75856773031, 0.24143226969, 0]
    ],
    [
      [8.3183664079e-05, 0.68635669218, 0.31236719396, 0.0011929301932],
      [0, 0.24948433844, 0.75051566156, 0],
      [0.00092533865563, 0.86126094038, 0.13137493228, 0.0064387886777],
      [0, 0.52478317965, 0.47521682035, 0],
      [0, 0.74173370264, 0.25826629736, 0]
    ],
    [
      [0, 0.4851803987, 0.49701349392, 0.017806107372],
      [0, 0.096044995726, 0.84651396244, 0.057441041829],
      [0, 0.72079983893, 0.22327423426, 0.05592592681],
      [0.00037132194995, 0.30342492381, 0.66559740694, 0.030606347303],
      [0, 0.29096971146, 0.25706653469, 0.45196375385]
    ],
    [
      [0, 0.58642848673, 0.40821696884, 0.0053545444306],
      [0, 0.15855942162, 0.72376467451, 0.11767590387],
      [0.00037095463109, 0.65683252616, 0.14496229457, 0.19783422464],
      [0.00041914029559, 0.33716856015, 0.46117223095, 0.2012400686],
      [0, 0.054394285084, 0.036816116303, 0.90878959861]
    ],
    [
      [0, 0.56247550474, 0.43752449526, 0],
      [0, 0.13316760166, 0.86683239834, 0],
      [0, 0.80934069319, 0.19065930681, 0],
      [0.0012411560641, 0.33509689689, 0.66132355894, 0.0023383881072],
      [0, 0.61844879463, 0.38155120537, 0]
    ],
    [
      [0, 0.76569904301, 0.23255110842, 0.001749848575],
      [0, 0.30789216371, 0.61752659765, 0.074581238648],
      [0.00097197242407, 0.82967995925, 0.085626343121, 0.083721725207],
      [0.0064904114241, 0.54244065011, 0.34402608047, 0.107042858],
      [0, 0.23703325917, 0.064791392577, 0.69817534826]
    ],
    [
      [3.8275282742e-05, 0.61238193592, 0.38699931392, 0.00058047487525],
      [0, 0.18266748613, 0.81733251387, 0],
      [0.00041488714908, 0.83877448957, 0.1578635488, 0.002947074483],
      [0, 0.42113544887, 0.57886455113, 0],
      [0, 0.66552712047, 0.33447287953, 0]
    ],
    [
      [0, 0.77915342903, 0.22084657097, 0],
      [0, 0.34131923375, 0.65868076625, 0],
      [0, 0.91209507201, 0.087904927994, 0],
      [0, 0.64408181271, 0.35591818729, 0],
      [0, 0.81832252733, 0.18167747267, 0]
    ],
    [
      [0.0023329614422, 0.70744043628, 0.28245248028, 0.0077741220029],
      [0.013217734193, 0.26301501399, 0.67738701698, 0.046380234841],
      [0.013759086884, 0.83601053283, 0.11476425634, 0.035466123942],
      [0.12403896889, 0.46683243014, 0.37233304004, 0.036795560937],
      [0.22186939973, 0.39402023408, 0.13573245907, 0.24837790713]
    ],
    [
      [0.00030192806249, 0.67269057656, 0.32488865763, 0.0021188377501],
      [0.00066404265669, 0.2552654716, 0.73407154651, 0.0099989392316],
      [0.0059197820501, 0.83436877098, 0.1423818504, 0.017329596574],
      [0.055210667358, 0.47585713947, 0.44942396321, 0.019508229964],
      [0.11455864339, 0.51346010598, 0.21461010568, 0.15737114496]
    ],
    [
      [0.00083856478938, 0.77258131623, 0.22073588229, 0.0058442366909],
      [0, 0.35251357921, 0.60841971529, 0.0390667055],
      [0.020360618433, 0.8683135409, 0.085540612654, 0.025785228017],
      [0.39683640608, 0.37330261189, 0.20966911412, 0.020191867917],
      [0.57922253982, 0.25462851085, 0.063390802722, 0.1027581466]
    ],
    [
      [0, 0.75236811339, 0.24763188661, 0],
      [0, 0.31600322422, 0.68399677578, 0],
      [0, 0.89921154459, 0.10078845541, 0],
      [0.0015310088373, 0.59482007909, 0.39563982465, 0.0080090874261],
      [0, 0.79356787933, 0.20643212067, 0]
    ],
    [
      [5.4767220462e-05, 0.60349622077, 0.39019793651, 0.0062510754967],
      [0, 0.17028933319, 0.76721734267, 0.062493324149],
      [0, 0.79151777548, 0.16877597066, 0.039706253867],
      [0, 0.41221577996, 0.54509061601, 0.042693604026],
      [0.00058097608378, 0.36289956495, 0.21195385759, 0.42456560138]
    ],
    [
      [0, 0.7314674813, 0.2685325187, 0],
      [0, 0.27806874831, 0.72193125169, 0],
      [0.00013844498181, 0.88920126635, 0.10707041114, 0.0035898775288],
      [8.1854876915e-05, 0.55892111058, 0.43663128721, 0.0043657473268],
      [0, 0.76591378394, 0.23408621606, 0]
    ],
    [
      [0, 0.71770354439, 0.27227710671, 0.010019348899],
      [0, 0.24796189793, 0.70701819717, 0.045019904897],
      [0, 0.87011922893, 0.1071215893, 0.022759181771],
      [0.0086659068905, 0.54158862943, 0.43115492531, 0.018590538372],
      [0, 0.61355308997, 0.19501901021, 0.19142789983]
    ],
    [
      [0, 0.47926085555, 0.52073914445, 0],
      [0, 0.096168654804, 0.85440991836, 0.049421426833],
      [0.0017128106134, 0.58674596368, 0.16724260947, 0.24429861624],
      [0, 0.24782156963, 0.5876356558, 0.16454277457],
      [0, 0.040290132603, 0.091402681512, 0.86830718588]
    ],
    [
      [0, 0.88403428618, 0.11326071397, 0.0027049998557],
      [0, 0.52550309121, 0.44737637343, 0.027120535355],
      [0, 0.93989407245, 0.046983574056, 0.01312235349],
      [0, 0.78791158111, 0.19417894562, 0.017909473266],
      [0, 0.78434515671, 0.08380983548, 0.13184500781]
    ],
    [
      [0, 0.87952029707, 0.12047970293, 0],
      [0, 0.51659795464, 0.48340204536, 0],
      [0, 0.94576993682, 0.054230063177, 0],
      [0, 0.78757335619, 0.21242664381, 0],
      [0, 0.90047774319, 0.099522256812, 0]
    ],
    [
      [0, 0.47195349645, 0.52804650355, 0],
      [0, 0.12471214536, 0.87528785464, 0],
      [0, 0.73182719276, 0.26817280724, 0],
      [0, 0.31297402481, 0.68702597519, 0],
      [0, 0.55762337478, 0.44237662522, 0]
    ],
    [
      [4.4680834689e-05, 0.82313638432, 0.16770768862, 0.0091112462256],
      [0, 0.32487904346, 0.55972803801, 0.11539291854],
      [0, 0.85969279635, 0.05124903658, 0.089058167075],
      [0, 0.6308563204, 0.27804585082, 0.091097828779],
      [1.5145484614e-05, 0.14264570816, 0.028602268973, 0.82873687738]
    ],
    [
      [0, 0.71881281716, 0.28118718284, 0],
      [0, 0.28869270533, 0.71130729467, 0],
      [0, 0.88532962835, 0.11467037165, 0],
      [0.30296344472, 0.39424320813, 0.30279334715, 0],
      [0.56567885176, 0.33982511623, 0.094496032009, 0]
    ],
    [
      [0, 0.70023098375, 0.29374896002, 0.0060200562297],
      [0, 0.22813419154, 0.73327334019, 0.038592468266],
      [0.00063409174188, 0.83497259032, 0.11331438573, 0.051078932214],
      [0, 0.48040636551, 0.46174750682, 0.057846127669],
      [0, 0.13496007612, 0.044683512574, 0.8203564113]
    ],
    [
      [0, 0.87880485256, 0.12119514744, 0],
      [0, 0.48422863242, 0.51577136758, 0],
      [0, 0.95045413221, 0.049545867794, 0],
      [0.00039420689983, 0.77870816823, 0.21612271237, 0.0047749124962],
      [0, 0.89377192642, 0.10622807358, 0]
    ],
    [
      [0.0013891844948, 0.81620246859, 0.17060339228, 0.011804954641],
      [0.014908562902, 0.39522042245, 0.51602679138, 0.073844223275],
      [0.014442496507, 0.86604866508, 0.06334424807, 0.05616459034],
      [0.14954156234, 0.55388006792, 0.2293137587, 0.067264611044],
      [0.20314297439, 0.36948361262, 0.067821450056, 0.35955196293]
    ],
    [
      [0.00038412587707, 0.69137859063, 0.30119705733, 0.0070402261547],
      [0.00074912293121, 0.26086193851, 0.69731466673, 0.041074271836],
      [0.0054301674964, 0.83125432956, 0.12623336237, 0.03708214057],
      [0.052229367144, 0.48880921184, 0.41951405935, 0.039447361671],
      [0.094703935443, 0.45485591865, 0.17114655607, 0.27929358983]
    ],
    [
      [0.001413870421, 0.76801267046, 0.23057345912, 0],
      [0, 0.34214473228, 0.65785526772, 0],
      [0.023173762277, 0.88611545376, 0.090710783963, 0],
      [0.25589078028, 0.46638257358, 0.27772664614, 0],
      [0.48787693558, 0.41816718251, 0.093955881913, 0]
    ],
    [
      [0.0014713472012, 0.70683692388, 0.28754629989, 0.004145429031],
      [0.0071101663933, 0.27758635036, 0.69150078547, 0.023802697769],
      [0.012444595358, 0.844051556, 0.12008451847, 0.023419330172],
      [0.10395761447, 0.48390349387, 0.38690246673, 0.025236424933],
      [0.19476090482, 0.46251799085, 0.16260662636, 0.18011447797]
    ],
    [
      [0.00020026717104, 0.82201586167, 0.11294710977, 0.064836761394],
      [0, 0.46233684413, 0.38815948852, 0.14950366735],
      [0.0015991465071, 0.69346860156, 0.033282003359, 0.27165024857],
      [0.016426264388, 0.47893720409, 0.13643437958, 0.36820215194],
      [0, 0.12554385289, 0.0394683716, 0.83498777551]
    ],
    [
      [0.00018479189674, 0.463998792, 0.51783509438, 0.017981321725],
      [0, 0.082815545026, 0.88109972092, 0.03608473405],
      [0, 0.65263085236, 0.23472268876, 0.11264645888],
      [0.014101840959, 0.26575810471, 0.62751798996, 0.092622064372],
      [0, 0.17121119686, 0.17911988596, 0.64966891718]
    ],
    [
      [0.00017616779934, 0.71997974374, 0.2755992574, 0.0042448310614],
      [0.00016217322143, 0.29154630405, 0.68303698314, 0.025254539588],
      [0.0046466303213, 0.85809036133, 0.1148904387, 0.022372569647],
      [0.047453052231, 0.52886162356, 0.39847961862, 0.025205705587],
      [0.093717573718, 0.53633129597, 0.17765569433, 0.19229543599]
    ],
    [
      [0.0015834300652, 0.72321365533, 0.26669584624, 0.008507068359],
      [0.0086899452718, 0.28495733473, 0.65318876636, 0.053163953636],
      [0.017202670415, 0.83189566877, 0.10615073416, 0.044750926659],
      [0.15395883466, 0.46328810302, 0.3374078624, 0.045345199919],
      [0.24441989161, 0.36369319045, 0.11562175878, 0.27626515916]
    ],
    [
      [0.0020905940357, 0.81184111698, 0.18137153245, 0.0046967565284],
      [0.0095104786062, 0.40027892998, 0.55704621372, 0.03316437769],
      [0.01061691321, 0.89708746114, 0.070187208017, 0.022108417633],
      [0.094063992046, 0.61083552601, 0.26818718957, 0.026913292367],
      [0.16689320444, 0.54588423531, 0.10593571272, 0.18128684753]
    ],
    [
      [0, 0.88596100991, 0.11185554853, 0.0021834415582],
      [0, 0.55469861369, 0.42480907857, 0.020492307746],
      [0.026442734968, 0.9217576828, 0.040801278033, 0.010998304204],
      [0.42165386765, 0.4548327019, 0.11281916873, 0.010694261721],
      [0.49644913999, 0.41701483278, 0.033840214389, 0.052695812842]
    ],
    [
      [0.0014298411807, 0.64249437658, 0.35305372813, 0.0030220541046],
      [0.01780569537, 0.20559552872, 0.76080378708, 0.015794988833],
      [0.012771637657, 0.82003470178, 0.14984604686, 0.017347613695],
      [0.059547816296, 0.43810402727, 0.48520118798, 0.01714696845],
      [0.14716654464, 0.47913579848, 0.22588894412, 0.14780871276]
    ],
    [
      [0, 0.72437464286, 0.27562535714, 0],
      [0, 0.27107523377, 0.72892476623, 0],
      [0.017853396438, 0.87152223308, 0.11062437048, 0],
      [0.29790961279, 0.39278722752, 0.30144795388, 0.0078552058132],
      [0.49107330178, 0.40990109449, 0.099025603726, 0]
    ],
    [
      [0, 0.76142922409, 0.2365142726, 0.0020565033152],
      [0, 0.33185844026, 0.65891306897, 0.0092284907707],
      [0, 0.89254857565, 0.096670242153, 0.0107811822],
      [0.015779018758, 0.59955990284, 0.37037826063, 0.014282817776],
      [0, 0.69941312163, 0.18007019293, 0.12051668543]
    ],
    [
      [0.00040892422906, 0.69641411403, 0.2989246532, 0.004252308538],
      [0, 0.26958349728, 0.70648290135, 0.023933601371],
      [0.012315538034, 0.84087828836, 0.12441327773, 0.022392895874],
      [0.22090703079, 0.410548028, 0.34812891454, 0.020416026671],
      [0.38570367027, 0.35193106989, 0.13068547651, 0.13167978333]
    ],
    [
      [0.0011470200162, 0.79301888573, 0.20230046362, 0.0035336306341],
      [0.0077386278623, 0.363097714, 0.60411984453, 0.025043813606],
      [0.0052684919703, 0.89829597186, 0.079958028156, 0.016477508012],
      [0.04566506121, 0.61992712145, 0.31391880097, 0.02048901637],
      [0.091473144261, 0.61505185185, 0.13708814839, 0.15638685549]
    ],
    [
      [0, 0.96417963882, 0.03582036118, 0],
      [0, 0.79494557151, 0.20505442849, 0],
      [0, 0.99595860508, 0.0040413949217, 0],
      [0.0038829339654, 0.91363643707, 0.078036520166, 0.0044441087991],
      [0, 0.96866877671, 0.031331223295, 0]
    ],
    [
      [0.00053986375551, 0.70916711922, 0.28732002355, 0.0029729934759],
      [0.029431470554, 0.22505122761, 0.71970156356, 0.025815738276],
      [0.0099572664503, 0.86141763713, 0.11126090738, 0.017364189048],
      [0.059837550538, 0.49834158719, 0.42370923254, 0.018111629737],
      [0.15680448793, 0.51264475393, 0.17016562954, 0.1603851286]
    ],
    [
      [0.0022130735141, 0.72153039762, 0.27400772516, 0.0022488037079],
      [0.015427287552, 0.27974980664, 0.69221322539, 0.012609680419],
      [0.0070926869717, 0.86665319509, 0.11251396428, 0.013740153661],
      [0.053473089675, 0.52786564575, 0.40246370269, 0.016197561886],
      [0.12345102097, 0.56024073385, 0.18390614953, 0.13240209565]
    ],
    [
      [0.00086908401359, 0.74637524692, 0.24917880085, 0.003576868219],
      [0.0062345420459, 0.31915664684, 0.65456496916, 0.020043841954],
      [0.0085306101218, 0.87038124881, 0.10217225424, 0.01891588682],
      [0.076821829461, 0.54389782486, 0.35673351882, 0.022546826862],
      [0.14744078561, 0.53297413101, 0.15433159496, 0.16525348842]
    ],
    [
      [0.00069950370072, 0.76938480743, 0.22320466374, 0.0067110251289],
      [0.0037693206602, 0.34225842634, 0.6089169557, 0.0450552973],
      [0.0071743133777, 0.87017499284, 0.088655720436, 0.033994973348],
      [0.071932568302, 0.56600239865, 0.32212087492, 0.039944158119],
      [0.12180469222, 0.49351008556, 0.12406176169, 0.26062346054]
    ],
    [
      [0.0017100405195, 0.79432547675, 0.19995393539, 0.0040105473441],
      [0.017777088479, 0.34941680318, 0.59727209528, 0.035534013056],
      [0.014814667108, 0.89039301222, 0.073800623638, 0.020991697036],
      [0.13526148796, 0.56006397208, 0.28443941959, 0.020235120368],
      [0.30359572635, 0.46161539792, 0.1018083515, 0.13298052424]
    ],
    [
      [0.0012940474451, 0.76182946319, 0.22929376412, 0.0075827252516],
      [0.0090102821314, 0.32540894234, 0.61550000918, 0.050080766344],
      [0.0089128231326, 0.86339560473, 0.089885654448, 0.037805917691],
      [0.078560580364, 0.55020904181, 0.3277327292, 0.043497648625],
      [0.13299956055, 0.46126107269, 0.12007168543, 0.28566768133]
    ],
    [
      [0, 0.70436215069, 0.26602793545, 0.029609913868],
      [0, 0.23752078785, 0.68696380464, 0.075515407512],
      [0.020003719596, 0.84058923746, 0.10787729645, 0.031529746486],
      [0.27068905078, 0.38856787247, 0.30862385595, 0.032119220803],
      [0.5, 0.25995294115, 0.063570812875, 0.17647624597]
    ],
    [
      [0, 0.93596326628, 0.064036733719, 0],
      [0, 0.61860454811, 0.38139545189, 0],
      [0, 0.97101399317, 0.028986006832, 0],
      [0.040967915777, 0.76203141644, 0.17216154906, 0.024839118729],
      [0.078161704774, 0.67546746441, 0.068548573926, 0.17782225688]
    ],
    [
      [0, 0.5182938229, 0.46810785882, 0.013598318283],
      [0, 0.10259835521, 0.8446378474, 0.052763797392],
      [0, 0.75561846826, 0.19021939411, 0.054162137625],
      [0.0035065313386, 0.32493235297, 0.65065334759, 0.020907768107],
      [0, 0.40222867574, 0.29134128462, 0.30643003964]
    ],
    [
      [1.4335038332e-08, 0.60270103215, 0.39644199535, 0.00085695817393],
      [0, 0.18181818182, 0.81818181818, 0],
      [1.2261641993e-08, 0.82241126234, 0.17301642909, 0.004572296308],
      [0.04990218085, 0.40581181011, 0.51454202688, 0.029743982152],
      [0.11421684547, 0.41588449687, 0.22334097407, 0.24655768358]
    ],
    [
      [0, 0.81020512345, 0.18032493438, 0.0094699421769],
      [0, 0.38516796597, 0.54618048066, 0.068651553364],
      [0, 0.88430492447, 0.068868191697, 0.046826883836],
      [0, 0.65810614168, 0.279674274, 0.062219584321],
      [0, 0.51411682345, 0.093643496062, 0.39223968049]
    ],
    [
      [0.00041506089548, 0.68742347777, 0.30698258423, 0.0051788771026],
      [0.001844348845, 0.25582456262, 0.70884136718, 0.033489721355],
      [0.0047240354193, 0.8372153655, 0.12913770995, 0.028922889125],
      [0.043445867534, 0.49174963915, 0.43417682492, 0.030627668393],
      [0.08556241546, 0.4907964521, 0.18925291132, 0.23438822112]
    ],
    [
      [0.00026096462027, 0.81576373807, 0.17245569869, 0.011519598621],
      [0.00062480739801, 0.41329376805, 0.51316110942, 0.072920315132],
      [0.0042075013454, 0.86331410576, 0.065255439116, 0.067222953781],
      [0.051978736939, 0.60027547348, 0.25106344178, 0.096682347796],
      [0.061352568735, 0.38177274275, 0.071574281528, 0.48530040699]
    ],
    [
      [2.20856735e-05, 0.78421882138, 0.21052465826, 0.0052344346933],
      [0, 0.31836239622, 0.6109237426, 0.070713861183],
      [0.00019615779826, 0.89340894338, 0.079471441576, 0.026923457243],
      [0.00014898897335, 0.60962242385, 0.35289359591, 0.037334991263],
      [0, 0.45310083026, 0.1126100592, 0.43428911054]
    ],
    [
      [0, 0.55303591265, 0.44696408735, 0],
      [0, 0.14972442393, 0.85027557607, 0],
      [0.0014226333977, 0.77898285473, 0.21070838788, 0.0088861239927],
      [0, 0.3892562539, 0.6107437461, 0],
      [0, 0.63532580616, 0.36467419384, 0]
    ],
    [
      [0.0014442435118, 0.6559550424, 0.33632266736, 0.0062780467367],
      [0.0088834408878, 0.22610729076, 0.7300775906, 0.034931677754],
      [0.012118602152, 0.81007783129, 0.14415735071, 0.033646215842],
      [0.095097557438, 0.43351007007, 0.43870665829, 0.0326857142],
      [0.1783575413, 0.40777306556, 0.18090042896, 0.23296896418]
    ],
    [
      [0, 0.732040193, 0.2572826264, 0.0106771806],
      [0, 0.27112978079, 0.66804575582, 0.060824463392],
      [0, 0.85568797655, 0.0983489242, 0.04596309925],
      [0.01237502988, 0.54475788781, 0.39521746641, 0.047649615893],
      [0, 0.46728996663, 0.13719383074, 0.39551620263]
    ],
    [
      [2.8284258263e-08, 0.62363773188, 0.37576998388, 0.0005922559632],
      [0, 0.18639922392, 0.81360077608, 0],
      [0, 0.84760271627, 0.15239728373, 0],
      [0.050858338066, 0.42710905423, 0.49151984933, 0.030512758369],
      [0.11380601226, 0.43099722552, 0.20732110237, 0.24787565985]
    ],
    [
      [0, 0.68418617238, 0.30996147117, 0.0058523564489],
      [0, 0.2272453866, 0.72996377965, 0.042790833749],
      [0, 0.84885176669, 0.12257027558, 0.028577957736],
      [0, 0.50858112967, 0.46793368531, 0.023485185019],
      [0, 0.56968588261, 0.21609297234, 0.21422114505]
    ],
    [
      [0, 0.65999121017, 0.33503094856, 0.0049778412761],
      [0, 0.22784182105, 0.73801609413, 0.03414208482],
      [0, 0.82743891952, 0.14320885199, 0.029352228493],
      [0, 0.49164608935, 0.47924769037, 0.029106220272],
      [0, 0.53595061592, 0.22030317712, 0.24374620696]
    ],
    [
