{
  "Z_true": {},
  "V_true": [
    [45, 53, 50, 1501, 168, 3020, 42],
    [44, 1018, 31, 99, 718, 232, 67],
    [258, 566, 280, 369, 7923, 983, 393],
    [119, 99, 144, 648, 94, 8234, 130],
    [72, 58, 1415, 193, 406, 1293, 75],
    [750, 24, 46, 152, 305, 1046, 79],
    [41, 95, 47, 56, 356, 260, 462]
  ],
  "p_true": [
    [0.0092, 0.0109, 0.0102, 0.3076, 0.0344, 0.619, 0.0086],
    [0.0199, 0.4608, 0.014, 0.0448, 0.325, 0.105, 0.0303],
    [0.024, 0.0525, 0.026, 0.0343, 0.7355, 0.0913, 0.0365],
    [0.0126, 0.0105, 0.0152, 0.0684, 0.0099, 0.8697, 0.0137],
    [0.0205, 0.0165, 0.4029, 0.055, 0.1156, 0.3682, 0.0214],
    [0.3122, 0.01, 0.0192, 0.0633, 0.127, 0.4355, 0.0329],
    [0.0311, 0.0721, 0.0357, 0.0425, 0.2703, 0.1974, 0.3508]
  ],
  "Z_est": [
    [
      [0.0104, 0.1771, 0.1552, 0.0104, 0.1723, 0.1293, 0.158, 0.225, 0.2011, 0.2059, 0.5123, 0.0048, 0.0096, 0.0048, 0.2595, 0.0718, 0.1181, 0.2569, 0.1723, 0.2729, 0.1161, 0.4082, 0.3495, 0.0191, 0.1197, 0, 0.0718, 0.2346, 0.4548, 0.1676, 0.1101, 0.1245, 0.0718, 0.0718, 0.017, 0.4108, 0.0378, 0.541, 0.0978],
      [0.0014, 0, 0.021, 0.0022, 0.0404, 0.03, 0.0148, 0.0746, 0.0503, 0.0213, 0.0283, 0.0004, 0.0009, 0.0014, 0.0234, 0.0081, 0.0164, 0.0184, 0.0072, 0.0166, 0.0126, 0.0552, 0.0283, 0.0044, 0.0238, 0.0013, 0.0198, 0.013, 0.036, 0.0288, 0.0099, 0.0153, 0.0094, 0.0081, 0.0023, 0.0555, 0.0094, 0.0573, 0.0126],
      [0.0177, 0.4069, 0.2631, 0.0107, 0.5064, 0.209, 0.4378, 0.3001, 0.387, 0.2676, 0.6378, 0.0058, 0.0214, 0.0054, 0.4877, 0.1857, 0.1286, 0.4356, 0.075, 0.2465, 0.2733, 0.7075, 0.7955, 0.0553, 0.1715, 0.0221, 0.1393, 0.3109, 0.7771, 0.4047, 0.1929, 0.1822, 0.1608, 0.1876, 0.0287, 0.4127, 0.1661, 0.7187, 0.1658],
      [1.4665, 41.8238, 26.9867, 1.8142, 51.9324, 38.5524, 40.2557, 41.4279, 40.9864, 36.6618, 48.2875, 0.6803, 0.7332, 1.8322, 45.129, 11.7318, 21.9971, 42.8944, 16.5265, 36.6067, 20.1833, 70.9818, 53.0034, 5.8659, 31.9855, 1.0999, 20.164, 19.7229, 46.7165, 36.2952, 12.465, 21.9971, 30.8419, 14.7406, 2.9329, 62.331, 6.2325, 94.5876, 15.2803],
      [0.288, 3.221, 2.0832, 0.14, 2.2128, 1.8571, 3.4661, 2.6433, 3.795, 2.9812, 3.4836, 0.0525, 0.7679, 0.14, 3.4836, 1.4705, 1.3107, 2.887, 0, 1.9018, 1.558, 5.4793, 5.8335, 0.2056, 7.7568, 1.3564, 1.3193, 1.5405, 3.6062, 1.3209, 0.9803, 2.2407, 0.9852, 1.1379, 0.2276, 3.7643, 0.5524, 3.4836, 2.2297],
      [6.1978, 137.5138, 88.9356, 5.9789, 173.7344, 128.9304, 152.7436, 105.3075, 128.7228, 79.9684, 144.7918, 2.2421, 2.4487, 5.9789, 148.8141, 70.1308, 69.046, 149.924, 50.073, 117.3352, 66.273, 233.9077, 180.8606, 18.6125, 83.5779, 7.4736, 60.848, 65.7675, 153.4483, 143.929, 41.7674, 101.3136, 103.6755, 48.5507, 9.7157, 246.5559, 21.6734, 223.2587, 56.7644],
      [0.0182, 0.8574, 0.5553, 0.0435, 0.4013, 0.2919, 0.9239, 1.0215, 0.8574, 0.8938, 1.2587, 0.014, 0.0182, 0.0373, 0.8026, 0.4013, 0.3831, 0.5837, 0.1459, 0.6202, 0.5837, 1.4605, 1.1292, 0.2371, 0.3648, 0.0467, 0.4378, 0.4106, 0.9612, 0.8539, 0.4743, 2.1266, 0.2554, 0.3033, 0.0758, 1.4698, 0.3284, 2.3532, 0.4494]
    ],
    [
      [0.0669, 1.2367, 1.2367, 0.0669, 1.0658, 0.9025, 0.8245, 3.2578, 1.5166, 1.8984, 3.5765, 0.0603, 0.7566, 0.0334, 1.571, 0.5014, 4.8995, 1.0658, 1.2033, 1.9052, 0.6435, 1.2669, 2.4401, 0.1337, 0.8356, 0, 0.5014, 1.6378, 1.5686, 1.297, 0.7688, 0.8691, 0.4826, 0.3821, 0.1207, 2.0055, 0.2674, 3.7771, 2.3768],
      [1.8068, 60.5722, 44.0434, 1.7974, 32.9358, 28.2153, 22.7099, 114.2374, 87.6895, 61.3364, 43.3552, 0.6966, 1.603, 1.2167, 35.7852, 12.3872, 28.2062, 28.2153, 11.0108, 25.4626, 19.0708, 38.0546, 43.3552, 6.5556, 38.1417, 2.1989, 30.9901, 19.9571, 46.4852, 45.0807, 17.2044, 23.398, 14.3031, 11.3233, 3.5758, 46.7961, 10.8263, 219.5467, 20.7715],
      [0.0598, 2.1531, 1.7145, 0.0438, 1.0566, 0.8532, 0.8174, 1.2251, 2.9905, 2.193, 1.5608, 0.0598, 0.3334, 0.0219, 1.4591, 0.722, 0.5251, 1.0566, 0.3063, 0.9569, 0.638, 1.256, 3.0191, 0.2193, 0.7001, 0.0997, 1.0367, 1.7266, 1.555, 1.6846, 0.7876, 0.7438, 0.4785, 0.3788, 0.1196, 1.6547, 0.3389, 2.9972, 4.8965],
      [0.5002, 18.4524, 9.6294, 0.5126, 9.0554, 11.034, 7.0051, 20.4149, 25.6284, 19.3733, 13.1559, 1.5698, 0.2501, 0.3417, 14.7567, 4.784, 9.8457, 9.0554, 6.7642, 10.4048, 5.4674, 10.7639, 13.1559, 2.0009, 10.9348, 0.3752, 9.1567, 8.5428, 13.3268, 13.4976, 4.2519, 8.0302, 4.1005, 3.2463, 1.0005, 14.181, 2.126, 36.5585, 8.2011],
      [0.3162, 11.3828, 21.7851, 0.3162, 4.3858, 4.7872, 5.1002, 17.0742, 19.0144, 15.5478, 8.1155, 0.3503, 0.9476, 0.2108, 7.167, 2.9511, 5.7968, 5.586, 2.7403, 5.059, 3.3727, 6.64, 8.1426, 0.9976, 8.0769, 1.8875, 5.4806, 7.2586, 8.2209, 8.3263, 3.2618, 5.5111, 2.5295, 2.0025, 0.6324, 8.7479, 1.7917, 17.2806, 6.7308],
      [0.2313, 13.3176, 6.6304, 0.2313, 4.0862, 3.9065, 4.1067, 4.7359, 11.5647, 8.4808, 5.9366, 0.2313, 0.0904, 0.1542, 6.5375, 6.2401, 5.1415, 7.457, 3.8243, 3.7007, 2.3721, 3.8886, 5.9366, 0.8481, 4.9343, 0.3855, 4.0091, 10.1048, 6.0137, 7.4139, 2.2358, 6.3011, 1.8504, 1.4649, 0.4626, 8.8238, 1.3107, 12.4104, 4.4132],
      [0.0188, 0.8852, 0.9605, 0.0319, 0.4143, 0.3013, 0.4362, 1.0547, 1.596, 1.1704, 1.2995, 0.0319, 0.0188, 0.0213, 0.7235, 0.4143, 0.5852, 0.5639, 0.1507, 0.5107, 0.4355, 1.13, 0.9506, 0.2448, 0.3767, 0.0532, 0.8254, 0.7722, 0.8299, 1.6998, 0.4897, 2.1467, 0.2554, 0.2022, 0.0885, 0.791, 0.339, 2.4295, 0.6101]
    ],
    [
      [0.0385, 0.7121, 0.7121, 0.0499, 0.6031, 0.5197, 0.596, 0.9046, 0.8083, 0.8276, 2.0594, 0.0332, 0.0385, 0.0192, 1.0638, 0.2887, 0.7532, 1.2318, 0.6929, 1.097, 0.5366, 1.3677, 1.405, 0.0689, 0.4812, 0, 0.2887, 0.9431, 3.4353, 0.6736, 0.4427, 0.5004, 0.2887, 0.2887, 0.3206, 1.1548, 0.154, 2.1748, 0.1347],
      [0.4567, 20.8939, 14.5471, 1.2008, 11.5277, 9.7572, 7.9253, 39.8666, 19.2778, 15.6952, 15.1301, 0.2402, 0.128, 0.981, 12.4883, 4.3229, 9.6064, 9.8466, 3.8426, 8.8859, 6.7245, 13.6891, 15.1301, 1.6809, 11.8409, 0.5971, 10.567, 6.9646, 25.4653, 15.3702, 6.004, 8.1654, 5.0434, 4.6463, 2.7199, 16.8093, 5.0434, 105.4617, 5.8431],
      [0.1862, 12.2042, 8.9663, 0.2491, 6.0785, 4.8568, 5.8412, 6.9738, 6.7248, 5.4794, 14.8194, 0.3258, 0.1329, 0.1245, 11.3325, 4.1096, 2.9888, 11.9551, 1.7435, 5.2827, 6.3512, 16.4383, 17.1855, 1.2453, 3.985, 0.276, 3.6729, 13.9757, 19.6744, 9.589, 4.4832, 4.2341, 2.909, 5.4305, 5.3122, 9.589, 3.8605, 20.7523, 2.3661],
      [0, 9.1209, 1.6252, 0.3011, 4.3014, 5.5405, 4.2351, 6.8052, 7.0461, 6.0223, 8.6119, 0.4216, 0.0506, 0.542, 7.559, 1.9271, 5.0803, 7.0461, 3.6469, 4.0677, 3.794, 11.2617, 8.0097, 0.4893, 5.2394, 0.0586, 3.8968, 3.6134, 11.6236, 5.9898, 2.0476, 3.6134, 4.6974, 6.8307, 0.4818, 8.6721, 1.0238, 15.5375, 2.168],
      [6.7131, 441.5, 318.6874, 17.2261, 209.4335, 185.8609, 212.8523, 418.8255, 400.2035, 314.8377, 467.8254, 12.26, 2.5174, 19.5923, 361.2803, 125.1161, 140.1278, 305.5371, 101.9756, 190.4841, 196.3795, 504.091, 433.2767, 21.0373, 227.8196, 11.9459, 139.9008, 266.8456, 656.5463, 287.4044, 145.9688, 215.0249, 102.7838, 156.0795, 110.0614, 379.8815, 89.8757, 678.5101, 117.027],
      [0.2518, 17.6294, 0.9956, 0.495, 13.6586, 10.3579, 8.4506, 5.2496, 0, 6.4348, 9.2171, 0.3375, 0, 0.7239, 37.4817, 11.8384, 7.428, 32.1692, 14.0451, 7.1443, 0, 3.6807, 0, 0, 0, 0.4406, 5.5392, 10.0083, 23.5366, 19.8762, 3.1298, 12.4842, 3.9341, 5.8539, 2.7449, 44.4623, 1.1722, 28.3253, 4.1174],
      [0.3538, 17.9395, 19.4663, 1.478, 8.3972, 6.1071, 11.0995, 21.3747, 17.9395, 18.7029, 26.3367, 0.3817, 0.1327, 1.0171, 16.7944, 8.3972, 8.0155, 12.2141, 3.0535, 10.0382, 12.2141, 25.4714, 20.993, 4.4783, 7.6338, 0.6817, 12.1346, 15.6494, 26.7184, 16.0967, 9.924, 12.9775, 5.3437, 6.8704, 13.3592, 17.431, 6.8704, 49.2382, 5.3437]
    ],
    [
      [0.0419, 0.776, 0.683, 0.0419, 0.7551, 0.5663, 0.6921, 0.9858, 0.789, 0.4858, 4.1876, 0.356, 0.4393, 0.021, 0.9858, 0.3146, 0.5034, 1.2218, 0.7551, 1.1955, 0.6292, 2.6183, 1.5311, 0.0839, 0.5244, 0, 0.3146, 1.0277, 1.9925, 0.7341, 0.4824, 0.5453, 0.3146, 0.3146, 0.2709, 1.2585, 0.1678, 2.3701, 0.3327],
      [0.0184, 0, 0.2882, 0.0307, 0.2951, 0.3863, 0.2029, 1.0206, 0.3329, 0, 0.3873, 0.0061, 0.0123, 0.0184, 0, 0.1107, 0.1814, 0.2521, 0.0984, 0.2275, 0.1721, 0.6894, 0.3873, 0.0621, 0.3258, 0.0184, 0.2705, 0.1783, 0.4918, 0.3935, 0.1594, 0.209, 0.1291, 0.1863, 0.1143, 0.4181, 2.4808, 2.1395, 0.1404],
      [0.0369, 0, 0.8233, 0.0248, 0.6571, 0.4835, 1.0038, 0.6943, 0.6695, 0.5455, 2.0547, 0.5789, 0.2955, 0.0124, 0.8936, 0.4091, 0.2976, 1.0939, 0.1736, 0.5703, 0.9676, 3.4899, 1.7668, 0.1318, 0.3967, 0.0501, 0.3223, 0.7191, 1.7977, 0.9546, 0.8109, 0.4215, 0.3719, 0.4396, 2.2486, 0.9546, 0.5785, 1.6985, 0.2979],
      [0.5243, 15.5972, 8.6972, 0.5343, 14.1554, 12.9933, 12.4515, 11.0715, 11.1968, 6.9937, 18.7429, 1.4471, 0.2621, 0.7258, 15.3609, 0, 7.8641, 15.3351, 8.3504, 14.2461, 8.3029, 48.6274, 17.4322, 2.0971, 11.403, 0.3932, 7.2088, 5.8161, 21.0198, 16.0015, 4.4563, 6.5926, 10.2234, 6.428, 1.0486, 18.8739, 2.2282, 33.8158, 4.7185],
      [0.2421, 5.6192, 4.0113, 0.2248, 3.7929, 3.366, 6.6912, 4.5818, 4.9588, 2.8528, 11.7369, 1.9171, 0.2552, 0.2766, 5.1781, 1.7265, 0.5653, 1.3368, 1.8225, 5.8094, 10.9761, 17.387, 14.1116, 0.3941, 4.4168, 1.8235, 1.8124, 3.623, 11.707, 5.2049, 3.882, 3.8729, 0, 2.7256, 1.9539, 6.8797, 1.6255, 12.1503, 1.9563],
      [13.0176, 298.4986, 211.9504, 11.9399, 347.7321, 291.3047, 361.2347, 241.8107, 245.5927, 148.3331, 386.6976, 11.576, 4.6169, 14.6953, 311.357, 157.8879, 134.0948, 391.9607, 136.8501, 308.6923, 189.1523, 472.3569, 446.1174, 45.6874, 177.5585, 16.4174, 130.2216, 179.0992, 476.6793, 352.743, 135.6169, 208.3214, 224.2986, 137.7686, 75.8765, 483.6281, 71.4896, 701.5083, 103.7857],
      [0.1187, 4.509, 5.5466, 0.2035, 2.6123, 1.8998, 4.7237, 4.8353, 4.4602, 5.7891, 8.1931, 0.1187, 0.1187, 0.2504, 5.2246, 2.5512, 2.4935, 3.7997, 0.9499, 5.2589, 3.7997, 9.8311, 7.6536, 1.5436, 2.3748, 0.2974, 2.8498, 4.5366, 8.3118, 6.9684, 3.5921, 4.0372, 1.6624, 2.1373, 10.4873, 4.9871, 3.4296, 15.3175, 1.7686]
    ],
    [
      [0.0082, 0.0886, 0.0886, 0.0048, 0.0862, 0.0647, 0.079, 0.1126, 0.0798, 0.058, 0.2563, 0, 0.0048, 0.0024, 0.1468, 0.0359, 0.0575, 0.1533, 0.0862, 0.1365, 0.0719, 0.1758, 0.2139, 0.0096, 0.0599, 0, 0.0359, 0.1174, 0.2275, 0.0838, 0.0551, 0.0623, 0.0359, 0.0359, 0.0607, 0.165, 0.0192, 0.2707, 0.0168],
      [0.3781, 0.3901, 0.2858, 0.0224, 0.2345, 0.1838, 0.148, 1.1998, 0.2149, 0, 0.2825, 0, 0.009, 0.2762, 0.2332, 0.0807, 0.1794, 0.1838, 0.0717, 0.1659, 0.1255, 0.2556, 0.2825, 0.0342, 0.2376, 0.0024, 0.105, 0.13, 0.3587, 0.287, 0.1121, 0.1524, 0.0942, 0.0807, 0.1636, 0.4445, 0.1148, 0.5642, 0.0586],
      [2.5948, 81.0755, 57.5834, 1.5995, 42.3878, 31.191, 42.3878, 44.8902, 40.8761, 33.1439, 95.1726, 0, 3.1991, 0.7998, 74.2625, 26.3455, 19.1945, 77.0676, 11.1968, 37.2846, 40.7883, 105.5696, 110.3683, 7.3875, 25.5926, 0.4593, 19.7116, 36.9735, 115.9666, 62.3973, 28.7917, 27.1922, 24.6823, 27.3014, 32.7906, 61.6796, 24.7929, 105.8928, 11.0018],
      [0.0976, 3.7319, 1.8786, 0.0839, 2.0127, 2.1036, 2.2224, 2.7569, 1.845, 1.3418, 3.8577, 0, 0.0488, 1.9372, 3.3964, 0.6522, 2.4822, 2.8545, 1.2199, 10.1533, 1.537, 4.5623, 3.2449, 0.2935, 2.2123, 0.021, 0.9015, 0, 3.7818, 2.9142, 0.8295, 1.4638, 2.0717, 1.0064, 0.1952, 3.8157, 0.4148, 4.8431, 0.4949],
      [1.6941, 11.9036, 8.3304, 0.3684, 5.2866, 4.6916, 6.8867, 10.1489, 5.7173, 4.158, 11.9543, 0, 0.2599, 3.0112, 10.525, 3.0088, 3.5015, 11.0447, 2.144, 11.8496, 5.2637, 12.604, 15.3327, 0.5493, 9.1508, 0.065, 2.7757, 4.9376, 16.3176, 9.0307, 3.7682, 4.6778, 4.0351, 0.5404, 4.3529, 11.8244, 3.0535, 14.9206, 1.5593],
      [4.2248, 80.6968, 48.71, 1.9114, 45.939, 41.7267, 54.1964, 48.7564, 39.1914, 25.2433, 72.31, 0, 0.4761, 4.9659, 73.3299, 24.8296, 27.5343, 78.6187, 18.2621, 57.3095, 33.1363, 70.6661, 106.3553, 5.714, 30.6985, 0.4514, 19.4123, 33.7763, 82.1786, 64.1677, 24.3806, 38.3694, 42.0471, 18.9941, 29.3524, 103.9146, 18.5614, 104.1972, 10.8348],
      [0.0024, 0.1135, 0.1232, 0.0097, 0.0531, 0.0386, 0.0797, 0.1352, 0.0755, 0.0549, 0.1666, 0, 0.0024, 0.0072, 0.1063, 0.0472, 0.0507, 0.0773, 0.0193, 0.1004, 0.0773, 0.1665, 0.2025, 0.012, 0.0483, 0.0009, 0.058, 0.0652, 0.1691, 0.1193, 0.0628, 0.0821, 0.0338, 0.0412, 0.0845, 0.1562, 0.0435, 0.3115, 0.0338]
    ],
    [
      [1.6447, 31.8516, 31.8516, 1.4946, 32.0387, 23.9178, 29.1016, 38.1991, 36.6341, 37.5063, 93.3296, 0, 0, 0.8722, 40.6051, 13.0836, 16.542, 57.0668, 31.4006, 49.7177, 26.3925, 59.8425, 63.6344, 3.4971, 21.806, 0, 13.2666, 42.7397, 82.8628, 30.5284, 20.0615, 22.6782, 13.0836, 13.0836, 6.8348, 53.1585, 6.9784, 97.3308, 3.3782],
      [0.0094, 0.2067, 0.2067, 0.0094, 0.2474, 0.1942, 0.1298, 0.1973, 0.238, 0.2443, 0.2477, 0, 0, 0.0125, 0, 0.0708, 0, 0.1612, 0.0629, 0.1455, 0.1101, 0.2241, 0.2477, 0.0376, 0.2084, 0.0118, 1.1424, 0.114, 0.4157, 0.2067, 0.094, 0.1337, 0.0826, 0.1096, 0.0275, 0.2674, 1.5378, 0.5167, 0.0219],
      [0.0809, 1.78, 2.3171, 0.0644, 2.1307, 1.2937, 2.2925, 1.6991, 2.0497, 2.1037, 4.3692, 0, 0, 0.0322, 2.2116, 1.062, 0.7724, 4.0186, 0.4506, 1.4804, 1.78, 4.2481, 4.403, 0.9074, 1.0298, 0.0809, 1.0518, 3.0817, 4.6664, 1.78, 0.8091, 1.0942, 1.2137, 1.1264, 0.4172, 2.478, 1.1918, 4.409, 0.1888],
      [0.5092, 15.1388, 14.057, 0.66, 19.7163, 16.7954, 19.497, 14.4507, 17.4326, 18.2558, 33.9479, 0, 0, 1.643, 18.8088, 5.8419, 7.1107, 26.9356, 9.2522, 20.6329, 15.1388, 28.4426, 24.2803, 2.983, 15.8826, 0.5477, 10.8974, 10.9535, 37.847, 16.2297, 6.207, 11.6982, 14.2396, 11.3542, 1.4605, 26.2884, 3.1035, 37.847, 1.6056],
      [0.1375, 3.0244, 4.0186, 0.1364, 3.6201, 2.8411, 3.8951, 2.8455, 4.3948, 3.842, 7.4236, 0, 0, 0.265, 2.9825, 1.3747, 0, 6.8278, 1.2255, 3.3675, 8.5802, 5.6822, 5.6822, 0.5499, 9.5108, 1.7092, 1.7872, 4.0141, 7.8716, 3.0244, 1.3747, 2.4043, 2.0621, 1.8327, 0.5957, 4.6258, 1.093, 5.4426, 0.3208],
      [0.5862, 12.8972, 11.9112, 0.5852, 20.5403, 16.444, 28.6659, 4.5571, 13.8621, 14.4744, 20.1234, 0, 0, 1.0787, 16.0238, 8.0665, 6.0578, 52.9623, 7.3513, 18.5641, 12.8972, 23.4915, 23.9861, 2.3449, 11.9201, 0.5862, 7.6211, 15.7803, 29.0886, 12.9463, 0.6188, 11.8996, 13.8689, 6.9155, 2.5404, 27.8331, 3.5174, 16.0687, 1.3679],
      [0.0321, 1.1012, 1.6378, 0.0501, 0.7065, 0.5138, 1.4182, 1.0511, 1.3887, 1.5735, 2.5586, 0, 0, 0.0963, 1.3682, 0.5005, 0.5172, 1.0276, 0.2569, 1.0918, 1.1012, 2.0689, 1.7662, 1.68, 0.6423, 0.0642, 3.2335, 1.3166, 2.2479, 1.2845, 0.8349, 1.0918, 0.4496, 0.578, 1.124, 1.3487, 0.578, 3.3851, 0.1168]
    ],
    [
      [0.1894, 2.1577, 2.2727, 0.3315, 1.2787, 0.8998, 1.5487, 3.3151, 1.9711, 2.0181, 3.0783, 0.5457, 0.7513, 0.0469, 2.368, 0.704, 1.1264, 3.0036, 1.6895, 2.6751, 1.6102, 2.3206, 3.426, 0.1877, 1.1733, 0, 0.521, 2.2996, 4.4585, 1.5155, 1.0794, 1.2202, 0.7227, 0.8233, 0.3755, 1.847, 0.3755, 6.5356, 0.663],
      [0.3291, 4.9371, 4.608, 1.937, 2.7192, 2.2332, 1.8694, 9.4037, 4.1965, 3.7028, 3.5689, 0.0566, 0.2469, 0.4937, 3.4699, 1.0197, 1.8103, 2.3226, 0.9064, 2.096, 1.7843, 4.032, 3.5689, 0.6252, 2.2217, 0.1699, 0.9051, 1.6428, 6.7474, 2.6331, 1.4162, 1.9261, 1.3382, 1.6457, 0.3965, 3.2091, 0.9874, 19.7139, 1.152],
      [0.0237, 0.3803, 0.3321, 0.0078, 0.1829, 0.1127, 0.2194, 0.2173, 0.3025, 0.2669, 0.3855, 0.0297, 0.0178, 0.0039, 0.3531, 0.1661, 0.0931, 0.3725, 0.0543, 0.1785, 0.2016, 0.2906, 0.4617, 0.0534, 0.1242, 0.0119, 0.0652, 1.2126, 0.5626, 0.1898, 0.1245, 0.1319, 0.1839, 0.1358, 0.083, 0.2313, 0.0712, 0.5316, 0.083],
      [0.9022, 15.135, 14.126, 1.0939, 6.8264, 4.9808, 9.3333, 16.0729, 12.8648, 11.3513, 16.3963, 2.8812, 0.6551, 1.978, 12.9891, 7.063, 5.62, 12.8791, 4.2398, 11.8884, 8.5765, 12.3603, 13.8738, 2.2703, 9.3425, 0.5045, 2.7748, 11.3513, 20.6845, 8.072, 3.7426, 6.6046, 11.8255, 5.3938, 0.8806, 9.8378, 1.8713, 34.8105, 3.5315],
      [1.6091, 5.349, 5.0841, 0.5881, 2.2683, 1.5962, 3.1084, 5.8807, 4.9162, 3.7805, 5.4607, 0.4201, 0.252, 0.5041, 4.3835, 2.3523, 1.6979, 3.7805, 1.0921, 3.5284, 3.8698, 4.1165, 4.6206, 0.2663, 2.2683, 0.2125, 0.9241, 3.7805, 8.7304, 2.6883, 1.7642, 2.2683, 2.6043, 1.6815, 1.1761, 3.2764, 1.0081, 8.2122, 1.1761],
      [0.4905, 10.4466, 6.8668, 0.8583, 4.3093, 2.3298, 6.602, 8.5828, 6.0662, 3.0652, 6.9235, 0.6131, 0.3679, 1.4031, 7.456, 7.0068, 2.6977, 8.9081, 1.5941, 5.2539, 4.1691, 6.0084, 6.7441, 0.7931, 3.3108, 0.2452, 1.3488, 6.4637, 10.0549, 3.9239, 2.2507, 3.3108, 8.3255, 2.4524, 1.3075, 4.7822, 1.2754, 12.2313, 1.7167],
      [0.4559, 21.5943, 22.7104, 2.1834, 9.4152, 6.8474, 14.3188, 26.5274, 20.6827, 20.8153, 29.1868, 0.4536, 0.7091, 1.5703, 18.9804, 9.6882, 8.9547, 13.7336, 3.4237, 16.3797, 13.7885, 19.8716, 22.3049, 4.804, 8.5593, 0.8559, 4.461, 18.2494, 30.7617, 12.9774, 10.6223, 11.5381, 5.9998, 7.8675, 9.7807, 15.8162, 6.4111, 55.965, 5.6776]
    ]
  ],
  "V_est": [
    [6.5515, 0.7801, 10.9089, 1115.7542, 83.7634, 3636.7909, 24.451],
    [49.0206, 1300.918, 44.4396, 361.4516, 245.5264, 181.7846, 25.8593],
    [27.709, 474.3864, 261.7053, 182.9996, 8993.316, 353.2142, 478.6695],
    [31.3097, 12.8356, 29.7371, 403.237, 173.4679, 8658.17, 159.2428],
    [3.2675, 8.1435, 1591.5931, 79.2801, 241.2438, 1585.4402, 3.0319],
    [1148.0154, 7.8937, 66.1662, 537.6924, 120.3857, 480.0439, 41.8027],
    [63.1263, 108.0428, 8.4499, 337.5852, 112.2968, 172.5562, 514.9428]
  ],
  "p_est": [
    [0.0013, 0.0002, 0.0022, 0.2287, 0.0172, 0.7454, 0.005],
    [0.0222, 0.5889, 0.0201, 0.1636, 0.1111, 0.0823, 0.0117],
    [0.0026, 0.044, 0.0243, 0.017, 0.8349, 0.0328, 0.0444],
    [0.0033, 0.0014, 0.0031, 0.0426, 0.0183, 0.9145, 0.0168],
    [0.0009, 0.0023, 0.4532, 0.0226, 0.0687, 0.4514, 0.0009],
    [0.4779, 0.0033, 0.0275, 0.2239, 0.0501, 0.1999, 0.0174],
    [0.0479, 0.082, 0.0064, 0.2563, 0.0853, 0.131, 0.391]
  ],
  "EI_Z": {},
  "EI_V": 13.0562,
  "MAE_Z": {},
  "MAE_V": 184.167,
  "MAE_p": 0.0528,
  "runtime": 14.214
}
