{
  "Z_true": {},
  "V_true": [
    [693, 1983, 416, 131],
    [167, 7934, 220, 344],
    [219, 1580, 15667, 534],
    [106, 1379, 404, 234],
    [92, 498, 937, 365]
  ],
  "p_true": [
    [0.215, 0.6153, 0.1291, 0.0406],
    [0.0193, 0.9156, 0.0254, 0.0397],
    [0.0122, 0.0878, 0.8704, 0.0297],
    [0.0499, 0.6496, 0.1903, 0.1102],
    [0.0486, 0.2632, 0.4952, 0.1929]
  ],
  "Z_est": [
    [
      [15.3258, 21.6766, 10.146, 14.4624, 5.8322, 9.0895, 1.3699, 9.318, 22.0189, 18.8753, 6.0064, 13.8339, 36.9456, 11.0973, 33.2884, 8.0444, 14.4544, 16.3677, 22.1399, 7.9156, 18.5023, 24.1913, 14.9119, 12.0135, 21.7147, 23.2709, 16.8834, 9.8933, 19.146, 18.8277, 18.7671, 4.0094, 3.7934, 38.1765, 13.408, 44.9236, 27.4743, 9.6555, 57.0378, 27.0548, 9.4937, 6.8173, 1.352, 22.2582, 11.3953, 87.8721, 12.2057, 93.3705, 22.9612],
      [18.949, 30.9124, 18.7305, 13.3149, 20.4452, 12.9865, 1.7092, 9.9472, 37.9122, 42.0191, 19.7437, 24.2754, 65.125, 23.1605, 73.2444, 26.019, 34.6512, 29.1731, 32.5711, 12.4079, 29.3157, 26.3537, 17.7526, 21.688, 32.3486, 41.3526, 33.8806, 19.3879, 37.2652, 29.7007, 53.8967, 13.0026, 13.9491, 63.7933, 45.6999, 73.6779, 68.6642, 22.4384, 90.448, 31.3024, 17.0688, 16.5112, 3.8062, 26.3866, 17.7204, 163.9244, 20.3613, 113.132, 20.6139],
      [5.6954, 6.9719, 4.402, 4.6055, 3.7214, 5.2717, 0.8123, 4.7936, 14.8912, 9.4687, 4.1501, 5.9347, 13.1933, 5.4901, 19.3806, 4.8932, 7.8781, 8.822, 10.5898, 1.6886, 8.0568, 6.1393, 2.5376, 4.223, 5.4664, 10.0134, 7.0196, 5.6668, 7.6711, 5.6935, 9.9886, 2.3733, 3.4474, 12.3123, 10.4448, 15.7625, 12.2258, 6.1167, 21.5941, 10.6963, 5.3572, 3.3564, 0.6875, 5.721, 6.5042, 51.1112, 5.3207, 24.6802, 6.1201],
      [1.0297, 2.4391, 0.7215, 0.6172, 1.0011, 0.6523, 0.1086, 0.9412, 2.1777, 3.6368, 1.0998, 0.9561, 3.7361, 1.2522, 4.0866, 1.0434, 2.0163, 1.6372, 1.6992, 0.9878, 1.1253, 1.3157, 0.798, 1.0755, 2.4703, 2.363, 1.2165, 1.052, 1.9176, 1.778, 2.3477, 0.6147, 0.8101, 3.7179, 2.4473, 3.636, 3.6357, 1.7894, 6.9201, 1.9466, 1.0803, 1.3151, 0.1543, 2.6342, 1.3801, 9.0923, 1.1123, 8.8173, 1.3049]
    ],
    [
      [3.249, 3.3039, 1.853, 1.1581, 0.3268, 0.4507, 0.0755, 0.6842, 1.3476, 1.1403, 0.3939, 0.9834, 2.3141, 1.1232, 2.482, 0.6085, 0.7736, 1.721, 1.522, 1.9104, 2.146, 5.0642, 1.5795, 2.3984, 2.4513, 2.7808, 3.1961, 2.289, 1.5069, 1.3521, 1.0405, 0.4204, 0.0567, 3.8322, 0.8371, 5.9824, 1.5144, 0.6069, 1.5026, 1.1408, 0.5933, 1.4125, 0.2616, 5.7213, 3.1039, 8.8632, 1.5955, 6.6027, 0.7978],
      [186.2969, 217.1096, 147.5213, 51.232, 63.1891, 29.9432, 5.172, 34.1993, 105.5889, 117.3915, 88.2917, 78.0768, 183.9157, 104.8743, 255.7851, 103.3811, 86.6961, 138.2133, 101.5098, 130.0898, 139.5764, 272.6107, 98.1727, 187.1004, 168.8528, 222.3553, 231.9393, 202.4681, 130.4388, 96.0314, 152.7006, 75.0584, 62.2646, 289.4436, 188.6268, 445.2516, 176.178, 66.459, 108.5349, 61.5171, 48.7476, 159.4534, 22.7646, 265.9604, 214.5847, 755.7606, 117.6079, 390.5658, 36.4347],
      [4.0325, 3.4919, 2.4427, 1.298, 0.8632, 0.883, 0.1694, 1.2412, 3.0752, 1.9036, 1.3217, 1.3379, 2.6614, 1.6851, 4.8256, 1.4756, 1.3905, 2.9691, 2.3779, 1.2886, 2.7405, 4.5991, 1.2362, 2.5294, 2.2378, 3.755, 3.5496, 4.1759, 1.8846, 1.2561, 2.1816, 0.9676, 1.0568, 4.0692, 3.1683, 6.8539, 2.4109, 1.2801, 1.8451, 1.5252, 1.0797, 2.2598, 0.2374, 4.3903, 5.8904, 17.224, 2.0925, 6.24, 0.7829],
      [18.4216, 31.0946, 10.183, 4.312, 5.6209, 2.7231, 0.583, 5.8753, 10.9883, 18.5645, 8.9928, 5.6018, 19.1088, 10.3175, 25.9072, 7.5348, 9.1397, 14.0966, 9.5904, 18.7112, 9.5371, 24.726, 8.0117, 16.9718, 23.4582, 23.1089, 14.315, 20.067, 12.1697, 10.3604, 12.0773, 6.5536, 6.6219, 30.655, 18.3678, 39.9122, 16.8967, 9.654, 15.1174, 6.8169, 5.5794, 22.8743, 1.7365, 45.928, 30.421, 76.1522, 11.7041, 55.5915, 3.9846]
    ],
    [
      [4.7252, 6.1008, 2.9066, 2.1685, 0.4957, 1.8221, 0.4756, 2.1171, 2.6954, 2.1176, 0.2898, 2.4843, 4.6345, 1.3693, 3.8318, 0.9509, 1.9489, 2.2437, 2.6268, 1.4561, 4.2756, 5.6982, 2.4189, 1.8399, 3.887, 3.7519, 2.4509, 1.9673, 2.4493, 1.8929, 1.5746, 0.4115, 0, 5.5969, 0.2103, 8.2023, 3.075, 1.4112, 5.3936, 1.9458, 1.4072, 1.1011, 0.1622, 3.5882, 2.1853, 13.4318, 1.592, 8.6267, 0.9527],
      [44.0425, 66.7799, 38.3739, 17.2085, 26.2029, 14.6812, 1.7083, 10.8834, 29.7321, 37.2905, 16.5195, 29.7906, 58.4358, 19.8712, 69.9075, 34.4807, 37.8695, 27.4424, 25.9472, 16.9357, 50.9416, 55.7196, 25.1534, 23.3682, 43.8918, 47.6785, 43.1096, 27.511, 32.9799, 21.3029, 44.0183, 12.4931, 9.9037, 68.283, 52.5272, 99.8842, 59.2562, 27.7141, 63.1965, 16.86, 16.2899, 20.6953, 2.2679, 47.5481, 22.9246, 190.0191, 17.9772, 93.222, 10.6157],
      [461.7102, 512.3448, 306.7195, 211.203, 169.0811, 231.7954, 47.0896, 246.7303, 437.1712, 283.0803, 122.2967, 250.4371, 412.7652, 166.8277, 635.8722, 225.8294, 299.5011, 293.0977, 300.4263, 81.0548, 474.7828, 442.1426, 126.6336, 160.0681, 257.8168, 400.7875, 302.4395, 281.4775, 238.3569, 144.7793, 283.3527, 82.4983, 87.3488, 458.7086, 408.311, 734.6073, 370.5481, 261.5527, 518.1422, 209.1357, 185.1771, 144.6594, 16.4373, 332.8636, 298.9957, 2053.2418, 166.6141, 682.847, 111.6139],
      [1.5222, 1.7745, 0, 0.42, 1.2203, 0.7013, 0.7265, 1.2693, 1.4013, 0.5116, 0.894, 0.2879, 2.1645, 0.9318, 2.3884, 0.739, 1.6806, 1.2162, 0.9998, 0.5534, 0, 1.4396, 0.794, 0.7238, 1.4044, 1.7821, 0, 1.0441, 1.2139, 1.0249, 1.0544, 0.5971, 0.7474, 2.4114, 1.9515, 2.3061, 2.1207, 1.3221, 2.2676, 1.0584, 1.1258, 0.5442, 0.1326, 0, 0.8944, 5.3073, 0.8167, 2.3042, 0.8177]
    ],
    [
      [0.7226, 0.7665, 0.3302, 0.4482, 0.1018, 0.2581, 0, 0.1349, 0.2635, 0.2875, 0.1272, 0.2724, 0.3512, 0.2132, 0.5455, 0.0938, 0.2389, 0.232, 0.3721, 0.2231, 0.4169, 0.8311, 0.3904, 0.3702, 0.2156, 0.4273, 0.5627, 0.3651, 0.3081, 0.3612, 0.215, 0.0663, 0.0364, 0.5651, 0.2073, 1.1054, 0.2279, 0.0595, 0.2353, 0.3895, 0.119, 0.376, 0.1375, 1.0619, 0.8162, 1.4005, 0.3738, 0.9823, 0.0939],
      [42.4886, 51.62, 28.7087, 20.1972, 18.1062, 17.542, 0, 6.9681, 21.3251, 30.1896, 22.6201, 22.4899, 28.9802, 20.9313, 56.6862, 14.6802, 27.2083, 19.4709, 25.7257, 16.6821, 31.1, 43.5863, 23.1827, 31.2735, 15.2229, 35.588, 52.4413, 33.7172, 28.0219, 26.7709, 29.8317, 10.6223, 7.1354, 44.2304, 36.3612, 84.7894, 26.8295, 6.5783, 17.4639, 21.4834, 10.1707, 43.3962, 13.169, 60.5852, 59.0472, 122.061, 29.1599, 56.4327, 4.104],
      [8.0418, 7.3337, 4.247, 4.3892, 2.0739, 4.4753, 0, 2.1019, 5.2604, 4.2873, 2.9905, 3.4616, 3.6971, 3.1209, 9.4527, 1.7363, 3.8961, 3.7058, 5.2607, 1.4275, 5.3833, 6.3954, 2.0795, 3.8307, 1.6158, 5.4287, 6.8461, 6.2031, 3.6317, 3.2296, 3.4755, 1.217, 1.1084, 5.3748, 5.236, 11.4319, 2.9988, 1.1292, 2.6301, 4.6046, 2.0074, 5.5443, 1.4719, 8.2815, 13.6743, 23.9833, 4.7903, 7.7619, 0.7621],
      [9.747, 17.2798, 4.714, 3.9653, 3.7181, 3.7246, 0, 2.7951, 5.1509, 11.2356, 5.2622, 3.776, 6.9715, 4.7346, 13.3156, 2.4897, 6.6567, 4.5912, 5.6416, 5.6673, 5.0997, 9.1873, 4.3475, 6.5256, 4.9458, 8.5561, 8.1499, 7.7146, 6.0382, 6.6382, 5.4778, 2.0944, 1.7198, 10.8297, 8.1956, 17.6733, 5.9438, 2.2329, 5.6707, 5.5224, 2.7029, 14.6834, 2.2216, 26.0714, 19.4623, 28.5552, 6.676, 18.8231, 1.04]
    ],
    [
      [0.9773, 1.1522, 0.7642, 0.7628, 0.2435, 0.3797, 0.079, 0.7457, 0.6746, 0.5793, 0.1828, 0.4259, 0.7547, 0.197, 0.8522, 0.3024, 0.5842, 0.4356, 0.3392, 0.4948, 0.6593, 1.2152, 0.6993, 0.3779, 0.7315, 0.7691, 0.907, 0.4853, 0.5897, 0.566, 0.4029, 0.0924, 0.1134, 0.8293, 0.3374, 1.7863, 0.7083, 0.2669, 0.8307, 0.4692, 0.3868, 0.293, 0.0867, 1.3704, 0.4993, 2.4324, 0.233, 2.4179, 0.1944],
      [15.223, 20.5781, 17.6656, 9.0474, 11.0566, 6.8471, 1.4104, 10.002, 14.4416, 16.1093, 7.825, 9.3672, 16.5434, 5.1629, 23.3767, 12.439, 17.575, 9.7003, 6.2462, 9.8844, 13.0663, 16.7297, 10.7387, 8.5698, 13.684, 17.0255, 22.6292, 11.9158, 14.2941, 11.1941, 14.5528, 3.8236, 5.7472, 17.2497, 14.785, 36.397, 22.0722, 7.8103, 16.3567, 6.8371, 8.723, 8.9439, 2.9923, 20.5196, 9.723, 56.2348, 4.8937, 36.6474, 2.2317],
      [25.5201, 25.8578, 23.1888, 17.5043, 11.2603, 15.5747, 3.9286, 27.1331, 31.602, 20.26, 9.241, 12.8288, 18.6829, 6.8762, 34.4689, 13.0655, 22.3342, 16.4053, 11.3454, 7.5405, 20.0365, 21.7237, 8.5132, 9.3489, 12.8632, 23.0154, 26.1452, 19.4766, 16.4556, 12.0415, 15.0016, 3.9437, 8.0386, 18.535, 18.8399, 43.3444, 21.8165, 11.9213, 21.7884, 13.0381, 15.3786, 10.18, 3.1661, 24.7436, 19.9354, 97.4398, 7.1824, 44.4709, 3.721],
      [5.2795, 10.412, 4.3814, 2.6855, 3.4396, 2.1986, 0.5819, 6.1192, 5.2819, 9.0515, 2.7513, 2.3781, 6.019, 1.7639, 8.3021, 3.1931, 6.5067, 3.4588, 2.0691, 5.0802, 3.2379, 5.3314, 3.0489, 2.7034, 6.7213, 6.1899, 5.3187, 4.1223, 4.6606, 4.1984, 4.0428, 1.1402, 2.1007, 6.386, 5.0377, 11.4723, 7.403, 4.0016, 8.0241, 2.6556, 3.5116, 4.5831, 0.755, 13.3664, 4.8423, 19.893, 1.691, 18.4638, 0.8529]
    ]
  ],
  "V_est": [
    [989.5895, 1712.7406, 418.9617, 101.7082],
    [98.0708, 7615.9378, 134.2538, 816.7376],
    [138.9613, 1871.4559, 15930.9739, 58.609],
    [18.7001, 1496.9767, 233.0873, 374.2359],
    [31.6783, 676.8891, 926.7233, 256.7093]
  ],
  "p_est": [
    [0.307, 0.5314, 0.13, 0.0316],
    [0.0113, 0.8789, 0.0155, 0.0943],
    [0.0077, 0.104, 0.8851, 0.0033],
    [0.0088, 0.7051, 0.1098, 0.1763],
    [0.0167, 0.3578, 0.4898, 0.1357]
  ],
  "EI_Z": {},
  "EI_V": 5.2055,
  "MAE_Z": {},
  "MAE_V": 176.482,
  "MAE_p": 0.0395,
  "runtime": 0.074
}
