{
  "Z_true": {},
  "V_true": [
    [52, 61, 35, 1386, 244, 2745, 157],
    [509, 19, 18, 33, 290, 224, 61],
    [238, 198, 208, 225, 7511, 1344, 539],
    [76, 157, 126, 459, 202, 7078, 310],
    [67, 117, 1519, 192, 507, 1330, 103],
    [22, 871, 48, 64, 330, 1012, 177],
    [76, 38, 47, 60, 370, 277, 534]
  ],
  "p_true": [
    [0.0111, 0.013, 0.0075, 0.2962, 0.0521, 0.5865, 0.0335],
    [0.4411, 0.0165, 0.0156, 0.0286, 0.2513, 0.1941, 0.0529],
    [0.0232, 0.0193, 0.0203, 0.0219, 0.7319, 0.131, 0.0525],
    [0.009, 0.0187, 0.015, 0.0546, 0.024, 0.8418, 0.0369],
    [0.0175, 0.0305, 0.3961, 0.0501, 0.1322, 0.3468, 0.0269],
    [0.0087, 0.3451, 0.019, 0.0254, 0.1307, 0.401, 0.0701],
    [0.0542, 0.0271, 0.0335, 0.0428, 0.2639, 0.1976, 0.3809]
  ],
  "Z_est": [
    [
      [0.2494, 0.0654, 0.3897, 0.4026, 0.2354, 0.1059, 0.2275, 0.0805, 0.9187, 0.4372, 0.3498, 0.408, 0.4202, 0.2425, 0.0223, 0.0508, 0.3411, 0.1583, 0.0847, 0.3552, 0.5658, 0.346, 0.1348, 0.2892, 0.2366, 0.0127, 0.3088, 0.0161, 0.7288, 0.1933],
      [0.09, 0.0053, 0.0863, 0.0827, 0.0433, 0.1637, 0.0545, 0.0516, 0.0273, 0.083, 0.0525, 0, 0.0554, 0.0427, 0.0042, 0.0154, 0.056, 0.0264, 0.0252, 0.0566, 0.1387, 0.0471, 0.0199, 0.0703, 0.0365, 0.0074, 0.0623, 0.0015, 0.1029, 0.0119],
      [0.0314, 0, 0.6521, 0, 0.3272, 0.3742, 0.4123, 0, 0, 0.6275, 0.3966, 0.5065, 0.4191, 0.3227, 0.0314, 2.7869, 0.4235, 0.1994, 0.2486, 0.428, 1.0488, 0.3563, 0.1501, 0, 0.2756, 0.0731, 0.4706, 0.0112, 0.7776, 0],
      [2.8367, 5.5315, 74.4751, 74.2089, 34.3654, 46.6924, 52.3616, 44.6609, 21.3564, 70.3828, 46.6507, 56.1911, 54.0844, 38.9124, 4.4803, 5.2497, 54.877, 28.3291, 25.1421, 52.9998, 126.4654, 46.7258, 18.5426, 58.9485, 33.26, 6.4367, 51.1852, 2.5155, 100.4056, 9.9784],
      [0.3501, 0.4652, 7.245, 4.4738, 4.2438, 2.4015, 3.3223, 4.3134, 5.2506, 5.9677, 6.2302, 5.5039, 6.9378, 4.7314, 0.2209, 4.9347, 7.4329, 3.2748, 2.2426, 8.0186, 9.0528, 6.3757, 2.2946, 3.7172, 0.2896, 3.0067, 5.2156, 0.2349, 9.132, 0.8576],
      [10.4371, 11.9257, 208.0394, 199.7242, 106.7285, 117.1977, 127.5506, 124.8264, 64.4115, 202.3936, 123.2517, 163.3032, 125.0108, 99.6926, 9.2356, 38.9424, 125.7964, 56.9775, 57.2239, 129.0679, 330.5477, 105.0876, 45.8321, 173.8833, 88.8542, 15.4537, 152.6763, 2.2189, 235.7191, 28.9435],
      [0.0054, 0.007, 0.1125, 0.1078, 0.0564, 0.0645, 0.0711, 0.0672, 0.0356, 0.1082, 0.0684, 0.0873, 0.0723, 0.0557, 0.0054, 0.0201, 0.073, 0.0344, 0.0329, 0.0738, 0.1809, 0.0614, 0.0259, 0.0916, 0.0475, 0.0097, 0.0812, 0.0019, 0.1341, 0.0155]
    ],
    [
      [2.9946, 1.7517, 36.7145, 39.4495, 24.9654, 21.8198, 18.3039, 16.5832, 25.5339, 43.4223, 42.7802, 34.6215, 51.9937, 27.807, 1.7517, 10.4736, 40.4578, 18.8996, 17.456, 39.0068, 47.4553, 42.9332, 18.0744, 21.7876, 23.6482, 2.6184, 31.5503, 1.7517, 89.5333, 14.4833],
      [0.0397, 0.0199, 0.5361, 0.5559, 0.3475, 1.297, 0.2482, 0.5056, 0.2978, 0.5758, 0.6056, 0.4864, 0.6949, 0.407, 0.0199, 0.2085, 0.5857, 0.278, 0.2879, 0.5063, 0.6949, 0.5857, 0.278, 0.278, 0.268, 0.1907, 0.4567, 0.0199, 1.231, 0.1986],
      [0.067, 0.0335, 0.9051, 0.9386, 0.5866, 0.6201, 0.419, 0.5531, 0.5028, 0.9721, 1.0224, 0.8213, 1.1733, 0.6872, 0.0335, 1.887, 0.9889, 0.4693, 1.028, 0.8548, 1.1733, 0.9889, 0.4693, 0.4693, 0.4525, 0.2425, 0.771, 0.0335, 2.0783, 0],
      [0.4512, 0.1726, 7.5856, 7.6947, 4.2501, 5.1858, 4.4257, 6.5395, 3.3311, 7.7189, 7.1512, 6.3698, 8.4154, 5.1495, 0.1726, 2.0668, 7.5085, 3.7519, 3.6263, 6.6484, 11.2769, 7.1693, 3.2008, 4.6634, 2.3303, 0.6859, 5.8778, 0.1726, 15.1108, 2.1077],
      [0.1635, 0.0047, 2.2609, 1.9861, 1.8624, 1.0628, 1.3836, 1.2416, 0.0708, 2.7153, 2.9676, 2.6207, 3.6817, 2.2302, 0.0047, 3.7764, 3.5334, 2.2929, 4.8605, 0.4235, 4.0271, 3.0542, 1.3153, 0.5557, 0.0637, 1.2186, 2.4017, 0.0047, 4.3313, 0.7652],
      [0.2839, 0.0176, 5.9979, 5.3752, 2.988, 7.0145, 0.2196, 7.5771, 0.2636, 2.5956, 6.473, 4.0802, 4.041, 4.7191, 0.0176, 2.5877, 5.9258, 2.3082, 1.7412, 3.5602, 5.3725, 4.2687, 4.6621, 0.246, 0.2372, 0.0439, 4.9425, 0.0176, 11.7152, 2.4453],
      [0, 0, 0, 0, 0, 0, 0, 0, 0, 0, 0, 0, 0, 0, 0, 0, 0, 0, 0, 0, 0, 0, 0, 0, 0, 0, 0, 0, 0, 0]
    ],
    [
      [0.6503, 0.5939, 7.487, 7.9074, 5.6441, 3.0154, 4.2171, 2.2917, 8.8292, 9.1978, 9.2892, 7.6139, 15.0985, 4.6153, 1.0772, 1.4474, 7.2881, 3.0976, 2.4123, 12.2842, 9.0619, 11.165, 2.5329, 6.1911, 9.8929, 0.3618, 5.3906, 1.0322, 23.1373, 2.9642],
      [2.178, 0.734, 0.9466, 4.9715, 0.6521, 4.8725, 3.503, 2.7889, 4.4731, 5.8338, 5.482, 0, 7.4323, 11.6854, 0.1386, 1.6376, 10.8219, 3.6512, 0.3684, 7.6394, 10.5089, 10.9482, 2.4903, 3.5792, 8.3419, 3.4895, 4.2767, 0, 12.8492, 1.0385],
      [0.3454, 0, 6.512, 0, 0, 5.0677, 2.7866, 0, 0, 4.6408, 7.0856, 1.8615, 2.1492, 4.4288, 0, 2.4758, 2.1464, 2.9694, 4.2121, 2.9059, 8.3599, 0.3863, 3.576, 0, 7.0876, 18.7779, 13.6441, 0.6183, 7.5427, 0],
      [0.0348, 0.7096, 10.9841, 7.9406, 0.4032, 6.7467, 10.8601, 4.505, 0.2433, 9.1064, 3.8681, 5.6689, 13.9551, 5.2033, 2.1871, 0.0834, 13.0738, 5.5805, 6.9117, 13.1524, 30.0456, 11.2082, 2.6351, 6.4483, 6.5779, 0.0834, 1.5174, 1.412, 28.6286, 1.132],
      [23.0333, 23.1299, 321.336, 278.4154, 265.5142, 138.6606, 205.0138, 165.8764, 98.6463, 359.5427, 421.3104, 166.0148, 437.3577, 312.7452, 12.8498, 205.7139, 511.6598, 216.6253, 337.5382, 457.6768, 570.05, 435.8347, 171.1625, 225.9232, 400.8366, 207.8161, 334.6429, 16.2798, 604.2577, 57.0789],
      [5.6068, 0.5943, 40.3203, 16.9832, 40.2239, 35.6396, 16.1458, 8.472, 13.7276, 7.7984, 16.6549, 24.1906, 22.5398, 4.3673, 1.9308, 13.1173, 42.9599, 0, 6.3521, 14.5022, 61.5565, 22.3916, 5.1628, 23.4742, 16.1628, 14.5307, 37.4855, 1.7649, 38.3122, 21.6008],
      [1.1514, 7.2382, 54.414, 52.7818, 67.5626, 18.9975, 17.4736, 23.066, 11.0805, 36.88, 54.3098, 22.6502, 33.4675, 21.9548, 1.8165, 6.5246, 68.0502, 39.0761, 35.2051, 83.8391, 90.4172, 57.0662, 38.4404, 29.384, 42.1003, 13.9405, 18.0428, 0.8928, 108.2723, 6.1857]
    ],
    [
      [0.0793, 0.3356, 0.0542, 1.6679, 0.8517, 0.0301, 0.8676, 0.0229, 0.5361, 4.4205, 1.0799, 1.0275, 1.0111, 0.792, 0.109, 0.0144, 1.4072, 0.5926, 0.0241, 0.9608, 0.0698, 1.0358, 0.0541, 1.3583, 1.7616, 0.0036, 1.1674, 0.0564, 1.9367, 0.3072],
      [0.5241, 1.9249, 0, 1.9658, 1.5212, 1.6721, 1.1423, 1.6547, 0.9174, 2.7199, 1.8986, 0, 1.736, 1.4051, 0, 0.5225, 2.5198, 7.2522, 0.8593, 1.6779, 0.9773, 1.8115, 0.5922, 0, 1.3934, 1.1902, 2.096, 0, 8.6242, 0],
      [0.1133, 0, 2.2227, 0, 0.3267, 1.3591, 1.6556, 0, 0, 2.1177, 1.5431, 0, 1.411, 7.8966, 0, 0.4247, 2.0481, 0.8589, 10.7013, 1.3638, 1.7162, 1.4724, 1.5477, 0, 1.1326, 4.2438, 1.7036, 0.0802, 2.7324, 0],
      [1.0502, 3.3545, 34.3421, 34.4632, 13.3373, 28.6358, 31.5161, 20.6746, 7.3512, 29.273, 22.4125, 24.7851, 26.9248, 18.7152, 2.3392, 2.5204, 28.8805, 19.2102, 12.8152, 25.5509, 61.4786, 24.1322, 8.9315, 27.1092, 16.3821, 2.5204, 23.0093, 2.5534, 50.273, 3.7806],
      [0.3307, 1.293, 1.9598, 10.0795, 3.7004, 0.896, 1.289, 3.2586, 0.6131, 24.1344, 5.1718, 1.0375, 6.9192, 3.8676, 0.0838, 2.3841, 6.5394, 6.7413, 6.9333, 2.2784, 3.5475, 5.1374, 0.8041, 1.4096, 1.8921, 2.9314, 4.9525, 0.2336, 8.2746, 0.3406],
      [21.8099, 48.8644, 420.501, 459.8744, 240.0318, 255.4069, 344.5293, 259.3892, 148.3384, 378.3345, 292.1097, 284.4762, 258.452, 207.2628, 18.4207, 83.7389, 388.9096, 145.7951, 115.4066, 254.7074, 763.2844, 275.7541, 89.2019, 396.1152, 215.3946, 192.365, 324.9973, 13.9317, 502.229, 87.5716],
      [0.0926, 0.2277, 11.9203, 9.9492, 2.2309, 0, 0, 0, 0.2439, 0, 2.7844, 2.6737, 2.5459, 2.0606, 0.0472, 0.3948, 3.6955, 1.5497, 1.2602, 2.4608, 12.9262, 2.6566, 0.8685, 0.0077, 2.0436, 1.7455, 3.0739, 0.1448, 4.9301, 0]
    ],
    [
      [0.0251, 0.2523, 0.34, 0.5564, 0.293, 0.0206, 0.376, 0.0157, 2.1755, 0.5034, 0.4832, 0.315, 0.4543, 0.5321, 0.0388, 0.0099, 0.4895, 0.2443, 0.0165, 0.3757, 0.8281, 0.5018, 0.1966, 0.364, 0.4489, 0.0025, 0.5701, 0.1426, 0.6264, 0.0464],
      [0.9722, 1.9457, 6.4089, 8.2408, 4.8437, 6.0285, 6.271, 5.1767, 3.5328, 9.7454, 8.558, 4.7746, 7.8687, 9.7401, 0.4916, 2.8396, 9.614, 6.3017, 4.1641, 6.8517, 14.0707, 9.3324, 3.5153, 6.6527, 7.6846, 5.1745, 8.7288, 0.1961, 12.2314, 0.7068],
      [4.4199, 4.9665, 64.3865, 53.8432, 47.4839, 62.3778, 67.5139, 30.1655, 25.4455, 88.3088, 87.51, 51.6787, 74.5432, 102.3891, 5.9236, 37.2933, 83.9567, 44.2331, 69.4651, 63.9823, 149.0186, 82.3713, 37.9009, 52.2895, 82.7416, 99.5247, 112.0834, 4.2452, 107.1915, 4.9598],
      [0.0245, 0.0417, 0.4303, 1.1358, 0.2954, 0.3766, 0.4335, 0.3083, 0.1855, 0.5428, 0.4776, 0.3618, 0.4739, 0.5144, 0.2265, 0.0158, 0.5184, 0.2681, 0.3068, 0.4122, 0.9661, 0.5034, 0.1961, 0.4182, 0.4302, 0.3385, 0.5606, 0.0251, 0.7096, 0.0495],
      [1.4849, 2.0781, 20.6011, 20.1009, 17.7482, 16.2829, 19.9949, 14.3636, 9.4807, 28.5266, 28.7951, 15.7042, 27.4359, 28.7572, 2.1992, 9.4557, 31.4121, 15.0935, 16.2036, 21.8176, 46.6983, 29.8388, 12.1423, 19.7399, 36.6594, 22.6109, 30.7557, 1.2087, 37.2663, 2.7231],
      [2.0549, 3.689, 32.5758, 46.8533, 39.1094, 41.6522, 52.1081, 49.7643, 29.0359, 59.986, 54.8036, 41.929, 52.8864, 65.639, 6.0894, 18.2458, 58.6284, 26.6678, 28.599, 43.2784, 109.7554, 65.0654, 19.8965, 60.2475, 44.6793, 42.9971, 68.8444, 2.1658, 60.524, 4.4876],
      [0.0185, 0.0268, 0.2573, 0.2696, 0.2264, 0.2614, 0.3026, 0.2058, 0.1441, 0.3869, 0.3725, 0.2367, 0.3375, 0.4281, 0.0309, 0.14, 0.3808, 0.1914, 0.2449, 0.282, 0.6627, 0.3869, 0.1523, 0.2881, 0.3561, 0.352, 0.4569, 0.0165, 0.4507, 0.0268]
    ],
    [
      [0.0007, 0.0005, 0.0077, 0.0086, 0.0055, 0.0043, 0.0041, 0.0033, 0.0065, 0.0099, 0.0092, 0.0075, 0.0118, 0.0058, 0.0005, 0.0021, 0.0086, 0.0039, 0.0034, 0.0091, 0.0099, 0.0096, 0.0036, 0.0051, 0.0062, 0.0005, 0.0067, 0.0005, 0.0199, 0.0031],
      [5.703, 15.2208, 42.3926, 54.5312, 27.7522, 31.5923, 33.4553, 30.6874, 18.3232, 58.0366, 48.0272, 31.8128, 42.0935, 49.9155, 2.1976, 14.7341, 52.4375, 37.6198, 19.9403, 36.4791, 75.2978, 49.5074, 19.6996, 39.797, 38.3523, 17.5121, 43.3076, 0.7325, 64.7485, 3.7463],
      [0, 0, 0, 0, 0, 0, 0, 0, 0, 0, 0, 0, 0, 0, 0, 0, 0, 0, 0, 0, 0, 0, 0, 0, 0, 0, 0, 0, 0, 0],
      [0.4343, 1.7775, 5.5839, 6.5344, 3.3937, 3.233, 3.8431, 3.5321, 1.7422, 6.7051, 5.4373, 4.2736, 4.4071, 4.9571, 0.263, 1.6478, 5.3161, 3.7415, 2.3972, 3.6697, 8.5193, 4.9646, 2.2187, 4.8808, 3.8287, 1.518, 4.8321, 0.0889, 5.9106, 0.3522],
      [0.3935, 0.5246, 5.4502, 4.7361, 5.9302, 2.4919, 3.5849, 2.9728, 1.705, 11.5143, 7.2135, 2.8854, 7.4175, 5.4502, 0.2332, 4.0986, 8.6708, 3.8035, 8.1239, 0.41, 9.8658, 7.4467, 3.7617, 4.9649, 5.1236, 3.6578, 5.8583, 0.2769, 10.3175, 0.9472],
      [3.4686, 23.4766, 74.5656, 84.1897, 40.9184, 36.6784, 47.1126, 43.8044, 18.2231, 77.734, 64.3128, 59.0207, 47.0701, 53.6714, 3.3058, 17.5175, 55.567, 40.8313, 24.5352, 43.4321, 101.3072, 52.0717, 25.3165, 62.3521, 40.6893, 12.3116, 56.9954, 0.9012, 54.0035, 2.9512],
      [0, 0, 0, 0, 0, 0, 0, 0, 0, 0, 0, 0, 0, 0, 0, 0, 0, 0, 0, 0, 0, 0, 0, 0, 0, 0, 0, 0, 0, 0]
    ],
    [
      [0.0006, 0.0006, 0.0069, 0.0075, 0.005, 0.0039, 0.0037, 0.0028, 0.0001, 0.0088, 0.0083, 0.0066, 0.0104, 0.0053, 0.0004, 0.0018, 0.0078, 0.0036, 0.0029, 0.0082, 0.0092, 0.0086, 0.0034, 0.0046, 0.0056, 0.0004, 0.006, 0.0004, 0.0176, 0.0027],
      [0.493, 1.1495, 2.6295, 3.6521, 1.84, 2.3739, 2.3258, 2.1351, 1.4284, 4.0054, 3.3762, 1.9262, 3.1191, 3.8042, 0.1483, 1.0423, 3.965, 2.8707, 1.3547, 2.7889, 5.3116, 3.7676, 1.4048, 2.6228, 2.9232, 1.4356, 3.072, 0.0501, 5.2129, 0.298],
      [0.023, 0, 0.3215, 0.2182, 0.2756, 0.201, 0.2124, 0.2813, 0.0517, 0.333, 0.4421, 0.1321, 0.3043, 0.2756, 0.0115, 0.1322, 0.4364, 0.2699, 0.3449, 0.4651, 0.6833, 0.4249, 0.356, 0.2412, 0.3101, 0.138, 0.3273, 0.0115, 0.6775, 0.0402],
      [0.1684, 0.4126, 4.5988, 3.0225, 1.9548, 3.1297, 3.56, 2.7797, 0.7904, 4.271, 3.0026, 3.3497, 3.7392, 2.5481, 0.3314, 0.4162, 3.8257, 2.1187, 1.8008, 3.5665, 8.2481, 3.2966, 1.2752, 3.5315, 2.1909, 0.4171, 3.0176, 0.2325, 6.9617, 0.5996],
      [1.2441, 8.5045, 15.1471, 5.2081, 13.0009, 9.2043, 11.4114, 11.9736, 1.2335, 19.599, 23.3114, 4.2335, 19.2502, 16.2181, 0.4084, 10.6367, 25.7517, 13.1686, 26.0978, 24.3751, 33.7586, 23.3126, 27.5195, 12.6895, 18.135, 9.7586, 18.1733, 0.7614, 34.4205, 2.2875],
      [0.3388, 0.4325, 0, 0, 0, 3.4107, 2.3339, 9.1665, 4.7299e-06, 1.1578, 7.3944, 0, 0, 2.6478, 1.0511e-06, 0.8504, 0.2129, 3.42, 1.142, 3.4519, 7.1763, 4.3609, 0.9282, 1.6818, 1.9827, 0.298, 7.0586, 1.0511e-06, 5.4969, 3.6788e-06],
      [1.7321, 8.5004, 33.296, 25.8916, 30.9237, 16.6766, 17.1527, 22.6609, 5.496, 28.6249, 39.4649, 13.3521, 26.5767, 22.5009, 1.1, 9.9205, 41.8005, 25.1484, 29.2569, 46.3443, 63.8131, 38.8288, 30.5129, 21.2286, 28.4526, 11.9523, 25.3452, 0.944, 65.2128, 3.7721]
    ]
  ],
  "V_est": [
    [8.3773, 1.5204, 11.3508, 1248.2521, 127.7375, 3280.9532, 1.8087],
    [810.6227, 12.7051, 21.2424, 150.8112, 56.8806, 101.738, 0],
    [185.7876, 137.333, 109.5802, 210.9067, 7982.5426, 574.5686, 1062.2814],
    [23.6356, 48.5988, 48.6715, 608.3221, 119.0345, 7487.2034, 72.5341],
    [11.2449, 182.663, 1802.2135, 11.547, 587.1796, 1232.2588, 7.8932],
    [0.1781, 1005.6529, 0, 110.0034, 139.8306, 1268.335, 0],
    [0.1538, 72.5268, 7.9416, 79.1575, 440.7946, 64.9431, 736.4826]
  ],
  "p_est": [
    [0.0018, 0.0003, 0.0024, 0.2667, 0.0273, 0.7011, 0.0004],
    [0.7024, 0.011, 0.0184, 0.1307, 0.0493, 0.0882, 0],
    [0.0181, 0.0134, 0.0107, 0.0206, 0.7778, 0.056, 0.1035],
    [0.0028, 0.0058, 0.0058, 0.0724, 0.0142, 0.8905, 0.0086],
    [0.0029, 0.0476, 0.4699, 0.003, 0.1531, 0.3213, 0.0021],
    [0.0001, 0.3984, 0, 0.0436, 0.0554, 0.5025, 0],
    [0.0001, 0.0517, 0.0057, 0.0565, 0.3144, 0.0463, 0.5253]
  ],
  "EI_Z": {},
  "EI_V": 11.4826,
  "MAE_Z": {},
  "MAE_V": 151.224,
  "MAE_p": 0.0474,
  "runtime": 1.1842
}
