{
  "Z_true": {},
  "V_true": [
    [56, 172, 118, 240, 937, 73],
    [67, 158, 473, 369, 1351, 182],
    [195, 26, 5558, 46, 428, 19],
    [502, 4358, 159, 112, 1202, 25],
    [314, 80, 270, 6282, 991, 30],
    [289, 84, 155, 109, 7804, 27],
    [441, 465, 628, 633, 964, 265]
  ],
  "p_true": [
    [0.0351, 0.1078, 0.0739, 0.1504, 0.5871, 0.0457],
    [0.0258, 0.0608, 0.1819, 0.1419, 0.5196, 0.07],
    [0.0311, 0.0041, 0.8862, 0.0073, 0.0682, 0.003],
    [0.079, 0.6854, 0.025, 0.0176, 0.1891, 0.0039],
    [0.0394, 0.01, 0.0339, 0.7885, 0.1244, 0.0038],
    [0.0341, 0.0099, 0.0183, 0.0129, 0.9216, 0.0032],
    [0.1299, 0.1369, 0.1849, 0.1864, 0.2839, 0.078]
  ],
  "Z_est": [
    [
      [4, 4, 3, 3, 3, 4, 4, 2, 2, 3, 3, 3, 3, 3, 2, 3, 3, 4, 3, 3, 3, 3, 4, 3, 3, 3, 3, 2, 3, 3, 3, 4, 3, 4, 3, 2, 3, 3, 4, 3, 4, 4, 5, 3, 3, 3, 3, 5, 5, 3, 3, 3, 4, 2, 2, 3, 5, 4, 3, 2, 5, 4, 4, 4, 4, 4, 7],
      [3, 4, 2, 3, 5, 2, 1, 3, 3, 1, 1, 1, 1, 1, 2, 2, 1, 2, 2, 1, 3, 2, 2, 3, 3, 1, 1, 2, 3, 1, 1, 3, 2, 1, 3, 2, 2, 1, 3, 2, 5, 2, 6, 1, 3, 4, 3, 5, 3, 3, 1, 3, 2, 1, 2, 3, 3, 2, 3, 1, 7, 4, 2, 2, 3, 3, 34],
      [2, 2, 2, 3, 3, 1, 1, 6, 2, 2, 1, 7, 10, 9, 6, 12, 7, 4, 4, 3, 2, 3, 2, 3, 5, 2, 1, 1, 4, 1, 3.2493e-16, 1, 3, 1, 1, 5, 4, 3, 4, 2, 3, 1, 1, 6.3019e-15, 8.805e-17, 8, 3, 10, 12, 5, 3, 7.1809e-13, 5.5015e-13, 2.4805e-17, 8, 12, 6, 5, 5, 4, 6, 4, 2, 1, 1, 1, 66],
      [8, 5, 4, 6, 8, 4, 4, 7, 3, 3, 3, 2, 2, 3, 3, 4, 2, 5, 6, 2, 5, 3, 3, 5, 7, 1, 3, 2, 5, 2, 2, 3, 3, 2, 3, 4, 4, 1, 3, 3, 6, 3, 8, 2, 3, 6, 4, 5, 6, 5, 1, 3, 2, 1, 3, 4, 6, 3, 4, 4, 9, 5, 3, 3, 4, 4, 45],
      [12, 8, 6, 10, 10, 5, 6, 7, 5, 4, 4, 6, 10, 10, 7, 13, 8, 10, 10, 5, 5, 5, 5, 8, 10, 5, 5, 4, 8, 4, 2, 5, 7, 4, 4, 9, 8, 5, 10, 5, 8, 7, 3, 1, 1, 8, 2, 12, 13, 6, 4, 2, 1, 2.4453e-15, 9, 11, 15, 11, 11, 11, 18, 10, 9, 7, 7, 9, 99],
      [1.6654e-20, 3.5794e-23, 1.5018e-19, 3.8815e-22, 3.7085e-19, 1.1095e-23, 4.6337e-11, 1.595e-10, 5.1693e-22, 2.025e-15, 7.0282e-22, 1.4994e-21, 4.467e-21, 3.8138e-16, 4.6254e-18, 2.4007e-16, 1.7575e-19, 2.228e-25, 9.3459e-20, 1.4592e-21, 1.2189e-20, 8.8763e-19, 4.1732e-17, 4.3095e-23, 8.0107e-18, 3.132e-20, 4.6253e-24, 1.9976e-20, 7.0054e-15, 5.4594e-19, 7.321e-18, 2.1389e-22, 1.0374e-18, 3.0836e-15, 4.4125e-22, 1.3007e-22, 3.0506e-21, 1.3352e-13, 2.2913e-22, 2.6372e-16, 1.3311e-21, 1.879e-28, 4.807e-24, 5.5254e-15, 1.968e-18, 2.708e-21, 5.5411e-15, 6.1174e-23, 1, 1.2065e-22, 8.1901e-16, 1.384e-18, 2.2707e-20, 4.6504e-18, 4.3744e-20, 3.0774e-24, 6.3659e-23, 1.1216e-24, 7.265e-15, 2.8233e-10, 1, 1.9831e-27, 8.7386e-30, 1.7422e-15, 1.6517e-17, 1.2091e-22, 5]
    ],
    [
      [3, 3, 3, 1, 1, 2, 2, 2, 2, 1, 2, 1, 1, 2, 1, 1, 2, 4, 3, 3, 6.821e-21, 2, 2.0261e-18, 4, 1, 3, 2, 3, 2, 2, 1, 3, 1, 6.8375e-12, 1, 4, 2, 1, 1, 1, 1, 3, 2, 1.0831e-13, 1, 2, 1, 3, 2, 2, 1, 6, 3, 3, 1, 2, 3, 2, 2.9617e-16, 1, 4, 2, 3, 3, 3, 2, 13],
      [4, 9, 4, 5, 7, 7, 5, 1, 9, 6, 5, 4, 3, 2, 3, 3, 4, 7, 5, 6, 6, 4, 4, 4, 5, 8, 4, 5, 5, 5, 6, 7, 5, 5, 7, 4, 5, 3, 6, 8, 7, 10, 6, 5, 6, 9, 8, 8, 6, 5, 7, 10, 7, 5, 5, 5, 9, 7, 6, 3, 9, 8, 9, 4, 6, 7, 78],
      [3, 3, 3, 4, 3, 2, 2, 2, 6, 6, 5, 10, 10, 11, 13, 8, 13, 9, 9, 10, 2, 4, 2, 4, 8, 7, 2, 1, 4, 4, 1, 2, 5, 2, 2, 9, 7, 6, 4, 6, 5, 4, 1.5198e-21, 1.1285e-12, 1.6162e-15, 12, 5, 12, 14, 6, 15, 1.8007e-13, 2.8249e-13, 1, 13, 27, 10, 10, 5, 5, 6, 5, 7, 1, 2, 2, 146],
      [9, 8, 5, 6, 7, 7, 7, 2, 10, 7, 8, 3, 2, 4, 6, 3, 5, 11, 11, 9, 5, 4, 3, 6, 10, 6, 4, 4, 5, 5, 4, 5, 5, 3, 5, 7, 7, 3, 4, 6, 7, 8, 5, 4, 4, 9, 6, 6, 6, 6, 6, 8, 5, 4, 5, 8, 11, 6, 4, 6, 9, 6, 9, 4, 6, 5, 100],
      [14, 12, 8, 10, 10, 10, 11, 3, 13, 10, 11, 10, 10, 12, 13, 9, 15, 23, 20, 17, 5, 7, 4, 11, 15, 19, 7, 7, 8, 9, 5, 8, 10, 6, 6, 17, 13, 8, 12, 13, 9, 21, 2, 1, 1, 12, 4, 14, 14, 7, 17, 6, 3, 1, 14, 24, 25, 20, 11, 15, 19, 13, 26, 9, 11, 12, 218],
      [3.0438e-19, 7.0595e-25, 3.9888e-18, 1.9915e-23, 7.411e-19, 8.5264e-22, 1.2421e-16, 9.8022e-11, 1.9048e-17, 8.6629e-18, 3.5649e-20, 6.5463e-19, 1.6001e-16, 2.3917e-18, 3.513e-18, 1.7787e-21, 3.6493e-23, 6.6867e-25, 1.3493e-21, 2.1861e-17, 5.6202e-23, 2.2292e-13, 1.3418e-19, 2.0167e-16, 1, 8.4978e-20, 1.9511e-17, 2.0156e-19, 5.4402e-21, 1.4168e-20, 2.0856e-17, 4.7401e-24, 7.1076e-25, 1.0029e-13, 1.1492e-20, 1.8508e-20, 2.8887e-21, 3.4589e-17, 2.8665e-22, 2.3112e-12, 4.5717e-20, 2.5629e-27, 3.9002e-24, 9.7034e-14, 7.2282e-17, 4.8325e-21, 1.803e-18, 1.1609e-21, 1, 7.4587e-22, 1, 7.1809e-13, 2.7736e-13, 3.4185e-18, 2.5053e-21, 1, 2.2699e-25, 5.1289e-22, 2.1132e-12, 9.3074e-12, 1, 1.3066e-17, 4.9621e-24, 1.7422e-15, 1.6517e-17, 1.2046e-22, 11]
    ],
    [
      [3, 2, 3, 2, 2, 3, 1, 1.5089e-10, 2, 1, 4, 6, 6, 4, 4, 3, 4, 5, 3, 5, 1, 2, 2, 4, 2, 3, 3, 2, 1, 4, 2, 4, 2, 1, 2, 3, 5, 5, 3, 1, 2, 3, 2, 5.4255e-13, 1, 2, 5, 7, 8, 5, 2, 2, 1, 2, 6, 5, 5, 3, 3.7173e-15, 1, 4, 3, 3, 1, 2, 2, 32],
      [9, 7, 10, 9, 9, 9, 5, 11, 11, 9, 6, 11, 11, 11, 8, 9, 16, 9, 9, 9, 8, 13, 8, 10, 7, 8, 7, 7, 14, 11, 6, 6, 12, 7, 8, 13, 12, 11, 12, 13, 7, 8, 6, 4, 7, 18, 17, 18, 13, 12, 12, 6, 5, 8, 13, 11, 7, 13, 6, 6, 11, 16, 11, 6, 7, 5, 210],
      [5, 6, 8, 11, 10, 6, 4, 14, 10, 13, 9, 57, 85, 53, 55, 50, 49, 18, 19, 21, 10, 14, 13, 10, 18, 10, 3, 4, 14, 11, 3, 6, 16, 6, 7, 23, 21, 29, 12, 14, 8, 9, 3, 7.229e-13, 1, 33, 18, 39, 45, 20, 41, 1, 2.8192e-13, 1, 60, 64, 17, 27, 16, 11, 11, 17, 11, 1, 3, 5, 399],
      [15, 9, 12, 16, 16, 13, 9, 18, 14, 12, 15, 20, 18, 18, 25, 18, 18, 18, 21, 16, 17, 14, 14, 14, 19, 7, 7, 6, 14, 14, 7, 7, 14, 8, 8, 19, 21, 14, 10, 13, 13, 10, 6, 3, 6, 24, 20, 19, 21, 17, 17, 3, 3, 5, 24, 22, 16, 16, 10, 13, 13, 17, 12, 4, 7, 6, 273],
      [24, 13, 19, 26, 22, 16, 14, 19, 18, 18, 21, 52, 77, 53, 55, 51, 54, 38, 36, 31, 17, 22, 22, 24, 30, 23, 13, 10, 24, 25, 7, 12, 29, 13, 10, 43, 39, 38, 30, 26, 15, 27, 2, 1, 2, 30, 14, 40, 45, 22, 46, 2, 2, 2, 65, 58, 37, 50, 26, 33, 26, 34, 35, 8, 12, 15, 594],
      [6.1711e-19, 1.7796e-23, 1.2042e-17, 1, 1, 8.8473e-22, 2.8336e-16, 2.5132e-09, 3.0492e-19, 2.426e-17, 1, 1, 1, 2.2669e-18, 3, 1, 2.6277e-20, 1, 2.3587e-20, 1, 1, 4.7636e-16, 1, 2.6493e-23, 2, 1, 5.0063e-16, 8.3131e-20, 1, 1, 3.028e-16, 1.175e-21, 1.1423e-18, 1.0481e-11, 4.8757e-19, 1, 3.0904e-22, 1.512e-16, 1, 7.4211e-12, 1, 1, 3.4104e-24, 5.413e-13, 1.2202e-16, 2, 1, 1, 4, 3.1698e-23, 3, 7.1809e-13, 2.7655e-13, 1.302e-14, 1, 3, 1, 1, 4.8927e-16, 1, 1, 2.3634e-20, 9.4484e-21, 9.5663e-20, 1.6517e-17, 2.4148e-22, 30]
    ],
    [
      [4, 8, 5, 3, 3, 8, 3, 5.6335e-11, 3, 2, 4, 2, 1, 1, 1, 1, 1, 4, 2, 3, 1, 3, 3, 6, 2, 4, 7, 8, 2, 4, 7, 11, 2, 1, 6, 2, 3, 2, 4, 2, 5, 7, 18, 6, 12, 1, 6, 5, 3, 4, 1, 22, 18, 18, 2, 2, 4, 2, 4.2197e-12, 3.5143e-10, 7, 4, 5, 7, 9, 7, 21],
      [8, 21, 13, 9, 15, 18, 5, 5, 20, 9, 7, 4, 2, 3, 2, 3, 5, 8, 5, 5, 11, 11, 7, 11, 5, 9, 12, 18, 13, 10, 20, 16, 12, 5, 21, 7, 8, 5, 12, 16, 13, 16, 47, 28, 44, 11, 21, 12, 6, 9, 4, 50, 45, 50, 4, 4, 6, 8, 5, 3, 16, 17, 13, 14, 21, 18, 139],
      [10, 12, 15, 14, 12, 11, 9, 13, 16, 16, 10, 23, 20, 19, 13, 17, 20, 15, 13, 17, 10, 17, 11, 11, 11, 11, 11, 10, 20, 14, 10, 7, 16, 8, 12, 19, 15, 17, 18, 16, 11, 12, 9, 7, 8, 22, 23, 27, 19, 20, 19, 7, 8, 13, 21, 23, 15, 17, 12, 8, 15, 18, 17, 8, 9, 10, 269],
      [20, 31, 22, 21, 31, 32, 15, 12, 27, 16, 19, 8, 4, 7, 8, 7, 6, 17, 16, 11, 28, 14, 17, 22, 17, 13, 21, 26, 18, 15, 27, 22, 18, 8, 24, 16, 18, 7, 13, 21, 22, 21, 57, 42, 48, 18, 27, 16, 12, 16, 7, 41, 40, 42, 8, 11, 16, 12, 12, 6, 24, 22, 19, 20, 28, 23, 182],
      [32, 42, 34, 32, 37, 38, 23, 13, 33, 22, 24, 20, 17, 18, 14, 17, 19, 34, 25, 21, 23, 23, 22, 31, 23, 31, 34, 36, 29, 27, 27, 29, 33, 14, 29, 32, 28, 20, 39, 36, 28, 51, 23, 17, 16, 20, 17, 29, 21, 20, 19, 31, 25, 19, 21, 22, 33, 34, 23, 17, 43, 40, 50, 37, 45, 49, 398],
      [1, 2, 1, 1, 2, 1, 2.3169e-11, 4.7051e-09, 1, 1, 1, 6.5962e-18, 4.3494e-14, 4.3013e-17, 1.1117e-18, 9.623e-17, 2.2132e-16, 1, 4.7074e-20, 1, 2, 4.1051e-17, 1, 1.4938e-21, 2, 1, 1, 1, 1, 1, 4.5858e-18, 2, 1, 8.1564e-11, 1, 1.6364e-21, 1.7049e-21, 4.9279e-14, 1, 1, 2, 2, 3, 2, 2, 1, 1, 1, 2, 1.1271e-21, 1, 2, 2, 1, 2.7082e-21, 1, 1, 1, 5.1184e-16, 7.8083e-11, 2, 1, 9.4485e-21, 1, 1, 2, 20]
    ],
    [
      [10, 9, 7, 4, 5, 11, 6, 1, 4, 3, 9, 3, 2, 2, 2, 1, 2, 6, 5, 5, 3, 4, 4, 8, 4, 4, 9, 8, 2, 5, 10, 13, 3, 2, 6, 4, 6, 3, 3, 2, 6, 7, 19, 7, 12, 2, 6, 5, 4, 7, 1, 15, 13, 11, 3, 3, 8, 2, 2.1106e-12, 1, 8, 4, 5, 9, 9, 6, 24],
      [17, 25, 16, 14, 20, 24, 11, 11, 25, 15, 15, 5, 3, 5, 4, 4, 7, 12, 12, 7, 20, 15, 11, 14, 10, 9, 15, 18, 14, 12, 26, 19, 15, 11, 21, 12, 14, 6, 11, 18, 17, 16, 51, 37, 44, 17, 21, 12, 7, 14, 5, 34, 33, 31, 6, 6, 12, 9, 6, 5, 17, 17, 14, 17, 22, 16, 160],
      [17, 14, 16, 18, 16, 12, 12, 22, 19, 21, 19, 29, 28, 31, 30, 23, 28, 20, 25, 19, 18, 23, 16, 15, 22, 12, 11, 8, 17, 15, 10, 9, 20, 12, 11, 27, 26, 17, 14, 17, 14, 11, 9, 6, 6, 30, 22, 26, 24, 27, 20, 3, 6, 6, 31, 33, 25, 18, 13, 16, 16, 17, 15, 6, 9, 8, 306],
      [45, 35, 31, 31, 36, 40, 36, 30, 33, 27, 35, 13, 8, 13, 16, 10, 13, 25, 34, 19, 44, 22, 22, 26, 29, 12, 27, 24, 21, 20, 36, 25, 21, 20, 24, 24, 27, 11, 15, 21, 25, 21, 62, 59, 49, 25, 27, 17, 12, 26, 11, 31, 32, 30, 15, 11, 27, 13, 13, 18, 24, 22, 22, 27, 28, 21, 214],
      [67, 51, 43, 48, 50, 52, 49, 30, 43, 34, 51, 28, 25, 33, 34, 28, 31, 51, 57, 31, 43, 33, 36, 44, 45, 35, 41, 38, 32, 34, 36, 36, 44, 28, 29, 51, 54, 24, 36, 39, 35, 50, 26, 23, 16, 31, 20, 31, 27, 30, 23, 21, 19, 13, 33, 34, 60, 39, 28, 41, 48, 40, 55, 46, 49, 45, 458],
      [2, 2, 1, 2, 3, 1, 1, 6.2087e-11, 1, 1, 2, 9.3719e-18, 1.7231e-17, 8.5067e-16, 1, 1.9194e-16, 2.2134e-16, 1, 1, 1, 3, 1, 2, 5.4694e-23, 4, 1, 1, 1, 1, 1, 1, 2, 1, 1, 1, 1, 7.9304e-20, 1.2441e-13, 1, 1, 2, 2, 3, 3, 2, 2, 1, 1, 2, 2.2001e-19, 1, 1, 1, 1, 2.2035e-20, 1, 1, 1, 6.3295e-12, 1, 2, 1, 9.4485e-21, 1, 2, 2, 23]
    ],
    [
      [9, 9, 7, 4, 4, 9, 6, 1.2492e-12, 3, 2, 8, 3, 3, 3, 3, 3, 3, 7, 5, 6, 2, 2, 4, 9, 4, 7, 11, 8, 2, 7, 7, 11, 4, 2, 4, 5, 7, 5, 6, 3, 5, 12, 5, 2, 3, 1, 2, 5, 4, 4, 1, 7, 6, 4, 4, 3, 9, 4, 1, 1, 11, 6, 10, 12, 11, 11, 34],
      [16, 22, 16, 13, 16, 20, 11, 7, 17, 12, 13, 6, 5, 6, 6, 7, 9, 14, 13, 9, 14, 9, 10, 17, 11, 16, 17, 17, 16, 14, 18, 16, 18, 11, 16, 13, 15, 10, 20, 22, 14, 28, 14, 10, 11, 10, 7, 10, 7, 8, 8, 17, 16, 11, 9, 6, 14, 15, 9, 7, 23, 24, 27, 24, 27, 27, 221],
      [15, 12, 16, 17, 13, 10, 11, 15, 13, 17, 16, 32, 47, 37, 37, 37, 34, 23, 27, 23, 12, 13, 15, 17, 23, 20, 13, 8, 20, 17, 7, 7, 23, 11, 9, 31, 27, 30, 25, 21, 12, 20, 2, 1, 1, 18, 7, 23, 24, 15, 28, 1, 2, 2, 41, 34, 29, 31, 19, 19, 22, 23, 29, 9, 11, 14, 422],
      [41, 30, 26, 29, 29, 32, 31, 18, 21, 20, 30, 11, 11, 13, 18, 14, 12, 27, 34, 19, 29, 15, 20, 29, 30, 17, 29, 22, 21, 22, 24, 20, 24, 17, 17, 26, 28, 17, 22, 24, 21, 35, 16, 17, 11, 14, 8, 12, 12, 14, 12, 15, 15, 9, 17, 12, 31, 20, 17, 23, 32, 28, 35, 33, 33, 34, 290],
      [65, 47, 44, 49, 39, 44, 51, 22, 30, 31, 44, 33, 47, 41, 40, 40, 41, 61, 61, 39, 29, 22, 33, 50, 51, 57, 51, 35, 37, 41, 28, 33, 51, 31, 25, 60, 53, 45, 67, 49, 29, 89, 10, 8, 6, 19, 7, 27, 27, 21, 34, 13, 11, 7, 49, 34, 73, 64, 43, 58, 66, 59, 101, 65, 60, 79, 632],
      [2, 3, 1, 2, 4, 2, 1, 1, 1, 2, 3, 7.4583e-18, 4.3664e-14, 3.054e-18, 4, 3, 1.7669e-19, 2, 3, 1, 3, 4.458e-13, 1, 2, 4, 2, 1, 2, 3, 2, 3.4113e-16, 3, 1, 1, 1, 1, 2, 3.0275e-13, 2, 1, 2, 3, 1.5117e-21, 2.205e-12, 1, 1, 1, 2, 3, 2.193e-19, 2, 8.7688e-13, 2.8333e-13, 2.8415e-16, 5.0346e-21, 3, 2, 3, 1, 1, 3, 1, 2, 1, 3, 4, 32]
    ],
    [
      [2, 4, 3, 1, 2, 2, 2, 1.7274e-13, 1, 1, 3, 1, 1, 1, 1, 1, 1, 2, 1, 2, 1, 1, 1, 3, 1, 2, 4, 3, 3.2499e-20, 2, 3, 7, 1, 1, 3, 4.3774e-20, 2, 1, 1, 6.0217e-12, 2, 3, 9, 3, 6, 7.0546e-21, 2, 2, 2, 2, 4.2192e-16, 7, 6, 6, 1, 1, 2, 1, 2.1102e-12, 1.8088e-11, 4, 2, 2, 4, 4, 4, 11],
      [4, 11, 8, 5, 8, 6, 4, 2, 5, 6, 5, 2, 1, 2, 3, 2, 3, 5, 3, 3, 7, 6, 5, 7, 3, 5, 7, 6, 5, 4, 9, 11, 6, 4, 10, 2, 4, 3, 4, 5, 6, 9, 25, 15, 21, 4, 8, 4, 3, 5, 2, 16, 16, 18, 2, 2, 3, 3, 2, 1, 8, 9, 7, 9, 10, 10, 76],
      [4, 6, 8, 7, 6, 3, 4, 4, 4, 8, 6, 14, 12, 15, 18, 13, 14, 8, 6, 9, 6, 9, 7, 7, 7, 7, 5, 3, 6, 5, 4, 5, 8, 5, 5, 5, 8, 8, 5, 5, 5, 6, 4, 2, 3, 8, 8, 9, 11, 9, 7, 1, 2, 3, 11, 12, 8, 7, 5, 3, 8, 9, 8, 3, 4, 5, 146],
      [12, 15, 14, 12, 15, 9, 13, 5, 7, 9, 12, 5, 2, 5, 9, 5, 5, 9, 8, 8, 15, 9, 9, 12, 9, 6, 12, 8, 7, 7, 13, 13, 8, 7, 11, 4, 8, 4, 5, 6, 9, 10, 30, 23, 22, 6, 9, 5, 5, 9, 3, 13, 14, 16, 4, 4, 8, 5, 4, 4, 12, 11, 9, 12, 13, 12, 100],
      [19, 22, 24, 21, 20, 12, 19, 6, 9, 14, 16, 13, 12, 15, 20, 14, 16, 20, 14, 15, 14, 14, 14, 20, 15, 19, 21, 13, 11, 12, 13, 20, 17, 12, 14, 11, 16, 13, 14, 13, 12, 28, 12, 11, 7, 8, 7, 10, 11, 12, 10, 10, 9, 8, 13, 11, 19, 16, 11, 10, 23, 22, 27, 24, 23, 28, 220],
      [3, 3, 3, 3, 3, 3, 4, 2, 2, 3, 3, 4, 2, 3, 3, 2, 2, 4, 2, 4, 4, 3, 3, 2, 4, 3, 2, 2, 3, 3, 3, 4, 3, 2, 3, 3, 2, 2, 3, 2, 3, 3, 4, 3, 4, 3, 3, 3, 3, 2, 2, 3, 3, 3, 3, 3, 3, 3, 4, 3, 4, 3, 3, 3, 3, 3, 13]
    ]
  ],
  "V_est": [
    [225, 193, 302, 300, 569, 7],
    [143, 460, 527, 494, 960, 16],
    [224, 844, 1608, 1168, 2357, 71],
    [335, 1020, 1206, 1487, 2229, 81],
    [397, 1189, 1462, 1883, 2935, 101],
    [385, 1142, 1660, 1735, 3408, 138],
    [155, 495, 596, 724, 1219, 207]
  ],
  "p_est": [
    [0.141, 0.1209, 0.1892, 0.188, 0.3565, 0.0044],
    [0.055, 0.1769, 0.2027, 0.19, 0.3692, 0.0062],
    [0.0357, 0.1346, 0.2564, 0.1862, 0.3758, 0.0113],
    [0.0527, 0.1604, 0.1897, 0.2339, 0.3506, 0.0127],
    [0.0498, 0.1492, 0.1835, 0.2363, 0.3684, 0.0127],
    [0.0455, 0.1349, 0.196, 0.2049, 0.4025, 0.0163],
    [0.0456, 0.1458, 0.1755, 0.2132, 0.359, 0.061]
  ],
  "EI_Z": {},
  "EI_V": 48.059,
  "MAE_Z": {},
  "MAE_V": 838.9048,
  "MAE_p": 0.1357,
  "runtime": 0.6284
}
