{
  "Z_true": {},
  "V_true": [
    [14, 18, 246, 155, 40],
    [3, 431, 130, 77, 10],
    [418, 26, 120, 116, 16],
    [175, 77, 848, 522, 62],
    [14, 59, 3564, 147, 121],
    [24, 75, 310, 4948, 95],
    [104, 166, 449, 389, 102]
  ],
  "p_true": [
    [0.0296, 0.0381, 0.5201, 0.3277, 0.0846],
    [0.0046, 0.6621, 0.1997, 0.1183, 0.0154],
    [0.6006, 0.0374, 0.1724, 0.1667, 0.023],
    [0.1039, 0.0457, 0.5036, 0.31, 0.0368],
    [0.0036, 0.0151, 0.9127, 0.0376, 0.031],
    [0.0044, 0.0138, 0.0569, 0.9076, 0.0174],
    [0.086, 0.1372, 0.3711, 0.3215, 0.0843]
  ],
  "Z_est": [
    [
      [1.7707, 1.8185, 1.1548, 0.7629, 1.1548, 0.9238, 1.8401, 0.7699, 1.0169, 1.8477, 0.3849, 1.0008, 0.9238, 0.154, 0.339, 1.1548, 2.0786, 0.4398, 0.6929, 0.6159, 1.4627, 0.3079, 0.92, 0.6929, 1.259, 0.2421, 1.1548, 0.5811, 0.7699, 0.6779, 1.6957, 0.5811, 0.8716, 0.154, 1.879, 5.8896],
      [0.1657, 0.0215, 0.0644, 0.0549, 0.0644, 0.0516, 0.0473, 0.0143, 0.0549, 0.1031, 0.0215, 0.0559, 0.0549, 0.0086, 0.0501, 0.0644, 0.116, 0.0387, 0.0525, 0.031, 0.0816, 0.0172, 0.0811, 0.0387, 0.0549, 0.0143, 0.0644, 0.0344, 0.043, 0.2302, 0.0687, 0.0167, 0.073, 0.0086, 0.0902, 0.1418],
      [1.7851, 1.009, 1.1642, 0.8521, 2.4582, 0.9314, 1.1594, 0.7761, 0.6209, 1.8628, 0.3881, 1.009, 1.1006, 0.1552, 0.9458, 0.8681, 2.0956, 1.2, 1.5029, 0.6209, 0.8746, 0.3105, 1.0866, 0.6985, 1.3151, 3.2523, 1.0883, 0.6209, 0.7761, 0.6209, 2.9918, 0.3881, 1.2503, 0.1552, 1.6299, 2.5613],
      [8.8068, 4.5127, 4.8718, 4.1344, 4.8718, 3.8975, 3.5727, 2.3452, 3.5695, 7.7949, 1.6239, 4.2222, 3.8975, 0.6496, 4.2222, 3.3849, 13.3988, 2.9231, 2.9158, 2.5983, 4.4245, 1.2992, 3.1673, 2.9231, 8.1197, 3.5727, 4.8718, 2.5983, 3.2479, 4.2807, 5.1966, 2.3714, 5.5214, 0.6496, 5.3542, 10.718],
      [10.4717, 5.6383, 7.7447, 6.1958, 6.4508, 6.1958, 4.3806, 6.0945, 2.7379, 12.3916, 2.5816, 6.7121, 6.0233, 1.0326, 7.4429, 9.5278, 9.311, 4.3985, 3.8359, 4.1339, 12.1566, 2.0653, 8.745, 4.6468, 14.2514, 3.9186, 7.8206, 4.1653, 5.1632, 2.1903, 6.0471, 1.6427, 9.2837, 1.0326, 12.0466, 13.6893]
    ],
    [
      [0.03, 0.1204, 0.0849, 0.0346, 0.1199, 0.1149, 0.8792, 0.0735, 0.0908, 0.1449, 0.0476, 0.0849, 0.0849, 0.02, 0.0303, 0.0549, 0.1341, 0.035, 0.0562, 0.0849, 0.1254, 0.1249, 0.0822, 0.1099, 0.0849, 0.0216, 0.1199, 0.0519, 0.0951, 0.035, 0.025, 0.0519, 0.0599, 0.0519, 0.0599, 0.5744],
      [3.7548, 5.7192, 9.3909, 6.9028, 12.8031, 13.5097, 6.2161, 2.869, 10.9977, 18.1481, 9.9311, 10.6385, 10.6391, 2.5032, 9.3869, 6.8838, 20.0255, 4.3806, 8.9783, 6.5277, 15.3012, 10.5614, 15.8995, 15.7332, 10.6385, 2.869, 16.5073, 11.2643, 12.5239, 4.3813, 3.129, 3.3471, 7.5096, 5.4995, 7.5096, 71.9666],
      [1.9068, 3.178, 6.6482, 3.4958, 9.8488, 8.193, 6.1864, 1.7912, 4.0941, 9.2162, 2.519, 5.4026, 5.4026, 1.2712, 4.767, 3.4958, 10.1696, 2.2246, 4.4492, 9.5135, 7.333, 7.945, 6.3226, 5.2936, 5.4026, 4.2654, 6.1332, 5.7204, 6.356, 2.2246, 1.589, 2.5424, 3.8136, 2.8602, 3.8136, 36.5469],
      [0.3049, 0.9763, 0.8638, 0.5589, 1.2194, 1.1686, 0.7113, 0.2541, 0.813, 1.4735, 0.4945, 0.8638, 0.8638, 0.2032, 0.8018, 0.5589, 1.656, 0.3557, 0.5102, 0.8638, 1.2194, 6.3538, 0.682, 0.8537, 0.8638, 0.8379, 1.2194, 0.9336, 1.0162, 0.3557, 0.2541, 2.056, 0.6097, 0.583, 0.5977, 5.8902],
      [0.0036, 0.0061, 0.0122, 0.0079, 0.0087, 0.0138, 0.007, 0.0122, 0.0044, 0.0174, 0.0078, 0.0102, 0.0096, 0.0024, 0.014, 0.0066, 0.0149, 0.0042, 0.0061, 0.0102, 0.021, 0.015, 0.0138, 0.0096, 0.0102, 0.0061, 0.0201, 0.0298, 0.0087, 0.0035, 0.003, 0.0026, 0.0072, 0.0054, 0.0192, 0.0219]
    ],
    [
      [5.7426, 3.5499, 5.8741, 3.1023, 7.9773, 6.8548, 13.6402, 6.918, 8.6138, 9.0409, 6.1029, 5.6433, 9.2258, 5.3182, 2.8713, 11.5228, 12.7157, 3.6916, 3.5455, 6.2234, 11.966, 5.554, 5.3182, 9.0151, 7.091, 2.0509, 10.6365, 4.9222, 7.091, 6.2046, 10.2546, 3.1133, 7.091, 2.2178, 7.394, 54.5119],
      [0.081, 0.0496, 0.0827, 0.0472, 0.1215, 0.1158, 0.0717, 0.0331, 0.1268, 0.1563, 0.8816, 0.1215, 0.1687, 0.0496, 0.1158, 0.1755, 0.2261, 0.081, 0.054, 0.0717, 0.1822, 0.1147, 0.081, 0.1819, 0.108, 0.0331, 0.1985, 0.1268, 0.1084, 0.0984, 0.0496, 0.0386, 0.108, 0.0337, 0.0882, 0.8302],
      [4.9497, 3.9911, 8.2686, 3.4922, 8.9823, 18.6475, 14.4676, 6.9844, 7.3985, 10.9298, 7.9821, 7.2447, 14.3259, 6.0222, 5.9866, 12.9657, 15.4654, 7.7042, 3.9911, 10.7837, 13.4593, 10.171, 5.9866, 8.8843, 7.9821, 2.4944, 11.8538, 6.0999, 7.9821, 6.9844, 10.9754, 3.4922, 7.9821, 2.4944, 7.4832, 61.4049],
      [1.2146, 0.4014, 0.7526, 0.3512, 0.9032, 1.3547, 0.8079, 0.0426, 0.853, 0.8519, 0.8028, 4.9724, 1.2544, 0.6021, 2.6881, 1.3046, 2.5662, 0.5111, 0.4014, 0.9032, 1.3547, 1.1432, 0.6021, 0.9014, 0.8028, 0.4166, 1.2751, 0.8354, 0.8028, 0.7064, 0.7047, 0.3512, 0.8028, 0.2509, 0, 6.2139],
      [0.0121, 0.008, 0.022, 0.007, 0.0157, 0.0272, 0.0126, 0.022, 0.0078, 0.0211, 0.2306, 0.0181, 0.0252, 0.0078, 0.3382, 0.0314, 0.0267, 0.0121, 0.008, 0.0181, 0.0377, 0.0171, 0.0121, 0.0173, 0.0161, 0.005, 0.0361, 0.0157, 0.0157, 0.0063, 0.0157, 0.0047, 0.0161, 0.0031, 0.0345, 0.0392]
    ],
    [
      [0.3021, 0.1511, 0.4532, 0.9063, 5.1199, 3.3232, 13.455, 5.7504, 7.1035, 6.9484, 2.7189, 3.9274, 7.1035, 5.0496, 2.3678, 4.5906, 10.4861, 3.0444, 6.1209, 3.3232, 9.8096, 4.4287, 9.1235, 12.1774, 12.3863, 1.6913, 12.7329, 4.0591, 8.8881, 4.7357, 8.4565, 4.2307, 6.0887, 6.9342, 9.4801, 42.6209],
      [0.1687, 0.0843, 0.253, 0.506, 2.0238, 1.069, 2.1667, 1, 3.8334, 3.9301, 1.8818, 2.9991, 4.8909, 3.3132, 4.1545, 3.8334, 7.1677, 2.0001, 4.9752, 1.8552, 5.3335, 3.6668, 6.1313, 5.5002, 4.2114, 1, 7.1677, 4.4247, 6.0002, 1.8334, 2.6272, 1.1667, 7.3209, 1.8334, 2.7557, 23.334],
      [0.7927, 0.3964, 1.1891, 2.3781, 9.5125, 8.7198, 22.9886, 14.5807, 12.3163, 21.6085, 6.4405, 8.0091, 25.8059, 18.8041, 26.1594, 10.7793, 33.6901, 16.0454, 38.3065, 8.7198, 14.0107, 23.7813, 25.3667, 20.8581, 32.5011, 14.2292, 27.5789, 19.025, 22.854, 6.4127, 14.6651, 9.7552, 29.2797, 15.4578, 19.8177, 93.5397],
      [0.5948, 0.2974, 0.8922, 1.7844, 5.6428, 6.131, 17.2488, 7.9223, 10.4088, 10.2528, 5.3531, 9.2217, 17.2488, 12.7879, 28.3275, 3.4445, 29.1068, 6.784, 7.7242, 6.2757, 14.4237, 23.8708, 18.8426, 18.141, 24.8973, 9.2063, 26.5921, 16.5956, 20.2691, 5.9479, 8.5751, 8.0446, 22.0071, 14.2394, 12.0592, 69.8153],
      [0.1417, 0.0709, 0.2126, 0.4252, 1.701, 2.7571, 2.1408, 3.7465, 1.338, 3.2602, 1.6056, 1.8427, 2.9509, 3.0452, 4.9908, 5.3521, 4.5493, 2.1262, 1.8732, 1.8262, 6.4225, 4.2524, 4.5359, 4.3233, 8.0039, 1.8732, 10.9284, 3.8956, 2.9886, 1.0704, 2.676, 0.8028, 9.3035, 0.5352, 5.8873, 6.6901]
    ],
    [
      [3.2281, 0.8986, 1.1592, 0.3733, 1.2041, 0.6533, 1.7732, 0.7933, 0.9799, 1.0266, 0.5133, 0.3864, 0.9799, 0.6066, 0.3266, 1.0266, 1.1614, 0.42, 0.6066, 0.7748, 1.3532, 0.6066, 0.8866, 3.9588, 1.3659, 0.2333, 0.9795, 0.56, 1.0266, 0.9101, 1.1666, 1.3346, 0.8399, 0.62, 3.3091, 5.0013],
      [3.0508, 0.7984, 1.3306, 6.73, 2.0402, 1.4322, 1.1532, 0.5322, 2.0402, 2.7499, 6.6294, 1.2561, 2.0402, 0.7984, 1.8628, 2.0402, 3.6369, 2.0128, 1.9515, 1.1532, 2.8386, 1.9515, 3.016, 2.9273, 2.0402, 0.5322, 3.0315, 2.0402, 8.0163, 1.6126, 0.7984, 0.6209, 2.5725, 0.9758, 1.4193, 9.2705],
      [55.8808, 91.3164, 121.0057, 64.326, 125.7679, 69.0841, 91.7741, 68.346, 44.1245, 122.2194, 44.3849, 38.6004, 120.3182, 70.8174, 92.1603, 81.8302, 137.5553, 99.3522, 149.2363, 119.265, 81.6179, 101.3216, 95.2179, 93.2727, 135.024, 65.6227, 99.3919, 69.5049, 113.857, 57.3877, 69.8422, 78.4148, 119.4608, 64.4121, 96.4201, 447.1509],
      [6.5354, 6.8224, 4.5758, 9.3537, 4.7532, 2.5724, 2.1119, 0, 1.7381, 0.629, 2.0591, 2.5506, 4.4035, 2.6603, 4.2749, 2.6337, 5.2498, 2.0274, 2.0414, 4.4694, 2.6272, 3.8309, 2.6062, 3.5752, 12.3012, 2.4475, 5.0575, 2.6603, 14.8655, 12.9957, 0, 3.5593, 4.5403, 2.9451, 3.3354, 16.9908],
      [0.305, 0.1642, 0.9287, 0.217, 0.2346, 0.2581, 0.1877, 0.3285, 0.1173, 0.3752, 0.4133, 0.2065, 0.2581, 0.1173, 0.3754, 0.4692, 0.3966, 0.1877, 0.1642, 0.3376, 0.5631, 0.2894, 0.2733, 0.2661, 1.2687, 0.1642, 0.5396, 0.2346, 0.2346, 0.0938, 0.1929, 0.0704, 0.5865, 0.0469, 0.5161, 0.5865]
    ],
    [
      [1.2801, 1.0126, 1.1081, 0.3694, 0.9871, 0.6464, 1.7545, 0.7849, 0.9696, 1.0158, 0.5079, 0.5795, 0.9696, 0.6002, 0.3232, 1.0158, 1.2628, 0.4155, 0.6002, 0.6002, 1.339, 0.6002, 0.656, 6.7318, 1.2005, 0.2309, 1.1973, 0.5541, 0.968, 0.6464, 1.1543, 0.5541, 0.8311, 0.5732, 2.0165, 5.8177],
      [2.9657, 0.3774, 0.629, 1.7847, 0.9645, 0.6684, 0.5289, 0.2516, 0.9645, 1.3, 0.9767, 0.5964, 1.1731, 0.3774, 0.8806, 3.9013, 1.7193, 0.5767, 0.9226, 0.5452, 3.6869, 0.9226, 1.4258, 1.4701, 0.9645, 0.2516, 1.232, 0.9645, 1.5097, 0.4613, 0.3774, 0.2935, 2.5619, 0.2661, 0.671, 5.8709],
      [1.5932, 2.3898, 4.393, 2.0964, 6.5022, 2.5479, 3.3122, 6.5565, 0.3413, 8.1006, 1.4465, 0, 7.1967, 5.8388, 0, 2.8091, 4.234, 9.7616, 11.29, 9.9073, 2.8301, 3.5899, 2.2444, 3.0397, 0, 1.7214, 0, 2.4318, 0, 1.5253, 2.3479, 1.7432, 4.046, 1.9009, 2.9199, 15.8831],
      [193.234, 154.1825, 162.9397, 143.7759, 145.0639, 96.5067, 114.2185, 79.3317, 76.9834, 126.7672, 81.9719, 88.7206, 168.0301, 108.4424, 216.1284, 118.8747, 224.2639, 76.0603, 80.1496, 118.3587, 151.6013, 162.6603, 96.4249, 134.1279, 189.6845, 75.8381, 182.1614, 122.4975, 148.04, 66.7741, 77.126, 76.9645, 213.0252, 86.9634, 125.1315, 671.7225],
      [1.927, 1.0376, 4.9301, 1.9737, 1.4823, 1.6305, 1.1859, 2.0752, 0.7412, 2.8164, 1.097, 1.1035, 1.6305, 0.7412, 2.6677, 4.3992, 2.5199, 1.1859, 1.0376, 1.5885, 4.5427, 1.2269, 2.2489, 1.6305, 4.1505, 0.958, 3.4093, 1.5521, 1.4823, 0.5929, 0.9943, 0.4447, 5.5358, 0.2965, 3.2611, 3.7058]
    ],
    [
      [1.6465, 1.4489, 1.1657, 2.4513, 2.4369, 1.4836, 4.6577, 1.91, 2.2254, 1.9758, 0.7245, 1.3777, 1.7124, 1.2514, 0.7418, 2.6344, 3.1613, 0.9538, 1.3777, 1.3777, 2.9441, 1.3777, 2.0135, 3.3141, 2.6124, 0.5299, 3.1792, 1.2717, 3.1613, 0.7903, 2.2473, 2.1344, 2.2177, 1.4489, 2.8613, 11.5842],
      [3.8134, 1.9496, 3.2494, 6.9745, 4.9824, 4.1534, 2.8162, 1.2998, 4.9824, 4.6125, 1.6779, 4.3325, 4.0331, 1.9496, 4.5492, 6.1014, 8.1085, 2.9102, 5.0659, 2.8162, 4.576, 4.7658, 7.3653, 7.1487, 4.9824, 1.2998, 7.7986, 4.145, 7.7986, 2.3829, 1.9496, 1.5164, 8.8542, 2.3829, 3.466, 28.5859],
      [9.0916, 11.7193, 17.3312, 23.3594, 20.9281, 13.8763, 18.1117, 16.965, 10.1044, 16.0628, 5.8389, 7.7343, 13.8501, 11.0912, 15.9809, 21.2517, 24.79, 16.7121, 23.2241, 17.1898, 14.8744, 18.8808, 20.7752, 12.9531, 20.7752, 16.4147, 21.9537, 12.5972, 25.1747, 5.8444, 9.5886, 11.6642, 27.1676, 11.7193, 14.9155, 87.9134],
      [10.3096, 6.8073, 7.1041, 11.0415, 8.5457, 6.3692, 8.3289, 7.1041, 5.6343, 7.2307, 2.6946, 6.4486, 6.3019, 4.6544, 8.5571, 9.7987, 11.7585, 4.3384, 4.2575, 6.5309, 7.349, 8.8418, 8.675, 3.4777, 10.3307, 6.6809, 10.8227, 5.8792, 11.7585, 2.9396, 4.1436, 5.653, 12.4934, 6.3686, 6.522, 39.6494],
      [0.1389, 0.0748, 0.1496, 0.1733, 0.1069, 0.1176, 0.0855, 1.7212, 0.0534, 0.1182, 0.0641, 0.1069, 0.1024, 0.0534, 0.171, 0.2137, 0.1817, 0.0855, 0.0748, 0.0855, 0.2565, 0.1339, 0.171, 0.1064, 0.2992, 0.0748, 0.2458, 0.1069, 0.1069, 0.0427, 0.0709, 0.0321, 0.2672, 0.0802, 0.2351, 0.2672]
    ]
  ],
  "V_est": [
    [39.9839, 2.1942, 42.1258, 156.5298, 232.1662],
    [3.9996, 394.8469, 211.9353, 39.8417, 0.3766],
    [292.6064, 5.2126, 356.3133, 40.7035, 1.1642],
    [250.0892, 136.4133, 676.3755, 500.9766, 120.1454],
    [43.0438, 88.903, 3595.2841, 165.8, 11.9691],
    [41.8746, 45.0338, 136.5408, 5154.7473, 73.8034],
    [80.4025, 179.3963, 648.4251, 295.401, 6.375]
  ],
  "p_est": [
    [0.0845, 0.0046, 0.0891, 0.3309, 0.4908],
    [0.0061, 0.6065, 0.3256, 0.0612, 0.0006],
    [0.4204, 0.0075, 0.5119, 0.0585, 0.0017],
    [0.1485, 0.081, 0.4016, 0.2975, 0.0713],
    [0.011, 0.0228, 0.9207, 0.0425, 0.0031],
    [0.0077, 0.0083, 0.025, 0.9455, 0.0135],
    [0.0664, 0.1483, 0.5359, 0.2441, 0.0053]
  ],
  "EI_Z": {},
  "EI_V": 9.0829,
  "MAE_Z": {},
  "MAE_V": 73.0314,
  "MAE_p": 0.0738,
  "runtime": 6.534
}
