{
  "Z_true": {},
  "V_true": [
    [136, 560, 441, 64, 64],
    [278, 5425, 629, 403, 133],
    [888, 351, 15606, 399, 378],
    [219, 496, 409, 88, 49],
    [614, 207, 695, 115, 192]
  ],
  "p_true": [
    [0.1075, 0.4427, 0.3486, 0.0506, 0.0506],
    [0.0405, 0.7899, 0.0916, 0.0587, 0.0194],
    [0.0504, 0.0199, 0.8856, 0.0226, 0.0215],
    [0.1737, 0.3933, 0.3243, 0.0698, 0.0389],
    [0.3368, 0.1135, 0.3812, 0.0631, 0.1053]
  ],
  "Z_est": [
    [
      [1.8731, 2.4446, 2.1588, 1.415, 1.1036, 1.1547, 0.012, 0.4808, 2.639, 1.7048, 5.4829, 0.4969, 0.2901, 0.2123, 1.2518, 1.2274, 0.5835, 0.3046, 3.5555, 1.5983, 0.0333, 0.0656, 0.1022, 0.1923, 0.529, 1.1036, 0.8703, 0, 0, 3.4356, 0, 0, 0, 1.0236, 0.2956, 1.6451, 0.1246],
      [7.17, 18.1087, 7.4003, 6.0795, 9.5281, 6.2163, 0.828, 8.1587, 9.8003, 10.4756, 10.9029, 0.9785, 0.6774, 1.3345, 5.7924, 18.5283, 4.5382, 1.1315, 8.6525, 7.905, 0.1505, 0.4404, 1.0767, 0.7779, 1.4291, 17.8816, 3.2917, 0, 0, 24.3214, 0, 0, 1.144, 5.6991, 2.9689, 19.229, 12.7597],
      [16.4286, 34.2712, 12.2463, 13.141, 8.2835, 19.0802, 2.2224, 14.8888, 14.7431, 17.2077, 16.3184, 2.6265, 2.0215, 3.7256, 14.2755, 30.1222, 7.4526, 3.0579, 12.5262, 19.0444, 0.4041, 0.6569, 3.9921, 1.1757, 1.0419, 17.1751, 8.953, 0, 0, 25.0496, 0, 0, 0.4984, 10.877, 2.8285, 38.2024, 7.3153],
      [9.4356, 24.1288, 10.3678, 8.4392, 9.2036, 8.8486, 1.5464, 7.1397, 12.5134, 13.8129, 10.5848, 5.2957, 4.3258, 1.7239, 5.1829, 12.0583, 4.1752, 1.5833, 13.761, 9.6798, 0.2812, 0.9568, 1.2249, 0.8558, 0, 6.7732, 5.3245, 0, 0, 24.4196, 0, 0, 0.3576, 7.0879, 3.2676, 21.9736, 0.7475],
      [12.0927, 35.0467, 19.8268, 11.9253, 12.8812, 9.7002, 6.3912, 10.332, 24.3042, 20.799, 9.711, 3.6024, 1.6851, 2.0038, 6.4974, 21.0637, 4.2506, 1.9227, 23.5048, 13.7724, 1.1309, 0.8804, 1.6041, 1.9983, 0, 11.0666, 8.5605, 0, 0, 31.7738, 0, 0, 0, 14.3125, 4.6394, 27.95, 6.0529]
    ],
    [
      [3.2403, 7.0077, 3.745, 2.5587, 5.0876, 4.4097, 0.6162, 1.0101, 4.6697, 4.174, 4.456, 0.7535, 0.2239, 0.6921, 5.3196, 2.3621, 1.23, 0.5472, 13.3592, 7.3342, 0.1477, 0.0498, 0.3153, 0.9585, 0.1489, 1.2119, 5.3605, 0, 0, 11.113, 0.0225, 0, 0, 3.9577, 1.2267, 7.1655, 0.0995],
      [162.213, 462.3669, 163.8111, 132.4672, 361.1865, 135.4693, 311.849, 59.6627, 238.3008, 261.1265, 285.3239, 636.012, 326.0027, 31.5371, 110.6276, 136.5542, 71.3238, 25.0033, 206.6058, 127.9844, 86.2643, 106.096, 22.2725, 19.1889, 2.823, 64.9175, 61.13, 0.9363, 0.9543, 770.6838, 0.8926, 2.4461, 38.5341, 85.3049, 92.274, 534.216, 36.1077],
      [1.6651, 13.2819, 22.0196, 1.3658, 36.0083, 3.6234, 2.4022, 1.1117, 3.0778, 2.6754, 23.1136, 10.1069, 1.3182, 0.8461, 1.1132, 1.3564, 0.7297, 3.6195, 11.1533, 6.4526, 3.4642, 0.7511, 0.9087, 0.4834, 0.0281, 1.3154, 12.94, 0.0479, 0.0457, 18.78, 0.0471, 0.5539, 1.327, 0.8887, 0.9355, 20.577, 0.3461],
      [10.2131, 29.3748, 11.428, 9.0231, 18.3085, 8.9449, 13.7728, 3.8872, 13.8292, 16.903, 15.0732, 38.1371, 16.4356, 1.8006, 1.5278, 4.0277, 4.4458, 1.717, 22.7891, 8.6101, 6.9444, 3.5956, 0.4167, 0.2778, 0, 2.2222, 5.2009, 0, 0, 40.5877, 0, 0, 0.1389, 4.3545, 5.2118, 28.988, 0.2778],
      [0.6684, 1.9687, 4.9963, 0.5852, 2.4092, 0.5527, 5.3597, 0.3283, 1.1225, 1.121, 1.0333, 0.9904, 0.0195, 0.1242, 0.4118, 0.6996, 0.2708, 0.113, 1.0927, 0.6188, 2.1794, 0.5075, 0.0868, 0.0914, 0, 0.333, 0.3686, 0.0158, 0, 2.8356, 0.0378, 0, 0, 0.4943, 0.352, 2.0536, 0.1689]
    ],
    [
      [50.8503, 60.3135, 55.5839, 35.5123, 20.9162, 29.8199, 4.943, 10.5559, 74.0847, 42.3904, 44.9788, 8.3731, 4.0443, 4.1993, 22.4353, 28.6185, 15.5864, 7.7649, 111.2278, 48.1961, 0.5594, 0.8987, 1.7579, 5.7882, 1.3221, 17.1756, 26.2577, 0, 0, 69.5346, 0.4572, 0, 0, 26.7218, 5.004, 25.8303, 2.2087],
      [1.9727, 18.1715, 1.7592, 3.2127, 3.6382, 1.4277, 10.4809, 1.1329, 4.4604, 17.1381, 2.8461, 10.409, 4.9721, 0.3316, 6.0892, 6.211, 3.545, 0.2671, 2.6055, 1.3448, 0.0267, 2.725, 0.5035, 0.4244, 1.7479, 3.8387, 0.6355, 0.0184, 0.0457, 27.7797, 0.0879, 0.0276, 0.4124, 1.004, 12.0676, 18.3718, 3.965],
      [744.9042, 1541.3377, 846.2126, 649.2486, 524.4944, 353.6364, 144.3905, 459.9824, 1335.9079, 1029.0956, 719.824, 43.9418, 13.5153, 51.5811, 308.364, 783.4974, 229.0236, 113.9188, 1110.7136, 635.5421, 4.2228, 3.2063, 101.07, 45.7848, 10.9301, 335.4462, 450.4401, 20.2355, 0.9543, 1939.2429, 7.6242, 13.9724, 9.5611, 367.5779, 176.9689, 983.0835, 156.2653],
      [0.5767, 15.7518, 0.8727, 2.7748, 0.696, 2.6933, 0.5239, 0, 0.4274, 9.12, 1.2037, 0.2057, 9.387, 0, 0, 0, 1.3619, 0.1527, 4.0176, 1.1999, 0.0161, 0.0225, 0, 0, 0, 0, 2.3916, 0, 0, 6.1008, 0, 0, 0.0265, 0, 2.168, 4.868, 0],
      [6.6961, 28.4254, 13.5716, 8.2516, 8.2552, 4.4227, 2.6617, 7.3288, 22.1195, 17.2559, 2.1474, 1.0703, 0.0813, 0.888, 2.1115, 14.6731, 1.4831, 0.8965, 21.4355, 9.7172, 0.175, 0.1475, 0.6686, 2.0027, 0, 5.5395, 7.2751, 1.7461, 0, 20.3419, 0.8306, 0, 0, 13.6964, 3.7915, 17.8464, 2.561]
    ],
    [
      [7.1842, 8.7328, 8.2888, 5.4035, 4.1754, 4.3594, 1.3511, 1.7194, 10.1304, 6.4471, 1.7326, 1.9039, 1.1056, 0.7982, 3.6224, 4.4827, 2.2103, 1.1666, 13.7526, 6.078, 0, 0.2457, 0.3685, 0.7368, 0, 2.5177, 1.4407, 0, 0, 13.0796, 0, 0, 0, 3.8686, 1.1055, 6.0177, 0.0798],
      [23.9687, 13.9453, 14.4489, 19.2098, 13.5754, 9.0631, 8.8811, 5.6603, 15.4032, 15.6427, 4.3937, 10.2834, 8.3695, 2.1382, 6.1093, 23.2769, 4.0457, 2.0568, 17.6936, 6.104, 0, 2.2401, 1.6775, 1.377, 0, 7.6123, 2.6744, 1.0453, 0, 44.2799, 0, 0.4717, 1.4357, 14.9894, 7.5954, 21.3566, 0.191],
      [37.3288, 19.0101, 26.4259, 23.2885, 15.4772, 14.5103, 8.0315, 11.1317, 21.6226, 21.2901, 5.9895, 10.7207, 7.5081, 4.0946, 9.9778, 23.035, 5.0628, 3.8077, 24.9645, 7.8124, 0, 1.6166, 3.7804, 1.8839, 0, 17.4327, 3.6458, 1.7166, 0, 82.1125, 0, 1.5283, 1.2095, 22.8788, 6.9615, 21.6342, 0.2604],
      [11.7297, 25.7918, 11.4915, 10.2481, 11.7218, 8.7664, 6.5067, 4.9878, 12.7521, 16.2754, 9.7235, 15.5376, 10.8051, 1.6948, 3.469, 9.1323, 4.1334, 1.6948, 17.6294, 7.9603, 0, 1.7601, 0.968, 0.6614, 0, 5.0019, 4.8773, 0, 0, 33.589, 0, 0, 0.3548, 6.8726, 4.5848, 21.8966, 0.4684],
      [1.7886, 5.52, 3.3449, 1.8502, 2.0502, 1.3008, 1.2295, 1.5007, 4.0917, 3.3447, 1.1607, 0.5543, 0.2117, 0.2741, 0.8215, 3.0731, 0.5477, 0.2741, 3.96, 2.0453, 0, 0.1375, 0.2057, 0.3409, 0, 1.4354, 1.3618, 0.2381, 0, 4.939, 0, 0, 0, 2.3908, 0.7528, 4.0949, 0.0003]
    ],
    [
      [53.8521, 70.5014, 65.2236, 43.1105, 36.7172, 31.2563, 15.0776, 14.2337, 73.4761, 50.2836, 36.3497, 19.4727, 12.3361, 7.0981, 26.3708, 36.3093, 16.3898, 9.2168, 82.1049, 35.7934, 1.2597, 2.7403, 3.4561, 4.3242, 0, 18.9913, 20.0708, 0, 0, 115.8372, 0.5203, 0, 0, 27.4283, 10.3683, 57.3414, 5.4873],
      [3.6756, 9.4076, 3.5805, 3.0308, 7.0718, 2.8236, 6.961, 1.3855, 5.0354, 5.6171, 5.5334, 8.3169, 7.9782, 0.6586, 2.3815, 3.4295, 1.5473, 0.5413, 4.4427, 2.6618, 1.5584, 1.4986, 0.4698, 0.2318, 0, 1.7499, 1.2682, 0, 0, 15.9352, 0.0194, 0.0546, 1.4738, 2.0027, 2.0941, 10.8266, 0.9765],
      [28.6732, 27.0991, 38.0956, 24.9561, 18.7367, 13.1497, 5.9533, 6.8855, 34.6485, 22.7312, 7.7546, 5.6041, 3.6368, 4.7526, 11.2696, 18.989, 7.7314, 5.5961, 18.6424, 6.1486, 0.9089, 0.7691, 2.2489, 0.6723, 0, 8.6307, 4.0211, 0, 0, 69.8149, 0.3287, 0.9454, 0.404, 10.7777, 5.3056, 31.5029, 6.8129],
      [5.0449, 10.9528, 5.84, 4.5148, 5.0702, 3.7467, 2.6501, 1.9852, 6.4779, 6.8888, 4.4148, 5.8238, 4.0465, 0.7808, 0.8204, 3.7817, 1.8837, 0.8522, 7.8029, 3.5499, 2.7584, 0.6649, 0.3904, 0.205, 0, 2.0027, 2.2058, 0, 0, 14.3029, 0, 0, 0.1222, 2.6851, 1.7678, 9.2739, 0.5063],
      [4.7542, 10.0391, 7.2604, 4.3877, 4.4042, 3.0236, 2.358, 2.5101, 8.362, 6.4794, 2.9476, 1.7825, 1.0024, 0.71, 2.1578, 5.4905, 1.4478, 0.7936, 8.0071, 3.8463, 0.5147, 0.3271, 0.4348, 0.5667, 0, 2.6255, 2.434, 0, 0, 12.1097, 0.1316, 0, 0, 4.1061, 1.4642, 8.0552, 1.217]
    ]
  ],
  "V_est": [
    [39.4105, 235.3767, 381.8532, 247.077, 361.2826],
    [104.5741, 6170.47, 210.4804, 348.4646, 34.0108],
    [863.911, 175.6975, 16265.7182, 66.5586, 250.1147],
    [124.1055, 331.2162, 467.7511, 283.0863, 54.8409],
    [1002.999, 126.2397, 454.197, 123.8134, 115.751]
  ],
  "p_est": [
    [0.0312, 0.1861, 0.3019, 0.1953, 0.2856],
    [0.0152, 0.8984, 0.0306, 0.0507, 0.005],
    [0.049, 0.01, 0.923, 0.0038, 0.0142],
    [0.0984, 0.2627, 0.3709, 0.2245, 0.0435],
    [0.5502, 0.0692, 0.2491, 0.0679, 0.0635]
  ],
  "EI_Z": {},
  "EI_V": 8.8181,
  "MAE_Z": {},
  "MAE_V": 203.4431,
  "MAE_p": 0.076,
  "runtime": 1.016
}
