{
  "Z_true": {},
  "V_true": [
    [71, 201, 390, 110, 991, 264],
    [142, 192, 285, 151, 6955, 329],
    [24, 20, 39, 848, 85, 55],
    [105, 117, 221, 328, 818, 351],
    [302, 8, 9, 45, 103, 41],
    [60, 264, 525, 226, 808, 438]
  ],
  "p_true": [
    [0.035, 0.0992, 0.1924, 0.0543, 0.4889, 0.1302],
    [0.0176, 0.0238, 0.0354, 0.0187, 0.8635, 0.0408],
    [0.0224, 0.0187, 0.0364, 0.7918, 0.0794, 0.0514],
    [0.0541, 0.0603, 0.1139, 0.1691, 0.4216, 0.1809],
    [0.5945, 0.0157, 0.0177, 0.0886, 0.2028, 0.0807],
    [0.0259, 0.1137, 0.2262, 0.0974, 0.3481, 0.1887]
  ],
  "Z_est": {},
  "V_est": [
    [0, 350.9301, 478.3762, 76.3354, 926.024, 195.3343],
    [187.3023, 129.4669, 233.8975, 0, 7231.3167, 272.0165],
    [0, 0, 0, 1009.6283, 61.3717, 0],
    [67.6744, 59.0345, 193.3275, 544.6069, 708.5837, 366.7731],
    [449.0233, 0, 0, 44.1792, 14.7975, 0],
    [0, 262.5685, 563.3989, 33.2502, 817.9063, 643.8761]
  ],
  "p_est": [
    [0, 0.1731, 0.236, 0.0377, 0.4568, 0.0964],
    [0.0233, 0.0161, 0.029, 0, 0.8979, 0.0338],
    [0, 0, 0, 0.9427, 0.0573, 0],
    [0.0349, 0.0304, 0.0997, 0.2807, 0.3652, 0.1891],
    [0.8839, 0, 0, 0.087, 0.0291, 0],
    [0, 0.1131, 0.2427, 0.0143, 0.3524, 0.2774]
  ],
  "EI_Z": {},
  "EI_V": 8.5116,
  "MAE_Z": {},
  "MAE_V": 75.2855,
  "MAE_p": 0.046,
  "runtime": 1.8374
}
