{
  "Z_true": {},
  "V_true": [
    [35, 1587, 1455, 778, 128],
    [68, 476, 4833, 286, 285],
    [827, 501, 433, 20317, 827],
    [32, 105, 548, 343, 768],
    [331, 133, 212, 985, 669]
  ],
  "p_true": [
    [0.0088, 0.3984, 0.3653, 0.1953, 0.0321],
    [0.0114, 0.08, 0.8125, 0.0481, 0.0479],
    [0.0361, 0.0219, 0.0189, 0.887, 0.0361],
    [0.0178, 0.0585, 0.3051, 0.191, 0.4276],
    [0.1421, 0.0571, 0.091, 0.4227, 0.2871]
  ],
  "Z_est": [
    [
      [11.4622, 3.9064, 0.1542, 5.4484, 3.9064, 5.6026, 13.8266, 11.308, 10.0744, 6.4764, 0.257, 0.0514, 0.3084, 4.2148, 7.4016, 3.8036, 5.7568, 4.5746, 1.3364, 0.1028, 2.313, 6.0652, 7.3502, 0.4112, 1.3364, 6.939, 0.2056, 6.168, 3.2896, 6.6306, 1.8504, 4.9344, 1.3878, 5.0372, 2.827, 0.3598, 0.9766, 18.8638, 1.0794, 3.5466, 18.247, 4.9344],
      [91.1624, 31.0688, 1.2264, 43.3328, 31.0688, 44.5592, 109.9672, 89.936, 80.1248, 51.5088, 2.044, 0.4088, 2.4528, 33.5216, 58.8672, 30.2512, 45.7856, 36.3832, 10.6288, 0.8176, 18.396, 48.2384, 58.4584, 3.2704, 10.6288, 55.188, 1.6352, 49.056, 26.1632, 52.7352, 14.7168, 39.2448, 11.0376, 40.0624, 22.484, 2.8616, 7.7672, 150.0296, 8.5848, 28.2072, 145.124, 39.2448],
      [82.9783, 28.2796, 1.1163, 39.4426, 28.2796, 40.5589, 100.0949, 81.862, 72.9316, 46.8846, 1.8605, 0.3721, 2.2326, 30.5122, 53.5824, 27.5354, 41.6752, 33.1169, 9.6746, 0.7442, 16.7445, 43.9078, 53.2103, 2.9768, 9.6746, 50.2335, 1.4884, 44.652, 23.8144, 48.0009, 13.3956, 35.7216, 10.0467, 36.4658, 20.4655, 2.6047, 7.0699, 136.5607, 7.8141, 25.6749, 132.0955, 35.7216],
      [18.6205, 6.346, 0.2505, 8.851, 6.346, 9.1015, 22.4615, 18.37, 16.366, 10.521, 0.4175, 0.0835, 0.501, 6.847, 12.024, 6.179, 9.352, 7.4315, 2.171, 0.167, 3.7575, 9.853, 11.9405, 0.668, 2.171, 11.2725, 0.334, 10.02, 5.344, 10.7715, 3.006, 8.016, 2.2545, 8.183, 4.5925, 0.5845, 1.5865, 30.6445, 1.7535, 5.7615, 29.6425, 8.016],
      [18.7766, 6.3992, 0.2526, 8.9252, 6.3992, 9.1778, 22.6498, 18.524, 16.5032, 10.6092, 0.421, 0.0842, 0.5052, 6.9044, 12.1248, 6.2308, 9.4304, 7.4938, 2.1892, 0.1684, 3.789, 9.9356, 12.0406, 0.6736, 2.1892, 11.367, 0.3368, 10.104, 5.3888, 10.8618, 3.0312, 8.0832, 2.2734, 8.2516, 4.631, 0.5894, 1.5998, 30.9014, 1.7682, 5.8098, 29.891, 8.0832]
    ],
    [
      [14.6422, 5.726, 0.409, 4.2127, 4.5808, 4.7444, 9.9796, 7.1984, 7.6892, 16.8508, 0.6544, 0.3272, 1.0634, 3.8855, 8.6708, 3.9673, 5.726, 6.5031, 2.3722, 0.0818, 4.4172, 7.8937, 11.3702, 2.3313, 1.636, 6.7076, 0.3681, 2.9857, 10.3477, 15.7465, 2.6585, 5.1125, 3.8855, 6.3395, 5.4806, 0.2863, 1.4315, 18.0369, 2.2495, 3.9264, 16.6463, 4.1309],
      [18.7592, 7.336, 0.524, 5.3972, 5.8688, 6.0784, 12.7856, 9.2224, 9.8512, 21.5888, 0.8384, 0.4192, 1.3624, 4.978, 11.1088, 5.0828, 7.336, 8.3316, 3.0392, 0.1048, 5.6592, 10.1132, 14.5672, 2.9868, 2.096, 8.5936, 0.4716, 3.8252, 13.2572, 20.174, 3.406, 6.55, 4.978, 8.122, 7.0216, 0.3668, 1.834, 23.1084, 2.882, 5.0304, 21.3268, 5.2924],
      [269.216, 105.28, 7.52, 77.456, 84.224, 87.232, 183.488, 132.352, 141.376, 309.824, 12.032, 6.016, 19.552, 71.44, 159.424, 72.944, 105.28, 119.568, 43.616, 1.504, 81.216, 145.136, 209.056, 42.864, 30.08, 123.328, 6.768, 54.896, 190.256, 289.52, 48.88, 94, 71.44, 116.56, 100.768, 5.264, 26.32, 331.632, 41.36, 72.192, 306.064, 75.952],
      [19.7258, 7.714, 0.551, 5.6753, 6.1712, 6.3916, 13.4444, 9.6976, 10.3588, 22.7012, 0.8816, 0.4408, 1.4326, 5.2345, 11.6812, 5.3447, 7.714, 8.7609, 3.1958, 0.1102, 5.9508, 10.6343, 15.3178, 3.1407, 2.204, 9.0364, 0.4959, 4.0223, 13.9403, 21.2135, 3.5815, 6.8875, 5.2345, 8.5405, 7.3834, 0.3857, 1.9285, 24.2991, 3.0305, 5.2896, 22.4257, 5.5651],
      [35.6568, 13.944, 0.996, 10.2588, 11.1552, 11.5536, 24.3024, 17.5296, 18.7248, 41.0352, 1.5936, 0.7968, 2.5896, 9.462, 21.1152, 9.6612, 13.944, 15.8364, 5.7768, 0.1992, 10.7568, 19.2228, 27.6888, 5.6772, 3.984, 16.3344, 0.8964, 7.2708, 25.1988, 38.346, 6.474, 12.45, 9.462, 15.438, 13.3464, 0.6972, 3.486, 43.9236, 5.478, 9.5616, 40.5372, 10.0596]
    ],
    [
      [9.8046, 4.2939, 0.3042, 9.5823, 8.7282, 9.6876, 7.2657, 7.2891, 5.2767, 13.0104, 0.3276, 0.117, 0.5031, 5.5341, 9.0207, 3.7089, 10.2609, 9.7227, 3.1356, 0.3042, 5.499, 12.0744, 14.5314, 0.8424, 1.9071, 5.2884, 0.1638, 4.2822, 6.1659, 11.6649, 5.3703, 9.3951, 2.9718, 8.2836, 4.0131, 0.6786, 2.808, 26.0325, 1.5444, 4.0365, 17.9712, 4.5864],
      [9.9722, 4.3673, 0.3094, 9.7461, 8.8774, 9.8532, 7.3899, 7.4137, 5.3669, 13.2328, 0.3332, 0.119, 0.5117, 5.6287, 9.1749, 3.7723, 10.4363, 9.8889, 3.1892, 0.3094, 5.593, 12.2808, 14.7798, 0.8568, 1.9397, 5.3788, 0.1666, 4.3554, 6.2713, 11.8643, 5.4621, 9.5557, 3.0226, 8.4252, 4.0817, 0.6902, 2.856, 26.4775, 1.5708, 4.1055, 18.2784, 4.6648],
      [18.436, 8.074, 0.572, 18.018, 16.412, 18.216, 13.662, 13.706, 9.922, 24.464, 0.616, 0.22, 0.946, 10.406, 16.962, 6.974, 19.294, 18.282, 5.896, 0.572, 10.34, 22.704, 27.324, 1.584, 3.586, 9.944, 0.308, 8.052, 11.594, 21.934, 10.098, 17.666, 5.588, 15.576, 7.546, 1.276, 5.28, 48.95, 2.904, 7.59, 33.792, 8.624],
      [785.0384, 343.8056, 24.3568, 767.2392, 698.8528, 775.6704, 581.7528, 583.6264, 422.4968, 1041.7216, 26.2304, 9.368, 40.2824, 443.1064, 722.2728, 296.9656, 821.5736, 778.4808, 251.0624, 24.3568, 440.296, 966.7776, 1163.5056, 67.4496, 152.6984, 423.4336, 13.1152, 342.8688, 493.6936, 933.9896, 429.9912, 752.2504, 237.9472, 663.2544, 321.3224, 54.3344, 224.832, 2084.38, 123.6576, 323.196, 1438.9248, 367.2256],
      [14.665, 6.4225, 0.455, 14.3325, 13.055, 14.49, 10.8675, 10.9025, 7.8925, 19.46, 0.49, 0.175, 0.7525, 8.2775, 13.4925, 5.5475, 15.3475, 14.5425, 4.69, 0.455, 8.225, 18.06, 21.735, 1.26, 2.8525, 7.91, 0.245, 6.405, 9.2225, 17.4475, 8.0325, 14.0525, 4.445, 12.39, 6.0025, 1.015, 4.2, 38.9375, 2.31, 6.0375, 26.88, 6.86]
    ],
    [
      [10.8019, 4.3604, 0.1982, 5.6487, 3.0721, 4.7568, 7.1352, 5.6487, 5.5496, 9.1172, 0.2973, 0.1982, 0.3964, 1.8829, 7.928, 1.8829, 4.955, 4.1622, 1.5856, 0.1982, 4.2613, 8.2253, 9.0181, 1.1892, 0.8919, 3.6667, 0, 1.7838, 4.1622, 10.5046, 2.973, 5.6487, 2.7748, 5.7478, 1.6847, 0.0991, 1.0901, 19.82, 0.8919, 2.8739, 9.2163, 1.6847],
      [15.6851, 6.3316, 0.2878, 8.2023, 4.4609, 6.9072, 10.3608, 8.2023, 8.0584, 13.2388, 0.4317, 0.2878, 0.5756, 2.7341, 11.512, 2.7341, 7.195, 6.0438, 2.3024, 0.2878, 6.1877, 11.9437, 13.0949, 1.7268, 1.2951, 5.3243, 0, 2.5902, 6.0438, 15.2534, 4.317, 8.2023, 4.0292, 8.3462, 2.4463, 0.1439, 1.5829, 28.78, 1.2951, 4.1731, 13.3827, 2.4463],
      [25.9093, 10.4588, 0.4754, 13.5489, 7.3687, 11.4096, 17.1144, 13.5489, 13.3112, 21.8684, 0.7131, 0.4754, 0.9508, 4.5163, 19.016, 4.5163, 11.885, 9.9834, 3.8032, 0.4754, 10.2211, 19.7291, 21.6307, 2.8524, 2.1393, 8.7949, 0, 4.2786, 9.9834, 25.1962, 7.131, 13.5489, 6.6556, 13.7866, 4.0409, 0.2377, 2.6147, 47.54, 2.1393, 6.8933, 22.1061, 4.0409],
      [16.3391, 6.5956, 0.2998, 8.5443, 4.6469, 7.1952, 10.7928, 8.5443, 8.3944, 13.7908, 0.4497, 0.2998, 0.5996, 2.8481, 11.992, 2.8481, 7.495, 6.2958, 2.3984, 0.2998, 6.4457, 12.4417, 13.6409, 1.7988, 1.3491, 5.5463, 0, 2.6982, 6.2958, 15.8894, 4.497, 8.5443, 4.1972, 8.6942, 2.5483, 0.1499, 1.6489, 29.98, 1.3491, 4.3471, 13.9407, 2.5483],
      [40.2646, 16.2536, 0.7388, 21.0558, 11.4514, 17.7312, 26.5968, 21.0558, 20.6864, 33.9848, 1.1082, 0.7388, 1.4776, 7.0186, 29.552, 7.0186, 18.47, 15.5148, 5.9104, 0.7388, 15.8842, 30.6602, 33.6154, 4.4328, 3.3246, 13.6678, 0, 6.6492, 15.5148, 39.1564, 11.082, 21.0558, 10.3432, 21.4252, 6.2798, 0.3694, 4.0634, 73.88, 3.3246, 10.7126, 34.3542, 6.2798]
    ],
    [
      [18.8641, 9.6965, 0.1763, 10.578, 8.4624, 17.9826, 12.341, 12.8699, 11.6358, 21.5086, 0.5289, 0.3526, 0.3526, 7.9335, 16.3959, 5.4653, 15.3381, 15.867, 4.9364, 0.1763, 8.2861, 16.0433, 17.1011, 1.4104, 2.6445, 7.7572, 0.8815, 5.9942, 11.9884, 24.1531, 7.052, 11.1069, 5.4653, 12.341, 4.9364, 1.0578, 3.7023, 39.1386, 2.9971, 5.289, 22.5664, 7.4046],
      [15.4187, 7.9255, 0.1441, 8.646, 6.9168, 14.6982, 10.087, 10.5193, 9.5106, 17.5802, 0.4323, 0.2882, 0.2882, 6.4845, 13.4013, 4.4671, 12.5367, 12.969, 4.0348, 0.1441, 6.7727, 13.1131, 13.9777, 1.1528, 2.1615, 6.3404, 0.7205, 4.8994, 9.7988, 19.7417, 5.764, 9.0783, 4.4671, 10.087, 4.0348, 0.8646, 3.0261, 31.9902, 2.4497, 4.323, 18.4448, 6.0522],
      [25.9903, 13.3595, 0.2429, 14.574, 11.6592, 24.7758, 17.003, 17.7317, 16.0314, 29.6338, 0.7287, 0.4858, 0.4858, 10.9305, 22.5897, 7.5299, 21.1323, 21.861, 6.8012, 0.2429, 11.4163, 22.1039, 23.5613, 1.9432, 3.6435, 10.6876, 1.2145, 8.2586, 16.5172, 33.2773, 9.716, 15.3027, 7.5299, 17.003, 6.8012, 1.4574, 5.1009, 53.9238, 4.1293, 7.287, 31.0912, 10.2018],
      [15.194, 7.81, 0.142, 8.52, 6.816, 14.484, 9.94, 10.366, 9.372, 17.324, 0.426, 0.284, 0.284, 6.39, 13.206, 4.402, 12.354, 12.78, 3.976, 0.142, 6.674, 12.922, 13.774, 1.136, 2.13, 6.248, 0.71, 4.828, 9.656, 19.454, 5.68, 8.946, 4.402, 9.94, 3.976, 0.852, 2.982, 31.524, 2.414, 4.26, 18.176, 5.964],
      [31.5329, 16.2085, 0.2947, 17.682, 14.1456, 30.0594, 20.629, 21.5131, 19.4502, 35.9534, 0.8841, 0.5894, 0.5894, 13.2615, 27.4071, 9.1357, 25.6389, 26.523, 8.2516, 0.2947, 13.8509, 26.8177, 28.5859, 2.3576, 4.4205, 12.9668, 1.4735, 10.0198, 20.0396, 40.3739, 11.788, 18.5661, 9.1357, 20.629, 8.2516, 1.7682, 6.1887, 65.4234, 5.0099, 8.841, 37.7216, 12.3774]
    ]
  ],
  "V_est": [
    [204.7262, 1628.2504, 1482.0743, 332.5805, 335.3686],
    [243.2732, 311.6752, 4472.896, 327.7348, 592.4208],
    [267.9885, 272.5695, 503.91, 21457.404, 400.8375],
    [177.9836, 258.4444, 426.9092, 269.2204, 663.4424],
    [410.779, 335.753, 565.957, 330.86, 686.651]
  ],
  "p_est": [
    [0.0514, 0.4088, 0.3721, 0.0835, 0.0842],
    [0.0409, 0.0524, 0.752, 0.0551, 0.0996],
    [0.0117, 0.0119, 0.022, 0.9368, 0.0175],
    [0.0991, 0.1439, 0.2377, 0.1499, 0.3694],
    [0.1763, 0.1441, 0.2429, 0.142, 0.2947]
  ],
  "EI_Z": {},
  "EI_V": 8.4841,
  "MAE_Z": {},
  "MAE_V": 250.87,
  "MAE_p": 0.056,
  "runtime": 113.422
}
