{
  "X": [
    [10, 2, 36, 59, 1],
    [7, 5, 23, 50, 5],
    [3, 1, 20, 18, 2],
    [14, 17, 104, 226, 5],
    [6, 4, 56, 44, 2],
    [18, 33, 303, 324, 19],
    [37, 48, 393, 529, 32],
    [127, 210, 1839, 2208, 122],
    [0, 5, 20, 24, 2],
    [2, 8, 39, 66, 2],
    [1, 3, 21, 40, 3],
    [2, 0, 6, 11, 0],
    [29, 52, 228, 562, 17],
    [6, 16, 70, 136, 6],
    [88, 103, 1012, 1127, 46],
    [28, 54, 516, 526, 22],
    [18, 39, 594, 469, 25],
    [12, 17, 230, 172, 10],
    [6, 16, 150, 112, 7],
    [13, 14, 129, 167, 7],
    [0, 1, 3, 7, 0],
    [9, 25, 166, 233, 14],
    [5, 2, 13, 21, 0],
    [4, 0, 3, 2, 0],
    [4, 3, 35, 86, 2],
    [26, 24, 134, 160, 14],
    [10, 28, 143, 174, 10],
    [26, 14, 122, 199, 13],
    [5, 8, 35, 122, 7],
    [2, 2, 20, 43, 4],
    [18, 31, 258, 343, 13],
    [22, 17, 159, 245, 17],
    [13, 8, 78, 152, 3],
    [3, 2, 21, 44, 1],
    [1, 0, 4, 17, 0],
    [3, 4, 12, 31, 2],
    [0, 0, 6, 4, 1],
    [8, 11, 53, 191, 5],
    [35, 53, 228, 437, 22],
    [5, 3, 19, 31, 3],
    [2, 3, 27, 44, 3],
    [52, 42, 248, 245, 15],
    [31, 15, 184, 167, 10],
    [26, 25, 174, 329, 9],
    [23, 28, 203, 311, 16],
    [25, 17, 158, 177, 13],
    [39, 57, 539, 589, 27],
    [41, 27, 246, 331, 29],
    [38, 51, 308, 434, 17],
    [22, 41, 311, 369, 20],
    [17, 24, 172, 174, 6],
    [24, 27, 360, 368, 13],
    [8, 9, 133, 85, 2],
    [42, 43, 544, 373, 13],
    [30, 54, 766, 445, 38],
    [4, 1, 13, 26, 1],
    [1, 1, 4, 4, 1],
    [41, 12, 161, 232, 9],
    [170, 138, 1076, 1619, 140],
    [151, 111, 662, 1040, 70]
  ],
  "W": [
    [21, 45, 38, 1, 3],
    [9, 44, 29, 4, 4],
    [1, 14, 24, 2, 3],
    [8, 217, 110, 23, 8],
    [6, 44, 56, 6, 0],
    [33, 285, 305, 54, 20],
    [42, 465, 416, 80, 36],
    [149, 2027, 1945, 269, 116],
    [3, 17, 22, 8, 1],
    [5, 52, 49, 7, 4],
    [6, 39, 20, 1, 2],
    [1, 13, 5, 0, 0],
    [51, 509, 236, 70, 22],
    [4, 133, 71, 19, 7],
    [149, 914, 1061, 168, 84],
    [55, 450, 524, 82, 35],
    [26, 422, 611, 62, 24],
    [13, 156, 229, 31, 12],
    [6, 94, 162, 23, 6],
    [26, 125, 142, 21, 16],
    [1, 5, 3, 2, 0],
    [17, 195, 185, 39, 11],
    [2, 18, 11, 5, 5],
    [1, 5, 3, 0, 0],
    [2, 85, 34, 6, 3],
    [22, 160, 130, 29, 17],
    [9, 156, 145, 35, 20],
    [22, 175, 137, 25, 15],
    [4, 112, 39, 14, 8],
    [4, 34, 26, 4, 3],
    [17, 310, 272, 51, 13],
    [20, 224, 174, 26, 16],
    [10, 131, 84, 19, 10],
    [3, 36, 25, 7, 0],
    [2, 13, 4, 2, 1],
    [2, 28, 9, 9, 4],
    [0, 4, 5, 1, 1],
    [13, 172, 52, 22, 9],
    [34, 409, 228, 59, 45],
    [9, 25, 18, 8, 1],
    [2, 35, 29, 10, 3],
    [42, 223, 268, 46, 23],
    [32, 138, 196, 26, 15],
    [67, 242, 187, 33, 34],
    [39, 246, 225, 38, 33],
    [19, 163, 159, 22, 27],
    [91, 454, 575, 78, 53],
    [28, 298, 264, 46, 38],
    [53, 360, 344, 65, 26],
    [26, 315, 328, 55, 39],
    [19, 143, 179, 35, 17],
    [28, 293, 403, 44, 24],
    [12, 73, 130, 15, 7],
    [31, 350, 574, 46, 14],
    [39, 392, 785, 71, 46],
    [3, 20, 15, 3, 4],
    [0, 5, 3, 2, 1],
    [70, 197, 155, 17, 16],
    [136, 1560, 1138, 151, 158],
    [114, 1004, 720, 104, 92]
  ],
  "method": "mult",
  "cond_prob": [
    [
      [0.3238057886, 0.0036706949555, 0.031561633914, 0.64096188253, 0],
      [0.048534637664, 0.025462540248, 0.03580656541, 0.87719548093, 0.013000775749],
      [0.0033694847129, 0.010072584169, 0.88089478232, 0.10411789528, 0.001545253521],
      [0.00057031655682, 0.23767093392, 0.13441904704, 0.62607867493, 0.0012610275579],
      [0.29580300296, 0.052223987477, 0.039163156407, 0.49448170984, 0.11832814331]
    ],
    [
      [0.36438367051, 0.008274130773, 0.015594478404, 0.61026331996, 0.0014844003531],
      [0.034470063145, 0.052371709834, 0, 0.84446825885, 0.068689968169],
      [0.044573178757, 0.026596485937, 0.77404680484, 0.13820510747, 0.016578422993],
      [0.0012932540556, 0.39274115566, 0.086815303611, 0.51353396913, 0.0056163175459],
      [0.2265172467, 0.069728718885, 0.016257784887, 0.32223568443, 0.3652605651]
    ],
    [
      [0.47734625222, 0.0024873423621, 0.0212007544, 0.49860362723, 0.00036202378877],
      [0.078652406383, 0.01955074773, 0.0037611349851, 0.84661019505, 0.05142551585],
      [0.016099052426, 0.0081909231158, 0.81844768156, 0.141429598, 0.01583274489],
      [0.0019759972795, 0.22191536563, 0.1184131829, 0.65236759023, 0.0053278639629],
      [0.34373026854, 0.027796434461, 0.015524210827, 0.31660270316, 0.29634638301]
    ],
    [
      [0.30287930146, 0.0058079316385, 0.032990941094, 0.65829605084, 2.5774963171e-05],
      [0.042580786651, 0.036590942832, 0.025060438567, 0.87917083195, 0.016597000002],
      [0.0017073653304, 0.015924609792, 0.86631053338, 0.11326433423, 0.0027931572649],
      [0.00048340252835, 0.29057751174, 0.11786890633, 0.58962615241, 0.0014440269809],
      [0.26725080507, 0.072289013131, 0.036601723054, 0.49163534871, 0.13222311003]
    ],
    [
      [0.45321193002, 0.004602088309, 0.037352290332, 0.50483369134, 0],
      [0.071808498866, 0.034984346943, 0.06969105328, 0.78412903229, 0.039387068622],
      [0.0020834379423, 0.010216803801, 0.92526152425, 0.058025961054, 0.0044122729549],
      [0.00074699083592, 0.3101558653, 0.14913909264, 0.53664443537, 0.0033136158612],
      [0.33813638427, 0.053455178238, 0.032765008862, 0.32386464107, 0.25177878756]
    ],
    [
      [0.22675326321, 0.0068667815519, 0.045426611056, 0.72095334418, 0],
      [0.025494137067, 0.039305494435, 0.061786964966, 0.83342267606, 0.039990727472],
      [0, 0.012973916551, 0.90377057778, 0.077988911356, 0.0052665943166],
      [0, 0.30022898121, 0.13772646492, 0.55872906469, 0.0033154891773],
      [0.16256566251, 0.070096038073, 0.04021907462, 0.43625447539, 0.29086474942]
    ],
    [
      [0.2770444129, 0.0059959058808, 0.036766501307, 0.68007483796, 0.00011834194625],
      [0.037298216428, 0.035490285353, 0.036605518732, 0.85003123945, 0.040574740041],
      [0.0015004847602, 0.01467917398, 0.87288503975, 0.10392569184, 0.0070096096682],
      [0.00043805517139, 0.28615364077, 0.12613856601, 0.58364291819, 0.0036268198596],
      [0.20447827626, 0.062398934067, 0.033971636549, 0.42355025566, 0.27560089746]
    ],
    [
      [0.2538335185, 0.007106362632, 0.03930265653, 0.6996842612, 7.3201137798e-05],
      [0.032640039634, 0.041157776106, 0.042776801042, 0.84500455447, 0.038420828745],
      [0.00064842538146, 0.016982971606, 0.87847347898, 0.097746629679, 0.0061484943488],
      [0.00027614161855, 0.3122857899, 0.12494771788, 0.55922800473, 0.0032623458701],
      [0.18691358571, 0.07308260813, 0.036150652846, 0.43425245835, 0.26960069497]
    ],
    [
      [0, 0.013469777499, 0.045130955718, 0.94120795092, 0.00019131586108],
      [0, 0.059224293013, 0.024592650185, 0.84707191898, 0.069111137825],
      [0, 0.031253382692, 0.84821716102, 0.10893345487, 0.011596001417],
      [0, 0.39793276671, 0.094885604638, 0.50200502109, 0.0051766075693],
      [0, 0.081741133408, 0.026669700101, 0.36357734882, 0.52801181767]
    ],
    [
      [0.1457692035, 0.010955965514, 0.028460397714, 0.81480008527, 1.434800428e-05],
      [0, 0.058906211228, 0, 0.92087020648, 0.020223582295],
      [0.016536912876, 0.033995636356, 0.77937487835, 0.16629176464, 0.0038008077842],
      [6.7410757032e-05, 0.39176987039, 0.078645657169, 0.52799915717, 0.0015179045088],
      [0.11509334407, 0.11848047859, 0.029452343054, 0.54911456736, 0.18785926691]
    ],
    [
      [0.10341404962, 0.010489611054, 0.053124050468, 0.83297228885, 0],
      [0.0066612298115, 0.05176879897, 0.065658599659, 0.82348593912, 0.052425432443],
      [0, 0.017784350541, 0.89634309325, 0.07862120818, 0.0072513480281],
      [1.4689226595e-05, 0.38645828951, 0.11819562453, 0.49137846622, 0.0039529305154],
      [0.05985652519, 0.087966936763, 0.037756410472, 0.41120600576, 0.40321412181]
    ],
    [
      [0.61753092151, 0, 0.028626742215, 0.35384233628, 0],
      [0.10538353075, 0, 0.094432617105, 0.80018385215, 0],
      [0.0024966357551, 0, 0.94874984708, 0.048753517161, 0],
      [0.0014871158005, 0, 0.22504389869, 0.77346898551, 0],
      [0.6260954266, 0, 0.036340078036, 0.33756449537, 0]
    ],
    [
      [0.22082090987, 0.0077397610588, 0.036038073863, 0.735393158, 8.0972100819e-06],
      [0.026822831351, 0.044444871994, 0.026736361519, 0.87881962909, 0.023176306042],
      [0.0004604196673, 0.019418529942, 0.86389853075, 0.11236264982, 0.0038598698229],
      [0.00011609028629, 0.32132021934, 0.11209921765, 0.56455396474, 0.0019105079861],
      [0.18038759443, 0.086711087308, 0.037556896718, 0.50633612929, 0.18900829226]
    ],
    [
      [0.23695414502, 0.0088292373675, 0.039413058545, 0.71476511281, 3.844625543e-05],
      [0.028358152419, 0.052033744396, 0.039721207249, 0.8498344089, 0.030052487035],
      [0.00041605634898, 0.021560775002, 0.87494287388, 0.098561106788, 0.0045191879783],
      [0.00012348180638, 0.36094205833, 0.11458902938, 0.5220303009, 0.0023151295803],
      [0.17838042759, 0.093640130346, 0.037327371114, 0.45664983798, 0.23400223298]
    ],
    [
      [0.26192412625, 0.0060965536752, 0.039207328244, 0.69277199183, 0],
      [0.034041058499, 0.036084164151, 0.04616949489, 0.85697613975, 0.026729142713],
      [3.4808096415e-06, 0.01437570366, 0.8848543974, 0.097067810281, 0.0036986078477],
      [0.00018290617001, 0.28565317314, 0.12986072282, 0.58203095852, 0.0022722393585],
      [0.21220662315, 0.069861104731, 0.039429436743, 0.47298373512, 0.20551910025]
    ],
    [
      [0.21384932582, 0.0071728060234, 0.04536471799, 0.73361315016, 0],
      [0.023028203192, 0.041718237645, 0.060793081292, 0.84686526292, 0.02759521495],
      [0, 0.013440432721, 0.90375270027, 0.079770740924, 0.0030361260814],
      [0, 0.30493889011, 0.13471253459, 0.5581482346, 0.0022003406973],
      [0.16787416123, 0.079557514113, 0.043863175679, 0.48553956987, 0.2231655791]
    ],
    [
      [0.19823771815, 0.0061144891076, 0.046235817837, 0.74938657147, 2.5403433208e-05],
      [0.022103860764, 0.033899057118, 0.061739973727, 0.84566308071, 0.036594027683],
      [0, 0.010465070413, 0.91134032727, 0.073885550134, 0.0043090521863],
      [0.00010139795767, 0.26784003153, 0.14337986883, 0.58551622845, 0.0031624732299],
      [0.14632097552, 0.063974216771, 0.042712833139, 0.46666882447, 0.28032315009]
    ],
    [
      [0.29183448929, 0.0056696597554, 0.045031490972, 0.65746435998, 0],
      [0.035855543735, 0.035386048535, 0.072232884028, 0.81918184133, 0.037343682369],
      [0, 0.0086579847309, 0.92975910568, 0.057669816006, 0.0039130935868],
      [8.5111571446e-05, 0.28030691014, 0.15245441755, 0.56402534857, 0.0031282121682],
      [0.21750402982, 0.061156511162, 0.042111547075, 0.41411853346, 0.26510937848]
    ],
    [
      [0.26936013541, 0.007946279309, 0.039335657508, 0.68327762116, 8.0306607367e-05],
      [0.033861286564, 0.04666265944, 0.043798864246, 0.83252769042, 0.043149499329],
      [0.00044241467087, 0.019459028465, 0.88052538596, 0.092884651303, 0.0066885195998],
      [0.00023888040549, 0.34542569534, 0.12151083152, 0.52933044102, 0.003494151722],
      [0.18728547076, 0.078146455432, 0.034505194206, 0.40346961983, 0.29659325977]
    ],
    [
      [0.23681514746, 0.0062051559091, 0.033606283126, 0.72337341351, 0],
      [0.029716880692, 0.035762724148, 0.026830777872, 0.88252870906, 0.025160908226],
      [0.0002883155609, 0.015923131093, 0.85746089425, 0.12255735451, 0.0037703045932],
      [0.00020073462089, 0.28469848363, 0.11658715794, 0.59635624651, 0.0021573772959],
      [0.19268999018, 0.070535791025, 0.035288256559, 0.49684856872, 0.20463739352]
    ],
    [
      [0, 0.0071870274511, 0.039042217627, 0.95377075492, 0],
      [0, 0.033143002667, 0.021891178656, 0.94496581868, 0],
      [0, 0.010006767698, 0.89233005478, 0.097663177518, 0],
      [0, 0.39853882806, 0.087255862371, 0.51420530957, 0],
      [0, 0.1391810042, 0.054624088423, 0.80619490738, -0]
    ],
    [
      [0.18785284527, 0.0077100639216, 0.036650051947, 0.76762331365, 0.00016372521262],
      [0.021977847774, 0.04203864106, 0.019668454855, 0.87139684696, 0.044918209353],
      [0.00051001591227, 0.019610908153, 0.84820993979, 0.12318140589, 0.0084877302561],
      [0.00016341736298, 0.31376267934, 0.10952423387, 0.57262633771, 0.0039233317201],
      [0.12909955396, 0.073330127654, 0.031937857975, 0.44609375012, 0.31953871029]
    ],
    [
      [0.49776256646, 0.0025444085592, 0.035653095538, 0.46403992944, 0],
      [0.082736396783, 0.021440712525, 0.086635875473, 0.80918701522, 0],
      [0.00059676370309, 0.0048003294996, 0.93414145378, 0.060461453017, 0],
      [0.00011745101627, 0.26208522155, 0.16752549978, 0.57027182766, 0],
      [0.50161361383, 0.04914972504, 0.051212911988, 0.39802374914, 0]
    ],
    [
      [0.96722687686, 0, 0.0013405319355, 0.031432591202, 0],
      [0.5753194388, 0, 0.030967079437, 0.39371348176, 0],
      [0.05205864304, 0, 0.94794135696, 0, 0],
      [0.0088559869688, -0, 0.35655799068, 0.63458602236, 0],
      [0.93739908266, 0, 0.010806507155, 0.051794410189, -0]
    ],
    [
      [0.25967610035, 0.0031957323982, 0.037523559657, 0.69958731027, 1.7297331078e-05],
      [0.032492888822, 0.018115958842, 0.04385927916, 0.88853811356, 0.016993759621],
      [0.0006736062512, 0.0073014602331, 0.88836408264, 0.1011443888, 0.0025164620758],
      [0.00031769998456, 0.18028153671, 0.14422331045, 0.6735084599, 0.0016689929535],
      [0.231314479, 0.041271055137, 0.042398493271, 0.53170858284, 0.15330738976]
    ],
    [
      [0.42503406748, 0.0077254978123, 0.03939732741, 0.5276568004, 0.00018630690015],
      [0.068997283619, 0.05433297826, 0.06729452166, 0.75863817929, 0.050737037175],
      [0.0039961175858, 0.019479698191, 0.90678354644, 0.062004536242, 0.0077361015438],
      [0.0010731986345, 0.38962927027, 0.13451774518, 0.47074401056, 0.0040357753489],
      [0.29759218176, 0.0767737014, 0.034309393195, 0.31160445222, 0.27972027143]
    ],
    [
      [0.24112233962, 0.0098694110315, 0.042665228798, 0.70634302055, 0],
      [0.027253993494, 0.058770761129, 0.054521346856, 0.82910807344, 0.03034582508],
      [0, 0.022924578769, 0.89029197304, 0.083465474162, 0.0033179740257],
      [0, 0.38222033317, 0.12023098383, 0.4954894596, 0.0020592234067],
      [0.17891379791, 0.10205804911, 0.0405131153, 0.44287142595, 0.23564361172]
    ],
    [
      [0.38938664188, 0.0042024958603, 0.025951121102, 0.58007910226, 0.00038063890137],
      [0.067407286405, 0.02876558223, 0.0097761745531, 0.84992874526, 0.044122211547],
      [0.0084054026611, 0.012608873534, 0.84904641636, 0.12060472903, 0.0093345784082],
      [0.0018093390067, 0.25795117841, 0.12053427941, 0.61541389204, 0.0042913111325],
      [0.29602967454, 0.046491537755, 0.025701917456, 0.37283561004, 0.25894126021]
    ],
    [
      [0.2094960481, 0.0054374546648, 0.03177193274, 0.75318995298, 0.00010461151927],
      [0.025717980802, 0.029778179356, 0.001481348977, 0.90427042719, 0.038752063677],
      [0.0011570715467, 0.014557899704, 0.84621390548, 0.13055035894, 0.0075207643305],
      [0.00032740750612, 0.25855800992, 0.10565594636, 0.63186261387, 0.0035960223407],
      [0.1539865578, 0.056940483266, 0.028184452608, 0.47142646877, 0.28946203756]
    ],
    [
      [0.19648313522, 0.0039669244951, 0.022043246446, 0.77666273159, 0.00084396224978],
      [0, 0.0098633295196, 0, 0.92403180718, 0.066104863298],
      [0.032896716688, 0.026336267846, 0.74900791949, 0.17442635288, 0.017332743091],
      [0.0004493340591, 0.21438642687, 0.096482444254, 0.68200615586, 0.0066756389571],
      [0.118985163, 0.035496808963, 0.017230443463, 0.4043859437, 0.42390164088]
    ],
    [
      [0.26132888947, 0.0061660902455, 0.037618321652, 0.69484174543, 4.4953204813e-05],
      [0.034169165717, 0.036266123834, 0.039180544606, 0.8618766383, 0.028507527539],
      [0.00087822594815, 0.014939861853, 0.87615196543, 0.10352491838, 0.0045050283923],
      [0.00030601394104, 0.28799882941, 0.12572412013, 0.58350447305, 0.0024665634702],
      [0.2084987183, 0.069315027153, 0.037634998593, 0.46834050221, 0.21621075374]
    ],
    [
      [0.32762753956, 0.0049209423162, 0.031814478766, 0.63538900879, 0.00024803056363],
      [0.048906497456, 0.030815770759, 0.022200808496, 0.85078704292, 0.047289880368],
      [0.003826109267, 0.013244805374, 0.86027868863, 0.11340855236, 0.0092418443667],
      [0.00084061454756, 0.26465985768, 0.12448167181, 0.60559957564, 0.0044182803264],
      [0.23779967424, 0.050818504316, 0.029107127032, 0.38982782078, 0.29244687363]
    ],
    [
      [0.32729606467, 0.0033917375996, 0.029757083172, 0.63955240834, 2.7062240562e-06],
      [0.049054823926, 0.021495365488, 0.018857886102, 0.89749050106, 0.013101423427],
      [0.0027720830957, 0.0092618309452, 0.86281383799, 0.12298202403, 0.0021702239446],
      [0.00078563829396, 0.20573929447, 0.12653688047, 0.66568331985, 0.0012548669135],
      [0.30530753114, 0.046314935086, 0.035148296902, 0.50547471826, 0.10775451862]
    ],
    [
      [0.3457812024, 0.0024718109231, 0.022209363372, 0.62941054527, 0.00012707803913],
      [0.035735205908, 0.015602151423, 0, 0.92494324766, 0.02371939501],
      [0.026658015803, 0.0073165548626, 0.80704080129, 0.15385280484, 0.0051318232067],
      [0.0013912264355, 0.17828474921, 0.10819312539, 0.70964161821, 0.0024892807642],
      [0.29152159489, 0.033157238627, 0.028525905356, 0.45679779944, 0.18999746168]
    ],
    [
      [0.24317692651, 0, 0.025584973701, 0.73123809979, 0],
      [0.019228749175, 0, 0.0074414608789, 0.97332978995, 0],
      [0, 0, 0.88355743987, 0.11644256013, 0],
      [0, 0, 0.13857274791, 0.86142725209, 0],
      [0.2636724077, 0, 0.040715805872, 0.69561178643, 0]
    ],
    [
      [0.35171141193, 0.0053345823131, 0.04217433659, 0.60077966917, 0],
      [0.044562325033, 0.032683181353, 0.075954586141, 0.81348069233, 0.033319215141],
      [0.00049878417602, 0.010856653548, 0.9137178862, 0.071033691331, 0.0038929847418],
      [0, 0.3035700724, 0.15516306191, 0.53902625942, 0.0022406062704],
      [0.26108575441, 0.061090305995, 0.042248595458, 0.3826104299, 0.25296491424]
    ],
    [
      [4.0115480382e-17, 0, 0.07022654731, 0.92953274248, 0.00024071021527],
      [3.664603343e-17, 0, 0.17489744465, 0.76675078126, 0.058351774087],
      [0, 0, 1, 0, 0],
      [0, 0, 0.25592585405, 0.73817021382, 0.0059039321201],
      [0, 0, 0.044484367325, 0.19482666114, 0.76068897153]
    ],
    [
      [0.19574394883, 0.0049030406746, 0.035782374792, 0.7635706357, 0],
      [0.022723320587, 0.026692058002, 0.025362377671, 0.90637573252, 0.018846511225],
      [0.00044527268666, 0.011995098921, 0.86828563511, 0.11610586942, 0.0031681238596],
      [7.7506166071e-05, 0.23517430814, 0.12131645248, 0.64172795898, 0.0017037742357],
      [0.16911757876, 0.060849619095, 0.039187243124, 0.55793727064, 0.17290828838]
    ],
    [
      [0.28512705293, 0.0087286992641, 0.038145526199, 0.6679987216, 0],
      [0.037123524634, 0.05358258154, 0.043828657036, 0.83726649764, 0.028198739146],
      [0.00054792995603, 0.022072035418, 0.87806054521, 0.095166547358, 0.0041529420627],
      [0.00017233644168, 0.36524834002, 0.11704896916, 0.51536181144, 0.0021685429413],
      [0.22193472767, 0.09346382753, 0.037187508756, 0.43870502792, 0.20870890812]
    ],
    [
      [0.37956890483, 0.0023122468025, 0.039438339977, 0.57789003524, 0.00079047315042],
      [0.053130649006, 0.024153978652, 0.052465761485, 0.78233939164, 0.087910219213],
      [0.0025891306728, 0.0068993593265, 0.89673836819, 0.079798232519, 0.013974909294],
      [0.00099916082706, 0.27686861464, 0.14590760618, 0.56779483919, 0.0084297791627],
      [0.20101599263, 0.036202927465, 0.02485942623, 0.26177799294, 0.47614366073]
    ],
    [
      [0.23899688629, 0.0036005939792, 0.034121449456, 0.72312479156, 0.00015627871495],
      [0.028321259373, 0.018652264266, 0.019736104393, 0.8859415405, 0.047348831471],
      [0.0012992789928, 0.0071346846751, 0.85907158609, 0.12354399235, 0.0089504579],
      [0.00042199804798, 0.20214211058, 0.1240203428, 0.66859214947, 0.0048233991073],
      [0.16295435937, 0.037214200459, 0.029238007621, 0.42569974225, 0.3448936903]
    ],
    [
      [0.47726665714, 0.0081010064369, 0.028766625722, 0.48565868399, 0.00020702671408],
      [0.089873282663, 0.061362096852, 0.034954840557, 0.77641130365, 0.03739847628],
      [0.012556039264, 0.025737465389, 0.86979030337, 0.085199728583, 0.0067164633888],
      [0.0024495239857, 0.41594008357, 0.11392908473, 0.46471013807, 0.0029711696355],
      [0.36675485827, 0.084570676648, 0.02836230755, 0.31532264987, 0.20498950766]
    ],
    [
      [0.42749381809, 0.0043423684629, 0.031768086199, 0.53622583146, 0.00016989578105],
      [0.074557369944, 0.032653925593, 0.041665535489, 0.81329062465, 0.037832544329],
      [0.010022000383, 0.011388719133, 0.88363371887, 0.088423451946, 0.0065321096643],
      [0.0017879007422, 0.28249029168, 0.13728853103, 0.57496412431, 0.0034691522305],
      [0.33469888496, 0.051857729558, 0.031457775874, 0.35510689192, 0.22687871769]
    ],
    [
      [0.20971534207, 0.006709537937, 0.032837964458, 0.75073715553, 0],
      [0.023522572272, 0.038228558756, 0.025315118276, 0.89754966611, 0.01538408459],
      [0, 0.016036467434, 0.85897777671, 0.1232740655, 0.0017116903502],
      [0, 0.28978232993, 0.11364862719, 0.59531122891, 0.0012578139713],
      [0.18401792916, 0.080515101219, 0.038069082835, 0.55282560524, 0.14457228155]
    ],
    [
      [0.23721306354, 0.00688264807, 0.032802772727, 0.72308021934, 2.1296320411e-05],
      [0.030128852715, 0.039533412718, 0.020096699963, 0.88067333465, 0.029567699954],
      [0.00080313960641, 0.018168855941, 0.85090555497, 0.12509553032, 0.0050269191582],
      [0.00026367528284, 0.30176568355, 0.11174708142, 0.58368587119, 0.0025376885561],
      [0.18625050551, 0.07428086773, 0.03262923365, 0.47962647556, 0.22721291755]
    ],
    [
      [0.3773956453, 0.0056731310238, 0.038026805573, 0.57883737715, 6.7040947967e-05],
      [0.058089617696, 0.038127849879, 0.059187354253, 0.80861245665, 0.035982721526],
      [0.0028833877001, 0.013633926773, 0.90282110344, 0.075255188412, 0.0054063936752],
      [0.0007460182086, 0.30904022164, 0.13941577372, 0.5477071929, 0.0030907935303],
      [0.29207422259, 0.0633589536, 0.037564795636, 0.3771528222, 0.22984920597]
    ],
    [
      [0.21271897486, 0.0072726972806, 0.040103536514, 0.73990479135, 0],
      [0.023749696969, 0.041918922031, 0.042345311574, 0.8638726621, 0.028113407322],
      [0, 0.016088573986, 0.87737200318, 0.10278605126, 0.0037533715682],
      [0, 0.30591893141, 0.12247913114, 0.56928682532, 0.0023151121342],
      [0.16717378989, 0.079139382148, 0.039311937023, 0.48988912344, 0.2244857675]
    ],
    [
      [0.37596507177, 0.0047039894485, 0.031699616927, 0.58726737392, 0.000363947933],
      [0.061438096848, 0.031084528686, 0.029525649733, 0.82739197406, 0.05055975067],
      [0.0063876233882, 0.012547407069, 0.86837715848, 0.10213673346, 0.010551077604],
      [0.0014023099581, 0.27013162437, 0.13005854092, 0.59354546888, 0.0048620558689],
      [0.27404174466, 0.049119172632, 0.02840801014, 0.36122410675, 0.28720696582]
    ],
    [
      [0.29742784177, 0.0080307237292, 0.030861126309, 0.66359944285, 8.0865341001e-05],
      [0.042035947745, 0.049381523202, 0.018926031477, 0.86197427986, 0.027682217714],
      [0.0026134650606, 0.023159849144, 0.84827493413, 0.12096962238, 0.0049821292867],
      [0.00061484585938, 0.34762455334, 0.10624479473, 0.54322794727, 0.0022878587982],
      [0.23709177831, 0.085939969866, 0.032249999053, 0.44596623494, 0.19875201783]
    ],
    [
      [0.23401753885, 0.0076396663316, 0.03981903123, 0.71852376359, 0],
      [0.028223008414, 0.044099852415, 0.043212274676, 0.85440618833, 0.030058676161],
      [0, 0.018032842209, 0.87853643189, 0.099402878464, 0.0040278474421],
      [7.5005558899e-05, 0.32354111769, 0.12173138091, 0.55224351064, 0.002408985198],
      [0.1800300265, 0.082061062745, 0.038401616835, 0.46674091283, 0.23276638109]
    ],
    [
      [0.32058909645, 0.007489274397, 0.037737938073, 0.63418369108, 0],
      [0.044200495932, 0.047642051661, 0.049276617689, 0.83867711713, 0.020203717586],
      [9.0226993463e-05, 0.019304143045, 0.8894652047, 0.088803523611, 0.0023369016552],
      [0.00016770851369, 0.34570550274, 0.12428389871, 0.52833539693, 0.0015074931139],
      [0.2685950482, 0.087632717527, 0.039542044231, 0.44894779417, 0.15528239588]
    ],
    [
      [0.26470409342, 0.0050851636679, 0.03364732309, 0.69652432423, 3.9095590739e-05],
      [0.035864776879, 0.030423737437, 0.026938375359, 0.88331442842, 0.0234586819],
      [0.0017380590734, 0.013334406463, 0.85593904087, 0.12499313769, 0.0039953559114],
      [0.00044348683901, 0.2527289727, 0.12188595636, 0.62280032685, 0.0021412572576],
      [0.2233314388, 0.060400822705, 0.035771476013, 0.49628093852, 0.18421532396]
    ],
    [
      [0.31095161587, 0.0057607383704, 0.048362038083, 0.63492560767, 0],
      [0.032172139476, 0.044884601284, 0.080357563886, 0.82804160754, 0.01454408781],
      [0, 0.0050580037788, 0.95275265951, 0.0417454458, 0.00044389091634],
      [0, 0.29759287116, 0.15581444264, 0.54549928686, 0.0010933993385],
      [0.27428777539, 0.076123098161, 0.051213000574, 0.47492258578, 0.12345354009]
    ],
    [
      [0.40971375498, 0.0064967222152, 0.035256118348, 0.54851401581, 1.9388648733e-05],
      [0.065710199002, 0.046050719105, 0.053957187987, 0.80943881004, 0.024843083866],
      [0.0026231832833, 0.017008811756, 0.90149014647, 0.075510157078, 0.0033677014116],
      [0.00069844489742, 0.34458136553, 0.1317286668, 0.52096719849, 0.0020243242811],
      [0.34017630535, 0.076217797304, 0.036227270577, 0.38465433594, 0.16272429083]
    ],
    [
      [0.26150416696, 0.0074461851868, 0.047160085923, 0.68386829943, 2.126250415e-05],
      [0.029652430843, 0.045440872734, 0.065368066811, 0.81145623898, 0.048082390635],
      [0, 0.012271201174, 0.92545091887, 0.056921815602, 0.0053560643576],
      [0.0001157901227, 0.32343845479, 0.14350880074, 0.52903707392, 0.0038998804297],
      [0.17759485869, 0.071733770745, 0.040616919488, 0.39115289451, 0.31890155657]
    ],
    [
      [0.3938818784, 0.0018541129534, 0.019484025859, 0.58477998279, 0],
      [0.05773143852, 0.013692870756, 0, 0.91061578246, 0.01795990826],
      [0.016859499852, 0.0056671958469, 0.83337863515, 0.14110306279, 0.0029916063658],
      [0.001803685263, 0.17291538039, 0.11867451123, 0.70479585196, 0.0018105711466],
      [0.35135551021, 0.029206541781, 0.021211215376, 0.45060272617, 0.14762400647]
    ],
    [
      [0.79516644871, 0.0026575647945, 0.018076330301, 0.18404195234, 5.7703855893e-05],
      [0.11925565578, 0.017120086732, 0.13038934673, 0.63364712753, 0.099587783239],
      [0, 0, 0.98255317096, 0.0053711850436, 0.012075643997],
      [0.0031485570378, 0.44502142554, 0.18461485717, 0.35800799826, 0.0092071619922],
      [0.39742460705, 0.024356715268, 0.031164039133, 0.099634810725, 0.44741982783]
    ],
    [
      [0.3571397231, 0.0036517405717, 0.045162450684, 0.59404608564, 0],
      [0.055077024442, 0.027215943257, 0.067459681984, 0.82319145149, 0.027055898831],
      [0.0026454244125, 0.0092110108143, 0.9114756225, 0.073425905599, 0.0032420366761],
      [0.00071043172424, 0.24392602265, 0.15369529359, 0.59917302748, 0.0024952245553],
      [0.29549546528, 0.050524267317, 0.041095601446, 0.4175688267, 0.19531583925]
    ],
    [
      [0.34226931968, 0.006232607604, 0.034565741837, 0.61663544113, 0.00029688975143],
      [0.051913435421, 0.03959875942, 0.034929160298, 0.82186569842, 0.051692946438],
      [0.0037103290111, 0.016409942364, 0.87260290905, 0.097484399823, 0.0097924197535],
      [0.00078957555964, 0.31112924334, 0.12586817258, 0.55767683158, 0.0045361769317],
      [0.24129641103, 0.061539686805, 0.030261800554, 0.36633317659, 0.30056892503]
    ],
    [
      [0.40781217805, 0.0071479992856, 0.029289816102, 0.55546271448, 0.00028729207927],
      [0.070683956935, 0.049937238936, 0.023984049962, 0.81363198221, 0.041762771954],
      [0.007122106019, 0.021581148131, 0.86132324222, 0.10189943823, 0.0080740653961],
      [0.001342160945, 0.36230972418, 0.1141126971, 0.51875092418, 0.0034844935937],
      [0.30733932464, 0.074233719793, 0.027831738086, 0.35296792137, 0.23762729611]
    ]
  ],
  "expected_outcome": [
    [
      [6.7999215606, 3.2794530346, 0.47734625222, 2.4230344117, 2.7192715801, 7.4828576859, 11.6358653419, 37.8211942566, 0, 0.72884601749, 0.62048429775, 0.61753092151, 11.2618664033, 0.9478165801, 39.026694812, 11.7617129203, 5.1541806718, 3.7938483608, 1.6161608125, 6.1571938339, 0, 3.1934983695, 0.99552513293, 0.96722687686, 0.51935220069, 9.3507494845, 2.1701010566, 8.5665061213, 0.83798419239, 0.78593254088, 4.442591121, 6.5525507912, 3.2729606467, 1.0373436072, 0.48635385302, 0.70342282386, 0, 2.5446713348, 9.6943197998, 3.4161201435, 0.47799377258, 20.0451995997, 13.679802179, 14.0509279189, 9.251309478, 7.1705172607, 19.3574267122, 10.5270220095, 15.7636756138, 6.0844560101, 6.0911928326, 7.4117146159, 3.7314193905, 12.7011264043, 10.1986625113, 1.1816456352, 0, 24.9997806171, 46.5486274763, 46.490588298],
      [0.077084594065, 0.074467176957, 0.0024873423621, 0.046463453108, 0.027612529854, 0.22660379121, 0.251828047, 1.0588480322, 0.040409332498, 0.054779827571, 0.062937666324, 0, 0.394727814, 0.03531694947, 0.90838649761, 0.39450433129, 0.1589767168, 0.073705576821, 0.047677675854, 0.16133405364, 0.0071870274511, 0.13107108667, 0.0050888171184, 0, 0.0063914647964, 0.16996095187, 0.088824699283, 0.092454908927, 0.021749818659, 0.015867697981, 0.10482353417, 0.098418846323, 0.033917375996, 0.0074154327694, 0, 0.010669164626, 0, 0.06373952877, 0.29677577498, 0.020810221222, 0.0072011879584, 0.34024227035, 0.13895579081, 0.44953904178, 0.26842327473, 0.10778948945, 0.66181545253, 0.13171170456, 0.42562835765, 0.19863132462, 0.14229621354, 0.1423845827, 0.069128860444, 0.20139838867, 0.29040122229, 0.0055623388601, 0, 0.25562184002, 0.84763463414, 0.81487191856],
      [0.6627943122, 0.14035030564, 0.0212007544, 0.26392752875, 0.22411374199, 1.4990781648, 1.5441930549, 5.856095823, 0.13539286715, 0.14230198857, 0.31874430281, 0.028626742215, 1.837941767, 0.15765223418, 5.8418919084, 2.4950594894, 1.2021312638, 0.58540938264, 0.23601394505, 0.87376336126, 0.039042217627, 0.6230508831, 0.071306191076, 0.0013405319355, 0.075047119315, 0.86674120301, 0.38398705918, 0.57092466424, 0.12708773096, 0.088172985784, 0.63951146808, 0.63628957532, 0.29757083172, 0.066628090115, 0.051169947401, 0.084348673179, 0, 0.4651708723, 1.2969478908, 0.35494505979, 0.068242898912, 1.2081982803, 1.0165787584, 2.2001436187, 1.2793081363, 0.72250930589, 3.6494218228, 0.88758927395, 1.6356396944, 1.035294812, 0.71702082339, 0.94212504651, 0.58034445699, 1.0929396688, 1.839243351, 0.058452077577, 0, 3.1613715479, 4.7009408899, 3.3390390357],
      [13.4601995332, 5.4923698796, 0.49860362723, 5.2663684067, 3.0290021481, 23.7914603581, 28.5631431944, 104.2529549188, 2.8236238528, 4.0740004263, 4.9978337331, 0.35384233628, 37.5050510579, 2.8590604512, 103.223026782, 40.348723259, 19.4840508583, 8.5470366798, 4.099665727, 18.8077087512, 0.95377075492, 13.0495963321, 0.92807985888, 0.031432591202, 1.3991746205, 11.6084496088, 6.3570871849, 12.7617402497, 3.0127598119, 3.1066509264, 11.8123096723, 12.7077801758, 6.3955240834, 1.8882316358, 1.4624761996, 1.2015593383, 0, 9.9264182641, 22.7119565345, 5.2010103172, 1.4462495831, 20.3976647276, 17.1592266068, 50.2993894207, 28.2001285544, 10.9979101659, 67.3313360125, 16.4434864698, 35.1707704711, 18.6816178533, 12.0494901305, 19.5026810784, 7.6191072921, 17.0039344901, 26.6708636778, 1.7543399484, 0, 41.583225995, 83.8624199935, 63.3227494507],
      [0, 0.013359603178, 0.00036202378877, 0.00020619970537, 0, 0, 0.0049703617425, 0.010906969532, 0.00057394758325, 7.1740021398e-05, 0, 0, 0.00041295771418, 0.00015378502172, 0, 0, 0.0006604892634, 0, 0.0004818396442, 0, 0, 0.0027833286145, 0, 0, 3.4594662156e-05, 0.0040987518033, 0, 0.0083740558301, 0.00041844607707, 0.0033758489991, 0.00076420448182, 0.0049606112727, 2.7062240562e-05, 0.0003812341174, 0, 0, 0, 0, 0, 0.0071142583538, 0.0003125574299, 0.0086951219913, 0.0054366649936, 0, 0.00083055649602, 0.0012737780114, 0, 0.010190542124, 0.004285863073, 0, 0, 0.0010946765407, 0, 0.00060104811073, 0.00082923766185, 0, 0, 0, 0.040377006194, 0.032751297037]
    ],
    [
      [2.1840586949, 1.5166827784, 1.1011336894, 9.2400307032, 3.1595739501, 7.265829064, 17.3436706388, 66.1613603388, 0, 0, 0.25978796265, 1.3699858997, 13.6528211578, 3.7716342717, 31.1135274676, 10.3626914366, 9.3278292422, 5.5934648227, 3.182960937, 3.7146100865, 0, 4.285680316, 1.4892551421, 2.876597194, 2.7618955499, 11.0395653791, 4.2516229851, 11.7962751209, 2.8804138498, 0, 10.5924413722, 10.9550554302, 6.4261819343, 1.2864674127, 0.24997373928, 1.2477451009, 1.4658413372e-16, 3.908411141, 15.1835215751, 1.3282662252, 0.99124407804, 20.0417420338, 10.2889170522, 5.6924624898, 7.411697768, 9.4686076844, 10.7823624238, 18.3085528607, 15.1329411884, 8.8902476505, 6.3206709182, 10.5083796255, 2.3485661818, 22.9985696509, 11.6237528904, 1.1546287704, 0.59627827888, 10.8501738151, 80.9849592574, 70.9666927628],
      [1.1458143112, 2.3043552327, 0.27371046822, 7.9402345946, 1.5393112655, 11.2020659139, 16.5029826891, 83.4268121668, 1.0068129812, 3.0631229838, 2.0189831598, 0, 22.6224398451, 6.9204880046, 32.9809260341, 18.7732069404, 14.3054021038, 5.5202235715, 4.3862899874, 4.4703405185, 0.16571501334, 8.1975350066, 0.38593282546, 0, 1.5398565016, 8.6932765216, 9.1682387362, 5.0339768903, 3.3351560878, 0.33535320367, 11.2424983887, 6.9027326499, 2.8158928789, 0.56167745121, 0, 0.91512907789, 0, 4.5910339763, 21.9152758499, 0.60384946631, 0.6528292493, 13.683747598, 4.5062417319, 9.251311219, 9.7252195286, 6.2148395303, 19.031190602, 9.2631895483, 17.7773483528, 13.8914535106, 6.8128133876, 8.9141550691, 3.2765758937, 16.1177516867, 17.8128221117, 0.27385741513, 0.085600433659, 5.3615408217, 61.7740646955, 50.136987892],
      [1.6112954434, 0, 0.052655889792, 5.4381151691, 3.0664063443, 17.6092850154, 17.0215662105, 86.7085757128, 0.41807505314, 0, 2.5606853867, 1.2276240224, 13.6088080134, 5.2829205641, 42.1989183291, 27.3568865816, 26.0542689129, 11.2683299084, 4.1170932391, 3.353847234, 0.10945589328, 3.8353486967, 1.5594457585, 0.15483539718, 3.7280387286, 10.7671234656, 8.5053301095, 1.7108305468, 0.16591108543, 0, 12.1459688279, 4.972981103, 2.4703830793, 0, 0.096738991426, 2.126728412, 0.69958977862, 4.3623289594, 17.9259207278, 1.3116440371, 0.69076365375, 7.7949294442, 5.7498438975, 6.1262586227, 4.943788191, 9.6475387432, 19.2247714548, 8.7986436205, 6.8133713319, 13.6118665231, 7.0465563295, 7.8929439802, 5.8661021637, 18.8850157956, 25.6242821901, 0, 0.65194673364, 13.2895573508, 54.4894900651, 24.0799861618],
      [39.4737966418, 37.1566033895, 11.8525427307, 190.7800705328, 34.5016774207, 237.5254626772, 395.2645263427, 1712.8242319148, 14.4002226226, 47.8852507368, 32.1159516255, 10.4023900779, 447.3191912085, 113.0279763839, 783.2761917291, 381.0893683138, 356.8698200586, 127.7923672478, 78.2576028996, 110.3160886328, 4.7248290934, 169.9223851569, 14.5653662739, 1.9685674088, 75.5257396522, 121.3821086856, 129.3408594566, 148.7375304213, 101.2782878451, 31.4170814442, 267.1817578741, 190.5762976145, 117.5712556386, 33.2979569157, 12.6532872693, 22.7774593853, 3.067003125, 155.8966259927, 342.4419975367, 19.5584847911, 31.0079539174, 173.1397207136, 112.234106201, 217.2070191978, 216.6456403238, 131.8038304333, 392.1981885954, 246.5628082709, 310.31074075, 269.1379493252, 119.9308277499, 258.8111275284, 60.4470373507, 283.3035835136, 318.0908456789, 18.2123156493, 3.1682356376, 162.1687159426, 1282.1104895389, 816.8865101416],
      [0.58503490871, 3.0223585994, 0.7199572219, 3.6015490004, 1.7330310194, 11.3973573296, 18.8672541189, 77.8790198668, 1.174889343, 1.0516262793, 2.0445918653, 0, 11.7967397753, 3.9969807757, 24.43043644, 12.4178467276, 15.4426796824, 5.8256144496, 4.0560529369, 3.1451135283, 0, 8.7590508238, 0, 0, 1.4444695678, 8.1179259481, 4.7339487125, 7.7213870207, 4.3402311318, 2.2475653521, 8.8373335372, 10.5929332024, 1.7162864689, 0.85389822037, 0, 0.93293802393, 0.23340709635, 3.2415999307, 11.5332843106, 2.1977554803, 1.6572091015, 8.3398602104, 5.2208911174, 3.7229484707, 7.2736541886, 5.8651836088, 12.763486924, 15.0668056995, 9.9655983769, 9.4684829906, 2.8891316148, 6.8733937968, 1.0617184101, 8.6950793532, 18.8482971289, 0.3591981652, 0.49793891619, 5.3300120698, 80.6409964431, 41.9298230418]
    ],
    [
      [0.12804041909, 1.292622184, 0.38637725824, 0.18781018635, 0.11667252477, 0, 0.62420166025, 1.2611873669, 0, 0.81030873091, 0, 0.012483178775, 0.10865904148, 0.029540000778, 0.0036931390297, 0, 0, 0, 0.07167117668, 0.040940809647, 0, 0.094352943771, 0.006564400734, 0.15617592912, 0.022902612541, 0.51949528616, 0, 1.1515401646, 0.045125790322, 0.85531463389, 0.2388774579, 0.66574301246, 0.23285498004, 0.66645039508, 0, 0.0044890575842, 0, 0.023154179706, 0.12492802997, 0.04660435211, 0.037679090792, 3.3650185229, 1.9643120751, 0, 0.18070641144, 0.45845864432, 0, 1.6863325745, 0.89903198084, 0, 0.01615063183, 0.70043780656, 0, 1.5057072046, 0, 0.25289249778, 0, 0.41004078394, 4.2223544146, 5.1279163337],
      [0.38275819842, 0.77129809217, 0.19658215478, 1.7517070772, 0.57214101288, 3.9570445481, 6.1065363758, 33.0318797744, 0.68757441922, 1.6657861815, 0.35568701082, 0, 4.5827730664, 1.5308150251, 15.2526215834, 7.0427867457, 6.3941580223, 1.9826785034, 3.1523626114, 2.2610846153, 0.030020303095, 3.6280180083, 0.052803624496, 0, 0.24824964793, 2.5323607648, 3.3240639214, 1.7274156741, 0.56775808847, 0.684742964, 4.0636424241, 2.3045961351, 0.7779937994, 0.18291387157, 0, 0.09770988193, 0, 0.6237451439, 5.0324240752, 0.12418846788, 0.20690585558, 6.8976407244, 2.2321889502, 2.9988194102, 4.0879925868, 2.167794357, 9.2509300421, 3.3125154662, 7.9669881057, 5.9147722445, 3.455441605, 5.3737658047, 0.65754049124, 9.7630579479, 9.6328929216, 0.085007937703, 0, 1.4277066762, 18.6745144103, 15.538426654],
      [33.4740017281, 22.4473573404, 19.6427443575, 95.2941586721, 51.8146453578, 275.6500262217, 363.1201765378, 1708.6309166242, 18.6607775425, 38.189369039, 17.926861865, 4.7437492354, 203.8800532566, 62.1209440457, 938.8305156429, 473.5664149436, 556.8289399602, 212.9148351999, 142.6451125257, 121.7594469831, 2.6769901643, 156.9188388616, 10.2755559916, 2.8438240709, 30.2043788096, 117.8818610368, 129.0923360913, 116.3193590419, 33.0023423136, 19.4742059068, 238.3133345959, 149.6884918221, 72.4763623909, 20.1760200322, 3.5342297595, 8.2234609758, 5, 45.1508530258, 200.1978043068, 16.1412906274, 24.9130759965, 233.1038013042, 173.1922088991, 160.628844245, 191.4537498682, 143.5485554469, 504.4889018313, 229.2515698379, 291.8065773411, 288.1599496584, 159.2142716405, 344.943433469, 123.8578457357, 517.4553440746, 726.4789713099, 12.5006795272, 2.9476595129, 141.2787214872, 993.0221104975, 620.1527343997],
