{
  "Z_true": {},
  "V_true": [
    [31, 51, 66, 2241, 263, 446],
    [21, 965, 49, 206, 906, 80],
    [165, 334, 237, 619, 9572, 335],
    [100, 101, 153, 6656, 270, 242],
    [38, 50, 1471, 1013, 563, 94],
    [700, 28, 49, 1120, 640, 88],
    [46, 136, 74, 358, 613, 411]
  ],
  "p_true": [
    [0.01, 0.0165, 0.0213, 0.7234, 0.0849, 0.144],
    [0.0094, 0.4333, 0.022, 0.0925, 0.4068, 0.0359],
    [0.0147, 0.0297, 0.021, 0.055, 0.8499, 0.0297],
    [0.0133, 0.0134, 0.0203, 0.8849, 0.0359, 0.0322],
    [0.0118, 0.0155, 0.4556, 0.3137, 0.1744, 0.0291],
    [0.2667, 0.0107, 0.0187, 0.4267, 0.2438, 0.0335],
    [0.0281, 0.083, 0.0452, 0.2186, 0.3742, 0.2509]
  ],
  "Z_est": [
    [
      [0.6588, 2.1905, 1.2451, 0.2757, 0.5992, 0.6086, 0.9219, 1.0325, 1.004, 0.0067, 0.3978, 0.4314, 0.4207, 0.0339, 0.6193, 1.6078, 0.3431, 1.083, 0.7915, 0.4599, 0.764, 0.6938, 0, 0.1545, 1.6412, 1.0423, 0.223, 0.3089, 0.1451, 0.8436, 0, 0.4032, 0, 0.6802, 0.6606, 2.2172, 0.2623, 0, 0.0251, 0.1807, 0.0558, 0.9505, 0.0778, 4.0657, 0.046],
      [0, 0.2321, 0, 0.4503, 0.0216, 0.0369, 0, 0, 0.0945, 0, 0, 0.069, 0.0263, 0.0088, 0.1482, 0.1189, 0.0548, 0.4664, 0.1364, 0.0505, 0.5993, 0.0234, 0.0356, 0.0974, 0, 0.5956, 0.0927, 0, 0, 0.5222, 0.0022, 0, 0, 0, 0.3097, 0, 0, 0.1878, 0, 0.0094, 0.0075, 0, 0.0355, 3.2597, 0],
      [0, 1.5479, 0.6116, 0.2333, 0.272, 0.2347, 0.6344, 0.3558, 0.3623, 0, 0.1027, 0.1554, 0.2839, 0.0244, 0.1249, 0.3374, 0.1712, 0.2095, 0.179, 0.1192, 0.27, 0.4389, 0, 0.069, 0.6719, 0.5465, 0.1442, 0.0929, 0.0536, 0.3459, 0.0028, 0.2125, 0.0492, 0.5212, 0.6326, 0.7212, 0.3634, 0.0106, 0, 0, 0.0313, 0.6169, 0.0979, 0.7666, 0],
      [105.4604, 213.6851, 116.1092, 40.7217, 43.0079, 43.4568, 59.575, 86.7352, 51.8702, 30.6818, 23.7684, 33.4815, 37.5641, 4.2322, 76.2967, 145.3977, 30.3136, 55.1698, 43.805, 23.9934, 60.1758, 60.8843, 2.483, 10.2568, 142.6577, 105.5672, 41.4034, 14.963, 29.269, 77.0661, 2.5419, 45.02, 34.9468, 123.4513, 74.4372, 110.2827, 29.228, 11.9333, 4.0493, 11.9397, 4.0042, 130.6202, 11.3478, 232.5863, 13.2071],
      [3.3586, 6.9617, 5.411, 1.5223, 1.9818, 2.187, 2.6409, 3.7751, 1.9637, 0.1849, 1.3907, 2.0053, 1.6322, 0.2173, 3.7567, 4.5759, 0.2484, 1.9348, 2.3024, 1.8542, 3.3069, 2.8156, 0.1502, 0.4177, 5.9877, 5.3589, 1.4803, 0.074, 0.5534, 2.2669, 0.0938, 0.7812, 0, 3.2847, 3.9902, 1.4653, 0.3433, 0.6997, 0.1706, 0.5714, 0.1448, 5.4996, 0.346, 10.6825, 0.7125],
      [7.5221, 25.3827, 11.6232, 4.7968, 4.1175, 4.476, 7.2278, 7.1013, 5.7052, 3.1266, 4.3404, 2.8574, 3.073, 0.4834, 8.0542, 15.9623, 2.8688, 7.1365, 5.7856, 3.5228, 8.884, 6.144, 0.3311, 1.0046, 13.0416, 12.8895, 4.6564, 1.5612, 0.9789, 5.9553, 0.3593, 5.5832, 3.004, 10.0627, 8.9697, 14.3136, 2.803, 1.1686, 0.755, 2.2988, 0.7564, 14.3128, 1.0951, 39.6392, 1.0344]
    ],
    [
      [2.9822, 0.4103, 5.4627, 0.0022, 1.0107, 0.6298, 1.2821, 1.8572, 0.3292, 0.0086, 0.3232, 0, 0.1508, 0, 0.0876, 0.2306, 0.032, 0.3944, 0.023, 0, 0, 1.4265, 0, 0.0096, 5.3209, 0, 0.0779, 0.0661, 0.0592, 0.1745, 0, 0.5557, 0.0335, 0.074, 0, 0.4718, 0.0854, 0, 0.0232, 0.0265, 0.0454, 4.8614, 0.0643, 0, 0.6434],
      [22.2631, 49.2661, 25.9543, 22.3082, 40.6976, 59.2518, 36, 40.2156, 23.9549, 1, 18, 18.5392, 16.6104, 11.3642, 26.2373, 24.3976, 4.7532, 48.7274, 42.9915, 32.6722, 73.4915, 91.5157, 2.9814, 4.8783, 58.8216, 95.8846, 31.1796, 3.6895, 9, 27.192, 2.8403, 13.4281, 7, 10.4479, 56.812, 24.7463, 10, 1.646, 0.9358, 2.7518, 5.6442, 46.5902, 17.1617, 248.6037, 19.4694],
      [1.4691, 0.0289, 1.0726, 0.0001, 0.024, 0, 0.1477, 0.2624, 0.0178, 0, 0, 0, 0.0162, 0, 0, 0, 0.0003, 0, 0, 0, 0, 0.2068, 0, 0.0015, 0.8384, 0, 0, 0.0014, 0, 0, 0, 0.6472, 0.0011, 0, 0.0977, 0.677, 0.0363, 0, 0, 0, 0.0071, 3.0564, 0.0636, 0, 0.7163],
      [2.4346, 0.111, 0.0065, 0, 0, 0, 0, 0.058, 0.0101, 0.8503, 0, 0, 0, 0, 0, 0.0686, 0.0187, 0, 0, 0, 0, 0, 0, 0, 0.1654, 0, 0.1485, 0.564, 0.3853, 0.0678, 0.0093, 1.834, 0.1672, 0.0276, 0, 2.0898, 0.2433, 0, 0.5498, 0, 0.0044, 0.9711, 0.0806, 0, 2.8803],
      [15.8738, 17.2306, 18.822, 5.5772, 16.5997, 24.2325, 17.3543, 17.2256, 7.9077, 1.4956, 12.4657, 6.9536, 6.5849, 3.5929, 9.6491, 8.901, 0.7995, 11.8307, 15.4699, 15.6854, 22.7933, 36.9733, 0.7605, 0.8509, 28.6083, 32.1298, 10.5491, 1.1433, 3.1268, 6.7432, 0.7695, 7.2121, 1.8658, 4.2155, 18.9559, 10.0136, 3.3115, 0.2756, 0.9294, 0.7736, 1.3862, 28.6161, 4.1199, 69.1945, 21.2654],
      [3.977, 6.9531, 5.682, 2.1124, 4.668, 6.8859, 6.2159, 4.3813, 2.7803, 0.6455, 5.211, 1.5072, 1.6378, 1.0429, 3.026, 3.4023, 0.3964, 5.0475, 5.5156, 4.6424, 8.7152, 10.8778, 0.2581, 0.2597, 8.2454, 10.9856, 4.0449, 0.5357, 0.4287, 1.8225, 0.3809, 3.3229, 0.9324, 1.2349, 6.1344, 5.0015, 1.3235, 0.0784, 0.5618, 0.4481, 0.9127, 9.9047, 1.5099, 34.2017, 4.0252]
    ],
    [
      [0, 5.332, 0.9636, 0.3285, 2.891, 0, 2.306, 2.1641, 4.7087, 0, 0, 0, 1.8377, 0, 0.9305, 5.256, 0.5624, 6.118, 0, 0, 0, 2.2032, 0, 0.2102, 2.5334, 0, 0.208, 1.1199, 0, 1.6422, 0, 0.2316, 0.0629, 0.2127, 0, 4.9559, 0.5062, 0, 0, 0.3486, 1.5873, 0, 0.357, 0, 0],
      [0, 2.0962, 0, 3.4137, 0, 0, 0, 0, 1.4297, 0, 0, 0, 0, 0, 1.3257, 0.8097, 0.327, 10.1886, 1.4441, 0, 0.7268, 0, 0, 0.6093, 0, 2.2742, 1.2596, 0, 0, 3.239, 0.0281, 0, 0, 0, 0, 0, 0, 0.0293, 0, 0.0695, 1.298, 0, 2.7869, 23.4167, 0],
      [2.0103, 19.0219, 9.5425, 2.7125, 7.158, 5.4721, 20.7431, 5.0291, 6.8508, 0.5809, 0, 0, 8.9708, 0.7429, 2.0779, 6.2303, 1.4542, 4.199, 3.0504, 0, 4.1407, 11.2662, 0, 0.6629, 9.3855, 8.5761, 2.5839, 1.2393, 0.5791, 3.536, 0, 1.5783, 1.8159, 6.1355, 6.9525, 5.528, 4.2155, 0.2764, 0, 0.0688, 5.2333, 8.1287, 5.9096, 10.6289, 0],
      [16.8644, 18.5331, 5.1453, 0.0876, 0.0687, 0, 0.0714, 5.0061, 3.3984, 2.1576, 0, 0, 1.5229, 0, 1.0773, 19.4187, 2.604, 1.2469, 0, 0, 0, 0, 0, 0, 10.3649, 0, 4.5745, 2.527, 6.9389, 3.9815, 0.455, 3.2069, 14.3255, 11.473, 0, 5.3687, 5.1877, 0, 0.3535, 0.1582, 2.3731, 11.0677, 4.1531, 0, 0],
      [314.9671, 656.028, 486.1004, 117.8764, 300.6857, 309.8073, 442.7218, 303.6091, 242.9419, 37.3146, 243.4464, 211.5666, 281.4023, 161.6056, 238.4558, 468.9843, 39.6659, 283.8662, 243.66, 142.4981, 310.8216, 403.1065, 11.5012, 26.5301, 497.5765, 477.6731, 167.3989, 23.6794, 46.6828, 165.1377, 18.3848, 70.0779, 37.046, 245.3148, 420.1623, 137.5122, 61.0415, 23.8584, 21.12, 21.7587, 109.0714, 463.6251, 110.7498, 839.2492, 102.8753],
      [9.1582, 32.9889, 17.2482, 5.5813, 10.1965, 10.7206, 19.1578, 9.1916, 10.6705, 1.9468, 13.5536, 5.4334, 8.2662, 5.6515, 9.1328, 22.301, 2.3865, 15.3814, 10.8455, 5.5019, 15.3109, 14.4241, 0.4988, 0.9875, 17.1398, 20.4766, 7.9749, 1.4343, 0.7993, 5.4637, 1.1322, 3.9052, 2.7496, 8.8639, 16.8852, 8.6352, 3.0491, 0.8358, 1.5265, 1.5962, 9.437, 19.1785, 5.0436, 53.7052, 2.1247]
    ],
    [
      [0, 0.4004, 0, 0, 0.0834, 3.1348, 0, 0, 0.3177, 0, 0.1974, 1.4671, 0, 0.1983, 0, 0, 0, 0.7378, 4.887, 2.0683, 2.4147, 0.2529, 0, 0.2002, 0, 2.9249, 0, 0, 0, 0, 0, 0, 0, 0, 0.7532, 0, 0, 0, 0, 0.0303, 0, 0, 0, 16.4432, 0],
      [0, 0, 0, 1.4187, 0, 0.5041, 0, 0, 0.045, 0, 0, 1.399, 0, 1.7768, 0.2157, 0, 0, 1.5884, 1.5827, 1.8353, 13.3077, 0, 0.7943, 0.9394, 0, 8.9689, 0.1097, 0, 0, 1.6633, 0, 0, 0, 0, 7.6097, 0, 0, 0.011, 0, 0, 0.0889, 0, 0, 25.8126, 0],
      [0, 7.133, 1.0863, 0.6783, 1.3552, 0.9202, 2.4872, 0.7399, 0.6547, 0, 0.3282, 3.2098, 1.5805, 1.6174, 0, 0, 0, 0.5876, 0.5828, 1.9219, 0.7227, 1.8224, 0, 0.4088, 1.167, 1.609, 0.3025, 0, 0, 1.0747, 0, 0, 0, 0, 8.0527, 0, 0, 0.038, 0, 0, 1.4219, 0, 0.9067, 2.0176, 0],
      [260.478, 636.7241, 305.0787, 87.0786, 149.0256, 114.7048, 151.652, 207.5059, 70.9026, 71.0631, 63.9337, 92.0987, 131.9398, 16.3131, 205.4777, 509.4322, 122.2002, 128.5565, 120.2703, 52.961, 110.5949, 171.158, 4.3298, 39.764, 329.8255, 224.8542, 73.4503, 45.7015, 112.1391, 199.9502, 6.6398, 103.4554, 123.7735, 280.7066, 177.9263, 245.1181, 89.7316, 8.5073, 20.3845, 18.4989, 75.3095, 409.2464, 67.2692, 552.7804, 53.5108],
      [0.63, 0.3461, 7.3794, 0.8457, 3.5075, 3.2778, 2.6598, 4.0552, 0.8605, 0, 2.1871, 6.4099, 2.4693, 0.4566, 6.1226, 0, 0, 0.7142, 3.8749, 9.5034, 3.6055, 3.8746, 0.6703, 0.5415, 5.6492, 6.3613, 0.7837, 0, 0, 0, 0.0956, 0, 0, 0, 5.9977, 0, 0, 0.2121, 0.5236, 0.4176, 0, 7.4376, 0, 11.2874, 2.4351],
      [4.892, 21.3964, 8.4556, 2.9787, 4.0283, 3.4584, 5.2009, 4.699, 2.2195, 1.9369, 3.3536, 2.4155, 3.0103, 0.6379, 6.184, 15.5678, 2.7998, 4.8156, 4.8025, 2.7101, 5.3544, 4.8921, 0.2056, 1.1461, 8.3583, 8.2817, 2.3538, 1.2985, 0.8609, 4.3118, 0.2645, 3.5446, 2.2265, 6.2934, 6.6604, 8.8819, 2.2684, 0.2316, 1.092, 1.0532, 4.1797, 12.316, 1.824, 29.6587, 1.054]
    ],
    [
      [0.1665, 1.1447, 0.6459, 0.1148, 0.3647, 0.4735, 0.5752, 0.5093, 0.8363, 0, 1.8785, 0.3592, 0.386, 0.0629, 0.3463, 1.0962, 0.2604, 0.6581, 0.4415, 0.2861, 0.4047, 0.4333, 4.996e-16, 0.226, 0.7886, 0.4993, 0.0926, 0.1917, 0.0512, 0.5656, 0, 0.2419, 0, 0.2342, 0.3824, 0.9453, 0.13, 0, 0.2922, 0.0555, 0.2172, 0.3307, 0.099, 1.8751, 0],
      [0, 0, 0, 0.2011, 0, 0, 0, 0, 0.0367, 0, 0, 0.0383, 0, 0.0135, 0.0337, 0, 0.0119, 0.3022, 0.053, 0.015, 0.3993, 0, 0.0556, 0.4828, 0, 0.2867, 0.0154, 0, 0, 0.4865, 0.0068, 0, 0, 0, 0.3221, 0, 0, 0.0243, 0, 0, 0.04, 0, 0.1439, 1.4229, 0],
      [46.5029, 118.2343, 90.7027, 18.0649, 30.6522, 33.3909, 74.1223, 44.9892, 41.8692, 19.6614, 41.1383, 28.8389, 51.8483, 9.1577, 32.3457, 72.1796, 22.9207, 28.4152, 21.4463, 16.1512, 32.7486, 45.3617, 0, 16.6364, 78, 51.1089, 13.356, 8.6907, 8.2403, 48.5992, 1.8306, 24.479, 19.1587, 43.7116, 64.5189, 44.8531, 23.0978, 6.4764, 1.912, 2.6515, 19.3453, 79.8979, 21.9899, 95.5281, 5.8161],
      [38.7917, 65.3619, 54.1813, 9.7858, 16.1455, 18.552, 30.3022, 28.869, 22.1373, 19.0241, 16.005, 15.8789, 25.7221, 4.6967, 24.2953, 55.9584, 13.6491, 18.0519, 13.1664, 7.8641, 17.7829, 22.5106, 2.0861, 7.8941, 49.0026, 28.4917, 9.3747, 4.9292, 6.5851, 29.8979, 1.2745, 16.1642, 11.9758, 29.2153, 28.4855, 26.2388, 11.5463, 3.6432, 5.0975, 1.8186, 8.4694, 51.2349, 10.1802, 58.759, 5.2169],
      [19.8191, 34.4417, 34.0194, 5.6501, 10.2634, 12.6195, 19.2488, 17.2538, 12.6384, 3.7372, 20.7114, 12.4671, 15.9183, 3.513, 15.3658, 28.6155, 3.9466, 10.1816, 9.1035, 7.4512, 12.9188, 14.3735, 1.5616, 4.9192, 28.7126, 19.028, 5.0912, 1.6909, 2.9041, 15.1382, 0.7, 7.161, 2.9212, 14.4569, 20.6735, 11.5711, 4.1787, 2.4822, 2.7916, 1.1186, 4.2822, 29.9229, 4.6058, 38.0415, 3.5583],
      [2.7199, 7.8175, 5.4507, 1.1833, 1.5742, 1.964, 3.7516, 2.3787, 2.4821, 1.5773, 4.2667, 1.4176, 2.1253, 0.5562, 2.6131, 6.1503, 1.2113, 2.3909, 1.7893, 1.2323, 2.7456, 2.321, 0.2967, 0.8414, 4.4961, 3.5855, 1.0701, 0.4975, 0.2192, 2.3126, 0.188, 1.9538, 0.9442, 2.382, 3.6175, 3.3917, 1.0471, 0.3739, 0.9067, 0.3558, 1.6458, 5.6135, 0.9811, 10.3734, 0.4087]
    ],
    [
      [16.5894, 45.54, 34.2156, 5.7829, 26.6227, 17.2233, 29.7786, 23.1088, 14.4363, 0.869, 18.3292, 17.0301, 11.4604, 3.0755, 14.8412, 36.0544, 22.5351, 24.6416, 36.3273, 11.3257, 17.7563, 16.6016, 0, 5.3121, 36.7945, 21.3036, 8.3428, 5.3866, 8.4887, 13.729, 0, 8.4125, 2.616, 35.2294, 28.8491, 25.8583, 5.4262, 0.9513, 0.3737, 3.0348, 1.6962, 36.9206, 3.7854, 79.7346, 1.21],
      [0, 0.3617, 0, 0.1997, 0, 0.0896, 0, 0, 0.085, 0, 0, 0.1678, 0.0669, 0.0532, 0.1763, 0.2354, 0.3448, 0.5034, 0.4592, 0.0761, 0.4718, 0.091, 0.0443, 0.1689, 0, 0.4022, 0.1469, 0, 0, 0.2567, 0, 0, 0, 0, 0.6475, 0, 0, 0.0207, 0.0003, 0.0147, 0.0138, 0, 0.0893, 2.2625, 0],
      [0.9026, 3.492, 1.9498, 0.5414, 1.5701, 0.9081, 2.2601, 1.1765, 0.6521, 0.1955, 0.7178, 0.8816, 0.8816, 0.2825, 0.8308, 1.6681, 2.3965, 0.8354, 1.2837, 0.4517, 0.9689, 1.2435, 0, 0.2869, 1.9067, 1.5061, 0.7284, 0.222, 0.4844, 0.8233, 0, 0.5648, 0.354, 3.0195, 2.8926, 1.1727, 0.5428, 0.0907, 0.0039, 0.0719, 0.1121, 2.4214, 0.5068, 3.0298, 0.0749],
      [38.8244, 88.7677, 56.3686, 14.4764, 39.2589, 25.0184, 39.9774, 37.7441, 16.253, 7.8432, 22.2499, 25.7049, 20.431, 7.4138, 33.7061, 67.0672, 45.4658, 27.5962, 42.647, 11.7772, 27.1481, 29.2903, 2.0711, 6.8368, 58.3507, 41.5646, 26.2407, 6.0294, 22.8478, 24.6987, 0, 17.6899, 10.0613, 97.3832, 59.0324, 31.8009, 11.1428, 2.8787, 0.454, 3.4933, 2.3542, 75.411, 10.544, 97.6591, 3.4154],
      [10.6596, 24.8829, 18.3729, 4.3581, 13.1428, 8.7932, 13.1699, 11.8241, 4.9014, 1.788, 9.1506, 10.3873, 6.5371, 2.8549, 11.1111, 18.2235, 0, 8.065, 16.1041, 5.7072, 10.1293, 9.667, 0.7806, 2.1398, 17.9664, 14.3127, 7.4313, 1.1326, 4.9167, 6.7784, 0, 4.5159, 1.6438, 24.4686, 21.8653, 7.625, 2.4927, 0.9547, 0.1364, 1.1274, 0.6568, 23.1877, 2.694, 32.9068, 1.2],
      [1.0239, 3.9557, 2.0931, 0.6415, 1.4055, 0.9674, 1.814, 1.1465, 0.6722, 0.3043, 1.5524, 0.8284, 0.6231, 0.3201, 1.3344, 2.7513, 1.2578, 1.3584, 2.1787, 0.6621, 1.5255, 1.1067, 0.104, 0.2556, 1.9817, 1.9108, 1.1099, 0.2295, 0.2624, 0.714, 0, 0.8169, 0.3249, 2.8993, 2.7132, 1.5431, 0.3955, 0.1039, 0.0315, 0.2578, 0.167, 3.0592, 0.3804, 6.4072, 0.0997]
    ],
    [
      [3.6031, 5.9821, 5.4673, 1.496, 4.4283, 3.9298, 11.1362, 5.3281, 5.3679, 0.1157, 5.8737, 2.7122, 4.7445, 0.6295, 2.175, 5.755, 3.2671, 5.3672, 4.5298, 2.86, 4.6603, 5.3888, 0, 0.8873, 6.9214, 6.2299, 1.0556, 0.9269, 1.2557, 3.0451, 0, 1.1551, 1.2876, 2.5695, 5.3548, 3.5516, 1.5899, 0.0487, 0.2857, 0.3237, 1.3981, 6.9368, 0.6164, 17.8813, 1.1007],
      [1.7369, 4.0438, 2.0457, 2.0083, 2.2808, 2.1176, 0, 2.7844, 2.354, 0, 0, 1.7867, 2.2965, 0.7836, 1.863, 3.4384, 2.5082, 3.2236, 2.3331, 1.3508, 4.0035, 3.3699, 0.0888, 0.8238, 3.1784, 5.5877, 1.196, 0.3105, 0, 2.6403, 0.1226, 0.5719, 0, 1.5521, 5.2989, 1.2537, 0, 0.0809, 0.0639, 0.1546, 0.9076, 3.4098, 0.7828, 12.2218, 0.5306],
      [4.1151, 8.5421, 6.0344, 2.7694, 4.9684, 4.0741, 10.6052, 5.4471, 4.5931, 0.5621, 3.713, 2.9143, 6.4187, 1.1751, 2.6207, 5.5846, 4.0571, 3.7533, 3.4578, 2.3561, 5.149, 7.6604, 0, 0.9346, 7.0306, 8.6534, 1.885, 0.7537, 1.6427, 3.621, 0.1666, 1.5182, 4.6211, 4.6122, 9.853, 3.0479, 3.7442, 0.1078, 0.0841, 0.2078, 1.849, 8.8786, 1.5255, 14.0291, 1.3927],
      [2.1465, 2.8171, 2.1104, 0.85, 1.4935, 1.268, 2.4221, 2.0817, 1.4285, 0.3798, 1.0429, 0.8359, 1.82, 0.3442, 1.147, 2.6573, 1.7486, 1.3787, 1.1113, 0.4043, 1.2983, 2.1569, 0.03, 0.2484, 2.6331, 2.5224, 0.8079, 0.2858, 1.8348, 1.3379, 0.0795, 0.6296, 1.7498, 1.743, 2.1185, 1.101, 0.9203, 0.0375, 0.1114, 0.0912, 0.4852, 3.4487, 0.4251, 4.2152, 0.7694],
      [22.6916, 32.109, 27.895, 11.1703, 20.819, 19.0827, 34.2046, 26.2571, 17.7863, 2.4797, 20.6481, 15.2103, 24.4559, 5.7596, 15.5389, 28.6998, 10.3396, 17.4075, 18.4851, 13.3006, 25.4246, 30.1896, 0.5755, 3.6009, 32.4994, 40.1363, 9.2655, 2.2798, 7.8162, 14.9356, 0.9563, 6.2518, 8.5232, 18.2594, 38.3551, 10.8127, 7.6322, 0.5172, 1.3284, 1.2326, 5.4586, 41.7109, 4.4843, 70.6381, 10.9533],
      [7.7068, 17.5058, 11.4472, 5.706, 8.01, 7.5277, 16.632, 9.1016, 8.4702, 1.4627, 12.7222, 4.5406, 8.2644, 2.308, 6.6554, 14.8648, 7.0794, 9.8697, 9.0829, 5.7283, 13.4645, 12.2344, 0.3057, 1.505, 12.7371, 18.8704, 4.79, 1.4432, 1.4505, 5.4201, 0.675, 3.8734, 5.8184, 7.2638, 17.0196, 7.2331, 4.1135, 0.2079, 1.1265, 0.99, 4.9015, 19.6153, 2.1659, 47.0145, 3.2533]
    ]
  ],
  "V_est": [
    [30.1728, 7.693, 12.6186, 2649.6475, 101.1023, 296.7659],
    [29.2357, 1431.9163, 9.3899, 13.746, 550.8349, 191.8772],
    [49.5778, 56.772, 204.2878, 163.7116, 10339.1588, 448.4919],
    [36.5115, 69.6713, 44.427, 7042.0225, 105.1931, 224.1748],
    [18.6628, 4.3919, 1600.6407, 946.3143, 551.7692, 107.2212],
    [777.6003, 7.4499, 46.906, 1336.9894, 400.7636, 55.2908],
    [159.2392, 87.1056, 180.73, 60.5688, 778.1782, 372.1782]
  ],
  "p_est": [
    [0.0097, 0.0025, 0.0041, 0.8553, 0.0326, 0.0958],
    [0.0131, 0.643, 0.0042, 0.0062, 0.2473, 0.0862],
    [0.0044, 0.005, 0.0181, 0.0145, 0.9181, 0.0398],
    [0.0049, 0.0093, 0.0059, 0.9362, 0.014, 0.0298],
    [0.0058, 0.0014, 0.4957, 0.2931, 0.1709, 0.0332],
    [0.2962, 0.0028, 0.0179, 0.5093, 0.1527, 0.0211],
    [0.0972, 0.0532, 0.1103, 0.037, 0.4751, 0.2272]
  ],
  "EI_Z": {},
  "EI_V": 9.7622,
  "MAE_Z": {},
  "MAE_V": 146.9023,
  "MAE_p": 0.0436,
  "runtime": 0.009
}
