{
  "X": [
    [3, 19, 74, 152, 6],
    [6, 10, 207, 127, 9],
    [3, 6, 47, 74, 3],
    [4, 3, 26, 41, 1],
    [1, 0, 3, 21, 2],
    [0, 2, 12, 13, 0],
    [3, 15, 74, 115, 4],
    [1, 6, 44, 63, 3],
    [5, 7, 71, 105, 1],
    [7, 23, 102, 224, 2],
    [3, 10, 68, 52, 2],
    [17, 15, 361, 384, 6],
    [3, 0, 40, 24, 1],
    [52, 24, 323, 563, 17],
    [125, 75, 971, 1409, 35],
    [8, 63, 139, 322, 19],
    [3, 7, 17, 60, 4],
    [3, 5, 58, 82, 3],
    [66, 134, 1093, 1270, 81],
    [29, 37, 132, 222, 7],
    [71, 96, 695, 1410, 42],
    [40, 35, 472, 531, 19],
    [29, 33, 329, 452, 17],
    [1, 2, 4, 5, 0],
    [1, 1, 2, 5, 0],
    [34, 7, 239, 252, 21],
    [11, 16, 53, 136, 7],
    [4, 10, 38, 128, 4],
    [13, 15, 83, 209, 4],
    [0, 0, 6, 1, 0],
    [5, 10, 70, 59, 5],
    [5, 6, 78, 49, 0],
    [8, 9, 188, 141, 6],
    [17, 24, 471, 325, 18],
    [0, 3, 12, 15, 0],
    [0, 0, 0, 9, 1],
    [1, 1, 10, 23, 2],
    [0, 3, 13, 7, 0],
    [7, 9, 137, 74, 5],
    [0, 1, 9, 13, 0],
    [1, 2, 13, 7, 0],
    [6, 7, 54, 47, 2],
    [22, 21, 115, 210, 10],
    [9, 10, 70, 129, 6],
    [13, 13, 84, 106, 8],
    [21, 13, 124, 269, 5],
    [0, 1, 5, 2, 0],
    [15, 13, 90, 183, 5],
    [5, 18, 154, 242, 10],
    [16, 5, 58, 225, 7],
    [15, 10, 74, 146, 9],
    [20, 15, 91, 168, 5],
    [18, 12, 87, 185, 6],
    [19, 13, 97, 169, 1],
    [0, 9, 26, 34, 1],
    [1, 0, 8, 8, 0],
    [9, 14, 74, 109, 6],
    [4, 3, 28, 35, 4],
    [14, 26, 151, 225, 6],
    [11, 7, 192, 160, 7],
    [14, 8, 111, 146, 6],
    [6, 9, 79, 90, 1],
    [13, 17, 118, 154, 7],
    [24, 20, 131, 257, 14],
    [1, 5, 7, 17, 0],
    [4, 8, 58, 77, 1],
    [0, 2, 4, 17, 2],
    [15, 38, 131, 266, 8],
    [26, 48, 216, 396, 7],
    [15, 16, 156, 202, 10],
    [15, 7, 73, 149, 2],
    [1, 0, 5, 7, 0],
    [4, 7, 65, 127, 6],
    [3, 4, 27, 35, 0],
    [28, 36, 310, 303, 13],
    [18, 34, 493, 325, 18],
    [1, 2, 20, 10, 0],
    [14, 47, 185, 312, 5],
    [108, 228, 1267, 1452, 94],
    [68, 133, 585, 833, 40]
  ],
  "W": [
    [28, 123, 79, 10, 14],
    [21, 94, 213, 23, 8],
    [6, 58, 55, 9, 5],
    [2, 39, 26, 6, 2],
    [1, 15, 4, 5, 2],
    [5, 9, 12, 0, 1],
    [23, 86, 82, 9, 11],
    [22, 41, 44, 5, 5],
    [20, 75, 83, 4, 7],
    [37, 167, 115, 12, 27],
    [10, 43, 72, 6, 4],
    [46, 303, 375, 31, 28],
    [3, 15, 43, 2, 5],
    [33, 465, 356, 96, 29],
    [83, 1192, 1080, 177, 83],
    [130, 206, 130, 12, 73],
    [9, 47, 23, 7, 5],
    [12, 69, 59, 5, 6],
    [165, 1033, 1227, 96, 123],
    [41, 181, 140, 39, 26],
    [170, 1125, 768, 155, 96],
    [68, 419, 512, 68, 30],
    [63, 332, 370, 59, 36],
    [1, 7, 4, 0, 0],
    [1, 4, 2, 1, 1],
    [4, 230, 254, 41, 24],
    [17, 112, 63, 12, 19],
    [31, 88, 41, 7, 17],
    [31, 136, 105, 26, 26],
    [0, 1, 6, 0, 0],
    [7, 53, 73, 5, 11],
    [5, 42, 79, 7, 5],
    [24, 108, 198, 13, 9],
    [45, 238, 492, 32, 48],
    [7, 11, 9, 0, 3],
    [0, 7, 2, 1, 0],
    [5, 15, 12, 2, 3],
    [1, 6, 11, 1, 4],
    [9, 69, 144, 5, 5],
    [0, 12, 11, 0, 0],
    [3, 7, 13, 0, 0],
    [6, 34, 59, 9, 8],
    [17, 169, 144, 34, 14],
    [9, 102, 89, 12, 12],
    [9, 83, 97, 22, 13],
    [27, 206, 135, 35, 29],
    [1, 3, 4, 0, 0],
    [18, 135, 112, 27, 14],
    [36, 170, 171, 30, 22],
    [10, 193, 66, 23, 19],
    [14, 115, 88, 25, 12],
    [16, 133, 114, 29, 7],
    [8, 154, 101, 35, 10],
    [11, 134, 112, 22, 20],
    [10, 22, 27, 3, 8],
    [0, 6, 9, 0, 2],
    [19, 94, 76, 17, 6],
    [7, 29, 29, 5, 4],
    [36, 161, 170, 26, 29],
    [12, 124, 197, 25, 19],
    [10, 115, 134, 19, 7],
    [16, 64, 81, 16, 8],
    [22, 110, 139, 22, 16],
    [28, 215, 153, 37, 13],
    [2, 17, 8, 2, 1],
    [10, 56, 59, 13, 10],
    [1, 17, 5, 1, 1],
    [41, 210, 156, 28, 23],
    [64, 266, 247, 52, 64],
    [12, 159, 175, 29, 24],
    [19, 106, 82, 25, 14],
    [0, 4, 7, 2, 0],
    [18, 89, 71, 8, 23],
    [3, 27, 31, 6, 2],
    [30, 246, 350, 30, 34],
    [44, 240, 518, 40, 46],
    [0, 7, 23, 2, 1],
    [109, 219, 176, 16, 43],
    [192, 1293, 1351, 122, 191],
    [123, 688, 627, 107, 114]
  ],
  "method": "mvn_pdf",
  "cond_prob": [
    [
      [0, 0.39085117652, 0.048282940078, 0.55991781565, 0.00094806775576],
      [0.0049193428827, 0.02556817195, 0.080505572061, 0.88603457146, 0.0029723416419],
      [0, 0, 0.78197092922, 0.21562891802, 0.0024001527584],
      [0.19557416319, 0.049188847959, 0.030178292881, 0.52301213387, 0.20204656211],
      [0.031369942398, 0.31567095914, 0.047743284072, 0.36251735783, 0.24269845656]
    ],
    [
      [1.4524922657e-05, 0.28948857641, 0.10665928919, 0.60301611333, 0.000821496142],
      [0.00953001819, 0.018007379726, 0.1540487674, 0.8179589316, 0.000454903079],
      [0, 0, 0.8843063542, 0.1156936458, 0],
      [0.20909174383, 0.028580422528, 0.052659303576, 0.44198310716, 0.26768542291],
      [0.036845394846, 0.19633706038, 0.088894170509, 0.33002050367, 0.34790287059]
    ],
    [
      [2.3046124588e-05, 0.39799561193, 0.04284279904, 0.55838789758, 0.00075064532689],
      [0.011914535501, 0.025882834278, 0.070101795185, 0.88826719426, 0.0038336407743],
      [0, 0.00052573498301, 0.76755378937, 0.22814791699, 0.0037725586592],
      [0.23492230712, 0.047596923485, 0.026796414963, 0.52263539693, 0.1680489575],
      [0.038903580011, 0.33070684098, 0.04408258703, 0.37566426811, 0.21064272387]
    ],
    [
      [0.0004393647752, 0.43550644531, 0.057112779613, 0.50648321723, 0.00045819306977],
      [0.031140254061, 0.02723339933, 0.098406211975, 0.8388398452, 0.0043802894305],
      [0.0015009702134, 0.0027937304472, 0.83603099085, 0.15667004899, 0.0030042594928],
      [0.43096329507, 0.041201865485, 0.031162434875, 0.41323324032, 0.083439164246],
      [0.079923183056, 0.37351817549, 0.062075901177, 0.35972944338, 0.12475329689]
    ],
    [
      [5.4643331886e-06, 0, 0.02699767095, 0.89199128051, 0.081005584208],
      [0, 0, 0.022833945326, 0.96803599748, 0.0091300571896],
      [0, 0, 0.62385378021, 0.37084760541, 0.005298614372],
      [0.16662951308, 0, 0.013283262752, 0.60948292405, 0.21060430012],
      [0.083423485133, 0, 0.034330857276, 0.52833185766, 0.35391379993]
    ],
    [
      [0, 0.27825689246, 0.081397149185, 0.64034595836, 0],
      [0, 0.020569579917, 0.11375496633, 0.86567545376, 0],
      [0, 0.0086601576089, 0.87145856054, 0.11988128186, 0],
      [0.0011899885117, 0.04385055216, 0.074529317717, 0.88042634887, 3.7927412246e-06],
      [0, 0.31966742715, 0.11171683073, 0.56861574212, 0]
    ],
    [
      [0, 0.38308373027, 0.050703544825, 0.56523448421, 0.00097824069586],
      [0.0075889827008, 0.024586979222, 0.083235121339, 0.88154391791, 0.0030449988253],
      [0, 0, 0.79013375301, 0.20694348806, 0.0029227589358],
      [0.21702739166, 0.0495430601, 0.032823598165, 0.54675821425, 0.15384773582],
      [0.03582736025, 0.32988240452, 0.053565263988, 0.39060363397, 0.19012133727]
    ],
    [
      [0, 0.2204275626, 0.084311577552, 0.69353722064, 0.0017236392128],
      [0.00086608106176, 0.0048594215087, 0.11727852243, 0.87378476114, 0.0032112138644],
      [0, 0, 0.8347462212, 0.16223114995, 0.0030226288417],
      [0.16401537345, 0.023296104332, 0.044189400885, 0.54148845837, 0.22701066296],
      [0.028882761843, 0.16697536386, 0.077389027379, 0.41427860991, 0.31247423701]
    ],
    [
      [0.00095394790157, 0.23698078404, 0.055598479956, 0.70628984075, 0.00017694734811],
      [0.032119230801, 0.0089674867128, 0.072273497781, 0.8864112425, 0.00022854220881],
      [0.0010753778727, 0, 0.77034855671, 0.22833793489, 0.00023813052737],
      [0.43619133195, 0.020890385583, 0.024413546008, 0.46394975984, 0.054554976623],
      [0.10542243438, 0.21489446763, 0.061561953823, 0.51221605173, 0.10590509244]
    ],
    [
      [0, 0.30174236729, 0.047736396555, 0.65052123615, 0],
      [0.0098690719438, 0.019002080366, 0.068984463557, 0.90214438413, 0],
      [0, 0, 0.75373923325, 0.24626076675, 0],
      [0.26480859029, 0.038253206813, 0.029634188695, 0.6047499045, 0.062554109699],
      [0.080524514884, 0.30382024101, 0.062137993551, 0.50724500301, 0.046272247541]
    ],
    [
      [0.00045517110196, 0.60434966158, 0.048827504562, 0.34552737223, 0.00084029052612],
      [0.024806467249, 0.031319100274, 0.12886997256, 0.81167484007, 0.0033296198464],
      [0, 0, 0.85450133486, 0.14096728877, 0.0045313763728],
      [0.29631283201, 0.089945492063, 0.039679242071, 0.42078193248, 0.15328050137],
      [0.037723301305, 0.51752728001, 0.052036143027, 0.24209294209, 0.15062033357]
    ],
    [
      [0.00033259504765, 0.19695377938, 0.093431897247, 0.70928172833, 0],
      [0.018397234439, 0.00093110262424, 0.12129474353, 0.85937691941, 0],
      [0, 0, 0.84134861168, 0.15865138832, 0],
      [0.30713931751, 0.020509132035, 0.049542365145, 0.54841524984, 0.074393935465],
      [0.06746499107, 0.17936496287, 0.10386724061, 0.51738180542, 0.13192100002]
    ],
    [
      [0.00064008019067, 0, 0.20691177966, 0.79173706355, 0.00071107660128],
      [0.039462209352, 0, 0.12991750487, 0.82802559275, 0.0025946930216],
      [0, 0, 0.84815841661, 0.14535525451, 0.0064863288769],
      [0.6820871294, 0, 0.028048272403, 0.25542686949, 0.034437728701],
      [0.20839447207, 0, 0.18071872576, 0.48865504702, 0.12223175515]
    ],
    [
      [0.0004346261014, 0.274102244, 0.058789135399, 0.66621789261, 0.00045610188983],
      [0.028709620178, 0.012821469411, 0.080126619586, 0.87751599532, 0.00082629550088],
      [0, 0, 0.78505281974, 0.21409467621, 0.0008525040489],
      [0.37634813747, 0.02545839579, 0.027073363451, 0.45794167854, 0.11317842475],
      [0.086422853767, 0.2258150578, 0.059421851872, 0.44102640856, 0.187313828]
    ],
    [
      [0.00043431292577, 0.32208157341, 0.057915086669, 0.61914233363, 0.00042669336734],
      [0.034122688631, 0.0180214332, 0.083573860124, 0.86370755858, 0.00057445946603],
      [0, 0, 0.79375811681, 0.20564995581, 0.00059192738403],
      [0.42899089057, 0.029156123387, 0.025674898794, 0.40999150445, 0.10618658279],
      [0.10070264516, 0.26054273727, 0.057467268675, 0.4024256376, 0.1788617113]
    ],
    [
      [0, 0.30874370608, 0.065404959153, 0.62459693622, 0.0012543985504],
      [0.0099581718044, 0.018152403958, 0.09553566435, 0.87409658012, 0.0022571797719],
      [0, 0, 0.81192690426, 0.18636746615, 0.0017056295871],
      [0.2356329285, 0.035876469808, 0.036920366163, 0.52721637561, 0.16435385992],
      [0.042753718717, 0.25607404599, 0.066074883643, 0.41348131069, 0.22161604096]
    ],
    [
      [0.0010161841863, 0.42706982636, 0.022563433536, 0.54935055592, 0],
      [0.020524983268, 0.030805783377, 0.033982799881, 0.91468643347, 0],
      [0.0033839206288, 0.0029573437376, 0.65364267968, 0.34001605595, 0],
      [0.25068829314, 0.040767314613, 0.010733139083, 0.40348291257, 0.2943283406],
      [0.038706380464, 0.27102192716, 0.018164779505, 0.28416658971, 0.38794032316]
    ],
    [
      [0.00043327482434, 0.25035480613, 0.078681047846, 0.66956831644, 0.00096255476135],
      [0.01908792349, 0.010824483141, 0.10437716592, 0.86271510302, 0.0029953244216],
      [0.00022954047041, 0, 0.83439052513, 0.1629025323, 0.0024774021028],
      [0.27054633553, 0.023952883983, 0.0377628547, 0.48040980445, 0.18732812134],
      [0.051909902654, 0.18818142831, 0.072657953497, 0.40408994437, 0.28316077117]
    ],
    [
      [0.00052425453231, 0.42268207379, 0.05262365507, 0.52417001661, 0],
      [0.028657666609, 0.028325716841, 0.088764581121, 0.85425203543, 0],
      [0, 0.00072145459304, 0.80356151212, 0.19571703329, 0],
      [0.28127419443, 0.035866255597, 0.021853630968, 0.32495636225, 0.33604955676],
      [0.075673217317, 0.24933826833, 0.037035452653, 0.24169905722, 0.39625400448]
    ],
    [
      [0, 0.47671372275, 0.046718907109, 0.47656737014, 0],
      [0.040439554592, 0.029510896025, 0.087297424563, 0.84275212482, 0],
      [0, 0, 0.80094312521, 0.19905687479, 0],
      [0.48746066964, 0.047194834616, 0.023512471355, 0.35360603668, 0.088225987706],
      [0.10267209626, 0.39510256295, 0.04748719423, 0.31784635889, 0.13689178767]
    ],
    [
      [0.00012738656826, 0.29408947013, 0.053133305605, 0.65212452933, 0.00052530836364],
      [0.018107310189, 0.015332519571, 0.075555034811, 0.88970340912, 0.0013017263127],
      [0, 0, 0.76995095272, 0.22879455553, 0.0012544917499],
      [0.28978503781, 0.031836332988, 0.028200793895, 0.51669230557, 0.13348552974],
      [0.059280619367, 0.24813618695, 0.054942386875, 0.44188509115, 0.19575571566]
    ],
    [
      [0.00043673081782, 0.29635002903, 0.071159870346, 0.63136849908, 0.0006848707243],
      [0.029612769498, 0.014930504302, 0.099449787237, 0.85443024956, 0.0015766894022],
      [0, 0, 0.8229353586, 0.17561495039, 0.0014496910151],
      [0.36962504591, 0.02680544346, 0.031674496705, 0.41991313606, 0.15198187787],
      [0.080934958756, 0.22565155227, 0.066496619565, 0.38639065486, 0.24052621455]
    ],
    [
      [0.00033425105971, 0.28787624568, 0.060261837939, 0.65091251266, 0.00061515265883],
      [0.022900017585, 0.014232283167, 0.084180715893, 0.87716825465, 0.0015187287072],
      [0, 0, 0.7927912613, 0.20566846467, 0.0015402740267],
      [0.32104647347, 0.028889548443, 0.029788359061, 0.48064332208, 0.13963229695],
      [0.067622066956, 0.23428319867, 0.060145185184, 0.42548231192, 0.21246723727]
    ],
    [
      [0, 0.98691459879, 0.0019563192212, 0.011129081992, 0],
      [0.14285714286, 0.14472648589, 0.093451161532, 0.61896520972, 0],
      [0, 0, 0.83597138751, 0.16402861249, 1.831596474e-21],
      [0.6538489513, 0.058866894885, 0.013947633339, 0.13225095735, 0.14108556312],
      [0.077452834419, 0.60238927444, 0.025349765823, 0.10653153647, 0.18827658884]
    ],
    [
      [7.8340869229e-05, 0.42254432158, 0.02955570291, 0.54782163464, 0],
      [0.022555877876, 0.033905847697, 0.051889106303, 0.89164916812, 0],
      [0, 0.010039057752, 0.85877627146, 0.13118467078, 0],
      [0.81505140544, 0.015889949213, 0.0071559486293, 0.16190269671, 0],
      [0.094646742184, 0.40586422291, 0.038179380323, 0.46130965458, 0]
    ],
    [
      [0.00083031010006, 0.2664291089, 0.079852149717, 0.65116286329, 0.0017255680001],
      [0.053432632494, 0.0096563509889, 0.11001325326, 0.82676106886, 0.00013669439361],
      [0, 0, 0.83208378784, 0.16791621216, 0],
      [0.46356711938, 0.013645498897, 0.020932608976, 0.25244329662, 0.24941147613],
      [0.11253839131, 0.13141072426, 0.048751003001, 0.25997540243, 0.447324479]
    ],
    [
      [0.00052114515047, 0.40516318997, 0.034479244027, 0.55894790687, 0.00088851398962],
      [0.037478018655, 0.025665091224, 0.053976508405, 0.87972093168, 0.003159450036],
      [0.00050059967432, 0.001001850981, 0.72359170696, 0.27207011767, 0.0028357247084],
      [0.42375612006, 0.036032826448, 0.015214937144, 0.37101317993, 0.15398293642],
      [0.088262695944, 0.3022223697, 0.031559322415, 0.33560871908, 0.24234689287]
    ],
    [
      [0.00021198290635, 0.20852530244, 0.047693312155, 0.74220768907, 0.0013617134293],
      [0.014660215624, 0.0017291081955, 0.062815833988, 0.91729240899, 0.0035024332008],
      [0, 0, 0.72981170311, 0.26806442683, 0.0021238700599],
      [0.25556861583, 0.022353658958, 0.025327594655, 0.59154837997, 0.10520175059],
      [0.053785249658, 0.1898281465, 0.052596526011, 0.53754996987, 0.16624010797]
    ],
    [
      [0.00089965391513, 0.23164243618, 0.039413647435, 0.72804426247, 0],
      [0.018112669571, 0.010705070937, 0.052933884627, 0.91824837487, 0],
      [0, 0, 0.69333694611, 0.30666305389, 0],
      [0.33436208907, 0.024913894959, 0.022940096789, 0.57703450287, 0.040749416317],
      [0.069822051967, 0.21982436778, 0.045474875491, 0.55178196723, 0.11309673753]
    ],
    [
      [0.00027963489781, 0.36529711441, 0.097849128942, 0.53583009222, 0.00074402953783],
      [0, 0, 0.17679198561, 0.82320801439, 0],
      [4.2373512107e-15, 0, 0.97053466906, 0.029465330935, 0],
      [0.37174995645, 0.029090929569, 0.045273210943, 0.35913893068, 0.19474697236],
      [0.05812085796, 0.2715915403, 0.088049401065, 0.30084015191, 0.28139804877]
    ],
    [
      [0.00063902648745, 0.54502212232, 0.056086776621, 0.39735652066, 0.00089555390553],
      [0.04115085087, 0.037248439443, 0.1181986804, 0.80062569583, 0.002776333456],
      [0.0020325405219, 0, 0.85886686592, 0.13691875709, 0.0021818364703],
      [0.39218149041, 0.050415294627, 0.027312260117, 0.28875148965, 0.2413394652],
      [0.064113528033, 0.35987285274, 0.046274544487, 0.21331961464, 0.31641946011]
    ],
    [
      [0.0003020800316, 0.44768075722, 0.084038909229, 0.46797825352, 0],
      [0.027047475333, 0.027732003033, 0.15049258594, 0.79472793569, 0],
      [0, 0.00015499744714, 0.89139167733, 0.10845332522, 0],
      [0.45506027873, 0.071679919532, 0.050993636101, 0.42226616564, 0],
      [0.13541473694, 0.4165695703, 0.096443776516, 0.35157191624, 0]
    ],
    [
      [0.00052953526494, 0.25388621227, 0.095901712238, 0.64878244354, 0.00090009668344],
      [0.028123201121, 0.0098020991609, 0.12783230092, 0.83243108307, 0.0018113157242],
      [0.00017604983398, 0, 0.86183474461, 0.13655377577, 0.0014354297875],
      [0.3309224375, 0.021301868501, 0.04002819599, 0.40440972371, 0.2033377743],
      [0.068126208658, 0.17457554506, 0.080980491853, 0.35907670803, 0.3172410464]
    ],
    [
      [0.00029644136643, 0.25460702567, 0.10134651213, 0.64305546807, 0.00069455275938],
      [0.020102567738, 0.0091992508032, 0.13901431642, 0.83010805892, 0.0015758061125],
      [0, 0, 0.86810560314, 0.13032173868, 0.0015726581714],
      [0.29209582228, 0.025286854771, 0.049595796913, 0.46966627363, 0.16335525242],
      [0.059482973, 0.19883505836, 0.097062029109, 0.40310770259, 0.24151223695]
    ],
    [
      [0, 0.25481811322, 0.14323109094, 0.60195079584, 0],
      [0, 0.02278969244, 0.19223383847, 0.78497646909, 0],
      [0, 0.0068007883067, 0.9223810683, 0.07081814339, 0],
      [0.057122668076, 0.040320111167, 0.12724104931, 0.75474893008, 0.02056724137],
      [0, 0.30145983196, 0.19379350851, 0.50474665954, 0]
    ],
    [
      [0.00014794968853, 0.17322499714, 0.014178467143, 0.8120368397, 0.00041174632348],
      [0, 0, 0, 1, 0],
      [0, 0, 0, 0.99414408395, 0.0058559160484],
      [0, 0, 0, 0.011711832097, 0.9882881679],
      [0.037234954754, 0.17611640339, 0.016347928002, 0.57286623299, 0.19743448087]
    ],
    [
      [0.016891741821, 0.14255399538, 0.047349820819, 0.79320444198, 0],
      [0.018326628839, 0, 0.054224363738, 0.92744900742, 0],
      [0, 0, 0.7354097494, 0.2645902506, 0],
      [0.21564714366, 0.011637347291, 0.017104818539, 0.45079163842, 0.30481905209],
      [0.069782523666, 0.087985109502, 0.03025293667, 0.34852546489, 0.46345396527]
    ],
    [
      [0, 0.54638589873, 0.11208669147, 0.34152740979, 0],
      [0, 0.022299587358, 0.25346401193, 0.72423640071, 0],
      [0, 0, 0.95030116552, 0.049698834484, 0],
      [0, 0.09761375438, 0.24795729575, 0.65442894987, 0],
      [0, 0.55555070569, 0.16646478013, 0.27798451419, 0]
    ],
    [
      [0.00060024359018, 0.5459949794, 0.065056535421, 0.38632646834, 0.0020217732537],
      [0.066972969849, 0.043022229026, 0.13601193733, 0.7536559681, 0.00033689569172],
      [0, 0, 0.88052926836, 0.11947073164, 0],
      [0.40614534208, 0.026435217707, 0.016845089228, 0.14775668633, 0.40281766465],
      [0.068547235549, 0.19706705882, 0.029845482982, 0.1156462397, 0.58889398294]
    ],
    [
      [1.2197752862e-16, 1, 3.1689405638e-14, 4.9217070317e-13, 1.8961688319e-24],
      [0, 0.075114943644, 0.050970850899, 0.87391420546, 0],
      [0, 0.0089655160252, 0.76257725357, 0.22845723041, 5.3673350401e-13],
      [0.26617573495, 0.054003382693, 0.023758889597, 0.48663293493, 0.16942905782],
      [0.036025784954, 0.42731130308, 0.034818791132, 0.30655930613, 0.1952848147]
    ],
    [
      [0, 0.61721703088, 0.058737465354, 0.32404550377, 1.9814085648e-13],
      [0.14285714286, 0.021192701051, 0.16007592613, 0.67587422997, 0],
      [0, 0, 0.90025047085, 0.09974952915, 0],
      [0.63590345915, 0.029874590198, 0.022160730596, 0.17626597207, 0.13579524799],
      [0.11085134813, 0.3662280199, 0.059223713667, 0.20945782939, 0.25423908891]
    ],
    [
      [0.00049083618212, 0.44266051776, 0.059034448559, 0.49741105109, 0.00040314640784],
      [0.034168965494, 0.026928680064, 0.10224531312, 0.83535991259, 0.0012971287284],
      [0.0012084040573, 0.00059269193603, 0.83725898503, 0.15939094184, 0.0015489771448],
      [0.45160457893, 0.043549068749, 0.030624414696, 0.38647551556, 0.087746422063],
      [0.087446638292, 0.37519391604, 0.061944101713, 0.34136893212, 0.13404641183]
    ],
    [
      [0.00038820025283, 0.50151193784, 0.029456230199, 0.46789833029, 0.00074530141258],
      [0.039283998663, 0.032843931675, 0.056597022587, 0.86832210525, 0.0029529418248],
      [0, 0, 0.72261834265, 0.27409939865, 0.0032822586994],
      [0.41878148807, 0.04925321908, 0.014601791041, 0.34906935693, 0.16829414488],
      [0.079702444806, 0.37493308249, 0.027203216562, 0.28290150409, 0.23525975206]
    ],
    [
      [0.00051406577695, 0.39220667747, 0.034069634884, 0.57242496193, 0.00078465993155],
      [0.033361581586, 0.024497411937, 0.054394580234, 0.88541195822, 0.0023344680264],
      [0.0014084840207, 0.0016407907148, 0.71455638626, 0.27962078152, 0.0027735574914],
      [0.3799391034, 0.035122596906, 0.015409458206, 0.38682368696, 0.18270515453],
      [0.075655647293, 0.28365852906, 0.030391185579, 0.33400181717, 0.2762928209]
    ],
    [
      [0.00045234679206, 0.49988654723, 0.040406141501, 0.45846297452, 0.00079198995379],
      [0.038442518844, 0.032669774278, 0.076733783623, 0.84926787139, 0.0028860518643],
      [0.00017431657983, 0, 0.78714274606, 0.20958191815, 0.0031010192058],
      [0.40145971684, 0.048422475342, 0.020076455146, 0.34268048186, 0.18736087081],
      [0.073552102777, 0.3633950271, 0.036377869593, 0.27047563401, 0.25619936652]
    ],
    [
      [0.0007256428826, 0.2115407299, 0.05853012717, 0.72920350005, 0],
      [0.024878753932, 0.0048362837183, 0.0749356893, 0.89534927305, 0],
      [0, 0, 0.76879213954, 0.23120786046, 0],
      [0.38003742279, 0.019966329536, 0.037224477816, 0.52029596264, 0.042475807213],
      [0.08807153567, 0.19287256252, 0.065280655471, 0.5326253585, 0.12114988785]
    ],
    [
      [0, 0.98840716493, 0.011592835071, 0, 4.0333120039e-33],
      [9.4108748572e-17, 0.003864278357, 0.32946905498, 0.66666666667, 0],
      [0, 0, 1, 0, 0],
      [0.40322663851, 0.052027162585, 0.052763904795, 0.27832656728, 0.21365572683],
      [0.048978787515, 0.42331832506, 0.084315909742, 0.19283236876, 0.25055460892]
    ],
    [
      [0.00053742203514, 0.31637382477, 0.03916005914, 0.64358535484, 0.00034333921827],
      [0.027477432907, 0.018312156518, 0.056860803336, 0.89673348323, 0.00061612400788],
      [0.0012925539814, 0.0012257904347, 0.71880462843, 0.27782132086, 0.00085570629447],
      [0.37051254243, 0.031950796644, 0.019653178653, 0.48056887284, 0.09731460944],
      [0.080876304959, 0.27379785615, 0.041582591253, 0.44750684813, 0.15623639951]
    ],
    [
      [0, 0.26478064233, 0.060524501092, 0.67375383429, 0.00094102228782],
      [0, 0.013723214769, 0.085791474449, 0.8973027076, 0.003182603181],
      [0, 0, 0.78245793238, 0.21437061407, 0.0031714535459],
      [0.1433352641, 0.034166803229, 0.067163148551, 0.60590692905, 0.14942785508],
      [0.03181554896, 0.23227028494, 0.064607564102, 0.47130994526, 0.19999665674]
    ],
    [
      [0.00054193506313, 0.18514854474, 0.04358967136, 0.77013312306, 0.00058672577029],
      [0.028852093669, 0, 0.051359111676, 0.91688866033, 0.0029001343268],
      [0, 0, 0.7025317706, 0.29563742433, 0.0018308050701],
      [0.37657773538, 0.010796816633, 0.019505703312, 0.48384745389, 0.10927229078],
      [0.092886245133, 0.15264146158, 0.044003510368, 0.51045241479, 0.20001636813]
    ],
    [
      [0.00057780672862, 0.32324698417, 0.043478895427, 0.63182765392, 0.00086865975106],
      [0.035644235344, 0.018407252956, 0.062231963866, 0.88206817374, 0.0016483740979],
      [0.00085567504499, 0.0010016939479, 0.7428759057, 0.25321628585, 0.0020504394584],
      [0.39184351667, 0.025636479559, 0.01702514945, 0.37150416681, 0.1939906875],
      [0.085119693374, 0.21905392294, 0.036325931832, 0.34549462833, 0.31400582352]
    ],
    [
      [0.00021136850795, 0.45506051783, 0.03194136146, 0.51219969586, 0.00058705634405],
      [0.040219183367, 0.029965789801, 0.056567773332, 0.8708674372, 0.0023798162999],
      [0, 0, 0.72209824888, 0.27537560061, 0.0025261505044],
      [0.48005608185, 0.041503351493, 0.014707581891, 0.35458024412, 0.10915274064],
      [0.10369147749, 0.361426354, 0.031386302293, 0.32911288129, 0.17438298492]
    ],
    [
      [0.00037262414293, 0.39881429905, 0.039827388347, 0.56056966176, 0.00041602669999],
      [0.0279928822, 0.024909274362, 0.064198412073, 0.88145992297, 0.0014395083984],
      [0.000717876969, 0.00094934430709, 0.74879093899, 0.24813296644, 0.0014088732949],
      [0.36809007737, 0.042892410743, 0.021473704689, 0.45376874337, 0.11377506383],
      [0.073045686609, 0.33763392048, 0.041536093175, 0.38272789411, 0.16505640563]
    ],
    [
      [4.130655853e-05, 0.3254764121, 0.048158705534, 0.6263235758, 0],
      [0.032457063723, 0.020469126708, 0.069778350952, 0.87729545862, 0],
      [0, 0, 0.76051554673, 0.23948445327, 0],
      [0.5150976394, 0.042026835467, 0.040851579175, 0.40202394596, 0],
      [0.16590755111, 0.28761530539, 0.052173961819, 0.44430318169, 0.05]
    ],
    [
      [0, 0.45388777821, 0.054427627658, 0.49108843733, 0.00059615680358],
      [0, 0.024003681203, 0.10001614084, 0.87460672559, 0.001373452373],
      [0, 0, 0.8229834899, 0.17551969583, 0.0014968142618],
      [0, 0.079787671605, 0.16503747291, 0.66959219416, 0.085582661327],
      [0, 0.46170977707, 0.067462747361, 0.38749491173, 0.083332563839]
    ],
    [
      [0.00064471904708, 0.017046314385, 0.075076227021, 0.90719934713, 3.339241705e-05],
      [0.046436018834, 0, 0.070265000057, 0.88329898111, 0],
      [0.0098377916695, 0, 0.82505605067, 0.16510615766, 0],
      [0.99960392581, 3.3034815889e-06, 2.1492257634e-05, 0.00037086956104, 4.0889369002e-07],
      [0.31642188099, 0, 0.076452771827, 0.60712534719, 0]
    ],
    [
      [0.00069396960732, 0.45214252713, 0.05575105934, 0.4906929412, 0.00071950272342],
      [0.030250050472, 0.02933054969, 0.098805707856, 0.84001315549, 0.0016005364927],
      [0.0016297821178, 0.00024866481993, 0.82755347852, 0.16921009642, 0.0013579781218],
      [0.33341828004, 0.044194075056, 0.027734215912, 0.36459422891, 0.23005920008],
      [0.058555938569, 0.31367041857, 0.047907882664, 0.27625471363, 0.30361104657]
    ],
    [
      [0.0020353082354, 0.28849200781, 0.074210429006, 0.63526225495, 0],
      [0.04680452401, 0.016253286464, 0.1015921974, 0.83534999212, 0],
      [0, 0.0013361622061, 0.83904799864, 0.15961583916, 0],
      [0.47324696158, 0.019342542738, 0.016126267033, 0.20427186621, 0.28701236245],
      [0.065546709546, 0.093437305046, 0.030332494148, 0.16944894432, 0.64123454694]
    ],
    [
      [0.00045052275258, 0.34527348643, 0.0530196951, 0.60125629571, 0],
      [0.021164875545, 0.020683622942, 0.080016155092, 0.87813534642, 0],
      [0.00016499893071, 0.0011981384915, 0.78662784036, 0.21200902222, 0],
      [0.3240238524, 0.040061650507, 0.030319790672, 0.51375663869, 0.091838067731],
      [0.073226421979, 0.31016568062, 0.058401468559, 0.43364745508, 0.12455897376]
    ],
    [
      [0.00031450925156, 0.21122701886, 0.10518833434, 0.68275815336, 0.0005119841955],
      [0.019507918741, 0.0042662567172, 0.1370685503, 0.83754413249, 0.0016131417545],
      [0, 0, 0.86466498109, 0.13350219697, 0.0018328219328],
      [0.29523130053, 0.021200310632, 0.052976957091, 0.51301926912, 0.11757216264],
      [0.062971655366, 0.17927643026, 0.10935866041, 0.46452711578, 0.18386613818]
    ],
    [
      [0.00048260096805, 0.34463727558, 0.046474147328, 0.60750943168, 0.00089654444215],
      [0.040849552103, 0.020800524959, 0.068433548888, 0.86733403961, 0.0025823344363],
      [0, 0.00041880844423, 0.76169909386, 0.23494456566, 0.0029375320397],
      [0.45140896001, 0.02530974176, 0.017180255123, 0.3356633174, 0.1704377257],
      [0.10295789403, 0.23208020698, 0.03875671147, 0.33161661412, 0.29458857339]
    ],
    [
      [0, 0.29691134684, 0.08147841072, 0.62161024244, 0],
      [0.012865487911, 0.017692592301, 0.11534453505, 0.85409738473, 0],
      [0, 0, 0.84847419303, 0.15152580697, 0],
      [0.29722500942, 0.051402817103, 0.05108709183, 0.57967263833, 0.020612443318],
      [0.052626077863, 0.2868309337, 0.096311510076, 0.480456365, 0.083775113365]
    ],
    [
      [0.00046451838795, 0.38755818929, 0.04637690152, 0.56490240563, 0.00069798516779],
      [0.030062234213, 0.023515588447, 0.073634034532, 0.87070391634, 0.0020842264658],
      [0.00078265563696, 0.00080210531015, 0.77445152079, 0.22156977658, 0.0023939416775],
      [0.37962093181, 0.038537006967, 0.022980616662, 0.41876557976, 0.1400958648],
      [0.076405324919, 0.30798114469, 0.045351838188, 0.36147966119, 0.20878203102]
    ],
    [
      [0.00062433566374, 0.37933530254, 0.04202069948, 0.57719896822, 0.00082069410379],
      [0.039831284708, 0.023634462943, 0.064976200287, 0.87155805206, 0],
      [0.0010586408272, 0.001256180773, 0.75067231616, 0.2459774998, 0.0010353624372],
      [0.38446991447, 0.029144999364, 0.015864099719, 0.32703936915, 0.2434816173],
      [0.079341039032, 0.23281856627, 0.031823176214, 0.28603335141, 0.36998386707]
    ],
    [
      [0.0026166423722, 0.94682977294, 0.0026265811091, 0.047927003581, 0],
      [0.036128529264, 0.071939419059, 0.078871116402, 0.81306093528, 0],
      [0, 0, 0.70286816102, 0.29713183898, 0],
      [0.18780613576, 0.46477635723, 0.013908852853, 0.33350865416, 0],
      [0.0049694462549, 0.95381761567, 0.0031748650518, 0.038038073027, 0]
    ],
    [
      [0, 0.30728500921, 0.075375472467, 0.61733951832, 0],
      [0.0066804702997, 0.019939609937, 0.10858738097, 0.8647925388, 0],
      [0, 0, 0.83915387386, 0.16084612614, 0],
      [0.2469741008, 0.060054736892, 0.0576723223, 0.61980572445, 0.015493115553],
      [0.041523035277, 0.30298201718, 0.090553319333, 0.48508267843, 0.079858949781]
    ],
    [
      [0, 0.78823244228, 0.0085623655196, 0.1985933695, 0.0046118226992],
      [0, 0.058398881341, 0.039518820961, 0.9020822977, 0],
      [0, 0.042994336376, 0.66385833626, 0.29147548292, 0.0016718444494],
      [0, 0.002107072663, 0.00020050538765, 0.0058121490078, 0.99188027294],
      [0, 0.0019078203719, 0.00012549146109, 0.0028180060544, 0.99514868211]
    ],
    [
      [0.00036772665009, 0.49210155826, 0.032305197827, 0.47467113937, 0.00055437788386],
      [0.023689165077, 0.029570337673, 0.062786163046, 0.88198097096, 0.0019733632468],
      [0, 0, 0.73782610264, 0.26023395919, 0.0019399381659],
      [0.31454395124, 0.065026454731, 0.021367543607, 0.46895495082, 0.1301070996],
      [0.052302952455, 0.42579671597, 0.034401278983, 0.33022796206, 0.15727109053]
    ],
    [
      [0, 0.32106115806, 0.048860178818, 0.63007866312, 0],
      [0.014693546348, 0.020287029753, 0.072093496255, 0.89292592764, 0],
      [0, 0, 0.76195587439, 0.23804412561, 0],
      [0.30855986439, 0.039029917732, 0.028873056787, 0.55516577939, 0.068371381701],
      [0.094475058174, 0.31290906637, 0.062368416012, 0.47642420707, 0.053823252368]
    ],
    [
      [0.0003285372213, 0.36162369812, 0.05529778004, 0.58217499398, 0.00057499064726],
      [0.024134196443, 0.021448645454, 0.084894290368, 0.86768473972, 0.0018381280141],
      [0.00047463057872, 0.00081473618228, 0.79819462194, 0.19866344483, 0.0018525664695],
      [0.32876549674, 0.038130714939, 0.02895049756, 0.45599115829, 0.14816213247],
      [0.064227523431, 0.29174214293, 0.054775466781, 0.37759083419, 0.21166403267]
    ],
    [
      [0.001070596938, 0.19806599873, 0.057033973584, 0.74382943074, 0],
      [0.027799064972, 0.0024508349572, 0.071886797587, 0.89786330248, 0],
      [0, 0, 0.76099861528, 0.23900138472, 0],
      [0.42381268987, 0.017086113297, 0.040098418941, 0.49885263888, 0.020150139013],
      [0.10268860888, 0.18212890615, 0.063714787956, 0.54459294524, 0.10687475176]
    ],
    [
      [0.00028378397922, 0.19864592411, 0.036477947386, 0.76412358058, 0.00046876394745],
      [0.020971633165, 0, 0.031139737386, 0.94788862945, 0],
      [0.016304897915, 0, 0.69291375295, 0.29078134914, 0],
      [0.40098959097, 0, 0.012522389905, 0.58648801913, 0],
      [0.067373067818, 0.18181851684, 0.038428812106, 0.50540648553, 0.2069731177]
    ],
    [
      [0, 0.18725723265, 0.061454254478, 0.75015779237, 0.0011307205026],
      [0.011313305474, 0, 0.079423853073, 0.90501139708, 0.0042514443758],
      [0, 0, 0.77065598173, 0.2257798129, 0.0035642053613],
      [0.23424915884, 0.019630747831, 0.032418178573, 0.59162376418, 0.12207815057],
      [0.04865750183, 0.15097060129, 0.080399146268, 0.52990385078, 0.19006889984]
    ],
    [
      [0.00074225072336, 0.54104639701, 0.035878708763, 0.4223326435, 0],
      [0.020237178906, 0.032574107831, 0.075577782607, 0.87161093066, 0],
      [6.3996654109e-05, 0, 0.79315831971, 0.20677768364, 0],
      [0.37984100426, 0.071868486661, 0.029322066005, 0.51896844307, 0],
      [0.085169747763, 0.53307448878, 0.043961718139, 0.33779404532, 0]
    ],
    [
      [0.00032493647347, 0.48653197324, 0.048567996857, 0.46390500272, 0.00067009070881],
      [0.042707760518, 0.031193202936, 0.09386365949, 0.82991713128, 0.0023182457747],
      [0, 0, 0.80931876925, 0.18813173974, 0.0025494910122],
      [0.47251989631, 0.044933665042, 0.02234116628, 0.31874336973, 0.14146190263],
      [0.09731017438, 0.36419126262, 0.044726342204, 0.27984781241, 0.21392440838]
    ],
    [
      [0.00020847342931, 0.33912590079, 0.089794558558, 0.57025824848, 0.00061281873898],
      [0.017992509848, 0.020625248314, 0.13539927447, 0.82450810758, 0.001474859789],
      [0, 0.00033019603714, 0.86976959135, 0.12853557588, 0.0013646367398],
      [0.28151764579, 0.037720830699, 0.049203523666, 0.46586454235, 0.1656934575],
      [0.052433021176, 0.27062013032, 0.087922267104, 0.36544959238, 0.22357498902]
    ],
    [
      [8.273139758e-07, 0.99863117623, 0.00013950170579, 0.0012278419308, 6.5281963226e-07],
      [0.063122203399, 0.034859874727, 0.18157455696, 0.72044336491, 0],
      [0, 0, 0.81225337414, 0.18774662586, 0],
      [0.2784276459, 0.38162863858, 0.023280689567, 0.31666302595, 0],
      [0.0012892843966, 0.99272359976, 0.00058911690424, 0.0053979989378, 0]
    ],
    [
      [0, 0.2893181092, 0.079114706436, 0.63156718437, 0],
      [0.020590894359, 0.015961225729, 0.10999687925, 0.85345100066, 0],
      [0, 0, 0.83930781017, 0.16069218983, 0],
      [0.34309254941, 0.0319217467, 0.042886902707, 0.50894579652, 0.073153004662],
      [0.093049147552, 0.26646673758, 0.090298032752, 0.46112673502, 0.089059347102]
    ],
    [
      [0.00045021960071, 0.54212672181, 0.047933085859, 0.40871501533, 0.00077495739364],
      [0.039577280442, 0.036797904998, 0.1021670766, 0.81978785196, 0.0016698859981],
      [0, 0, 0.82547039313, 0.17329491169, 0.0012346951823],
      [0.36571121016, 0.055046674643, 0.023956612912, 0.30481060299, 0.2504748993],
      [0.063473123486, 0.36448316201, 0.039589578943, 0.22111363986, 0.3113404957]
    ],
    [
      [0.0003960043096, 0.49438585181, 0.047541114285, 0.45707869038, 0.00059833921188],
      [0.031003768721, 0.029470866499, 0.093063805781, 0.84447195458, 0.0019896044156],
      [0, 0, 0.80822777263, 0.18994398737, 0.0018282399963],
      [0.36620354096, 0.05845969443, 0.027826793795, 0.39943918256, 0.14807078825],
      [0.065236137782, 0.40052102431, 0.047265475341, 0.29778722556, 0.189190137]
    ]
  ],
  "expected_outcome": [
    [
      [0, 0.0003050233758, 0.00013827674753, 0.0008787295504, 5.4643331886e-06, 0, 0, 0, 0.019078958031, 0, 0.0045517110196, 0.015299372192, 0.001920240572, 0.014342661346, 0.036047972839, 0, 0.0091456576765, 0.005199297892, 0.086501997831, 0, 0.021655716603, 0.029697695612, 0.021057816762, 0, 7.8340869229e-05, 0.0033212404002, 0.0088594675579, 0.0065714700967, 0.027889271369, 0, 0.0044731854122, 0.001510400158, 0.012708846358, 0.013339861489, 0, 0, 0.084458709104, 0, 0.0054021923116, 0, 0, 0.0029450170927, 0.0065994042981, 0.0046265919926, 0.0040711211285, 0.01959235783, 0, 0.0096735966326, 0, 0.0054193506313, 0.0080892942006, 0.0033818961272, 0.0029809931435, 0.00045437214383, 0, 0, 0.013185422539, 0.014247157648, 0.016218819093, 0.0037741110187, 0.0048260096805, 0, 0.010219404535, 0.017481398585, 0.0052332847445, 0, 0, 0.015076792654, 0, 0.0039424466557, 0.020341341822, 0, 0, 0.0022267521701, 0.009748094204, 0.0091728308894, 0, 0, 0.086442163335, 0.04870853008],
      [10.9438329426, 6.0792601046, 2.3879736716, 0.87101289062, 0, 1.3912844623, 8.8109257963, 4.8494063772, 4.7396156808, 11.1644675898, 6.0434966158, 9.0598738514, 0, 9.0453740519, 26.7327705929, 40.1366817898, 3.8436284372, 3.0042576735, 69.7425421756, 19.5452626326, 49.9952099222, 20.151801974, 18.1362034781, 0.98691459879, 0.42254432158, 1.0657164356, 6.8877742294, 6.4642843757, 7.1809155215, 0, 3.8151548563, 2.2384037861, 6.0932690946, 11.4573161551, 1.7837267925, 0, 0.71276997691, 0.54638589873, 4.9139548146, 0, 1.8516510926, 2.6559631066, 8.5257029433, 3.5298600973, 4.4989789251, 5.7115997073, 0.98840716493, 5.6947288458, 9.5321031237, 1.8514854474, 4.5254577784, 7.2809682852, 3.1905143924, 3.5802405331, 4.5388777821, 0, 8.5907080155, 2.0194440547, 12.4298455117, 2.5347242263, 3.4463727558, 4.7505815495, 8.5262801644, 10.621388471, 1.8936595459, 3.0728500921, 0.78823244228, 20.1761638888, 20.5479141157, 4.3394843774, 3.7632539759, 0, 3.3706301877, 1.623139191, 14.5959591972, 14.9215396349, 0, 31.5356739023, 104.0883305883, 60.8094597732],
      [1.3519223222, 2.2398450731, 0.25705679424, 0.11422555923, 0.02699767095, 0.40698574592, 1.166181531, 1.8548547062, 1.1119695991, 1.7662466725, 0.48827504562, 4.2978672734, 0.62073533897, 1.9400414682, 4.8069521935, 8.5026446899, 0.20307090182, 0.94417257415, 8.6829030866, 1.9154751915, 9.0326619529, 4.8388711836, 3.7964957902, 0.0019563192212, 0.02955570291, 0.31940859887, 0.58614714845, 1.4784926768, 1.2218230705, 0, 0.39260743635, 0.42019454615, 2.3016410937, 4.5605930459, 1.0026176366, 0, 0.23674910409, 0.11208669147, 0.58550881879, 0, 0.17621239606, 0.35420669136, 0.50075591338, 0.30662671395, 0.36365527351, 1.5803134336, 0.011592835071, 0.70488106451, 2.1788820393, 0.4358967136, 0.60870453598, 0.51106178336, 0.31861910677, 0.52974576087, 0.54427627658, 0, 1.0592701275, 0.51947300304, 1.9087090236, 1.262260012, 0.46474147328, 1.3036545715, 1.0202918334, 1.1765795854, 0.0052531622182, 0.75375472467, 0.0085623655196, 1.3245131109, 3.1270514443, 0.66357336048, 1.0836454981, 0, 1.1061765806, 0.10763612629, 1.4570399057, 3.9509605766, 0, 8.6235030016, 9.2031524849, 5.8475570571],
