{
  "X": [
    [5, 30, 41, 1],
    [2, 25, 32, 2],
    [7, 24, 120, 1],
    [39, 154, 696, 5],
    [42, 307, 596, 35],
    [113, 673, 930, 49],
    [8, 119, 90, 6],
    [6, 38, 28, 5],
    [509, 1950, 2932, 187],
    [45, 268, 528, 27],
    [70, 304, 488, 17],
    [9, 17, 89, 1],
    [4, 7, 49, 1],
    [2, 0, 9, 0],
    [62, 180, 443, 12],
    [35, 117, 386, 17],
    [19, 59, 241, 9],
    [5, 9, 24, 2],
    [10, 9, 35, 1],
    [64, 215, 638, 20],
    [28, 119, 566, 16],
    [21, 50, 231, 8],
    [40, 63, 389, 7],
    [79, 532, 543, 41],
    [34, 123, 243, 12],
    [0, 7, 2, 1],
    [1, 5, 5, 0],
    [18, 43, 59, 0],
    [1, 27, 13, 4],
    [2, 21, 10, 4],
    [23, 118, 124, 15],
    [4, 35, 7, 1],
    [2, 14, 9, 4],
    [2, 20, 6, 0],
    [46, 271, 253, 27],
    [69, 386, 382, 31],
    [31, 111, 207, 9],
    [39, 202, 162, 21],
    [23, 82, 55, 6],
    [64, 225, 411, 22],
    [45, 117, 207, 15],
    [16, 68, 94, 5],
    [50, 219, 434, 25],
    [61, 283, 207, 25],
    [70, 426, 544, 36],
    [19, 79, 100, 7],
    [54, 170, 289, 14],
    [54, 245, 228, 15],
    [16, 93, 134, 9],
    [9, 1, 40, 1],
    [2, 13, 67, 1],
    [105, 392, 909, 27],
    [51, 361, 333, 26],
    [31, 165, 463, 18],
    [7, 0, 11, 0],
    [94, 405, 518, 31],
    [63, 238, 528, 21],
    [29, 216, 281, 15],
    [202, 1247, 1570, 170],
    [217, 1083, 1233, 116],
    [0, 0, 4, 0]
  ],
  "W": [
    [25, 34, 2, 16],
    [17, 33, 2, 9],
    [18, 111, 14, 9],
    [149, 654, 63, 28],
    [306, 573, 44, 57],
    [652, 877, 133, 103],
    [116, 92, 9, 6],
    [38, 32, 4, 3],
    [1919, 2731, 593, 335],
    [234, 515, 65, 54],
    [268, 453, 97, 61],
    [17, 89, 3, 7],
    [7, 47, 3, 4],
    [0, 8, 3, 0],
    [180, 396, 102, 19],
    [107, 359, 39, 50],
    [52, 221, 34, 21],
    [10, 23, 3, 4],
    [9, 31, 8, 7],
    [171, 615, 90, 61],
    [113, 552, 35, 29],
    [47, 221, 22, 20],
    [56, 373, 51, 19],
    [510, 546, 64, 75],
    [112, 221, 50, 29],
    [8, 1, 0, 1],
    [7, 4, 0, 0],
    [36, 61, 18, 5],
    [26, 12, 2, 5],
    [22, 11, 1, 3],
    [112, 131, 13, 24],
    [33, 10, 4, 0],
    [15, 9, 1, 4],
    [19, 8, 1, 0],
    [261, 226, 67, 43],
    [364, 352, 89, 63],
    [105, 193, 35, 25],
    [181, 147, 63, 33],
    [78, 45, 28, 15],
    [200, 389, 82, 51],
    [118, 194, 50, 22],
    [66, 82, 23, 12],
    [211, 378, 82, 57],
    [270, 209, 66, 31],
    [401, 520, 81, 74],
    [61, 107, 19, 18],
    [156, 260, 72, 39],
    [220, 225, 54, 43],
    [94, 121, 18, 19],
    [0, 44, 4, 3],
    [16, 59, 5, 3],
    [381, 842, 130, 80],
    [320, 325, 74, 52],
    [149, 459, 34, 35],
    [0, 10, 5, 3],
    [375, 491, 102, 80],
    [212, 501, 77, 60],
    [188, 256, 30, 67],
    [1230, 1514, 182, 263],
    [1027, 1171, 200, 251],
    [0, 4, 0, 0]
  ],
  "method": "mvn_pdf",
  "cond_prob": [
    [
      [0.038533600136, 0.82654143007, 0.12595105965, 0.008973910147],
      [0.012483603136, 0.059520766081, 0.92781610902, 0.00017952175987],
      [0.38872571732, 0.10910848502, 0.50200000408, 0.00016579357711],
      [0.17717287846, 0.44340882697, 0.33134223712, 0.048076057458]
    ],
    [
      [0.0085800858953, 0.91059545259, 0.042809777395, 0.038014684117],
      [0.016619051792, 0.070837080974, 0.90514852521, 0.0073953420248],
      [0.36646303865, 0.31441603924, 0.31687450413, 0.0022464179763],
      [0.06364263926, 0.72815795059, 0.085398160457, 0.12280124969]
    ],
    [
      [0.025948206193, 0.90045307708, 0.047725556214, 0.025873160515],
      [0.0092387925898, 0.019954962721, 0.97040667117, 0.00039957351428],
      [0.33236829054, 0.12062003999, 0.54653582176, 0.00047584771647],
      [0.094918915951, 0.4320181323, 0.41936644257, 0.053696509179]
    ],
    [
      [0.041116323927, 0.86188208159, 0.073964812272, 0.023036782207],
      [0.010256325687, 0.014258640811, 0.97522672266, 0.00025831083684],
      [0.36011098695, 0.09160047645, 0.54801221804, 0.00027631855984],
      [0.12425137706, 0.37441388342, 0.45200702186, 0.049327717662]
    ],
    [
      [0.025543535184, 0.85308709378, 0.040709376771, 0.080659994268],
      [0.01643755397, 0.026837536595, 0.95377951291, 0.0029453965253],
      [0.42470079415, 0.1351879272, 0.43815234587, 0.0019589327774],
      [0.10663376959, 0.43209073753, 0.31137836126, 0.14989713163]
    ],
    [
      [0.028889321743, 0.88264599921, 0.033833481763, 0.054631197283],
      [0.022202823454, 0.032326605013, 0.94335456591, 0.0021160056255],
      [0.46198798256, 0.14657613368, 0.39010736146, 0.0013285222995],
      [0.12862023665, 0.48223058386, 0.27897414093, 0.11017503857]
    ],
    [
      [0.014307093229, 0.92372031838, 0.019497765717, 0.042474822673],
      [0.020912479317, 0.064111416917, 0.91172429367, 0.0032518100916],
      [0.42480294255, 0.24075410148, 0.33269097623, 0.0017519797481],
      [0.098867100883, 0.63056763304, 0.14423422879, 0.12633103729]
    ],
    [
      [0.025918903735, 0.86338881717, 0.0095824459318, 0.10110983316],
      [0.059494054708, 0.089831487394, 0.8390709347, 0.011603523195],
      [0.67046070223, 0.18013987083, 0.14625193793, 0.0031474890101],
      [0.14314303283, 0.5320192892, 0.066863130798, 0.25797454717]
    ],
    [
      [0.03736327981, 0.85764828905, 0.035155554718, 0.06983287642],
      [0.027554717702, 0.030303521785, 0.93923082364, 0.0029109368684],
      [0.52197781599, 0.12445506552, 0.35203848949, 0.0015286290088],
      [0.15676145408, 0.4406333178, 0.27086055779, 0.13174467033]
    ],
    [
      [0.018889171281, 0.88357060211, 0.026927008715, 0.07061321789],
      [0.017842952429, 0.040377644985, 0.93768537799, 0.004094024598],
      [0.4060371402, 0.19101944379, 0.40061076377, 0.002332652242],
      [0.092562950118, 0.51914311281, 0.2361372343, 0.15215670278]
    ],
    [
      [0.027666302042, 0.90019664191, 0.030981317909, 0.041155738141],
      [0.02223667329, 0.035998863414, 0.94068755099, 0.0010769123055],
      [0.46236013496, 0.15673834754, 0.38003952551, 0.00086199198845],
      [0.12562762232, 0.51206877263, 0.2737985611, 0.088505043949]
    ],
    [
      [0.094246775322, 0.81202306725, 0.057706607984, 0.036023549448],
      [0.032547792221, 0.013320028458, 0.95348519754, 0.00064698178275],
      [0.83648647266, 0.023045741973, 0.13999972081, 0.00046806455688],
      [0.28451312769, 0.27728401402, 0.3912579887, 0.04694486958]
    ],
    [
      [0.067458262798, 0.79740717137, 0.068794562849, 0.06634000298],
      [0.022868581754, 0.0046958565735, 0.9680295488, 0.0044060128674],
      [0.55960538457, 0.05319286487, 0.38625553146, 0.00094621910702],
      [0.19353816607, 0.2594664867, 0.46557066796, 0.081424679264]
    ],
    [
      ["NaN", "NaN", "NaN", "NaN"],
      [0.014264903682, 0, 0.98573509632, 0],
      [0.62862692351, 0, 0.37137307649, 0],
      ["NaN", "NaN", "NaN", "NaN"]
    ],
    [
      [0.0360849097, 0.85123305918, 0.060186502778, 0.052495528344],
      [0.018319407737, 0.020272471563, 0.96001676877, 0.0013913519291],
      [0.44493774451, 0.10414927166, 0.44993531201, 0.0009776718225],
      [0.15087267633, 0.42773288944, 0.32138880222, 0.10000563201]
    ],
    [
      [0.037046165996, 0.82063546414, 0.059314012036, 0.083004357827],
      [0.018776974434, 0.01792729821, 0.96049033328, 0.0028053940762],
      [0.44354798787, 0.10038511324, 0.45447749628, 0.0015894026062],
      [0.13993509779, 0.37682171726, 0.3422549742, 0.14098821075]
    ],
    [
      [0.026483376955, 0.82875595293, 0.050378516368, 0.094382153752],
      [0.012746757584, 0.018649807547, 0.96545902536, 0.0031444095069],
      [0.37349610146, 0.114740697, 0.50970125926, 0.002061942287],
      [0.10033159632, 0.37532853725, 0.36590617758, 0.15843368886]
    ],
    [
      [0.082607103767, 0.76048675812, 0.041057519234, 0.11584861888],
      [0.037561374475, 0.0091753186823, 0.94385148681, 0.0094118200369],
      [0.72391798902, 0.044187129319, 0.22993604364, 0.0019588380253],
      [0.28456584559, 0.26288467529, 0.29775812005, 0.15479135907]
    ],
    [
      [0.11500258198, 0.75060667752, 0.087001870306, 0.047388870197],
      [0.031989215005, 0.0068847425245, 0.95712317275, 0.0040028697201],
      [0.67821796786, 0.035673659609, 0.28491604077, 0.0011923317545],
      [0.36393819345, 0.24938908674, 0.32383378369, 0.062838936124]
    ],
    [
      [0.025606735323, 0.87938694183, 0.034099307095, 0.060907015751],
      [0.020513877279, 0.033458212393, 0.94308878388, 0.0029391264462],
      [0.44292185984, 0.15631883055, 0.39909658997, 0.001662719636],
      [0.1170860057, 0.49146455041, 0.26640530003, 0.12504414385]
    ],
    [
      [0.028978441897, 0.82994094049, 0.051529058062, 0.089551559549],
      [0.0136608872, 0.018432165256, 0.96534525731, 0.0025616902328],
      [0.39986440888, 0.1142061682, 0.4840623466, 0.0018670763217],
      [0.10997834554, 0.38085871091, 0.35739490593, 0.15176803763]
    ],
    [
      [0.04536698423, 0.80790791191, 0.053398474285, 0.093326629571],
      [0.022120482871, 0.015260618256, 0.95950503385, 0.0031138650256],
      [0.49267102022, 0.086626787533, 0.41911777529, 0.00158441696],
      [0.1570181291, 0.33749710898, 0.3609534086, 0.14453135332]
    ],
    [
      [0.050271958366, 0.82980321449, 0.048678429955, 0.071246397193],
      [0.022979899191, 0.015000607783, 0.95980256388, 0.0022169291464],
      [0.49560770009, 0.082944475926, 0.42032191757, 0.0011259064114],
      [0.17564606466, 0.35292763229, 0.35953862102, 0.11188768203]
    ],
    [
      [0.028865539807, 0.8912098492, 0.022382343, 0.057542267992],
      [0.03331096979, 0.049712753642, 0.91321348669, 0.003762789882],
      [0.55477221863, 0.16032662349, 0.28325797583, 0.0016431820471],
      [0.14113817602, 0.53438546021, 0.19789241181, 0.12658395196]
    ],
    [
      [0.029029309769, 0.86709470349, 0.036666718281, 0.06720926846],
      [0.020270782505, 0.027772169754, 0.94877638496, 0.0031806627791],
      [0.45413264542, 0.13490651394, 0.4092297627, 0.0017310779452],
      [0.12283593452, 0.44835924127, 0.30180201176, 0.12700281245]
    ],
    [
      [0, 0.81205604143, 0.080615479713, 0.10732847886],
      [0, 0, 0.99676988081, 0.0032301191857],
      ["NaN", "NaN", "NaN", "NaN"],
      [0, 0.50355166858, 0.35830628148, 0.13814204993]
    ],
    [
      [0.13979902501, 0.7076830726, 0.15251790239, 0],
      [0.0053517062325, 0.011554622943, 0.98309367082, 0],
      ["NaN", "NaN", "NaN", "NaN"],
      ["NaN", "NaN", "NaN", "NaN"]
    ],
    [
      [0.046620873463, 0.9359702582, 0.017408868333, 0],
      [0.04985140655, 0.06263045288, 0.88751814057, 0],
      [0.66768799446, 0.14040951342, 0.19190249211, 0],
      [0.25246577107, 0.59144836747, 0.15608586145, 0]
    ],
    [
      [0.0035930029345, 0.88130674168, 0.012178342075, 0.10292191331],
      [0.0096995264962, 0.04723028834, 0.93475642736, 0.0083137578045],
      [0.29614616392, 0.32644861208, 0.37138105662, 0.0060241673726],
      [0.039579055581, 0.57327280641, 0.1447047729, 0.24244336511]
    ],
    [
      [0.02428265537, 0.83959449832, 0.0024554235692, 0.13366742274],
      [0.045148719192, 0.080089593514, 0.8653219186, 0.0094397686924],
      [0.68958310249, 0.13797756333, 0.17012933436, 0.0023099998223],
      [0.093187522751, 0.50331931497, 0.085770080835, 0.31772308145]
    ],
    [
      [0.033793311108, 0.86178759448, 0.017926836609, 0.086492257803],
      [0.048862630471, 0.059677511742, 0.88474520227, 0.0067146555215],
      [0.67929738986, 0.13050431309, 0.18819846116, 0.0019998358837],
      [0.16596993733, 0.49856163791, 0.15183303366, 0.18363539109]
    ],
    [
      [0.014687016933, 0.95562267316, 0.0015349573548, 0.028155352551],
      [0.10810101563, 0.21853467065, 0.66675639896, 0.0066079147565],
      [0.60857957124, 0.31977626978, 0.070445604415, 0.0011985545605],
      ["NaN", "NaN", "NaN", "NaN"]
    ],
    [
      [0.042996400499, 0.78789785672, 0.0096746181562, 0.15943112463],
      [0.027225098394, 0.055136113865, 0.91126499587, 0.0063737918678],
      [0.66980113137, 0.12208429462, 0.20658527176, 0.0015293022514],
      [0.1100567439, 0.39080570745, 0.11172762326, 0.38740992539]
    ],
    [
      [0.02424426468, 0.97406181089, 0.001693924425, 0],
      [0.094328095493, 0.16653092804, 0.73914097646, 0],
      [0.78473420713, 0.16057816864, 0.054687624229, 0],
      ["NaN", "NaN", "NaN", "NaN"]
    ],
    [
      [0.022797434127, 0.87658474145, 0.026823365681, 0.073794458741],
      [0.021936040813, 0.040418513526, 0.93351404195, 0.0041314037133],
      [0.4549082423, 0.17043224031, 0.37240197006, 0.0022575473311],
      [0.10729005198, 0.5036706587, 0.23427897867, 0.15476031065]
    ],
    [
      [0.025884369194, 0.88911280831, 0.025507215036, 0.059495607458],
      [0.025509018707, 0.041260872625, 0.92983736069, 0.0033927479759],
      [0.48189621135, 0.16972046261, 0.34663187032, 0.0017514557219],
      [0.12238336855, 0.51958713394, 0.23114898897, 0.12688050855]
    ],
    [
      [0.038911374985, 0.86755249121, 0.037128937435, 0.056407196372],
      [0.025864415245, 0.02599320521, 0.94577616816, 0.0023662113873],
      [0.51276921549, 0.11592998422, 0.37011037216, 0.0011904281359],
      [0.15902203769, 0.43331001479, 0.30451192358, 0.10315602394]
    ],
    [
      [0.017501414551, 0.88607863026, 0.019098784883, 0.077321170303],
      [0.024898057159, 0.064750946209, 0.90403032426, 0.0063206723683],
      [0.46427545065, 0.21495807243, 0.31768808183, 0.0030783950947],
      [0.088572005235, 0.56239455354, 0.1707973671, 0.17823607412]
    ],
    [
      [0.034962013456, 0.8855239395, 0.02599519294, 0.053518854103],
      [0.033930850863, 0.040504186467, 0.92229236963, 0.0032725930353],
      [0.58185184397, 0.12697919973, 0.28961250616, 0.0015564501316],
      [0.16361486869, 0.50340178236, 0.22400454297, 0.10897880598]
    ],
    [
      [0.030100021847, 0.87309853201, 0.029176484696, 0.067624961452],
      [0.026194561682, 0.035366973561, 0.93485145802, 0.0035870067349],
      [0.49912651781, 0.14825813052, 0.35081147636, 0.0018038753004],
      [0.13454777796, 0.47971321923, 0.24982244761, 0.1359165552]
    ],
    [
      [0.046219637997, 0.82774838028, 0.035403144646, 0.090628837074],
      [0.032818779721, 0.028038440932, 0.93555919918, 0.003583580169],
      [0.58237847192, 0.10341183383, 0.3125023815, 0.0017073127527],
      [0.18455981157, 0.39616554065, 0.25903750983, 0.16023713795]
    ],
    [
      [0.031516634644, 0.87568850851, 0.0388195926, 0.053975264249],
      [0.020468986862, 0.024951784483, 0.95202116115, 0.0025580675096],
      [0.46406717045, 0.1219209015, 0.41265469191, 0.0013572361413],
      [0.13065835587, 0.44619428137, 0.32342614672, 0.099721216044]
    ],
    [
      [0.027983207471, 0.8454233334, 0.049629363297, 0.076964095834],
      [0.014602634092, 0.021620937799, 0.96108325294, 0.0026931751688],
      [0.39450728834, 0.11782370409, 0.48594702551, 0.0017219820638],
      [0.10923069988, 0.39967400754, 0.35773822178, 0.13335707081]
    ],
    [
      [0.029187832509, 0.88743077191, 0.014720769983, 0.068660625598],
      [0.045929153212, 0.067036445656, 0.88066469089, 0.006369710239],
      [0.58869739736, 0.18650514798, 0.22251955254, 0.0022779021101],
      [0.15051819275, 0.55076563468, 0.13807036258, 0.16064580998]
    ],
    [
      [0.026025307319, 0.8854226796, 0.027127538892, 0.061424474188],
      [0.024044119146, 0.038456102186, 0.93419454146, 0.0033052372099],
      [0.47050391093, 0.16565199154, 0.36209680563, 0.001747291908],
      [0.12094720302, 0.5071692031, 0.24338992014, 0.12849367374]
    ],
    [
      [0.022344887092, 0.90268770629, 0.017609756728, 0.057357649886],
      [0.045478289469, 0.078679679787, 0.8678080287, 0.0080340020454],
      [0.55750566696, 0.23100966682, 0.20899198301, 0.0024926832052],
      [0.12100984677, 0.61823002829, 0.11663878287, 0.14412134207]
    ],
    [
      [0.034925083887, 0.8708649355, 0.036456694421, 0.057753286195],
      [0.024823363492, 0.029204291616, 0.94353342534, 0.0024389195537],
      [0.5049092377, 0.12486160401, 0.3689063473, 0.0013228109933],
      [0.14728582798, 0.45030560906, 0.29314892505, 0.1092596379]
    ],
    [
      [0.031377303779, 0.90549971229, 0.018164782308, 0.044958201627],
      [0.040688170752, 0.055488993135, 0.90102760204, 0.0027952340701],
      [0.57700761295, 0.17122098952, 0.25059793445, 0.0011734630801],
      [0.15776148023, 0.55951410251, 0.18000579005, 0.10271862721]
    ],
    [
      [0.033241130398, 0.8560051425, 0.043232947935, 0.067520779171],
      [0.019465849137, 0.021262789407, 0.95622736054, 0.003044000918],
      [0.44646765443, 0.11647086007, 0.43555014456, 0.0015113409462],
      [0.13071306407, 0.41401282137, 0.33645735089, 0.11881676368]
    ],
    [
      ["NaN", "NaN", "NaN", "NaN"],
      [0.086057805824, 0.013878835331, 0.8873018418, 0.012761517048],
      [0.91262049857, 0.013031090543, 0.07297794909, 0.0013704618008],
      [0.52099151649, 0.11240229441, 0.22226905486, 0.14433713423]
    ],
    [
      [0.03537151211, 0.75675296811, 0.16060056194, 0.047274957844],
      [0.0021708490013, 0.0018839332491, 0.99400918762, 0.0019360301296],
      [0.21566785563, 0.042208588458, 0.74161067024, 0.0005128856666],
      [0.075878812335, 0.18991916876, 0.69193186273, 0.042270156172]
    ],
    [
      [0.039433401369, 0.8608682015, 0.04944001886, 0.050258378273],
      [0.020866811249, 0.021343830285, 0.95687507068, 0.00091428778837],
      [0.46459690853, 0.1056432438, 0.42892302081, 0.00083682685151],
      [0.15010526122, 0.40380110543, 0.35893188248, 0.08716175087]
    ],
    [
      [0.016951429455, 0.9110295879, 0.017476261528, 0.054542721118],
      [0.024858404283, 0.062233858491, 0.90820767797, 0.0047000592514],
      [0.44197567546, 0.24092898393, 0.31486000439, 0.0022353362211],
      [0.092122330739, 0.60414967407, 0.17193193548, 0.13179605972]
    ],
    [
      [0.024564817071, 0.86647028444, 0.034088973735, 0.074875924749],
      [0.018524816744, 0.031191922639, 0.94684929037, 0.0034339702507],
      [0.44184335292, 0.15403355177, 0.40207414915, 0.0020489461631],
      [0.10897935348, 0.46690555333, 0.27561135897, 0.14850373422]
    ],
    [
      ["NaN", "NaN", "NaN", "NaN"],
      [0.059870012745, 0, 0.94012998726, 0],
      [0.82782952767, 0, 0.17217047233, 0],
      [0.75405074473, 0, 0.24594925527, 0]
    ],
    [
      [0.033431589723, 0.88452681634, 0.027250007092, 0.054791586841],
      [0.030504480688, 0.038237133081, 0.92859231446, 0.0026660717737],
      [0.53221473706, 0.1458530144, 0.32059914138, 0.0013331071532],
      [0.1524943832, 0.49563755074, 0.23926635651, 0.11260170955]
    ],
    [
      [0.031677520211, 0.87317588561, 0.035331908723, 0.059814685457],
      [0.023053029787, 0.029642225724, 0.94476848792, 0.0025362565734],
      [0.47499769127, 0.13526852232, 0.38832096741, 0.0014128189911],
      [0.13599959274, 0.46033801573, 0.28799847357, 0.11566391796]
    ],
    [
      [0.023408668247, 0.89002689992, 0.043638692992, 0.042925738842],
      [0.017383761335, 0.036265717997, 0.94532371582, 0.0010268048464],
      [0.40942133195, 0.16032847372, 0.42918281805, 0.0010673762856],
      [0.11740727626, 0.51613529547, 0.2674264168, 0.09903101147]
    ],
    [
      [0.029273793755, 0.84792803333, 0.0288178337, 0.093980339216],
      [0.026519767946, 0.038352510056, 0.93198358781, 0.0031441341885],
      [0.50799589883, 0.14560727389, 0.34415468138, 0.0022421459035],
      [0.12694696359, 0.45430530392, 0.23153901366, 0.18720871882]
    ],
    [
      [0.033594721451, 0.86600406667, 0.027986284508, 0.072414927375],
      [0.031186133648, 0.038923540224, 0.92612155208, 0.0037687740468],
      [0.53945788624, 0.14307631278, 0.31566125318, 0.0018045477973],
      [0.15174375028, 0.47577328835, 0.22564740114, 0.14683556023]
    ],
    [
      ["NaN", "NaN", "NaN", "NaN"],
      [0, 0, 1, 0],
      ["NaN", "NaN", "NaN", "NaN"],
      ["NaN", "NaN", "NaN", "NaN"]
    ]
  ],
  "expected_outcome": [
    [
      [0.98995982224, 0.14563513361, 0.47033806446, 6.16663754, 7.7854483751, 18.7398291287, 1.6522850584, 0.98044022714, 71.340821006, 4.3936129107, 7.3910585356, 1.5980752859, 0.47025457366, 0, 6.4767963347, 3.9427102081, 1.3709278539, 0.82118745809, 1.0299144583, 4.3568520951, 3.2564785511, 2.1162716634, 2.7846209478, 14.6662153543, 3.2386535056, 0, 0.9792624773, 1.6847206215, 0.085757213142, 0.53837651669, 3.7680006928, 0.46215883254, 0.66097580594, 0.45247821065, 5.9282648699, 9.381550858, 4.0630111914, 3.1701625276, 2.7223391497, 5.9917672882, 5.4253014527, 2.0742297383, 5.8801651406, 7.849652184, 10.38147313, 1.3576163167, 5.4285283411, 6.8665412032, 3.1092901844, 0, 0.56532594866, 14.9346164001, 5.3937558234, 3.6437630554, 0, 12.4708200785, 6.6793846819, 4.3870193937, 35.8644417078, 34.3334963702, 0],
      [20.7931336702, 15.5218074766, 16.191997453, 128.3662515599, 261.0386190363, 575.4547223501, 107.1638202724, 32.8139381647, 1645.8532956003, 206.7673510536, 241.2131971072, 13.7940802701, 5.5887804386, 0, 153.2848884951, 87.8718932021, 43.0972434431, 7.6122921558, 6.7714491643, 150.4050609936, 93.7805148059, 37.9870647034, 46.4658699912, 454.545818743, 97.1180655735, 6.506360523, 4.9498643238, 33.6778844252, 22.9237254515, 18.4805126448, 96.5392422994, 31.5615690225, 11.8217743752, 18.5180649836, 228.7995170975, 323.6414761036, 91.0870389766, 160.4125623987, 69.0732479988, 174.633032839, 97.6782967827, 57.7925773348, 178.3845972513, 239.6441817526, 355.053226027, 55.0973895254, 135.8574026644, 199.2160727941, 80.4638358835, 0, 12.1061393423, 327.9273125492, 291.5341748402, 129.110043696, 0, 331.6973027486, 185.1139398013, 167.4371045446, 1042.9500296355, 889.5160544843, 0],
      [2.9974258643, 0.68646089745, 0.87549616883, 11.0547554344, 12.5480978205, 22.2447406428, 2.2511799862, 0.36172677929, 68.0490483211, 6.3597351316, 8.3846927303, 0.99733695179, 0.48698856336, 0, 10.786176125, 6.3370842928, 2.6478341149, 0.42047410857, 0.77633807266, 5.855934368, 5.8722111897, 2.5353921742, 2.7823650681, 11.4928046789, 4.1456135197, 0.63474626408, 1.0708731989, 0.63739495329, 0.32344597237, 0.049440985779, 2.0254167752, 0.046360517408, 0.14781036844, 0.029456805793, 7.055354806, 9.3728411607, 3.9478449693, 3.4550353895, 2.0410611681, 5.8925648178, 4.2211799124, 2.5837048113, 10.5534500544, 3.9829584218, 10.9956611672, 1.0595408077, 5.7337744844, 4.0480661203, 4.1029883717, 0, 2.5815522318, 19.0118909721, 5.6587590905, 5.1200866553, 0, 10.3356816479, 7.5659340166, 8.1108842854, 35.7438203096, 28.9626375679, 0],
      [0.21948064332, 0.64609649231, 0.46216831367, 3.4123554658, 24.6278347681, 35.5607078783, 4.9327146829, 3.8438948289, 133.7568350726, 16.479300904, 11.011051627, 0.61050749218, 0.4539764244, 0, 9.4521390452, 8.848312297, 4.883994588, 1.1460462775, 0.42229830475, 10.3821525433, 10.0907954533, 4.361271459, 3.9671439929, 29.2951612237, 7.4976674012, 0.85889321289, 0, 0, 2.6670713629, 2.9316698527, 9.6673402326, 0.92991162759, 2.3694394504, 0, 19.2168632267, 21.6041318776, 5.9021048627, 13.9622396842, 4.1633516834, 13.4826350549, 10.6752218523, 3.5494881155, 16.1817875536, 18.5232076416, 24.5696396758, 3.4854533502, 8.98029451, 9.8693198825, 6.3238855604, 0, 0.74698247721, 19.1261800786, 17.4133102458, 11.1261065933, 0, 20.496195525, 12.6407415002, 8.0649917762, 115.4417083471, 74.1878115776, 0]
    ],
    [
      [0.43031018095, 0.55271788155, 1.0178890444, 6.661609089, 9.4912723794, 19.615930719, 1.9421160728, 1.9166394457, 75.7892277504, 9.2250513042, 10.1435596062, 2.9193995662, 1.0851836965, 0.11494239574, 7.3484888509, 6.796907494, 2.827146231, 0.86052882378, 0.9805041369, 12.688460116, 7.5932458144, 4.9309003312, 8.6462704359, 18.3332668321, 4.5192231507, 0, 0.020737522697, 3.0256904841, 0.11664513684, 0.49994266863, 6.4465942563, 1.100877269, 0.23773018336, 0.76240951672, 5.002066345, 9.0508230274, 5.0275075062, 3.7062394172, 1.5418596348, 10.2636996503, 6.404260092, 1.6974571268, 5.5632259389, 9.6627416716, 12.5900413821, 4.8933874203, 6.5129837835, 9.2095076475, 2.3765670805, 3.7678752733, 0.11722483983, 17.7118200935, 8.1377774967, 8.5672762747, 0.5791666486, 15.0762617638, 11.6271897239, 4.485896132, 40.4779338646, 36.7662794162, 0],
      [1.9253354572, 2.3241518881, 2.2269729115, 9.3621715956, 15.3925699367, 28.4148236633, 5.886343378, 2.8694770541, 82.8915213628, 20.8236234792, 16.3603108073, 1.1860987272, 0.20199968952, 0, 8.0042847828, 6.4057600668, 4.1181305697, 0.20282225874, 0.20419929449, 20.5947112985, 10.1852482112, 3.3435339429, 5.5677358832, 27.1121251926, 6.1353669743, 0, 0.050135676217, 3.8522215841, 0.57516753604, 0.87800843844, 7.8077169348, 2.1654073264, 0.50682005602, 1.3209092525, 9.1289910015, 14.5394057519, 5.0212469077, 9.4536215955, 1.8156742779, 13.764261474, 5.4509256841, 2.0417571047, 8.169901521, 14.0037480613, 20.022551739, 8.390097523, 7.5892914577, 12.5063991477, 2.5713435299, 0.60148039514, 0.1017315222, 18.0195484173, 20.240961466, 14.3356487547, 0, 18.8072354963, 14.8654495293, 9.2481044836, 58.2281799017, 45.5905347879, 0],
      [31.6387679361, 29.8707833782, 107.7145444324, 637.8216019051, 546.4480797169, 827.1550278919, 83.875560307, 26.8476101237, 2564.4631066948, 482.8571852662, 426.0496346256, 84.8381830481, 45.4939431168, 7.8850576043, 380.1017574286, 344.7864341983, 213.3584832872, 21.7085484932, 29.6833909026, 579.9238256849, 532.8136385964, 212.0319004143, 357.9507551772, 498.5235711092, 209.6391153484, 0.99649611652, 3.9291268011, 54.1220879318, 11.2089414681, 9.5247319496, 115.8800087235, 6.6683696642, 8.2029474512, 5.9166812308, 210.9425480244, 327.2264602058, 182.494876719, 132.9198854247, 41.4952813803, 363.5839973641, 181.4581868083, 78.0480843158, 363.2462529988, 184.0124572488, 485.6839896498, 92.8545909004, 245.2674286647, 202.6735680671, 115.6777303793, 39.0620277265, 58.6591054535, 805.5512845578, 295.1043094592, 434.5281782756, 9.4208333514, 455.830987204, 473.2486834099, 242.025415853, 1410.8296450154, 1084.2913085447, 4],
      [0.0055864257947, 0.2523468521, 0.040593611628, 0.15461741031, 1.6680779671, 1.8142177258, 0.29598024219, 0.36627337649, 7.8561441921, 2.0941399504, 0.44649496088, 0.056318658435, 0.21887349721, 0, 0.54546893776, 1.010898241, 0.69623991212, 0.22810042432, 0.13190566597, 1.7930029006, 1.4078673779, 0.69366531159, 0.83523850368, 2.0310368661, 0.70629452663, 0.0035038834766, 0, 0, 0.099245859058, 0.097316943368, 0.86568008542, 0.065345740323, 0.05250230946, 0, 0.92639462916, 1.1833110148, 0.45636886718, 0.92025356267, 0.14718470703, 1.3880415115, 0.68662741558, 0.21270145272, 1.0206195414, 1.3210530183, 1.7034172292, 0.86192415623, 0.63029609407, 0.61052513773, 0.3743590102, 0.56861660507, 0.12193818451, 0.71734693143, 1.5169515781, 1.5688966949, 0, 1.2855155359, 1.2586773369, 0.24058353142, 4.4642412184, 4.3518772511, 0]
    ],
    [
      [0.78496296599, 0.73183838883, 4.6527187204, 22.692995878, 18.620467533, 61.3738730227, 3.817941257, 2.6770502427, 309.2620769308, 26.3712203348, 44.7821839458, 2.4680656546, 1.667874843, 1.8850576043, 45.318519674, 17.2711327976, 12.6866002357, 2.1729849209, 5.4432754111, 39.8033318744, 13.9547523569, 10.8099091821, 25.2398563158, 35.3897554685, 22.6665875628, 0, 0, 12.0180265129, 0.59729199757, 0.68352633377, 8.7843845477, 2.4369638985, 0.66667475862, 0.78511227262, 30.4397245259, 42.8391161432, 17.9247791495, 29.1823653092, 16.2666394032, 40.8684062201, 29.1017485023, 10.6530624837, 32.3049537624, 38.8269463424, 38.0619898775, 10.5730226951, 36.2923978586, 31.1291306056, 8.0252098669, 3.649663434, 1.0867114835, 60.3214894761, 32.6693083556, 14.9661846965, 4.1564363592, 54.2302598871, 36.5203629308, 12.2848962171, 92.2206717597, 107.7717525208, 0],
      [0.21692310164, 0.62824838539, 1.6878213144, 5.7881779273, 5.9521959898, 19.4869580799, 2.1709470701, 0.72355067326, 73.769990459, 12.4029392466, 15.2006605601, 0.074996856026, 0.16000354373, 0, 10.6297154221, 3.9156432864, 3.898251968, 0.13182962784, 0.28401667296, 14.0560787414, 3.993114882, 1.90834287, 4.2513029886, 10.3083884819, 6.7424085929, 0, 0, 2.5236626676, 0.64459089667, 0.1428420686, 1.71623537, 1.2730236511, 0.12376938776, 0.16102576395, 11.4343355164, 15.1057286344, 4.0559031809, 13.6025852449, 3.5734867751, 12.1511970471, 5.1669379692, 2.8084862775, 9.6629667808, 12.2990132553, 13.413245144, 4.3917768559, 8.992931402, 9.2404192339, 2.0954602459, 0.052428347099, 0.2134467303, 13.7359303802, 17.8302863191, 5.22815276, 0, 14.8688105503, 10.4104446357, 4.8047904514, 26.5552730089, 28.6095476379, 0],
      [0.99781044842, 0.6355044433, 7.653072217, 34.5024423227, 19.3432503751, 51.9670394963, 2.9957100711, 0.58706378404, 209.0823622691, 26.0777566224, 36.9377973006, 0.45559561143, 1.169319049, 1.1149423957, 45.9543699313, 17.7525839623, 17.3466120368, 0.68920754951, 2.262720639, 35.9944471788, 16.9884076762, 9.2476237877, 21.4523147441, 18.1990829995, 20.5059195475, 0, 0, 3.4583108194, 0.74647328381, 0.17126908219, 2.4738190158, 0.28526981836, 0.20813687395, 0.053861963425, 24.9777640161, 30.902645971, 12.9784546841, 20.0248320497, 8.116385541, 28.8355208222, 15.6479377217, 9.5075057284, 39.8935891494, 14.7262480544, 29.3864355464, 3.9884511355, 26.6213871734, 13.569145295, 7.8525448924, 0.29242817957, 3.6972625059, 55.8373287122, 23.3383953725, 13.7377567197, 0.84356364084, 32.7684530843, 29.9629282459, 12.8793620516, 62.8280233818, 63.2664865055, 0],
      [0.00030348394287, 0.004408782472, 0.0063877482749, 0.016383871924, 0.08408610203, 0.17212940109, 0.015401601747, 0.012335300023, 0.88557034115, 0.14808379617, 0.079358193527, 0.001341877981, 0.0028025643055, 0, 0.09739497266, 0.060639953631, 0.068535759449, 0.0059779017338, 0.009987276885, 0.14614220543, 0.063725084899, 0.034124160204, 0.056525951571, 0.10277305011, 0.085084296825, 0, 0, 0, 0.01164382196, 0.0023625154515, 0.025561066538, 0.0047426320846, 0.0014189796715, 0, 0.14817594161, 0.15250925137, 0.040862985562, 0.19021739614, 0.043488280689, 0.1448759106, 0.083375806767, 0.030945510293, 0.1384903074, 0.14779234791, 0.13832943198, 0.046749313445, 0.093283565974, 0.061304865453, 0.0267849948, 0.005480039321, 0.0025792803107, 0.10525143147, 0.16200995286, 0.067905823857, 0, 0.1324764783, 0.1062641876, 0.030951280044, 0.39603184959, 0.35221333578, 0]
    ],
    [
      [2.7947670308, 0.56980859601, 0.85905417073, 3.478757493, 6.1028117126, 13.2703671296, 0.58765761171, 0.42587008447, 52.6078743128, 5.0101154503, 7.6831979124, 2.0144594933, 0.77668688688, 0, 2.8561951405, 6.9892495003, 2.1153256794, 1.1452987972, 2.5463059937, 7.1513559144, 3.1955232776, 3.1429188233, 3.3292523004, 10.6107623451, 3.575535781, 0, 0, 1.2715623815, 0.20030565245, 0.27815448091, 4.0010205033, 0, 0.43461925208, 0, 4.6299442593, 7.7285099713, 3.9847021529, 2.9412327461, 2.4691618123, 6.8761268414, 4.068689953, 1.5752506511, 6.2516551582, 4.660659802, 8.9664956104, 2.1759735678, 5.7660900167, 6.7948205437, 2.4889328681, 1.5824612927, 0.23073772801, 12.0320740304, 4.7991583243, 3.8227759733, 2.2643969922, 12.2226582707, 8.1730626634, 7.8421882572, 33.4369526679, 38.1284716928, 0],
      [7.064607771, 6.5257922499, 3.8932083211, 10.4833989172, 24.6166150372, 49.6434959066, 3.7788892795, 1.593034108, 147.4851925779, 28.0060862205, 31.2258315254, 1.9448241466, 1.0492163282, 0, 8.0811113, 18.8067034447, 7.8863740191, 1.0530559576, 1.7403348682, 29.9441489666, 11.0411221009, 6.7610584837, 6.7150911371, 40.0336675826, 13.0041588593, 0.49363947697, 0, 2.9462313231, 2.8565161158, 1.4986368481, 11.9368053958, 0, 1.547636181, 0, 21.6371563846, 32.7133895101, 10.8358109349, 18.5312307609, 7.5375909482, 24.4515086398, 8.7038395639, 5.357179283, 22.7825344469, 17.0530569308, 37.51097709, 11.1207360957, 17.5603744759, 24.0371088244, 7.8693603407, 0.34609125776, 0.57868240522, 32.3172086532, 31.3945773747, 16.3261547893, 0, 39.6266512047, 27.6101660338, 34.5100005204, 119.2665174539, 119.2838630898, 0],
      [5.3659957512, 0.807251281, 3.7568871818, 12.6212003378, 17.6605720875, 28.633191969, 0.87754963571, 0.20359931297, 90.4054827151, 12.7053229798, 16.6278753435, 2.7088843887, 1.8497492709, 0, 6.1576965152, 17.1238975466, 7.6470705611, 1.1817698488, 2.2775503857, 16.2257927683, 10.3257425377, 7.1850836238, 6.8145650106, 14.7845412123, 8.7093515844, 0.36875761939, 0, 0.78220629546, 0.72113927576, 0.25455798248, 3.6207554855, 0, 0.44110530646, 0, 10.0243331535, 14.4980526624, 7.5788236276, 5.600247136, 3.3472719106, 12.6879169959, 5.6726955577, 3.8607051444, 20.3067077974, 4.278336275, 17.9339136365, 2.0974171564, 11.3774096775, 7.7092205176, 6.3667363565, 0.64554409396, 2.0620798088, 28.5994957579, 8.8985360777, 9.6139783494, 0.73560300776, 19.0648780637, 17.2224543276, 17.9843378101, 60.5985112932, 56.4795673819, 0],
      [0.77462944694, 1.0971478731, 0.49085032643, 1.416643252, 8.6200011628, 11.4529449948, 0.75590347312, 0.77749649461, 44.5014503942, 8.2784753494, 5.4630952186, 0.33183197141, 0.32434751409, 0, 1.9049970444, 7.0801495084, 3.3512297404, 0.61987539643, 0.4358087524, 7.6787023507, 4.4376120839, 2.9109390692, 2.1410915519, 9.57102886, 3.7109537753, 0.13760290363, 0, 0, 1.222038956, 0.9686506885, 4.4414186154, 0, 1.5766392604, 0, 6.7085662025, 8.0600478562, 2.6006632845, 5.927289357, 1.6459753289, 6.9844475229, 3.5547749254, 1.2068649215, 7.6591025976, 5.0079469922, 9.588613663, 2.6058731802, 4.2961258299, 4.4588501144, 2.2749704346, 0.42590335561, 0.12850005796, 7.0512215585, 6.9077282232, 5.237090888, 0, 9.0858124609, 6.9943169753, 6.6634734123, 49.698018585, 37.1080978355, 0]
    ]
  ],
  "prob": [
    [0.03095019033, 0.86961682723, 0.032686865489, 0.066746116947],
    [0.024311674053, 0.033013140867, 0.93976188241, 0.002913302671],
    [0.4909199211, 0.14025638476, 0.36722932136, 0.0015943727731],
    [0.13720040598, 0.46762011574, 0.26145013277, 0.13372934552]
  ],
  "iterations": 177,
  "time": 0.023861,
  "message": "Converged",
  "status": 0,
  "miniter": 0,
  "maxiter": 1000,
  "maxtime": 3600,
  "param_threshold": 0.001,
  "ll_threshold": "-Inf",
  "initial_prob": "group_proportional",
  "adjust_prob_cond_method": "project_lp",
  "adjust_prob_cond_every": false,
  "candidates_id": ["GREENING, Tiri Toa ote Rangi Cornelius Thomas.c", "PABLA, Jesse.c", "COLLINS, Judith Anne.c", "Other candidates votes.c"],
  "group_id": ["Labour Party.p", "National Party.p", "New Zealand First Party.p", "Other parties votes.p"]
}
