{
  "Z_true": {},
  "V_true": [
    [3273, 413, 2996, 234],
    [1278, 207, 8150, 375],
    [694, 8103, 499, 287],
    [243, 258, 969, 219],
    [233, 506, 362, 472]
  ],
  "p_true": [
    [0.4733, 0.0597, 0.4332, 0.0338],
    [0.1277, 0.0207, 0.8142, 0.0375],
    [0.0724, 0.8456, 0.0521, 0.0299],
    [0.1439, 0.1528, 0.5737, 0.1297],
    [0.1481, 0.3217, 0.2301, 0.3001]
  ],
  "Z_est": [
    [
      [18.8219, 42.0121, 49.9619, 5.7324, 14.4602, 1.6728, 97.6067, 89.7781, 49.053, 40.1019, 53.7594, 68.9102, 196.745, 6.3702, 123.9263, 20.74, 142.0903, 6.3847, 49.3846, 86.2292, 33.5602, 45.4931, 26.8268, 188.1505, 184.74, 65.2024, 100.4986, 245.831, 171.936, 131.3661, 100.5724, 38.55, 116.9508, 85.2589, 93.6914, 105.6268, 66.7024, 76.6781, 2.4567, 10.1593, 6.0017, 11.3719, 50.2295, 65.4848, 111.5208, 56.4187, 144.7831, 46.8429, 579.7432, 13.0917, 135.8264, 544.7213, 110.8268],
      [0.2601, 0.5651, 0.0537, 0.0628, 0.1884, 0, 6.2933, 1.1032, 0.5561, 3.7102, 0.6548, 0.7803, 2.4397, 0.0807, 1.453, 0.6259, 0, 0.0718, 0.6368, 1.0673, 0.4305, 2.8301, 0, 2.3948, 2.2782, 0.8072, 1.2019, 0.3219, 0, 0, 3.5223, 0, 0.3533, 1.0943, 3.4559, 1.679, 0.8072, 0.9507, 0.0671, 0.1166, 0.0807, 0.1345, 0.583, 0.8341, 0, 1.6766, 1.7939, 1.7539, 7.4176, 0.1884, 1.767, 6.5027, 4.3396],
      [4.6032, 10, 15.2282, 1.1111, 3.3333, 0.3272, 37.4535, 23.5777, 9.8412, 13.3483, 11.5872, 14.2987, 54.9419, 1.9286, 27.3359, 4.4444, 45.3096, 1.2698, 11.2698, 18.8888, 7.619, 19.7711, 14.1601, 56.7324, 40.3173, 14.3009, 21.2697, 69.9713, 41.1348, 68.1593, 24.7787, 9.1958, 46.7795, 24.2854, 31.9974, 42.0104, 15.5379, 16.8253, 0.4762, 1.4553, 1.4286, 2.3809, 10.5804, 14.7618, 30.7314, 14.1677, 38.1556, 21.0613, 184.977, 3.3333, 47.4638, 115.0788, 27.9459],
      [5.3148, 10.4228, 6.7562, 0.0937, 3.0181, 0, 7.6465, 8.5409, 2.5497, 5.8396, 6.9986, 3.0107, 17.8734, 0.6205, 9.2847, 2.1896, 14.6001, 0.2737, 9.7088, 12.8147, 6.3902, 5.9057, 4.0131, 19.7224, 26.6646, 9.6895, 11.0298, 22.8757, 15.9293, 10.4746, 11.1266, 4.2542, 11.9165, 11.3614, 7.8553, 8.6838, 6.9524, 11.5458, 0, 1.2688, 1.489, 1.1127, 3.6071, 11.9192, 5.7477, 2.737, 15.2674, 6.3419, 54.8622, 4.3866, 11.9428, 58.6972, 12.8878]
    ],
    [
      [7.5733, 17.7875, 0.643, 2.2423, 3.7645, 0.0744, 0, 1.8642, 11.862, 1.2296, 5.1353, 2.8488, 6.5247, 0.3768, 3.0541, 1.8328, 4.3761, 0.2747, 16.1936, 13.2018, 8.2073, 1.2494, 0.7933, 3.4184, 35.0402, 0, 14.3005, 8.3661, 6.3859, 3.8276, 0, 2.302, 0, 0, 1.8195, 0, 2.8955, 2.7195, 0.2578, 0.1587, 1.5211, 2.9659, 1.7332, 2.0545, 1.5469, 1.7112, 5.0246, 1.1899, 7.5127, 6.1356, 0.6332, 87.5464, 2.5385],
      [4.7999, 0, 0, 0, 0, 0, 2.2709, 0.9152, 0, 0.6036, 0.5203, 0, 3.2032, 0, 1.4994, 1.0275, 0, 0.0974, 0, 2.5542, 0, 0.6134, 0, 4.565, 21.5489, 0.2361, 2.8261, 0, 0, 1.1602, 3.6516, 0.281, 0, 1.3503, 1.4507, 1.8304, 1.4215, 18.3607, 0.6675, 0.0779, 0.0581, 0, 0.7497, 3.1495, 0.7594, 5.1438, 5.8612, 0.5842, 7.7829, 3.489, 0.8735, 7.8085, 1.2462],
      [112.9421, 437.2125, 99.4075, 21.1789, 65.8167, 1.9256, 147.7291, 90.5027, 78.138, 59.6933, 111.0821, 117.1512, 316.7595, 18.4781, 148.2704, 39.1397, 142.4936, 9.6279, 289.4947, 350.0614, 100.2411, 60.6561, 38.9012, 259.9546, 478.2946, 173.0713, 258.8735, 364.4924, 313.4373, 186.0807, 324.3484, 98.1961, 223.2817, 212.0483, 144.5919, 184.856, 140.5681, 234.2506, 12.0747, 7.7024, 9.5467, 26.0341, 74.1352, 169.4519, 75.098, 135.145, 440.2408, 57.7677, 938.2163, 65.6127, 210.124, 700.5203, 123.2377],
      [0.6847, 0, 2.9495, 3.5788, 1.4188, 0, 0, 0.7179, 0, 0.4735, 4.2623, 0, 2.5125, 0.1451, 1.1761, 0, 1.1303, 0, 0.3117, 2.1825, 3.5515, 0.4811, 0.3055, 2.062, 4.1163, 2.6927, 0, 6.1415, 2.1768, 1.9315, 0, 1.2209, 1.7183, 4.6014, 1.1379, 1.3136, 1.115, 1.6691, 0, 0.0611, 2.874, 0, 0.3819, 1.3441, 0.5957, 0, 0.8733, 0.4582, 7.488, 1.7628, 1.3693, 6.1248, 0.9775]
    ],
    [
      [1.2036, 2.0358, 0.4994, 0.2049, 1.19, 0.7722, 0, 1.6133, 3.8026, 0.717, 0.9347, 2.8155, 6.0194, 0.253, 4.7818, 0.7403, 1.8694, 0.7557, 2.2407, 4.3153, 1.4084, 0.9475, 0.4481, 0, 7.0806, 1.4404, 3.918, 2.8297, 6.3501, 1.895, 0, 0.4353, 1.0627, 1.4597, 0, 0, 1.6423, 1.7797, 0.0768, 3.4811, 4.0877, 1.1702, 4.6872, 0, 5.3359, 1.5365, 0, 0.8323, 11.7668, 0.6658, 2.6376, 20.889, 1.4084],
      [90.4494, 150.7481, 37.1489, 12.3317, 22.7879, 0.9301, 147.6992, 116.6006, 78.752, 53.8847, 69.5352, 84.4359, 311.6719, 9.9193, 154.8481, 31.7535, 130.7735, 12.6354, 164.0039, 272.8315, 101.0955, 71.2048, 30.7825, 718.2286, 539.8694, 142.8243, 300.8991, 208.5493, 166.8445, 138.5238, 173.2009, 27.5547, 79.5508, 109.5698, 259.7557, 320.7212, 196.0436, 133.7496, 5.8311, 30.5495, 5.5116, 22.0842, 94.7407, 304.5449, 105.7787, 116.6228, 473.2702, 62.5448, 869.4973, 50.0358, 194.2613, 924.9543, 105.845],
      [1.4419, 5.7779, 0.9762, 1.6232, 1.2508, 0.2977, 2.3008, 3.6726, 5.4454, 0.859, 1.8272, 3.7487, 18.5445, 3.5933, 2.0699, 0.5062, 9.5381, 0.6089, 7.0702, 9.0703, 5.6952, 1.1351, 3.4323, 13.9243, 0, 6.2716, 1.1829, 7.4929, 10.0239, 6.156, 6.7991, 3.7182, 1.5872, 1.8728, 18.3758, 13.2788, 7.7261, 2.1321, 0.092, 0.9733, 0.3044, 0.7456, 11.5721, 2.5641, 7.9067, 1.8407, 28.7298, 0.997, 28.8863, 0.7976, 7.1174, 36.2937, 1.6873],
      [0.9052, 0.4382, 0.3756, 1.8402, 0.7713, 0, 0, 4.1135, 0, 0.5393, 0.703, 0, 2.7642, 0.2344, 1.3002, 0, 3.819, 0, 1.6852, 2.783, 1.801, 0.7126, 0.337, 0.8471, 6.05, 1.4637, 0, 2.1282, 1.7815, 1.4252, 0, 2.2918, 0.7993, 1.0978, 0.8685, 0, 0.588, 1.3385, 0, 0.996, 0.0963, 0, 0, 2.891, 0.9787, 0, 0, 0.6259, 8.8496, 0.5007, 1.9837, 30.863, 1.0593]
    ],
    [
      [2.031, 5.1452, 1.0832, 0.5416, 0.6093, 0.4806, 1.4894, 0.677, 0.6093, 0.7447, 1.2186, 2.637, 3.1819, 0, 2.031, 2.6652, 0.9478, 0, 3.8589, 4.3738, 1.1509, 1.2186, 0.677, 4.6713, 6.5669, 1.8956, 4.1482, 4.4682, 4.3328, 1.2863, 4.062, 1.0155, 2.6403, 2.0987, 1.4217, 2.1664, 1.6925, 3.385, 0.1509, 0.9221, 1.3894, 1.1283, 0.677, 9.2779, 1.6925, 1.1509, 4.9421, 0.8801, 9.2749, 1.0155, 2.3018, 6.9054, 0.8801],
      [5.1086, 5.3125, 1.1184, 0.5592, 0.6291, 0.0699, 1.5378, 0.699, 0.6291, 0.7689, 1.2582, 1.4679, 3.2854, 0, 2.097, 0.7689, 0.9786, 0, 3.9844, 3.9844, 1.1883, 1.2582, 0.699, 4.8232, 6.7804, 1.9572, 5.0113, 4.6135, 4.4737, 1.3281, 6.5995, 1.0485, 2.7262, 2.1669, 1.4679, 2.2368, 1.882, 3.4951, 0.3406, 0.2097, 0.3495, 0.4194, 0.699, 13.6513, 1.7475, 1.1883, 5.1028, 1.2594, 9.5765, 2.3872, 2.3766, 7.1299, 0.9087],
      [19.6163, 57.3237, 12.0681, 3.8564, 6.7883, 0.4495, 16.5937, 7.5426, 6.7883, 8.2969, 13.5767, 15.8394, 35.4502, 0, 22.6278, 6.3763, 10.5596, 0, 42.9928, 42.4779, 12.8224, 13.5767, 7.5426, 52.0439, 73.1632, 21.1193, 42.5684, 49.7811, 48.2726, 14.3309, 42.8502, 11.3139, 29.4161, 23.382, 15.8394, 24.1363, 18.722, 37.713, 1.5085, 1.5438, 2.7203, 3.8034, 7.5426, 37.7173, 18.8565, 12.8224, 55.0609, 9.4547, 103.3335, 9.9752, 25.6448, 76.9345, 9.8054],
      [3.2442, 8.2186, 1.7302, 3.0428, 0.9733, 0, 2.3791, 1.0814, 0.9733, 1.1895, 1.9465, 1.0556, 5.0826, 0, 3.2442, 1.1895, 1.514, 0, 6.164, 6.164, 1.8384, 1.9465, 1.0814, 7.4616, 10.4895, 3.0279, 6.2721, 7.1372, 6.9209, 2.0547, 6.4884, 1.6221, 4.2174, 3.3523, 2.2709, 3.4605, 2.7035, 5.407, 0, 0.3244, 0.5407, 0.6488, 1.0814, 7.3535, 2.7035, 1.8384, 7.8942, 1.4058, 14.8151, 1.6221, 3.6767, 11.0302, 1.4058]
    ],
    [
      [2.3702, 5.0193, 1.8125, 0.2789, 0.976, 0, 3.9039, 3.0674, 1.6731, 3.2068, 1.952, 2.7885, 7.529, 0, 3.2068, 3.0217, 5.7165, 0.5849, 4.3222, 4.8799, 1.6731, 2.0914, 1.2548, 9.7598, 11.5724, 4.4616, 6.1348, 8.505, 5.9953, 3.6251, 8.3656, 0.6971, 3.3462, 4.1828, 3.0674, 3.2068, 3.0674, 5.4376, 1.0577, 0.2789, 0, 1.3637, 1.6731, 4.1828, 3.9039, 4.1828, 7.2502, 1.2548, 23.7024, 2.0914, 4.6011, 19.9379, 3.3462],
      [1.3821, 2.3744, 0.6789, 0.0463, 0.3947, 0, 2.1988, 1.682, 1.0628, 4.0325, 1.0316, 1.3159, 4.3998, 0, 2.1025, 1.8241, 2.2479, 0.1954, 2.3749, 3.5626, 1.2857, 1.0935, 0.5185, 8.9884, 7.5231, 2.1752, 4.0617, 3.5153, 2.6818, 1.9878, 4.0257, 0.1158, 1.3697, 1.8187, 0.8697, 0.5325, 1.8456, 2.4438, 2.0937, 0.0463, 0, 0.3618, 1.2275, 0.8201, 1.7143, 4.3684, 5.9719, 0.8577, 12.7257, 0.8997, 2.7216, 12.6045, 1.6604],
      [5.3966, 12.686, 3.32, 0.2304, 1.8108, 0, 10.9228, 6.7044, 4.7871, 6.8026, 2.9268, 8.962, 18.3038, 0, 6.6959, 4.5333, 15.0991, 1.4933, 10.1726, 9.5016, 1.6223, 4.861, 2.9637, 22.3449, 26.225, 11.2369, 16.1055, 20.2624, 14.1314, 8.2731, 25.2236, 0.576, 6.9356, 9.4115, 8.1955, 8.7185, 7.4459, 14.079, 0.8486, 0.3252, 0, 2.036, 4.1697, 9.5049, 11.4074, 16.0242, 16.8128, 1.7193, 59.5869, 5.2812, 10.6499, 38.1728, 7.3237],
      [7.8511, 15.9203, 7.1885, 1.4444, 3.8185, 0, 10.9744, 10.5463, 4.477, 8.9581, 8.0896, 6.9337, 23.7673, 0, 10.9948, 4.6209, 17.9366, 0.7263, 14.1303, 17.0559, 7.4189, 6.9541, 4.263, 28.9069, 37.6796, 14.1263, 17.6981, 28.7174, 20.1915, 12.1141, 22.3851, 3.6111, 12.3485, 14.587, 9.8674, 10.5422, 9.6411, 17.0396, 0, 1.3496, 0, 2.2385, 4.9296, 15.4922, 10.9744, 5.4246, 21.9651, 5.1682, 73.985, 6.7278, 15.0274, 72.2848, 11.6696]
    ]
  ],
  "V_est": [
    [4930.8552, 69.9864, 1388.9428, 526.2156],
    [314.7149, 115.039, 9498.1565, 82.0896],
    [128.0371, 9038.7813, 321.535, 94.6466],
    [125.812, 135.3601, 1244.5423, 183.2857],
    [221.5808, 127.8332, 522.8234, 700.7626]
  ],
  "p_est": [
    [0.713, 0.0101, 0.2008, 0.0761],
    [0.0314, 0.0115, 0.9489, 0.0082],
    [0.0134, 0.9432, 0.0336, 0.0099],
    [0.0745, 0.0801, 0.7369, 0.1085],
    [0.1409, 0.0813, 0.3324, 0.4455]
  ],
  "EI_Z": {},
  "EI_V": 16.4561,
  "MAE_Z": {},
  "MAE_V": 489.9137,
  "MAE_p": 0.0925,
  "runtime": 1.424
}
