{
  "Z_true": {},
  "V_true": [
    [29, 25, 454, 265, 431],
    [22, 890, 61, 897, 171],
    [162, 353, 87, 14715, 692],
    [88, 78, 3303, 573, 301],
    [209, 100, 539, 1067, 606],
    [13, 13, 17, 719, 406],
    [951, 30, 305, 924, 179],
    [58, 68, 154, 624, 761]
  ],
  "p_true": [
    [0.0241, 0.0208, 0.3771, 0.2201, 0.358],
    [0.0108, 0.4361, 0.0299, 0.4395, 0.0838],
    [0.0101, 0.0221, 0.0054, 0.9192, 0.0432],
    [0.0203, 0.018, 0.7605, 0.1319, 0.0693],
    [0.0829, 0.0397, 0.2138, 0.4232, 0.2404],
    [0.0111, 0.0111, 0.0146, 0.6156, 0.3476],
    [0.3981, 0.0126, 0.1277, 0.3868, 0.0749],
    [0.0348, 0.0408, 0.0925, 0.3748, 0.4571]
  ],
  "Z_est": [
    [
      [0, 0, 0, 0, 0, 0, 0, 0, 0, 0, 0, 0, 0, 0, 0, 0, 0, 0, 0, 0, 0, 0, 0, 0, 0, 0, 0, 0, 0, 0, 0, 0, 0, 0, 0, 0, 0, 0, 0, 0, 0, 0, 0, 0, 0, 0, 0, 0, 0, 0, 0, 0, 0],
      [0.012, 0.0147, 0.0049, 0.0158, 0.012, 0.0155, 0.0205, 0.019, 0.0152, 0.0221, 0.007, 0.0769, 0.0057, 0.0196, 0.0033, 0.0013, 0.0038, 0.0153, 0.0213, 0.0155, 0.0041, 0.0032, 0.0025, 0.0057, 0.0025, 0.009, 0.0065, 0.007, 0.036, 0.0147, 0.0051, 0.019, 0.0188, 0.0221, 0.3535, 0.0367, 0.024, 0.009, 0.0098, 0.0139, 0.1107, 0.0115, 0.0074, 0.0074, 0.0065, 0.0082, 0.0008, 0, 0.0008, 0.0516, 0.0033, 0.1171, 0.0041],
      [4.3509, 8.0145, 2.6715, 14.6933, 17.8101, 8.4598, 9.0437, 7.4488, 17.3648, 11.8766, 4.4537, 41.8537, 6.6854, 35.6201, 1.781, 0.4358, 1.3351, 7.124, 11.5765, 8.4598, 2.2263, 0.4358, 0.4434, 2.6178, 1.3358, 4.8269, 3.562, 9.5885, 19.5911, 8.0145, 7.1565, 15.5838, 8.172, 13.0642, 5.1924, 35.9568, 21.3823, 4.8978, 5.3592, 7.5693, 36.7669, 6.2335, 4.0073, 4.0073, 3.562, 4.4525, 0.4453, 0, 0.4453, 28.0509, 1.781, 41.8135, 2.2335],
      [5.4823, 9.8681, 3.2894, 18.136, 21.9498, 10.4163, 15.7717, 8.441, 21.3809, 14.9638, 5.4823, 51.5334, 8.2234, 43.9041, 2.1929, 0.561, 1.644, 8.7716, 14.2539, 10.4163, 2.7411, 0.5482, 0.5482, 3.2894, 1.6447, 6.0305, 4.3858, 10.2905, 24.122, 9.8681, 12.061, 19.1976, 14.678, 13.7125, 4.3971, 38.6659, 26.3149, 6.0305, 6.5787, 9.3199, 50.6206, 7.6757, 4.9341, 4.9341, 4.3858, 5.4823, 0.5482, 0, 0.5482, 34.5384, 2.1929, 51.5334, 2.7411],
      [0.1548, 0.1026, 0.0342, 0.1548, 0.2281, 0.1083, 0.1642, 0.0912, 0.2391, 0.1374, 0.057, 0.536, 0.0855, 0.4562, 0.0228, 0.0019, 0.0171, 0.089, 0.1482, 0.1083, 0.0285, 0.0128, 0.0058, 0.0871, 0.0171, 0.1335, 0.0456, 0.114, 0.2509, 0.1026, 2.7774, 0.1996, 0.1311, 0.2013, 0.057, 0.3406, 0.2787, 0.0627, 0.0523, 0.0969, 0.5018, 0.0794, 0.0513, 0.0513, 0.0456, 0.057, 0.0057, 0, 0.0057, 0.3592, 0.0228, 0.536, 0.0213]
    ],
    [
      [0.1298, 0.3066, 0.1415, 0.3931, 0.4088, 0.1652, 0.177, 0.173, 0.2065, 0.1475, 0.0944, 0.2951, 0.2097, 0.5189, 0.8828, 0, 0.0236, 0.1298, 0.1357, 0.2594, 0.0708, 0.0265, 0.0157, 0.059, 0.0885, 0.0885, 0.0472, 0.1337, 0.5582, 0.3302, 0.1887, 0.4481, 0.3305, 0.4721, 0.0354, 0.8255, 0.5346, 0.0472, 0.0708, 0.0708, 0.5503, 4.0142, 0.0649, 0.0826, 0.0944, 0.9122, 0.0354, 0, 0.0079, 0.3145, 0.0629, 1.434, 0.0236],
      [16.5044, 40.854, 21.2853, 22.5002, 17.1001, 19.3716, 20.5974, 25.961, 21.6002, 17.1645, 9.9001, 36.8683, 8.1001, 27.9002, 3.7175, 1.7029, 2.9418, 15.2555, 16.3967, 23.4011, 17.7433, 3.8452, 3.2, 7.7713, 9.1093, 11.6578, 6.1852, 10.0426, 139.5011, 35.1003, 7.2001, 27.0002, 37.8174, 51.5534, 4.5052, 52.2004, 34.2003, 6.1286, 8.239, 9.295, 163.5186, 45.4489, 7.2001, 9.6121, 10.9853, 10.8001, 2.7071, 0, 2.7621, 47.7386, 18.0001, 167.5447, 13.1903],
      [0, 0.53, 0.5288, 1.6597, 1.7868, 0.5896, 0.7896, 0.7643, 0.9212, 0.658, 0.7097, 0, 0.3159, 1.8404, 0.2369, 0.0437, 0.0874, 0.5791, 0, 0.9476, 0.3167, 0.0437, 0.0328, 0, 0.3948, 0, 0.2369, 1.6121, 4.9221, 0, 0.5264, 7.2397, 1.474, 4.4586, 0.1579, 5.1972, 2.5878, 0.0889, 0.3159, 0.0312, 2.9591, 8.2546, 0.306, 0.3685, 0.4211, 0.5527, 0.1579, 0, 0.1053, 8.0136, 0.6844, 5.6905, 0.7896],
      [0.5937, 3.7284, 1.9285, 5.2043, 4.1968, 1.7999, 1.9285, 0.7361, 2.2499, 1.6071, 1.0285, 1.9909, 0.7714, 5.7625, 1.8263, 0.1286, 0.0796, 1.4142, 1.4785, 3.583, 0, 0, 0, 0.0006, 0.9642, 0, 0.5785, 1.0928, 12.0208, 2.8284, 1.2856, 16.9957, 4.2309, 5.1426, 0, 5.2069, 7.7038, 0, 0.7714, 0, 33.8044, 5.8549, 0.6831, 0.9, 1.0285, 1.8701, 0.5985, 0, 0.2571, 5.014, 1.6128, 15.6206, 14.2241],
      [4.7721, 12.581, 6.116, 8.2427, 6.5074, 6.0736, 6.5074, 6.3656, 10.0222, 5.4229, 4.2672, 10.8457, 2.603, 9.9781, 2.3365, 0.1248, 0.8677, 4.6214, 4.989, 7.8089, 3.8693, 1.0846, 0.7515, 2.1691, 4.4432, 3.2537, 1.9522, 4.1189, 29.9978, 5.7411, 10.7992, 14.3163, 12.1472, 18.3733, 1.3015, 17.5701, 17.9735, 1.7353, 2.603, 2.603, 40.1676, 5.4274, 2.7459, 3.0368, 3.4706, 6.8649, 2.501, 0, 0.8677, 16.9193, 5.6398, 52.7102, 1.7724]
    ],
    [
      [0.4885, 0.63, 0.5318, 0.8077, 0.6338, 1.7717, 0.5277, 0.3169, 0.6369, 0.4523, 0.2149, 1.1308, 0.6068, 0.8843, 0.0356, 0, 0.6555, 0.3069, 0.4523, 0.4607, 0.584, 0.0893, 0.8146, 2.1836, 4.5173, 0.3618, 0.0969, 0.1221, 1.147, 0.6785, 0.1902, 0.9208, 0.4685, 0.4846, 0.1131, 1.6962, 0.9137, 0.2262, 0.1777, 0.3069, 1.1308, 0.3716, 0.1454, 3.2076, 0.3392, 0.4039, 0.0646, 0, 0.0162, 0.6462, 0.1292, 1.7932, 0.0485],
      [1.3203, 5.3262, 1.4373, 1.074, 0.8162, 3.2388, 3.6731, 1.2888, 1.031, 1.5, 0.4726, 2.7534, 0.3866, 1.3317, 0.0961, 0.2075, 0.2578, 3.2957, 1.3161, 1.117, 1.3976, 0.9093, 0.5591, 0.6476, 0.4296, 1.432, 2.4642, 0.3301, 6.6587, 1.6754, 0.3437, 1.2888, 1.6002, 1.4206, 0.2578, 2.4917, 1.6325, 0.3007, 0.9068, 0.7145, 3.7938, 0.8565, 0.3437, 11.0751, 4.7059, 0.5155, 0.1289, 0, 0.5641, 2.2769, 0.8686, 7.9475, 0.2674],
      [0.5713, 1.208, 1.7258, 2.4813, 2.0569, 0.8815, 1.4715, 1.1427, 2.0669, 0, 1.0611, 3.3061, 2.1511, 2.8696, 0, 0.1254, 0.1306, 1.6814, 0, 0.8287, 3.4014, 0.0653, 0.049, 0.3428, 0.4244, 0.4897, 1.4625, 0.7853, 4.6406, 1.4528, 0, 2.2275, 1.2243, 2.0405, 0.653, 22.401, 2.965, 0.291, 4.0467, 0.8579, 0, 1.0285, 4.1853, 1.0636, 2.3606, 0.6856, 0.0979, 0, 5.7194, 14.7293, 0.8529, 1.2309, 0.555],
      [283.6922, 622.116, 327.7984, 448.3138, 391.1431, 262.0908, 547.1885, 189.4065, 379.9336, 338.9258, 128.3181, 616.5867, 209.8592, 541.726, 21.4523, 24.4086, 9.0568, 235.975, 297.1021, 283.8992, 122.7509, 22.8013, 9.8116, 136.6074, 94.3639, 205.4456, 139.5535, 70.2289, 864.871, 366.2846, 112.3603, 415.3967, 363.0285, 309.5094, 34.4661, 882.4891, 551.2302, 51.5669, 191.2005, 159.1664, 851.7267, 192.2787, 77.7379, 180.9172, 241.7089, 215.3569, 35.4114, 0, 107.1563, 692.8485, 155.243, 768.361, 60.3215],
      [29.9277, 37.7198, 12.5067, 20.3232, 15.3499, 13.0172, 33.1391, 12.8451, 28.3315, 18.1219, 8.9334, 35.2229, 11.9962, 25.1883, 1.4161, 0.2586, 1.8993, 11.741, 16.1295, 11.6945, 10.8661, 2.1348, 0.7657, 15.2186, 8.2647, 26.2709, 8.4229, 7.5335, 47.6827, 19.9086, 10.1059, 24.1662, 16.6785, 26.5448, 2.5101, 44.922, 34.2587, 5.6153, 7.6682, 9.9543, 51.3487, 10.4648, 6.5877, 15.7365, 16.8853, 14.0381, 2.2971, 0, 21.544, 36.4991, 12.9063, 64.6674, 2.8076]
    ],
    [
      [0.0648, 0.1049, 0.0583, 0.162, 0.1685, 0.0972, 0.0857, 0.0663, 0.2138, 0.0907, 0.0551, 0.2268, 0.1102, 0.2138, 0.0539, 0, 0.6956, 0.0616, 0.0907, 0.1069, 0.0292, 0.0476, 0.0034, 1.9861, 0.7345, 0.0616, 0.0194, 0.0551, 0.1977, 0.1361, 0.0778, 0.1847, 0.072, 0.0972, 0.0389, 0.3402, 0.2203, 0.1082, 0.0356, 0.0663, 0.2268, 0.0745, 0.0292, 0.1037, 0.0549, 0.081, 0.1363, 0, 0.0032, 0.1296, 0.0259, 0.3597, 0.0097],
      [0.5967, 1.5389, 0.7538, 0.7852, 0.5967, 0.7538, 0.8445, 0.9422, 0.7538, 6.6124, 0.3455, 3.8986, 0.2827, 0.9736, 0.1256, 0.0628, 2.7866, 8.4583, 1.0788, 0.8166, 0.6281, 0.157, 0.1942, 0.2827, 0.3141, 0.4397, 0.3265, 0.3455, 4.8681, 1.2348, 0.2513, 0.9422, 0.7094, 1.126, 0.7282, 1.8216, 1.1935, 0.349, 0.4616, 2.3244, 5.4962, 0.4092, 0.2513, 0.691, 0.5405, 0.3769, 0.0942, 0, 0.4954, 1.6646, 0.6281, 5.8103, 0.4397],
      [25.489, 53.8911, 32.7716, 113.8516, 146.8521, 35.4755, 60.4454, 47.8519, 111.1337, 79.3801, 47.3367, 267.3039, 73.6358, 202.9529, 8.1603, 3.1315, 6.2598, 79.8161, 67.7279, 69.1845, 19.8003, 2.9175, 2.2847, 15.2934, 21.5292, 21.8477, 24.4055, 64.0867, 142.7271, 69.0366, 38.5976, 75.9152, 51.9757, 91.0322, 30.4213, 226.3644, 172.7684, 23.9522, 34.191, 45.8802, 197.3578, 32.1755, 21.917, 33.8255, 39.6006, 30.9369, 4.7608, 0, 36.3005, 151.4276, 20.3912, 231.5859, 28.0504],
      [4.601, 10.4577, 9.4088, 18.8314, 26.286, 4.7552, 9.2547, 6.5522, 13.441, 19.0386, 4.2176, 38.2237, 9.4041, 36.1789, 1.2142, 0.751, 0.6188, 12.1514, 10.3998, 17.3962, 2.4717, 0.5899, 0.3538, 2.9494, 3.3033, 3.8932, 3.4213, 2.7452, 20.4096, 18.3319, 5.6628, 10.8536, 7.4324, 2.0639, 1.2949, 29.8602, 24.5387, 2.2652, 4.8369, 5.5421, 35.23, 4.601, 2.6008, 4.5508, 5.6628, 4.601, 1.3283, 0, 4.9613, 18.6342, 2.8395, 30.66, 4.8993],
      [8.2485, 7.0074, 2.0075, 4.3698, 4.0967, 1.9183, 4.3698, 2.5874, 7.4577, 3.8782, 2.0451, 14.3471, 2.5673, 5.6807, 0.4461, 0.0546, 1.6392, 2.5126, 3.7027, 3.4958, 1.0707, 1.288, 0.1639, 4.4885, 2.119, 6.7579, 0.8273, 2.7676, 4.7976, 4.2606, 3.4106, 4.1042, 2.8105, 5.6807, 1.5168, 9.6136, 9.2791, 4.3254, 1.4748, 4.187, 11.6892, 1.7398, 1.2017, 1.8291, 2.1413, 3.0042, 0.6804, 0, 2.2395, 5.144, 1.1153, 14.5842, 0.6008]
    ],
    [
      [0.9154, 1.785, 0.8238, 2.2885, 2.38, 1.3731, 1.3273, 1.0069, 1.8913, 1.2815, 0.7923, 3.2038, 1.5562, 3.0208, 0.0278, 0, 0, 0.8696, 1.2794, 1.196, 0.4728, 0.0556, 0.0556, 0.6953, 0.2503, 0.8757, 0.2746, 0.7305, 3.2496, 1.9223, 0.6119, 2.6088, 1.7801, 1.8635, 0.3204, 4.8058, 2.1695, 0.6408, 0.5035, 1.0847, 3.2038, 1.0527, 0.3338, 1.4646, 0.9612, 1.1442, 0.1831, 0, 0.0458, 1.8308, 0.3662, 5.0804, 0.0834],
      [0.2861, 0.5333, 0.2527, 0.2632, 0.2001, 0.2731, 0.3707, 0.3159, 0.2527, 3.1448, 0.1158, 1.2231, 0.0948, 0.3264, 0.0065, 0.0211, 0, 0.3159, 0.2992, 0.2738, 0.1106, 0.013, 0.0421, 0.1626, 0.0585, 0.2146, 0.1676, 0.1158, 1.8979, 0.4107, 0.0842, 0.3159, 0.4317, 0.4357, 0.0632, 0.6107, 0.4001, 0.1041, 0.1886, 0.3894, 0.956, 0.2406, 0.078, 0.2666, 0.4175, 0.1264, 0.026, 0, 0.1079, 0.5581, 0.2106, 1.948, 0.0195],
      [1.6141, 3.4127, 2.6513, 6.3963, 6.3903, 3.7802, 3.8278, 3.4202, 6.1203, 6.3579, 2.9977, 11.6105, 5.91, 8.7304, 0.09, 0.2534, 0, 4.6986, 4.1402, 3.8702, 1.5301, 0.18, 0.18, 0.9685, 0.81, 0.2315, 1.6712, 4.0584, 13.5006, 3.9938, 1.9801, 5.8503, 5.2796, 6.0303, 1.8447, 15.2189, 7.0203, 1.4401, 2.6101, 3.5102, 12.2672, 3.3302, 1.0801, 3.6902, 3.9602, 3.028, 0.2767, 0, 1.6201, 21.647, 1.887, 13.0506, 0.27],
      [28.5009, 54.0998, 24.3341, 46.092, 46.1398, 27.2054, 36.9216, 24.5956, 41.7536, 48.6731, 18.4841, 83.5594, 29.7964, 63.8859, 0.6477, 2.3937, 0, 25.6639, 29.7964, 27.859, 11.0117, 1.2955, 1.2362, 15.8836, 5.8297, 21.3757, 11.0117, 8.7492, 97.1621, 32.3874, 13.6191, 42.1036, 42.4252, 41.8224, 4.6657, 100.4008, 50.5243, 10.1682, 19.8921, 24.9906, 97.067, 23.9666, 7.773, 26.2334, 28.5009, 23.3189, 2.591, 0, 11.0604, 86.7981, 14.2504, 86.9971, 1.9432],
      [12.6835, 22.1692, 7.938, 12.96, 15.8898, 9.3682, 14.5526, 8.6614, 17.9821, 11.5427, 6.61, 29.4032, 8.6427, 21.0365, 0.2279, 0.3318, 0, 7.452, 10.4849, 9.8011, 3.8748, 0.4559, 0.486, 7.29, 2.0514, 10.3025, 3.8748, 5.346, 34.1898, 11.2859, 5.7047, 14.1214, 14.0833, 16.8481, 2.106, 33.9638, 17.8858, 3.6469, 5.8057, 9.0251, 33.506, 8.4099, 2.7352, 9.3452, 10.1603, 8.3825, 0.9232, 0, 5.1659, 23.1661, 5.2858, 37.9239, 0.6838]
    ],
    [
      [0, 0, 0, 0, 0, 0, 0, 0, 0, 0, 0, 0, 0, 0, 0, 0, 0, 0, 0, 0, 0, 0, 0, 0, 0, 0, 0, 0, 0, 0, 0, 0, 0, 0, 0, 0, 0, 0, 0, 0, 0, 0, 0, 0, 0, 0, 0, 0, 0, 0, 0, 0, 0],
      [0, 0, 0, 0, 0, 0, 0, 0, 0, 0, 0, 0, 0, 0, 0, 0, 0, 0, 0, 0, 0, 0, 0, 0, 0, 0, 0, 0, 0, 0, 0, 0, 0, 0, 0, 0, 0, 0, 0, 0, 0, 0, 0, 0, 0, 0, 0, 0, 0, 0, 0, 0, 0],
      [0, 0, 0, 0, 0, 0, 0, 0, 0, 0, 0, 0, 0, 0, 0, 0, 0, 0, 0, 0, 0, 0, 0, 0, 0, 0, 0, 0, 0, 0, 0, 0, 0, 0, 0, 0, 0, 0, 0, 0, 0, 0, 0, 0, 0, 0, 0, 0, 0, 0, 0, 0, 0],
      [20.4334, 44.1624, 15.7213, 21.0206, 20.5818, 12.5237, 24.3882, 2.6366, 15.8194, 9.228, 4.614, 17.7968, 7.2505, 22.4108, 0.6591, 0, 0, 9.8871, 15.1602, 17.7968, 7.9097, 0, 0.6591, 16.4785, 4.5529, 20.4334, 13.842, 4.1249, 67.8915, 27.6839, 6.4208, 24.3882, 23.0699, 15.9937, 0.6591, 30.3205, 27.6839, 0, 7.9695, 2.6366, 41.5259, 9.3981, 0.6591, 8.5688, 16.4785, 15.8194, 1.3183, 0, 5.2145, 36.9119, 7.2505, 41.0154, 1.3183],
      [10.5666, 22.8376, 6.2787, 8.9794, 8.4182, 6.4763, 12.6118, 1.3634, 8.1806, 4.772, 2.386, 9.2032, 3.7495, 11.5892, 0.3409, 0, 0, 5.1129, 7.8398, 9.2032, 4.0903, 0, 0.3409, 8.5215, 2.4471, 10.5666, 7.158, 2.8751, 35.1085, 14.3161, 5.5792, 12.6118, 11.9301, 10.0063, 0.3409, 15.6795, 14.3161, 0, 3.0305, 1.3634, 21.4741, 4.6019, 0.3409, 4.4312, 8.5215, 8.1806, 0.6817, 0, 3.7855, 19.0881, 3.7495, 21.9846, 0.6817]
    ],
    [
      [16.0608, 31.3814, 13.1879, 40.8184, 42.6574, 24.0668, 23.6747, 17.9601, 57.3928, 22.8583, 14.215, 59.4443, 27.7565, 55.8666, 4.8982, 0, 0.5235, 15.511, 23.3958, 27.2115, 6.5202, 2.4491, 0, 6.6381, 4.1881, 15.511, 4.8982, 14.6356, 57.5866, 34.2875, 20.8961, 46.533, 22.0746, 23.6757, 5.5763, 85.7187, 57.1398, 11.4292, 9.2964, 15.3697, 57.1458, 15.8587, 7.3473, 26.1238, 17.922, 19.7874, 3.2655, 0, 0.8164, 32.6547, 6.5309, 90.0556, 2.4491],
      [0.2325, 0.5995, 0.1993, 0.3059, 0.2325, 0.2936, 0.4146, 1.0164, 0.2936, 0.4625, 0.1346, 1.063, 0.1101, 0.3793, 0.0489, 0, 0.008, 2.3375, 0.8337, 0.3181, 0.0718, 0.0612, 0, 0.1101, 0.0638, 0.2073, 0.1223, 0.1346, 0.8771, 0.4772, 0.0979, 0.367, 0.3349, 0.3588, 0.0734, 0.7096, 0.4649, 0.0856, 0.1754, 0.2233, 0.9329, 0, 0.0979, 0.3269, 0.311, 0.1462, 0.0367, 0, 0.0489, 0.5582, 0.2447, 1.22, 0.0478],
      [2.8551, 6.3644, 4.3281, 12.3987, 16.6497, 4.629, 7.1385, 8.6593, 19.8379, 10.2732, 8.2191, 27.3607, 7.9706, 22.4416, 0.7218, 0, 0.1771, 8.8586, 9.2929, 11.3359, 1.5941, 0.344, 0, 1.7541, 1.417, 2.5802, 2.7742, 7.5685, 19.4837, 6.1982, 4.5583, 13.6386, 6.4505, 7.9706, 1.5941, 23.7346, 29.5207, 1.2191, 4.3863, 4.9595, 20.7235, 4.8163, 3.0102, 6.9441, 7.934, 2.2008, 0.2409, 0, 0.7085, 16.39, 2.3026, 23.5426, 1.7547],
      [4.5004, 11.2533, 5.0238, 14.0667, 29.8922, 7.6125, 15.353, 7.8371, 22.4305, 19.1608, 4.7184, 24.9181, 6.3, 35.9779, 1.6076, 0, 0.201, 7.491, 17.4133, 21.2362, 0, 0.7193, 0, 0.5933, 1.6076, 5.2248, 2.2105, 4.9483, 22.1048, 11.4543, 8.0381, 15.4733, 9.3418, 8.9253, 0.9643, 22.4743, 28.4153, 0, 6.1523, 4.9154, 27.6169, 5.8276, 3.0143, 3.8974, 7.8371, 6.0621, 1.0048, 0.4862, 0.8038, 14.0667, 2.6124, 24.3453, 1.2057],
      [2.3513, 6.4013, 2.2609, 2.4103, 4.5683, 2.3981, 5.4192, 3.527, 12.0451, 5.2452, 2.713, 11.2139, 2.8628, 6.3347, 0.7235, 0, 0.0904, 2.8019, 5.0643, 3.8983, 0.8139, 0.4264, 0, 0.9043, 0.7235, 2.4767, 0.9948, 2.713, 9.9478, 4.5828, 6.4096, 0.988, 3.7983, 4.0696, 0.7918, 1.3627, 16.4593, 1.2661, 1.9896, 2.5322, 10.5809, 2.4973, 1.5303, 3.7078, 4.9959, 2.8035, 0.4522, 0.5138, 1.6224, 6.3304, 1.3094, 13.8365, 0.5426]
    ],
    [
      [2.3407, 4.792, 3.2566, 5.5303, 5.7515, 2.526, 3.2076, 2.4768, 5.6585, 3.1696, 1.6283, 5.6991, 3.7606, 5.4956, 0.1018, 0, 0.1018, 2.1211, 2.646, 3.7655, 1.323, 0.3318, 0.1106, 1.4379, 1.2212, 2.1015, 0.6636, 1.323, 8.2608, 4.6454, 2.0354, 6.3045, 4.2743, 3.4068, 0.9159, 11.6136, 7.0221, 1.5485, 0.9159, 2.1015, 7.7424, 1.6283, 1.0794, 1.0177, 1.6283, 2.6714, 0.3151, 0, 0.1106, 4.4242, 0.8848, 12.2772, 0.3857],
      [0.0479, 0.1334, 0.0667, 0.0557, 0.0424, 0.0535, 0.0792, 0.4567, 0.0535, 0.0938, 0.0245, 0.1167, 0.0201, 0.0691, 0.0021, 0.0045, 0.0021, 0.3218, 0.0542, 0.058, 0.0446, 0.0111, 0.0021, 0.0201, 0.0223, 0.0396, 0.7276, 0.0245, 1.161, 0.0869, 0.0178, 0.0669, 0.0875, 0.0834, 0.0188, 0.1293, 0.0847, 0.0229, 0.0188, 0.0396, 0.1918, 0.0334, 0.0217, 0.0208, 0.0334, 0.0267, 0.0063, 0, 0.0208, 0.1522, 0.0446, 0.4124, 0.0312],
      [0.1195, 0.5792, 0.3229, 0.5191, 0.4541, 0.1844, 0.2835, 0.7128, 0.5551, 0.4541, 0.222, 0.5651, 0.3313, 0.545, 0.0101, 0.0101, 0.0101, 0.2422, 0.2624, 0.3734, 0.1312, 0.0137, 0.0101, 0.0234, 0.0888, 0.0239, 0.8877, 0.3005, 1.1349, 0.304, 0.181, 0.545, 0.4239, 0.4037, 0.1366, 1.127, 0.7555, 0.111, 0.0908, 0.1917, 0.9255, 0.1615, 0.4941, 0.1009, 0.1615, 0.1434, 0.0205, 0, 0.1009, 3.7417, 0.1009, 1.0861, 0.3467],
      [9.1963, 26.3143, 16.4957, 22.3353, 18.8104, 9.5961, 15.1939, 12.7948, 21.9911, 19.4029, 6.137, 22.391, 12.395, 24.154, 0.3998, 0.7572, 0.3998, 9.6458, 10.3958, 14.8132, 5.1148, 1.0457, 0.391, 5.1979, 4.7336, 7.5969, 7.9968, 3.8202, 44.4183, 16.1614, 5.5523, 21.5913, 16.7932, 13.8302, 3.5528, 43.5824, 27.5889, 3.9692, 3.5986, 7.4291, 38.4086, 6.3974, 5.5977, 3.9984, 6.3974, 9.4893, 1.1995, 0.5138, 3.9984, 29.1882, 3.9984, 35.4671, 3.3467],
      [11.2955, 32.181, 11.858, 22.5596, 19.9417, 11.6399, 19.2359, 15.5589, 26.7418, 21.8797, 7.9882, 27.228, 14.4931, 23.7364, 0.4862, 0.2282, 0.4862, 11.6691, 12.6416, 17.9899, 6.3864, 1.5976, 0.4862, 6.3208, 5.9341, 9.2381, 9.7243, 7.5317, 52.025, 17.8023, 12.2135, 25.4924, 20.421, 22.276, 4.3759, 52.5477, 33.5488, 5.3484, 4.3759, 9.2381, 44.7317, 7.7794, 6.807, 4.8621, 7.7794, 11.6691, 1.4586, 0.4862, 5.7692, 35.4937, 4.9713, 60.7573, 3.8897]
    ]
  ],
  "V_est": [
    [0, 1.2539, 531.8344, 661.2419, 9.6698],
    [16.8376, 1350.9262, 70.9286, 182.327, 419.9806],
    [35.9346, 92.7447, 108.0898, 14841.1939, 931.037],
    [8.4733, 68.6021, 3536.008, 526.5708, 203.3459],
    [67.74, 19.7414, 230.2881, 1627.4569, 575.7736],
    [0, 0, 0, 770.2875, 397.7125],
    [1243.2624, 18.2713, 421.8266, 509.337, 196.3026],
    [159.7521, 5.4604, 21.0246, 665.585, 813.178]
  ],
  "p_est": [
    [0, 0.001, 0.4417, 0.5492, 0.008],
    [0.0082, 0.6619, 0.0348, 0.0893, 0.2058],
    [0.0022, 0.0058, 0.0068, 0.9271, 0.0582],
    [0.002, 0.0158, 0.8142, 0.1212, 0.0468],
    [0.0269, 0.0078, 0.0913, 0.6456, 0.2284],
    [0, 0, 0, 0.6595, 0.3405],
    [0.5204, 0.0076, 0.1766, 0.2132, 0.0822],
    [0.0959, 0.0033, 0.0126, 0.3998, 0.4884]
  ],
  "EI_Z": {},
  "EI_V": 9.7221,
  "MAE_Z": {},
  "MAE_V": 152.3446,
  "MAE_p": 0.0693,
  "runtime": 10.297
}
