{
  "Z_true": {},
  "V_true": [
    [215, 748, 143],
    [1785, 210, 219],
    [10287, 248, 281],
    [2319, 14581, 559],
    [950, 273, 170],
    [878, 479, 329]
  ],
  "p_true": [
    [0.1944, 0.6763, 0.1293],
    [0.8062, 0.0949, 0.0989],
    [0.9511, 0.0229, 0.026],
    [0.1328, 0.8352, 0.032],
    [0.682, 0.196, 0.122],
    [0.5208, 0.2841, 0.1951]
  ],
  "Z_est": [
    [
      [0.6267, 0.5982, 0.4886, 0.2616, 0.2336, 0.3399, 0.2152, 0.0954, 0.3249, 0.8077, 0.1426, 0.3366, 0.4458, 0.4635, 0.7592, 0.9306, 0.5814, 0.6006, 0.2789, 0.2869, 0.1227, 0.8662, 0.3313, 0.2627, 0.4092, 0.5454, 0.7993, 0.2085, 0.8227, 0.512, 0.5041, 0.1143, 0.1227, 0.8146, 0.553, 0.3542, 1.0312, 0.6096, 0.7926, 0.2082, 0.4729, 0.0242, 0.0354, 0.5743, 0.274, 0.1538, 0.0755, 1.4033, 0.1661, 1.1832, 0.31],
      [35.0758, 28.3177, 23.812, 22.1303, 12.4934, 23.1429, 9.4781, 5.6648, 24.7028, 38.7007, 2.771, 12.1762, 16.6933, 20.6884, 34.6235, 40.4758, 27.7614, 20.4594, 15.3549, 18.1786, 2.7423, 39.9923, 11.1314, 8.3505, 15.0931, 25.5526, 27.1406, 9.3945, 23.2966, 19.5438, 23.7649, 6.7524, 6.5721, 34.8881, 19.5437, 18.9488, 37.6455, 20.4142, 34.9652, 13.4244, 21.1605, 1.8969, 0.9318, 28.1969, 12.3468, 6.5797, 4.6537, 76.2831, 5.5343, 41.647, 12.3191],
      [1.2975, 1.0841, 0.6994, 0.608, 0.273, 0.5172, 0.3067, 0.2398, 0.9722, 1.4916, 0.0864, 0.4872, 0.8609, 0.8481, 1.6173, 1.5936, 0.6572, 0.94, 0.3661, 0.5345, 0.135, 1.1415, 0.5373, 0.3868, 0.4977, 0.9021, 1.0601, 0.397, 0.8807, 0.9442, 0.7309, 0.1334, 0.3052, 1.2973, 0.9033, 0.697, 1.3232, 0.9762, 1.2421, 0.3673, 1.3666, 0.0789, 0.0328, 1.2289, 0.3793, 0.2665, 0.2708, 2.3137, 0.2996, 2.1697, 0.3709]
    ],
    [
      [26.0742, 14.3999, 10.8672, 17.2878, 13.0789, 11.5127, 9.7076, 3.5738, 8.2213, 28.6343, 0.8612, 33.9845, 23.3681, 23.7314, 45.0878, 66.2844, 32.3449, 27.4509, 25.5988, 18.032, 11.659, 31.8691, 21.039, 14.3404, 35.5302, 32.0098, 34.7116, 21.5475, 44.2136, 21.5198, 34.7613, 14.2103, 8.3928, 57.1328, 50.0078, 23.4128, 61.8964, 45.6376, 85.5694, 46.9459, 22.0358, 1.5956, 3.1641, 24.4867, 17.9669, 7.3774, 5.7953, 107.4127, 19.9147, 109.306, 35.2939],
      [7.1333, 3.3377, 2.5902, 6.6231, 3.3995, 3.7003, 2.0396, 0.9516, 2.909, 6.7274, 0.065, 5.9912, 4.2429, 5.1681, 10.1253, 14.1729, 7.6133, 4.556, 6.899, 5.5339, 1.2508, 7.2504, 3.4049, 2.2146, 6.4035, 7.3452, 5.7774, 4.7383, 6.1036, 3.9937, 8.0046, 4.0605, 2.1418, 12.0092, 8.6597, 6.0761, 11.1244, 7.4583, 18.5245, 14.6414, 4.9836, 0.514, 0.3615, 5.9118, 3.9657, 1.531, 1.7551, 28.7332, 3.2094, 18.9481, 6.8003],
      [8.7925, 4.2625, 2.5426, 6.0891, 2.5216, 2.7871, 2.2528, 1.4746, 3.8697, 8.6383, 0.0738, 8.0243, 7.389, 7.1005, 15.7869, 18.5427, 6.0418, 6.9931, 5.5022, 5.4341, 2.0902, 6.8805, 5.5561, 3.4451, 7.0663, 8.645, 7.511, 6.7142, 7.6827, 6.4865, 8.2341, 2.7292, 3.4654, 14.858, 13.3324, 7.5112, 12.9792, 11.9041, 21.9062, 13.4127, 10.9806, 0.8904, 0.4743, 8.6015, 4.0674, 2.0915, 3.4496, 28.8541, 5.8759, 32.7459, 6.9058]
    ],
    [
      [236.6863, 262.5627, 227.3533, 59.9023, 83.077, 36.2726, 45.2605, 12.8168, 53.735, 176.7098, 12.5796, 132.2638, 113.8652, 140.7585, 270.0227, 425.4519, 180.9426, 172.4975, 185.0363, 130.0434, 166.5372, 434.8884, 128.9848, 233.4974, 239.5159, 260.848, 397.3543, 271.6021, 163.5901, 140.2231, 187.0253, 108.3435, 68.6069, 343.389, 300.909, 165.5306, 581.459, 205.3234, 212.0557, 80.4279, 63.4357, 12.5522, 32.7199, 343.3478, 296.8632, 222.5092, 173.2819, 639.6562, 149.0492, 460.4886, 84.5378],
      [7.2121, 6.6024, 5.9148, 2.6333, 2.394, 1.2994, 0.9986, 0.3487, 2.1695, 4.5251, 0.2169, 2.5665, 2.2558, 3.305, 6.6755, 9.9018, 4.7367, 3.2327, 5.5759, 4.4916, 2.5497, 10.8954, 2.3, 4.0861, 4.8078, 6.4946, 7.5167, 6.4651, 2.8708, 2.8332, 4.681, 3.4738, 1.9163, 7.8416, 5.8204, 4.6958, 11.745, 3.803, 4.9976, 2.7861, 1.6423, 0.3969, 0.4157, 9.1682, 7.1436, 4.9463, 6.3679, 19.0657, 2.6966, 9.0049, 1.7734],
      [13.1016, 12.835, 8.7319, 3.4644, 2.529, 1.428, 1.7409, 0.8345, 4.0955, 8.7651, 0.2035, 5.1698, 5.879, 6.9365, 15.3018, 19.6463, 5.3207, 7.2698, 6.3878, 6.465, 4.9131, 15.2163, 5.7152, 9.4165, 7.6762, 11.6574, 14.1291, 13.9328, 4.5391, 6.9437, 7.2936, 3.1828, 4.4768, 14.7694, 13.2706, 8.7735, 19.7959, 8.8736, 8.9468, 3.7861, 4.922, 1.0509, 0.8644, 19.4841, 10.9932, 10.5446, 15.3501, 28.2781, 7.2543, 22.5065, 2.6887]
    ],
    [
      [61.4804, 60.4485, 50.3973, 17.8826, 22.791, 23.5317, 18.5824, 5.3111, 24.2476, 74.906, 7.6485, 54.0096, 31.4038, 46.4831, 68.5727, 103.4329, 61.035, 66.121, 44.7679, 38.3972, 29.4803, 117.9769, 29.2626, 42.4062, 50.8875, 63.047, 85.6045, 41.5636, 54.779, 41.6127, 43.2098, 15.6514, 9.9608, 83.7219, 81.688, 28.9438, 137.8822, 64.0794, 84.5813, 26.0024, 29.8452, 2.2172, 6.1966, 57.0869, 54.2101, 28.9428, 31.8459, 175.7827, 32.8996, 126.4377, 32.2825],
      [437.3374, 361.7926, 310.2939, 197.0844, 153.2544, 205.3738, 102.8483, 39.3253, 239.5438, 453.7905, 18.8253, 247.8823, 148.3195, 261.8964, 394.2774, 568.9291, 366.147, 286.5438, 311.5746, 313.9482, 83.6777, 687.1669, 124.4019, 170.9735, 236.9198, 373.6084, 368.4993, 236.4848, 197.3939, 200.6076, 257.2649, 116.0586, 66.9907, 453.4317, 366.4506, 195.9439, 637.1373, 272.7182, 471.6253, 215.6489, 167.6585, 21.9848, 20.2567, 353.6759, 308.3138, 156.5461, 239.4229, 1215.8088, 138.8328, 563.7333, 161.4443],
      [11.1822, 9.7588, 6.3088, 4.033, 1.9547, 3.0945, 2.5693, 1.3635, 6.2085, 12.3035, 0.5262, 7.1082, 5.2766, 7.6205, 12.1499, 15.638, 4.8181, 9.3352, 4.6575, 6.6545, 2.842, 12.8562, 4.3355, 5.6203, 5.1927, 9.3446, 9.8962, 6.9516, 4.8271, 6.7797, 5.5253, 1.2899, 2.0485, 11.8464, 11.8614, 5.1123, 14.9804, 9.2024, 11.7935, 4.3486, 5.4963, 0.798, 0.5467, 10.2372, 6.4761, 4.5112, 6.7313, 25.4085, 5.2676, 19.829, 3.2732]
    ],
    [
      [30.3928, 29.0148, 20.2208, 9.36, 14.4529, 10.1597, 8.1285, 0.6624, 6.0993, 17.6108, 0.887, 17.4211, 16.7741, 10.0004, 22.9754, 46.2089, 22.8825, 12.123, 12.0846, 18.0573, 11.5227, 30.0785, 18.171, 31.5424, 16.1117, 20.0584, 58.509, 22.7059, 11.257, 13.1668, 19.5952, 12.0506, 5.9894, 32.8476, 30.7252, 10.3011, 52.7071, 13.6313, 13.8253, 9.3953, 10.5149, 0.6109, 4.9779, 52.2486, 41.8558, 25.3569, 10.866, 62.0079, 13.4581, 23.6443, 1.5212],
      [8.779, 7.1003, 5.0889, 3.773, 3.9668, 3.4457, 1.8037, 0.1865, 2.2755, 4.3688, 0.0703, 3.2416, 3.2156, 2.3002, 5.4478, 10.4335, 5.6863, 2.1225, 3.4377, 5.85, 1.3042, 7.2254, 3.1043, 5.1455, 3.0652, 4.8605, 10.2853, 5.2724, 1.6298, 2.5799, 4.7653, 3.6362, 1.6141, 7.2914, 5.6153, 2.8226, 10.0008, 2.3485, 3.1618, 3.0837, 2.5058, 0.2074, 0.6003, 13.3202, 9.7543, 5.5557, 3.4754, 17.5073, 2.2888, 4.3221, 0.3096],
      [5.8282, 4.8849, 2.6902, 1.8669, 1.5803, 1.3946, 1.0678, 0.1511, 1.6251, 3.0205, 0.0427, 2.3373, 3.0103, 1.6994, 4.5768, 7.3576, 2.4312, 1.7545, 1.4777, 3.0927, 1.173, 3.6961, 2.7247, 4.3121, 1.823, 3.0812, 7.2057, 4.0218, 1.1132, 2.2533, 2.6396, 1.3132, 1.3964, 4.861, 4.6595, 1.8763, 6.2921, 2.0202, 2.0129, 1.521, 2.9793, 0.1817, 0.4218, 10.4311, 5.3899, 4.0874, 3.6587, 9.4848, 2.2531, 4.0336, 0.1692]
    ],
    [
      [25.7396, 26.9759, 28.6728, 9.3057, 12.3666, 8.1835, 5.1057, 2.5404, 12.3718, 21.3314, 0.8811, 22.9845, 16.143, 21.5632, 33.5823, 36.6913, 22.2136, 16.207, 34.2335, 25.1832, 17.6781, 42.3209, 13.2113, 26.9509, 26.5455, 34.4916, 37.0213, 21.3724, 25.3375, 16.9657, 30.9043, 13.6299, 8.9275, 40.0942, 29.117, 17.4575, 67.024, 25.7187, 22.1758, 10.0202, 11.6955, 0, 4.9061, 41.2557, 37.83, 17.66, 14.1355, 60.7372, 11.5123, 76.9402, 9.0546],
      [5.4624, 4.8492, 5.3002, 2.7558, 2.4919, 2.0379, 0.8318, 0.5231, 3.3993, 3.8876, 0.0515, 3.1422, 2.2729, 3.6419, 5.8503, 6.0868, 4.0554, 2.0855, 7.1578, 5.9976, 1.4752, 7.4697, 1.6575, 3.2299, 3.7105, 6.1388, 4.7808, 3.6449, 2.7054, 2.4417, 5.5192, 3.0186, 1.7649, 6.5381, 3.9102, 3.5129, 9.3469, 3.2578, 3.7257, 2.4155, 2.0493, 0, 0.4339, 7.7271, 6.4759, 2.8413, 3.325, 12.6019, 1.4382, 10.3446, 1.3532],
      [7.798, 7.1748, 6.0271, 2.9385, 2.1415, 1.7786, 1.0625, 0.9365, 5.2289, 5.781, 0.0673, 4.8733, 4.5841, 5.795, 10.5673, 9.2219, 3.731, 3.7075, 6.6087, 6.8192, 2.8467, 8.2095, 3.1312, 5.8192, 4.744, 8.3696, 7.1979, 5.9827, 3.9571, 4.5926, 6.5765, 2.3515, 3.3076, 9.3678, 6.9728, 5.0296, 12.6291, 6.0235, 5.0985, 2.5643, 5.2552, 0, 0.66, 13.0172, 7.6941, 4.4988, 7.5395, 14.6609, 3.0495, 20.7153, 1.5922]
    ]
  ],
  "V_est": [
    [23.475, 1043.4079, 39.1172],
    [1490.8577, 321.6761, 401.4662],
    [10126.3907, 242.2579, 447.3514],
    [2591.5387, 14499.6697, 367.7916],
    [1006.7702, 231.2531, 154.9767],
    [1194.9676, 200.7354, 290.297]
  ],
  "p_est": [
    [0.0212, 0.9434, 0.0354],
    [0.6734, 0.1453, 0.1813],
    [0.9362, 0.0224, 0.0414],
    [0.1484, 0.8305, 0.0211],
    [0.7227, 0.166, 0.1113],
    [0.7088, 0.1191, 0.1722]
  ],
  "EI_Z": {},
  "EI_V": 4.0439,
  "MAE_Z": {},
  "MAE_V": 155.7976,
  "MAE_p": 0.0733,
  "runtime": 0.018
}
