{
  "Z_true": {},
  "V_true": [
    [11, 105, 809, 580],
    [1657, 1778, 510, 87],
    [556, 6434, 509, 158],
    [328, 467, 16437, 426],
    [327, 961, 900, 354],
    [151, 287, 531, 487]
  ],
  "p_true": [
    [0.0073, 0.0698, 0.5375, 0.3854],
    [0.411, 0.441, 0.1265, 0.0216],
    [0.0726, 0.8403, 0.0665, 0.0206],
    [0.0186, 0.0264, 0.9309, 0.0241],
    [0.1286, 0.378, 0.3541, 0.1393],
    [0.1037, 0.1971, 0.3647, 0.3345]
  ],
  "Z_est": [
    [
      [0.1426, 0.405, 0.2586, 0.1103, 0.1901, 0.2795, 0.1882, 0.0799, 0.2377, 0.0342, 0.1616, 0.0799, 0.019, 0.0723, 0.0095, 0.1217, 0.0894, 0.0057, 0.1046, 0.2681, 0.1768, 0.1939, 0.0837, 0.2605, 0.0019, 0.3177, 0.7335, 1.1142, 0.1996, 0.6598, 0.1768],
      [10.5283, 23.8363, 15.2651, 7.2939, 12.3407, 11.0693, 11.0882, 5.3415, 15.3246, 6.1519, 11.8618, 7.5518, 0.0463, 10.9041, 1.6404, 9.6884, 3.0576, 0.6999, 5.8404, 19.6347, 8.178, 11.1619, 4.4574, 28.6126, 0.2579, 0.4246, 1.1828, 85.7957, 11.715, 25.934, 5.8204],
      [12.7351, 17.4262, 12.3324, 6.5382, 22.5132, 8.0429, 19.4341, 13.2165, 40.3656, 5.1911, 15.3254, 7.6444, 0.2681, 27.4879, 1.7772, 28.7411, 9.4255, 1.4417, 13.4677, 23.4462, 11.5441, 20.2538, 16.4564, 47.2432, 1.0156, 2.4365, 1.6079, 169.0354, 9.6514, 30.8726, 5.1336],
      [11.594, 23.3325, 18.1439, 8.0576, 18.9559, 10.6083, 16.2894, 9.3621, 27.0721, 7.6227, 17.6512, 10.7239, 0.6666, 19.5358, 2.573, 19.4489, 1.4276, 0.8526, 9.5873, 25.651, 11.101, 19.3903, 2.0026, 35.8837, 0.7246, 1.8212, 0.4759, 132.0547, 14.4339, 39.5337, 6.8692]
    ],
    [
      [46.4932, 145.5811, 81.2397, 34.6152, 67.2042, 107.6914, 73.5225, 32.6654, 90.036, 10.8615, 45.0755, 26.7572, 5.2094, 27.3773, 2.8698, 41.7701, 34.3899, 1.987, 33.6885, 85.1699, 63.1865, 64.9061, 34.0021, 105.4062, 0.574, 4.3266, 7.2956, 398.371, 71.1344, 197.3089, 69.2834],
      [25.0841, 84.4264, 47.8515, 19.4721, 38.304, 61.0521, 46.1616, 22.5189, 51.7729, 7.9647, 21.7575, 17.8295, 2.321, 22.9098, 1.3038, 25.7443, 8.8029, 1.5081, 16.5976, 50.1984, 32.2937, 35.0129, 18.6843, 63.0777, 0.3673, 1.614, 1.9782, 242.9566, 39.8038, 89.6762, 46.0606],
      [15.2735, 67.0614, 16.9759, 8.09, 29.7025, 59.2348, 40.2002, 19.8231, 49.6574, 0.9126, 3.2397, 6.7342, 0.365, 7.9423, 0.761, 14.4016, 19.8071, 0.505, 11.8911, 19.5813, 32.8219, 24.4355, 24.3136, 66.4078, 0.0456, 0.9679, 2.7262, 167.9631, 33.155, 48.5744, 35.6578],
      [1.1493, 3.9311, 1.9329, 0.8228, 1.7892, 0.0218, 2.1157, 0.9926, 2.5337, 0.2612, 0.9273, 0.6791, 0.1045, 0.7705, 0.0653, 1.084, 0, 0, 0.8228, 2.0504, 1.6978, 1.6456, 0, 3.1083, 0.0131, 0.0914, 0, 10.7093, 1.9068, 4.4405, 1.9982]
    ],
    [
      [12.3703, 21.4996, 18.1285, 10.0217, 10.4178, 9.374, 3.2897, 0.0446, 7.5593, 2.2724, 13.3298, 5.2647, 1.0047, 0.7856, 0.7978, 7.3823, 2.8514, 0.374, 6.6853, 21.8751, 10.211, 11.7211, 0.0526, 1.2202, 0.0984, 1.6016, 0.6259, 53.8204, 10.8126, 36.8979, 4.5269],
      [239.3783, 440.4546, 332.5848, 122.3229, 211.0758, 181.0492, 178.37, 93.4317, 258.1984, 106.8572, 223.0845, 134.1823, 18.9378, 202.698, 4.1397, 166.1163, 52.0782, 14.8204, 77.4176, 357.7167, 135.7325, 180.0103, 71.6382, 300.0192, 3.1757, 4.0245, 7.7404, 1467.9164, 204.1264, 440.305, 84.6647],
      [7.8142, 18.8616, 19.9413, 5.3203, 7.1093, 0, 0, 6.6426, 23.039, 2.2411, 30.6883, 9.0371, 0.4939, 14.9125, 0, 4.6591, 5.1694, 3.3831, 2.5406, 43.9221, 28.9326, 44.8118, 32.9296, 0, 0, 0, 0, 94.4396, 6.6933, 34.0559, 0],
      [12.4372, 23.1842, 27.3454, 7.3351, 21.3971, 13.5768, 15.3404, 9.8812, 25.2033, 10.6293, 25.8973, 17.5159, 1.5636, 21.6039, 2.0625, 20.8423, 1.901, 0.4225, 11.3564, 27.4861, 14.1238, 20.4567, 3.3796, 31.7606, 0.7259, 2.374, 0.6337, 138.8235, 20.3676, 69.7413, 8.8084]
    ],
    [
      [11.2558, 30.7259, 26.3419, 8.3667, 14.4253, 21.2052, 14.281, 6.0586, 18.0316, 2.5966, 18.2282, 6.0586, 2.9837, 5.4816, 0.8969, 9.2322, 6.7799, 0.4328, 11.2809, 20.3397, 13.4155, 14.7138, 6.3471, 19.7627, 0.1443, 1.5677, 1.5868, 84.5323, 15.1466, 87.7456, 13.4155],
      [9.2255, 15.6449, 6.3942, 2.2277, 5.5671, 3.6115, 8.6989, 1.6314, 4.6804, 12.4189, 3.6228, 2.7387, 2.1053, 3.3303, 0.1125, 5.2094, 0.9338, 0.2138, 1.4626, 5.9967, 2.4977, 3.409, 1.3614, 7.1803, 0.5449, 0.1013, 0.1688, 26.2034, 9.483, 7.9206, 4.0326],
      [286.3818, 718.304, 620.7027, 226.2893, 498.5732, 676.0395, 904.8079, 282.197, 764.98, 200.5851, 397.9735, 331.1519, 26.8439, 389.1944, 13.0417, 503.1525, 305.2555, 14.3466, 262.147, 722.2837, 586.9328, 698.5794, 420.2367, 1114.6669, 17.0121, 17.3105, 46.2342, 4073.6079, 444.4234, 1066.663, 345.4457],
      [0.1369, 0.3251, 2.5612, 0.1164, 1.4345, 0.1437, 0.2122, 0.1129, 0.308, 4.3994, 1.1754, 5.0508, 0.0671, 1.9937, 1.9489, 1.406, 0.0308, 0.0068, 0.1095, 0.3799, 0.154, 0.2978, 0.0548, 0.3902, 0.2987, 0.0205, 0.0103, 1.6565, 4.947, 0.6708, 0.1061]
    ],
    [
      [0.457, 1.2979, 0.8287, 0.3534, 0.6093, 0.8957, 0.6032, 0.2559, 0.7617, 0.1097, 0.5179, 0.2559, 0.0609, 0.2315, 0.0305, 0.39, 0.2864, 0.0183, 2.4149, 0.8592, 0.5667, 0.6215, 0.2681, 0.8348, 0.0061, 0.0487, 0.067, 3.5707, 0.6398, 2.1144, 0.5667],
      [68.7839, 127.9922, 108.7389, 45.082, 65.0028, 63.257, 54.2468, 20.9038, 82.659, 32.2565, 52.3772, 41.0396, 4.3631, 53.7637, 2.8036, 54.1144, 17.4562, 1.7513, 28.6818, 95.1425, 41.5024, 70.9552, 23.8801, 97.0661, 2.392, 2.8356, 3.8085, 487.2905, 58.235, 134.4701, 16.1438],
      [13.4228, 23.9111, 39.7092, 20.2787, 16.7656, 17.4941, 8.6286, 2.5628, 23.8225, 8.3227, 6.4069, 12.2503, 0.5339, 9.4161, 1.0902, 17.9154, 6.1817, 0.2136, 9.6342, 14.0649, 8.5525, 33.6917, 6.7173, 25.1405, 0.5767, 2.0652, 2.0992, 172.0687, 8.5366, 30.7673, 2.0289],
      [0.3364, 0.7989, 0.7232, 0.2859, 0.6223, 0.3532, 0.5214, 0.2775, 0.7568, 0.3111, 0.698, 0.4541, 0.042, 0.5887, 0.0757, 0.5802, 0.0757, 0.0168, 0.2691, 0.9334, 0.3784, 0.7316, 0.1345, 0.9587, 0.0252, 0.0505, 0.0252, 4.0701, 0.5887, 1.6482, 0.2607]
    ],
    [
      [4.2811, 13.4905, 9.2026, 4.5328, 7.1532, 7.5543, 7.1153, 2.8956, 8.3738, 2.1257, 7.6869, 3.5837, 0.7222, 4.0517, 0.3955, 5.1037, 2.603, 0.1823, 0.8257, 12.4881, 5.4435, 9.8436, 3.2465, 9.5156, 0.1754, 0.1376, 0.6912, 44.5914, 7.067, 22.2734, 5.0306],
      [0, 5.6456, 4.1654, 1.6015, 2.7095, 0.9609, 2.4345, 1.1728, 3.3647, 1.3507, 9.2962, 1.6581, 0.2265, 2.3941, 0, 2.1272, 0.6713, 0.0065, 0, 4.311, 1.7956, 2.4507, 0.9787, 4.0441, 0.2621, 0, 0.1213, 18.8374, 2.6367, 5.6941, 1.2779],
      [2.3727, 16.4357, 10.3386, 10.4835, 9.3363, 3.1887, 11.9292, 2.5579, 7.1355, 3.7474, 11.3661, 4.182, 1.4951, 6.0468, 0.3299, 6.1304, 3.1608, 0.11, 1.3195, 32.7017, 3.2161, 30.2277, 8.3464, 7.5417, 0.3499, 0.2199, 1.3325, 65.8853, 7.5402, 25.0669, 2.7341],
      [14.3462, 43.4282, 35.2934, 17.3822, 29.801, 17.2961, 27.5209, 12.3737, 34.1261, 13.7762, 36.6508, 19.5762, 2.5562, 25.5074, 2.2746, 25.6386, 5.5649, 0.7012, 9.8548, 54.4992, 17.5449, 44.478, 10.4285, 41.8986, 1.2125, 1.6425, 1.855, 196.6859, 27.7561, 79.9656, 12.9574]
    ]
  ],
  "V_est": [
    [6.7764, 372.7057, 602.071, 523.447],
    [2009.9996, 1145.1067, 829.2285, 47.6653],
    [286.9172, 6314.2676, 447.6385, 608.1768],
    [493.381, 158.7295, 16975.3637, 30.5259],
    [20.5425, 1958.9954, 544.8698, 17.5923],
    [212.3835, 82.1952, 296.8285, 864.5928]
  ],
  "p_est": [
    [0.0045, 0.2476, 0.4, 0.3478],
    [0.4985, 0.284, 0.2057, 0.0118],
    [0.0375, 0.8246, 0.0585, 0.0794],
    [0.0279, 0.009, 0.9613, 0.0017],
    [0.0081, 0.7707, 0.2143, 0.0069],
    [0.1459, 0.0565, 0.2039, 0.5938]
  ],
  "EI_Z": {},
  "EI_V": 10.1315,
  "MAE_Z": {},
  "MAE_V": 294.2356,
  "MAE_p": 0.0948,
  "runtime": 1.259
}
