{
  "Z_true": {},
  "V_true": [
    [800, 414, 8088, 1387, 955],
    [138, 348, 77, 18061, 773],
    [34, 1166, 180, 982, 146],
    [452, 82, 612, 1398, 1158]
  ],
  "p_true": [
    [0.0687, 0.0356, 0.6946, 0.1191, 0.082],
    [0.0071, 0.0179, 0.004, 0.9311, 0.0399],
    [0.0136, 0.4649, 0.0718, 0.3915, 0.0582],
    [0.1221, 0.0222, 0.1653, 0.3776, 0.3128]
  ],
  "Z_est": [
    [
      [9.223, 10.4169, 32.37, 3.8331, 4.3387, 1.459, 23.0498, 4.8748, 15.1738, 8.4623, 5.2996, 7.2264, 16.9721, 4.377, 1.4088, 12.8622, 7.6542, 2.9951, 5.8361, 36.2389, 6.3827, 26.0099, 7.895, 4.834, 38.7346, 21.864, 12.701, 13.2272, 19.3954, 12.6003, 12.26, 12.6105, 13.7697, 19.6144, 6.1204, 8.3313, 21.2486, 3.6436, 17.2476, 10.5812, 59.0053, 8.9867],
      [5.3087, 4.5202, 30.9589, 1.4798, 1.6689, 1.1924, 4.7865, 1.6694, 5.7235, 6.8069, 1.4309, 2.9419, 4.0542, 3.9349, 0.3577, 2.981, 30.0997, 0.5962, 4.0542, 8.1774, 5.4297, 12.9751, 14.6631, 4.3965, 10.6059, 16.8701, 10.9283, 12.6106, 8.8238, 9.7679, 4.173, 10.9481, 11.3204, 9.7137, 6.421, 11.6082, 7.6962, 4.449, 21.1027, 4.2927, 14.2949, 0.9539],
      [165.3982, 56.2355, 238.1394, 46.2693, 35.0474, 27.2158, 110.8473, 59.3914, 398.9127, 284.9829, 224.5852, 120.3184, 175.3752, 187.3416, 30.364, 166.2702, 56.6605, 49.3281, 225.1764, 166.3503, 68.0333, 488.9173, 324.2134, 107.1534, 286.4254, 349.2395, 224.5432, 256.3615, 391.5402, 292.5421, 158.3569, 188.5199, 277.3252, 379.8009, 173.5993, 295.1219, 89.4239, 91.9048, 375.489, 180.8578, 760.2712, 73.4442],
      [9.7271, 18.5908, 21.5493, 2.4045, 2.1249, 5.2286, 26.2979, 14.4916, 25.2637, 30.3935, 20.3738, 9.2161, 20.0202, 9.1079, 6.5227, 15.898, 9.075, 6.1033, 29.4806, 17.9735, 0.7356, 50.1857, 4.3325, 0, 42.4538, 62.9589, 19.585, 30.4228, 35.3301, 28.3472, 10.0871, 11.7655, 18.7204, 66.4085, 3.0488, 4.4982, 21.1017, 8.8356, 54.3431, 8.9258, 37.725, 9.5686],
      [33.3429, 5.2366, 30.9825, 12.0133, 14.8201, 1.9042, 12.0184, 7.5728, 80.9263, 48.3544, 22.3105, 17.2971, 35.5784, 45.2385, 13.3468, 25.9886, 8.5105, 6.9773, 56.4528, 19.2599, 6.4187, 62.9119, 36.896, 16.616, 35.7802, 45.0676, 31.2425, 27.3779, 49.9105, 48.7424, 21.123, 23.156, 26.8643, 35.4627, 20.8105, 29.4403, 12.5297, 14.167, 38.8175, 40.3425, 123.7035, 4.0465]
    ],
    [
      [0.0048, 1.9981, 12.0418, 0.0017, 0.8638, 0.0009, 1.7143, 0.5338, 0.0089, 0.005, 0.0027, 0.4252, 1.5651, 0.0026, 0.0007, 1.6468, 2.6091, 0.118, 0.0034, 5.304, 0.1787, 1.1551, 0.4554, 0.262, 1.4827, 0.0089, 0.0052, 0.741, 1.0462, 0.9414, 0.6836, 1.504, 0.5178, 0.0088, 0.4099, 0.5753, 1.6787, 0.0015, 0.0089, 0.0048, 21.9334, 1.6044],
      [0.8306, 0.388, 0.9672, 0.6988, 0.6859, 0.0256, 0.0974, 0.0359, 0.1231, 0.1025, 0.0308, 0.0513, 0.0872, 0.0846, 0.0077, 0.0641, 0.2716, 0.0128, 0.0872, 0.1436, 1.3739, 0.6729, 0.3298, 2.5608, 0.6872, 0.3025, 6.62, 0.4448, 0.1897, 0.4691, 0.0743, 3.4954, 0.3257, 0.1897, 3.068, 0.3463, 0.6909, 0.0872, 1.1767, 0.0923, 0.2717, 0.0205],
      [1.065, 0.2642, 1.1159, 3.5841, 0.3191, 0.1275, 0.5192, 0.2778, 5.6105, 4.857, 5.1736, 3.1011, 0.8198, 4.1706, 0.1412, 1.1338, 0.2642, 0.6415, 1.0521, 0.7789, 0.4891, 3.3956, 0.4352, 1.1049, 1.3391, 1.6351, 3.4106, 1.912, 0.7427, 2.2745, 5.1851, 5.1368, 0.4944, 2.9982, 2.5154, 1.3238, 0.419, 0.903, 1.7581, 2.1281, 14.7274, 0.9422],
      [595.5216, 366.6206, 723.3515, 169.8172, 182.4957, 157.2172, 689.8177, 214.7377, 1540.3826, 912.8935, 387.8631, 320.8569, 622.5727, 687.8328, 132.9181, 572.2723, 159.2045, 137.583, 586.036, 501.6865, 68.2866, 448.6749, 175.477, 98.7488, 590.0461, 693.9579, 306.9524, 290.1593, 303.0125, 368.9106, 267.1271, 240.6194, 201.5792, 967.258, 155.4604, 224.3241, 676.1461, 161.4489, 958.7249, 545.9633, 1204.9611, 248.0967],
      [11.578, 1.7291, 6.5236, 10.8981, 6.6355, 0.6288, 3.8513, 1.4148, 22.8749, 13.142, 3.9299, 5.5656, 10.9553, 14.9094, 3.9324, 5.8829, 1.6505, 1.6447, 15.8212, 4.0871, 1.6717, 13.1016, 7.3025, 3.3235, 6.445, 8.0955, 7.0119, 6.7428, 9.0088, 9.4043, 3.9299, 4.2443, 6.0829, 7.5453, 4.5463, 6.4306, 3.0653, 4.5594, 8.3313, 22.8115, 64.1063, 1.3362]
    ],
    [
      [3.6503, 4.037, 11.0513, 1.1825, 1.4485, 0.8248, 6.1808, 2.1415, 6.8914, 3.9922, 2.0051, 2.2733, 5.3865, 3.0642, 0.5074, 4.2538, 2.4655, 0.8941, 3.1762, 8.6196, 1.7167, 9.5241, 4.2445, 2.0117, 8.9615, 8.8086, 4.7765, 5.4314, 6.8365, 4.5777, 3.6257, 4.7252, 4.7454, 7.3606, 2.861, 3.9518, 5.2643, 1.9958, 9.1035, 4.0927, 18.1983, 6.0597],
      [26.5471, 27.7803, 94.8713, 6.7357, 8.5408, 8.6885, 32.7554, 12.1639, 41.7048, 32.7108, 10.4262, 16.8178, 29.5409, 28.6721, 2.6066, 21.7213, 20.1506, 4.3443, 29.5409, 47.1516, 14.7403, 91.3541, 51.3764, 22.7605, 55.0758, 99.7185, 56.7471, 59.258, 64.2917, 44.2452, 24.4783, 50.9363, 44.8172, 63.3975, 33.1064, 44.5089, 32.2261, 29.1452, 110.4599, 31.2786, 90.4293, 6.9508],
      [1.1042, 0.6597, 2.2469, 0.0858, 0.1143, 0.2541, 0.9868, 0.463, 5.6897, 1.7425, 1.9065, 0.7908, 1.2426, 2.6712, 0.053, 1.1562, 0.2477, 0.3055, 1.4815, 1.4325, 0.181, 3.5494, 2.1116, 0.7781, 2.0579, 3.024, 1.7378, 1.9762, 2.6933, 1.9165, 1.0818, 1.5298, 3.1362, 2.6379, 1.9788, 3.1967, 0.8348, 0.8477, 3.2547, 1.349, 4.7619, 0.5276],
      [3.6996, 9.2053, 12.1912, 0.6967, 0.9289, 3.7681, 9.5327, 5.28, 13.6218, 5.3628, 2.3702, 4.1456, 8.9541, 25.6579, 0.387, 13.7592, 2.0126, 2.6965, 11.1674, 12.9372, 1.4707, 33.3774, 9.1527, 3.6448, 12.6829, 37.6927, 10.0796, 17.6621, 25.1749, 9.5627, 6.3525, 10.8825, 7.9707, 21.6361, 5.6056, 7.8936, 5.6086, 12.327, 38.1911, 13.0059, 13.8016, 6.5528],
      [3.9988, 1.3178, 4.6394, 0.2994, 0.9675, 0.4646, 2.5443, 0.9516, 9.0923, 5.1917, 2.2921, 1.9725, 3.8758, 5.9347, 1.446, 3.1096, 1.1236, 0.7595, 5.634, 2.8592, 0.8913, 7.1951, 4.1147, 1.8049, 4.2219, 5.7562, 3.6589, 3.6723, 5.0037, 4.6979, 2.4617, 2.9262, 3.3306, 4.968, 2.4483, 3.449, 2.0662, 1.6842, 5.9907, 7.2738, 14.8089, 0.9091]
    ],
    [
      [15.1219, 14.548, 27.537, 4.9827, 5.349, 2.7154, 20.055, 4.4499, 29.9259, 16.5406, 8.6925, 7.0751, 14.0764, 7.5562, 2.0831, 14.2372, 6.2711, 2.9927, 10.9843, 20.8375, 4.7219, 25.3109, 13.4051, 5.8923, 22.8212, 21.3185, 12.5173, 14.6004, 13.7219, 12.8805, 11.4307, 12.1603, 13.9671, 24.0163, 8.6087, 12.1416, 14.8085, 3.3591, 25.6399, 13.3213, 53.8631, 9.3492],
      [0.3136, 0.3116, 1.2026, 0.0857, 0.1044, 0.0935, 0.3607, 0.1308, 0.4486, 0.3797, 0.1121, 0.189, 0.3178, 0.3084, 0.028, 0.2336, 0.4781, 0.0467, 0.3178, 0.5274, 1.4561, 0.9979, 0.6306, 0.2822, 0.6311, 1.1089, 0.7046, 0.6866, 0.6948, 0.5177, 0.2743, 0.6202, 0.5368, 0.6992, 0.4046, 0.5366, 0.3868, 0.3186, 1.2607, 0.3364, 1.004, 0.0748],
      [2.4326, 0.8407, 3.4978, 1.0608, 0.5191, 0.4026, 1.6466, 0.8677, 6.7871, 4.4176, 3.3348, 1.7898, 2.5624, 2.8166, 0.4418, 2.4398, 0.8276, 0.7248, 3.29, 2.4384, 1.2965, 7.1377, 6.2398, 2.9636, 4.1776, 5.1013, 3.3085, 3.7502, 0.0238, 4.2668, 2.3762, 2.8135, 4.0443, 5.5631, 10.9065, 9.3576, 1.3223, 1.3445, 5.4982, 2.6651, 11.2394, 1.0859],
      [56.0517, 39.5833, 63.908, 15.0816, 15.4505, 15.7862, 66.3516, 11.4907, 131.7319, 60.3502, 30.393, 18.7814, 31.453, 59.4014, 4.1722, 45.0705, 13.7079, 8.6172, 47.316, 37.4028, 10.5071, 65.7621, 42.0377, 15.6064, 43.8171, 59.3906, 33.383, 43.7558, 22.4824, 28.1795, 33.4334, 32.7325, 40.7297, 84.6975, 18.8852, 33.284, 39.1437, 4.3884, 93.7409, 36.105, 104.5123, 23.7819],
      [37.0803, 13.7164, 40.8546, 13.7891, 13.5769, 5.0024, 30.586, 8.0608, 85.1066, 45.3119, 21.4676, 16.1648, 30.5905, 51.9174, 8.2749, 29.0189, 9.7153, 6.6185, 44.092, 25.7939, 8.0183, 55.7915, 33.6867, 14.2555, 35.5529, 44.0807, 28.0867, 30.207, 32.077, 34.1554, 22.4855, 23.6736, 28.7221, 48.024, 20.1949, 28.6802, 21.3388, 9.5894, 52.8604, 38.5722, 116.3813, 10.7082]
    ]
  ],
  "V_est": [
    [571.1352, 336.7883, 8657.2943, 829.223, 1249.5592],
    [64.0585, 28.2852, 90.2876, 18857.6167, 356.752],
    [202.9187, 1624.7728, 69.7973, 458.7033, 151.808],
    [585.8875, 20.1538, 139.6208, 1682.4571, 1273.8808]
  ],
  "p_est": [
    [0.049, 0.0289, 0.7435, 0.0712, 0.1073],
    [0.0033, 0.0015, 0.0047, 0.9722, 0.0184],
    [0.0809, 0.6478, 0.0278, 0.1829, 0.0605],
    [0.1583, 0.0054, 0.0377, 0.4545, 0.3441]
  ],
  "EI_Z": {},
  "EI_V": 7.6279,
  "MAE_Z": {},
  "MAE_V": 284.1483,
  "MAE_p": 0.0513,
  "runtime": 0.6188
}
