{
  "Z_true": {},
  "V_true": [
    [11, 105, 809, 580],
    [1657, 1778, 510, 87],
    [556, 6434, 509, 158],
    [328, 467, 16437, 426],
    [327, 961, 900, 354],
    [151, 287, 531, 487]
  ],
  "p_true": [
    [0.0073, 0.0698, 0.5375, 0.3854],
    [0.411, 0.441, 0.1265, 0.0216],
    [0.0726, 0.8403, 0.0665, 0.0206],
    [0.0186, 0.0264, 0.9309, 0.0241],
    [0.1286, 0.378, 0.3541, 0.1393],
    [0.1037, 0.1971, 0.3647, 0.3345]
  ],
  "Z_est": [
    [
      [0.1888, 3.1792, 1.0264, 0.1252, 2.6098, 0.1028, 0.0768, 0.1593, 2.8165, 0.0274, 0.2248, 0.3345, 0.0483, 0.0936, 0.225, 0.3196, 0.101, 0.0087, 1.4354, 0.3139, 1.4671, 0.2009, 0.2186, 0.4192, 0.0061, 0.1887, 0.1262, 2.6499, 1.7389, 4.9554, 0.0565],
      [15.2288, 26.7976, 15.6823, 7.068, 17.4852, 13.2687, 15.1339, 9.7877, 23.7491, 6.9479, 13.7645, 7.3725, 0.4131, 18.0693, 1.4863, 15.6276, 4.0256, 1.0379, 8.0473, 20.7847, 7.0998, 9.283, 4.1955, 39.1832, 0.4315, 0.846, 1.0949, 108.1822, 12.9611, 29.4195, 8.7478],
      [11.9012, 18.0658, 16.669, 9.2887, 18.1082, 8.6641, 18.8527, 9.5718, 33.1814, 6.5171, 17.9992, 10.209, 0.1931, 25.6751, 1.3442, 26.3702, 7.8912, 1.3883, 10.5515, 30.0756, 13.7127, 29.2182, 15.6004, 41.5666, 0.9498, 2.1881, 2.0305, 174.612, 9.6851, 28.0252, 3.796],
      [7.6812, 16.9574, 12.6223, 5.518, 15.7969, 7.9644, 12.9365, 8.4813, 23.253, 5.5076, 13.0115, 8.084, 0.3455, 14.162, 2.9445, 15.6826, 1.9823, 0.5651, 8.9658, 17.8257, 8.7204, 12.298, 2.9855, 30.8309, 0.6127, 1.7772, 0.7484, 102.5559, 11.6148, 34.5999, 5.401]
    ],
    [
      [38.4653, 125.837, 66.4759, 28.7607, 55.9042, 91.8836, 56.3062, 26.4432, 72.5569, 7.8872, 34.8413, 20.5992, 4.5253, 19.5213, 2.749, 33.416, 24.8333, 1.4354, 28.8463, 68.1383, 51.0564, 50.4886, 24.8098, 83.3495, 0.4458, 4.0115, 5.7513, 316.3181, 61.7547, 178.9015, 61.585],
      [18.1222, 60.4277, 19.05, 7.2165, 18.5218, 31.3758, 18.647, 11.6445, 20.8031, 3.9613, 7.4892, 6.1845, 1.3422, 9.4632, 0.6332, 7.7986, 3.8139, 0.6754, 5.8363, 16.7955, 9.525, 7.0339, 3.7048, 31.0056, 0.0804, 0.3784, 0.7421, 83.6753, 25.8445, 35.6503, 25.1968],
      [31.0865, 112.8224, 61.7371, 26.6648, 61.3861, 103.1983, 86.1274, 37.1772, 99.0004, 8.0286, 28.2221, 24.8597, 2.0808, 29.6663, 1.341, 41.2035, 34.2927, 1.8738, 27.7466, 71.1629, 68.6909, 67.9517, 48.4068, 121.6668, 0.4634, 2.4899, 5.4769, 414.4073, 56.9898, 121.559, 63.7583],
      [0.326, 1.9129, 0.7369, 0.358, 1.1878, 1.5424, 0.9194, 0.7351, 1.6396, 0.1229, 0.4473, 0.3566, 0.0517, 0.3491, 0.2768, 0.5819, 0.0602, 0.0155, 0.5709, 0.9032, 0.7277, 0.5259, 0.0786, 1.9782, 0.0105, 0.1201, 0.0297, 5.5993, 1.4111, 3.8891, 2.4564]
    ],
    [
      [19.648, 35.5777, 30.403, 12.415, 15.4491, 10.6345, 7.0297, 4.5629, 16.7302, 4.2307, 23.723, 8.5133, 2.0324, 9.1802, 0.6204, 10.2929, 4.3469, 1.1229, 7.0879, 32.7819, 10.8717, 17.9537, 5.2612, 12.2326, 0.1226, 1.3797, 0.7833, 96.7028, 14.7905, 55.1633, 5.0053],
      [229.1375, 425.6566, 323.0862, 117.0769, 204.4122, 177.3226, 166.9796, 91.2512, 257.7122, 101.8861, 224.3251, 131.2427, 17.8665, 193.1925, 4.8304, 160.5722, 51.1821, 15.065, 78.2717, 357.6586, 151.6806, 191.4471, 83.3744, 279.3939, 3.2148, 4.9472, 7.3381, 1431.7829, 199.2259, 450.1522, 84.4079],
      [8.8963, 11.6183, 15.6063, 5.7121, 8.0591, 4.4473, 7.2333, 4.1304, 13.0809, 4.2951, 16.0802, 7.8281, 0.3736, 13.5623, 0.036, 8.8934, 3.9431, 1.9744, 3.1895, 25.1167, 10.9116, 20.2911, 14.2461, 11.4156, 0.1174, 0.1827, 0.2533, 82.7957, 5.6362, 14.7908, 1.1646],
      [14.3182, 31.1473, 28.9044, 9.7961, 22.0796, 11.5956, 15.7573, 10.0555, 26.4767, 11.5881, 28.8717, 18.4159, 1.7275, 24.065, 1.5132, 19.2415, 2.5279, 0.8377, 9.4508, 35.4428, 15.5361, 27.308, 5.1184, 29.9579, 0.5452, 1.4904, 0.6253, 143.7186, 22.3473, 60.8938, 7.4296]
    ],
    [
      [11.1673, 33.1572, 25.7785, 9.7541, 18.7245, 39.2332, 31.9153, 9.0698, 25.0478, 4.3512, 17.9198, 9.2403, 2.5829, 6.1663, 0.9088, 15.3189, 15.5315, 0.3083, 14.5566, 26.5282, 25.182, 22.2046, 11.131, 34.6126, 0.2959, 1.58, 3.4517, 124.4065, 20.1519, 82.4379, 24.4009],
      [12.8508, 23.5313, 18.1251, 4.0508, 11.495, 17.1991, 29.5976, 5.8348, 11.733, 12.8925, 9.4162, 9.7326, 1.8638, 11.6726, 0.0974, 10.9668, 2.7976, 0.2918, 3.7893, 14.2638, 6.9439, 4.6994, 2.7332, 28.5577, 0.4712, 0.0234, 0.2784, 82.4886, 15.5593, 17.3572, 11.6985],
      [278.0884, 700.1376, 602.0082, 221.2802, 481.8959, 638.0889, 857.3374, 271.6497, 743.5094, 195.6656, 384.5478, 317.3958, 26.6311, 373.4305, 13.6053, 483.3437, 293.9497, 14.3413, 253.5294, 698.7793, 566.3707, 684.3103, 413.0407, 1064.898, 16.6448, 17.0484, 44.0576, 3934.5126, 427.7565, 1039.9867, 320.0849],
      [4.8935, 8.1739, 10.0882, 1.9148, 7.8845, 6.4789, 9.1497, 3.4456, 7.7099, 7.0907, 9.1162, 8.6313, 0.9221, 8.7306, 1.3886, 9.3705, 0.7212, 0.0586, 3.1248, 9.4287, 4.5035, 5.7858, 1.0951, 13.9316, 0.5881, 0.3482, 0.2123, 44.5922, 10.5322, 23.2183, 6.8074]
    ],
    [
      [3.7912, 7.9514, 7.3385, 3.7918, 3.5178, 3.2322, 1.4722, 0.6849, 4.0715, 0.7111, 3.1216, 1.6278, 0.2934, 1.3677, 0.2252, 2.277, 1.0921, 0.0653, 2.0202, 5.0922, 2.175, 4.7146, 1.059, 3.2106, 0.0529, 0.5332, 0.4017, 24.0757, 2.9362, 11.2127, 0.6565],
      [66.8333, 122.3669, 112.8575, 47.7847, 62.335, 66.5246, 49.3462, 18.4153, 80.3278, 31.6968, 40.4439, 39.0356, 3.9187, 47.3191, 2.2076, 52.8128, 16.3961, 1.4556, 29.6001, 79.6618, 36.6188, 63.9102, 19.6061, 94.7869, 2.0407, 2.3729, 3.9965, 490.128, 52.5621, 120.8295, 15.8693],
      [5.854, 10.1174, 15.5835, 8.4052, 7.5574, 6.984, 7.2107, 1.957, 11.8589, 3.5779, 7.1974, 6.0743, 0.2253, 6.8058, 0.3599, 8.6456, 5.3681, 0.2777, 4.3007, 12.5617, 7.0506, 23.3992, 8.4116, 12.7488, 0.4336, 0.7687, 1.1268, 82.237, 4.4361, 13.9088, 0.7292],
      [6.5215, 13.5643, 14.2206, 6.0183, 9.5897, 5.2592, 5.9708, 2.9428, 11.7418, 5.0141, 9.2371, 7.2623, 0.5627, 8.5075, 1.2073, 9.2646, 1.1437, 0.2014, 5.0791, 13.6843, 5.1555, 13.976, 1.9233, 13.2537, 0.4728, 1.3252, 0.475, 70.5592, 8.0656, 23.049, 1.7463]
    ],
    [
      [1.7394, 7.2975, 4.9778, 3.1532, 3.7945, 1.9138, 2.1997, 1.0799, 3.7771, 0.7924, 5.1696, 1.6848, 0.5177, 1.671, 0.2717, 2.3756, 1.0953, 0.0594, 1.0537, 8.1455, 2.2478, 6.4377, 1.5204, 3.1755, 0.0768, 0.3069, 0.4857, 21.847, 3.6278, 14.3293, 1.2958],
      [10.8274, 39.2198, 26.1989, 14.803, 20.7508, 15.3092, 21.2956, 8.0665, 21.6748, 9.6155, 26.561, 11.4321, 2.5958, 16.2832, 0.7451, 15.2219, 4.7848, 0.4743, 4.4553, 43.8355, 10.1319, 26.6264, 7.3861, 27.0727, 0.7615, 0.4321, 1.55, 132.7429, 19.847, 50.5912, 12.0797],
      [2.1736, 9.2385, 8.3958, 5.649, 6.9933, 2.6174, 8.2385, 2.5139, 8.369, 2.9156, 10.9533, 4.6332, 0.496, 5.86, 0.3135, 6.5436, 3.5552, 0.1445, 1.6824, 18.3037, 5.2635, 26.8295, 9.2943, 8.7041, 0.391, 0.3222, 1.0549, 54.4353, 5.4962, 17.7295, 1.4669],
      [6.2596, 23.2442, 19.4275, 10.3948, 17.4614, 9.1596, 17.2662, 7.3397, 19.179, 7.6765, 22.3161, 11.2499, 1.3905, 14.1858, 1.6697, 14.8589, 2.5647, 0.3217, 4.8087, 33.7152, 10.3568, 27.1064, 4.7992, 24.0477, 0.7707, 0.9388, 0.9094, 116.9747, 16.029, 50.3499, 7.1592]
    ]
  ],
  "V_est": [
    [25.4445, 463.2226, 603.9019, 412.4324],
    [1647.8974, 492.6391, 1861.5392, 29.9207],
    [476.6493, 6215.6929, 325.8818, 638.7834],
    [667.1153, 383.0128, 16377.9265, 229.9372],
    [104.7731, 1874.0604, 286.1731, 276.9948],
    [108.1204, 603.3722, 240.5775, 503.9315]
  ],
  "p_est": [
    [0.0169, 0.3078, 0.4013, 0.274],
    [0.4087, 0.1222, 0.4617, 0.0074],
    [0.0623, 0.8118, 0.0426, 0.0834],
    [0.0378, 0.0217, 0.9275, 0.013],
    [0.0412, 0.7372, 0.1126, 0.109],
    [0.0743, 0.4144, 0.1652, 0.3461]
  ],
  "EI_Z": {},
  "EI_V": 10.8765,
  "MAE_Z": {},
  "MAE_V": 315.8724,
  "MAE_p": 0.1044,
  "runtime": 108.782
}
