{
  "Z_true": {},
  "V_true": [
    [1260, 4288, 377, 116],
    [324, 5361, 171, 77],
    [234, 913, 10979, 200],
    [144, 776, 379, 123],
    [118, 556, 588, 469]
  ],
  "p_true": [
    [0.2086, 0.7098, 0.0624, 0.0192],
    [0.0546, 0.9036, 0.0288, 0.013],
    [0.019, 0.0741, 0.8907, 0.0162],
    [0.1013, 0.5457, 0.2665, 0.0865],
    [0.0682, 0.3212, 0.3397, 0.2709]
  ],
  "Z_est": [
    [
      [24.5616, 8.568, 10.3768, 12.376, 18.9448, 0.6664, 20.3728, 6.188, 10.472, 4.0936, 1.0472, 1.2376, 3.9032, 3.5224, 0.6664, 7.3304, 0.7616, 13.6136, 2.6656, 5.6168, 5.1408, 5.3312, 0.1904, 0.5712, 1.2376, 0.3808, 1.8088, 4.5696, 1.2376, 1.0472, 1.6184, 20.8488, 5.8072, 4.8552, 3.4272, 4.0936, 3.808, 19.4208, 5.3312, 9.1392, 12.7568, 6.0928, 6.5688, 5.236, 1.0472, 0.2856, 148.512, 27.7032, 61.88, 48.1712],
      [211.6374, 73.827, 89.4127, 106.639, 163.2397, 5.7421, 175.5442, 53.3195, 90.233, 35.2729, 9.0233, 10.6639, 33.6323, 30.3511, 5.7421, 63.1631, 6.5624, 117.3029, 22.9684, 48.3977, 44.2962, 45.9368, 1.6406, 4.9218, 10.6639, 3.2812, 15.5857, 39.3744, 10.6639, 9.0233, 13.9451, 179.6457, 50.0383, 41.8353, 29.5308, 35.2729, 32.812, 167.3412, 45.9368, 78.7488, 109.9202, 52.4992, 56.6007, 45.1165, 9.0233, 2.4609, 1279.668, 238.7073, 533.195, 415.0718],
      [15.996, 5.58, 6.758, 8.06, 12.338, 0.434, 13.268, 4.03, 6.82, 2.666, 0.682, 0.806, 2.542, 2.294, 0.434, 4.774, 0.496, 8.866, 1.736, 3.658, 3.348, 3.472, 0.124, 0.372, 0.806, 0.248, 1.178, 2.976, 0.806, 0.682, 1.054, 13.578, 3.782, 3.162, 2.232, 2.666, 2.48, 12.648, 3.472, 5.952, 8.308, 3.968, 4.278, 3.41, 0.682, 0.186, 96.72, 18.042, 40.3, 31.372],
      [5.8308, 2.034, 2.4634, 2.938, 4.4974, 0.1582, 4.8364, 1.469, 2.486, 0.9718, 0.2486, 0.2938, 0.9266, 0.8362, 0.1582, 1.7402, 0.1808, 3.2318, 0.6328, 1.3334, 1.2204, 1.2656, 0.0452, 0.1356, 0.2938, 0.0904, 0.4294, 1.0848, 0.2938, 0.2486, 0.3842, 4.9494, 1.3786, 1.1526, 0.8136, 0.9718, 0.904, 4.6104, 1.2656, 2.1696, 3.0284, 1.4464, 1.5594, 1.243, 0.2486, 0.0678, 35.256, 6.5766, 14.69, 11.4356]
    ],
    [
      [13.86, 3.1185, 7.4745, 9.7515, 13.464, 0.4455, 14.85, 3.267, 5.2965, 1.188, 0.198, 0.198, 2.1285, 0.792, 0.396, 4.2075, 0.297, 8.8605, 2.4255, 4.059, 3.2175, 2.7225, 0.0495, 0.3465, 0.792, 0.2475, 0.891, 2.871, 0.396, 0.4455, 0.594, 12.276, 4.7025, 1.9305, 3.861, 2.0295, 3.663, 6.534, 2.277, 3.4155, 5.049, 2.9205, 4.7025, 2.4255, 0.6435, 0.2475, 69.5475, 13.761, 31.779, 13.068],
      [242.676, 54.6021, 130.8717, 170.7399, 235.7424, 7.8003, 260.01, 57.2022, 92.7369, 20.8008, 3.4668, 3.4668, 37.2681, 13.8672, 6.9336, 73.6695, 5.2002, 155.1393, 42.4683, 71.0694, 56.3355, 47.6685, 0.8667, 6.0669, 13.8672, 4.3335, 15.6006, 50.2686, 6.9336, 7.8003, 10.4004, 214.9416, 82.3365, 33.8013, 67.6026, 35.5347, 64.1358, 114.4044, 39.8682, 59.8023, 88.4034, 51.1353, 82.3365, 42.4683, 11.2671, 4.3335, 1217.7135, 240.9426, 556.4214, 228.8088],
      [15.736, 3.5406, 8.4862, 11.0714, 15.2864, 0.5058, 16.86, 3.7092, 6.0134, 1.3488, 0.2248, 0.2248, 2.4166, 0.8992, 0.4496, 4.777, 0.3372, 10.0598, 2.7538, 4.6084, 3.653, 3.091, 0.0562, 0.3934, 0.8992, 0.281, 1.0116, 3.2596, 0.4496, 0.5058, 0.6744, 13.9376, 5.339, 2.1918, 4.3836, 2.3042, 4.1588, 7.4184, 2.5852, 3.8778, 5.7324, 3.3158, 5.339, 2.7538, 0.7306, 0.281, 78.961, 15.6236, 36.0804, 14.8368],
      [7.728, 1.7388, 4.1676, 5.4372, 7.5072, 0.2484, 8.28, 1.8216, 2.9532, 0.6624, 0.1104, 0.1104, 1.1868, 0.4416, 0.2208, 2.346, 0.1656, 4.9404, 1.3524, 2.2632, 1.794, 1.518, 0.0276, 0.1932, 0.4416, 0.138, 0.4968, 1.6008, 0.2208, 0.2484, 0.3312, 6.8448, 2.622, 1.0764, 2.1528, 1.1316, 2.0424, 3.6432, 1.2696, 1.9044, 2.8152, 1.6284, 2.622, 1.3524, 0.3588, 0.138, 38.778, 7.6728, 17.7192, 7.2864]
    ],
    [
      [15.5632, 3.1236, 5.206, 12.878, 8.7132, 0.7124, 9.7544, 2.9592, 6.0006, 1.644, 0.274, 0.3836, 1.233, 1.096, 0.2466, 3.6442, 0.4932, 19.2074, 3.0962, 6.4116, 2.1372, 1.6714, 0.2192, 0.9316, 0.822, 0.3836, 0.3836, 1.9728, 0.7946, 1.5344, 1.9454, 17.2346, 6.165, 7.2062, 2.5482, 7.0418, 2.603, 6.0828, 2.466, 4.4662, 5.4252, 2.3016, 2.7674, 2.5756, 1.0138, 0.274, 83.296, 15.2618, 36.9352, 16.6318],
      [38.908, 7.809, 13.015, 32.195, 21.783, 1.781, 24.386, 7.398, 15.0015, 4.11, 0.685, 0.959, 3.0825, 2.74, 0.6165, 9.1105, 1.233, 48.0185, 7.7405, 16.029, 5.343, 4.1785, 0.548, 2.329, 2.055, 0.959, 0.959, 4.932, 1.9865, 3.836, 4.8635, 43.0865, 15.4125, 18.0155, 6.3705, 17.6045, 6.5075, 15.207, 6.165, 11.1655, 13.563, 5.754, 6.9185, 6.439, 2.5345, 0.685, 208.24, 38.1545, 92.338, 41.5795],
      [505.6904, 101.4942, 169.157, 418.441, 283.1154, 23.1478, 316.9468, 96.1524, 194.9757, 53.418, 8.903, 12.4642, 40.0635, 35.612, 8.0127, 118.4099, 16.0254, 624.1003, 100.6039, 208.3302, 69.4434, 54.3083, 7.1224, 30.2702, 26.709, 12.4642, 12.4642, 64.1016, 25.8187, 49.8568, 63.2113, 559.9987, 200.3175, 234.1489, 82.7979, 228.8071, 84.5785, 197.6466, 80.127, 145.1189, 176.2794, 74.7852, 89.9203, 83.6882, 32.9411, 8.903, 2706.512, 495.8971, 1200.1244, 540.4121],
      [7.8952, 1.5846, 2.641, 6.533, 4.4202, 0.3614, 4.9484, 1.5012, 3.0441, 0.834, 0.139, 0.1946, 0.6255, 0.556, 0.1251, 1.8487, 0.2502, 9.7439, 1.5707, 3.2526, 1.0842, 0.8479, 0.1112, 0.4726, 0.417, 0.1946, 0.1946, 1.0008, 0.4031, 0.7784, 0.9869, 8.7431, 3.1275, 3.6557, 1.2927, 3.5723, 1.3205, 3.0858, 1.251, 2.2657, 2.7522, 1.1676, 1.4039, 1.3066, 0.5143, 0.139, 42.256, 7.7423, 18.7372, 8.4373]
    ],
    [
      [23.4688, 5.5005, 5.5005, 15.0347, 16.1348, 0.3667, 12.4678, 4.4004, 6.9673, 5.5005, 1.4668, 0.3667, 5.8672, 1.4668, 1.4668, 3.667, 0.7334, 9.1675, 2.5669, 5.5005, 1.1001, 2.2002, 0, 0, 1.1001, 0.3667, 0.3667, 3.3003, 1.4668, 0.7334, 2.2002, 12.4678, 4.7671, 3.3003, 4.4004, 5.5005, 3.3003, 27.5025, 6.6006, 23.1021, 26.0357, 9.9009, 17.2349, 7.334, 0.3667, 0, 144.1131, 20.9019, 50.6046, 13.5679],
      [17.7728, 4.1655, 4.1655, 11.3857, 12.2188, 0.2777, 9.4418, 3.3324, 5.2763, 4.1655, 1.1108, 0.2777, 4.4432, 1.1108, 1.1108, 2.777, 0.5554, 6.9425, 1.9439, 4.1655, 0.8331, 1.6662, 0, 0, 0.8331, 0.2777, 0.2777, 2.4993, 1.1108, 0.5554, 1.6662, 9.4418, 3.6101, 2.4993, 3.3324, 4.1655, 2.4993, 20.8275, 4.9986, 17.4951, 19.7167, 7.4979, 13.0519, 5.554, 0.2777, 0, 109.1361, 15.8289, 38.3226, 10.2749],
      [15.2, 3.5625, 3.5625, 9.7375, 10.45, 0.2375, 8.075, 2.85, 4.5125, 3.5625, 0.95, 0.2375, 3.8, 0.95, 0.95, 2.375, 0.475, 5.9375, 1.6625, 3.5625, 0.7125, 1.425, 0, 0, 0.7125, 0.2375, 0.2375, 2.1375, 0.95, 0.475, 1.425, 8.075, 3.0875, 2.1375, 2.85, 3.5625, 2.1375, 17.8125, 4.275, 14.9625, 16.8625, 6.4125, 11.1625, 4.75, 0.2375, 0, 93.3375, 13.5375, 32.775, 8.7875],
      [7.5648, 1.773, 1.773, 4.8462, 5.2008, 0.1182, 4.0188, 1.4184, 2.2458, 1.773, 0.4728, 0.1182, 1.8912, 0.4728, 0.4728, 1.182, 0.2364, 2.955, 0.8274, 1.773, 0.3546, 0.7092, 0, 0, 0.3546, 0.1182, 0.1182, 1.0638, 0.4728, 0.2364, 0.7092, 4.0188, 1.5366, 1.0638, 1.4184, 1.773, 1.0638, 8.865, 2.1276, 7.4466, 8.3922, 3.1914, 5.5554, 2.364, 0.1182, 0, 46.4526, 6.7374, 16.3116, 4.3734]
    ],
    [
      [21.28, 7.0224, 10.64, 15.96, 18.3008, 0.6384, 11.4912, 4.8944, 10.2144, 4.8944, 0, 0.8512, 2.128, 1.2768, 0, 2.9792, 0.2128, 9.576, 1.9152, 3.8304, 1.7024, 2.5536, 0.4256, 1.064, 0.2128, 0, 0.2128, 2.7664, 1.7024, 1.4896, 1.2768, 11.9168, 3.4048, 3.6176, 1.7024, 1.9152, 2.5536, 8.0864, 0.8512, 5.32, 6.5968, 1.9152, 4.6816, 2.7664, 1.2768, 0.2128, 91.7168, 20.8544, 41.2832, 16.1728],
      [29.82, 9.8406, 14.91, 22.365, 25.6452, 0.8946, 16.1028, 6.8586, 14.3136, 6.8586, 0, 1.1928, 2.982, 1.7892, 0, 4.1748, 0.2982, 13.419, 2.6838, 5.3676, 2.3856, 3.5784, 0.5964, 1.491, 0.2982, 0, 0.2982, 3.8766, 2.3856, 2.0874, 1.7892, 16.6992, 4.7712, 5.0694, 2.3856, 2.6838, 3.5784, 11.3316, 1.1928, 7.455, 9.2442, 2.6838, 6.5604, 3.8766, 1.7892, 0.2982, 128.5242, 29.2236, 57.8508, 22.6632],
      [27.86, 9.1938, 13.93, 20.895, 23.9596, 0.8358, 15.0444, 6.4078, 13.3728, 6.4078, 0, 1.1144, 2.786, 1.6716, 0, 3.9004, 0.2786, 12.537, 2.5074, 5.0148, 2.2288, 3.3432, 0.5572, 1.393, 0.2786, 0, 0.2786, 3.6218, 2.2288, 1.9502, 1.6716, 15.6016, 4.4576, 4.7362, 2.2288, 2.5074, 3.3432, 10.5868, 1.1144, 6.965, 8.6366, 2.5074, 6.1292, 3.6218, 1.6716, 0.2786, 120.0766, 27.3028, 54.0484, 21.1736],
      [21.05, 6.9465, 10.525, 15.7875, 18.103, 0.6315, 11.367, 4.8415, 10.104, 4.8415, 0, 0.842, 2.105, 1.263, 0, 2.947, 0.2105, 9.4725, 1.8945, 3.789, 1.684, 2.526, 0.421, 1.0525, 0.2105, 0, 0.2105, 2.7365, 1.684, 1.4735, 1.263, 11.788, 3.368, 3.5785, 1.684, 1.8945, 2.526, 7.999, 0.842, 5.2625, 6.5255, 1.8945, 4.631, 2.7365, 1.263, 0.2105, 90.7255, 20.629, 40.837, 15.998]
    ]
  ],
  "V_est": [
    [575.1032, 4955.4323, 374.542, 136.5266],
    [293.6835, 5142.1311, 333.4346, 163.7508],
    [337.7324, 844.331, 10973.8378, 171.3314],
    [521.4474, 394.8894, 337.725, 168.0804],
    [368.3568, 516.1842, 482.2566, 364.3755]
  ],
  "p_est": [
    [0.0952, 0.8203, 0.062, 0.0226],
    [0.0495, 0.8667, 0.0562, 0.0276],
    [0.0274, 0.0685, 0.8903, 0.0139],
    [0.3667, 0.2777, 0.2375, 0.1182],
    [0.2128, 0.2982, 0.2786, 0.2105]
  ],
  "EI_Z": {},
  "EI_V": 6.2386,
  "MAE_Z": {},
  "MAE_V": 171.2685,
  "MAE_p": 0.0606,
  "runtime": 101.329
}
