{
  "X": [
    [23, 45, 242, 304, 39],
    [23, 35, 179, 197, 20],
    [3, 3, 4, 56, 3],
    [6, 7, 12, 104, 5],
    [5, 14, 53, 176, 13],
    [9, 18, 185, 24, 11],
    [6, 15, 96, 108, 9],
    [33, 100, 288, 617, 41],
    [6, 8, 9, 63, 3],
    [5, 24, 22, 98, 7],
    [9, 24, 278, 132, 39],
    [12, 18, 183, 123, 25],
    [3, 14, 141, 67, 15],
    [5, 9, 113, 20, 16],
    [12, 27, 258, 134, 29],
    [55, 65, 371, 777, 79],
    [21, 30, 174, 243, 26],
    [28, 43, 272, 372, 46],
    [15, 25, 145, 142, 30],
    [13, 119, 210, 285, 28],
    [24, 25, 59, 410, 18],
    [9, 23, 83, 281, 10],
    [12, 79, 162, 661, 27],
    [24, 89, 247, 1114, 39],
    [33, 48, 277, 452, 35],
    [23, 27, 159, 502, 21],
    [28, 71, 174, 733, 30],
    [4, 11, 6, 105, 5],
    [21, 34, 253, 303, 34],
    [75, 107, 589, 742, 81],
    [7, 21, 53, 164, 9],
    [9, 24, 44, 251, 11],
    [22, 29, 173, 270, 25],
    [39, 75, 492, 530, 49],
    [6, 13, 49, 166, 18],
    [2, 1, 4, 27, 0],
    [11, 20, 34, 146, 7],
    [17, 45, 106, 183, 24],
    [2, 1, 34, 132, 9],
    [9, 19, 42, 233, 7],
    [7, 19, 89, 123, 23],
    [25, 40, 193, 242, 25],
    [36, 46, 252, 509, 44],
    [12, 13, 107, 106, 10],
    [1, 10, 22, 82, 2],
    [5, 18, 27, 192, 11],
    [4, 15, 24, 196, 12],
    [2, 4, 24, 59, 3],
    [3, 2, 8, 93, 5],
    [17, 30, 172, 205, 20],
    [52, 60, 339, 512, 63],
    [3, 4, 15, 89, 5],
    [8, 0, 7, 52, 4],
    [5, 49, 95, 216, 13],
    [14, 18, 35, 131, 13],
    [9, 15, 37, 267, 11],
    [4, 36, 46, 155, 5],
    [3, 34, 20, 133, 10],
    [16, 16, 28, 122, 6],
    [1, 3, 14, 58, 1],
    [2, 2, 7, 61, 2],
    [2, 9, 30, 83, 5],
    [114, 219, 1103, 2789, 115],
    [3, 8, 26, 105, 1],
    [7, 28, 118, 223, 14],
    [52, 193, 558, 1017, 97],
    [2, 23, 47, 111, 2]
  ],
  "W": [
    [29, 61, 209, 281, 48, 25],
    [33, 51, 151, 185, 21, 13],
    [6, 5, 2, 49, 0, 7],
    [8, 13, 10, 92, 2, 9],
    [4, 24, 34, 161, 13, 25],
    [5, 9, 168, 27, 22, 16],
    [4, 17, 75, 104, 24, 10],
    [44, 163, 232, 538, 59, 43],
    [4, 4, 9, 63, 4, 5],
    [7, 14, 21, 95, 10, 9],
    [14, 26, 252, 105, 53, 32],
    [16, 15, 157, 110, 33, 30],
    [3, 13, 134, 62, 10, 18],
    [3, 4, 110, 12, 16, 18],
    [13, 22, 244, 123, 33, 25],
    [69, 84, 327, 722, 93, 52],
    [24, 54, 138, 208, 46, 24],
    [31, 61, 218, 346, 68, 37],
    [13, 38, 131, 134, 20, 21],
    [10, 147, 157, 278, 33, 30],
    [36, 41, 48, 381, 17, 13],
    [9, 38, 68, 259, 20, 12],
    [35, 105, 130, 614, 34, 23],
    [25, 156, 175, 1056, 59, 42],
    [35, 66, 236, 429, 46, 33],
    [28, 70, 118, 456, 33, 27],
    [31, 94, 132, 698, 37, 44],
    [5, 8, 5, 105, 0, 8],
    [34, 55, 198, 283, 48, 27],
    [81, 160, 476, 681, 126, 70],
    [8, 19, 44, 157, 14, 12],
    [10, 33, 34, 233, 15, 14],
    [27, 38, 147, 233, 38, 36],
    [49, 109, 395, 479, 100, 53],
    [5, 20, 37, 148, 13, 29],
    [4, 4, 0, 22, 2, 2],
    [5, 19, 32, 133, 14, 15],
    [16, 59, 80, 160, 41, 19],
    [6, 7, 28, 118, 6, 13],
    [10, 19, 40, 217, 8, 16],
    [7, 23, 82, 111, 24, 14],
    [27, 41, 174, 227, 34, 22],
    [55, 82, 190, 462, 68, 30],
    [13, 21, 88, 95, 21, 10],
    [1, 14, 16, 79, 5, 2],
    [11, 17, 18, 176, 14, 17],
    [4, 24, 17, 176, 15, 15],
    [5, 14, 14, 54, 2, 3],
    [3, 7, 8, 88, 0, 5],
    [11, 39, 160, 187, 28, 19],
    [66, 90, 286, 457, 73, 54],
    [4, 9, 14, 78, 2, 9],
    [11, 2, 2, 49, 4, 3],
    [12, 77, 64, 197, 13, 15],
    [11, 24, 23, 119, 14, 20],
    [5, 27, 23, 252, 12, 20],
    [5, 60, 28, 136, 11, 6],
    [4, 24, 21, 133, 7, 11],
    [10, 26, 23, 106, 11, 12],
    [0, 6, 9, 56, 4, 2],
    [2, 6, 4, 45, 5, 12],
    [6, 22, 17, 72, 5, 7],
    [153, 349, 927, 2548, 219, 144],
    [8, 8, 17, 98, 4, 8],
    [7, 33, 109, 206, 18, 17],
    [50, 221, 487, 980, 84, 95],
    [3, 38, 30, 102, 7, 5]
  ],
  "method": "mult",
  "cond_prob": [
    [
      [0.52107285044, 0.00073543559478, 0.10669019932, 0.2526762826, 0.11882523204],
      [0.0023800900191, 0.52453093602, 0.17257887665, 0.2922670677, 0.0082430296055],
      [0.0052867387821, 0.028739895272, 0.90892484, 0.0031997702186, 0.053848755727],
      [0.0027718212151, 0.011440493776, 0.0079561009513, 0.974832993, 0.002998591058],
      [0.081169334118, 0.022289116216, 0.61312701025, 0.068293764129, 0.21512077529],
      [0.069369811955, 0.098469221318, 0.1075850679, 0.28196225311, 0.44261364572]
    ],
    [
      [0.55311334729, 0.00071918684336, 0.11153380673, 0.23794848569, 0.096685173459],
      [0.0025743917085, 0.52539477536, 0.18420187641, 0.2809939519, 0.0068350046236],
      [0.0054272530091, 0.027235706195, 0.92201020455, 0.0029183766633, 0.042408459587],
      [0.0031113386497, 0.011853399423, 0.0088099839185, 0.9736452015, 0.002580076505],
      [0.086979241629, 0.022041437107, 0.64870015526, 0.065007019147, 0.17727214685],
      [0.080776718396, 0.10587286823, 0.12357640675, 0.29176942615, 0.39800458047]
    ],
    [
      [0.50660868412, 0.0006015957792, 0.10381735863, 0.29836262639, 0.090609735078],
      [0.0020209196116, 0.48233794496, 0.16836497905, 0.34120720536, 0.0060689510197],
      [0.0039525607477, 0.02057433794, 0.93698325121, 0.00327166427, 0.035218185836],
      [0.0020090005732, 0.0079115792591, 0.006387976279, 0.98180910106, 0.001882342829],
      [0.070108114419, 0.018085880297, 0.66699330906, 0.07934162384, 0.16547107239],
      [0.064017407551, 0.087240143432, 0.11083443448, 0.35203316911, 0.38587484542]
    ],
    [
      [0.58616566025, 0.00051923166433, 0.077232144057, 0.25250100376, 0.083581960271],
      [0.0030391583485, 0.47692845681, 0.15409985387, 0.35890912614, 0.0070234048349],
      [0.0072413825547, 0.026795081608, 0.91227731372, 0.0042044502462, 0.049481771874],
      [0.0028875177781, 0.008102591494, 0.0057368562291, 0.98119014328, 0.0020828912219],
      [0.10925795184, 0.020176548464, 0.58712894568, 0.087214608152, 0.19622194586],
      [0.087880265439, 0.084625055718, 0.093968978796, 0.33990071739, 0.39362498266]
    ],
    [
      [0.51095931298, 0.00058844343494, 0.12268278148, 0.27506068298, 0.090708779119],
      [0.0022821762806, 0.44837413278, 0.20862077969, 0.33413737232, 0.0065855389188],
      [0.0042667582313, 0.020336111266, 0.93607443748, 0.0030755286991, 0.036247164323],
      [0.0023301411162, 0.0084300992223, 0.0084085036099, 0.97873137341, 0.0020998826436],
      [0.071825881928, 0.017109240978, 0.68190125561, 0.07123555311, 0.15792806838],
      [0.069869320673, 0.08636939336, 0.13516771143, 0.33535633964, 0.3732372349]
    ],
    [
      [0.68697308786, 0.0010026426612, 0.10513238855, 0.15338953097, 0.053502349956],
      [0.0027098551399, 0.67578148878, 0.15562383682, 0.16249586185, 0.0033889574077],
      [0.0067920079933, 0.040511535093, 0.92570877855, 0.0019927301412, 0.024994948221],
      [0.0054735438481, 0.024767608112, 0.012439588484, 0.95518135038, 0.0021379091794],
      [0.1164051221, 0.034761521812, 0.69081270734, 0.047150778103, 0.11086987065],
      [0.12425397023, 0.19297285696, 0.15141049482, 0.24477322748, 0.28658945051]
    ],
    [
      [0.58112950778, 0.00076567454123, 0.11005501392, 0.2399150476, 0.068134756162],
      [0.0024077283431, 0.54787337154, 0.1739804803, 0.27114210249, 0.004596317325],
      [0.005410791667, 0.029601359459, 0.93156853321, 0.0029969677149, 0.030422347953],
      [0.0030087899439, 0.012490838346, 0.0085960924359, 0.97411061569, 0.0017936635887],
      [0.091238680213, 0.024933997415, 0.68135645778, 0.069521094307, 0.13294977029],
      [0.089363275218, 0.12692980336, 0.1366791006, 0.3298019162, 0.31722590463]
    ],
    [
      [0.52140450803, 0.00073630825587, 0.10905263171, 0.27615883918, 0.09264771283],
      [0.002337892217, 0.50830161252, 0.17187053785, 0.31122243214, 0.0062675252735],
      [0.0052865818842, 0.028532609482, 0.92104161806, 0.0034704474103, 0.041668743165],
      [0.0025659864725, 0.010516846599, 0.0074683831495, 0.97729994573, 0.002148838052],
      [0.08402037143, 0.022933831936, 0.64400027077, 0.07675309117, 0.1722924347],
      [0.075069502234, 0.1057952503, 0.11816788514, 0.33112180337, 0.36984555896]
    ],
    [
      [0.75021079238, 0.00097698134483, 0.045485344356, 0.15340601648, 0.04992086544],
      [0.0027420258975, 0.75681834707, 0.069752258242, 0.16749257818, 0.0031947906158],
      [0.013426434232, 0.079902981896, 0.85625319925, 0.0040242703813, 0.046393114244],
      [0.0054576619134, 0.024567973996, 0.0054290462885, 0.96256134514, 0.0019839726579],
      [0.1890723853, 0.055450649533, 0.50651215197, 0.077035395423, 0.17192941778],
      [0.13545983321, 0.21035156543, 0.071839994723, 0.26810895813, 0.3142396485]
    ],
    [
      [0.54546245716, 0.0018657807219, 0.082689535234, 0.26859239116, 0.10138983572],
      [0.0012564614973, 0.75327273614, 0.072819811154, 0.1688659969, 0.003784994307],
      [0.0060554092073, 0.086115770962, 0.84998537595, 0.0040017446214, 0.053841699261],
      [0.0024898394508, 0.026856955429, 0.005685068619, 0.9626264644, 0.0023416721006],
      [0.090972575839, 0.064611633546, 0.55041397713, 0.082703827639, 0.21129798585],
      [0.062270568478, 0.23037871052, 0.076291794931, 0.27425491377, 0.3568040123]
    ],
    [
      [0.38295139741, 0.00084320503133, 0.13749792014, 0.34129139669, 0.13741608073],
      [0.0014020657765, 0.49097224018, 0.18012510564, 0.31977791467, 0.0077226737409],
      [0.0030177642028, 0.025869419541, 0.91884837374, 0.0033875899239, 0.048876852594],
      [0.0014935452586, 0.0097186684098, 0.0075962588232, 0.97862184478, 0.0025696827302],
      [0.048648937042, 0.021031148121, 0.64988501073, 0.075822651035, 0.20461225307],
      [0.042298109127, 0.094660579287, 0.11606444061, 0.3188875864, 0.42808928458]
    ],
    [
      [0.49097776346, 0.00084274958291, 0.12604547561, 0.27998238496, 0.10215162639],
      [0.0019252365823, 0.53265867067, 0.17742050406, 0.28183315526, 0.0061624334346],
      [0.0042266130394, 0.028347361814, 0.92458652471, 0.0030451991338, 0.039794301303],
      [0.0023185822494, 0.011800082664, 0.008455977877, 0.9751072454, 0.0023181118114],
      [0.06957889847, 0.023519937333, 0.66707878031, 0.069569839673, 0.17025254422],
      [0.064697072453, 0.11340628751, 0.12727390675, 0.31292735721, 0.38169537607]
    ],
    [
      [0.44948465549, 0.0009292000397, 0.13672854446, 0.29660359668, 0.11625400333],
      [0.0014886662022, 0.54256592137, 0.17618571432, 0.27335643031, 0.0064032677961],
      [0.0032842203508, 0.028751546275, 0.92342478791, 0.0029614074835, 0.04157803798],
      [0.0018403362512, 0.012226503381, 0.0086169145987, 0.97484410379, 0.0024721419755],
      [0.055208607454, 0.02407609996, 0.67215597201, 0.068317830787, 0.18024148979],
      [0.050765866353, 0.11511638422, 0.12687282044, 0.30473626206, 0.40250866693]
    ],
    [
      [0.55844611025, 0.00082150620864, 0.10120206641, 0.24117039789, 0.09835991923],
      [0.0021757811435, 0.57854741199, 0.15256892874, 0.26037044452, 0.0063374336085],
      [0.0054609685276, 0.033885055956, 0.91065882641, 0.0031765290571, 0.046818620053],
      [0.0027558405163, 0.012963516657, 0.0076435147393, 0.97413030199, 0.0025068260947],
      [0.086606284741, 0.0267815459, 0.62561580723, 0.069352973398, 0.19164338873],
      [0.074691993756, 0.12066122866, 0.11067009563, 0.29255730984, 0.40141937211]
    ],
    [
      [0.5163730475, 0.00089992018081, 0.11496106224, 0.26245022122, 0.10531574885],
      [0.0020190389399, 0.56516961229, 0.1619785453, 0.26447112592, 0.0063616775537],
      [0.0048095765448, 0.032867843833, 0.9146508199, 0.0031012539612, 0.044570505766],
      [0.002587416564, 0.013421200499, 0.008217329428, 0.97322757301, 0.0025464804963],
      [0.077048470689, 0.026524403484, 0.64212867522, 0.06890273537, 0.18539571524],
      [0.068400589389, 0.12196823838, 0.11708833023, 0.29587044931, 0.39667239269]
    ],
    [
      [0.53019436343, 0.00066387344075, 0.096717323945, 0.25163263371, 0.12079180548],
      [0.0026374332998, 0.50711461841, 0.16823112549, 0.31299282992, 0.0090239928797],
      [0.0059710003694, 0.028432561866, 0.90204755618, 0.0034948102606, 0.060054071326],
      [0.0028763699876, 0.010399901719, 0.0072648891464, 0.97638449508, 0.0030743440682],
      [0.08829451951, 0.021279253199, 0.58743521018, 0.07196818976, 0.23102282735],
      [0.072335945092, 0.090038177371, 0.098872348291, 0.28464152305, 0.4541120062]
    ],
    [
      [0.54589720014, 0.00056032411225, 0.10441417643, 0.25890781825, 0.090220481068],
      [0.0028298336125, 0.45631273809, 0.19247377717, 0.34125558728, 0.0071280638471],
      [0.0057326074969, 0.022757094336, 0.92562885972, 0.0034062238526, 0.042475214598],
      [0.0028319841725, 0.0085352443856, 0.0076229307746, 0.9787816682, 0.0022281724653],
      [0.090573818656, 0.018150869684, 0.64185932232, 0.074773780953, 0.17464220839],
      [0.082458553487, 0.085453954671, 0.11988069401, 0.32896601714, 0.38324078069]
    ],
    [
      [0.53419404379, 0.00065354208935, 0.10797113644, 0.24972776424, 0.10745351344],
      [0.0026065127249, 0.49595585379, 0.18595051263, 0.30754540739, 0.0079417134705],
      [0.0054245037355, 0.025477039909, 0.9173470396, 0.0031552773321, 0.048596139421],
      [0.0028889959228, 0.010301984692, 0.008159287938, 0.97590010287, 0.0027496285815],
      [0.084668606898, 0.020097144075, 0.62946978635, 0.068494633547, 0.19726982913],
      [0.075407239424, 0.092508805763, 0.11511899826, 0.29464086026, 0.42232409629]
    ],
    [
      [0.59131715668, 0.00054255049112, 0.088060715073, 0.19733214729, 0.12274743047],
      [0.0034153656135, 0.50509814109, 0.18463303017, 0.2958382666, 0.011015196529],
      [0.0069945367498, 0.025339683626, 0.89829756366, 0.0029828643867, 0.066385351574],
      [0.0039134796551, 0.010763031031, 0.0083708565523, 0.97301048367, 0.0039421490937],
      [0.10144170566, 0.018494101812, 0.56985191671, 0.059931449519, 0.2502808263],
      [0.08388613505, 0.079179388658, 0.096650607651, 0.23970949836, 0.50057437028]
    ],
    [
      [0.5648074618, 0.00098375979105, 0.11273368508, 0.22283624973, 0.098638843595],
      [0.0022033964861, 0.60815421078, 0.15898112066, 0.22469877338, 0.005962498691],
      [0.0053337731125, 0.036508550841, 0.91302495912, 0.0026807760094, 0.042451940919],
      [0.0033120196367, 0.017217316902, 0.0094583452766, 0.96721287031, 0.0027994478718],
      [0.086183763383, 0.029708663955, 0.64601941735, 0.060030270659, 0.17805788465],
      [0.078948106572, 0.14059605393, 0.12148518256, 0.26573352303, 0.39323713392]
    ],
    [
      [0.54109668907, 0.00061662848356, 0.086628787256, 0.25883938592, 0.11281850927],
      [0.0027674836605, 0.4959675153, 0.15709936563, 0.33542534721, 0.0087402881942],
      [0.0066264730392, 0.029112542702, 0.89867169518, 0.0039593767863, 0.061629912289],
      [0.0028206409182, 0.009406592365, 0.0063277905526, 0.97866282891, 0.0027821472509],
      [0.095922937522, 0.021284083251, 0.56988056217, 0.079664813702, 0.23324760335],
      [0.075349991254, 0.086517447232, 0.091428348876, 0.30226568902, 0.44443852362]
    ],
    [
      [0.56561983326, 0.00062165027706, 0.099998954749, 0.26155230281, 0.072207258902],
      [0.0027000864061, 0.48649905962, 0.17612234291, 0.32924950025, 0.0054290108202],
      [0.0059727325039, 0.026334480275, 0.92873328734, 0.0035884420068, 0.035371057875],
      [0.0028019070916, 0.0093789372195, 0.0072257557467, 0.97883401817, 0.001759381772],
      [0.096437799032, 0.021347697286, 0.65351437339, 0.080064643599, 0.1486354867],
      [0.088525365991, 0.10149858982, 0.12276945704, 0.35533011635, 0.33187647079]
    ],
    [
      [0.34654296638, 0.0011872307921, 0.14234866027, 0.37148680723, 0.13843433533],
      [0.0010474074898, 0.55684901388, 0.15205743713, 0.28370860339, 0.0063375381159],
      [0.0026457181884, 0.034830615636, 0.9118975077, 0.0035339999376, 0.047092158533],
      [0.0012601805066, 0.012597613097, 0.0072400577962, 0.97652045947, 0.002381689128],
      [0.042918272146, 0.028551067411, 0.64981823287, 0.079709851402, 0.19900257617],
      [0.036117206793, 0.12411497189, 0.11217105197, 0.32390912259, 0.40368764676]
    ],
    [
      [0.51541429119, 0.00065459279214, 0.11382267645, 0.27401295446, 0.096095485105],
      [0.0024225265719, 0.47623115351, 0.1890631025, 0.32543341588, 0.0068498015312],
      [0.0050023389438, 0.024410990402, 0.92568443713, 0.0033144753553, 0.041587758166],
      [0.0025456399605, 0.0094337855442, 0.0078645957439, 0.97790755056, 0.0022484281928],
      [0.080241084872, 0.019787062696, 0.65259114322, 0.073920206725, 0.17346050249],
      [0.073598947376, 0.093714017503, 0.12289196649, 0.32734864891, 0.38244641972]
    ],
    [
      [0.58073228387, 0.00063723628279, 0.10082943992, 0.23307954947, 0.084721490449],
      [0.0029737332383, 0.50706751855, 0.18220763097, 0.30118258616, 0.0065685310825],
      [0.0063514153745, 0.026749756688, 0.92247279313, 0.0031716587257, 0.041254376085],
      [0.0033649279419, 0.010760186843, 0.0081622928534, 0.97539087406, 0.0023217183014],
      [0.10017448051, 0.021322784348, 0.63964202829, 0.069570791334, 0.16928991552],
      [0.092337114607, 0.10157166348, 0.12107348558, 0.30970063185, 0.37531710449]
    ],
    [
      [0.55042128583, 0.00039807566497, 0.10959831538, 0.26335363317, 0.076228689949],
      [0.0032452436578, 0.36677891715, 0.22927343252, 0.39386889973, 0.0068335069413],
      [0.0056052056075, 0.015640344051, 0.94067952916, 0.0033541638734, 0.034720757308],
      [0.0028256001636, 0.0059863943513, 0.0078991373076, 0.9814304124, 0.0018584557731],
      [0.091310164523, 0.012866703414, 0.67262210631, 0.075931274284, 0.14726975147],
      [0.089736217879, 0.0653571071, 0.13554868198, 0.36040628498, 0.34895170806]
    ],
    [
      [0.56185736022, 0.00076818611304, 0.10344616794, 0.25323300538, 0.080695280346],
      [0.0025357348314, 0.53816111907, 0.16500107771, 0.28878113852, 0.0055209298624],
      [0.0059634493813, 0.031331933451, 0.92117362959, 0.0033492814117, 0.038181706163],
      [0.0029939198065, 0.011944380512, 0.0077099461338, 0.97531558623, 0.0020361673164],
      [0.095255426033, 0.025289491167, 0.64639652251, 0.074384896815, 0.15867366347],
      [0.086641558482, 0.11882999277, 0.12061104416, 0.32669449692, 0.34722290768]
    ],
    [
      [0.60098695277, 0.0011264999235, 0.069325313491, 0.22283832316, 0.10572291065],
      [0.0019249222506, 0.6945595673, 0.090740057558, 0.20700008144, 0.0057753714531],
      [0.0070760347155, 0.058677974272, 0.86761188306, 0.0037411055887, 0.062893002365],
      [0.0031321237313, 0.019684593864, 0.0057310152161, 0.96851980719, 0.0029324600008],
      [0.10454404618, 0.042918753908, 0.5328110592, 0.075397044305, 0.24432909641],
      [0.073829928285, 0.15883673507, 0.072636302812, 0.25816143371, 0.43653560012]
    ],
    [
      [0.4757751249, 0.00066959540295, 0.1303880905, 0.27993533051, 0.11323185869],
      [0.0021299103244, 0.46737200252, 0.20622287009, 0.31659442382, 0.0076807932386],
      [0.004042777927, 0.021864250944, 0.92825517034, 0.0029619302415, 0.042875870552],
      [0.0022947560625, 0.0094222541942, 0.0087950856072, 0.97690301566, 0.0025848884777],
      [0.066034922586, 0.018046124327, 0.66636660749, 0.06727945937, 0.18227288623],
      [0.062304731438, 0.088025044758, 0.1290696814, 0.30664915129, 0.41395139111]
    ],
    [
      [0.57333635475, 0.00063414099131, 0.10302203517, 0.23419564752, 0.088811821578],
      [0.002967234025, 0.50153080424, 0.18608817541, 0.30252076604, 0.0068930202948],
      [0.0062120647053, 0.026078165552, 0.92217234959, 0.003123678484, 0.042413741668],
      [0.0033441971705, 0.010660797666, 0.0083056745884, 0.97526244857, 0.0024268820085],
      [0.097756261586, 0.020776595501, 0.63941065047, 0.068474015993, 0.17358247645],
      [0.090258149136, 0.099024011509, 0.12133320305, 0.30520566135, 0.38417897496]
    ],
    [
      [0.55662974719, 0.0010606904818, 0.10095825309, 0.25755007615, 0.083801233096],
      [0.001933879748, 0.62284167986, 0.1312836573, 0.239298858, 0.0046419250877],
      [0.0055858633364, 0.043336418031, 0.9081588203, 0.0034028937, 0.039516004636],
      [0.0027368683777, 0.016112123198, 0.0073379661324, 0.97176166251, 0.0020513797775],
      [0.089849695859, 0.03491987829, 0.63420008352, 0.075496503186, 0.16553383914],
      [0.076771619008, 0.15498191903, 0.11056090113, 0.31212548363, 0.34556007719]
    ],
    [
      [0.56303947183, 0.00075183417664, 0.08894181254, 0.25702333092, 0.090243550527],
      [0.0024880482546, 0.54657535168, 0.14510568968, 0.29955535622, 0.0062755541649],
      [0.0064827224858, 0.034738630434, 0.90675411839, 0.0038451138472, 0.048179414843],
      [0.0028314444682, 0.011517611874, 0.0065200317844, 0.97690071173, 0.0022302001423],
      [0.098937394958, 0.026615970752, 0.60170035299, 0.081091538645, 0.19165474265],
      [0.081170909566, 0.11316301241, 0.1006025182, 0.3216839876, 0.38337957222]
    ],
    [
      [0.54178618327, 0.0006832391445, 0.10654415379, 0.27208636536, 0.078900058445],
      [0.0025087437183, 0.49731936456, 0.17502417919, 0.31959013362, 0.0055575789112],
      [0.0055983654908, 0.027245630455, 0.92716673377, 0.0035144379686, 0.036474832314],
      [0.0026798528301, 0.009900528677, 0.0073991067046, 0.97816613934, 0.0018543724492],
      [0.090215611628, 0.022171086569, 0.65598492999, 0.078712569177, 0.15291580264],
      [0.082916184765, 0.10542274018, 0.12368819821, 0.34955280521, 0.33842007163]
    ],
    [
      [0.52142790037, 0.00072405196621, 0.1223243032, 0.27492064921, 0.080603095247],
      [0.0023190559291, 0.49511345157, 0.19068856639, 0.30648186481, 0.0053970612974],
      [0.0047967151564, 0.025389524451, 0.93387433229, 0.0031259498889, 0.032813478218],
      [0.0025828665899, 0.01038128051, 0.0084100956995, 0.97674800145, 0.0018777557523],
      [0.079835733996, 0.021379976966, 0.68433830589, 0.072430706075, 0.14201527707],
      [0.078169769442, 0.10810225558, 0.13769197303, 0.3424355173, 0.33360048465]
    ],
    [
      [0.51583660121, 0.00058406305099, 0.10439072642, 0.27052777883, 0.10866083049],
      [0.0024216866264, 0.46365748653, 0.18437045809, 0.34135080587, 0.0081995628894],
      [0.0050282701938, 0.023289313989, 0.91808232556, 0.0034891352024, 0.050110955056],
      [0.0024208398447, 0.0085097367377, 0.0072768776766, 0.97923262702, 0.0025599187239],
      [0.078824753258, 0.018276949116, 0.62405194969, 0.075388775951, 0.20345757198],
      [0.068001714579, 0.081848508322, 0.10974359678, 0.31472594883, 0.42568023149]
    ],
    [
      [0.53999920763, 0.00029090250027, 0.16216532437, 0.29754456549, 0],
      [0.0022870786865, 0.29422061199, 0.30821512426, 0.39527718506, 0],
      [0.0022329561021, 0.0057836928022, 0.99010467451, 0.0018786765868, 0],
      [0.0019381177557, 0.0037901233324, 0.0097330131405, 0.98453874577, 0],
      [0.053283563828, 0.0067550632152, 0.87928633233, 0.060675040626, 0],
      [0.10003251253, 0.067871334629, 0.2748551654, 0.55724098744, 0]
    ],
    [
      [0.73284161895, 0.00066844260392, 0.052444595111, 0.17293154042, 0.041113802919],
      [0.0039777682212, 0.62701344083, 0.10888939579, 0.25648337377, 0.0036360213937],
      [0.013590995785, 0.051562856983, 0.89392678928, 0.0043126135474, 0.036606744401],
      [0.0052525339423, 0.015122506668, 0.0056745362944, 0.97245115563, 0.0014992674603],
      [0.19349723247, 0.036662070039, 0.55014328376, 0.084433128793, 0.13526428493],
      [0.15665078757, 0.15424107091, 0.090689344313, 0.33093446482, 0.26748433238]
    ],
    [
      [0.57684629629, 0.00079347624014, 0.089383058665, 0.2311353, 0.1018418688],
      [0.0026268361098, 0.57357371779, 0.14626428954, 0.27040110185, 0.0071340547125],
      [0.0067871627302, 0.03647886223, 0.89905246512, 0.0034410866255, 0.05424042329],
      [0.0032962768668, 0.013451110814, 0.0072600289219, 0.97319649714, 0.002796086255],
      [0.10148194587, 0.027491725629, 0.58859101046, 0.071381605209, 0.21105371283],
      [0.083223086257, 0.11661103405, 0.098892032412, 0.28301053789, 0.4182633094]
    ],
    [
      [0.31245816715, 0.00014032796233, 0.15023282322, 0.38955655471, 0.14761212695],
      [0.0016156436789, 0.13114567284, 0.29975167201, 0.55497932625, 0.01250768522],
      [0.0021022914203, 0.0039669584123, 0.94237448751, 0.0035524884577, 0.048003774202],
      [0.0010008097084, 0.0014314672423, 0.0073190155524, 0.9878296148, 0.0024190926989],
      [0.034879009265, 0.003281786005, 0.67362314237, 0.080961906039, 0.20725415632],
      [0.031993892592, 0.015734823839, 0.12534725508, 0.35968933976, 0.46723468873]
    ],
    [
      [0.59600372526, 0.00086964160342, 0.086509648492, 0.25770646371, 0.058910520931],
      [0.0024120560301, 0.58785392767, 0.12978378023, 0.2761842481, 0.0037659879725],
      [0.0070852405162, 0.041678241346, 0.91464212306, 0.0039961694468, 0.03259822563],
      [0.0029737487558, 0.013274071871, 0.0063170733461, 0.97598522633, 0.0014498796952],
      [0.11258985613, 0.033225643376, 0.6314895749, 0.087701780618, 0.13499314498],
      [0.096457954652, 0.14778453352, 0.11023159697, 0.36335166233, 0.28217425252]
    ],
    [
      [0.50013992825, 0.00077285106313, 0.095040768791, 0.2539791292, 0.1500673227],
      [0.0021307166581, 0.54951772229, 0.15055578389, 0.28763930056, 0.010156476611],
      [0.0052573323891, 0.032865421302, 0.88460006504, 0.0034920415063, 0.07378513976],
      [0.0025129731881, 0.011922849722, 0.0070218307095, 0.97480140067, 0.0037409457107],
      [0.075744359627, 0.02374267766, 0.55500113878, 0.069464145215, 0.27604767872],
      [0.057413985686, 0.093375034016, 0.086168199578, 0.25487326147, 0.50816951925]
    ],
    [
      [0.59057660598, 0.00083119454646, 0.095592897758, 0.22818660522, 0.084812696499],
      [0.0026290809797, 0.58234566328, 0.15119857108, 0.25807766152, 0.0057490231329],
      [0.0066749995565, 0.036310162099, 0.91084808812, 0.003228734808, 0.042938015417],
      [0.0034556830523, 0.014270242589, 0.0078658958334, 0.9720478716, 0.0023603069268],
      [0.10403538086, 0.028571175576, 0.62325439474, 0.069925106139, 0.17421394269],
      [0.091443557075, 0.12992004522, 0.11242556453, 0.2969908407, 0.36921999247]
    ],
    [
      [0.49898526173, 0.00060524148644, 0.11444886437, 0.27364684392, 0.1123137885],
      [0.0024416252345, 0.45689762636, 0.19647674633, 0.335910329, 0.0082736730819],
      [0.0048292561916, 0.022349820203, 0.92142613474, 0.0032760539288, 0.048118734941],
      [0.00248472141, 0.008731185559, 0.0079151223628, 0.97823888498, 0.0026300856894],
      [0.075944797734, 0.017779677753, 0.63755830543, 0.071714207609, 0.19700301147],
      [0.067895673062, 0.082118412908, 0.11701286685, 0.30958717858, 0.4233858686]
    ],
    [
      [0.5916359133, 0.00054436344409, 0.10386592316, 0.23656852866, 0.067385271434],
      [0.003101424145, 0.46894718611, 0.19876486138, 0.32368045858, 0.0055060697867],
      [0.0061354756976, 0.022427359843, 0.93620483107, 0.0031497795246, 0.032082553859],
      [0.0032573014487, 0.0090349388415, 0.0082557330861, 0.97764607428, 0.0018059523467],
      [0.10079942711, 0.018524518674, 0.67166220658, 0.071645754554, 0.13736809308],
      [0.099281116201, 0.09468017805, 0.13548516754, 0.34158202756, 0.32897151064]
    ],
    [
      [0.5594116914, 0.00081482290871, 0.11037147461, 0.25780528608, 0.071596725009],
      [0.0015254247319, 0.55758236987, 0.16371520719, 0.27277172326, 0.0044052749471],
      [0.0035522348099, 0.030542732125, 0.93229955051, 0.0031163267288, 0.030489155823],
      [0.001894700565, 0.012370746261, 0.0079907856258, 0.97603741346, 0.0017063540835],
      [0.064203520656, 0.026405830876, 0.69274088532, 0.074231449711, 0.14241831344],
      [0.059636296016, 0.12853455146, 0.12992890897, 0.33586773427, 0.34603250929]
    ],
    [
      [0.40731238948, 0.0012908687771, 0.11551613918, 0.35409189869, 0.12178870387],
      [0.0011532067055, 0.60926847817, 0.12049142769, 0.26367548784, 0.0054113996027],
      [0.0035548872027, 0.045122688894, 0.89816899522, 0.0040027597442, 0.049150668942],
      [0.0014880741913, 0.014330233154, 0.0061279178751, 0.97587319431, 0.0021805804643],
      [0.056323111668, 0.035899333792, 0.61706481971, 0.087680566001, 0.20303216882],
      [0.043768835699, 0.14493365182, 0.097163119734, 0.32954426526, 0.38459012749]
    ],
    [
      [0.48829545115, 0.00071374933702, 0.08554431113, 0.30109815064, 0.12434833774],
      [0.0020175472572, 0.51060885822, 0.13634169851, 0.34259781879, 0.0084340772327],
      [0.0054448093906, 0.033352689853, 0.88957435363, 0.0045520559331, 0.067076091197],
      [0.0020134835906, 0.0093619854318, 0.0053626296695, 0.98063359627, 0.0026283050356],
      [0.078819134493, 0.024087031579, 0.55471668033, 0.090505402792, 0.25187175081],
      [0.057520871304, 0.091274079071, 0.08208502787, 0.31968323776, 0.449436784]
    ],
    [
      [0.42457983113, 0.00038312490856, 0.16303375807, 0.29376073122, 0.11824255468],
      [0.0018503097274, 0.31869266484, 0.29352262077, 0.37710002909, 0.0088343755769],
      [0.0024308569112, 0.0098405233387, 0.95077805508, 0.0024299297723, 0.034520634902],
      [0.0016642032017, 0.0051100869446, 0.010359928881, 0.98038746257, 0.0024783184015],
      [0.043639780647, 0.0087302575555, 0.72301035757, 0.059416861568, 0.16520274266],
      [0.04584080481, 0.047895048654, 0.1520478174, 0.30324837054, 0.45096795859]
    ],
    [
      [0.62856983193, 0.00019117028025, 0.059670995378, 0.18865761957, 0.12291038283],
      [0.0047525005219, 0.31391983663, 0.20444402036, 0.45945994108, 0.017423701412],
      [0.008089471242, 0.012091350258, 0.8877982462, 0.0038409741831, 0.088179958113],
      [0.0035299786222, 0.0039985586088, 0.0059163321564, 0.98251878538, 0.004036345236],
      [0.10965309641, 0.0080038905993, 0.49720104954, 0.070077377491, 0.31506458595],
      [0.077785217783, 0.029870638412, 0.069060100538, 0.24150127164, 0.58178277163]
    ],
    [
      [0.64622713871, 0.00057577968096, 0.08091398157, 0.20181565736, 0.070467442678],
      [0.0036645841855, 0.52611198176, 0.16670011769, 0.29730647007, 0.0062168462907],
      [0.0084832682294, 0.029869234355, 0.91591360201, 0.0033900775386, 0.042343817867],
      [0.0041907832261, 0.011202255181, 0.0075445077756, 0.9748418863, 0.0022205675134],
      [0.12901953734, 0.022857981206, 0.60943200817, 0.071409707823, 0.16728076546],
      [0.11500283513, 0.10546718768, 0.11149046881, 0.30775198602, 0.36028752236]
    ],
    [
      [0.54321846307, 0.00062310776785, 0.10151257839, 0.24878597998, 0.10585987079],
      [0.0027757225934, 0.48941004975, 0.18153495639, 0.31814994845, 0.0081293228169],
      [0.0059003730967, 0.025760855133, 0.91420428366, 0.0033348170683, 0.050799671046],
      [0.0029778202121, 0.0098717618011, 0.0077110625975, 0.97671499929, 0.0027243560993],
      [0.090335441033, 0.019958836095, 0.61625766389, 0.071095817953, 0.20235224103],
      [0.078622623037, 0.089720280438, 0.1101705676, 0.29877628054, 0.42271024839]
    ],
    [
      [0.54745284309, 0.00040795260666, 0.087717578173, 0.27154950258, 0.092872123546],
      [0.002770946693, 0.40053559589, 0.18351793866, 0.4049952217, 0.0081802970608],
      [0.0056457934409, 0.018898794686, 0.92211886639, 0.0040531480331, 0.04928339745],
      [0.0023356238389, 0.0059273002119, 0.0060699816356, 0.98351502423, 0.0021520700862],
      [0.088221484226, 0.014590423648, 0.61025874058, 0.086230150093, 0.20069920146],
      [0.073061837361, 0.063258999781, 0.10116675152, 0.34656702518, 0.41594538616]
    ],
    [
      [0.58244387071, 0, 0.09567009614, 0.2171751783, 0.10471085484],
      [0.00599812185, 0, 0.37456665082, 0.60247340981, 0.016961817518],
      [0.0056628651176, 0, 0.943960796, 0.002789281165, 0.047587057713],
      [0.0033888927329, 0, 0.0081739105916, 0.98544753454, 0.0029896621372],
      [0.092041420173, 0, 0.63778154277, 0.062526867719, 0.20765016933],
      [0.087614475026, 0, 0.11508861683, 0.2889428231, 0.50835408505]
    ],
    [
      [0.37850437685, 0.0010406100774, 0.15908648416, 0.33393788652, 0.1274306424],
      [0.0011980698645, 0.5314167234, 0.18440680196, 0.27667226778, 0.0063061369991],
      [0.0025280196123, 0.027663572459, 0.92774041475, 0.0028758470595, 0.039192146118],
      [0.0014727915907, 0.012238484025, 0.008962291818, 0.97490546435, 0.0024209682122],
      [0.043154511581, 0.023736762875, 0.69090232942, 0.067915694479, 0.17429070164],
      [0.040731755961, 0.11587000412, 0.13342867778, 0.30994019295, 0.40002936919]
    ],
    [
      [0.65416479963, 0.00059698202878, 0.074201148662, 0.19584277766, 0.075194292021],
      [0.0036496903367, 0.55025734831, 0.15234506965, 0.28716421658, 0.0065836751292],
      [0.009013638987, 0.03290388918, 0.90669906463, 0.0034903795368, 0.047893027665],
      [0.0043107799553, 0.011942064154, 0.007097285512, 0.97422141501, 0.0024284553694],
      [0.13385496566, 0.024541608972, 0.58469593117, 0.071681390147, 0.18522610405],
      [0.11368313152, 0.10814412194, 0.10085877704, 0.29459049788, 0.38272347163]
    ],
    [
      [0.6481435284, 0.00042582002605, 0.079744700202, 0.20440175707, 0.067284194308],
      [0.0040631466741, 0.45242530635, 0.18962469703, 0.34706644603, 0.0068204039196],
      [0.0082275643888, 0.022277459602, 0.92535381823, 0.0034620039391, 0.040679153836],
      [0.003997569505, 0.0082167286881, 0.007358121936, 0.97833206421, 0.0020955156566],
      [0.12723320558, 0.017228123026, 0.61863841425, 0.073695932504, 0.16320432464],
      [0.11605270735, 0.081511188858, 0.11464806528, 0.3251393548, 0.36264868372]
    ],
    [
      [0.52896746436, 0.00081749185967, 0.11542573672, 0.27803723647, 0.076752070584],
      [0.0019950495703, 0.53136473896, 0.16975808, 0.29209784242, 0.0047842890458],
      [0.0045509462685, 0.0297845942, 0.93016462684, 0.0032792520711, 0.032220580623],
      [0.002323923511, 0.011551582643, 0.0078041750083, 0.97658050968, 0.0017398091614],
      [0.077085547384, 0.025133327501, 0.67926223914, 0.076173469369, 0.14234541661],
      [0.072277667382, 0.12207342935, 0.12974115352, 0.34584238604, 0.33006536371]
    ],
    [
      [0.49345688424, 0.0017708568283, 0.078911457484, 0.27575841609, 0.15010238536],
      [0.0011491360914, 0.73754101488, 0.073089607699, 0.18232569971, 0.0058945416182],
      [0.0053638779187, 0.083158823571, 0.82610083487, 0.004187316348, 0.081189147291],
      [0.0021166436003, 0.024910430976, 0.0053038212858, 0.9642794181, 0.0033896860415],
      [0.074788482868, 0.057599602522, 0.49374976688, 0.079858497561, 0.29400365016],
      [0.0471420666, 0.18867000599, 0.063062466161, 0.24385318676, 0.45727227449]
    ],
    [
      [0.73783954613, 0.00043648786565, 0.052430068281, 0.1688447867, 0.040449111023],
      [0.0053174824147, 0.52581227618, 0.14069602599, 0.32355960947, 0.0046146059449],
      [0.01426397804, 0.034146820098, 0.91081594046, 0.004270076104, 0.036503185299],
      [0.0055860734399, 0.010148838317, 0.0058277668155, 0.97692364514, 0.0015136762846],
      [0.20127731819, 0.024159577032, 0.55684413875, 0.083192073532, 0.13452689249],
      [0.17172915727, 0.10697018123, 0.096412965943, 0.34360941074, 0.28127828481]
    ],
    [
      [0.86272130042, 0.00016157857842, 0.038076741469, 0.083633423831, 0.015406955703],
      [0.0037056372929, 0.44611634599, 0.21323125658, 0.33341646955, 0.0035302905902],
      [0.0066194502866, 0.01752412571, 0.95415580472, 0.0029110578507, 0.01878956143],
      [0.003764377853, 0.0075657499297, 0.0084634211339, 0.97908891672, 0.0011175343618],
      [0.12700743824, 0.01509259457, 0.69963523439, 0.069151417899, 0.089113314897],
      [0.13660053903, 0.086595909591, 0.15036158969, 0.36548555164, 0.26095641005]
    ],
    [
      [0.54456876826, 0.0003056016411, 0.081822198569, 0.33891767599, 0.034385755533],
      [0.002632022473, 0.31142333382, 0.17310898613, 0.50977323188, 0.0030624256965],
      [0.0056739602117, 0.015119808018, 0.9543297119, 0.005383847505, 0.019492672364],
      [0.0017639028464, 0.0035610659407, 0.004517966977, 0.98951642852, 0.00064063571418],
      [0.097347308864, 0.012722558449, 0.67882523661, 0.12494562205, 0.086159274029],
      [0.086980074174, 0.059821624775, 0.11852304684, 0.54325564898, 0.19141960523]
    ],
    [
      [0.34914295816, 0.00064325346756, 0.1729667332, 0.35425095861, 0.12299609656],
      [0.0012291839433, 0.40237846563, 0.23936736173, 0.34984728184, 0.0071777068534],
      [0.0019919509789, 0.015666685658, 0.94516183941, 0.0027852069701, 0.034394316982],
      [0.001195269783, 0.0071344597764, 0.0091579021241, 0.98033380574, 0.0021785625757],
      [0.035511239261, 0.013897221418, 0.72180909081, 0.068056699783, 0.16072574873],
      [0.036060160777, 0.073385393987, 0.14785600039, 0.33515665052, 0.40754179433]
    ],
    [
      [0.51963076578, 0.00067275638355, 0.11486807285, 0.29024034863, 0.074588056358],
      [0.0024073087696, 0.47319577291, 0.18497877209, 0.33425395264, 0.0051641935909],
      [0.0051372551417, 0.02514047411, 0.93381940844, 0.0035191205376, 0.032383741771],
      [0.0024670238256, 0.0091685547568, 0.0075083110833, 0.97920279588, 0.0016533144537],
      [0.084332704644, 0.020907649027, 0.67601617352, 0.080516970885, 0.13822650193],
      [0.080264327963, 0.10267181188, 0.13228369448, 0.36983719365, 0.31494297203]
    ],
    [
      [0.43046294763, 0.0012160106077, 0.17502494175, 0.3692536888, 0.024042411212],
      [0.0011080829268, 0.56530377984, 0.1726954611, 0.25989149168, 0.0010011844553],
      [0.0025139613465, 0.02962050608, 0.95825203858, 0.0028993100217, 0.0067141839709],
      [0.0014471466284, 0.012921102661, 0.0088668972902, 0.97635670418, 0.00040814924005],
      [0.049407316917, 0.029056813187, 0.80851869645, 0.078365704385, 0.034651469061],
      [0.059530396154, 0.18316801328, 0.1959444207, 0.45744202996, 0.10391513991]
    ],
    [
      [0.52507922358, 0.00086605712851, 0.10862853779, 0.27711076339, 0.088315418108],
      [0.0020281980724, 0.55266624751, 0.15578164979, 0.28410887123, 0.0054150334068],
      [0.0050292490808, 0.033495431285, 0.91848011379, 0.0034700377053, 0.03952516814],
      [0.0024302764441, 0.01228802283, 0.0073840875609, 0.97587116418, 0.002026448984],
      [0.081399756742, 0.027192019916, 0.64786746184, 0.077540940649, 0.16599982085],
      [0.071864446881, 0.12438015149, 0.11727570391, 0.33107860771, 0.35540109001]
    ],
    [
      [0.5559758846, 0.00088540337149, 0.1006209146, 0.23460016384, 0.10791763359],
      [0.0023995911332, 0.5850859861, 0.15202788984, 0.25348035406, 0.0070061788629],
      [0.0060193803603, 0.036490118071, 0.90270066793, 0.0031363664418, 0.0516534672],
      [0.0032143397231, 0.014797732913, 0.0080647727796, 0.9709913555, 0.0029317990866],
      [0.092017109537, 0.028228419995, 0.60774097391, 0.066754957021, 0.20525853954],
      [0.078185140681, 0.12379728807, 0.10613316163, 0.27380824438, 0.41807616523]
    ],
    [
      [0.49189121527, 0.00091633433683, 0.15226451231, 0.31004717244, 0.04488076565],
      [0.0015023094902, 0.52002645449, 0.1939602722, 0.28209724788, 0.0024137159294],
      [0.0030694205267, 0.025897786599, 0.95362222694, 0.0028336574738, 0.014576908464],
      [0.0018090155888, 0.011592778017, 0.0092131148655, 0.97647791003, 0.00090718149566],
      [0.05824711203, 0.024259393898, 0.77250157362, 0.073087852096, 0.071904068351],
      [0.066521834549, 0.1438533145, 0.17963697067, 0.40482566539, 0.2051622149]
    ]
  ],
  "expected_outcome": [
    [
