{
  "Z_true": {},
  "V_true": [
    [854, 32, 593, 25],
    [138, 669, 449, 170],
    [266, 5806, 757, 324],
    [1236, 202, 17952, 358],
    [212, 630, 720, 223],
    [347, 210, 573, 216]
  ],
  "p_true": [
    [0.5678, 0.0213, 0.3943, 0.0166],
    [0.0968, 0.4691, 0.3149, 0.1192],
    [0.0372, 0.8117, 0.1058, 0.0453],
    [0.0626, 0.0102, 0.9091, 0.0181],
    [0.1188, 0.3529, 0.4034, 0.1249],
    [0.2578, 0.156, 0.4257, 0.1605]
  ],
  "Z_est": [
    [
      [39.7395, 17.8724, 37.2522, 60.3938, 6.406, 24.0892, 29.6746, 10.1162, 9.4587, 31.4315, 35.2414, 34.3491, 5.1995, 2.2953, 0.9181, 9.4339, 22.6166, 19.4897, 13.2186, 2.3924, 0.5259, 48.1501, 18.2818, 0, 1.6613, 0, 0, 1.4067, 2.7338, 0, 11.9232, 10.6522, 0, 212.5639, 18.9566, 42.7714, 5.036],
      [0.742, 1.0091, 0.939, 0.4958, 0.1969, 0.6057, 0.6982, 1.3215, 0.6403, 0.6006, 0.945, 0.5118, 0.3728, 0.1372, 0.0197, 0.1272, 0.3193, 0.7684, 0.3357, 0.056, 0.043, 0.3236, 0.4677, 0, 0.0449, 0, 0, 0.0402, 0.0671, 0, 0.721, 0.4227, 0, 7.4969, 0.689, 1.9378, 0.7775],
      [22.4108, 20.1084, 31.6839, 31.876, 11.0566, 24.6367, 24.6797, 8.6364, 13.2074, 27.2494, 29.8466, 25.0386, 4.1501, 1.4409, 1.0442, 5.2669, 16.657, 23.6408, 7.1382, 2.3671, 0.3921, 20.7006, 10.7044, 0, 1.2313, 0, 0, 1.4748, 3.1991, 0, 12.6192, 9.5133, 0, 207.4707, 19.4141, 39.9838, 6.7368],
      [1.1077, 1.0101, 1.125, 1.2344, 0.3405, 0.6684, 0.9476, 0.9259, 0.6936, 0.7185, 0.967, 1.1006, 0.2776, 0.1266, 0.0181, 0.172, 0.4072, 1.1011, 0.3075, 0.1845, 0.0391, 0.8256, 0.546, 0, 0.0625, 0, 0, 0.0784, 0, 0, 0.7367, 0.4117, 0, 8.4684, 0.9403, 2.307, 0.4497]
    ],
    [
      [7.6052, 4.0983, 12.0752, 15.8851, 1.5904, 6.1379, 3.6485, 1.3184, 2.7284, 11.8805, 8.6192, 6.2121, 1.5387, 0.7057, 0.8836, 2.2525, 8.0495, 6.9251, 3.7846, 0.7188, 0.0516, 16.0212, 6.3841, 0, 0.1285, 0.1081, 0, 0.8617, 0, 0, 3.7582, 3.3675, 0.3115, 39.5954, 5.4113, 13.2517, 1.8446],
      [10.3241, 16.9566, 22.0382, 9.4364, 3.621, 11.2189, 6.3304, 12.6896, 13.7816, 16.4711, 16.7712, 6.6595, 8.0781, 3.1464, 1.4271, 2.2272, 8.3469, 19.8853, 7.1867, 1.2973, 0.5343, 7.824, 12.0066, 0, 0.3216, 0.2745, 1, 1.984, 0, 0.4831, 16.8896, 9.928, 0.0032, 100.554, 14.3217, 43.4177, 22.5332],
      [12.0569, 12.9721, 28.7715, 23.5487, 7.7387, 17.6016, 8.5235, 3.1845, 10.825, 28.8651, 20.459, 12.6977, 3.4546, 1.2539, 2.8391, 3.553, 16.6912, 23.6435, 5.8042, 2.0258, 0.1104, 19.3477, 10.5316, 0, 0.2754, 0.4164, 0, 2.5825, 0, 0.2897, 11.2259, 8.4577, 0.6853, 108.1616, 15.5564, 34.7334, 7.3382],
      [10.0138, 10.973, 17.1151, 15.1298, 4.0499, 8.0415, 5.4976, 5.8075, 9.665, 12.7832, 11.1506, 9.4307, 3.9286, 1.894, 0.8502, 1.9673, 6.9123, 18.5461, 4.2245, 2.9581, 0.3037, 12.8071, 9.0778, 0, 0.2745, 0.201, 0, 2.5718, 0, 0.2272, 11.1262, 6.2467, 0, 73.6891, 12.7105, 33.5971, 8.284]
    ],
    [
      [5.0765, 1.8946, 12.2672, 15.9026, 2.2161, 11.7178, 5.4968, 0, 0.6252, 9.4025, 8.7508, 15.4513, 3.6222, 3.3485, 2.4067, 6.3011, 6.6594, 2.7476, 1.4222, 0.9629, 0.0286, 16.8797, 2.6961, 0, 1.1911, 2.9356, 0, 0.4715, 0.5325, 0, 0.8616, 1.4419, 0.8914, 53.7007, 7.8255, 12.2328, 0.1562],
      [93.4559, 107.5786, 294.5906, 128.8926, 74.5571, 282.9974, 127.0434, 385.7069, 45.429, 172.1573, 224.6962, 221.0561, 473.8247, 241.0212, 54.2793, 89.873, 93.4579, 106.8877, 37.5132, 15.5931, 12.311, 112.1784, 68.5164, 60.1132, 36.839, 90.3867, 11, 15.8769, 11.3638, 5.7477, 52.9542, 57.2363, 0.9954, 1796.7375, 278.9683, 539.0063, 36.524],
      [0.8258, 0.6304, 2.6667, 2.68, 1.2647, 3.1014, 1.1375, 1.2754, 0.2863, 2.1135, 1.8928, 3.073, 0.8525, 0, 0.7021, 1.1722, 1.3918, 0.9383, 0.2287, 0.1589, 0, 2.3745, 0.436, 1.2768, 0.1464, 0.808, 0, 0.1134, 0.1037, 0.0408, 0.2615, 0.3244, 0.1132, 13.8319, 2.2049, 3.2364, 0.165],
      [7.6417, 5.8964, 19.4756, 17.5248, 6.9621, 17.1835, 9.3223, 15.0177, 2.6596, 11.3267, 12.6602, 26.4197, 18.7006, 12.6303, 2.612, 6.6537, 6.4909, 8.4265, 1.8359, 2.2851, 0.6604, 15.5674, 4.3516, 6.6101, 2.8236, 5.8698, 0, 1.5382, 0, 0.2115, 2.9227, 2.9974, 0, 112.7299, 21.0013, 35.5245, 1.1548]
    ],
    [
      [43.1544, 24.1919, 74.3724, 52.5139, 6.083, 29.338, 20.3225, 12.7962, 10.143, 73.5008, 60.6716, 57.5983, 3.5161, 2.9879, 7.1214, 15.8564, 18.9275, 25.0886, 14.9165, 5.1689, 0.3119, 78.1385, 38.7577, 0, 0.4375, 0.2184, 0, 3.0878, 1.223, 0, 15.0421, 22.5662, 0.6646, 288.6624, 18.5697, 55.6542, 5.5583],
      [2.1789, 3.0749, 3.9844, 1.2264, 0.4098, 1.5827, 0.8687, 7.3863, 2.1476, 2.6058, 3.7242, 2.8065, 0.6335, 0.426, 0.2695, 0.806, 0.5194, 2.8306, 0.9322, 0.6176, 0.0261, 1.4054, 2.3631, 0.2747, 0.0094, 0.0133, 0, 0.1472, 0.3398, 0, 1.8158, 1.8312, 0, 23.3396, 1.5826, 6.1235, 0.8863],
      [497.4613, 565.1393, 1206.3634, 626.5433, 295.3301, 574.0786, 323.6135, 262.7213, 356.9039, 1214.219, 978.5831, 826.0663, 55.5933, 37.3412, 154.6066, 188.6169, 278.1973, 638.8756, 165.4017, 102.2136, 5.5847, 812.2834, 454.7919, 10.6891, 7.5156, 6.7547, 0, 62.4743, 35.4372, 10.7597, 324.3561, 386.084, 15.3354, 5436.3761, 370.5289, 1014.0997, 217.7914],
      [2.2054, 2.594, 3.2798, 2.7163, 1.1771, 1.0007, 1.1953, 2.0962, 1.8055, 1.6743, 2.0211, 1.5289, 0.2572, 0.2449, 0.0025, 0.7206, 0.3558, 2.2052, 0.7497, 0, 0.0773, 4.1727, 2.0873, 0.0363, 0.0375, 0.0136, 0, 0.2907, 0, 0.2403, 1.7859, 1.5186, 0, 16.6218, 1.3188, 4.1225, 2.7639]
    ],
    [
      [5.281, 4.0111, 8.1665, 9.7061, 1.3017, 3.8933, 2.8457, 1.358, 1.323, 7.9102, 4.5403, 6.3483, 1.955, 1.8926, 0.5729, 1.2384, 3.9924, 4.1131, 3.4373, 0.4592, 0.0379, 12.8546, 4.1793, 0.1136, 0.1623, 0.3615, 0, 0.1992, 0.628, 0, 1.4982, 1.1939, 0.1326, 44.4081, 3.1747, 7.2831, 0.4669],
      [9.863, 22.8776, 20.4826, 7.9519, 4.0939, 9.7732, 6.775, 18.1789, 9.1835, 15.0675, 12.135, 9.3595, 14.1789, 11.6423, 1.2617, 1.6806, 5.6906, 16.258, 8.99, 1.1276, 0.5063, 8.6741, 10.8031, 1.2, 0.5456, 1.2552, 0, 0.6227, 1.0012, 0.7692, 9.2335, 4.8229, 0.0013, 155.1592, 11.5446, 32.8117, 7.6609],
      [20.3458, 30.932, 47.191, 34.9999, 15.5334, 27.0991, 16.1441, 8.063, 12.7654, 46.6139, 26.1432, 31.5065, 10.7358, 8.2324, 4.4968, 4.7612, 20.1239, 34.1389, 12.8679, 3.1568, 0.2034, 37.837, 16.751, 1.9038, 0.8806, 3.5655, 0, 1.4673, 3.3708, 0.9098, 10.8583, 7.2839, 0.8661, 294.1986, 22.1647, 46.305, 4.3772],
      [8.5102, 13.1793, 14.1599, 11.3421, 4.071, 6.2345, 5.2352, 7.4, 5.7281, 10.4084, 7.1815, 11.7857, 6.1303, 6.2328, 0.6686, 1.3198, 4.1931, 13.4899, 4.7047, 2.2564, 0.2524, 12.6343, 7.2666, 1.7826, 0.4115, 0.8179, 0, 0.7109, 0, 0.321, 5.4099, 2.6993, 0, 101.2341, 9.116, 22.6002, 2.495]
    ],
    [
      [23.1434, 10.9316, 55.8665, 21.5986, 6.4029, 19.8238, 17.0119, 10.4112, 4.7217, 37.8745, 31.1768, 43.0411, 7.1685, 4.7701, 6.0972, 16.9176, 20.7546, 10.6358, 7.2208, 2.2979, 1.0442, 41.9559, 12.701, 0.8864, 1.4194, 0.3764, 0, 1.9732, 1.8827, 0, 6.9167, 7.7783, 0, 119.0695, 14.0621, 41.8067, 2.938],
      [2.4361, 3.5033, 7.9652, 0.9968, 1.1213, 2.8221, 2.2843, 7.7168, 1.818, 4.0977, 4.7284, 3.6066, 2.912, 1.6269, 0.7429, 1.286, 1.6658, 2.37, 1.0422, 0.3085, 0.5794, 1.5945, 1.8431, 1.4122, 0.2395, 0.0703, 0, 0.329, 0.2281, 0, 2.3858, 1.7588, 0, 23.7127, 2.8939, 10.7029, 2.618],
      [11.8993, 11.2178, 43.3235, 10.352, 10.0765, 18.4826, 12.9018, 8.1194, 6.0119, 29.9391, 24.0752, 28.6179, 5.2137, 2.7316, 6.3113, 8.6298, 13.9388, 11.763, 3.5593, 2.0779, 0.7094, 16.4567, 6.7852, 3.1303, 0.9507, 0.4555, 0, 1.8879, 1.8892, 0, 6.679, 6.3366, 0, 105.961, 13.1308, 35.6417, 3.5915],
      [4.5211, 4.3473, 11.8447, 3.0526, 2.3994, 3.8714, 3.802, 6.7526, 2.4483, 6.0888, 6.0195, 9.7344, 2.7058, 1.8714, 0.8486, 2.1666, 2.6407, 4.2312, 1.1777, 1.3157, 0.6671, 4.9928, 2.6707, 2.5711, 0.3904, 0.0978, 0, 0.81, 0, 0, 3.0186, 2.1262, 0, 33.2567, 4.9132, 15.8487, 1.8524]
    ]
  ],
  "V_est": [
    [786.2516, 23.8735, 665.5758, 28.2992],
    [197.7532, 429.9692, 466.2219, 332.0557],
    [218.1169, 6457.3662, 51.8287, 425.6882],
    [1087.1616, 79.189, 18518.7317, 62.9178],
    [151.0398, 453.1829, 868.794, 311.9833],
    [612.677, 105.4191, 472.848, 155.0559]
  ],
  "p_est": [
    [0.5228, 0.0159, 0.4425, 0.0188],
    [0.1387, 0.3015, 0.3269, 0.2329],
    [0.0305, 0.9027, 0.0072, 0.0595],
    [0.0551, 0.004, 0.9378, 0.0032],
    [0.0846, 0.2539, 0.4867, 0.1748],
    [0.4552, 0.0783, 0.3513, 0.1152]
  ],
  "EI_Z": {},
  "EI_V": 6.4867,
  "MAE_Z": {},
  "MAE_V": 178.1788,
  "MAE_p": 0.0569,
  "runtime": 0.017
}
