{
  "Z_true": {},
  "V_true": [
    [861, 2738, 345, 145],
    [8, 77, 885, 350],
    [165, 952, 18616, 923],
    [279, 12384, 325, 359],
    [81, 588, 976, 1659]
  ],
  "p_true": [
    [0.2106, 0.6696, 0.0844, 0.0355],
    [0.0061, 0.0583, 0.6705, 0.2652],
    [0.008, 0.0461, 0.9012, 0.0447],
    [0.0209, 0.9278, 0.0244, 0.0269],
    [0.0245, 0.178, 0.2954, 0.5021]
  ],
  "Z_est": {},
  "V_est": [
    [875.3123, 3213.6877, 0, 0],
    [0, 178.3123, 426.8414, 714.8463],
    [0, 0, 20656, 0],
    [0, 13347, 0, 0],
    [518.6877, 0, 64.1586, 2721.1537]
  ],
  "p_est": [
    [0.2141, 0.7859, 0, 0],
    [0, 0.1351, 0.3234, 0.5416],
    [0, 0, 1, 0],
    [0, 1, 0, 0],
    [0.157, 0, 0.0194, 0.8236]
  ],
  "EI_Z": {},
  "EI_V": 12.7798,
  "MAE_Z": {},
  "MAE_V": 545.9,
  "MAE_p": 0.1098,
  "runtime": 0.0324
}
