{
  "X": [
    [0, 2, 5, 12, 1, 0],
    [11, 27, 172, 107, 79, 19],
    [7, 15, 134, 67, 63, 16],
    [4, 0, 6, 48, 7, 5],
    [2, 2, 12, 56, 8, 7],
    [7, 3, 4, 92, 8, 4],
    [13, 11, 51, 252, 24, 10],
    [1, 1, 0, 44, 0, 3],
    [0, 3, 6, 21, 3, 0],
    [6, 1, 1, 64, 4, 1],
    [4, 4, 17, 75, 8, 4],
    [1, 0, 7, 87, 5, 4],
    [30, 60, 189, 312, 75, 23],
    [8, 24, 130, 108, 48, 11],
    [14, 21, 71, 131, 31, 7],
    [5, 12, 89, 54, 40, 3],
    [21, 65, 238, 412, 139, 35],
    [17, 29, 161, 128, 58, 15],
    [20, 40, 208, 116, 81, 20],
    [30, 70, 387, 182, 107, 42],
    [6, 22, 84, 99, 36, 15],
    [9, 34, 64, 259, 24, 10],
    [7, 28, 110, 193, 60, 25],
    [25, 68, 168, 355, 81, 34],
    [12, 60, 93, 128, 35, 17],
    [27, 44, 122, 460, 45, 14],
    [23, 34, 103, 241, 45, 7],
    [7, 20, 109, 65, 39, 13],
    [18, 40, 170, 112, 74, 17],
    [17, 42, 139, 202, 46, 11],
    [8, 19, 149, 79, 45, 12],
    [16, 27, 122, 125, 44, 9],
    [27, 48, 300, 370, 148, 25],
    [8, 9, 81, 28, 7, 13],
    [21, 29, 59, 151, 27, 10],
    [30, 30, 139, 406, 78, 16],
    [9, 30, 89, 246, 42, 7],
    [18, 43, 134, 135, 40, 21],
    [27, 57, 176, 199, 63, 27],
    [29, 59, 349, 222, 114, 27],
    [14, 22, 109, 194, 59, 11],
    [18, 64, 87, 376, 52, 11],
    [1, 24, 73, 141, 26, 9],
    [48, 72, 180, 563, 83, 22],
    [13, 13, 24, 178, 42, 11],
    [6, 6, 4, 95, 7, 3],
    [18, 29, 99, 341, 64, 20],
    [0, 0, 3, 62, 6, 1],
    [6, 5, 4, 115, 14, 8],
    [17, 14, 51, 359, 53, 15],
    [7, 7, 10, 26, 14, 3],
    [53, 123, 204, 629, 134, 22],
    [0, 0, 4, 10, 2, 0],
    [18, 52, 122, 431, 82, 23],
    [1, 5, 6, 118, 16, 2],
    [3, 1, 12, 93, 17, 8],
    [2, 1, 4, 94, 6, 1],
    [4, 33, 19, 85, 13, 12],
    [1, 2, 3, 20, 2, 4],
    [6, 1, 18, 100, 23, 2],
    [12, 14, 44, 138, 41, 9],
    [8, 6, 7, 188, 8, 6],
    [7, 6, 14, 151, 7, 9],
    [2, 8, 6, 56, 11, 4],
    [9, 4, 6, 75, 11, 4],
    [16, 22, 81, 231, 37, 17],
    [2, 4, 10, 29, 4, 1],
    [2, 7, 31, 55, 9, 0],
    [24, 6, 18, 179, 17, 8],
    [30, 12, 45, 264, 23, 17],
    [288, 562, 1962, 3910, 806, 225],
    [13, 71, 137, 283, 56, 22],
    [51, 170, 381, 672, 148, 76],
    [7, 52, 55, 113, 8, 16]
  ],
  "W": [
    [0, 0, 6, 14, 0],
    [28, 50, 205, 116, 16],
    [17, 52, 151, 67, 15],
    [0, 3, 12, 50, 5],
    [5, 10, 12, 54, 6],
    [3, 6, 8, 100, 1],
    [17, 14, 56, 250, 24],
    [1, 0, 1, 47, 0],
    [3, 0, 8, 22, 0],
    [1, 1, 2, 72, 1],
    [2, 3, 23, 78, 6],
    [0, 2, 7, 94, 1],
    [55, 51, 211, 335, 37],
    [28, 36, 148, 106, 11],
    [17, 23, 81, 141, 13],
    [17, 29, 96, 46, 15],
    [57, 97, 290, 415, 51],
    [28, 40, 186, 136, 18],
    [56, 56, 226, 121, 26],
    [67, 96, 410, 203, 42],
    [16, 26, 96, 105, 19],
    [25, 19, 77, 270, 9],
    [31, 44, 122, 209, 17],
    [53, 69, 219, 355, 35],
    [57, 21, 108, 141, 18],
    [41, 31, 142, 473, 25],
    [26, 24, 126, 265, 12],
    [19, 27, 129, 64, 14],
    [40, 42, 192, 135, 22],
    [39, 20, 157, 221, 20],
    [11, 43, 156, 88, 14],
    [24, 35, 135, 132, 17],
    [42, 90, 384, 361, 41],
    [15, 6, 85, 34, 6],
    [26, 22, 76, 155, 18],
    [29, 45, 173, 421, 31],
    [35, 28, 93, 258, 9],
    [46, 25, 155, 142, 23],
    [63, 50, 202, 201, 33],
    [60, 77, 397, 232, 34],
    [36, 37, 123, 204, 9],
    [66, 30, 111, 380, 21],
    [26, 19, 81, 140, 8],
    [94, 48, 206, 589, 31],
    [11, 30, 33, 200, 7],
    [5, 3, 6, 102, 5],
    [21, 36, 130, 359, 25],
    [0, 2, 5, 64, 1],
    [1, 9, 16, 122, 4],
    [19, 30, 71, 379, 10],
    [5, 11, 17, 26, 8],
    [120, 94, 254, 655, 42],
    [2, 0, 5, 9, 0],
    [42, 45, 164, 445, 32],
    [4, 6, 11, 126, 1],
    [9, 3, 13, 101, 8],
    [1, 3, 7, 94, 3],
    [29, 7, 30, 89, 11],
    [3, 3, 3, 23, 0],
    [3, 12, 23, 106, 6],
    [9, 28, 69, 143, 9],
    [3, 10, 10, 191, 9],
    [5, 3, 23, 163, 0],
    [13, 7, 10, 57, 0],
    [2, 7, 10, 86, 4],
    [24, 28, 93, 241, 18],
    [4, 6, 12, 26, 2],
    [8, 7, 33, 54, 2],
    [6, 13, 20, 206, 7],
    [19, 14, 47, 286, 25],
    [517, 501, 2377, 4018, 340],
    [71, 43, 157, 295, 16],
    [165, 113, 448, 703, 69],
    [54, 5, 63, 115, 14]
  ],
  "method": "mult",
  "cond_prob": [
    [
      [0, 1, 0, 0, 0, 0],
      [0, 0.026701614241, 0.020984480333, 0.006008282581, 0.94630562284, 0],
      [0, 0.19733645609, 0.71823777115, 0, 0.084425772757, 0],
      [0, 0.058284375961, 0.049326669506, 0.85714285714, 0.03524609739, 0],
      [2.7755575616e-17, 0.54979601473, 0.069510752224, 0.23654023242, 0.14415300063, 0]
    ],
    [
      [0.016489302569, 0.71730370826, 0.087832022627, 0.043347748665, 0.032194365345, 0.10283285253],
      [0.010199909698, 0.0090492171163, 0.06627621628, 0.012873139223, 0.81646684653, 0.085134671151],
      [0, 0.026984668026, 0.80239128697, 0, 0.14415244503, 0.026471599977],
      [0.052435452974, 0.0003823361995, 0.0060474883214, 0.87592073919, 0.046214818545, 0.018999164765],
      [0.24661196863, 0.055426710514, 0.064698129887, 0.2209875206, 0.14769032888, 0.26458534148]
    ],
    [
      [0.015241865835, 0.68113645097, 0.10363960552, 0.053217640663, 0.029561987727, 0.11720244929],
      [0.0091302600419, 0.0060155793468, 0.08097497206, 0.017389668888, 0.79077268234, 0.095716837321],
      [0.0095144050304, 0.015790186407, 0.8367769024, 0.00032567073919, 0.11375542173, 0.023837413694],
      [0.023709337837, 0, 0.0087800331429, 0.91764989276, 0.03247506758, 0.017385668677],
      [0.21606093093, 0.048236804004, 0.07239024509, 0.24395454865, 0.13495790117, 0.28439957015]
    ],
    [
      [0.065683819708, 0, 0.14768261545, 0.14849660517, 0.089582586698, 0.54855437298],
      [0.012058431823, 0, 0.027967263362, 0.019250478351, 0.81089986105, 0.12982396542],
      [0.21643064389, 0, 0.48318046013, 0.048416545562, 0.18577295769, 0.066199392724],
      [0, 0, 0, 0.92825160788, 0.03478680612, 0.036961586003],
      [0.27333139556, 7.8999505645e-17, 0.023586537663, 0.18973392487, 0.11973692373, 0.39361121818]
    ],
    [
      [0.080513786713, 0.4, 0.12717337411, 0.1369702031, 0.021873500985, 0.23346913509],
      [0.011351960451, 0, 0.090755272251, 0.039011096976, 0.67200452563, 0.18687714469],
      [0.040622007751, 0, 0.83881615342, 0.026159274788, 0.05725296066, 0.037149603383],
      [0, 0, 0, 0.98296513177, 0, 0.017034868232],
      [0.16607456148, 0, 0.065131094324, 0.25516826697, 0.080591951805, 0.43303412542]
    ],
    [
      [0.025524753705, 0.77467414671, 0.036664284287, 0.039419158763, 0.01786490507, 0.10585275146],
      [0.022917553987, 0.013034867421, 0.038142982207, 0.023970718039, 0.77639503944, 0.12553883891],
      [0.28031025437, 0.054603394819, 0.45434637331, 0.022740282704, 0.14050589564, 0.047493799146],
      [0.041598443923, 0.0011426978215, 0, 0.91377429806, 0.020763438023, 0.02272112217],
      [0.38359398763, 0.046671414623, 0.026378267379, 0.17856614766, 0.087644080685, 0.27714610202]
    ],
    [
      [0.057224636861, 0.63949588139, 0.11581428195, 0.071523093804, 0.027919327553, 0.088022778439],
      [0.011688707107, 0.0091835725961, 0.084717609717, 0.029741839383, 0.79246269312, 0.072205578073],
      [0.048244471561, 0, 0.82169702973, 0.022586438508, 0.091429039373, 0.016043020824],
      [0.0081780945535, 0, 0, 0.96779429985, 0.017156926333, 0.0068706792656],
      [0.29655521784, 0, 0.076253208571, 0.29809608898, 0.12590149749, 0.20319398712]
    ],
    [
      [0.16297015537, 0.71958940495, 0, 0.014730429758, 0, 0.10271000992],
      [0.020628576951, 0.037014431808, 0, 0.060548037092, 0, 0.88180895415],
      [0.056029160154, 0.28041059505, 0, 0.10063713575, 0, 0.56292310904],
      [0.01661703584, 0, 0, 0.93371558371, 0, 0.049667380448],
      [0.11694384503, 0.041107392914, 0, 0.14548791402, 0, 0.69646084803]
    ],
    [
      [0, 0.87619333586, 0.053179647102, 0.035851060778, 0.034775956258, 0],
      [1.1102230246e-16, 0.0049275359616, 0.019798048537, 0.0072542364718, 0.96802017903, 0],
      [0, 0.046427499052, 0.73005763234, 0.018103850343, 0.20541101827, 0],
      [0, 0, 0, 0.94307345522, 0.056926544776, 0],
      [0, 0.11603492261, 0.088900458537, 0.38448456705, 0.41058005181, 0]
    ],
    [
      [0.02145500045, 0.87592226436, 0.026183133911, 0.026154000205, 0.017252660171, 0.0330329409],
      [0.019010340548, 0.0077743213166, 0.027316401975, 0.01511841074, 0.8919467268, 0.038833798617],
      [0.33897156927, 0.033518471805, 0.45952323095, 0.014373292951, 0.13887754659, 0.014735888431],
      [0.066532464644, 9.6490940642e-05, 0, 0.88544775298, 0.037308429022, 0.010614862416],
      [0.49125406613, 0.042319122984, 0.027454002207, 0.17774278881, 0.12683863023, 0.13439138964]
    ],
    [
      [0.009992843404, 0.82730714423, 0.047666330964, 0.032897157572, 0.016229850926, 0.065906672903],
      [0.010180224916, 0.016211379205, 0.057121719094, 0.022092567971, 0.80554485355, 0.088849255267],
      [0.067849963518, 0.054431031038, 0.71369749504, 0.020141632482, 0.11650776526, 0.027372112664],
      [0.012541540325, 0.0072882641887, 0, 0.93557953796, 0.027171523877, 0.017419133651],
      [0.23511405537, 0.079392208887, 0.053043299164, 0.23824441218, 0.12530804568, 0.26889797872]
    ],
    [
      [0.013799826109, 0, 0.27940388826, 0.13586702155, 0.066641963892, 0.50428730019],
      [0.0030265732485, 0, 0.072434087687, 0.019173238108, 0.75869221439, 0.14667388657],
      [0.0029931146992, 0, 0.86581671422, 0.01093046671, 0.084314897093, 0.035944807274],
      [0.0095308274244, 0, 0.0076693079643, 0.9218568104, 0.029485014374, 0.031458039837],
      [0.077097272712, 0, 0.073499876423, 0.23060007921, 0.1208199404, 0.49798283126]
    ],
    [
      [0.018029977805, 0.77996637217, 0.079131987801, 0.038333650656, 0.020135647325, 0.064402364248],
      [0.015818504744, 0.017507603757, 0.081608274757, 0.020767441436, 0.78963324909, 0.074664926213],
      [0.015032589391, 0.047045407324, 0.81991220737, 0.0019503105063, 0.097493755191, 0.018565730217],
      [0.040055188891, 0.01070386868, 0.014774022474, 0.89519948862, 0.025758217353, 0.013509213986],
      [0.31381737402, 0.072880669893, 0.068512037147, 0.23051798642, 0.11948806851, 0.19478386401]
    ],
    [
      [0.015836717526, 0.72888415893, 0.095200075611, 0.055757435437, 0.024742293038, 0.079579319462],
      [0.011170714234, 0.0095240708199, 0.080664829561, 0.026916799387, 0.7970480583, 0.074675527698],
      [0.014034095552, 0.017596833675, 0.83014457695, 0.022414202503, 0.098778352212, 0.017031939111],
      [0.021947447776, 0, 0.007241085468, 0.93553063699, 0.024054109514, 0.011226720249],
      [0.25008641734, 0.05854960152, 0.072864688272, 0.27147613982, 0.1313230873, 0.21570006574]
    ],
    [
      [0.020556380006, 0.80315471217, 0.071702536595, 0.037510119956, 0.018304246604, 0.048772004671],
      [0.019483991759, 0.019190326844, 0.080321717379, 0.021945451804, 0.79798811756, 0.061070394656],
      [0.018830069821, 0.051110676336, 0.81281707427, 0.006591566089, 0.095452172696, 0.015198440786],
      [0.048614858541, 0.012690395252, 0.008960983371, 0.89653217091, 0.022208729557, 0.010992862375],
      [0.3709599246, 0.075052450928, 0.063998131289, 0.22404843219, 0.11323417292, 0.15270688808]
    ],
    [
      [0.058235139494, 0.66037672298, 0.138381351, 0.074412364767, 0.035119010115, 0.033475411651],
      [0.0068645318685, 0, 0.085371666938, 0.029726907646, 0.854358465, 0.023678428543],
      [0, 0, 0.85638459213, 0.029200678193, 0.11136196048, 0.0030527691987],
      [0.005678818524, 0, 0.011784743208, 0.9521577468, 0.027876810982, 0.0025018804805],
      [0.23664703682, 0.051573047293, 0.0944479773, 0.35135920118, 0.17689998881, 0.0890727486]
    ],
    [
      [0.0097467094019, 0.77506937326, 0.071403505528, 0.045888847528, 0.024774614811, 0.073116949468],
      [0.0073532385794, 0.014751584995, 0.06411892794, 0.023576667751, 0.81573613407, 0.074463446663],
      [0.01881354519, 0.045294140711, 0.77335039339, 0.018042485062, 0.12365025771, 0.020849177933],
      [0.011572213985, 0.0054868125101, 0, 0.93439145246, 0.035657789356, 0.012891731691],
      [0.18574071594, 0.077996352582, 0.067428433158, 0.27632598982, 0.15303695356, 0.23947155493]
    ],
    [
      [0.022738254669, 0.74463578249, 0.086227788656, 0.043551003265, 0.023755376622, 0.079091794298],
      [0.017325249727, 0.012914035182, 0.07837065471, 0.019583624706, 0.79236129253, 0.079445143148],
      [0.017916177485, 0.034012990005, 0.8219511781, 0.00016013836609, 0.10498197491, 0.020977541134],
      [0.045936422529, 0.0019316483951, 0.010427834526, 0.89749728836, 0.029344368759, 0.014862437426],
      [0.33836424467, 0.058028686687, 0.063871728193, 0.2171005537, 0.11793979269, 0.20469499405]
    ],
    [
      [0.025968418292, 0.68880816432, 0.11415398382, 0.048129326117, 0.032413378277, 0.090526729167],
      [0.015772894418, 0.0044582118723, 0.084411560974, 0.016009769147, 0.80658210586, 0.072765457726],
      [0.013425490241, 0, 0.85276649104, 0, 0.11625859111, 0.017549427611],
      [0.049082775176, 0.00013601932731, 0.01895529875, 0.88232946996, 0.036015324119, 0.013481112663],
      [0.33420422682, 0.044639407481, 0.071596591054, 0.21716710767, 0.13015219536, 0.2022404716]
    ],
    [
      [0.019058383039, 0.73746488189, 0.096613460554, 0.034288357896, 0.016508425254, 0.096066491362],
      [0.017171122045, 0.016402243566, 0.10598907848, 0.014948878885, 0.7308103477, 0.11467832933],
      [0, 0.025663866466, 0.88316773559, 0, 0.06783667161, 0.023331726339],
      [0.071131308676, 0.028970823945, 0.02515089858, 0.8364161861, 0.018992593007, 0.019338189691],
      [0.3008334514, 0.0621898814, 0.074941490643, 0.20178813975, 0.096847866398, 0.26339917041]
    ],
    [
      [0.0076130407777, 0.78594433757, 0.068591575267, 0.03230759409, 0.018802666487, 0.086740785805],
      [0.0070105257729, 0.019975147886, 0.076782101366, 0.015710156004, 0.77318657588, 0.1073354931],
      [0, 0.054797154174, 0.81368400131, 0, 0.10339056814, 0.028128276372],
      [0.024874273444, 0.019142151665, 0.013690372161, 0.89117410863, 0.030593642177, 0.020525451921],
      [0.16232205084, 0.086057054121, 0.071318260905, 0.23691226484, 0.12939365229, 0.31399671701]
    ],
    [
      [0.0085219247376, 0.83288541559, 0.057082604483, 0.036000743758, 0.011759202772, 0.05375010866],
      [0.011183298877, 0.02735118092, 0.088613794437, 0.030613532693, 0.74922143337, 0.093016759701],
      [0.036918642273, 0.06560324475, 0.78258421277, 0.016472326642, 0.078472572438, 0.01994900113],
      [0.01423987708, 0.024625383853, 0, 0.9397293098, 0.009211351474, 0.012194077789],
      [0.20966299293, 0.1064320763, 0.07003204562, 0.28033794291, 0.10459552455, 0.22893941769]
    ],
    [
      [0.0081953108373, 0.70827473661, 0.086460369589, 0.041193604728, 0.026403225842, 0.12947275239],
      [0.0057349434169, 0.011519911646, 0.073447889649, 0.014975395182, 0.77346748851, 0.1208543716],
      [0.0036485493787, 0.033975503573, 0.81389170415, 0, 0.11459226633, 0.033891976563],
      [0.018008104928, 0.001746902296, 0.01728295007, 0.89511788119, 0.042405962429, 0.025438199084],
      [0.13439946468, 0.060381943347, 0.069476289836, 0.23437904095, 0.13563693318, 0.36572632801]
    ],
    [
      [0.013229446173, 0.79569034173, 0.053947254394, 0.042643746857, 0.014545804477, 0.079943406372],
      [0.013994969828, 0.023148137983, 0.066893300971, 0.031252257128, 0.7532416972, 0.1114696369],
      [0.056794287088, 0.065552675071, 0.72453872274, 0.03025601407, 0.093415026651, 0.029443274377],
      [0.0060664854877, 0.019698896979, 0, 0.94469566694, 0.011741229126, 0.017797721468],
      [0.24976100612, 0.082344174267, 0.052890784837, 0.24544133801, 0.10369623086, 0.26586646591]
    ],
    [
      [0.013533475291, 0.79881739433, 0.067265257694, 0.022406006937, 0.019012971644, 0.078964894106],
      [0.012609323474, 0.021851281428, 0.072048615696, 0.016596690635, 0.78163446196, 0.095259626808],
      [0.00057267237895, 0.071490757695, 0.79640608701, 0, 0.10427954871, 0.02725093421],
      [0.043910875549, 0.034045374279, 0.0036448431836, 0.8687745567, 0.028825410682, 0.020798939607],
      [0.26169522479, 0.082618444944, 0.062615505346, 0.21539525592, 0.12085348602, 0.25682208298]
    ],
    [
      [0.016798661331, 0.79385787903, 0.075632138656, 0.047311531218, 0.016584533132, 0.049815256636],
      [0.016929321525, 0.019433900798, 0.089959425568, 0.031116709633, 0.77623133319, 0.066329309282],
      [0.031425104667, 0.045372409704, 0.80534976833, 0.020502614931, 0.083163726135, 0.014186376237],
      [0.028695283614, 0.0052070191831, 0, 0.94573561224, 0.012158850274, 0.0082032346912],
      [0.31004847623, 0.077742951344, 0.070026920807, 0.27405173253, 0.10785910086, 0.16027081822]
    ],
    [
      [0.022167345339, 0.82094526859, 0.064481474994, 0.036345744104, 0.020841741616, 0.035218425358],
      [0.019955823702, 0.018635089546, 0.068440979143, 0.020863643027, 0.8302176909, 0.041886773687],
      [0.021753043827, 0.056656332703, 0.78552710604, 0.0084967431406, 0.11574950909, 0.011817265199],
      [0.054176994565, 0.01555934302, 0, 0.88998924429, 0.031786788057, 0.0084876300646],
      [0.40391018086, 0.078854753896, 0.0587068991, 0.21971198727, 0.12707942971, 0.11173674917]
    ],
    [
      [0.013991191938, 0.73927608898, 0.080438003428, 0.045327137741, 0.023157072289, 0.097810505629],
      [0.010702426707, 0.012862631331, 0.073191916416, 0.021998329699, 0.78201299282, 0.099231703024],
      [0.010960335377, 0.035338585786, 0.80938671346, 0.010123059856, 0.10757757029, 0.02661373523],
      [0.028104862334, 0.0027855387782, 0.0027125137379, 0.92001895636, 0.028434758391, 0.017943370399],
      [0.23090052707, 0.062107943957, 0.065072091171, 0.23983868233, 0.12488097966, 0.2771997758]
    ],
    [
      [0.020682669392, 0.7547664913, 0.089331563237, 0.026763288762, 0.032053696882, 0.076402290423],
      [0.013855763549, 0.012249914198, 0.072850859247, 0.0047021658135, 0.82812844209, 0.068212855102],
      [0, 0.0089158647515, 0.82655315557, 0, 0.14292745649, 0.021603523194],
      [0.069392216675, 0.0459932981, 0.023466700845, 0.78984619689, 0.053697437195, 0.017604150297],
      [0.32830917746, 0.062450121625, 0.068217768124, 0.18648822297, 0.14751054047, 0.20702416934]
    ],
    [
      [0.016492596539, 0.79006550853, 0.081146007839, 0.036476076285, 0.024127739128, 0.051692071684],
      [0.013105146674, 0.015517523657, 0.074135262786, 0.018750777955, 0.82451884287, 0.053972446053],
      [0.0071403537505, 0.04605151371, 0.81863914955, 0, 0.11370598553, 0.014462997468],
      [0.040171153719, 0.0095946595632, 0.019812685684, 0.88426742009, 0.035475047396, 0.010679033544],
      [0.30479126454, 0.076329363923, 0.072382521172, 0.23896588126, 0.14384080572, 0.16369016338]
    ],
    [
      [0.012025286748, 0.78833971388, 0.082874670716, 0.033556372799, 0.015134277438, 0.068069678415],
      [0.012030607933, 0.020806000275, 0.11229063188, 0.013489013298, 0.74828518382, 0.09309856279],
      [0, 0.027873528462, 0.89275348145, 0, 0.062593687686, 0.016779302405],
      [0.043934524143, 0.044628769618, 0.031861861127, 0.84980328179, 0.015438077606, 0.014333485717],
      [0.24886911286, 0.082714497783, 0.08474961189, 0.23344025214, 0.10957813825, 0.24064838708]
    ],
    [
      [0.021914822573, 0.78275992219, 0.084352468599, 0.041087379621, 0.018723444146, 0.05116196287],
      [0.019531294319, 0.017008285071, 0.090099326085, 0.022065516524, 0.79093063994, 0.060364938062],
      [0.017396739892, 0.042093981693, 0.83924745857, 0.0023259537584, 0.085295743524, 0.013640122565],
      [0.046658823851, 0.00581682466, 0.017670401725, 0.90155482133, 0.018603908109, 0.0096952203206],
      [0.36958378373, 0.068703735659, 0.070068494499, 0.23072762571, 0.11161315862, 0.14930320178]
    ],
    [
      [0.016196044111, 0.75606618635, 0.078491531658, 0.055308635815, 0.029466705053, 0.064470897011],
      [0.010563709096, 0.010905538941, 0.058337343247, 0.027049433314, 0.83706376377, 0.056080211629],
      [0.028721338193, 0.032909116784, 0.75229775661, 0.03437240894, 0.1352277292, 0.016471650278],
      [0.010252734524, 0, 0, 0.94364772231, 0.036252375342, 0.00984716782],
      [0.25948295852, 0.064063922521, 0.062698932703, 0.27772574413, 0.15639278385, 0.17963565827]
    ],
    [
      [0.039034455931, 0.55744084523, 0.11991814703, 0.037923086104, 0.011032201713, 0.234651264],
      [0.035600329349, 0.011083996426, 0.12367849681, 0.024240293171, 0.51835523523, 0.28704164902],
      [0.00042607950939, 0.004933665758, 0.90988663916, 0, 0.036686231033, 0.048067384543],
      [0.14582199476, 0, 0.023278224359, 0.7793414372, 0.011200370159, 0.040357973524],
      [0.36778610081, 0.025420292272, 0.054555476212, 0.1313505141, 0.03754055662, 0.38334705998]
    ],
    [
      [0.027023075709, 0.79714334984, 0.057578386255, 0.044568815955, 0.014343136823, 0.059343235418],
      [0.027824907187, 0.021113005896, 0.071977609179, 0.030670453751, 0.76723152404, 0.081182499949],
      [0.080748215846, 0.057110515802, 0.72477650536, 0.026973719246, 0.089480256464, 0.020910787281],
      [0.038708259792, 0.014519801412, 0, 0.92435053808, 0.0088232859708, 0.013598114747],
      [0.41936707786, 0.067712130815, 0.046468897109, 0.21345137432, 0.087770894281, 0.16522962562]
    ],
    [
      [0.021178766958, 0.75612146635, 0.08119909257, 0.05256890963, 0.028010558053, 0.060921206436],
      [0.014283694394, 0.011769392644, 0.064084611104, 0.024056546219, 0.8314823575, 0.054323398141],
      [0.044280059237, 0.032791748195, 0.76216332904, 0.021079866452, 0.12397599392, 0.015709003156],
      [0.026479309593, 0, 0, 0.93082143496, 0.033006243229, 0.0096930122181],
      [0.32047773948, 0.0603187861, 0.061521383591, 0.25388116216, 0.14282298006, 0.16097794862]
    ],
    [
      [0.011951627234, 0.77076989318, 0.096466284764, 0.049436916405, 0.025037989713, 0.046337288698],
      [0.0088149502953, 0.012867463599, 0.083822617612, 0.023430190318, 0.82580604824, 0.045258729934],
      [0.019292009094, 0.021331480952, 0.83669227241, 0.011428194562, 0.10067485872, 0.010581184266],
      [0.017448868589, 0, 0.018107226141, 0.92959473133, 0.027995141935, 0.0068540320012],
      [0.22654549964, 0.075437447692, 0.088066784643, 0.30171109096, 0.1572880588, 0.15095111826]
    ],
    [
      [0.021187527251, 0.73917537744, 0.080033822543, 0.039834052272, 0.019640593285, 0.10012862721],
      [0.017716140593, 0.015360672061, 0.078741027449, 0.021896671716, 0.75487284004, 0.11141264814],
      [0.018980220596, 0.041464252887, 0.81325028857, 0.0032359689897, 0.093383206558, 0.029686062403],
      [0.045655329337, 0.0058226151189, 0.0065015298518, 0.89686547588, 0.024027939063, 0.021127110748],
      [0.31119475102, 0.059136751833, 0.059691587392, 0.20711930582, 0.10166727585, 0.26119032808]
    ],
    [
      [0.023313286215, 0.73869212279, 0.081454510607, 0.047536440674, 0.018131692894, 0.090871946817],
      [0.019837075055, 0.01476761444, 0.081728379937, 0.026605976712, 0.75473380063, 0.10232715323],
      [0.020424984062, 0.036853181876, 0.81347837394, 0.018105389395, 0.085939166183, 0.025198904548],
      [0.047060014953, 0.0019013523457, 0.0024281934094, 0.91408955287, 0.017491829373, 0.017029057049],
      [0.33195452817, 0.057500029746, 0.059734800747, 0.22077626112, 0.09834678919, 0.23168759102]
    ],
    [
      [0.02143995561, 0.73993059354, 0.092940941209, 0.04590180829, 0.024480778179, 0.075305923171],
      [0.015819335786, 0.012112035615, 0.08235195327, 0.020362318449, 0.79578025711, 0.073574099768],
      [0.014889461151, 0.029137016483, 0.83593642628, 0, 0.10204913057, 0.017987965522],
      [0.041634251353, 0.00046028224377, 0.012342001221, 0.90441628001, 0.028204337725, 0.012942847446],
      [0.32133092402, 0.058745782967, 0.069186400293, 0.23098282409, 0.12350477427, 0.19624929436]
    ],
    [
      [0.096996054219, 0.6006944141, 0.11272670887, 0.063198889792, 0.0390861714, 0.087297761612],
      [0.017550003442, 0, 0.068615988533, 0.021177200738, 0.83379593503, 0.058860872261],
      [0.02674379554, 0, 0.81213394274, 0.015310583796, 0.1297447275, 0.016066950425],
      [0.018190494124, 0, 0.0093557157133, 0.91604921844, 0.046319497379, 0.010085074347],
      [0.31760491867, 0.041666788027, 0.066889549199, 0.24267124135, 0.14829658727, 0.18287091548]
    ],
    [
      [0.013150900315, 0.8104994873, 0.0634689416, 0.050151236606, 0.021900035924, 0.040829398257],
      [0.011047749303, 0.016629772479, 0.064094939872, 0.026845026668, 0.83630736414, 0.045075147538],
      [0.076060554105, 0.05094714821, 0.71644142734, 0.023864980314, 0.11998173783, 0.0127041522],
      [0.0074354324841, 0.00673692146, 0, 0.95536090269, 0.023661763427, 0.0068049799349],
      [0.26344867859, 0.0853798599, 0.06491443923, 0.29516722598, 0.15028255728, 0.14080723902]
    ],
    [
      [0.0018563766165, 0.76728031743, 0.084325058409, 0.050478192659, 0.018973539182, 0.077086515701],
      [0.0015993218402, 0.015218599748, 0.084841532399, 0.028405927962, 0.78236982406, 0.087564793986],
      [0.0013038347988, 0.037319823937, 0.83409144099, 0.020402880222, 0.088169725404, 0.018712294652],
      [0.003416543351, 0.00033413037023, 0.0065311387859, 0.96268397528, 0.016562336017, 0.010471876197],
      [0.042177550646, 0.086484295103, 0.089974151984, 0.33993306532, 0.14764831548, 0.29378262146]
    ],
    [
      [0.027671861775, 0.73715528856, 0.09028782459, 0.055534341405, 0.026183209884, 0.063167473788],
      [0.019320459095, 0.011560303801, 0.074463690158, 0.025382766035, 0.81086096664, 0.058411814272],
      [0.04964464381, 0.0023823328714, 0.8058909215, 0.020053939117, 0.10703143138, 0.014996731321],
      [0.038379424847, 0, 0, 0.92546831104, 0.026826258773, 0.0093260053401],
      [0.37545758377, 0.053604765212, 0.062101855844, 0.2364339509, 0.12155840616, 0.15084343811]
    ],
    [
      [0.019202752972, 0.77894092958, 0.052869759549, 0.036439862323, 0.0251636544, 0.087383041179],
      [0.014696616536, 0.014240129458, 0.046183269236, 0.015797523551, 0.82090026141, 0.088182199813],
      [0.092609577014, 0.053193612748, 0.65851950396, 0.012942729038, 0.15075917286, 0.031975404384],
      [0.035426547352, 0.0089943713262, 0, 0.87664856299, 0.055963625737, 0.022966892596],
      [0.3152065299, 0.064311772144, 0.043112991023, 0.19548759313, 0.13263058683, 0.24925052698]
    ],
    [
      [0.015273213259, 0.83531182993, 0.041378420701, 0.035128621335, 0.018492354556, 0.054415560215],
      [0.013915946765, 0.01611118725, 0.044702203357, 0.02083772021, 0.83878706622, 0.065645876198],
      [0.19112410707, 0.060065875853, 0.57484518406, 0.01757575456, 0.13377866784, 0.022610410623],
      [0.030648755971, 0.010013217065, 0, 0.9167759823, 0.028868709331, 0.01369333533],
      [0.3217936684, 0.078672778556, 0.041986036418, 0.22904780209, 0.12877933395, 0.19972038059]
    ],
    [
      [0.012246060717, 0.78734469115, 0.06080753735, 0.040712071829, 0.023147361766, 0.075742277187],
      [0.0098525355862, 0.015555791581, 0.057103715005, 0.02149103665, 0.81540391782, 0.080593003354],
      [0.048650296881, 0.05222961889, 0.72497610137, 0.016914075823, 0.13162761122, 0.025602295816],
      [0.014875589218, 0.0088467109695, 0, 0.92214010241, 0.037414690464, 0.016722906941],
      [0.22893065279, 0.077597331803, 0.056816591909, 0.24496970204, 0.14463604104, 0.24704968042]
    ],
    [
      [0, -0, 0.28652664797, 0.24497791885, 0.17375554175, 0.29473989144],
      [0, 0, 0.032115057057, 0.015738918579, 0.91440745868, 0.037738565684],
      [0, 0, 0.57363354576, 0.2253374061, 0.18384701902, 0.017182029121],
      [0, 0, 0, 0.94478145877, 0.046346571736, 0.0088719694913],
      [0, 0, 0.067602157067, 0.37582177087, 0.28576939647, 0.27080667559]
    ],
    [
      [0.0070430703106, 0.89122208831, 0.0085992187454, 0.018438057674, 0.0097046135514, 0.064992951409],
      [0.012149752056, 0.025817078306, 0.015643303713, 0.022615314244, 0.77672196202, 0.14705258966],
      [0.25211651316, 0.16702456448, 0.23744478766, 0.033147502068, 0.22355616045, 0.086710472183],
      [0.0077090738483, 0.006387532012, 0, 0.93040706381, 0.024661795343, 0.030834534988],
      [0.2273094853, 0.10618806744, 0.012873611312, 0.18450057408, 0.10354003232, 0.36558822955]
    ],
    [
      [0.020914246488, 0.68885996144, 0.081568024817, 0.060141259625, 0.035459383725, 0.11305712391],
      [0.011102688142, 0.008036936546, 0.050162447479, 0.021772011519, 0.82974853274, 0.079177383578],
      [0.13236336628, 0.0031007041187, 0.66802719457, 0.020379138235, 0.14835451394, 0.027775082857],
      [0.011177132481, 0, 0, 0.9323085848, 0.040644877914, 0.015869404803],
      [0.26356164562, 0.045040264391, 0.051540328963, 0.2412283267, 0.14962365079, 0.24900578353]
    ],
    [
      [0.027191057995, 0.845077243, 0.025103527641, 0.035611441778, 0.020267092665, 0.046749636924],
      [0.029897929076, 0.023707785391, 0.015904451663, 0.026964435185, 0.84252473901, 0.061000659674],
      [0.13981295225, 0.080582546209, 0.56414534583, 0.02870911852, 0.16016483353, 0.026585203659],
      [0.01853041736, 0.021114506316, 0, 0.90392778933, 0.038202184018, 0.018225102979],
      [0.45956955633, 0.074368461991, 0.013632814292, 0.19189455834, 0.11435418163, 0.14618042741]
    ],
    [
      [0.020559400909, 0.80913183292, 0.064207053621, 0.04522322549, 0.021986399822, 0.038892087234],
      [0.017420401029, 0.017716003499, 0.064721378072, 0.025334097506, 0.8312763284, 0.043531791496],
      [0.057145487147, 0.052901644362, 0.73918653335, 0.019900440387, 0.11852927231, 0.012336622447],
      [0.029272552462, 0.011534837698, 0, 0.9246926903, 0.026742363528, 0.0077575560135],
      [0.36206853801, 0.077298556195, 0.058522965627, 0.24912818503, 0.13330890178, 0.11967285336]
    ],
    [
      [1.8991135492e-65, 0, 0.39629291381, 0.30720573604, 0.29650135015, 0],
      [0, 0, 0.0013176637836, 0.00052161122538, 0.99816072499, 0],
      [0, 0, 0.64148283448, 0.13537322445, 0.22314394107, 0],
      [0, 0, 0, 0.96763582285, 0.032364177149, 0],
      [0, 0, 0.086977663927, 0.41318428342, 0.49983805265, 0]
    ],
    [
      [0.0095255562634, 0.80269856896, 0.057410521215, 0.041744744832, 0.023484054253, 0.065136554475],
      [0.0077154083689, 0.016506129522, 0.054755643098, 0.022470175007, 0.82865894759, 0.069893696411],
      [0.061216898572, 0.056858858773, 0.70265861475, 0.01974175403, 0.13701031741, 0.022513556457],
      [0.0022119064556, 0.012196178883, 0, 0.93567049066, 0.036344399867, 0.013577024135],
      [0.19465198506, 0.087241619796, 0.059023167182, 0.26951708866, 0.15878334635, 0.23078279295]
    ],
    [
      [0.0027117772941, 0.85207379119, 0.037910930651, 0.036488176325, 0.030187083416, 0.040628241128],
      [0.0017349072952, 0.011168381602, 0.028330008475, 0.015146765139, 0.90911715577, 0.034502781721],
      [0.082189634514, 0.12939561107, 0.51162330596, 0.034495713215, 0.22468513277, 0.017610602473],
      [0, 0, 0, 0.92914578675, 0.06099617366, 0.0098580395913],
      [0.074657467398, 0.10134282391, 0.050519860997, 0.31134472813, 0.26749439012, 0.19464072945]
    ],
    [
      [0.146751863, 0.10561111346, 0.18749306065, 0.1055413106, 0.12011888187, 0.33448377042],
      [0.0030670878199, 0.00044785752353, 0.03401744789, 0.010480343125, 0.88404470582, 0.067942557817],
      [0.0086613024353, 0, 0.74128831647, 0.012024940547, 0.20613093732, 0.031894503227],
      [0.0056063790293, 0, 0.001186954086, 0.89319294843, 0.085368015672, 0.01464570278],
      [0.12389884449, 0.0060195507869, 0.056734954212, 0.20623439456, 0.24561552219, 0.36149673376]
    ],
    [
      [0.0086637909222, 0.82382525308, 0.05536926727, 0.053616297383, 0.023986618568, 0.034538772773],
      [0.0062612695195, 0.0023300004434, 0.047010216664, 0.032271848218, 0.87889301254, 0.033233652613],
      [0.19740471089, 0, 0.51795034734, 0.13439447857, 0.13895622202, 0.011294241172],
      [0, 0, 0, 0.9765117771, 0.019493512715, 0.0039947101811],
      [0.19690647476, 0.056394915195, 0.059315883776, 0.37223325339, 0.17808353149, 0.13706594139]
    ],
    [
      [0.007232261476, 0.81851387094, 0.027410201951, 0.030399647622, 0.014999024509, 0.1014449935],
      [0.0071437535322, 0.023142571239, 0.044232364404, 0.021035071982, 0.77451518714, 0.1299310517],
      [0.06793821016, 0.15517239656, 0.58277607596, 0.014631050627, 0.13167502747, 0.047807239224],
      [0, 0.038341034051, 0, 0.91023682652, 0.021185065226, 0.030237074207],
      [0.15473743979, 0.093961437873, 0.037472301263, 0.22919596693, 0.11888185001, 0.36575100413]
    ],
    [
      [0.013505730055, 0.60639038595, 0.060855141588, 0.028979380777, 0.0089775539655, 0.28129180767],
      [0.013031494587, 0.010242413867, 0.069271698247, 0.017504365434, 0.52861834537, 0.36133168249],
      [0.011103215765, 0.023957655007, 0.83649624047, 0.0081446613784, 0.045766257191, 0.074531970187],
      [0.038568638208, 0.0034012450231, 0.0043535112645, 0.86243977292, 0.010865805671, 0.080371026911],
      [0.19220555145, 0.024586138881, 0.031249126727, 0.10458388622, 0.034828074995, 0.61254722172]
    ],
    [
      [0.2209898846, 0.33333333333, 0.16999006811, 0.11149458753, 0.080816438285, 0.083375688143],
      [0.011437487152, 0, 0.047082717152, 0.0176885313, 0.89721497184, 0.026576292556],
      [0.085554337807, 0, 0.71928325987, 0.016028861339, 0.16947799906, 0.0096555419306],
      [0.010930985066, 0, 0, 0.91938538892, 0.064639826498, 0.0050437995178],
      [0.34555771897, 0, 0.06358703548, 0.27162313762, 0.20685923933, 0.1123728686]
    ],
    [
      [0.018737287249, 0.80762081484, 0.044740526243, 0.039528049275, 0.022249687866, 0.067123634531],
      [0.016285894491, 0.016541781438, 0.039113181259, 0.025898508316, 0.82634384848, 0.075816786018],
      [0.11362267862, 0.062888367872, 0.61086063974, 0.03022351847, 0.15411060186, 0.028294193438],
      [0.0037513655523, 0.0089322562946, 0, 0.9291993416, 0.040988003191, 0.017129033364],
      [0.33321658559, 0.072403639212, 0.039198005164, 0.2175734112, 0.12968989634, 0.20791846249]
    ],
    [
      [0.0098203459918, 0.85707535859, 0.038780378479, 0.03338384349, 0.0077439848274, 0.053196088623],
      [0.1270317947, 0.033035166268, 0, 0.041690868292, 0.6664011703, 0.13184100044],
      [0.16696356797, 0.072842427206, 0.64340208267, 0.02133860616, 0.068639196102, 0.026814119889],
      [0.014156150796, 0.007662165629, 0, 0.96743075477, 0, 0.010750928808],
      [0.25852894815, 0.10072492826, 0.049959781986, 0.27669772938, 0.069596042388, 0.24449256984]
    ],
    [
      [0.015251699199, 0.73216584744, 0.043917352717, 0.036458069547, 0.01301102997, 0.15919600113],
      [0.016150352339, 0.016659182087, 0.055283364596, 0.02507141331, 0.66360192101, 0.22323376665],
      [0.16674385679, 0.055250310734, 0.59193752794, 0.021313493211, 0.096714893477, 0.068039917848],
      [0.018651421723, 0.0062480740469, 0, 0.92179315993, 0.016685254829, 0.036622089472],
      [0.23735051618, 0.052255843155, 0.033714029501, 0.17458113822, 0.067626710465, 0.43447176248]
    ],
    [
      [0.046873300347, 0.58532521092, 0, 0.19154718327, 0.037340755151, 0.13891355031],
      [0.0083981792133, 0.004875435665, 0.030313443103, 0.023870130669, 0.83759265748, 0.094950153865],
      [0.1331859841, 0.035664420836, 0.57878058983, 0.027910214944, 0.18211090893, 0.042347881367],
      [0, 0, 0, 0.93094199217, 0.049654605112, 0.019403402723],
      [0.22555136935, 0.044710630823, 0.035649605354, 0.22579557692, 0.14522104303, 0.32307177453]
    ],
    [
      [0.019722569486, 0.8557026993, 0.028797109992, 0.023545284189, 0.01468458626, 0.057547750776],
      [0.023445309435, 0.018506331772, 0.039005037503, 0.017377653275, 0.81213995669, 0.089525711328],
      [0.17287219965, 0.074695446335, 0.55519791118, 0.015500751529, 0.14772296365, 0.034010727663],
      [0.062454733796, 0.013128226057, 0, 0.86098654722, 0.039518254968, 0.023912237957],
      [0.42415214802, 0.070767093681, 0.029347851431, 0.15785382057, 0.10246289175, 0.21541619456]
    ],
    [
      [0.018664163097, 0.72572637573, 0.083242319384, 0.049435772449, 0.020736379119, 0.10219499022],
      [0.015015098817, 0.013474166109, 0.078791162948, 0.026295095622, 0.75799341678, 0.10843105973],
      [0.015546416922, 0.034330467983, 0.81303994258, 0.017924061637, 0.092490162332, 0.026668948549],
      [0.036108641598, 0, 0.00028597172863, 0.92615553621, 0.019788814413, 0.017661036054],
      [0.27686877332, 0.056253156056, 0.061910995888, 0.2337142681, 0.10599010339, 0.26526270324]
    ],
    [
      [0.016436241589, 0.82548587247, 0.058353417447, 0.060660325483, 0.0029876329299, 0.036076510085],
      [0.02270992128, 0.021292169784, 0.095937038399, 0.15184944202, 0.64182923507, 0.066382193442],
      [0.087816192698, 0.035776729708, 0.75604312455, 0.110234985, 0, 0.010128968045],
      [0, 0, 0, 0.99736161315, 0, 0.0026383868499],
      [0.37210059679, 0.070491367467, 0.059223302609, 0.29602014202, 0.068537028923, 0.13362756219]
    ],
    [
      [0.011834168366, 0.81387450929, 0.098371112153, 0.05778539969, 0.018134810504, 0],
      [0.01030642188, 0.013962031392, 0.10081497349, 0.033708214084, 0.84120835916, 0],
      [0.025830028238, 0.0066645045378, 0.86720526481, 0.027878864144, 0.072421338273, 0],
      [0.0077745754118, 0, 0.012616253356, 0.97446493228, 0.0051442389506, 0],
      [0.28048184792, 0.08567052811, 0.10413743423, 0.38032522198, 0.14938496776, 0]
    ],
    [
      [0.04247992783, 0.72047431506, 0.078157600398, 0.042445439065, 0.020005657225, 0.096437060426],
      [0.035017224619, 0.012962209497, 0.075470876383, 0.022284203867, 0.74977852753, 0.1044869581],
      [0.034035778092, 0.034228247819, 0.80241529039, 0.012730728249, 0.09084454934, 0.025745406113],
      [0.093166213967, 0.0026477147481, 0.00092244190606, 0.85974516401, 0.023177459678, 0.020341005691],
      [0.48813441056, 0.039807313103, 0.044514880605, 0.15621633777, 0.077342502595, 0.19398455536]
    ],
    [
      [0.048566502127, 0.62461729971, 0.11104965177, 0.059130442079, 0.024848503145, 0.13178760117],
      [0.024921892956, 0.0094479503993, 0.086029975292, 0.02528115757, 0.7398569733, 0.11446205048],
      [0.045701339603, 0, 0.82981175986, 0.013902412957, 0.084188314819, 0.02639617276],
      [0.056138602891, 0, 0.0043514917669, 0.89843619981, 0.021102039765, 0.019971665768],
      [0.4209890628, 0, 0.057598304138, 0.19665675361, 0.087113865792, 0.23764201366]
    ],
    [
      [0.017066064063, 0.7754932941, 0.074139182346, 0.047029214559, 0.021698216797, 0.064574028132],
      [0.014172841664, 0.015985723214, 0.072610671418, 0.025869469981, 0.80049215582, 0.070869137901],
      [0.025108400678, 0.044865750822, 0.78483298309, 0.020565704018, 0.10616717707, 0.018459984326],
      [0.028327489596, 0.0054722174159, 0, 0.93009709902, 0.024418785411, 0.011684408562],
      [0.28992273411, 0.07184664805, 0.063953222182, 0.25503079211, 0.12723938878, 0.19200721477]
    ],
    [
      [0.01066813626, 0.78289782965, 0.07172733702, 0.040791477951, 0.016905859924, 0.07700935919],
      [0.010109026772, 0.019661722476, 0.079678318147, 0.025028736347, 0.76952019169, 0.096002004564],
      [0.0094453050534, 0.05291669283, 0.81013523216, 0.012366817579, 0.091796447865, 0.023339504514],
      [0.023665009553, 0.016825087434, 0.00061375214059, 0.92509521783, 0.018236308842, 0.015564624201],
      [0.20898646642, 0.081092403789, 0.069306441294, 0.26143061144, 0.11991014246, 0.25927393459]
    ],
    [
      [0.01466631621, 0.76601738889, 0.069181572969, 0.039796691251, 0.016601423034, 0.093736607646],
      [0.013883062949, 0.019715572746, 0.077648545352, 0.024473359513, 0.74691754513, 0.11736191431],
      [0.01756032561, 0.054451946608, 0.79605794763, 0.011474730539, 0.090648983053, 0.02980606656],
      [0.031080264341, 0.017046354716, 0, 0.91275557937, 0.018536644064, 0.020581157507],
      [0.25064956532, 0.072481328504, 0.060533250686, 0.22985803969, 0.10459532485, 0.28188249094]
    ],
    [
