{
  "Z_true": {},
  "V_true": [
    [460, 1160, 200, 30],
    [707, 11870, 1489, 420],
    [101, 396, 14229, 300],
    [32, 407, 977, 564],
    [91, 531, 1060, 512]
  ],
  "p_true": [
    [0.2486, 0.627, 0.1081, 0.0162],
    [0.0488, 0.8194, 0.1028, 0.029],
    [0.0067, 0.0264, 0.947, 0.02],
    [0.0162, 0.2056, 0.4934, 0.2848],
    [0.0415, 0.242, 0.4831, 0.2334]
  ],
  "Z_est": [
    [
      [32.6293, 21.0259, 47.447, 17.4769, 0, 38.3527, 6.7258, 26.7326, 3.6871, 21.617, 8.7883, 45.3508, 6.8523, 3.7246, 4.7284, 19.6285, 28.5129, 8.236, 29.4298, 19.1887, 29.7333, 15.5823, 3.5048, 10.9927, 16.641, 6.7962, 1.1227, 0.774, 11.9296, 13.8334, 8.0031, 1.9359, 9.2158, 9.8918, 14.5395, 16.8062, 15.8518, 28.23, 12.3194, 15.4506, 31.7622, 2.6502, 3.5413, 17.5754, 2.4683, 36.2597, 10.1864, 82.3463, 17.0414],
      [25.1231, 20.0289, 43.1577, 12.9942, 3.9381, 20.7021, 2.9572, 22.4772, 5.8539, 28.1132, 6.9736, 36.2844, 8.1319, 1.9795, 7.6611, 17.8635, 27.2731, 8.1412, 21.9525, 24.9684, 23.2678, 16.9923, 4.3982, 12.5918, 12.4568, 8.3007, 1.3663, 0.1619, 9.5962, 11.2737, 5.4712, 7.4489, 6.7045, 7.4533, 14.1666, 11.778, 13.6365, 41.9311, 14.2574, 12.9477, 26.9036, 1.6279, 1.0968, 10.5599, 2.316, 61.6287, 11.2951, 37.7519, 12.7946],
      [8.2447, 12.9357, 16.3953, 4.5284, 2.056, 5.9361, 1.3132, 8.7879, 3.4588, 11.2636, 1.2371, 5.3391, 3.0144, 0.2954, 1.6089, 5.5062, 7.2132, 3.6193, 5.6137, 7.8361, 8.9944, 6.4181, 1.0962, 4.4127, 4.9007, 2.8982, 1.51, 0.0641, 3.4739, 2.8881, 2.5232, 0.6048, 2.0785, 2.6541, 5.2924, 6.411, 5.5104, 22.8272, 6.4212, 5.5992, 7.3342, 0.7209, 1.361, 3.8604, 0.2157, 20.0996, 2.5138, 12.8912, 2.1537],
      [0.0029, 0.0095, 0, 0.0004, 0.0059, 0.0091, 0.0039, 0.0022, 0.0003, 0.0062, 0.001, 0.0257, 0.0015, 0.0005, 0.0016, 0.0019, 0.0008, 0.0035, 0.004, 0.0069, 0.0044, 0.0073, 0.0008, 0.0028, 0.0015, 0.0049, 0.0009, 0, 0.0003, 0.0048, 0.0025, 0.0104, 0.0011, 0.0008, 0.0016, 0.0049, 0.0014, 0.0118, 0.002, 0.0025, 0, 0.001, 0.0008, 0.0043, 0, 0.0121, 0.0047, 0.0106, 0.0103]
    ],
    [
      [17.7386, 12.0076, 13.2376, 6.2392, 0, 23.1628, 2.9601, 24.307, 1.2693, 13.6937, 12.34, 11.338, 2.7915, 7.0049, 5.1461, 12.4782, 25.4193, 3.3652, 13.6755, 8.4695, 21.1713, 8.9995, 4.2831, 8.5899, 18.2717, 4.9965, 0.814, 0.8442, 15.2994, 2.6142, 4.4115, 0.0529, 11.2147, 16.3624, 15.6673, 13.3313, 16.209, 15.0514, 11.0645, 10.1119, 4.7568, 1.0859, 2.129, 11.5452, 4.0654, 12.8449, 7.2251, 55.5706, 5.1935],
      [346.4217, 289.0582, 310.9236, 117.206, 32.3382, 324.5708, 36.3099, 525.2408, 58.374, 459.3683, 284.1154, 238.6727, 86.4896, 149.6241, 247.4936, 286.1249, 620.8042, 86.8092, 261.4547, 293.6634, 419.1703, 251.1436, 155.4151, 253.4409, 360.6145, 158.1508, 27.7471, 17.1219, 337.0093, 56.8924, 79.413, 20.1765, 222.0902, 362.7807, 402.0011, 238.392, 361.5923, 611.0213, 332.2683, 215.1245, 110.4117, 19.8133, 19.2936, 179.8811, 142.5253, 620.5547, 203.3726, 674.1893, 102.1044],
      [30.3303, 49.4991, 38.3326, 12.0683, 5.2557, 24.7178, 3.6942, 62.1235, 9.4617, 49.7826, 19.1361, 11.2218, 8.1596, 1.9695, 12.1005, 23.684, 43.4368, 9.8235, 18.078, 25.1844, 43.6202, 25.4258, 10.6641, 24.1948, 43.0049, 14.8123, 7.9762, 1.0296, 36.7965, 3.7911, 9.0609, 1.3674, 20.5053, 43.9857, 42.9097, 35.0424, 42.265, 88.9208, 42.6488, 24.7536, 14.2457, 1.3724, 6.2821, 17.5398, 5.5111, 56.25, 11.6672, 62.6893, 4.7192],
      [14.5093, 21.4352, 11.5062, 2.4865, 2.4061, 19.5486, 3.0358, 33.3287, 1.895, 40.1554, 15.4085, 13.7675, 3.5594, 5.4016, 16.2598, 9.7129, 28.3398, 5.0021, 11.7918, 16.6827, 22.0382, 16.4311, 10.6376, 24.7745, 22.1089, 11.0404, 5.4627, 1.0043, 27.8948, 2.7023, 6.1146, 1.4032, 16.1899, 27.8712, 23.4219, 17.2343, 20.9337, 40.0065, 24.0185, 11.01, 4.5858, 3.7285, 1.2953, 13.0339, 15.8983, 41.3504, 10.7352, 51.5508, 4.9829]
    ],
    [
      [1.2698, 0.7414, 1.0636, 0.2063, 0, 1.1388, 0.2156, 1.5679, 0.026, 0.463, 0.6816, 1.1557, 0.2813, 0.111, 0.0662, 0.6729, 0.6575, 0.3477, 0.7014, 0.2114, 0.8005, 0.2721, 0.122, 0.2842, 0.7747, 0.1174, 0.0544, 0.3531, 0.5283, 0.4768, 0.5217, 0.0093, 0.4338, 0.5356, 0.5376, 0.6397, 0.717, 0.4897, 0.4304, 0.2783, 0.3706, 0.2274, 0.2449, 0.6895, 0.3762, 0.5918, 0.4653, 1.3799, 0.7095],
      [5.518, 3.8226, 5.8351, 1.8346, 0.3327, 6.1535, 0.7065, 6.9478, 0.8086, 6.6629, 3.2816, 5.9734, 1.8178, 0.8909, 1.596, 3.0255, 6.0664, 1.5627, 2.9385, 2.6671, 3.4224, 2.223, 1.9279, 2.4202, 3.3177, 1.8232, 0.7765, 0.5652, 2.9804, 1.9815, 1.7376, 0.7551, 1.7212, 3.0558, 3.6625, 2.2911, 3.1271, 9.706, 3.4151, 2.4038, 2.1383, 1.0247, 0.3514, 2.8466, 4.3056, 12.2275, 2.5418, 8.5697, 3.5118],
      [507.7788, 569.285, 607.8855, 168.7678, 27.4301, 431.7318, 99.1088, 885.8963, 92.0737, 713.8028, 229.8615, 234.6022, 186.0279, 16.7755, 44.7328, 273.315, 256.4071, 213.7402, 217.7663, 188.661, 383.5977, 187.0832, 76.0625, 200.2575, 407.4191, 87.2866, 150.1206, 130.3643, 274.1602, 176.2633, 246.7876, 53.2835, 178.2053, 305.1412, 329.6891, 352.9115, 399.8392, 1280.9863, 470.964, 142.6046, 174.8398, 92.8567, 100.0324, 303.8249, 124.4236, 1123.5657, 170.2291, 706.3984, 142.0951],
      [2.4334, 3.1509, 1.2158, 0.1913, 0.2371, 3.9759, 0.9691, 5.5879, 0.0916, 6.0713, 2.1753, 3.2687, 0.873, 0.2226, 0.6051, 0.9865, 1.869, 1.3494, 1.5938, 1.4605, 2.1794, 1.4217, 0.8876, 2.0381, 2.4886, 0.7728, 1.0485, 0.7173, 2.331, 1.2784, 1.9531, 0.9522, 1.6397, 2.2673, 2.1108, 2.1577, 2.3167, 6.818, 3.1905, 0.7133, 0.6514, 0.8911, 0.3712, 2.639, 2.8946, 9.615, 1.7638, 6.652, 1.6835]
    ],
    [
      [0.143, 0.081, 0.054, 0.0326, 0, 0.1548, 0.0372, 0.1292, 0.0052, 0.0655, 0.0808, 0.0583, 0.0375, 0.0378, 0.0163, 0.0824, 0.1418, 0.0219, 0.0857, 0.0401, 0.0887, 0.052, 0.0374, 0.0338, 0.116, 0.0233, 0.0039, 0.0072, 0.0863, 0.0261, 0.021, 0.0005, 0.0424, 0.0832, 0.0977, 0.0579, 0.0886, 0.083, 0.0652, 0.0471, 0.0468, 0.0165, 0.0226, 0.0761, 0.0361, 0.0786, 0.0366, 0.1534, 0.005],
      [19.8588, 13.3805, 9.7358, 4.2869, 0.7868, 16.2138, 3.4875, 19.8952, 1.7398, 16.4933, 13.2227, 8.9342, 8.1805, 5.8137, 5.8689, 13.2069, 24.3759, 3.9524, 11.3498, 10.3208, 12.5005, 10.4593, 9.1265, 7.1564, 16.2902, 5.3863, 0.9325, 1.0214, 13.3622, 4.0035, 2.7405, 1.0618, 5.9896, 13.0912, 17.6375, 7.2832, 13.9776, 25.5662, 14.3288, 7.0603, 6.3608, 1.9391, 1.3417, 8.621, 8.281, 29.5364, 7.2347, 15.6967, 1.9565],
      [28.7223, 38.0917, 18.5101, 7.1387, 2.0935, 20.6133, 6.5235, 38.3581, 4.8804, 29.2164, 14.5993, 7.1856, 12.7412, 2.6717, 5.3272, 17.9598, 29.3268, 7.8, 13.02, 14.5381, 21.4372, 17.7815, 11.5341, 11.1746, 31.7338, 8.2778, 4.6327, 2.5104, 23.9133, 5.5824, 5.2369, 1.0944, 9.047, 25.8878, 31.282, 17.7466, 26.6691, 61.4791, 30.2047, 13.6382, 11.5132, 3.9273, 7.4931, 14.1402, 5.9237, 43.7126, 7.1773, 24.0184, 1.3494],
      [19.2759, 22.4469, 8.7001, 2.5418, 1.1196, 22.018, 6.9518, 28.6175, 1.3746, 33.2248, 16.0971, 11.822, 8.0408, 4.4768, 8.7876, 10.7508, 26.1555, 5.2257, 11.5445, 13.101, 14.9736, 15.7072, 16.302, 16.6352, 22.8599, 8.3126, 4.4309, 1.461, 25.6382, 4.3879, 5.0015, 1.8433, 9.921, 22.9379, 23.9827, 11.9123, 18.2647, 37.8716, 23.4014, 8.2545, 6.0791, 9.1172, 2.1426, 14.1627, 23.7591, 44.6724, 8.5514, 29.1315, 2.6891]
    ],
    [
      [0.2193, 0.1441, 0.1978, 0.045, 0, 0.1908, 0.0612, 0.2633, 0.0124, 0.1607, 0.1093, 0.0972, 0.0374, 0.1216, 0.0431, 0.1379, 0.2684, 0.0292, 0.1077, 0.0903, 0.2062, 0.0941, 0.0527, 0.0993, 0.1967, 0.0665, 0.005, 0.0215, 0.1563, 0.0495, 0.0427, 0.0014, 0.0933, 0.127, 0.1578, 0.165, 0.1337, 0.1459, 0.1206, 0.1121, 0.0636, 0.02, 0.0622, 0.1139, 0.0539, 0.225, 0.0866, 0.5499, 0.0506],
      [31.0783, 24.7098, 33.3479, 6.6783, 0.6042, 20.3598, 5.539, 41.439, 4.2236, 40.3624, 18.4066, 16.1354, 8.3802, 17.6919, 15.3804, 22.7792, 47.4805, 5.5345, 15.3045, 23.3803, 29.639, 19.1817, 14.1323, 21.3908, 28.3208, 15.339, 1.1776, 3.1296, 25.0518, 7.8489, 5.6377, 2.5577, 13.4945, 20.619, 29.5323, 21.2557, 21.6665, 42.7754, 26.7305, 17.4637, 9.1856, 2.595, 3.9165, 13.0913, 13.5721, 83.0527, 17.5558, 49.7923, 7.6327],
      [26.924, 42.1885, 38.8765, 6.4967, 1.1646, 15.0009, 6.3604, 47.8341, 7.1255, 42.9346, 12.166, 7.6513, 8.057, 5.288, 8.2307, 18.535, 33.6162, 6.017, 10.522, 19.7804, 30.3505, 19.2915, 9.6431, 19.9605, 32.9414, 14.7252, 2.7606, 5.0316, 26.6561, 6.475, 6.3914, 1.6499, 12.1638, 24.3312, 30.8267, 30.8885, 24.7163, 60.7866, 33.7614, 20.4044, 10.0671, 3.1228, 11.8313, 12.6347, 5.9259, 72.3721, 10.4127, 45.0027, 3.6825],
      [5.7784, 7.9576, 5.5778, 0.78, 0.2312, 5.4484, 2.0394, 11.4636, 0.6385, 15.5422, 4.3181, 4.1161, 1.5253, 2.8986, 4.3459, 3.5479, 9.6349, 1.4192, 3.0659, 5.7489, 6.8043, 5.4327, 4.172, 9.5495, 7.5411, 4.8693, 1.0568, 0.8173, 9.1357, 1.6265, 1.9283, 0.7909, 4.2483, 6.9228, 7.4831, 6.6908, 5.4835, 12.2921, 8.3875, 4.0198, 1.6836, 2.2622, 1.19, 4.1601, 7.448, 24.3502, 3.9449, 16.6551, 1.6342]
    ]
  ],
  "V_est": [
    [837.1197, 748.7502, 263.9319, 0.1983],
    [520.4209, 12008.775, 1201.1114, 755.6927],
    [25.011, 159.2728, 14736.9434, 104.7728],
    [2.8383, 481.0477, 799.4364, 696.6775],
    [5.6101, 966.1543, 953.5769, 268.6587]
  ],
  "p_est": [
    [0.4525, 0.4047, 0.1427, 0.0001],
    [0.0359, 0.829, 0.0829, 0.0522],
    [0.0017, 0.0106, 0.9808, 0.007],
    [0.0014, 0.243, 0.4038, 0.3519],
    [0.0026, 0.4404, 0.4346, 0.1225]
  ],
  "EI_Z": {},
  "EI_V": 5.812,
  "MAE_Z": {},
  "MAE_V": 206.5342,
  "MAE_p": 0.0608,
  "runtime": 0.16
}
