{
  "X": [
    [37, 109, 102, 16],
    [47, 497, 432, 80],
    [28, 295, 304, 50],
    [44, 484, 338, 77],
    [79, 804, 596, 130],
    [24, 172, 116, 27],
    [36, 656, 346, 121],
    [34, 276, 245, 73],
    [6, 32, 32, 3],
    [8, 231, 189, 39],
    [14, 184, 100, 41],
    [11, 195, 72, 40],
    [17, 97, 107, 25],
    [57, 237, 396, 48],
    [65, 794, 1393, 98],
    [12, 146, 108, 20],
    [75, 795, 1465, 138],
    [9, 123, 68, 31],
    [4, 44, 49, 14],
    [11, 79, 106, 33],
    [14, 78, 160, 17],
    [1, 3, 14, 2],
    [12, 55, 53, 11],
    [93, 476, 843, 61],
    [82, 186, 141, 23],
    [29, 362, 222, 95],
    [62, 836, 364, 156],
    [21, 261, 280, 61],
    [35, 334, 193, 43],
    [45, 436, 376, 75],
    [114, 608, 1064, 143],
    [31, 115, 151, 10],
    [37, 134, 235, 17],
    [55, 330, 614, 71],
    [9, 35, 71, 12],
    [3, 94, 53, 16],
    [115, 1027, 1091, 149],
    [25, 145, 115, 25],
    [239, 1195, 963, 268],
    [36, 112, 137, 11]
  ],
  "W": [
    [8, 57, 79, 94, 9, 17],
    [27, 48, 483, 379, 41, 78],
    [20, 47, 266, 286, 26, 32],
    [27, 56, 450, 320, 37, 53],
    [50, 75, 772, 553, 54, 105],
    [13, 17, 171, 108, 5, 25],
    [18, 36, 644, 318, 60, 83],
    [20, 36, 273, 223, 25, 51],
    [2, 4, 33, 31, 1, 2],
    [10, 16, 215, 174, 29, 23],
    [8, 10, 193, 89, 7, 32],
    [8, 10, 194, 65, 5, 36],
    [8, 20, 100, 82, 9, 27],
    [44, 75, 194, 364, 26, 35],
    [82, 77, 756, 1276, 65, 94],
    [2, 13, 144, 110, 7, 10],
    [112, 82, 742, 1370, 66, 101],
    [6, 10, 122, 69, 9, 15],
    [6, 1, 45, 48, 6, 5],
    [6, 18, 70, 111, 3, 21],
    [12, 8, 79, 146, 12, 12],
    [0, 1, 2, 16, 1, 0],
    [1, 16, 58, 45, 4, 7],
    [71, 126, 397, 763, 45, 71],
    [22, 116, 132, 128, 18, 16],
    [16, 27, 350, 204, 17, 94],
    [18, 80, 791, 370, 64, 95],
    [15, 22, 261, 266, 25, 34],
    [14, 34, 303, 176, 26, 52],
    [22, 36, 412, 353, 55, 54],
    [92, 160, 506, 996, 68, 107],
    [12, 34, 111, 137, 5, 8],
    [37, 62, 97, 200, 12, 15],
    [86, 96, 242, 551, 50, 45],
    [6, 9, 33, 64, 2, 13],
    [1, 2, 81, 55, 15, 12],
    [70, 174, 899, 1025, 105, 109],
    [6, 24, 136, 117, 9, 18],
    [74, 211, 1188, 927, 72, 193],
    [6, 51, 85, 144, 4, 6]
  ],
  "method": "mvn_cdf",
  "mvncdf_method": "genz",
  "mvncdf_samples": 5000,
  "mvncdf_error": 1e-06,
  "cond_prob": [
    [
      [0.095844842699, 0.0057818557414, 0.85371166313, 0.044661638428],
      [0.56369903933, 0.37425759076, 0.047679899465, 0.014363470443],
      [0.0018570450928, 0.90594798421, 0.021235041618, 0.070959929083],
      [0.00010096882358, 0.066051441355, 0.93302493401, 0.00082265580959],
      [0.018185390649, 0.73164295572, 0.14852178054, 0.10164987309],
      [0.22250175699, 0.19162056704, 0.10199672445, 0.48388095152]
    ],
    [
      [0.062700679771, 0.0035330781589, 0.90325091373, 0.030515328342],
      [0.56056824654, 0.34437302176, 0.07988829475, 0.015170436946],
      [0.0024866319381, 0.88212407167, 0.036888414088, 0.078500882308],
      [0.00046396255291, 0.039553394059, 0.95963746431, 0.0003451790747],
      [0.017504980023, 0.64302864329, 0.2379228457, 0.10154353098],
      [0.20904123843, 0.16607518599, 0.16029548113, 0.46458809445]
    ],
    [
      [0.060434384105, 0.0051722833459, 0.87987040554, 0.054522927014],
      [0.46685876477, 0.44300609532, 0.066649454046, 0.023485685862],
      [0.00023275265563, 0.8803260189, 0.024544303876, 0.094896924563],
      [0, 0.057396957073, 0.9404989679, 0.0021040750273],
      [0.012061043965, 0.6916651361, 0.16568378705, 0.13059003288],
      [0.13979534451, 0.17217886134, 0.10783748235, 0.5801883118]
    ],
    [
      [0.097227848812, 0.0065069751953, 0.83303971815, 0.063225457841],
      [0.53562484718, 0.39946809703, 0.045451684128, 0.019455371668],
      [0.0019234066505, 0.89100973594, 0.018799669135, 0.088267188271],
      [0.00030512760796, 0.075513592152, 0.92236345119, 0.0018178290498],
      [0.01624912994, 0.72609668254, 0.13143870847, 0.12621547905],
      [0.18519745293, 0.17867528903, 0.084589539506, 0.55153771853]
    ],
    [
      [0.11275857477, 0.0055488798889, 0.82937171707, 0.052320828266],
      [0.60756462418, 0.33194198524, 0.044714373357, 0.015779017222],
      [0.0021843724991, 0.88979565398, 0.022194454275, 0.085825519242],
      [7.4622380985e-05, 0.065475234942, 0.93315984296, 0.0012902997134],
      [0.021684940601, 0.7066502039, 0.15151233708, 0.12015251841],
      [0.23710605628, 0.16702615527, 0.093568172222, 0.50229961623]
    ],
    [
      [0.19551293512, 0.0056504475429, 0.7474418209, 0.051394796434],
      [0.73757865581, 0.22554980543, 0.026263932373, 0.010607606391],
      [0, 0.89505002903, 0.019749784554, 0.085200186417],
      [0, 0.070758561227, 0.9263338065, 0.0029076322733],
      [0.036741012351, 0.71467524766, 0.13160434412, 0.11697939586],
      [0.34943158532, 0.15293366699, 0.070299339865, 0.42733540782]
    ],
    [
      [0.080346306733, 0.005554202952, 0.85380336624, 0.06029612408],
      [0.52276373412, 0.40028164394, 0.055078544742, 0.021876077201],
      [0.0014759032639, 0.87843773, 0.022394175345, 0.097692191395],
      [3.69865928e-05, 0.063706819891, 0.93461698485, 0.0016392086645],
      [0.015156170364, 0.69630625806, 0.15255122372, 0.13598634785],
      [0.1670199806, 0.16552822697, 0.094766123721, 0.5726856687]
    ],
    [
      [0.092701289156, 0.0046403673134, 0.8339038914, 0.068754452126],
      [0.60290305898, 0.31967007494, 0.052996870442, 0.024429995637],
      [0.002962663795, 0.84242025746, 0.025886830704, 0.12873024804],
      [0, 0.054704884498, 0.9452951155, 0],
      [0.019851164239, 0.63588183954, 0.1678719546, 0.17639504161],
      [0.17914466219, 0.12396283209, 0.08528079278, 0.61161171295]
    ],
    [
      [0.34003247199, 0.0029577800759, 0.63367578728, 0.023333960656],
      [0.93336197675, 0.055102940032, 0.008879175814, 0.0026559074],
      [0.0035527499714, 0.89962677291, 0.026357073523, 0.0704634036],
      [0, 0.041068702176, 0.95385499694, 0.0050763008869],
      [0.093050893808, 0.66060727211, 0.15990861193, 0.086433222156],
      [0.68809775307, 0.076126067132, 0.048967389475, 0.18680879032]
    ],
    [
      [0.037747077044, 0.0048604776173, 0.90762191251, 0.049770532826],
      [0.37047251304, 0.51778417146, 0.084966531342, 0.026776784156],
      [0, 0.87882870883, 0.027309511325, 0.093861779843],
      [0, 0.050957414651, 0.94622712398, 0.0028154613669],
      [0, 0.69399073268, 0.17947091981, 0.12653834751],
      [0.073694305257, 0.20549368194, 0.12367805179, 0.59713396102]
    ],
    [
      [0.095018982471, 0.0046890081439, 0.84167799978, 0.058614009601],
      [0.60768893078, 0.32222355978, 0.049901594335, 0.020185915105],
      [0.0029239812184, 0.86354527278, 0.024605557991, 0.10892518801],
      [0.00047244808506, 0.054899975572, 0.94328128871, 0.0013462876283],
      [0.02000630461, 0.66689358304, 0.16426399344, 0.14883611892],
      [0.20051682642, 0.14130193073, 0.091150147388, 0.56703109546]
    ],
    [
      [0.086151254842, 0.0078076184986, 0.83102025677, 0.075020869893],
      [0.46955072237, 0.46555236495, 0.042460175223, 0.022436737454],
      [0.0013388993877, 0.89606434753, 0.014119193653, 0.088477559429],
      [0.00014104997459, 0.089359710805, 0.90815304355, 0.0023461956661],
      [0.012236048056, 0.75059488277, 0.10870854626, 0.12846052292],
      [0.14681077132, 0.19122712126, 0.07262839063, 0.58933371679]
    ],
    [
      [0.032735670798, 0.0017594532243, 0.94629941378, 0.019205462196],
      [0.55222404404, 0.28420810128, 0.14502859561, 0.018539259072],
      [0.0060520900431, 0.82248397498, 0.064646951759, 0.10681698322],
      [0.0032610295214, 0.019003454118, 0.97172614209, 0.0060093742706],
      [0.015396044762, 0.48009163979, 0.40023539867, 0.10427691678],
      [0.17342429352, 0.1175650687, 0.25113612453, 0.45787451326]
    ],
    [
      [0.095896498737, 0.0048463895975, 0.84227928117, 0.056977830493],
      [0.59547532536, 0.33311229271, 0.05165613022, 0.019756251714],
      [0.0021912865633, 0.86873425436, 0.024683273218, 0.10439118585],
      [0.00019725694932, 0.056774072815, 0.94131474749, 0.001713922741],
      [0.020023022, 0.67169592469, 0.16603535624, 0.14224569707],
      [0.20292557025, 0.14682957175, 0.094898843073, 0.55534601493]
    ],
    [
      [0.047179263879, 0.0029635592107, 0.92736757672, 0.022489600187],
      [0.52021578664, 0.36319387799, 0.10273487352, 0.013855461849],
      [0.002407995858, 0.88485302707, 0.047137713539, 0.065601263533],
      [0, 0.031409266426, 0.96859073357, 0],
      [0.014950982453, 0.62045432426, 0.27934274661, 0.085251946673],
      [0.19449389428, 0.17483421317, 0.20563944088, 0.42503245167]
    ],
    [
      [0.13976682956, 0.0059908496187, 0.79355976377, 0.060682557056],
      [0.66099807156, 0.2910180667, 0.03303036807, 0.014953493668],
      [0.002499206333, 0.88677838414, 0.017987125928, 0.092735283598],
      [0.00015581053657, 0.072185950501, 0.92500584108, 0.0026523978782],
      [0.02455028087, 0.7158088772, 0.12943865141, 0.13020219052],
      [0.25786145735, 0.15575794218, 0.073662647482, 0.51271795298]
    ],
    [
      [0.068765110161, 0.0038889469232, 0.88600653544, 0.041339407477],
      [0.55507414582, 0.35427040459, 0.071944028427, 0.018711421168],
      [0.0018855000984, 0.87153337001, 0.033039284319, 0.093541845575],
      [3.9156231278e-05, 0.043911030722, 0.954864373, 0.0011854400451],
      [0.017127526303, 0.65003682544, 0.21007430161, 0.12276134665],
      [0.19009035504, 0.15619764015, 0.13191696848, 0.52179503633]
    ],
    [
      [0.1319593455, 0.0088275930581, 0.71148853411, 0.14772452734],
      [0.55983807483, 0.38038118603, 0.027083718667, 0.032697020479],
      [0.0031863229044, 0.84605612786, 0.0093076828403, 0.14144986639],
      [0.0010767907965, 0.11367313944, 0.88514580248, 0.0001042672775],
      [0.015827549192, 0.69061527186, 0.078017333577, 0.21553984537],
      [0.13362568512, 0.12435939427, 0.03649852857, 0.70551639204]
    ],
    [
      [0.25215237927, 0.0073548966611, 0.60151445001, 0.13897827406],
      [0.83979835216, 0.12909144794, 0.013031121319, 0.018079078579],
      [0.004311102005, 0.80051101377, 0.014553836443, 0.18062404778],
      [0, 0.082341703302, 0.9176582967, 0],
      [0.038440641516, 0.58339472207, 0.089306519291, 0.28885811712],
      [0.24452878658, 0.070202692336, 0.027904436286, 0.6573640848]
    ],
    [
      [0.095251159484, 0.0082831946631, 0.69249192554, 0.20397372032],
      [0.48941564315, 0.42254217138, 0.033594793363, 0.054447392107],
      [0, 0.80004773974, 0.013184458827, 0.18676780143],
      [0, 0.10392085213, 0.89607914787, 0],
      [0.011448550004, 0.61339800181, 0.07654893279, 0.2986045154],
      [0.075460276967, 0.093609113013, 0.029666563641, 0.80126404638]
    ],
    [
      [0.15519206918, 0.0020186720989, 0.80830238578, 0.034486872947],
      [0.82526292435, 0.12826366822, 0.037209032954, 0.0092643744708],
      [0.00094490247613, 0.83359695264, 0.046039286553, 0.11941885833],
      [0, 0.023135200089, 0.97297820199, 0.0038865979232],
      [0.05138662283, 0.55535833007, 0.25360723275, 0.13964781436],
      [0.40369208379, 0.087789013036, 0.10562426552, 0.40289463766]
    ],
    [
      [0.027189841243, 0.0010364538839, 0.059264185106, 0.91250951977],
      [0.99225453858, 0.0055249923258, 0.0022204690896, 0],
      [0.0037125419285, 0.48052254725, 0.0048619232692, 0.51090298755],
      [0, 0.12593399169, 0.87406600831, 0],
      [0.00032037755847, 0.018486046054, 0.0029995514877, 0.9781940249],
      [0.20625745744, 0.15770943977, 0.10346139035, 0.53257171243]
    ],
    [
      [0.044102530985, 0.001655959089, 0.93171357705, 0.022527932874],
      [0.62834401884, 0.24722795824, 0.10678215763, 0.017645865282],
      [0.0052616522363, 0.81943225287, 0.060907221659, 0.11439887323],
      [0.0021170228391, 0.016235357676, 0.97766997998, 0.0039776395001],
      [0.019560376904, 0.50405627662, 0.35639696088, 0.11998638559],
      [0.20338711464, 0.10982997719, 0.20091658596, 0.4858663222]
    ],
    [
      [0.06487986708, 0.0038360432284, 0.90509594316, 0.026188146527],
      [0.55704077278, 0.35264857995, 0.078031144583, 0.012279502692],
      [0.0034615911247, 0.89950586248, 0.036957463984, 0.06007508241],
      [0, 0.041009750632, 0.95899024937, 0],
      [0.017664721933, 0.66313395026, 0.23359048703, 0.085610840776],
      [0.22587644935, 0.18392429519, 0.16919744271, 0.42100181275]
    ],
    [
      [0.16215244705, 0.0075548816621, 0.7684818406, 0.061810830687],
      [0.6319183913, 0.32557109268, 0.02867413159, 0.013836384429],
      [0.0024064495474, 0.90688877514, 0.014316822405, 0.076387952912],
      [0.00016820152301, 0.092728043886, 0.90502981285, 0.002073941743],
      [0.02450321728, 0.7554725529, 0.10827047388, 0.11175375594],
      [0.27186710798, 0.18065824782, 0.067793444407, 0.4796811998]
    ],
    [
      [0.077649832083, 0.0061121834172, 0.84916961627, 0.067068368233],
      [0.49288653949, 0.43025361551, 0.053081541017, 0.023778303985],
      [0.00036556692629, 0.8803381504, 0.020200580216, 0.099095702458],
      [0, 0.069636227585, 0.92825207011, 0.0021117023038],
      [0.013476016042, 0.70808509116, 0.13899253242, 0.13944636038],
      [0.14992154706, 0.16940178542, 0.087059426628, 0.59361724089]
    ],
    [
      [0.12316514393, 0.0089945781198, 0.76468521578, 0.10315506217],
      [0.52031378054, 0.42301757494, 0.032153366554, 0.024515277973],
      [0.0021627767412, 0.88245940657, 0.010932586466, 0.10444523022],
      [0.0004539814551, 0.10942726162, 0.88698097468, 0.0031377822394],
      [0.015359933723, 0.74146903602, 0.089985978256, 0.153185052],
      [0.16101220703, 0.16872837785, 0.053406922692, 0.61685249243]
    ],
    [
      [0.084269929592, 0.004501777737, 0.84316030433, 0.068067988336],
      [0.58653787497, 0.33110336367, 0.056603618442, 0.025755142915],
      [0.0026741257398, 0.84093078155, 0.026592949514, 0.12980214319],
      [0, 0.053132104201, 0.9468678958, 0],
      [0.018277700321, 0.63242955211, 0.17213195249, 0.17716079508],
      [0.16697730825, 0.12415843611, 0.088129320922, 0.62073493472]
    ],
    [
      [0.1034644608, 0.0062577646074, 0.85015596437, 0.040121810227],
      [0.57210744992, 0.37019710549, 0.045890619319, 0.011804825272],
      [0.0025409256352, 0.92002369776, 0.021564118104, 0.055871258504],
      [0, 0.070336107735, 0.92966389227, 0],
      [0.019063483619, 0.74546058782, 0.14700096895, 0.088474959611],
      [0.24681333096, 0.20764190469, 0.10693725817, 0.43860750617]
    ],
    [
      [0.13288850074, 0.0047160499759, 0.81223864191, 0.050156807381],
      [0.67994518527, 0.26501154422, 0.040811974922, 0.014231295581],
      [0.0020202479601, 0.87716980341, 0.025070322365, 0.095739626267],
      [0, 0.056792140771, 0.94129129754, 0.0019165616913],
      [0.028517931359, 0.67641238444, 0.16576643392, 0.12930325029],
      [0.2814369987, 0.14280676792, 0.091473408712, 0.48428282467]
    ],
    [
      [0.0777928706, 0.0047660063884, 0.85570646137, 0.061734661644],
      [0.54646475539, 0.36868851603, 0.060554239563, 0.024292489016],
      [0.0014624271193, 0.85755140513, 0.026107048272, 0.11487911948],
      [0, 0.05500679452, 0.94408167496, 0.00091153051623],
      [0.016410123982, 0.65645991844, 0.1716725434, 0.15545741418],
      [0.16404503261, 0.14228329025, 0.09716896807, 0.59650270908]
    ],
    [
      [0.12468421027, 0.0030383514446, 0.8508175596, 0.021459878686],
      [0.74830243156, 0.19746089672, 0.047898102277, 0.0063385694423],
      [0.0059694472532, 0.89369383976, 0.041140684493, 0.059196028493],
      [0, 0.034615080153, 0.96538491985, 0],
      [0.03842069241, 0.63743707457, 0.24349843143, 0.080643801587],
      [0.40084933706, 0.14005021587, 0.13997645656, 0.31912399051]
    ],
    [
      [0.062258292348, 0.0046360787538, 0.89965476744, 0.033450861461],
      [0.50843249091, 0.40498303143, 0.071617022395, 0.014967455266],
      [0.0017496281952, 0.90084203727, 0.029310798659, 0.06809753588],
      [0, 0.050377624257, 0.94962237574, 0],
      [0.014522046628, 0.69562326649, 0.19604206024, 0.093812626642],
      [0.18864335017, 0.19432236489, 0.14349272499, 0.47354155996]
    ],
    [
      [0.062256354425, 0.005542263289, 0.86511520173, 0.067086180555],
      [0.45225996592, 0.45652125056, 0.063629110104, 0.027589673415],
      [0, 0.86919281628, 0.022982781564, 0.10782440215],
      [0, 0.061567451499, 0.93657013908, 0.0018624094175],
      [0.011574216984, 0.6850560018, 0.15348520946, 0.14988457176],
      [0.12556190982, 0.15947106436, 0.093454618551, 0.62151240727]
    ],
    [
      [0.0708472591, 0.002699142486, 0.88459835916, 0.041855239258],
      [0.63731399342, 0.2762126427, 0.066978826478, 0.019494537401],
      [0.003054960523, 0.84203004936, 0.03730450429, 0.11761048583],
      [0.0013890796367, 0.030829680706, 0.96605896797, 0.0017222716916],
      [0.020713836398, 0.59960705297, 0.23085710543, 0.1488220052],
      [0.20061138752, 0.11835277391, 0.12069720035, 0.56033863822]
    ],
    [
      [0.085987763747, 0.0092898573643, 0.82269184848, 0.082030530405],
      [0.45111878174, 0.49094957631, 0.036110524754, 0.021821117187],
      [0.0022590121917, 0.90371096561, 0.011491235909, 0.082538786288],
      [0.00094933082498, 0.10350163573, 0.89204808696, 0.0035009464833],
      [0.01062293291, 0.77674418882, 0.090349827133, 0.12228305114],
      [0.13476979135, 0.20537249817, 0.063033733633, 0.59682397685]
    ],
    [
      [0.070548922844, 0.0051615539966, 0.87842442093, 0.045865102227],
      [0.50599216953, 0.41200940143, 0.063535063027, 0.018463366016],
      [0.0014721636191, 0.89186517675, 0.025517534488, 0.081145125144],
      [7.2487035671e-06, 0.058085785905, 0.9410663967, 0.00084056868997],
      [0.014529459404, 0.7007636374, 0.17207194427, 0.11263495893],
      [0.17580219863, 0.18389127518, 0.11792949813, 0.52237702806]
    ],
    [
      [0.21483427039, 0.0065585880489, 0.70662995053, 0.071977191029],
      [0.72625077335, 0.23815672324, 0.022070638198, 0.013521865212],
      [0.001842074653, 0.8832325491, 0.014558279225, 0.10036709702],
      [0, 0.086833509162, 0.90880553309, 0.00436095775],
      [0.034538755468, 0.71877604292, 0.10608930756, 0.14059589405],
      [0.31775582584, 0.13870863769, 0.053641548118, 0.48989398835]
    ],
    [
      [0.2032539685, 0.00522423444, 0.71880558191, 0.072716215146],
      [0.74624886715, 0.21207270138, 0.026594064099, 0.015084367371],
      [0.0026590567552, 0.85454229741, 0.019657538972, 0.12314110686],
      [0, 0.070068309465, 0.9274962466, 0.0024354439327],
      [0.03922059774, 0.66107772574, 0.13221248034, 0.16748919617],
      [0.31356400466, 0.1146056902, 0.059769761298, 0.51206054384]
    ],
    [
      [0.18240660462, 0.0081005067904, 0.74406897437, 0.065423914219],
      [0.64373750734, 0.31744107744, 0.025869750785, 0.012951664432],
      [0.0025930201128, 0.90885283828, 0.014773071316, 0.073781070291],
      [0.00041916292816, 0.099539008621, 0.89737472159, 0.0026671068654],
      [0.025301735153, 0.76981568994, 0.095390805202, 0.10949176971],
      [0.28216239768, 0.18275512577, 0.05949911213, 0.47558336442]
    ]
  ],
  "expected_outcome": [
    [
      [0.76675874159, 1.6929183538, 1.2086876821, 2.6251519179, 5.6379287386, 2.5416681566, 1.4462335212, 1.8540257831, 0.68006494398, 0.37747077044, 0.76015185977, 0.68921003874, 0.26188536639, 4.2194459444, 3.8686996381, 0.27953365912, 7.701692338, 0.79175607298, 1.5129142756, 0.57150695691, 1.8623048301, 0, 0.044102530985, 4.6064705627, 3.5673538351, 1.2423973133, 2.2169725907, 1.2640489439, 1.4485024512, 2.9235470162, 7.1569440952, 1.4962105233, 2.3035568169, 5.3540464805, 0.4250835546, 0.085987763747, 4.9384245991, 1.2890056223, 15.0407936693, 1.0944396277],
      [0.046254845931, 0.095393110291, 0.10344566692, 0.17568833027, 0.27744399444, 0.073455818058, 0.099975653136, 0.092807346268, 0.0059155601518, 0.048604776173, 0.037512065151, 0.062460947988, 0.014075625795, 0.21324114229, 0.24301185528, 0.011981699237, 0.4355620554, 0.052965558349, 0.044129379967, 0.049699167978, 0.024224065187, 0, 0.001655959089, 0.27235906921, 0.16620739657, 0.097794934675, 0.16190240616, 0.067526666055, 0.087608704504, 0.10375309947, 0.43847258774, 0.036460217335, 0.17153491389, 0.47663464285, 0.016194854916, 0.0092898573643, 0.36130877976, 0.039351528294, 0.38659334856, 0.048603040742],
      [6.829693305, 24.3877746706, 17.5974081107, 22.4920723901, 41.4685858536, 9.7167436717, 15.3684605922, 16.6780778281, 1.2673515746, 9.0762191251, 6.7334239983, 6.6481620541, 7.5703953103, 37.0602883716, 76.0441412913, 1.5871195275, 99.2327319692, 4.2689312047, 3.6090867001, 4.1549515532, 9.6996286293, 0, 0.93171357705, 64.2618119647, 16.9066004932, 13.5867138603, 13.764333884, 12.647404565, 11.9021835011, 17.8692501219, 78.7249944458, 10.2098107152, 33.2872263952, 74.3999073489, 5.3075901549, 0.82269184848, 61.4897094653, 4.2397797032, 53.1916130613, 4.4644138462],
      [0.35729310743, 0.82391386524, 1.0904585403, 1.7070873617, 2.6160414133, 0.66813235364, 1.0853302334, 1.3750890425, 0.046667921311, 0.49770532826, 0.46891207681, 0.60016695914, 0.15364369757, 2.5070245417, 1.8441472154, 0.12136511411, 4.6300136374, 0.88634716402, 0.83386964435, 1.2238423219, 0.41384247536, 0, 0.022527932874, 1.8593584034, 1.3598382751, 1.0730938917, 1.8567911191, 1.021019825, 0.56170534318, 1.1034497624, 5.6795888712, 0.25751854424, 1.2376818741, 5.7694115277, 0.25113143555, 0.082030530405, 3.2105571559, 0.43186314618, 5.3809999208, 0.39254348531]
    ],
    [
      [32.1308452421, 26.907275834, 21.9423619442, 29.9949914419, 45.5673468136, 12.5388371488, 18.8194944283, 21.7045101234, 3.733447907, 5.9275602087, 6.0768893078, 4.6955072237, 11.0444808808, 44.6606494021, 40.0566155715, 8.5929749303, 45.5160799572, 5.5983807483, 0.83979835216, 8.8094815768, 6.6021033948, 0.99225453858, 10.0535043014, 70.1871373697, 73.3025333911, 13.3079365662, 41.625102443, 12.9038332494, 19.4516532972, 24.4780266698, 87.4343608628, 25.4422826731, 31.5228144362, 43.4169567284, 5.7358259408, 0.90223756349, 88.0426374976, 17.4300185605, 157.4585109684, 32.8306128743],
      [21.3326826732, 16.5299050446, 20.8212864801, 22.3702134335, 24.8956488929, 3.8343466922, 14.4101391817, 11.5081226977, 0.22041176013, 8.2845467434, 3.2222355978, 4.6555236495, 5.6841620257, 24.9834219529, 27.9659286055, 3.7832348671, 29.050173176, 3.8038118603, 0.12909144794, 7.6057590848, 1.0261093458, 0.0055249923258, 3.9556473319, 44.4337210736, 37.7662467508, 11.6168476188, 33.8414059949, 7.2842740007, 12.5867015867, 9.540415592, 58.9901625645, 6.7136704884, 25.1089479488, 43.8260400538, 2.4859137843, 0.98189915263, 71.6896358489, 5.7157613577, 44.7473399914, 16.1894949496],
      [2.7177542695, 3.834638148, 3.1325243402, 2.5452943112, 3.3535780018, 0.44648685034, 1.9828276107, 1.9078873359, 0.035516703256, 1.3594645015, 0.49901594335, 0.42460175223, 2.9005719121, 3.8742097665, 7.9105852607, 0.42939478491, 5.899410331, 0.27083718667, 0.013031121319, 0.60470628054, 0.29767226363, 0.0022204690896, 1.7085145222, 9.8319242174, 3.3261992644, 1.4332016075, 2.5722693243, 1.2452796057, 1.5602810569, 1.4692310972, 9.6886783301, 1.6285354774, 4.4402553885, 6.10839457, 0.6028094383, 0.072221049507, 11.0551009666, 0.52969531674, 5.6113475248, 1.3193572901],
      [0.81871781523, 0.72818097343, 1.1038272355, 1.0895008134, 1.1834262917, 0.18032930865, 0.78753877922, 0.87947984293, 0.0106236296, 0.4284285465, 0.20185915105, 0.22436737454, 0.37078518145, 1.4817188786, 1.0668705624, 0.19439541768, 1.5343365358, 0.32697020479, 0.018079078579, 0.98005305792, 0.074114995766, 0, 0.28233384451, 1.5472173392, 1.6050205937, 0.6420142076, 1.9612222378, 0.56661314413, 0.40136405926, 0.51232664093, 3.8867982426, 0.21551136104, 0.92798222647, 2.6486086478, 0.17545083661, 0.043642234374, 3.2126256868, 0.32452476509, 3.1828015153, 0.66053488602]
    ],
    [
      [0.14670656233, 1.2010432261, 0.061912206397, 0.86553299271, 1.6863355693, 0, 0.95048170195, 0.80880721604, 0.11724074906, 0, 0.56432837514, 0.25974648122, 0.60520900431, 0.42510959328, 1.8204448687, 0.35988571195, 1.399041073, 0.38873139434, 0.19399959022, 0, 0.074647295614, 0.007425083857, 0.3051758297, 1.3742516765, 0.31765134025, 0.1279484242, 1.7107564023, 0.69794681809, 0.76990046746, 0.83234215958, 0.73998812238, 0.66260864511, 0.16971393493, 0, 0.10081369726, 0.18297998753, 1.3234750936, 0.25052215281, 3.1589594252, 0.22040670958],
      [71.5698907523, 426.0659266148, 234.1667210286, 400.9543811746, 686.922244876, 153.053554964, 565.7138981176, 229.9807302879, 29.6876835059, 188.948172399, 166.6642376465, 173.836483421, 82.2483974979, 168.5344453467, 668.9488884648, 127.6960873163, 646.6777605453, 103.2188475991, 36.0229956195, 56.0033417821, 65.8541592588, 0.9610450945, 47.5270706667, 357.1038274051, 119.7093183179, 308.1183526399, 698.0253905979, 219.4829339854, 278.7671804203, 361.3939590043, 433.9210109953, 99.2000162135, 87.3816776147, 210.3446615409, 27.7869916289, 73.2005882145, 801.786793898, 120.1196266774, 1015.1962493239, 77.2524912539],
      [1.6775682878, 17.8171040045, 6.5287848311, 8.4598511107, 17.1341187, 3.3772131587, 14.421848922, 7.0671047822, 0.86978342625, 5.8715449348, 4.7488726923, 2.7391235687, 6.4646951759, 4.7885550044, 35.6361114352, 2.5901461336, 24.5151489649, 1.1355373065, 0.65492263994, 0.92291211788, 3.6371036377, 0.0097238465383, 3.5326188562, 14.6721132015, 1.8898205574, 7.0702030756, 8.6476758944, 6.9407598231, 6.5339277855, 10.3289728143, 13.2101664256, 4.5666159787, 2.8431474699, 5.5618331386, 1.2310486416, 0.93079010859, 22.9402635044, 1.9799259746, 23.3531562982, 1.2557110618],
      [5.6058343976, 37.9159261546, 25.2425819339, 39.720234722, 66.2573008547, 14.5692318773, 62.9137712585, 35.1433577139, 2.3252923188, 20.1802826662, 21.022561286, 17.1646465291, 10.6816983219, 20.2518900557, 49.5945552313, 13.3538808381, 69.4080494167, 17.2568837, 8.1280821503, 13.0737461, 9.4340898079, 1.0218059751, 6.6351346473, 23.8498077169, 10.0832097844, 34.6834958604, 82.6161771053, 33.8783593734, 16.9289913267, 39.4447260219, 58.1288344568, 6.5707591627, 6.6054609804, 26.0935053205, 3.8811460323, 6.6856416893, 72.949467504, 13.6499251952, 146.2916349527, 6.2713909747]
    ],
    [
      [0.0094910694166, 0.17584180755, 0, 0.097640834548, 0.041266176684, 0, 0.01176173651, 0, 0, 0, 0.04204787957, 0.0091682483487, 0.26740442076, 0.071801529551, 0, 0.017139159023, 0.053644036851, 0.07429856496, 0, 0, 0, 0, 0.095266027761, 0, 0.021529794945, 0, 0.16797313839, 0, 0, 0, 0, 0, 0, 0, 0.088901096751, 0.052213195374, 0.0074299211563, 0, 0, 0.060359461654],
      [6.2088354874, 14.9907363484, 16.4155297228, 24.1643494887, 36.207804923, 7.6419246125, 20.2587687253, 12.1991892431, 1.2731297675, 8.8665901492, 4.8860978259, 5.8083812024, 1.5582832377, 20.6657625048, 40.0782239594, 7.9404545551, 60.1581120892, 7.8434466215, 3.9524017585, 11.5352145865, 3.377739213, 2.0149438671, 0.73059109543, 31.290439732, 11.8691896174, 14.2057904274, 40.4880868, 14.1331397175, 12.3791549613, 20.0476256923, 54.7867673418, 4.742265981, 10.0755248514, 33.9236657761, 1.9730995652, 5.6925899652, 59.5379305522, 10.159520572, 64.9533228741, 14.3336172414],
      [87.7043437971, 363.7025989747, 268.9827048194, 295.1563043808, 516.0373931588, 100.044051102, 297.2082011829, 210.8008107569, 29.5695049051, 164.643519573, 83.9520346956, 59.029947831, 79.6815436514, 342.6385680879, 1235.9217760406, 101.7506425192, 1308.1641910121, 61.0750603714, 44.0475982415, 99.4647854135, 142.0548174902, 13.9850561329, 43.9951490993, 731.709560268, 115.8438160445, 189.3634223026, 328.1829606331, 251.8668602825, 163.6208450387, 332.2758280307, 940.305348264, 132.257734019, 189.9244751486, 516.0501466348, 61.8277739498, 49.0626447828, 964.5930566194, 106.3302473712, 859.7890206003, 129.2219599083],
      [0.077329646102, 0.13082286931, 0.6017654578, 0.58170529593, 0.71353574149, 0.31402428551, 0.52126835532, 0, 0.15736532749, 0.48989027783, 0.11981959892, 0.15250271829, 0.49276869019, 0.62386787772, 0, 0.2917637666, 1.6240528618, 0.0071944421474, 0, 0, 0.56744329678, 0, 0.1789937775, 0, 0.26546454311, 0.43078726997, 1.1609794286, 0, 0, 0.67654627703, 0.90788439417, 0, 0, 1.0261875891, 0.11022538826, 0.19255205658, 0.86158290722, 0.51023205675, 2.2576565256, 0.38406338862]
    ],
    [
      [0.16366851584, 0.71770418096, 0.31358714308, 0.60121780779, 1.1709867925, 0.18370506176, 0.90937022184, 0.49627910597, 0.093050893808, 0, 0.14004413227, 0.061180240278, 0.13856440286, 0.520598572, 0.97181385947, 0.17185196609, 1.130416736, 0.14244794273, 0.23064384909, 0.034345650013, 0.61663947396, 0.00032037755847, 0.078241507616, 0.79491248699, 0.44105791104, 0.22909227272, 0.98303575825, 0.45694250803, 0.49565057409, 1.5684862247, 1.1158884308, 0.19210346205, 0.17426455954, 0.57871084919, 0.041427672796, 0.15934399364, 1.5255932374, 0.31084879921, 2.8238830373, 0.10120694061],
      [6.5847866014, 26.3641743749, 17.9832935385, 26.8655772541, 38.1591110106, 3.5733762383, 41.7783754835, 15.8970459886, 0.66060727211, 20.1257312476, 4.6682550813, 3.7529744138, 4.3208247581, 17.464094042, 40.329531077, 5.0106621404, 42.9024304791, 6.2155374467, 3.5003683324, 1.8401940054, 6.6642999608, 0.018486046054, 2.0162251065, 29.8410277618, 13.5985059522, 12.0374465497, 47.4540183053, 15.8107388026, 19.3819752833, 37.202681144, 44.6392744541, 3.1871853729, 8.3474791978, 34.25280009, 1.1992141059, 11.6511628323, 73.5801819269, 6.4689843862, 47.5975962535, 3.0792627597],
      [1.3366960249, 9.7548366739, 4.3077784634, 4.8632322134, 8.1816662025, 0.65802172061, 9.1530734234, 4.1967988651, 0.15990861193, 5.2046566745, 1.1498479541, 0.54354273131, 3.602118588, 4.3169192621, 18.1572785297, 0.90607055988, 13.8649039061, 0.70215600219, 0.53583911575, 0.22964679837, 3.043286793, 0.0029995514877, 1.4255878435, 10.5115719163, 1.9488685299, 2.3628730511, 5.7591026084, 4.3032988123, 3.8220251927, 9.1171538655, 11.673732951, 1.2174921572, 2.3525047229, 7.6742604729, 0.46171421087, 1.355247407, 18.0675541484, 0.95480376807, 9.5192985848, 0.38156322081],
      [0.91484885785, 4.1632847703, 3.395340855, 4.6699727247, 6.4882359944, 0.58489697932, 8.1591808712, 4.4098760403, 0.086433222156, 3.6696120779, 1.0418528324, 0.64230261458, 0.938492251, 3.6983881239, 5.5413765338, 0.91141533361, 8.1022488788, 1.9398586084, 1.7331487027, 0.8958135462, 1.6757737723, 0.9781940249, 0.47994554236, 3.8524878349, 2.0115676069, 2.3705881265, 9.8038433281, 4.429019877, 2.3003489499, 7.1116787658, 10.5711041642, 0.40321900794, 1.1257515197, 7.4942285878, 0.2976440104, 1.8342457671, 11.8266706873, 1.2653630465, 12.0592221244, 0.43796707884]
    ],
    [
      [3.7825298688, 16.3052165976, 4.4734510242, 9.8154650051, 24.8961359093, 8.7357896329, 13.8626583902, 9.1363777714, 1.3761955061, 1.6949690209, 6.4165384455, 5.2851877677, 4.6824559249, 7.1023949587, 18.2824260623, 2.5786145735, 19.1991258589, 2.0043852767, 1.2226439329, 1.5846658163, 4.8443050055, 0, 1.4237098025, 16.0372279041, 4.3498737276, 14.0926254236, 15.2961596675, 5.6772284806, 12.8342932101, 15.1975979296, 17.5528184888, 3.2067946964, 2.8296502525, 5.6502859419, 2.6079480378, 1.6172374962, 19.1624396511, 5.7196048651, 60.5178528998, 1.6929743861],
      [3.2575496398, 12.953864507, 5.509723563, 9.4697903188, 17.537746303, 3.8233416749, 13.7388428387, 6.3221044364, 0.15225213426, 4.7263546846, 4.5216617833, 6.8841763653, 3.1742568549, 5.1390350114, 16.434416038, 1.5575794218, 15.775961655, 1.8653909141, 0.35101346168, 1.9657913733, 1.0534681564, 0, 0.76880984035, 13.0586249583, 2.8905319651, 15.9237678296, 16.0291958957, 4.2213868276, 10.7973790439, 7.7115654679, 15.2243120566, 1.120401727, 2.9148354733, 7.1761978962, 1.5385860608, 2.464469978, 20.0441489943, 2.4967554784, 22.1188982085, 1.0965307546],
      [1.7339443157, 12.5030475282, 3.4507994353, 4.4832455938, 9.8246580833, 1.7574834966, 7.8655882688, 4.3493204318, 0.09793477895, 2.8445951911, 2.9168047164, 2.6146220627, 6.7806753623, 3.3214595075, 19.3301074424, 0.73662647482, 13.3236138167, 0.54747792855, 0.13952218143, 0.62299783647, 1.2674911862, 0, 1.4064161017, 12.0130184321, 1.0846951105, 8.183586103, 5.0736576558, 2.9963969113, 5.5607374251, 4.9395640704, 10.3970795835, 1.1198116525, 2.1523908748, 4.2054578348, 1.5690636045, 0.7564048036, 12.8543152958, 0.96554786612, 11.5355639306, 0.35699467278],
      [8.2259761758, 36.2378713671, 18.5660259776, 29.2314990822, 52.7414597045, 10.6833851956, 47.5329105023, 31.1921973604, 0.37361758065, 13.7340811034, 18.1449950548, 21.2160138043, 12.3626118579, 19.4371105224, 39.9530504572, 5.1271795298, 52.7012986694, 10.5827458806, 3.286820424, 16.8265449739, 4.8347356519, 0, 3.4010642554, 29.8911287055, 7.6748991968, 55.8000206439, 58.6009867811, 21.1049877805, 22.807590321, 26.151272532, 63.8257898711, 2.5529919241, 7.1031233994, 27.9680583271, 7.2844022969, 7.1618877222, 56.9390960588, 8.8180917903, 98.8276849611, 2.8535001865]
    ]
  ],
  "prob": [
    [0.092018665355, 0.0048999485652, 0.85096632329, 0.052115062788],
    [0.58008105062, 0.34664501908, 0.05469865691, 0.018575273382],
    [0.0020726844747, 0.87678246711, 0.025650203965, 0.095494644449],
    [0.00010708328446, 0.056922797358, 0.94168777881, 0.0012823405462],
    [0.019342726467, 0.67956976716, 0.17074665891, 0.13034084746],
    [0.20625745744, 0.15770943977, 0.10346139035, 0.53257171243]
  ],
  "iterations": 93,
  "time": 0.076817,
  "message": "Converged",
  "status": 0,
  "miniter": 0,
  "maxiter": 1000,
  "maxtime": 3600,
  "param_threshold": 0.001,
  "ll_threshold": "-Inf",
  "initial_prob": "random",
  "adjust_prob_cond_method": "project_lp",
  "adjust_prob_cond_every": true,
  "candidates_id": ["STEWART, Gary Todd.c", "PILLAY, Barbara Lynne.c", "BENNETT, Paula Lee.c", "Other candidates votes.c"],
  "group_id": ["ACT New Zealand.p", "Green Party.p", "Labour Party.p", "National Party.p", "New Zealand First Party.p", "Other parties votes.p"]
}
