{
  "Z_true": {},
  "V_true": [
    [23, 51, 802, 182],
    [643, 1139, 180, 35],
    [644, 10511, 397, 557],
    [195, 297, 11705, 556],
    [25, 520, 160, 394],
    [146, 554, 460, 646]
  ],
  "p_true": [
    [0.0217, 0.0482, 0.758, 0.172],
    [0.322, 0.5704, 0.0901, 0.0175],
    [0.0532, 0.868, 0.0328, 0.046],
    [0.0153, 0.0233, 0.9178, 0.0436],
    [0.0227, 0.4732, 0.1456, 0.3585],
    [0.0808, 0.3068, 0.2547, 0.3577]
  ],
  "Z_est": [
    [
      [0.1621, 0.3204, 0.2216, 0.5015, 1.0733, 0.5051, 0.2539, 0.3463, 0.0756, 0.0676, 0.1356, 0.1504, 0.0523, 0.8839, 0.7018, 0.0408, 1.4129, 0.1434, 0.5086, 0.1031, 0.2961, 0, 0.0049, 0.9643, 0.6481, 0.2749, 0.425, 0.1998, 0.3193, 0.5015, 1.4384, 0.2458, 0.4003, 1.1096, 0.0948, 0.018, 0.9373, 0.2421, 2.9162, 0.2115],
      [0.5324, 0.33, 0.4615, 0.9547, 1.4815, 0.4162, 0.174, 0.5094, 0.1139, 0.0847, 0.3178, 0.4139, 0.1787, 0.7716, 0.8232, 0.022, 2.0896, 0.4021, 0.3066, 0.3554, 0.4974, 0, 0.0025, 1.2254, 0.3229, 0.5102, 0.295, 0.1378, 0.4962, 0.4354, 1.9565, 0.2616, 0.8095, 0.8346, 0.1105, 0.0161, 1.4009, 0.1571, 2.1782, 0.6238],
      [7.1798, 26.0485, 18.9348, 24.9127, 46.4567, 11.8023, 17.1559, 18.6535, 1.79, 9.6688, 7.3799, 7.2017, 7.707, 41.4411, 79.8369, 1.8789, 106.9344, 5.1413, 4.8907, 5.2032, 11.0585, 0, 0.9867, 68.1794, 20.4177, 14.8289, 16.5418, 14.3162, 12.9822, 20.6495, 86.704, 11.4029, 35.2789, 81.8747, 5.7113, 0.94, 66.5204, 5.4323, 66.8079, 5.0352],
      [0.1256, 0.3011, 0.3821, 0.6311, 0.9885, 0.2765, 0.4162, 0.4908, 0.0205, 0.1789, 0.1667, 0.234, 0.0619, 0.9034, 0.638, 0.0583, 1.5631, 0.3131, 0.2941, 0.3383, 0.148, 0, 0.0058, 0.6309, 0.6113, 0.386, 0.7382, 0.3462, 0.2024, 0.4135, 1.9011, 0.0897, 0.5113, 2.181, 0.0834, 0.0259, 1.1415, 0.1685, 2.0977, 0.1295]
    ],
    [
      [32.9383, 26.5801, 21.0758, 28.4942, 43.8737, 12.0537, 18.3799, 21.1675, 3.213, 5.477, 6.2087, 5.1144, 11.5542, 45.2363, 38.5768, 7.0659, 44.0182, 5.2226, 0.8749, 8.6684, 6.5544, 0.8689, 9.5107, 71.4764, 73.4573, 14.3333, 38.9661, 11.9396, 19.6626, 23.381, 88.611, 23.399, 32.7912, 45.8059, 6.0665, 1.143, 85.043, 16.0546, 149.01, 31.0959],
      [23.1128, 18.8987, 23.5016, 25.5691, 29.2096, 4.7872, 16.315, 13.3378, 0.7574, 9.4863, 3.6058, 4.6729, 6.2934, 27.5155, 33.4421, 5.0673, 34.6847, 4.5742, 0.1179, 8.8584, 1.32, 0.095, 4.8549, 48.6837, 40.7511, 11.8375, 38.6523, 9.2784, 13.3692, 12.0424, 65.3008, 9.1977, 27.7495, 47.6375, 2.4499, 0.7388, 80.7987, 7.4717, 57.3484, 19.4125],
      [0.8613, 2.4531, 2.3001, 1.8185, 1.8145, 0.1471, 1.2801, 1.4088, 0.0269, 0.9876, 0.1793, 0.206, 2.1023, 2.1021, 4.8771, 0.8423, 3.1452, 0.1808, 0.0067, 0.4206, 0.1193, 0.0027, 1.5905, 5.7287, 1.5847, 0.801, 2.1874, 0.7326, 0.9388, 0.5425, 5.7227, 1.3839, 1.3637, 2.3051, 0.4638, 0.117, 7.8237, 0.4339, 4.3083, 0.4335],
      [0.0876, 0.0682, 0.1225, 0.1182, 0.1022, 0.0121, 0.0249, 0.0858, 0.0028, 0.0492, 0.0062, 0.0067, 0.0501, 0.1461, 0.1041, 0.0244, 0.1518, 0.0224, 0.0005, 0.0526, 0.0063, 0.0334, 0.0439, 0.1111, 0.2069, 0.0282, 0.1942, 0.0494, 0.0294, 0.0341, 0.3654, 0.0193, 0.0956, 0.2515, 0.0198, 0.0012, 0.3347, 0.0397, 0.3332, 0.0581]
    ],
    [
      [2.227, 13.6491, 4.7293, 10.4526, 23.2386, 7.5734, 12.6023, 8.4641, 2.0914, 1.7153, 5.3968, 3.7102, 3.4637, 6.3897, 17.8362, 3.6712, 19.1967, 2.6029, 1.8016, 1.2113, 5.1258, 0.0532, 1.9576, 12.1428, 4.9118, 8.2264, 16, 6.3603, 9.2921, 14.6985, 13.8247, 5.578, 2.2118, 4.6012, 1.424, 1.1716, 19.7223, 5.7182, 58.7108, 2.7751],
      [68.8796, 416.1268, 231.4704, 395.3923, 673.4648, 148.5145, 557.2555, 225.4771, 28.5143, 187.501, 163.5187, 171.0711, 79.3122, 165.4505, 656.6505, 126.3828, 639.0959, 102.7991, 35.647, 56.623, 62.6919, 1.5219, 45.9449, 347.7241, 115.4257, 301.8362, 690.6305, 217.1935, 271.5921, 352.3007, 428.1795, 95.5065, 83.9307, 206.2244, 26.9632, 72.3762, 789.9682, 117.5294, 987.0566, 75.6475],
      [2.7325, 18.7346, 6.8793, 8.4908, 17.349, 3.2782, 15.4426, 7.4286, 0.7101, 6.5963, 5.0267, 2.9542, 7.4776, 5.18, 36.3991, 2.8957, 25.6127, 1.5888, 1.0547, 1.5328, 3.8152, 0.0112, 3.7367, 15.1714, 2.835, 8.545, 10.1328, 7.6954, 6.5658, 11.4827, 14.7078, 4.4227, 4.8937, 8.5506, 1.3726, 1.3824, 24.1707, 2.0043, 24.539, 2.3284],
      [5.1608, 34.4895, 22.921, 35.6642, 57.9476, 11.6339, 58.6996, 31.6302, 1.6842, 19.1874, 19.0578, 16.2645, 9.7465, 16.9799, 45.1142, 11.0503, 58.0947, 15.0092, 6.4968, 10.6329, 7.3671, 0.4136, 6.3608, 21.9616, 8.8275, 31.3925, 74.2368, 29.7507, 15.55, 33.518, 49.288, 5.4928, 5.9638, 22.6238, 3.2402, 6.0699, 65.1388, 10.7481, 117.6936, 4.2491]
    ],
    [
      [0.4401, 1.1839, 0.592, 1.4876, 3.0045, 0.9344, 0.9995, 1.0302, 0.2559, 0.1316, 0.4048, 0.3021, 0.2433, 1.8966, 2.3353, 0.5672, 4.2179, 0.4215, 0.48, 0.4176, 0.5023, 0.077, 0.1376, 2.6994, 1.3949, 0.8782, 2.0779, 0.8905, 1.0349, 1.9385, 3.9128, 0.6774, 0.6921, 1.5608, 0.3085, 0.2116, 3.191, 1.1229, 7.801, 1.2949],
      [4.1583, 10.675, 11.3083, 16.9112, 26.0073, 6.2434, 14.0816, 7.9072, 1.1812, 6.3807, 3.1425, 3.8847, 1.4358, 14.6973, 30.7223, 6.0541, 43.3093, 5.0315, 2.8154, 6.966, 3.1725, 0.8167, 0.691, 23.0817, 9.9167, 9.8268, 28.2949, 9.4045, 8.9458, 14.7549, 36.628, 3.8247, 8.072, 25.3473, 1.2541, 4.3461, 41.8388, 7.3198, 46.8576, 10.6782],
      [87.7184, 362.5827, 267.994, 293.3757, 512.0381, 98.2694, 295.0071, 208.2661, 29.1561, 163.9604, 83.2605, 58.7055, 79.4968, 339.2771, 1234.5171, 100.7236, 1301.7009, 59.6978, 42.2849, 97.6356, 140.1107, 13.7662, 43.6692, 731.1429, 113.1271, 187.9005, 323.978, 249.1972, 163.3628, 328.9657, 933.0502, 131.5396, 188.6339, 510.073, 61.3507, 48.6346, 961.8862, 104.9434, 843.5001, 128.7646],
      [1.6833, 4.5585, 6.1057, 8.2255, 11.9502, 2.5527, 7.9118, 5.7965, 0.4068, 3.5273, 2.1923, 2.1077, 0.8242, 8.129, 8.4254, 2.6551, 20.7718, 3.8491, 2.4197, 5.9807, 2.2145, 1.3401, 0.5023, 6.076, 3.5613, 5.3945, 15.6491, 6.5078, 2.6565, 7.341, 22.409, 0.9583, 2.6021, 14.0188, 1.0866, 1.8078, 18.0841, 3.614, 28.8413, 3.2623]
    ],
    [
      [0.034, 0.0035, 0.0018, 0.0031, 0.0038, 0, 0.0022, 0.0039, 5.8166e-06, 0, 0.0003, 0.0001, 0.0013, 0.0043, 0.0027, 0.0003, 0.0034, 0.0013, 0.0018, 0, 0, 0.0008, 0.0018, 0.0065, 0.1057, 0.0003, 0.0038, 0.0023, 0.0046, 0.0003, 0.0045, 0.0001, 0.013, 0, 0.0001, 0.0004, 0.0003, 0.0005, 0, 0.0001],
      [6.7459, 28.2641, 19.034, 28.7051, 41.2923, 4.077, 44.5577, 17.2919, 0.8036, 20.9966, 5.0583, 3.8976, 4.6252, 18.9934, 43.2694, 5.4657, 46.6701, 6.8403, 4.2618, 2.1963, 7.723, 0.5664, 2.1352, 31.8729, 14.3934, 12.8433, 50.7419, 17.1718, 20.6876, 41.0448, 48.3827, 3.6657, 8.5111, 37.6722, 1.3306, 12.3622, 78.551, 7.1617, 53.8329, 3.5148],
      [1.5635, 9.5629, 4.455, 4.8378, 7.9106, 0.4251, 9.1256, 4.4282, 0.129, 5.0361, 1.0764, 0.4982, 3.6146, 4.3835, 17.6631, 0.8833, 13.5935, 0.7872, 0.6566, 0.1593, 3.0455, 0.2199, 1.4707, 10.3725, 2.0709, 2.2933, 5.9056, 4.6657, 3.6715, 8.5428, 12.1042, 1.0321, 2.6723, 6.6705, 0.4511, 1.1014, 17.6816, 0.9638, 9.3651, 0.1968],
      [0.6566, 3.1695, 2.5093, 3.454, 4.7934, 0.4979, 6.3145, 3.276, 0.0674, 2.9674, 0.865, 0.6042, 0.7588, 2.6188, 4.0647, 0.6507, 5.7331, 1.3713, 1.0798, 0.6444, 1.2315, 0.2129, 0.3923, 2.7481, 1.43, 1.8631, 7.3487, 3.1602, 1.6363, 5.4121, 7.5087, 0.3022, 0.8036, 5.6573, 0.2182, 1.5359, 8.7671, 0.874, 8.802, 0.2883]
    ],
    [
      [1.1985, 5.263, 1.3795, 3.0609, 7.8062, 2.9335, 3.7621, 2.988, 0.3641, 0.6085, 1.8538, 1.7228, 1.6851, 2.5893, 5.5472, 0.6546, 6.1509, 0.6082, 0.3331, 0.5996, 1.5214, 0, 0.3874, 5.7104, 1.4822, 5.2869, 4.5272, 1.6075, 4.6864, 4.4802, 6.2087, 1.0998, 0.8916, 1.9225, 1.1061, 0.4555, 6.1061, 1.8616, 20.562, 0.6224],
      [5.5709, 22.7055, 9.2242, 16.4676, 32.5445, 7.9617, 23.6162, 11.4766, 0.6296, 6.5507, 8.357, 11.0599, 5.1547, 9.5718, 29.0925, 3.0081, 29.1503, 3.3528, 0.8514, 4.0008, 2.5952, 0, 1.3715, 23.4122, 5.1901, 25.146, 27.3855, 7.814, 18.9092, 15.4217, 27.5526, 2.5438, 4.9273, 12.284, 2.8916, 4.1607, 34.4425, 5.3603, 47.7262, 2.1232],
      [1.9446, 12.6182, 3.4368, 4.5646, 10.4312, 2.0779, 7.9887, 4.8148, 0.1879, 2.7509, 3.0773, 2.4342, 6.6016, 3.6162, 19.7067, 0.7762, 14.0133, 0.6041, 0.1062, 1.0485, 1.8508, 0, 1.5462, 12.4051, 0.9645, 7.6314, 5.2544, 3.3929, 5.479, 5.8168, 11.711, 1.2187, 2.1576, 4.526, 1.6505, 0.8245, 12.9175, 1.2223, 14.4795, 0.2416],
      [8.2861, 37.4133, 17.9595, 28.9069, 54.2181, 12.0269, 47.633, 31.7206, 0.8183, 13.0899, 18.712, 20.783, 13.5586, 19.2227, 39.6536, 5.5611, 51.6855, 10.4349, 3.7092, 15.3511, 6.0326, 0, 3.6949, 29.4722, 8.3631, 55.9358, 57.8329, 21.1857, 22.9254, 28.2813, 61.5277, 3.1377, 7.0235, 26.2675, 7.3518, 6.5592, 55.5339, 9.5558, 110.2323, 3.0128]
    ]
  ],
  "V_est": [
    [18.9084, 23.011, 995.8867, 20.1939],
    [1134.9644, 792.7973, 65.7443, 3.4939],
    [346.5293, 10419.391, 335.7279, 1007.3518],
    [53.7503, 517.9846, 11923.2645, 258.0006],
    [0.2128, 807.2116, 185.2868, 106.2889],
    [121.6349, 511.6044, 198.0899, 974.6708]
  ],
  "p_est": [
    [0.0179, 0.0217, 0.9413, 0.0191],
    [0.5683, 0.397, 0.0329, 0.0017],
    [0.0286, 0.8605, 0.0277, 0.0832],
    [0.0042, 0.0406, 0.9349, 0.0202],
    [0.0002, 0.7345, 0.1686, 0.0967],
    [0.0674, 0.2833, 0.1097, 0.5397]
  ],
  "EI_Z": {},
  "EI_V": 7.1917,
  "MAE_Z": {},
  "MAE_V": 184.7184,
  "MAE_p": 0.0806,
  "runtime": 0.261
}
