{
  "X": [
    [17, 47, 17, 19],
    [22, 42, 17, 19],
    [24, 38, 10, 28],
    [23, 33, 32, 12],
    [24, 45, 17, 14],
    [17, 41, 21, 21],
    [17, 49, 24, 10],
    [21, 52, 13, 14],
    [27, 43, 16, 14],
    [32, 47, 12, 9],
    [31, 44, 14, 11],
    [38, 38, 15, 9],
    [35, 37, 18, 10],
    [25, 41, 22, 12],
    [30, 38, 18, 14],
    [27, 44, 18, 11],
    [23, 56, 12, 9],
    [11, 62, 14, 13],
    [10, 60, 19, 11],
    [10, 62, 13, 15],
    [8, 59, 12, 21],
    [14, 62, 11, 13],
    [14, 65, 12, 9],
    [11, 62, 19, 8],
    [12, 64, 11, 13],
    [17, 40, 25, 18],
    [15, 37, 26, 22],
    [19, 45, 21, 15],
    [20, 47, 20, 13],
    [24, 38, 28, 10],
    [23, 45, 22, 10],
    [25, 38, 15, 22],
    [18, 45, 23, 14],
    [15, 34, 19, 32],
    [11, 26, 22, 41],
    [13, 32, 19, 36],
    [7, 30, 21, 42],
    [9, 35, 17, 39],
    [12, 32, 13, 43],
    [10, 33, 24, 33],
    [18, 26, 22, 34],
    [13, 34, 27, 26],
    [27, 20, 32, 21],
    [18, 17, 49, 16],
    [18, 24, 35, 23],
    [21, 20, 38, 21],
    [26, 20, 38, 16],
    [11, 23, 50, 16],
    [25, 32, 21, 22],
    [21, 16, 37, 26]
  ],
  "W": [
    [58, 5, 8, 8, 8, 13],
    [48, 11, 8, 15, 6, 12],
    [59, 5, 5, 10, 10, 11],
    [47, 12, 8, 8, 8, 17],
    [58, 12, 5, 6, 10, 9],
    [61, 7, 7, 4, 6, 15],
    [59, 6, 12, 9, 2, 12],
    [64, 11, 9, 8, 2, 6],
    [33, 34, 10, 9, 5, 9],
    [10, 53, 8, 12, 9, 8],
    [10, 61, 7, 7, 9, 6],
    [6, 69, 5, 11, 4, 5],
    [8, 55, 9, 4, 11, 13],
    [9, 53, 12, 12, 7, 7],
    [10, 52, 8, 8, 11, 11],
    [18, 60, 5, 7, 5, 5],
    [15, 43, 22, 9, 6, 5],
    [8, 13, 54, 4, 10, 11],
    [6, 10, 60, 7, 8, 9],
    [6, 8, 62, 5, 12, 7],
    [8, 2, 57, 11, 11, 11],
    [9, 12, 53, 8, 11, 7],
    [7, 9, 64, 6, 6, 8],
    [11, 7, 61, 6, 8, 7],
    [8, 7, 64, 5, 9, 7],
    [12, 8, 5, 57, 7, 11],
    [12, 1, 12, 62, 5, 8],
    [9, 8, 12, 55, 8, 8],
    [2, 11, 10, 60, 9, 8],
    [9, 14, 4, 61, 4, 8],
    [6, 7, 9, 64, 10, 4],
    [16, 11, 4, 49, 8, 12],
    [4, 8, 7, 65, 10, 6],
    [5, 11, 10, 25, 43, 6],
    [2, 8, 8, 11, 62, 9],
    [10, 9, 9, 5, 62, 5],
    [8, 6, 8, 6, 65, 7],
    [9, 10, 12, 10, 55, 4],
    [6, 9, 6, 6, 69, 4],
    [7, 9, 6, 8, 61, 9],
    [6, 11, 10, 6, 58, 9],
    [8, 11, 12, 9, 38, 22],
    [9, 6, 9, 11, 9, 56],
    [5, 8, 4, 8, 2, 73],
    [9, 10, 14, 12, 6, 49],
    [5, 4, 9, 14, 8, 60],
    [9, 15, 3, 7, 9, 57],
    [10, 3, 8, 8, 9, 62],
    [10, 10, 13, 6, 12, 49],
    [10, 9, 6, 9, 10, 56]
  ],
  "method": "mcmc",
  "mcmc_stepsize": 3000,
  "mcmc_samples": 1000,
  "burn_in": 10000,
  "cond_prob": [
    [
      [0.20483688562, 0.41802339983, 0.13702261302, 0.24011710153],
      [0.21146343038, 0.58833416717, 0.19708780801, 0.0031145944362],
      [0.00033716615571, 0.99432187219, 0.0021503574911, 0.0031906041672],
      [0.0042982728778, 0.74150623825, 0.0098210373038, 0.24437445157],
      [0.12558533751, 0.49217383287, 0.0071801055151, 0.37506072411],
      [0.23233671305, 0.15299664828, 0.60877210785, 0.0058945308151]
    ],
    [
      [0.25014878234, 0.43704048886, 0.10419539427, 0.20861533453],
      [0.36294869557, 0.36446442993, 0.091307478797, 0.18127939571],
      [0.0001050882586, 0.99943194793, 0.00031331002608, 0.00014965378627],
      [0.19978098264, 0.46705860124, 0.33271127024, 0.00044914588119],
      [0.1665530861, 0.16771479041, 0.16621180845, 0.49952031503],
      [0.16696240284, 0.083777038414, 0.41698270199, 0.33227785676]
    ],
    [
      [0.20536186931, 0.43779391133, 0.032695448584, 0.32414877078],
      [0.7043062604, 0.21475156092, 0.0086977865943, 0.072244392085],
      [0.0025651582787, 0.85081042976, 0.0085360774262, 0.13808833453],
      [0.31793729653, 0.29656883851, 0.27306374361, 0.11243012135],
      [0.16032605942, 0.20481526047, 0.15034158148, 0.48451709863],
      [0.32424173254, 0.16622802621, 0.34097690568, 0.16855333556]
    ],
    [
      [0.23544091154, 0.35013802575, 0.23925903352, 0.17516202919],
      [0.4045145782, 0.18170533969, 0.39796301307, 0.015817069038],
      [0.10273288188, 0.54165085539, 0.32631439407, 0.02930186866],
      [0.15278688499, 0.3653558159, 0.46626887322, 0.015588425887],
      [0.028457640652, 0.34957828296, 0.27575776639, 0.34620631],
      [0.28284017407, 0.25355112233, 0.43720829401, 0.026400409592]
    ],
    [
      [0.25689410996, 0.48283389455, 0.081063203042, 0.17920879245],
      [0.43142443756, 0.27000458153, 0.28539125095, 0.013179729956],
      [0.16018507663, 0.80666988594, 0.010938340915, 0.022206696523],
      [0.17243089923, 0.58653499221, 0.22478612736, 0.0162479812],
      [0.050090253757, 0.29106797373, 0.36499803982, 0.29384373269],
      [0.17629278396, 0.36581555751, 0.42447226058, 0.033419397948]
    ],
    [
      [0.20434611662, 0.4062912213, 0.11766611881, 0.27169654327],
      [0.17348935336, 0.40550238512, 0.16221765016, 0.25879061135],
      [0.002841789388, 0.95494411963, 0.021247412683, 0.020966678296],
      [0.024510222484, 0.91690489691, 0.043652839597, 0.014932041005],
      [0.15397169716, 0.32404566001, 0.17748351242, 0.34449913041],
      [0.1519131876, 0.072081094644, 0.75323992532, 0.022765792442]
    ],
    [
      [0.18133415662, 0.49825101023, 0.17006218988, 0.15035264328],
      [0.24644867337, 0.56435218109, 0.18745565097, 0.0017434945747],
      [0.014530481897, 0.84836877982, 0.12165889962, 0.015441838666],
      [0.017959802073, 0.50648110177, 0.39709913008, 0.078459966074],
      [0.13202340335, 0.19611922065, 0.63696152883, 0.034895847171],
      [0.35187849261, 0.090506966257, 0.54448957229, 0.013124968841]
    ],
    [
      [0.25982693508, 0.5035635129, 0.064014241745, 0.17259531028],
      [0.35155966125, 0.62322963127, 0.021960117314, 0.0032505901669],
      [0.0076610751336, 0.86698523603, 0.11278529488, 0.012568393957],
      [0.019833923219, 0.6136738809, 0.24969852784, 0.11679366804],
      [0.0043756483089, 0.028336886463, 0.067095894456, 0.90019157077],
      [0.044591253766, 0.024579547682, 0.91911326206, 0.011715936492]
    ],
    [
      [0.1214948464, 0.45448996751, 0.12117544502, 0.30283974107],
      [0.49976850471, 0.32363157919, 0.14712424395, 0.029475672148],
      [1.4249886087e-05, 0.89991061479, 7.2908343201e-05, 0.10000222698],
      [0.3332105164, 0.55542448785, 0.11123876477, 0.00012623098603],
      [9.9858233286e-05, 0.40004579528, 0.19994402246, 0.39991032402],
      [0.333222719, 0.11113354053, 0.55526532683, 0.00037841363628]
    ],
    [
      [0.32924220099, 0.41349740528, 0.059886518839, 0.19737387489],
      [0.42988935325, 0.46673549474, 0.069331867406, 0.034043284601],
      [0.033292502506, 0.7714405401, 0.080116052416, 0.11515090498],
      [0.2074072085, 0.39842073504, 0.24659989631, 0.14757216016],
      [0.065539227991, 0.60916000459, 0.12533539664, 0.19996537078],
      [0.32229533675, 0.21162894291, 0.37480001179, 0.091275708559]
    ],
    [
      [0.23124875476, 0.40744576799, 0.079072913214, 0.28223256405],
      [0.38591507836, 0.42552184281, 0.14664074977, 0.04192232906],
      [0.075165218705, 0.64069507026, 0.074370008958, 0.20976970208],
      [0.36815858399, 0.58951481037, 0.027340135, 0.01498647064],
      [0.012498156981, 0.51998587506, 0.12403272369, 0.34348324427],
      [0.32182377346, 0.11289464483, 0.40598660181, 0.1592949799]
    ],
    [
      [0.20425595338, 0.33284383952, 0.011979441621, 0.45092076548],
      [0.44013651586, 0.35360213, 0.15222972727, 0.054031626867],
      [0.0073552937296, 0.78484888297, 0.17850151681, 0.029294306492],
      [0.33161124996, 0.51300823708, 0.12885892544, 0.02652158752],
      [0.011533479588, 0.45237459716, 0.061128121102, 0.47496380215],
      [0.53488210973, 0.045511316344, 0.37396078401, 0.045645789912]
    ],
    [
      [0.45453757646, 0.47674358087, 0.022196545833, 0.046522296836],
      [0.44452989296, 0.3469412815, 0.14256516729, 0.06596365824],
      [0.11179725129, 0.76616639896, 0.013190763699, 0.10884558604],
      [0.24978068685, 0.26060528797, 0.25949630172, 0.23011772346],
      [0.086858214516, 0.46440772222, 0.17706292544, 0.27167113782],
      [0.30413976205, 0.081375167955, 0.52899609016, 0.085488979831]
    ],
    [
      [0.32649894279, 0.12199229229, 0.11334422358, 0.43816454134],
      [0.35633250614, 0.36244911154, 0.24316169061, 0.03805669171],
      [0.003497899489, 0.90178062598, 0.0073608846709, 0.087360589856],
      [0.094691275022, 0.49118504859, 0.25143325386, 0.16269042253],
      [0.0012831342613, 0.42519038695, 0.41542872629, 0.1580977525],
      [0.28409066506, 0.14290652207, 0.2969716627, 0.27603115017]
    ],
    [
      [0.29870634171, 0.34956616801, 0.007068352357, 0.34465913792],
      [0.42576967143, 0.34855620805, 0.188292238, 0.037381882518],
      [0.003784492561, 0.64826728834, 0.20336908376, 0.14457913534],
      [0.14964275605, 0.37002178792, 0.24907226143, 0.2312631946],
      [0.10087969078, 0.46638093978, 0.11097950613, 0.32175986332],
      [0.23052900738, 0.28208295942, 0.29980134286, 0.18758669034]
    ],
    [
      [0.073325873968, 0.5736015823, 0.11299657548, 0.24007596825],
      [0.39415680323, 0.41937984328, 0.14003826274, 0.046425090748],
      [0.0009969859724, 0.60336825571, 0.37567049321, 0.01996426511],
      [0.033008358657, 0.46168920165, 0.37138215472, 0.13392028497],
      [0.0049431211356, 0.396294657, 0.042360160513, 0.55640206135],
      [0.3539934057, 0.05644838935, 0.57478750507, 0.014770699887]
    ],
    [
      [0.12650299502, 0.6179362176, 0.030866811218, 0.22469397616],
      [0.41188760906, 0.47345700162, 0.082991486298, 0.031663903022],
      [0.035199915176, 0.84827313343, 0.087402721744, 0.02912422965],
      [0.057169887359, 0.46871422769, 0.3218610061, 0.15225487885],
      [0.071617745069, 0.53871760993, 0.065568088074, 0.32409655693],
      [0.33453085893, 0.051912604399, 0.55106929184, 0.062487244827]
    ],
    [
      [0.25125346956, 0.40796835834, 0.012218490427, 0.32855968167],
      [0.36397686018, 0.40572535922, 0.1579729831, 0.072324797499],
      [0.0058077815613, 0.88125225785, 0.054114386268, 0.058825574325],
      [0.048612924498, 0.26796039357, 0.47886927088, 0.20455741105],
      [0.10204601031, 0.44018063555, 0.033903973246, 0.4238693809],
      [0.24815827779, 0.036413964543, 0.60653723835, 0.10889051931]
    ],
    [
      [0.24809579813, 0.48837526271, 0.031312977455, 0.23221596171],
      [0.29997103564, 0.47542738352, 0.2198706412, 0.0047309396388],
      [0.019301981327, 0.81655255539, 0.10017493282, 0.06397053046],
      [0.22227290036, 0.38361565094, 0.28526546216, 0.10884598654],
      [0.14914630408, 0.070996267471, 0.21374830403, 0.56610912442],
      [0.17827947112, 0.0076712854267, 0.76623056516, 0.047818678295]
    ],
    [
      [0.13608054857, 0.40006762958, 0.057526700334, 0.40632512151],
      [0.36731206687, 0.37641545304, 0.15047758868, 0.1057948914],
      [0.03819722052, 0.82822837336, 0.050198489866, 0.083375916254],
      [0.22491130221, 0.26667151463, 0.45482257383, 0.053594609324],
      [0.097897006095, 0.2613005766, 0.16483134984, 0.47597106746],
      [0.22535313102, 0.10987813678, 0.58380337852, 0.080965353683]
    ],
    [
      [0.24493238851, 0.25575965918, 0.0066223477087, 0.49268560461],
      [0.47838422844, 0.48757377181, 0.030157783915, 0.0038842158347],
      [0.017436509706, 0.80594972281, 0.036858088205, 0.13975567927],
      [0.18192382946, 0.6298838128, 0.17833907808, 0.0098532796623],
      [0.0023198535953, 0.27404267705, 0.17490865007, 0.54872881929],
      [0.18756462438, 0.0087681449267, 0.53636996484, 0.26729726585]
    ],
    [
      [0.34789734983, 0.3420032913, 0.17704585133, 0.13305350754],
      [0.40002321467, 0.36818060329, 0.17985232497, 0.051943857072],
      [0.013265622184, 0.8827794042, 0.039147310274, 0.064807663342],
      [0.17404640545, 0.61009965265, 0.13634921155, 0.079504730349],
      [0.12294716776, 0.1865269054, 0.15868774931, 0.53183817752],
      [0.37439674439, 0.11198593365, 0.33388472273, 0.17973259923]
    ],
    [
      [0.32211844529, 0.41352551929, 0.020711847139, 0.24364418828],
      [0.56987990812, 0.26301782542, 0.13467251871, 0.032429747747],
      [0.025166784485, 0.87783709649, 0.038163413037, 0.05883270599],
      [0.29647911115, 0.45275458651, 0.2350151322, 0.015751170145],
      [0.15644337339, 0.091516203255, 0.27806641965, 0.4739740037],
      [0.28600532444, 0.036370252795, 0.64025208203, 0.037372340735]
    ],
    [
      [0.31572982617, 0.46519437032, 0.064311851148, 0.15476395237],
      [0.34425260135, 0.41587329957, 0.22533495261, 0.014539146467],
      [0.028307429877, 0.82767326045, 0.099454530372, 0.044564779298],
      [0.16995285754, 0.30368567399, 0.42654550392, 0.099815964542],
      [0.10800778216, 0.14570066606, 0.44823844365, 0.29805310812],
      [0.21523872538, 0.070851509912, 0.64333114909, 0.070578615617]
    ],
    [
      [0.38041229383, 0.43943182126, 0.024059421973, 0.15609646293],
      [0.56190732966, 0.32190966516, 0.094502026257, 0.021680978921],
      [0.035411934793, 0.80375104025, 0.061904618212, 0.098932406741],
      [0.14180175795, 0.36688292302, 0.45331169923, 0.0380036198],
      [0.068627751961, 0.38165751921, 0.10405097144, 0.44566375739],
      [0.20433256537, 0.21739698707, 0.42587109082, 0.15239935674]
    ],
    [
      [0.19311425391, 0.49690625011, 0.029729215321, 0.28025028066],
      [0.3691428751, 0.2859933949, 0.21658061869, 0.12828311131],
      [0.073159153602, 0.66520815532, 0.02986486808, 0.23176782299],
      [0.12465532687, 0.43085852601, 0.31158470732, 0.1329014398],
      [0.0040118842093, 0.23809224878, 0.27599665478, 0.48189921223],
      [0.38456848756, 0.19977775808, 0.27899774778, 0.13665600657]
    ],
    [
      [0.17789929773, 0.22683641598, 0.15454814878, 0.44071613751],
      [0.76795151221, 0.0057593231259, 0.053009573321, 0.17327959135],
      [0.089131839071, 0.58381289245, 0.036687686662, 0.29036758182],
      [0.13783825256, 0.41902366438, 0.28864380657, 0.15449427649],
      [0.019126101261, 0.16802085716, 0.16699795553, 0.64585508605],
      [0.29825908515, 0.055859687289, 0.61515682705, 0.030724400505]
    ],
    [
      [0.27000427504, 0.39240976616, 0.012053556869, 0.32553240192],
      [0.42804933976, 0.19732725553, 0.20125236695, 0.17337103776],
      [0.020724231844, 0.81905336144, 0.029260216124, 0.13096219059],
      [0.16337633245, 0.47831098284, 0.27441517176, 0.083897512953],
      [0.030962511037, 0.24754385416, 0.25987882448, 0.46161481032],
      [0.45793470643, 0.22169985419, 0.21981392707, 0.10055151232]
    ],
    [
      [0.4875709964, 0.027048957132, 0.0017229149743, 0.48365713149],
      [0.29470949424, 0.51030853528, 0.10587636222, 0.089105608257],
      [0.018639419323, 0.77859330847, 0.10127409748, 0.10149317473],
      [0.25216787135, 0.48923592141, 0.18771597752, 0.07088022972],
      [0.0078333237848, 0.35720499813, 0.013470289786, 0.6214913883],
      [0.049510897743, 0.12219685565, 0.80437274398, 0.023919502629]
    ],
    [
      [0.31782459192, 0.31941942887, 0.12083901278, 0.24191696644],
      [0.49487306954, 0.23286418561, 0.1630467317, 0.10921601314],
      [0.01251517748, 0.65301588637, 0.17045042757, 0.16401850858],
      [0.20210509824, 0.44451666627, 0.29680068164, 0.056577553848],
      [0.08559757055, 0.25714539576, 0.21565819923, 0.44159883445],
      [0.18631171433, 0.13862059631, 0.62256481921, 0.052502870151]
    ],
    [
      [0.23460514067, 0.49837379027, 0.11608281557, 0.15093825349],
      [0.62905783568, 0.24536163357, 0.089674002861, 0.035906527885],
      [0.016601050213, 0.6560928653, 0.18264385341, 0.14466223108],
      [0.21731325972, 0.48542832937, 0.26666184838, 0.030596562531],
      [0.083959204689, 0.27117226028, 0.15277603515, 0.49209249988],
      [0.57297854635, 0.15206358828, 0.10946793954, 0.16548992583]
    ],
    [
      [0.22136554011, 0.47199769583, 0.030887024252, 0.27574973981],
      [0.4782674075, 0.2775311097, 0.18756567301, 0.056635809794],
      [0.0015042652389, 0.67039560252, 0.0072009661978, 0.32089916604],
      [0.20598598233, 0.42717426076, 0.16850337859, 0.19833637833],
      [0.0580597673, 0.34780130725, 0.14245257852, 0.45168634693],
      [0.46945012852, 0.083305251237, 0.25145793043, 0.19578668981]
    ],
    [
      [0.28802303481, 0.68143582072, 0.012758099611, 0.017783044852],
      [0.37469610399, 0.37093280194, 0.14158000959, 0.11279108448],
      [0.0046104611254, 0.83592509838, 0.013721390753, 0.14574304974],
      [0.18029059424, 0.45369977289, 0.2744776917, 0.091531941163],
      [0.0087245360073, 0.2177354661, 0.26488758626, 0.50865241163],
      [0.33532196919, 0.29791311897, 0.20505866106, 0.16170625078]
    ],
    [
      [0.19939416881, 0.25211568618, 0.29962868552, 0.24886145949],
      [0.63113280678, 0.24711775017, 0.10206186794, 0.019687575115],
      [0.0099046815532, 0.79498137638, 0.087830715452, 0.10728322662],
      [0.1081827125, 0.50061192687, 0.3414173495, 0.049788011136],
      [0.059592120386, 0.21099122625, 0.10934166791, 0.62007498546],
      [0.28241541281, 0.080565275474, 0.37729056888, 0.25972874284]
    ],
    [
      [0.15688969674, 0.71812433474, 0.0051879333085, 0.11979803521],
      [0.3160226203, 0.20685248067, 0.25290821732, 0.22421668172],
      [0.0083924656546, 0.65933268449, 0.11905159101, 0.21322325885],
      [0.21215220367, 0.32621396069, 0.40446065166, 0.057173183979],
      [0.057132701852, 0.21449264772, 0.16258485921, 0.56578979122],
      [0.24611090709, 0.083041364795, 0.49829080307, 0.17255692505]
    ],
    [
      [0.26955122515, 0.38894906964, 0.052464521236, 0.28903518398],
      [0.45880161435, 0.19631509134, 0.3205064239, 0.024376870407],
      [0.0052451069747, 0.67603739025, 0.068206680947, 0.25051082183],
      [0.25313784543, 0.35580139727, 0.35489936239, 0.036161394912],
      [0.043396963549, 0.2892768644, 0.18494928582, 0.48237688623],
      [0.43435325788, 0.10903287804, 0.34711686221, 0.10949700186]
    ],
    [
      [0.11193878627, 0.31559148045, 0.1772371377, 0.39523259558],
      [0.30886429901, 0.23377236633, 0.40036566299, 0.056997671668],
      [0.0048933931012, 0.66533533834, 0.11747854111, 0.21229272744],
      [0.11088798834, 0.37867822602, 0.45528763501, 0.05514615063],
      [0.026897070437, 0.2739100969, 0.14425962846, 0.5549332042],
      [0.25693132322, 0.096246513852, 0.59021127595, 0.056610886973]
    ],
    [
      [0.1173038177, 0.51485847448, 0.045640605671, 0.32219710214],
      [0.39947696305, 0.18555117271, 0.30536387276, 0.10960799148],
      [0.0058950838208, 0.93931772208, 0.010093012616, 0.044694181484],
      [0.11086242867, 0.34851204627, 0.48576085913, 0.054864665932],
      [0.020850973689, 0.24374675131, 0.14863465524, 0.58676761976],
      [0.40583179118, 0.086939388203, 0.095491260088, 0.41173756053]
    ],
    [
      [0.31436501287, 0.47750483981, 0.017989091442, 0.19014105588],
      [0.58858895431, 0.24734777997, 0.1506777405, 0.013385525231],
      [0.0078454755692, 0.74595999774, 0.082287293168, 0.16390723353],
      [0.17772149664, 0.51390982904, 0.29804237163, 0.010326302697],
      [0.032361425268, 0.27227295627, 0.10775634326, 0.5876092752],
      [0.36754228931, 0.14069699947, 0.45470002829, 0.037060682931]
    ],
    [
      [0.060015745069, 0.38957566251, 0.041899856256, 0.50850873617],
      [0.41361025068, 0.16531471799, 0.38122368884, 0.039851342487],
      [0.0032158008691, 0.83904357388, 0.0079968078516, 0.14974381739],
      [0.14221864951, 0.25480570241, 0.58994896389, 0.01302668419],
      [0.034709657645, 0.33652947673, 0.17106102439, 0.45769984123],
      [0.28700715675, 0.13157030635, 0.56371030674, 0.017712230163]
    ],
    [
      [0.28165971125, 0.42358224681, 0.040693355833, 0.25406468611],
      [0.50485057258, 0.18710727505, 0.27992882209, 0.02811333028],
      [0.023056478789, 0.78432886506, 0.1345327172, 0.058081938951],
      [0.053065030093, 0.2244130841, 0.68086288403, 0.041659001781],
      [0.11452155718, 0.16923214258, 0.1825059739, 0.53374032634],
      [0.39616446106, 0.26612167431, 0.29564131772, 0.04207254691]
    ],
    [
      [0.34115168006, 0.26744128383, 0.040893811405, 0.3505132247],
      [0.1905101196, 0.22940437016, 0.50581320572, 0.074272304514],
      [0.019308068726, 0.73375855569, 0.02721128162, 0.21972209396],
      [0.2599896198, 0.43903072298, 0.25693354845, 0.044046108772],
      [0.039502312752, 0.36709158847, 0.15036084292, 0.44304525586],
      [0.18647654347, 0.11959827821, 0.57982976815, 0.11409541017]
    ],
    [
      [0.21905439515, 0.23115648152, 0.29217330939, 0.25761581395],
      [0.58860052369, 0.25944192955, 0.078358574926, 0.07359897183],
      [0.07823448465, 0.7158687299, 0.099233441885, 0.10666334356],
      [0.21115301954, 0.2743250695, 0.3884575316, 0.12606437936],
      [0.049186143754, 0.30663525563, 0.092541097406, 0.55163750321],
      [0.32191854341, 0.07397907955, 0.40895151901, 0.19515085803]
    ],
    [
      [0.23838853149, 0.31858297088, 0.075264265233, 0.36776423239],
      [0.28106708564, 0.40152092861, 0.21366178649, 0.10375019927],
      [0.010718282792, 0.7290491052, 0.076949189232, 0.18328342277],
      [0.11010753365, 0.27050029218, 0.55039823011, 0.06899394406],
      [0.0095163919782, 0.29644302754, 0.0768778322, 0.61716274828],
      [0.18653088319, 0.089340176759, 0.57602254958, 0.14810639046]
    ],
    [
      [0.11231500793, 0.1238998472, 0.21616681896, 0.5476183259],
      [0.31042539771, 0.30090403267, 0.099623161547, 0.28904740808],
      [0.00089111219619, 0.71433685238, 0.20977552472, 0.074996510703],
      [0.16422116282, 0.33339344459, 0.41911853162, 0.083266860967],
      [0.16538450183, 0.32980501564, 0.16778585036, 0.33702463216],
      [0.22264233502, 0.079501911965, 0.4711280038, 0.22672774922]
    ],
    [
      [0.20444185836, 0.20624458855, 0.18756375197, 0.40174980112],
      [0.4879626768, 0.48533558426, 0.016315685276, 0.010386053665],
      [0.10346069239, 0.66572286413, 0.21717194111, 0.013644502371],
      [0.15182860062, 0.36140342004, 0.4116265538, 0.075141425539],
      [0.010369492712, 0.24046566413, 0.0070431646011, 0.74212167856],
      [0.24810395699, 0.067542595823, 0.48705423265, 0.19729921454]
    ],
    [
      [0.0091186520284, 0.54588277502, 0.11284412961, 0.33215444334],
      [0.40023864256, 0.46077944662, 0.071819846486, 0.067162064324],
      [0.0021833739611, 0.98914248053, 0.0039040378051, 0.004770107703],
      [0.2822941555, 0.28741252249, 0.4253870548, 0.0049062672137],
      [0.1094438466, 0.22730117867, 0.11273969574, 0.55051527899],
      [0.29731138006, 0.020181361726, 0.55970221715, 0.12280504106]
    ],
    [
      [0.10159583794, 0.3002121107, 0.19946599953, 0.39872605183],
      [0.66274400003, 0.33350686382, 0.0024396208569, 0.0013095152841],
      [0.00014694691587, 0.75013411072, 0.24837481988, 0.001344122481],
      [0.0021223785151, 0.49846802383, 0.37534155293, 0.12406804473],
      [0.11044416381, 0.22273604114, 0.33214095397, 0.33467884108],
      [0.11263963779, 0.11296640088, 0.6454680899, 0.12892587143]
    ],
    [
      [0.14045730134, 0.49477412847, 0.043892944055, 0.32087562613],
      [0.45745807538, 0.24480859957, 0.23385807338, 0.063875251671],
      [0.12002460713, 0.6805004795, 0.077960546589, 0.12151436678],
      [0.20351336704, 0.72134496738, 0.0061928635933, 0.068948801982],
      [0.22963282938, 0.31648539994, 0.09955415533, 0.35432761535],
      [0.27518065684, 0.15575044658, 0.32606521785, 0.24300367873]
    ],
    [
      [0.34846747272, 0.26102016871, 0.02650560473, 0.36400675384],
      [0.37350837636, 0.30329230924, 0.22511548137, 0.098083833029],
      [0.011228623605, 0.61998054581, 0.031206325298, 0.33758450529],
      [0.14523072354, 0.21028686828, 0.6217057982, 0.022776609981],
      [0.070390995534, 0.050740951028, 0.18355868053, 0.69530937291],
      [0.21563199423, 0.081076659467, 0.48376299428, 0.21952835203]
    ]
  ],
  "expected_outcome": [
    [
      [11.8805393661, 12.0071415524, 12.116350289, 11.0657228422, 14.8998583775, 12.4651131138, 10.6987152403, 16.6289238451, 4.0093299312, 3.2924220099, 2.3124875476, 1.2255357203, 3.6363006117, 2.9384904851, 2.9870634171, 1.3198657314, 1.8975449253, 2.0100277565, 1.4885747888, 0.81648329145, 1.9594591081, 3.1310761485, 2.254829117, 3.4730280878, 3.0432983507, 2.3173710469, 2.1347915728, 2.4300384754, 0.9751419928, 2.8604213273, 1.407630844, 3.5418486418, 1.1520921393, 0.99697084404, 0.31377939349, 2.6955122515, 0.89551029014, 1.0557343593, 1.8861900772, 0.42011021548, 1.6899582675, 2.7292134405, 1.9714895563, 1.1919426575, 1.0108350714, 1.0222092918, 0.082067868256, 1.0159583794, 1.4045730134, 3.4846747272],
      [24.24535719, 20.9779434654, 25.8298407685, 16.4564872101, 28.0043658838, 24.7837644993, 29.3968096034, 32.2280648256, 14.9981689278, 4.1349740528, 4.0744576799, 1.9970630371, 3.813948647, 1.0979306306, 3.4956616801, 10.3248284814, 9.269043264, 3.2637468668, 2.9302515762, 2.4004057775, 2.0460772734, 3.0780296217, 2.894678635, 5.1171380735, 3.5154545701, 5.9628750013, 2.7220369918, 3.5316878955, 0.054097914263, 2.8747748598, 2.9902427416, 7.5519631333, 2.7257432829, 1.2605784309, 1.4362486695, 3.8894906964, 2.5247318436, 4.6337262703, 2.8650290389, 2.7270296375, 2.5414934808, 2.1395302707, 2.0804083337, 1.5929148544, 1.1150986248, 1.0312229428, 4.9129449752, 3.002121107, 4.9477412847, 2.6102016871],
      [7.9473115554, 5.0013789248, 1.9290314665, 11.2451745756, 4.7016657765, 7.1776332475, 10.0336692029, 4.0969114717, 3.9987896855, 0.59886518839, 0.79072913214, 0.071876649729, 0.17757236667, 1.0200980122, 0.07068352357, 2.0339383586, 0.46300216826, 0.097747923418, 0.18787786473, 0.345160202, 0.052978781669, 1.5934126619, 0.14498292997, 0.70743036262, 0.19247537578, 0.35675058385, 1.8545777854, 0.10848201182, 0.0034458299485, 1.087551115, 0.69649689342, 0.49419238803, 0.051032398444, 1.4981434276, 0.010375866617, 0.52464521236, 1.4178971016, 0.41076545104, 0.10793454865, 0.29329899379, 0.244160135, 0.32715049124, 2.6295597845, 0.37632132617, 1.9455013707, 0.93781875983, 1.0155971665, 1.9946599953, 0.43892944055, 0.2650560473],
      [13.9267918885, 10.0135360574, 19.124777476, 8.2326153721, 10.3941099623, 16.5734891393, 8.8708059534, 11.0460998577, 9.9937114554, 1.9737387489, 2.8223256405, 2.7055245929, 0.37217837469, 3.9434808721, 3.4465913792, 4.3213674286, 3.3704096424, 2.6284774533, 1.3932957703, 2.437950729, 3.9414848369, 1.1974815679, 1.705509318, 1.702403476, 1.2487717035, 3.3630033679, 5.2885936501, 2.9297916173, 0.96731426299, 2.1772526979, 0.90562952096, 4.4119958369, 0.07113217941, 1.2443072975, 0.23959607042, 2.8903518398, 3.1618607646, 2.8997739193, 1.1408463353, 3.5595611532, 1.5243881167, 2.8041057976, 2.3185423255, 1.838821162, 4.9285649331, 2.0087490056, 2.9893899901, 3.9872605183, 3.2087562613, 3.6400675384]
    ],
    [
      [1.0573171519, 3.9924356512, 3.521531302, 4.8541749384, 5.1770932508, 1.2144254736, 1.4786920402, 3.8671562738, 16.9921291602, 22.7841357222, 23.54081978, 30.3694195945, 24.4491441129, 18.8856228255, 22.1400229143, 23.649408194, 17.7111671895, 4.7316991824, 2.9997103564, 2.938496535, 0.95676845688, 4.800278576, 5.1289191731, 2.4097682095, 3.9333513076, 2.9531430008, 0.76795151221, 3.4243947181, 3.2418044367, 6.9282229736, 4.4034048498, 5.2609414825, 2.9975688319, 6.9424608746, 2.5281809624, 4.1292145292, 1.8531857941, 3.9947696305, 5.2973005888, 3.7224922561, 5.5533562983, 2.0956113156, 3.5316031421, 2.2485366851, 3.1042539771, 1.9518507072, 6.0035796385, 1.9882320001, 4.5745807538, 3.3615753873],
      [2.9416708358, 4.0091087292, 1.0737578046, 2.1804640763, 3.2400549784, 2.8385166959, 3.3861130865, 6.8555259439, 11.0034736925, 24.7369812214, 25.9568324112, 24.3985469698, 19.0817704827, 19.2098029114, 18.1249228188, 25.1627905967, 20.3586510697, 5.2744296699, 4.7542738352, 3.0113236243, 0.97514754363, 4.4181672395, 2.3671604288, 2.911113097, 2.2533676561, 2.2879471592, 0.0057593231259, 1.5786180443, 5.6133938881, 3.2600985986, 1.717531435, 3.0528422067, 2.9674624155, 2.7182952518, 1.6548198453, 1.766835822, 1.402634198, 1.8555117271, 2.2261300197, 1.4878324619, 2.0581800256, 2.5234480718, 1.5566515773, 3.2121674288, 3.0090403267, 1.941342337, 6.9116916994, 1.0005205915, 2.4480859957, 2.7296307831],
      [0.98543904007, 1.0043822668, 0.043488932971, 4.7755561569, 3.4246950114, 1.1355235511, 1.1247339058, 0.24156129045, 5.0022242943, 3.6745889725, 8.9450857361, 10.5038511819, 7.8410842012, 12.8875696025, 9.791196376, 8.4022957644, 3.5686339108, 2.0536487803, 2.198706412, 1.2038207094, 0.06031556783, 2.1582278996, 1.2120526684, 1.5773446683, 0.6615141838, 1.7326449495, 0.053009573321, 1.6100189356, 1.1646399844, 2.2826542438, 0.62771802003, 2.0632224031, 1.1326400767, 1.1226805473, 2.0232657386, 2.8845578151, 2.4021939779, 3.0536387276, 1.3560996645, 3.4310131996, 3.079217043, 5.563945263, 0.47015144955, 1.7092942919, 0.99623161547, 0.065262741103, 1.0772976973, 0.0073188625708, 2.3385807338, 2.0260393323],
      [0.015572972181, 1.9940733528, 0.36122196042, 0.18980482845, 0.15815675947, 1.8115342795, 0.010460967448, 0.035756491836, 1.002172853, 1.8042940839, 2.5572620727, 3.7281822538, 3.6280012032, 2.0170046606, 1.9438578909, 2.7855054449, 1.3615478299, 0.94022236749, 0.047309396388, 0.84635913124, 0.0077684316695, 0.62332628486, 0.29186772973, 0.10177402527, 0.15176685245, 1.0262648905, 0.17327959135, 1.3869683021, 0.98016169083, 1.529024184, 0.25134569519, 0.62299390773, 0.90232867582, 0.21656332627, 1.7937334537, 0.21939183366, 0.34198603001, 1.0960799148, 0.12046972708, 0.35866208239, 0.30924663308, 0.81699534965, 0.44159383098, 0.83000159413, 2.8904740808, 0.041544214661, 1.0074309649, 0.0039285458523, 0.63875251671, 0.88275449726]
    ],
    [
      [0.0026973292457, 0.00084070606883, 0.012825791394, 0.82186305505, 0.80092538313, 0.019892525716, 0.17436578276, 0.068949676202, 0.00014249886087, 0.26634002005, 0.52615653093, 0.036776468648, 1.0061752616, 0.041974793868, 0.030275940488, 0.004984929862, 0.77439813387, 0.31362020431, 1.1581188796, 2.3682276722, 0.99388105324, 0.70307797576, 1.610674207, 1.7267532225, 2.2663638268, 0.36579576801, 1.0695820689, 0.24869078212, 0.18639419323, 0.050060709919, 0.14940945191, 0.0060170609556, 0.032273227878, 0.099046815532, 0.067139725237, 0.047205962772, 0.039147144809, 0.07074100585, 0.047072853415, 0.019294805215, 0.23056478789, 0.23169682471, 0.70411036185, 0.042873131167, 0.012475570747, 0.93114623148, 0.0065501218834, 0.001175575327, 1.5603198927, 0.06737174163],
      [7.9545749775, 7.9954555834, 4.2540521488, 4.3332068431, 4.0333494297, 6.6846088374, 10.1804253578, 7.8028671243, 8.9991061479, 6.1715243208, 4.4848654918, 3.9242444148, 6.8954975907, 10.8213675118, 5.1861383067, 3.0168412786, 18.6620089355, 47.5876219237, 48.9931533234, 51.3501591484, 45.9391342004, 46.7873084226, 56.1815741753, 50.4880688876, 51.4400665763, 3.3260407766, 7.0057547094, 9.8286403373, 7.7859330847, 2.6120635455, 5.9048357877, 2.6815824101, 5.8514756886, 7.9498137638, 5.2746614759, 6.0843365123, 5.3226827067, 11.271812665, 4.4757599864, 5.0342614433, 7.8432886506, 8.8051026683, 6.4428185691, 2.9161964208, 10.0007159334, 5.9915057772, 2.9674274416, 6.0010728858, 8.8465062335, 3.7198832748],
      [0.017202859929, 0.0025064802087, 0.042680387131, 2.6105151526, 0.054691704576, 0.14873188878, 1.4599067954, 1.0150676539, 0.00072908343201, 0.64092841933, 0.52059006271, 0.89250758405, 0.11871687329, 0.088330616051, 1.6269526701, 1.878352466, 1.9228598784, 2.9221768585, 6.0104959694, 3.1123063717, 2.1009110277, 2.0748074445, 2.4424584343, 6.0667263527, 3.9618955656, 0.1493243404, 0.44025223994, 0.35112259349, 1.0127409748, 0.68180171027, 1.6437946807, 0.028803864791, 0.096049735273, 0.87830715452, 0.95241272809, 0.61386012853, 0.9398283289, 0.12111615139, 0.49372375901, 0.04798084711, 1.345327172, 0.32653537944, 0.89310097696, 0.30779675693, 2.9368573461, 1.95454747, 0.011712113415, 1.9869985591, 1.0134871057, 0.18723795179],
      [0.025524833338, 0.0011972302901, 0.69044167266, 0.23441494928, 0.11103348262, 0.14676674807, 0.185302064, 0.11311554562, 1.0000222698, 0.92120723985, 1.4683879146, 0.14647153246, 0.9796102744, 1.0483270783, 1.1566330828, 0.09982132555, 0.64073305229, 3.1765810135, 3.8382318276, 5.1693068077, 7.9660737187, 3.4348061571, 3.7652931833, 2.7184515372, 6.3316740314, 1.158839115, 3.4844109818, 1.5715462871, 1.0149317473, 0.65607403432, 1.3019600797, 1.2835966642, 1.0202013482, 1.0728322662, 1.7057860708, 2.2545973964, 1.6983418195, 0.5363301778, 0.98344340116, 0.89846290437, 0.58081938951, 2.6366651275, 0.95997009206, 0.73313369109, 1.0499511498, 0.12280052134, 0.014310323109, 0.010752979848, 1.5796867682, 2.0255070317]
    ],
    [
      [0.034386183022, 2.9967147396, 3.1793729653, 1.2222950799, 1.0345853954, 0.098040889938, 0.16163821865, 0.15867138575, 2.9988946476, 2.488886502, 2.5771100879, 3.6477237495, 0.99912274742, 1.1362953003, 1.1971420484, 0.2310585106, 0.51452898623, 0.19445169799, 1.5559103025, 1.1245565111, 2.001162124, 1.3923712436, 1.7788746669, 1.0197171453, 0.70900878973, 7.1053536316, 8.5459716586, 8.9856982846, 15.1300722813, 12.3284109924, 13.908048622, 10.0933131342, 11.7188886257, 2.7045678124, 2.3336742403, 1.2656892271, 0.66532793005, 1.1086242867, 1.0663289799, 1.1377491961, 0.31839018056, 2.3399065782, 2.322683215, 0.88086026916, 1.9706539539, 2.1256004087, 1.9760590885, 0.016979028121, 1.2210802023, 1.3070765119],
      [5.932049906, 7.0058790186, 2.9656883851, 2.9228465272, 3.5192099533, 3.6676195877, 4.5583299159, 4.9093910472, 4.9988203906, 4.7810488205, 4.1266036726, 5.6430906079, 1.0424211519, 5.8942205831, 2.9601743033, 3.2318244116, 4.2184280492, 1.0718415743, 2.6853095566, 1.3333575732, 6.9287219408, 4.8807972212, 2.716527519, 1.822114044, 1.8344146151, 24.5589359825, 25.9794671916, 26.3071040562, 29.3541552845, 27.1155166426, 31.0674130798, 20.931538777, 29.4904852381, 12.5152981718, 3.5883535676, 1.7790069863, 2.2720693561, 3.4851204627, 3.0834589742, 2.0384456193, 1.3464785046, 3.9512765068, 3.0175757645, 2.1640023374, 4.000721335, 5.0596478806, 2.0118876574, 3.9877441906, 4.3280698043, 1.8925818145],
      [0.078568298431, 4.9906690536, 2.7306374361, 3.7301509858, 1.3487167641, 0.17461135839, 3.5738921708, 1.9975882227, 1.0011488829, 2.9591987557, 0.191380945, 1.4174481799, 1.0379852069, 3.0171990463, 1.9925780914, 2.599675083, 2.8967490549, 1.9154770835, 1.9968582351, 2.2741128692, 1.9617298589, 1.0907936924, 1.4100907932, 2.5592730235, 2.2665584961, 17.7603283172, 17.8959160073, 15.0928344467, 11.262958651, 18.1048415803, 17.0663582962, 8.2566655508, 17.8410499606, 8.5354337374, 4.4490671683, 1.774496812, 2.73172581, 4.8576085913, 1.7882542298, 4.7195917111, 4.0851773042, 2.312401936, 4.2730328476, 4.4031858409, 5.0294223795, 5.7627717532, 2.9777093836, 3.0027324234, 0.03715718156, 5.5953521838],
      [1.9549956126, 0.0067371882179, 1.1243012135, 0.1247074071, 0.097487887199, 0.05972816402, 0.70613969467, 0.93434934433, 0.0011360788742, 1.7708659219, 0.10490529448, 0.29173746272, 0.92047089383, 1.9522850703, 1.8501055568, 0.93744199481, 1.3702939097, 0.81822964421, 0.76192190579, 0.26797304662, 0.10838607629, 0.63603784279, 0.094507020868, 0.59889578725, 0.190018099, 7.5753820687, 9.5786451425, 4.6143632124, 4.2528137832, 3.4512307847, 1.958180002, 9.718482538, 5.9495761756, 1.2447002784, 0.62890502377, 0.18080697456, 0.33087690378, 0.54864665932, 0.06195781618, 0.10421347352, 0.24995401069, 0.39641497895, 1.386708173, 0.55195155248, 0.9992023316, 1.0519799575, 0.034343870496, 0.99254435786, 0.41369281189, 0.20498948983]
    ],
    [
      [1.0046827001, 0.9993185166, 1.6032605942, 0.22766112522, 0.50090253757, 0.92383018298, 0.26404680671, 0.0087512966179, 0.00049929116643, 0.58985305192, 0.11248341283, 0.046133918354, 0.95544035968, 0.0089819398294, 1.1096765986, 0.024715605678, 0.42970647041, 1.0204601031, 1.1931704327, 1.1747640731, 0.025518389548, 1.3524188454, 0.93866024036, 0.86406225729, 0.61764976765, 0.028083189465, 0.095630506303, 0.2477000883, 0.070499914063, 0.3423902822, 0.83959204689, 0.4644781384, 0.087245360073, 2.5624611766, 3.5422275148, 2.69061174, 1.7483095784, 1.1468035529, 2.2329383435, 2.1172891164, 6.6422503162, 1.5010878846, 0.44267529379, 0.019032783956, 0.99230701098, 0.082955941698, 0.98499461939, 0.99399747427, 2.7555939526, 0.70390995534],
      [3.937390663, 1.0062887425, 2.0481526047, 2.7966262637, 2.9106797373, 1.9442739601, 0.3922384413, 0.056673772926, 2.0002289764, 5.4824400413, 4.6798728755, 1.8094983886, 5.1084849444, 2.9763327087, 5.1301903375, 1.981473285, 3.2323056596, 4.4018063555, 0.56797013977, 3.1356069192, 3.0144694475, 2.0517959594, 0.54909721953, 1.1656053285, 3.4349176729, 1.6666457415, 0.8401042858, 1.9803508333, 3.2148449832, 1.0285815831, 2.7117226028, 2.782410458, 2.177354661, 9.0726227289, 13.2985441585, 17.9351655928, 17.8041562986, 13.4060713221, 18.7868339829, 20.5282980808, 9.8154642696, 13.9494803619, 2.7597173006, 0.59288605509, 1.9788300939, 1.923725313, 2.045710608, 2.0046243703, 3.7978247992, 0.50740951028],
      [0.057440844121, 0.99727085073, 1.5034158148, 2.2060621311, 3.6499803982, 1.0649010745, 1.2739230577, 0.13419178891, 0.99972011231, 1.1280185698, 1.1162945132, 0.24451248441, 1.9476921799, 2.908001084, 1.2207745674, 0.21180080257, 0.39340852845, 0.33903973246, 1.7099864322, 1.9779761981, 1.9239951508, 1.7455652425, 1.6683985179, 3.5859075492, 0.93645874297, 1.9319765835, 0.83498977765, 2.0790305958, 0.12123260807, 0.86263279693, 1.5277603515, 1.1396206281, 2.6488758626, 4.7016917199, 10.0802612708, 11.466855721, 9.3768758498, 8.1749060384, 7.435187685, 10.4347224878, 10.5853464863, 5.7137120309, 0.83286987665, 0.1537556644, 1.0067151022, 0.056345316809, 1.0146572616, 2.9892685858, 1.194649864, 1.8355868053],
      [3.0004857928, 2.9971218902, 4.8451709863, 2.76965048, 2.9384373269, 2.0669947825, 0.069791694342, 1.8003831415, 1.9995516201, 1.799688337, 3.0913491984, 1.8998552086, 2.9883825161, 1.1066842675, 3.5393584965, 2.7820103068, 1.9445793416, 4.238693809, 4.5288729953, 5.7116528096, 6.0360170122, 5.8502199527, 2.8438440222, 2.384424865, 4.0109738165, 3.3732944856, 3.2292754302, 3.6929184826, 5.5934224947, 1.7663953378, 4.9209249988, 3.6134907754, 5.0865241163, 26.6632243746, 35.0789670559, 29.9073669462, 36.0706582733, 32.2722190867, 40.5450399886, 27.9196903151, 30.9569389279, 16.8357197225, 4.9647375289, 1.2343254966, 2.022147793, 5.9369734285, 4.954637511, 3.0121095697, 4.2519313843, 6.9530937291]
    ],
    [
      [3.0203772696, 2.0035488341, 3.566659058, 4.8082829592, 1.5866350557, 2.278697814, 4.2225419113, 0.2675475226, 2.999004471, 2.578362694, 1.9309426407, 2.6744105487, 3.9538169067, 1.9886346554, 2.5358190812, 1.7699670285, 1.6726542947, 2.7297410557, 1.6045152401, 1.5774719172, 2.0632108682, 2.6207772107, 2.2880425956, 1.5066710777, 1.4303279576, 4.2302533632, 2.3860726812, 3.6634776515, 0.39608718195, 1.4904937146, 2.2919141854, 5.6334015422, 2.0119318152, 1.6944924768, 2.2149981638, 2.1717662894, 1.7985192625, 1.6233271647, 1.4701691572, 2.5830644107, 3.5654801495, 4.1024839564, 18.0274384309, 13.6167544732, 10.9094744159, 14.8862374192, 16.9467486635, 6.9836575428, 13.4838521854, 12.0753916767],
      [1.9889564277, 1.005324461, 1.8285082884, 4.3103690796, 3.2923400176, 1.0812164197, 1.0860835951, 0.14747728609, 1.0002018648, 1.6930315433, 0.67736786898, 0.22755658172, 1.0578771834, 1.0003456545, 3.1029125536, 0.28224194675, 0.259563022, 0.40055360998, 0.06904156884, 0.76914695743, 0.096449594194, 0.78390153556, 0.29096202236, 0.49596056938, 1.5217789095, 2.1975553389, 0.44687749831, 1.7735988335, 0.9775748452, 1.1089647705, 0.60825435312, 0.99966301484, 1.7874787138, 0.48339165284, 0.74737228315, 0.5451643902, 0.67372559697, 0.34775755281, 0.56278799787, 1.1841327572, 2.3950950688, 2.6311621205, 4.1428284548, 6.5218329034, 3.8955936863, 4.0525557494, 1.1503376184, 7.0039168548, 7.6317718826, 4.5402929302],
