{
  "X": [
    [10, 12, 50, 28],
    [11, 13, 56, 20],
    [14, 15, 48, 23],
    [7, 12, 48, 33],
    [10, 10, 52, 28],
    [8, 10, 52, 30],
    [8, 11, 52, 29],
    [11, 20, 50, 19],
    [22, 31, 29, 18],
    [28, 23, 24, 25],
    [29, 22, 25, 24],
    [25, 27, 25, 23],
    [30, 33, 15, 22],
    [20, 24, 22, 34],
    [32, 25, 18, 25],
    [25, 27, 26, 22],
    [25, 26, 18, 31],
    [14, 37, 40, 9],
    [9, 31, 49, 11],
    [16, 32, 39, 13],
    [17, 28, 44, 11],
    [18, 31, 47, 4],
    [16, 27, 46, 11],
    [19, 30, 39, 12],
    [13, 34, 38, 15],
    [16, 37, 13, 34],
    [20, 33, 22, 25],
    [17, 39, 19, 25],
    [5, 43, 19, 33],
    [11, 38, 26, 25],
    [14, 27, 17, 42],
    [10, 34, 25, 31],
    [13, 31, 20, 36],
    [10, 40, 31, 19],
    [11, 34, 35, 20],
    [12, 42, 33, 13],
    [16, 37, 36, 11],
    [6, 44, 35, 15],
    [13, 35, 34, 18],
    [11, 30, 37, 22],
    [11, 38, 38, 13],
    [16, 35, 34, 15],
    [15, 22, 38, 25],
    [16, 25, 34, 25],
    [15, 21, 46, 18],
    [18, 20, 48, 14],
    [19, 24, 34, 23],
    [21, 24, 42, 13],
    [19, 24, 40, 17],
    [19, 28, 37, 16]
  ],
  "W": [
    [62, 4, 9, 7, 14, 4],
    [61, 5, 6, 7, 10, 11],
    [56, 9, 11, 8, 5, 11],
    [58, 6, 6, 12, 10, 8],
    [54, 8, 8, 8, 8, 14],
    [65, 9, 12, 6, 1, 7],
    [65, 7, 14, 6, 4, 4],
    [61, 5, 12, 8, 9, 5],
    [24, 44, 10, 12, 7, 3],
    [12, 59, 8, 8, 6, 7],
    [9, 54, 11, 6, 9, 11],
    [10, 60, 10, 6, 6, 8],
    [4, 63, 13, 8, 3, 9],
    [8, 63, 10, 8, 4, 7],
    [5, 53, 9, 6, 17, 10],
    [15, 46, 10, 9, 6, 14],
    [10, 49, 23, 6, 4, 8],
    [10, 6, 49, 9, 14, 12],
    [4, 5, 66, 6, 12, 7],
    [9, 11, 57, 9, 7, 7],
    [8, 13, 54, 6, 13, 6],
    [6, 7, 63, 6, 7, 11],
    [6, 14, 52, 6, 9, 13],
    [10, 12, 50, 7, 11, 10],
    [8, 11, 62, 5, 5, 9],
    [5, 13, 6, 62, 4, 10],
    [7, 9, 7, 60, 10, 7],
    [3, 3, 11, 69, 7, 7],
    [6, 7, 6, 61, 10, 10],
    [8, 8, 10, 57, 9, 8],
    [6, 12, 6, 66, 5, 5],
    [7, 5, 7, 62, 6, 13],
    [11, 9, 4, 61, 5, 10],
    [11, 12, 6, 25, 40, 6],
    [10, 10, 5, 13, 57, 5],
    [5, 6, 9, 10, 64, 6],
    [5, 10, 8, 3, 62, 12],
    [10, 9, 16, 9, 52, 4],
    [9, 10, 5, 3, 64, 9],
    [11, 5, 8, 13, 55, 8],
    [9, 5, 6, 10, 59, 11],
    [13, 10, 4, 5, 43, 25],
    [5, 10, 9, 6, 14, 56],
    [11, 9, 7, 5, 9, 59],
    [5, 7, 14, 8, 9, 57],
    [8, 8, 6, 10, 12, 56],
    [3, 6, 10, 10, 15, 56],
    [12, 9, 8, 4, 4, 63],
    [6, 7, 11, 8, 8, 60],
    [8, 12, 9, 8, 9, 54]
  ],
  "method": "mcmc",
  "mcmc_stepsize": 3000,
  "mcmc_samples": 1000,
  "burn_in": 10000,
  "cond_prob": [
    [
      [0.071854355572, 0.023706333981, 0.57534491451, 0.32909439594],
      [0.27633088223, 0.17026883103, 0.3114887975, 0.24191148925],
      [0.1502503808, 0.3130277138, 0.50738405422, 0.029337851184],
      [0.22187148296, 0.32127784846, 0.10929274404, 0.34755792454],
      [0.085026887658, 0.27004025702, 0.4268212552, 0.21811160012],
      [0.085994047638, 0.25059350186, 0.44391421029, 0.21949824021]
    ],
    [
      [0.074713383598, 0.024759311138, 0.67273759556, 0.22778970971],
      [0.19412962661, 0.39613002474, 0.2086336867, 0.20110666196],
      [0.24069426898, 0.26489423411, 0.48642290848, 0.0079885884288],
      [0.2797595649, 0.56141053054, 0.00843208884, 0.15039781572],
      [0.101436202, 0.25006315134, 0.39906215348, 0.24943849318],
      [0.09590826175, 0.13537829683, 0.63196860272, 0.1367448387]
    ],
    [
      [0.10559115122, 0.052780791954, 0.60890631255, 0.23272174428],
      [0.22102348697, 0.0085244683874, 0.22237236394, 0.5480796807],
      [0.18326910366, 0.54111622792, 0.27491843205, 0.00069623636513],
      [0.25501496645, 0.37188550576, 0.0032613944411, 0.36983813335],
      [0.0031499758461, 0.3996096742, 0.3972417062, 0.19999864375],
      [0.18416858164, 0.094740410077, 0.62395388934, 0.097137118938]
    ],
    [
      [0.042696808981, 0.032139864387, 0.61166356127, 0.31349976536],
      [0.13639120426, 0.26515285842, 0.17495072152, 0.4235052158],
      [0.014768353998, 0.39391239874, 0.58051751441, 0.010801732848],
      [0.22431607782, 0.19681663497, 0.081345165718, 0.49752212149],
      [0.017222624868, 0.35736183302, 0.2833116546, 0.34210388751],
      [0.094076068386, 0.030759796587, 0.52268068702, 0.35248344801]
    ],
    [
      [0.056206381627, 0.0054366685678, 0.63847347498, 0.29988347483],
      [0.45101868117, 0.16187761779, 0.040478283649, 0.3466254174],
      [0.0094207082494, 0.080041978209, 0.9041035407, 0.006433772838],
      [0.18505299005, 0.36614325033, 0.032991538822, 0.4158122208],
      [0.0055128546137, 0.38727025689, 0.23339078079, 0.3738261077],
      [0.12548667997, 0.12455393368, 0.55962279995, 0.19033658639]
    ],
    [
      [0.041866791179, 0.029895712037, 0.61647265198, 0.3117648448],
      [0.27243196614, 0.12048116867, 0.15242593583, 0.45466092937],
      [0.089716373651, 0.34962046087, 0.50444273155, 0.056220433932],
      [0.07896733193, 0.31389436462, 0.12755387239, 0.47958443106],
      [0.09844368358, 0.079833596185, 0.54899455429, 0.27272816595],
      [0.16827524559, 0.11625755504, 0.45568766163, 0.25977953773]
    ],
    [
      [0.057432943446, 0.011338134297, 0.62046151172, 0.31076741053],
      [0.38165919709, 0.19995306904, 0.091196174625, 0.32719155924],
      [0.060747852765, 0.39362887135, 0.50773305225, 0.037890223632],
      [0.085253392857, 0.36608657335, 0.076736624555, 0.47192340924],
      [0.022476913531, 0.093617800554, 0.40584991299, 0.47805537292],
      [0.035836586599, 0.19538873653, 0.45988659619, 0.30888808068]
    ],
    [
      [0.11865139714, 0.038225659893, 0.62987700872, 0.21324593425],
      [0.1441678693, 0.35065636063, 0.14862506444, 0.35655070562],
      [0.08673613126, 0.55170172964, 0.32665912699, 0.034903012118],
      [0.033194441044, 0.66161700701, 0.056075644256, 0.24911290769],
      [0.12796481862, 0.26953554464, 0.50794837823, 0.094551258515],
      [0.1166705914, 0.31515524598, 0.37886541278, 0.18930874983]
    ],
    [
      [0.16661785663, 0.082899130408, 0.58345584575, 0.16702716721],
      [0.31806747221, 0.31828406126, 0.15911002927, 0.20453843726],
      [0.0007233114535, 0.69884583316, 0.29976304979, 0.00066780559893],
      [0.33262626075, 0.41754959214, 0.16648842895, 0.083335718156],
      [0.00011733835831, 0.42756952972, 0.2865473574, 0.28576577452],
      [0.0022110171907, 0.00462734313, 0.33163175568, 0.661529884]
    ],
    [
      [0.084336576878, 8.0535048295e-05, 0.77389953745, 0.14168335062],
      [0.36671311437, 0.22049576199, 0.10770573891, 0.30508538473],
      [0.083188205418, 0.58056988864, 0.33480854635, 0.0014333595922],
      [0.33384006141, 0.37573723402, 0.0029271169721, 0.2874955876],
      [0.22423993629, 0.16921785514, 0.38605349422, 0.22048871435],
      [0.095745939593, 0.18914564427, 0.47719438331, 0.23791403283]
    ],
    [
      [0.0088857920237, 0.0054095332823, 0.69498502798, 0.29071964672],
      [0.4089158226, 0.17195235358, 0.14029371045, 0.27883811338],
      [0.15044503995, 0.51767057844, 0.18543026543, 0.14645411617],
      [0.49033094327, 0.43064573699, 0.0022556597245, 0.076767660015],
      [0.022653882423, 0.21635219399, 0.44852587732, 0.31246804627],
      [0.18525521914, 0.22186059788, 0.46175223728, 0.13113194569]
    ],
    [
      [0.0016059552457, 0.00010000951638, 0.79810679846, 0.20018723677],
      [0.33931612894, 0.30316463964, 0.12057637153, 0.23694285989],
      [0.17880825234, 0.52032790981, 0.30009995866, 0.00076387918766],
      [0.10520256843, 0.26435584074, 0.0014869696369, 0.62895462119],
      [0.33167166368, 0.16833520429, 0.33335668124, 0.16663645079],
      [0.02695559935, 0.12621201975, 0.59678602899, 0.25004635191]
    ],
    [
      [0.2302172586, 0.0078007942139, 0.47295962187, 0.28902232532],
      [0.33992599271, 0.30354212549, 0.080606185972, 0.27592569583],
      [0.14766887401, 0.53381107361, 0.30797101968, 0.010549032699],
      [0.35091500207, 0.47597189733, 0.11534385428, 0.057769246318],
      [0.01633164445, 0.34569421534, 0.59713918607, 0.040834954149],
      [0.3208647903, 0.22902679289, 0.14579779422, 0.30431062259]
    ],
    [
      [0.1595866353, 0.0017478198153, 0.54816872343, 0.29049682146],
      [0.25726812063, 0.22592360983, 0.12414696069, 0.39266130886],
      [0.082570603432, 0.43656060511, 0.47422866996, 0.0066401215026],
      [0.14537661551, 0.37276671182, 0.03158575194, 0.45027092073],
      [0.10374731256, 0.21969484387, 0.36235334134, 0.31420450223],
      [0.015958158513, 0.21804441448, 0.4784293727, 0.28756805431]
    ],
    [
      [0.0071291090649, 0.19512065745, 0.20416840886, 0.59358182463],
      [0.43419012191, 0.20676343987, 0.094225020116, 0.26482141811],
      [0.1115449458, 0.65921351064, 0.22676088482, 0.0024806587421],
      [0.33140604263, 0.33430040095, 0.00259855812, 0.3316949983],
      [0.11710565088, 0.23990995396, 0.40806116004, 0.23492323512],
      [0.39691411607, 0.10487411811, 0.29917528567, 0.19903648015]
    ],
    [
      [0.13326142911, 7.4419853966e-05, 0.79977864643, 0.066885504604],
      [0.43465452861, 0.239227289, 0.043578151062, 0.28254003133],
      [0.20000588413, 0.59989725354, 0.20005112211, 4.5740217552e-05],
      [0.00045281156678, 0.55521135176, 0.00011879000673, 0.44421704666],
      [0.00016563688253, 0.33320422835, 0.4997967478, 0.16683338697],
      [0.07156016289, 0.21423773835, 0.49988318119, 0.21431891756]
    ],
    [
      [0.09740099487, 0.007100131205, 0.59102955068, 0.30446932324],
      [0.42373971328, 0.14460537256, 0.042523761288, 0.38913115287],
      [0.089987954244, 0.68953095396, 0.17808156823, 0.042399523573],
      [0.17810318255, 0.32131878562, 0.0013758881174, 0.49920214371],
      [0.011115222944, 0.25970340112, 0.48880745639, 0.24037391954],
      [0.009992645725, 0.0021746466307, 0.49333487083, 0.49449783682]
    ],
    [
      [0.080504065184, 0.10929306366, 0.65354278939, 0.15666008176],
      [0.38965777411, 0.25897549182, 0.15086255675, 0.20050417732],
      [0.11132369549, 0.45441071121, 0.40847636693, 0.025789226374],
      [0.17882982359, 0.54478926925, 0.033169576391, 0.24321133077],
      [0.036862042055, 0.33892619199, 0.52169190676, 0.1025198592],
      [0.27305121863, 0.20325178768, 0.41182015865, 0.11187683503]
    ],
    [
      [0.15228244526, 0.025857003871, 0.6017079271, 0.22015262377],
      [0.23270182147, 0.090390773759, 0.14876218668, 0.52814521809],
      [0.064110620988, 0.34345159346, 0.56052021385, 0.031917571703],
      [0.10479904462, 0.48614726789, 0.073290187821, 0.33576349968],
      [0.02113539316, 0.32771440549, 0.48541198612, 0.16573821523],
      [0.3019487344, 0.13247949635, 0.37004832622, 0.19552344304]
    ],
    [
      [0.11133227263, 0.00017469763722, 0.66323445657, 0.22525857316],
      [0.4476851735, 0.17592695671, 0.093025780636, 0.28336208915],
      [0.089332182165, 0.40564710147, 0.47051881935, 0.034501897016],
      [0.22047496306, 0.54719278362, 0.0075883739932, 0.22474387933],
      [0.0029791094745, 0.14123883552, 0.31146220429, 0.54431985071],
      [0.42520140294, 0.1468485018, 0.41992897211, 0.0080211231464]
    ],
    [
      [0.10655933212, 0.068851177996, 0.54266031314, 0.28192917675],
      [0.46352491483, 0.14410084972, 0.16311852573, 0.22925570973],
      [0.12654403151, 0.35533695763, 0.49430876362, 0.023810247239],
      [0.33197729911, 0.31810601472, 0.14258132746, 0.20733535871],
      [0.02671843983, 0.25909951014, 0.54598371314, 0.16819833689],
      [0.15818670609, 0.18512568293, 0.48203786486, 0.17464974613]
    ],
    [
      [0.22682720964, 0.043214777286, 0.56072203076, 0.16923598232],
      [0.51840959086, 0.19282292366, 0.1742034017, 0.11456408378],
      [0.11691909901, 0.36526738521, 0.50531153251, 0.012501983271],
      [0.41692611151, 0.34895904003, 0.14173365322, 0.092381195242],
      [0.081592413034, 0.29243799325, 0.59851292163, 0.027456672094],
      [0.23377843712, 0.20348049175, 0.50378409864, 0.058956972493]
    ],
    [
      [0.11011780033, 0.069151891554, 0.55476363147, 0.26596667665],
      [0.32549508323, 0.24795623209, 0.15244924404, 0.27409944064],
      [0.10812239931, 0.31356783754, 0.54997057617, 0.028339186984],
      [0.32545488472, 0.3350307547, 0.18721729472, 0.15229706587],
      [0.13985450308, 0.27265038915, 0.47466759305, 0.11282751472],
      [0.14989057173, 0.18031813992, 0.50333436371, 0.16645692464]
    ],
    [
      [0.193258093, 0.003814117562, 0.4250439299, 0.37788385953],
      [0.27877921956, 0.17107017555, 0.16237366024, 0.38777694465],
      [0.17141207232, 0.40063562261, 0.40662911855, 0.021323186516],
      [0.41049881232, 0.42525128431, 0.14533877116, 0.018911132212],
      [0.015493721069, 0.42135208529, 0.53629061351, 0.026863580131],
      [0.21075422012, 0.026560365886, 0.55530527038, 0.20738014361]
    ],
    [
      [0.10872623, 0.0048764264675, 0.58286886928, 0.30352847426],
      [0.21624396199, 0.18242042994, 0.017951538771, 0.58338406929],
      [0.12186980117, 0.43642675577, 0.42920740965, 0.012496033408],
      [0.20268635364, 0.29612639055, 0.1819198585, 0.31926739731],
      [0.014594901878, 0.48280967937, 0.16275751067, 0.33983790808],
      [0.12324140314, 0.11124718348, 0.53392620833, 0.23158520505]
    ],
    [
      [0.19159789557, 0.068573263622, 0.53544143418, 0.20438740662],
      [0.16687198771, 0.28161143788, 0.063698693981, 0.48781788043],
      [0.036647499601, 0.36674456847, 0.58663855984, 0.009969372088],
      [0.19404349494, 0.4173964934, 0.026924252369, 0.36163575929],
      [0.015572568059, 0.47203607284, 0.24349226385, 0.26889909525],
      [0.05598027258, 0.30289906963, 0.3331605746, 0.30796008319]
    ],
    [
      [0.14266936589, 0.0049330689008, 0.6961228908, 0.15627467441],
      [0.22930046122, 0.19394699634, 0.17411776539, 0.40263477705],
      [0.086846486665, 0.34042507284, 0.52910893938, 0.043619501109],
      [0.26643162534, 0.39044953209, 0.056944150717, 0.28617469186],
      [0.015584845694, 0.31970320087, 0.55113578148, 0.11357617196],
      [0.026848414853, 0.31613801527, 0.41833006319, 0.23868350668]
    ],
    [
      [0.061012354298, 0.0023960987538, 0.5540822777, 0.38250926925],
      [0.34266577431, 0.26852837359, 0.2863924827, 0.1024133694],
      [0.045070687116, 0.37995865681, 0.5492641432, 0.025706512872],
      [0.21798521057, 0.44544998766, 0.069842700887, 0.26672210088],
      [0.0069513874173, 0.33070770486, 0.23593472296, 0.42640618476],
      [0.029078402087, 0.13666832504, 0.56656867452, 0.26768459835]
    ],
    [
      [0.00056174417529, 0.00058239410737, 0.82460491689, 0.17425094482],
      [0.28180685621, 0.14674442272, 0.14413422144, 0.42731449963],
      [0.001971367547, 0.33090963333, 0.66676347239, 0.00035552673606],
      [0.049131030435, 0.55664238832, 0.018028331558, 0.37619824968],
      [0.00037663519363, 0.30087399789, 0.39673309872, 0.3020162682],
      [0.0011394127778, 0.30199112097, 0.3975790902, 0.29929037605]
    ],
    [
      [1.708896801e-05, 1.8982671434e-05, 0.87486067476, 0.1251032536],
      [0.12506584962, 0.37495135431, 0.25002728755, 0.24995550853],
      [8.0143921898e-05, 0.29992218444, 0.69995360124, 4.4070403333e-05],
      [0.17540408243, 0.47371599782, 0.03510396432, 0.31577595544],
      [3.9261100791e-05, 0.22224945047, 0.55549606196, 0.22221522648],
      [1.862546248e-05, 0.37486981627, 0.37512122066, 0.24999033761]
    ],
    [
      [0.040868642208, 0.0039265419868, 0.55792989096, 0.39727492485],
      [0.39714865115, 0.059166422313, 0.1187733741, 0.42491155244],
      [0.12547988009, 0.35055355585, 0.39757317948, 0.12639338457],
      [0.121739666, 0.35023114846, 0.074327227189, 0.45370195835],
      [0.0056297009508, 0.13543927446, 0.37433706903, 0.48459395556],
      [0.034631718376, 0.074134034911, 0.6128837497, 0.27835049701]
    ],
    [
      [0.00092491825247, 0.00091460392156, 0.84238829358, 0.15577218424],
      [0.20840227889, 0.0099583736421, 0.38195766724, 0.39968168022],
      [0.012766505757, 0.26712151047, 0.71337639955, 0.0067355842146],
      [0.1419717934, 0.43950737629, 0.077533611296, 0.34098721902],
      [0.0081775772907, 0.18155934972, 0.62907248622, 0.18119058676],
      [0.00083322947049, 0.28731860791, 0.27833384571, 0.43351431691]
    ],
    [
      [0.0014503371637, 0.00032230760177, 0.72261093098, 0.27561642426],
      [0.113394591, 0.11397745495, 0.22173419624, 0.5508937578],
      [0.0027165116112, 0.24716480927, 0.7469333117, 0.0031853674181],
      [0.19537916329, 0.37783089253, 0.033251465717, 0.39353847847],
      [0.0031425536183, 0.39806988688, 0.39802339632, 0.20076416318],
      [0.0018787197142, 0.39439644063, 0.3049482356, 0.29877660406]
    ],
    [
      [0.088158396012, 0.0049941740557, 0.75024836599, 0.15659906394],
      [0.13904054351, 0.28318194908, 0.14586169586, 0.43191581156],
      [0.0031492703348, 0.33966877809, 0.5918479781, 0.065333973478],
      [0.19342504601, 0.62192929485, 0.031894908757, 0.15275075038],
      [0.037435021826, 0.41582167541, 0.38058334555, 0.16615995721],
      [0.16830807941, 0.38796144002, 0.23752220238, 0.2062082782]
    ],
    [
      [0.017723012704, 0.090325887945, 0.59889423853, 0.29305686082],
      [0.45322252394, 0.11574162195, 0.1246271826, 0.30640867151],
      [0.012842391139, 0.56978615201, 0.22431546272, 0.19305599413],
      [0.23066520663, 0.64967083444, 0.018393166342, 0.1012707926],
      [0.054524483705, 0.35810537957, 0.3976786943, 0.18969144242],
      [0.023957884106, 0.046533331519, 0.74728234746, 0.18222643692]
    ],
    [
      [0.14242433305, 0.048559504354, 0.60901054605, 0.20000561654],
      [0.38952259874, 0.32194467462, 0.20643538804, 0.082097338598],
      [0.20418156496, 0.4339066098, 0.35817289347, 0.00373893176],
      [0.27331143718, 0.57826857507, 0.034448675627, 0.11397131213],
      [0.053833171703, 0.45196611461, 0.35795211312, 0.13624860056],
      [0.15577854948, 0.20197630939, 0.37322615068, 0.26901899045]
    ],
    [
      [0.13938128315, 0.061025979091, 0.64962741919, 0.14996531856],
      [0.41503265844, 0.3227042921, 0.12907779396, 0.1331852555],
      [0.12152295571, 0.43055705283, 0.38526635126, 0.062653640206],
      [0.39197147509, 0.2306461687, 0.13893057002, 0.23845178619],
      [0.087834073493, 0.41363966043, 0.39130950386, 0.10721676222],
      [0.2965796977, 0.30714777568, 0.30841443377, 0.087858092858]
    ],
    [
      [0.062360963682, 0.077665234063, 0.63093663944, 0.22903716282],
      [0.18281018658, 0.36625323706, 0.27109008999, 0.17984648636],
      [0.034995543423, 0.52665047232, 0.37938448547, 0.058969498791],
      [0.076758685406, 0.42988305994, 0.11943100636, 0.3739272483],
      [0.032147274009, 0.50912109861, 0.33869121421, 0.12004041317],
      [0.20217089302, 0.28935407542, 0.37346220799, 0.13501282357]
    ],
    [
      [0.1200040907, 0.023265205266, 0.52377833661, 0.33295236743],
      [0.40627663112, 0.31181359337, 0.20556544537, 0.076344330136],
      [0.063234000414, 0.42889733212, 0.49765352654, 0.010215140925],
      [0.38534833208, 0.50110873054, 0.021762163036, 0.091780774347],
      [0.092824370689, 0.40291293455, 0.32918693745, 0.17507575731],
      [0.049358016679, 0.24869295064, 0.40098026646, 0.30096876623]
    ],
    [
      [0.060222607232, 0.0036683118296, 0.52204716034, 0.4140619206],
      [0.2142315104, 0.20332833455, 0.3250619281, 0.25737822695],
      [0.081206586692, 0.17205911699, 0.66660873359, 0.080125562729],
      [0.2420632385, 0.3788887971, 0.052726689059, 0.32632127534],
      [0.064054182881, 0.36369827712, 0.40951609798, 0.16273144201],
      [0.24336736449, 0.32969679465, 0.13630867252, 0.29062716833]
    ],
    [
      [0.11366706839, 0.0069033032628, 0.74911899206, 0.13031063628],
      [0.69988724154, 0.24246697568, 0.048242652546, 0.0094031302295],
      [0.030383363294, 0.44594512299, 0.52303554547, 0.00063596824439],
      [0.24111666821, 0.54992477317, 0.15808549131, 0.050873067315],
      [0.02032424931, 0.44102582632, 0.36805469644, 0.17059522793],
      [0.2440875096, 0.23000846997, 0.41658368479, 0.10932033564]
    ],
    [
      [0.077421640195, 0.00080662165483, 0.68635173379, 0.23542000436],
      [0.79257018815, 0.19961395109, 0.0021627895791, 0.0056530711859],
      [0.0025202690759, 0.74428621528, 0.24985582712, 0.0033376885313],
      [0.2050507564, 0.78652547872, 0.0041581688769, 0.0042655959957],
      [0.0011757257308, 0.51168209622, 0.30346844487, 0.18367373319],
      [0.23927702925, 0.16325088062, 0.43945769131, 0.15801439881]
    ],
    [
      [0.10159446662, 0.016708085361, 0.29114492208, 0.59055252593],
      [0.31884050774, 0.21086837325, 0.10804151355, 0.36224960546],
      [0.044151191282, 0.51912549395, 0.33110698227, 0.1056163325],
      [0.36297036211, 0.38791419311, 0.095295922337, 0.15381952245],
      [0.055054484634, 0.2216498903, 0.35354259571, 0.36975302936],
      [0.1421013734, 0.17330469236, 0.48147367035, 0.20312026388]
    ],
    [
      [0.11270552787, 0.014944939083, 0.59556442232, 0.27678511073],
      [0.3487669871, 0.38834381562, 0.078007198203, 0.18488199908],
      [0.044753251126, 0.59602433655, 0.20315469987, 0.15606771246],
      [0.22649241472, 0.34183209826, 0.085183426687, 0.34649206033],
      [0.11771288365, 0.35728766358, 0.23797279669, 0.28702665608],
      [0.15451161907, 0.20751850017, 0.38571137912, 0.25225850164]
    ],
    [
      [0.15145144422, 0.1010612236, 0.61278850628, 0.13469882589],
      [0.21506293902, 0.25297483569, 0.30544370909, 0.2265185162],
      [0.162442564, 0.41595676824, 0.41501996478, 0.0065807029772],
      [0.20731007334, 0.41847379138, 0.10582341559, 0.26839271969],
      [0.093806929131, 0.15403467019, 0.46305777472, 0.28910062596],
      [0.13965549756, 0.14326970025, 0.5258520123, 0.1912227899]
    ],
    [
      [0.10141787701, 0.0030483785004, 0.498480232, 0.39705351249],
      [0.31635123111, 0.14153414675, 0.24729297796, 0.29482164417],
      [0.17635886696, 0.52874628479, 0.23765132337, 0.057243524885],
      [0.22656187952, 0.5048953706, 0.24174604149, 0.026796708384],
      [0.071296545654, 0.27897292971, 0.54571992643, 0.1040105982],
      [0.18711636768, 0.12989702191, 0.56503226514, 0.11795434527]
    ],
    [
      [0.22652529904, 0.1460190415, 0.43241536862, 0.19504029085],
      [0.38830578936, 0.1468569349, 0.12015995468, 0.34467732106],
      [0.14175933915, 0.57836913738, 0.24204962784, 0.037821895644],
      [0.25378460182, 0.28173784211, 0.073085342124, 0.39139221395],
      [0.071107273427, 0.26591209205, 0.48364929629, 0.17933133823],
      [0.19586680099, 0.18019732305, 0.38528044682, 0.23865542914]
    ],
    [
      [0.12705478865, 0.043002050536, 0.66300947743, 0.16693368339],
      [0.54685937091, 0.38726429112, 0.060855923575, 0.0050204143989],
      [0.064086874095, 0.79886855442, 0.13363738275, 0.0034071887343],
      [0.25279903828, 0.61365800982, 0.0026527371376, 0.13089021476],
      [0.00098986023012, 0.25944486032, 0.49276743799, 0.24679784146],
      [0.20675805732, 0.1605593152, 0.48326036819, 0.14942225929]
    ],
    [
      [0.15619397832, 0.036669074411, 0.5043982923, 0.30273865496],
      [0.32892619827, 0.27860446222, 0.18230665818, 0.21016268133],
      [0.10580014225, 0.52955748009, 0.31194422463, 0.052698153025],
      [0.24288653837, 0.5483043188, 0.053343993885, 0.15546514895],
      [0.14932268425, 0.23513796974, 0.40184410287, 0.21369524314],
      [0.19098128994, 0.16228472881, 0.47707620657, 0.16965777468]
    ],
    [
      [0.29161382648, 0.058718250403, 0.41194284722, 0.2377250759],
      [0.51023712051, 0.29839665891, 0.10666908121, 0.084697139371],
      [0.15818940361, 0.51149619694, 0.29581393719, 0.034500462266],
      [0.23026735344, 0.54883209841, 0.028011568697, 0.19288897945],
      [0.049131027121, 0.21478919863, 0.46224733751, 0.27383243673],
      [0.12659668959, 0.24115312486, 0.46995896714, 0.1622912184]
    ]
  ],
  "expected_outcome": [
    [
      [4.4549700455, 4.5575163995, 5.9131044681, 2.4764149209, 3.0351446078, 2.7213414266, 3.733141324, 7.2377352255, 3.9988285591, 1.0120389225, 0.079972128213, 0.016059552457, 0.92086903439, 1.2766930824, 0.035645545325, 1.9989214367, 0.9740099487, 0.80504065184, 0.60912978103, 1.0019904536, 0.85247465692, 1.3609632578, 0.66070680199, 1.93258093, 0.86980983996, 0.95798947787, 0.99868556121, 0.1830370629, 0.0033704650517, 0.00013671174408, 0.24521185325, 0.0064744277673, 0.0159537088, 0.96974235613, 0.17723012704, 0.71212166526, 0.69690641577, 0.62360963682, 1.0800368163, 0.66244867955, 1.0230036156, 1.0064813225, 0.50797233311, 1.2397608066, 0.75725722109, 0.81134301608, 0.67957589711, 1.5246574638, 0.93716386995, 2.3329106118],
      [1.4697927068, 1.5103179794, 2.9557243494, 1.8641121345, 0.29358010266, 1.9432212824, 0.73697872932, 2.3317652534, 1.9895791298, 0.00096642057954, 0.048685799541, 0.0010000951638, 0.031203176856, 0.013982558523, 0.97560328724, 0.0011162978095, 0.07100131205, 1.0929306366, 0.10342801548, 0.001572278735, 0.55080942397, 0.25928866372, 0.41491134932, 0.03814117562, 0.03901141174, 0.34286631811, 0.034531482306, 0.0071882962614, 0.0034943646442, 0.00015186137147, 0.023559251921, 0.0064022274509, 0.0035453836195, 0.054935914613, 0.90325887945, 0.24279752177, 0.30512989546, 0.77665234063, 0.2093868474, 0.040351430125, 0.062129729365, 0.010486081513, 0.083540426803, 0.16439432992, 0.50530611802, 0.024387028003, 0.43805712449, 0.51602460643, 0.22001444647, 0.46974600323],
      [35.6713846997, 41.036993329, 34.0987535027, 35.4764865536, 34.4775676489, 40.0707223789, 40.3299982621, 38.4224975319, 14.0029402979, 9.2867944494, 6.2548652518, 7.9810679846, 1.8918384875, 4.3853497875, 1.0208420443, 11.9966796965, 5.9102955068, 6.5354278939, 2.4068317084, 5.9691101091, 4.3412825051, 3.3643321845, 3.3285817888, 4.250439299, 4.6629509542, 2.6772071709, 4.8728602356, 1.6622468331, 4.9476295014, 6.9988853981, 3.3475793458, 5.8967180551, 7.9487202408, 8.2527320259, 5.9889423853, 3.0450527303, 3.248137096, 6.3093663944, 4.7140050295, 5.7425187637, 6.7420709286, 8.9225725393, 1.4557246104, 6.5512086455, 3.0639425314, 3.987841856, 1.2972461059, 7.9561137292, 3.0263897538, 3.2955427778],
      [20.403852548, 13.8951722921, 13.0324176797, 18.182986391, 16.1937076406, 20.264714912, 20.1998816846, 13.0080019892, 4.0086520131, 1.7002002074, 2.6164768204, 2.0018723677, 1.1560893013, 2.3239745716, 2.9679091231, 1.0032825691, 3.0446932324, 1.5666008176, 0.8806104951, 2.0273271585, 2.255433414, 1.0154158939, 1.5958000599, 3.7788385953, 2.4282277941, 1.0219370331, 1.0939227208, 1.1475278077, 1.0455056689, 1.0008260288, 2.3836495491, 1.0904052897, 3.0317806668, 1.7225897034, 2.9305686082, 1.0000280827, 0.7498265928, 2.2903716282, 2.9965713069, 4.5546811266, 1.1727957265, 3.0604600567, 2.9527626297, 3.044636218, 0.67349412947, 3.1764280999, 0.58512087256, 2.0032042006, 1.8164319298, 1.9018006072]
    ],
    [
      [1.1053235289, 0.97064813303, 1.9892113827, 0.81834722555, 3.6081494493, 2.4518876953, 2.6716143797, 0.72083934652, 13.9949687772, 21.6360737479, 22.0814544203, 20.3589677367, 21.4153375408, 16.2078915994, 23.0120764611, 19.9941083162, 20.7632459508, 2.3379466447, 1.1635091074, 4.9245369085, 6.0258238927, 3.628867136, 4.5569311652, 3.3453506347, 2.3786835819, 2.1693358402, 2.0637041509, 1.0279973229, 1.9726479934, 1.000526797, 4.7657838138, 1.0420113945, 1.020551319, 1.6684865221, 4.5322252394, 2.3371355924, 4.1503265844, 1.6452916792, 4.0627663112, 1.071157552, 3.4994362077, 7.9257018815, 3.1884050774, 3.1389028839, 1.5054405732, 2.5308098489, 2.3298347362, 4.9217343382, 2.3024833879, 6.1228454461],
      [0.68107532411, 1.9806501237, 0.076720215487, 1.5909171505, 1.2950209423, 1.084330518, 1.3996714833, 1.7532818032, 14.0044986956, 13.0092499573, 9.2854270931, 18.1898783786, 19.1231539056, 14.233187419, 10.9584623129, 11.0044552938, 7.0856632557, 1.5538529509, 0.45195386879, 1.9351965238, 1.8733110463, 1.3497604656, 3.4713872493, 2.0528421066, 2.0066247294, 3.6609486924, 1.7455229671, 0.80558512076, 1.027210959, 2.9996108345, 0.70999706775, 0.049791868211, 1.0257970945, 3.398183389, 1.1574162195, 1.9316680477, 3.227042921, 3.2962791336, 3.1181359337, 1.0166416727, 1.2123348784, 1.9961395109, 2.1086837325, 3.4950943406, 1.7708238498, 1.132273174, 0.88114160938, 3.48537862, 1.9502312355, 3.5807599069],
      [1.24595519, 1.0431684335, 2.0013512755, 1.0497043291, 0.3238262692, 1.3718334224, 0.63837322238, 0.74312532222, 7.0008412879, 6.3546385955, 7.5758603641, 7.2345822916, 5.0781897162, 7.8212585232, 4.9939260661, 2.0045949488, 2.0836643031, 0.90517534049, 0.74381093338, 1.023283587, 2.1205408344, 1.2194238119, 2.1342894165, 1.9484839228, 0.19746692648, 0.82808302176, 1.5670598885, 0.85917744809, 1.0089395501, 2.0002183004, 1.4252804892, 1.9097883362, 1.9956077662, 1.7503403503, 1.246271826, 1.2386123282, 1.2907779396, 2.4398108099, 2.0556544537, 1.6253096405, 0.24121326273, 0.021627895791, 1.0804151355, 0.70206478383, 2.1381059636, 1.9783438237, 0.72095972808, 0.54770331217, 1.2761466073, 1.2800289746],
      [0.96764595699, 1.0055333098, 4.9327171263, 2.5410312948, 2.7730033392, 4.0919483643, 2.2903409146, 1.7827535281, 8.9996912393, 18.0000376992, 15.0572581225, 14.2165715932, 17.3833188373, 24.7376624584, 14.0355351598, 12.9968414411, 19.0674264904, 1.2030250639, 2.6407260905, 3.1169829807, 2.9803242265, 0.80194858649, 3.837392169, 4.6533233358, 6.4172247622, 6.3416324457, 3.6237129934, 0.30724010821, 2.9912014974, 1.9996440682, 5.0989386293, 1.9984084011, 4.9580438202, 5.1829897387, 3.0640867151, 0.49258403159, 1.331852555, 1.6186183773, 0.76344330136, 1.2868911348, 0.047015651148, 0.056530711859, 3.6224960546, 1.6639379917, 1.5856296134, 2.3585731534, 2.0680639264, 0.04518372959, 1.4711387693, 1.0163656724]
    ],
    [
      [1.3522534272, 1.4441656139, 2.0159601402, 0.088610123986, 0.075365665995, 1.0765964838, 0.85046993871, 1.0408335751, 0.007233114535, 0.66550564334, 1.6548954395, 1.7880825234, 1.9196953622, 0.82570603432, 1.0039045122, 2.0000588413, 2.0697229476, 5.4548610789, 4.2313009852, 5.0919343834, 6.8333777014, 7.3659032376, 5.6223647643, 8.5706036161, 7.5559276723, 0.21988499761, 0.60792540665, 0.49577755828, 0.011828205282, 0.00080143921898, 0.75287928055, 0.089365540302, 0.010866046445, 0.018895622009, 0.064211955695, 1.8376340846, 0.97218364566, 0.55992869476, 0.31617000207, 0.64965269354, 0.18230017976, 0.010081076304, 0.39736072154, 0.31327275788, 2.274195896, 1.0581532018, 1.4175933915, 0.51269499276, 1.1638015648, 1.4237046325],
      [2.8172494242, 1.5893654046, 5.9522785072, 2.3634743924, 0.64033582567, 4.1954455304, 5.510804199, 6.6204207556, 6.9884583316, 4.6445591091, 5.6943763628, 5.2032790981, 6.9395439569, 4.3656060511, 5.9329215957, 5.9989725354, 15.859211941, 22.2661248492, 22.6678051681, 23.1218847836, 19.188195712, 23.0118452685, 16.3055275519, 20.0317811305, 27.058458858, 2.2004674108, 2.3829755099, 4.1795452249, 1.9854578, 2.9992218444, 2.1033213351, 1.8698505733, 0.98865923708, 2.0380126685, 2.8489307601, 3.9051594882, 3.4444564226, 8.4264075571, 2.1444866606, 1.3764729359, 2.675670738, 2.9771448611, 4.6721294456, 4.1721703558, 5.8233947553, 3.1724777087, 5.7836913738, 6.3909484353, 5.825132281, 4.6034657724],
      [4.566456488, 2.9185374509, 3.0241027526, 3.4831050865, 7.2328283256, 6.0533127786, 7.1082627315, 3.9199095238, 2.9976304979, 2.6784683708, 2.0397329198, 3.0009995866, 4.0036232558, 4.7422866996, 2.0408479634, 2.0005112211, 4.0958760692, 20.0153419796, 36.9943341144, 26.8195727031, 26.6926732357, 31.8346265478, 28.5984699607, 20.3314559275, 26.6108593985, 3.5198313591, 3.7037625757, 6.0419055752, 4.0005808343, 6.9995360124, 2.3854390769, 4.9936347969, 2.9877332468, 3.5510878686, 1.1215773136, 3.2235560413, 3.0821308101, 6.0701517675, 2.4882676327, 5.3328698687, 3.1382132728, 0.99942330847, 2.9799628404, 1.4220828991, 5.810279507, 1.4259079402, 2.4204962784, 1.069099062, 3.4313864709, 2.6623254347],
      [0.26404066065, 0.047931530573, 0.0076586000164, 0.064810397086, 0.051470182704, 0.67464520719, 0.53046313084, 0.41883614541, 0.0066780559893, 0.011466876737, 1.6109952779, 0.0076387918766, 0.13713742509, 0.066401215026, 0.022325928679, 0.00045740217552, 0.97518904218, 1.2636720923, 2.1065597324, 1.9666081299, 1.2857533509, 0.78762494607, 1.4736377232, 1.0661593258, 0.7747540713, 0.059816232528, 0.30533650777, 0.28277164159, 0.0021331604163, 0.00044070403333, 0.75836030744, 0.047149089502, 0.012741469673, 0.39200384087, 0.96527997065, 0.03365038584, 0.50122912165, 0.94351198065, 0.051075704624, 0.64100450184, 0.0038158094663, 0.013350754125, 0.95054699246, 1.0924739872, 0.092129841681, 0.34346114931, 0.37821895644, 0.027257509874, 0.57967968327, 0.31050416039]
    ],
    [
      [1.5531003807, 1.9583169543, 2.0401197316, 2.6917929338, 1.4804239204, 0.47380399158, 0.51152035714, 0.26555552835, 3.991515129, 2.6707204913, 2.9419856596, 0.63121541057, 2.8073200166, 1.1630129241, 1.9884362558, 0.0040753041011, 1.0686190953, 1.6094684123, 0.6287942677, 1.9842746675, 1.9918637947, 2.501556669, 1.9527293083, 2.8734916862, 1.0134317682, 12.0306966863, 15.9858975203, 15.0409795293, 2.9969928565, 9.9980326985, 8.0348179558, 8.8022511906, 11.9181289605, 4.8356261503, 2.9986476862, 2.7331143718, 1.1759144253, 0.69082816865, 1.1560449962, 3.1468221005, 2.4111666821, 1.025253782, 2.1778221727, 1.1324620736, 1.6584805867, 2.2656187952, 2.5378460182, 1.0111961531, 1.943092307, 1.8421388275],
      [2.2489449392, 3.9298737138, 2.975084046, 2.3617996196, 2.9291460026, 1.8833661877, 2.1965194401, 5.2929360561, 5.0105951056, 3.0058978722, 2.5838744219, 1.5861350445, 3.8077751786, 2.9821336945, 2.0058024057, 4.9969021659, 1.9279127137, 4.9031034233, 2.9168836073, 4.9247350526, 1.9086360883, 2.0937542402, 2.0101845282, 2.9767589902, 1.4806319527, 25.8785825911, 23.4269719252, 30.7360491487, 33.9551856878, 27.0018118755, 23.1152557983, 27.2494573298, 23.0476844441, 15.5482323713, 8.4457208477, 5.7826857507, 0.69193850609, 3.8689475395, 1.5033261916, 4.9255543623, 5.4992477317, 3.9326273936, 2.3274851586, 1.7091604913, 3.347790331, 5.048953706, 2.8173784211, 2.4546320393, 4.3864345504, 4.3906567873],
      [0.7650492083, 0.05902462188, 0.026091155528, 0.97614198862, 0.26393231057, 0.76532323433, 0.46041974733, 0.44860515404, 1.9978611475, 0.023416935777, 0.013533958347, 0.0089218178213, 0.92275083428, 0.25268601552, 0.01559134872, 0.0010691100606, 0.0082553287046, 0.29852618752, 0.43974112692, 0.068295365939, 0.85548796475, 0.85040191934, 1.1233037683, 1.0173713981, 0.9095992925, 1.6693036469, 3.416649043, 4.8191463612, 1.099728225, 2.0009259662, 4.9055969945, 4.8070839003, 2.0283394087, 0.79737271893, 0.23911116244, 0.34448675627, 0.41679171006, 1.0748790572, 0.065286489107, 0.68544695777, 1.5808549131, 0.020790844385, 0.57177553402, 0.42591713343, 0.84658732468, 2.4174604149, 0.73085342124, 0.01061094855, 0.42675195108, 0.22409254958],
      [2.4329054718, 1.05278471, 2.9587050668, 5.9702654579, 3.3264977664, 2.8775065864, 2.8315404555, 1.9929032615, 1.0000286179, 2.2999647008, 0.46060596009, 3.7737277272, 0.46215397054, 3.6021673659, 1.9901699898, 3.99795342, 2.9952128622, 2.188901977, 2.0145809981, 2.0226949139, 1.2440121523, 0.55428717145, 0.9137823952, 0.13237792548, 1.5963369866, 22.4214170758, 17.1704815115, 18.4038249607, 22.9480932307, 17.9992294598, 29.9443292514, 21.1412075792, 24.0058471867, 3.8187687594, 1.3165203037, 1.1397131213, 0.71535535858, 3.3653452347, 0.27534232304, 4.2421765794, 0.50873067315, 0.021327979979, 0.92291713468, 1.7324603017, 2.1471417575, 0.26796708384, 3.9139221395, 0.52356085905, 1.2437211916, 1.5431118356]
    ],
    [
      [1.1903764272, 1.01436202, 0.015749879231, 0.17222624868, 0.04410283691, 0.09844368358, 0.089907654124, 1.1516833676, 0.0008213685082, 1.3454396178, 0.2038849418, 1.9900299821, 0.048994933349, 0.41498925026, 1.9907960649, 0.00099382129521, 0.044460891775, 0.51606858877, 0.25362471793, 0.020853766322, 0.34733971779, 0.57114689124, 1.2586905277, 0.17043093176, 0.072974509388, 0.062290272238, 0.15584845694, 0.048659711921, 0.0037663519363, 0.00035334990712, 0.028148504754, 0.049065463744, 0.015712768091, 1.497400873, 3.1078955712, 3.445322989, 5.4457125565, 1.6716582485, 5.9407597241, 3.5229800584, 1.1991307093, 0.050556206425, 0.77076278488, 1.0594159529, 0.84426236218, 0.85555854785, 1.0666091014, 0.0039594409205, 1.194581474, 0.44217924409],
      [3.7805635982, 2.5006315134, 1.998048371, 3.5736183302, 3.0981620551, 0.079833596185, 0.37447120222, 2.4258199017, 2.992986708, 1.0153071309, 1.9471697459, 1.0100112257, 1.037082646, 0.87877937549, 4.0784692173, 1.9992253701, 1.0388136045, 4.7449666879, 3.9325728659, 0.98867184866, 3.3682936318, 2.0470659527, 2.4538535023, 4.6348729382, 2.4140483968, 1.8881442914, 3.1970320087, 2.314953934, 3.0087399789, 2.0002450542, 0.6771963723, 1.0893560983, 1.9903494344, 16.6328670165, 20.4120066357, 28.9258313352, 25.6456589467, 26.4742971275, 25.786427811, 20.0034052417, 26.0205237529, 22.0023301373, 3.1030984641, 3.2155889722, 1.3863120317, 3.3476751565, 3.9886813807, 1.0377794413, 1.8811037579, 1.9331027877],
      [5.9754975728, 3.9906215348, 1.986208531, 2.833116546, 1.8671262463, 0.54899455429, 1.623399652, 4.5715354041, 2.0058315018, 2.3163209653, 4.0367328959, 2.0001400875, 1.7914175582, 1.4494133653, 6.9370397207, 2.9987804868, 1.9552298256, 7.3036866946, 5.8249438334, 2.18023543, 7.0977882708, 4.1895904514, 4.2720083374, 5.8991967486, 0.81378755336, 0.97396905541, 5.5113578148, 1.6515430607, 3.9673309872, 4.9994645576, 1.8716853451, 3.7744349173, 1.9901169816, 15.2233338221, 22.6676855753, 22.9089352399, 24.2611892391, 17.611943139, 21.0679639969, 22.5233853891, 21.7152270901, 13.0491431292, 4.9495963399, 2.1417551702, 4.1675199725, 6.5486391172, 7.2547394444, 1.971069752, 3.214752823, 4.1602260376],
      [3.0535624017, 2.4943849318, 0.99999321877, 3.4210388751, 2.9906088616, 0.27272816595, 1.9122214917, 0.85096132663, 2.0003604216, 1.3229322861, 2.8122124165, 0.99981870475, 0.12250486245, 1.2568180089, 3.993694997, 1.0010003218, 0.96149567818, 1.4352780288, 1.9888585827, 3.810238955, 2.1865783795, 0.19219670465, 1.0154476325, 0.29549938144, 1.6991895404, 1.075596381, 1.1357617196, 2.9848432933, 3.020162682, 1.9999370383, 2.4229697778, 1.0871435206, 1.0038208159, 6.6463982885, 10.8124122178, 8.7199104358, 6.6474392577, 6.242101485, 11.2048484681, 8.9502293107, 10.0651184476, 7.897970527, 5.176542411, 2.5832399047, 2.6019056336, 1.2481271784, 2.6899700735, 0.98719136582, 1.7095619451, 2.4644919306]
    ],
    [
      [0.34397619055, 1.0549908792, 2.0258543981, 0.75260854709, 1.7568135195, 1.1779267191, 0.14334634639, 0.58335295699, 0.006633051572, 0.67022157715, 2.0378074105, 0.2156447948, 2.8877831127, 0.11170710959, 3.9691411607, 1.0018422805, 0.0799411658, 3.2766146235, 2.1136411408, 2.9764098206, 0.94912023653, 2.5715628083, 1.9485774325, 2.1075422012, 1.1091726283, 0.5598027258, 0.18793890397, 0.20354881461, 0.011394127778, 0.00014900369984, 0.17315859188, 0.010831983116, 0.018787197142, 1.0098484764, 0.11978942053, 0.9346712969, 3.5589563723, 0.80868357208, 0.44422215011, 1.9469389159, 2.6849626056, 5.9819257312, 7.9576769104, 9.1161855252, 7.9603633608, 10.4785165902, 10.9685408557, 13.0257576112, 11.4588773964, 6.836221238],
      [1.0023740075, 1.4891612651, 1.0421445108, 0.24607837269, 1.7437550716, 0.81380288531, 0.78155494612, 1.5757762299, 0.01388202939, 1.3240195099, 2.4404665767, 1.009696158, 2.061241136, 1.5263109013, 1.0487411811, 2.999328337, 0.017397173046, 2.4390214522, 0.92735647442, 1.0279395126, 1.1107540976, 2.2382854093, 2.3441358189, 0.26560365886, 1.0012246513, 3.0289906963, 2.2129661069, 0.9566782753, 3.0199112097, 2.9989585301, 0.37067017456, 3.7351419028, 3.9439644063, 2.3277686401, 0.2326666576, 1.2118578563, 3.6857733082, 1.1574163017, 2.2382365557, 2.6375743572, 2.5300931696, 4.0812720156, 9.7050627724, 12.2435915102, 8.1663729141, 7.2742332267, 10.0910500906, 10.1152368576, 9.7370837287, 13.0222687425],
