{
  "X": [
    [20, 12, 35, 33],
    [18, 15, 39, 28],
    [22, 18, 32, 28],
    [13, 18, 39, 30],
    [18, 15, 27, 40],
    [19, 19, 34, 28],
    [20, 17, 31, 32],
    [15, 15, 35, 35],
    [29, 14, 37, 20],
    [21, 14, 43, 22],
    [26, 16, 40, 18],
    [25, 10, 51, 14],
    [24, 9, 48, 19],
    [25, 13, 31, 31],
    [26, 9, 41, 24],
    [23, 16, 40, 21],
    [33, 15, 38, 14],
    [64, 6, 15, 15],
    [65, 13, 10, 12],
    [57, 7, 20, 16],
    [60, 10, 16, 14],
    [58, 13, 16, 13],
    [62, 15, 14, 9],
    [59, 15, 19, 7],
    [57, 8, 27, 8],
    [38, 15, 10, 37],
    [35, 12, 19, 34],
    [36, 16, 13, 35],
    [33, 11, 20, 36],
    [44, 11, 15, 30],
    [31, 16, 16, 37],
    [37, 14, 19, 30],
    [25, 19, 18, 38],
    [26, 12, 25, 37],
    [27, 12, 30, 31],
    [29, 13, 21, 37],
    [33, 4, 32, 31],
    [26, 11, 37, 26],
    [23, 10, 26, 41],
    [31, 8, 26, 35],
    [28, 11, 33, 28],
    [37, 5, 32, 26],
    [58, 19, 11, 12],
    [57, 13, 16, 14],
    [58, 14, 12, 16],
    [56, 13, 12, 19],
    [53, 15, 14, 18],
    [49, 18, 20, 13],
    [49, 16, 14, 21],
    [56, 12, 22, 10]
  ],
  "W": [
    [57, 14, 6, 6, 7, 10],
    [58, 7, 9, 3, 13, 10],
    [61, 5, 9, 7, 11, 7],
    [70, 5, 4, 10, 5, 6],
    [66, 5, 7, 6, 6, 10],
    [58, 8, 10, 8, 6, 10],
    [59, 10, 5, 5, 8, 13],
    [59, 8, 6, 7, 10, 10],
    [18, 44, 11, 9, 8, 10],
    [10, 53, 14, 7, 7, 9],
    [6, 60, 9, 5, 8, 12],
    [7, 62, 9, 4, 8, 10],
    [7, 66, 4, 4, 11, 8],
    [2, 56, 8, 16, 11, 7],
    [6, 61, 10, 9, 5, 9],
    [8, 51, 8, 13, 9, 11],
    [9, 47, 28, 0, 7, 9],
    [11, 9, 58, 5, 7, 10],
    [6, 7, 65, 10, 7, 5],
    [7, 10, 53, 6, 12, 12],
    [4, 10, 55, 12, 10, 9],
    [7, 9, 59, 12, 6, 7],
    [6, 5, 61, 9, 8, 11],
    [10, 10, 66, 4, 7, 3],
    [5, 10, 58, 7, 11, 9],
    [11, 7, 6, 63, 6, 7],
    [11, 10, 10, 54, 8, 7],
    [8, 7, 8, 61, 8, 8],
    [7, 6, 7, 64, 9, 7],
    [9, 7, 8, 55, 13, 8],
    [7, 11, 7, 60, 7, 8],
    [6, 12, 8, 52, 9, 13],
    [5, 7, 6, 71, 4, 7],
    [10, 11, 3, 20, 43, 13],
    [6, 11, 7, 9, 57, 10],
    [10, 7, 9, 9, 54, 11],
    [7, 6, 6, 5, 67, 9],
    [10, 11, 12, 5, 53, 9],
    [12, 7, 8, 10, 54, 9],
    [6, 5, 7, 11, 63, 8],
    [13, 3, 5, 10, 60, 9],
    [9, 9, 8, 8, 43, 23],
    [8, 7, 9, 12, 8, 56],
    [5, 8, 12, 8, 9, 58],
    [8, 5, 7, 13, 11, 56],
    [10, 7, 12, 10, 7, 54],
    [10, 13, 9, 9, 5, 54],
    [5, 11, 9, 8, 9, 58],
    [14, 9, 9, 11, 8, 49],
    [10, 5, 9, 11, 10, 55]
  ],
  "method": "mcmc",
  "mcmc_stepsize": 3000,
  "mcmc_samples": 1000,
  "burn_in": 10000,
  "cond_prob": [
    [
      [0.088597397044, 0.12220734559, 0.35195007399, 0.43724518337],
      [0.14319903221, 0.0030759556681, 0.77696618684, 0.076758825281],
      [0.33214887082, 0.16648876452, 0.49520919092, 0.0061531737354],
      [0.33488756736, 0.16578405791, 0.0062229093397, 0.49310546539],
      [0.0045503236302, 0.28144861421, 0.14419346535, 0.56980759681],
      [0.8911091023, 0.10273406877, 0.0043372307664, 0.0018195981609]
    ],
    [
      [0.071754772454, 0.14150929096, 0.48259438423, 0.30414155236],
      [0.25718973853, 0.28285089012, 0.45211207943, 0.0078472919215],
      [0.40209396029, 0.10752987974, 0.39945999078, 0.090916169189],
      [0.61428821325, 0.026030819241, 0.0058079702823, 0.35387299723],
      [0.01537575148, 0.10516476158, 0.23993299262, 0.63952649432],
      [0.63762999764, 0.23995016176, 0.11130484267, 0.011114997936]
    ],
    [
      [0.082592293375, 0.17814776149, 0.37618941238, 0.36307053276],
      [0.47540570752, 0.15758929558, 0.35018040561, 0.016824591301],
      [0.52170707418, 0.17917209509, 0.24601481853, 0.053106012205],
      [0.39713408395, 0.47362712953, 0.012627440383, 0.11661134613],
      [0.1037531673, 0.057639464543, 0.43770646716, 0.40090090099],
      [0.85260778156, 0.11186674267, 0.026321032665, 0.0092044430992]
    ],
    [
      [0.051720584895, 0.18508615555, 0.46559225022, 0.29760100933],
      [0.23184271611, 0.13556119183, 0.54171112688, 0.090884965176],
      [0.36376640053, 0.20613455469, 0.15975309305, 0.27034595173],
      [0.19311014561, 0.22968810213, 0.070496493691, 0.50670525856],
      [0.13221201042, 0.062349349659, 0.32728780245, 0.47815083747],
      [0.69551972774, 0.15549952732, 0.11992842142, 0.029052323513]
    ],
    [
      [0.069118758334, 0.1054669643, 0.32230523275, 0.50310904462],
      [0.29694986821, 0.11959090531, 0.42014121557, 0.1633180109],
      [0.51306103411, 0.20835469024, 0.22848078623, 0.050103489418],
      [0.15366860532, 0.41915127147, 0.016199574913, 0.4109805483],
      [0.22090813395, 0.021611259713, 0.23565887561, 0.52182173072],
      [0.61145249345, 0.33381678107, 0.051663235398, 0.0030674900831]
    ],
    [
      [0.077723572262, 0.18084383201, 0.38519587908, 0.35623671665],
      [0.22361636846, 0.072697461659, 0.59496099248, 0.1087251774],
      [0.42590427324, 0.14220613743, 0.30091609591, 0.13097349342],
      [0.23587781869, 0.38655055146, 0.077953968716, 0.29961766114],
      [0.13825037093, 0.12083569658, 0.3090413782, 0.43187255429],
      [0.57275343536, 0.26899980846, 0.14119100956, 0.017055746616]
    ],
    [
      [0.091831925637, 0.14509979697, 0.33401371527, 0.42905456212],
      [0.26214628222, 0.15029276888, 0.46582725386, 0.12173369504],
      [0.45143139461, 0.080573999584, 0.27598747332, 0.19200713248],
      [0.25807178658, 0.31356634174, 0.076837180135, 0.35152469155],
      [0.12549370217, 0.27736528267, 0.30194857572, 0.29519243945],
      [0.56992215707, 0.21127387092, 0.1888620298, 0.029941942198]
    ],
    [
      [0.051219585827, 0.11874762593, 0.42099450973, 0.40903827852],
      [0.1301813786, 0.11923141943, 0.39362847911, 0.35695872287],
      [0.47907156977, 0.017808974197, 0.18723391443, 0.3158855416],
      [0.15616300053, 0.41277542836, 0.14401167943, 0.28704989168],
      [0.096531935179, 0.20364782972, 0.29041848772, 0.40940174738],
      [0.60037036333, 0.2007278574, 0.19766259734, 0.001239181936]
    ],
    [
      [0.13584247954, 0.060429096832, 0.53127669643, 0.27245172721],
      [0.20574003082, 0.12678450566, 0.46131119008, 0.20616427344],
      [0.69061378984, 0.064993646051, 0.19047249721, 0.053920066902],
      [0.16304540044, 0.23696655706, 0.11406759008, 0.48592045241],
      [0.37370052845, 0.093737176662, 0.40366280243, 0.12889949246],
      [0.54485094926, 0.37362314744, 0.078821890132, 0.0027040131665]
    ],
    [
      [0.0084519314397, 0.10299927974, 0.29611015539, 0.59243863343],
      [0.11138912752, 0.14977709285, 0.55127633483, 0.1875574448],
      [0.57471354294, 0.0050540985793, 0.41663746099, 0.0035948974988],
      [0.13807208688, 0.28494607556, 0.27498012079, 0.30200171677],
      [0.0044064239478, 0.0064989537393, 0.42387951289, 0.56521510942],
      [0.66316863889, 0.32454985512, 0.010701201195, 0.0015803047936]
    ],
    [
      [0.10623916703, 0.11958916937, 0.40230899993, 0.37186266367],
      [0.15584195874, 0.14995650836, 0.51984046984, 0.17436106306],
      [0.58651429201, 0.10609348723, 0.18047037131, 0.12692184946],
      [0.48293970046, 0.263756071, 0.11188797418, 0.14141625436],
      [0.12081407752, 0.17111634002, 0.31042743674, 0.39764214571],
      [0.61268397689, 0.22021016851, 0.14405209196, 0.023053762637]
    ],
    [
      [0.11286255633, 0.020811318242, 0.56887366791, 0.29745245751],
      [0.12236809861, 0.10480251608, 0.65691224171, 0.11591714361],
      [0.74030324618, 0.027249893095, 0.18749566072, 0.044951200007],
      [0.36944037242, 0.011453353594, 0.058917133229, 0.56018914076],
      [0.15646251875, 0.13583663985, 0.45387650577, 0.25382433564],
      [0.72309491369, 0.19788092041, 0.073518381325, 0.0055057845691]
    ],
    [
      [0.25875423317, 0.11627267732, 0.44052449319, 0.18444859632],
      [0.16883859373, 0.075299197654, 0.61159535932, 0.14426684929],
      [0.54526279398, 0.014379617616, 0.42442308301, 0.015934505397],
      [0.30878610963, 0.019115592856, 0.040725433537, 0.63137286398],
      [0.16461484723, 0.16758686349, 0.16360990107, 0.50418838822],
      [0.72730178093, 0.15486348416, 0.11134148183, 0.006493253081]
    ],
    [
      [0.030182060441, 0.40279486266, 0.085896382316, 0.48112669459],
      [0.15871850562, 0.11542127222, 0.44276107653, 0.28309914563],
      [0.42397103186, 0.32257820289, 0.23267585398, 0.020774911266],
      [0.2894282039, 0.12604443737, 0.061047308299, 0.52348005043],
      [0.27324876986, 0.090353263303, 0.20198644752, 0.43441151931],
      [0.71757765409, 0.019942358988, 0.13908175176, 0.12339823517]
    ],
    [
      [0.1719722671, 0.097479080362, 0.27930020847, 0.45124844407],
      [0.15654074229, 0.067408102375, 0.54694133186, 0.22910982348],
      [0.54907588619, 0.16586106767, 0.13887951704, 0.1461835291],
      [0.37708945983, 0.096037452375, 0.091758736699, 0.43511435109],
      [0.10031426069, 0.12645605245, 0.51306051633, 0.26016917052],
      [0.67033842376, 0.12755591807, 0.13120568039, 0.070899977779]
    ],
    [
      [0.11010339567, 0.38943156036, 0.28929901857, 0.2111660254],
      [0.10468470852, 0.13466890098, 0.57034862333, 0.19029776717],
      [0.49234895186, 0.12282143359, 0.30844713253, 0.076382482024],
      [0.28603867162, 0.22574444067, 0.028236133352, 0.45998075436],
      [0.15289736686, 0.13774442919, 0.45428519309, 0.25507301086],
      [0.70426200477, 0.07813495517, 0.15223768454, 0.06536535552]
    ],
    [
      [0.084503305968, 0.16082787153, 0.25892589309, 0.49574292941],
      [0.18705366234, 0.16898339055, 0.53715918875, 0.10680375835],
      [0.59768100609, 0.10393972364, 0.23625020257, 0.062129067707],
      [0, 0, 0, 0],
      [0.11589679772, 0.094936064176, 0.42285182652, 0.36631531159],
      [0.65573359575, 0.22616278768, 0.094246292583, 0.023857323983]
    ],
    [
      [0.10203178647, 0.048587259018, 0.44275644096, 0.40662451356],
      [0.31098187345, 0.10387894189, 0.40554341136, 0.17959577331],
      [0.83444863843, 0.024544237146, 0.084678671765, 0.056328452658],
      [0.30808788808, 0.089265714554, 0.078092815046, 0.52455358232],
      [0.32475199215, 0.14213488959, 0.13378355361, 0.39932956465],
      [0.78670890734, 0.16657911194, 0.024147653438, 0.022564327282]
    ],
    [
      [0.24918238103, 0.11819184237, 0.21642502947, 0.41620074714],
      [0.21415204392, 0.12469532702, 0.47292426193, 0.18822836713],
      [0.79509036514, 0.10118199166, 0.055746866694, 0.047980776499],
      [0.46869877794, 0.22814848619, 0.020913576886, 0.28223915899],
      [0.27624734651, 0.26189224767, 0.14503096057, 0.31682944525],
      [0.7408496934, 0.14528432062, 0.10861623234, 0.0052497536432]
    ],
    [
      [0.41342765778, 0.0045765667039, 0.29826822883, 0.28372754668],
      [0.28956279354, 0.19630647085, 0.31378524514, 0.20034549047],
      [0.70321141884, 0.055983956499, 0.20257680486, 0.038227819801],
      [0.48252907476, 0.16464303631, 0.0054737307394, 0.34735415819],
      [0.092387553136, 0.084685934658, 0.16828258283, 0.65464392938],
      [0.82802901462, 0.0028050163634, 0.16545549256, 0.0037104764549]
    ],
    [
      [0.0081074053888, 0.25226077217, 0.25152279403, 0.48810902842],
      [0.29627262369, 0.10333323675, 0.4954183584, 0.10497578116],
      [0.74788162118, 0.071896750024, 0.14451437666, 0.03570725214],
      [0.6491596402, 0.090582834003, 0.0033518067197, 0.25690571907],
      [0.20395246794, 0.10045631986, 0.10359619744, 0.59199501476],
      [0.67132384609, 0.21241623177, 0.11280565208, 0.003454270061]
    ],
    [
      [0.14771485916, 0.16531134075, 0.30351926216, 0.38345453794],
      [0.20861030842, 0.13079077497, 0.50382051443, 0.15677840217],
      [0.76846588, 0.085287389998, 0.11285158166, 0.033395148335],
      [0.38695135462, 0.28035399127, 0.029283184977, 0.30341146913],
      [0.12302895936, 0.23648968432, 0.16024986054, 0.48023149578],
      [0.62391803975, 0.12150880413, 0.19569140484, 0.058881751281]
    ],
    [
      [0.0092445606495, 0.17124085829, 0.49022702978, 0.32928755128],
      [0.39101497042, 0.39018740899, 0.2107475095, 0.0080501110883],
      [0.75452506382, 0.11410596275, 0.11468730115, 0.016681672285],
      [0.4412128703, 0.11624170187, 0.0040647684512, 0.43848065937],
      [0.25136931215, 0.12893248471, 0.3683789228, 0.25131928034],
      [0.72559623284, 0.27122898939, 0.0023055095514, 0.00086926821717]
    ],
    [
      [0.14525294662, 0.18114302845, 0.45070938736, 0.22289463757],
      [0.27445745352, 0.2019185712, 0.4480823613, 0.075541613971],
      [0.74904003823, 0.12547264205, 0.1147462605, 0.010741059228],
      [0.53933531829, 0.14762709645, 0.034250084885, 0.27878750037],
      [0.12980072474, 0.26255433927, 0.29603050446, 0.31161443153],
      [0.76676904312, 0.15326695593, 0.076538483184, 0.0034255177736]
    ],
    [
      [0.2217986322, 0.027202548996, 0.4794643136, 0.2715345052],
      [0.15326411161, 0.17150544668, 0.59878703201, 0.076443409688],
      [0.7267721071, 0.050358917958, 0.20421988972, 0.018649085217],
      [0.38327707829, 0.20393086849, 0.19702412389, 0.21576792932],
      [0.20987521075, 0.088468893997, 0.43838900099, 0.26326689426],
      [0.80155740496, 0.091937959243, 0.063178514419, 0.043326121374]
    ],
    [
      [0.11156978371, 0.095870364359, 0.28488348769, 0.50767636424],
      [0.52982139229, 0.1487951929, 0.29222686485, 0.029156549966],
      [0.75823147664, 0.0097083077226, 0.14234770638, 0.089712509258],
      [0.36261804377, 0.1622394301, 0.038547534353, 0.43659499178],
      [0.21617246243, 0.10086249803, 0.15570013151, 0.52726490804],
      [0.62466032018, 0.28847867298, 0.086273127144, 0.00058787969573]
    ],
    [
      [0.092527286009, 0.16344455553, 0.19326872187, 0.55075943659],
      [0.27105164293, 0.19394925033, 0.49310480891, 0.041894297822],
      [0.70965108444, 0.041404403292, 0.23540612006, 0.013538392212],
      [0.3298606531, 0.11522646019, 0.13280346494, 0.42210942177],
      [0.016204926109, 0.12858603782, 0.28120436353, 0.57400467255],
      [0.89043684343, 0.085379457188, 0.02398753639, 0.00019616298875]
    ],
    [
      [0.24268888609, 0.0039713857746, 0.34871842306, 0.40462130508],
      [0.16236489568, 0.27142241358, 0.54521795756, 0.020994733184],
      [0.74660089877, 0.0065717812966, 0.13221606167, 0.11461125826],
      [0.31485760819, 0.1796346792, 0.067566893537, 0.43794081908],
      [0.021791978082, 0.34059399528, 0.14408871039, 0.49352531625],
      [0.94605969092, 0.041653796878, 0.0077135288006, 0.0045729833972]
    ],
    [
      [0.12995892834, 0.025554254583, 0.53890221231, 0.30558460476],
      [0.20018627018, 0.13721222556, 0.6320137087, 0.030587795565],
      [0.56838588826, 0.014368678446, 0.30044633019, 0.11679910311],
      [0.31397349482, 0.11364570897, 0.11099388842, 0.46138690779],
      [0.030832455368, 0.2804149832, 0.32791268285, 0.36083987859],
      [0.93409612795, 0.014315127538, 0.039664992261, 0.011923752246]
    ],
    [
      [0.1200853509, 0.20177969687, 0.18333893349, 0.49479601873],
      [0.32398637901, 0.017008329493, 0.57266042238, 0.08634486912],
      [0.68066790773, 0.12845247864, 0.18472072102, 0.0061588926134],
      [0.49418528297, 0.12131991932, 0.054929531606, 0.32956526611],
      [0.17395998073, 0.056250198729, 0.27767318287, 0.49211663767],
      [0.7205392018, 0.079182055802, 0.15408565727, 0.046193085132]
    ],
    [
      [0.2664136943, 0.011434277759, 0.40522486054, 0.3169271674],
      [0.1036592845, 0.17502965819, 0.60710764983, 0.11420340747],
      [0.70445888804, 0.0017908103388, 0.1659823857, 0.12776791593],
      [0.26932882452, 0.19691119466, 0.056262895015, 0.47749708581],
      [0.024989552821, 0.27196993083, 0.13995333132, 0.56308718503],
      [0.84112293168, 0.032954618472, 0.12098976351, 0.0049326863466]
    ],
    [
      [0.16858905818, 0.001115823371, 0.6624780197, 0.16781709874],
      [0.083488664743, 0.084113384374, 0.6645401841, 0.16785776679],
      [0.74899179217, 0.00088978647266, 0.12577166446, 0.12434675689],
      [0.32694915375, 0.19172996326, 0.058309286877, 0.42301159612],
      [0.002578639597, 0.33142141259, 0.22326791654, 0.44273203128],
      [0.92077719886, 0.001851950219, 0.077152476194, 0.0002183747259]
    ],
    [
      [0.058793311562, 0.12640063612, 0.51178153184, 0.30302452047],
      [0.11111074053, 0.10173384539, 0.69171960127, 0.09543581281],
      [0.37216595077, 0.098304278159, 0.29520374278, 0.2343260283],
      [0.23024147736, 0.21416102948, 0.10089198156, 0.4547055116],
      [0.1209965803, 0.10819375076, 0.26987418999, 0.50093547894],
      [0.69487590573, 0.2039751624, 0.083572174933, 0.017576756935]
    ],
    [
      [0.099889138153, 0.10088387692, 0.3997028703, 0.39952411462],
      [0.092408065166, 0.18187453525, 0.45367611429, 0.27204128529],
      [0.33415345782, 0.0005602819268, 0.66457060475, 0.00071565550748],
      [0.15110794604, 0.29878901438, 0.050665490666, 0.49943754892],
      [0.16261295839, 0.069805135454, 0.30210743843, 0.46547446773],
      [0.9975110305, 0.00088149116892, 0.0011455815254, 0.00046189680699]
    ],
    [
      [0.16606065364, 0.16607406948, 0.49698480362, 0.17088047325],
      [0.27285939591, 0.1813173694, 0.45468551528, 0.091137719409],
      [0.85316147666, 0.0026252570059, 0.14341644874, 0.00079681759051],
      [0.33190356987, 0.22149461378, 0.0016981030661, 0.44490371328],
      [0.10635103565, 0.1223928123, 0.33340189411, 0.43785425794],
      [0.79809112255, 0.0020845895725, 0.1993444477, 0.00047984017252]
    ],
    [
      [0.12907122174, 0.10786275865, 0.35513610518, 0.40792991444],
      [0.21593965849, 0.30729158885, 0.24573649194, 0.23103226071],
      [0.60755460162, 0.1291077031, 0.24694194797, 0.01639574731],
      [0.2318418515, 0.26771332616, 0.16825905139, 0.33218577095],
      [0.19969759899, 0.09478953366, 0.19258224236, 0.51293062499],
      [0.71449743177, 0.098209746416, 0.14474849299, 0.042544328817]
    ],
    [
      [0.080489802041, 0.047587587254, 0.40802144549, 0.46390116521],
      [0.36632939627, 0.17437006118, 0.38394808288, 0.075352459661],
      [0.64575138661, 0.0097619348487, 0.19897750806, 0.14550917048],
      [0.20377136591, 0.1216439662, 0.17315639379, 0.5014282741],
      [0.26169322529, 0.018066895238, 0.36502200613, 0.35521787335],
      [0.86797597385, 0.082599233453, 0.036004439611, 0.013420353084]
    ],
    [
      [0.15673484775, 0.21425337989, 0.42780841112, 0.20120336123],
      [0.21999975209, 0.11628366078, 0.62383113828, 0.039885448853],
      [0.60587950487, 0.048421032197, 0.34514421533, 0.00055524760592],
      [0.34603036811, 0.17064650549, 0.0012699511702, 0.48205317523],
      [0.12160411881, 0.10488190139, 0.37491268164, 0.39860129816],
      [0.72965889484, 0.065035582799, 0.20459121123, 0.00071431113196]
    ],
    [
      [0.23333356457, 0.056795812779, 0.28041028156, 0.42946034109],
      [0.19767187183, 0.17542846894, 0.42920926748, 0.19769039175],
      [0.50339694067, 0.17713737672, 0.25421958522, 0.065246097388],
      [0.25409791572, 0.073326773596, 0.044217623805, 0.62835768688],
      [0.098467287889, 0.083795795621, 0.30786014828, 0.50987676821],
      [0.77010065487, 0.15723458342, 0.058914535783, 0.013750225931]
    ],
    [
      [0.20497915109, 0.28794668057, 0.32973674846, 0.17733741989],
      [0.52033648034, 0.012702230513, 0.20826519187, 0.25869609728],
      [0.70951278664, 0.0051292524661, 0.27615499731, 0.0092029635865],
      [0.18178428711, 0.17886507919, 0.16523819071, 0.47411244298],
      [0.22412656738, 0.064045996682, 0.27801180475, 0.43381563118],
      [0.76028153523, 0.021311291831, 0.21435059646, 0.0040565764728]
    ],
    [
      [0.22566996599, 0.081925423751, 0.24334187668, 0.44906273357],
      [0.03454780065, 0.029582581993, 0.62815276804, 0.30771684932],
      [0.41687509093, 0.1863623521, 0.39193004159, 0.0048325153774],
      [0.38863754376, 0.10925795816, 0.011125610107, 0.49097888798],
      [0.18590796587, 0.11373741339, 0.42893868405, 0.27141593668],
      [0.87082424394, 0.11084284442, 0.016096660759, 0.0022362508806]
    ],
    [
      [0.21657216532, 0.10822233961, 0.29513822577, 0.38006726929],
      [0.29703592926, 0.0060581560788, 0.46430946433, 0.23259645033],
      [0.74555850871, 0.0016411822042, 0.22686238748, 0.025937921607],
      [0.14990835746, 0.22134401989, 0.14760514606, 0.48114247659],
      [0.19352511368, 0.041531923573, 0.38413865451, 0.38080430824],
      [0.7344440144, 0.017466139496, 0.24570732074, 0.0023825253652]
    ],
    [
      [0.095105977659, 0.093619369128, 0.45535997824, 0.35591467497],
      [0.21012556594, 0.24593316149, 0.22822258184, 0.31571869073],
      [0.8620911237, 0.034297350321, 0.075492512626, 0.028119013352],
      [0.39839294679, 0.23960351777, 0.07258095582, 0.28942257963],
      [0.14627054175, 0.222984338, 0.24288518358, 0.38785993667],
      [0.75104595372, 0.20645928297, 0.040465652661, 0.0020291106445]
    ],
    [
      [0.11619151349, 0.083291845157, 0.14620534631, 0.65431129504],
      [0.22900004386, 0.10493556984, 0.49541889976, 0.17064548654],
      [0.63603923735, 0.03184175138, 0.22630486559, 0.10581414568],
      [0.25765237246, 0.13595236917, 0.18606237859, 0.42033287977],
      [0.065279964757, 0.19264413089, 0.32655599809, 0.41551990626],
      [0.76389366502, 0.14725067358, 0.071766563305, 0.0170890981]
    ],
    [
      [0.060343888826, 0.077360396415, 0.50183742325, 0.36045829151],
      [0.2008697091, 0.3040768482, 0.12459985748, 0.37045358522],
      [0.77349365502, 0.0077885848532, 0.11280213466, 0.10591562547],
      [0.34467438223, 0.15446451116, 0.082723186697, 0.41813791991],
      [0.12500701044, 0.19636636051, 0.31586381454, 0.36276281451],
      [0.80790358348, 0.13639542648, 0.036121124945, 0.019579865091]
    ],
    [
      [0.11830496175, 0.055256059661, 0.1718320865, 0.65460689209],
      [0.0035237939283, 0.3753820045, 0.26070898223, 0.36038521935],
      [0.69568835046, 0.19623747801, 0.091152279261, 0.016921892267],
      [0.19021637407, 0.11153146625, 0.099686254955, 0.59856590472],
      [0.14274472832, 0.041364265427, 0.38680789105, 0.4290831152],
      [0.80634531075, 0.1122231688, 0.067747613359, 0.013683907089]
    ],
    [
      [0.089431585999, 0.14699756552, 0.21547312301, 0.54809772547],
      [0.18412882676, 0.066122946738, 0.43481643144, 0.31493179506],
      [0.57139952641, 0.14181519828, 0.12661579204, 0.16016948327],
      [0.3894876206, 0.23414105089, 0.033235417911, 0.3431359106],
      [0.34155756881, 0.14231764402, 0.081777185559, 0.43434760162],
      [0.72881920787, 0.15880058472, 0.080464969329, 0.031915238085]
    ],
    [
      [0.19352974663, 0.0038647622435, 0.20634634845, 0.59625914268],
      [0.0079811675287, 0.18056208152, 0.63144859214, 0.18000815881],
      [0.54879245355, 0.32438374704, 0.11878577725, 0.0080380221683],
      [0.24636324998, 0.131530161, 0.24525733477, 0.37684925425],
      [0.11335516387, 0.0050703509567, 0.44226261999, 0.43931186518],
      [0.68990213565, 0.20650284693, 0.086393784326, 0.017201233095]
    ],
    [
      [0.23969565804, 0.10551937553, 0.22118195102, 0.43360301541],
      [0.018403112682, 0.21872232392, 0.22743814255, 0.53543642085],
      [0.76538709347, 0.083869122711, 0.11269801846, 0.03804576536],
      [0.18716793511, 0.16524916375, 0.087327765478, 0.56025513567],
      [0.18735379109, 0.088566964544, 0.30929146293, 0.41478778143],
      [0.71494839423, 0.1892475348, 0.089944696184, 0.0058593747867]
    ],
    [
      [0.13308073714, 0.14031767825, 0.40747285226, 0.31912873234],
      [0.22662580295, 0.044676776644, 0.49143753441, 0.237259886],
      [0.73476593508, 0.077855753864, 0.17683894219, 0.010539368866],
      [0.22975218363, 0.28467216768, 0.2275718755, 0.2580037732],
      [0.31212675796, 0.06514460521, 0.40309342136, 0.21963521547],
      [0.7504477927, 0.10708904823, 0.13349651785, 0.0089666412168]
    ]
  ],
  "expected_outcome": [
    [
      [5.0500516315, 4.1617768023, 5.0381298959, 3.6204409427, 4.56183805, 4.5079671912, 5.4180836126, 3.0219555638, 2.4451646316, 0.084519314397, 0.63743500216, 0.79003789433, 1.8112796322, 0.060364120882, 1.0318336026, 0.88082716534, 0.76052975372, 1.1223496511, 1.4950942862, 2.8939936045, 0.032429621555, 1.0340040141, 0.055467363897, 1.4525294662, 1.108993161, 1.2272676209, 1.0178001461, 1.9415110887, 0.90971249838, 1.0807681581, 1.8648958601, 1.0115343491, 0.29396655781, 0.99889138153, 0.99636392184, 1.2907122174, 0.56342861429, 1.5673484775, 2.8000027748, 1.2298749065, 2.9337095579, 1.9491494879, 0.76084782127, 0.58095756747, 0.48275111061, 1.1830496175, 0.89431585999, 0.96764873316, 3.3557392126, 1.3308073714],
      [6.9658186989, 8.2075388757, 10.8670134509, 12.9560308885, 6.960819644, 10.4889422566, 8.5608880212, 7.0061099297, 1.087723743, 1.0299927974, 0.71753501621, 0.14567922769, 0.81390874125, 0.80558972531, 0.58487448217, 3.1154524829, 1.4474508438, 0.5344598492, 0.70915105419, 0.032035966927, 1.0090430887, 1.1571793852, 1.0274451497, 1.8114302845, 0.13601274498, 1.054574008, 1.7978901108, 0.031771086197, 0.17887978208, 1.8160172718, 0.080039944316, 0.0066949402263, 0.63200318062, 1.0088387692, 0.99644441691, 1.0786275865, 0.33311311078, 2.1425337989, 0.68154975334, 1.7276800834, 1.0650305088, 0.97400105653, 0.74895495303, 0.41645922578, 0.61888317132, 0.55256059661, 1.4699756552, 0.019323811218, 1.4772712574, 1.4031767825],
      [20.0611542176, 27.9904742854, 22.9475541551, 32.5914575157, 21.2721453614, 22.3413609866, 19.7068092009, 24.8386760739, 9.5629805357, 2.9611015539, 2.4138539996, 3.9821156754, 3.0836714523, 0.17179276463, 1.6758012508, 2.3143921486, 2.3303330378, 4.8703208505, 1.2985501768, 2.0878776018, 1.0060911761, 2.1246348351, 2.9413621787, 4.5070938736, 2.397321568, 3.1337183645, 2.1259559406, 2.7897473844, 3.7723154862, 1.6500504015, 2.8365740238, 3.9748681182, 2.5589076592, 3.997028703, 2.9819088217, 3.5513610518, 2.8561501184, 4.2780841112, 3.3649233787, 1.9784204908, 3.1634443969, 2.656244032, 3.6428798259, 0.73102673156, 4.014699386, 1.718320865, 2.1547312301, 1.0317317422, 3.0965473143, 4.0747285226],
      [24.922975452, 17.6402100366, 22.1473024981, 20.8320706531, 33.2051969446, 20.6617295656, 25.3142191653, 24.1332584325, 4.9041310897, 5.9243863343, 2.231175982, 2.0821672026, 1.2911401743, 0.96225338917, 2.7074906644, 1.6893282032, 4.4616863647, 4.4728696491, 2.4972044828, 1.9860928268, 1.9524361137, 2.6841817656, 1.9757253077, 2.2289463757, 1.357672526, 5.5844400066, 6.0583538025, 3.2369704407, 2.1390922334, 4.4531641686, 2.2184901718, 1.0069025925, 1.5151226023, 3.9952411462, 1.0252828395, 4.0792991444, 3.2473081565, 2.0120336123, 5.1535240931, 1.0640245193, 5.8378155365, 3.4206054236, 2.8473173998, 3.2715564752, 2.8836663321, 6.5460689209, 5.4809772547, 2.9812957134, 6.0704422158, 3.1912873234]
    ],
    [
      [2.004786451, 1.8003281697, 2.3770285376, 1.1592135806, 1.4847493411, 1.7889309477, 2.6214628222, 1.0414510288, 9.0525613559, 5.9036237587, 9.3505175246, 7.5868221135, 11.1433471865, 8.8882363147, 9.5489852797, 5.3389201345, 8.7915221301, 2.798836861, 1.4990643074, 2.8956279354, 2.9627262369, 1.8774927758, 1.9550748521, 2.7445745352, 1.5326411161, 3.708749746, 2.7105164293, 1.1365542698, 1.2011176211, 2.2679046531, 1.1402521295, 1.0018639769, 0.77777518368, 1.0164887168, 3.001453355, 1.5115776095, 2.1979763776, 2.419997273, 1.3837031028, 2.6016824017, 0.10364340195, 2.6733233634, 1.4708789616, 1.8320003509, 1.0043485455, 0.024666557498, 2.3936747479, 0.087792842815, 0.16562801413, 1.1331290147],
      [0.043063379353, 1.9799562308, 0.78794647788, 0.67780595917, 0.59795452657, 0.58157969327, 1.5029276888, 0.95385135541, 5.5785182492, 7.9381859213, 8.9973905015, 6.4977559971, 4.9697470452, 6.4635912443, 4.1118942449, 6.8681139501, 7.9422193559, 0.93491047701, 0.87286728912, 1.9630647085, 1.0333323675, 1.1771169748, 1.950937045, 2.019185712, 1.7150544668, 1.0415663503, 1.9394925033, 1.8999568951, 0.82327335337, 0.11905830645, 1.9253262401, 1.0093606125, 0.71213691774, 2.0006198877, 1.9944910634, 2.151041122, 1.0462203671, 1.2791202685, 1.2279992826, 0.063511152567, 0.088747745979, 0.054523404709, 1.7215321304, 0.83948455868, 1.520384241, 2.6276740315, 0.85959830759, 1.9861828967, 1.9685009153, 0.22338388322],
      [10.8775266157, 3.164784556, 1.750902028, 2.7085556344, 2.1007060779, 4.7596879398, 4.6582725386, 3.1490278329, 20.2976923636, 29.2176457457, 31.1904281902, 40.7285589858, 40.3652937152, 24.7946202857, 33.3634212433, 29.0877797899, 25.2464818714, 3.6498907022, 3.3104698335, 3.1378524514, 4.954183584, 4.5343846299, 1.0537375475, 4.480823613, 5.9878703201, 2.0455880539, 4.9310480891, 3.8165257029, 3.7920822522, 4.0086229566, 6.6781841482, 7.9744822092, 4.8420372089, 4.9904372572, 5.0015406681, 1.7201554436, 2.3036884973, 6.8621425211, 3.0044648724, 1.0413259593, 1.8844583041, 4.178785179, 1.5975580729, 3.9633511981, 0.62299928739, 1.8249628756, 5.6526136087, 6.9459345136, 2.0469432829, 2.457187672],
      [1.0746235539, 0.05493104345, 0.084122956504, 0.45442482588, 0.8165900545, 0.86980141916, 1.2173369504, 2.8556697829, 9.0712280313, 9.9405445743, 10.4616637837, 7.1868629035, 9.5216120532, 15.8535521552, 13.9756992321, 9.7051861255, 5.0197766425, 1.6163619598, 1.3175985699, 2.0034549047, 1.0497578116, 1.4110056195, 0.040250555442, 0.75541613971, 0.76443409688, 0.20409584976, 0.41894297822, 0.14696313229, 0.18352677339, 0.60441408384, 1.2562374822, 2.0142932014, 0.66805068967, 2.9924541382, 1.0025149135, 1.617225825, 0.45211475796, 0.43873993739, 1.3838327422, 1.2934804864, 0.92315054796, 2.0933680529, 2.2100308351, 1.3651638923, 1.8522679261, 2.5226965354, 4.0941133357, 1.9800897469, 4.8189277877, 1.18629943]
    ],
    [
      [1.9928932249, 3.6188456426, 4.6953636676, 1.4550656021, 3.5914272388, 4.2590427324, 2.2571569731, 2.8744294186, 7.5967516883, 8.0459896011, 5.2786286281, 6.6627292156, 2.1810511759, 3.3917682549, 5.4907588619, 3.9387916148, 16.7350681704, 48.398021029, 51.6808737344, 37.2702051985, 41.1334891648, 45.3394869202, 46.0260288929, 49.4366425229, 42.1527822119, 4.5493888598, 7.0965108444, 5.9728071901, 3.9787012178, 5.4453432618, 4.9312122162, 5.9919343374, 2.2329957046, 1.0024603735, 5.9721303366, 5.4679914146, 3.8745083197, 7.2705540584, 4.0271755254, 4.9665895065, 2.0843754546, 5.9644680697, 7.7588201133, 7.6324708482, 5.4144555851, 8.3482602055, 5.1425957377, 4.9391320819, 6.8884838413, 6.6128934157],
      [0.99893258712, 0.96776891765, 1.6125488558, 0.82453821877, 1.4584828317, 1.4220613743, 0.40286999792, 0.10685384518, 0.71493010656, 0.07075738011, 0.95484138507, 0.24524903786, 0.057518470465, 2.5806256232, 1.6586106767, 0.9825714687, 2.9103122619, 1.4235657545, 6.576829458, 2.9671496945, 3.9543212513, 5.0319560099, 6.9604637275, 8.281194375, 2.9208172416, 0.058249846336, 0.41404403292, 0.052574250373, 0.10058074912, 1.0276198291, 0.012535672372, 0.0071182917813, 0.58982566895, 0.0016808457804, 0.018376799042, 1.1619693279, 0.058571609092, 0.58105238637, 1.4170990138, 0.035904767263, 0.93181176052, 0.013129457634, 0.30867615289, 0.38210101655, 0.054520093972, 2.3548497361, 1.2763367845, 2.9194537233, 0.7548221044, 0.70070178478],
      [2.9712551455, 3.595139917, 2.2141333668, 0.6390123722, 1.5993655036, 3.0091609591, 1.3799373666, 1.1234034866, 2.0951974693, 5.8329244538, 1.6242333417, 1.6874609465, 1.697692332, 1.8614068318, 1.3887951704, 2.4675770603, 6.6150056719, 4.9113629624, 3.6235463351, 10.7365706576, 7.9482907162, 6.6582433182, 6.9959253703, 7.5732531931, 11.844753604, 0.85408623828, 2.3540612006, 1.0577284934, 2.1031243113, 1.4777657681, 1.1618766999, 1.0061733157, 1.7712224567, 1.9937118142, 1.0039151412, 2.2224775318, 1.1938650483, 4.141730584, 2.0337566817, 1.9330849812, 1.959650208, 1.8148990998, 0.67943261363, 2.7156583871, 0.78961494265, 1.0938273511, 1.1395421283, 1.0690719952, 1.0142821661, 1.5915504797],
      [0.036919042412, 0.8182455227, 0.47795410984, 1.0813838069, 0.35072442593, 1.3097349342, 0.9600356624, 1.8953132496, 0.59312073593, 0.050328564983, 1.1422966451, 0.40456080006, 0.063738021588, 0.16619929013, 1.461835291, 0.61105985619, 1.7396138958, 3.2670502541, 3.1187504724, 2.0260744495, 1.9638988677, 1.9703137517, 1.0175820094, 0.70890990905, 1.0816469426, 0.53827505555, 0.13538392212, 0.91689006611, 0.81759372176, 0.049271140907, 0.89437541149, 0.99477405514, 1.4059561698, 0.0021469665224, 0.0055777231336, 0.14756172579, 0.8730550229, 0.006662971271, 0.52196877911, 0.064420745105, 0.024162576887, 0.20750337286, 0.25307112017, 1.2697697481, 0.74140937827, 0.2030627072, 1.4415253494, 0.072342199515, 0.34241188824, 0.094854319793]
    ],
    [
      [2.0093254041, 1.8428646397, 2.7799385877, 1.9311014561, 0.92201163191, 1.8870225495, 1.2903589329, 1.0931410037, 1.467408604, 0.96650460817, 2.4146985023, 1.4777614897, 1.2351444385, 4.6308512624, 3.3938051385, 3.7185027311, 0, 1.5404394404, 4.6869877794, 2.8951744485, 7.7899156824, 4.6434162555, 3.9709158327, 2.1573412732, 2.682939548, 22.8449367575, 17.8124752673, 19.2063140994, 20.0943036688, 27.1801905631, 16.159729471, 17.001355995, 16.3471448926, 3.0221589208, 2.9871321288, 2.0865766635, 1.0188568295, 1.7301518405, 2.5409791572, 1.9996271583, 3.8863754376, 1.1992668597, 4.7807153615, 2.0612189797, 4.480766969, 1.9021637407, 3.5053885854, 1.9709059998, 2.0588472862, 2.5272740199],
      [0.99470434746, 0.078092457724, 3.3153899067, 2.2968810213, 2.5149076288, 3.0924044117, 1.5678317087, 2.8894279985, 2.1326990136, 1.9946225289, 1.318780355, 0.045813414378, 0.076462371423, 2.016710998, 0.86433707138, 2.9346777287, 0, 0.44632857277, 2.2814848619, 0.98785821785, 1.086994008, 3.3642478953, 1.0461753168, 0.59050838581, 1.4275160795, 10.2210840963, 6.2222288501, 10.9577154311, 7.2733253739, 6.6725955627, 11.8146716796, 9.9699580894, 15.2054330928, 5.9757802876, 1.9934515241, 2.4094199354, 0.60821983101, 0.85323252747, 0.73326773596, 1.9675158711, 1.0925795816, 1.7707521591, 2.8752422132, 1.0876189534, 2.0080386451, 1.1153146625, 2.107269458, 1.052241288, 1.8177408012, 3.1313938445],
      [0.037337456038, 0.017423910847, 0.088392082684, 0.70496493691, 0.097197449477, 0.62363174972, 0.38418590067, 1.008081756, 1.0266083107, 1.9248608455, 0.5594398709, 0.23566853292, 0.16290173415, 0.97675693278, 0.82582863029, 0.36706973358, 0, 0.39046407523, 0.20913576886, 0.032842384436, 0.040221680636, 0.35139821973, 0.03658291606, 0.13700033954, 1.3791688673, 2.4284946642, 7.1713871068, 4.1215805058, 7.1036088588, 3.0211242383, 3.3757737009, 3.0320829176, 7.1633306907, 1.0133098133, 0.015282927595, 1.5143314625, 0.86578196896, 0.0063497558508, 0.44217623805, 1.8176200978, 0.11125610107, 1.1808411685, 0.87097146984, 1.4884990288, 1.0754014271, 0.99686254955, 0.2991187612, 1.9620586782, 0.96060542026, 2.5032906305],
      [2.9586327924, 1.0616189917, 0.81627942293, 5.0670525856, 2.4658832898, 2.3969412891, 1.7576234577, 2.0093492418, 4.3732840717, 2.1140120174, 0.7070812718, 2.240756563, 2.5254914559, 8.3756808068, 3.9160291598, 5.9797498067, 0, 2.6227679116, 2.8223915899, 2.0841249492, 3.0828686289, 3.6409376295, 3.9463259344, 1.1151500015, 1.5103755053, 27.505484482, 22.7939087758, 26.7143899637, 29.5287620985, 18.1260896359, 28.6498251485, 21.996602998, 32.2840913239, 9.9887509784, 4.0041334195, 2.9896719386, 2.5071413705, 2.4102658761, 6.2835768688, 5.2152368728, 4.9097888798, 3.8491398127, 3.4730709555, 3.3626630382, 5.4357929588, 5.9856590472, 3.0882231954, 3.014794034, 6.1628064923, 2.8380415051]
    ],
    [
      [0.031852265411, 0.19988476924, 1.1412848403, 0.66106005208, 1.3254488037, 0.82950222558, 1.0039496173, 0.96531935179, 2.9896042276, 0.030844967634, 0.96651262019, 1.25170015, 1.8107633195, 3.0057364685, 0.50157130347, 1.3760763018, 0.81127758402, 2.273263945, 1.9337314256, 1.1086506376, 2.0395246794, 0.73817375619, 2.0109544972, 0.9086050732, 2.3086273183, 1.2970347746, 0.12963940887, 0.17433582465, 0.27749209831, 2.2614797495, 0.17492686975, 0.023207756373, 0.48398632119, 6.9923572109, 6.0620090322, 10.7836703456, 17.5334460942, 6.445018297, 5.317233546, 14.1199737452, 11.1544779525, 8.3215798881, 1.170164334, 0.58751968281, 1.3750771149, 0.99921309826, 1.707787844, 1.0201964748, 1.4988303288, 3.1212675796],
      [1.9701402995, 1.3671419006, 0.63403410997, 0.3117467483, 0.12966755828, 0.72501417946, 2.2189222614, 2.0364782972, 0.7498974133, 0.045492676175, 1.3689307202, 1.0866931188, 1.8434554984, 0.99388589633, 0.63228026227, 1.2396998627, 0.66455244923, 0.99494422711, 1.8332457337, 1.0162312159, 1.0045631986, 1.4189381059, 1.0314598776, 1.8378803749, 0.97315783396, 0.60517498818, 1.0286883025, 2.7247519622, 2.5237348488, 0.73125258347, 1.9037895158, 2.9827927133, 0.43277500306, 3.0016208245, 6.9763903009, 5.1186348177, 1.2104819809, 5.5587407735, 4.5249729635, 4.034897791, 6.8242448034, 1.7858727136, 1.783874704, 1.733797178, 2.1600299656, 0.28954985799, 0.71158822008, 0.04563315861, 0.70853571635, 0.6514460521],
      [1.0093542574, 3.119128904, 4.8147711388, 1.6364390123, 1.4139532537, 1.8542482692, 2.4155886057, 2.9041848772, 3.2293024194, 2.9671565902, 2.483419494, 3.6310120462, 1.7997089117, 2.2218509228, 2.5653025817, 4.0885667378, 2.9599627856, 0.93648487529, 1.015216724, 2.019390994, 1.0359619744, 0.96149916322, 2.9470313824, 2.0722135312, 4.8222790109, 0.93420078905, 2.2496349082, 1.1527096831, 2.9512141457, 3.6097513773, 0.97967331924, 2.0094112488, 1.07949676, 12.9906198524, 19.0039079643, 10.3994410874, 24.4564744105, 19.8703721268, 16.6244480071, 17.5147436992, 25.7363210431, 16.5179621438, 1.9430814686, 2.9390039828, 3.47450196, 2.7076552373, 0.40888592779, 3.9803635799, 2.4743317034, 4.0309342136],
      [3.9886531776, 8.3138444262, 4.4099099109, 2.3907541874, 3.1309303843, 2.5912353257, 2.3615395156, 4.0940174738, 1.0311959397, 3.9565057659, 3.1811371657, 2.0305946851, 5.5460722704, 4.7785267124, 1.3008458526, 2.2956570977, 2.5642071811, 2.7953069526, 2.2178061167, 7.8557271525, 5.9199501476, 2.8813889747, 2.0105542427, 2.1813010207, 2.8959358369, 3.1635894482, 4.5920373804, 3.94820253, 3.2475589073, 6.3975162897, 3.9416102952, 3.9845882815, 2.0037419158, 20.0154021122, 24.9576927026, 27.6982537493, 23.7995975144, 21.1258688027, 27.5333454834, 27.3303847646, 16.284956201, 16.3745852545, 3.1028794934, 3.7396791564, 3.9903909596, 3.0035818064, 2.1717380081, 3.9538067866, 3.3183022515, 2.1963521547]
    ],
    [
      [8.911091023, 6.3762999764, 5.968254471, 4.1731183665, 6.1145249345, 5.7275343536, 7.408988042, 6.0037036333, 5.4485094926, 5.96851775, 7.3522077227, 7.2309491369, 5.8184142474, 5.0230435786, 6.0330458138, 7.7468820525, 5.9016023618, 7.8670890734, 3.704248467, 9.9363481755, 6.0419146148, 4.3674262782, 7.9815585612, 2.3003071293, 7.2140166447, 4.3726222412, 6.233057904, 7.5684775274, 6.5386728957, 5.7643136144, 6.7289834534, 11.9701035852, 4.8641313401, 12.9676433965, 7.9809112255, 7.8594717495, 7.8117837647, 6.5669300536, 6.9309058938, 6.0822522819, 7.8374181955, 16.8922123313, 42.0585734084, 44.3058325709, 45.2426006749, 43.5426467805, 39.356237225, 40.0143238675, 35.0324713171, 41.2746285987],
      [1.0273406877, 2.3995016176, 0.7830671987, 0.93299716395, 3.3381678107, 2.6899980846, 2.746560322, 2.007278574, 3.7362314744, 2.9209486961, 2.6425220221, 1.9788092041, 1.2389078733, 0.13959651291, 1.1480032626, 0.85948450687, 2.0354650892, 1.6657911194, 0.72642160309, 0.033660196361, 1.9117460859, 0.85056162891, 2.9835188833, 0.45980086778, 0.82744163319, 2.0193507109, 0.59765620031, 0.33323037502, 0.10020589277, 0.63345644641, 0.26363694778, 0.024075352847, 1.4278261368, 0.011459385196, 0.020845895725, 1.0803072106, 0.74339310108, 0.58532024519, 1.4151112508, 0.17049033465, 0.99758559976, 0.40172120841, 11.5617198465, 8.5405390676, 7.6381438831, 6.0600511152, 8.5752315747, 11.9771651221, 9.2731292054, 5.8898976529],
