{
  "X": [
    [35, 5, 44, 16],
    [37, 8, 41, 14],
    [35, 12, 37, 16],
    [38, 19, 27, 16],
    [44, 8, 31, 17],
    [34, 13, 26, 27],
    [36, 13, 37, 14],
    [44, 9, 33, 14],
    [42, 12, 22, 24],
    [39, 16, 20, 25],
    [40, 15, 23, 22],
    [46, 16, 21, 17],
    [46, 18, 19, 17],
    [44, 15, 24, 17],
    [44, 8, 36, 12],
    [36, 17, 26, 21],
    [33, 12, 27, 28],
    [24, 17, 27, 32],
    [22, 22, 24, 32],
    [10, 16, 34, 40],
    [25, 24, 22, 29],
    [28, 21, 26, 25],
    [19, 14, 32, 35],
    [16, 18, 26, 40],
    [26, 18, 28, 28],
    [24, 13, 45, 18],
    [26, 16, 43, 15],
    [20, 16, 52, 12],
    [27, 15, 44, 14],
    [17, 15, 47, 21],
    [27, 18, 40, 15],
    [24, 13, 50, 13],
    [24, 19, 40, 17],
    [42, 13, 24, 21],
    [50, 9, 22, 19],
    [37, 10, 27, 26],
    [34, 11, 22, 33],
    [31, 10, 31, 28],
    [43, 6, 25, 26],
    [46, 7, 28, 19],
    [40, 9, 29, 22],
    [33, 17, 22, 28],
    [20, 30, 18, 32],
    [21, 26, 19, 34],
    [12, 38, 18, 32],
    [10, 37, 25, 28],
    [15, 33, 23, 29],
    [21, 42, 15, 22],
    [20, 27, 21, 32],
    [18, 28, 24, 30]
  ],
  "W": [
    [60, 5, 12, 10, 6, 7],
    [58, 12, 8, 4, 7, 11],
    [51, 9, 14, 9, 7, 10],
    [57, 13, 6, 5, 6, 13],
    [63, 9, 7, 6, 8, 7],
    [54, 12, 14, 6, 7, 7],
    [47, 16, 11, 10, 6, 10],
    [58, 12, 8, 8, 6, 8],
    [25, 37, 13, 9, 6, 10],
    [6, 64, 5, 6, 7, 12],
    [5, 51, 12, 7, 13, 12],
    [14, 55, 7, 8, 9, 7],
    [8, 55, 9, 11, 8, 9],
    [8, 62, 10, 4, 10, 6],
    [10, 58, 5, 7, 10, 10],
    [8, 58, 8, 7, 10, 9],
    [6, 48, 26, 8, 8, 4],
    [11, 7, 56, 10, 9, 7],
    [11, 13, 50, 8, 12, 6],
    [9, 4, 59, 13, 5, 10],
    [11, 6, 52, 9, 9, 13],
    [14, 9, 52, 14, 7, 4],
    [5, 8, 59, 10, 10, 8],
    [5, 11, 52, 8, 10, 14],
    [8, 6, 62, 2, 10, 12],
    [8, 12, 7, 60, 7, 6],
    [5, 9, 9, 60, 8, 9],
    [7, 5, 11, 61, 10, 6],
    [13, 3, 12, 60, 4, 8],
    [7, 4, 7, 64, 9, 9],
    [4, 8, 5, 58, 14, 11],
    [12, 6, 10, 55, 5, 12],
    [6, 6, 8, 68, 7, 5],
    [13, 9, 5, 21, 42, 10],
    [6, 13, 9, 8, 56, 8],
    [13, 7, 11, 8, 52, 9],
    [5, 7, 10, 8, 58, 12],
    [8, 8, 13, 7, 52, 12],
    [6, 4, 7, 7, 68, 8],
    [12, 6, 4, 8, 62, 8],
    [12, 9, 6, 8, 60, 5],
    [8, 7, 9, 7, 44, 25],
    [13, 9, 15, 6, 6, 51],
    [7, 10, 9, 8, 13, 53],
    [13, 4, 8, 8, 5, 62],
    [7, 14, 8, 6, 8, 57],
    [8, 9, 9, 8, 9, 57],
    [10, 10, 6, 8, 7, 59],
    [10, 10, 10, 10, 9, 51],
    [9, 5, 8, 12, 12, 54]
  ],
  "method": "mcmc",
  "mcmc_stepsize": 3000,
  "mcmc_samples": 1000,
  "burn_in": 10000,
  "cond_prob": [
    [
      [0.38561025433, 0.041015145684, 0.42471975157, 0.14865484841],
      [0.36764041285, 0.17737020508, 0.40493399274, 0.050055389327],
      [0.3106516634, 0.07690258093, 0.48914413862, 0.12330161705],
      [0.23539518322, 0.016135167352, 0.55207194944, 0.19639769999],
      [0.31673487284, 0.031689974001, 0.37959640611, 0.27197874705],
      [0.29185737801, 0.053988249265, 0.40344533532, 0.2507090374]
    ],
    [
      [0.40283804163, 0.06691450714, 0.40220218958, 0.12804526165],
      [0.4075678787, 0.15739995943, 0.3330779721, 0.10195418977],
      [0.2585733472, 0.21494088357, 0.39175932581, 0.13472644343],
      [0.21215273322, 0.0034842676979, 0.77263562041, 0.011727378672],
      [0.27573098325, 0.017504790297, 0.53539507312, 0.17136915333],
      [0.35429676798, 0.034014672845, 0.33663224904, 0.27505631013]
    ],
    [
      [0.37402941223, 0.1170142437, 0.35318120271, 0.15577514137],
      [0.44266998272, 0.11275922891, 0.33243144393, 0.11213934444],
      [0.28336893523, 0.21304282957, 0.35873444727, 0.14485378794],
      [0.32960365486, 0.10925971362, 0.44658778676, 0.11454884476],
      [0.28925621777, 0.0012343578718, 0.56672820391, 0.14278122045],
      [0.29820786208, 0.10428629696, 0.29872058967, 0.29878525129]
    ],
    [
      [0.42607798387, 0.16451243898, 0.26447493839, 0.14493463876],
      [0.42493456955, 0.17850784735, 0.23529198765, 0.16126559545],
      [0.27662241042, 0.43002938895, 0.20219554616, 0.091152654469],
      [0.17648507408, 0.15655938888, 0.62930302628, 0.037652510766],
      [0.28589038111, 0.18917151764, 0.29850051339, 0.22643758786],
      [0.30245410738, 0.21570665988, 0.20888009105, 0.27295914169]
    ],
    [
      [0.4648279755, 0.075676846636, 0.30277282009, 0.15672235778],
      [0.45890299106, 0.20839880052, 0.22041240933, 0.11228579909],
      [0.3954435024, 0.13310437505, 0.29377103772, 0.17768108483],
      [0.32552702101, 0.017177085599, 0.48782344569, 0.1694724477],
      [0.39865872372, 0.0079014736386, 0.34947141435, 0.24396838829],
      [0.3821677416, 0.036966361309, 0.30892734253, 0.27193855456]
    ],
    [
      [0.36035218583, 0.12406315188, 0.26006931482, 0.25551534748],
      [0.40260439523, 0.093799384362, 0.25453397158, 0.24906224883],
      [0.2676168054, 0.27220964657, 0.22672972761, 0.23344382043],
      [0.31527560834, 0.16112908876, 0.34056681681, 0.18302848609],
      [0.30548331353, 0.012626602577, 0.38472240549, 0.29716767841],
      [0.27615101463, 0.044128769111, 0.14159648789, 0.53812372837]
    ],
    [
      [0.39677096812, 0.1235126901, 0.3540045224, 0.12571181938],
      [0.42685855201, 0.12673500008, 0.30600697908, 0.14039946883],
      [0.27182922711, 0.2430074826, 0.39353739611, 0.09162589418],
      [0.28678192509, 0.099558790335, 0.51279334042, 0.10086594415],
      [0.32940107969, 0.029920455074, 0.50204224291, 0.13863622233],
      [0.26876804388, 0.13189506217, 0.2996577563, 0.29967913765]
    ],
    [
      [0.46775755934, 0.079622845446, 0.32301677955, 0.12960281566],
      [0.53491739154, 0.10897680624, 0.23598069096, 0.12012511126],
      [0.36206065612, 0.21905792076, 0.29556834876, 0.12331307436],
      [0.33246599156, 0.10713294168, 0.4510924399, 0.10930862686],
      [0.38096612132, 0.0089707735395, 0.52506420169, 0.084998903451],
      [0.32613036878, 0.05135021856, 0.28869837187, 0.3338210408]
    ],
    [
      [0.44228342488, 0.11775214946, 0.20043089918, 0.23953352648],
      [0.45822518024, 0.10830767728, 0.21685815185, 0.21660899063],
      [0.38130676707, 0.2336714227, 0.15253653445, 0.23248527578],
      [0.33158502115, 0.10855218618, 0.33953549332, 0.22032729935],
      [0.34976135637, 0.0038735197425, 0.32039575841, 0.32596936548],
      [0.39487614085, 0.10108729152, 0.20043069637, 0.30360587126]
    ],
    [
      [0.58639350381, 0.041316423057, 0.1436411419, 0.22864893123],
      [0.41673740333, 0.16401738876, 0.18989719233, 0.22934801558],
      [0.25236252315, 0.31017313589, 0.19299953947, 0.24446480149],
      [0.29466151337, 0.18065676417, 0.4077316215, 0.11695010095],
      [0.40236753591, 0.081943922279, 0.2223183164, 0.29337022541],
      [0.24700755973, 0.17054790507, 0.16809309985, 0.41435143535]
    ],
    [
      [0.58802851458, 0.0034381421642, 0.21364394072, 0.19488940253],
      [0.43263707558, 0.13768412681, 0.21564680995, 0.21403198765],
      [0.33524043332, 0.325608516, 0.16741884205, 0.17173220863],
      [0.28385927958, 0.28234817102, 0.29213293916, 0.14165961024],
      [0.38398019012, 0.080392326554, 0.37345415663, 0.16217332669],
      [0.33281032865, 0.086006598943, 0.16874435616, 0.41243871625]
    ],
    [
      [0.56560745244, 0.13818100364, 0.1581685534, 0.13804299051],
      [0.45772617822, 0.18174713455, 0.19786203777, 0.16266464946],
      [0.41907907145, 0.15069249901, 0.27724234116, 0.15298608838],
      [0.37625185781, 0.12466190488, 0.37158688416, 0.12749935315],
      [0.45239802097, 0.11041665638, 0.21006135416, 0.22712396849],
      [0.41305790181, 0.14621155846, 0.15704064657, 0.28368989316]
    ],
    [
      [0.61898548813, 0.12162565133, 0.13278726752, 0.12660159302],
      [0.45691691439, 0.19918110796, 0.18056357827, 0.16333839938],
      [0.44420109606, 0.32526790249, 0.11643773078, 0.11409327066],
      [0.45078028308, 0.094302558408, 0.36090170475, 0.094015453759],
      [0.3802516809, 0.12865727147, 0.24391014758, 0.24718090004],
      [0.43547548642, 0.11978182387, 0.11528506054, 0.32945762917]
    ],
    [
      [0.58697783717, 0.10830235707, 0.17532937657, 0.12939042919],
      [0.46084942127, 0.15843240657, 0.22443089057, 0.15628728159],
      [0.36507518689, 0.30484069145, 0.21234151326, 0.1177426084],
      [0.26781350976, 0.052966691816, 0.67156793134, 0.0076518670804],
      [0.41061420204, 0.085751080913, 0.29350080337, 0.21013391368],
      [0.31722754258, 0.032164574213, 0.15632581339, 0.49428206982]
    ],
    [
      [0.564277926, 0.0023609645449, 0.321765031, 0.11159607845],
      [0.44555752298, 0.11478489681, 0.33875066824, 0.10090691197],
      [0.3692237095, 0.19822524764, 0.3812619335, 0.051289109363],
      [0.38641838085, 0.01103567687, 0.59713112236, 0.0054148199186],
      [0.42042388648, 0.0016608094864, 0.39947694827, 0.17843835577],
      [0.37595983291, 0.023388226824, 0.30538139254, 0.29527054773]
    ],
    [
      [0.48734768648, 0.12094094908, 0.25990007037, 0.13181129407],
      [0.38240401654, 0.15729464765, 0.25506721556, 0.20523412025],
      [0.25095348677, 0.36192154882, 0.25163672195, 0.13548824247],
      [0.28180096008, 0.2803185065, 0.29893380442, 0.138946729],
      [0.30305091597, 0.098333768957, 0.30219199908, 0.296423316],
      [0.32344908608, 0.11871591309, 0.22215005971, 0.33568494113]
    ],
    [
      [0.66158400919, 0.0016121726004, 0.16970286291, 0.1671009553],
      [0.33463051098, 0.14551864867, 0.24944531245, 0.27040552791],
      [0.30594697445, 0.15326695283, 0.26986647764, 0.27091959508],
      [0.24942102001, 0.12461718365, 0.37604071059, 0.24992108575],
      [0.25179989482, 0.0018088445994, 0.37329777502, 0.37309348556],
      [0.2509606909, 0.0022707071725, 0.24929288039, 0.49747572154]
    ],
    [
      [0.44424397358, 0.089523844302, 0.18989045591, 0.27634172621],
      [0.16637930241, 0.40758966347, 0.14441039453, 0.28162063958],
      [0.23035284144, 0.18054133041, 0.28193094874, 0.30717487941],
      [0.20392094669, 0.10409829271, 0.40239299957, 0.28958776103],
      [0.22741872108, 0.10871527759, 0.33230408076, 0.33156192057],
      [0.1375605852, 0.14748216286, 0.15679033872, 0.55816691322]
    ],
    [
      [0.36077682118, 0.18037615415, 0.19136944183, 0.26747758284],
      [0.24102617185, 0.22990778134, 0.22855598824, 0.30051005857],
      [0.21409027802, 0.223283402, 0.23926146266, 0.32336485733],
      [0.13459982441, 0.35190435371, 0.26532876542, 0.24816705646],
      [0.17814028046, 0.16558538558, 0.3210306764, 0.33524365757],
      [0.16318647856, 0.17677193173, 0.16427281995, 0.49576876976]
    ],
    [
      [0.20906225463, 0.10911936258, 0.35070545418, 0.33111292861],
      [0.25107596641, 0.2100345788, 0.25259832602, 0.28629112876],
      [0.086287749142, 0.18960060598, 0.33482766467, 0.3892839802],
      [0.077931430691, 0.1301452979, 0.40424485913, 0.38767841228],
      [0.0054723925077, 0.03323428325, 0.36633662476, 0.59495669948],
      [0.098268808183, 0.11332913797, 0.29915590999, 0.48924614385]
    ],
    [
      [0.37232315082, 0.17477687964, 0.18533585493, 0.26756411461],
      [0.18501262602, 0.48836882418, 0.16520271317, 0.16141583663],
      [0.2450355383, 0.2346599017, 0.22952249862, 0.29078206138],
      [0.22538097578, 0.21593933873, 0.33944252955, 0.21923715594],
      [0.23219112176, 0.21022503027, 0.22676770628, 0.33081614169],
      [0.22572097809, 0.23918824381, 0.14915594352, 0.38593483457]
    ],
    [
      [0.44625887133, 0.10783885645, 0.24083883468, 0.20506343754],
      [0.34332904618, 0.19364220305, 0.22695224561, 0.23607650517],
      [0.25281499982, 0.24450837674, 0.24613847905, 0.25653814439],
      [0.22544643879, 0.25484247548, 0.3260280334, 0.19368305233],
      [0.19709226911, 0.14629037, 0.36942036052, 0.28719700037],
      [0.2450345921, 0.11030333623, 0.15903755055, 0.48562452111]
    ],
    [
      [0.58925351188, 0.0016509913018, 0.20289004616, 0.20620545065],
      [0.24915340369, 0.24732727661, 0.25114500397, 0.25237431573],
      [0.18618265473, 0.15270351879, 0.32148571388, 0.3396281126],
      [0.10108173146, 0.10129535188, 0.49901772875, 0.2986051879],
      [0.10312700477, 0.097631914292, 0.30204756303, 0.49719351791],
      [0.12920515246, 0.12679332003, 0.24975996258, 0.49424156493]
    ],
    [
      [0.4046792045, 0.0062433430023, 0.19501947618, 0.39405797632],
      [0.18192469434, 0.26984625934, 0.18238744713, 0.36584159919],
      [0.15209306571, 0.21167090555, 0.25021352966, 0.38602249908],
      [0.13268868066, 0.1248289874, 0.37825668246, 0.36422564948],
      [0.10376188608, 0.09712384972, 0.39872416889, 0.40039009531],
      [0.14053318691, 0.14455121051, 0.21387442927, 0.50104117331]
    ],
    [
      [0.37049047964, 0.1342993055, 0.25533412317, 0.23987609169],
      [0.33615963583, 0.29776106405, 0.18258488649, 0.18349441363],
      [0.25538272475, 0.19489311857, 0.27598505574, 0.27373910093],
      [0.038221314118, 0.01682139089, 0.91401916767, 0.030938127319],
      [0.22276491655, 0.094194633904, 0.29958027963, 0.38346016992],
      [0.24010813497, 0.17333972495, 0.24390859233, 0.34264354776]
    ],
    [
      [0.36293861327, 0.081094249333, 0.37133847434, 0.18462866305],
      [0.32663801683, 0.10990799424, 0.37228107984, 0.19117290909],
      [0.12390228785, 0.2617814742, 0.41763041218, 0.19668582577],
      [0.21902840278, 0.13031783835, 0.49962931939, 0.15102443947],
      [0.25385447361, 0.055321740621, 0.46232220809, 0.22850157768],
      [0.23180556578, 0.16559287826, 0.23741529033, 0.36518626564]
    ],
    [
      [0.56013622093, 0.012336233695, 0.39874582558, 0.028781719791],
      [0.27456386654, 0.2912053074, 0.31553371307, 0.11869711299],
      [0.20688504257, 0.21256897574, 0.44298458787, 0.13756139382],
      [0.24394001657, 0.15300736497, 0.46142022665, 0.14163239182],
      [0.28340367352, 0.11440818052, 0.46020843368, 0.14197971227],
      [0.2180720368, 0.14540477124, 0.31252501056, 0.32399818139]
    ],
    [
      [0.30501122554, 0.22667987294, 0.41127022615, 0.057038675365],
      [0.23064211696, 0.32449460357, 0.40701669064, 0.037846588826],
      [0.19165094774, 0.20548623924, 0.50354913254, 0.099313680488],
      [0.18405601629, 0.14610519723, 0.56351736931, 0.10632141716],
      [0.23548770373, 0.10661754363, 0.44891424624, 0.2089805064],
      [0.17020939668, 0.091971128769, 0.44721375256, 0.29060572199]
    ],
    [
      [0.4482828346, 0.13731501399, 0.31665640358, 0.097745747829],
      [0.2810039208, 0.16409054463, 0.46856931048, 0.086336224086],
      [0.21841371938, 0.27877359459, 0.34592444493, 0.1568882411],
      [0.24453328674, 0.11599561158, 0.52556924522, 0.11390185646],
      [0.4331925859, 0.17114245709, 0.12223514878, 0.27342980823],
      [0.16294740093, 0.21663044077, 0.28794627179, 0.33247588651]
    ],
    [
      [0.30954646742, 0.13172954479, 0.40480135847, 0.15392262932],
      [0.42363511642, 0.22196502218, 0.28418088238, 0.07021897902],
      [0.14864581829, 0.29657458864, 0.39116953144, 0.16361006162],
      [0.15209632184, 0.13973762966, 0.51559059506, 0.19257545344],
      [0.15158975763, 0.10922920171, 0.40288833313, 0.33629270753],
      [0.11107123532, 0.13197109596, 0.40752079548, 0.34943687324]
    ],
    [
      [0.38304633257, 0.020517192141, 0.43817001744, 0.15826645785],
      [0.46508804261, 0.28324332755, 0.12701641918, 0.12465221066],
      [0.22174179163, 0.36715170396, 0.23625659036, 0.17484991406],
      [0.22575425852, 0.16825273072, 0.49327040745, 0.1127226033],
      [0.35021738276, 0.1432192413, 0.34540364776, 0.16115972817],
      [0.24014645615, 0.18659075739, 0.2367791749, 0.33648361156]
    ],
    [
      [0.33745262999, 0.083709334066, 0.48372677355, 0.095111262393],
      [0.33190481367, 0.1630224579, 0.4829500824, 0.022122646028],
      [0.19182594436, 0.20264160374, 0.50006111435, 0.10547133754],
      [0.23428224266, 0.14067833154, 0.50239774265, 0.12264168315],
      [0.22116903309, 0.0088866458183, 0.57298659584, 0.19695772525],
      [0.17079263355, 0.1007663119, 0.48334652119, 0.24509453336]
    ],
    [
      [0.38818591679, 0.11047539619, 0.32049363383, 0.18084505319],
      [0.30527249121, 0.1871684959, 0.30576136941, 0.20179764348],
      [0.18043145691, 0.34727036926, 0.29922145309, 0.17307672074],
      [0.22074086295, 0.18528837642, 0.44176207557, 0.15220868505],
      [0.31640546267, 0.12391408821, 0.35404536768, 0.20563508144],
      [0.2341161955, 0.19379309582, 0.26611192861, 0.30597878007]
    ],
    [
      [0.53820840649, 0.077027633413, 0.23138356391, 0.15338039619],
      [0.44476951004, 0.22167158954, 0.22127310999, 0.11228579043],
      [0.39992158446, 0.19897019952, 0.20221301134, 0.19889520469],
      [0.38064267274, 0.14263995339, 0.28577452986, 0.19094284401],
      [0.40555292653, 0.11873552995, 0.23807586226, 0.23763568127],
      [0.39740381614, 0.10264141831, 0.19890392806, 0.30105083749]
    ],
    [
      [0.66730650253, 0.012160679886, 0.16273080386, 0.15780201372],
      [0.47447306843, 0.22278584741, 0.15380363173, 0.14893745243],
      [0.43703168016, 0.11147587693, 0.32831723076, 0.12317521215],
      [0.48292889925, 0.014514401047, 0.37000990707, 0.13254679263],
      [0.50294200483, 0.084685058809, 0.21484164845, 0.19753128791],
      [0.48331781369, 0.021132313792, 0.13476266469, 0.36078720783]
    ],
    [
      [0.46551628731, 0.076445037481, 0.2316999182, 0.226338757],
      [0.41885110809, 0.27808764171, 0.14254780753, 0.16051344267],
      [0.34024985994, 0.18582433915, 0.26753844712, 0.20638735379],
      [0.2406665687, 0.012833309346, 0.50764879769, 0.23885132426],
      [0.37519554641, 0.090547609028, 0.26819789906, 0.2660589455],
      [0.31534234288, 0.022710127323, 0.22662915109, 0.43531837871]
    ],
    [
      [0.59260488809, 0.004732148714, 0.19870626203, 0.20395670117],
      [0.42921087411, 0.1410895218, 0.14500902095, 0.28469058315],
      [0.30029031647, 0.19837046357, 0.19763914937, 0.30370007059],
      [0.24974842133, 0.12676661331, 0.37639437135, 0.24709059401],
      [0.3292053644, 0.10226691766, 0.22413987662, 0.34438784132],
      [0.32814148086, 0.088282819785, 0.16697885291, 0.41659684644]
    ],
    [
      [0.49440551041, 0.0044317826918, 0.25119349334, 0.24996921356],
      [0.25528995487, 0.24750217921, 0.25148492119, 0.24572294473],
      [0.30471470894, 0.15314732313, 0.30528502002, 0.23685294791],
      [0.28444186686, 0.0040500507394, 0.56852860498, 0.14297947743],
      [0.30855618958, 0.094386502098, 0.30872701158, 0.28833029674],
      [0.25042751126, 0.088097053321, 0.24803021556, 0.41344521985]
    ],
    [
      [0.59957969462, 0.020624520537, 0.20210057035, 0.1776952145],
      [0.32336156924, 0.19619069599, 0.25138620397, 0.2290615308],
      [0.38077482769, 0.14198683677, 0.2632059099, 0.21403242564],
      [0.3840506061, 0.031510712575, 0.35313982822, 0.2312988531],
      [0.44056719499, 0.051970953201, 0.24503767987, 0.26242417194],
      [0.34959103245, 0.042872803717, 0.22560867049, 0.38192749334]
    ],
    [
      [0.58067642806, 0.022921576467, 0.25208235504, 0.14431964043],
      [0.62813034033, 0.034878852146, 0.19119070236, 0.14580010516],
      [0.2891677367, 0.35930234722, 0.27398100906, 0.077548907015],
      [0.3752736877, 0.11596727628, 0.39180528716, 0.11695374886],
      [0.4545653808, 0.061219499756, 0.28475467683, 0.19946044262],
      [0.36514834544, 0.044388923182, 0.24283890359, 0.34762382779]
    ],
    [
      [0.51811001603, 0.07045165166, 0.24893097891, 0.16250735341],
      [0.45084519068, 0.24917759214, 0.18875064653, 0.11122657064],
      [0.23455624645, 0.098857177028, 0.41331532818, 0.25327124834],
      [0.33492520746, 0.016742110929, 0.42684134822, 0.22149133339],
      [0.40149903844, 0.076496996769, 0.28530384685, 0.23670011794],
      [0.30967832939, 0.11901641901, 0.26024377367, 0.31106147793]
    ],
    [
      [0.49755853278, 0.12488343013, 0.12688346506, 0.25067457203],
      [0.43164500426, 0.283565593, 0.14142531359, 0.14336408915],
      [0.22428927904, 0.22072815917, 0.33229093494, 0.22269162684],
      [0.28661496642, 0.14286317995, 0.42741510337, 0.14310675025],
      [0.31907998987, 0.15805625965, 0.20571111893, 0.31715263155],
      [0.31734355509, 0.16299609165, 0.19844566854, 0.32121468472]
    ],
    [
      [0.32565644928, 0.22540310354, 0.16426714226, 0.28467330492],
      [0.18082864172, 0.47897602288, 0.12907567885, 0.21111965654],
      [0.18397856057, 0.35242090674, 0.19236890845, 0.27123162425],
      [0.16937389044, 0.18136810432, 0.33935605044, 0.3099019548],
      [0.18689126359, 0.17622393448, 0.18242600684, 0.45445879509],
      [0.18121056963, 0.30053156106, 0.17032588374, 0.34793198557]
    ],
    [
      [0.39559123545, 0.12553599091, 0.19563632831, 0.28323644532],
      [0.31830377608, 0.28740218242, 0.11524286242, 0.27905117908],
      [0.13047015622, 0.42598798275, 0.11341060245, 0.33013125858],
      [0.15583825045, 0.22937856334, 0.36365899471, 0.2511241915],
      [0.15934766858, 0.22203323559, 0.24011193349, 0.37850716233],
      [0.1991578583, 0.25833724199, 0.17786216156, 0.36464273816]
    ],
    [
      [0.23726043422, 0.26141048701, 0.24640533228, 0.25492374649],
      [0.3318509216, 0.33698705563, 0.11778970026, 0.21337232252],
      [0.067780219194, 0.48271489375, 0.16596944709, 0.28353543997],
      [0.056873763041, 0.40059891791, 0.31548540978, 0.22704190927],
      [0.12098336225, 0.20652182154, 0.23896859447, 0.43352622174],
      [0.09654938709, 0.40571928783, 0.14966274277, 0.34806858231]
    ],
    [
      [0.38187261611, 0.26956823357, 0.18885923853, 0.15969991179],
      [0.14122639118, 0.42222948789, 0.22454543729, 0.21199868365],
      [0.014201517571, 0.46224875694, 0.26534700251, 0.25820272298],
      [0.028432698021, 0.32275409598, 0.48607690396, 0.16273630204],
      [0.032539508691, 0.24932697311, 0.2603264279, 0.4578070903],
      [0.08430171601, 0.37846805471, 0.23530702353, 0.30192320575]
    ],
    [
      [0.35091746935, 0.23746458761, 0.15965869672, 0.25195924632],
      [0.1375175413, 0.4189911795, 0.22536870414, 0.21812257507],
      [0.10585867371, 0.42971896599, 0.21695519841, 0.2474671619],
      [0.13689165703, 0.33459771462, 0.29743093717, 0.23107969118],
      [0.12535392251, 0.23133016356, 0.31829747212, 0.32501844181],
      [0.13647290792, 0.32812524212, 0.21925772907, 0.3161441209]
    ],
    [
      [0.35933492968, 0.35005925039, 0.10920996765, 0.18139585228],
      [0.29754176028, 0.38305870015, 0.12167369312, 0.19772584645],
      [0.1706287436, 0.60328829079, 0.082158810398, 0.14392415522],
      [0.15861557769, 0.46051064775, 0.23363540472, 0.14723836984],
      [0.14921759866, 0.29079405199, 0.37540353714, 0.1845848122],
      [0.18803411571, 0.42931266447, 0.13053055139, 0.25212266843]
    ],
    [
      [0.3198508708, 0.19755913428, 0.21414055809, 0.26844943683],
      [0.2222760216, 0.29360692624, 0.19765355076, 0.28646350139],
      [0.19449192624, 0.30165890423, 0.20257898283, 0.30127018669],
      [0.21397414071, 0.26953194131, 0.23719799489, 0.27929592309],
      [0.13598916321, 0.29758053663, 0.31607351928, 0.25035678089],
      [0.18176799878, 0.26859227666, 0.18901230315, 0.36062742141]
    ],
    [
      [0.35565462473, 0.19569040217, 0.23740002528, 0.21125494782],
      [0.20123355779, 0.37195909076, 0.22518497357, 0.20162237788],
      [0.14031214759, 0.36063477273, 0.24759511292, 0.25145796676],
      [0.17902830288, 0.23880088602, 0.33492953532, 0.24724127578],
      [0.17866953781, 0.23814524942, 0.25141891676, 0.33176629602],
      [0.15514943184, 0.2920473911, 0.21704689956, 0.33575627749]
    ]
  ],
  "expected_outcome": [
    [
      [23.1366152596, 23.3646064145, 19.0755000235, 24.2864450804, 29.2841624566, 19.4590180346, 18.6482355018, 27.129938442, 11.057085622, 3.5183610229, 2.9401425729, 7.9185043342, 4.951883905, 4.6958226974, 5.64277926, 3.8987814918, 3.9695040551, 4.8866837094, 3.9685450329, 1.8815602916, 4.0955546591, 6.2476241986, 2.9462675594, 2.0233960225, 2.9639238372, 2.9035089061, 2.8006811047, 2.1350785788, 5.8276768498, 2.166825272, 1.5321853303, 4.0494315598, 2.3291155008, 6.9967092844, 4.0038390152, 6.0517117351, 2.9630244404, 3.9552440833, 3.5974781677, 6.9681171367, 6.2173201923, 3.9804682623, 4.2335338407, 2.7691386482, 3.0843856449, 2.6731083128, 2.8073397548, 3.5933492968, 3.198508708, 3.2008916226],
      [2.4609087411, 3.8810414141, 5.9677264286, 9.377209022, 4.767641338, 6.6994102013, 5.8050964346, 4.6181250359, 2.9438037364, 0.24789853834, 0.017190710821, 1.934534051, 0.97300521063, 0.86641885654, 0.023609645449, 0.96752759264, 0.0096730356023, 0.98476228732, 1.9841376957, 0.98207426326, 1.922545676, 1.5097439903, 0.0082549565092, 0.031216715011, 1.074394444, 0.64875399466, 0.061681168476, 1.5867591106, 1.7850951819, 0.92210681352, 0.082068768566, 1.0045120088, 0.66285237711, 1.0013592344, 0.072964079316, 0.99378548726, 0.02366074357, 0.035454261534, 0.12374712322, 0.27505891761, 0.84541981992, 0.99906744103, 2.930240346, 0.8787519364, 3.3983363311, 1.886977635, 1.8997167009, 3.5005925039, 1.9755913428, 1.7612136196],
      [25.4831850945, 23.3277269954, 18.012241338, 15.0750714881, 19.0746876654, 14.0437430001, 16.6382125529, 18.7349732141, 5.0107724795, 0.86184685139, 1.0682197036, 2.2143597477, 1.0622981402, 1.4026350126, 3.21765031, 2.079200563, 1.0182171775, 2.0887950151, 2.1050638601, 3.1563490876, 2.0386944042, 3.3717436855, 1.0144502308, 0.97509738088, 2.0426729853, 2.9707077948, 1.9937291279, 2.878891583, 4.1165332465, 2.8336095093, 1.7526800698, 5.8047212827, 1.922961803, 3.0079863308, 0.97638482317, 3.0120989366, 0.99353131013, 2.0095479467, 1.2126034221, 3.0249882605, 2.9871717469, 1.0150677205, 2.1354728494, 1.3694542982, 3.2032693196, 1.3220146697, 1.2772695738, 1.0920996765, 2.1414055809, 2.1366002275],
      [8.9192909048, 7.4266251759, 7.9445322099, 8.2612744095, 9.8735085399, 13.7978287641, 5.9084555107, 7.516963308, 5.9883381621, 1.3718935874, 0.97444701265, 1.9326018672, 1.0128127442, 1.0351234335, 1.1159607845, 1.0544903526, 1.0026057318, 3.0397589883, 2.9422534112, 2.9800163575, 2.9432052607, 2.8708881256, 1.0310272533, 1.9702898816, 1.9190087335, 1.4770293044, 0.14390859895, 0.39927072755, 1.2706947218, 1.0774584053, 0.63306583139, 1.1413351487, 1.0850703191, 1.9939451504, 0.94681208234, 2.942403841, 1.0197835059, 1.9997537085, 1.066171287, 1.7318356852, 1.9500882409, 2.0053965762, 3.7007529639, 1.9826551173, 3.3140087044, 1.1178993826, 2.0156739706, 1.8139585228, 2.6844943683, 1.9012945303]
    ],
    [
      [1.8382020643, 4.8908145445, 3.9840298445, 5.5241494041, 4.1301269196, 4.8312527427, 6.8297368322, 6.4190086984, 16.954331669, 26.671193813, 22.0644908548, 25.1749398018, 25.1304302916, 28.5726641188, 25.8423363327, 22.1794329591, 16.0622645268, 1.1646551169, 3.1333402341, 1.0043038657, 1.1100757561, 3.0899614156, 1.9932272295, 2.0011716378, 2.016957815, 3.9196562019, 2.4710747989, 1.1532105848, 0.8430117624, 1.6945404657, 3.7207043409, 1.991428882, 1.8316349472, 4.0029255904, 6.1681498896, 2.9319577566, 3.0044761188, 2.042319639, 1.2934462769, 3.768782042, 4.0576067161, 3.0215150298, 1.6274577755, 3.1830377608, 1.3274036864, 1.9771694765, 1.2376578717, 2.9754176028, 2.222760216, 1.006167789],
      [0.8868510254, 1.8887995131, 1.0148330602, 2.3206020156, 1.8755892047, 1.1255926123, 2.0277600013, 1.3077216749, 4.0073840593, 10.4971128803, 7.0218904675, 9.9960924003, 10.9549609378, 9.8228092073, 6.6575240152, 9.123089564, 6.9848951361, 2.8531276443, 2.9888011574, 0.84013831521, 2.9302129451, 1.7427798274, 1.9786182129, 2.9683088528, 1.7865663843, 1.3188959309, 2.6208477666, 1.6224730179, 0.49227163388, 0.88786008872, 2.2659466204, 0.97813474742, 1.1230109754, 1.9950443058, 2.8962160163, 1.946613492, 0.98762665259, 1.9800174337, 0.78476278396, 0.20927311287, 2.2425983293, 1.984959151, 4.310784206, 2.8740218242, 1.3479482225, 5.9112128305, 3.7709206155, 3.8305870015, 2.9360692624, 1.8597954538],
      [2.0246699637, 3.9969356651, 2.9918829954, 3.0587958395, 1.983711684, 3.054407659, 4.8961116652, 2.8317682916, 8.0237516185, 12.1534203092, 10.9979873075, 10.8824120775, 9.9309968049, 13.9147152154, 19.6475387579, 14.7938985024, 11.9733749976, 1.0108727617, 2.9712278471, 1.0103933041, 0.99121627903, 2.0425702105, 2.0091600318, 2.0062619184, 1.0955093189, 4.4673729581, 2.8398034176, 2.0350834532, 1.4057079315, 1.1367235295, 1.0161313535, 2.8977004944, 1.8345682165, 1.9914579899, 1.9994472125, 0.9978346527, 1.0150631466, 2.0118793695, 1.0055448159, 1.1471442141, 1.6987558188, 0.98997719513, 1.1616811097, 1.1524286242, 0.47115880104, 3.143636122, 2.0283183373, 1.2167369312, 1.9765355076, 1.1259248678],
      [0.25027694664, 1.2234502773, 1.0092541, 2.0964527408, 1.0105721918, 2.988746986, 2.2463915013, 1.4415013351, 8.0145326531, 14.6782729974, 10.9156313701, 8.9465557204, 8.9836119656, 9.6898114584, 5.8526008942, 11.9035789746, 12.9794653395, 1.9713444771, 3.9066307614, 1.145164515, 0.96849501976, 2.1246885465, 2.0189945258, 4.024257591, 1.1009664818, 2.2940749091, 1.0682740169, 0.18923294413, 0.25900867226, 0.28087591608, 0.99721768531, 0.13273587617, 1.2107858609, 1.0105721139, 1.9361868816, 1.1235940987, 1.992834082, 1.9657835578, 0.91624612321, 0.87480063098, 1.0010391358, 1.003548624, 1.9000769089, 2.7905117908, 0.85348929006, 2.967981571, 1.9631031756, 1.9772584645, 2.8646350139, 1.0081118894]
    ],
    [
      [3.7278199608, 2.0685867776, 3.9671650932, 1.6597344625, 2.7681045168, 3.7466352755, 2.9901214982, 2.8964852489, 4.9569879719, 1.2618126158, 4.0228851999, 2.9335535002, 3.9978098645, 3.6507518689, 1.8461185475, 2.0076278941, 7.9546213358, 12.8997591207, 10.7045139008, 5.0909771994, 12.7418479918, 13.1463799906, 10.9847766291, 7.9088394168, 15.8337289345, 0.86731601493, 1.8619653831, 2.1081604251, 2.6209646325, 1.040520728, 1.1087089581, 1.9182594436, 1.4434516553, 1.9996079223, 3.9332851214, 3.7427484594, 3.0029031647, 3.9612912163, 2.6654237939, 1.1566709468, 1.4073374787, 2.0186035114, 2.7596784085, 1.174231406, 0.54224175355, 0.11361214057, 0.95272806336, 1.0237724616, 1.9449192624, 1.1224971807],
      [0.92283097116, 1.7195270686, 2.9825996139, 2.5801763337, 0.93173062538, 3.810935052, 2.6730823086, 1.7524633661, 3.0377284951, 1.5508656794, 3.907302192, 1.054847493, 2.9274111224, 3.0484069145, 0.99112623818, 2.8953723905, 3.9849407736, 10.110314503, 11.1641701, 11.1864357529, 12.2023148883, 12.7144355907, 9.0095076087, 11.0068870888, 12.0833733515, 1.8324703194, 1.9131207817, 2.2603486316, 3.3452831351, 2.0760221205, 1.8357585198, 2.0264160374, 2.7781629541, 0.99485099758, 1.0032828924, 2.0440677306, 1.9837046357, 1.9909152007, 0.99390785739, 1.4372093889, 0.59314306217, 1.9865534326, 5.2863136011, 3.8338918447, 3.86171915, 3.6979900555, 3.8674706939, 3.6197297447, 3.0165890423, 2.8850781818],
      [5.8697296635, 3.1340746065, 5.0222822617, 1.213173277, 2.056397264, 3.1742161865, 4.3289113572, 2.3645467901, 1.9829749479, 0.96499769734, 2.0090261045, 1.9406963881, 1.0479395771, 2.1234151326, 1.9063096675, 2.0130937756, 7.0165284185, 15.7881331296, 11.9630731329, 19.7548322158, 11.9351699284, 12.7992009105, 18.9676571189, 13.0111035423, 17.1110734562, 2.9234128853, 3.9868612908, 5.5390404579, 4.1510933392, 2.7381867201, 1.1812829518, 5.0006111435, 2.3937716247, 1.0110650567, 2.9548550769, 2.9429229184, 1.9763914937, 3.9687052602, 1.8424413693, 1.0959240362, 2.4798919691, 2.9906184145, 2.8855336267, 1.020695422, 1.3277555767, 2.1227760201, 1.9525967857, 0.49295286239, 2.0257898283, 1.9807609034],
      [1.4796194046, 1.0778115474, 2.0279530312, 0.54691592681, 1.2437675938, 3.268213486, 1.007884836, 0.98650459491, 3.0223085852, 1.2223240075, 2.0607865036, 1.0709026187, 1.026839436, 1.177426084, 0.25644554682, 1.0839059398, 7.0439094721, 17.2017932467, 16.1682428663, 22.967754832, 15.1206671915, 13.3399835082, 20.0380586434, 20.0731699521, 16.9718242578, 1.3768007804, 1.2380525444, 1.0924504854, 1.8826588932, 1.1452704314, 0.87424957029, 1.0547133754, 1.3846137659, 0.99447602345, 1.1085769093, 2.2702608916, 3.0370007059, 3.0790883228, 1.4982269794, 0.31019562806, 1.51962749, 2.0042246416, 4.0684743637, 2.9711813273, 2.2682835197, 2.0656217838, 2.2272044571, 0.86354493132, 3.0127018669, 2.0116637341]
    ],
    [
      [2.3539518322, 0.84861093286, 2.9664328938, 0.88242537038, 1.953162126, 1.8916536501, 2.8678192509, 2.6597279325, 2.9842651904, 1.7679690802, 1.9870149571, 3.0100148625, 4.9585831139, 1.071254039, 2.704928666, 1.9726067206, 1.9953681601, 2.0392094669, 1.0767985953, 1.013108599, 2.028428782, 3.1562501431, 1.0108173146, 1.0615094453, 0.076442628236, 13.1417041671, 14.6364009939, 11.2274169939, 14.6719972042, 9.7341645978, 13.0937469944, 12.8855233465, 15.0103786805, 7.9934961275, 3.863431194, 1.9253325496, 1.9979873706, 1.991093068, 2.6883542427, 3.0021895016, 2.6794016597, 2.006304765, 1.0162433426, 1.2467060036, 0.45499010433, 0.17059618812, 1.0951332562, 1.2689246215, 2.1397414071, 2.1483396345],
      [0.16135167352, 0.013937070792, 0.98333742255, 0.78279694438, 0.10306251359, 0.96677453257, 0.99558790335, 0.85706353342, 0.97696967562, 1.083940585, 1.9764371971, 0.99729523903, 1.0373281425, 0.21186676726, 0.077249738089, 1.9622295455, 0.99693746924, 1.0409829271, 2.8152348297, 1.6918888727, 1.9434540486, 3.5677946567, 1.0129535188, 0.99863189917, 0.03364278178, 7.8190703012, 9.1804418979, 8.9124170311, 6.9597366947, 8.9432082982, 9.7586583818, 7.7373082345, 12.5996095968, 2.9954390213, 0.11611520838, 0.10266647477, 1.0141329065, 0.028350355176, 0.22057498803, 0.92773821027, 0.13393688743, 1.0000422597, 1.0882086259, 1.8350285067, 3.2047913433, 1.9365245759, 2.676781717, 3.684085182, 2.6953194131, 2.8656106323],
      [5.5207194944, 3.0905424817, 4.0192900808, 3.1465151314, 2.9269406742, 2.0434009008, 5.1279334042, 3.6087395192, 3.0558194399, 2.446389729, 2.0449305741, 2.9726950732, 3.9699187523, 2.6862717254, 4.1799178565, 2.0925366309, 3.0083256847, 4.0239299957, 2.1226301234, 5.2551831687, 3.054982766, 4.5643924676, 4.9901772875, 3.0260534597, 1.8280383353, 29.9777591633, 27.6852135991, 34.3745595281, 31.5341547134, 32.9977980836, 28.6096836324, 27.631875846, 30.039821139, 6.0012651271, 2.9600792566, 4.0611903816, 3.0111549708, 3.9797002348, 2.4719787976, 3.1344422972, 3.4147307858, 2.9919057236, 2.0361363026, 2.9092719577, 2.5238832783, 2.9164614238, 2.3794474974, 1.8690832377, 2.3719799489, 4.0191544239],
      [1.9639769999, 0.046909514687, 1.0309396029, 0.18826255383, 1.0168346862, 1.0981709165, 1.0086594415, 0.87446901489, 1.9829456941, 0.7017006057, 0.99161727167, 1.0199948252, 1.0341699913, 0.030607468322, 0.037903739431, 0.97262710297, 1.999368686, 2.8958776103, 1.9853364517, 5.0398193596, 1.9731344034, 2.7115627326, 2.986051879, 2.9138051958, 0.061876254638, 9.0614663685, 8.4979435091, 6.485606447, 6.8341113878, 12.3248290204, 6.5379109914, 6.7452925731, 10.3501905836, 4.0097997242, 1.060374341, 1.9108105941, 1.9767247521, 1.000856342, 1.6190919717, 0.93562999089, 1.7719306671, 1.0017472518, 1.8594117288, 2.008993532, 1.8163352741, 0.97641781221, 1.8486375294, 1.1779069587, 2.7929592309, 2.9668953094]
    ],
    [
      [1.900409237, 1.9301168828, 2.0247935244, 1.7153422867, 3.1892697898, 2.1383831947, 1.9764064781, 2.2857967279, 2.0985681382, 2.8165727514, 4.9917424715, 4.0715821887, 3.0420134472, 4.1061420204, 4.2042388648, 3.0305091597, 2.0143991586, 2.0467684897, 2.1376833655, 0.027361962539, 2.0897200958, 1.3796458838, 1.0312700477, 1.0376188608, 2.2276491655, 1.7769813153, 2.2672293882, 2.3548770373, 1.7327703436, 1.3643078186, 4.9030433587, 1.1058451654, 2.2148382387, 17.0332229141, 28.1647522702, 19.5101684133, 19.0939111351, 16.0449218583, 29.9585692592, 28.1830536093, 24.0899423062, 14.0395195543, 1.1213475815, 2.0715196916, 0.60491681125, 0.26031606953, 1.1281853026, 1.0445231906, 1.2239024689, 2.1440344537],
      [0.190139844, 0.12253353208, 0.0086405051023, 1.1350291059, 0.063211789109, 0.088386218038, 0.17952273044, 0.053824641237, 0.023241118455, 0.57360745595, 1.0451002452, 0.99374990743, 1.0292581718, 0.85751080913, 0.016608094864, 0.98333768957, 0.014470756795, 0.9784374983, 1.9870246269, 0.16617141625, 1.8920252725, 1.02403259, 0.97631914292, 0.9712384972, 0.94194633904, 0.38725218434, 0.91526544418, 1.0661754363, 0.68456982835, 0.98306281542, 2.0050693782, 0.044433229092, 0.86739861747, 4.9868922578, 4.7423632933, 4.7084756695, 5.9314812243, 4.9080981091, 3.5340248177, 3.7956089849, 4.5898198061, 6.9544754246, 1.0573436069, 2.8864320627, 1.0326091077, 1.9946157849, 2.081971472, 2.035558364, 2.6782248296, 2.857742993],
      [2.2775784367, 3.7477655118, 3.9670974274, 1.7910030803, 2.7957713148, 2.6930568384, 3.0122534575, 3.1503852101, 1.9223745505, 1.5562282148, 4.8549040362, 1.8905521875, 1.9512811807, 2.9350080337, 3.9947694827, 3.0219199908, 2.9863822002, 2.9907367268, 3.8523681168, 1.8316831238, 2.0409093566, 2.5859425236, 3.0204756303, 3.9872416889, 2.9958027963, 3.2362554567, 3.6816674694, 4.4891424624, 0.48894059514, 3.6259949982, 4.8356510687, 2.8649329792, 2.4783175738, 9.9991862149, 12.0311323134, 13.946290751, 13.0001128438, 16.053804602, 16.6625622312, 17.6547899632, 17.1182308111, 9.0512892328, 1.0945560411, 3.1214551354, 1.1948429724, 2.0826114232, 2.8646772491, 2.62782476, 2.8446616735, 3.0170270011],
      [1.6318724823, 1.1995840733, 0.99946854317, 1.3586255271, 1.9517471063, 2.0801737488, 0.83181733398, 0.50999342071, 1.9558161929, 2.0535915779, 2.108253247, 2.0441157164, 1.9774472003, 2.1013391368, 1.7843835577, 2.96423316, 2.9847478845, 2.9840572852, 4.0229238908, 2.9747834974, 2.9773452752, 2.0103790026, 4.9719351791, 4.0039009531, 3.8346016992, 1.5995110437, 1.1358376982, 2.089805064, 1.0937192329, 3.0266343678, 2.2562361944, 0.98478862626, 1.4394455701, 9.9806986132, 11.0617521231, 13.8350651662, 19.9744947968, 14.9931754306, 17.8448436919, 12.3665474426, 14.2020070765, 13.9547157883, 2.7267527705, 4.9205931103, 2.1676311087, 3.6624567224, 2.9251659762, 1.2920936854, 2.253211028, 3.9811955522]
    ],
    [
      [2.0430016461, 3.8972644478, 2.9820786208, 3.9319033959, 2.6751741912, 1.9330571024, 2.6876804388, 2.6090429502, 3.9487614085, 2.9640907167, 3.9937239438, 2.8914053127, 3.9192793777, 1.9033652555, 3.7595983291, 2.9110417747, 1.0038427636, 0.96292409641, 0.97911887137, 0.98268808183, 2.9343727152, 0.98013836841, 1.0336412197, 1.9674646168, 2.8812976196, 1.3908333947, 1.9626483312, 1.0212563801, 1.3035792075, 0.9996411179, 2.6416110177, 2.0495116026, 1.1705809775, 3.9740381614, 3.8665425095, 2.838081086, 3.9376977704, 3.0051301352, 2.7967282596, 2.9211867635, 1.548391647, 7.9335888772, 9.2417390511, 10.5553664898, 5.9860619996, 4.8051978126, 7.7789557513, 11.0940128267, 9.2701679377, 8.3780693196],
      [0.37791774485, 0.37416140129, 1.0428629696, 2.8041865785, 0.25876452916, 0.30890138378, 1.3189506217, 0.41080174848, 1.0108729152, 2.0465748609, 1.0320791873, 1.0234809092, 1.0780364148, 0.19298744528, 0.23388226824, 1.0684432178, 0.0090828286899, 1.03237514, 1.0606315904, 1.1332913797, 3.1094471696, 0.44121334492, 1.0143465602, 2.0237169471, 2.0800766994, 0.99355726953, 1.3086429412, 0.55182677261, 1.7330435261, 1.1877398636, 2.0524983312, 1.2091957428, 0.96896547909, 1.0264141831, 0.16905851033, 0.20439114591, 1.0593938374, 1.0571646399, 0.34298242974, 0.35511138545, 0.59508209506, 4.0749022912, 15.3271096141, 13.6918738252, 25.1545958454, 21.5726791182, 18.7031388008, 25.3294472039, 13.6982061097, 15.7705591195],
