{
  "X": [
    [33, 22, 16, 29],
    [31, 13, 17, 39],
    [29, 18, 14, 39],
    [20, 20, 26, 34],
    [29, 15, 23, 33],
    [26, 20, 19, 35],
    [34, 18, 15, 33],
    [26, 18, 12, 44],
    [19, 21, 39, 21],
    [15, 27, 51, 7],
    [27, 17, 53, 3],
    [20, 21, 49, 10],
    [19, 11, 62, 8],
    [23, 18, 51, 8],
    [16, 17, 60, 7],
    [22, 21, 51, 6],
    [26, 16, 47, 11],
    [44, 16, 26, 14],
    [49, 12, 23, 16],
    [40, 17, 27, 16],
    [38, 19, 26, 17],
    [39, 14, 28, 19],
    [35, 29, 18, 18],
    [35, 29, 21, 15],
    [42, 16, 33, 9],
    [19, 31, 33, 17],
    [27, 30, 35, 8],
    [26, 28, 36, 10],
    [21, 39, 31, 9],
    [20, 35, 34, 11],
    [19, 34, 35, 12],
    [17, 40, 33, 10],
    [19, 34, 36, 11],
    [27, 37, 21, 15],
    [25, 39, 30, 6],
    [20, 39, 28, 13],
    [35, 33, 23, 9],
    [23, 36, 26, 15],
    [23, 33, 31, 13],
    [29, 32, 29, 10],
    [26, 40, 26, 8],
    [22, 31, 39, 8],
    [32, 35, 28, 5],
    [25, 35, 34, 6],
    [20, 33, 40, 7],
    [23, 42, 30, 5],
    [22, 33, 35, 10],
    [26, 32, 31, 11],
    [31, 18, 44, 7],
    [29, 19, 37, 15]
  ],
  "W": [
    [56, 2, 11, 5, 15, 11],
    [61, 7, 11, 7, 5, 9],
    [57, 11, 9, 5, 9, 9],
    [51, 7, 5, 13, 11, 13],
    [59, 10, 7, 7, 6, 11],
    [54, 10, 9, 5, 10, 12],
    [65, 10, 4, 5, 8, 8],
    [63, 7, 8, 6, 11, 5],
    [25, 44, 8, 7, 6, 10],
    [3, 58, 8, 12, 9, 10],
    [3, 59, 11, 5, 9, 13],
    [14, 51, 14, 6, 7, 8],
    [8, 51, 6, 8, 15, 12],
    [10, 55, 6, 10, 9, 10],
    [7, 66, 3, 12, 6, 6],
    [8, 62, 5, 7, 12, 6],
    [8, 44, 23, 10, 5, 10],
    [7, 5, 61, 8, 7, 12],
    [12, 6, 62, 7, 11, 2],
    [8, 6, 65, 12, 5, 4],
    [4, 6, 67, 7, 6, 10],
    [14, 5, 59, 11, 6, 5],
    [10, 8, 63, 8, 4, 7],
    [8, 6, 52, 11, 9, 14],
    [5, 10, 57, 9, 6, 13],
    [12, 10, 8, 60, 4, 6],
    [5, 12, 7, 56, 11, 9],
    [6, 7, 12, 57, 13, 5],
    [7, 8, 7, 56, 7, 15],
    [3, 6, 10, 61, 9, 11],
    [9, 10, 5, 62, 7, 7],
    [7, 9, 1, 60, 13, 10],
    [7, 9, 12, 62, 6, 4],
    [11, 9, 5, 28, 40, 7],
    [7, 9, 9, 10, 53, 12],
    [9, 10, 10, 4, 63, 4],
    [6, 7, 6, 8, 59, 14],
    [12, 9, 6, 4, 58, 11],
    [8, 9, 6, 8, 63, 6],
    [9, 8, 11, 7, 61, 4],
    [8, 7, 5, 8, 55, 17],
    [10, 5, 7, 9, 42, 27],
    [12, 9, 10, 6, 6, 57],
    [11, 7, 5, 7, 4, 66],
    [6, 12, 9, 15, 5, 53],
    [6, 16, 7, 7, 12, 52],
    [6, 11, 8, 10, 9, 56],
    [10, 11, 11, 8, 13, 47],
    [12, 7, 13, 11, 6, 51],
    [15, 11, 9, 6, 7, 52]
  ],
  "method": "mcmc",
  "mcmc_stepsize": 3000,
  "mcmc_samples": 1000,
  "burn_in": 10000,
  "cond_prob": [
    [
      [0.30591192599, 0.13765496237, 0.081187473453, 0.47524563819],
      [0.35369249083, 0.27401401649, 0.36988557612, 0.0024079165545],
      [0.75868775459, 0.010499518108, 0.15963727367, 0.07117545363],
      [0.11838106807, 0.52320188558, 0.17708787033, 0.18132917602],
      [0.25876616484, 0.36333126962, 0.35851507496, 0.019387490575],
      [0.21296218633, 0.50562008208, 0.24495953163, 0.036458199963]
    ],
    [
      [0.27148925933, 0.064363041215, 0.068965956817, 0.59518174264],
      [0.19962814434, 0.10531232435, 0.622028478, 0.073031053315],
      [0.59986442263, 0.096957805627, 0.17945470235, 0.12372306939],
      [0.3693767977, 0.32837340265, 0.2009899184, 0.10125988126],
      [0.08835054413, 0.38633536262, 0.519735073, 0.0055790202563],
      [0.37953991303, 0.33776019132, 0.27325230761, 0.0094475880331]
    ],
    [
      [0.26201112839, 0.10055934854, 0.052131226842, 0.58529829623],
      [0.41700394001, 0.18898644697, 0.29482157007, 0.099188042954],
      [0.4731996713, 0.0042426561707, 0.21818511445, 0.30437255808],
      [0.20940689908, 0.57707246481, 0.03404142914, 0.17947920697],
      [0.21996299254, 0.36659724185, 0.313288289, 0.1001514766],
      [0.24364709683, 0.44070497894, 0.31466833583, 0.00097958840924]
    ],
    [
      [0.1520696884, 0.083823290232, 0.17316723497, 0.5909397864],
      [0.10350909723, 0.14275823146, 0.71243777957, 0.041294891737],
      [0.62397763254, 0.11727914642, 0.004012413496, 0.25473080754],
      [0.23019093763, 0.35316109618, 0.2856167469, 0.13103121929],
      [0.20586724013, 0.33881454042, 0.42750536485, 0.027812854598],
      [0.24176709366, 0.44778881929, 0.28813598223, 0.02230810482]
    ],
    [
      [0.28969764754, 0.090941539496, 0.10555839991, 0.51380241305],
      [0.27252967308, 0.10744255461, 0.59157880608, 0.028448966223],
      [0.25016697955, 0.0051615089802, 0.4554733597, 0.28919815178],
      [0.23440370136, 0.51866225464, 0.20110260406, 0.045831439946],
      [0.37665962465, 0.22654578896, 0.38988723985, 0.0069073465415],
      [0.32096268635, 0.32127114042, 0.35644646899, 0.0013197042425]
    ],
    [
      [0.23158589782, 0.14722778117, 0.061959742971, 0.55922657804],
      [0.2720205211, 0.23521436229, 0.49040412736, 0.0023609892496],
      [0.4592917011, 0.23075103306, 0.10068515736, 0.20927210848],
      [0.013561497831, 0.55532046333, 0.23596694329, 0.19515109554],
      [0.28825551004, 0.22137214156, 0.3100769182, 0.18029543021],
      [0.30751403395, 0.219206097, 0.46361352427, 0.0096663447734]
    ],
    [
      [0.36259658146, 0.12534993877, 0.041777047975, 0.4702764318],
      [0.20803742805, 0.12376047503, 0.6353362806, 0.032865816313],
      [0.36695167135, 0.15514463485, 0.083349428179, 0.39455426561],
      [0.28100108838, 0.37222414903, 0.33304188553, 0.013732877056],
      [0.32417027688, 0.46480114528, 0.18168781236, 0.029340765485],
      [0.36058419779, 0.30181759785, 0.30987742955, 0.027720774814]
    ],
    [
      [0.21871587365, 0.07622565332, 0.049171682156, 0.65588679088],
      [0.37808753227, 0.073359406871, 0.43506579982, 0.11348726103],
      [0.55951544171, 0.15068669908, 0.2002609776, 0.08953688161],
      [0.22533982992, 0.35155653971, 0.28766654452, 0.13543708585],
      [0.28749867551, 0.54471359794, 0.1378372664, 0.029950460151],
      [0.11672785809, 0.6755171169, 0.20248528143, 0.005269743578]
    ],
    [
      [0.24516941882, 0.14467707528, 0.1288328213, 0.48132068459],
      [0.16430947467, 0.11297117702, 0.61681610722, 0.10590324109],
      [0.26569293351, 0.11573689507, 0.17463129694, 0.44393887447],
      [0.1995796489, 0.60345659131, 0.16974150556, 0.02722225424],
      [0.11076565899, 0.4075125771, 0.41232276478, 0.069398999132],
      [0.14539526794, 0.48171745669, 0.35800932468, 0.014877950686]
    ],
    [
      [0.029400180163, 0.060426604911, 0.28578023621, 0.62439297871],
      [0.094388712115, 0.18255811749, 0.67603321828, 0.047019952107],
      [0.36246462972, 0.35639200383, 0.14887231273, 0.13227105372],
      [0.16448146822, 0.38681202949, 0.3655373244, 0.083169177889],
      [0.22226267175, 0.60429674574, 0.15372425644, 0.019716326067],
      [0.25633954547, 0.32987982744, 0.39717879283, 0.016601834262]
    ],
    [
      [0.36257123766, 0.13822084282, 0.17869854485, 0.32050937467],
      [0.17953362023, 0.12047036262, 0.69190017287, 0.0080958442766],
      [0.62911480481, 0.12347532105, 0.12968070033, 0.11772917382],
      [0.14994685387, 0.34015692714, 0.46973266229, 0.040163556706],
      [0.35696360387, 0.31758791072, 0.32195118941, 0.0034972960096],
      [0.34131793356, 0.2738678241, 0.38223711126, 0.0025771310829]
    ],
    [
      [0.15870961098, 0.11915812802, 0.12912833106, 0.59300392993],
      [0.16482626096, 0.1593628071, 0.64322175807, 0.032589173869],
      [0.46718897045, 0.18854510233, 0.34238107614, 0.0018848510823],
      [0.031642715988, 0.47329523251, 0.49468308052, 0.00037897097941],
      [0.25835807972, 0.47890119373, 0.26266448038, 7.6246169071e-05],
      [0.10411471211, 0.29657148273, 0.59847609899, 0.00083770617296]
    ],
    [
      [0.14814792631, 0.013936540163, 0.23018222064, 0.60773331288],
      [0.15440095168, 0.035540328537, 0.80757933125, 0.0024793885311],
      [0.47198117256, 0.15215706571, 0.19044311981, 0.18541864192],
      [0.038243887683, 0.36463313789, 0.38804671495, 0.20907625948],
      [0.30422181163, 0.20950586881, 0.4792703631, 0.0070019564555],
      [0.18660022853, 0.17527961615, 0.62799237135, 0.010127783972]
    ],
    [
      [0.25819112076, 0.1180989278, 0.11346973862, 0.51024021282],
      [0.17027730572, 0.071245507286, 0.72840363244, 0.030073554553],
      [0.42931046088, 0.10007902963, 0.38056063743, 0.090049872068],
      [0.28464436497, 0.43141069369, 0.23637415542, 0.04757078593],
      [0.18359386114, 0.45288546317, 0.35079799489, 0.012722680792],
      [0.39781858129, 0.39099575381, 0.19988154966, 0.011304115251]
    ],
    [
      [0.30714191152, 0.06328064838, 0.19409550881, 0.43548193129],
      [0.12459901269, 0.085063446224, 0.75798173815, 0.032355802938],
      [0.31525690808, 0.12564789239, 0.46481002448, 0.094285175042],
      [0.15957388781, 0.45662644786, 0.30608325467, 0.077716409655],
      [0.22258330341, 0.41651286692, 0.33414544917, 0.026758380496],
      [0.23838576393, 0.43121829292, 0.2570391493, 0.073356793847]
    ],
    [
      [0.14801843482, 0.1227966475, 0.13843512699, 0.59074979069],
      [0.23185613405, 0.088751701608, 0.66209871911, 0.017293445235],
      [0.5760219042, 0.18929162447, 0.21407844838, 0.02060802295],
      [0.037750765451, 0.54765284263, 0.41070503801, 0.0038913539138],
      [0.1784982389, 0.64564373476, 0.17034846035, 0.0055095659903],
      [0.19240474407, 0.33121141373, 0.47548156121, 0.00090228098263]
    ],
    [
      [0.12438165354, 0.028012487951, 0.13738611465, 0.71021974386],
      [0.18195076505, 0.05755398301, 0.73565061484, 0.024844637098],
      [0.50529586808, 0.1102061301, 0.22135137854, 0.16314662328],
      [0.22924318703, 0.49736346752, 0.24514465282, 0.028248692628],
      [0.45199447036, 0.2931720885, 0.2210971854, 0.033736255738],
      [0.082490392142, 0.42692887339, 0.48842698683, 0.0021537476364]
    ],
    [
      [0.29388671334, 0.018839610953, 0.078464853343, 0.60880882236],
      [0.21449590439, 0.024039797123, 0.7607904141, 0.00067388439572],
      [0.52886702804, 0.074226938391, 0.24493135833, 0.15197467523],
      [0.27645043882, 0.47077528865, 0.22389705632, 0.02887721621],
      [0.23659793479, 0.32432115679, 0.4128699826, 0.026210925819],
      [0.39513631, 0.4319691741, 0.16872623075, 0.0041682851518]
    ],
    [
      [0.26220327464, 0.16277135935, 0.086331814104, 0.48869355191],
      [0.31098257631, 0.1191516107, 0.52143493118, 0.048430881813],
      [0.59857405409, 0.056865057591, 0.19453100096, 0.15002988735],
      [0.25006506219, 0.36198776275, 0.31757466092, 0.070372514146],
      [0.39027058944, 0.26393459557, 0.34238708845, 0.0034077265428],
      [0.41632098684, 0.18450278128, 0.39260299226, 0.0065732396142]
    ],
    [
      [0.41540752227, 0.12690619831, 0.039061755934, 0.41862452349],
      [0.29370717099, 0.056349547929, 0.64038890544, 0.0095543756449],
      [0.46703377958, 0.11878105497, 0.22722551, 0.18695965545],
      [0.21784360602, 0.3057968734, 0.44323369859, 0.033125821999],
      [0.32972592279, 0.3593359029, 0.30958668008, 0.0013514942304],
      [0.07363705926, 0.61491063934, 0.30219414665, 0.0092581547538]
    ],
    [
      [0.17412476663, 0.060526919046, 0.12124998736, 0.64409832696],
      [0.3741168708, 0.09626856034, 0.47685081782, 0.052763751034],
      [0.45524108306, 0.12133543049, 0.22968213944, 0.19374134701],
      [0.25518840935, 0.51019320936, 0.15842910555, 0.076189275734],
      [0.1633728777, 0.23532547866, 0.52692256941, 0.074379074227],
      [0.17910910119, 0.50675017815, 0.29946526457, 0.014675456096]
    ],
    [
      [0.2897777003, 0.09820733344, 0.15224748668, 0.45976747958],
      [0.19680186882, 0.14997881186, 0.53814974136, 0.11506957795],
      [0.48589026335, 0.088725737026, 0.23393162711, 0.19145237251],
      [0.31335557653, 0.31062535143, 0.32308972754, 0.052929344491],
      [0.18227100309, 0.30349223002, 0.5098532952, 0.0043834716919],
      [0.15020799077, 0.28051050842, 0.55254274115, 0.016738759661]
    ],
    [
      [0.10021286275, 0.39346483859, 0.088238655865, 0.41808364279],
      [0.057219545711, 0.14621387327, 0.67789730613, 0.11866927489],
      [0.4470355017, 0.23488767322, 0.11905882076, 0.19901800432],
      [0.23136420071, 0.60721899513, 0.14831083672, 0.01310596744],
      [0.25637100143, 0.45838859863, 0.25490014237, 0.030340257565],
      [0.35721154121, 0.3437729799, 0.28394886021, 0.015066618681]
    ],
    [
      [0.0072061130369, 0.24567171311, 0.0030577025776, 0.74406447128],
      [0.32930692016, 0.16383695442, 0.34275256002, 0.1641035654],
      [0.49801090442, 0.17447473992, 0.21089788766, 0.116616468],
      [0.18515683864, 0.54316473513, 0.18140591402, 0.090272512207],
      [0.11542454427, 0.66097975501, 0.22333044368, 0.0002652570323],
      [0.28531403008, 0.3610920151, 0.28192098669, 0.071672968126]
    ],
    [
      [0.27285909711, 0.096710304892, 0.29253837954, 0.33789221846],
      [0.31497638595, 0.047640723446, 0.59443439418, 0.042948496425],
      [0.52649936964, 0.089892767488, 0.27601740632, 0.10759045656],
      [0.20274602273, 0.31288207871, 0.4473103879, 0.037061510662],
      [0.13640563329, 0.38210662704, 0.43896813584, 0.042519603833],
      [0.37171758318, 0.36981346336, 0.24618228418, 0.01228666927]
    ],
    [
      [0.16982423209, 0.1585020268, 0.0039830835965, 0.66769065751],
      [0.10390784091, 0.096073019399, 0.79040456063, 0.0096145790678],
      [0.37755376418, 0.36127120664, 0.024285262146, 0.23688976703],
      [0.19646599228, 0.34001038327, 0.34813143105, 0.1153921934],
      [0.027350284623, 0.46955908094, 0.49887259673, 0.0042180377007],
      [0.16754000288, 0.49470275188, 0.32841650724, 0.0093407379922]
    ],
    [
      [0.29888055351, 0.28107273745, 0.16646744812, 0.25357926092],
      [0.12366391836, 0.19233354844, 0.67636459631, 0.0076379368947],
      [0.57370117734, 0.090204374519, 0.20114763128, 0.13494681686],
      [0.27672735043, 0.33772767316, 0.29180354672, 0.093741429698],
      [0.24067211599, 0.26435248206, 0.46915477893, 0.025820623021],
      [0.206844119, 0.42606401226, 0.34906144447, 0.018030424264]
    ],
    [
      [0.27057636433, 0.11378648199, 0.13237850919, 0.48325864449],
      [0.13655257225, 0.12258603143, 0.71900385201, 0.021857544317],
      [0.39238520592, 0.16208801088, 0.30596644535, 0.13956033785],
      [0.23379830091, 0.35609200088, 0.33156184111, 0.078547857098],
      [0.30283758728, 0.24190690281, 0.40455233199, 0.050703177924],
      [0.2897319102, 0.21441779414, 0.46857987546, 0.027270420203]
    ],
    [
      [0.28255723026, 0.28197462609, 0.0043710565181, 0.43109708714],
      [0.12766051168, 0.125428049, 0.74622437057, 0.00068706875351],
      [0.71110411817, 0.004206913226, 0.14171321592, 0.14297575268],
      [0.17841228486, 0.51717732255, 0.2161528623, 0.088257530294],
      [0.28507719534, 0.28681893095, 0.42736195558, 0.00074191813018],
      [0.069097209888, 0.33490948355, 0.59410141004, 0.0018918965257]
    ],
    [
      [0.32099465654, 0.0069257912279, 0.32809317996, 0.34398637227],
      [0.0054205622129, 0.16531839673, 0.82480877465, 0.0044522664031],
      [0.39678176354, 0.20407812231, 0.19915055666, 0.19998955749],
      [0.16528990567, 0.40813139531, 0.31350775305, 0.11307094597],
      [0.3278070464, 0.23418422024, 0.4302998952, 0.0077088381557],
      [0.18215703257, 0.4493507206, 0.27988093206, 0.088611314772]
    ],
    [
      [0.22239854207, 0.2207726659, 0.0017260990666, 0.55510269296],
      [0.10136563042, 0.10035649363, 0.79764330047, 0.00063457548695],
      [0.59854824316, 0.0010281983419, 0.0038812437869, 0.39654231471],
      [0.17726080166, 0.38771947078, 0.35429645682, 0.080723270744],
      [0.14252501585, 0.427184973, 0.42974992029, 0.00054009085344],
      [0.14345296967, 0.56791972564, 0.28771373144, 0.00091357325646]
    ],
    [
      [0.23981936297, 0.14910460387, 0.12780159336, 0.4832744398],
      [0.15452912743, 0.1733742543, 0.59739852588, 0.074698092389],
      [0.32252787713, 0.033600532321, 0.24256524481, 0.40130634574],
      [0.13829602721, 0.50307486694, 0.28089624462, 0.077732861231],
      [0.20367635976, 0.34371896983, 0.39937742971, 0.053227240696],
      [0.26624201256, 0.27094603276, 0.44405556056, 0.018756394125]
    ],
    [
      [0.17586398027, 0.2041976246, 0.008752458245, 0.61118593688],
      [0.11944022908, 0.10947274687, 0.77026192196, 0.00082510210005],
      [0.35100715478, 0.10992073565, 0.38919519071, 0.14987691885],
      [0.17159392112, 0.40942635056, 0.34408442466, 0.074895303663],
      [0.13858573579, 0.45111222326, 0.36554517208, 0.04475686887],
      [0.25289167364, 0.54380150102, 0.20238196125, 0.00092486409196]
    ],
    [
      [0.33585389498, 0.073694114567, 0.001455721963, 0.58899626849],
      [0.21766956739, 0.34407662378, 0.40949942165, 0.028754387181],
      [0.73317380352, 0.054137620907, 0.1371019652, 0.075586610374],
      [0.21929591105, 0.53626019083, 0.088732886952, 0.15571101116],
      [0.22791797469, 0.4059408616, 0.28470734716, 0.081433816546],
      [0.34624393343, 0.22415245913, 0.39145253092, 0.038151076526]
    ],
    [
      [0.25588849599, 0.10492834734, 0.14923129276, 0.48995186391],
      [0.18482890741, 0.12222718713, 0.64804626727, 0.044897638189],
      [0.70046420115, 0.059899255047, 0.17948898034, 0.060147563461],
      [0.20244355642, 0.47738886036, 0.2655694804, 0.05459810281],
      [0.18804039235, 0.5156598397, 0.28331859237, 0.012981175583],
      [0.27088051602, 0.37687529011, 0.31966529355, 0.032578900314]
    ],
    [
      [0.13070045007, 0.064175708613, 0.13874048102, 0.6663833603],
      [0.28863710715, 0.1857772696, 0.46720965555, 0.058375967699],
      [0.55361027382, 0.13895763935, 0.10627434022, 0.20115774661],
      [0.22439767686, 0.38700323914, 0.29703062802, 0.091568455972],
      [0.14533720904, 0.50241879241, 0.2960485816, 0.056195416951],
      [0.086846815709, 0.49366816369, 0.29432813999, 0.1251568806]
    ],
    [
      [0.30119489329, 0.042963838885, 0.015550273291, 0.64029099454],
      [0.27864730667, 0.13682788996, 0.50053704654, 0.083987756824],
      [0.73601908756, 0.017554501282, 0.02054921985, 0.22587719131],
      [0.31130111791, 0.38605177138, 0.26668399049, 0.035963120223],
      [0.32943406625, 0.3865587123, 0.2536918746, 0.030315346856],
      [0.34994043689, 0.41312260948, 0.15559651357, 0.081340440061]
    ],
    [
      [0.11722306043, 0.11405327632, 0.18267491336, 0.58604874988],
      [0.16897782567, 0.085708578745, 0.69091091039, 0.054402685192],
      [0.53652664525, 0.025019117157, 0.14869895752, 0.28975528008],
      [0.070199934395, 0.29765325618, 0.33925885402, 0.2928879554],
      [0.22983158459, 0.48453103299, 0.2092611917, 0.076376190723],
      [0.29475739352, 0.40149598493, 0.29121132422, 0.012535297332]
    ],
    [
      [0.029384778657, 0.21279408429, 0.10333361878, 0.65448751828],
      [0.12103308871, 0.072032546723, 0.68892045651, 0.11801390806],
      [0.33545304626, 0.029086516754, 0.19308720044, 0.44237323655],
      [0.38421451938, 0.27890933245, 0.1188017193, 0.21807442887],
      [0.24376266569, 0.40598559511, 0.31451546128, 0.035736277915],
      [0.20535693354, 0.44441135881, 0.34160598726, 0.0086257203865]
    ],
    [
      [0.21995854192, 0.11442038792, 0.16552884616, 0.500092224],
      [0.31014455122, 0.10752915132, 0.53802579093, 0.044300506534],
      [0.47984550975, 0.13107719098, 0.17628791532, 0.21278938395],
      [0.30519457731, 0.35004984425, 0.25125643342, 0.093499145026],
      [0.26467600003, 0.40094414217, 0.30196020436, 0.032419653435],
      [0.24482951575, 0.44004815376, 0.27212487212, 0.042997458378]
    ],
    [
      [0.47924562967, 0.010232630977, 0.013579558763, 0.49694218059],
      [0.26300441916, 0.10918287549, 0.62301720465, 0.0047955006894],
      [0.5384431623, 0.19369659267, 0.010471641247, 0.25738860378],
      [0.25456396702, 0.57309565095, 0.16981562043, 0.0025247616098],
      [0.2133307752, 0.43712923486, 0.30659400512, 0.042945984817],
      [0.22724022616, 0.56226486678, 0.19156997918, 0.018924927869]
    ],
    [
      [0.23956276898, 0.10911869129, 0.18269010619, 0.46862843354],
      [0.2350832295, 0.076941444652, 0.57766100705, 0.1103143188],
      [0.32156016585, 0.11231715894, 0.44001475114, 0.12610792407],
      [0.24174763586, 0.42415235455, 0.32457247192, 0.0095275376704],
      [0.18489164523, 0.42163578685, 0.36954750829, 0.02392505964],
      [0.23099471035, 0.2671041301, 0.47268677962, 0.029214379932]
    ],
    [
      [0.42945780209, 0.098930256797, 0.084282583281, 0.38732935783],
      [0.22552325304, 0.211016879, 0.55480425865, 0.0086556093214],
      [0.58165180559, 0.35963980887, 0.048476154601, 0.01023223094],
      [0.32011109354, 0.62590415033, 0.051803566074, 0.0021811900625],
      [0.31373867467, 0.36202541933, 0.324097862, 0.00013804400796],
      [0.26661720057, 0.39280192107, 0.33781053611, 0.0027703422513]
    ],
    [
      [0.40141341742, 0.06975094997, 0.1038761564, 0.42495947621],
      [0.30100991035, 0.081153188251, 0.60568563038, 0.01215127102],
      [0.53899200623, 0.1969734458, 0.18503064089, 0.079003907071],
      [0.13725395901, 0.45476126972, 0.39706268286, 0.01092208841],
      [0.246222453, 0.46209707452, 0.27429109742, 0.017389375069],
      [0.2096478103, 0.41891034572, 0.36084555292, 0.010596291061]
    ],
    [
      [0.38724372263, 0.055003872047, 0.10893057641, 0.44882182891],
      [0.082464759136, 0.084871775688, 0.75076753023, 0.081895934951],
      [0.548337378, 0.073371629871, 0.26619553595, 0.11209545618],
      [0.13431477166, 0.57075483167, 0.22702821522, 0.067902181455],
      [0.2692035217, 0.39621519428, 0.33325302517, 0.0013282588508],
      [0.1583242447, 0.38582589329, 0.43150486794, 0.024344994065]
    ],
    [
      [0.21055246351, 0.13366724123, 0.092586641373, 0.56319365389],
      [0.15417182801, 0.28125101345, 0.54928443012, 0.015292728421],
      [0.50629051913, 0.21725300584, 0.20930200729, 0.067154467734],
      [0.21257138273, 0.73039725279, 0.041688121279, 0.01534324321],
      [0.21157796316, 0.5858122424, 0.19562411827, 0.0069856761746],
      [0.22498013654, 0.4429746465, 0.31829824905, 0.013746967908]
    ],
    [
      [0.16362041314, 0.01661513669, 0.089358989745, 0.73040546043],
      [0.039140452128, 0.086161977698, 0.78185913006, 0.092838440119],
      [0.47266988035, 0.0070502871463, 0.3622972862, 0.15798254631],
      [0.2350546, 0.40736092812, 0.22373817009, 0.13384630179],
      [0.33840608781, 0.32777212241, 0.25537753967, 0.07844425012],
      [0.20375308419, 0.44415297759, 0.32909353185, 0.02300040637]
    ],
    [
      [0.1023697957, 0.19733181003, 0.0027128638789, 0.69758553039],
      [0.18327600726, 0.093328146632, 0.63256971988, 0.090826126227],
      [0.71795238622, 0.0039079896436, 0.2736181396, 0.0045214845335],
      [0.13010815155, 0.61860546628, 0.12713890092, 0.12414748125],
      [0.23149905752, 0.46279449206, 0.3055431253, 0.00016332512329],
      [0.23430716499, 0.38280664412, 0.34075815044, 0.042128040449]
    ],
    [
      [0.31494821695, 0.037407790724, 0.25041537707, 0.39722861526],
      [0.34509085142, 0.13100205741, 0.47121571175, 0.052691379417],
      [0.54760283794, 0.052336730545, 0.30959557317, 0.090464858344],
      [0.24943995711, 0.41102409452, 0.33069096371, 0.0088449846615],
      [0.32517327646, 0.34039042016, 0.30242423317, 0.03201207022],
      [0.2547307717, 0.18411974611, 0.55332582435, 0.0078236578415]
    ],
    [
      [0.19686996384, 0.0078923207701, 0.19514136627, 0.60009634912],
      [0.26428383642, 0.056024398964, 0.58559453639, 0.094097228224],
      [0.59722193765, 0.10910489797, 0.1788168639, 0.11485630048],
      [0.32956345509, 0.26163962526, 0.24369280689, 0.16510411276],
      [0.018887290826, 0.61022091608, 0.36723172034, 0.0036600727504],
      [0.30106229109, 0.22003881835, 0.42286940282, 0.056029487742]
    ]
  ],
  "expected_outcome": [
    [
      [17.1310678553, 16.5608448189, 14.9346343185, 7.7555541086, 17.0921612051, 12.5056384822, 23.5687777948, 13.7791000398, 6.1292354706, 0.088200540489, 1.087713713, 2.2219345538, 1.1851834105, 2.5819112076, 2.1499933806, 1.1841474786, 0.9950532283, 2.0572069934, 3.1464392956, 3.3232601781, 0.69649906653, 4.0568878042, 1.0021286275, 0.057648904295, 1.3642954855, 2.0378907851, 1.4944027676, 1.623458186, 1.9779006118, 0.96298396963, 2.0015868786, 1.6787355408, 1.2310478619, 3.6943928447, 1.7912194719, 1.1763040506, 1.8071693597, 1.4066767252, 0.23507822926, 1.9796268773, 3.8339650374, 2.3956276898, 5.1534936251, 4.4155475916, 2.3234623358, 1.2633147811, 0.98172247884, 1.023697957, 3.7793786034, 2.9530494575],
      [7.7086778927, 3.9261455141, 5.7318828667, 4.2749878018, 5.3655508302, 7.9503001833, 8.1477460201, 4.8022161592, 3.616926882, 0.18127981473, 0.41466252846, 1.6682137922, 0.1114923213, 1.180989278, 0.44296453866, 0.98237317997, 0.22409990361, 0.13187727667, 1.9532563122, 1.0152495865, 0.24210767618, 1.3749026682, 3.9346483859, 1.9653737049, 0.48355152446, 1.9020243216, 1.4053636873, 0.68271889195, 1.9738223826, 0.020777373684, 1.9869539931, 1.0437322271, 1.4293833722, 0.81063526024, 0.73449843135, 0.57758137752, 0.25778303331, 1.3686393159, 1.7023526743, 1.0297834913, 0.08186104782, 1.0911869129, 1.1871630816, 0.76726044967, 0.33002323228, 0.80200344735, 0.09969082014, 1.9733181003, 0.44889348868, 0.11838481155],
      [4.5464985134, 4.2069233659, 2.97147993, 8.8315289835, 6.2279455948, 3.3458261204, 2.7155081184, 3.0978159758, 3.2208205326, 0.85734070863, 0.53609563456, 1.8077966349, 1.8414577652, 1.1346973862, 1.3586685617, 1.1074810159, 1.0990889172, 0.5492539734, 1.0359817692, 0.31249404747, 0.48499994945, 2.1314648135, 0.88238655865, 0.024461620621, 1.4626918977, 0.047797003157, 0.8323372406, 0.79427105515, 0.030597395627, 0.98427953989, 0.0155348916, 0.89461115354, 0.061267207715, 0.016012941593, 1.0446190493, 1.2486643292, 0.093301639748, 2.1920989603, 0.82666895023, 1.4897596154, 0.1086364701, 1.8269010619, 1.0113909994, 1.1426377204, 0.65358345848, 0.55551984824, 0.53615393847, 0.027128638789, 3.0049845249, 2.9271204941],
      [26.6137557386, 36.3060863011, 33.3620028849, 30.1379291062, 30.3143423698, 30.1982352141, 30.5679680667, 41.3208678252, 12.0330171149, 1.8731789361, 0.961528124, 8.3020550191, 4.8618665031, 5.1024021282, 3.048373519, 4.7259983255, 5.6817579509, 4.2616617565, 5.864322623, 3.3489961879, 2.5763933078, 6.4367447142, 4.1808364279, 5.9525157702, 1.6894610923, 8.0122878902, 1.2678963046, 2.8995518669, 3.0176796099, 1.0319591168, 4.9959242367, 3.3829210786, 4.2783015582, 6.4789589534, 3.4296630474, 5.9974502427, 3.8417459672, 7.0325849986, 5.2359001462, 4.500830016, 3.9755374447, 4.6862843354, 4.647952294, 4.6745542383, 2.6929309734, 3.3791619234, 4.3824327626, 6.9758553039, 4.7667433831, 9.0014452368]
    ],
    [
      [0.70738498166, 1.3973970104, 4.5870433401, 0.72456368059, 2.7252967308, 2.720205211, 2.0803742805, 2.6466127259, 7.2296168856, 5.4745453026, 10.5924835937, 8.4061393091, 7.8744485358, 9.3652518144, 8.2235348373, 14.3750803111, 8.0058336623, 1.0724795219, 1.8658954579, 1.7622430259, 2.2447012248, 0.98400934411, 0.45775636568, 1.975841521, 3.1497638595, 1.0390784091, 1.4839670203, 0.95586800575, 1.0212840934, 0.032523373277, 1.0136563042, 1.3907621469, 1.0749620617, 1.9590261065, 1.6634601667, 2.8863710715, 1.9505311467, 1.5208004311, 1.0892977984, 2.4811564098, 1.8410309341, 1.1754161475, 2.0297092773, 2.1070693725, 0.98957710963, 2.4667492481, 0.43054497341, 2.0160360799, 2.4156359599, 2.9071222006],
      [0.54802803298, 0.73718627045, 2.0788509166, 0.99930762025, 1.0744255461, 2.3521436229, 1.2376047503, 0.5135158481, 4.9707317888, 10.5883708147, 7.1077513946, 8.1275031622, 1.8125567554, 3.9185029007, 5.6141874508, 5.5026054997, 2.5323752524, 0.12019898561, 0.71490966419, 0.33809728757, 0.57761136204, 0.74989405931, 1.1697109862, 0.9830217265, 0.47640723446, 0.96073019399, 2.3080025813, 0.85810221999, 1.003424392, 0.99191038039, 1.0035649363, 1.5603682887, 0.98525472182, 3.096689614, 1.1000446842, 1.857772696, 0.95779522974, 0.77137720871, 0.64829292051, 0.86023321057, 0.76428012846, 0.38470722326, 1.899151911, 0.56807231776, 1.0184613083, 4.5000162153, 0.94778175467, 1.026609613, 0.91701440189, 0.61626838861],
      [0.73977115225, 4.354199346, 3.2430372708, 4.987064457, 5.9157880608, 4.9040412736, 6.353362806, 3.0454605988, 27.1399087175, 39.2099266605, 40.8221101994, 32.8043096614, 41.1865458937, 40.0621997844, 50.026794718, 41.0501205847, 32.3686270529, 3.8039520705, 3.1286095871, 3.8423334326, 2.8611049069, 2.6907487068, 5.423178449, 2.0565153601, 5.9443439418, 7.9040456063, 8.1163751557, 5.033026964, 5.9697949646, 4.9488526479, 7.9764330047, 5.3765867329, 6.9323572976, 3.6854947949, 5.8324164054, 4.6720965555, 3.5037593258, 6.2181981935, 6.2002841085, 4.3042063274, 4.3611204326, 2.8883050352, 4.9932383278, 4.2397994126, 9.0092103627, 8.7885508819, 8.6004504306, 6.9582669187, 3.2985099823, 6.4415399003],
      [0.004815833109, 0.51121737321, 1.0910684725, 0.28906424216, 0.28448966223, 0.023609892496, 0.32865816313, 0.79441082722, 4.659742608, 2.7271572222, 0.47765481232, 1.6620478673, 0.12644881509, 1.6540455004, 2.1354829939, 1.0721936046, 1.0931640323, 0.0033694219786, 0.29058529088, 0.05732625387, 0.3165825062, 0.57534788976, 0.94935419912, 0.98462139237, 0.42948496425, 0.096145790678, 0.091655242737, 0.15300281022, 0.0054965500281, 0.026713598419, 0.0063457548695, 0.6722828315, 0.0074259189004, 0.25878948463, 0.4040787437, 0.58375967699, 0.58791429777, 0.48962416673, 1.0621251726, 0.35440405227, 0.033568504826, 0.55157159402, 0.077900483893, 0.085058897139, 0.98275121941, 0.24468365474, 1.0212228413, 0.99908738849, 0.36883965592, 1.0350695105]
    ],
    [
      [8.3455653005, 6.598508649, 4.2587970417, 3.1198881627, 1.7511688568, 4.1336253099, 1.4678066854, 4.4761235337, 2.1255434681, 2.8997170378, 6.9202628529, 6.5406455863, 2.8318870354, 2.5758627653, 0.94577072424, 2.880109521, 11.6218049658, 32.2608887105, 37.1115913536, 30.3571956727, 30.5011525651, 28.6675255375, 28.1632366069, 25.8965670301, 30.0104640692, 3.0204301135, 4.0159082414, 4.708622471, 4.9777288272, 3.9678176354, 2.9927412158, 0.32252787713, 4.2120858574, 3.6658690176, 6.3041778103, 5.5361027382, 4.4161145253, 3.2191598715, 2.0127182775, 5.2783006072, 2.6922158115, 2.2509211609, 5.8165180559, 2.6949600312, 4.935036402, 3.5440336339, 3.7813590428, 7.8974762485, 7.1188368932, 5.3749974389],
      [0.11549469919, 1.0665358619, 0.038183905537, 0.5863957321, 0.036130562862, 2.0767592975, 0.62057853941, 1.2054935926, 0.92589516054, 2.8511360306, 1.3582285315, 2.6396314326, 0.91294239424, 0.60047417779, 0.37694367718, 0.94645812237, 2.5347409923, 4.5278432419, 3.5256335706, 7.7207685733, 8.1294738428, 5.2348184845, 14.7979234132, 9.0726864757, 5.1238877468, 2.8901696531, 0.63143062164, 1.9450561306, 0.029448392582, 2.0407812231, 0.0051409917096, 0.033600532321, 1.3190488278, 0.27068810453, 0.53909329542, 1.3895763935, 0.10532700769, 0.15011470294, 0.17451910052, 1.4418491008, 0.96848296336, 0.78622011259, 3.5963980887, 0.98486722902, 0.66034466884, 1.5207710409, 0.056402297171, 0.04298788608, 0.68037749709, 0.98194408172],
      [1.7560100104, 1.9740017259, 1.96366603, 0.02006206748, 3.1883135179, 0.90616641624, 0.33339771272, 1.6020878208, 1.3970503756, 1.1909785018, 1.4264877036, 4.793335066, 1.1426587189, 2.2833638246, 1.3944300734, 1.0703922419, 5.0910817064, 14.9408128583, 12.0609220598, 14.7696581499, 15.3887033426, 13.8019659998, 7.5007057076, 10.9666901581, 15.73299216, 0.19428209717, 1.408033419, 3.6715973442, 0.99199251146, 1.9915055666, 0.019406218934, 0.24256524481, 4.6703422885, 0.68550982598, 1.6154008231, 1.0627434022, 0.1232953191, 0.8921937451, 1.1585232026, 1.9391670685, 0.052358206234, 3.080103258, 0.48476154601, 0.92515320446, 2.3957598235, 1.4651140511, 2.8983782896, 3.0097995356, 4.0247424513, 1.6093517751],
      [0.78292998993, 1.3609537632, 2.7393530227, 1.2736540377, 2.0243870624, 1.8834489763, 1.5782170625, 0.71629505288, 3.5515109958, 1.0581684298, 1.295020912, 0.026387915152, 1.1125118515, 0.54029923241, 0.28285552512, 0.10304011475, 3.7523723354, 9.2704551893, 9.3018530159, 12.1523776041, 12.9806702495, 11.2956899782, 12.5381342724, 6.0640563361, 6.132656024, 1.8951181363, 0.94462771799, 1.6747240542, 1.0008302688, 1.9998955749, 1.9827115735, 0.40130634574, 1.7985230262, 0.37793305187, 0.54132807115, 2.0115774661, 1.3552631479, 1.7385316805, 2.6542394193, 2.3406832235, 1.2869430189, 0.8827554685, 0.1023223094, 0.39501953536, 1.0088591056, 0.47008127414, 1.2638603704, 0.049736329869, 1.1760431585, 1.0337067043]
    ],
    [
      [0.59190534036, 2.5856375839, 1.0470344954, 2.9924821892, 1.6408259095, 0.067807489153, 1.4050054419, 1.3520389795, 1.3970575423, 1.9737776186, 0.74973426936, 0.18985629593, 0.30595110147, 2.8464436497, 1.9148866538, 0.26425535815, 2.2924318703, 2.2116035106, 1.7504554353, 2.6141232722, 1.7863188655, 3.4469113418, 1.8509136057, 2.036725225, 1.8247142046, 11.7879595366, 15.4967316239, 13.3265031516, 9.9910879519, 10.0826842458, 10.9901697028, 8.2977616327, 10.6388231097, 6.1402855095, 2.0244355642, 0.89759070744, 2.4904089433, 0.28079973758, 3.0737161551, 2.1363620412, 2.0365117361, 2.1757287228, 1.9206665612, 0.96077771306, 2.0147215748, 1.4879996791, 2.350546, 1.0408652124, 2.7438395282, 1.9773807306],
      [2.6160094279, 2.2986138185, 2.885362324, 4.5910942504, 3.6306357825, 2.7766023167, 1.8611207452, 2.1093392382, 4.2241961391, 4.6417443539, 1.7007846357, 2.8397713951, 2.9170651031, 4.3141069369, 5.4795173744, 3.8335698984, 4.9736346752, 3.7662023092, 2.5339143392, 3.6695624808, 3.5713524655, 3.4168788658, 4.857751961, 5.9748120865, 2.8159387084, 20.4006229962, 18.9127496969, 20.2972440503, 28.9619300629, 24.8960151141, 24.0386071884, 30.1844920165, 25.3844337345, 15.0152853433, 4.7738886036, 1.5480129566, 3.0884141711, 1.1906130247, 2.2312746596, 2.4503489097, 4.5847652076, 3.817371191, 3.755424902, 3.1833288881, 8.561322475, 5.1127807695, 4.0736092812, 4.9488437303, 4.5212650398, 1.5698377516],
      [0.88543935166, 1.4069294288, 0.1702071457, 3.7130177097, 1.4077182284, 1.1798347165, 1.6652094276, 1.7259992671, 1.1881905389, 4.3864478928, 2.3486633114, 2.9680984831, 3.1043737196, 2.3637415542, 3.672999056, 2.874935266, 2.4514465282, 1.7911764506, 2.2230226264, 5.3188043831, 1.1090037389, 3.553987003, 1.1864866938, 1.9954650543, 4.0257934911, 20.887885863, 16.3409986162, 18.8990249434, 12.1045602887, 19.1239729361, 21.9663803227, 16.8537746769, 21.3332343287, 2.4845208347, 2.655694804, 1.1881225121, 2.1334719239, 1.3570354161, 0.95041375442, 1.7587950339, 1.3585249634, 2.9211522472, 0.31082139645, 2.77943878, 3.4054232284, 0.29181684895, 2.2373817009, 1.0171112074, 3.6376006008, 1.4621568413],
      [0.90664588011, 0.70881916883, 0.89739603485, 1.7034058507, 0.32082007962, 0.97575547771, 0.068664385278, 0.81262251512, 0.19055577968, 0.99803013467, 0.20081778353, 0.0022738258764, 1.6726100758, 0.4757078593, 0.93259691586, 0.027239477397, 0.28248692628, 0.23101772968, 0.49260759902, 0.39750986399, 0.53332493014, 0.5822227894, 0.10484773952, 0.99299763428, 0.33355359595, 6.9235316041, 5.2495200631, 4.4772278546, 4.9424216965, 6.897327704, 5.0048427861, 4.6639716739, 4.6435088271, 4.3599083125, 0.5459810281, 0.36627382389, 0.28770496178, 1.1715518216, 1.7445954309, 0.65449401518, 0.020198092878, 0.085747839034, 0.013087140375, 0.076454618868, 1.0185327218, 0.10740270247, 1.3384630179, 0.99317984998, 0.097294831276, 0.99062467654]
    ],
    [
      [3.8814924727, 0.44175272065, 1.9796669329, 2.2645396414, 2.2599577479, 2.8825551004, 2.593362215, 3.1624854306, 0.66459395394, 2.0003640458, 3.2126724348, 1.8085065581, 4.5633271745, 1.6523447503, 1.3354998205, 2.1419788668, 2.2599723518, 1.6561855435, 4.2929764839, 1.6486296139, 0.98023726619, 1.0936260185, 1.0254840057, 1.0388208985, 0.81843379975, 0.10940113849, 2.6473932759, 3.9368886346, 1.9955403674, 2.9502634176, 0.99767511098, 2.6477926769, 0.83151441474, 9.1167189877, 9.9661407946, 9.1562441694, 19.4366099085, 13.3302319059, 15.3570479385, 16.1452360016, 11.7331926361, 7.7654490996, 1.882432048, 0.984889812, 1.3460176085, 2.5389355579, 3.0456547903, 3.0094877477, 1.9510396587, 0.13221103578],
      [5.4499690443, 1.9316768131, 3.2993751767, 3.7269599446, 1.3592747337, 2.2137214156, 3.7184091622, 5.9918495774, 2.4450754626, 5.4386707117, 2.8582911964, 3.3523083561, 3.1425880322, 4.0759691685, 2.4990772015, 7.7477248172, 1.4658604425, 2.2702480975, 2.9032805512, 1.7966795145, 1.411952872, 1.8209533801, 1.8335543945, 5.9488177951, 2.2926397622, 1.8782363238, 2.9078773026, 3.1447897365, 2.0077325166, 2.1076579822, 2.990294811, 4.4683466079, 2.7066733396, 16.237634464, 27.329971504, 31.6523839217, 22.8069640254, 28.1027999136, 25.5770924922, 24.4575926726, 24.0421079175, 17.7087030476, 2.172152516, 1.8483882981, 1.9810759714, 7.0297469088, 2.9499491017, 6.0163283968, 2.0423425209, 4.2715464126],
      [5.3777261244, 2.598675365, 2.819594601, 4.7025590134, 2.3393234391, 3.100769182, 1.4535024989, 1.5162099304, 2.4739365887, 1.383518308, 2.8975607047, 1.8386513627, 7.1890554465, 3.157181954, 2.004872695, 2.0441815242, 1.105485927, 2.8900898782, 3.7662579729, 1.5479334004, 3.1615354165, 3.0591197712, 1.0196005695, 2.0099739931, 2.633808815, 1.9954903869, 5.1607025682, 5.2591803159, 2.9915336891, 3.8726990568, 3.008249442, 5.1919065862, 2.1932710325, 11.3882938865, 15.0158853955, 18.651060641, 14.9678206015, 12.1371491186, 19.8144740606, 18.4195724662, 16.8626702815, 15.520995348, 1.944587172, 1.0971643897, 1.6662651258, 2.3474894192, 2.298397857, 3.9720606289, 1.814545399, 2.5706220424],
      [0.29081235862, 0.027895101281, 0.90136328939, 0.30594140058, 0.041444079249, 1.8029543021, 0.23472612388, 0.32945506166, 0.41639399479, 0.1774469346, 0.031475664086, 0.0005337231835, 0.10502934683, 0.11450412713, 0.16055028297, 0.066114791883, 0.16868127869, 0.18347648073, 0.037484991971, 0.0067574711519, 0.44627444536, 0.026300830151, 0.12136103026, 0.0023873132907, 0.255117623, 0.016872150803, 0.28402685323, 0.65914131301, 0.0051934269112, 0.069379543401, 0.0037806359741, 0.69195412905, 0.26854121322, 3.2573526619, 0.68800230589, 3.5403112679, 1.7886054645, 4.4298190619, 2.2513855087, 1.9775988595, 2.3620291649, 1.0048525049, 0.00082826404775, 0.069557500275, 0.0066412942539, 0.083828114096, 0.70599825108, 0.0021232266028, 0.19207242132, 0.025620509253]
    ],
    [
      [2.3425840496, 3.4158592173, 2.1928238714, 3.1429722176, 3.5305895499, 3.6901684074, 2.8846735823, 0.58363929046, 1.4539526794, 2.5633954547, 4.4371331363, 0.83291769686, 2.2392027424, 3.9781858129, 1.4303145836, 1.1544284644, 0.82490392142, 4.74163572, 0.83264197368, 0.29454823704, 1.7910910119, 0.75103995383, 2.5004807885, 3.9943964212, 4.8323285814, 1.0052400173, 1.861597071, 1.448659551, 1.0364581483, 2.0037273583, 1.0041707877, 2.6624201256, 1.0115666946, 2.423707534, 3.2505661922, 0.34738726284, 4.8991661164, 3.2423313287, 1.2321416013, 0.97931806298, 3.8630838448, 6.2368571794, 15.1971804324, 13.8367554797, 8.3911849692, 11.6989671, 11.4101727147, 11.0124367546, 12.9912693566, 15.6552391366],
      [5.5618209029, 3.0398417219, 3.9663448104, 5.8212546508, 3.5339825446, 2.630473164, 2.4145407828, 3.3775855845, 4.8171745669, 3.2987982744, 3.5602817132, 2.3725718618, 2.1033553938, 3.9099575381, 2.5873097575, 1.9872684824, 4.2692887339, 5.1836300891, 0.36900556257, 2.4596425574, 5.0675017815, 1.4025525421, 2.4064108593, 5.0552882113, 4.8075750237, 2.9682165113, 3.8345761104, 1.0720889707, 5.0236422532, 4.9428579266, 3.9754380795, 2.7094603276, 2.1752060041, 1.5690672139, 4.5225034814, 1.9746726548, 5.7837165328, 4.4164558342, 2.6664681528, 1.760192615, 9.5585027353, 7.2118115127, 22.3897095009, 27.6480828174, 20.4487723443, 23.0346816182, 24.8725667452, 17.9919122737, 9.3901070516, 11.442018554],
