{
  "X": [
    [22, 39, 73, 145, 57],
    [38, 25, 83, 139, 71],
    [17, 30, 116, 172, 73],
    [23, 37, 105, 169, 74],
    [12, 24, 88, 186, 82],
    [7, 12, 51, 154, 61],
    [7, 9, 60, 152, 61],
    [5, 3, 43, 168, 61],
    [2, 5, 47, 161, 52],
    [16, 19, 101, 175, 66],
    [26, 32, 113, 142, 58],
    [17, 31, 117, 241, 84],
    [7, 11, 88, 237, 59],
    [4, 7, 77, 223, 61],
    [9, 2, 76, 207, 79],
    [7, 11, 88, 142, 65],
    [10, 18, 78, 145, 74],
    [11, 16, 91, 160, 62],
    [19, 22, 98, 174, 89],
    [10, 22, 90, 162, 92],
    [2, 18, 94, 165, 73],
    [8, 18, 87, 147, 91],
    [14, 22, 75, 133, 79],
    [9, 28, 76, 132, 58],
    [10, 22, 148, 133, 49],
    [8, 16, 136, 160, 78],
    [13, 12, 105, 142, 71],
    [11, 26, 127, 125, 67],
    [4, 10, 91, 109, 56],
    [7, 15, 87, 103, 67],
    [11, 20, 55, 112, 79],
    [12, 15, 81, 125, 78],
    [11, 20, 97, 149, 89],
    [9, 10, 96, 125, 79],
    [11, 21, 93, 151, 85],
    [13, 17, 124, 193, 110],
    [14, 19, 88, 174, 75],
    [8, 22, 87, 154, 59],
    [12, 15, 78, 158, 51],
    [5, 4, 52, 99, 43],
    [18, 22, 73, 123, 49],
    [13, 24, 73, 148, 62],
    [11, 19, 80, 169, 68],
    [18, 18, 74, 214, 72],
    [9, 8, 89, 159, 61],
    [2, 8, 47, 119, 58],
    [16, 18, 75, 115, 45],
    [6, 12, 64, 147, 58],
    [8, 15, 72, 164, 54],
    [26, 136, 95, 93, 57],
    [30, 119, 61, 103, 64],
    [30, 96, 89, 121, 74],
    [32, 90, 95, 99, 56],
    [27, 107, 108, 119, 81],
    [22, 30, 76, 160, 70],
    [23, 36, 81, 142, 65],
    [25, 64, 83, 95, 68],
    [27, 65, 73, 103, 65],
    [20, 36, 103, 162, 80],
    [29, 47, 85, 137, 77],
    [47, 52, 88, 124, 74],
    [39, 54, 118, 106, 79],
    [25, 41, 120, 124, 70],
    [34, 56, 107, 95, 65],
    [28, 28, 94, 129, 74],
    [31, 40, 101, 99, 78],
    [11, 4, 74, 142, 48],
    [12, 9, 76, 122, 53],
    [4, 4, 65, 108, 57],
    [27, 31, 66, 79, 49],
    [14, 17, 95, 97, 56],
    [119, 283, 652, 934, 442]
  ],
  "W": [
    [12, 22, 44, 84, 159, 15],
    [8, 41, 39, 88, 161, 19],
    [7, 32, 35, 130, 185, 19],
    [9, 35, 43, 113, 197, 11],
    [16, 27, 25, 110, 196, 18],
    [7, 10, 12, 63, 188, 5],
    [19, 7, 15, 64, 171, 13],
    [13, 11, 7, 46, 197, 6],
    [34, 5, 9, 47, 166, 6],
    [29, 25, 24, 105, 183, 11],
    [12, 41, 41, 113, 154, 10],
    [41, 25, 45, 126, 242, 11],
    [6, 12, 17, 104, 251, 12],
    [17, 2, 8, 88, 245, 12],
    [40, 10, 9, 76, 224, 14],
    [17, 15, 20, 100, 149, 12],
    [30, 14, 28, 71, 172, 10],
    [15, 13, 16, 112, 173, 11],
    [16, 22, 37, 101, 208, 18],
    [27, 13, 30, 97, 200, 9],
    [27, 5, 20, 97, 187, 16],
    [28, 9, 23, 91, 189, 11],
    [20, 14, 26, 90, 160, 13],
    [20, 16, 33, 87, 140, 7],
    [27, 14, 23, 142, 149, 7],
    [16, 9, 23, 148, 175, 27],
    [26, 21, 16, 120, 150, 10],
    [29, 15, 29, 132, 136, 15],
    [25, 9, 11, 103, 113, 9],
    [3, 7, 26, 99, 127, 17],
    [12, 18, 27, 63, 142, 15],
    [11, 11, 23, 92, 142, 32],
    [7, 17, 36, 114, 176, 16],
    [17, 9, 13, 110, 145, 25],
    [9, 13, 32, 109, 186, 12],
    [19, 19, 27, 144, 211, 37],
    [31, 9, 27, 98, 189, 16],
    [18, 9, 28, 94, 173, 8],
    [18, 18, 21, 85, 161, 11],
    [7, 10, 8, 57, 112, 9],
    [10, 19, 24, 88, 132, 12],
    [12, 14, 35, 80, 166, 13],
    [12, 18, 22, 86, 191, 18],
    [18, 20, 18, 92, 235, 13],
    [14, 13, 9, 106, 174, 10],
    [12, 5, 8, 62, 138, 9],
    [11, 21, 22, 81, 118, 16],
    [13, 9, 15, 69, 167, 14],
    [20, 9, 18, 77, 173, 16],
    [9, 38, 141, 100, 105, 14],
    [17, 36, 137, 58, 116, 13],
    [23, 43, 114, 97, 125, 8],
    [25, 44, 100, 98, 91, 14],
    [26, 38, 117, 120, 126, 15],
    [14, 29, 35, 83, 187, 10],
    [7, 31, 36, 86, 166, 21],
    [9, 38, 72, 98, 109, 9],
    [10, 47, 76, 78, 113, 9],
    [22, 33, 52, 113, 172, 9],
    [22, 33, 47, 94, 165, 14],
    [15, 61, 60, 94, 138, 17],
    [15, 61, 57, 123, 131, 9],
    [15, 31, 58, 126, 138, 12],
    [20, 47, 69, 114, 97, 10],
    [28, 35, 36, 98, 144, 12],
    [17, 47, 56, 105, 112, 12],
    [14, 14, 11, 86, 138, 16],
    [24, 16, 13, 79, 129, 11],
    [25, 8, 6, 68, 115, 16],
    [5, 38, 43, 71, 83, 12],
    [3, 25, 25, 102, 109, 15],
    [68, 171, 327, 724, 1047, 93]
  ],
  "method": "mult",
  "cond_prob": [
    [
      [0.0019443374816, 0.00065665861488, 0.21365600023, 0.47962869671, 0.30411430697],
      [0.75678784361, 0.0073797248783, 0.10410483663, 0.0064127796825, 0.1253148152],
      [0.031516220988, 0.84198650245, 0.029941115135, 0.00076647629811, 0.095789685124],
      [0.0093579554407, 0.0046058088792, 0.76854695215, 0.092725626391, 0.12476365713],
      [0.015488109629, 0.0086990981657, 0.0031045084964, 0.80915125467, 0.16355702904],
      [0.046129598616, 0.0008210324721, 0.11845677957, 0.17504316135, 0.65954942799]
    ],
    [
      [0.00088751127077, 0, 0.22072718802, 0.43995244104, 0.33843285967],
      [0.7327311124, 0, 0.11518418614, 0.0052586610329, 0.14682604043],
      [0.1677462105, 0.64102564103, 0.047819057788, 0.00073360736876, 0.14267548332],
      [0.0024871874256, 0, 0.77859149294, 0.081524186849, 0.13739713279],
      [0.0026992823512, 0, 0.024314867242, 0.77757015696, 0.19541569344],
      [0.039756060005, 0, 0.11662855822, 0.15122320884, 0.69239217293]
    ],
    [
      [0, 1.7194129879e-05, 0.22168041193, 0.46810128343, 0.31020111051],
      [0.51795893118, 0.0090944915647, 0.26044339852, 0.01298920212, 0.19951397661],
      [0, 0.84875061021, 0.040918840298, 0.0045483186483, 0.10578223084],
      [0, 0, 0.77469950072, 0.10051280495, 0.12478769433],
      [0, 0, 0.0086318602841, 0.82040136745, 0.17096677226],
      [0.022384958017, 0.00013602914028, 0.12495051088, 0.17408040914, 0.67844809282]
    ],
    [
      [0.00036244424977, 0.00017796499385, 0.22744247901, 0.44123387898, 0.33078323277],
      [0.64816789463, 0.011747412721, 0.15077449676, 0.0075271758467, 0.18178302004],
      [0, 0.84810714874, 0.040129015328, 0.00054284821153, 0.11122098772],
      [0, 0.00075895563738, 0.7878525577, 0.080297176743, 0.13109130992],
      [0, 0.00015469438927, 0.028272492017, 0.78150095599, 0.19007185761],
      [0.028260153606, 0.0002176992844, 0.12303115414, 0.15571201458, 0.6927789784]
    ],
    [
      [0, 0.00075285453851, 0.18621707168, 0.46883046898, 0.3441996048],
      [0.42401004314, 0.040704182059, 0.16014371248, 0.12659136391, 0.24855069841],
      [0.0097269916125, 0.85062503409, 0.026502183125, 0.0058209448485, 0.10732484632],
      [0, 0.014618785496, 0.71136743063, 0.1185183789, 0.15549540497],
      [0, 0, 0, 0.81069949237, 0.18930050763],
      [0.017141891387, 0.00084717527725, 0.099093037146, 0.16672777026, 0.71619012593]
    ],
    [
      [0.0005337360578, 0.0003076405195, 0.19364002743, 0.42937584263, 0.37614275336],
      [0.66882037962, 0.0086758923909, 0.11981424334, 0.0079231018418, 0.1947663828],
      [0.014416142994, 0.85052152699, 0.027031370368, 0.0015949718872, 0.10643598776],
      [0, 0.003641231951, 0.74002190759, 0.090797413448, 0.16553944701],
      [0, 0.0078421895743, 0.0053983160954, 0.76845546919, 0.21830402514],
      [0.027013267084, 0.00022000314444, 0.097147465157, 0.14122663323, 0.73439263139]
    ],
    [
      [0, 0, 0.21521375709, 0.44596405275, 0.33882219016],
      [0.7368832007, 0.0035403207366, 0.10939697194, 0.0068558038491, 0.14332370278],
      [0.091178084598, 0.59834785032, 0.16104803318, 0.0028166439664, 0.14660938793],
      [0, 0, 0.77056508772, 0.089736430006, 0.13969848227],
      [0, 0, 0.011301577875, 0.79347602365, 0.19522239847],
      [0.03647279432, 0, 0.11390029869, 0.15453162664, 0.69509528035]
    ],
    [
      [0, 0, 0.20153307708, 0.43917734142, 0.3592895815],
      [0.4319590762, 0, 0.2402246202, 0.081864552377, 0.24595175122],
      [0.020296350983, 0.42857142857, 0.35345254506, 0.0033426935495, 0.19433698184],
      [0, 0, 0.752854482, 0.093685127037, 0.15346039096],
      [0, 0, 0, 0.79267987854, 0.20732012146],
      [0.01772928415, 0, 0.10535419803, 0.14988895257, 0.72702756526]
    ],
    [
      [0, 0, 0.20483796364, 0.48146870509, 0.31369333127],
      [0.4, 0.0063014256428, 0.18585384715, 0.17622744522, 0.23161728199],
      [0, 0.55205476353, 0.2563106, 0.049563916097, 0.14207072037],
      [0, 0, 0.76583272392, 0.10250729262, 0.13165998346],
      [0, 0, 0, 0.82785011117, 0.17214988883],
      [0, 0, 0.1342177627, 0.17698172485, 0.68880051244]
    ],
    [
      [0, 0, 0.22910112443, 0.46944068781, 0.30145818776],
      [0.60890193819, 0, 0.2116707247, 0.010150768993, 0.16927656811],
      [0.019196154639, 0.79166666667, 0.078754011081, 0.0028197136879, 0.10756345393],
      [0, 0, 0.78872657256, 0.09237311623, 0.11890031121],
      [0, 0, 0.015945376652, 0.81662859483, 0.16742602852],
      [0.028794893982, 0, 0.13090081478, 0.17477887663, 0.6655254146]
    ],
    [
      [0, 0, 0.24697508272, 0.46363781042, 0.28938710685],
      [0.60869699319, 0, 0.22053623038, 0.0088719403474, 0.16189483609],
      [0.018340895531, 0.78048780488, 0.09411989617, 0.0017120057929, 0.10533939763],
      [0, 0, 0.80991660931, 0.082469107901, 0.10761428279],
      [0, 0, 0.027107943918, 0.81120669045, 0.16168536563],
      [0.029144656258, 0, 0.14401976034, 0.17575649608, 0.65107908732]
    ],
    [
      [0, 0, 0.21285620919, 0.4895712534, 0.29757253741],
      [0.66705728012, 0.0045076743673, 0.14509647375, 0.016653476804, 0.16668509497],
      [0, 0.68638462535, 0.14736035743, 0.044403006753, 0.12185201046],
      [0, 0, 0.76702076891, 0.10969221119, 0.1232870199],
      [0, 0, 0, 0.83748623266, 0.16251376734],
      [0.029415272463, 0, 0.12451369209, 0.18365631582, 0.66241471962]
    ],
    [
      [9.6785671377e-05, 0, 0.21837622848, 0.51593289956, 0.26559408629],
      [0.55625135945, 0.0061431585985, 0.1606268129, 0.11365397139, 0.16332469766],
      [0, 0.64272247628, 0.14563032163, 0.10163416927, 0.11001303282],
      [0, 0, 0.77582872454, 0.11507811317, 0.10909316229],
      [0, 0, 0, 0.86193352771, 0.13806647229],
      [0.027033581046, 0, 0.13335983788, 0.20827790372, 0.63132867736]
    ],
    [
      [0.0013216974736, 5.1206539003e-05, 0.2209737933, 0.49176687509, 0.2858864276],
      [0.8510625025, 0.0037708596283, 0.067771838505, 0.0044091918686, 0.072985607494],
      [0.034083047013, 0.84833123257, 0.032496535322, 0.0018344412501, 0.083254743843],
      [0.0032379196569, 0.00027418981964, 0.78264935895, 0.098023361144, 0.11581517043],
      [0.0039986894427, 0.0007362123317, 0.010080814537, 0.83181193212, 0.15337235157],
      [0.061510493215, 3.6431967706e-05, 0.12541553378, 0.18304083837, 0.62999670267]
    ],
    [
      [0, 0, 0.2166711006, 0.45218767815, 0.33114122125],
      [0.72389921501, 0, 0.1190103499, 0.0075674337138, 0.14952300137],
      [0.14075084248, 0.22222222222, 0.3584417314, 0.0045050943585, 0.27408010954],
      [0, 0, 0.77374835975, 0.091296084039, 0.13495555622],
      [0, 0, 0.011052281522, 0.80194228716, 0.18700543131],
      [0.035303590539, 0, 0.11689217805, 0.15876414116, 0.68904009025]
    ],
    [
      [0, 0, 0.20602979749, 0.45170674837, 0.34226345414],
      [0.45366596125, 0.0040592434317, 0.1943791653, 0.10751230251, 0.24038332752],
      [0, 0.54695556743, 0.27931177932, 0.0061275750291, 0.16760507823],
      [0, 0, 0.74650889574, 0.1082213028, 0.14526980146],
      [0, 0, 0, 0.80435653649, 0.19564346351],
      [0.016250881776, 0, 0.11205673358, 0.15954125186, 0.71215113278]
    ],
    [
      [0, 0, 0.24198015731, 0.39237718393, 0.36564265876],
      [0.64451416465, 0.0039332755749, 0.15236939379, 0.0062209636782, 0.19296220231],
      [0.025743269595, 0.64089050507, 0.071664432557, 0.1054567549, 0.15624503788],
      [0, 0, 0.79342060668, 0.066517418894, 0.14006197443],
      [0, 0, 0.052594064804, 0.72181628896, 0.22558964624],
      [0.025599014626, 0, 0.12217774356, 0.13136634113, 0.72085690069]
    ],
    [
      [0.00091171082131, 0.00076109478947, 0.20610492407, 0.46909620175, 0.32312606856],
      [0.7195199082, 0.0082602244394, 0.11421183275, 0.0080864359697, 0.14992159863],
      [0.020525612675, 0.85744423579, 0.028247211966, 0.0021372610726, 0.091645678492],
      [0.0030061865009, 0.005693094271, 0.75507922124, 0.09916601649, 0.1370554815],
      [0.0032921266593, 0.0087764368065, 0.00098281570495, 0.80852408186, 0.17842453897],
      [0.036174993462, 0.00055843289544, 0.11207427511, 0.16754337451, 0.68364892402]
    ],
    [
      [0, 0, 0.22542994568, 0.41144472703, 0.36312532729],
      [0.69191978968, 0.002083807164, 0.12854675735, 0.0062622095098, 0.17118743629],
      [0.086811011876, 0.59335557412, 0.15371755287, 0.00127059625, 0.16484526488],
      [0, 0, 0.77867262478, 0.075545580443, 0.14578179477],
      [0, 0, 0.024751325594, 0.75548462714, 0.21976404727],
      [0.031430954866, 0, 0.11574066247, 0.13673320153, 0.71609518113]
    ],
    [
      [0, 0, 0.21212580013, 0.38246100334, 0.40541319653],
      [0.65388443716, 0.0053861676135, 0.12893905034, 0.0060789488288, 0.20571139606],
      [0.042135044619, 0.73099932737, 0.07062862202, 7.5855025194e-05, 0.15616115097],
      [0, 0, 0.76084763882, 0.070161982067, 0.16899037911],
      [0, 0, 0.028811034635, 0.71853812575, 0.25265083961],
      [0.026161219814, 0, 0.10145657654, 0.1198792793, 0.75250292434]
    ],
    [
      [0, 0.00029140630767, 0.2342238939, 0.42895874, 0.3365259598],
      [0.4, 0.10847102768, 0.21769322528, 0.011321079775, 0.26251466727],
      [0, 0.85342142709, 0.039012690567, 0.00034485217815, 0.10722103016],
      [0, 0.00061852644496, 0.7951034785, 0.074023506941, 0.13025448812],
      [0, 0.00055670019078, 0.035561137592, 0.76869973282, 0.1951824294],
      [0, 0.01357802179, 0.12701654894, 0.15171758549, 0.70768784378]
    ],
    [
      [0.0010885960887, 0, 0.21928765927, 0.36232625132, 0.41729749332],
      [0.67767963268, 0.0055447166534, 0.12032645915, 0.0046852615584, 0.19176392996],
      [0.027900346536, 0.78043902392, 0.041651094941, 0, 0.1500095346],
      [0.0027369775985, 0, 0.76921180083, 0.05824384963, 0.16980737194],
      [0.0035026402205, 0, 0.04070097664, 0.68938562807, 0.26641075507],
      [0.02887551654, 0, 0.10257034222, 0.11078396255, 0.75777017869]
    ],
    [
      [0.0021489517596, 0.00058200942889, 0.19471987078, 0.39861769571, 0.40393147232],
      [0.72263903678, 0.0060024589291, 0.097401664639, 0.0048709188364, 0.16908592082],
      [0.028301125333, 0.80454002477, 0.031603600416, 0, 0.13555524948],
      [0.0078256929734, 0.0026279932042, 0.73527410079, 0.076409807014, 0.17786240602],
      [0.012060067066, 0.0046552789441, 0.0096333979839, 0.72794842941, 0.2457028266],
      [0.036178622547, 0.00037851714971, 0.092636378505, 0.1239093758, 0.746897106]
    ],
    [
      [0, 0, 0.20624719023, 0.45640285434, 0.33734995543],
      [0.55258718987, 0.008686889475, 0.21760637622, 0.011448269524, 0.20967127491],
      [0, 0.84424927342, 0.034572078062, 0.0051665753504, 0.11601207317],
      [0, 0, 0.75680448045, 0.10009417593, 0.14310134362],
      [0, 0, 0.0044985026815, 0.80489572548, 0.19060577184],
      [0.022657851717, 0.00011196367015, 0.11152791791, 0.16066839153, 0.70503387517]
    ],
    [
      [0, 0.001539197879, 0.29343042557, 0.44122495242, 0.26380542413],
      [0.6845854352, 0.0088859999668, 0.17284310128, 0.0037823518517, 0.12990311171],
      [0.0072324678443, 0.87003632193, 0.048071772347, 0, 0.074659437878],
      [0, 0.0065919062709, 0.87827609194, 0.031842466158, 0.083289535628],
      [0, 0.0059387709796, 0.071291167555, 0.77378219252, 0.14898786894],
      [0.035636735255, 0.00032495527343, 0.17347647232, 0.17411378262, 0.61644805453]
    ],
    [
      [0, 0, 0.23728152473, 0.44237682063, 0.32034165464],
      [0.69452577732, 0.0050881721447, 0.13799216927, 0.0071067411589, 0.1552871401],
      [0.039031085611, 0.69366115003, 0.14127258642, 0.0010603391733, 0.12497483876],
      [0, 0, 0.80114820956, 0.076077919583, 0.12277387086],
      [0, 0, 0.031945764639, 0.7846844917, 0.18336974366],
      [0.031539001299, 0, 0.13155010246, 0.15756682418, 0.67934407207]
    ],
    [
      [0, 0, 0.2101484363, 0.438312501, 0.3515390627],
      [0.59266936965, 0, 0.19592313759, 0.0097793032082, 0.20162818955],
      [0.019071798163, 0.75, 0.097618892483, 0.002605375331, 0.13070393402],
      [0, 0, 0.75907992923, 0.092694782141, 0.14822528863],
      [0, 0, 0.011086367407, 0.78487073527, 0.20404289732],
      [0.024879446674, 0, 0.11073058688, 0.15028394539, 0.71410602105]
    ],
    [
      [0.00035287434744, 0.0012258743051, 0.24926368924, 0.42209702787, 0.32706053423],
      [0.66820069495, 0.0082084029757, 0.1518850064, 0.005152779163, 0.16655311652],
      [0.015893880217, 0.83835687542, 0.043409933488, 0, 0.10233931087],
      [0, 0.0055883614309, 0.81918007204, 0.055170560436, 0.1200610061],
      [0.00036590337402, 0.0057484924876, 0.04473727897, 0.75863804545, 0.19051027972],
      [0.0304047223, 0.00063436839982, 0.13454335975, 0.14830708968, 0.68611045987]
    ],
    [
      [0, 0, 0.2175158036, 0.43404363269, 0.3484405637],
      [0.42729785428, 0.063438428419, 0.25809382639, 0.010461265327, 0.24070862558],
      [0, 0.85700450513, 0.034263558505, 0.0015660779744, 0.10716585839],
      [0, 0, 0.77232474588, 0.085053365121, 0.142621889],
      [0, 0, 0.020124173337, 0.77809210204, 0.20178372463],
      [0.017146590163, 0.00022273197223, 0.1154312129, 0.15029186661, 0.71690759835]
    ],
    [
      [0.000277466513, 0, 0.21773143828, 0.39015889668, 0.39183219853],
      [0.69946281735, 0.0029041819222, 0.11714484554, 0.0056347273618, 0.17485342783],
      [0.062084211563, 0.57614118179, 0.18081769835, 0.00053630427276, 0.18042060402],
      [0, 0, 0.76712269863, 0.069487436779, 0.16338986459],
      [0, 0, 0.023979836056, 0.73074589525, 0.24527426869],
      [0.028749316377, 0, 0.10793795681, 0.12306772762, 0.7402449992]
    ],
    [
      [0, 0, 0.18807148332, 0.37297510524, 0.43895341143],
      [0.59501399654, 0.0058295868009, 0.13368144799, 0.0074534545099, 0.25802151416],
      [0, 0.73685434954, 0.09047507776, 0.0014088600633, 0.17126171264],
      [0, 0, 0.72304115694, 0.077714608625, 0.19924423443],
      [0, 0, 0.0073842623004, 0.7096955315, 0.2829202062],
      [0.019316537483, 0, 0.086259393519, 0.11195410116, 0.78246996784]
    ],
    [
      [0.00039915932754, 0, 0.21075793836, 0.42219981166, 0.36664309065],
      [0.73218915172, 0.003325473326, 0.10534818889, 0.0059587671997, 0.15317841887],
      [0.12072580495, 0.65058346928, 0.075585288133, 0.0016097010479, 0.15149573659],
      [0, 0, 0.7611044844, 0.082120142992, 0.15677537261],
      [0, 0, 0.016638529211, 0.76232353532, 0.22103793547],
      [0.036401095767, 0, 0.10625272689, 0.13900741682, 0.71833876051]
    ],
    [
      [0, 0, 0.19954537068, 0.40237277784, 0.39808185148],
      [0.61300600769, 0.0025625653634, 0.14096486141, 0.0096476646478, 0.23381890088],
      [0.0073640639768, 0.55434545525, 0.22594343246, 0.016342822785, 0.19600422553],
      [0, 0, 0.73251281804, 0.091841493975, 0.17564568798],
      [0, 0, 0, 0.75504863526, 0.24495136474],
      [0.019611972878, 0, 0.09789718348, 0.12953428233, 0.75295656131]
    ],
    [
      [0.0010180597873, 0, 0.21493799551, 0.40462504663, 0.37941889807],
      [0.71538600564, 0.0051461135852, 0.11090164646, 0.0053007056552, 0.16326552866],
      [0.062478846282, 0.76566807521, 0.038489697297, 0.00046957933349, 0.13289380188],
      [0.0033036760023, 0, 0.76751229648, 0.069833479436, 0.15935054808],
      [0.0034534167089, 0, 0.025850543586, 0.73895636512, 0.23173967458],
      [0.034713765924, 0, 0.10691567041, 0.12948830576, 0.72888225791]
    ],
    [
      [0.00013523697906, 0, 0.20487677788, 0.39551994884, 0.39946803629],
      [0.67614929406, 0.0039909226111, 0.11931705627, 0.0066303266889, 0.19391240037],
      [0.058491919758, 0.65462868769, 0.11625099773, 0.0017967999634, 0.16883159486],
      [0, 0, 0.74922788983, 0.079097535523, 0.17167457465],
      [0, 0, 0.016290904332, 0.73750714173, 0.24620195394],
      [0.028091717677, 0, 0.099083928618, 0.12488907344, 0.74793528026]
    ],
    [
      [0, 0, 0.20428523258, 0.43299882816, 0.36271593926],
      [0.63763140009, 0.0045368940614, 0.14051243587, 0.0096996881627, 0.20761958182],
      [0.022621485805, 0.62643700048, 0.18859148374, 0.0036856013743, 0.1586644286],
      [0, 0, 0.74626566441, 0.095779961606, 0.15795437399],
      [0, 0, 0.0020941097635, 0.78304621072, 0.21485967952],
      [0.0074114400439, 0, 0.12034490281, 0.1479500546, 0.72429360254]
    ],
    [
      [0.0023349908778, 0, 0.21298283529, 0.45015473603, 0.33452743781],
      [0.80991890996, 0.0031291809912, 0.078925523508, 0.0047747913437, 0.1032515942],
      [0.12812315108, 0.70266064337, 0.04036279054, 0.0017539380215, 0.12709947699],
      [0.0061266693053, 0, 0.76737498365, 0.08796262468, 0.13853572236],
      [0.0087586493998, 0, 0.013835407687, 0.78769278538, 0.18971315753],
      [0.057701355347, 0, 0.11123541247, 0.1537875049, 0.67727572729]
    ],
    [
      [0.00038572366857, 0, 0.23044483252, 0.44974178832, 0.3194276555],
      [0.71393741311, 0.0056771989418, 0.12683771061, 0.0069516691343, 0.14659600821],
      [0.045926722474, 0.78388947177, 0.055575658123, 0.0011293064712, 0.11347884116],
      [0, 0, 0.79209819277, 0.082089573936, 0.12581223329],
      [0, 0, 0.027107449557, 0.79079375611, 0.18209879433],
      [0.035209003343, 0, 0.1259395372, 0.16084030621, 0.67801115325]
    ],
    [
      [0, 0, 0.22074029445, 0.49863034992, 0.28062935563],
      [0.64813319372, 0.005225472611, 0.15409612799, 0.037051820732, 0.15549338495],
      [0, 0.70980673776, 0.17612358762, 0.005394332368, 0.10867534225],
      [0, 0, 0.77775714655, 0.10893193727, 0.11331091618],
      [0, 0, 0, 0.85003634158, 0.14996365842],
      [0.030327501186, 0, 0.13136287267, 0.1935794806, 0.64473014555]
    ],
    [
      [0, 0, 0.21652957919, 0.43824531908, 0.34522510173],
      [0.46799692186, 0, 0.2967163758, 0.011241494311, 0.22404520803],
      [0.01952193608, 0.5, 0.30764243733, 0.0034641866988, 0.16937143989],
      [0, 0, 0.7658736018, 0.09253429028, 0.14159210792],
      [0, 0, 0.0032182692234, 0.79590650032, 0.20087523046],
      [0.018206143641, 0, 0.11563869257, 0.15290797204, 0.71324719175]
    ],
    [
      [0.001715288497, 0.00060108582014, 0.21001649396, 0.48002378592, 0.3076433458],
      [0.75057987938, 0.0076115563964, 0.10445983148, 0.0073487877398, 0.129999945],
      [0.027716166526, 0.84697092007, 0.029274233978, 0.0020058072055, 0.094032872217],
      [0.010403551226, 0.0052988192422, 0.75935072007, 0.09694040817, 0.12800650129],
      [0.012229891324, 0.0079326752282, 0, 0.81352103213, 0.16631640132],
      [0.043898603957, 0.00072152208928, 0.11580444006, 0.17470530336, 0.66487013053]
    ],
    [
      [0, 0, 0.2175530046, 0.45156142959, 0.33088556581],
      [0.72132126433, 0.0035105813387, 0.11785618324, 0.0078757835664, 0.14943618753],
      [0.06960250928, 0.68431005318, 0.10840233838, 0.0040624620639, 0.1336226371],
      [0, 0, 0.77174099433, 0.092171984408, 0.13608702126],
      [0, 0, 0.010172574745, 0.80053831169, 0.18928911356],
      [0.035801113433, 0, 0.11672066017, 0.15889978533, 0.68857844107]
    ],
    [
      [0.00010162031947, 0.00011714335032, 0.22286852798, 0.45385698327, 0.32305572508],
      [0.58569927681, 0.012355330514, 0.20307611524, 0.0096555166358, 0.1892137608],
      [0, 0.85331966497, 0.037558855755, 0.0021937980606, 0.10692768121],
      [0, 0, 0.78135282248, 0.088859146135, 0.12978803138],
      [0, 0, 0.018029186185, 0.79972203571, 0.18224877811],
      [0.025344087426, 0.00017587228938, 0.12244419268, 0.16349210869, 0.68854373891]
    ],
    [
      [0.0012962538137, 0.00066738737121, 0.19456185087, 0.48530183104, 0.31817267691],
      [0.74188301806, 0.0080646869618, 0.10154229639, 0.008429214859, 0.14008078372],
      [0.022952509682, 0.85880035714, 0.026144861114, 0.0024206372666, 0.089681634797],
      [0.023876726781, 0.0056475792709, 0.72404421213, 0.10629527278, 0.14013620904],
      [0, 0.0078401683503, 0, 0.82128244045, 0.1708773912],
      [0.040707925538, 0.00048230802419, 0.10648967236, 0.17475943625, 0.67756065782]
    ],
    [
      [0, 8.9801975138e-05, 0.21167703965, 0.46165404228, 0.32657911609],
      [0.65717161512, 0.023650999379, 0.13730209638, 0.009196868733, 0.1726784204],
      [0.017906742924, 0.84796698222, 0.032406914101, 0.0020523846533, 0.099666976102],
      [0, 0.00055597060515, 0.76504057339, 0.09755230403, 0.13685115198],
      [0, 0, 0.0098612627297, 0.80695365357, 0.1831850837],
      [0.029560831718, 6.4405630687e-05, 0.11497714709, 0.16483327035, 0.69056434521]
    ],
    [
      [0, 0.00057276540176, 0.17600587765, 0.42399988529, 0.39942147165],
      [0.4, 0.011644429567, 0.15581017522, 0.14023750049, 0.29230789472],
      [0, 0.85476177522, 0.02378825667, 0.010308634095, 0.11114133401],
      [0, 0.015706463037, 0.69587533844, 0.10147721292, 0.18694098561],
      [0, 0, 0, 0.76524576064, 0.23475423936],
      [0, 0.013667750807, 0.086033506183, 0.1369825146, 0.76331622841]
    ],
    [
      [0.00030475462234, 0, 0.22921977116, 0.48880096673, 0.2816745075],
      [0.70552043815, 0.0061912368891, 0.13752027398, 0.010131224189, 0.14063682679],
      [0.027797925058, 0.81227200115, 0.060291285379, 0.0035719692272, 0.096066819184],
      [0, 0, 0.7922048376, 0.098331215126, 0.10946394727],
      [0, 0, 0.016510972367, 0.83351263907, 0.14997638856],
      [0.035572759164, 0, 0.13421011876, 0.18828315622, 0.64193396585]
    ],
    [
      [5.393919252e-05, 0, 0.22106758214, 0.44908826644, 0.32979021224],
      [0.65407748952, 0.007030619907, 0.14708779106, 0.0088589601782, 0.18294513933],
      [0, 0.79578162806, 0.087962911192, 0.0020953906265, 0.11416007013],
      [0, 0, 0.77868693112, 0.087894549503, 0.13341851937],
      [0, 0, 0.016907787242, 0.7949212906, 0.18817092216],
      [0.008042956058, 0, 0.13784920914, 0.15957939928, 0.69452843552]
    ],
    [
      [0.00065353831273, 0, 0.22631843559, 0.4876520396, 0.2853759865],
      [0.72919214676, 0.0063309672893, 0.12495621313, 0.0082063938678, 0.13131427895],
      [0.035066394138, 0.83016784969, 0.037705724415, 0.0026693920027, 0.094390639756],
      [0.001226410006, 0, 0.78964279801, 0.096288521411, 0.11284227058],
      [0.00050060605516, 0, 0.015983634839, 0.83084644356, 0.15266931554],
      [0.038247900024, 0, 0.13141612855, 0.18590010765, 0.64443586378]
    ],
    [
      [7.4393690785e-05, 0.00305303144, 0.24037786944, 0.45962968027, 0.29686502516],
      [0.66568915756, 0.022025817598, 0.15262663436, 0.0020725913038, 0.15758579917],
      [0, 0.89399011827, 0.026785589041, 0, 0.079224292686],
      [0, 0.033931496778, 0.79562528104, 0.061754983237, 0.10868823894],
      [0.0025725340327, 0.053555183347, 0.016984077903, 0.7641278103, 0.16276039442],
      [0.030930456852, 0.0047493601791, 0.13672590933, 0.16968971449, 0.65790455916]
    ],
    [
      [0.0011846252718, 0.0022006248855, 0.21976689865, 0.44686936363, 0.32997848756],
      [0.69948575812, 0.011725672662, 0.12608618902, 0.0038348720634, 0.15886750813],
      [0.014432871346, 0.84920298375, 0.030747586771, 0, 0.10561655813],
      [0.0030882271639, 0.007517255428, 0.77662043679, 0.080109748772, 0.13266433185],
      [0.018845126722, 0.015015305539, 0.016679021808, 0.76367288644, 0.18578765949],
      [0.035070679096, 0.0016830869287, 0.1179760513, 0.15636501291, 0.68890516977]
    ],
    [
      [0, 0.0010412960109, 0.20369420512, 0.45158209652, 0.34368240235],
      [0.65853117651, 0.0095183713943, 0.13230187335, 0.010426889375, 0.18922168937],
      [0.012783215315, 0.83188808294, 0.028116118033, 0.0066498253179, 0.12056275839],
      [0, 0.0032013005456, 0.75456984255, 0.095158327541, 0.14707052937],
      [0, 0.0033431814973, 0.010887857539, 0.79139570954, 0.19437325142],
      [0.028234108031, 0.00038686577526, 0.10831979413, 0.15654424832, 0.70651498374]
    ],
    [
      [0, 0.003537260483, 0.2255822674, 0.48773169389, 0.28314877822],
      [0.68938547336, 0.014713198319, 0.14000074347, 0.0083124875348, 0.14758809732],
      [0.011913211714, 0.86950839283, 0.030082896622, 0.00049340014675, 0.088002098683],
      [0, 0.012666584216, 0.78560022109, 0.091341932505, 0.11039126219],
      [0, 0.011448571431, 0.014859711492, 0.82227681703, 0.15141490005],
      [0.033979857204, 0.002157373222, 0.13221896628, 0.18663703225, 0.64500677104]
    ],
    [
      [1.8622028046e-05, 0.0049919236185, 0.21258217703, 0.43643098828, 0.34597628905],
      [0.65998540109, 0.015416359272, 0.13470385199, 0.0051287384685, 0.18476564918],
      [0.0086004538284, 0.85835202817, 0.025267846255, 0, 0.10777967175],
      [0, 0.023049263294, 0.76076194631, 0.074914400076, 0.14127439032],
      [0.0038352071985, 0.024191157473, 0.011336175583, 0.76366187483, 0.19697558492],
      [0.028705425394, 0.0028802400498, 0.1118658219, 0.14978520036, 0.7067633123]
    ],
    [
      [0.00088853570015, 0.00029752485442, 0.21398741616, 0.43933354985, 0.34549297343],
      [0.68594165709, 0.0075214471992, 0.12735487298, 0.0069528572, 0.17222916553],
      [0.022625047665, 0.82530278146, 0.035618198443, 0.00083800245632, 0.11561596998],
      [0.0027345791592, 0.0017725023254, 0.76844609536, 0.084192901769, 0.14285392139],
      [0.0040365814327, 0.0039725671114, 0.01689541675, 0.77604847684, 0.19904695787],
      [0.032156497815, 0.00021275894351, 0.11237790646, 0.15092913423, 0.70432370256]
    ],
    [
      [0.00067400945091, 0.0009299485125, 0.22911699035, 0.44958438754, 0.31969466415],
      [0.68544635628, 0.012463364348, 0.1377264134, 0.0045601385853, 0.15980372738],
      [0.016667480349, 0.85847155754, 0.033399235338, 0, 0.091461726771],
      [0.0015320379222, 0.011433950868, 0.78769783775, 0.075232817807, 0.12410335565],
      [0.0019081785646, 0.022049664824, 0.021377571031, 0.77649840752, 0.17816617806],
      [0.033233461597, 0.0027898027967, 0.12540947343, 0.15918033387, 0.6793869283]
    ],
    [
      [0.00022569221137, 0.0014733948554, 0.1995984028, 0.41668152288, 0.38202098725],
      [0.63728666003, 0.01408407556, 0.12960574649, 0.0065271635451, 0.21249635437],
      [0.0076956113663, 0.83896163396, 0.026251242919, 0, 0.12709151175],
      [0, 0.014615890439, 0.74001724135, 0.080095898185, 0.16527097003],
      [0, 0.014685205395, 0.0089545855118, 0.75168507923, 0.22467512986],
      [0.025221296724, 0.0014735864919, 0.098974116124, 0.13541804678, 0.73891295388]
    ],
    [
      [0, 4.3671325329e-05, 0.2049500951, 0.43788518148, 0.3571210521],
      [0.57023508932, 0.034073968249, 0.1628764615, 0.013275346782, 0.21953913415],
      [0, 0.83409651987, 0.032353147208, 0.0081408691224, 0.1254094638],
      [0, 0, 0.75334158907, 0.094453389439, 0.15220502149],
      [0, 0, 0.0098947863517, 0.7846619886, 0.20544322504],
      [0.022105644676, 0.00075014100103, 0.10641237392, 0.14937019385, 0.72136164655]
    ],
    [
      [0, 0, 0.20625672663, 0.44539417968, 0.34834909369],
      [0.59978923857, 0.0027766796182, 0.15070928642, 0.037228243663, 0.20949655173],
      [0, 0.6905455687, 0.15253705295, 0.011224439271, 0.14569293908],
      [0, 0, 0.74834294306, 0.10330678225, 0.1483502747],
      [0, 0, 0, 0.79842667346, 0.20157332654],
      [0.022995014125, 0, 0.11047402709, 0.15400788166, 0.71252307712]
    ],
    [
      [0.0027430029458, 0.0039746954472, 0.21418945465, 0.41453023743, 0.36456260953],
      [0.71510245403, 0.013287937439, 0.11171796372, 0, 0.15989164482],
      [0.018510348395, 0.84941990038, 0.028635133829, 0, 0.10343461739],
      [0.010003474205, 0.016993303487, 0.76253608042, 0.062758230592, 0.1477089113],
      [0.01820432774, 0.029809296837, 0.012498065662, 0.7277530506, 0.21173525916],
      [0.037660423236, 0.0025296386213, 0.10819396513, 0.13584341083, 0.71577256218]
    ],
    [
      [0.0017161278719, 0.00082661037982, 0.21285604114, 0.44349776018, 0.34110346043],
      [0.69804618625, 0.010302530818, 0.12135856846, 0.0037405983423, 0.16655211614],
      [0.024894946961, 0.83010224735, 0.032209505498, 0, 0.11279330019],
      [0.0078634622868, 0.0051889091734, 0.76446649861, 0.081364041048, 0.14111708888],
      [0.011349815684, 0.007603803061, 0.012376643771, 0.77446908516, 0.19420065233],
      [0.034959051993, 0.00093701992178, 0.11199345102, 0.15261196988, 0.69949850719]
    ],
    [
      [0.00015723920457, 0.0023516239644, 0.23225772862, 0.38735913775, 0.37787427046],
      [0.62650257079, 0.017841531823, 0.15370046705, 0, 0.20195543034],
      [0.0062893209833, 0.83860523348, 0.040525246247, 0, 0.11458019929],
      [0, 0.019291960962, 0.79023725858, 0.045838138762, 0.1446326417],
      [0.0014275313274, 0.020536500255, 0.035022155799, 0.71314815058, 0.22986566204],
      [0.026165188217, 0.0014112399003, 0.11593125884, 0.12545712667, 0.73103518637]
    ],
    [
      [0, 0, 0.2361574752, 0.42709424317, 0.33674828163],
      [0.68885704784, 0.0015584691144, 0.14038373771, 0.0057462017925, 0.16345454355],
      [0.056172587686, 0.70606357685, 0.07724518226, 0.027278734202, 0.133239919],
      [0, 0, 0.79604372853, 0.072889084207, 0.13106718726],
      [0, 0, 0.042119605005, 0.75993284036, 0.19794755464],
      [0.032285119273, 0, 0.12595884557, 0.14821091112, 0.69354512404]
    ],
    [
      [0.00084986525557, 0, 0.22396260543, 0.43581122838, 0.33937630094],
      [0.67226845349, 0.0058321204223, 0.14002560612, 0.006238696438, 0.17563512353],
      [0.02919558838, 0.80762159913, 0.042600465634, 0, 0.12058234685],
      [0.0005111174257, 0, 0.78361445433, 0.078969554725, 0.13690487352],
      [3.6290304905e-05, 0, 0.025556516731, 0.77812148249, 0.19628571047],
      [0.031010223657, 0, 0.11890823584, 0.15102436598, 0.69905717452]
    ],
    [
      [0.0025458644493, 0, 0.22258820414, 0.41672236572, 0.35814356569],
      [0.69241652456, 0.0047911108001, 0.12796817777, 0.0039215453751, 0.1709026415],
      [0.0550610852, 0.77311975339, 0.042151105355, 0, 0.12966805606],
      [0.0048468474912, 0, 0.77884912084, 0.071410744522, 0.14489328715],
      [0.0057693603947, 0, 0.028294059679, 0.75362330271, 0.21231327721],
      [0.033846618133, 0, 0.11413715282, 0.13954259313, 0.71247363592]
    ],
    [
      [0, 0, 0.217788218, 0.39465258418, 0.38755919782],
      [0.62894445738, 0, 0.14973365677, 0.0062860238319, 0.21503586202],
      [0.020669312021, 0.71428571429, 0.10800080709, 0.00023492591652, 0.15680924068],
      [0, 0, 0.76617713418, 0.073030029354, 0.16079283646],
      [0, 0, 0.021948451757, 0.73919762274, 0.2388539255],
      [0.023510752496, 0, 0.10877062854, 0.12700168904, 0.74071692992]
    ],
    [
      [0, 0, 0.20854231205, 0.5120855697, 0.27937211825],
      [0.71945987936, 0, 0.12617340719, 0.0139424442, 0.14042426924],
      [0.04202540169, 0.36363636364, 0.19560338589, 0.22126795425, 0.17746689453],
      [0, 0, 0.75715969194, 0.12696789712, 0.11587241095],
      [0, 0, 0, 0.85554246624, 0.14445753376],
      [0.029080141895, 0, 0.1279130737, 0.20109755093, 0.64190923347]
    ],
    [
      [0, 0, 0.22847099386, 0.45060980913, 0.32091919701],
      [0.6903159979, 0, 0.14181828962, 0.0078471823172, 0.16001853016],
      [0.04643657428, 0.69230769231, 0.13566558338, 0.0019406049149, 0.12364954512],
      [0, 0, 0.78795576821, 0.084921593104, 0.12712263868],
      [0, 0, 0.022149489505, 0.7949866864, 0.1828638241],
      [0.031933506176, 0, 0.12528737222, 0.1611357636, 0.681643358]
    ],
    [
      [0, 0, 0.21731272212, 0.42821114922, 0.35447612866],
      [0.48923984453, 0, 0.26954681203, 0.0098839563034, 0.23132938714],
      [0.014346873955, 0.66666666667, 0.18484936051, 0.0018961047751, 0.13224099409],
      [0, 0, 0.77047516462, 0.08413634991, 0.14538848547],
      [0, 0, 0.015561585189, 0.77506988503, 0.20936852978],
      [0, 0, 0.1324886123, 0.14687277615, 0.72063861155]
    ],
    [
      [0, 0, 0.21155763703, 0.45169356478, 0.33674879819],
      [0.66716970816, 0, 0.13642293387, 0.014900387737, 0.18150697024],
      [0.030756289955, 0.72093023256, 0.10297976197, 0.0093883073052, 0.13594540821],
      [0, 0, 0.75608177543, 0.10105086594, 0.14286735862],
      [0, 0, 0.0034585915249, 0.80342309366, 0.19311831481],
      [0.027085885163, 0, 0.11342845088, 0.15940766435, 0.7000779996]
    ],
    [
      [0, 0, 0.23046850216, 0.42794077084, 0.341590727],
      [0.53090613648, 0, 0.25006600589, 0.0095568524469, 0.20947100518],
      [0.017128505688, 0.68, 0.15993696711, 0.0023992642188, 0.14053526298],
      [0, 0, 0.78370006944, 0.081511362289, 0.13478856827],
      [0, 0, 0.02059092558, 0.77860699031, 0.20080208411],
      [0.019942263053, 0, 0.12511347981, 0.14899692494, 0.7059473322]
    ],
    [
      [0.0004174019, 0.00040419634324, 0.22322291752, 0.44905605732, 0.32689942692],
      [0.65687095414, 0.0087675375409, 0.1468348863, 0.0081742592407, 0.17935236279],
      [0.011953296197, 0.8383212122, 0.038393743148, 0.00095816202531, 0.11037358643],
      [0, 0.0036735547444, 0.78037030698, 0.084616039955, 0.13134009832],
      [0, 0.0044232562935, 0.021820881179, 0.78853418147, 0.18522168106],
      [0.02944038341, 0.00055297167701, 0.12175007737, 0.16016956844, 0.6880869991]
    ]
  ],
  "expected_outcome": [
    [
      [0.023332049779, 0.0071000901662, 0, 0.0032619982479, 0, 0.0037361524046, 0, 0, 0, 0, 0, 0, 0.00058071402826, 0.022468857051, 0, 0, 0, 0.01367566232, 0, 0, 0, 0.030480690484, 0.042979035193, 0, 0, 0, 0, 0.010233356076, 0, 0.00083239953901, 0, 0.004390752603, 0, 0.017307016384, 0.0012171328115, 0, 0.072384717212, 0.0069430260342, 0, 0, 0.01715288497, 0, 0.0012194438337, 0.023332568647, 0, 0, 0.0033523008458, 0.00070120950276, 0.013070766255, 0.00066954321706, 0.020138629621, 0, 0, 0.00048417272919, 0.012439499802, 0.0047180661564, 0.0020312299023, 0, 0, 0.060346064808, 0.025741918078, 0.0023585880686, 0, 0.016997305111, 0.071284204581, 0, 0, 0, 0, 0, 0, 0.0283833292],
      [0.0078799033785, 0, 0.00012035890916, 0.0016016849447, 0.012045672616, 0.0021534836365, 0, 0, 0, 0, 0, 0, 0, 0.00087051116305, 0, 0, 0, 0.011416421842, 0, 0, 0.0078679703072, 0, 0.011640188578, 0, 0.041558342733, 0, 0, 0.035550354849, 0, 0, 0, 0, 0, 0, 0, 0, 0, 0, 0, 0, 0.0060108582014, 0, 0.0014057202039, 0.012012972682, 0.0012572276519, 0.0068731848212, 0, 0, 0, 0.02747728296, 0.037410623054, 0.023949808251, 0.088431512076, 0.12979001408, 0.0041653479619, 0.0065096395875, 0.013260553698, 0.00043671325329, 0, 0.087443299838, 0.012399155697, 0.035274359466, 0, 0, 0, 0, 0, 0, 0, 0, 0, 0.02748535134],
      [2.5638720027, 1.7658175041, 1.5517628835, 2.0469823111, 2.9794731468, 1.355480192, 4.0890613848, 2.6199300021, 6.9644907637, 6.6439326083, 2.9637009927, 8.7271045767, 1.3102573709, 3.756554486, 8.666844024, 3.5025065574, 7.2594047194, 3.0915738611, 3.6068791308, 5.7273966036, 6.3240451353, 6.1400544595, 3.8943974156, 4.1249438046, 7.9226214903, 3.7965043957, 5.4638593437, 7.2286469881, 5.4378950901, 0.65319431483, 2.2568577999, 2.3183373219, 1.3968175947, 3.6539459237, 1.843891001, 3.881419419, 6.6024678939, 4.1480069853, 3.9733253001, 1.5157070543, 2.1001649396, 2.6106360552, 2.6744223358, 3.5021133156, 2.9634785551, 2.1120705318, 2.5214174827, 2.8738785678, 4.5263687119, 2.163400825, 3.7360372771, 4.6849667177, 5.6395566851, 5.5271366027, 2.9958238262, 1.6038189324, 1.7963856252, 2.049500951, 4.5376479858, 4.7121680023, 3.192840617, 3.4838659293, 3.542362128, 4.4792521086, 6.2324697158, 3.702399706, 2.9195923687, 5.4833038527, 5.432818053, 1.0577881852, 0.69140550647, 15.1791583915],
