{
  "Z_true": {},
  "V_true": [
    [20, 16, 24, 2053, 293, 38],
    [47, 1491, 898, 382, 357, 32],
    [159, 461, 3472, 742, 134, 131],
    [188, 525, 175, 3873, 18649, 386],
    [1012, 90, 465, 750, 280, 69],
    [50, 111, 136, 231, 540, 163]
  ],
  "p_true": [
    [0.0082, 0.0065, 0.0098, 0.84, 0.1199, 0.0155],
    [0.0147, 0.4649, 0.28, 0.1191, 0.1113, 0.01],
    [0.0312, 0.0904, 0.6809, 0.1455, 0.0263, 0.0257],
    [0.0079, 0.0221, 0.0074, 0.1628, 0.7837, 0.0162],
    [0.3796, 0.0338, 0.1744, 0.2813, 0.105, 0.0259],
    [0.0406, 0.0902, 0.1105, 0.1877, 0.4387, 0.1324]
  ],
  "Z_est": [
    [
      [1.9969, 0.2181, 6.6527, 4.9401, 3.8203, 3.2246, 3.084, 0, 7.5045, 5.0556, 7.9735, 8.0838, 20.2701, 7.1504, 1.2983, 4.4913, 3.7618, 14.2765, 5.6844, 2.217, 8.6659, 19.5321, 7.9649, 8.7288, 3.8681, 2.5998, 1.0173, 16.9389, 9.78, 18.694, 11.0268, 2.9084, 0.7034, 0, 60.3501, 3.9432, 14.5003, 1.1944],
      [0.0658, 0.0039, 0.2603, 0.1643, 0.171, 0.0167, 0.085, 0, 0.2032, 0.1928, 0.2609, 0.1795, 0.7049, 0.1767, 0.0846, 0.0885, 0.1958, 0.3969, 0.2189, 0.061, 0.3476, 0.5208, 0.2176, 0.3926, 0.1452, 0.0924, 0.0554, 0.2303, 0.177, 0.2051, 0.437, 0.086, 0.0555, 0, 1.2291, 0.0959, 0.8213, 0.03],
      [0.9523, 0.0809, 2.3846, 2.8603, 1.5544, 0.6263, 1.6665, 0, 3.5206, 2.3702, 2.8715, 3.3984, 8.0367, 3.1442, 0.7757, 1.6519, 1.8872, 5.2866, 2.5085, 0.6869, 2.9303, 6.185, 3.1007, 4.3819, 1.8595, 0.8471, 0.5768, 4.5919, 2.7272, 2.1022, 4.8903, 1.2341, 0.4265, 0, 19.8237, 1.2867, 6.8276, 0.5423],
      [16.118, 2.9491, 42.8861, 44.0127, 34.843, 8.7639, 10.8946, 0, 64.9061, 52.716, 26.8314, 50.4048, 101.2688, 41.0944, 16.1427, 18.7011, 19.1573, 104.1401, 51.9287, 16.4959, 61.5999, 79.8868, 42.9992, 96.4635, 40.743, 20.4846, 8.7263, 40.3105, 51.3104, 28.814, 82.3849, 15.264, 1.5002, 0, 216.2775, 9.4307, 66.4071, 2.7056],
      [3.6258, 0.6448, 10.4932, 9.3599, 8.2688, 1.8627, 2.3432, 0, 10.4328, 8.4869, 8.211, 10.8285, 21.0848, 10.8605, 4.0417, 5.2558, 4.7367, 16.843, 10.0359, 3.6974, 12.142, 17.1658, 8.5001, 14.5984, 5.2626, 4.2361, 2.2698, 10.3071, 10.402, 5.6111, 13.6382, 4.8973, 0.8864, 0, 60.1031, 3.4626, 16.3905, 1.2239],
      [1.2412, 0.1033, 2.3231, 2.6626, 1.3425, 0.5057, 0.9266, 0, 2.4328, 1.1786, 1.8517, 3.1051, 4.6347, 4.5738, 0.657, 0.8114, 1.2612, 4.057, 1.6237, 0.8418, 3.3144, 4.7096, 2.2175, 3.4347, 1.1216, 0.7401, 0.3544, 2.6212, 3.6033, 1.5736, 3.6227, 0.6102, 0.428, 0, 17.2165, 0.7809, 6.0532, 0.3038]
    ],
    [
      [0.5797, 0.1945, 2.8515, 1.2214, 1.1859, 1.7307, 2.6046, 0, 2.175, 1.8195, 4.2275, 1.9356, 5.0938, 2.9534, 0.3281, 1.7842, 1.9878, 2.7904, 2.2386, 0.6028, 3.2148, 3.1054, 1.954, 3.5795, 1.4364, 0.8436, 0.5416, 7.3905, 3.0728, 6.1218, 3.147, 0.7356, 0.0017, 0.0345, 16.5427, 1.8494, 4.6113, 1.0089],
      [14.0328, 4.7709, 77.672, 29.7623, 37.0738, 9.309, 42.9029, 1.2011, 42.4882, 48.0851, 97.5944, 31.9253, 125.1192, 52.6189, 15.4224, 25.302, 75.4819, 53.9675, 60.2434, 12.3649, 89.2905, 58.2649, 37.3481, 111.1974, 36.841, 21.1366, 21.8634, 69.08, 41.945, 42.7519, 87.1245, 15.7525, 1.7236, 1.7, 234.5918, 31.6998, 192.6243, 19.332],
      [6.8791, 1.8591, 25.1522, 17.5029, 11.9014, 8.5275, 33.0173, 0.7563, 25.0159, 20.8721, 37.456, 20.0058, 49.4288, 31.7764, 4.9106, 16.2751, 24.6833, 25.2854, 24.3103, 4.6981, 26.7733, 24.1768, 18.7595, 44.4302, 16.8884, 6.8517, 7.852, 49.9727, 21.1121, 17.297, 34.2627, 7.8138, 0.2238, 0.2134, 132.9883, 14.9018, 53.2304, 12.226],
      [0.275, 0.1344, 1.0763, 0.6472, 0.6371, 0.2928, 0.3796, 0, 1.069, 1.0671, 0.5915, 0.71, 1.5054, 0.9955, 0.2438, 0.4215, 0.5472, 1.1558, 1.1916, 0.2623, 1.332, 0.7491, 0.6133, 2.1567, 0.7874, 0.386, 0.2732, 1.0061, 0.9482, 0.7271, 1.3285, 0.2115, 0, 0.0039, 3.3176, 0.0995, 1.1924, 0],
      [2.0383, 0.9765, 8.7057, 4.5058, 4.976, 1.9782, 3.5796, 0.0425, 5.8686, 5.9498, 8.579, 5.0202, 10.2442, 8.6937, 2.0027, 4.0479, 4.8945, 6.3716, 7.6787, 1.9464, 8.7204, 5.2938, 4.0237, 11.851, 3.8235, 2.6505, 2.364, 8.9051, 6.3194, 3.782, 7.5722, 2.4058, 0.0421, 0.0482, 32.0107, 3.2371, 10.3219, 2.2651],
      [0.1951, 0.0646, 0.5423, 0.3604, 0.2258, 0.1619, 0.5161, 0, 0.3832, 0.2064, 0.5515, 0.403, 0.6087, 0.9621, 0.0925, 0.1694, 0.4052, 0.4294, 0.3373, 0.1256, 0.6691, 0.4101, 0.3014, 0.7852, 0.2233, 0.1315, 0.1058, 0.6457, 0.6025, 0.3202, 0.5651, 0.0807, 0.0089, 0, 2.5488, 0.2123, 1.0196, 0.168]
    ],
    [
      [1.1263, 0.1257, 5.6268, 2.1495, 5.0141, 1.9486, 3.6287, 0, 5.8782, 4.8651, 5.4803, 6.4549, 17.7165, 6.1234, 0, 1.8649, 2.9807, 9.0806, 5.0323, 0.9791, 6.2232, 12.3757, 4.2363, 6.8299, 4.3169, 1.522, 0.6335, 9.8722, 5.8686, 3.3536, 9.8351, 0.8906, 0.4619, 0.88, 53.6204, 7.159, 12.7734, 1.2028],
      [1.191, 0.1178, 6.9028, 4.2919, 7.0316, 1.2467, 2.8928, 0.035, 5.1519, 5.9757, 5.6968, 4.7348, 19.6018, 4.8802, 4.0088, 1.1755, 5.0241, 7.9051, 6.0882, 0.8683, 7.79, 10.4391, 3.6149, 14.6958, 4.9816, 1.6704, 1.0944, 6.2917, 3.5579, 13.8934, 12.2822, 0.8353, 1.0919, 1.1766, 34.5083, 5.494, 23.7735, 0.9678],
      [16.1474, 1.4783, 59.9376, 53.5677, 60.8171, 16.3935, 56.7444, 0.9434, 81.7586, 68.6606, 58.7028, 80.5393, 207.4818, 79.497, 23.7957, 20.5703, 44.613, 99.2877, 65.9403, 9.2136, 62.5989, 116.4044, 49.1044, 133.9858, 61.4071, 14.9352, 10.9231, 92.418, 48.6189, 46.598, 129.2906, 11.4696, 7.197, 6.249, 520.653, 69.6609, 177.9265, 16.7935],
      [7.6294, 1.311, 30.5165, 23.3384, 38.5706, 6.3694, 10.2193, 0, 42.7686, 43.458, 15.4182, 33.867, 74.421, 29.5556, 13.9136, 6.5166, 12.7283, 55.5529, 38.746, 6.1087, 37.2009, 42.7244, 19.1749, 83.9745, 37.9901, 10.0334, 4.5396, 22.988, 25.8431, 18.6649, 61.8162, 3.922, 0.1409, 1.4622, 161.3742, 13.6524, 49.1904, 2.1967],
      [4.3512, 0.7547, 18.8837, 12.5526, 23.1508, 3.4356, 5.6027, 0.0215, 17.5053, 17.8491, 12.0734, 18.3989, 39.1531, 19.8125, 8.8214, 4.6467, 8.0068, 22.8219, 18.966, 3.4743, 18.5515, 23.1936, 9.5919, 32.5489, 12.7413, 5.2641, 3.0025, 14.9606, 13.263, 9.1336, 26.0212, 3.1989, 1.1768, 1.2322, 114.3178, 13.8159, 31.0125, 2.7067],
      [2.5547, 0.2124, 7.1327, 6.0999, 6.4158, 1.6062, 3.912, 0, 6.9373, 4.1915, 4.6285, 9.0051, 14.6258, 14.1314, 2.4605, 1.2261, 3.6471, 9.3517, 5.2272, 1.3561, 8.6354, 10.8628, 4.2776, 12.9652, 4.5629, 1.5748, 0.8069, 6.4696, 7.8485, 4.3565, 11.7547, 0.6837, 0.9314, 0, 55.5263, 5.2177, 19.3238, 1.1324]
    ],
    [
      [0.1136, 0.2144, 1.2263, 0, 0.0058, 0, 0.9757, 0, 0.1859, 0, 1.2276, 0.8239, 2.1857, 1.2168, 0, 0.852, 0.3464, 1.5763, 0.0145, 0.536, 1.3516, 0.8551, 0.7404, 0, 0.0913, 0.5081, 0, 0, 0.7958, 0, 0.7476, 0.63, 0.2642, 0, 4.653, 0.6698, 2.0104, 0.8615],
      [3.7735, 0.0561, 19.355, 5.9017, 12.1788, 0, 4.4697, 0.6595, 10.0756, 10.3513, 14.3081, 7.6529, 26.8879, 8.8919, 3.8553, 4.7121, 8.3549, 16.2286, 12.6927, 3.3382, 20.6716, 15.1058, 6.2672, 18.1979, 8.7353, 4.2733, 3.5796, 10.3387, 4.369, 0, 21.8541, 3.6938, 0.722, 0.3761, 53.9653, 6.861, 43.5189, 3.835],
      [3.669, 0.159, 9.7388, 8.1878, 5.9767, 2.2621, 3.9363, 0.7655, 12.282, 10.0129, 10.586, 9.6585, 19.5019, 12.2558, 3.2249, 5.7925, 5.3496, 14.3179, 9.8231, 1.8789, 9.2538, 11.4098, 5.45, 16.8594, 8.648, 1.9222, 2.471, 15.3281, 4.132, 9.3312, 16.1037, 3.5992, 0.5966, 0.616, 58.1576, 6.9081, 27.1213, 3.9783],
      [59.9086, 6.163, 197.7752, 119.7243, 152.4471, 27.8903, 33.085, 0, 203.2907, 174.141, 90.1108, 143.5705, 246.9915, 138.0808, 59.33, 63.267, 52.9351, 263.9417, 187.6532, 58.3635, 227.8776, 146.8161, 78.0799, 302.3616, 144.92, 58.1074, 34.3661, 126.2526, 79.8169, 89.4404, 257.0633, 39.3173, 0.1294, 2.3953, 591.4177, 35.1379, 246.1619, 14.0563],
      [233.791, 24.9707, 839.3138, 439.6438, 625.9257, 102.4395, 126.4082, 12.575, 578.4417, 498.3655, 502.6569, 533.9535, 888.767, 633.8267, 256.8519, 314.1268, 229.6659, 754.6613, 632.2165, 227.6652, 780.3928, 546.5075, 268.8553, 817.5628, 342.3938, 209.8079, 156.7084, 565.8046, 280.912, 288.6879, 747.282, 229.1607, 13.8329, 14.6126, 2907.3592, 264.9485, 1061.8485, 160.4108],
      [2.7444, 0.4367, 6.591, 4.5425, 3.4659, 1.4082, 2.125, 0, 4.7241, 0.1293, 4.1105, 5.3408, 5.666, 4.728, 1.7379, 1.2497, 2.3481, 6.2742, 2.6001, 2.2181, 7.4526, 5.3057, 2.6072, 7.0183, 2.2116, 1.3812, 0.8749, 5.2759, 2.9743, 3.5405, 6.9494, 0.5989, 0.4548, 0, 27.4472, 2.4747, 12.339, 1.8582]
    ],
    [
      [3.7177, 0.2185, 16.4665, 9.2847, 12.426, 8.0997, 9.3134, 0, 25.0665, 14.681, 14.0312, 22.6783, 59.6852, 23.6769, 5.2291, 10.4284, 12.3469, 36.8712, 17.312, 2.4503, 18.3619, 43.5916, 14.1763, 24.5879, 9.7127, 5.1386, 1.6862, 35.2767, 16.7013, 38.9617, 31.9376, 2.4789, 1.4957, 4.8808, 179.38, 18.859, 28.8293, 2.1756],
      [0.0299, 0.0013, 0.1595, 0.0758, 0.1378, 0.0047, 0.0873, 0, 0.1645, 0.1386, 0.1127, 0.1181, 0.5043, 0.1376, 0.0896, 0.05, 0.15, 0.2541, 0.1651, 0.0164, 0.1821, 0.2873, 0.096, 0.2743, 0.09, 0.0445, 0.0224, 0.1248, 0.0741, 0.1302, 0.3138, 0.0178, 0.0143, 0.2088, 0.9004, 0.1208, 0.3813, 0.0137],
      [5.586, 0.2395, 18.6807, 16.944, 15.9908, 4.8498, 16.0157, 0, 37.0637, 21.5582, 15.9476, 30.1583, 74.9105, 32.8494, 9.8324, 12.1015, 19.5858, 43.1029, 24.0948, 2.3849, 19.6949, 43.6255, 17.4848, 38.6591, 14.592, 5.294, 3.0031, 30.1474, 14.7334, 13.2568, 44.7352, 3.3069, 2.8427, 3.1386, 186.3302, 19.3828, 42.9092, 3.096],
      [3.5069, 0.2895, 12.5982, 9.7824, 13.4274, 2.5293, 3.8489, 0, 25.7063, 18.1199, 5.5745, 16.799, 35.5661, 16.1781, 7.6223, 5.0924, 7.4168, 31.9653, 18.7592, 2.1049, 15.5027, 21.2082, 9.0564, 32.212, 12.0632, 4.7231, 1.6629, 9.9435, 10.3804, 7.1487, 28.3646, 1.5093, 0.2061, 0.9719, 76.556, 5.1711, 15.7269, 0.5582],
      [1.9406, 0.1623, 7.5611, 5.1052, 7.8176, 1.3234, 2.0418, 0, 10.1759, 7.1678, 4.2033, 8.853, 18.1521, 10.5079, 4.6896, 3.5221, 4.5176, 12.7096, 8.8983, 1.1611, 7.4956, 11.1715, 4.3972, 11.977, 3.8313, 2.4033, 1.0669, 6.2634, 5.1661, 3.3894, 11.5403, 1.1908, 0.5642, 0.8, 52.4392, 4.8749, 9.5389, 0.6338],
      [2.2189, 0.0889, 5.5341, 4.8078, 4.2005, 1.1931, 2.6929, 0, 7.823, 3.3345, 3.1307, 8.3932, 13.1817, 14.6502, 2.537, 1.8056, 3.9829, 10.0969, 4.7706, 0.8823, 6.7627, 10.1159, 3.7894, 9.2897, 2.7107, 1.3965, 0.5587, 5.2442, 5.9446, 3.1132, 10.1085, 0.4963, 0.877, 0, 49.3943, 3.5914, 11.6145, 0.5227]
    ],
    [
      [0.4658, 0.0288, 1.1764, 0.4042, 0.5479, 0.9965, 0.3937, 0, 1.1899, 0.5788, 1.0599, 1.0236, 2.0487, 0.8791, 0.1445, 0.5793, 0.5764, 1.4049, 0.7183, 0.2148, 1.1826, 1.5402, 0.928, 1.2739, 0.5746, 0.3879, 0.1215, 2.5217, 0.7814, 1.8689, 1.3059, 0.3566, 0.0731, 0.2048, 7.4538, 0.5195, 2.2753, 0.5568],
      [0.907, 0.0499, 2.6504, 0.804, 1.407, 0.4229, 0.5622, 0.1043, 1.9165, 1.2566, 2.0271, 1.3895, 4.1819, 1.2948, 0.5392, 0.672, 1.7932, 2.2478, 1.5917, 0.3512, 2.7182, 2.3821, 1.4563, 3.2421, 1.2069, 0.7828, 0.3849, 1.9344, 0.8768, 1.0194, 2.9884, 0.6145, 0.3927, 0.5385, 8.8051, 0.7284, 7.8807, 0.8215],
      [3.7662, 0.1832, 7.1062, 3.9374, 3.7597, 3.3409, 3.6197, 0.5347, 9.3591, 4.526, 6.436, 7.2397, 13.6403, 6.4773, 1.4607, 3.6087, 4.8811, 8.7195, 5.323, 1.1376, 6.7487, 8.1985, 6.1006, 10.6836, 4.605, 2.1498, 1.174, 11.542, 3.6763, 3.4148, 9.7175, 2.5764, 0.7133, 0.7831, 41.0471, 2.8597, 17.9851, 4.3639],
      [1.5622, 0.1529, 3.1476, 1.4949, 2.0749, 1.1541, 0.5726, 0, 4.2593, 2.498, 1.4736, 2.6486, 4.2472, 2.0956, 0.7477, 1.0014, 1.2153, 4.2442, 2.7214, 0.6647, 3.4869, 2.6154, 2.0763, 5.8317, 2.4963, 1.2655, 0.432, 2.4993, 1.7011, 1.2049, 4.0425, 0.7759, 0.0233, 0.1667, 11.0571, 0.5084, 4.3213, 0.4832],
      [14.253, 1.4909, 31.0425, 12.8327, 19.8611, 9.9607, 5.0244, 0.361, 27.5756, 16.1809, 18.2764, 22.9459, 35.5988, 22.2987, 7.5928, 11.4008, 12.1785, 27.5927, 21.2046, 6.0556, 27.6976, 22.6678, 16.6319, 35.462, 12.9474, 10.638, 4.5883, 25.7593, 13.9376, 9.396, 26.9461, 10.1465, 1.4976, 2.307, 123.7699, 7.6609, 42.8877, 9.7596],
      [2.0458, 0.0942, 2.8769, 1.5268, 1.3494, 1.1249, 0.8273, 0, 2.6996, 0.9597, 1.727, 2.7528, 3.2831, 3.9546, 0.515, 0.7378, 1.3555, 2.7908, 1.441, 0.5761, 3.1659, 2.596, 1.807, 3.5068, 1.1699, 0.7759, 0.2993, 2.7433, 2.0267, 1.096, 2.9996, 0.5301, 0.2999, 0, 14.8669, 0.7231, 6.6499, 1.015]
    ]
  ],
  "V_est": [
    [304.1202, 8.6698, 110.5976, 1589.5625, 342.2106, 88.8393],
    [97.4966, 1971.6053, 880.2876, 28.3358, 213.7363, 15.5385],
    [228.1306, 242.9798, 2682.3244, 1087.8978, 596.0153, 261.6522],
    [25.6796, 400.1084, 351.2654, 4752.3869, 18113.3547, 153.2049],
    [782.2151, 5.6938, 908.1288, 489.8529, 259.2541, 220.8553],
    [38.3578, 64.9429, 237.3963, 82.9642, 728.429, 78.9098]
  ],
  "p_est": [
    [0.1244, 0.0035, 0.0453, 0.6504, 0.14, 0.0363],
    [0.0304, 0.6148, 0.2745, 0.0088, 0.0666, 0.0048],
    [0.0447, 0.0477, 0.526, 0.2134, 0.1169, 0.0513],
    [0.0011, 0.0168, 0.0148, 0.1997, 0.7612, 0.0064],
    [0.2934, 0.0021, 0.3406, 0.1837, 0.0972, 0.0828],
    [0.0312, 0.0528, 0.1928, 0.0674, 0.5917, 0.0641]
  ],
  "EI_Z": {},
  "EI_V": 10.275,
  "MAE_Z": {},
  "MAE_V": 219.446,
  "MAE_p": 0.0588,
  "runtime": 0.141
}
