{
  "X": [
    [30, 32, 85, 407, 15],
    [3, 0, 4, 8, 0],
    [15, 16, 53, 232, 4],
    [56, 38, 179, 293, 26],
    [15, 6, 14, 176, 6],
    [14, 22, 87, 130, 6],
    [21, 96, 263, 475, 28],
    [17, 9, 101, 42, 5],
    [36, 28, 174, 147, 19],
    [21, 25, 95, 166, 14],
    [24, 95, 274, 402, 30],
    [55, 53, 222, 222, 27],
    [29, 64, 226, 238, 24],
    [26, 48, 214, 94, 18],
    [60, 90, 309, 396, 41],
    [45, 46, 224, 379, 27],
    [17, 44, 127, 138, 18],
    [38, 41, 204, 306, 16],
    [13, 7, 61, 13, 5],
    [16, 27, 126, 74, 14],
    [1, 6, 12, 10, 1],
    [110, 46, 323, 229, 41],
    [51, 14, 110, 120, 11],
    [15, 11, 31, 83, 8],
    [9, 7, 28, 20, 4],
    [20, 33, 86, 246, 11],
    [11, 19, 64, 210, 17],
    [26, 21, 73, 93, 9],
    [9, 6, 19, 48, 7],
    [12, 7, 42, 63, 2],
    [40, 37, 87, 203, 13],
    [0, 1, 4, 3, 2],
    [20, 3, 45, 33, 7],
    [22, 36, 93, 276, 15],
    [28, 59, 149, 527, 21],
    [1, 1, 13, 4, 0],
    [5, 5, 11, 18, 2],
    [31, 38, 118, 146, 8],
    [41, 42, 138, 276, 23],
    [12, 9, 29, 182, 13],
    [23, 14, 39, 170, 6],
    [7, 6, 8, 90, 3],
    [47, 22, 72, 368, 20],
    [12, 9, 37, 58, 6],
    [18, 6, 32, 258, 13],
    [5, 1, 4, 39, 5],
    [30, 15, 38, 178, 7],
    [3, 4, 5, 31, 3],
    [0, 0, 1, 7, 0],
    [0, 1, 7, 0, 0],
    [9, 8, 24, 19, 3],
    [10, 6, 31, 79, 3],
    [5, 7, 15, 10, 4],
    [5, 4, 30, 14, 0],
    [17, 14, 42, 102, 9],
    [4, 3, 14, 4, 2],
    [16, 16, 31, 120, 3],
    [14, 4, 36, 63, 5],
    [8, 5, 16, 125, 5],
    [6, 3, 16, 5, 1],
    [8, 8, 25, 18, 3],
    [33, 6, 52, 66, 3],
    [7, 0, 12, 8, 1],
    [11, 4, 16, 49, 2],
    [2, 5, 9, 28, 7],
    [10, 82, 154, 279, 17],
    [5, 3, 1, 34, 4],
    [52, 55, 206, 278, 32],
    [76, 90, 295, 754, 42],
    [55, 34, 226, 452, 32],
    [42, 33, 167, 220, 21],
    [1, 2, 10, 3, 3],
    [52, 45, 172, 349, 28],
    [4, 2, 8, 31, 0],
    [1, 2, 8, 16, 1],
    [5, 7, 29, 92, 5],
    [1, 0, 1, 1, 1],
    [658, 634, 2862, 5215, 429],
    [58, 87, 283, 418, 49],
    [134, 207, 494, 711, 90],
    [16, 37, 95, 184, 8]
  ],
  "W": [
    [20, 39, 65, 371, 52, 22],
    [0, 0, 5, 7, 3, 0],
    [9, 20, 40, 220, 27, 4],
    [24, 33, 129, 272, 108, 26],
    [12, 6, 11, 163, 15, 10],
    [5, 33, 59, 125, 29, 8],
    [32, 118, 172, 488, 51, 22],
    [4, 10, 86, 37, 26, 11],
    [15, 21, 143, 141, 69, 15],
    [13, 19, 70, 173, 34, 12],
    [38, 131, 184, 394, 58, 20],
    [18, 54, 179, 226, 81, 21],
    [24, 71, 169, 229, 69, 19],
    [17, 43, 198, 84, 39, 19],
    [35, 103, 237, 371, 123, 27],
    [34, 45, 171, 363, 82, 26],
    [11, 54, 93, 148, 30, 8],
    [26, 33, 160, 315, 63, 8],
    [2, 5, 44, 17, 22, 9],
    [12, 29, 101, 71, 31, 13],
    [0, 7, 5, 11, 4, 3],
    [27, 40, 287, 196, 154, 45],
    [10, 11, 85, 107, 73, 20],
    [5, 20, 16, 74, 26, 7],
    [0, 6, 25, 19, 11, 7],
    [15, 26, 57, 242, 42, 14],
    [17, 12, 36, 222, 31, 3],
    [9, 20, 60, 78, 36, 19],
    [4, 9, 12, 48, 15, 1],
    [3, 11, 29, 62, 18, 3],
    [19, 31, 65, 173, 73, 19],
    [0, 2, 3, 3, 0, 2],
    [4, 4, 38, 29, 20, 13],
    [31, 49, 59, 251, 37, 15],
    [35, 91, 113, 470, 56, 19],
    [0, 1, 8, 6, 3, 1],
    [1, 7, 8, 19, 5, 1],
    [10, 48, 96, 136, 33, 18],
    [18, 56, 109, 255, 63, 19],
    [8, 15, 15, 182, 23, 2],
    [12, 13, 27, 156, 37, 7],
    [6, 5, 8, 83, 10, 2],
    [38, 20, 55, 331, 77, 8],
    [2, 7, 28, 64, 17, 4],
    [28, 14, 20, 223, 27, 15],
    [2, 0, 2, 34, 10, 6],
    [9, 10, 37, 158, 45, 9],
    [0, 4, 4, 29, 9, 0],
    [1, 1, 0, 4, 2, 0],
    [0, 1, 6, 0, 0, 1],
    [3, 11, 11, 17, 10, 11],
    [5, 7, 33, 68, 11, 5],
    [1, 7, 9, 10, 11, 3],
    [0, 2, 28, 14, 8, 1],
    [8, 9, 39, 94, 24, 10],
    [0, 4, 11, 4, 7, 1],
    [4, 13, 29, 113, 18, 9],
    [3, 6, 26, 57, 25, 5],
    [8, 9, 7, 115, 17, 3],
    [1, 2, 12, 5, 7, 4],
    [3, 8, 13, 18, 13, 7],
    [3, 10, 32, 65, 45, 5],
    [1, 1, 10, 4, 10, 2],
    [2, 7, 9, 46, 16, 2],
    [6, 6, 9, 22, 3, 5],
    [19, 120, 78, 300, 20, 5],
    [3, 3, 4, 31, 5, 1],
    [36, 50, 169, 257, 86, 25],
    [48, 108, 212, 702, 152, 35],
    [22, 52, 174, 413, 100, 38],
    [18, 33, 132, 203, 72, 25],
    [0, 1, 10, 4, 1, 3],
    [43, 56, 141, 293, 88, 25],
    [1, 3, 2, 33, 4, 2],
    [1, 2, 7, 14, 2, 2],
    [11, 13, 23, 79, 11, 1],
    [0, 0, 2, 1, 1, 0],
    [440, 804, 2210, 4876, 1118, 350],
    [29, 121, 206, 394, 88, 57],
    [37, 232, 412, 712, 161, 82],
    [8, 64, 57, 175, 25, 11]
  ],
  "method": "mult",
  "cond_prob": [
    [
      [0.0010078407611, 0.0094752564963, 0.04950521467, 0.85984652084, 0.080165167235],
      [7.4684520742e-06, 0.61721287335, 0.22268162611, 0.14051876572, 0.01957926636],
      [0.0055763945296, 0.050868012765, 0.86628544345, 0.047698984481, 0.029571164778],
      [0.00011798250808, 0.0045424225382, 0.0075910075391, 0.97906504231, 0.0086835451087],
      [0.43219980042, 0.032678426975, 0.19890052895, 0.28741473268, 0.04880651098],
      [0.32267841538, 0.047647955239, 0.26625759827, 0.13835031518, 0.22506571593]
    ],
    [
      ["NaN", "NaN", "NaN", "NaN", "NaN"],
      ["NaN", "NaN", "NaN", "NaN", "NaN"],
      [0.078772938868, 0, 0.76405248353, 0.1571745776, 0],
      [0, 0, 0.00035421057003, 0.99964578943, 0],
      [0.86871176855, 7.1970565079e-18, 0.059086036112, 0.072202195335, 0],
      ["NaN", "NaN", "NaN", "NaN", "NaN"]
    ],
    [
      [0.0013536678507, 0.0093259221765, 0.12085821426, 0.81845410675, 0.050008088967],
      [0, 0.59938437849, 0.25583000124, 0.13280901599, 0.011976604279],
      [0.0053335754382, 0.048794868738, 0.92035674133, 0.0091461739647, 0.016368640531],
      [0.00017104813814, 0.0056830866335, 0.012290097735, 0.97614385068, 0.0057119168171],
      [0.48911083325, 0.019832479715, 0.22127194482, 0.24023519732, 0.029549544894],
      [0.3827127209, 0.047707092364, 0.32581059549, 0.093472071102, 0.15029752015]
    ],
    [
      [0.0012496486746, 0.013965546142, 0.15239520002, 0.69514246893, 0.13724713623],
      [0, 0.70495413321, 0.24526180384, 0.025186625714, 0.024597437232],
      [0.0032540525434, 0.049293245123, 0.91504971232, 0.0030535811446, 0.029349408869],
      [0.00010792460361, 0.018036255422, 0.041328241861, 0.92203551276, 0.018492065351],
      [0.44545854166, 0.017587415401, 0.27426481932, 0.20190343792, 0.060785785698],
      [0.28505221777, 0.047584982222, 0.32098386579, 0.095856898568, 0.25052203566]
    ],
    [
      [0.018286558495, 0.0071873790229, 0.039313190081, 0.85597863159, 0.079234240807],
      [8.0950095101e-05, 0.66925626389, 0.17936174396, 0.12488672019, 0.02641432187],
      [0.01166787021, 0.062558681294, 0.86399197636, 0.010232714697, 0.05154875744],
      [0.00025847300624, 0.0026521798817, 0.0031835265858, 0.98495727949, 0.0089485410327],
      [0.64447883659, 0.028666123846, 0.062948294819, 0.22120263429, 0.042704110455],
      [0.49424153763, 0.034777119575, 0.14850202596, 0.10003001663, 0.22244930021]
    ],
    [
      [0.0010707991474, 0.011208741906, 0.27837519367, 0.62219368632, 0.087151578949],
      [0.0004311394256, 0.53737580978, 0.33053870008, 0.11643327554, 0.015221075176],
      [0.002481849782, 0.034365777038, 0.94211810788, 0.0044227603715, 0.016611504926],
      [0.00016558611882, 0.0084656479229, 0.048912182263, 0.93187703719, 0.010579546509],
      [0.40129252375, 0.026657101032, 0.33340439343, 0.19526199908, 0.043383982712],
      [0.27197597656, 0.043963975269, 0.41657854646, 0.079820374026, 0.18766112769]
    ],
    [
      [0.00074969097702, 0.015546353355, 0.34983658328, 0.51328910607, 0.12057826631],
      [4.417377855e-05, 0.61606327677, 0.28102816265, 0.083707146963, 0.019157239839],
      [0.0017488846535, 0.04537596442, 0.92814188062, 0, 0.02473327031],
      [0.00014073935504, 0.024207497988, 0.061845797964, 0.89822263572, 0.015583328977],
      [0.31961744891, 0.037013894206, 0.38271054575, 0.18509653959, 0.075561571551],
      [0.19549175104, 0.059155296857, 0.42293251987, 0.04203343253, 0.28038699971]
    ],
    [
      [0.0010548446273, 0.012047341427, 0.14208602616, 0.7307072888, 0.11410449898],
      [0, 0.56892046192, 0.36073914926, 0.053267423527, 0.017072965293],
      [0.0030548813616, 0.018824575014, 0.95768974826, 0.0070933254399, 0.013337469928],
      [0.0045336314837, 0.028610434218, 0.025139350306, 0.92485044091, 0.016866143082],
      [0.49826299812, 0.0087089336734, 0.33980533002, 0.11821806821, 0.035004669989],
      [0.32822531895, 0.032606747485, 0.42707741008, 0.058303139519, 0.15378738396]
    ],
    [
      [0.00084004042631, 0.016807722253, 0.14740155606, 0.66727632911, 0.16767435215],
      [0, 0.74181138135, 0.2119590914, 0.021051505402, 0.025178021849],
      [0.003182633563, 0.038316003312, 0.9212095389, 0.0092987953078, 0.027993028918],
      [0.0016518914986, 0.033966938213, 0.058215386375, 0.88159650977, 0.024569274145],
      [0.4521201403, 0.01697026419, 0.3202504922, 0.14431044748, 0.066348655832],
      [0.27353842749, 0.048691344476, 0.35328121575, 0.063767797838, 0.26072121445]
    ],
    [
      [0.0019206080255, 0.017648453892, 0.26601612927, 0.56528483081, 0.149129978],
      [0.00012889015335, 0.7679333031, 0.19003215429, 0.018340359987, 0.023565292473],
      [0.0032997465807, 0.054321639203, 0.91096334731, 0, 0.031415266903],
      [0.0042230766356, 0.029346385047, 0.062820671691, 0.88237926372, 0.021230602907],
      [0.48438050205, 0.018370530308, 0.27769120218, 0.14929332284, 0.070264442621],
      [0.29517263286, 0.056316662724, 0.32118899995, 0.047937063322, 0.27938464115]
    ],
    [
      [0.00068250968684, 0.014476510129, 0.24171896399, 0.60897371134, 0.13414830485],
      [0.00014223879475, 0.57921478696, 0.30157080384, 0.097717450608, 0.021354719795],
      [0.0017858127156, 0.040937215934, 0.93122051459, 0, 0.026056456762],
      [0.00015556155603, 0.020588659699, 0.061072992952, 0.90041473275, 0.017768053046],
      [0.33700516178, 0.032459680462, 0.37420571291, 0.17767060417, 0.078658840679],
      [0.20096255869, 0.052285720147, 0.40988194046, 0.04948565976, 0.28738412095]
    ],
    [
      [0.0016586401365, 0.01659137413, 0.12063604748, 0.68622743302, 0.17488650523],
      [0.0010905579725, 0.66655033813, 0.26572332317, 0.040569269785, 0.026066510939],
      [0.0046804329577, 0.044395856169, 0.91320434832, 0.0061892951439, 0.031530067414],
      [0.01305089679, 0.029237616557, 0.063984506896, 0.86746251189, 0.026264467864],
      [0.54351024942, 0.014812571967, 0.26070541601, 0.1152393699, 0.065732392701],
      [0.3380773319, 0.04539328958, 0.30658457573, 0.046112626493, 0.26383217629]
    ],
    [
      [0.00065518593664, 0.017388464766, 0.12197776895, 0.71378192703, 0.14619665332],
      [2.2447503091e-05, 0.64883155196, 0.27694830093, 0.053100759703, 0.021096939897],
      [0.0021023146497, 0.04259905203, 0.92843003432, 0.0013374745198, 0.025531124477],
      [0.00016534189541, 0.029454617522, 0.062027920498, 0.88840195961, 0.019950160469],
      [0.35554550202, 0.036167824892, 0.36053582088, 0.17545084124, 0.072300010975],
      [0.21352040294, 0.056616291203, 0.39069278652, 0.069625780056, 0.26954473928]
    ],
    [
      [0.0010095049076, 0.022705879124, 0.14248132618, 0.65899135016, 0.17481193963],
      [0, 0.72440202701, 0.22481871474, 0.030982757481, 0.019796500769],
      [0.0029734072013, 0.049400626673, 0.91479585609, 0.0087083842299, 0.024121725804],
      [0.008131939783, 0.057831681172, 0.022578636259, 0.88380903991, 0.027648702879],
      [0.4936437233, 0.018316498175, 0.30728429162, 0.11691324534, 0.063842241559],
      [0.28731134948, 0.058483377093, 0.36317581032, 0.049529077772, 0.24150038534]
    ],
    [
      [0.00099410210764, 0.015084991609, 0.10153629764, 0.72335115871, 0.15903344993],
      [0.00011405198862, 0.63766200792, 0.2675381946, 0.069231124548, 0.025454620943],
      [0.003172387688, 0.050152335074, 0.90929792648, 0.0056469054964, 0.031730445262],
      [9.9589610957e-05, 0.021603339673, 0.044164252362, 0.91193937981, 0.022193438543],
      [0.42517819494, 0.02064821662, 0.3004690068, 0.17832106426, 0.07538351738],
      [0.25436064687, 0.050080200087, 0.33494672224, 0.072243933354, 0.28836849744]
    ],
    [
      [0.0013486694771, 0.012943539922, 0.098026354611, 0.7648998209, 0.12278161509],
      [0, 0.65581284498, 0.28100237077, 0.040207230853, 0.022977553395],
      [0.0041244763842, 0.044576438731, 0.92357647468, 0.0015547089572, 0.026167901252],
      [0.00029305889956, 0.016596287241, 0.047598478948, 0.91919833519, 0.016313839717],
      [0.44867149875, 0.014502174717, 0.29025749933, 0.18591897937, 0.060649847828],
      [0.28274678839, 0.046620769237, 0.34657912637, 0.077072057111, 0.24698125889]
    ],
    [
      [0.001522780716, 0.017026875803, 0.22915303651, 0.54250999168, 0.20978731529],
      [0.00039288563564, 0.62366327735, 0.28563499931, 0.060010408112, 0.030298429594],
      [0.0027125802288, 0.038697011097, 0.92039926968, 0, 0.038191138993],
      [0.0041010376105, 0.038687485177, 0.079435329987, 0.84577811664, 0.031998030582],
      [0.46845386529, 0.014553026172, 0.30589685403, 0.1124029088, 0.098693345703],
      [0.25614926267, 0.046715845758, 0.31557001201, 0.030572440804, 0.35099243876]
    ],
    [
      [0.0021370003087, 0.016268967646, 0.18648134706, 0.68681863607, 0.10829404892],
      [0.0002129306999, 0.72731078146, 0.23420334683, 0.020459207467, 0.017813733537],
      [0.0035498250938, 0.045290136337, 0.93044033821, 0, 0.02071970036],
      [0.006018885385, 0.02514827901, 0.068906038929, 0.8854218898, 0.014504906875],
      [0.51949778003, 0.015562540572, 0.28532012926, 0.13110289031, 0.048516659829],
      [0.3431412782, 0.053397661829, 0.35896875147, 0.03752302988, 0.20696927862]
    ],
    [
      [0.0012467202019, 0.023509890673, 0.26138526363, 0.49810688521, 0.21575124029],
      [0, 0.74717656582, 0.21927501264, 0.01330190875, 0.020246512788],
      [0.0018355311158, 0.0094337588029, 0.97064604673, 0, 0.018084663354],
      [0.00024461459885, 0.083398876608, 0.20667048618, 0.669180281, 0.04050574161],
      [0.46992436404, 0.044620526137, 0.41755312641, 0.017353192471, 0.050548790947],
      [0.28602763706, 0.044731058319, 0.44142903415, 0.019937963834, 0.20787430663]
    ],
    [
      [0.00057880336491, 0.018143928824, 0.15082917015, 0.64054183484, 0.18990626282],
      [0, 0.6481792745, 0.29101828125, 0.035779959228, 0.025022485022],
      [0.0024629870276, 0.025610096724, 0.93824542897, 0.005821074644, 0.027860412637],
      [4.2239152517e-05, 0.057052863984, 0.067118485664, 0.84635136997, 0.029435041226],
      [0.41123136228, 0.022755722828, 0.36159262364, 0.12657405443, 0.077846236817],
      [0.23024011225, 0.04940564416, 0.38561135853, 0.051785205379, 0.28295767968]
    ],
    [
      ["Inf", "Inf", "Inf", "NaN", "NaN"],
      [0.00015848108718, 0.66773023654, 0.32337424363, 0.0018409562925, 0.0068960824448],
      [0.00021351965441, 0.024170207132, 0.96517597251, 0, 0.010440300706],
      [0.00011555150348, 0.055622723459, 0.1034714649, 0.83250223188, 0.0082880282527],
      [0.17013207056, 0.085008156265, 0.53279436717, 0.16372756113, 0.048337844879],
      [0.10534122845, 0.084384908473, 0.54704561648, 0.058226170238, 0.20500207635]
    ],
    [
      [0.002038425062, 0.01385022164, 0.10510710423, 0.69284594962, 0.18615829945],
      [0.001106968745, 0.68130053715, 0.24994299656, 0.037747081772, 0.029902415773],
      [0.017638751154, 0.038265499298, 0.89366349454, 0.018330289674, 0.032101965336],
      [0.0072105093768, 0.02062026082, 0.014284400199, 0.92903179745, 0.028853032153],
      [0.56473261001, 0.011018939071, 0.24413716072, 0.1216717106, 0.058439579607],
      [0.3656951203, 0.036740810964, 0.29524667116, 0.059884604887, 0.24243279269]
    ],
    [
      [0.0019026664894, 0.012458432345, 0.10932595639, 0.75758834646, 0.11872459832],
      [0.00064524428676, 0.6976938933, 0.25235732289, 0.027982660352, 0.021320879167],
      [0.012715285463, 0.035836177137, 0.9250389832, 0.005314168074, 0.02109538613],
      [0.0066539680653, 0.015926761672, 0.033417231149, 0.92787019793, 0.016131841189],
      [0.56385949889, 0.0099614312605, 0.24246037721, 0.14717394482, 0.036544747821],
      [0.4009679191, 0.036167990634, 0.31136225216, 0.081939691776, 0.16956214633]
    ],
    [
      [0.0010853349688, 0.0073802552774, 0.33000052562, 0.49995901572, 0.16157486841],
      [0.002314934508, 0.49225604141, 0.29360606865, 0.17570965967, 0.036113295758],
      [0.0082105242226, 0.031402355101, 0.90661406808, 0.00922092157, 0.044552131022],
      [0, 0.0047788188263, 0.018071093508, 0.95529636752, 0.021853720143],
      [0.48759541997, 0.0023104452022, 0.2230976598, 0.21210750258, 0.074888972452],
      [0.30563218974, 0.028833720773, 0.26203583359, 0.090250102746, 0.31324815316]
    ],
    [
      ["NaN", "NaN", "Inf", "Inf", "NaN"],
      [0.00084351976602, 0.75571697003, 0.19091452255, 0.029021067201, 0.023503920451],
      [0.013334420916, 0.055233662854, 0.88065412393, 0.018084942635, 0.03269284967],
      [0.0033833466874, 0.029024270508, 0.011841657487, 0.9265209514, 0.029229773923],
      [0.56054127573, 0.016896706531, 0.23833788378, 0.12296026365, 0.061263870306],
      [0.3473343912, 0.049647385283, 0.28449307896, 0.059612722039, 0.25891242252]
    ],
    [
      [0.00099024794811, 0.017708315646, 0.30169546862, 0.5884365437, 0.091169424082],
      [0, 0.78099774618, 0.18214795975, 0.021857058741, 0.014997235328],
      [0.0029170078044, 0.067451693133, 0.90253561964, 0.003832116197, 0.023263563229],
      [0.0002498396765, 0.023914368876, 0.035388708681, 0.92950077054, 0.010946312227],
      [0.38300710608, 0.042284641921, 0.28228296336, 0.24069688962, 0.051728399029],
      [0.26229408421, 0.072889651959, 0.34815990973, 0.095591561369, 0.22106479272]
    ],
    [
      [0.00078892511226, 0.015739150652, 0.43668505064, 0.35305164292, 0.19373523067],
      [0, 0.79138069406, 0.15491013551, 0.017984363304, 0.035724807126],
      [0.0025650326592, 0.060316755378, 0.88484811463, 0.00069755749159, 0.05157253984],
      [0.00020771106832, 0.027029467154, 0.053912195196, 0.89087272745, 0.027977899129],
      [0.332615637, 0.028677631869, 0.32335752655, 0.18989260503, 0.12545659955],
      [0.17901683104, 0.058304873462, 0.29010324331, 0.032260463532, 0.44031458865]
    ],
    [
      [0.0010842596095, 0.016066111432, 0.089063145102, 0.78002000666, 0.1137664772],
      [0, 0.70973834749, 0.22369364997, 0.049610515702, 0.016957486837],
      [0.0089562043758, 0.054493480341, 0.87761126512, 0.036236127219, 0.022702922946],
      [5.33872015e-05, 0.02248248903, 0.011511014064, 0.95150423473, 0.014448874977],
      [0.52136137441, 0.017119000451, 0.23482678567, 0.18393692251, 0.042755916952],
      [0.35156293265, 0.053742687701, 0.30085575823, 0.10391486704, 0.18992375438]
    ],
    [
      [0.0020024893002, 0.0081909110578, 0.27546366295, 0.43802359847, 0.27631933823],
      [0.0023592010171, 0.55024964187, 0.27157328039, 0.11500394319, 0.060813933536],
      [0.012266126695, 0.034387053896, 0.87575058186, 0.0020310534343, 0.075565184118],
      [0.0087577061027, 0.0094776243192, 0.03727007405, 0.90018183575, 0.044312759777],
      [0.54049910468, 0.0081573307874, 0.19783087167, 0.13017200055, 0.12334069231],
      [0.29570725016, 0.025059003058, 0.18855221289, 0.02718935197, 0.46349218192]
    ],
    [
      [0.0024347835947, 0.0090235076608, 0.27685288774, 0.64628073567, 0.065408085342],
      [0.001258082466, 0.5070268213, 0.37124383113, 0.10796866058, 0.012502604522],
      [0.010864195783, 0.024949195185, 0.95219355392, 0, 0.011993055112],
      [0.0052787534846, 0.0072433683902, 0.057620053472, 0.92171294509, 0.0081448795649],
      [0.56127535726, 0.00715009239, 0.26578969249, 0.14107658319, 0.024708274679],
      [0.41118530592, 0.031439093037, 0.3718294502, 0.062640477935, 0.12290567291]
    ],
    [
      [0.00033141693356, 0.018149760937, 0.074619028525, 0.80768303015, 0.099216763455],
      [0, 0.78080942132, 0.17625070258, 0.027578121324, 0.015361754771],
      [0.0063304029081, 0.072015660244, 0.88242437348, 0.013645791138, 0.025583772228],
      [0, 0.021899402108, 0.011992844549, 0.95456680066, 0.011540952677],
      [0.45794445979, 0.03686198825, 0.21221383578, 0.24895486865, 0.044024847524],
      [0.32380428022, 0.067869624127, 0.27339527804, 0.13675591134, 0.19817490627]
    ],
    [
      ["NaN", "Inf", "NaN", "NaN", "Inf"],
      [0, 0.48796575928, 0.35836329174, 0.071651765107, 0.082019183874],
      [0, 0.0021718667007, 0.92450031353, 0.0022967846467, 0.071031035118],
      [0, 0.0018383098324, 0.014004980915, 0.92369620923, 0.060460500021],
      ["NaN", "NaN", "NaN", "NaN", "NaN"],
      [0, 0.0060189759179, 0.23387876659, 0.039358744075, 0.72074351342]
    ],
    [
      [0.0032658779619, 0.0061063950302, 0.1173610382, 0.68556785561, 0.1876988332],
      [0.0017541938101, 0.47817770941, 0.40337809253, 0.075250749835, 0.041439254415],
      [0.024208944571, 0.015618918097, 0.91603527716, 0.011308188034, 0.032828672135],
      [0.020366051037, 0.0070855859088, 0.015949868174, 0.92680829556, 0.029790199317],
      [0.64180732786, 0.0031112489569, 0.20554678741, 0.098198296537, 0.051336339229],
      [0.43332444476, 0.015510594158, 0.27186315535, 0.052739071603, 0.22656273413]
    ],
    [
      [0.0011684668919, 0.011174569864, 0.16377493346, 0.72048757862, 0.10339445117],
      [0.00023544179333, 0.58489679481, 0.26094762789, 0.13328311976, 0.020637015748],
      [0.0040312152688, 0.048299118194, 0.91256610057, 0.0068603773978, 0.028243188568],
      [0.00021322053689, 0.011388612739, 0.027198036706, 0.94825133874, 0.012948791278],
      [0.46274793384, 0.015800203762, 0.25940040543, 0.20363586794, 0.058415589036],
      [0.30261381805, 0.04672320524, 0.32470807658, 0.078909119356, 0.24704578077]
    ],
    [
      [0.00077077506505, 0.0089063144427, 0.058466606288, 0.84278289818, 0.089073406026],
      [0.00019073082981, 0.54915707925, 0.24453515169, 0.18595648973, 0.020160548494],
      [0.0036204267474, 0.042428816953, 0.88723728384, 0.038515271822, 0.028198200639],
      [8.9933325188e-05, 0.004980345253, 0.0097585826838, 0.97504229189, 0.01012884685],
      [0.39639302384, 0.012381691613, 0.24719724069, 0.28521311313, 0.058814930722],
      [0.27927790246, 0.046652182494, 0.31650408221, 0.1045537242, 0.25301210863]
    ],
    [
      ["Inf", "NaN", "NaN", "NaN", "NaN"],
      [0, 0.68494943207, 0.31366878833, 0.0013817795995, 0],
      [0.00037895948001, 0.003607266748, 0.99601377377, 0, 0],
      [0.00058840914459, 0.017802426396, 0.35162766793, 0.62998149653, 0],
      [0.26429506229, 0.04624675024, 0.62831312349, 0.061145063977, 0],
      [0.20055268242, 0.040637624852, 0.72351564343, 0.0352940493, 0]
    ],
    [
      [0.0038313529054, 0.013036667302, 0.39991812897, 0.371990695, 0.21122315582],
      [0.011429349856, 0.61210714908, 0.25039171346, 0.094754092919, 0.031317694682],
      [0.018462674209, 0.040529738853, 0.89730429127, 0, 0.043703295672],
      [0.025264774149, 0.017241115761, 0.046425021726, 0.88021192338, 0.030857164985],
      [0.76139371164, 0.0060200109473, 0.12488149018, 0.043189297997, 0.064515489235],
      [0.48146253742, 0.020294124119, 0.16242268293, 0.024757620389, 0.31106303514]
    ],
    [
      [0.0022143754965, 0.015273734972, 0.10574024941, 0.79313683931, 0.083634800813],
      [0.0032353909355, 0.61729915925, 0.27318661134, 0.093847833474, 0.012431004994],
      [0.016934537753, 0.045881876807, 0.90261275771, 0.018776388771, 0.015794438962],
      [0.0062945386699, 0.01916321798, 0.03113768626, 0.93256515776, 0.01083939933],
      [0.61933296638, 0.010699532591, 0.22028292338, 0.11886940952, 0.03081516814],
      [0.43904426146, 0.047386700663, 0.31526408993, 0.056102794933, 0.14220215302]
    ],
    [
      [0.0016597954775, 0.010897272706, 0.076423200665, 0.76493116193, 0.14608856922],
      [0.0010394485196, 0.58587457976, 0.26371101781, 0.12058866438, 0.028786289523],
      [0.011840744597, 0.041576141915, 0.89092880318, 0.019211091763, 0.036443218544],
      [0.0023385496148, 0.011788819885, 0.021212570699, 0.94474187422, 0.01991818558],
      [0.51964903329, 0.011224499595, 0.22415872623, 0.17626781352, 0.068699927358],
      [0.33089758705, 0.039462137406, 0.27442739805, 0.072116563131, 0.28309631436]
    ],
    [
      [0.0012602104221, 0.0059518671519, 0.39875668163, 0.39063124535, 0.20339999545],
      [6.0211189353e-05, 0.49320245878, 0.28654512637, 0.15799432867, 0.062197874984],
      [0.011926494893, 0.033403123591, 0.86373218821, 0.0059968876404, 0.084941305661],
      [0.0010868980684, 0.0045220831395, 0.019222000067, 0.94650364387, 0.028665374859],
      [0.48045711216, 0.0078894902348, 0.20579482082, 0.17751007534, 0.12834850146],
      [0.28089434866, 0.024411960206, 0.16205096866, 0.03434343808, 0.4982992844]
    ],
    [
      [0.0017436585965, 0.011992447944, 0.14146042523, 0.766332727, 0.078470741228],
      [0, 0.7198471179, 0.21648596285, 0.046792842802, 0.01687407645],
      [0.013513467301, 0.058181583772, 0.8934082717, 0.0084004497182, 0.026496227504],
      [0.00033895568683, 0.012832153602, 0.012539489643, 0.96505215699, 0.0092372440807],
      [0.53421293377, 0.015422062504, 0.17968064764, 0.23314728532, 0.03753707076],
      [0.39935097756, 0.050677579381, 0.25168424245, 0.11347173288, 0.18481546773]
    ],
    [
      [0.0011470012255, 0.011564111828, 0.02518514768, 0.87162461862, 0.09047912065],
      [0, 0.80497956406, 0.11967971374, 0.054090225567, 0.021250496635],
      [0.024047131817, 0.097203548245, 0.7911322433, 0.032419626743, 0.055197449891],
      [0.00021030946446, 0.0047439750679, 0.0029393303363, 0.98177710791, 0.010329277226],
      [0.58912631642, 0.062126743955, 0.039697835835, 0.25746200585, 0.051587097945],
      [0.44601104419, 0.056535876306, 0.14024491125, 0.089162065938, 0.26804610231]
    ],
    [
      [0.0019066207218, 0.0098449205093, 0.080913970479, 0.7853537585, 0.12198072979],
      [0.0001022108677, 0.70061901701, 0.22071191289, 0.047115816436, 0.031451042793],
      [0.016404030504, 0.05494918087, 0.87222556971, 0.0088612799966, 0.04755993892],
      [0.0019981058272, 0.010200936883, 0.0079159533718, 0.96425269301, 0.01563231091],
      [0.54928695889, 0.011522746629, 0.15913124634, 0.21869298234, 0.061366065802],
      [0.38335170675, 0.040943266743, 0.20816724945, 0.08998367784, 0.27755409921]
    ],
    [
      [0.0026798998756, 0.016283662333, 0.4214293752, 0.36945730839, 0.1901497542],
      [0.00081802993473, 0.76576823193, 0.18700351324, 0.016961626056, 0.029448598843],
      [0.004255933105, 0.050766029049, 0.90611856225, 0, 0.038859475593],
      [0.013262271092, 0.027231936044, 0.068954971714, 0.86188413132, 0.028666689834],
      [0.56661424544, 0.015227016211, 0.2341199345, 0.10988300176, 0.074155802084],
      [0.34713008535, 0.045975764011, 0.2709099594, 0.028439641664, 0.30754454958]
    ],
    [
      [0.00036038074707, 0.00091184347412, 0.055921125236, 0.84186881499, 0.10093783555],
      [5.0513875846e-05, 0.38107178929, 0.31008086292, 0.26609580487, 0.042701029035],
      [0.015084249269, 0.0079891240686, 0.90018388551, 0.025746398154, 0.050996343001],
      [0.00014674157389, 0.0012044530688, 0.0053114385098, 0.98210206925, 0.011235297601],
      [0.46483814748, 0.00082208657832, 0.13711614779, 0.3337816651, 0.06344195305],
      [0.34027758709, 0.012592765284, 0.21352079496, 0.14443583663, 0.28917301604]
    ],
    [
      [0.00076511434133, 0.0097834791614, 0.15900120914, 0.5779895545, 0.25246064285],
      ["NaN", "NaN", "NaN", "NaN", "Inf"],
      [0.004870877854, 0.089922945835, 0.85234044759, 0.010627421085, 0.042238307639],
      [0, 0.0074594283327, 0.0045559033987, 0.96822927503, 0.019755393238],
      [0.36556907478, 0.030544106253, 0.10521516322, 0.38645860482, 0.11221305093],
      [0.22217287797, 0.040254254027, 0.1283773898, 0.17306410827, 0.43613136993]
    ],
    [
      [0.0011730394943, 0.013759708108, 0.092429902115, 0.80920645275, 0.083430897533],
      [0, 0.84405562447, 0.10800495272, 0.030288557246, 0.017650865565],
      [0.018568877287, 0.079936998456, 0.80647257879, 0.062703376619, 0.032318168849],
      [0, 0.0071006763262, 0.006089299818, 0.97750486823, 0.0093051556267],
      [0.565379905, 0.040768509989, 0.080226844333, 0.2757425723, 0.037882168383],
      [0.42892205113, 0.057938625601, 0.1862531747, 0.13778294269, 0.18910320588]
    ],
    [
      ["Inf", "NaN", "Inf", "NaN", "NaN"],
      [0, 0.76631022106, 0.15647985506, 0.028712216555, 0.048497707319],
      [0.0070495987525, 0.080228358139, 0.785873161, 0.011518126022, 0.11533075608],
      [2.4793049794e-05, 0.0065817086792, 0.0054968416606, 0.9569473049, 0.030949351714],
      [0.33012028962, 0.046997347944, 0.11901994751, 0.34306742086, 0.16079499408],
      ["NaN", "NaN", "Inf", "NaN", "Inf"]
    ],
    [
      [0, 0, 0.01696179969, 0.98303820031, 0],
      [0, 0, 0.58912943187, 0.41087056813, 0],
      ["NaN", "NaN", "NaN", "NaN", "NaN"],
      [0, 0, 0.004557345432, 0.99544265457, 0],
      [0, 0, 0.18783969336, 0.81216030664, 0],
      ["NaN", "NaN", "NaN", "NaN", "NaN"]
    ],
    [
      ["NaN", "NaN", "NaN", "NaN", "NaN"],
      [0, 0.83853009169, 0.16146990831, 0, 0],
      [0, 0.013126470404, 0.9868735296, 0, 0],
      ["NaN", "NaN", "NaN", "NaN", "NaN"],
      ["NaN", "NaN", "NaN", "NaN", "NaN"],
      [0, 0.082711085891, 0.91728891411, 0, 0]
    ],
    [
      [0.0012907619711, 0.016836192996, 0.27537680822, 0.58782359077, 0.11867264605],
      [7.6503574049e-06, 0.59016243908, 0.34630891963, 0.049811754694, 0.013709236236],
      [0, 0.0266353338, 0.95821610054, 0, 0.015148565661],
      [0.0037997842587, 0.028678116935, 0.070835503705, 0.8809695893, 0.0157170058],
      [0.51656509754, 0.016479650756, 0.32133511847, 0.11137832935, 0.03424180388],
      [0.34234511385, 0.046581038536, 0.40059450961, 0.054393964948, 0.15608537305]
    ],
    [
      [0.0015748832878, 0.0080126461853, 0.054613981097, 0.86150539188, 0.074293097546],
      [0.00029206819263, 0.60618488383, 0.25042589987, 0.12502356023, 0.018073587877],
      [0.023494584648, 0.035167403712, 0.77331321465, 0.14686136847, 0.021163428522],
      [0, 0.0044015872729, 0.006709947038, 0.98040333592, 0.0084851297678],
      [0.6271064569, 0.0077059787435, 0.16196615017, 0.16926392854, 0.033957485645],
      [0.46331775738, 0.034408911803, 0.2433417323, 0.088310580592, 0.17062101792]
    ],
    [
      [0.0002765817428, 0.021569354755, 0.21811324409, 0.44188713625, 0.31815368316],
      [0, 0.74365317408, 0.2127882521, 0.010688253993, 0.032870319832],
      [0, 0.043113771693, 0.90801231962, 0, 0.048873908685],
      [0, 0.050915185969, 0.056376826035, 0.83846886356, 0.054239124435],
      [0.39879436176, 0.062900015393, 0.33418126179, 0.088659554062, 0.11546480699],
      [0.20432847962, 0.061260817485, 0.29349865819, 0.041117118507, 0.3997949262]
    ],
    [
      ["NaN", "NaN", "NaN", "NaN", "NaN"],
      [0, 0.83554445931, 0.14488148552, 0.019574055167, 0],
      [0.003165448693, 0.052981364734, 0.93662034511, 0.0072328414659, 0],
      [0.0029444167063, 0.045770276841, 0.037925021552, 0.9133602849, 0],
      [0.55754679794, 0.017030024428, 0.31219090123, 0.11323227639, 0],
      [0.40977121915, 0.068408797631, 0.45638985435, 0.065430128868, 0]
    ],
    [
      [0.0012498133786, 0.037431507177, 0.11915195057, 0.69997697003, 0.14218975884],
      [0.00013266387022, 0.83434950983, 0.11732436707, 0.024402807952, 0.023790651276],
      [0.016145028946, 0.072732558229, 0.82625841513, 0.045306528745, 0.039557468946],
      [0.00068422312317, 0.024582554779, 0.011566026904, 0.94406155476, 0.019105640431],
      [0.53610895524, 0.018744392422, 0.18402251183, 0.19613512118, 0.064989019333],
      [0.342821949, 0.059420701576, 0.22630400886, 0.096457529114, 0.27499581145]
    ],
    [
      ["NaN", "Inf", "NaN", "NaN", "NaN"],
      [0, 0.61559265463, 0.30802604091, 0.036328924672, 0.040052379786],
      [0.0021023759747, 0.017179868527, 0.93263039707, 0.0025754547421, 0.045511903691],
      [0.00050336945882, 0.025247675937, 0.024996806133, 0.8796881553, 0.069563993169],
      [0.5283651836, 0.03112529748, 0.30476724138, 0.039971157441, 0.095771120099],
      [0.27630410127, 0.029783041568, 0.27560355443, 0.027803575848, 0.39050572688]
    ],
    [
      [0.0015183220608, 0.016579127652, 0.051302007561, 0.87834151286, 0.052259029865],
      [0.00013778856626, 0.79678342952, 0.15807407421, 0.036024880625, 0.0089798270774],
      [0.024535485784, 0.10664667982, 0.79639840483, 0.055354895381, 0.017064534191],
      [0.00020054244718, 0.013865894196, 0.0080646733823, 0.9721457018, 0.0057231881791],
      [0.60990504337, 0.016754040426, 0.15005655324, 0.19969629406, 0.0235880689],
      [0.47551714394, 0.068258491012, 0.22577213494, 0.10733565983, 0.12311657028]
    ],
    [
      [0.0010355186858, 0.006171504864, 0.11553292715, 0.74277845545, 0.13448159385],
      [0, 0.48899564816, 0.37448598945, 0.10263672396, 0.03388163843],
      [0.0070558160394, 0.022647023709, 0.93120300569, 0.0093423202582, 0.029751834306],
      [0, 0.003639394175, 0.027351544878, 0.95159212642, 0.017416934529],
      [0.48759149341, 0.0054863757864, 0.24476723821, 0.20676514014, 0.055389752462],
      [0.32473097834, 0.022816823472, 0.30339762417, 0.10061285078, 0.24844172324]
    ],
    [
      [0.00081296750286, 0.0052781077332, 0.21495129451, 0.67401147724, 0.10494615301],
      [5.2265334884e-06, 0.48332486601, 0.2861566863, 0.19668823268, 0.033824988481],
      [0.010998936389, 0.033020731914, 0.90020616012, 0.0076517096418, 0.048122461932],
      [0.00016062718294, 0.0019889652191, 0.0068822285949, 0.97863211919, 0.012336059811],
      [0.41139411058, 0.0037817545952, 0.22461280514, 0.29250018903, 0.067711140655],
      [0.30142822019, 0.027895130777, 0.26455412356, 0.089651733261, 0.31647079221]
    ],
    [
      [0.001979139098, 0.041256691111, 0.21060869635, 0.61465908131, 0.13149639214],
      [0.00046191789969, 0.84219712789, 0.1409321066, 0.0075392039988, 0.0088696436115],
      [0, 0.030969315147, 0.95775848282, 0.00063527739573, 0.010636924642],
      [0.0022115085429, 0.087574270162, 0.068539394644, 0.82309219762, 0.018582629036],
      [0.61720449944, 0.034726815629, 0.30527225812, 0.020164064878, 0.022632361932],
      [0.41640199657, 0.055439552783, 0.38370562915, 0.026507434931, 0.11794538656]
    ],
    [
      [0.00060490628325, 0.024864028149, 0.28334703867, 0.54781767149, 0.1433663554],
      [0, 0.70786568755, 0.26955894743, 0.0085516430826, 0.014023721932],
      [0, 0.026222871975, 0.9563585648, 0, 0.017418563222],
      [0, 0.059540343452, 0.1038840028, 0.81682501625, 0.019750637501],
      [0.45943474326, 0.032058792583, 0.36917211528, 0.096213378743, 0.043120970134],
      [0.28936194555, 0.061870656247, 0.41309663043, 0.047787089252, 0.18788367853]
    ],
    [
      [0.0031689659279, 0.0077037001623, 0.47104195936, 0.43735887481, 0.080726499743],
      [0.0027177139313, 0.47060164559, 0.42518677768, 0.085376717333, 0.016117145468],
      [0.009279376387, 0.020065728342, 0.95711089373, 0, 0.013544001545],
      [0.02298767718, 0.0056587252036, 0.059988280766, 0.90082190701, 0.01054340984],
      [0.63814728672, 0.0033226150529, 0.22751533765, 0.11012682994, 0.020887930629],
      [0.49110979986, 0.022286864219, 0.31400586034, 0.065004979817, 0.10759249576]
    ],
    [
      [0.0018577319882, 0, 0.020748330784, 0.8474439499, 0.12994998733],
      [0.00090540420667, 0, 0.39313198635, 0.56272900494, 0.043233604499],
      [0.014830024239, 0, 0.89823463889, 0.069186207187, 0.017749129682],
      [0.0032023326746, 0, 0, 0.98159282399, 0.015204843339],
      [0.59376222743, 0, 0.20012341896, 0.17877402462, 0.027340328988],
      [0.44925250822, 0, 0.30126955215, 0.091926715564, 0.15755122406]
    ],
    [
      [0.0023095750596, 0.0069763028395, 0.44816738128, 0.44985797236, 0.092688768459],
      [0.0028118843401, 0.50441630885, 0.31224757741, 0.15917457799, 0.021349651405],
      [0.016556003769, 0.02538623272, 0.92659785514, 0.0065869826277, 0.024872925739],
      [0.0064531403522, 0.0033627405437, 0.023505002836, 0.95527545157, 0.011403664698],
      [0.60196570824, 0.0012071798464, 0.18553723762, 0.17661740455, 0.034672469744],
      [0.44919891875, 0.026328097655, 0.26436278346, 0.079114960333, 0.1809952398]
    ],
    [
      [7.3997761801e-05, 0.0090804829106, 0.032618377582, 0.69531618928, 0.26291095247],
      [0.00015557846451, 0.66573703481, 0.15281134016, 0.12338771915, 0.057908327408],
      [0.0038717640256, 0.058605272852, 0.72411771335, 0.11074098947, 0.1026642603],
      [0, 0.006609810253, 0.0053459942257, 0.94473874071, 0.04330545481],
      [0.40670828986, 0.014957964932, 0.17373562482, 0.22410211541, 0.18049600498],
      [0.14873035936, 0.046671543528, 0.14630870519, 0.12690980046, 0.53137959145]
    ],
    [
      [0.0011406333505, 0.015664552439, 0.45340101572, 0.38280876305, 0.14698503544],
      [7.9052170959e-05, 0.57511169047, 0.33579055295, 0.067926733675, 0.021091970739],
      [0.0021197841397, 0.036220809276, 0.93287618242, 0, 0.028783224166],
      [0.00073084866052, 0.031568312611, 0.074956154987, 0.87280420178, 0.019940481965],
      [0.41982463706, 0.011568117196, 0.40026912622, 0.077620701649, 0.090717417872],
      [0.23755024071, 0.032378279314, 0.36678861977, 0.036350178997, 0.32693268121]
    ],
    [
      [0.0055335396215, 0.0078919062977, 0.0029018773765, 0.74472393354, 0.23894874316],
      [0.0009940235309, 0.78125346109, 0.025982192843, 0.13131524478, 0.060455077758],
      [0.13942503646, 0.11733849063, 0.21796348827, 0.22988856049, 0.29538442415],
      [0.00037042070923, 0.0041023759543, 0.00036651806845, 0.96593021986, 0.029230465408],
      [0.79322481546, 0.001191383317, 0.0026176084879, 0.09581324706, 0.10715294568],
      [0.44511004541, 0.030079364133, 0.017043733719, 0.029425172133, 0.4783416846]
    ],
    [
      [0.0011821357998, 0.016842288277, 0.098189636905, 0.72102246625, 0.16276347277],
      [0.00015531782912, 0.71263933232, 0.23217365726, 0.029205327566, 0.025826365027],
      [0.0087478763063, 0.054088688403, 0.89006343927, 0.013074495221, 0.034025500798],
      [0.0023090643305, 0.026514354249, 0.041645550928, 0.90603768192, 0.023493348569],
      [0.49283364294, 0.017671488803, 0.25886609737, 0.15966894338, 0.070959827506],
      [0.29976653194, 0.051471423475, 0.29881512036, 0.071604870362, 0.27834205386]
    ],
    [
      [0.0010621994792, 0.011486882204, 0.12862874582, 0.74705660053, 0.11176557197],
      [1.2919652173e-05, 0.61457915655, 0.26105854808, 0.10176215179, 0.022587223925],
      [0.0039229897407, 0.048269387451, 0.91005456862, 0.0084300073213, 0.029323046864],
      [0.00018800438317, 0.010907297477, 0.024686204977, 0.95022395456, 0.013994538608],
      [0.42782643853, 0.023203125292, 0.25816902864, 0.23006454139, 0.060736866144],
      [0.28440992984, 0.047347792398, 0.31795772035, 0.095336652559, 0.25494790486]
    ],
    [
      [0.0010923691489, 0.0070118212744, 0.079977443388, 0.78973938282, 0.12217898337],
      [7.5111309173e-05, 0.48938656943, 0.34654845086, 0.13310530067, 0.030884567736],
      [0.0040158890024, 0.025782763033, 0.91494723917, 0.025677871278, 0.029576237514],
      [3.8163415675e-05, 0.0041275519408, 0.019820281093, 0.96065445178, 0.015359551768],
      [0.43511712613, 0.011176047463, 0.26592884229, 0.22492632126, 0.062851662859],
      [0.2827848237, 0.028661943581, 0.32211833854, 0.10508914812, 0.26134574605]
    ],
    [
      [0.00089457894963, 0.013091501126, 0.10070586627, 0.74851617366, 0.13679188],
      [0, 0.65305455715, 0.27625533583, 0.04643191687, 0.024258190157],
      [0.0063732073816, 0.042715779426, 0.90832436062, 0.015239894447, 0.027346758128],
      [0, 0.017094725025, 0.038882645981, 0.92541182736, 0.018610801634],
      [0.46845770549, 0.013970032767, 0.27806146167, 0.18024999429, 0.059260805782],
