{
  "X": [
    [8, 48, 116, 28],
    [0, 1, 10, 7],
    [58, 380, 901, 146],
    [21, 205, 428, 111],
    [36, 283, 617, 153],
    [25, 240, 705, 154],
    [10, 71, 287, 62],
    [42, 306, 775, 184],
    [1, 3, 58, 52],
    [23, 206, 631, 100],
    [12, 72, 307, 65],
    [32, 178, 569, 118],
    [19, 158, 423, 97],
    [45, 285, 752, 172],
    [57, 296, 602, 166],
    [7, 45, 96, 27],
    [0, 8, 20, 5],
    [0, 23, 73, 17],
    [3, 11, 30, 13],
    [2, 3, 21, 8],
    [22, 156, 359, 109],
    [56, 306, 765, 155],
    [42, 245, 578, 127],
    [38, 277, 524, 136],
    [12, 215, 480, 122],
    [69, 658, 1328, 292],
    [48, 469, 1047, 208],
    [44, 385, 741, 158],
    [53, 460, 925, 205],
    [47, 498, 1073, 177],
    [23, 86, 209, 19],
    [59, 458, 789, 208],
    [19, 63, 212, 35],
    [76, 468, 1528, 414],
    [7, 74, 108, 40]
  ],
  "W": [
    [3, 110, 51, 18, 5, 13],
    [2, 8, 1, 2, 0, 5],
    [35, 800, 444, 91, 33, 82],
    [24, 372, 250, 36, 30, 53],
    [39, 557, 324, 71, 44, 54],
    [27, 638, 291, 45, 65, 58],
    [14, 263, 97, 18, 18, 20],
    [34, 700, 382, 55, 40, 96],
    [5, 44, 51, 2, 5, 7],
    [20, 583, 241, 42, 25, 49],
    [16, 271, 94, 18, 17, 40],
    [22, 532, 206, 51, 23, 63],
    [18, 377, 209, 35, 22, 36],
    [51, 675, 351, 65, 27, 85],
    [33, 570, 348, 81, 31, 58],
    [5, 93, 52, 12, 7, 6],
    [2, 20, 9, 0, 1, 1],
    [3, 66, 29, 2, 2, 11],
    [1, 25, 21, 4, 1, 5],
    [2, 21, 4, 3, 1, 3],
    [20, 336, 191, 43, 19, 37],
    [38, 675, 375, 104, 35, 55],
    [58, 473, 300, 76, 35, 50],
    [70, 445, 331, 60, 35, 34],
    [33, 414, 263, 35, 31, 53],
    [83, 1107, 800, 151, 67, 139],
    [69, 866, 600, 102, 35, 100],
    [28, 611, 465, 92, 50, 82],
    [44, 791, 549, 103, 47, 109],
    [54, 855, 668, 83, 43, 92],
    [7, 181, 97, 39, 2, 11],
    [45, 652, 543, 106, 72, 96],
    [12, 190, 79, 32, 3, 13],
    [99, 1475, 584, 118, 76, 134],
    [25, 89, 80, 18, 5, 12]
  ],
  "method": "mult",
  "cond_prob": [
    [
      [0.0029650095568, 0.27822424753, 0.17973791213, 0.53907283078],
      [0.0089680160745, 0.042338129546, 0.82307622838, 0.125617626],
      [0.0016455858392, 0.55901701567, 0.34730480839, 0.092032590106],
      [0.38358147265, 0.52498525663, 0.0578620888, 0.03357118192],
      [0.00057501317185, 0.14315733469, 0.27454841583, 0.58171923632],
      [0.00102744244, 0.29482645505, 0.36889201816, 0.33525408436]
    ],
    [
      [3.081487911e-33, 0, 0.19194101168, 0.80805898832],
      [0, 0, 0.77892331912, 0.22107668088],
      [0, 0.21567899094, 0.5515458716, 0.23277513746],
      [0, 0.39216050453, 0.38173799346, 0.22610150201],
      [0, 0.024263312417, 0.20062574797, 0.77511093961],
      [0, 0, 0.41394191303, 0.58605808697]
    ],
    [
      [0.0048840788399, 0.33753461046, 0.22178569208, 0.43579561862],
      [0.018708236844, 0.046407276134, 0.85308050222, 0.0818039848],
      [0.0056246393184, 0.57247968138, 0.36075869219, 0.061136987105],
      [0.4410597031, 0.48416473746, 0.054378518494, 0.020397040952],
      [0.0012506845122, 0.17703711364, 0.3442925664, 0.47741963546],
      [0.0022856382585, 0.32900333335, 0.41812365599, 0.2505873724]
    ],
    [
      [0.0036521521828, 0.29459296917, 0.18777278634, 0.5139820923],
      [0.013909848327, 0.046195688699, 0.82433226931, 0.11556219366],
      [0.0035281184589, 0.56687413721, 0.3448198371, 0.08477790723],
      [0.40954115946, 0.50594250583, 0.055126905081, 0.02938942963],
      [0.00086219692552, 0.15307173161, 0.28859832643, 0.55746774503],
      [0.0016322171162, 0.30604445441, 0.37725228854, 0.31507103993]
    ],
    [
      [0.003421240675, 0.29926310013, 0.18943752951, 0.50787812968],
      [0.012626897928, 0.047013927949, 0.82682503178, 0.11353414234],
      [0.0030397657242, 0.56924414329, 0.34490163336, 0.082814457634],
      [0.39061352542, 0.52328107496, 0.056482525558, 0.02962287407],
      [0.00078135338978, 0.15578583078, 0.29169940269, 0.55173341314],
      [0.0014919540635, 0.30924714678, 0.37920798904, 0.31005291011]
    ],
    [
      [0.0033024119308, 0.29458975683, 0.20736089588, 0.49474693536],
      [0.010472505984, 0.035804332893, 0.85203017689, 0.10169298424],
      [0.002500302875, 0.54520549976, 0.37413210813, 0.078162089233],
      [0.38627758225, 0.5211534821, 0.063529670704, 0.029039264947],
      [0.00064449810405, 0.15137585351, 0.31601391623, 0.53196573216],
      [0.0013345576866, 0.29753059614, 0.40575551304, 0.29537933313]
    ],
    [
      [0.0031550399417, 0.24655283014, 0.21393477912, 0.53635735079],
      [0.008007954746, 0.016783563922, 0.86697296945, 0.10823551188],
      [0.0020663865296, 0.4886695667, 0.41797480786, 0.091289238911],
      [0.42310158794, 0.47173315438, 0.071279829216, 0.033885428459],
      [0.00052062509214, 0.12249021445, 0.31646747762, 0.56052168283],
      [0.001204900731, 0.25186072287, 0.42340071208, 0.32353366432]
    ],
    [
      [0.0046944433472, 0.28375655106, 0.19301712122, 0.51853188437],
      [0.019277038209, 0.0399339001, 0.82756329907, 0.11322576262],
      [0.0056890903659, 0.54878483655, 0.35958836462, 0.08593770847],
      [0.4708988808, 0.44930648732, 0.052470094892, 0.027324536985],
      [0.0012019339798, 0.14620630643, 0.29440216983, 0.55818958975],
      [0.0023511860069, 0.29377740179, 0.386650117, 0.3172212952]
    ],
    [
      [0, 0.012125931307, 0.099019581262, 0.88885448743],
      [0, 0, 0.65870362898, 0.34129637102],
      [0, 0.051791072862, 0.49974346215, 0.44846546499],
      [0.5, 0.081604778202, 0.24232400623, 0.17607121557],
      [0, 0.0043002791827, 0.13613286629, 0.85956685452],
      [0, 0.016187810742, 0.26710192933, 0.71671025993]
    ],
    [
      [0.003525364225, 0.32488384107, 0.22345541492, 0.44813537978],
      [0.010728226812, 0.03900736955, 0.86528614856, 0.084978255073],
      [0.0026171958305, 0.55862482014, 0.37383839564, 0.064919588394],
      [0.37989582604, 0.5324726334, 0.06341548532, 0.024216055246],
      [0.00079297285809, 0.16876880002, 0.34373338955, 0.48670483757],
      [0.0014029239639, 0.31733417295, 0.42280058402, 0.25846231907]
    ],
    [
      [0.0039914856486, 0.24587325374, 0.22750691395, 0.52262834666],
      [0.011148240335, 0.013741003314, 0.87769113893, 0.097419617423],
      [0.0032355943713, 0.47624474492, 0.43449184321, 0.086027817506],
      [0.47443581581, 0.42684575072, 0.068917966037, 0.029800467434],
      [0.00078613241596, 0.12157777696, 0.33443551341, 0.54320057721],
      [0.0014402073026, 0.24562910747, 0.44343575873, 0.3094949265]
    ],
    [
      [0.0041850119065, 0.27962964187, 0.20521261744, 0.51097272878],
      [0.01503795342, 0.032576840432, 0.84665011442, 0.10573509173],
      [0.0040972505742, 0.53227745412, 0.38046889014, 0.083156405159],
      [0.44948967, 0.4634465982, 0.058982821258, 0.028080910544],
      [0.00097964544669, 0.14278473467, 0.31042749148, 0.54580812841],
      [0.0018603156401, 0.28489345736, 0.4054430792, 0.3078031478]
    ],
    [
      [0.0033292942966, 0.27045703716, 0.19686919714, 0.52934447141],
      [0.010776620972, 0.031489343195, 0.8423738985, 0.11536013733],
      [0.0024056861911, 0.53009242086, 0.37766475449, 0.089837138461],
      [0.40887542324, 0.49613698919, 0.062651434998, 0.032336152571],
      [0.00068847926084, 0.13772341549, 0.29722647445, 0.5643616308],
      [0.0013531062561, 0.27989625624, 0.39493551015, 0.32381512735]
    ],
    [
      [0.0046572936261, 0.28126828283, 0.20036758755, 0.513706836],
      [0.018183764699, 0.03559449085, 0.8378271825, 0.10839456195],
      [0.0053435399315, 0.53840501586, 0.37212197884, 0.084129465367],
      [0.46758026699, 0.44985553314, 0.055275786876, 0.027288412987],
      [0.0011274158487, 0.14421359796, 0.30417015975, 0.55048882645],
      [0.0022317265267, 0.28840586926, 0.39797140956, 0.31139099466]
    ],
    [
      [0.0050558613653, 0.28101536648, 0.17059479185, 0.5433339803],
      [0.025718183062, 0.05181037242, 0.79155231839, 0.13091912613],
      [0.0088525172262, 0.57196688219, 0.32455567625, 0.094624924331],
      [0.48004283329, 0.44667735986, 0.044420623306, 0.028859183545],
      [0.0014670523377, 0.1461376291, 0.26284750187, 0.58954781669],
      [0.002830484762, 0.30067194782, 0.35334193113, 0.34315563629]
    ],
    [
      [0.00373696326, 0.27995845344, 0.16636097565, 0.54994360765],
      [0.016320728909, 0.052777528943, 0.79540132358, 0.13550041857],
      [0.0043226446512, 0.57759071881, 0.32190128755, 0.096185348993],
      [0.43512376063, 0.48566181037, 0.047788305986, 0.031426123008],
      [0.00094267962981, 0.14541595255, 0.25601669729, 0.59762467053],
      [0.0017709980502, 0.30188779514, 0.34857142058, 0.34776978624]
    ],
    [
      [0, 0.31632897487, 0.16451544825, 0.51915557687],
      [0, 0.062238778652, 0.81889426211, 0.11886695923],
      [0, 0.62455084241, 0.29844257979, 0.077006577794],
      [-0, 0.88059789072, 0.077254401841, 0.042147707436],
      [0, 0.1632117175, 0.25982160938, 0.57696667311],
      [0, 0.338397178, 0.34727903369, 0.31432378831]
    ],
    [
      [0, 0.26685104248, 0.19289516739, 0.54025379013],
      [0, 0.026163691088, 0.8548582557, 0.11897805321],
      [0, 0.53324543112, 0.37586357242, 0.090890996458],
      [0, 0.84156063593, 0.10385043337, 0.0545889307],
      [0, 0.13476380177, 0.2902493298, 0.57498686842],
      [0, 0.27780698934, 0.39203877227, 0.33015423839]
    ],
    [
      [0.0038391866925, 0.14197028782, 0.13837731444, 0.71581321105],
      [0.016605263583, 0.0061011153745, 0.77593014017, 0.20136348087],
      [0.0041812219342, 0.41201776, 0.40158064195, 0.18222037612],
      [0.6210410025, 0.28433587569, 0.04808226383, 0.046540857981],
      [0.00078622078936, 0.068075905995, 0.19971273403, 0.73142513919],
      [0.0016546664625, 0.16954189182, 0.32762678217, 0.50117665954]
    ],
    [
      [0.0024195416562, 0.12087432621, 0.16490128704, 0.7118048451],
      [0.00013234448532, 0.004048026025, 0.82238824174, 0.17343138775],
      [0.0026755740215, 0.36732918907, 0.46547834158, 0.16451689533],
      [0.66053369847, 0.24039320274, 0.055861054965, 0.043212043818],
      [7.8290988097e-05, 0.056060915993, 0.23179999088, 0.71206080214],
      [0, 0.14222850686, 0.37958260906, 0.47818888408]
    ],
    [
      [0.0030730915872, 0.25283043918, 0.16699500836, 0.57710146088],
      [0.011634334627, 0.039031957315, 0.80222427742, 0.14710943064],
      [0.0025450335671, 0.54316361273, 0.34481036434, 0.10948098936],
      [0.40656750307, 0.49872184661, 0.05615934163, 0.038551308695],
      [0.00064858784233, 0.12927628386, 0.25309889895, 0.61697622934],
      [0.0013128249032, 0.27521931701, 0.35216843946, 0.37129941862]
    ],
    [
      [0.0040170556782, 0.28849494023, 0.20916564467, 0.49832235942],
      [0.013887822002, 0.033547254116, 0.8511455515, 0.10141937238],
      [0.0036762753855, 0.53683176201, 0.38030028022, 0.079191682386],
      [0.43237058531, 0.47958366079, 0.060604541507, 0.0274412124],
      [0.00092818010918, 0.14782656543, 0.31731877081, 0.53392648365],
      [0.0017353015888, 0.29145917233, 0.40921497934, 0.29759054674]
    ],
    [
      [0.0042741462459, 0.29225869149, 0.22206149879, 0.48140566347],
      [0.014262429547, 0.029914155105, 0.8645762418, 0.091247173546],
      [0.0039025232276, 0.52846319233, 0.39468964658, 0.072944637857],
      [0.44354288476, 0.46874632303, 0.06253433055, 0.02517646166],
      [0.00099237229181, 0.14933407288, 0.33512834936, 0.51454520547],
      [0.0018244220394, 0.29018459456, 0.42573750747, 0.28225347593]
    ],
    [
      [0.0049272481316, 0.30871794778, 0.19574413798, 0.49061066611],
      [0.01928253964, 0.047854487174, 0.82906734978, 0.1037956234],
      [0.0063149209388, 0.57169875689, 0.34580568113, 0.076180641033],
      [0.44774830449, 0.47589824084, 0.051388191433, 0.024965263233],
      [0.0012875042843, 0.16085277286, 0.30334623644, 0.53451348641],
      [0.0021812570815, 0.31407255384, 0.38826027858, 0.2954859105]
    ],
    [
      [0.0018299626906, 0.29217696474, 0.19271174275, 0.51328132982],
      [0.0048283532204, 0.040024608006, 0.84005954688, 0.1150874919],
      [0.00012754062011, 0.55779715213, 0.35693214514, 0.085143162111],
      [0.2820050735, 0.61240313837, 0.069710090576, 0.035881697555],
      [0.00026557863666, 0.1508903382, 0.29469670514, 0.55414737802],
      [0.00054187367222, 0.30142662475, 0.38504254491, 0.31298895666]
    ],
    [
      [0.0031558235562, 0.30813287278, 0.20409716209, 0.48461414157],
      [0.010142407975, 0.042397919698, 0.84633923281, 0.10112043952],
      [0.0018726230771, 0.5624160662, 0.36049568596, 0.07521562476],
      [0.36951489336, 0.54046293794, 0.061802640775, 0.028219527923],
      [0.0006772592514, 0.16002761677, 0.31361889312, 0.52567623086],
      [0.001224440924, 0.31097746432, 0.39871360764, 0.28908448711]
    ],
    [
      [0.0031862116899, 0.30374078982, 0.21525411151, 0.47781888698],
      [0.0095042960118, 0.035391134528, 0.86009960606, 0.0950049634],
      [0.001675279197, 0.54592830726, 0.37941509258, 0.07298132096],
      [0.37646121432, 0.53047782351, 0.065428812966, 0.027632149196],
      [0.00070330319044, 0.15658474062, 0.32798013889, 0.51473181729],
      [0.0012060405639, 0.30246974725, 0.41499108123, 0.28133313095]
    ],
    [
      [0.0035008651324, 0.31607927589, 0.20507836086, 0.47534149812],
      [0.011857475981, 0.045550127245, 0.84474606818, 0.097846328598],
      [0.0026430008971, 0.57019210911, 0.35518630234, 0.071978587658],
      [0.38339027271, 0.53115987871, 0.059111645613, 0.026338202968],
      [0.00077789161007, 0.16502254696, 0.31643522513, 0.5177643363],
      [0.0014300349337, 0.31782299516, 0.39873530489, 0.28201166501]
    ],
    [
      [0.003610966369, 0.31009201601, 0.19845216552, 0.4878448521],
      [0.013077510721, 0.046819132845, 0.83632703418, 0.10377632225],
      [0.0032473403111, 0.57110565396, 0.34959162468, 0.076055381051],
      [0.39323979189, 0.52237404183, 0.057142527892, 0.027243638385],
      [0.00084882730878, 0.16175172222, 0.30622114134, 0.53117830913],
      [0.001563515783, 0.31539592603, 0.39017930933, 0.29286124886]
    ],
    [
      [0.004017130155, 0.32796196727, 0.23201889868, 0.4360020039],
      [0.012657692689, 0.037536148176, 0.87042624573, 0.0793799134],
      [0.0031536505256, 0.55310883136, 0.38303748757, 0.060700030541],
      [0.40558134668, 0.5095767081, 0.062590405605, 0.022251539622],
      [0.00093392402297, 0.17015898387, 0.35613903944, 0.47276805267],
      [0.0016380289551, 0.31639396359, 0.43346212292, 0.24850588453]
    ],
    [
      [0.0060812532468, 0.37827518804, 0.2737416773, 0.34190188142],
      [0.021718831769, 0.038209346717, 0.88815392376, 0.051917897752],
      [0.007205480826, 0.56008401489, 0.39179718995, 0.040913314337],
      [0.46912699959, 0.4608240278, 0.057144719001, 0.012904253613],
      [0.0014579020956, 0.19814318869, 0.42523775574, 0.37516115348],
      [0.0025929317168, 0.33996445656, 0.47677282551, 0.18066978622]
    ],
    [
      [0.0041354110169, 0.30843878444, 0.18927140818, 0.49815439637],
      [0.017023124598, 0.051226811633, 0.82197216928, 0.10977789449],
      [0.0053407177416, 0.58082003125, 0.33482292345, 0.079016327557],
      [0.42013367722, 0.50142426713, 0.051617411636, 0.026824644012],
      [0.0011612010665, 0.16188448083, 0.29283646104, 0.54411785706],
      [0.0020525340599, 0.31800460009, 0.37700431251, 0.30293855334]
    ],
    [
      [0.0047886990635, 0.26847484472, 0.23340257695, 0.49333387926],
      [0.014716824458, 0.018371043648, 0.87770667862, 0.089205453275],
      [0.0042106124774, 0.49485874437, 0.4243186614, 0.07661198176],
      [0.49326129173, 0.4169513719, 0.06494257758, 0.024844758794],
      [0.0010908751045, 0.13482158884, 0.34585701529, 0.51823052077],
      [0.0020051244606, 0.26515800752, 0.44599941234, 0.28683745567]
    ],
    [
      [0.0036790705731, 0.24492582592, 0.18265653057, 0.56873857293],
      [0.013792489023, 0.029588923105, 0.82218404116, 0.13443454671],
      [0.0037030791388, 0.51656894509, 0.37473846578, 0.10498950999],
      [0.44784356091, 0.45750698866, 0.058916790419, 0.035732660013],
      [0.00082265162744, 0.12392411497, 0.27369240207, 0.60156083133],
      [0.0016506774368, 0.26140567403, 0.37757817102, 0.35936547751]
    ],
    [
      [0.0018711967064, 0.29709236828, 0.16862937033, 0.53240706468],
      [0.0080923237894, 0.053100606342, 0.8072571179, 0.13154995197],
      [1.5600235345e-05, 0.58904358587, 0.31755696557, 0.093383848327],
      [0.34552007338, 0.56578219311, 0.054241776304, 0.034455957206],
      [0.00047433100314, 0.15404802452, 0.26532668371, 0.58015096077],
      [0.00083518920234, 0.31407753006, 0.35256996759, 0.33251731315]
    ]
  ],
  "expected_outcome": [
    [
      [0.0088950286703, 6.162975822e-33, 0.1709427594, 0.087651652388, 0.13342838632, 0.089165122131, 0.044170559184, 0.1596110738, 0, 0.0705072845, 0.063863770377, 0.092070261943, 0.05992729734, 0.23752197493, 0.16684342505, 0.0186848163, 0, 0, 0.0038391866925, 0.0048390833124, 0.061461831744, 0.15264811577, 0.24790048226, 0.34490736922, 0.06038876879, 0.26193335516, 0.2198486066, 0.098024223708, 0.15888252024, 0.21692502837, 0.042568772727, 0.18609349576, 0.057464388763, 0.36422798674, 0.046779917659],
      [0.8346727426, 0, 11.8137113661, 7.0702312601, 11.6712609052, 7.9539234344, 3.451739622, 9.647722736, 0.060629656537, 6.4976768214, 3.9339720599, 6.1518521212, 4.8682266688, 14.3446824241, 9.2735070938, 1.3997922672, 0.63265794975, 0.80055312745, 0.14197028782, 0.24174865241, 5.0566087835, 10.9628077287, 16.9510041063, 21.6102563444, 9.6418398363, 25.5750284409, 20.9581144978, 8.850219725, 13.6440487045, 17.7099462327, 2.6479263163, 13.8797452996, 3.2216981367, 24.2476567661, 7.427309207],
      [0.53921373639, 0.38388202336, 7.7624992228, 4.5065468722, 7.3880636509, 5.5987441888, 2.9950869077, 6.5625821215, 0.49509790631, 4.4691082985, 3.6401106232, 4.5146775836, 3.5436455485, 10.2187469649, 5.6296281312, 0.83180487824, 0.3290308965, 0.57868550216, 0.13837731444, 0.32980257408, 3.3399001672, 7.9482944975, 12.8795669301, 13.7020896583, 6.3594875109, 16.9400644535, 14.8525336942, 5.742194104, 8.7318952829, 12.5290205285, 1.9161917411, 8.5172133682, 2.8008309234, 18.0829965266, 4.2157342583],
      [1.6172184923, 1.6161179766, 15.2528466517, 12.3355702153, 19.8072470576, 13.3581672547, 7.509002911, 17.6300840687, 4.4442724372, 8.9627075956, 8.3620535465, 11.2414000332, 9.5282004853, 26.199048636, 17.9300213499, 2.7497180382, 1.0383111537, 1.6207613704, 0.71581321105, 1.4236096902, 11.5420292176, 18.936249658, 27.9215284814, 34.342746628, 16.938283884, 40.2229737504, 32.9695032014, 13.3095619472, 21.4651734924, 23.5441082105, 2.3933131699, 22.4169478365, 5.9200065512, 56.3051187206, 13.3101766171]
    ],
    [
      [0.98648176819, 0, 14.9665894754, 5.1744635775, 7.033182146, 6.6814588176, 2.1060920982, 13.4939267466, 0, 6.2545562312, 3.0211731309, 8.0001912193, 4.0627861063, 12.2740411718, 14.6593643455, 1.5178277885, 0, 0, 0.41513158958, 0.0027792341916, 3.9091364347, 9.3742798517, 6.7461291757, 8.5807301399, 1.9989382332, 11.2276456279, 8.2307203462, 7.2449178246, 10.3443109806, 10.8223272495, 3.9311085501, 11.0990772382, 2.796196647, 20.343921309, 0.72021681726],
      [4.6571942501, 0, 37.1258209072, 17.1847961959, 26.1867578676, 22.8431643855, 4.4140773115, 27.9537300703, 0, 22.7412964478, 3.723811898, 17.3308791101, 11.8714823845, 24.0262813236, 29.5319122794, 4.9083101917, 1.244775573, 1.7268036118, 0.15252788436, 0.085008546525, 13.1147376577, 22.6443965281, 14.1493953647, 21.2952467923, 16.5701877143, 46.9344971055, 30.6487225012, 27.8311277468, 37.0339340807, 32.0934066902, 6.9158917557, 33.3998811849, 3.4904982932, 43.64366158, 4.7259539644],
      [90.5383851223, 6.231386553, 682.4644017771, 306.6516041833, 460.5415427008, 543.5952528532, 228.0138909653, 579.2943093511, 28.9829596749, 504.4618246134, 237.8542986495, 450.4178608692, 317.5749597349, 565.5333481884, 451.1848214816, 73.9723230929, 16.3778852423, 56.4206448764, 19.3982535043, 17.2701530766, 269.5473572136, 574.5232472608, 408.9445623722, 368.9349706532, 347.7846524077, 936.8975307168, 744.8462588485, 516.1398476553, 661.5346840367, 744.2144401029, 160.755860201, 535.9258543708, 166.7642689375, 1212.721460715, 71.845883493],
      [13.8179388595, 1.768613447, 65.4431878403, 42.9891360433, 63.2385172856, 64.8801239437, 28.465939625, 79.258033832, 15.0170403251, 49.5423227076, 26.4007163216, 56.2510688014, 43.4907717743, 73.1663293162, 74.6239018935, 12.6015389269, 2.3773391847, 7.8525515118, 5.0340870217, 3.6420591427, 49.428768694, 68.4580763594, 43.1599130874, 46.1890524147, 47.6462216448, 111.9403265499, 82.2742983041, 59.7841067732, 82.087070902, 67.8698259574, 9.3971394931, 71.5751872061, 16.9490361223, 198.290956396, 11.7079457253]
    ],
    [
      [0.083924877801, 0, 2.4973398574, 0.88202961472, 0.98488409463, 0.72758813664, 0.20043949338, 2.1732325198, 0, 0.63074419515, 0.30414587091, 0.84403361829, 0.50278841395, 1.875582516, 3.0806759947, 0.22477752186, 0, 0, 0.087805660617, 0.010702296086, 0.48610141131, 1.3786032696, 1.1707569683, 2.0902388307, 0.033543183088, 1.4980984617, 1.0051675182, 1.2289954171, 1.7827898308, 2.1066385511, 0.69893164012, 2.9000097337, 0.33263838571, 2.1625982171, 0.0012480188276],
      [28.509867799, 0.21567899094, 254.1809785333, 141.7185343021, 184.4351024246, 158.6548004309, 47.40094797, 209.6358075615, 2.6413447159, 134.628581653, 44.7670060221, 109.6491555497, 110.7893159597, 188.980160566, 199.0444750022, 30.0347173779, 5.6209575817, 15.4641175026, 8.65237296, 1.4693167563, 103.7442500316, 201.3119107528, 158.5389576999, 189.232288532, 146.7006510103, 449.9328529592, 327.5569843554, 265.1393307357, 313.5370040249, 369.4766993484, 54.3281494444, 315.3852769711, 39.093840805, 301.6762639336, 47.1234868693],
      [17.7125452278, 0.5515458716, 160.1768593346, 86.2049592757, 111.7481292072, 108.8724434655, 40.5435563622, 137.3627552831, 25.4869165695, 90.0950533489, 40.8422332614, 78.3765913693, 78.9319336881, 130.6148145743, 112.9453753358, 16.7388669526, 2.6859832181, 10.9000436001, 8.433193481, 1.8619133663, 65.8587795889, 142.6126050828, 118.4068939748, 114.4616804553, 93.8731541715, 288.3965487713, 227.6490555504, 165.1616305863, 191.9258019474, 255.869041699, 38.0043274248, 181.8088474319, 33.5211742503, 218.8472640148, 25.4045572457],
      [4.6936620954, 0.23277513746, 27.1448222748, 21.1944768075, 26.8318842735, 22.7451679669, 8.8550561744, 32.8282046356, 22.8717387145, 15.645620803, 8.0866148456, 17.1302194627, 18.7759619383, 29.5294423438, 32.9294736673, 5.0016381477, 0.69305920015, 2.6358388973, 3.8266278984, 0.65806758132, 20.9108689682, 29.6968808948, 21.883391357, 25.2157921819, 22.3926516351, 60.1724998078, 43.7887925761, 33.4700432608, 41.754404197, 40.5476204015, 3.9685914907, 42.9058658633, 6.052346559, 61.3138738346, 7.4707078662]
    ],
    [
      [6.9044665078, 0, 40.1364329817, 14.7434817404, 27.7335603045, 17.382491201, 7.615828583, 25.899438444, 1, 15.9556246935, 8.5398446847, 22.9239731698, 14.3106398134, 30.3927173546, 38.8834694961, 5.2214851276, 0, 0, 2.48416401, 1.9816010954, 17.4824026318, 44.9665408718, 33.7092592416, 26.8648982695, 9.8701775725, 55.796748897, 38.3990438609, 35.2719050895, 40.5036985645, 33.6632517742, 18.295952984, 44.5341697858, 15.7843613352, 52.845540187, 6.2193613208],
      [9.4497346193, 0.78432100906, 44.0589911087, 18.21393021, 37.152956322, 23.4519066947, 8.4911967789, 24.7118568028, 0.1632095564, 22.3638506028, 7.6832235129, 23.6357765082, 17.3647946217, 29.2406096543, 36.180866149, 5.8279417245, 0, 1.6831212719, 1.1373435027, 0.72117960823, 21.4450394042, 49.8767007218, 35.6247205504, 28.5538944506, 21.4341098429, 81.6099036296, 54.1087379985, 48.866708841, 53.804526309, 42.294866772, 17.9721370841, 53.1509723155, 13.3424439008, 53.9858246621, 10.184079476],
      [1.0415175984, 0.76347598692, 4.948445183, 1.9845685829, 4.0102593146, 2.8588351817, 1.2830369259, 2.8858552191, 0.48464801245, 2.6634503834, 1.2405233887, 3.0081238842, 2.1928002249, 3.592926147, 3.5980704878, 0.57345967183, 0, 0.20770086674, 0.19232905532, 0.1675831649, 2.4148516901, 6.3028723168, 4.7526091218, 3.083291486, 2.4398531702, 9.332198757, 6.6737389225, 5.4382713964, 5.8856803729, 5.1950036652, 2.228644041, 5.4714456334, 2.0781624826, 6.9521812694, 0.97635197348],
      [0.60428127455, 0.45220300402, 1.8561307266, 1.0580194667, 2.1032240589, 1.3067669226, 0.60993771226, 1.5028495342, 0.35214243114, 1.0170743203, 0.53640841381, 1.4321264377, 1.13176534, 1.7737468441, 2.3375938671, 0.3771134761, 0, 0.1091778614, 0.18616343192, 0.12963613145, 1.6577062739, 2.8538860896, 1.9134110862, 1.497915794, 1.2558594144, 4.2611487163, 2.818479218, 2.4231146731, 2.8060947537, 1.8468777886, 0.5032658909, 2.8434122653, 0.7950322814, 4.2164538816, 0.62020722971]
    ],
    [
      [0.0028750658592, 0, 0.041272588902, 0.025865907766, 0.03437954915, 0.041892376763, 0.0093712516586, 0.04807735919, 0, 0.019824321452, 0.013364251071, 0.022531845274, 0.015146543738, 0.030440227915, 0.045478622467, 0.0065987574087, 0, 0, 0.00078622078936, 7.8290988097e-05, 0.012323169004, 0.032486303821, 0.034733030213, 0.045062649949, 0.0082329377366, 0.045376369844, 0.024615611665, 0.038894580503, 0.039894883513, 0.040158732988, 0.0029158041912, 0.083606476788, 0.0032726253135, 0.062521523686, 0.0023716550157],
      [0.71578667343, 0, 5.84222475, 4.5921519482, 6.8545765542, 9.8394304781, 2.2048238601, 5.8482522573, 0.021501395913, 4.2192200005, 2.0668222083, 3.2840488973, 3.0299151407, 3.8937671449, 4.5302665021, 1.0179116679, 0.1632117175, 0.26952760355, 0.068075905995, 0.056060915993, 2.4562493934, 5.1739297902, 5.2266925508, 5.6298470503, 4.6776004843, 10.7218503237, 5.4804659218, 8.2511273479, 7.6023309442, 7.3168363063, 0.39628637737, 11.6556826198, 0.40446476651, 9.4182327381, 0.77024012258],
      [1.3727420791, 0, 11.3616546911, 8.657949793, 12.8347737184, 20.5409045548, 5.6964145972, 11.7760867933, 0.68066433147, 8.5933347388, 5.685403728, 7.139832304, 6.538982438, 8.2125943132, 8.1482725581, 1.792116881, 0.25982160938, 0.5804986596, 0.19971273403, 0.23179999088, 4.8088790801, 11.1061569784, 11.7294922274, 10.6171182754, 9.1355978594, 21.0124658389, 11.4793048613, 15.8217612567, 14.3923936432, 15.3139786958, 0.85047551148, 21.0842251951, 1.0375710459, 20.8006225575, 1.3266334186],
      [2.9085961816, 0, 15.7548479701, 16.724032351, 24.2762701783, 34.5777725903, 10.089390291, 22.3275835902, 4.2978342726, 12.1676209393, 9.2344098126, 12.5535869534, 12.4159558776, 14.863198314, 18.2759823173, 4.1833726937, 0.57696667311, 1.1499737368, 0.73142513919, 0.71206080214, 11.7225483575, 18.6874269276, 18.0090821916, 18.7079720244, 17.1785687186, 35.2203074676, 18.0156136052, 25.8882168149, 24.9653805292, 20.3290262649, 0.75032230696, 39.1764857083, 1.5546915623, 45.7186231808, 2.9007548038]
    ],
    [
      [0.01335675172, 0, 0.1874223372, 0.086507507158, 0.080565519429, 0.077404345823, 0.02409801462, 0.22571385667, 0, 0.068743274232, 0.057608292103, 0.11719988533, 0.04871182522, 0.18969675477, 0.16416811619, 0.010625988301, 0, 0, 0.0082733323124, 0, 0.048574521419, 0.095441587383, 0.091221101968, 0.074162740771, 0.028719304628, 0.17019728843, 0.12060405639, 0.11726286456, 0.17042322034, 0.15069866387, 0.028522248885, 0.19704326975, 0.026066617987, 0.22119077654, 0.010022270428],
      [3.8327439156, 0, 26.9782733347, 16.2203560838, 16.6993459263, 17.2567745764, 5.0372144574, 28.2026305721, 0.1133146752, 15.5493744745, 9.8251642988, 17.9482878134, 10.0762652247, 24.5144988871, 17.4389729734, 1.8113267708, 0.338397178, 3.0558768828, 0.84770945911, 0.42668552057, 10.1831147295, 16.0302544783, 14.5092297279, 10.6784668304, 15.9756111119, 43.2258675411, 30.2469747253, 26.0614856035, 34.3781559369, 29.1082446505, 3.7396090222, 30.5284416091, 3.4470540978, 35.0283603201, 3.7689303607],
      [4.795596236, 2.0697095652, 34.2861397916, 19.9943712928, 20.4772314081, 23.5338197561, 8.4680142416, 37.1184112318, 1.8697135053, 20.7172286171, 17.7374303492, 25.5429139897, 14.2176783656, 33.8275698123, 20.4938320055, 2.0914285235, 0.34727903369, 4.3124264949, 1.6381339109, 1.1387478272, 13.0302322602, 22.5068238637, 21.2868753737, 13.2008494718, 20.4072548804, 55.4211914625, 41.4991081231, 32.6962950013, 42.529544717, 39.8785153085, 5.2445010806, 36.1924140007, 5.7979923605, 50.5954749168, 4.230839611],
      [4.3583030967, 2.9302904348, 20.5481645366, 16.6987651162, 16.7428571461, 17.1320013217, 6.4706732864, 30.4532443394, 5.0169718195, 12.6646536342, 12.3797970599, 19.3915983116, 11.6573445845, 26.4682345458, 19.9030269049, 2.0866187174, 0.31432378831, 3.6316966223, 2.5058832977, 1.4345666522, 13.7380784889, 16.3674800706, 14.1126737964, 10.046520957, 16.5884147031, 40.182743708, 28.1333130952, 23.1249565307, 31.9218761258, 22.8625413772, 1.9873676484, 29.0821011204, 3.7288869238, 48.1549739866, 3.9902077578]
    ]
  ],
  "prob": [
    [0.0037771532621, 0.29123414152, 0.20078131469, 0.50420739053],
    [0.013724878934, 0.038539513327, 0.84092924051, 0.10680636723],
    [0.0036233533176, 0.55002891121, 0.36491333422, 0.081434401254],
    [0.41716300695, 0.49562684844, 0.058975601532, 0.028234543084],
    [0.0008765226204, 0.15094476088, 0.30548344218, 0.54269527432],
    [0.0016516721535, 0.29686890679, 0.39681928966, 0.30466013139]
  ],
  "iterations": 147,
  "logLik": -420.9450774983,
  "time": 0.001041,
  "message": "Converged",
  "status": 0,
  "miniter": 0,
  "maxiter": 1000,
  "maxtime": 3600,
  "param_threshold": 0.001,
  "ll_threshold": "-Inf",
  "initial_prob": "random",
  "adjust_prob_cond_method": "project_lp",
  "adjust_prob_cond_every": false,
  "candidates_id": ["DAVIS, Moetu Tipene.c", "HENARE, Raymond Tau.c", "CARTER, Christopher Joseph.c", "Other candidates votes.c"],
  "group_id": ["Green Party.p", "Labour Party.p", "National Party.p", "New Zealand First Party.p", "United Future New Zealand.p", "Other parties votes.p"]
}
