{
  "X": [
    [15, 9, 0, 1, 0],
    [11, 6, 1, 1, 3],
    [9, 2, 1, 2, 2],
    [17, 11, 2, 5, 12],
    [3, 2, 1, 0, 2],
    [6, 3, 0, 0, 0],
    [9, 4, 0, 0, 1],
    [9, 5, 2, 1, 1],
    [4, 0, 2, 2, 0],
    [8, 10, 4, 2, 4],
    [15, 5, 2, 4, 1],
    [2, 1, 1, 3, 2],
    [10, 3, 0, 1, 1],
    [8, 1, 2, 1, 5],
    [7, 3, 0, 0, 0],
    [118, 51, 3, 12, 12],
    [152, 119, 8, 15, 13],
    [33, 30, 1, 6, 8],
    [33, 23, 4, 12, 3],
    [31, 11, 5, 5, 5],
    [25, 17, 3, 2, 4],
    [60, 29, 1, 4, 4],
    [66, 48, 4, 14, 31],
    [92, 50, 6, 13, 5],
    [39, 14, 2, 9, 8],
    [49, 37, 1, 7, 15],
    [77, 35, 4, 7, 4],
    [22, 21, 4, 4, 3],
    [40, 24, 2, 5, 13],
    [98, 57, 6, 18, 9],
    [5, 1, 4, 4, 0],
    [29, 36, 7, 2, 9],
    [4, 1, 0, 4, 1],
    [3, 2, 0, 1, 1],
    [13, 23, 3, 0, 4],
    [24, 7, 1, 2, 0],
    [5, 0, 0, 1, 2],
    [22, 25, 0, 4, 5],
    [2, 3, 0, 0, 1],
    [13, 5, 2, 1, 6],
    [7, 5, 1, 3, 1],
    [35, 20, 3, 6, 5],
    [115, 59, 8, 18, 20],
    [7, 1, 1, 0, 0],
    [15, 4, 0, 1, 2],
    [15, 2, 4, 3, 3],
    [15, 10, 2, 4, 3],
    [5, 2, 0, 0, 2],
    [14, 1, 2, 1, 2],
    [13, 7, 2, 1, 4],
    [46, 17, 0, 6, 16],
    [7, 1, 2, 1, 2],
    [18, 8, 1, 4, 3],
    [48, 18, 3, 6, 9],
    [16, 6, 3, 1, 1],
    [9, 7, 2, 3, 2],
    [50, 13, 2, 5, 11],
    [25, 5, 1, 3, 3],
    [15, 5, 4, 5, 3],
    [8, 5, 1, 0, 4],
    [6, 6, 2, 4, 4],
    [37, 13, 7, 11, 14],
    [2, 0, 0, 0, 4],
    [12, 7, 2, 2, 4],
    [6, 3, 2, 1, 3],
    [15, 6, 2, 4, 7],
    [41, 19, 6, 7, 8],
    [60, 27, 3, 12, 6],
    [9, 8, 1, 4, 3],
    [54, 20, 1, 2, 7],
    [45, 22, 3, 2, 5],
    [133, 51, 3, 6, 16],
    [10, 9, 2, 1, 3],
    [149, 104, 4, 11, 15],
    [49, 16, 3, 1, 5],
    [37, 15, 1, 2, 2],
    [76, 41, 2, 8, 13],
    [67, 28, 2, 5, 9],
    [24, 17, 2, 2, 3],
    [27, 8, 8, 2, 1],
    [28, 9, 2, 0, 2],
    [19, 15, 0, 0, 13],
    [23, 13, 0, 2, 5],
    [22, 8, 2, 0, 7],
    [40, 16, 3, 4, 7],
    [43, 28, 2, 4, 8],
    [28, 11, 3, 2, 1],
    [116, 63, 3, 3, 14],
    [11, 1, 2, 2, 2],
    [21, 10, 3, 3, 3],
    [9, 6, 0, 0, 0],
    [20, 10, 5, 3, 0],
    [19, 7, 5, 5, 3],
    [68, 34, 5, 5, 5],
    [3, 5, 6, 3, 1],
    [17, 12, 4, 1, 2],
    [92, 35, 5, 15, 17],
    [82, 19, 5, 13, 4],
    [24, 12, 4, 9, 2],
    [67, 27, 2, 4, 13],
    [143, 70, 7, 14, 17],
    [107, 56, 5, 7, 13],
    [49, 19, 2, 6, 7],
    [41, 39, 2, 3, 4],
    [41, 15, 6, 4, 6],
    [17, 10, 1, 1, 2],
    [43, 17, 5, 3, 4],
    [39, 20, 3, 4, 12],
    [2, 4, 1, 2, 2],
    [59, 25, 5, 6, 6],
    [59, 36, 4, 7, 5],
    [90, 38, 2, 11, 13],
    [61, 32, 1, 11, 13],
    [109, 36, 0, 2, 8],
    [144, 45, 5, 7, 16],
    [99, 45, 0, 11, 18],
    [40, 18, 5, 10, 8],
    [31, 10, 1, 4, 0],
    [3, 0, 3, 2, 1],
    [48, 14, 1, 6, 2],
    [79, 25, 3, 2, 7],
    [33, 14, 3, 2, 6],
    [10, 7, 5, 2, 5],
    [76, 56, 16, 59, 14],
    [42, 19, 1, 3, 5],
    [63, 34, 4, 4, 13],
    [20, 9, 4, 3, 4],
    [11, 3, 2, 2, 2],
    [17, 7, 5, 2, 3],
    [52, 17, 3, 5, 6],
    [24, 10, 3, 3, 2],
    [1, 3, 3, 1, 2],
    [17, 2, 1, 2, 1],
    [5, 1, 1, 3, 0],
    [26, 8, 1, 1, 5],
    [32, 19, 2, 2, 4],
    [79, 23, 1, 3, 6],
    [30, 6, 1, 0, 3],
    [64, 13, 2, 2, 10],
    [38, 11, 1, 1, 6],
    [96, 30, 1, 2, 13],
    [253, 85, 4, 7, 14],
    [4, 2, 2, 0, 1],
    [6, 0, 0, 0, 0],
    [17, 9, 0, 5, 4],
    [31, 10, 3, 2, 7],
    [39, 7, 4, 10, 6],
    [20, 8, 1, 1, 2],
    [34, 8, 4, 3, 5],
    [64, 22, 1, 1, 5],
    [30, 8, 6, 2, 3],
    [15, 8, 1, 0, 2],
    [169, 48, 3, 14, 14],
    [227, 66, 1, 7, 19],
    [143, 33, 2, 7, 17],
    [10, 6, 2, 1, 6],
    [10, 6, 0, 1, 0],
    [6, 7, 0, 0, 0],
    [4, 2, 1, 2, 1],
    [15, 2, 1, 3, 0],
    [3, 1, 2, 0, 0],
    [39, 9, 0, 4, 8],
    [16, 1, 0, 2, 1],
    [16, 1, 2, 1, 2],
    [40, 10, 3, 8, 9],
    [8, 6, 2, 2, 1],
    [24, 4, 0, 0, 3],
    [66, 22, 2, 0, 5],
    [5, 0, 2, 0, 0],
    [4, 0, 2, 1, 2],
    [2, 5, 0, 1, 0],
    [3, 0, 1, 1, 1],
    [7, 1, 0, 0, 1],
    [2, 2, 1, 1, 0],
    [10, 5, 2, 2, 2],
    [13, 8, 5, 2, 0],
    [8, 1, 3, 2, 3],
    [8, 6, 1, 0, 1],
    [38, 15, 6, 7, 4],
    [15, 6, 3, 2, 1],
    [8, 3, 2, 1, 0],
    [4, 2, 4, 1, 0],
    [14, 17, 4, 6, 1],
    [14, 7, 2, 1, 5],
    [7, 5, 1, 2, 1],
    [5, 3, 0, 2, 1],
    [14, 6, 1, 4, 8],
    [5, 1, 2, 0, 1],
    [5, 0, 0, 2, 0],
    [21, 9, 1, 3, 2],
    [6, 5, 0, 0, 1],
    [8, 4, 1, 3, 1],
    [5, 0, 0, 1, 0],
    [12, 8, 0, 0, 1],
    [7, 3, 9, 1, 2],
    [21, 12, 4, 0, 0],
    [13, 17, 0, 2, 2],
    [10, 1, 4, 0, 0],
    [21, 6, 2, 3, 1],
    [47, 28, 8, 10, 8],
    [194, 142, 4, 16, 21],
    [19, 5, 7, 2, 2],
    [23, 8, 2, 2, 1],
    [7, 4, 1, 2, 1],
    [96, 85, 4, 6, 24],
    [4, 8, 4, 0, 1],
    [16, 7, 1, 3, 2],
    [12, 1, 0, 2, 0],
    [37, 17, 3, 1, 7],
    [21, 19, 0, 1, 5],
    [7, 8, 1, 4, 4],
    [71, 28, 2, 7, 10],
    [68, 33, 4, 12, 7],
    [9, 4, 5, 2, 0],
    [6, 6, 0, 0, 1],
    [1, 0, 0, 2, 3],
    [3, 2, 0, 1, 0],
    [5, 4, 0, 3, 2],
    [50, 48, 7, 7, 6],
    [15, 21, 5, 6, 4],
    [34, 29, 10, 7, 6],
    [5, 4, 1, 2, 1],
    [4, 2, 1, 0, 1],
    [12, 3, 1, 1, 1],
    [3, 6, 2, 3, 0],
    [6, 3, 2, 2, 0],
    [52, 23, 3, 5, 10],
    [98, 64, 3, 11, 16],
    [4, 1, 1, 0, 0],
    [4, 1, 2, 0, 0],
    [12, 8, 0, 0, 1],
    [4, 6, 0, 1, 1],
    [5, 4, 1, 0, 2],
    [6, 1, 1, 1, 1],
    [17, 11, 1, 1, 2],
    [2, 1, 1, 1, 2],
    [92, 42, 10, 16, 5],
    [42, 28, 3, 5, 6],
    [8, 6, 1, 1, 0],
    [42, 18, 5, 6, 6],
    [14, 8, 4, 2, 2],
    [5, 3, 1, 0, 0],
    [11, 6, 2, 1, 0],
    [29, 18, 2, 1, 1],
    [3, 1, 0, 1, 1],
    [26, 19, 7, 7, 5],
    [38, 22, 3, 2, 9],
    [53, 24, 3, 3, 12],
    [28, 13, 7, 8, 3],
    [48, 42, 6, 6, 10],
    [3, 0, 4, 0, 1],
    [98, 45, 2, 3, 10],
    [85, 50, 2, 6, 8],
    [25, 10, 0, 3, 3],
    [80, 27, 4, 4, 5],
    [8, 3, 2, 0, 1],
    [3, 0, 0, 2, 1],
    [16, 14, 0, 1, 2],
    [2, 1, 0, 2, 2],
    [83, 29, 27, 16, 21],
    [42, 13, 3, 3, 3],
    [387, 253, 32, 46, 61],
    [80, 78, 4, 3, 17],
    [871, 500, 54, 102, 143],
    [31, 12, 8, 2, 9]
  ],
  "W": [
    [0, 2, 19, 3, 1],
    [0, 0, 11, 11, 0],
    [1, 0, 6, 9, 0],
    [0, 4, 25, 18, 0],
    [1, 0, 5, 2, 0],
    [0, 0, 5, 4, 0],
    [0, 0, 7, 7, 0],
    [1, 0, 8, 8, 1],
    [1, 1, 1, 4, 1],
    [1, 4, 15, 8, 0],
    [1, 0, 9, 15, 2],
    [0, 1, 5, 2, 1],
    [0, 0, 5, 9, 1],
    [1, 5, 2, 9, 0],
    [0, 0, 5, 4, 1],
    [1, 11, 88, 90, 6],
    [3, 5, 171, 120, 8],
    [1, 8, 37, 29, 3],
    [4, 4, 34, 32, 1],
    [0, 3, 14, 40, 0],
    [0, 1, 24, 26, 0],
    [0, 1, 39, 53, 5],
    [4, 10, 71, 65, 13],
    [5, 6, 76, 78, 1],
    [2, 0, 31, 31, 8],
    [0, 4, 60, 38, 7],
    [1, 3, 65, 54, 4],
    [1, 1, 29, 22, 1],
    [0, 3, 43, 33, 5],
    [3, 2, 85, 94, 4],
    [2, 0, 0, 11, 1],
    [0, 3, 40, 38, 2],
    [0, 0, 5, 5, 0],
    [0, 1, 2, 4, 0],
    [0, 1, 28, 13, 1],
    [0, 1, 12, 21, 0],
    [0, 2, 2, 4, 0],
    [0, 3, 30, 22, 1],
    [0, 0, 3, 2, 1],
    [1, 0, 12, 11, 3],
    [0, 0, 7, 10, 0],
    [1, 3, 27, 36, 2],
    [2, 6, 90, 106, 16],
    [0, 0, 1, 8, 0],
    [0, 0, 4, 18, 0],
    [2, 0, 6, 18, 1],
    [1, 1, 15, 16, 1],
    [0, 1, 2, 6, 0],
    [0, 0, 6, 13, 1],
    [1, 5, 9, 12, 0],
    [2, 5, 28, 47, 3],
    [1, 0, 4, 8, 0],
    [0, 0, 13, 18, 3],
    [1, 5, 32, 42, 4],
    [1, 0, 7, 18, 1],
    [2, 1, 10, 10, 0],
    [2, 1, 27, 49, 2],
    [2, 1, 7, 24, 3],
    [2, 0, 12, 18, 0],
    [0, 0, 9, 7, 2],
    [1, 1, 11, 8, 1],
    [2, 1, 24, 52, 3],
    [0, 0, 0, 5, 1],
    [1, 0, 11, 14, 1],
    [0, 0, 5, 9, 1],
    [0, 3, 14, 16, 1],
    [2, 9, 25, 43, 2],
    [1, 5, 36, 66, 0],
    [0, 2, 10, 13, 0],
    [2, 4, 29, 48, 1],
    [0, 2, 37, 37, 1],
    [2, 10, 75, 117, 5],
    [1, 1, 10, 13, 0],
    [1, 4, 147, 123, 8],
    [0, 2, 31, 39, 2],
    [0, 1, 23, 32, 1],
    [1, 10, 55, 66, 8],
    [1, 6, 47, 53, 4],
    [0, 2, 21, 23, 2],
    [5, 1, 16, 22, 2],
    [1, 0, 13, 27, 0],
    [0, 2, 25, 19, 1],
    [1, 0, 20, 19, 3],
    [0, 2, 12, 23, 2],
    [0, 1, 31, 34, 4],
    [2, 3, 42, 36, 2],
    [1, 0, 17, 26, 1],
    [3, 0, 125, 69, 2],
    [1, 2, 3, 12, 0],
    [2, 0, 14, 21, 3],
    [0, 0, 7, 8, 0],
    [2, 1, 16, 18, 1],
    [1, 2, 15, 20, 1],
    [2, 2, 52, 58, 3],
    [4, 3, 3, 7, 1],
    [3, 0, 13, 17, 3],
    [2, 11, 61, 88, 2],
    [4, 5, 40, 71, 3],
    [0, 6, 29, 15, 1],
    [4, 1, 51, 50, 7],
    [1, 4, 116, 121, 9],
    [2, 5, 88, 93, 0],
    [1, 5, 29, 47, 1],
    [3, 0, 45, 38, 3],
    [4, 1, 30, 36, 1],
    [0, 1, 14, 16, 0],
    [0, 2, 33, 35, 2],
    [1, 2, 34, 36, 5],
    [0, 0, 8, 3, 0],
    [3, 2, 48, 46, 2],
    [2, 4, 49, 55, 1],
    [3, 2, 68, 76, 5],
    [1, 4, 55, 53, 5],
    [1, 1, 63, 87, 3],
    [1, 2, 91, 119, 4],
    [0, 8, 79, 78, 8],
    [1, 8, 34, 38, 0],
    [2, 0, 22, 22, 0],
    [1, 2, 1, 5, 0],
    [3, 3, 29, 34, 2],
    [1, 2, 49, 59, 5],
    [1, 2, 24, 26, 5],
    [2, 5, 9, 12, 1],
    [6, 15, 126, 70, 4],
    [0, 4, 33, 33, 0],
    [4, 4, 45, 61, 4],
    [1, 1, 15, 20, 3],
    [0, 3, 6, 11, 0],
    [2, 0, 8, 22, 2],
    [2, 2, 26, 52, 1],
    [0, 1, 16, 25, 0],
    [0, 0, 5, 5, 0],
    [1, 1, 4, 16, 1],
    [1, 1, 1, 7, 0],
    [1, 0, 20, 16, 4],
    [1, 4, 29, 24, 1],
    [3, 1, 29, 74, 5],
    [1, 3, 10, 25, 1],
    [1, 3, 17, 67, 3],
    [0, 1, 7, 47, 2],
    [0, 2, 32, 106, 2],
    [1, 3, 87, 268, 4],
    [1, 1, 4, 3, 0],
    [0, 0, 0, 6, 0],
    [2, 2, 13, 17, 1],
    [3, 0, 16, 29, 5],
    [1, 2, 19, 43, 1],
    [0, 0, 10, 20, 2],
    [1, 0, 20, 31, 2],
    [1, 2, 35, 53, 2],
    [3, 0, 14, 31, 1],
    [2, 0, 8, 16, 0],
    [5, 8, 72, 161, 2],
    [0, 3, 72, 238, 7],
    [2, 12, 59, 128, 1],
    [0, 1, 9, 14, 1],
    [0, 0, 11, 6, 0],
    [0, 0, 6, 7, 0],
    [1, 1, 2, 6, 0],
    [0, 0, 8, 13, 0],
    [1, 0, 1, 4, 0],
    [4, 3, 15, 38, 0],
    [0, 1, 3, 15, 1],
    [1, 0, 3, 17, 1],
    [1, 3, 17, 42, 7],
    [0, 0, 8, 10, 1],
    [0, 1, 10, 20, 0],
    [2, 0, 37, 50, 6],
    [0, 2, 0, 5, 0],
    [0, 0, 3, 4, 2],
    [0, 0, 6, 2, 0],
    [1, 0, 3, 1, 1],
    [0, 0, 4, 5, 0],
    [1, 0, 2, 3, 0],
    [0, 0, 13, 8, 0],
    [1, 0, 18, 8, 1],
    [1, 2, 3, 9, 2],
    [0, 1, 9, 5, 1],
    [3, 3, 23, 36, 5],
    [2, 0, 9, 16, 0],
    [0, 1, 5, 7, 1],
    [2, 0, 7, 2, 0],
    [4, 1, 18, 17, 2],
    [0, 3, 10, 16, 0],
    [0, 0, 4, 12, 0],
    [0, 0, 4, 6, 1],
    [0, 7, 5, 18, 3],
    [0, 0, 4, 3, 2],
    [0, 0, 2, 5, 0],
    [1, 0, 10, 25, 0],
    [0, 0, 4, 8, 0],
    [0, 0, 5, 10, 2],
    [0, 1, 1, 4, 0],
    [0, 0, 10, 10, 1],
    [4, 0, 7, 9, 2],
    [0, 1, 13, 21, 2],
    [0, 0, 19, 15, 0],
    [0, 5, 3, 6, 1],
    [1, 0, 10, 21, 1],
    [4, 8, 40, 45, 4],
    [1, 4, 162, 186, 24],
    [2, 2, 14, 17, 0],
    [0, 0, 15, 20, 1],
    [1, 1, 5, 8, 0],
    [1, 2, 145, 61, 6],
    [0, 0, 14, 3, 0],
    [0, 1, 13, 14, 1],
    [0, 0, 2, 12, 1],
    [4, 2, 22, 35, 2],
    [0, 1, 22, 20, 3],
    [0, 0, 12, 11, 1],
    [1, 2, 36, 72, 7],
    [1, 2, 42, 72, 7],
    [2, 0, 7, 11, 0],
    [0, 0, 8, 4, 1],
    [0, 1, 1, 3, 1],
    [0, 0, 3, 3, 0],
    [0, 3, 9, 2, 0],
    [4, 2, 68, 43, 1],
    [2, 3, 28, 10, 8],
    [5, 2, 34, 40, 5],
    [1, 0, 5, 6, 1],
    [0, 0, 5, 2, 1],
    [0, 0, 5, 13, 0],
    [0, 0, 8, 5, 1],
    [1, 0, 9, 3, 0],
    [0, 5, 40, 46, 2],
    [3, 7, 99, 74, 9],
    [0, 0, 3, 3, 0],
    [0, 0, 3, 4, 0],
    [0, 0, 7, 13, 1],
    [0, 0, 7, 5, 0],
    [0, 0, 7, 5, 0],
    [0, 0, 3, 6, 1],
    [1, 0, 12, 17, 2],
    [0, 0, 4, 2, 1],
    [1, 2, 61, 95, 6],
    [0, 0, 39, 44, 1],
    [0, 0, 7, 9, 0],
    [0, 3, 25, 47, 2],
    [0, 1, 14, 13, 2],
    [0, 0, 4, 5, 0],
    [1, 0, 8, 11, 0],
    [0, 0, 18, 32, 1],
    [0, 0, 3, 2, 1],
    [2, 2, 29, 28, 3],
    [1, 6, 36, 29, 2],
    [0, 7, 33, 52, 3],
    [3, 3, 20, 31, 2],
    [3, 4, 53, 46, 6],
    [2, 1, 1, 4, 0],
    [0, 1, 39, 115, 3],
    [0, 4, 51, 91, 5],
    [0, 2, 13, 25, 1],
    [0, 2, 36, 78, 4],
    [0, 1, 6, 7, 0],
    [0, 0, 4, 2, 0],
    [0, 0, 12, 19, 2],
    [0, 0, 3, 3, 1],
    [9, 5, 54, 98, 10],
    [1, 0, 16, 46, 1],
    [7, 29, 340, 373, 30],
    [3, 4, 88, 80, 7],
    [20, 54, 754, 767, 75],
    [2, 5, 22, 32, 1]
  ],
  "method": "mvn_cdf",
  "mvncdf_method": "genz",
  "mvncdf_samples": 5000,
  "mvncdf_error": 0.001,
  "cond_prob": [
    [
      [0.59063656706, 0.010230549137, 0.27884924287, 0.11262634144, 0.0076572994887],
      [0.7783671525, 0.034495182605, 0, 0.1871376649, 0],
      [0.5248431854, 0.44510313534, 0, 0.030053679265, 0],
      [0.93699940808, 0.054185216968, 0, 0.008815374953, 0],
      [0.66024694817, 0.31149441252, 0, 0.028258639315, 0]
    ],
    [
      [0.076715481756, 0.003309425096, 0.84888832902, 0.046125491615, 0.024961272516],
      [0.058866523317, 0.0075845491492, 0.047902136266, 0.061922333765, 0.8237244575],
      [0.2701621127, 0.47083880957, 0.048484241039, 0.056375622919, 0.15413921377],
      [0.7298378873, 0.074615735883, 0.04242484987, 0.03453346799, 0.11858805896],
      [0.089762830775, 0.12662321652, 0.033918226618, 0.016802632742, 0.73289309334]
    ],
    [
      [0.12332457626, 0, 0.57612178365, 0.26762657276, 0.032927067331],
      [0.066285028544, 0.0047017214018, 0.030812739927, 0.2263291161, 0.67187139402],
      [0.34083827208, 0.30675103971, 0.031078356794, 0.16428820454, 0.15704412687],
      [0.75907175458, 0.017721529084, 0.026378675065, 0.082960466664, 0.1138675746],
      [0.10842658459, 0.080828176187, 0.024466590885, 0.051908263105, 0.73437038524]
    ],
    [
      [0.076626953516, 0.0033699038219, 0.64292379695, 0.18606383418, 0.091015511536],
      [0.033065742876, 0.011396738643, 0.027732443696, 0.090702593968, 0.83710248082],
      [0.25919398358, 0.36282164107, 0.04684622438, 0.12897167678, 0.20216647419],
      [0.57710485773, 0.10465955659, 0.039884145318, 0.078494316921, 0.19985712345],
      [0.034511342207, 0.049178733463, 0.019783409985, 0.023946887405, 0.87257962694]
    ],
    [
      [0.07915050436, 0.0061626504741, 0.87648805658, 0, 0.038198788586],
      [0.0060680442288, 0.00072616602173, 0.0019433680435, 7.5503636318e-05, 0.99118691807],
      [0.30305787041, 0.36915448598, 0.01837305886, 0, 0.30941458475],
      [0.70278007179, 0.07403245981, 0.015823324561, 0, 0.20736414384],
      [0.016287575726, 0.018764895797, 0.0038214414788, 0.00045094564904, 0.96067514135]
    ],
    [
      [0.52037597308, 0.015711081643, 0.42426457593, 0.026519363828, 0.01312900552],
      [0.42265022459, 0.036424852298, 0.021344191779, 0.083372575855, 0.43620815548],
      [0.45383222021, 0.54616777979, 0, 0, 0],
      [0.93270972474, 0.067290275263, 0, 0, 0],
      [0.39532006691, 0.3919152217, 0.008485807183, 0.013658979236, 0.19061992497]
    ],
    [
      [0.37705253004, 0.011282657953, 0.52714954503, 0.05769793129, 0.026817335694],
      [0.20802022888, 0.018112412517, 0.021783533495, 0.061485924436, 0.69059790067],
      [0.41648725368, 0.5035890997, 0, 0, 0.079923646623],
      [0.86922703203, 0.067839471732, 0, 0, 0.062933496234],
      [0.26813263255, 0.28269695384, 0.012769204552, 0.01359449212, 0.42280671694]
    ],
    [
      [0.057336654987, 0, 0.89621775163, 0.040848653214, 0.0055969401705],
      [0.16155197756, 0.019987359278, 0.20728655736, 0.19731182599, 0.41386227981],
      [0.297768994, 0.51832804291, 0.067170402006, 0.069809475473, 0.046923085611],
      [0.79352187046, 0.069271214618, 0.055783801121, 0.044734504778, 0.036688609023],
      [0.21233642932, 0.29920593979, 0.12014862335, 0.042799504778, 0.32550950276]
    ],
    [
      [0, 0, 0.92833841746, 0.07166158254, 0],
      [0.08182389592, 0, 0.17624636339, 0.74192974069, 0],
      [0.4981124246, 0, 0.13015070845, 0.37173686695, 0],
      [0.7436062755, 0, 0.11938924537, 0.13700447913, 0],
      [0.44563857749, 0, 0.28770752922, 0.26665389329, 0]
    ],
    [
      [0.023886657906, 0.0018167848458, 0.93685615437, 0.030301193711, 0.0071392091686],
      [0.06319981582, 0.014973838986, 0.28014158567, 0.14586695992, 0.49581779961],
      [0.17537179656, 0.58771179668, 0.078122330968, 0.068541318842, 0.090252756943],
      [0.63659214129, 0.14032636362, 0.096342817306, 0.044763897997, 0.081974779782],
      [0.098395993001, 0.25674605929, 0.18480215077, 0.033892037938, 0.426163759]
    ],
    [
      [0.089100122013, 0.0031528162312, 0.57599842472, 0.32677856848, 0.0049700685484],
      [0.089075952849, 0.0085188927323, 0.078625921352, 0.67314722308, 0.15063200999],
      [0.31312178412, 0.38198836599, 0.050520943748, 0.2273190209, 0.027049885239],
      [0.77664424471, 0.072668718944, 0.05247922082, 0.080355884616, 0.017851930905],
      [0.22157007508, 0.23446055285, 0.091062384622, 0.21100598709, 0.24190100036]
    ],
    [
      [0.0087599510667, 0.00036433504529, 0.74247346975, 0.24239216973, 0.006010074406],
      [0.029535249948, 0.0085305013512, 0.048189242318, 0.72339289204, 0.19035211434],
      [0.20012108028, 0.16831907938, 0.13925262987, 0.29849042652, 0.19381678395],
      [0.45611172701, 0.050709119562, 0.085340718751, 0.27396311619, 0.13387531848],
      [0.057635894641, 0.04845586263, 0.084866170827, 0.23622874296, 0.57281332894]
    ],
    [
      [0.37903897838, 0.010306588419, 0.34161736946, 0.24587608177, 0.023160981977],
      [0.21908677944, 0.017681728455, 0.022429854177, 0.29155903887, 0.44924259906],
      [0.40868488127, 0.45943781641, 0, 0.081688172459, 0.05018912986],
      [0.84984144864, 0.047955484375, 0, 0.059332822461, 0.042870244526],
      [0.30800255588, 0.27121155859, 0, 0.057563735552, 0.36322214997]
    ],
    [
      [0.071229017015, 0.00026984737463, 0.84553887545, 0.060301429824, 0.022660830338],
      [0.056506163072, 0, 0.10002671354, 0.10216662629, 0.7413004971],
      [0.35947134595, 0.34777659259, 0.061260468934, 0.064801379941, 0.16669021259],
      [0.76969971953, 0.033797440827, 0.059089624331, 0.033251408762, 0.10416180655],
      [0.11193520379, 0.079050576936, 0.064216988261, 0.026371935643, 0.71842529537]
    ],
    [
      [0.59138745117, 0.012572040668, 0.3413433174, 0.043845460668, 0.010851730093],
      [0.53667708735, 0.033156040492, 0.027218186931, 0.098719510979, 0.30422917425],
      [0.52578983456, 0.47421016544, 0, 0, 0],
      [0.93311717347, 0.066882826534, 0, 0, 0],
      [0.63858213332, 0.36141786668, 0, 0, 0]
    ],
    [
      [0.30609510892, 0.0093845765826, 0.46627123866, 0.20003398451, 0.01821509132],
      [0.23822791272, 0.022199685521, 0.068276329463, 0.2666744224, 0.4046216499],
      [0.40972533386, 0.47406628269, 0.011439433733, 0.06576005713, 0.03900889259],
      [0.85810848577, 0.080503125766, 0.0059705040553, 0.030489825606, 0.024928058805],
      [0.29796745877, 0.29721744784, 0.039778933968, 0.055929672852, 0.30910648657]
    ],
    [
      [0.2273033902, 0.011904751601, 0.57258161643, 0.17199316632, 0.016217075451],
      [0.20138875677, 0.031507251355, 0.097495191246, 0.26030589255, 0.40930290808],
      [0.30547355222, 0.59013174281, 0.019361554951, 0.05352531501, 0.031507835009],
      [0.80210418934, 0.1232272091, 0.01728051337, 0.030277256443, 0.027110831754],
      [0.22783323686, 0.38836954713, 0.051286461675, 0.049548924804, 0.28296182953]
    ],
    [
      [0.25057412764, 0.017835829668, 0.45807304373, 0.2471399507, 0.026377048272],
      [0.15910174819, 0.032347888784, 0.04927646241, 0.26925599898, 0.49001790163],
      [0.24190448343, 0.65005449483, 0, 0.06078748617, 0.047253535566],
      [0.75849519292, 0.15202538683, 0.0024297897932, 0.041423503256, 0.045626127193],
      [0.17659513499, 0.42087617773, 0.025750450996, 0.049464491577, 0.32731374471]
    ],
    [
      [0.12510991263, 0.0086895253284, 0.43624352568, 0.4206701098, 0.0092869265611],
      [0.10108221546, 0.018730660015, 0.06427747017, 0.59507943407, 0.22083022028],
      [0.25266919488, 0.53836377954, 0.029892991819, 0.15046228414, 0.028611749617],
      [0.72884762066, 0.13248952801, 0.02900420997, 0.082799250849, 0.026859390511],
      [0.18135500042, 0.34628585813, 0.053419575697, 0.17170813645, 0.24723142929]
    ],
    [
      [0.034055472235, 0.0017409809358, 0.89833176386, 0.059990071573, 0.0058817114009],
      [0.076344220894, 0.012049490657, 0.2715412052, 0.24306322331, 0.39700185994],
      [0.24167068043, 0.47703732194, 0.1033324202, 0.10579806928, 0.072161508143],
      [0.68468944528, 0.10713322552, 0.068468062539, 0.069740934003, 0.069968332655],
      [0.12406171237, 0.20907568294, 0.20374103026, 0.064173910732, 0.39894766369]
    ],
    [
      [0.074654709389, 0.0044663771302, 0.8564996024, 0.053206221481, 0.011173089601],
      [0.11352677851, 0.0199798577, 0.17492513489, 0.14413832608, 0.54742990282],
      [0.24502799979, 0.5790439328, 0.0579073092, 0.046038138445, 0.071982619768],
      [0.73099235487, 0.11857560596, 0.055203824781, 0.028882551971, 0.066345662413],
      [0.14859714589, 0.29374080752, 0.10282619841, 0.031172601738, 0.42366324645]
    ],
    [
      [0.29550118309, 0.012241279187, 0.49157148881, 0.18386147084, 0.016824578072],
      [0.2401477003, 0.029832687751, 0.070766967201, 0.25835230958, 0.40090033517],
      [0.35258773612, 0.55431130844, 0.010782070073, 0.052427502363, 0.029891382999],
      [0.84245993739, 0.10374149872, 0.006151837236, 0.027484085105, 0.02016264155],
      [0.27171078183, 0.37074537019, 0.036536985292, 0.048063717545, 0.27294314514]
    ],
    [
      [0.17870767699, 0.010747230703, 0.4742728652, 0.2744880528, 0.061784174306],
      [0.069978310587, 0.013357923361, 0.033432648789, 0.17959155085, 0.70363956641],
      [0.25137883648, 0.52411211207, 0.011078165222, 0.094020871439, 0.11941001479],
      [0.69828009898, 0.12541139722, 0.010569711195, 0.059002881836, 0.10673591077],
      [0.10379095095, 0.18921008212, 0.022692391759, 0.045804852983, 0.63850172219]
    ],
    [
      [0.22716633489, 0.0099160335596, 0.52502233779, 0.22609111157, 0.011804182204],
      [0.20701183498, 0.026833462744, 0.090185417852, 0.3539614068, 0.32200787763],
      [0.33435434832, 0.54237243807, 0.020076841332, 0.081659826956, 0.021536545323],
      [0.81989152689, 0.10515486151, 0.016094685708, 0.044434089023, 0.014424836867],
      [0.25962774613, 0.36703456443, 0.052550377442, 0.073770208887, 0.24701710311]
    ],
    [
      [0.1875026266, 0.004502682669, 0.36685956157, 0.41882754162, 0.022307587539],
      [0.11399080085, 0.0088077840935, 0.040094096842, 0.44411922179, 0.39298809643],
      [0.38041870079, 0.35141599147, 0.018697019055, 0.16758109135, 0.081887197331],
      [0.81026642653, 0.054490372727, 0.013222821204, 0.063572898493, 0.058447481045],
      [0.214219475, 0.17598716805, 0.034595728605, 0.12457140394, 0.45062622441]
    ],
    [
      [0.2402055776, 0.011035067837, 0.47064702865, 0.23225828664, 0.045854039272],
      [0.11360689473, 0.01568796698, 0.039552807732, 0.18718547406, 0.6439668565],
      [0.30205898917, 0.52236211013, 0.0065124494536, 0.073555756313, 0.095510694928],
      [0.77169597815, 0.10386471638, 0.0072990203788, 0.040337723113, 0.07680256198],
      [0.15679798587, 0.23552318596, 0.024811289637, 0.043582749524, 0.53928478901]
    ],
    [
      [0.25354277283, 0.0071532360088, 0.5757023039, 0.15269214298, 0.010909544281],
      [0.26359101597, 0.022230530948, 0.10915482687, 0.2745025614, 0.33052106481],
      [0.42845518345, 0.45728573081, 0.028024132037, 0.06498346007, 0.021251493633],
      [0.86650871451, 0.074051322331, 0.018948774251, 0.029119599071, 0.011371589833],
      [0.32865666787, 0.30095281559, 0.063007705877, 0.056854229615, 0.25052858105]
    ],
    [
      [0.071848515892, 0.0047866139309, 0.81922182612, 0.096002447091, 0.0081405969661],
      [0.11576891136, 0.024558978664, 0.19508139926, 0.27432716537, 0.39026354534],
      [0.21189797201, 0.60530168906, 0.055992289366, 0.081268891504, 0.045539158054],
      [0.70522205038, 0.13877748368, 0.056626215924, 0.055206299482, 0.044167950537],
      [0.15245627599, 0.36380078372, 0.11614363267, 0.058333945311, 0.3092653623]
    ],
    [
      [0.19378216954, 0.0076150841066, 0.5776604077, 0.17450956921, 0.046432769448],
      [0.095699976371, 0.011263994071, 0.048731534174, 0.14689433857, 0.69741015681],
      [0.31815875166, 0.46946592851, 0.02444952233, 0.072405170539, 0.11552062695],
      [0.76778099067, 0.087499309471, 0.019307346964, 0.038335772601, 0.08707658029],
      [0.13906021142, 0.17833917584, 0.033066697494, 0.036162831055, 0.6133710842]
    ],
    [
      [0.16791981505, 0.00831832816, 0.50931646913, 0.29952554365, 0.014919844013],
      [0.13643461315, 0.020134185581, 0.078014417084, 0.41837495553, 0.34704182865],
      [0.28634312984, 0.53063778516, 0.024309581698, 0.11610584948, 0.042603653819],
      [0.76675653571, 0.11199834936, 0.021641404805, 0.063669467925, 0.035934242202],
      [0.2022727339, 0.32568001636, 0.053853815613, 0.10268656686, 0.31550686727]
    ],
    [
      [0.05421354077, 0.012740054099, 0.74980595315, 0.18324045198, 0],
      [0.0012256947827, 0.00012428441686, 0.049906664862, 0.94774201875, 0.0010013371898],
      [0.027995419623, 0.046048497185, 0.10302677965, 0.8192615308, 0.0036677727433],
      [0.43803674618, 0.085717609241, 0.20222885959, 0.27401678498, 0],
      [0.073168710481, 0.031626190154, 0.27587063815, 0.61933446121, 0]
    ],
    [
      [0.033728751595, 0.0040196632141, 0.92581062004, 0.027604368948, 0.0088365962011],
      [0.06760377352, 0.024397971537, 0.27849480648, 0.095230807848, 0.53427264062],
      [0.15449283722, 0.68217262065, 0.062384775289, 0.023651280528, 0.077298486309],
      [0.59072548131, 0.20988243856, 0.088185678653, 0.01915983816, 0.092046563318],
      [0.084953450405, 0.33218429703, 0.1590343901, 0.020091252625, 0.40373660984]
    ],
    [
      [0.0012642754132, 3.8474994756e-05, 2.5466389138e-06, 0.99854458077, 0.00015012218739],
      [0.00036099344774, 3.4338790365e-05, 2.526778361e-05, 0.99918878476, 0.00039061521546],
      [0.35169409987, 0.10494861452, 0, 0.44563058228, 0.097726703333],
      [0.44830590013, 0.095051385485, 0, 0.35436941772, 0.10227329667],
      [0.01579447814, 0.014965297828, 0.0010395032383, 0.88779860481, 0.080402115985]
    ],
    [
      [0.26401678646, 0.017777370626, 0.22723770541, 0.44114937093, 0.049818766578],
      [0.070064214728, 0.012211231967, 0, 0.37833437112, 0.53939018218],
      [0.10932727193, 0.74360543084, 0, 0.088622798558, 0.058444498675],
      [0.67782031035, 0.12514447659, 0, 0.11110500794, 0.085930205117],
      [0.11883223873, 0.36510144562, 0.0071028680498, 0.065827192097, 0.4431362555]
    ],
    [
      [0.044830195537, 0.0050548832103, 0.91897639603, 0.022306832633, 0.00883169259],
      [0.16787632524, 0.030027721242, 0.21982572481, 0, 0.5822702287],
      [0.15317887599, 0.71071789159, 0.062319161074, 0, 0.07378407135],
      [0.64811552394, 0.20649989266, 0.071053403268, 0, 0.074331180132],
      [0.11761333578, 0.38537270979, 0.11154352265, 0, 0.38547043178]
    ],
    [
      [0.23463975349, 0.0063442007716, 0.61584982901, 0.1365172294, 0.006648987327],
      [0.54268515923, 0.023845497682, 0.10513449917, 0.32833484393, 0],
      [0.43907583667, 0.46383963767, 0.028227905672, 0.068856619991, 0],
      [0.86611451432, 0.067146611917, 0.026482411084, 0.040256462676, 0],
      [0.36574510926, 0.33337548679, 0.058034177806, 0.060859433463, 0.18198579268]
    ],
    [
      [0.34683513862, 0.002797685242, 0.37146712956, 0.23019856845, 0.04870147814],
      [0.076950274784, 0, 0, 0.19676341649, 0.72628630872],
      [0.73949830839, 0, 0, 0.12550685942, 0.13499483219],
      [0.84177570841, 0, 0, 0.088864862043, 0.069359429542],
      [0.16583447841, 0.047071845038, 0.012104254879, 0.040232172892, 0.73475724878]
    ],
    [
      [0.23124493505, 0.02123016476, 0.42656361166, 0.28903814932, 0.031923139211],
      [0.16155126616, 0.032987356423, 0, 0.26990246202, 0.5355589154],
      [0.19103375965, 0.68420252598, 0, 0.067412278367, 0.057351436004],
      [0.71016922334, 0.17922669278, 0, 0.050844304029, 0.059759779855],
      [0.16061049864, 0.43197491017, 0, 0.0493495743, 0.35806501688]
    ],
    [
      [0.16482411418, 0.007115067446, 0.63789247257, 0.17088765329, 0.019280692522],
      [0.11538498774, 0.036169646454, 0.0084382701908, 0.017659880884, 0.82234721474],
      [0.11374116117, 0.75713212763, 0, 0, 0.1291267112],
      [0.76448961135, 0.13246324348, 0, 0, 0.10304714517],
      [0.12979729379, 0.46367713015, 0, 0, 0.40652557606]
    ],
    [
      [0.10436882113, 0.0022708950088, 0.79635306648, 0.057623083201, 0.039384134183],
      [0.05323915958, 0.0045641600754, 0.047073111792, 0.048001309532, 0.84712225902],
      [0.35269865918, 0.35065566446, 0.053652054623, 0.050765880793, 0.19222774094],
      [0.76307509929, 0.051157205368, 0.04061502245, 0.026166622744, 0.11898605015],
      [0.089807058831, 0.075710624135, 0.037685677033, 0.015117832369, 0.78167880763]
    ],
    [
      [0.041860398911, 0.0032888581618, 0.61762927632, 0.33070152745, 0.0065199391554],
      [0.036559970817, 0.0085069177609, 0.040994335928, 0.74944240596, 0.16449636953],
      [0.15371263074, 0.50391568388, 0.049395182277, 0.24123283693, 0.051743666166],
      [0.59240115848, 0.14725902128, 0.065423372406, 0.13113701415, 0.063779433683],
      [0.10268909538, 0.26976970308, 0.057794156499, 0.23420611136, 0.33554093368]
    ],
    [
      [0.14586021432, 0.0077920536398, 0.62240414914, 0.20835181852, 0.015591764374],
      [0.13204328916, 0.021146678108, 0.095206350643, 0.33144177548, 0.42016190661],
      [0.26138876758, 0.56228516734, 0.031654725252, 0.093952478651, 0.050718861183],
      [0.75097044339, 0.1134275905, 0.031008963571, 0.058687329544, 0.045905672996],
      [0.18278861581, 0.33183756796, 0.060488264279, 0.073931033943, 0.35095451801]
    ],
    [
      [0.17122509641, 0.00713679531, 0.576138877, 0.22577681292, 0.019722418355],
      [0.1369118659, 0.017060447564, 0.087489476957, 0.30944304705, 0.44909516253],
      [0.31262693984, 0.49510243838, 0.03023320141, 0.099306497675, 0.06273092269],
      [0.77863952907, 0.094362653691, 0.025065004745, 0.05241663309, 0.049516179402],
      [0.19774149652, 0.27010643615, 0.059056672148, 0.074877512101, 0.39821788308]
    ],
    [
      [0.16482411418, 0.007115067446, 0.63789247257, 0.17088765329, 0.019280692522],
      [0.19781412581, 0.014927017359, 0.50001302879, 0.022865304623, 0.26438052342],
      [0.43666275812, 0.48016285782, 0.08317438406, 0, 0],
      [0.82041715524, 0.064979642772, 0.11460320199, 0, 0],
      [0.28747916703, 0.25206956349, 0.24703631506, 0.0098202551875, 0.20359469923]
    ],
    [
      [0.29472207772, 0.012926875036, 0.43112571606, 0.21615679192, 0.045068539259],
      [0.11231796366, 0.014650895594, 0.017726521052, 0.14105934832, 0.71424527137],
      [0.29583006448, 0.56613819047, 0, 0.054761533579, 0.083270211474],
      [0.767593319, 0.096413735452, 0, 0.043386325871, 0.092606619672],
      [0.15798243991, 0.2349644348, 0.012182905363, 0.03151161473, 0.5633586052]
    ],
    [
      [0.030369160443, 0, 0.88352006728, 0.077758488065, 0.0083522842094],
      [0.058935808092, 0.0040159591529, 0.20354000006, 0.28091918135, 0.45258905135],
      [0.30951483364, 0.25611989584, 0.12764401187, 0.18682527531, 0.11989598334],
      [0.72061375966, 0.021365281211, 0.072101781147, 0.091325282903, 0.094593895077],
      [0.11112500337, 0.078705563177, 0.16926373356, 0.079676279746, 0.56122942015]
    ],
    [
      [0.10021296425, 0.0051936773486, 0.63552253335, 0.24307561162, 0.01599521343],
      [0.088361252479, 0.014725186339, 0.079551154054, 0.38667798634, 0.43068442079],
      [0.22505334854, 0.53191911067, 0.039811237226, 0.13225865899, 0.070957644577],
      [0.70573510708, 0.1078526905, 0.03927837443, 0.080702217482, 0.066431610513],
      [0.1438638419, 0.27565142835, 0.059303763315, 0.095131037516, 0.42604992892]
    ],
    [
      [0.2001701592, 0.010371385133, 0.69424989281, 0.037205672452, 0.058002890403],
      [0.075676936531, 0.0094591689539, 0, 0, 0.91486389451],
      [0.22575996453, 0.66891445613, 0, 0, 0.10532557933],
      [0.74546718907, 0.1087853198, 0, 0, 0.14574749114],
      [0.092414736401, 0.1834117695, 0.0058599122885, 0.007467449818, 0.71084613199]
    ],
    [
      [0.016685646817, 0.00022458832442, 0.97532012605, 0.0058972467483, 0.0018723920596],
      [0.11749522797, 0.0046131132042, 0.31970445762, 0.096683140342, 0.46150406086],
      [0.53466882039, 0.15408863184, 0.14494121739, 0.067613720626, 0.098687609749],
      [0.8153386619, 0, 0.069775109153, 0.043499777304, 0.071386451645],
      [0.19258447296, 0.075468208961, 0.22327627666, 0.028820571295, 0.47985047013]
    ],
    [
      [0.15848584871, 0.0076930702494, 0.74381979857, 0.072023581283, 0.017977701188],
      [0.16140163976, 0.02230385726, 0.1093640624, 0.12775883186, 0.57917160872],
      [0.27515741051, 0.61550432355, 0.033125399567, 0.021960888374, 0.054251978006],
      [0.79650743816, 0.11177072763, 0.034269274446, 0.0076278553367, 0.04982470443],
      [0.19110957033, 0.35047157871, 0.053404541545, 0.024772821056, 0.38024148836]
    ],
    [
      [0.60058676627, 0.010418721526, 0, 0.29014008438, 0.098854427822],
      [0.082498849079, 0.0089142272114, 0, 0.12290028844, 0.78568663527],
      [0.31463372697, 0.43401208066, 0, 0.08290552073, 0.16844867164],
      [0.74976575993, 0.093787047167, 0, 0.05081272471, 0.10563446819],
      [0.11253238334, 0.12475398189, 0, 0.031888582404, 0.73082505237]
    ],
    [
      [0.010501190594, 0, 0.96186378863, 0.02012942187, 0.0075055989027],
      [0.037027971723, 0.0023512855704, 0.10389113089, 0.056632069334, 0.80009754248],
      [0.31922245624, 0.24425303598, 0.11615365753, 0.10224013146, 0.21813071879],
      [0.71407612305, 0.0028734820114, 0.071690197658, 0.071363756537, 0.13999644074],
      [0.055488414066, 0.034510277807, 0.072471000516, 0.016396049646, 0.82113425796]
    ],
    [
      [0.13962381954, 0.0054647682488, 0.47139692915, 0.36797333528, 0.015541147781],
      [0.10078903732, 0.011842860547, 0.048598260604, 0.49381307456, 0.34495676697],
      [0.29147849077, 0.44853451128, 0.028343686302, 0.16836126506, 0.063282046584],
      [0.75862439666, 0.08027962275, 0.027720486431, 0.078932168966, 0.054443325194],
      [0.18518016002, 0.24133938128, 0.044187774104, 0.13017483762, 0.39911784697]
    ],
    [
      [0.20598837079, 0.0062643278784, 0.58236453494, 0.18219056886, 0.023192197538],
      [0.15446699178, 0.013732488569, 0.077009824428, 0.23734512889, 0.51744556634],
      [0.37123491474, 0.44257560969, 0.028714913283, 0.082946580524, 0.074527981766],
      [0.81572099377, 0.068133506091, 0.021677753349, 0.04172970483, 0.052738041958],
      [0.22046941509, 0.22526161584, 0.050810869304, 0.056036401768, 0.44742169801]
    ],
    [
      [0.039270320667, 0.0017088305681, 0.9324757812, 0.023712424105, 0.0028326434642],
      [0.14815728729, 0.020696539288, 0.33778645938, 0.16606045751, 0.32729925653],
      [0.28332964672, 0.55421559148, 0.082543160981, 0.046490206917, 0.033421393907],
      [0.76556968339, 0.10013820695, 0.072048777886, 0.034187536745, 0.028055795031],
      [0.1971678513, 0.31629430401, 0.19284409, 0.035480466066, 0.25821328863]
    ],
    [
      [0.095092082953, 0.003387317786, 0.62750194237, 0.25404010588, 0.019978551005],
      [0.079545127402, 0.01513919599, 0.07057004749, 0.36910014343, 0.46564548569],
      [0.18799772486, 0.57866531748, 0.033076801188, 0.12554531646, 0.074714840018],
      [0.68502934581, 0.11914329936, 0.034365805588, 0.086736648025, 0.074724901212],
      [0.12854780315, 0.29995602337, 0.049308862752, 0.084924374824, 0.4372629359]
    ],
    [
      [0.2341580791, 0.0061305932325, 0.48118568682, 0.21414133683, 0.064384304022],
      [0.084342456642, 0.0067009748895, 0.029782865984, 0.12888617493, 0.75028752756],
      [0.3729897614, 0.36819008325, 0.017170681855, 0.082372294484, 0.15927717901],
      [0.79829372299, 0.05741071878, 0.010231651803, 0.043914444658, 0.090149461769],
      [0.13011270038, 0.11339018535, 0.021443205983, 0.033485706052, 0.70156820223]
    ],
    [
      [0.29470354085, 0.0068561848244, 0.3938579691, 0.28265706299, 0.021925242244],
      [0.19218022226, 0.014234143651, 0.04217340722, 0.31879155811, 0.43262066876],
      [0.42250759427, 0.41929121662, 0.010913398886, 0.093476516877, 0.053811273348],
      [0.85080078955, 0.055352322436, 0.00045157584617, 0.051764565747, 0.041630746417],
      [0.2805468623, 0.23618641062, 0.027626347359, 0.073069706618, 0.3825706731]
    ],
    [
      [0.036416819507, 0.0022693552134, 0.78311275796, 0.16850391536, 0.0096971519664],
      [0.044768692904, 0.0046585444226, 0.13988541095, 0.44638691815, 0.36430043357],
      [0.25144330168, 0.30905974108, 0.089996540164, 0.24387996806, 0.10562044901],
      [0.66165815227, 0.071485799809, 0.075212000118, 0.09646847514, 0.095175572664],
      [0.095389071168, 0.10745583168, 0.13583878758, 0.14035599545, 0.52096031413]
    ],
    [
      [0.051759719351, 0.0021916333374, 0.91202542583, 0.012791820993, 0.021231400487],
      [0.050408204341, 0.0063491588731, 0.05141338164, 0.021335442557, 0.87049381259],
      [0.29354427293, 0.46896449112, 0.063343016948, 0, 0.174148219],
      [0.74151333186, 0.080107946186, 0.049414451972, 0, 0.12896426998],
      [0.083754110286, 0.10928197833, 0.042005841834, 0, 0.76495806955]
    ],
    [
      [0.036358381288, 0.0056081434747, 0.66548174496, 0.27148849748, 0.021063232802],
      [0.026358527344, 0.0085629944415, 0.057139248434, 0.36125603758, 0.5466831922],
      [0.14931421973, 0.4423862052, 0.065350180675, 0.20053524203, 0.14241415237],
      [0.5304692074, 0.12522789441, 0.063310014826, 0.13284814622, 0.14814473715],
      [0.05107301516, 0.11775744965, 0.052046900575, 0.098582632906, 0.68054000171]
    ],
    [
      [0.044210759779, 0.0030196309389, 0.70660292513, 0.21938327134, 0.026783412811],
      [0.029667607005, 0.0043475287604, 0.079159491764, 0.25930062371, 0.62752474876],
      [0.21617602085, 0.31717390157, 0.072057051335, 0.20808586029, 0.18650716596],
      [0.60623090086, 0.098977139581, 0.068723725035, 0.097690538451, 0.12837769607],
      [0.056559842694, 0.076876104518, 0.068210574708, 0.075988062401, 0.72236541568]
    ],
    [
      [0.16482411418, 0.007115067446, 0.63789247257, 0.17088765329, 0.019280692522],
      [2.7973620366e-06, 1.4251593687e-06, 2.6814970127e-07, 9.5479171317e-20, 0.99999550933],
      [0.032888323199, 0.09818967559, 0.0017648206041, 0.0033330524765, 0.86382412813],
      [0.39119515574, 0, 0, 0, 0.60880484426],
      [0.044024221314, 0, 0, 0, 0.95597577869]
    ],
    [
      [0.073289731352, 0.0035870677079, 0.7930223369, 0.10233726191, 0.02776360213],
      [0.051096143645, 0.0083510287694, 0.060904779057, 0.11755871322, 0.76208933531],
      [0.22295355671, 0.49801183299, 0.046824799471, 0.089534206496, 0.14267560433],
      [0.67115787885, 0.098352991895, 0.046264475348, 0.062963380884, 0.12126127302],
      [0.078010840877, 0.14134088282, 0.04420221404, 0.031299134259, 0.705146928]
    ],
    [
      [0.0010194004928, 6.2039653874e-05, 0.99753900421, 0.00063066122795, 0.00074889441146],
      [0.020659182725, 0.0035838561961, 0.28040936783, 0.037172890151, 0.6581747031],
      [0.18773946269, 0.39316325081, 0.167410535, 0.071971713761, 0.17971503773],
      [0.55791414159, 0.10745508543, 0.10862967959, 0.069261119628, 0.15673997376],
      [0.040075412229, 0.067087977079, 0.18528020864, 0.016791354542, 0.69076504751]
    ],
    [
      [0.067361179295, 0.0023561639097, 0.74073462431, 0.15830839665, 0.031239635838],
      [0.048263098414, 0.0045377446393, 0.065731819066, 0.18943189503, 0.69203544285],
      [0.27450855662, 0.34755873579, 0.062528713518, 0.14919093495, 0.16621305912],
      [0.6834059761, 0.064629114074, 0.054767213233, 0.080692655203, 0.11650504139],
      [0.077595294479, 0.086498639786, 0.051127141836, 0.051948742361, 0.73283018154]
    ],
    [
      [0.11282316272, 0.0055029172514, 0.73601655546, 0.13284165181, 0.012815712762],
      [0.12996215762, 0.01893218194, 0.14862167244, 0.26944276309, 0.43304122491],
      [0.2750457378, 0.54374547678, 0.046386367367, 0.080979466938, 0.053842951114],
