{
  "X": [
    [4, 7, 6, 1],
    [4, 12, 11, 3],
    [0, 3, 3, 1],
    [2, 10, 5, 1],
    [1, 7, 5, 0],
    [1, 13, 7, 5],
    [4, 115, 200, 30],
    [31, 388, 590, 79],
    [81, 480, 599, 83],
    [30, 364, 456, 52],
    [67, 565, 485, 46],
    [19, 651, 382, 66],
    [17, 160, 146, 27],
    [42, 702, 480, 50],
    [19, 136, 212, 19],
    [34, 284, 319, 48],
    [41, 318, 416, 44],
    [16, 83, 80, 18],
    [22, 140, 144, 16],
    [63, 714, 737, 110],
    [22, 192, 275, 45],
    [15, 220, 160, 23],
    [21, 262, 229, 26],
    [18, 152, 168, 22],
    [29, 356, 428, 57],
    [15, 124, 159, 21],
    [18, 126, 136, 24],
    [19, 138, 397, 42],
    [45, 561, 561, 76],
    [30, 335, 450, 67],
    [9, 116, 132, 17],
    [47, 460, 478, 41],
    [13, 282, 165, 23],
    [17, 175, 163, 22],
    [15, 209, 311, 29],
    [25, 252, 240, 32],
    [31, 485, 352, 50],
    [19, 102, 149, 17],
    [17, 99, 260, 31],
    [29, 227, 349, 49],
    [19, 365, 315, 44],
    [2, 23, 8, 2],
    [22, 110, 217, 25],
    [60, 408, 583, 82],
    [56, 527, 590, 89],
    [14, 198, 364, 47],
    [31, 436, 363, 45],
    [1, 0, 6, 0],
    [6, 85, 29, 5],
    [9, 182, 207, 46],
    [112, 1266, 1164, 107],
    [21, 168, 168, 34],
    [169, 835, 902, 147],
    [35, 232, 216, 34]
  ],
  "W": [
    [2, 6, 8, 1, 1],
    [4, 10, 11, 0, 5],
    [0, 4, 3, 0, 0],
    [1, 6, 9, 0, 2],
    [1, 5, 6, 0, 1],
    [2, 8, 8, 2, 6],
    [14, 171, 102, 26, 36],
    [59, 526, 360, 67, 76],
    [102, 522, 475, 50, 94],
    [32, 409, 340, 53, 68],
    [111, 390, 551, 20, 91],
    [30, 360, 587, 37, 104],
    [27, 115, 155, 12, 41],
    [93, 396, 659, 44, 82],
    [39, 163, 131, 15, 38],
    [62, 258, 268, 26, 71],
    [32, 393, 280, 35, 79],
    [34, 58, 80, 0, 25],
    [13, 125, 139, 14, 31],
    [64, 680, 703, 75, 102],
    [31, 246, 178, 28, 51],
    [23, 130, 216, 20, 29],
    [50, 175, 233, 8, 72],
    [38, 142, 143, 11, 26],
    [69, 346, 336, 32, 87],
    [12, 139, 120, 22, 26],
    [11, 128, 113, 18, 34],
    [40, 350, 132, 31, 43],
    [73, 498, 526, 50, 96],
    [30, 426, 302, 34, 90],
    [13, 109, 109, 8, 35],
    [88, 396, 439, 31, 72],
    [45, 126, 269, 8, 35],
    [33, 137, 162, 15, 30],
    [16, 275, 185, 24, 64],
    [36, 205, 231, 22, 55],
    [55, 289, 461, 28, 85],
    [18, 131, 99, 9, 30],
    [12, 255, 91, 27, 22],
    [27, 313, 231, 28, 55],
    [27, 274, 335, 38, 69],
    [5, 6, 19, 0, 5],
    [17, 194, 102, 25, 36],
    [85, 489, 390, 80, 89],
    [89, 512, 495, 49, 117],
    [22, 335, 186, 30, 50],
    [80, 300, 402, 22, 71],
    [3, 4, 0, 0, 0],
    [4, 27, 85, 3, 6],
    [8, 207, 177, 28, 24],
    [197, 992, 1174, 97, 189],
    [22, 164, 159, 20, 26],
    [174, 815, 796, 64, 204],
    [67, 180, 225, 6, 39]
  ],
  "method": "mult",
  "cond_prob": [
    [
      [0.79872934482, 0.032183395564, 0.16815442216, 0.0009328374554],
      [0.17451708466, 0, 0.76857498761, 0.056907927729],
      [0.13312498958, 0.83162935192, 0.035245658506, 0],
      [0.027731082186, 0.10969071146, 0.46153407582, 0.40104413053],
      [0.26270780358, 0.17290768209, 0.30874188615, 0.25564262818]
    ],
    [
      [0.56269404623, 0.1096048421, 0.3174158833, 0.010285228374],
      [0.086073335594, 0.0073158375909, 0.78951376259, 0.11709706422],
      [0.024035221832, 0.94889524077, 0.02337447302, 0.0036950643742],
      [0.0072821311537, 0.12243502801, 0.41312480933, 0.4571580315],
      [0.1248206038, 0.21011492144, 0.31561592753, 0.34944854723]
    ],
    [
      [-0, 0.24622105231, 0.7072335286, 0.04654541909],
      [0, 0.017311718885, 0.73646491541, 0.2462233657],
      [0, 0.97691770815, 0.018046779454, 0.0050355123935],
      [0, 0.00039755082754, 0.0013740795946, 0.99822836958],
      [0, 0.061087172354, 0.087952393581, 0.85096043406]
    ],
    [
      [0.74351299409, 0.082348153948, 0.1708739357, 0.0032649162593],
      [0.14849872632, 0.068656686587, 0.71225945892, 0.070585128174],
      [0, 1, 0, 0],
      [0.011337214798, 0.14958329698, 0.40814405327, 0.43093543496],
      [0.182747324, 0.25285586327, 0.27778465539, 0.28661215735]
    ],
    [
      [0.63135208414, 0.10783705648, 0.26081085938, 2.1895288505e-47],
      [0.04415081591, 0.10629869891, 0.84955048518, 0],
      [0, 1, 3.8518598888e-33, 2.4651903288e-32],
      [0.00984578664, 0.22997936426, 0.7601748491, 0],
      [0.14789383631, 0.36066944896, 0.49143671472, 0]
    ],
    [
      [0.35969486556, 0.27708611557, 0.34518322231, 0.018035796554],
      [0.0094929950688, 0.22187570614, 0.59661174623, 0.17201955256],
      [0, 1, 0, 0],
      [0, 0.19403315632, 0.26889286284, 0.53707398084],
      [0.034111051387, 0.38045930119, 0.16649230997, 0.41893733745]
    ],
    [
      [0.12213364095, 0.19701592416, 0.66873725602, 0.012113178867],
      [0.0086832106248, 0.011037008327, 0.90598876553, 0.074291015521],
      [0.00054692089592, 0.95454212877, 0.041439939691, 0.0034710106388],
      [0.000981976556, 0.14001313704, 0.56199058256, 0.29701430385],
      [0.020110630221, 0.25974472055, 0.46874918099, 0.25139546823]
    ],
    [
      [0.24691730605, 0.17108157915, 0.57153693084, 0.010464183954],
      [0.022500817049, 0.011272812247, 0.89255637246, 0.073669998246],
      [0.0023175900073, 0.95291764138, 0.041306765628, 0.003458002983],
      [0.0026897341081, 0.14183693171, 0.55923553103, 0.29623780315],
      [0.047130323517, 0.25556924035, 0.45336122319, 0.24393921295]
    ],
    [
      [0.39620140383, 0.13009313934, 0.4643249117, 0.0093805451315],
      [0.04353469228, 0, 0.87841868588, 0.078046621844],
      [0.019231152778, 0.92294733005, 0.052998720509, 0.0048227966669],
      [0.0060500540191, 0.13285611997, 0.54852840048, 0.31256542553],
      [0.089628161366, 0.23072034061, 0.43088822035, 0.24876327767]
    ],
    [
      [0.31414529914, 0.15904162827, 0.51919673672, 0.0076163358707],
      [0.033373673719, 0.017440530586, 0.89062049089, 0.058565304808],
      [0.0043866702956, 0.95743292802, 0.036868414347, 0.0013119873423],
      [0.0042004490385, 0.15289387801, 0.58792610566, 0.2549795673],
      [0.067403326129, 0.26686646803, 0.46215557609, 0.20357462974]
    ],
    [
      [0.35217104044, 0.14395626903, 0.49704623079, 0.0068264597527],
      [0.041229900982, 0.007309557322, 0.89570506915, 0.055755472543],
      [0.0079627374416, 0.94330300352, 0.046942341688, 0.0017919173519],
      [0.0051848881344, 0.14941050708, 0.60052377832, 0.24488082646],
      [0.080639417971, 0.25738419453, 0.46843061073, 0.19354577677]
    ],
    [
      [0.2291314903, 0.20600021549, 0.55356503775, 0.011303256466],
      [0.021610885509, 0.058479803326, 0.84373548746, 0.076173823709],
      [0, 1, 0, 0],
      [0.0024082368254, 0.16453750408, 0.51759164401, 0.31546261509],
      [0.04093299755, 0.29499400661, 0.40862867842, 0.25544431743]
    ],
    [
      [0.33668634271, 0.14578228102, 0.50586331399, 0.011668062272],
      [0.036233397604, 0.00092529170792, 0.87461213281, 0.088229177874],
      [0.0059298627203, 0.93520272311, 0.051751624867, 0.0071157893073],
      [0.0041972934288, 0.13016895617, 0.52626240097, 0.33937134944],
      [0.067637360477, 0.23022000757, 0.42499133128, 0.27715130067]
    ],
    [
      [0.27511623578, 0.1767782644, 0.54066365475, 0.0074418450656],
      [0.027274228798, 0.027345642587, 0.88898863312, 0.056391495494],
      [0.0012230679854, 0.97784955776, 0.020927374252, 0],
      [0.0034210786567, 0.16160350405, 0.58887534639, 0.2461000709],
      [0.056793490301, 0.28313822199, 0.46313568925, 0.19693259846]
    ],
    [
      [0.28779374994, 0.14022883591, 0.56516951436, 0.0068078997868],
      [0.01483248065, 0, 0.93533455249, 0.049832966862],
      [0.022327623073, 0.90997439588, 0.065403484179, 0.0022944968662],
      [0.0038588646196, 0.13790967789, 0.63345394932, 0.22477750817],
      [0.062514416171, 0.24357327291, 0.51129450571, 0.18261780521]
    ],
    [
      [0.31549968458, 0.15177100499, 0.52230610413, 0.010423206302],
      [0.0330603649, 0.0042752633798, 0.88472806197, 0.077936309753],
      [0.0046566801128, 0.94305403409, 0.047596063822, 0.0046932219711],
      [0.0039535784278, 0.13667390709, 0.54919495459, 0.31017755989],
      [0.064206508485, 0.24218559179, 0.44116010751, 0.25244779222]
    ],
    [
      [0.39215229087, 0.15129229707, 0.45044928217, 0.0061061298855],
      [0.048394740483, 0.034292927683, 0.86436330563, 0.052949026206],
      [0.0066361359443, 0.9700462039, 0.023271780618, 4.5879542974e-05],
      [0.0061408791175, 0.16691247403, 0.58642422668, 0.24052242017],
      [0.093151200616, 0.28135002826, 0.44113794116, 0.18436082996]
    ],
    [
      [0.34671054328, 0.13375147847, 0.50012816497, 0.019409813281],
      [0.029770892744, 0, 0.84528602053, 0.12494308673],
      [0.011346865027, 0.91833631649, 0.056129112378, 0.014187706101],
      [0.0037676749063, 0.11370574988, 0.45504577777, 0.42748079744],
      [0.063095221883, 0.1994217765, 0.37914896841, 0.35833403321]
    ],
    [
      [0.48865498751, 0.11295928246, 0.39304896846, 0.0053367615723],
      [0.069758780087, 0, 0.87697423459, 0.053266985326],
      [0.019297654867, 0.9282719165, 0.050695617195, 0.001734811436],
      [0.0094539008512, 0.14689158974, 0.6009703188, 0.24268419061],
      [0.13267448429, 0.24016937671, 0.4454293172, 0.1817268218]
    ],
    [
      [0.35641884922, 0.14748067009, 0.48597499902, 0.010125481668],
      [0.040600362185, 0.0069349825306, 0.87067574197, 0.081788913312],
      [0.0064616796358, 0.94568363865, 0.043252826322, 0.0046018553893],
      [0.0047883168954, 0.13771773314, 0.53579304294, 0.32170090703],
      [0.075286890323, 0.2421668729, 0.4239890235, 0.25855721329]
    ],
    [
      [0.31704783627, 0.15616864189, 0.51562921488, 0.011154306952],
      [0.03283654351, 0.0079126588768, 0.87418336169, 0.085067435925],
      [0.004383424173, 0.94946708024, 0.041350465816, 0.0047990297738],
      [0.0038263899862, 0.13634676321, 0.53098833825, 0.32883850855],
      [0.062869391171, 0.2429295758, 0.42624178386, 0.26795924917]
    ],
    [
      [0.32468413832, 0.15367901358, 0.51241057438, 0.0092262737252],
      [0.034384131798, 0.010910666265, 0.88321287743, 0.071492324504],
      [0.0047659853407, 0.94871787823, 0.043250389456, 0.0032657469726],
      [0.0041639802409, 0.14213907782, 0.55883142888, 0.29486551306],
      [0.067227422292, 0.25107423513, 0.44407482838, 0.23762351419]
    ],
    [
      [0.25866820458, 0.17816349791, 0.55585633857, 0.0073119589463],
      [0.023933786801, 0.026801811302, 0.89424425782, 0.05502014408],
      [0.00047539249912, 0.97301472317, 0.026509884328, 0],
      [0.0031911668833, 0.15858723707, 0.59505794881, 0.24316364724],
      [0.051970573521, 0.28361638515, 0.46912737937, 0.19528566196]
    ],
    [
      [0.30527525785, 0.15925629206, 0.52506926033, 0.010399189763],
      [0.030448170913, 0.012063759542, 0.8797243901, 0.077763679442],
      [0.0031996515996, 0.9524331585, 0.040607410131, 0.0037597797655],
      [0.0036580010589, 0.14031123148, 0.54400475639, 0.31202601108],
      [0.060696605448, 0.24976314749, 0.4359843363, 0.25355591076]
    ],
    [
      [0.2428128628, 0.16500300094, 0.58181373186, 0.010370404403],
      [0.021729789007, 0.0040384019321, 0.90270243446, 0.071529374597],
      [0.0017829289913, 0.9440091466, 0.050072592835, 0.0041353315763],
      [0.0026931234833, 0.13788832052, 0.56950592912, 0.28991262687],
      [0.046461625032, 0.24848283165, 0.46518654313, 0.23986900019]
    ],
    [
      [0.39618033043, 0.13405542259, 0.46227992509, 0.0074843218926],
      [0.048244754114, 0.00078025175791, 0.88680054188, 0.064174452252],
      [0.0085621974005, 0.94026538799, 0.0484766044, 0.0026958102137],
      [0.0061264069144, 0.14108047555, 0.57788416082, 0.27490895672],
      [0.09144502203, 0.2441254967, 0.44833544277, 0.21609403849]
    ],
    [
      [0.45924776199, 0.13703796156, 0.39570391482, 0.0080103616265],
      [0.062384412837, 0.028431182878, 0.83233445645, 0.076849947835],
      [0.009898439147, 0.96718883363, 0.021273303717, 0.0016394235082],
      [0.007432836253, 0.15408709074, 0.52249413786, 0.31598593515],
      [0.10913985585, 0.2584554465, 0.39116672676, 0.24123797089]
    ],
    [
      [0.23489147468, 0.15202893914, 0.60348046711, 0.0095991190644],
      [0.0034817517277, 0, 0.93100878076, 0.065509467507],
      [0.047954221599, 0.89289622539, 0.055628918838, 0.0035206341738],
      [0.0026343321519, 0.12789669767, 0.59704641253, 0.27242255765],
      [0.045909450238, 0.23469169895, 0.49200585984, 0.22739299097]
    ],
    [
      [0.30080379593, 0.16608055048, 0.52352357371, 0.0095920798788],
      [0.03070907742, 0.020600812968, 0.87595898637, 0.072731123242],
      [0.0032875570504, 0.96213827073, 0.032159488084, 0.0024146841363],
      [0.0036966317072, 0.14815041681, 0.55167438518, 0.2964785663],
      [0.060772039041, 0.26171524701, 0.43807910329, 0.23943361066]
    ],
    [
      [0.31088476283, 0.16625612707, 0.51278896587, 0.010070144234],
      [0.03230405548, 0.024574564178, 0.86588692818, 0.07723445216],
      [0.0038768826394, 0.96333377135, 0.030137873058, 0.002651472952],
      [0.0038317438799, 0.14817816444, 0.53833723863, 0.30965285305],
      [0.062342573685, 0.26198550344, 0.42603773157, 0.24963419131]
    ],
    [
      [0.28137988865, 0.15884524325, 0.5512261909, 0.0085486772034],
      [0.027278201496, 0.0066384962533, 0.90333299629, 0.062750305956],
      [0.0032816437251, 0.94655241097, 0.047779645267, 0.0023863000409],
      [0.0034380469641, 0.14319686505, 0.58485867181, 0.26850641618],
      [0.056672398363, 0.25404651516, 0.47096892039, 0.21831216609]
    ],
    [
      [0.30775690237, 0.15552093155, 0.53024282781, 0.0064793382656],
      [0.03266662801, 0.011765945583, 0.90521305009, 0.050354376313],
      [0.0044610760454, 0.95126911031, 0.043130672787, 0.0011391408548],
      [0.0042686345744, 0.1536369818, 0.61593747355, 0.22615691008],
      [0.067925942271, 0.26784663485, 0.48396994836, 0.18025747451]
    ],
    [
      [0.21447944548, 0.18603988375, 0.58780130293, 0.01167936783],
      [0.015821138823, 0.022858674149, 0.88213354933, 0.079186637694],
      [0, 0.96827644157, 0.028580215017, 0.0031433434099],
      [0.0022241549641, 0.14324197809, 0.53964093528, 0.31489293166],
      [0.038204806338, 0.26102039086, 0.43985453801, 0.26092026479]
    ],
    [
      [0.31086170302, 0.16554435223, 0.51436423456, 0.0092297101944],
      [0.031582149933, 0.022236490098, 0.87455286455, 0.071628495421],
      [0.0028906058569, 0.96513385896, 0.03001693637, 0.0019585988128],
      [0.003796810415, 0.14932929696, 0.55118113886, 0.29569275376],
      [0.062985965148, 0.26330042091, 0.43605923472, 0.23765437922]
    ],
    [
      [0.2584484472, 0.1720124516, 0.56302488823, 0.0065142129736],
      [0.024825231669, 0.022806219782, 0.90621809084, 0.046150457705],
      [0.0027641458073, 0.96185454935, 0.035156467756, 0.00022483709124],
      [0.0032814250097, 0.16113161927, 0.62089253656, 0.21469441916],
      [0.053871327519, 0.28384124755, 0.49025405303, 0.1720333719]
    ],
    [
      [0.33888929775, 0.15981151886, 0.49327103069, 0.0080281527007],
      [0.037220140234, 0.02384136966, 0.87385852946, 0.065079960646],
      [0.0046374298885, 0.96620786369, 0.028178182081, 0.00097652434449],
      [0.0045659795264, 0.15428626575, 0.56443902941, 0.27670872532],
      [0.072693794167, 0.26856345787, 0.43953501179, 0.21920773617]
    ],
    [
      [0.29253161462, 0.16704712132, 0.53102727879, 0.0093939852698],
      [0.029541657369, 0.018931297492, 0.88089952875, 0.070627516385],
      [0.0027660540596, 0.9627724355, 0.03235188529, 0.0021096251458],
      [0.0035822392597, 0.14832285059, 0.55760007754, 0.29049483261],
      [0.058797277595, 0.26294271492, 0.44337075961, 0.23488924788]
    ],
    [
      [0.41829175685, 0.12470248123, 0.45008840232, 0.0069173595973],
      [0.047344372125, 0, 0.89164829617, 0.0610073317],
      [0.021908636186, 0.92303867586, 0.052380267422, 0.00267242053],
      [0.0067673652866, 0.14006029081, 0.58710921556, 0.26606312834],
      [0.10129247861, 0.23713279367, 0.45409508482, 0.2074796429]
    ],
    [
      [0.35841052604, 0.14478279189, 0.48825320963, 0.0085534724335],
      [0.040449016756, 0.0061002848018, 0.88388992913, 0.069560769307],
      [0.0059281514571, 0.94991488501, 0.041305066557, 0.0028518969759],
      [0.0049484167726, 0.14130129914, 0.5642093745, 0.28954090959],
      [0.07779569906, 0.24771110274, 0.44348251758, 0.23101068062]
    ],
    [
      [0.36068518485, 0.13252571301, 0.49699202146, 0.0097970806757],
      [0.022640208296, 0, 0.89835291595, 0.079006875759],
      [0.033552445756, 0.89904636317, 0.061587996982, 0.0058131940929],
      [0.0049939652622, 0.12574994548, 0.55703571595, 0.31222037331],
      [0.077903069371, 0.2222017706, 0.44678046146, 0.25311469857]
    ],
    [
      [0.27033873885, 0.1778157559, 0.54295153212, 0.0088939731361],
      [0.026286709937, 0.02979281876, 0.87873428822, 0.065186183079],
      [0.0020625444476, 0.97571139252, 0.021889201862, 0.00033686116847],
      [0.0031671490279, 0.15747163711, 0.56393880211, 0.27542241175],
      [0.053434659062, 0.27809425428, 0.44644284863, 0.22202823803]
    ],
    [
      [0.34357831285, 0.2315306236, 0.41652333537, 0.008367728181],
      [0, 0.2140722327, 0.71858898494, 0.067338782356],
      [0, 1, 0, 0],
      [0.0036991403184, 0.16281718001, 0.42826229628, 0.4052213834],
      [0.056421687151, 0.31158269716, 0.32116988269, 0.31082573299]
    ],
    [
      [0.41131739058, 0.12857066101, 0.45354383898, 0.0065681094208],
      [0.05019461617, 0, 0.89236752218, 0.057437861652],
      [0.014820635396, 0.93606195741, 0.047094456328, 0.0020229508682],
      [0.0068469834968, 0.14251961787, 0.59531952512, 0.25531387351],
      [0.099638039594, 0.24369412945, 0.45788424337, 0.19878358758]
    ],
    [
      [0.35219134299, 0.14031356509, 0.49841069526, 0.0090843966613],
      [0.037377816798, 0, 0.89069118224, 0.071931000962],
      [0.011648688748, 0.93322543452, 0.051130377932, 0.0039954988012],
      [0.0050942294574, 0.13527005355, 0.56591738659, 0.29371833041],
      [0.076802881617, 0.23925644068, 0.44800971311, 0.23593096459]
    ],
    [
      [0.32050960338, 0.1569466377, 0.51214736364, 0.010396395281],
      [0.033994073617, 0.011612791446, 0.87474601147, 0.079647123467],
      [0.0045365666711, 0.95170760621, 0.039713960829, 0.0040418662919],
      [0.0040248336557, 0.14060431869, 0.54035209923, 0.31501874843],
      [0.06518685689, 0.24872754987, 0.43088259223, 0.255203001]
    ],
    [
      [0.22156018867, 0.17202118071, 0.59558775257, 0.010830878053],
      [0.019579362062, 0.0035612590186, 0.90282252308, 0.074036855838],
      [0.0023793945069, 0.94836117472, 0.04563247467, 0.0036269561084],
      [0.0023872283161, 0.13740391013, 0.56287172096, 0.29733714059],
      [0.041048106613, 0.25010432904, 0.46155464588, 0.24729291846]
    ],
    [
      [0.25466091384, 0.18060045303, 0.55520628539, 0.0095323477379],
      [0.023178990121, 0.026377929492, 0.88113525575, 0.06930782464],
      [0.00030746969804, 0.97262541936, 0.025458333427, 0.0016087775169],
      [0.0028952273071, 0.15201451929, 0.55919431414, 0.28589593926],
      [0.049100451226, 0.27181474512, 0.44656895064, 0.23251585301]
    ],
    [
      [0.33333333333, 0, 0.66666666667, 0],
      [0, 0, 1, 0],
      [0.088648455815, -0, 0.91135154418, 0],
      [0.0051429991726, 0, 0.99485700083, 0],
      [0.10205339184, 0, 0.89794660816, 0]
    ],
    [
      [0.53214545676, 0.12062308659, 0.33959311193, 0.0076383447218],
      [0.074040535537, 0.018554728217, 0.82303608759, 0.084368648656],
      [0.012680071557, 0.96586521056, 0.020470746016, 0.00098397186712],
      [0.0084589266724, 0.14831190628, 0.49438697234, 0.34884219471],
      [0.12819014185, 0.24550856255, 0.36607980983, 0.26022148576]
    ],
    [
      [0.26813393865, 0.17471222882, 0.54075563873, 0.016398193801],
      [0.02504965918, 0.012398106433, 0.84319257999, 0.1193596544],
      [0.0029231126064, 0.95434182357, 0.034039810512, 0.008695253311],
      [0.0025954399165, 0.12659609399, 0.46269014922, 0.40811831687],
      [0.044982741312, 0.23219586392, 0.38136334139, 0.34145805338]
    ],
    [
      [0.3115797786, 0.16552178341, 0.51657879718, 0.0063196408089],
      [0.033310162729, 0.02613903412, 0.89025262404, 0.050298179116],
      [0.0035569942694, 0.96961718216, 0.026825823569, 0],
      [0.0043066214119, 0.16314253508, 0.60570012223, 0.22685072128],
      [0.068684913438, 0.28204703207, 0.47014256712, 0.17912548737]
    ],
    [
      [0.41267653231, 0.14634113321, 0.42892461805, 0.01205771643],
      [0.050743247886, 0.019632177899, 0.82456656508, 0.10505800913],
      [0.0079530383848, 0.95993830015, 0.026613449248, 0.0054952122142],
      [0.0055410977996, 0.13685349721, 0.47341328446, 0.38419212053],
      [0.085533406792, 0.2382137779, 0.37057452345, 0.30567829186]
    ],
    [
      [0.45543114184, 0.12800838379, 0.40749038623, 0.0090700881351],
      [0.066771610907, 0.0055860589341, 0.84363576153, 0.084006568631],
      [0.015810677315, 0.94353934054, 0.036732651241, 0.0039173309006],
      [0.0075641766097, 0.13991423343, 0.52030183885, 0.33221975112],
      [0.10915054895, 0.23608861361, 0.39703440723, 0.25772643021]
    ],
    [
      [0.35235046137, 0.14573608214, 0.48887927801, 0.013034178486],
      [0.039451704921, 0.004384549211, 0.8576398924, 0.098523853472],
      [0.0068201235625, 0.94104478338, 0.045432609491, 0.0067024835624],
      [0.0043341934576, 0.12933266523, 0.49893255313, 0.36740058818],
      [0.070017416417, 0.22911259964, 0.40138398174, 0.2994860022]
    ]
  ],
  "expected_outcome": [
    [
      [1.5974586896, 2.2507761849, 0, 0.74351299409, 0.63135208414, 0.71938973113, 1.7098709734, 14.5681210572, 40.4125431907, 10.0526495725, 39.0909854885, 6.8739447089, 9.0905312533, 25.5858099279, 11.2239562476, 19.5609804439, 12.5488733078, 11.7881584716, 6.3525148377, 22.8108063504, 9.8284829244, 7.4677351814, 12.9334102289, 11.6004597983, 16.7540875331, 4.7541639652, 5.0517253819, 9.3956589873, 21.9586771031, 9.326542885, 3.6579385525, 27.0826074087, 9.6515750468, 10.2584361998, 4.1351751552, 12.200014719, 16.0892388041, 7.5292516234, 4.3009263125, 9.7384999911, 7.2991459489, 1.7178915642, 6.9923956399, 29.9362641539, 28.5253547007, 4.8743241507, 20.3728731074, 1, 2.1285818271, 2.1450715092, 61.3812163837, 9.0788837109, 79.2450186803, 23.6074809116],
      [0.064366791128, 0.43841936839, 0, 0.082348153948, 0.10783705648, 0.55417223115, 2.7582229382, 10.09381317, 13.2695002123, 5.0893321046, 15.9791458618, 6.1800064647, 3.9361215876, 16.4403785889, 5.4689246005, 9.4098023095, 4.8413535062, 4.5475502679, 1.4684706719, 9.4387628857, 4.8412278986, 3.5346173123, 8.9081748953, 6.0517390981, 11.3852070645, 1.6086650711, 1.5074175772, 6.0811575658, 12.1238801847, 4.9876838121, 2.0649881622, 13.6858419766, 8.3717947689, 5.4629636235, 2.7521992255, 5.7532146789, 9.1875916728, 2.2446446621, 1.7373935027, 3.5781942513, 4.8010254092, 1.157653118, 2.1857012373, 11.9266530328, 13.9682507556, 3.7844659757, 14.4480362424, 0, 0.48249234635, 1.3976978306, 32.6077913315, 3.2195049306, 22.2734587798, 9.7643175032],
      [0.33630884431, 1.2696635332, 0, 0.1708739357, 0.26081085938, 0.69036644461, 9.3623215843, 33.7206789196, 47.3611409935, 16.614295575, 55.1721316171, 16.6069511324, 13.6583094778, 50.2817198921, 22.0416110602, 32.3829784559, 14.4143770296, 17.004357609, 5.1096365899, 31.1023999372, 15.9845056614, 11.7854432106, 27.7928169285, 19.9526318926, 40.1451474986, 5.5473591011, 4.3527430631, 24.1392186843, 38.217220881, 15.383668976, 7.1659404817, 46.6613688474, 26.4510586319, 16.9740197403, 9.0083982117, 17.7577571049, 29.2065003333, 8.1015912418, 5.8590385156, 13.4187845794, 14.6596913672, 2.0826166769, 7.7102452627, 42.3649090971, 45.5811153636, 13.1029305564, 44.4165028311, 2, 1.3583724477, 4.3260451098, 101.7660230454, 9.436341597, 70.9033272044, 32.7549116266],
      [0.0018656749108, 0.041140913496, 0, 0.0032649162593, 2.1895288505e-47, 0.036071593108, 0.16958450414, 0.61738685326, 0.95681560342, 0.24372274786, 0.75773703255, 0.33909769397, 0.31503768134, 0.6920915911, 0.26550809169, 0.6462387907, 0.19539615634, 0.65993365154, 0.06937790044, 0.64803082677, 0.34578351551, 0.21220429568, 0.36559794732, 0.39516921101, 0.71555790381, 0.089811862711, 0.088113977892, 0.38396476258, 0.70022183115, 0.30210432701, 0.11113280364, 0.57018176737, 0.52557155233, 0.30458043641, 0.10422740758, 0.28901349723, 0.51666918984, 0.12451247275, 0.1026416692, 0.26452117824, 0.24013727467, 0.041838640905, 0.11165786015, 0.77217371621, 0.92527918003, 0.23827931716, 0.76258781903, 0, 0.030553378887, 0.13118555041, 1.2449692394, 0.26526976146, 1.5781953355, 0.87328995856]
    ],
    [
      [1.047102508, 0.86073335594, 0, 0.8909923579, 0.22075407955, 0.075943960551, 1.4848290168, 11.8354297677, 22.7251093702, 13.6498325512, 16.0796613831, 7.7799187834, 4.1668407244, 10.8005946041, 2.4176943459, 8.5295741443, 19.01913301, 1.7267117791, 8.7198475109, 27.6082462856, 8.0777897034, 4.4699371337, 4.1884126903, 4.3236402697, 7.5185069965, 6.7060208219, 7.9852048431, 1.2186131047, 15.2931205551, 13.7615276344, 2.9733239631, 12.9359846921, 1.9934634916, 4.3267545408, 6.826938709, 7.630128748, 8.5375389795, 6.2021127484, 10.3144992728, 7.0863851966, 7.2025585229, 0, 9.7377555369, 18.2777524141, 17.4049656918, 6.5590862909, 6.9536970362, 0, 1.9990944595, 5.1852794503, 33.0436814273, 8.3218926533, 54.4188628889, 7.1013068858],
      [0, 0.073158375909, 0.069246875541, 0.41194011952, 0.53149349456, 1.7750056491, 1.8873284239, 5.929499242, 0, 7.1331770097, 2.8507273556, 21.0527291973, 0.10640854641, 10.8288744644, 0, 1.103017952, 13.4771205795, 0, 0, 4.7157881208, 1.9465140837, 1.4183866145, 4.6903169779, 1.713053855, 1.3972870685, 0.10845499435, 3.6391914084, 0, 10.2592048582, 10.4687643397, 0.72359609161, 4.6593144508, 2.8801929428, 3.0463991434, 6.2717104401, 4.8874807804, 5.4711449751, 0, 1.5555726245, 0, 8.1632323402, 1.2844333962, 0, 0, 5.9457492206, 1.1930217712, 7.9133788475, 0, 0.50097766185, 2.5664080316, 25.9299218467, 3.2196771755, 4.5526380313, 0.78921885797],
      [4.6114499257, 7.8951376259, 2.9458596616, 4.2735567535, 4.2477524259, 4.7728939699, 154.9240789051, 469.4846519128, 458.5345540274, 364.2637807726, 349.3249769697, 303.744775484, 100.5803952737, 352.039498716, 152.4595320556, 228.2598399874, 339.6947791117, 49.0265891907, 109.6217793234, 592.0595045414, 215.0491069752, 114.8176740663, 156.4927451179, 124.9208633946, 312.3350423245, 123.2652753208, 106.5388104256, 325.8530732677, 436.2275752121, 368.8678314057, 98.4632965961, 358.4643678371, 111.1488272161, 119.8137424431, 249.2099749821, 179.140998539, 254.57996381, 116.8059267989, 225.3919319294, 281.1844626909, 240.7731949733, 4.3115339097, 173.1192993025, 435.5479881156, 447.8699578723, 302.445545232, 264.3405767243, 4, 22.2219743649, 174.540864058, 883.1306030432, 135.2289166736, 687.5631456458, 154.3751806313],
      [0.34144756637, 1.1709706422, 0.98489346282, 0.42351076905, 0, 1.3761564205, 12.7037636542, 38.7504190776, 40.7403366024, 23.9532096665, 21.7446342917, 27.4225765353, 10.1463554555, 22.3310322155, 8.1227735985, 20.1075679164, 20.8089672988, 7.2466990302, 6.6583731657, 55.6164610522, 20.9265892377, 9.2940021855, 9.628525214, 11.0424424808, 24.7491636105, 8.920248863, 9.8367933229, 22.9283136276, 36.2200993746, 32.9018766201, 6.8397833492, 19.94033302, 9.9775163494, 9.8131038727, 12.6913758689, 13.3413919325, 20.4113522354, 7.9919604527, 17.7379961734, 24.7291521125, 17.8610141636, 0.40403269413, 11.1429451606, 35.1742594704, 40.7793272153, 24.8023467059, 20.792347392, 0, 2.2779535137, 24.70744846, 49.8957936828, 17.2295134975, 68.4653534341, 17.7342936249]
    ],
    [
      [1.0649999166, 0.26438744015, 0, 0, 0, 0, 0.055785931383, 0.83433240261, 9.1347975697, 1.4914679005, 4.3874683303, 0, 0.91912872164, 0.80600180241, 2.9249186226, 1.2479902702, 1.8581180644, 0.90774920217, 2.6823740265, 4.542560784, 0.78024950279, 1.0294528336, 0.11076645229, 0.45755017874, 0.59906414108, 1.0274636881, 1.1185236236, 6.329957251, 1.7292550085, 1.1708185571, 0.35769916604, 1.9584123839, 0, 0.46827814881, 0.51136697435, 1.0712463043, 1.2751509215, 2.1689549824, 0.5394617826, 7.7506149696, 0.69095238995, 0, 1.5117048103, 4.5429886115, 2.2456005022, 0.44256737829, 0.12360281861, 0, 1.0778060823, 0.51739093133, 4.1759112723, 1.2645331032, 12.5852991425, 1.5345278016],
      [6.6530348153, 10.4378476485, 2.9307531245, 9, 6, 8, 97.363297135, 343.0503508974, 438.3999817716, 325.5271955252, 519.7599549388, 587, 144.9564220814, 644.4028585654, 119.2066458605, 252.7384811373, 271.6129370906, 73.4669053195, 129.0297963937, 664.815597973, 169.0051402823, 204.9230616979, 226.7124304993, 136.197941666, 317.1870732567, 112.8318465583, 109.2923382, 117.8623017514, 506.0847304036, 290.926798948, 103.1742127954, 417.6071394275, 260.4663627833, 156.3516851515, 177.9430916288, 223.1940165114, 443.8380927674, 91.3808289104, 86.4422545359, 207.679709892, 326.8633164949, 19, 95.4783196557, 363.9579194626, 471.0952650728, 176.395178497, 390.9954185818, 0, 82.0985428976, 168.9185027721, 1138.3305718575, 152.6301897244, 751.0573150725, 211.7350762615],
      [0.28196526805, 0.25711920322, 0.054140338361, 0, 2.3111159333e-32, 0, 4.2268738485, 14.8704356261, 25.1743922419, 12.5352608779, 25.8652302699, 0, 8.0215018543, 13.7911396322, 8.5678564274, 12.7557451042, 6.516098573, 4.4903289902, 7.0466907901, 30.4067369043, 7.3603829152, 9.3420841225, 6.1768030484, 5.8068596488, 16.8243911926, 5.817192528, 2.40388332, 7.3430172866, 16.9158907322, 9.1016376634, 5.2079813341, 18.9343653533, 7.6880778395, 4.862743692, 6.5039465349, 6.5091600608, 14.9142191189, 5.1856464747, 3.7587610567, 14.226827303, 7.3328826238, 0, 4.8036345454, 19.9408473934, 19.6584106105, 8.4876402886, 10.2342500378, 0, 1.7400134113, 6.0250464606, 31.4935168703, 4.2315384304, 29.2391903881, 10.2223371354],
      [0, 0.040645708116, 0.01510653718, 0, 1.4791141973e-31, 0, 0.35404308516, 1.2448810739, 2.2908284168, 0.44607569638, 0.9873464609, 0, 1.1029473426, 0, 0.30057908947, 1.2577834883, 0.012846272033, 1.1350164881, 0.24113878961, 3.2351043387, 0.85422729974, 0.70540134607, 0, 0.53764850647, 1.3894714096, 0.32349722565, 0.18525485643, 0.46472371094, 1.2701238557, 0.8007448315, 0.26010670445, 0.50008283527, 0.84555937727, 0.31729300767, 0.041594861879, 0.22557712358, 0.97253719222, 0.26456963247, 0.25952262481, 1.3428478355, 0.11284849144, 0, 0.20634098856, 1.5582445325, 2.0007238145, 0.67461383615, 0.64672856181, 0, 0.083637608705, 1.5390598361, 0, 0.87373874206, 3.1181953968, 1.5080588015]
    ],
    [
      [0.027731082186, 0, 0, 0, 0, 0, 0.025531390456, 0.18021218524, 0.30250270096, 0.22262379904, 0.10369776269, 0.08910476254, 0.050367521145, 0.1505274609, 0.057882969294, 0.10279303912, 0.21493076911, 0, 0.13235461192, 0.35912376716, 0.10713891961, 0.083279604817, 0.025529335066, 0.040238011648, 0.086179951466, 0.13478095212, 0.13379105255, 0.081664296709, 0.18483158536, 0.13027929192, 0.027504375713, 0.13232767181, 0.017793239713, 0.056952156225, 0.078754200234, 0.10045154958, 0.10030269927, 0.060906287579, 0.13360725286, 0.13983102734, 0.12035166306, 0, 0.17117458742, 0.40753835659, 0.19721684913, 0.071616849483, 0.063695000757, 0, 0.025376780017, 0.072672317663, 0.41774227695, 0.11082195599, 0.48410730302, 0.026005160745],
      [0.10969071146, 0, 0, 0, 0, 0.38806631264, 3.6403415629, 9.5030744242, 6.6428059984, 8.1033755343, 2.9882101416, 6.0878876509, 1.562027474, 7.1105541782, 2.0686451683, 3.5535215843, 5.841936591, 0, 2.0564822564, 10.3288299852, 3.8177093698, 2.8427815564, 1.2686978966, 1.5434235462, 4.4124262567, 3.103770462, 2.7735676333, 3.9647976279, 7.4075208403, 5.0380575909, 1.1455749204, 4.7627464359, 1.1459358247, 2.2399394544, 3.8671588624, 3.3942978464, 4.1530398166, 1.2605426173, 3.8151350767, 3.5209984736, 5.9839222101, 0, 3.5629904469, 10.8216042837, 6.8896116157, 4.122117304, 3.3443194244, 0, 0.44493571883, 3.5446906317, 15.8248259025, 2.7370699442, 8.9545109394, 0.77599599137],
      [0.46153407582, 0, 0, 0, 0, 0.53778572568, 14.6117551465, 37.4687805792, 27.426420024, 31.1600836, 12.0104755664, 19.1508908283, 6.3151488116, 25.9105152413, 9.5018092399, 14.2790688193, 20.5248479339, 0, 8.4135844632, 40.1844782205, 14.8676734711, 11.1766285776, 4.7604635905, 5.9840523202, 18.2241897319, 12.7134515381, 9.4048944815, 18.5084387884, 27.5837192591, 18.3034661133, 4.6788693745, 19.09406168, 4.3171274823, 8.2677170829, 14.9014208775, 12.4176586469, 15.612802171, 5.28398294, 15.2336531116, 15.5970000465, 21.4296744804, 0, 14.8829881279, 45.2733909271, 26.4772528623, 16.8861516287, 12.3022749111, 0, 1.483160917, 12.9553241783, 58.7529118563, 9.4682656892, 33.2993176861, 2.9935953188],
      [0.40104413053, 0, 0, 0, 0, 1.0741479617, 7.7223719002, 19.8479328113, 15.6282712767, 13.5139170667, 4.8976165292, 11.6721167583, 4.0724561932, 10.8284031196, 3.3716626225, 8.0646165572, 8.418284706, 0, 3.3975786685, 24.1275680271, 9.2074782394, 5.8973102611, 1.9453091779, 3.4322861219, 9.27720406, 6.0479970478, 5.6877468326, 8.445099287, 14.8239283152, 10.5281970039, 2.1480513294, 7.0108642124, 2.5191434533, 4.4353913065, 5.1526660599, 6.0875919571, 8.1338553131, 2.3945681551, 7.8176045589, 8.7421704526, 10.4660516465, 0, 6.3828468378, 23.4974664327, 15.4359186728, 8.9201142178, 6.2897106638, 0, 1.0465265841, 11.4273128723, 22.0045199642, 7.6838424106, 21.2620640715, 2.2044035291]
    ],
    [
      [0.26270780358, 0.62410301901, 0, 0.365494648, 0.14789383631, 0.20466630832, 0.72398268796, 3.5819045873, 8.4250471684, 4.5834261768, 7.3381870354, 4.2570317452, 2.7731317795, 4.6570662047, 2.3755478145, 4.5586621025, 7.3589448487, 1.5773805471, 4.112909013, 7.6792628129, 3.2063389497, 1.9495952465, 3.7418812935, 1.5781117417, 4.0421613778, 2.3775705728, 3.7107550988, 1.9741063602, 5.834115748, 5.6108316316, 1.9835339427, 4.8906678435, 1.3371682218, 1.8895789544, 3.4477649612, 3.9981586792, 4.9977685956, 3.0387743583, 1.7115053793, 4.2846688154, 3.6869914752, 0.28210843575, 3.5869694254, 6.8354564639, 7.6268622562, 2.0524053306, 3.486132037, 0, 0.76914085111, 1.0795857915, 12.9814486397, 2.2238685766, 22.2667119853, 2.7306792402],
      [0.17290768209, 1.0505746072, 0, 0.50571172653, 0.36066944896, 2.2827558071, 9.35080994, 19.4232622663, 21.6877120177, 18.1469198262, 23.4219617022, 30.6793766871, 9.4390203105, 23.2173342032, 9.2557843707, 17.1951770168, 22.2266522327, 4.9855444126, 7.445250678, 24.7010210353, 12.3894083656, 7.2811528189, 20.4203797309, 6.4938418347, 21.6180063536, 6.3472629143, 8.7874851811, 10.0917430549, 25.1246637131, 23.5786953093, 8.8916280304, 19.2849577093, 9.1357136803, 7.8990126272, 18.1658398431, 14.7709901828, 22.3501307681, 7.1139838102, 5.4496442602, 12.2210973831, 19.1885035456, 1.5579134858, 8.7729886602, 21.2938232209, 29.1011233352, 12.5052164521, 19.2988469038, 0, 1.4730513753, 5.572700734, 53.3068890618, 6.1935582253, 48.162077177, 8.9353913859],
      [0.30874188615, 1.5780796376, 0, 0.55556931077, 0.49143671472, 0.99895385983, 16.8749705157, 34.4554529624, 40.5034927132, 31.4265791744, 42.6271855768, 42.4973825552, 17.4246445826, 37.9771265184, 19.429191217, 31.3223676332, 34.8498973519, 9.4787242102, 13.8083088333, 43.2468803965, 21.7383309771, 12.878170023, 33.7771713147, 11.3355927438, 40.4712292525, 11.6567215121, 13.2996687099, 21.156251973, 42.0555939155, 38.3433958416, 16.4839122136, 34.8458362822, 15.3949088302, 13.0817770417, 31.3762593939, 24.1744256484, 37.6865145668, 13.6228525445, 9.7566153867, 24.5729253803, 30.8045565554, 1.6058494135, 16.4838327615, 39.8728644668, 50.4132632913, 23.0777322942, 31.7063954958, 0, 2.196478859, 9.1527201934, 88.8569451849, 9.6349376097, 80.9950190756, 15.6539752879],
      [0.25564262818, 1.7472427362, 0, 0.5732243147, 0, 2.5136240247, 9.0502368564, 18.5393801839, 23.3837481007, 13.8430748226, 17.6126656856, 26.5662090124, 11.3632033273, 16.1484730738, 6.9394765978, 17.9237932475, 14.5645055668, 8.9583508302, 5.6335314758, 26.3728357552, 13.6659217076, 6.8910819116, 14.0605676608, 6.5924536799, 20.8686030161, 5.6184450008, 8.2020910102, 9.7778986119, 22.9856266234, 22.4670772175, 7.6409258132, 12.978538165, 9.1322092677, 7.1296313767, 11.0101358018, 12.0564254896, 19.9655860695, 6.224389287, 5.0822349737, 13.9213084211, 15.3199484238, 1.554128665, 7.1562091529, 20.9978558483, 29.8587511174, 12.3646459231, 16.5086255634, 0, 1.5613289146, 8.1949932812, 33.8547171136, 7.9476355884, 52.5761917621, 11.6799540859]
    ]
  ],
  "prob": [
    [0.3254377099, 0.15524271823, 0.51022710939, 0.009092462473],
    [0.034354510553, 0.014306088954, 0.88080500413, 0.070534396361],
    [0.0067368714418, 0.9547019673, 0.035949892496, 0.002611268765],
    [0.0043387267654, 0.14534828865, 0.56072703384, 0.28958595074],
    [0.068892201859, 0.25671566625, 0.4418585625, 0.23253356939]
  ],
  "iterations": 250,
  "logLik": -548.8940511466,
  "time": 0.000779,
  "message": "Converged",
  "status": 0,
  "miniter": 0,
  "maxiter": 1000,
  "maxtime": 3600,
  "param_threshold": 0.001,
  "ll_threshold": "-Inf",
  "initial_prob": "random",
  "adjust_prob_cond_method": "project_lp",
  "adjust_prob_cond_every": false,
  "candidates_id": ["O'HALLORAN, Lawrence John.c", "PLIMMER, Malcolm Ross.c", "LEES-GALLOWAY, Iain Francis.c", "Other candidates votes.c"],
  "group_id": ["Green Party.p", "Labour Party.p", "National Party.p", "New Zealand First Party.p", "Other parties votes.p"]
}
