{
  "Z_true": {},
  "V_true": [
    [1082, 1561, 754, 177],
    [423, 6627, 698, 373],
    [213, 406, 15959, 544],
    [61, 675, 443, 669],
    [111, 260, 1054, 734]
  ],
  "p_true": [
    [0.3027, 0.4368, 0.211, 0.0495],
    [0.0521, 0.816, 0.086, 0.0459],
    [0.0124, 0.0237, 0.9321, 0.0318],
    [0.033, 0.3653, 0.2397, 0.362],
    [0.0514, 0.1204, 0.4882, 0.34]
  ],
  "Z_est": [
    [
      [136.0485, 38.4874, 57.8451, 21.1915, 66.9709, 98.3263, 63.7373, 27.7394, 90.6395, 20.9793, 36.8421, 13.6614, 2.9798, 35.2147, 1.5704, 38.5412, 0, 2.1235, 28.6182, 55.6507, 44.4493, 56.6097, 41.115, 24.3442, 73.7677, 0, 5.7568, 4.2168, 6.7174, 134.6996, 18.7679, 146.6392, 24.2999],
      [70.3191, 24.9098, 39.3941, 22.7489, 48.4762, 50.6016, 33.6939, 20.2734, 53.0496, 7.3981, 21.0472, 10.6099, 0.7585, 15.7623, 0.1213, 20.8632, 0.8626, 1.5181, 14.883, 41.1616, 25.4059, 29.854, 21.3882, 6.7626, 48.5299, 1.0962, 3.5831, 0.7066, 2.4746, 79.879, 9.8988, 62.9647, 20.8102],
      [93.4245, 27.1163, 47.1231, 18.514, 61.5204, 107.7041, 71.8682, 36.5659, 68.0878, 15.4515, 33.7505, 18.4857, 1.2541, 29.6916, 0.3016, 37.123, 1.1203, 2.3156, 22.144, 61.4242, 58.829, 59.956, 49.9759, 24.7366, 97.8298, 0.9038, 4.5541, 3.0745, 8.7035, 146.7095, 15.1851, 79.1164, 23.6831],
      [1.2079, 0.4865, 0.6376, 0.5456, 1.0325, 0.3679, 0.7006, 0.4213, 1.2231, 0.1711, 0.3603, 0.243, 0.0075, 0.3314, 0.0068, 0.4727, 0.017, 0.0427, 0.3548, 0.7635, 0.3158, 0.5803, 0.521, 0.1566, 0.8726, 0, 0.106, 0.0021, 0.1045, 1.7119, 0.1482, 1.2798, 0.2069]
    ],
    [
      [7.3814, 3.1217, 4.3739, 1.3607, 3.0701, 3.6868, 2.609, 1.1425, 3.863, 2.6079, 4.2656, 1.494, 0.4414, 4.1352, 0.2387, 3.0234, 0, 0.2475, 1.4717, 5.006, 1.2445, 3.0097, 4.1037, 1.5706, 3.9915, 0, 0.1355, 0.1707, 0.5142, 11.4651, 1.8823, 8.5002, 0.5206],
      [486.387, 236.9721, 357.2709, 160.068, 271.5351, 232.6599, 171.9351, 110.1694, 279.63, 120.2857, 300.3149, 158.1255, 18.6055, 232.525, 5.0397, 203.2627, 5.1204, 20.621, 96.4446, 472.8358, 88.8058, 197.1879, 265.1619, 54.5093, 335.135, 11.5026, 10.9468, 4.5967, 22.9165, 848.1197, 124.2432, 496.6541, 54.5622],
      [32.5268, 12.43, 21.414, 6.0608, 17.2951, 25.0799, 18.473, 9.9311, 18.0896, 12.5723, 24.1539, 13.8067, 1.3811, 21.9847, 0.563, 18.1473, 0.3123, 1.3196, 7.1404, 35.6436, 10.3247, 19.8984, 31.1973, 9.8654, 34.1304, 0.4974, 0.6132, 0.8686, 3.9442, 78.7414, 9.4565, 31.6721, 3.0986],
      [67.7049, 35.4761, 46.9412, 33.5105, 47.0998, 24.5734, 28.9829, 17.7571, 56.4174, 21.534, 42.2657, 29.5738, 1.572, 39.3551, 3.1586, 37.5665, 0.5672, 3.812, 18.9433, 71.5146, 10.625, 30.904, 52.5371, 9.0547, 49.7431, 0, 1.3045, 0.364, 9.6251, 149.6738, 15.418, 81.1737, 4.8186]
    ],
    [
      [17.7085, 6.0728, 10.823, 3.9346, 9.916, 12.9107, 14.448, 3.5832, 17.286, 4.8765, 7.7692, 3.4099, 1.1128, 8.7907, 0.8944, 8.9094, 0, 0.4836, 5.4416, 11.2687, 5.3778, 10.6852, 10.4723, 5.0612, 14.2301, 0, 0.7293, 1.3794, 1.3033, 29.4888, 4.8168, 28.8596, 3.665],
      [37.4998, 15.08, 28.106, 16.7033, 27.7313, 27.6136, 29.0705, 11.4422, 40.9523, 6.8758, 17.346, 11.6934, 1.4368, 15.3974, 0.7746, 18.7103, 0.1316, 1.0002, 11.379, 33.6921, 12.5002, 21.6261, 20.6216, 2.8369, 40.5069, 0.7956, 1.4435, 0.244, 1.308, 69.6956, 10.0169, 56.0481, 11.1453],
      [799.2303, 268.2314, 551.5419, 210.0958, 574.2626, 870.231, 1032.7334, 335.8727, 826.6327, 244.0202, 453.3316, 330.5506, 38.3162, 479.6532, 24.2797, 545.1647, 13.3688, 31.8734, 272.0074, 820.3735, 448.7779, 714.3989, 806.3787, 283.4219, 1299.7797, 16.2044, 35.1469, 58.3766, 87.0263, 2073.9881, 249.4223, 1106.8029, 214.9142],
      [7.5614, 3.6159, 5.5291, 4.2662, 7.09, 0.2447, 7.7481, 3.1019, 10.129, 2.2275, 3.5533, 3.3462, 0.1343, 4.1587, 0.0514, 5.2156, 0.4996, 0.6428, 3.172, 7.6658, 1.344, 5.2898, 6.5275, 1.6799, 8.4833, 0, 0.6802, 0, 0.3624, 17.8275, 1.7441, 13.2894, 1.2755]
    ],
    [
      [2.4843, 0.6852, 1.1466, 0.3197, 0.9548, 1.0733, 0.7627, 0.3169, 1.012, 0.7705, 0.8787, 0.4369, 0.053, 1.1058, 0.0515, 0.5563, 0, 0.025, 0.6297, 1.1315, 0.3616, 0.5782, 1.0645, 0.504, 1.1475, 0, 0, 0.0698, 0.0808, 2.9421, 0.4624, 1.773, 0.0106],
      [81.7641, 28.0683, 49.3215, 21.2545, 43.6734, 34.8348, 25.6126, 14.9636, 37.4912, 17.7497, 31.971, 22.1928, 1.1221, 31.6681, 0.5105, 19.1911, 0.5427, 1.3075, 21.0453, 53.3223, 13.1588, 19.3939, 35.1916, 9.0937, 48.0461, 0.9088, 0, 0.9378, 1.9664, 110.4014, 15.7832, 48.778, 0.5896],
      [15.6271, 4.3642, 8.4664, 2.4531, 7.9564, 10.6877, 7.8421, 3.8568, 6.9225, 5.2879, 7.351, 5.5246, 0.2473, 8.5485, 0.1637, 4.8966, 0.1068, 0.2638, 4.4694, 11.436, 4.3673, 5.587, 11.7997, 4.6865, 13.9323, 0.0912, 0, 0.523, 0.9608, 29.1908, 3.4482, 8.8291, 0.0951],
      [65.1245, 23.8822, 37.0655, 25.9727, 43.4154, 21.4042, 24.7827, 13.8627, 43.5742, 18.1918, 25.7992, 23.8456, 0.5777, 30.6776, 2.2743, 20.356, 0.3504, 1.4037, 23.8556, 46.1102, 9.1123, 17.4409, 39.9442, 8.7159, 40.8741, 0, 0, 0.4694, 4.9921, 111.4658, 11.3062, 45.6198, 0.3047]
    ],
    [
      [7.3773, 2.6329, 3.8114, 1.1935, 4.0882, 4.0029, 3.4429, 1.218, 5.1994, 2.7657, 3.2445, 0.9979, 0.4131, 3.7536, 0.245, 3.9697, 0, 0.1205, 1.8388, 3.943, 1.5668, 3.1172, 3.2446, 1.52, 5.8632, 0, 0.3784, 0.1633, 0.3843, 10.4044, 1.0706, 9.228, 0.5038],
      [60.0301, 26.9698, 40.9075, 20.2253, 46.5839, 32.29, 28.688, 14.1515, 47.8769, 15.6907, 29.3209, 12.3783, 2.0771, 26.6472, 0.554, 33.9727, 1.3426, 1.5531, 15.2481, 45.9882, 14.1293, 25.9382, 26.6367, 6.7975, 60.7822, 0.6968, 4.0266, 0.5149, 2.3345, 96.9043, 9.0579, 62.5551, 6.8928],
      [43.1913, 15.8581, 26.4545, 8.8763, 31.9656, 37.2973, 33.0833, 13.7735, 33.2674, 17.6681, 25.413, 11.6324, 1.8013, 27.1221, 0.6921, 32.6684, 1.0917, 1.2276, 12.2388, 37.1228, 17.701, 28.1596, 33.6484, 13.2895, 66.3277, 0.3032, 2.6857, 1.1573, 4.3653, 96.3702, 7.4879, 42.5795, 4.209],
      [32.4013, 15.5392, 20.8265, 16.7049, 31.3623, 13.4098, 18.7858, 8.857, 37.6563, 10.8756, 16.0215, 8.9914, 0.7085, 17.4771, 1.5089, 24.3892, 0.5657, 1.0988, 11.6743, 26.9459, 6.6029, 15.785, 20.4703, 4.393, 35.0269, 0, 1.9092, 0.1646, 3.9159, 66.3211, 4.3836, 39.6373, 2.3943]
    ]
  ],
  "V_est": [
    [1418.5507, 811.8061, 1328.244, 15.3992],
    [90.6489, 6454.1498, 532.6336, 1043.5677],
    [265.7084, 601.4248, 16116.4096, 138.4572],
    [23.389, 841.8565, 199.9828, 782.7717],
    [91.703, 819.7628, 730.73, 516.8042]
  ],
  "p_est": [
    [0.3969, 0.2271, 0.3716, 0.0043],
    [0.0112, 0.7947, 0.0656, 0.1285],
    [0.0155, 0.0351, 0.9413, 0.0081],
    [0.0127, 0.4556, 0.1082, 0.4236],
    [0.0425, 0.3797, 0.3385, 0.2394]
  ],
  "EI_Z": {},
  "EI_V": 8.6135,
  "MAE_Z": {},
  "MAE_V": 282.7296,
  "MAE_p": 0.0772,
  "runtime": 0.046
}
