{
  "Z_true": {},
  "V_true": [
    [33, 541, 61, 161, 1197, 28],
    [301, 438, 262, 278, 11178, 121],
    [180, 153, 1001, 14459, 2360, 257],
    [536, 15, 31, 155, 718, 25],
    [107, 106, 362, 917, 907, 421]
  ],
  "p_true": [
    [0.0163, 0.2677, 0.0302, 0.0797, 0.5923, 0.0139],
    [0.0239, 0.0348, 0.0208, 0.0221, 0.8887, 0.0096],
    [0.0098, 0.0083, 0.0544, 0.7854, 0.1282, 0.014],
    [0.3622, 0.0101, 0.0209, 0.1047, 0.4851, 0.0169],
    [0.0379, 0.0376, 0.1284, 0.3252, 0.3216, 0.1493]
  ],
  "Z_est": [
    [
      [3.2758, 0, 0, 0.5211, 0.4845, 1.1072, 0.1303, 0, 0, 2.3447, 8.4201, 1.5632, 2.9309, 4.1684, 3.8428, 3.0612, 0.4845, 0.9734, 0, 17.1833, 3.9335, 0, 0, 0.5211, 0.2605, 1.3026, 9.6356, 3.7125, 7.7506, 2.2796, 3.5171, 1.6283, 2.475, 1.7585, 0.8714, 0, 1.6283, 3.2561, 0.5207, 0.4559, 2.7392, 1.8237, 5.6013, 0.6513, 9.6395, 0, 10.8118, 2.475],
      [13.8577, 30.6849, 27.7154, 2.9278, 3.9593, 8.4136, 0.9898, 0.975, 0.9639, 11.9651, 14.5419, 11.878, 22.2713, 31.6747, 29.2001, 23.2611, 7.4238, 7.9874, 34.6442, 65.3291, 34.1493, 3.4644, 3.0086, 4.5348, 1.9797, 9.8983, 31.808, 28.2103, 58.8952, 17.3221, 26.7255, 7.9447, 18.8069, 13.3628, 51.9663, 13.3628, 12.3729, 10.3933, 1.9797, 3.4644, 26.9434, 13.8577, 42.5629, 3, 73.2478, 9.9709, 82.1563, 18.8069],
      [1.8213, 8.0709, 7.2899, 0.5204, 0.5569, 1.1058, 0.1301, 0.2602, 0, 2.3416, 2.6668, 1.5611, 2.927, 4.1629, 3.8377, 3.0571, 1.4682, 1.0407, 4.5531, 0, 5.0487, 0.4553, 0.7419, 0.5204, 0.2602, 1.3009, 4.8133, 3.7076, 7.7404, 2.2766, 3.5124, 6.0543, 2.4717, 1.7562, 12.7971, 5.8148, 1.6261, 1.3659, 0, 0.4553, 3.4474, 1.8213, 5.5939, 0.6504, 9.6267, 1.3659, 10.7975, 2.4717],
      [1.8141, 4.0168, 3.6281, 0.5183, 0.5183, 1.1014, 0.1296, 0.3182, 0.3239, 8.1843, 2.6563, 1.5549, 2.9154, 4.1464, 3.8225, 3.045, 0.9718, 1.0366, 10.7994, 8.552, 4.4703, 0.4535, 0.3887, 0.5183, 0.2592, 1.2958, 4.7943, 3.6929, 7.7097, 2.2676, 3.4985, 1.6197, 2.4619, 1.7493, 6.8027, 1.7493, 1.6197, 1.3605, 0.2592, 0.4535, 3.4337, 1.8141, 5.5717, 2.597, 9.5886, 3.1507, 10.7547, 2.4619],
      [5.0698, 11.2259, 10.1395, 3.0934, 1.4485, 3.0781, 0.3621, 1.9304, 3.7122, 6.5183, 7.4236, 4.3455, 8.1478, 11.588, 10.6827, 8.51, 2.7159, 2.897, 12.6744, 23.9003, 12.4933, 1.2674, 1.0864, 1.4485, 0.7243, 3.6213, 13.3986, 10.3206, 21.5465, 6.3372, 9.7774, 4.5266, 6.8804, 4.8887, 19.0116, 4.8887, 4.5266, 3.8023, 0.7243, 1.2674, 9.5963, 5.0698, 15.5714, 1.8106, 26.7973, 3.8023, 30.0564, 6.8804],
      [2.1614, 8.0015, 7.2271, 0.419, 1.0324, 2.1939, 0.2581, 0.5162, 0, 4.646, 5.2913, 3.0973, 5.8075, 8.2596, 7.6143, 6.0656, 1.9358, 2.0649, 7.3288, 17.0354, 8.9049, 1.3593, 0.7743, 0.457, 0.5162, 2.5811, 9.5501, 7.3562, 15.3576, 4.517, 6.969, 3.2264, 4.9041, 3.4845, 13.5509, 1.1844, 3.2264, 0.8219, 0.5162, 0.9034, 6.84, 3.6136, 11.0988, 1.2906, 19.1003, 2.7102, 21.4233, 4.9041]
    ],
    [
      [1.3586, 0, 0, 0, 0, 0.8152, 1.1349, 0, 0, 0.471, 0.5797, 0.5027, 2.9528, 8.6176, 0, 4.8062, 0, 0, 0, 1.8659, 0, 0, 0, 0.5777, 0.2989, 0.7382, 4.1103, 1.6711, 4.3509, 0.8514, 1.653, 0.7036, 0, 0, 0, 0, 0, 4.4754, 1.1114, 0.2763, 0, 0.4438, 1.5641, 6.8549, 4.6058, 0, 2.8849, 0.2989],
      [0, 0.4936, 0.413, 0, 0.4025, 0.4913, 0.7862, 0, 0, 0, 0, 0.1079, 0.9836, 0.5606, 4.2702, 0.4849, 0.0476, 0.0855, 0.1224, 2.0271, 2.3267, 0.3496, 0.0301, 0.035, 0.0641, 0.7139, 0, 0.3585, 0, 0, 0.3547, 0, 1.3429, 0, 0.6588, 0.171, 0.1185, 0.0894, 0.0243, 0.0593, 0.137, 1.4291, 0.1392, 0, 0.9882, 0, 0.6189, 0.0641],
      [4.3047, 5.9958, 3.9315, 0.1658, 0.5329, 0.7107, 0.0434, 0.0316, 0, 0.4107, 0.5054, 0.4383, 2.1106, 2.2783, 0.4932, 4.129, 1.0827, 3.2255, 0.4975, 0, 1.6702, 0, 0.2628, 1.4275, 0.4108, 0, 0, 1.457, 3.1233, 0.7423, 1.4412, 0.7344, 0, 1.2438, 7.885, 2.0773, 0.4817, 0, 0, 0, 0, 0.387, 1.8716, 0, 4.0157, 0.3751, 2.5152, 0.2606],
      [0, 3.1005, 3.6786, 0, 0.6042, 1.3808, 0.0671, 0.0928, 0.0854, 0.7883, 0.9056, 0.6775, 0, 0, 0, 0, 2.3457, 0.5371, 1.7587, 2.5146, 2.5817, 0.2258, 0.1892, 0, 0.4028, 0.2666, 2.655, 5.8173, 4.8278, 1.1474, 2.2277, 1.1352, 0, 0, 4.1381, 1.0742, 1.2971, 1.6107, 2.484, 1.9955, 0, 7.3162, 2.893, 6.7539, 6.2072, 1.1024, 3.8879, 0.4028],
      [294.3367, 498.4101, 416.9769, 41.8342, 97.1311, 176.602, 8.9318, 7.849, 13.9146, 102.0367, 125.5836, 108.9046, 639.6917, 563.6247, 633.2366, 489.58, 45.5239, 84.1519, 123.6214, 404.2223, 415.0147, 36.3015, 30.4148, 33.9598, 64.7541, 160.9631, 426.7882, 358.4689, 776.0676, 184.451, 358.1096, 182.8082, 381.6565, 312.7087, 665.2008, 172.6775, 119.6969, 85.8245, 21.2972, 58.4661, 136.6444, 88.4239, 465.9558, 103.9071, 997.8013, 93.2066, 624.9748, 64.7541],
      [0, 0, 0, 0, 0.3292, 0, 0.0366, 0.0266, 0, 0.2933, 0.4256, 0.3691, 6.2614, 1.9187, 0, 0, 0, 0, 0, 1.37, 1.4066, 0.123, 0.1031, 0, 0.0693, 0.3181, 1.4465, 1.2271, 2.6304, 0.8078, 1.2138, 0.6185, 6.0006, 1.0475, 0.1173, 0, 0.4057, 0, 0.0831, 0.2028, 4.2186, 0, 1.5762, 13.4841, 3.3819, 0.3159, 2.1183, 0.2195]
    ],
    [
      [1.8819, 0, 0, 0.2758, 0, 0.1114, 0.1002, 0, 0, 0.7336, 3.213, 9.0773, 15.6361, 4.32, 1.9177, 3.1485, 0, 0, 0, 9.9338, 0, 0, 0, 0.229, 0.9636, 4.3382, 16.9877, 11.003, 20.8103, 1.8353, 10.1547, 0, 0, 2.007, 0, 0, 0, 0.6082, 0.5868, 3.5502, 0, 0.1361, 0, 7.8694, 5.3096, 0, 5.5957, 0.758],
      [2.6225, 1.5579, 8.3956, 0, 3.3081, 3.5643, 1.1768, 0, 0, 0, 0, 3.3593, 7.4181, 11.4859, 6.9837, 5.3268, 2.0659, 2.2499, 7.5151, 11.0484, 9.5851, 1.6658, 0.3787, 0.3662, 0.7839, 0.969, 0, 19.2938, 0, 0, 2.7662, 0, 3.0185, 2.8433, 9.4676, 0.1508, 1.9206, 2.2665, 0.9047, 4.215, 5.4639, 3.141, 0, 0, 0.0652, 0, 67.2102, 4.9684],
      [19.8538, 45.4348, 59.2608, 2.7349, 19.5746, 2.8031, 1.7785, 0.1773, 0, 4.965, 7.8235, 15.5601, 26.0525, 21.2915, 26.7785, 31.5744, 9.0116, 11.916, 10.9718, 0, 34.4083, 0, 3.94, 4.7178, 13.6264, 0, 0, 6.6845, 20.0567, 4.2276, 0.4063, 19.7813, 9.9793, 35.6323, 93.2293, 8.5612, 8.7999, 0.5273, 0, 0, 2.765, 6.3913, 15.7915, 0, 50.734, 2.9155, 87.3039, 1.6208],
      [203.1475, 435.0352, 813.9139, 34.1928, 253.6094, 296.8687, 10.6117, 13.4253, 9.3358, 346.4887, 335.6072, 420.1267, 451.1322, 397.0243, 496.1466, 345.4205, 199.9225, 187.834, 535.9683, 639.6735, 391.2262, 32.8434, 26.0893, 24.2367, 72.6596, 73.8379, 814.3009, 418.0608, 911.9918, 247.6915, 491.7569, 181.5833, 219.3182, 194.0726, 630.2701, 146.0262, 365.3798, 75.0893, 77.809, 78.5069, 107.7728, 272.3315, 559.7895, 109.4837, 1522.32, 120.5246, 862.2398, 139.4697],
      [35.4943, 75.9721, 77.4298, 3.7965, 14.4778, 16.6525, 0, 1.1486, 1.6642, 33.8127, 0.7675, 8.5657, 101.3961, 37.0613, 94.6184, 51.494, 0, 0, 26.5448, 54.9028, 45.7389, 2.8826, 3.0884, 2.4503, 8.9665, 6.6618, 79.4076, 0, 86.3732, 8.0836, 45.6334, 25.111, 24.5532, 65.3675, 117.0331, 30.2618, 4.1673, 6.5087, 0, 0, 9.8013, 0, 88.6468, 9.8779, 106.0365, 15.9981, 4.2765, 7.5446],
      [0, 0, 0, 0, 6.0301, 0, 0.3327, 0.2488, 0, 0, 0.5888, 2.3109, 8.365, 12.817, 0.555, 3.0358, 0, 0, 0, 1.4415, 0.0414, 2.6082, 0.5036, 0, 0, 1.193, 13.3038, 19.9579, 35.768, 32.162, 27.2825, 3.5245, 14.1308, 6.0773, 0, 0, 2.7324, 0, 2.6996, 2.7279, 2.197, 0, 22.7722, 1.769, 17.5347, 2.5617, 17.3739, 0.6385]
    ],
    [
      [9.5421, 29, 25, 1.0044, 3.5155, 9.5421, 0.5022, 0, 0, 6.0266, 6.5288, 8.0355, 38.1685, 33.6486, 30.1331, 22.5998, 3.5155, 6.0266, 7.5333, 29.1286, 15.0665, 1, 0, 1.5067, 3.0133, 14.5643, 33.1464, 22.5998, 58.2572, 18.0798, 21.5954, 9.5421, 17.5776, 11.0488, 29.1286, 9, 6.0266, 7.031, 0.5162, 5.0222, 8.0355, 9.0399, 42.6885, 5.5564, 87.8881, 5, 25.1109, 1.0044],
      [0.0553, 0.1687, 0.16, 0.0058, 0.0204, 0.0553, 0.0029, 0.0029, 0.0029, 0.0349, 0.0378, 0.0465, 0.2211, 0.1949, 0.1745, 0.1309, 0.0204, 0.0349, 0.0436, 0.1687, 0.0873, 0.0103, 0.5051, 0.0087, 0.0175, 0.0843, 0.192, 0.1309, 0.3374, 0.1047, 0.1251, 0.0553, 0.1018, 0.064, 0.1687, 0.0611, 0.0349, 0.0407, 0.0029, 0.0291, 0.0465, 0.0524, 0.2472, 0, 0.509, 0.0291, 0.1454, 0.0058],
      [0.2651, 0.9378, 3.3893, 0.0279, 0.0977, 0.2651, 0.014, 0.014, 0, 0.1674, 0.1814, 0.2232, 1.0603, 0.9347, 0.837, 0.6278, 0.0977, 0.1674, 0.2093, 0.8091, 0.4185, 0.0279, 0.014, 0.0419, 0.0837, 0.4046, 0.9208, 0.6278, 1.6183, 0.5022, 0.5999, 0.2651, 0.4883, 0.3069, 0.8091, 1.8395, 0.1674, 0.1953, 0, 0.1395, 0.2232, 0.2511, 1.1858, 0.1535, 2.4414, 0.1395, 0.6975, 0.0279],
      [0.061, 0.1862, 0.1766, 0.0064, 0.0225, 0.061, 0.0032, 0.0032, 0.5635, 0.0385, 0.0417, 0.0514, 0.244, 0.2151, 0.1926, 0.1445, 0.0225, 0.0385, 0.0482, 0.1862, 0.0963, 0.0064, 0.0032, 0.0096, 0.0193, 0.0931, 0.2119, 0.1445, 0.3724, 0.1156, 0.1381, 0.061, 0.1124, 0.0706, 0.1862, 0.0674, 0.0385, 0.0449, 0.0032, 0.0321, 0.0514, 0.0578, 0.2729, 0.0353, 0.5618, 0.0321, 0.1605, 0.0064],
      [8.2379, 25.1474, 23.8467, 0.8672, 3.035, 8.2379, 0.4336, 0.9358, 0.4336, 5.2029, 5.6365, 6.9372, 32.9517, 29.0496, 26.0145, 19.5109, 3.035, 5.2029, 6.5036, 25.1474, 13.0073, 0.8672, 0.4336, 1.3007, 2.6015, 12.5737, 28.616, 19.5109, 50.2948, 15.6087, 18.6437, 8.2379, 15.1751, 9.5387, 25.1474, 9.1051, 5.2029, 6.0701, 0.4336, 4.3358, 6.9372, 7.8044, 36.8539, 4.7693, 75.8757, 4.3579, 21.6788, 0.8672],
      [0.8386, 2.5599, 2.4275, 0.0883, 0.309, 0.8386, 0.0441, 0.0441, 0, 0.5296, 0.5738, 0.7062, 3.3544, 2.9572, 2.6482, 1.9862, 0.309, 0.5296, 0.6621, 2.5599, 1.3241, 0.0883, 0.0441, 0.1324, 0.2648, 1.28, 2.913, 1.9862, 5.1199, 1.5889, 1.8979, 0.8386, 1.5448, 0.971, 2.5599, 0.9269, 0.5296, 0.6179, 0.0441, 0.4414, 0.7062, 0.7945, 3.7516, 0.4855, 7.724, 0.4414, 2.2069, 0.0883]
    ],
    [
      [3.9414, 0, 0, 0.1987, 0, 1.424, 0.1325, 0, 0, 1.424, 1.2584, 1.8214, 3.3117, 3.2454, 4.1065, 2.3844, 0, 0, 1.4667, 5.8884, 0, 0, 0, 0.1656, 0.4636, 2.0566, 7.1201, 3.0136, 6.8309, 1.9539, 3.0798, 1.126, 0.9474, 2.1857, 0, 0, 1.3451, 0.6292, 0.2649, 0.6954, 1.2253, 1.5565, 3.1461, 5.0681, 6.5571, 0, 5.5967, 0.4636],
      [0.4645, 1.0949, 1.3161, 0.0664, 0.3097, 0.4756, 0.0442, 0.0221, 0.0332, 0, 0.4203, 0.6083, 1.106, 1.0839, 1.3714, 0.7963, 0.4424, 1.6423, 0.6746, 1.4267, 0.8516, 0.5099, 0.0774, 0.0553, 0.1548, 2.3344, 0, 1.0064, 0.7674, 0.5732, 1.0286, 0, 0.7299, 0.7299, 2.7386, 0.2544, 0.553, 0.2101, 0.0885, 0.2323, 0.4092, 0.5198, 1.0507, 0, 2.1898, 0, 1.8691, 0.1548],
      [11.7552, 36.5607, 35.1285, 1.551, 7.2379, 11.1153, 1.034, 0.517, 0, 11.1153, 9.8229, 14.2173, 25.8496, 25.3326, 32.0535, 18.6117, 10.3399, 9.6503, 15.7683, 27.1909, 22.4542, 2.5168, 2.0413, 1.2925, 3.6189, 5.2945, 25.2659, 23.5232, 44.4614, 15.2513, 24.0402, 9.1649, 17.0608, 17.0608, 33.2795, 6.7071, 12.9248, 4.9114, 0, 4.4052, 9.5644, 12.1493, 24.5572, 2.1961, 51.1823, 6.2039, 43.6859, 3.6189],
      [1.9775, 4.6612, 5.6029, 0.2825, 2.2456, 3.5882, 0.1883, 0.1604, 0.6913, 2.5001, 1.7892, 2.5896, 4.7083, 4.6141, 5.8383, 3.39, 4.7375, 1.5537, 3.4254, 6.0737, 3.6254, 0.4708, 0.3296, 0.2354, 0.6592, 1.5067, 5.0379, 4.2846, 8.0983, 2.7779, 4.3787, 1.6008, 3.1075, 3.1075, 5.6029, 1.0829, 2.6649, 0.8946, 2.4446, 2.012, 1.7421, 2.4804, 4.4729, 1.13, 9.3225, 2.1902, 7.957, 0.6592],
      [23.8613, 56.2446, 67.6071, 3.4088, 15.9076, 24.4295, 2.2725, 1.1363, 2.2755, 24.4295, 21.5888, 31.247, 56.8127, 55.6765, 70.4478, 40.9052, 22.7251, 18.7482, 34.6558, 77.8272, 43.7458, 5.6813, 3.9769, 2.8406, 7.9538, 18.1801, 60.7896, 51.6996, 97.7179, 33.5195, 52.8358, 19.3163, 38.7347, 37.4964, 67.6071, 13.0669, 28.4064, 10.7944, 4.545, 11.9307, 21.0207, 26.702, 53.9721, 13.6351, 112.4892, 13.6351, 96.0135, 7.9538],
      [0, 0.4386, 9.3453, 0.4927, 2.2993, 1.9674, 0.3285, 0.1642, 0, 3.531, 3.1204, 4.5164, 8.2117, 8.0475, 10.1825, 5.9124, 1.7552, 1.4055, 5.0091, 10.5931, 6.323, 0.8212, 0.5748, 0.4106, 1.1496, 2.6277, 8.7865, 7.4726, 14.1241, 4.9243, 7.6369, 2.792, 5.4197, 5.4197, 9.7719, 1.8887, 4.1059, 1.5602, 0.6569, 1.7245, 3.0383, 3.592, 7.8011, 1.9708, 16.2592, 1.9708, 13.8778, 1.1496]
    ]
  ],
  "V_est": [
    [129.7404, 974.8601, 145.8656, 146.8502, 371.5858, 252.0979],
    [60.5753, 21.3498, 63.2706, 81.1767, 12297.4614, 54.1663],
    [143.0921, 219.5227, 749.6629, 15592.1669, 1440.2697, 265.2856],
    [737.4975, 4.7794, 24.9164, 5.3119, 642.2162, 65.2787],
    [86.0948, 32.488, 733.2844, 144.4943, 1608.4669, 215.1715]
  ],
  "p_est": [
    [0.0642, 0.4824, 0.0722, 0.0727, 0.1839, 0.1247],
    [0.0048, 0.0017, 0.005, 0.0065, 0.9777, 0.0043],
    [0.0078, 0.0119, 0.0407, 0.8469, 0.0782, 0.0144],
    [0.4983, 0.0032, 0.0168, 0.0036, 0.4339, 0.0441],
    [0.0305, 0.0115, 0.26, 0.0512, 0.5704, 0.0763]
  ],
  "EI_Z": {},
  "EI_V": 12.0119,
  "MAE_Z": {},
  "MAE_V": 298.7685,
  "MAE_p": 0.0743,
  "runtime": 1.403
}
