{
  "X": [
    [27, 8, 34, 117, 51, 15],
    [40, 45, 187, 295, 422, 92],
    [30, 47, 183, 258, 450, 101],
    [53, 87, 238, 475, 710, 131],
    [33, 34, 170, 214, 378, 56],
    [7, 13, 42, 94, 118, 25],
    [25, 15, 110, 119, 181, 38],
    [23, 20, 61, 131, 168, 35],
    [1, 4, 12, 25, 15, 6],
    [3, 1, 4, 16, 21, 9],
    [12, 37, 230, 249, 317, 87],
    [10, 12, 50, 97, 170, 40],
    [6, 7, 41, 82, 89, 22],
    [39, 76, 481, 472, 594, 170],
    [22, 33, 108, 325, 409, 68],
    [5, 11, 22, 53, 154, 13],
    [7, 11, 18, 95, 107, 21],
    [41, 29, 173, 196, 193, 63],
    [4, 8, 8, 19, 23, 9],
    [8, 5, 40, 67, 71, 16],
    [13, 8, 35, 46, 67, 22],
    [11, 22, 67, 72, 95, 36],
    [8, 19, 74, 49, 79, 28],
    [11, 36, 134, 140, 193, 42],
    [11, 21, 41, 64, 91, 18],
    [4, 7, 9, 21, 30, 7],
    [54, 66, 373, 357, 391, 117],
    [53, 10, 64, 116, 91, 13],
    [29, 25, 42, 183, 337, 47],
    [41, 83, 153, 413, 643, 101],
    [6, 2, 25, 46, 71, 11],
    [1, 3, 3, 11, 20, 7],
    [62, 104, 377, 515, 492, 147],
    [64, 68, 472, 487, 522, 121],
    [27, 28, 121, 184, 164, 48],
    [24, 17, 102, 95, 119, 25],
    [17, 5, 43, 37, 43, 14],
    [28, 11, 131, 114, 116, 25],
    [26, 21, 135, 101, 132, 63],
    [0, 0, 0, 0, 1, 0],
    [4, 11, 14, 14, 59, 16],
    [38, 41, 236, 191, 366, 72],
    [13, 19, 48, 54, 114, 28],
    [184, 113, 358, 696, 826, 222],
    [29, 6, 26, 18, 53, 7]
  ],
  "W": [
    [11, 73, 89, 30, 22, 13, 14],
    [61, 74, 504, 127, 131, 115, 69],
    [48, 51, 567, 130, 113, 68, 92],
    [66, 102, 927, 166, 192, 98, 143],
    [32, 58, 496, 100, 94, 50, 55],
    [18, 23, 156, 24, 27, 23, 28],
    [38, 37, 222, 73, 53, 35, 30],
    [17, 49, 213, 49, 49, 17, 44],
    [6, 4, 27, 8, 11, 3, 4],
    [7, 3, 29, 4, 3, 2, 6],
    [105, 15, 387, 199, 99, 68, 59],
    [19, 18, 227, 29, 23, 32, 31],
    [19, 9, 114, 39, 25, 20, 21],
    [157, 68, 776, 379, 187, 138, 127],
    [38, 29, 589, 91, 77, 55, 86],
    [10, 7, 157, 23, 27, 5, 29],
    [5, 19, 160, 21, 16, 9, 29],
    [61, 86, 239, 131, 72, 58, 48],
    [4, 7, 31, 6, 12, 3, 8],
    [10, 18, 105, 31, 15, 8, 20],
    [21, 8, 87, 28, 24, 17, 6],
    [28, 22, 109, 58, 44, 25, 17],
    [23, 7, 99, 52, 40, 16, 20],
    [30, 31, 260, 73, 73, 40, 49],
    [18, 16, 113, 28, 34, 20, 17],
    [3, 8, 43, 10, 7, 4, 3],
    [128, 130, 520, 234, 162, 90, 94],
    [27, 91, 148, 32, 24, 13, 12],
    [9, 38, 420, 54, 49, 28, 65],
    [55, 80, 821, 144, 142, 85, 107],
    [5, 10, 87, 25, 13, 7, 14],
    [1, 1, 30, 0, 6, 2, 5],
    [150, 162, 617, 255, 236, 176, 101],
    [170, 142, 701, 300, 192, 121, 108],
    [54, 49, 251, 84, 60, 34, 40],
    [42, 45, 146, 64, 42, 22, 21],
    [21, 28, 46, 34, 16, 10, 4],
    [44, 76, 136, 83, 39, 30, 17],
    [58, 44, 151, 97, 46, 44, 38],
    [0, 0, 1, 0, 0, 0, 0],
    [0, 2, 70, 14, 15, 4, 13],
    [66, 64, 421, 136, 127, 78, 52],
    [15, 24, 134, 33, 29, 13, 28],
    [132, 298, 1142, 291, 211, 148, 177],
    [11, 28, 64, 13, 11, 0, 12]
  ],
  "method": "mvn_pdf",
  "cond_prob": [
    [
      [0.76284444638, 0.0015646996362, 0.099087270262, 0.079809575116, 0.034146796431, 0.022547212179],
      [0, 0.040459763293, 0.16716752003, 0.74674777094, 0.0060978216613, 0.039527124077],
      [0, 0.0053981442728, 0.0081179321632, 0.4277273961, 0.49773775012, 0.061018777341],
      [0, 0.0048811552787, 0.54562902714, 0.28914218047, 0.017187580173, 0.14316005694],
      [0, 0.095141276211, 0.098915133402, 0.51674338448, 0.21923985546, 0.069960350444],
      [0.84560498918, 0.0071750845269, 0.039412134407, 0.078685841552, 0.0029947690276, 0.026127181302],
      [0.54398901646, 0.15828370782, 0.06621097187, 0.17687380925, 0.035910591019, 0.01873190358]
    ],
    [
      [0.10668444881, 0.0055522297234, 0.41104618139, 0.1848955568, 0.19980847352, 0.092013109749],
      [0, 0.052164072536, 0.25182571259, 0.62438718615, 0.012952659003, 0.058670369727],
      [0, 0.0046546787298, 0.0083343514792, 0.23991673737, 0.69645560405, 0.050638628373],
      [5.8525745403e-05, 0.0048096212993, 0.62240707463, 0.18521418063, 0.027873905363, 0.15963669233],
      [0.019062451487, 0.15159587889, 0.18590976558, 0.31928267656, 0.25129055113, 0.072858676359],
      [0.18688176064, 0.041687687524, 0.26870948338, 0.29893826086, 0.028735697047, 0.17504711055],
      [0.13762655413, 0.19117751355, 0.069407227549, 0.24452973994, 0.26196968942, 0.095289275414]
    ],
    [
      [0.096610762559, 0.0055847133391, 0.46511876138, 0.15734989927, 0.17086822594, 0.10446763751],
      [1.6106379668e-16, 0.055445921169, 0.30101339739, 0.56144975299, 0.011706518732, 0.070384409715],
      [0, 0.0053746156708, 0.010907796403, 0.23359810776, 0.68607441461, 0.064045065556],
      [0, 0.0045126520239, 0.65713965178, 0.14702914557, 0.022239203548, 0.16907934708],
      [0.013388146914, 0.16358508561, 0.22282656377, 0.28645084893, 0.2265450393, 0.08720431548],
      [0.1704786418, 0.042235233235, 0.30612445966, 0.25621763498, 0.024754370594, 0.20018965973],
      [0.13323125167, 0.20557640649, 0.083846477519, 0.22236528588, 0.23938170123, 0.11559887721]
    ],
    [
      [0.11749478977, 0.0068980016165, 0.42190396559, 0.18725697365, 0.17531265075, 0.091133618634],
      [0, 0.06322077066, 0.25225914008, 0.61671462773, 0.011092669941, 0.056712791587],
      [0, 0.0064762558453, 0.0090845421047, 0.26425315264, 0.66602431955, 0.054161729856],
      [6.3522373274e-05, 0.0058882555229, 0.62931774957, 0.1848553035, 0.024111205381, 0.15576396366],
      [0.0246975812, 0.18400309021, 0.18506724008, 0.31822194745, 0.21696991206, 0.071040229001],
      [0.19886274371, 0.050049471915, 0.26659315457, 0.29259608044, 0.02437873238, 0.16751981699],
      [0.14688331949, 0.22994288205, 0.069068180281, 0.23996129398, 0.22268230426, 0.091462019937]
    ],
    [
      [0.13919923571, 0.0047842927397, 0.5276493459, 0.12969061556, 0.13466378708, 0.06401272301],
      [1.4286068199e-17, 0.052544080243, 0.37757158969, 0.51196848411, 0.010206575242, 0.047709270721],
      [0.0017888355603, 0.0068477493124, 0.012704870338, 0.24390781504, 0.68529953067, 0.049451199089],
      [7.1558526183e-05, 0.0038956457252, 0.75184077162, 0.12213499653, 0.017664418067, 0.10439260954],
      [0.03678843793, 0.15398182071, 0.27986800118, 0.26700600217, 0.20192976147, 0.060425976541],
      [0.2505202161, 0.036820968819, 0.35316428738, 0.21486392436, 0.019850634197, 0.12477996914],
      [0.21212876721, 0.19450833016, 0.10481035272, 0.20222167076, 0.20817889354, 0.078151985602]
    ],
    [
      [0.080333194824, 0.005658120409, 0.41937695811, 0.21625765331, 0.18017620258, 0.098197870767],
      [0, 0.047712803172, 0.22902598115, 0.65682189656, 0.010457270502, 0.055982048616],
      [0, 0.0048374409477, 0.0084300603232, 0.28450166816, 0.64611994262, 0.056110887946],
      [4.167642973e-05, 0.0046452893054, 0.6044716059, 0.20525278224, 0.023778823417, 0.1618098227],
      [0.01718709937, 0.14845182035, 0.17926519183, 0.36109564727, 0.21901837559, 0.074981865593],
      [0.13831668508, 0.041742183727, 0.26791309244, 0.34306453376, 0.025370412485, 0.18359309251],
      [0.068130957821, 0.21308436619, 0.084251711783, 0.28757374501, 0.23763902473, 0.10932019446]
    ],
    [
      [0.15831874509, 0.0040122945309, 0.4666369858, 0.14245983659, 0.15280155865, 0.075770579343],
      [1.5639826834e-17, 0.043687774168, 0.33075055063, 0.55815789335, 0.01147077552, 0.055933006333],
      [0.0010338947879, 0.0022008386511, 0.011532478283, 0.23824967519, 0.69234807167, 0.054635041425],
      [8.5705742651e-05, 0.0034498720205, 0.70300053604, 0.14168876982, 0.021150411396, 0.13062470498],
      [0.041212097908, 0.1277291805, 0.24421687554, 0.28981375985, 0.22642114127, 0.070606944937],
      [0.27585943799, 0.029846332837, 0.30166572852, 0.22807853005, 0.021745902219, 0.14280406838],
      [0.23029283352, 0.15587967032, 0.088299331834, 0.21190327478, 0.22541476902, 0.088210120522]
    ],
    [
      [0.21783765458, 0.0052996629498, 0.34387072764, 0.1773365851, 0.16760617238, 0.088049197342],
      [0, 0.053709746134, 0.22688143252, 0.64721545853, 0.011710732309, 0.060482630507],
      [0, 0.0050615717139, 0.0055081775538, 0.2624436539, 0.67025906654, 0.056727530289],
      [0, 0.0052051388838, 0.59291412902, 0.2017353042, 0.026505963119, 0.17363946477],
      [0.038569527534, 0.15918769349, 0.16413575733, 0.33679705226, 0.22648741857, 0.074822550818],
      [0.34102117153, 0.035344923613, 0.19912192021, 0.25440704919, 0.021370346713, 0.14873458874],
      [0.26385211607, 0.17145229333, 0.054164739616, 0.21950493184, 0.20572082764, 0.085305091508]
    ],
    [
      [0.062432774241, 0.0068208163278, 0.45804279365, 0.27440624742, 0.099891997258, 0.098405371101],
      [0, 0.047823187424, 0.20056307596, 0.70121238943, 0.0047839218808, 0.045617425303],
      [0, 0.017925273312, 0.020313558826, 0.41365598995, 0.46105509122, 0.087050086696],
      [2.9035620928e-05, 0.0050460360282, 0.60135617956, 0.23439496056, 0.011838539652, 0.14733524857],
      [0.00064960843184, 0.19039175617, 0.18171749629, 0.44024860116, 0.11599759243, 0.07099494552],
      [0.099217450883, 0.046924690006, 0.26557539577, 0.40401092709, 0.012966500619, 0.17130503563],
      [0.080093256047, 0.25208707422, 0.073639190723, 0.36251853764, 0.13086088257, 0.10080105881]
    ],
    [
      [0.13410099404, 0.0027780978733, 0.22410448991, 0.20251548614, 0.1641955541, 0.27230537793],
      [0, 0.024823791982, 0.12801739353, 0.67513086766, 0.010106074673, 0.16192187215],
      [0.021646362964, 0.0029953257156, 0.00042205082851, 0.30003618952, 0.61562545731, 0.05927461366],
      [6.5192323733e-05, 0.0022449141163, 0.32689740077, 0.18997425654, 0.021235341375, 0.45958289488],
      [0.02893981339, 0.07786399662, 0.099644155015, 0.36252305966, 0.21300084572, 0.2180281296],
      [0.18676289513, 0.016211871057, 0.11150738101, 0.25404082326, 0.0181009093, 0.41337612024],
      [0.162157086, 0.090703684124, 0.034240014312, 0.25006694103, 0.20117148568, 0.26166078885]
    ],
    [
      [0, 0.0060023622324, 0.47987140252, 0.2165399998, 0.1902275287, 0.10735870674],
      [0, 0.051616655306, 0.25548061671, 0.62817106394, 0.01066195405, 0.054069709988],
      [0, 0.0052671695866, 0.0097380975215, 0.27539287084, 0.6571698504, 0.052432011652],
      [0, 0.0047922118802, 0.63621552939, 0.18763797128, 0.02311221084, 0.14824207661],
      [0, 0.16528985083, 0.2028783558, 0.34094165823, 0.21960830476, 0.071281830372],
      [0.10423861812, 0.052539856726, 0.30317391507, 0.33433568061, 0.026299171257, 0.17941275821],
      [0.083250406231, 0.2146957941, 0.079745355004, 0.27857095448, 0.24428054743, 0.099456942757]
    ],
    [
      [0.086570463934, 0.0047805817843, 0.43817332136, 0.16989548131, 0.17382887541, 0.1267512762],
      [0, 0.045919514423, 0.2729525312, 0.58724446735, 0.011502391649, 0.082381095385],
      [0, 0.0043929343784, 0.01085815014, 0.24437119651, 0.67061370939, 0.069764009582],
      [4.368713052e-05, 0.0038171883994, 0.61387464042, 0.1568283237, 0.022329691478, 0.20310646888],
      [0.020072529977, 0.13570292945, 0.20308581569, 0.307282576, 0.22894427506, 0.10491187382],
      [0.13085253584, 0.042201108165, 0.29347864394, 0.27072458739, 0.024612138866, 0.23813098581],
      [0.11951435233, 0.17752000904, 0.07845504232, 0.24034246463, 0.2438718859, 0.14029624577]
    ],
    [
      [0.078545909095, 0.0041694120286, 0.36489351448, 0.26282662045, 0.19505197823, 0.094512565719],
      [0, 0.031944452281, 0.18118930174, 0.72761037404, 0.010290277113, 0.048965594828],
      [0, 0.0020020967892, 0.0068932830003, 0.30053781, 0.63628228275, 0.054284527462],
      [0, 0.0035626482213, 0.54775417204, 0.2596442216, 0.026766729506, 0.16227222864],
      [0, 0.10593953613, 0.1676929867, 0.42621842372, 0.23017028429, 0.069978769157],
      [0.13256758593, 0.030128803911, 0.2285285473, 0.40874547307, 0.026884155454, 0.17314543434],
      [0.088394095649, 0.14357306214, 0.07262747259, 0.34476170516, 0.25377985806, 0.096863806406]
    ],
    [
      [0.042511318866, 0.005632989109, 0.51613907303, 0.18147013643, 0.15456767917, 0.099678803388],
      [4.8043383338e-17, 0.052408514732, 0.31334134082, 0.56868126129, 0.0092691779925, 0.056299705159],
      [0, 0.0060018272065, 0.013076142075, 0.28013090698, 0.63955595, 0.061235173741],
      [0, 0.0043149384283, 0.69048454731, 0.15072773268, 0.017810584087, 0.1366621975],
      [0, 0.16807706968, 0.2489329499, 0.31607708694, 0.19216907122, 0.074743822262],
      [0.13393231518, 0.043335182941, 0.34589501046, 0.28186662942, 0.021279943161, 0.17369091883],
      [0.10900049955, 0.21927869964, 0.098694894506, 0.25454691493, 0.21405270255, 0.10442628882]
    ],
    [
      [0.092151396488, 0.0053656604569, 0.38139839625, 0.25779031661, 0.17625285816, 0.087041372041],
      [5.5095002758e-17, 0.041257418939, 0.19100923996, 0.71295747093, 0.0093562815271, 0.045419588643],
      [0, 0.0044593973118, 0.0085596091312, 0.32134888155, 0.61678181245, 0.048850299551],
      [0, 0.0045724536921, 0.56861974828, 0.2540337917, 0.024192092358, 0.14858191398],
      [0.019117434357, 0.13519597482, 0.15849533401, 0.41582691683, 0.20700765452, 0.064356685463],
      [0.1524819607, 0.038061634012, 0.23534468119, 0.39375215382, 0.023948119402, 0.15641145087],
      [0.10046158894, 0.18666838976, 0.070156836373, 0.33094876718, 0.2242832014, 0.087481216348]
    ],
    [
      [0.087406693023, 0.0057272858836, 0.29015364782, 0.19066337286, 0.34850658079, 0.077542419619],
      [0, 0.05678871312, 0.18619803279, 0.68134785593, 0.02373108159, 0.051934316571],
      [0, 0.0088147621042, 0.00035145766889, 0.15955906545, 0.80720132853, 0.024073386247],
      [5.7755589153e-05, 0.0060224075166, 0.53930492043, 0.23180015121, 0.058822454015, 0.16399231124],
      [0.017016475938, 0.13746906663, 0.1131299568, 0.29099575421, 0.38730004453, 0.054088701888],
      [0.17300730578, 0.04831942988, 0.21180319702, 0.34533175339, 0.05593488458, 0.16560342935],
      [0.096555976276, 0.17481073026, 0.04215036033, 0.21924863433, 0.39753503361, 0.069699265198]
    ],
    [
      [0.12214367275, 0.0065172567622, 0.29239893475, 0.28565029489, 0.18337745762, 0.10991238323],
      [9.7826706462e-18, 0.047495653292, 0.13769427006, 0.7514980133, 0.0092058468137, 0.054106216529],
      [0.00040597546501, 0.008521630785, 0, 0.33185784738, 0.59960660685, 0.059607939515],
      [6.9153388363e-05, 0.0059033877337, 0.46735509203, 0.2994970951, 0.026725513271, 0.20044975847],
      [0.023425582964, 0.1550217931, 0.11280723984, 0.43142510975, 0.20150641347, 0.075813860873],
      [0.18692952437, 0.042587296087, 0.16496819557, 0.40086787545, 0.022838636371, 0.18180847215],
      [0.14709304462, 0.19703206487, 0.028197505682, 0.32399927791, 0.20621580706, 0.097462299866]
    ],
    [
      [0.17350993963, 0.0051823445594, 0.42738304796, 0.16380561089, 0.14486778158, 0.085251275374],
      [0, 0.052497840828, 0.28216397647, 0.59664750755, 0.010118718682, 0.058571956468],
      [0, 0.0055789541046, 0.010858836713, 0.27239573507, 0.6507024917, 0.060463982415],
      [0, 0.0045596781625, 0.65777196346, 0.16672133002, 0.020524569049, 0.15042245931],
      [0.03923773789, 0.15668720563, 0.21112843215, 0.3150660663, 0.20217091982, 0.075709638215],
      [0.28446409339, 0.03635528452, 0.26085986161, 0.24736942716, 0.019453400972, 0.15149793236],
      [0.23108039871, 0.18433936444, 0.074354662973, 0.22335236715, 0.19586745775, 0.091005748982]
    ],
    [
      [0.19985350448, 0.013734453726, 0.31702766562, 0.16379076324, 0.1414558904, 0.16413772253],
      [1.7976267529e-17, 0.13145872244, 0.19170835974, 0.56423209344, 0.0091385165752, 0.1034623078],
      [0.0044736465391, 0, 0.0055969125029, 0.27728962409, 0.62257830469, 0.090061512175],
      [0.00010506698079, 0.012125958319, 0.50261709872, 0.16787227337, 0.020031869747, 0.29724773287],
      [0.059820242082, 0.31465054789, 0.11841343826, 0.2436320269, 0.1530160504, 0.11046769446],
      [0.28467608506, 0.082310406756, 0.16018920252, 0.20808446675, 0.015877157332, 0.24886268158],
      [0.18617517216, 0.3661696979, 0.037399384092, 0.15552032285, 0.1332830102, 0.12145241279]
    ],
    [
      [0.13118305618, 0.0033433575692, 0.47463751514, 0.18913018468, 0.12405209502, 0.077653791409],
      [1.3819804642e-17, 0.030766684145, 0.2829786649, 0.62998202452, 0.0078820341466, 0.04839059229],
      [0.0028553342902, 0, 0.012847892028, 0.32832144616, 0.59529155591, 0.060683771611],
      [0.0027719996449, 0, 0.67745218207, 0.17721631801, 0.016158664204, 0.12640083607],
      [0.032890856463, 0.10371411117, 0.23969135158, 0.37462967891, 0.17885898447, 0.070215017405],
      [0.22411167924, 0.024224723763, 0.29710621881, 0.2948097988, 0.017164955232, 0.14258262415],
      [0.20080855339, 0.1331628326, 0.091887127458, 0.29118202164, 0.18954330325, 0.093416161652]
    ],
    [
      [0.22271916163, 0.0060254915797, 0.3601535526, 0.15065392028, 0.14500473813, 0.11544313579],
      [0, 0.065369306991, 0.25198567963, 0.58771739132, 0.010773611099, 0.084154010963],
      [0, 0.0066009069744, 0.0097802265741, 0.25288947398, 0.65586347649, 0.074865915985],
      [0, 0.005756598932, 0.59239725859, 0.16282005484, 0.021770672788, 0.21725541485],
      [0.037918046545, 0.19823859174, 0.17536582202, 0.28698462574, 0.20114917616, 0.10034373779],
      [0.34090802578, 0.039162899592, 0.20212968699, 0.20995538723, 0.017925030311, 0.1899189701],
      [0.26957134175, 0.19859184154, 0.056317099752, 0.18621836186, 0.17778409585, 0.11151725924]
    ],
    [
      [0.11258738555, 0.010701516381, 0.40469904895, 0.16447274054, 0.18244135278, 0.12509795579],
      [7.1981642039e-18, 0.10133070017, 0.24812352629, 0.55886221122, 0.011840260428, 0.079843301896],
      [0.0013229827315, 0.00030856159641, 0.012901693725, 0.23146622092, 0.68833377402, 0.065666767012],
      [5.95144132e-05, 0.0089831532145, 0.5956789978, 0.15968923517, 0.024613482165, 0.21097561724],
      [0.022418094871, 0.26383142614, 0.16180362398, 0.25602356516, 0.20685244346, 0.089070846386],
      [0.18446976094, 0.075122999666, 0.24601953728, 0.24779954829, 0.024389525943, 0.22219862788],
      [0.12363270899, 0.31939813501, 0.057893804447, 0.18517501904, 0.20376161168, 0.11013872083]
    ],
    [
      [0.089549987613, 0.0082961691446, 0.56173281998, 0.11861127789, 0.12066517749, 0.10114456788],
      [0, 0.087503675176, 0.38291156809, 0.44895657413, 0.0087314453169, 0.071896737288],
      [0.00021047989304, 0.007929941905, 0.019307373356, 0.22781846729, 0.65840087384, 0.086332863715],
      [4.1702130529e-05, 0.0061287397504, 0.72813810145, 0.10132280029, 0.014338328047, 0.15003032833],
      [0.021249643983, 0.24373796304, 0.26655709934, 0.21983258045, 0.16291508343, 0.085707629748],
      [0.15952354092, 0.06327926131, 0.37027236138, 0.19416508708, 0.017542755119, 0.19521699419],
      [0.12574909253, 0.31654584825, 0.10192555851, 0.17032430504, 0.17195069066, 0.11350450501]
    ],
    [
      [0.066451008137, 0.0066713567233, 0.60310811511, 0.13630063032, 0.11690149567, 0.070567394049],
      [0, 0.066432924462, 0.3902869328, 0.48764874279, 0.0080230477417, 0.047608352204],
      [0, 0.0087122956851, 0.012979092391, 0.27517184469, 0.64043225444, 0.062704512789],
      [0, 0.0048349267023, 0.76486364497, 0.11423650897, 0.013640707639, 0.10242421172],
      [0, 0.20041304893, 0.29704864328, 0.27749363832, 0.16310248233, 0.061942187131],
      [0.12502681085, 0.053816847129, 0.4223763469, 0.23657490488, 0.018044465168, 0.14416062508],
      [0.081742802491, 0.29264215623, 0.12282952428, 0.22836517341, 0.18587393919, 0.088546404401]
    ],
    [
      [0.14201855243, 0.013908387134, 0.40790533776, 0.17785276588, 0.17641313698, 0.08190181981],
      [2.7755575616e-17, 0.12562841437, 0.23757729724, 0.576127219, 0.010907037311, 0.049760032076],
      [0.00055989498217, 0, 0.0087590197905, 0.2568564402, 0.68225397625, 0.05157066878],
      [7.8757448691e-05, 0.01230670755, 0.63487626589, 0.1820432603, 0.025089704294, 0.14560530451],
      [0.040448674155, 0.29450199997, 0.15645221617, 0.26743167323, 0.18674073879, 0.054424697682],
      [0.22983309537, 0.096297090636, 0.24369329286, 0.26382722533, 0.023216817538, 0.14313247827],
      [0.14154564036, 0.37976451639, 0.052760075059, 0.18172966368, 0.17878343715, 0.065416667362]
    ],
    [
      [0.34375196979, 0.024948169944, 0.26474199328, 0.14636626313, 0.13333328346, 0.086858320397],
      [3.4826924362e-17, 0.13496622968, 0.16471979005, 0.5179843772, 0.044343235882, 0.13798636718],
      [0.0014358670816, 0, 0.0067964327996, 0.28142347593, 0.64811029926, 0.062233924926],
      [0.0081827672209, 0, 0.54988799329, 0.21402537131, 0.024535377747, 0.20336849043],
      [0.046891722856, 0.53616675131, 0.079429904941, 0.17472407287, 0.11587057331, 0.046916974703],
      [0.454143442, 0.13482134562, 0.11847713979, 0.16412892608, 0.013222935895, 0.11520621061],
      [0.22678610198, 0.51765767033, 0.022323754225, 0.098659600164, 0.089057286681, 0.04551558662]
    ],
    [
      [0.11429448207, 0.0056043459825, 0.53189266439, 0.14713318248, 0.11971537872, 0.081359946355],
      [1.0408340856e-17, 0.056313836203, 0.3486461138, 0.53123753555, 0.008303059383, 0.055499455065],
      [0.0012774040646, 0.0086131857643, 0.011755646595, 0.28656329823, 0.62475695252, 0.067033512823],
      [5.6232614564e-05, 0.0043538131891, 0.72186490065, 0.13218995678, 0.014984204483, 0.12655089228],
      [0.028786446258, 0.17122160495, 0.26858434265, 0.28783640527, 0.17056888492, 0.073002315946],
      [0.20020891862, 0.042081157958, 0.34779779952, 0.23791703278, 0.017227306568, 0.15476778456],
      [0.17032649767, 0.22275523304, 0.10374420974, 0.2246667814, 0.18121806057, 0.097289217574]
    ],
    [
      [0.28890144642, 0.00021357150601, 0.018965677284, 0.25917231862, 0.43048387636, 0.0022631098121],
      [0, 0.053742785857, 0.31152094024, 0.58875821878, 0.0073208379149, 0.038657217207],
      [0, 0.026363717524, 0.076851918751, 0.3310242907, 0.52464771138, 0.041112361645],
      [0, 0.016517941944, 0.71186827402, 0.16025932821, 0.014478638409, 0.096875817419],
      [0.86077110319, 0.024763609487, 0.0361329083, 0.047974673867, 0.022689585296, 0.007668119864],
      [0.98375722132, 0.00088725785546, 0.0068497167247, 0.0057953953461, 0.00033540634323, 0.0023750024136],
      [0.97935921609, 0.0056145617252, 0.0024513575708, 0.0065603041781, 0.0042209204221, 0.0017936400156]
    ],
    [
      [0.21446355394, 0.0059382243524, 0.24519378374, 0.20632955607, 0.23399370731, 0.094081174593],
      [2.1093508542e-17, 0.057010620684, 0.15334941429, 0.7128868952, 0.015497419478, 0.061255650344],
      [0.0006795238452, 0.004337434077, 0, 0.23306516053, 0.71610069516, 0.045817186393],
      [0.00014934343335, 0.0065849460301, 0.460442455, 0.28057442317, 0.041795165749, 0.21045366662],
      [0.045414543329, 0.15400644168, 0.10467162116, 0.34201508044, 0.2824387838, 0.071453529578],
      [0.33454548097, 0.039547360264, 0.14189914987, 0.29556195166, 0.029802546268, 0.15864351096],
      [0.23359657483, 0.18383386565, 0, 0.24585341717, 0.25556849348, 0.081147648875]
    ],
    [
      [0.12226266205, 0.010146163419, 0.33535860214, 0.22151385345, 0.21950301152, 0.091215707426],
      [9.5682478897e-18, 0.085052406918, 0.18327246825, 0.6670945338, 0.012695539784, 0.05188505125],
      [0.00050591614345, 0.0062316190607, 0.00099879746077, 0.25985969312, 0.68773121636, 0.04467275785],
      [7.2277477496e-05, 0.0094762055781, 0.5475388729, 0.2392630004, 0.033025511148, 0.17062413249],
      [0.022997274299, 0.2318669901, 0.12650786757, 0.323805058, 0.23367094256, 0.06115186748],
      [0.19963844749, 0.07103039499, 0.20436820008, 0.33381711098, 0.029432487227, 0.16171335923],
      [0.12724212607, 0.28219008821, 0.045723876705, 0.23640862223, 0.23220237089, 0.076232915895]
    ],
    [
      [0.13935640057, 0.0027276180209, 0.37238276193, 0.20045269308, 0.20897284529, 0.076107681107],
      [1.0408340856e-17, 0.025634632635, 0.2270739504, 0.68525472632, 0.013556370957, 0.048480319689],
      [0.0004706677909, 0, 0.0068972725982, 0.24813913495, 0.70308416612, 0.041408758532],
      [7.9484820021e-05, 0, 0.61032519757, 0.21685408024, 0.030975121822, 0.14176611555],
      [0.032234629402, 0.078390747408, 0.17471695939, 0.36991114196, 0.28075128943, 0.063995232408],
      [0.24656948876, 0.020283079983, 0.23930561325, 0.32069871068, 0.029586987067, 0.14355612026],
      [0.22251758395, 0.040639593383, 0.075906733307, 0.29157119314, 0.28714256382, 0.082222332399]
    ],
    [
      [0.068534447967, 0.0061468891491, 0.39431696515, 0.13854349404, 0.12417918053, 0.26827902316],
      [0, 0.062198612167, 0.24068556798, 0.51103102093, 0.0085423386375, 0.17754246029],
      [0.0064256486965, 0.019773749715, 0.022043795647, 0.25170630476, 0.60145454206, 0.098595959124],
      [2.9228376802e-05, 0.0042145879763, 0.49235025552, 0.10937923456, 0.01361592745, 0.38041076612],
      [0.015439053483, 0.18444445735, 0.1672956587, 0.2510833413, 0.16337045103, 0.21836703815],
      [0.1023419852, 0.039399570517, 0.20326580925, 0.18926390851, 0.014990579598, 0.45073814693],
      [0.088275559968, 0.23059522443, 0.058675605354, 0.18284169551, 0.16268767073, 0.27692424402]
    ],
    [
      [0.10402671993, 0.0080511552089, 0.44197666627, 0.19816311439, 0.15913462876, 0.088647715433],
      [0, 0.069886917928, 0.25032572526, 0.61801153954, 0.0095338321763, 0.052241985095],
      [0, 0.00663584149, 0.010068970387, 0.29294246801, 0.63407009119, 0.056282628918],
      [0, 0.0066411455021, 0.63673162463, 0.1890308695, 0.021146941424, 0.14644941894],
      [0.011691931755, 0.20677482377, 0.19330477648, 0.32594033401, 0.19497216645, 0.067315967546],
      [0.17449544593, 0.057926618733, 0.27700914131, 0.30705214785, 0.021941773549, 0.16157487264],
      [0.12797522408, 0.26424649907, 0.07126809345, 0.24996229805, 0.19897450611, 0.087573379229]
    ],
    [
      [0.10644291072, 0.0049091072004, 0.53358949521, 0.16288518948, 0.12455655164, 0.067616745741],
      [9.4616499526e-18, 0.047332585272, 0.33573805896, 0.56436285182, 0.0082919170293, 0.044274586922],
      [0.0003398112997, 0.0064006269904, 0.013123627952, 0.30537880619, 0.6246804884, 0.050076639165],
      [5.2663195514e-05, 0.0038330102596, 0.72768043922, 0.14707878929, 0.01566996617, 0.10568513187],
      [0.026740964554, 0.14942584794, 0.26871564689, 0.31769314255, 0.17692810541, 0.060496292658],
      [0.189779429, 0.037525401071, 0.35531974285, 0.26818189173, 0.018251503038, 0.13094203231],
      [0.16252891106, 0.19978838643, 0.10670456848, 0.2548955614, 0.19321568219, 0.082866890435]
    ],
    [
      [0.15134185506, 0.0065607818904, 0.45305425421, 0.192166976, 0.11312283951, 0.083753293325],
      [1.2415793581e-17, 0.058797621336, 0.26412093051, 0.61923414791, 0.0069902711615, 0.050857029079],
      [0.0022477226759, 0.0095573658303, 0.01401355455, 0.34665386253, 0.56102668302, 0.066500811393],
      [7.8999855731e-05, 0.0054312404253, 0.65640814704, 0.18402007519, 0.015084941383, 0.1389765961],
      [0.035150319385, 0.18643173951, 0.21136492618, 0.34825683436, 0.1492649776, 0.069531202971],
      [0.2421679828, 0.044940561877, 0.26959931722, 0.28321809997, 0.014828536217, 0.14524550192],
      [0.19784987172, 0.22989069598, 0.077229644439, 0.25719696942, 0.15009854945, 0.087734268989]
    ],
    [
      [0.18876945489, 0.0086409771029, 0.47266541572, 0.13333187051, 0.135143092, 0.061449189788],
      [0, 0.060827088808, 0.34165008502, 0.53973375349, 0.010304921415, 0.047484151264],
      [0, 0.0093886366895, 0.013428118779, 0.25099692027, 0.67900099386, 0.047185330397],
      [0, 0.0049206117639, 0.72781471217, 0.13714057767, 0.019028938267, 0.11109516013],
      [0.055297804326, 0.17301873984, 0.24456692895, 0.27162199535, 0.19736988298, 0.058124648559],
      [0.34989357178, 0.037805072299, 0.28358249388, 0.20060018395, 0.017782333472, 0.11033634461],
      [0.28816745399, 0.19598577104, 0.082025043435, 0.18419844519, 0.18226309991, 0.067360186434]
    ],
    [
      [0.2316688302, 0.022986511818, 0.34753095086, 0.10731537496, 0.18177914461, 0.10871918755],
      [0, 0.053504404599, 0.30477446308, 0.56068888302, 0.014193609521, 0.066838639785],
      [0, 0.0077337117712, 0.0091079661486, 0.19845464364, 0.73216756575, 0.052536112691],
      [0, 0.0047476818415, 0.66425796374, 0.14420982107, 0.02665639183, 0.16012814153],
      [0.17793882226, 0.12496125828, 0.17761053802, 0.22925936924, 0.22345858759, 0.066771424616],
      [0.68700558195, 0.015415448063, 0.1175076573, 0.096256428241, 0.011389967374, 0.072424917068],
      [0.60446939755, 0.087113346482, 0.036895668657, 0.096081671888, 0.12748861863, 0.0479512968]
    ],
    [
      [0.19013263133, 0.0033630645045, 0.45240387068, 0.147437848, 0.15273024568, 0.053932339795],
      [0, 0.040224490362, 0.35238251096, 0.55261351315, 0.011048020885, 0.043731464642],
      [0, 0.00015438633129, 0.022600627473, 0.24796060485, 0.69390190057, 0.035382480771],
      [0, 0.0031301286903, 0.73788682976, 0.13826215623, 0.020083083074, 0.10063780225],
      [0.064674056066, 0.11726525026, 0.25938857668, 0.28597274336, 0.21767069767, 0.055028675964],
      [0.38222500953, 0.024003311613, 0.28074017923, 0.19722866149, 0.018304380384, 0.097498457746],
      [0.33206622052, 0.13063073903, 0.085676869579, 0.19093586036, 0.19790450641, 0.062785804098]
    ],
    [
      [0.12788758641, 0.0051814860733, 0.46459523071, 0.12897872371, 0.14582325635, 0.12753371674],
      [1.2821365695e-17, 0.056677180335, 0.33073087796, 0.50713741532, 0.010981392564, 0.094473133815],
      [0.004943589556, 0.0092925259206, 0.022403632181, 0.21249764147, 0.68114014768, 0.069722463191],
      [6.4774081426e-05, 0.0041556191195, 0.65212730405, 0.11965304058, 0.018821882905, 0.20517737926],
      [0.032121279757, 0.15902503818, 0.23415236189, 0.25244133652, 0.20792308476, 0.11433689889],
      [0.21599916733, 0.03746718411, 0.291978514, 0.20065700476, 0.020161263803, 0.233736866],
      [0.18021612231, 0.19567640913, 0.085367309824, 0.18606550693, 0.20867440553, 0.14400024627]
    ],
    [
      [0.10975622987, 0.0046494552837, 0.47409551403, 0.12051530451, 0.183019246, 0.1079642503],
      [1.6241647448e-16, 0.047304747287, 0.24472457634, 0.62195336595, 0.012366390996, 0.073650919426],
      [0, 0, 0, 0, 1, 0],
      [4.3626365759e-05, 0.0030311039582, 0.75299672365, 0.085217862891, 0.017576219861, 0.14113446327],
      [0.026492404225, 0.15145241313, 0.18271677368, 0.26213407094, 0.28155117656, 0.095653161462],
      [0.22526145766, 0.037569835771, 0.27532897652, 0.21797918513, 0.02612839682, 0.21773214809],
      [0.16035786733, 0.19295542408, 0.062050579841, 0.18375984477, 0.28011237807, 0.12076390591]
    ],
    [
      [0.14783578105, 0.013433772192, 0.38464576548, 0.0975543917, 0.17520823164, 0.18132205794],
      [0, 0.15612089477, 0.28495151172, 0.40506032939, 0.013807503157, 0.14005976096],
      [0.010007619547, 0.0016513253658, 0.024515304687, 0.1109004491, 0.76092332556, 0.092001975737],
      [7.4218778953e-05, 0.011074772937, 0.56829550169, 0.093191892421, 0.02321465609, 0.30414895808],
      [0.028705002567, 0.34176596227, 0.150729409, 0.15171436918, 0.19869396219, 0.12839129478],
      [0.23243151033, 0.089018489549, 0.21593264032, 0.13723058071, 0.021848695273, 0.30353808383],
      [0.149086653, 0.37958117088, 0.048708994501, 0.099809503837, 0.17807252345, 0.14474115433]
    ],
    [
      [0.11416357229, 0.0049502214799, 0.53142312605, 0.11888172164, 0.1576832288, 0.072898129752],
      [1.1885771224e-17, 0.056032856773, 0.39213138369, 0.48353067657, 0.012312193959, 0.055992889005],
      [0.0023955653281, 0.0075632897647, 0.011222685787, 0.1926684614, 0.73172085068, 0.054429147037],
      [5.8112772534e-05, 0.00398236772, 0.74748725255, 0.11059799145, 0.020430025257, 0.11744425025],
      [0.029586295356, 0.15590028497, 0.27614329002, 0.23955758884, 0.2314520883, 0.067360452518],
      [0.21337285138, 0.039618841284, 0.37017214482, 0.20485096001, 0.024171136288, 0.14781406621],
      [0.1740043456, 0.20138134109, 0.10582736409, 0.18559433309, 0.2440807898, 0.089111826329]
    ],
    [
      [0.16295913047, 0.0084775786095, 0.42313021838, 0.12228993154, 0.17155533264, 0.11158780836],
      [1.5369435679e-17, 0.095782986182, 0.30963802395, 0.49621679709, 0.013302056067, 0.085060136715],
      [0.0036602692056, 0.0069751616949, 0.014844496474, 0.1735972711, 0.72930406697, 0.071618734555],
      [8.8845776959e-05, 0.0073922336734, 0.64933505269, 0.12341725681, 0.024065006784, 0.19570160426],
      [0.036926871551, 0.23880457082, 0.19305846385, 0.21774723489, 0.22256052332, 0.090902335561],
      [0.271162142, 0.06010660045, 0.25932350363, 0.18599079787, 0.023171204422, 0.20024575163],
      [0.19522206921, 0.27459681838, 0.065521924431, 0.1496104968, 0.20825177261, 0.10679691857]
    ],
    [
      [0.36200628388, 0.0056851129988, 0.29129136063, 0.13784302481, 0.11929798844, 0.083876229238],
      [0, 0.070398592697, 0.23551879825, 0.61333438309, 0.010201358414, 0.070546867548],
      [0, 0.0073147642773, 0.0089214170529, 0.27379533827, 0.63830413216, 0.071664348241],
      [0, 0.006599680852, 0.59074395029, 0.18509415042, 0.022319874358, 0.19524234408],
      [0, 0.1872503777, 0.15886026626, 0.34804096923, 0.21533496927, 0.090513417539],
      [0.50064751812, 0.03367980651, 0.15036725778, 0.17587434057, 0.013549438003, 0.12588163902],
      [0.35095671099, 0.20622811, 0.064950962593, 0.16400199757, 0.13747606225, 0.076386156597]
    ],
    [
      [0.99536242422, 4.394531738e-05, 0.0028162079768, 0.00048916894007, 0.00090257147372, 0.00038568207658],
      [0, 0.09939631133, 0.42281432355, 0.40390981356, 0.014136754879, 0.059742796681],
      [0, 0.0052129617931, 0.030588783541, 0.087306358207, 0.8164133189, 0.060478577554],
      [0, 0.0060872574513, 0.78331653705, 0.080112080715, 0.02043566421, 0.11004846057],
      [0.97424689901, 0.0065148140061, 0.0068125424745, 0.0045914449284, 0.0061748320133, 0.0016594675645],
      [0.99814333406, 0.0001622254085, 0.00089261828404, 0.0003838510728, 6.3422260803e-05, 0.00035454890994],
      [0.61119145371, 0.22766608572, 0.15954046312, 0.00046454109793, 0.00085028169823, 0.00028717466344]
    ]
  ],
  "expected_outcome": [
    [
      [8.3912889101, 6.5077513776, 4.6373166028, 7.7546561247, 4.4543755426, 1.4459975068, 6.0161123134, 3.7032401279, 0.37459664545, 0.93870695831, 0, 1.6448388147, 1.4923722728, 6.674277062, 3.5017530665, 0.87406693023, 0.61071836374, 10.5841063174, 0.79941401793, 1.3118305618, 4.6771023941, 3.1524467955, 2.0596497151, 1.9935302441, 2.5563339438, 1.0312559094, 14.6296937045, 7.8003390534, 1.9301719854, 6.7244464126, 0.69678200287, 0.068534447967, 15.6040079896, 18.0952948228, 8.1724601733, 7.9283171052, 4.8650454342, 8.3658357787, 7.4174800118, 0, 0, 7.5347957709, 2.444386957, 47.7848294719, 10.9489866664],
      [0.017211695998, 0.33868601312, 0.26806624028, 0.45526810669, 0.15309736767, 0.10184616736, 0.15246719217, 0.090094270147, 0.040924897967, 0.019446685113, 0.63024803441, 0.090831053902, 0.079218828543, 0.88437929012, 0.20389509736, 0.057272858836, 0.032586283811, 0.31612301813, 0.054937814902, 0.033433575692, 0.12653532317, 0.29964245867, 0.19081189033, 0.2001407017, 0.25035096842, 0.074844509831, 0.71735628576, 0.0057664306623, 0.053444019171, 0.55803898807, 0.013638090105, 0.0061468891491, 1.2076732813, 0.83454822406, 0.35428222208, 0.36292103832, 0.48271674818, 0.1479748382, 0.30052619225, 0, 0, 0.32671461767, 0.12716367914, 0.75043491584, 0.00048339849119],
      [1.0899599729, 25.0738170647, 22.3257005462, 27.8456617287, 16.884779069, 7.548785246, 17.7322054603, 5.8458023699, 2.7482567619, 1.5687314294, 50.3864972649, 8.3252931059, 6.9329767751, 81.0338344663, 14.4931390575, 2.9015364782, 1.4619946737, 26.0703659255, 1.2681106625, 4.7463751514, 7.5632246047, 11.3315733706, 12.9198548596, 18.0932434532, 7.3422960797, 0.79422597983, 68.0822610422, 0.51207328667, 2.2067440536, 18.4447231177, 1.8619138097, 0.39431696515, 66.2964999411, 90.7102141855, 24.4649297275, 19.8519474602, 7.298149968, 19.90577031, 26.9465233813, 0, 0, 35.0739263191, 6.3469532758, 38.4504596035, 0.030978287745],
      [0.87790532628, 11.278628965, 7.5527951649, 12.3589602606, 4.1500996979, 3.8926377596, 5.4134737903, 3.0147219468, 1.6464374845, 1.417608403, 22.7366999793, 3.2280141449, 4.9937057886, 28.4908114199, 9.796032031, 1.9066337286, 1.4282514745, 9.9921422646, 0.65516305295, 1.8913018468, 3.1637323258, 4.6052367352, 2.7280593915, 4.0890189096, 3.2013497858, 0.43909878939, 18.8330473576, 6.9976526026, 1.8569660046, 12.1832619397, 1.0022634654, 0.13854349404, 29.7244671591, 27.6904822121, 10.3770167038, 5.5999385613, 2.2536228741, 6.4872653121, 7.4807659752, 0, 0, 7.846193628, 1.8343489731, 18.195279275, 0.0053808583407],
      [0.37561476074, 12.1883168849, 8.2016748451, 11.5706349495, 4.3092411865, 3.2431716464, 5.8064592288, 2.8493049305, 0.59935198355, 1.1493688787, 19.9738905134, 3.3027486328, 3.7059875863, 24.2671256299, 6.69760861, 3.4850658079, 0.91688728811, 8.8369346765, 0.5658235616, 1.2405209502, 3.0450995006, 5.1083578778, 2.7752990822, 3.50704487, 3.1754364657, 0.39999985039, 15.3235684766, 11.6230646618, 2.1059433658, 12.0726656334, 1.0448642264, 0.12417918053, 23.8701943139, 21.1746137796, 6.1086333337, 5.6760098639, 3.8173620369, 6.72013081, 8.4577488685, 0, 0, 10.4070931006, 2.5733299897, 15.7473344745, 0.0099282862109],
      [0.24801933397, 5.6127996947, 5.0144466007, 6.0148188299, 2.0484071363, 1.7675616738, 2.879282015, 1.4968363548, 0.5904322266, 1.9061376455, 11.272664208, 2.4082742478, 1.7957387487, 15.6495721318, 3.3075721376, 0.77542419619, 0.54956191615, 5.2003277978, 0.65655089011, 0.77653791409, 2.4243058516, 3.5027427621, 2.3263250612, 2.1170218215, 1.4742327566, 0.26057496119, 10.4140731335, 0.061103964928, 0.84673057134, 5.0168639084, 0.38053840553, 0.26827902316, 13.2971573149, 11.494846776, 4.5226778396, 2.5808659711, 2.2831029386, 2.373022951, 7.396955571, 0, 0, 4.8112765637, 1.6738171254, 11.0716622594, 0.0042425028424]
    ],
    [
      [0, 0, 8.2142536305e-15, 0, 8.2859195557e-16, 0, 5.7867359285e-16, 0, 0, 0, 0, 0, 0, 3.266950067e-15, 1.59775508e-15, 0, 1.8587074228e-16, 0, 1.258338727e-16, 2.4875648356e-16, 0, 1.5835961248e-16, 0, 0, 4.4408920985e-16, 2.786153949e-16, 1.3530843113e-15, 0, 8.0155332458e-16, 7.6545983118e-16, 1.0408340856e-16, 0, 0, 1.3435542933e-15, 6.0837388546e-16, 0, 0, 0, 5.6414009056e-16, 0, 0, 7.6068935831e-16, 3.6886645629e-16, 0, 0],
      [2.9535627204, 3.8601413677, 2.8277419796, 6.4485186073, 3.0475566541, 1.097394473, 1.6164476442, 2.6317775606, 0.19129274969, 0.074471375947, 0.77424982958, 0.82655125961, 0.28750007052, 3.5637790018, 1.1964651492, 0.39752099184, 0.90241741255, 4.5148143112, 0.92021105705, 0.55380031461, 0.52295445593, 2.2292754037, 0.61252572623, 2.0594206583, 2.01005463, 1.0797298375, 7.3207987064, 4.890593513, 2.166403586, 6.8041925535, 0.25634632635, 0.062198612167, 11.3216807043, 6.7212271086, 2.8810834454, 2.7372189963, 1.4981233288, 3.0570612675, 2.4937959347, 0, 0.31224178954, 3.5861028335, 2.2987916684, 20.9787806239, 2.7830967172],
      [12.2032289622, 18.6351027314, 15.3516832669, 25.7304322886, 21.899152202, 5.2675975665, 12.2377703732, 11.1171901933, 0.80225230384, 0.3840521806, 3.8322092507, 4.9131455615, 1.6307037156, 21.307211176, 5.5392679588, 1.3033862295, 2.6161911312, 24.2661019763, 1.3419585182, 5.0936159681, 2.015885437, 5.4587175783, 2.6803809766, 12.0988949169, 3.8012367559, 1.3177583204, 45.323994794, 28.348405562, 5.8272777431, 14.6617974601, 2.270739504, 0.24068556798, 40.5527674917, 47.6748043723, 12.9419255949, 15.3742538258, 8.5336849661, 26.7810708332, 14.5521586305, 0, 0.56990302344, 25.0964085564, 7.4313125748, 70.1846018776, 11.8388010593],
