{
  "Z_true": {},
  "V_true": [
    [465, 37, 49, 2453, 35],
    [35, 924, 713, 293, 55],
    [87, 736, 6309, 423, 423],
    [1030, 380, 184, 21064, 348],
    [66, 139, 588, 630, 754]
  ],
  "p_true": [
    [0.153, 0.0122, 0.0161, 0.8072, 0.0115],
    [0.0173, 0.4574, 0.353, 0.145, 0.0272],
    [0.0109, 0.0923, 0.7908, 0.053, 0.053],
    [0.0448, 0.0165, 0.008, 0.9156, 0.0151],
    [0.0303, 0.0638, 0.2701, 0.2894, 0.3463]
  ],
  "Z_est": [
    [
      [21.6728, 14.5731, 1.4463, 3.2234, 3.9319, 0.2433, 8.4712, 15.676, 6.3107, 13.4216, 20.1784, 18.8413, 33.3409, 23.5129, 54.4754, 15.3617, 29.455, 37.6534, 59.0945, 3.4133, 38.6219, 3.8841, 4.329, 27.1005, 28.1338, 0.7592, 0.9676, 25.0451, 12.7515, 18.2853, 29.7963, 14.5648, 56.4254, 26.1443, 0.6118, 72.4068, 7.9809, 68.9603, 11.1913],
      [0.4826, 0.482, 0.0892, 0.0578, 0.0611, 0.0375, 0.1147, 0.2263, 0.0725, 0.2853, 0.4423, 0.5198, 1.2109, 0.5703, 1.3376, 0.6015, 0.4683, 0.7094, 1.1135, 0.1783, 0.7423, 0.074, 0.01, 0.5937, 0.4329, 0.0354, 0.0386, 0.4479, 0.2188, 0.0228, 0.3924, 0.2246, 1.1741, 0.4198, 0.0362, 1.7774, 0.2189, 1.7174, 0.2906],
      [0, 0, 0, 0, 0.0309, 0.0017, 0.0392, 0.1408, 0.0222, 0.2049, 0.2269, 0, 0, 0, 0, 0.032, 0, 0.1766, 0.2997, 0, 0, 0, 0.0248, 0.1589, 0, 0.0027, 0.0062, 0, 0, 0.2999, 0.079, 0, 0, 0, 0, 0.2028, 0, 0, 0.0515],
      [44.5729, 36.9449, 6.4645, 7.6597, 8.9576, 2.7091, 14.3467, 43.8355, 13.5623, 60.96, 60.9288, 62.6204, 123.1394, 52.9168, 175.8927, 47.9468, 57.9069, 90.8213, 131.1433, 8.4084, 85.3975, 9.0418, 6.6189, 87.9441, 61.3113, 4.1941, 3.9768, 46.4217, 21.9853, 21.2752, 74.6513, 48.0953, 138.1226, 64.1865, 4.3347, 266.2298, 26.7475, 123.1256, 36.3849],
      [0.2717, 0, 0, 0.0591, 0.0184, 0.0084, 0.0281, 0.1213, 0.0323, 0.1282, 0.2237, 0.0185, 0.3088, 0, 0.2944, 0.058, 0.1698, 0.6392, 0.3491, 0, 0.2384, 0, 0.0174, 0.2028, 0.122, 0.0087, 0.0108, 0.0852, 0.0444, 0.1168, 0.0809, 0.1153, 0.2779, 0.2494, 0.0173, 0.3831, 0.0527, 0.1967, 0.0817]
    ],
    [
      [0.2248, 0.1419, 0.0115, 0.0389, 0.0918, 0.0029, 0.083, 0.2417, 0.138, 0.1416, 0.2263, 0.3182, 0.1689, 0.1425, 0.4569, 0.156, 0.3185, 0.3544, 0.5994, 0.0145, 0.2648, 0.0363, 1.2446, 0.33, 0.1333, 0.015, 0.0063, 0.2373, 0.1564, 0.1625, 0.2789, 0.1118, 0.499, 0.3403, 0.0134, 0.5459, 0.0948, 1.1454, 0.3009],
      [37.3372, 32.3326, 5.8461, 7.0114, 13.3649, 4.2814, 9.9627, 39.3841, 14.6189, 36.4574, 48.6029, 73.4801, 47.1426, 25.5346, 96.1664, 45.042, 42.1627, 59.6234, 93.0973, 4.2338, 40.9676, 6.2283, 8.9254, 69.6224, 18.1801, 7.8235, 2.4262, 31.3276, 20.5003, 10.1413, 39.956, 19.3109, 83.8288, 50.7265, 7.0043, 124.2976, 22.2602, 178.7397, 68.6128],
      [0.5659, 0.4347, 0.0276, 0.0879, 0.394, 0.055, 0.2181, 1.0605, 0.4484, 1.0962, 1.1278, 1.2505, 0.5458, 0.2887, 1.6469, 0.7239, 0.7867, 1.2288, 1.9255, 0.0207, 0.6938, 0.09, 0.3697, 1.5807, 0.2935, 0.1422, 0.0455, 0.4274, 0.3351, 0.3315, 0.9892, 0.4046, 1.4079, 0.9571, 0.1082, 2.8105, 0.3771, 2.4734, 1.5642],
      [8.8066, 7.0908, 1.1149, 1.8388, 4.1492, 0.6598, 2.7361, 13.2931, 5.7912, 13.2974, 13.9954, 20.9512, 12.1351, 6.0343, 28.7298, 10.078, 11.7174, 16.6695, 25.3499, 0.731, 11.0626, 1.6454, 4.4551, 21.4536, 5.391, 2.0192, 0.5217, 8.0076, 5.0082, 3.3554, 13.7758, 7.1678, 23.2612, 15.931, 1.8674, 40.346, 6.2679, 37.6415, 19.5117],
      [0.0654, 0, 0, 0.023, 0, 0.0009, 0.0001, 0.0206, 0.0035, 0.0074, 0.0477, 0, 0.0077, 0, 0, 0, 0.0148, 0.124, 0.0279, 0, 0.0113, 0, 0.0052, 0.0132, 0.002, 0, 0.0004, 0, 0, 0.0093, 0, 0.0048, 0.0031, 0.0451, 0.0068, 0, 0, 0, 0.0104]
    ],
    [
      [4.437, 5.5006, 1.4091, 1.7859, 0, 0, 0.8478, 1.849, 0.7204, 0.5838, 0.7821, 13.697, 23.2437, 16.8066, 22.3386, 2.1992, 3.5017, 2.2079, 5.8636, 1.4931, 8.7855, 3.3001, 1.2758, 2.9781, 10.0707, 0.3368, 0, 13.0112, 2.2567, 0.6558, 2.7219, 6.1521, 17.6437, 8.2019, 4.0561, 7.7568, 5.5681, 18.6142, 1.6414],
      [4.1993, 5.9639, 3.8787, 0.8109, 0, 3.9346, 6.1756, 2.7668, 3.8948, 1.3465, 5.3242, 6.0945, 10.5706, 3.3012, 8.1672, 4.8086, 3.1395, 5.6377, 10.724, 0.7584, 4.3934, 1.3842, 0, 5.9582, 1.9794, 1.7562, 0, 3.8554, 1.7063, 0.4333, 2.0761, 1.297, 6.6472, 3.2275, 5.9894, 11.1449, 3.7902, 26.285, 4.0301],
      [132.7943, 157.3785, 30.3905, 31.4518, 292.2363, 198.1887, 318.0512, 192.0683, 482.3969, 91.7775, 262.8694, 235.0778, 131.2304, 77.7467, 309.1383, 143.2278, 128.6154, 247.9723, 453.6269, 11.4213, 159.8417, 50.7241, 57.2987, 301.1549, 68.4904, 68.2232, 185.8624, 117.2251, 60.3564, 37.2399, 118.1862, 62.6329, 236.3344, 139.112, 114.3941, 553.778, 144.0286, 660.2084, 185.1724],
      [0, 0.311, 0.7375, 0.2039, 0, 0, 0, 0, 0, 0.0814, 0, 1.5037, 1.1581, 0.6298, 2.152, 0, 0.2654, 0, 0, 0.1023, 0.5587, 0.8212, 0.0171, 0.343, 0.4876, 0.0162, 0, 0.8998, 0.1066, 0, 0.3929, 0.4479, 1.0346, 0.5762, 0.362, 1.8456, 1.2497, 0, 0],
      [9.5694, 3.846, 1.5841, 2.7475, 8.7637, 9.8767, 10.9253, 8.3159, 18.9878, 3.2108, 13.0243, 2.627, 9.7972, 3.5157, 14.2039, 3.7643, 6.478, 18.182, 19.7855, 0.225, 8.4207, 1.7705, 2.4084, 12.5658, 3.9719, 2.6677, 7.1376, 6.0085, 2.5741, 1.671, 2.6229, 3.4701, 11.34, 8.8824, 10.1983, 16.4747, 6.3634, 26.8924, 7.1561]
    ],
    [
      [16.3339, 7.3036, 0, 0.744, 7.4873, 0.6054, 11.6811, 12.6461, 11.3554, 8.4395, 12.4017, 10.3519, 0, 6.0065, 17.9536, 10.4236, 26.682, 30.0477, 45.7744, 0, 23.9323, 1.3237, 4.7936, 18.8923, 9.6179, 0.7607, 1.5638, 13.1361, 13.07, 13.3188, 21.6458, 4.4229, 36.7071, 18.9562, 0, 52.796, 4.5169, 67.6202, 17.1747],
      [13.1872, 12.9962, 0.9663, 1.0047, 4.912, 5.0279, 2.6065, 2.8412, 1.618, 2.5806, 6.6729, 18.5001, 19.8862, 15.6206, 25.3452, 17.7195, 11.7435, 15.0515, 24.0831, 1.7594, 16.1415, 2.0595, 0, 10.6623, 6.9185, 1.2015, 4.9744, 11.616, 7.2168, 0.2862, 5.8507, 2.7553, 30.1636, 8.9434, 3.4189, 36.4233, 7.0684, 66.8766, 12.5429],
      [0, 0, 0, 0, 7.423, 0.0752, 1.4686, 7.297, 0.9748, 10.0564, 6.0269, 0, 0, 0, 0, 0.9931, 0, 7.5436, 11.3622, 0, 0, 0, 2.342, 6.6848, 0, 0.1986, 0.928, 0, 0, 5.2853, 2.6111, 0, 0, 0, 0, 7.9049, 0, 0, 9.3759],
      [451.4535, 338.7002, 69.0337, 59.9592, 116.0716, 25.1714, 134.0872, 430.1594, 133.6768, 531.6762, 412.8042, 910.148, 987.5676, 551.3729, 1466.6785, 458.8638, 631.7149, 854.5546, 1186.1856, 38.2406, 771.8859, 107.6168, 104.4441, 787.6666, 437.8875, 57.7912, 29.4289, 480.0722, 278.4144, 149.6218, 686.8924, 402.7531, 1475.6423, 732.5362, 306.3774, 2662.8758, 362.239, 1521.8052, 701.16],
      [8.0253, 0, 0, 1.292, 0.1061, 0.1201, 0.1565, 2.0564, 0.375, 1.2474, 3.0943, 0, 2.5462, 0, 0.0227, 0, 2.8596, 18.8025, 4.5947, 0, 3.0403, 0, 0.4202, 2.094, 0.5762, 0.048, 0.1049, 0.1757, 0.2988, 1.4879, 0, 1.0687, 1.487, 6.5642, 7.2037, 0, 0.1757, 0.6981, 1.7464]
    ],
    [
      [1.3314, 1.4808, 0.1332, 0.2077, 1.489, 0.1484, 2.9168, 1.5872, 2.4755, 0.4135, 1.4115, 1.7915, 1.2466, 1.5315, 2.7755, 0.8594, 1.0428, 1.7366, 3.6681, 0.079, 1.3955, 0.4558, 0.3571, 1.6991, 1.0443, 0.1283, 0.4623, 1.5702, 0.7654, 0.5775, 1.5572, 0.7484, 3.7248, 1.3573, 0.3187, 4.4945, 0.8392, 5.6599, 0.6916],
      [0.7936, 1.2252, 0.2197, 0.1152, 0.6619, 0.7185, 1.1405, 0.7816, 0.7958, 0.3302, 0.9578, 1.4056, 1.1898, 0.9733, 1.9837, 0.8284, 0.4861, 0.9779, 1.9822, 0.0702, 0.7552, 0.254, 0.0646, 1.1634, 0.489, 0.1834, 0.5608, 0.753, 0.3578, 0.1164, 0.7247, 0.4122, 2.1863, 0.6828, 0.5512, 3.3568, 0.6623, 3.3814, 0.5237],
      [8.6398, 12.1868, 1.5818, 1.4603, 13.9157, 6.6795, 18.2228, 15.4334, 19.1576, 6.865, 14.749, 18.6718, 11.2238, 8.9646, 26.2147, 9.0231, 6.598, 14.0786, 27.7857, 0.558, 9.4645, 3.1859, 1.9648, 18.4207, 6.2161, 2.4333, 8.1579, 8.3475, 4.3086, 2.8435, 13.1344, 6.9625, 27.2577, 9.9309, 6.4977, 54.3039, 8.5943, 33.3182, 7.8359],
      [7.1669, 9.9531, 1.6494, 1.3384, 8.8216, 4.4597, 12.83, 11.7119, 13.9697, 4.985, 11.2717, 15.7767, 11.9998, 9.0463, 23.547, 7.1114, 5.3954, 10.9546, 21.3212, 0.5177, 8.0953, 2.8747, 1.4648, 14.5927, 5.9225, 1.9793, 5.0726, 7.5987, 3.4856, 1.7476, 10.2876, 6.5359, 23.9392, 8.77, 6.0584, 43.7027, 7.4959, 26.4277, 5.9434],
      [34.0682, 26.154, 5.4159, 6.8784, 28.1119, 18.9939, 40.8899, 38.4858, 45.6014, 14.4062, 40.61, 32.3545, 41.3401, 26.4843, 67.479, 18.1777, 19.4778, 56.2523, 70.2429, 1.775, 28.2894, 8.2295, 5.1487, 45.1241, 19.328, 6.2756, 19.7464, 23.7306, 11.0827, 7.715, 25.2962, 21.341, 72.8921, 35.2589, 29.5739, 112.1422, 22.4083, 80.2128, 18.0054]
    ]
  ],
  "V_est": [
    [832.2572, 17.9288, 2.0007, 2181.7831, 5.0303],
    [9.7885, 1546.5619, 29.3353, 433.8599, 0.4545],
    [224.2943, 177.4507, 7247.924, 16.3045, 312.0265],
    [560.4867, 439.2424, 88.5516, 21845.2308, 72.4885],
    [56.1732, 34.8163, 475.1885, 385.8218, 1225.0001]
  ],
  "p_est": [
    [0.2739, 0.0059, 0.0007, 0.7179, 0.0017],
    [0.0048, 0.7656, 0.0145, 0.2148, 0.0002],
    [0.0281, 0.0222, 0.9085, 0.002, 0.0391],
    [0.0244, 0.0191, 0.0038, 0.9495, 0.0032],
    [0.0258, 0.016, 0.2183, 0.1772, 0.5627]
  ],
  "EI_Z": {},
  "EI_V": 9.2056,
  "MAE_Z": {},
  "MAE_V": 281.4696,
  "MAE_p": 0.0709,
  "runtime": 0.003
}
