{
  "Z_true": {},
  "V_true": [
    [32, 77, 547, 727, 104],
    [657, 50, 59, 1200, 52],
    [120, 101, 88, 12127, 127],
    [39, 176, 4190, 2079, 120],
    [70, 179, 791, 2299, 267],
    [8, 791, 175, 1314, 70],
    [78, 85, 125, 1159, 255]
  ],
  "p_true": [
    [0.0215, 0.0518, 0.3679, 0.4889, 0.0699],
    [0.3256, 0.0248, 0.0292, 0.5946, 0.0258],
    [0.0096, 0.008, 0.007, 0.9653, 0.0101],
    [0.0059, 0.0267, 0.6345, 0.3148, 0.0182],
    [0.0194, 0.0496, 0.2194, 0.6375, 0.074],
    [0.0034, 0.3355, 0.0742, 0.5573, 0.0297],
    [0.0458, 0.0499, 0.0734, 0.681, 0.1498]
  ],
  "Z_est": [
    [
      [0.7626, 0.2312, 0.027, 0.1608, 0, 0, 0.0131, 0.399, 0.1435, 0.0745, 0.2811, 0.3522, 0.0227, 0.4736, 0, 0.4632, 0.3326, 0.2108, 0.0403, 0.4652, 0.1608, 0.0723, 0.089, 0.0483, 0, 0.1771, 0.241, 0.354, 0.2406, 0.2154, 0.2235, 0.4675, 0.2296, 0.0947, 0.3799, 0.2838, 0.1209, 0.658, 0.298, 0.7905, 0.4448, 0.0224, 0.1548, 0.1432, 0.0413, 0.0834, 0.0283, 0.7848, 0.1318, 1.3095, 0.1296],
      [13.588, 4.6913, 1.4134, 2.6587, 5.0903, 2.1104, 1.0332, 4.1182, 6.9816, 1.5279, 6.3195, 12.9667, 1.0016, 10.6266, 6.914, 2.9506, 5.9269, 2.6002, 1.4208, 19.0346, 3.7879, 2.2896, 2.7023, 3.5749, 3.5143, 7.6259, 6.74, 7.2763, 6.0197, 6.8589, 4.51, 6.6797, 6.8707, 2.2342, 7.3791, 5.4214, 5.1325, 15.2094, 6.1025, 16.2797, 3.9971, 4.3409, 1.657, 2.7807, 0.248, 1.8097, 0.3937, 17.3387, 0.914, 23.7163, 2.3865],
      [37.1305, 10.1526, 4.8574, 5.0646, 13.4604, 8.1092, 1.1902, 13.9637, 26.2263, 5.5318, 14.8093, 39.2268, 1.9534, 25.348, 20.2085, 17.8997, 19.3614, 9.9444, 2.0503, 39.9754, 6.4895, 5.9703, 4.4793, 7.4377, 10.5036, 17.5787, 14.3349, 17.1875, 16.7753, 16.3039, 14.4223, 19.5094, 15.1076, 4.1601, 21.1214, 14.4958, 13.4506, 39.6548, 13.0391, 33.6914, 15.8327, 16.0005, 7.5467, 11.9159, 0.9611, 4.3298, 1.9071, 58.2336, 4.5158, 48.4274, 12.3596],
      [14.905, 5.6365, 1.6163, 2.0318, 4.3492, 1.6819, 0.7021, 4.3654, 12.0403, 2.6716, 6.3994, 18.6685, 1.0147, 11.0457, 11.717, 9.7267, 8.0349, 4.9431, 1.4246, 17.9158, 3.2314, 2.5611, 1.6742, 3.858, 3.7941, 8.1831, 6.387, 7.9515, 6.6158, 7.3225, 6.4852, 8.9056, 6.4229, 2.4293, 9.707, 6.5627, 6.0828, 17.9416, 7.3252, 11.7473, 4.4853, 6.3833, 3.4839, 5.015, 0.7365, 1.7322, 0.6123, 23.6983, 2.31, 25.3581, 5.9164],
      [0.6139, 0.2883, 0.086, 0.0841, 0.1, 0.0985, 0.0614, 0.1537, 0.6084, 0.1941, 0.1907, 0.7858, 0.0076, 0.5061, 0.1605, 0.9598, 0.3442, 0.3015, 0.064, 0.6091, 0.3304, 0.1067, 0.0551, 0.0812, 0.1879, 0.4353, 0.2972, 0.2307, 0.3486, 0.2993, 0.359, 0.4377, 0.3692, 0.0818, 0.4127, 0.2363, 0.2133, 0.5363, 0.2352, 0.491, 0.2401, 0.2529, 0.1576, 0.1452, 0.0131, 0.045, 0.0587, 0.9446, 0.1284, 1.1887, 0.2079]
    ],
    [
      [22.6592, 12.0618, 2.4768, 7.4297, 1.9772, 3.0697, 0.8802, 4.0809, 8.617, 10.4103, 12.8352, 25.7063, 2.6038, 31.9694, 10.9004, 12.7344, 14.4501, 9.842, 6.9623, 19.8212, 8.3099, 10.8774, 1.8218, 4.6999, 0, 10.5738, 16.918, 12.32, 19.8343, 16.9334, 15.1338, 27.1384, 14.8128, 11.4387, 26.9634, 20.0752, 9.0835, 39.7824, 17.4368, 44.0223, 27.19, 8.4494, 15.1903, 12.9656, 5.5285, 8.789, 3.4093, 40.4798, 10.7396, 77.7615, 9.3261],
      [6.6126, 3.8916, 1.8494, 2.0012, 1.6557, 0.9668, 0.6466, 0.6789, 3.0771, 3.2342, 4.634, 12.5986, 1.688, 11.6606, 5.045, 1.3372, 4.0536, 1.9037, 3.8023, 12.3569, 3.2457, 5.3255, 0.7574, 5.0707, 1.5913, 6.7723, 7.5669, 4.0426, 7.7724, 8.4275, 4.7645, 6.7483, 6.975, 4.2659, 8.3608, 6.1554, 5.6418, 14.6375, 5.8025, 17.6002, 4.735, 2.4257, 2.5755, 3.8665, 0.4811, 2.9862, 0.7159, 13.6891, 1.1703, 25.937, 1.9445],
      [1.3841, 0.5804, 0.5148, 0.2844, 0.3591, 0.3799, 0.0392, 0.1875, 0.8775, 0.9498, 0.7957, 3.6411, 0.2252, 2.0765, 0.9126, 0.5449, 1.0191, 0.5032, 0.362, 1.9172, 0.394, 1.0428, 0.095, 0.7344, 0.3672, 1.1281, 1.1806, 0.6908, 1.7343, 1.4852, 1.1379, 1.3452, 1.1724, 0.4955, 1.7457, 1.194, 1.1655, 2.7815, 0.704, 3.2062, 2.0483, 0.7625, 0.8672, 1.2487, 0.0887, 0.5356, 0.271, 3.6102, 0.3971, 2.6772, 1.0787],
      [18.0764, 11.6232, 5.3025, 3.8006, 3.755, 2.2512, 1.1156, 1.8696, 13.3463, 14.2245, 11.6606, 43.3218, 4.3822, 30.0551, 21.2008, 11.0583, 13.685, 9.0466, 9.5517, 28.8487, 6.8857, 14.8459, 1.2046, 13.5978, 4.383, 17.6112, 17.7794, 10.9598, 21.2302, 22.3344, 17.0556, 22.3889, 16.1796, 11.5972, 27.3452, 18.5185, 15.4152, 42.8376, 17.3146, 31.2301, 12.9273, 9.2566, 13.4872, 17.3675, 3.6985, 7.1184, 2.7822, 46.5528, 7.4208, 68.6305, 12.3002],
      [2.2678, 1.8431, 0.8565, 0.4841, 0.253, 0.3323, 0.3184, 0.1831, 2.0821, 3.1813, 1.0745, 5.7323, 0.1007, 4.2384, 0.9412, 3.3252, 1.7921, 1.7044, 1.3216, 3.056, 2.1647, 1.9084, 0.1212, 0.8972, 0.6585, 2.9146, 2.5552, 0.9868, 3.4287, 2.8194, 2.9081, 3.3792, 2.8602, 1.2028, 3.5849, 2.0569, 1.694, 3.9609, 1.742, 3.9412, 2.0994, 1.1058, 1.8799, 1.5517, 0.2032, 0.5708, 0.8216, 5.6681, 1.2722, 9.9939, 1.3506]
    ],
    [
      [5.0516, 0.9798, 0, 2.8739, 0, 0, 0, 1.0356, 0, 0, 1.3203, 0, 0, 4.1886, 0, 0.8187, 1.3763, 0.8749, 0, 0.9373, 1.7415, 0.2029, 0.4433, 0, 0, 0, 1.2476, 2.4882, 1.1913, 0.9729, 1.0182, 2.5109, 0.9829, 0, 2.547, 2.5674, 0, 3.3469, 0, 3.9117, 2.3839, 0, 3.2631, 0, 0, 2.273, 1.5156, 1.5637, 2.5147, 5.0515, 0],
      [2.93, 1.1638, 0, 1.7415, 0.1465, 0.1679, 0, 0.1768, 0, 0, 1.2988, 0, 0, 3.5121, 0, 0, 0.3902, 0, 0, 4.6282, 1.2456, 0.8491, 1.2093, 0, 0.0146, 0.7757, 1.9047, 2.0629, 1.3251, 2.4129, 0.2252, 0.5527, 1.956, 0.1806, 1.0636, 1.3218, 0, 3.0053, 0.0257, 3.7069, 0.467, 0.0548, 0, 0, 0, 1.7723, 0.6386, 0.9389, 0, 3.5375, 0],
      [13.9781, 0, 5.753, 2.4052, 1.155, 2.3132, 0, 3.1101, 3.092, 1.644, 2.6049, 2.805, 0, 9.4166, 0, 0.2356, 5.9642, 0.4722, 0, 7.6013, 1.165, 5.4473, 1.5246, 0, 3.0054, 3.05, 3.3157, 2.418, 10.0321, 6.9716, 5.0216, 1.8008, 4.7202, 0, 5.4854, 3.8506, 2.0379, 8.6325, 0, 8.1872, 5.1475, 1.6161, 6.0149, 7.375, 0, 5.5559, 19.2902, 18.5169, 0.047, 0, 0],
      [507.4137, 314.2818, 92.8514, 118.7029, 28.4227, 23.9642, 13.513, 60.7287, 179.8613, 135.9859, 173.4989, 277.1591, 89.7483, 524.0923, 204.9088, 135.766, 235.6448, 137.9408, 193.675, 528.1391, 123.0371, 270.5518, 50.0862, 205.3916, 62.6168, 201.534, 213.1509, 323.0124, 297.1606, 446.7202, 293.4628, 185.0396, 208.9323, 205.1676, 445.5662, 332.0093, 132.9702, 720.6976, 209.3262, 226.9262, 89.7868, 56.3377, 484.0233, 353.1464, 50.637, 246.4821, 244.7935, 629.5524, 170.2926, 492.5359, 71.8989],
      [9.6266, 6.5746, 2.3956, 2.2765, 0.2758, 0.5546, 0.487, 0.9487, 4.0466, 4.3701, 2.2772, 5.0359, 0.2517, 10.7904, 1.0912, 6.1797, 4.6244, 3.7122, 3.325, 7.6941, 5.8108, 4.9489, 0.7366, 1.6084, 1.3632, 4.6403, 4.3812, 4.0185, 7.291, 7.9224, 7.2724, 4.096, 5.4086, 2.6518, 8.3378, 5.2509, 1.9919, 9.3177, 2.6481, 4.2679, 2.2148, 0.9914, 9.6987, 4.4786, 0.363, 2.9167, 12.7621, 11.4281, 4.1457, 9.8752, 1.1011]
    ],
    [
      [1.1598, 1.7743, 0, 0.8439, 0, 0, 0, 0.6565, 0, 0, 0.5357, 0, 0, 0.9723, 0, 0.6116, 0.4654, 0.3647, 0.4704, 0.2148, 0.207, 0.078, 0.0495, 0, 0, 0, 0.2354, 0.6046, 0.2556, 0.2234, 0.2112, 0.8936, 0.2272, 1.7067, 0.435, 0.5452, 0, 0.8054, 2.1766, 2.3209, 2.5352, 0, 0.5412, 0.0889, 0.0312, 0.1757, 0.3812, 0.264, 0.3295, 5.7175, 0],
      [2.9819, 1.3461, 0.3503, 1.4115, 0.4806, 0.1616, 0.3305, 0.5528, 0.4789, 0.1261, 1.9594, 0.8027, 0.7716, 3.385, 0.9009, 0, 1.3667, 0.2765, 1.3142, 5.4737, 0.6157, 0.689, 0.3008, 1.8358, 0.3606, 1.6149, 1.2594, 2.0708, 1.5583, 1.9805, 0.8971, 1.1252, 1.5755, 1.8781, 1.4677, 1.589, 0.6125, 3.8451, 2.4459, 4.9228, 1.145, 0.1812, 0.718, 0.6963, 0.0281, 0.6315, 1.1936, 3.5296, 0.2347, 5.0303, 0],
      [175.1339, 64.7904, 78.0137, 47.9717, 45.373, 31.04, 4.4889, 50.6741, 130.9235, 48.67, 89.781, 128.084, 20.7111, 169.6006, 95.4965, 55.6571, 118.1883, 43.1642, 15.1305, 223.7484, 22.2362, 42.0737, 9.6424, 76.0888, 34.9601, 92.4202, 55.0613, 102.649, 98.947, 104.0597, 72.7511, 77.0137, 68.618, 38.7115, 99.1536, 96.0468, 49.6522, 225.1166, 65.0844, 152.251, 93.1059, 42.4744, 91.1956, 79.4702, 2.7718, 33.7258, 149.5231, 317.8134, 31.1805, 199.4903, 27.0003],
      [63.5292, 34.7185, 19.6335, 16.9955, 12.1668, 3.7669, 2.6444, 12.9579, 56.4124, 21.993, 35.7671, 57.5325, 11.0088, 67.7818, 58.6956, 28.7858, 44.4847, 20.2835, 10.9637, 93.0094, 10.1619, 16.6541, 3.2885, 38.9886, 10.9608, 40.1826, 22.5888, 44.3606, 35.0397, 43.2804, 30.2956, 32.6004, 26.5611, 22.8096, 42.3188, 40.4121, 20.9619, 94.9295, 36.7643, 44.5447, 18.1833, 15.4006, 39.1199, 30.9481, 1.94, 12.3671, 33.7769, 116.8675, 14.9022, 100.379, 12.23],
      [17.1952, 11.3708, 8.0024, 4.7774, 1.9795, 2.0315, 1.5362, 3.1587, 18.1852, 10.2109, 6.9568, 15.5808, 0.5084, 20.2603, 4.9071, 17.9454, 12.4949, 7.9112, 3.1212, 20.5536, 6.7793, 4.5052, 0.7188, 5.0868, 3.7185, 13.7822, 6.8551, 8.315, 12.1995, 11.4559, 10.845, 10.3671, 10.0182, 4.8941, 11.6249, 9.4068, 4.7734, 18.3033, 7.5288, 12.9605, 8.0306, 3.9438, 11.4253, 5.7965, 0.2289, 2.0999, 27.1253, 30.5255, 5.3532, 30.383, 2.7696]
    ],
    [
      [0.4998, 0.1886, 0, 0.3031, 0, 0, 0.0005, 0.1219, 0, 0, 0.1281, 0, 0, 0.4143, 0, 0.1164, 0.1074, 0.0679, 0.0224, 0.0948, 0.164, 0.0333, 0.0293, 0, 0, 0, 0.0829, 0.2338, 0.1085, 0.0975, 0.1113, 0.2091, 0.0893, 0.0943, 0.2291, 0.1891, 0, 0.2817, 0.1145, 0.5426, 0.6349, 0, 0.2828, 0.0195, 0.755, 0.1661, 0.0791, 0.1532, 0.1284, 0.4632, 0.0018],
      [1.8698, 0.8479, 0.3582, 0.7321, 0.1869, 0.1995, 0.035, 0.2301, 0.386, 0.2316, 0.6954, 0.5399, 0.2735, 2.0707, 0.4474, 0.085, 0.5006, 0.1797, 0.2444, 2.1381, 0.6, 0.6452, 0.2501, 0.8684, 0.2649, 0.7033, 0.6336, 1.1514, 0.938, 1.6782, 0.8401, 0.4726, 0.8563, 0.5132, 1.1459, 0.8259, 0.3353, 1.9609, 0.5116, 1.8085, 0.5704, 0.167, 0.6836, 0.5305, 0.0347, 0.8044, 0.3062, 1.5496, 0.1487, 1.3857, 0.0436],
      [25.6214, 9.1124, 9.0549, 6.1726, 2.8017, 6.0651, 0.1975, 4.3646, 8.9839, 5.3236, 7.7918, 10.4156, 2.7145, 24.0406, 7.4006, 4.2776, 8.9226, 3.9082, 1.7872, 21.2521, 4.7907, 8.8895, 1.8303, 8.9401, 5.2264, 8.3972, 6.4983, 13.007, 13.7028, 19.8818, 15.4551, 7.125, 8.9359, 4.6191, 17.3166, 11.2314, 5.138, 25.9199, 5.2543, 16.0773, 11.7966, 4.4225, 17.8091, 20.6692, 0.117, 9.571, 8.185, 28.9897, 4.0201, 13.4188, 1.2974],
      [141.1167, 73.3244, 38.2443, 34.5724, 12.9694, 16.5833, 1.7446, 19.1825, 57.197, 36.054, 47.1776, 68.6215, 20.9917, 145.4731, 63.0427, 33.0176, 51.1365, 27.593, 17.8313, 132.8645, 33.9123, 53.1052, 9.8431, 69.0184, 25.3268, 54.4778, 40.5061, 85.251, 73.652, 124.6019, 96.786, 45.8536, 52.6646, 39.5916, 111.6056, 71.3736, 32.3627, 164.1207, 42.928, 78.0804, 44.5943, 24.2647, 115.4463, 119.2748, 10.0683, 53.2492, 34.8856, 161.3304, 29.4604, 100.046, 8.6114],
      [0.8922, 0.5267, 0.3425, 0.2197, 0.042, 0.1522, 0.0224, 0.1008, 0.4331, 0.3908, 0.2071, 0.4231, 0.0204, 1.0013, 0.1094, 0.5034, 0.3329, 0.2512, 0.1147, 0.6505, 0.5331, 0.3268, 0.0473, 0.1732, 0.1819, 0.4217, 0.2791, 0.3567, 0.5986, 0.7406, 0.8075, 0.3397, 0.4538, 0.1818, 0.7027, 0.38, 0.164, 0.7167, 0.1915, 0.4912, 0.4037, 0.1458, 0.7782, 0.506, 0.025, 0.2092, 0.5442, 0.9771, 0.2425, 0.6863, 0.0458]
    ],
    [
      [0.0957, 0.0662, 0, 0.0622, 0, 0, 0, 0.1553, 0, 0, 0.0477, 0, 0, 0.1159, 0, 0.7621, 0.0461, 0.0184, 0.0062, 0, 0.0305, 0.006, 0.0075, 0, 0, 0, 0.0353, 0.1056, 0.0214, 0.0081, 0.0227, 0.0857, 0.032, 0.0225, 0.0559, 0.0653, 0, 0.078, 0.0819, 0.1552, 0.0751, 0, 0.0553, 0.0044, 0.0014, 0.0177, 0.0053, 0.0258, 0.0247, 0.2232, 0.001],
      [23.2859, 18.1623, 9.0698, 7.7876, 3.8187, 1.9684, 1.7283, 11.1424, 11.6252, 7.413, 14.3968, 19.2092, 3.0129, 33.9216, 13.1956, 6.4757, 16.123, 3.7227, 6.3684, 47.1207, 6.5291, 7.3279, 3.5039, 14.2989, 3.9733, 15.7101, 16.3777, 28.4091, 13.4408, 32.8144, 13.7152, 10.4937, 23.9694, 7.9094, 19.8834, 17.6569, 8.8302, 40.442, 17.4633, 21.9212, 5.4245, 2.6731, 10.4237, 10.2844, 0.1507, 6.1134, 1.4031, 33.3266, 2.2967, 29.5155, 0.5139],
      [3.684, 2.0167, 2.0897, 0.8326, 0.6285, 0.4927, 0.0713, 2.6214, 2.5169, 1.5054, 1.8778, 3.2571, 0.304, 4.5897, 1.7433, 2.2009, 3.0717, 0.774, 0.478, 5.5254, 0.6121, 1.077, 0.3268, 1.4845, 0.7171, 2.0349, 1.948, 3.5825, 2.1929, 4.3822, 2.479, 1.6816, 3.0634, 0.7563, 3.175, 2.6154, 1.3029, 5.8659, 1.6962, 2.7311, 1.2992, 0.5841, 2.6608, 2.5086, 0.0293, 0.8214, 0.3864, 6.5776, 0.6184, 3.122, 0.1463],
      [48.2324, 41.0255, 19.4603, 11.1536, 6.5027, 3.48, 2.136, 22.7967, 38.1723, 24.4522, 27.3893, 51.7569, 5.6683, 66.2943, 40.8642, 43.9949, 41.1311, 13.1989, 11.9609, 83.3601, 10.4492, 15.3626, 4.1149, 29.0113, 8.1693, 31.6606, 29.1594, 58.3111, 27.8248, 65.8487, 37.0546, 26.2809, 42.0747, 16.1236, 49.1454, 40.1511, 19.6234, 89.6676, 39.3281, 30.7517, 11.9892, 7.638, 41.1995, 34.8455, 0.8135, 10.9466, 4.067, 85.8571, 10.8467, 59.1527, 2.3091],
      [0.702, 0.7293, 0.3802, 0.1639, 0.0501, 0.0589, 0.0644, 0.2841, 0.6856, 0.6294, 0.2884, 0.7768, 0.0148, 1.0785, 0.1968, 1.5663, 0.6281, 0.2861, 0.1864, 0.9938, 0.379, 0.2265, 0.047, 0.2053, 0.1403, 0.5944, 0.4796, 0.5917, 0.5201, 0.9466, 0.7285, 0.4581, 0.8606, 0.1883, 0.7403, 0.5114, 0.2435, 0.9465, 0.4305, 0.4409, 0.212, 0.1048, 0.6606, 0.3571, 0.0051, 0.1008, 0.1382, 1.2129, 0.2135, 0.9866, 0.0297]
    ],
    [
      [5.7713, 2.6981, 0.4962, 2.3265, 0.0228, 0.9303, 0.1063, 0.5507, 1.2395, 1.5152, 1.8518, 1.9416, 0.3735, 4.866, 1.0996, 1.4934, 2.2222, 1.6214, 1.4985, 3.4667, 2.3863, 1.7301, 0.5596, 0.2518, 0, 1.2491, 3.2399, 2.8938, 2.3482, 3.5492, 3.2794, 3.6949, 1.6262, 2.6432, 5.3897, 3.2739, 0.7956, 5.0476, 1.8922, 4.2568, 3.7362, 0.5282, 5.5126, 2.7784, 0.6426, 2.495, 1.5812, 4.7287, 2.1314, 8.4737, 0.5415],
      [1.7319, 0.897, 0.9588, 0.6673, 0.6213, 0.4254, 0.2265, 0.1008, 0.4513, 0.4672, 0.6961, 0.8829, 0.2524, 1.8234, 0.4972, 0.1515, 0.6389, 0.3173, 0.8498, 2.2478, 0.9761, 0.8737, 0.2762, 1.3514, 0.2811, 0.7978, 1.5178, 0.9868, 0.9457, 1.8276, 1.0479, 0.9278, 0.797, 1.0187, 1.6996, 1.0297, 0.4477, 1.8998, 0.6485, 1.7607, 0.661, 0.1574, 0.9422, 0.8416, 0.0574, 0.8824, 0.349, 1.6275, 0.2357, 2.8779, 0.1115],
      [1.068, 0.3476, 0.7166, 0.2689, 0.2223, 0.6, 0.0129, 0.0785, 0.3798, 0.3754, 0.3396, 0.5704, 0.0917, 0.9278, 0.2386, 0.1842, 0.4728, 0.2338, 0.192, 0.9801, 0.3126, 0.4993, 0.1017, 0.3145, 0.22, 0.3909, 0.6611, 0.4651, 0.6157, 0.9155, 0.7329, 0.5242, 0.3826, 0.2576, 1.0022, 0.566, 0.253, 1.0288, 0.2219, 0.8558, 0.7697, 0.1398, 0.9058, 0.8123, 0.0322, 0.4605, 0.4372, 1.2586, 0.2211, 0.8643, 0.1176],
      [51.7267, 29.3901, 20.8916, 13.7431, 7.8341, 9.2724, 3.1443, 3.0991, 21.9704, 23.6188, 19.1072, 34.9397, 7.186, 51.2578, 22.5709, 14.6506, 23.883, 16.9941, 23.5927, 56.8625, 22.3223, 26.9193, 4.7885, 25.1344, 8.7491, 23.3506, 38.4286, 29.1536, 28.4768, 52.8919, 41.8603, 33.931, 20.1649, 30.2811, 61.3117, 33.9727, 14.5837, 60.8054, 21.0136, 34.7195, 21.0339, 6.7191, 55.2398, 42.4028, 5.1061, 23.1044, 15.0826, 61.1414, 16.7673, 81.8978, 7.7341],
      [3.7022, 2.6673, 1.9368, 0.9942, 0.2995, 0.7719, 0.5101, 0.1709, 1.9589, 3.0235, 1.0053, 2.6654, 0.0964, 4.125, 0.5937, 2.5203, 1.7832, 1.8335, 1.867, 3.4429, 4.0027, 1.9776, 0.274, 0.9479, 0.7497, 2.2116, 3.1526, 1.5006, 2.6135, 3.8157, 4.0795, 2.9222, 2.0293, 1.7994, 4.5967, 2.1577, 0.9199, 3.2184, 1.2238, 2.4073, 1.7993, 0.4555, 4.3996, 2.1649, 0.1617, 1.0576, 2.55, 4.2438, 1.6445, 6.8863, 0.4953]
    ]
  ],
  "V_est": [
    [12.8722, 298.7657, 804.2073, 355.8101, 15.3446],
    [769.4926, 275.7448, 54.9399, 810.4322, 107.3905],
    [63.195, 47.4025, 202.7798, 12019.1448, 230.478],
    [29.1092, 70.5039, 4286.9295, 1726.9498, 490.5076],
    [7.3593, 35.4797, 498.7418, 3045.0309, 19.3882],
    [2.6233, 686.3436, 102.7602, 1542.8088, 23.464],
    [119.3484, 44.7598, 24.6415, 1404.8235, 108.4269]
  ],
  "p_est": [
    [0.0087, 0.2009, 0.5408, 0.2393, 0.0103],
    [0.3813, 0.1366, 0.0272, 0.4016, 0.0532],
    [0.005, 0.0038, 0.0161, 0.9567, 0.0183],
    [0.0044, 0.0107, 0.6491, 0.2615, 0.0743],
    [0.002, 0.0098, 0.1383, 0.8444, 0.0054],
    [0.0011, 0.2911, 0.0436, 0.6543, 0.01],
    [0.0701, 0.0263, 0.0145, 0.8254, 0.0637]
  ],
  "EI_Z": {},
  "EI_V": 9.2963,
  "MAE_Z": {},
  "MAE_V": 161.1604,
  "MAE_p": 0.0616,
  "runtime": 0.003
}
