{
  "X": [
    [7, 23, 140, 14],
    [92, 259, 750, 60],
    [76, 184, 448, 63],
    [90, 208, 606, 58],
    [5, 25, 91, 9],
    [12, 32, 124, 11],
    [68, 139, 451, 32],
    [214, 458, 1480, 153],
    [11, 29, 149, 5],
    [18, 35, 161, 17],
    [7, 16, 78, 15],
    [47, 140, 518, 54],
    [23, 59, 227, 35],
    [5, 11, 108, 8],
    [85, 203, 497, 69],
    [138, 255, 673, 92],
    [13, 61, 173, 15],
    [23, 92, 161, 27],
    [19, 38, 96, 25],
    [1, 10, 54, 7],
    [28, 83, 141, 25],
    [20, 51, 92, 10],
    [24, 70, 252, 28],
    [111, 57, 231, 22],
    [9, 20, 43, 8],
    [30, 30, 164, 12],
    [33, 21, 144, 11],
    [14, 46, 117, 15],
    [18, 43, 101, 20],
    [7, 7, 61, 1],
    [8, 35, 94, 13],
    [5, 21, 53, 1],
    [4, 26, 73, 10],
    [7, 18, 100, 8],
    [12, 17, 79, 5],
    [17, 78, 81, 13],
    [39, 335, 502, 84],
    [98, 488, 637, 88],
    [47, 223, 342, 52],
    [12, 57, 125, 16],
    [33, 212, 252, 47],
    [41, 390, 299, 47],
    [37, 112, 112, 34],
    [54, 278, 328, 39],
    [23, 56, 248, 21],
    [15, 46, 149, 17],
    [10, 5, 65, 3],
    [1, 9, 61, 7],
    [7, 30, 121, 12],
    [3, 8, 77, 2],
    [63, 140, 365, 43],
    [5, 19, 160, 4],
    [26, 92, 60, 15],
    [3, 5, 87, 9],
    [15, 24, 86, 13],
    [8, 22, 81, 7],
    [2, 0, 82, 5],
    [7, 36, 71, 5],
    [19, 99, 392, 22],
    [44, 97, 297, 43],
    [13, 20, 99, 15],
    [26, 59, 149, 24],
    [10, 18, 91, 3],
    [15, 22, 79, 8],
    [10, 27, 73, 13],
    [13, 51, 152, 20],
    [5, 5, 102, 7],
    [93, 265, 311, 46],
    [16, 83, 192, 22],
    [15, 21, 125, 9],
    [25, 166, 159, 34],
    [82, 373, 454, 79],
    [73, 270, 335, 59],
    [1, 6, 69, 7],
    [329, 112, 897, 53],
    [180, 101, 603, 25],
    [41, 136, 380, 38],
    [19, 42, 140, 21],
    [19, 49, 170, 12],
    [496, 938, 3025, 278],
    [77, 121, 321, 29],
    [324, 465, 1366, 128],
    [35, 43, 117, 8]
  ],
  "W": [
    [12, 19, 131, 1, 21],
    [114, 226, 666, 70, 85],
    [97, 158, 405, 59, 52],
    [122, 194, 529, 53, 64],
    [9, 24, 84, 2, 11],
    [9, 29, 116, 11, 14],
    [76, 135, 397, 42, 40],
    [255, 450, 1385, 97, 118],
    [15, 24, 137, 5, 13],
    [19, 33, 150, 5, 24],
    [7, 17, 77, 7, 8],
    [60, 119, 481, 33, 66],
    [22, 50, 219, 15, 38],
    [8, 10, 101, 2, 11],
    [107, 163, 464, 52, 68],
    [176, 211, 623, 63, 85],
    [16, 52, 152, 18, 24],
    [33, 72, 139, 34, 25],
    [24, 34, 85, 12, 23],
    [1, 10, 51, 2, 8],
    [49, 66, 107, 27, 28],
    [26, 36, 83, 14, 14],
    [36, 68, 225, 14, 31],
    [113, 51, 222, 14, 21],
    [7, 18, 39, 6, 10],
    [29, 28, 158, 6, 15],
    [22, 31, 143, 4, 9],
    [18, 44, 100, 8, 22],
    [23, 32, 102, 12, 13],
    [8, 3, 56, 0, 9],
    [13, 26, 87, 12, 12],
    [8, 21, 44, 2, 5],
    [5, 20, 72, 6, 10],
    [15, 15, 86, 7, 10],
    [11, 10, 72, 7, 13],
    [24, 71, 56, 17, 21],
    [48, 326, 451, 78, 57],
    [156, 430, 551, 80, 94],
    [87, 205, 273, 41, 58],
    [16, 47, 111, 11, 25],
    [48, 204, 215, 34, 43],
    [62, 351, 256, 62, 46],
    [44, 102, 108, 14, 27],
    [79, 242, 286, 52, 40],
    [23, 59, 224, 18, 24],
    [17, 44, 136, 7, 23],
    [10, 3, 65, 2, 3],
    [2, 6, 63, 4, 3],
    [9, 25, 110, 6, 20],
    [6, 7, 74, 1, 2],
    [76, 120, 327, 38, 50],
    [10, 20, 133, 2, 23],
    [19, 89, 52, 15, 18],
    [5, 9, 72, 6, 12],
    [22, 19, 80, 10, 7],
    [12, 14, 78, 6, 8],
    [4, 2, 79, 1, 3],
    [9, 27, 63, 6, 14],
    [22, 107, 345, 28, 30],
    [45, 99, 267, 32, 38],
    [6, 20, 96, 7, 18],
    [26, 54, 144, 12, 22],
    [15, 13, 79, 4, 11],
    [20, 23, 70, 1, 10],
    [13, 26, 70, 3, 11],
    [22, 40, 133, 16, 25],
    [4, 4, 94, 4, 13],
    [109, 234, 285, 43, 44],
    [23, 67, 184, 21, 18],
    [16, 17, 115, 6, 16],
    [36, 144, 152, 22, 30],
    [99, 315, 414, 98, 62],
    [69, 236, 300, 70, 62],
    [4, 4, 60, 6, 9],
    [297, 132, 872, 24, 66],
    [176, 103, 563, 29, 38],
    [60, 111, 344, 35, 45],
    [32, 30, 137, 7, 16],
    [24, 41, 161, 7, 17],
    [591, 890, 2795, 183, 278],
    [75, 121, 304, 28, 20],
    [350, 420, 1281, 82, 150],
    [48, 30, 115, 1, 9]
  ],
  "method": "mvn_cdf",
  "mvncdf_method": "genz",
  "mvncdf_samples": 5000,
  "mvncdf_error": 0.001,
  "cond_prob": [
    [
      [0.45950559656, 0.20856715423, 0.27605958072, 0.055867668491],
      [0.0023396037703, 0.88267093755, 0.064733325348, 0.05025613333],
      [0.011001233982, 0.0024412325733, 0.95296138211, 0.03359615133],
      [0.00031871800784, 0.60572343299, 0.1467050279, 0.2472528211],
      [0, 0.13337721122, 0.49870027452, 0.36792251426]
    ],
    [
      [0.62179806647, 0.12149863042, 0.22981648882, 0.026886814301],
      [0.00803365283, 0.85113748884, 0.09783018859, 0.04299866974],
      [0.028650611273, 0.0032931511156, 0.95214588263, 0.015910354978],
      [0.00086670985191, 0.58054985928, 0.21307779569, 0.20550563518],
      [0.0018522127747, 0.11718064544, 0.61937287202, 0.26159426977]
    ],
    [
      [0.63279273814, 0.12346135448, 0.20216444272, 0.041581464657],
      [0.0079884277375, 0.84378697892, 0.083359280439, 0.0648653129],
      [0.032631110005, 0.0025792507498, 0.93477005313, 0.030019586116],
      [0.00082319717923, 0.54001846722, 0.17109757885, 0.28806075675],
      [0.0017839352312, 0.11154268896, 0.51043565534, 0.37623772048]
    ],
    [
      [0.6108317097, 0.10912690661, 0.24681553353, 0.033225850165],
      [0.0083919778175, 0.8220665656, 0.11230978022, 0.057231676362],
      [0.025901625905, 0.0027624870521, 0.9507506099, 0.020585277144],
      [0.00082703992168, 0.52039228147, 0.2285860021, 0.25019467651],
      [0.0016358515811, 0.096304017159, 0.60997307498, 0.29208705628]
    ],
    [
      [0.46626198345, 0.18476714508, 0.29521733846, 0.053753533012],
      [0.0016161665118, 0.8680210666, 0.075713164679, 0.054649602211],
      [0.0090965387627, 0.00071274986073, 0.95671328981, 0.033477421568],
      [0.00022983848169, 0.57666633198, 0.16719169218, 0.25591213736],
      [2.5929055739e-05, 0.11739876761, 0.52978438848, 0.35279091486]
    ],
    [
      [0.73123525392, 0.075477426819, 0.17102786236, 0.022259456905],
      [0.013233958506, 0.82885844274, 0.10451304456, 0.053394554197],
      [0.042905797415, 0.00051449949409, 0.93446266958, 0.022117033512],
      [0.0015509919362, 0.53347077082, 0.22287101197, 0.24210722527],
      [0.0029260361908, 0.096853421343, 0.61290143884, 0.28731910363]
    ],
    [
      [0.68586783171, 0.075400871155, 0.2180037956, 0.020727501531],
      [0.013914467, 0.79705152123, 0.13872797815, 0.050306033621],
      [0.034836281644, 0.0035468527277, 0.949072009, 0.012544856626],
      [0.0015229803048, 0.49793890993, 0.27958068347, 0.22095742629],
      [0.0025405689815, 0.083651091916, 0.67948645511, 0.23432188399]
    ],
    [
      [0.64480003764, 0.10440983633, 0.21077629663, 0.040013829406],
      [0.0095304515015, 0.81797744114, 0.10054811297, 0.071943994386],
      [0.032473762122, 0.0026390394782, 0.93759619729, 0.02729100111],
      [0.0009386162303, 0.49885730989, 0.19607448839, 0.30412958549],
      [0.0018650924859, 0.095266224455, 0.53741893985, 0.3654497432]
    ],
    [
      [0.55321281945, 0.15208819742, 0.2735630287, 0.021135954432],
      [0.0049246913638, 0.88015751744, 0.088922973595, 0.025994817601],
      [0.018718165967, 0.0046383459255, 0.9704091227, 0.0062343654058],
      [0.00056459574519, 0.64623604027, 0.21248051795, 0.14071884604],
      [0.001261799944, 0.13294330977, 0.67338083103, 0.19241405926]
    ],
    [
      [0.66129654727, 0.10488930938, 0.19806339208, 0.035750751265],
      [0.0090495672305, 0.83849734462, 0.089936369772, 0.062516718378],
      [0.033886965002, 0.001485690103, 0.93529308098, 0.029334263916],
      [0.00094817559279, 0.53116355683, 0.18818088043, 0.27970738715],
      [0.0020393439579, 0.10241747707, 0.54308453329, 0.35245864568]
    ],
    [
      [0.63417403877, 0.078702216034, 0.20093105052, 0.086192694682],
      [0.0092614169592, 0.72059272528, 0.10226753934, 0.16787831842],
      [0.030990775728, 0.0087749993586, 0.92250318592, 0.037731038996],
      [0.00085916020909, 0.30301908311, 0.143179113, 0.55294264368],
      [0.0013792234748, 0.050274953192, 0.35249192137, 0.59585390196]
    ],
    [
      [0.57195791802, 0.15293082069, 0.23222708191, 0.042884179378],
      [0.0056245860746, 0.86084114456, 0.078607402447, 0.054926866916],
      [0.02476039435, 0.0024562260456, 0.94467448619, 0.028108893419],
      [0.00055888517584, 0.57618129386, 0.16870148492, 0.25455833604],
      [0.0012879739783, 0.12407010803, 0.52661389904, 0.34802801895]
    ],
    [
      [0.64628629462, 0.13050236167, 0.17362794084, 0.049583402867],
      [0.007609753729, 0.85337200936, 0.06676359774, 0.072254639175],
      [0.037973597463, 0.0043818841213, 0.91956613464, 0.038078383772],
      [0.00082531052778, 0.53852349318, 0.13631534184, 0.32433585445],
      [0.001910956043, 0.11639111987, 0.43190241579, 0.4497955083]
    ],
    [
      [0.50903405921, 0.11757051351, 0.325774306, 0.047621121282],
      [0.004607649021, 0.81274201162, 0.11647254186, 0.066177797497],
      [0.0086954292703, 0.0014149667659, 0.96181356455, 0.02807603941],
      [0.00039645221455, 0.47431233279, 0.23470904442, 0.29058217057],
      [0.00023816139521, 0.076407224256, 0.60149927496, 0.32185533938]
    ],
    [
      [0.62330907095, 0.15597770084, 0.17871682869, 0.041996399522],
      [0.0067301095387, 0.87870224787, 0.060573808005, 0.053993834588],
      [0.036720068892, 0.0036830235417, 0.92563172776, 0.03396517981],
      [0.00079587139363, 0.60646051128, 0.13448773613, 0.2582558812],
      [0.0019032981747, 0.14466250143, 0.4634894804, 0.38994471999]
    ],
    [
      [0.64161541903, 0.13613013346, 0.18038755961, 0.041866887897],
      [0.0076865671137, 0.86229029102, 0.06930192396, 0.06072121791],
      [0.037297302704, 0.0034974060625, 0.92624812269, 0.032957168544],
      [0.00084007029945, 0.57198389507, 0.14711438973, 0.28006164491],
      [0.001937371483, 0.12804677342, 0.4742152537, 0.3958006014]
    ],
    [
      [0.57906502046, 0.13820634402, 0.25341887032, 0.029309765197],
      [0.0058495197963, 0.86104137207, 0.092263548504, 0.040845559626],
      [0.022289954508, 0.0026500162734, 0.95760154081, 0.017458488404],
      [0.00057360525642, 0.59523888778, 0.20640696835, 0.19778053862],
      [0.0013494443064, 0.12072686226, 0.61986807994, 0.25805561349]
    ],
    [
      [0.57371090295, 0.16264410999, 0.22011870558, 0.043526281486],
      [0.0052502681305, 0.87184452843, 0.069517827393, 0.053387376048],
      [0.02617413809, 0.0016158795983, 0.94100714883, 0.031202833485],
      [0.00050510494962, 0.5965875506, 0.15408053243, 0.24882681202],
      [0.0013656853858, 0.13405417355, 0.50768269417, 0.35689744689]
    ],
    [
      [0.64983577894, 0.10872714268, 0.18090658479, 0.060530493592],
      [0.0087483691027, 0.80862253754, 0.080614023799, 0.10201506956],
      [0.035924693391, 0.0073843667263, 0.91900727882, 0.037683661067],
      [0.00090446775535, 0.44134182399, 0.14029861155, 0.41745509671],
      [0.0018280088972, 0.085809097376, 0.39644187469, 0.51592101903]
    ],
    [
      [0.50167492794, 0.13345612395, 0.29989069362, 0.064978254484],
      [0.0057813535741, 0.82801176688, 0.087525382235, 0.078681497313],
      [0.0086304620071, 0, 0.95021998098, 0.041149557016],
      [0.00017898697959, 0.47368174528, 0.1786803326, 0.34745893514],
      [0, 0.079882839589, 0.50078447363, 0.41933268678]
    ],
    [
      [0.52405199442, 0.16035478755, 0.26921508085, 0.04637813717],
      [0.00416181233, 0.85503613078, 0.084824361297, 0.055977695593],
      [0.018868067775, 0.0012381709053, 0.95217053553, 0.027723225789],
      [0.00018830877849, 0.56674151368, 0.18180225105, 0.25126792649],
      [0.00081446680443, 0.11699020079, 0.55068375402, 0.33151157839]
    ],
    [
      [0.63077764883, 0.1805953562, 0.16253479626, 0.026092198716],
      [0.0063652859271, 0.91780230654, 0.04632103472, 0.029511372813],
      [0.040021745065, 0.0048092154092, 0.93120337999, 0.023965659532],
      [0.0010508162346, 0.71883207888, 0.12119842812, 0.15891867676],
      [0.0024367549621, 0.20005883714, 0.50856282244, 0.28894158545]
    ],
    [
      [0.54617523704, 0.12481175718, 0.28002125941, 0.048991746376],
      [0.0055058307525, 0.81429984926, 0.10814877947, 0.072045540523],
      [0.017476787186, 0.002407695362, 0.95242024527, 0.027695272184],
      [0.00044147018043, 0.48819145664, 0.20975226368, 0.30161480949],
      [0.0008012024522, 0.088966940093, 0.55916228324, 0.35106957421]
    ],
    [
      [0.82616270054, 0.046751553992, 0.10788285499, 0.019202890478],
      [0.021819160749, 0.82495127784, 0.092432843229, 0.060796718178],
      [0.073864320846, 0, 0.90057168493, 0.025563994222],
      [0.0023251908599, 0.53266513125, 0.19098133513, 0.27402834275],
      [0.0047812257459, 0.10415463768, 0.54735760166, 0.34370653491]
    ],
    [
      [0.83983340067, 0.053018948896, 0.088400422256, 0.018747228177],
      [0.020928177108, 0.84349061126, 0.074301153961, 0.061280057673],
      [0.069221523455, 0, 0.89579183043, 0.034986646118],
      [0.0015081185539, 0.55695145388, 0.16407099558, 0.27746943199],
      [0.0035770881309, 0.11043276318, 0.51234689128, 0.37364325741]
    ],
    [
      [0.75243445431, 0.071687505345, 0.15347811702, 0.022399923323],
      [0.014721191301, 0.8289848271, 0.10075676743, 0.055537214174],
      [0.048803320035, 0.00022061152382, 0.92767570439, 0.023300364054],
      [0.0015581124391, 0.53261284912, 0.21275198334, 0.2530770551],
      [0.0031289485562, 0.098596898053, 0.59191146168, 0.30636269171]
    ],
    [
      [0.88166219308, 0.015170062954, 0.090583389391, 0.012584354575],
      [0.076797212418, 0.61543575338, 0.20167364954, 0.10609338466],
      [0.077985148185, 0, 0.90048699135, 0.02152786046],
      [0.0042910525273, 0.3058180742, 0.3184723291, 0.37141854417],
      [0.0059641962998, 0.040497551504, 0.63463924639, 0.3188990058]
    ],
    [
      [0.61298632775, 0.11967441742, 0.23090949744, 0.036429757387],
      [0.0071567795395, 0.84270626217, 0.092655331625, 0.05748162667],
      [0.026114066331, 0.00081495004806, 0.94590565973, 0.027165323888],
      [0.00074824311141, 0.54576969794, 0.19824433849, 0.25523772045],
      [0.001543419213, 0.1054151074, 0.57228517152, 0.32075630187]
    ],
    [
      [0.58845513482, 0.19721250277, 0.14795922335, 0.066373139067],
      [0.0057711836555, 0.88992818434, 0.038810929353, 0.065489702654],
      [0.041621642056, 0.0093346583236, 0.89510485388, 0.053938845743],
      [0.00096313717985, 0.59120875331, 0.083241735815, 0.3245863737],
      [0.0018376066435, 0.14921310375, 0.31195324604, 0.53699604357]
    ],
    [
      [0.61108008801, 0.20113864977, 0.17890735454, 0.0088739076741],
      [0.0038958203454, 0.95045881459, 0.037571555112, 0.0080738099496],
      [0.03184396766, 0.006087365682, 0.96206866666, 0],
      [0.00052555542176, 0.83553656997, 0.10911662816, 0.054821246453],
      [0.035156627319, 0.24429131998, 0.6200201295, 0.1005319232]
    ],
    [
      [0.49211035424, 0.20931897987, 0.24342979164, 0.055140874249],
      [0.002725690534, 0.88719902046, 0.058095726369, 0.051979562638],
      [0.017504685883, 0.00096141443105, 0.9437049901, 0.037828909586],
      [6.312124833e-05, 0.61667185149, 0.13252064497, 0.25074438229],
      [0.00066935951579, 0.14399778803, 0.46936182872, 0.38597102373]
    ],
    [
      [0.53490004594, 0.12175927107, 0.33056817404, 0.012772508947],
      [0.018236599887, 0.854209062, 0.12500510373, 0.0025492343817],
      [0.0075295337318, 0.0089332646743, 0.98353720159, 0],
      [0.00058576745338, 0.59926270588, 0.28813825555, 0.11201327112],
      [0.0010720031549, 0.099189294381, 0.77568680963, 0.12405189284]
    ],
    [
      [0.47499863311, 0.26617410238, 0.20156364507, 0.057263619432],
      [0.0024320822031, 0.91855076087, 0.035951936669, 0.043065220258],
      [0.021741686583, 0.0045006407528, 0.92753519047, 0.046222482195],
      [0.00029506193325, 0.68427537836, 0.091838108632, 0.22359145108],
      [0.00091933847963, 0.18684158663, 0.39395806757, 0.41828100732]
    ],
    [
      [0.44970035748, 0.11996431287, 0.38697338749, 0.043361942155],
      [0.0032457002426, 0.79402720634, 0.14163070739, 0.061096386031],
      [0.002393129467, 0.0036611835755, 0.97078143299, 0.023164253967],
      [0, 0.46476092248, 0.27777843996, 0.25746063756],
      [0, 0.072193896696, 0.66392862599, 0.26387747732]
    ],
    [
      [0.74831550408, 0.095577116561, 0.14288633615, 0.013221043205],
      [0.010651832643, 0.89134988478, 0.071596675845, 0.026401606735],
      [0.05006618763, 0.0052714789416, 0.93461955047, 0.010042782956],
      [0.0014916001726, 0.67361077055, 0.17929740666, 0.14560022262],
      [0.0036003398512, 0.14925623019, 0.62804569717, 0.21909773279]
    ],
    [
      [0.62011521598, 0.1314433083, 0.22236154482, 0.026079930904],
      [0.0071089119192, 0.86774984101, 0.086174621937, 0.038966625135],
      [0.027862023597, 0.0023225833516, 0.95244110895, 0.017374284099],
      [0.00082243358808, 0.61185939045, 0.1968430321, 0.19047514386],
      [0.0018213037089, 0.12873559923, 0.6124710057, 0.25697209136]
    ],
    [
      [0.55671702347, 0.15491297797, 0.23549333436, 0.052876664195],
      [0.0047782579621, 0.84993261852, 0.079331632497, 0.065957491017],
      [0.023560574864, 0.0032750071993, 0.94109954094, 0.032064876993],
      [0.00037407645009, 0.54405715187, 0.16050237113, 0.29506640055],
      [0.0011381324754, 0.11530977764, 0.4891075411, 0.39444454878]
    ],
    [
      [0.52728881908, 0.20857868792, 0.2221611625, 0.041971330497],
      [0.0041420285538, 0.8961692306, 0.058171097129, 0.041517643719],
      [0.025046611883, 0.0035728470319, 0.94336433444, 0.028016206648],
      [0.00048024053249, 0.65552275092, 0.13553398601, 0.20846302253],
      [0.0013060590967, 0.16700528445, 0.49673212477, 0.33495653168]
    ],
    [
      [0.48565299944, 0.17925267646, 0.28611645096, 0.048977873132],
      [0.0023510998106, 0.8593930793, 0.084111430428, 0.054144390459],
      [0.015513865688, 0.001992337778, 0.95595514443, 0.026538652106],
      [7.2529876313e-05, 0.57546198169, 0.17749772314, 0.2469677653],
      [0.00048197464619, 0.12226873152, 0.54503214571, 0.33221714812]
    ],
    [
      [0.55487149101, 0.19330899149, 0.21398501194, 0.037834505562],
      [0.0044064590304, 0.89881662749, 0.056721965036, 0.04005494844],
      [0.025889050922, 0.0024258298494, 0.94260484946, 0.02908026977],
      [0.00053060561218, 0.66203440933, 0.13762333244, 0.19981165262],
      [0.001417250211, 0.16444116113, 0.51069250022, 0.32344908844]
    ],
    [
      [0.55406169554, 0.17276803286, 0.22326409698, 0.049906174624],
      [0.0045688266221, 0.86975716565, 0.067782905014, 0.057891102718],
      [0.025140641577, 0.0029508821051, 0.93870059899, 0.033207877327],
      [0.00046516621352, 0.58586484768, 0.14615552942, 0.26751445669],
      [0.0012080091396, 0.13308902691, 0.48059753346, 0.38510543049]
    ],
    [
      [0.52747496807, 0.22985025951, 0.20486458476, 0.037810187658],
      [0.003823553087, 0.9162581171, 0.046180316582, 0.033738013227],
      [0.026805587333, 0.0079241479039, 0.93892520128, 0.026345063485],
      [0.00046627557092, 0.69666561767, 0.12029535971, 0.18257274705],
      [0.0013770739859, 0.193931188, 0.48404219121, 0.32064954681]
    ],
    [
      [0.67753097728, 0.15846398287, 0.11250637018, 0.05149866967],
      [0.0085997994639, 0.89299705026, 0.034142072534, 0.064261077746],
      [0.05769743567, 0.01406653804, 0.87047335009, 0.057762676195],
      [0.00097802997024, 0.59143049517, 0.082922037677, 0.32466943718],
      [0.0024608141573, 0.15343231804, 0.31093325836, 0.53317360944]
    ],
    [
      [0.56235568811, 0.19699225394, 0.20741213694, 0.033239921008],
      [0.0050872386339, 0.90344247489, 0.057049632724, 0.034420653754],
      [0.028825687941, 0.005066676294, 0.94329779112, 0.022809844642],
      [0.00064581915455, 0.67855138582, 0.13830808826, 0.18249470676],
      [0.001626488575, 0.17676978832, 0.52083103029, 0.30077269281]
    ],
    [
      [0.66799209613, 0.066490588979, 0.23746652146, 0.02805079343],
      [0.013642117588, 0.75677353196, 0.15791019175, 0.071674158701],
      [0.030162504874, 0.0026094912023, 0.9475594308, 0.019668573125],
      [0.0013223723655, 0.42577170942, 0.29060457412, 0.28230134409],
      [0.0021288773687, 0.06552755287, 0.65572391084, 0.27661965892]
    ],
    [
      [0.62563266609, 0.12213758248, 0.21430516677, 0.03792458466],
      [0.0074366883299, 0.84888262095, 0.085004917477, 0.058675773241],
      [0.029351382562, 0.0012859437164, 0.94013015905, 0.029232514671],
      [0.0007943230888, 0.55169938047, 0.18206171242, 0.26544458402],
      [0.0017253086933, 0.11026268553, 0.54280270339, 0.34520930238]
    ],
    [
      [0.73273177231, 0.077759624869, 0.16917689004, 0.020331712788],
      [0.010477411316, 0.86493597696, 0.085550456518, 0.039036155208],
      [0.040470102063, 0.002423334347, 0.93462287301, 0.022483690579],
      [0.0012901987298, 0.5844547396, 0.20743171298, 0.20682334869],
      [0.0027043371536, 0.10038986956, 0.62874318612, 0.26816260717]
    ],
    [
      [0.36479722817, 0.2797286764, 0.25353037064, 0.10194372479],
      [0.00063803165358, 0.9009251788, 0.037671418179, 0.06076537137],
      [0.004228682967, 0.0041685880925, 0.93532762608, 0.056275102863],
      [0, 0.59404138755, 0.08690207264, 0.31905653981],
      [5.6775604183e-05, 0.1320683248, 0.33122067208, 0.53665422752]
    ],
    [
      [0.5362994269, 0.16954461264, 0.25468304191, 0.039472918549],
      [0.0039949872912, 0.87790617458, 0.073431417817, 0.044667420313],
      [0.018677446812, 0.0019805500821, 0.95221055437, 0.027131448733],
      [0.00039752383839, 0.61231032205, 0.16919431218, 0.21809784193],
      [0.00082630916373, 0.13173608402, 0.55568701616, 0.31175059065]
    ],
    [
      [0.46431307711, 0.14742239066, 0.36002329232, 0.028241239908],
      [0.0025958317766, 0.87310742489, 0.094772370129, 0.029524373208],
      [0.0026263486967, 0.0027019917342, 0.98027440834, 0.014397251227],
      [0.00030381441153, 0.605907574, 0.23506644446, 0.15872216713],
      [0.00064854847118, 0.098929359746, 0.7005404967, 0.19988159508]
    ],
    [
      [0.65888928052, 0.11753546088, 0.19134139184, 0.032233866755],
      [0.0088045137557, 0.85466748798, 0.083275845451, 0.053252152817],
      [0.035858675554, 0.0021571489781, 0.93632522552, 0.025658949946],
      [0.00095919170062, 0.573047005, 0.17991861309, 0.24607519021],
      [0.0021127367756, 0.1205206502, 0.54899393446, 0.32837267856]
    ],
    [
      [0.47022992037, 0.087590584819, 0.42169168262, 0.020487812189],
      [0.0051128825798, 0.75377887533, 0.20360919306, 0.037499049032],
      [0, 0.0033960002789, 0.99660399972, 0],
      [0.00049535525176, 0.44092543334, 0.39260288813, 0.16597632328],
      [0.0084544536616, 0.074565119192, 0.79901572059, 0.11796470656]
    ],
    [
      [0.89907822714, 0.043657844142, 0.04768431686, 0.0095796118579],
      [0.011976301872, 0.87848451788, 0.065213523376, 0.044325656874],
      [0.14881194851, 0.0062840826873, 0.81868462661, 0.026219342192],
      [0.00056551919384, 0.64900557873, 0.13321621926, 0.21721268281],
      [0.0058288170667, 0.1624179383, 0.48445280703, 0.3473004376]
    ],
    [
      [0.5075575292, 0.028278355681, 0.42359594099, 0.040568174134],
      [0.030059383513, 0.42822265504, 0.4032807668, 0.13843719465],
      [0, 0, 0.96829150346, 0.031708496544],
      [0.00021931415858, 0.16743405438, 0.45878095169, 0.37356567978],
      [0.015863501453, 0, 0.73190161958, 0.25223487897]
    ],
    [
      [0.58704091004, 0.12570826968, 0.22577468405, 0.061476136225],
      [0.0061573479158, 0.8225730972, 0.083282460432, 0.087987094449],
      [0.024439492628, 0.0032589862524, 0.93396835039, 0.038333170728],
      [0.00048522665307, 0.47194933759, 0.15794262782, 0.36962280793],
      [0.0011569559929, 0.089330992002, 0.45052798473, 0.45898406727]
    ],
    [
      [0.50331940941, 0.24981097766, 0.20812763314, 0.038741979795],
      [0.0030937020185, 0.92574093941, 0.040770466547, 0.030394892024],
      [0.024406528641, 0.00072608700051, 0.94200647461, 0.03286090975],
      [0.00045699088718, 0.72695781474, 0.10720384826, 0.16538134611],
      [0.0013005099422, 0.20293918023, 0.47649422021, 0.31926608962]
    ],
    [
      [0.48488792925, 0, 0.45207981476, 0.063032255986],
      [0.011789343033, 0, 0.7609999989, 0.22721065807],
      [0, 0, 0.96595045637, 0.034049543626],
      [0.0131404524, 0, 0.45262212034, 0.53423742726],
      [0.0079097148384, 0, 0.6356575231, 0.35643276206]
    ],
    [
      [0.54799623676, 0.23940994526, 0.19173545814, 0.020858359833],
      [0.0046790070479, 0.93795125492, 0.041568409159, 0.015801328874],
      [0.030250306928, 0.0077330834957, 0.95127196456, 0.010744645021],
      [0.00075197937865, 0.78027203169, 0.1128413218, 0.10613466714],
      [0.0022442475771, 0.23941501139, 0.5389180094, 0.21942273163]
    ],
    [
      [0.57240868538, 0.078044250956, 0.3244929506, 0.025054113058],
      [0.0089521452502, 0.75091599565, 0.18575478869, 0.054377070403],
      [0.015640097982, 0.0085447626201, 0.96614054428, 0.0096745951172],
      [0.00067260015837, 0.43182417863, 0.34632664979, 0.22117657142],
      [0.0011487590581, 0.063199827955, 0.73232529084, 0.20332612214]
    ],
    [
      [0.70704337233, 0.070488282228, 0.18691567396, 0.03555267148],
      [0.014426836145, 0.77435760888, 0.12249851234, 0.088717042637],
      [0.039765426187, 0.0020694021492, 0.93100964468, 0.027155526981],
      [0.0014003715858, 0.43147607784, 0.22062045145, 0.34650309912],
      [0.0024371258911, 0.073864714632, 0.54794769404, 0.37575046543]
    ],
    [
      [0.86543157632, 0.032878988051, 0.083516406397, 0.018173029236],
      [0.027768922274, 0.77298330062, 0.10869999923, 0.090547777884],
      [0.074913567323, 0, 0.89292714839, 0.03215928429],
      [0.0017812810469, 0.43197645359, 0.19836735911, 0.36787490625],
      [0.002658925906, 0.073290271347, 0.51196243434, 0.4120883684]
    ],
    [
      [0.70928398229, 0.11002679633, 0.14089886619, 0.039790355191],
      [0.0094480723354, 0.85718250591, 0.064120296294, 0.069249125462],
      [0.048516559711, 0.0041720052496, 0.90819750747, 0.039113927568],
      [0.0009758509797, 0.54989218269, 0.1336142523, 0.31551771403],
      [0.0022875338341, 0.12054422855, 0.43137824434, 0.44578999327]
    ],
    [
      [0.56172345922, 0.14140690085, 0.27985590095, 0.017013738989],
      [0.0053150713322, 0.8772390134, 0.094585832962, 0.022860082302],
      [0.018839189104, 0.0066189936745, 0.97340481608, 0.001137001138],
      [0.00060899933616, 0.64325418106, 0.22856475277, 0.12757206683],
      [0.0013018407128, 0.12535200805, 0.70539147051, 0.16795468073]
    ],
    [
      [0.64376187924, 0.093761308114, 0.2253227901, 0.03715402254],
      [0.0092605743895, 0.8165958454, 0.10688594642, 0.06725763379],
      [0.027063146736, 0, 0.94288341779, 0.03005343547],
      [0.0008966661353, 0.49257851415, 0.21885411302, 0.2876707067],
      [0.0016452266534, 0.08504908793, 0.58144740717, 0.33185827824]
    ],
    [
      [0.5950907215, 0.14703159278, 0.1906424471, 0.06723523862],
      [0.0057679155436, 0.84971172289, 0.061537351774, 0.082983009788],
      [0.029960431199, 0.0045953662693, 0.91957006, 0.045874142535],
      [0.00057678513702, 0.50664983324, 0.12099469074, 0.37177869088],
      [0.0013540251822, 0.10495085091, 0.38079897905, 0.51289614485]
    ],
    [
      [0.49670415286, 0.17813747381, 0.27514341309, 0.050014960235],
      [0.0030186147978, 0.86437579315, 0.078103583405, 0.05450200865],
      [0.014617854979, 0.0013998475101, 0.95370074822, 0.030281549294],
      [0, 0.57851514991, 0.16899100782, 0.25249384228],
      [0.00030357332051, 0.12254086931, 0.53106583751, 0.34608971985]
    ],
    [
      [0.65560251809, 0.052001748403, 0.26480000582, 0.027595727695],
      [0.012434729874, 0.72876133873, 0.18379049058, 0.075013440812],
      [0.021958355176, 0, 0.95675715785, 0.021284486976],
      [0.0011665631559, 0.3721828038, 0.33123226207, 0.29541837097],
      [0.019930720693, 0.029862802789, 0.68811816372, 0.26208831279]
    ],
    [
      [0.69593162957, 0.14260572437, 0.13302718967, 0.028435456389],
      [0.0082926584493, 0.90159136626, 0.048611676805, 0.041504298485],
      [0.052771674971, 0.0069818981815, 0.90974535746, 0.030501069391],
      [0.00099789770517, 0.66738025604, 0.12191017605, 0.2097116702],
      [0.0027303029919, 0.1771910079, 0.46830317064, 0.35177551847]
    ],
    [
      [0.50481020285, 0.2265828308, 0.21921466458, 0.049392301775],
      [0.0031992939248, 0.90100600414, 0.051005217875, 0.044789484056],
      [0.022551382552, 0.0032730260491, 0.93898751028, 0.035188081123],
      [0.00031042609127, 0.65574589234, 0.12028715963, 0.22365652193],
      [0.0010577391139, 0.1693495601, 0.45783227077, 0.37176043001]
    ],
    [
      [0.67890512237, 0.093370204131, 0.20358085324, 0.024143820259],
      [0.010064776857, 0.84208179162, 0.1015881754, 0.046265256131],
      [0.034101531935, 0.0018626663485, 0.94451698645, 0.01951881527],
      [0.0011480772284, 0.55667108613, 0.22327027088, 0.21891056576],
      [0.0023657624763, 0.1022783206, 0.62853951874, 0.26681639819]
    ],
    [
      [0.5218984839, 0.26469297857, 0.15831828578, 0.055090251752],
      [0.0057391482, 0.92469410749, 0.025140096575, 0.044426647739],
      [0.034967489622, 0.012011022442, 0.90385698423, 0.049164503704],
      [0.00077325565091, 0.69189737982, 0.079449253467, 0.22788011106],
      [0.0017715730589, 0.20892278421, 0.35154075419, 0.43776488854]
    ],
    [
      [0.63469042139, 0.16395272317, 0.16351492222, 0.037841933212],
      [0.0069320763406, 0.89338146315, 0.051983146358, 0.047703314152],
      [0.040494847617, 0.0057086805414, 0.92002658714, 0.033769884707],
      [0.00090017469552, 0.64121532338, 0.1240413434, 0.23384315853],
      [0.0020800032452, 0.16372619483, 0.45790762694, 0.37628617499]
    ],
    [
      [0.75400636905, 0.10297586803, 0.11926828102, 0.023749481902],
      [0.010123805135, 0.88116995388, 0.061811681707, 0.046894559282],
      [0.061127724162, 0.004690046885, 0.90541285822, 0.028769370728],
      [0.00085082814522, 0.62943939939, 0.14137187988, 0.22833789258],
      [0.003007537169, 0.15275458014, 0.49456520432, 0.34967267837]
    ],
    [
      [0.24699804884, 0.097822624002, 0.59955057412, 0.055628753035],
      [0.0030019511552, 0.74085061901, 0.17227375625, 0.083873673586],
      [0, 0, 0.96952698231, 0.03047301769],
      [0, 0.36969150569, 0.30522410663, 0.32508438768],
      [0, 0.047461999312, 0.65663767779, 0.29590032289]
    ],
    [
      [0.87546779168, 0, 0.11144651111, 0.013085697205],
      [0.047908743702, 0.73426503057, 0.14815586778, 0.069670357941],
      [0.071321108594, 0, 0.91251691271, 0.016161978694],
      [0.0034343303402, 0.43745022242, 0.27501613533, 0.28409931191],
      [0.0058739557523, 0.069366827673, 0.63679812908, 0.2879610875]
    ],
    [
      [0.8181044181, 0.026559231248, 0.14482599473, 0.010510355921],
      [0.027067065925, 0.77168172364, 0.15285496579, 0.048396244645],
      [0.058546207041, 0, 0.93479738491, 0.0066564080539],
      [0.0028827388788, 0.48039801055, 0.30307468808, 0.21364456249],
      [0.0047526482148, 0.076600406819, 0.70227552095, 0.21637142402]
    ],
    [
      [0.54613488952, 0.17223761296, 0.24226523611, 0.039362261405],
      [0.0045852947002, 0.87572474466, 0.074104848252, 0.045585112388],
      [0.02225541089, 0.0022036579125, 0.95037548446, 0.025165446738],
      [0.00041780541371, 0.61345816117, 0.1660001546, 0.22012387882],
      [0.0011656529204, 0.13847116894, 0.54442834694, 0.3159348312]
    ],
    [
      [0.47372316054, 0.2524590985, 0.19725188518, 0.076565855787],
      [0.0035948426577, 0.89556487927, 0.041534978208, 0.05930529986],
      [0.027076149677, 0.0019114647472, 0.92241618907, 0.048596196507],
      [0.00048467537541, 0.61259786795, 0.089140299139, 0.29777715754],
      [0.0012617718628, 0.15651917024, 0.34043064572, 0.50178841217]
    ],
    [
      [0.5865209174, 0.17484256488, 0.20818342844, 0.030453089279],
      [0.0052812108079, 0.89889066176, 0.061218770995, 0.034609356441],
      [0.029027679446, 0.0029417493327, 0.94500045028, 0.02303012094],
      [0.00064669780151, 0.6703577654, 0.14929962296, 0.17969591384],
      [0.0017050037452, 0.1637138418, 0.54726225004, 0.28731890442]
    ],
    [
      [0.65895850277, 0.10573172618, 0.20249348605, 0.032816285007],
      [0.0098455778671, 0.83337144387, 0.09736698787, 0.059415990393],
      [0.034713386147, 0.0022905435715, 0.93912865574, 0.02386741454],
      [0.0010201391822, 0.53565125484, 0.19995745238, 0.26337115359],
      [0.0020948230502, 0.10570401391, 0.56551411497, 0.32668704807]
    ],
    [
      [0.77281880095, 0.066098580896, 0.14004431486, 0.021038303294],
      [0.017030279287, 0.82057747198, 0.10378116604, 0.058611082697],
      [0.055457961037, 0.00012919561903, 0.92200754892, 0.02240529442],
      [0.0017212532928, 0.5258256964, 0.21262160902, 0.25983144129],
      [0.0035255443718, 0.099516867807, 0.58477276848, 0.31218481934]
    ],
    [
      [0.7277976188, 0.097459337324, 0.14997039357, 0.024772650306],
      [0.011762314286, 0.85779580037, 0.080490904933, 0.049950980413],
      [0.049797834792, 0.002616767118, 0.92371974732, 0.02386565077],
      [0.0012703575881, 0.5871579205, 0.17545032684, 0.23612139507],
      [0.0029031048649, 0.12743978415, 0.54688172706, 0.32277538392]
    ],
    [
      [0.60031638251, 0.2381900864, 0.1351021612, 0.026391369892],
      [0.0062872433146, 0.94202684611, 0.029445202124, 0.022240708451],
      [0.051921715386, 0.00072559238146, 0.91864795029, 0.028704741944],
      [0.00062521910998, 0.78918503866, 0.083105838912, 0.12708390332],
      [0.0027304279654, 0.27038247857, 0.43379111959, 0.29309597387]
    ]
  ],
  "expected_outcome": [
    [
      [5.5140671587, 70.8849795771, 61.3808955997, 74.5214685828, 4.1963578511, 6.5811172853, 52.1259552103, 164.4240095979, 8.2981922917, 12.5646343982, 4.4392182714, 34.3174750813, 14.2182984816, 4.0722724737, 66.6940705912, 112.9243137493, 9.2650403273, 18.9324597972, 15.5960586946, 0.50167492794, 25.6785477267, 16.4002188695, 19.6623085335, 93.3563851612, 5.8788338047, 21.820599175, 19.3965682478, 11.0337538996, 13.5344681008, 4.8886407041, 6.3974346051, 4.2792003675, 2.3749931656, 6.7455053622, 8.2314705449, 14.8827651834, 26.7224171264, 82.2570557768, 42.2518109517, 8.8779438562, 26.5949613859, 32.7034480205, 29.8113630005, 44.4260993604, 15.3638182111, 10.6357553235, 7.3273177231, 0.72959445635, 4.8266948421, 2.7858784627, 50.0755853198, 4.7022992037, 17.0824863157, 2.537787646, 12.9149000209, 6.0398329129, 1.939551717, 4.9319661309, 12.5929910784, 31.816951755, 5.1925894579, 18.4413835395, 8.4258518883, 12.8752375849, 7.7361793795, 10.9274913629, 2.6224100723, 75.8565476232, 11.6106346655, 10.8624819579, 18.7883454205, 62.8343517181, 52.0264394648, 0.98799219538, 260.0139341295, 143.9863775862, 32.7680933713, 15.1591411371, 14.0765020177, 389.4444751382, 57.9614100713, 254.729166579, 28.8151863604],
      [2.5028058508, 13.8508438674, 11.9757513849, 13.3134826069, 1.6629043057, 0.67929684137, 5.7304662078, 26.6245082639, 2.2813229613, 1.9928968783, 0.55091551224, 9.1758492415, 2.8710519568, 0.94056410807, 16.6896139903, 23.9589034887, 2.2113015044, 5.3672556297, 2.6094514243, 0.13345612395, 7.8573845901, 4.6954792613, 4.4932232583, 5.2829256011, 0.37113264227, 2.078937655, 0.333741385, 2.1541395136, 4.5358875637, 1.6091091982, 2.7211467383, 0.97407416859, 1.3308705119, 1.7994646931, 1.0513482822, 3.1546393991, 7.4358229427, 32.5382753161, 15.5949828523, 3.0929438638, 8.2928655773, 14.2507160895, 6.9724152461, 15.5623880615, 1.5292835465, 2.0763389022, 0.77759624869, 0.5594573528, 1.5259015137, 0.88453434397, 8.9326950269, 0.87590584819, 0.82949903869, 0.1413917784, 2.765581933, 2.9977317319, 0, 2.1546895073, 1.716973521, 3.1719727002, 0.19727392831, 2.8606967046, 2.1211035127, 1.8752261623, 1.9114107061, 3.9190244239, 0.20800699361, 15.5440239562, 5.2114051083, 1.4939232661, 9.5289472284, 16.2313195937, 7.1053348939, 0.39129049601, 0, 4.6744246997, 10.3342567777, 8.0786911519, 4.1962215571, 62.4874501702, 4.9573935672, 34.1107680634, 11.433124147],
      [3.3127149686, 26.1990797252, 19.6099509437, 30.1114950901, 2.6569560461, 1.5392507612, 16.5682884655, 53.7479556397, 4.1034454305, 3.7632044495, 1.4065173536, 13.9336249146, 3.8198146985, 2.606194448, 19.1227006697, 31.748210492, 4.0547019251, 7.263917284, 4.3417580349, 0.29989069362, 13.1915389619, 4.2259047026, 10.0807653386, 12.1907626137, 0.61880295579, 4.4508653936, 1.9928345666, 4.1563709539, 3.403062137, 1.4312588363, 3.1645872913, 2.6445453923, 1.0078182254, 5.8046008124, 1.5717496977, 5.3366770757, 11.3036800494, 34.6571413495, 24.8921312335, 3.423760191, 10.7166766549, 12.7016042552, 4.950280288, 16.3855588185, 5.4617299935, 3.6431878351, 1.6917689004, 0.50706074127, 2.2921473772, 2.1601397539, 14.54194578, 4.2169168262, 0.90600202033, 2.1179797049, 4.9670430492, 2.4975315976, 1.808319259, 1.7256191233, 7.1388449133, 8.4112053281, 0.50109843838, 3.663370521, 4.1978385142, 4.506455802, 2.4783518123, 6.053155088, 1.0592000233, 14.4999636742, 5.0419372853, 3.2572936518, 5.699458288, 16.1879773002, 8.22951139, 2.3982022965, 33.0996138005, 25.4893750719, 14.5359141667, 6.3120603258, 4.9964022824, 119.6736502527, 10.5033236144, 52.4896377505, 6.4849037378],
      [0.67041202189, 3.0650968303, 4.0334020717, 4.0535537202, 0.48378179711, 0.20033511214, 1.5752901164, 10.2035264984, 0.31703931648, 0.67926427403, 0.60334886277, 2.5730507627, 1.0908348631, 0.38096897026, 4.4936147489, 7.3685722699, 0.46895624315, 1.436367289, 1.4527318462, 0.064978254484, 2.2725287213, 0.67839716662, 1.7637028695, 2.169926624, 0.13123059724, 0.64959777638, 0.27685580065, 0.65573563297, 1.5265821985, 0.070991261393, 0.71683136524, 0.10218007158, 0.28631809716, 0.65042913232, 0.14543147526, 0.62591834169, 2.5380798814, 6.5475275576, 4.2610749625, 0.60535208899, 2.3954963819, 2.3442316348, 2.2659414655, 2.6259537597, 0.64516824889, 0.64471793923, 0.20331712788, 0.20388744958, 0.35525626694, 0.16944743945, 2.4497738734, 0.20487812189, 0.1820126253, 0.20284087067, 1.352474997, 0.46490375754, 0.25212902394, 0.18772523849, 0.55119048728, 1.5998702166, 0.10903817541, 1.034549235, 0.25520608483, 0.74308045079, 0.87405810206, 1.1003291252, 0.11038291078, 3.0994647464, 1.1360229408, 0.38630112414, 1.9832490631, 3.746351388, 1.6387142512, 0.22251501214, 3.88645207, 1.8498226422, 2.3617356843, 2.4501073852, 0.7308741427, 19.3944244389, 1.5778727471, 8.670427607, 1.2667857548]
    ],
    [
