{
  "X": [
    [117, 199, 829, 37, 26],
    [149, 522, 1635, 106, 81],
    [135, 191, 945, 40, 49],
    [88, 164, 712, 35, 27],
    [68, 395, 603, 45, 30],
    [71, 155, 404, 33, 19],
    [22, 339, 163, 25, 18],
    [28, 76, 494, 18, 22],
    [165, 273, 1410, 46, 60],
    [105, 310, 1093, 63, 49],
    [93, 309, 773, 41, 17],
    [31, 666, 73, 65, 8],
    [18, 348, 28, 45, 3],
    [13, 36, 65, 6, 4],
    [59, 131, 345, 11, 12],
    [73, 188, 857, 29, 45],
    [36, 85, 250, 16, 8],
    [19, 29, 130, 6, 4],
    [224, 240, 1178, 66, 58],
    [99, 146, 675, 31, 30],
    [2, 88, 9, 10, 4],
    [4, 113, 7, 7, 2],
    [6, 26, 112, 3, 3],
    [12, 22, 50, 2, 5],
    [2, 6, 12, 0, 0],
    [41, 96, 380, 16, 21],
    [54, 69, 480, 20, 20],
    [0, 2, 22, 0, 2],
    [0, 1, 1, 0, 0],
    [213, 883, 2135, 119, 72],
    [1, 1, 8, 0, 1],
    [0, 3, 17, 0, 0],
    [0, 43, 13, 1, 0],
    [63, 109, 413, 21, 35],
    [18, 117, 193, 17, 11],
    [98, 604, 1095, 87, 60],
    [8, 54, 171, 2, 10]
  ],
  "W": [
    [47, 178, 805, 82, 96],
    [114, 514, 1664, 73, 128],
    [52, 206, 918, 64, 120],
    [41, 146, 699, 60, 80],
    [41, 423, 558, 47, 72],
    [45, 153, 392, 38, 54],
    [11, 334, 163, 26, 33],
    [41, 66, 479, 25, 27],
    [64, 261, 1437, 64, 128],
    [64, 286, 1115, 63, 92],
    [53, 329, 771, 23, 57],
    [13, 686, 64, 39, 41],
    [9, 344, 32, 28, 29],
    [9, 35, 57, 9, 14],
    [33, 119, 339, 24, 43],
    [83, 145, 833, 63, 68],
    [21, 78, 251, 16, 29],
    [8, 31, 123, 9, 17],
    [62, 255, 1250, 78, 121],
    [52, 151, 696, 30, 52],
    [2, 99, 5, 0, 7],
    [3, 111, 7, 6, 6],
    [8, 24, 104, 7, 7],
    [5, 21, 54, 5, 6],
    [3, 3, 14, 0, 0],
    [54, 70, 362, 34, 34],
    [27, 85, 487, 14, 30],
    [0, 1, 22, 3, 0],
    [0, 1, 1, 0, 0],
    [109, 844, 2063, 178, 228],
    [0, 1, 9, 0, 1],
    [0, 3, 14, 2, 1],
    [2, 40, 10, 3, 2],
    [39, 95, 409, 51, 47],
    [14, 100, 200, 21, 21],
    [109, 593, 1050, 75, 117],
    [27, 37, 165, 1, 15]
  ],
  "method": "mvn_cdf",
  "mvncdf_method": "genz",
  "mvncdf_samples": 5000,
  "mvncdf_error": 1e-06,
  "cond_prob": [
    [
      [0.21687090611, 0.18940728205, 0.41067468382, 0.041085254226, 0.14196187379],
      [0.008772468047, 0.89533754666, 0.019233726892, 0.073451934076, 0.0032043243276],
      [0.045255698181, 0.0040901419191, 0.9399810743, 0.00050923724805, 0.010163848355],
      [0.27898909744, 0.21984482576, 0.2977487441, 0.15174937502, 0.051667957677],
      [0.47851692786, 0.097999317512, 0.26223463176, 0.095220458849, 0.066028664018]
    ],
    [
      [0.15585874883, 0.23375910635, 0.32108206922, 0.07759933638, 0.21170073922],
      [0.004996904755, 0.87268095496, 0.014880048498, 0.10365647592, 0.0037856158597],
      [0.041223173449, 0.0071584619637, 0.92977207065, 0, 0.021846293936],
      [0.18759867536, 0.25397437831, 0.21797505658, 0.26830510466, 0.072146785085],
      [0.36229398179, 0.12766906797, 0.21637026943, 0.1897497999, 0.10391688091]
    ],
    [
      [0.2172805753, 0.10343252066, 0.42270967346, 0.03259358036, 0.22398365022],
      [0.015307215052, 0.8282318284, 0.043611310013, 0.099974590485, 0.01287505605],
      [0.046068959531, 0, 0.93623196864, 0, 0.017699071824],
      [0.30791435746, 0.13223495813, 0.33759566855, 0.13256282809, 0.089692187775],
      [0.48791916714, 0.054522624625, 0.27473414262, 0.07688622653, 0.10593783909]
    ],
    [
      [0.19228892397, 0.20272175435, 0.39103497427, 0.049315557678, 0.16463878973],
      [0.0072072252079, 0.89056913257, 0.01696505665, 0.081819780214, 0.00343880536],
      [0.041972967518, 0.0043061132911, 0.93852979356, 0.0010642822758, 0.014126843351],
      [0.24527706362, 0.23342300688, 0.28105617544, 0.18088991938, 0.059353834679],
      [0.43760213906, 0.10812451392, 0.25743714445, 0.11793807188, 0.078898130696]
    ],
    [
      [0.16504386629, 0.14152926524, 0.46577120939, 0.031693237322, 0.19596242176],
      [0.00878466725, 0.88183948416, 0.028670555829, 0.07490278736, 0.0058025053979],
      [0.030981503649, 0.0031421975756, 0.95053041375, 7.7315901937e-05, 0.01526856912],
      [0.23530046275, 0.1821151324, 0.37404131157, 0.12968239509, 0.078860698187],
      [0.40514564514, 0.081478345199, 0.33055309418, 0.081645602414, 0.10117731306]
    ],
    [
      [0.23908750217, 0.18208595615, 0.36483042671, 0.057095286757, 0.15690082822],
      [0.0096596486603, 0.86709152181, 0.017069009031, 0.10264574822, 0.0035340722733],
      [0.052917663999, 0.0043552150415, 0.92748673028, 0.00086870831984, 0.014371682361],
      [0.29243720875, 0.20106715249, 0.25122653718, 0.20111225426, 0.054156847316],
      [0.49827403587, 0.088765426761, 0.21943825434, 0.12487246841, 0.068649814607]
    ],
    [
      [0.10809356268, 0.33151140992, 0.22247123969, 0.045765858315, 0.2921579294],
      [0.0019848011505, 0.94439060736, 0.0076627589444, 0.045961832548, 0],
      [0.039398296635, 0.014440709772, 0.90629424014, 0.00085929574025, 0.039007457708],
      [0.14477930863, 0.40182257844, 0.16767688385, 0.17666480401, 0.10905642507],
      [0.30187463183, 0.21592996671, 0.17902711371, 0.13369616296, 0.1694721248]
    ],
    [
      [0.12731870421, 0.18467741266, 0.42852988796, 0.052843551353, 0.20663044382],
      [0.0050791669694, 0.8764947676, 0.019752498098, 0.094099592237, 0.0045739750963],
      [0.019714274555, 0.0042193337572, 0.95732151679, 0.0014118528547, 0.017333022043],
      [0.17046491795, 0.22367333098, 0.32298201768, 0.20496309886, 0.077916634522],
      [0.3237017647, 0.10987693612, 0.31463158276, 0.14157356733, 0.11021614909]
    ],
    [
      [0.21213393971, 0.17262706632, 0.36569631273, 0.040407582513, 0.20913509872],
      [0.0093612207985, 0.88803533622, 0.018693271783, 0.078764353229, 0.0051458179705],
      [0.048620059772, 0.003630744035, 0.92807464274, 0.00051387989971, 0.019160673557],
      [0.28312182591, 0.20790030166, 0.27519384001, 0.15481210507, 0.078971927356],
      [0.47651036313, 0.091028488418, 0.23797519278, 0.095390612392, 0.099095343281]
    ],
    [
      [0.15844259442, 0.2614670876, 0.31593866941, 0.072127087491, 0.19202456108],
      [0.0046224874492, 0.88863425865, 0.010675173105, 0.092313128044, 0.0037549527478],
      [0.042595084643, 0.00725730671, 0.92967755965, 0, 0.020470048993],
      [0.18987265209, 0.2829455333, 0.21347441991, 0.248614338, 0.065093056706],
      [0.37045810964, 0.14347003086, 0.21399411068, 0.17738704876, 0.094690700058]
    ],
    [
      [0.25157119257, 0.16701060406, 0.41448973236, 0.043892382081, 0.12303608892],
      [0.011242448825, 0.87684917907, 0.021461438566, 0.087374114652, 0.0030728188895],
      [0.050562287608, 0.0034894242672, 0.9378417647, 0.0010978402889, 0.0070086831378],
      [0.31570996357, 0.18923807487, 0.29305314594, 0.15832689835, 0.04367191727],
      [0.52145803899, 0.081091863854, 0.24833347294, 0.095432745691, 0.053683878526]
    ],
    [
      [0.16078765222, 0.39504569786, 0.23377054894, 0.076394923113, 0.13400117786],
      [0.0038088683134, 0.9267977645, 0, 0.068253158684, 0.0011402085057],
      [0.062273986441, 0.01404691852, 0.90401032355, 0.0013770697925, 0.018291701698],
      [0.17733050826, 0.39366390388, 0.14512381428, 0.24229390284, 0.041587870742],
      [0.37549882692, 0.21534742552, 0.15718276585, 0.18652693816, 0.065444043543]
    ],
    [
      [0.12428468774, 0.53459722325, 0.13695881793, 0.11638484519, 0.087774425891],
      [0.0018183725786, 0.92086560337, 0, 0.077316024047, 0],
      [0.14084815919, 0.15727080498, 0.68878189732, 0.0033786209106, 0.0097205176016],
      [0.11861000515, 0.46267575121, 0.073547726083, 0.32162912766, 0.023537389889],
      [0.29061022086, 0.29045760816, 0.091965986001, 0.28421009232, 0.04275609265]
    ],
    [
      [0.19723274962, 0.17443643565, 0.43197873842, 0.039742922603, 0.15660915371],
      [0.0079048600157, 0.89289455427, 0.019833716384, 0.07417169731, 0.0051951720218],
      [0.038711467185, 0, 0.94040259897, 0.0057947981931, 0.015091135656],
      [0.26121518798, 0.20935926759, 0.31874570368, 0.15337363253, 0.057306208223],
      [0.45648177368, 0.092466376539, 0.2818822719, 0.095402721497, 0.073766856389]
    ],
    [
      [0.25184829845, 0.21860487517, 0.36696524017, 0.030380280508, 0.13220130569],
      [0.0089600196803, 0.92591222546, 0.025582478924, 0.036920042342, 0.0026252335899],
      [0.055260838186, 0.0084103185854, 0.92561179136, 0, 0.010717051869],
      [0.32278779003, 0.25291593178, 0.26461574783, 0.11189491777, 0.047785612578],
      [0.53819610937, 0.10886985874, 0.22587574101, 0.067871806465, 0.059186484409]
    ],
    [
      [0.13959814488, 0.24643969367, 0.37266253218, 0.040212691745, 0.20108693753],
      [0.0044688738839, 0.92129960652, 0.013808323398, 0.056837509335, 0.0035856868645],
      [0.029543887065, 0.0060691606019, 0.94534954568, 0.00032408579099, 0.018713320864],
      [0.1874927489, 0.29879142124, 0.28213877165, 0.15521756198, 0.076359496239],
      [0.35798920818, 0.14819988472, 0.27670424667, 0.10841526269, 0.10869139775]
    ],
    [
      [0.21581879993, 0.25765992488, 0.33460783904, 0.06402974368, 0.12788369247],
      [0.0062435957492, 0.89709731134, 0.011206762122, 0.083389719843, 0.0020626109474],
      [0.053867272045, 0.0061458648006, 0.9267182678, 0.0020327406086, 0.011235854744],
      [0.25127490105, 0.27153099625, 0.218982646, 0.21630657481, 0.041904881882],
      [0.46343865631, 0.12856700994, 0.20652070277, 0.14413290156, 0.05734072943]
    ],
    [
      [0.23201727363, 0.10953052581, 0.4874061405, 0.033329904478, 0.13771615558],
      [0.016050775059, 0.83801633013, 0.033900495648, 0.1041840108, 0.0078483883657],
      [0.04239791911, 0, 0.94802855179, 0.00029760105301, 0.0092759280499],
      [0.31416301794, 0.13423240977, 0.36852836249, 0.13122955783, 0.051846651973],
      [0.5061103866, 0.05512693362, 0.30150402227, 0.075646204677, 0.061612452829]
    ],
    [
      [0.33307851945, 0.12699956571, 0.28608888275, 0.054550825949, 0.19928220614],
      [0.018501175874, 0.82292426471, 0.01842188482, 0.13397778925, 0.0061748853514],
      [0.07446123006, 0.0038340950425, 0.89749593004, 0.0006904540665, 0.023518290791],
      [0.40523364694, 0.13937591707, 0.19622144339, 0.19059984221, 0.068569150382],
      [0.61112867694, 0.054680984225, 0.151981186, 0.10515419221, 0.077054960625]
    ],
    [
      [0.28003803682, 0.14340271303, 0.33885005366, 0.050149694628, 0.18755950186],
      [0.014050739382, 0.84886781107, 0.019707200868, 0.11212801099, 0.0052462376901],
      [0.061588060555, 0.0029145982501, 0.91539791705, 0.00085303061751, 0.019246393526],
      [0.35105742612, 0.16228718888, 0.23925644581, 0.18103870065, 0.066360238545],
      [0.55614129825, 0.066670065443, 0.19441088916, 0.10453876711, 0.078238980033]
    ],
    [
      [0.05344074705, 0.10685464861, 0.21703138255, 0.028125459459, 0.59454776233],
      [0.0033765677361, 0.87936815258, 0.024367585198, 0.092887694487, 0],
      [0.017904343815, 0.0036062734246, 0.91909684658, 0.00048030175681, 0.058912234425],
      [0.10888449511, 0.19929821788, 0.24559145502, 0.16866620662, 0.27755962536],
      [0.20990236871, 0.10154460433, 0.22258029534, 0.10649511687, 0.35947761475]
    ],
    [
      [0.1237503344, 0.49290762894, 0.16368771543, 0.061564077203, 0.15809024403],
      [0.0019068240197, 0.95170229421, 0, 0.041272297197, 0.0051185845781],
      [0.083322790138, 0.15231556793, 0.73726161155, 0.001369447803, 0.025730582586],
      [0.13915454466, 0.50729515319, 0.10271531275, 0.203611687, 0.047223302403],
      [0.33315078861, 0.29539042696, 0.1219689494, 0.16713775382, 0.082352081206]
    ],
    [
      [0.12431405408, 0.1696779002, 0.54343824862, 0.027269656693, 0.1353001404],
      [0.0050562218875, 0.91413972287, 0.025166115551, 0.052616609694, 0.0030213299967],
      [0.012576954638, 0.004073062358, 0.97241798288, 0.0017925500263, 0.0091394500945],
      [0.17771641741, 0.22131399756, 0.43312672036, 0.11424507772, 0.053597786946],
      [0.3331600054, 0.10434671161, 0.41216428221, 0.076129052427, 0.074199948344]
    ],
    [
      [0.29783745037, 0.15286187157, 0.21490933707, 0.023139901053, 0.31125143993],
      [0.012591341776, 0.92103878674, 0.010654471954, 0.048810968129, 0.0069044314007],
      [0.080525898153, 0.0089400928242, 0.87236088206, 0.0016525314257, 0.036520595537],
      [0.42338023469, 0.19671299667, 0.16890212594, 0.095428018704, 0.115576624],
      [0.63018248285, 0.071257687466, 0.12495185711, 0.048815562252, 0.12479241032]
    ],
    [
      [0.036228463687, 0.93114816001, 0.032623376299, 0, 0],
      [0.00022655027544, 0.99838514318, 0.0013883065417, 0, 0],
      [0.13504535415, 0.015100006458, 0.84985463939, 0, 0],
      [0.027699465162, 0.9434210719, 0.010170900802, 0.017304682551, 0.0014038795879],
      [0.23198984012, 0.7056225812, 0.034049576792, 0.022489691642, 0.0058483102503]
    ],
    [
      [0.15412680306, 0.25958824048, 0.36864575731, 0.043134924179, 0.17450427498],
      [0.0046331018038, 0.92209097744, 0.012816969053, 0.057540300671, 0.0029186510363],
      [0.034656918463, 0.0054260042518, 0.94213530777, 0.00090564218431, 0.016876127336],
      [0.20023069716, 0.3046287742, 0.26963489557, 0.16156997188, 0.063935661181],
      [0.38232903887, 0.15041984505, 0.26398157092, 0.1124021039, 0.090867441262]
    ],
    [
      [0.24965163773, 0.078880028227, 0.40864104948, 0.045758722503, 0.21706856206],
      [0.020044395204, 0.75733288392, 0.04709917492, 0.15603238471, 0.019491161244],
      [0.051803768138, 0, 0.93074521663, 0, 0.017451015236],
      [0.33545982779, 0.095816760574, 0.30875246039, 0.17806603481, 0.081904916435],
      [0.52102531723, 0.038516981892, 0.24559356178, 0.10029457682, 0.09456956228]
    ],
    [
      [0.014428255737, 0.033942903706, 0.13299688983, 0.0015455711558, 0.81708637957],
      [0, 0.9733721497, 0.015887814321, 0, 0.010740035981],
      [0, 0.013299922539, 0.9595975127, 0, 0.027102564763],
      [0, 0.24467651815, 0.29098896877, 0, 0.46433451308],
      [0.09596807666, 0.05446832019, 0.22911201162, 0.0091790713298, 0.6112725202]
    ],
    [
      [0.1863413828, 0.21543242072, 0.36210774805, 0.049963868444, 0.18615457999],
      [0, 0.99999999977, 2.2567682302e-10, 0, 0],
      [1.0494577246e-23, 2.2567682302e-10, 0.99999999977, 0, 6.5950530385e-71],
      [5.6641759643e-09, 0.9822015285, 0.017798465837, 5.6771073385e-19, 2.3318775187e-13],
      [0, 1, 3.251465449e-302, 1.6253437797e-302, 1.2192500061e-302]
    ],
    [
      [0.15909276068, 0.23427716028, 0.4077759069, 0.045506285307, 0.15334788683],
      [0.0053340934976, 0.9088320075, 0.015835786119, 0.067127330076, 0.0028707828053],
      [0.0323281368, 0.0055294365096, 0.94957623578, 0.00046705622274, 0.012099134683],
      [0.20544612754, 0.27290879322, 0.29705011337, 0.16846937821, 0.056125587672],
      [0.38550244409, 0.13344115125, 0.28656284237, 0.11593535969, 0.078558202598]
    ],
    [
      [0.0022835144161, 1.3487923849e-14, 0.0098820331611, 7.2576188053e-10, 0.9878344517],
      [0.00059839316875, 0.99702943585, 0.0010483355772, 0, 0.0013238354033],
      [0.071370416731, 0.00031657373475, 0.87312961723, 0, 0.055183392305],
      [0.33514635471, 1.1061593e-13, 0.26303322869, 1.7614777703e-24, 0.4018204166],
      [0.35706785626, 0.00012140053648, 0.14078510935, 0, 0.50202563385]
    ],
    [
      [0.038432318302, 0.024485979169, 0.91710356013, 0.0023407758271, 0.01763736657],
      [0, 0.92134073663, 0.078659263372, 0, 0],
      [0, 0.00027552476061, 0.99972447524, 0, 0],
      [0, 0.045680204557, 0.95431979544, 0, 0],
      [0, 0.14076003435, 0.85923996565, 0, 0]
    ],
    [
      [0, 0.48245264261, 0.48307829213, 0.034469065256, 0],
      [0, 0.97307275398, 0.018904530755, 0.0080227152657, 0],
      [0, 0.020773219537, 0.97891332344, 0.00031345702465, 0],
      [0, 0.61490804239, 0.25913147886, 0.12596047874, 0],
      [0, 0.52986411652, 0.35556725729, 0.11456862619, 0]
    ],
    [
      [0.18426054969, 0.16779152686, 0.31300454316, 0.03680822706, 0.29813515323],
      [0.0083176019223, 0.89408676308, 0.016353088647, 0.073788839075, 0.0074537072717],
      [0.050758125457, 0.0050431123898, 0.9197896606, 0.0011818451423, 0.023227256413],
      [0.26260672871, 0.21587001224, 0.25115420954, 0.15090578325, 0.11946326626],
      [0.44405638092, 0.094593284418, 0.21779667072, 0.093084464335, 0.1504691996]
    ],
    [
      [0.10300935243, 0.45598868192, 0.20752743388, 0.074768473685, 0.15870605809],
      [0.0017715062927, 0.93510344452, 0.0041251957892, 0.057496685544, 0.0015031678508],
      [0.04139444102, 0.0077578183209, 0.91823267041, 0.003810393659, 0.028804676588],
      [0.11490439543, 0.46222325641, 0.13022954743, 0.24307174406, 0.049571056661],
      [0.27089704422, 0.27845533105, 0.15717817944, 0.20652321223, 0.086946233063]
    ],
    [
      [0.1345556846, 0.24331852089, 0.37108716073, 0.056250155934, 0.19478847786],
      [0.0042864978305, 0.89954537201, 0.013686846657, 0.079021517735, 0.0034597657644],
      [0.027093634076, 0.005899003687, 0.94744878727, 0.0011081273711, 0.0184504476],
      [0.17249622726, 0.28154216377, 0.26826640042, 0.20701217357, 0.070683034969],
      [0.33680345591, 0.14306204671, 0.26917942524, 0.14803013871, 0.10292493344]
    ],
    [
      [0.079634962606, 0.44020104636, 0.2943760677, 0.023073227199, 0.16271469614],
      [0.001434570579, 0.9694716134, 0.0061009463202, 0, 0.022992869698],
      [0.012332163224, 0.0064403705398, 0.96197858233, 0, 0.019248883907],
      [0.10376227415, 0.52202161221, 0.21553694119, 0.10056636102, 0.058112811436],
      [0.2438805128, 0.31062928674, 0.25894054219, 0.085097100307, 0.10145255796]
    ]
  ],
  "expected_outcome": [
    [
      [10.192932587, 17.7678973668, 11.2985899156, 7.8838458826, 6.7667985177, 10.7589375975, 1.1890291895, 5.2200668725, 13.5765721416, 10.1403260431, 13.3332732062, 2.0902394788, 1.1185621897, 1.7750947466, 8.310993849, 11.5866460253, 4.5321947985, 1.856138189, 20.6508682057, 14.5619779146, 0.1068814941, 0.37125100321, 0.99451243266, 1.4891872519, 0.10868539106, 8.3228473652, 6.7405942186, 0, 0, 17.3411109142, 0, 0, 0, 7.1861614378, 1.442130934, 14.6665696209, 2.1501439904],
      [8.9021422563, 26.6485381239, 5.3784910742, 8.3115919284, 5.8026998747, 8.1938680268, 3.6466255091, 7.571773919, 11.0481322448, 16.7338936066, 8.8515620153, 5.1355940722, 4.8113750092, 1.5699279208, 7.2139608807, 20.4544945744, 5.4108584225, 0.87624420646, 7.8739730738, 7.4569410777, 0.21370929722, 1.4787228868, 1.3574232016, 0.76430935784, 2.79344448, 14.0177649859, 2.1297607621, 0, 0, 25.5362104709, 0, 0, 0.96490528522, 6.5438695476, 6.3838415469, 26.5217187769, 11.8854282517],
      [19.3017101397, 36.6033558914, 21.9809030201, 16.0324339452, 19.0966195851, 16.4173692019, 2.4471836366, 17.5697254065, 23.4045640146, 20.220074842, 21.9679558152, 3.0390171363, 1.2326293614, 3.8878086458, 12.1098529257, 30.9309901708, 7.0267646198, 3.899249124, 17.7375107308, 17.6202027903, 0.43406276511, 0.49106314629, 4.347505989, 1.0745466854, 0.097870128896, 19.9068708945, 11.0333083361, 0, 0, 44.4475738522, 0, 0, 0.96615658426, 12.2071771834, 2.9053840743, 40.4485005191, 7.9481538278],
      [1.9310069486, 8.8463243473, 1.6948661787, 2.0219378648, 1.2994227302, 2.5692879041, 0.50342444147, 2.1665856055, 2.5860852808, 4.6161335994, 2.3262962503, 0.99313400047, 1.0474636067, 0.35768630343, 1.0025492568, 3.3376534149, 1.3446246173, 0.26663923582, 3.3821512088, 2.6077841206, 0.056250918918, 0.18469223161, 0.21815725354, 0.11569950526, 0, 2.3292859057, 1.2354855076, 0, 0, 4.9601850985, 0, 0, 0.068938130512, 1.4355208554, 1.0467586316, 6.1312669968, 0.62297713437],
      [6.6722080684, 24.1338842706, 11.6471498113, 6.750190379, 8.0344592923, 7.0605372697, 3.2137372234, 8.4718481966, 13.3846463182, 12.2895719088, 6.520912713, 1.7420153122, 0.78996983302, 1.4094823834, 4.3626430878, 16.6902158147, 2.6855575418, 1.1017292447, 12.3554967809, 9.7530940968, 1.1890955247, 0.47427073208, 1.0824011232, 1.5562571997, 0, 9.4232308488, 5.8608511756, 0, 0, 16.7149196641, 0, 0, 0, 11.6272709758, 2.2218848132, 21.2319440863, 4.3932967957]
    ],
    [
      [1.5614993124, 2.5684090441, 3.1532863006, 1.0522548803, 3.7159142467, 1.477926245, 0.66292358427, 0.33522501998, 2.4432786284, 1.3220314105, 3.6987656634, 2.612883663, 0.62552016704, 0.27667010055, 1.066242342, 0.64798671317, 0.48700046844, 0.49757402683, 4.717799848, 2.1216616467, 0.33428020587, 0.21165746619, 0.1213493253, 0.2644181773, 0.00067965082632, 0.32431712627, 1.7037735924, 0, 0, 4.501974912, 0.00059839316875, 0, 0, 0.79017218262, 0.17715062927, 2.5418932135, 0.053079111424],
      [159.3700833049, 448.5580108513, 170.6157566505, 130.0230933549, 373.018101801, 132.6650028372, 315.4264628572, 57.8486546615, 231.7772227531, 254.1493979749, 288.4833799131, 635.7832664446, 316.7777675608, 31.2513093994, 110.1835548302, 133.5884429452, 69.9735902844, 25.9785062341, 209.8456875003, 128.1790394709, 87.0574471053, 105.6389546568, 21.9393533489, 19.3418145215, 2.9951554295, 64.5463684205, 64.3732951331, 0.9733721497, 0.99999999977, 767.0542143312, 0.99702943585, 2.7640222099, 38.9229101592, 84.938242493, 93.5103444523, 533.4304056039, 35.8704496959],
      [3.4236033868, 7.6483449277, 8.9839298626, 2.4768982709, 12.1276451157, 2.6115583818, 2.5593614874, 1.3036648745, 4.8789439353, 3.053099508, 7.0608132884, 0, 0, 0.69418007345, 3.044314992, 2.0022068927, 0.87412744551, 1.0509153651, 4.6975806291, 2.975787331, 2.4123909346, 0, 0.60398677323, 0.22374391103, 0.0041649196251, 0.89718783374, 4.0034298682, 0.015887814321, 2.2567682302e-10, 13.3654034847, 0.0010483355772, 0.23597779012, 0.75618123019, 1.5535434215, 0.41251957892, 8.1163000676, 0.22573501385],
      [13.0744442656, 53.2794286251, 20.59476564, 11.9456879113, 31.6838790533, 15.7047994782, 15.3512520711, 6.2105730877, 20.5574961929, 26.4015546207, 28.7460837204, 46.8216668574, 26.5967122722, 2.5960094059, 4.3934850387, 8.2414388535, 6.5043981478, 3.2297043347, 34.1643362581, 16.9313296602, 9.1958817542, 4.5812249888, 1.2627986327, 1.0250303307, 0, 4.027821047, 13.2627527007, 0, 0, 56.6554665843, 0, 0, 0.32090861063, 7.0099397121, 5.7496685544, 46.8597600167, 0],
      [0.57036973032, 1.9458065519, 2.6522615463, 0.50206558256, 2.4544597833, 0.54071305781, 0, 0.30188235636, 1.3430584903, 1.0739164859, 1.0109574146, 0.78218303493, 0, 0.18183102076, 0.3124027972, 0.51992459536, 0.1608836539, 0.24330003934, 1.5745957646, 0.7921818912, 0, 0.56816288817, 0.07251191992, 0.14499305942, 0, 0.20430557254, 1.6567487058, 0.010740035981, 0, 2.4229406877, 0.0013238354033, 0, 0, 0.70810219081, 0.15031678508, 2.0516410983, 0.85073617884]
    ],
    [
      [36.4308370359, 68.5953606194, 42.2913048497, 29.339104295, 17.2876790361, 20.7437242878, 6.4219223515, 9.4431375118, 69.8670258918, 47.4935193774, 38.983523746, 3.9855351322, 4.507141094, 2.2065536295, 18.7334241452, 24.6100579252, 13.5206852832, 5.2149440505, 93.0765375756, 42.8652901463, 0.089521719074, 0.58325953096, 1.3080032824, 4.3483985003, 1.8906349581, 12.5458044835, 25.228435083, 0, 1.0494577246e-23, 66.6929462193, 0.64233375058, 0, 0, 20.760073312, 8.2788882041, 28.44831578, 2.034806932],
      [3.2925642449, 11.9116807076, 0, 3.0099731905, 1.7533462472, 1.7072442963, 2.3538356929, 2.0210608697, 5.2173791783, 8.0918969816, 2.69034611, 0.89900278529, 5.0326657594, 0, 2.8510980004, 5.0556107814, 1.542612065, 0, 4.7926188031, 2.0285603821, 0.018031367123, 1.0662089755, 0.42359848524, 0.48276501251, 0.21140009041, 1.9642135391, 0, 0.29259829585, 2.2567682302e-10, 11.4072275193, 0.0028491636128, 0.0038573466485, 0.20773219537, 2.0626329674, 1.5515636642, 6.1939538713, 1.0626611391],
      [756.6847648084, 1547.140725563, 859.4609472157, 656.0323257017, 530.3959708744, 363.5747982689, 147.7259611435, 458.5570065425, 1333.6432616132, 1036.5904790136, 723.0760005821, 57.8566607071, 22.0410207143, 53.6029481411, 313.7823972708, 787.4761715496, 232.6062852184, 116.6075118699, 1121.8699125491, 637.1169502679, 4.5954842329, 5.1608312808, 101.1314702198, 47.1074876312, 11.8979649515, 341.0529814111, 453.2729204968, 21.1111452794, 0.99999999977, 1958.9757744237, 7.8581665551, 13.9961426534, 9.7891332344, 376.1939711846, 183.6465340824, 994.8212266287, 158.7264660843],
      [0.40993598468, 0, 0, 0.74393331075, 0.043142273281, 0.34053366138, 0.14006520566, 0.67627751741, 0.73844541589, 0, 0.84643486275, 0.08813246672, 0.10811586914, 0.33030349701, 0, 0.2699634639, 0.51021789276, 0.03660492952, 0.86306758312, 0.59370930978, 0.0024015087841, 0.0095861346213, 0.18642520274, 0.089236696988, 0, 0.32784247072, 0, 0, 0, 0.9635369875, 0, 0, 0.0031345702465, 0.48337466321, 0.76207873181, 1.1635337397, 0],
      [8.1818979261, 36.35223311, 16.2477479346, 9.8746635021, 8.519861569, 5.6336994857, 6.3582156064, 8.3025175586, 27.5338879008, 22.8241046274, 5.4036946992, 1.1706689087, 0.31105656325, 0.8601947324, 3.6330805836, 15.5881962799, 2.8201995407, 1.1409391501, 29.3978634891, 13.395489894, 0.29456117212, 0.1801140781, 0.95050280983, 1.972112159, 0, 6.1091580956, 8.4986444202, 0.59625642479, 6.5950530385e-71, 24.9605148502, 0.49665053074, 0, 0, 9.4999478727, 5.7609353175, 19.3729699803, 3.1760658446]
    ],
    [
      [22.8771059901, 13.6947033011, 19.7065188771, 14.7166238172, 11.0591217493, 11.1126139325, 3.7642620245, 4.2616229488, 18.1197968581, 11.9619770817, 7.2613291621, 6.9158898222, 3.3210801443, 2.3509366918, 7.7469069608, 11.8120431804, 4.0203984168, 2.8274671615, 31.6082244612, 10.5317227836, 0, 0.83492726795, 1.2440149219, 2.1169011734, 0, 6.8078437036, 4.6964375891, 0, 0, 36.5694107019, 0, 0, 0, 13.3929431642, 2.412992304, 12.9372170447, 0.10376227415],
      [18.0272757127, 18.5401296167, 8.4630373203, 14.0053804127, 8.5594112228, 7.6405517946, 10.4473870395, 5.5918332746, 13.3056193063, 17.8255685978, 4.3524757219, 15.3528922514, 12.9549210339, 1.8842334083, 6.0699823628, 18.8238595383, 4.34449594, 1.2080916879, 10.8713215315, 4.8686156663, 0, 3.0437709191, 1.549197983, 0.98356498333, 0, 10.3573783227, 1.341434648, 0.73402955445, 0, 48.5777651925, 0, 0.091360409114, 1.8447241272, 11.0093706243, 9.7066883846, 21.1156622829, 0.52202161221],
      [24.4153970161, 15.9121791306, 21.6061227872, 16.8633705263, 17.5799416437, 9.5466084128, 4.35959898, 8.074550442, 17.6124057605, 13.4488884541, 6.7402223566, 5.6598287568, 2.0593363303, 2.8687113331, 6.3507779479, 17.7747426136, 3.5037223361, 3.3167552624, 15.3052725848, 7.1776933744, 0, 0.6162918765, 3.0318870425, 0.84451062971, 0, 9.1675864494, 4.3225344455, 0.87296690632, 0, 52.8749201794, 0, 1.9086395909, 0.77739443659, 12.8088646866, 2.7348204961, 20.1199800318, 0.21553694119],
      [12.4434487516, 19.5862726404, 8.4840209978, 10.853395163, 6.0950725694, 7.642265662, 4.5932849041, 5.1240774715, 9.9079747243, 15.6627032939, 3.6415186621, 9.4494622107, 9.0056155746, 1.3803626927, 2.6854780266, 9.7787064046, 3.460905197, 1.1810660205, 14.8667876927, 5.4311610194, 0, 1.221670122, 0.79971554407, 0.47714009352, 0, 5.4933790441, 2.4929244873, 0, 0, 29.9875493205, 0, 0, 0.37788143622, 7.6961949456, 5.1045066254, 15.5259130179, 0.10056636102],
      [4.2367725295, 5.2667153112, 5.7403000176, 3.5612300808, 3.7064528148, 2.057960198, 2.8354670519, 1.9479158631, 5.0542033508, 4.1008625725, 1.0044540972, 1.6219269589, 0.65904691688, 0.51575587401, 1.1468547019, 4.810648263, 0.67047811012, 0.46661986776, 5.3483937298, 1.9908071563, 0, 0.28333981442, 0.37518450862, 0.57788312, 0, 2.1738124802, 1.1466688301, 1.3930035392, 0, 9.9903546057, 0, 0, 0, 6.0926265793, 1.0409921899, 5.3012276227, 0.058112811436]
    ],
    [
      [45.9376250746, 46.3736296686, 58.5503000568, 35.0081711249, 29.1704864502, 26.9067979372, 9.9618628503, 8.7399476469, 60.9933264801, 34.0821460873, 29.7231082223, 15.3954519038, 8.427696405, 6.3907448315, 23.142432703, 24.3432661559, 13.439721033, 8.6038765722, 73.9465699096, 28.9193475089, 1.469316581, 1.9989047317, 2.3321200378, 3.7810948971, 0, 12.9991873215, 15.6307595169, 0, 0, 87.8945572525, 0.35706785626, 0, 0, 20.8706499033, 5.6888379286, 39.4060043409, 3.6582076921],
      [9.4079344812, 16.3416407006, 6.542714955, 8.6499611135, 5.8664408544, 4.7933330451, 7.1256889013, 2.9666772752, 11.6516465175, 13.1992428391, 4.6222362397, 8.8292444464, 8.4232706367, 1.2945292715, 4.6814039259, 10.0775921607, 3.7284432881, 0.93715787155, 6.6163990913, 3.466843403, 0.71081223034, 1.7723425618, 0.73042698129, 0.42754612479, 0, 5.1142747318, 1.1555094568, 0, 0, 30.4245824861, 0.00012140053648, 0.14076003435, 1.059728233, 4.4458843676, 5.847561952, 16.738259465, 4.6594393011],
      [25.174524649, 27.6953944872, 32.9680971143, 20.5949715558, 23.7998227811, 11.8496657346, 5.9078947526, 8.4950527346, 30.4608246764, 19.6874581822, 14.1550079577, 6.4444933999, 2.667013594, 3.9463518066, 9.7126568636, 18.8158887732, 5.9891003802, 5.1255683787, 18.3897235063, 10.1093662364, 1.5580620674, 0.73181369638, 2.8851499755, 0.74971114269, 0, 8.9753734112, 7.3678068534, 0, 0, 65.3363280599, 0.14078510935, 0.85923996565, 0.71113451458, 10.236443524, 3.3007417682, 31.4939927527, 3.8841081328],
      [9.1411640495, 24.2879743872, 9.2263471836, 9.4350457502, 5.8784833738, 6.7431132944, 4.4119733776, 3.822486318, 12.2099983861, 16.3196084859, 5.4396665044, 7.6476044647, 8.2420926774, 1.335638101, 2.918487678, 7.3722378631, 4.1798541452, 1.2859854795, 12.7236572572, 5.43601589, 0.74546581809, 1.0028265229, 0.53290336699, 0.29289337351, 0, 3.8216715326, 3.0088373045, 0, 0, 26.4332620091, 0, 0, 0.22913725239, 4.3749698237, 4.3369874568, 17.3195262289, 1.2764565046],
      [6.3387517457, 13.3013607564, 12.7125406903, 6.3118504557, 7.2847665406, 3.7070899888, 5.5925801183, 2.9758360254, 12.68420394, 8.7115444054, 3.059981076, 2.6832057853, 1.2399266868, 1.0327359895, 2.5450188296, 7.391015047, 1.6628811535, 1.0474116981, 9.3236502357, 4.0684269617, 2.5163433032, 0.49411248723, 0.51939963841, 0.7487544619, 0, 3.0894930029, 2.8370868684, 0, 0, 17.9112701923, 0.50202563385, 0, 0, 7.0720523813, 1.8258708943, 12.0422172125, 1.5217883694]
    ]
  ],
  "prob": [
    [0.1863413828, 0.21543242072, 0.36210774805, 0.049963868444, 0.18615457999],
    [0.006728092708, 0.89525079434, 0.015151494916, 0.079112832408, 0.0037567856307],
    [0.043679868311, 0.0051818571913, 0.93328610086, 0.00060896557438, 0.017243208066],
    [0.23864049744, 0.24875146319, 0.26173341737, 0.18322008612, 0.067654535871],
    [0.42919215764, 0.11678839812, 0.24216112069, 0.12105159269, 0.090806730848]
  ],
  "iterations": 77,
  "time": 0.459035,
  "message": "Converged",
  "status": 0,
  "miniter": 0,
  "maxiter": 1000,
  "maxtime": 3600,
  "param_threshold": 0.001,
  "ll_threshold": "-Inf",
  "initial_prob": "random",
  "adjust_prob_cond_method": "lp",
  "adjust_prob_cond_every": true,
  "candidates_id": ["YOUNG, Paul Chung-Che.c", "WU, Chao-Fu.c", "ROSS, Jami-Lee Matenga.c", "Informal Candidate Votes.c", "Other candidates votes.c"],
  "group_id": ["Green Party.p", "Labour Party.p", "National Party.p", "New Zealand First Party.p", "Other parties votes.p"]
}
