{
  "Z_true": {},
  "V_true": [
    [29, 287, 369, 270, 305],
    [195, 3510, 4464, 2068, 658],
    [464, 82, 4336, 11312, 218],
    [22, 30, 4488, 238, 35],
    [569, 30, 301, 704, 23],
    [44, 81, 332, 428, 428]
  ],
  "p_true": [
    [0.023, 0.2278, 0.2929, 0.2143, 0.2421],
    [0.0179, 0.3222, 0.4097, 0.1898, 0.0604],
    [0.0283, 0.005, 0.2642, 0.6893, 0.0133],
    [0.0046, 0.0062, 0.9325, 0.0494, 0.0073],
    [0.3497, 0.0184, 0.185, 0.4327, 0.0141],
    [0.0335, 0.0617, 0.2529, 0.326, 0.326]
  ],
  "Z_est": [
    [
      [0.0886, 0.0792, 0, 0.042, 0, 0.1165, 0.1771, 0, 0, 0, 0.0559, 0.028, 0.2424, 0.3916, 0.5131, 0.1725, 0.1259, 0.3729, 2.9562, 0.1445, 0.1771, 0.3589, 0.2098, 0.2331, 0.1259, 0.0653, 0, 0.0932, 0.014, 0.0326, 0.3543, 0.0886, 0.7645, 0.0886],
      [1.1088, 0.9921, 0.5252, 0.5252, 0.2334, 1.4589, 2.2175, 2.9618, 3.3263, 5.4802, 0.7003, 0.3501, 3.0345, 4.9019, 1.0175, 2.1592, 1.5756, 4.6685, 4.0849, 1.809, 2.2175, 4.4934, 2.626, 2.9178, 1.5756, 0.817, 1.9258, 1.1671, 0.1751, 0.4085, 4.4351, 1.1088, 9.5704, 1.1088],
      [4.2234, 3.7788, 2.0006, 2.0006, 0.8891, 5.5571, 8.4468, 10.4473, 12.6702, 6.6685, 2.6674, 1.3337, 11.5588, 18.6719, 3.112, 8.2245, 6.0017, 17.7827, 19.877, 6.8908, 8.4468, 17.1159, 10.0028, 11.1142, 6.0017, 3.112, 7.3354, 4.4457, 0.6669, 1.556, 16.8936, 4.2234, 36.4546, 4.2234],
      [1.9907, 1.7812, 0.943, 0.943, 0.4377, 2.6194, 3.9814, 4.9244, 6.2379, 3.6802, 1.2573, 0.6286, 5.4483, 8.8011, 1.4668, 3.8767, 2.8289, 8.382, 7.3342, 3.248, 3.9814, 8.0677, 4.7149, 5.2387, 2.8289, 1.4668, 3.4576, 2.0955, 0.3143, 0.7334, 7.9629, 1.9907, 17.1831, 9.8255],
      [11.5885, 10.3687, 5.5313, 5.4893, 2.4397, 15.2481, 23.1771, 28.6664, 34.7656, 14.1711, 7.3191, 3.6595, 31.716, 51.2336, 7.8906, 22.5672, 16.4679, 48.7939, 35.7477, 18.9076, 23.1771, 46.9641, 27.4466, 30.4962, 16.4679, 8.5389, 20.2813, 12.1985, 1.8298, 4.2695, 46.3542, 11.5885, 100.0275, 3.7538]
    ],
    [
      [1.5079, 0.7312, 0, 1.691, 0, 0.4723, 1.1304, 0, 0, 0, 0, 0, 1.883, 2.2272, 0.3199, 7.9138, 12.5106, 0, 1.5661, 0.4733, 1.901, 2.6034, 0, 0, 2.8506, 0.8864, 0, 0.5911, 0.1645, 0, 1.7336, 0.3595, 2.477, 0.3138],
      [57.0629, 72.989, 10.2191, 51.6385, 9.7704, 47.9679, 117.5679, 87.1922, 88.0151, 54.1573, 17.0459, 53.1279, 176.7074, 217.8087, 32.4944, 163.9322, 101.1865, 314.5797, 159.0676, 75.5067, 111.9849, 234.0376, 139.8805, 101.034, 133.374, 30.037, 38.0648, 60.0372, 8.6661, 72.0403, 180.313, 36.5175, 251.5992, 31.8754],
      [133.7569, 140.6906, 30.2033, 91.7034, 19.9312, 90.8627, 217.4842, 163.5528, 178.7943, 102.5869, 51.3227, 99.6558, 334.7264, 436.934, 62.3317, 228.5007, 222.1739, 529.2124, 305.1285, 154.9053, 226.7319, 463.4679, 264.9673, 200.4841, 271.7978, 70.5018, 72.1039, 115.1652, 39.7006, 103.2116, 333.554, 69.1729, 476.5894, 60.3797],
      [20.0834, 25.5892, 4.317, 23.7661, 3.8939, 14.5464, 34.8176, 26.1836, 37.5758, 18.2558, 16.9929, 15.9541, 53.5871, 68.6028, 9.854, 66.0444, 35.5683, 72.2165, 48.2378, 18.4801, 35.5683, 73.1075, 43.7964, 37.9427, 42.6069, 10.511, 11.5433, 18.2065, 5.0678, 18.3003, 53.3994, 11.074, 76.2983, 10.431],
      [1.5888, 0, 1.2605, 7.2009, 0.4045, 1.1508, 0, 2.0714, 0.6148, 0, 0.6385, 1.2622, 4.096, 5.4273, 0, 3.6088, 7.5606, 13.9914, 0, 7.6346, 2.8139, 5.7836, 3.3558, 2.5392, 3.3707, 0.0638, 1.288, 0, 0.4009, 1.4478, 0, 0.8761, 6.0361, 0]
    ],
    [
      [4.3483, 10.9179, 0, 0.8726, 0, 0.2293, 4.1544, 0, 0, 0, 0, 0, 23.9796, 3.0556, 1.79, 2.4538, 3.2892, 1.9562, 8.3311, 1.1262, 2.864, 8.2565, 0, 0, 5.743, 0.895, 0, 3.1669, 0.3608, 0, 11.7133, 3.9681, 25.0181, 1.4351],
      [0, 0, 0, 1.3147, 0, 3.4404, 10.8081, 6.8115, 0, 3.2698, 0, 14.712, 26.6343, 0, 2.6968, 3.6968, 0, 9.5038, 20.5389, 1.6967, 0, 0, 5.87, 0, 0, 0, 0.1133, 1.2353, 0, 29.1479, 16.0356, 13.986, 13.0254, 20.7172],
      [138.1334, 128.4866, 14.6177, 19.81, 0.0862, 31.2982, 76.8502, 86.0125, 92.1078, 34.0489, 57.7331, 52.2127, 119.0305, 171.5781, 54.5035, 55.7049, 56.4227, 103.7906, 201.1189, 25.5667, 85.8209, 231.1347, 141.5481, 111.9178, 211.8008, 27.9384, 44.3497, 52.4448, 26.2609, 0, 189.4354, 16.3115, 129.5293, 3.0681],
      [435.5993, 616.5956, 56.8062, 94.0666, 31.3555, 209.7461, 465.1873, 409.8561, 451.8922, 253.6813, 260.4922, 319.0825, 603.3556, 620.5683, 181.0098, 264.5121, 356.1443, 492.8448, 887.0112, 121.4022, 292.8851, 861.7229, 688.3118, 546.0464, 550.8469, 91.1666, 179.7288, 217.153, 120.8203, 174.6299, 1148.8158, 130.0916, 798.2345, 200.7796],
      [4.919, 0, 0.5761, 0.9361, 7.5583, 6.286, 0, 5.32, 0, 0, 5.7747, 0.9928, 0, 9.798, 0, 2.6323, 25.1438, 4.9046, 0, 1.2081, 2.43, 5.886, 0.2701, 3.0357, 1.6093, 0, 1.8082, 0, 0.558, 20.2222, 0, 4.6428, 37.1927, 0]
    ],
    [
      [0, 0, 0, 0, 0, 0, 0, 0, 0, 0, 0, 0, 0, 0, 0, 0, 0, 0, 0, 0, 0, 0, 0, 0, 0, 0, 0, 0, 0, 0, 0, 0, 0, 0],
      [6.2593, 6.8923, 1.0549, 4.0088, 0.844, 3.5868, 9.4242, 6.611, 5.6967, 6.189, 2.7429, 6.3297, 22.6462, 21.6615, 4.1495, 11.3231, 12.2374, 31.2264, 19.622, 6.6813, 9.7055, 23.1385, 14.1363, 12.3077, 20.1846, 3.5165, 6.2593, 6.7517, 1.7582, 8.5099, 19.833, 5.6967, 15.0506, 2.4615],
      [82.7407, 91.1077, 13.9451, 52.9912, 11.156, 47.4132, 124.5758, 87.389, 75.3033, 81.811, 36.2571, 83.6703, 299.3538, 286.3385, 54.8505, 149.6769, 161.7626, 412.7736, 259.378, 88.3187, 128.2945, 305.8615, 186.8637, 162.6923, 266.8154, 46.4835, 82.7407, 89.2483, 23.2418, 112.4901, 262.167, 75.3033, 198.9494, 32.5385],
      [0, 0, 0, 0, 0, 0, 0, 0, 0, 0, 0, 0, 0, 0, 0, 0, 0, 0, 0, 0, 0, 0, 0, 0, 0, 0, 0, 0, 0, 0, 0, 0, 0, 0],
      [0, 0, 0, 0, 0, 0, 0, 0, 0, 0, 0, 0, 0, 0, 0, 0, 0, 0, 0, 0, 0, 0, 0, 0, 0, 0, 0, 0, 0, 0, 0, 0, 0, 0]
    ],
    [
      [28.5791, 44.8796, 2.9162, 5.8325, 2, 9.9152, 18.6639, 19.4952, 14.5812, 6.5714, 6.325, 23.572, 33.8283, 68.2398, 11.0817, 29.7456, 28.5791, 51.9089, 54.2419, 23.9131, 43.7435, 62.9906, 23.9131, 30.9383, 34.9948, 9.9152, 9.3319, 14.763, 8.1654, 8.7487, 109.2464, 12.8314, 64.7403, 12.2482],
      [1.0121, 1.5698, 0.1033, 0.2066, 0.0826, 0.3511, 0.661, 0.9502, 0.5164, 3.6949, 0.3718, 1.188, 1.198, 2.4167, 0.5306, 1.0534, 1.0121, 1.8383, 1.921, 0.8469, 1.5492, 2.2308, 0.8469, 1.2393, 1.2393, 0.3511, 0.3305, 0.5164, 0.2892, 0.3098, 3.8213, 0.4544, 2.2928, 0.5865],
      [10.509, 16.2996, 1.0723, 2.1447, 0.8579, 3.646, 6.863, 12.0572, 5.3617, 3.646, 3.8604, 8.7932, 12.4392, 25.0928, 4.075, 10.9379, 10.509, 19.0877, 20.6221, 8.7932, 16.0851, 23.1626, 8.7932, 14.2186, 12.8681, 3.646, 3.4315, 5.3617, 3.0026, 3.217, 39.6767, 4.7183, 23.806, 4.5038],
      [8.5434, 13.251, 0.8718, 1.7436, 1.0304, 2.964, 5.5794, 8.0203, 4.3589, 2.964, 7.3118, 7.1486, 10.1126, 20.3995, 3.3127, 8.8921, 8.5434, 15.5176, 16.215, 7.1486, 13.0766, 18.8303, 7.1486, 13.1673, 10.4613, 2.964, 2.7897, 4.3589, 2.441, 2.6153, 32.2557, 3.8358, 19.3534, 3.6615],
      [0.3565, 0, 0.0364, 0.0727, 0.0291, 0.1237, 0.2328, 5.4771, 0.1819, 0.1237, 0.1309, 0.2983, 0.4219, 0.8512, 0, 0.371, 0.3565, 0.6475, 0, 0.2983, 0.5456, 0.7857, 0.2983, 0.4365, 0.4365, 0.1237, 0.1164, 0, 0.1018, 0.1091, 0, 0.16, 0.8075, 0]
    ],
    [
      [6.4762, 7.3921, 0.0838, 3.5619, 0, 2.2667, 8.8743, 5.5048, 3.4188, 2.4286, 1.6191, 3.4, 9.0667, 14.0858, 1.2952, 9.7143, 11.4953, 13.762, 8.9048, 5.3429, 6.3143, 12.7905, 1.8771, 5.8286, 7.2858, 3.2381, 1.6681, 7.3857, 1.2952, 5.2187, 12.9525, 2.7524, 17.0001, 2.9143],
      [0.5568, 0.5568, 0.0974, 0.3063, 0.0696, 0.1949, 5.3214, 0.4733, 0.4455, 0.2088, 0.1392, 0.2923, 0.7796, 1.2111, 0.1114, 0.8353, 0.9884, 1.1833, 0.7657, 0.4594, 0.5429, 1.0998, 0.6404, 0.5012, 0.6265, 0.2784, 0.3063, 0.2923, 0.1114, 0.5836, 1.5622, 0.2367, 1.4617, 0.2506],
      [0.6367, 0.6367, 1.161, 0.3502, 0.0796, 0.2228, 0.7799, 0.5412, 0.7626, 0.2388, 0.1592, 0.3343, 0.8913, 1.3848, 0.1273, 0.955, 1.1301, 1.3529, 0.8754, 0.5253, 0.6208, 1.2574, 1.8249, 0.573, 0.7163, 0.3183, 2.0388, 0.3343, 0.1273, 0.5253, 1.2733, 0.2706, 1.6713, 0.2865],
      [11.7831, 11.7831, 2.062, 6.4807, 2.2824, 4.1241, 14.4343, 10.0156, 10.9353, 4.4187, 2.9458, 6.1861, 16.4963, 25.6282, 2.3566, 17.6746, 20.915, 25.0391, 16.2018, 9.7211, 11.4885, 23.2716, 18.0284, 10.6048, 13.256, 5.8915, 6.4807, 6.1861, 2.3566, 9.7211, 23.5662, 5.0078, 30.9306, 5.3024],
      [20.5472, 19.6313, 3.5958, 11.3009, 2.5684, 7.1915, 19.5901, 17.4651, 16.4377, 7.7052, 5.1368, 10.7873, 28.766, 44.6901, 4.1094, 30.8207, 36.4712, 43.6627, 28.2523, 16.9514, 20.0335, 40.5806, 23.6292, 18.4924, 23.1155, 10.2736, 11.5061, 6.8015, 4.1094, 16.9514, 40.6458, 8.7325, 53.9363, 9.2462]
    ]
  ],
  "V_est": [
    [8.1121, 77.6777, 284.395, 140.6725, 749.1427],
    [46.3077, 3337.4985, 6362.2863, 1062.4206, 86.4869],
    [129.9251, 205.2544, 2790.6734, 13132.4425, 153.7046],
    [0, 338.4968, 4474.5032, 0, 0],
    [931.4402, 37.5822, 353.1591, 290.888, 13.9304],
    [207.2148, 23.4904, 24.9831, 393.5764, 663.7353]
  ],
  "p_est": [
    [0.0064, 0.0616, 0.2257, 0.1116, 0.5946],
    [0.0043, 0.3063, 0.584, 0.0975, 0.0079],
    [0.0079, 0.0125, 0.17, 0.8002, 0.0094],
    [0, 0.0703, 0.9297, 0, 0],
    [0.5725, 0.0231, 0.2171, 0.1788, 0.0086],
    [0.1578, 0.0179, 0.019, 0.2998, 0.5055]
  ],
  "EI_Z": {},
  "EI_V": 14.9112,
  "MAE_Z": {},
  "MAE_V": 361.0503,
  "MAE_p": 0.0848,
  "runtime": 0.7863
}
