{
  "X": [
    [45, 90, 323, 15, 15],
    [81, 129, 436, 20, 19],
    [56, 68, 406, 20, 16],
    [26, 24, 166, 5, 9],
    [48, 224, 341, 28, 15],
    [46, 161, 294, 15, 17],
    [84, 190, 292, 14, 12],
    [39, 126, 173, 14, 7],
    [111, 320, 540, 23, 21],
    [56, 209, 302, 18, 17],
    [39, 113, 157, 7, 9],
    [38, 232, 225, 32, 15],
    [204, 794, 970, 86, 49],
    [35, 150, 146, 8, 7],
    [114, 334, 787, 36, 39],
    [27, 96, 128, 12, 8],
    [52, 238, 379, 33, 10],
    [68, 241, 341, 18, 20],
    [93, 270, 584, 29, 23],
    [16, 14, 131, 3, 10],
    [24, 37, 77, 3, 7],
    [43, 73, 244, 9, 7],
    [24, 47, 282, 8, 2],
    [7, 6, 90, 3, 10],
    [43, 77, 313, 15, 17],
    [13, 17, 108, 4, 13],
    [23, 56, 196, 16, 11],
    [43, 59, 337, 16, 5],
    [30, 19, 71, 5, 1],
    [48, 113, 233, 15, 7],
    [24, 32, 229, 11, 12],
    [31, 51, 127, 12, 6],
    [6, 21, 84, 5, 1],
    [45, 120, 267, 16, 7],
    [50, 110, 255, 9, 2],
    [18, 24, 95, 4, 3],
    [55, 79, 214, 8, 8],
    [57, 71, 157, 9, 9],
    [74, 80, 374, 10, 9],
    [11, 12, 69, 3, 5],
    [37, 37, 172, 2, 3],
    [9, 13, 36, 0, 0],
    [15, 21, 59, 6, 7],
    [4, 3, 76, 2, 2],
    [4, 8, 54, 2, 4],
    [126, 197, 311, 27, 18],
    [57, 155, 167, 24, 17],
    [66, 173, 273, 16, 6],
    [26, 59, 147, 10, 5],
    [5, 6, 30, 2, 0],
    [26, 37, 180, 7, 5],
    [31, 58, 89, 3, 6],
    [174, 314, 876, 22, 26],
    [26, 39, 130, 6, 3],
    [10, 19, 115, 3, 3],
    [14, 11, 53, 1, 1],
    [36, 89, 346, 8, 24],
    [40, 64, 252, 7, 6],
    [3, 5, 35, 1, 3],
    [41, 89, 178, 11, 10],
    [35, 70, 140, 6, 5],
    [26, 40, 191, 7, 6],
    [11, 13, 81, 4, 2],
    [44, 53, 159, 4, 10],
    [37, 75, 163, 7, 11],
    [25, 37, 158, 5, 14],
    [31, 61, 158, 6, 2],
    [10, 15, 43, 2, 3],
    [6, 26, 141, 6, 3],
    [26, 33, 115, 2, 3],
    [1, 3, 16, 0, 3],
    [424, 974, 2458, 153, 115],
    [24, 40, 122, 5, 4],
    [85, 169, 377, 15, 10],
    [278, 347, 1002, 44, 46],
    [24, 36, 115, 2, 5]
  ],
  "W": [
    [16, 40, 83, 304, 24, 21],
    [32, 85, 113, 387, 46, 22],
    [26, 55, 67, 378, 19, 21],
    [25, 22, 19, 137, 17, 10],
    [31, 62, 164, 315, 69, 15],
    [27, 49, 115, 280, 37, 25],
    [18, 63, 162, 288, 32, 29],
    [14, 54, 98, 150, 28, 15],
    [34, 96, 272, 518, 59, 36],
    [21, 47, 172, 277, 52, 33],
    [9, 48, 79, 151, 27, 11],
    [32, 51, 187, 204, 40, 28],
    [67, 187, 609, 968, 186, 86],
    [10, 27, 126, 145, 24, 14],
    [48, 137, 230, 768, 80, 47],
    [5, 25, 80, 127, 26, 8],
    [57, 63, 178, 347, 49, 18],
    [35, 83, 181, 322, 47, 20],
    [38, 106, 205, 565, 43, 42],
    [5, 16, 11, 127, 7, 8],
    [8, 19, 30, 69, 16, 6],
    [16, 46, 60, 216, 27, 11],
    [7, 20, 44, 264, 12, 16],
    [5, 7, 6, 83, 6, 9],
    [17, 44, 53, 319, 14, 18],
    [6, 7, 13, 105, 16, 8],
    [9, 20, 45, 204, 13, 11],
    [10, 46, 53, 320, 15, 16],
    [3, 29, 17, 71, 4, 2],
    [18, 46, 76, 220, 37, 19],
    [7, 18, 33, 223, 13, 14],
    [4, 27, 47, 128, 8, 13],
    [2, 9, 16, 73, 10, 7],
    [7, 44, 95, 249, 45, 15],
    [13, 51, 88, 236, 28, 10],
    [5, 13, 19, 90, 9, 8],
    [10, 46, 73, 193, 31, 11],
    [10, 59, 56, 141, 26, 11],
    [28, 72, 66, 347, 19, 15],
    [6, 10, 15, 62, 3, 4],
    [14, 39, 33, 147, 9, 9],
    [3, 10, 13, 29, 2, 1],
    [7, 9, 16, 61, 9, 6],
    [4, 2, 2, 74, 0, 5],
    [1, 4, 10, 51, 3, 3],
    [23, 107, 156, 285, 73, 35],
    [12, 49, 137, 151, 48, 23],
    [18, 76, 111, 264, 45, 20],
    [13, 25, 53, 129, 12, 15],
    [3, 3, 5, 31, 0, 1],
    [11, 24, 25, 182, 5, 8],
    [7, 38, 33, 89, 15, 5],
    [72, 153, 226, 840, 63, 58],
    [6, 24, 32, 119, 14, 9],
    [5, 7, 17, 104, 7, 10],
    [3, 12, 9, 51, 2, 3],
    [17, 40, 63, 331, 26, 26],
    [16, 41, 48, 223, 26, 15],
    [3, 2, 2, 30, 6, 4],
    [12, 34, 76, 161, 30, 16],
    [5, 36, 56, 123, 26, 10],
    [1, 31, 31, 173, 19, 15],
    [5, 14, 10, 66, 3, 13],
    [18, 39, 50, 140, 14, 9],
    [13, 36, 55, 154, 23, 12],
    [25, 30, 24, 139, 13, 8],
    [7, 27, 46, 149, 15, 14],
    [4, 12, 7, 36, 10, 4],
    [6, 11, 17, 123, 17, 8],
    [9, 8, 27, 114, 16, 5],
    [0, 3, 3, 16, 0, 1],
    [130, 464, 747, 2332, 266, 185],
    [9, 18, 32, 113, 15, 8],
    [9, 98, 133, 347, 49, 20],
    [61, 246, 315, 951, 75, 69],
    [1, 33, 28, 106, 5, 9]
  ],
  "method": "mvn_pdf",
  "cond_prob": [
    [
      [0.068428351101, 0.15965507742, 0.65360860966, 0.036068631597, 0.082239330223],
      [0.57318052395, 0.10710359893, 0.30145860188, 0.0091372610026, 0.0091200142311],
      [0.085316038113, 0.79968068195, 0.047749100775, 0.064935485129, 0.0023186940274],
      [0.031118306225, 0.014184607603, 0.91182659935, 0.014764868268, 0.028105618553],
      [0.1245208861, 0.4523314484, 0.26120721528, 0.089541850741, 0.072398599486],
      [0.068963233442, 0.077133463287, 0.62173730649, 0.096678181778, 0.135487815]
    ],
    [
      [0.069271704183, 0.1503833301, 0.67184324208, 0.033494731074, 0.075006992571],
      [0.57409838343, 0.099994072976, 0.30901213876, 0.0084808284401, 0.0084145763943],
      [0.091159203469, 0.79092579844, 0.052176386491, 0.063474963185, 0.0022636484184],
      [0.031430382817, 0.011690123651, 0.91844601704, 0.01320835486, 0.025225121631],
      [0.12993467294, 0.43869412095, 0.27747878208, 0.085664095051, 0.068228328979],
      [0.070154535324, 0.07316429973, 0.64256455524, 0.090111165678, 0.12400544403]
    ],
    [
      [0.068648553527, 0.1254893513, 0.68229545845, 0.048288192789, 0.075278443936],
      [0.57747849463, 0.084342557472, 0.31770318142, 0.011980095229, 0.0084956712519],
      [0.10012577939, 0.73683777189, 0.059215288719, 0.10141556006, 0.0024055999452],
      [0.031264203018, 0.0060921390676, 0.92090537343, 0.016455859512, 0.025282424969],
      [0.1326742933, 0.37866774526, 0.29035199252, 0.12782496736, 0.07048100157],
      [0.066986327204, 0.058704274358, 0.62858570203, 0.12579856905, 0.11992512735]
    ],
    [
      [0.10888972436, 0.073432040606, 0.71097743147, 0.02442456905, 0.082276234512],
      [0.60839411212, 0.06685947128, 0.30989813392, 0.0058706335371, 0.0089776491451],
      [0.12644576405, 0.74159554397, 0.070127078818, 0.058685064836, 0.0031465483263],
      [0.029291779745, 0, 0.93259739591, 0.0095067841818, 0.028604040163],
      [0.15985282395, 0.35813754861, 0.3282716572, 0.070162349363, 0.083575620872],
      [0.076014507506, 0.051463695493, 0.67289293575, 0.065002623196, 0.13462623806]
    ],
    [
      [0.049040028208, 0.28688039513, 0.55010595741, 0.051586624226, 0.062386995029],
      [0.46853479943, 0.21955758142, 0.28929843914, 0.014659442219, 0.0079497377905],
      [0.035029888306, 0.88014931548, 0.026346782018, 0.056999455092, 0.0014745591],
      [0.019724083099, 0.038249304879, 0.89446205612, 0.02281467672, 0.024749879186],
      [0.067966535211, 0.62195483228, 0.16950439461, 0.098246553085, 0.042327684817],
      [0.052194851516, 0.14574903332, 0.54919926255, 0.1452255511, 0.10763130151]
    ],
    [
      [0.060940180186, 0.30894431584, 0.51802092774, 0.034376685057, 0.077717891171],
      [0.5233435166, 0.21312565062, 0.24570980586, 0.0089346224584, 0.0088864044552],
      [0.043816812184, 0.89633457095, 0.022261248043, 0.036064115512, 0.001523253311],
      [0.03201151123, 0.039510914648, 0.87991145534, 0.016620873095, 0.031945245682],
      [0.082337982877, 0.64950510148, 0.15398161238, 0.063305964003, 0.05086933926],
      [0.066484836385, 0.16168504305, 0.53364335137, 0.09961978337, 0.13856698583]
    ],
    [
      [0.11562729799, 0.29511727117, 0.50420906912, 0.03005055819, 0.054995803536],
      [0.68461760522, 0.14078971666, 0.16508083708, 0.005124069403, 0.0043877716412],
      [0.082138188294, 0.86273847952, 0.022867741197, 0.03112062411, 0.0011349668778],
      [0.058544212869, 0.041692616998, 0.86392733804, 0.01315165048, 0.02268418161],
      [0.15352071995, 0.6091936416, 0.14749778408, 0.054400946225, 0.035386908155],
      [0.12786264342, 0.15699424347, 0.52719198273, 0.088490581275, 0.099460549107]
    ],
    [
      [0.056090822711, 0.28376011476, 0.55967355022, 0.045503308183, 0.054972204121],
      [0.50187282057, 0.20333482297, 0.27537876487, 0.012686035192, 0.0067275563936],
      [0.041793239105, 0.87962989509, 0.025573602272, 0.051558106042, 0.0014451574878],
      [0.026043679795, 0.034725921603, 0.89623946171, 0.021475385524, 0.02151555137],
      [0.078875426298, 0.62297846219, 0.1729756306, 0.087642668508, 0.037527812409],
      [0.060186322206, 0.1460842035, 0.56724447054, 0.12999405641, 0.096490947348]
    ],
    [
      [0.082606971555, 0.26971392249, 0.55855010693, 0.029155619752, 0.05997337927],
      [0.60242424665, 0.15917821904, 0.22641665195, 0.0061682784397, 0.0058126039216],
      [0.067067845567, 0.8717100194, 0.026735250899, 0.033386782396, 0.0011001017399],
      [0.042144986996, 0.034201880105, 0.88952438448, 0.011391315741, 0.022737432678],
      [0.11923450615, 0.60385032123, 0.1776076655, 0.0573421074, 0.041965399723],
      [0.090284504667, 0.1416597079, 0.57635628075, 0.084762874896, 0.10693663178]
    ],
    [
      [0.070689425148, 0.26571104157, 0.5580356462, 0.03240403086, 0.073159856217],
      [0.56602280155, 0.17138437597, 0.24696857685, 0.0077911269995, 0.0078331186272],
      [0.058395426738, 0.87496148136, 0.026366223883, 0.038469790227, 0.0018070777956],
      [0.03609866615, 0.032666319992, 0.88867620203, 0.014203693178, 0.028355118655],
      [0.10312733482, 0.60192320821, 0.17876903711, 0.064414044767, 0.051766375091],
      [0.075954092896, 0.13706212723, 0.56604363391, 0.092502276538, 0.12843786942]
    ],
    [
      [0.066349629238, 0.34440738242, 0.48582279245, 0.028929481526, 0.074490714363],
      [0.54192782114, 0.22464670672, 0.21815532882, 0.0067382680911, 0.0085318752212],
      [0.043953958548, 0.90835655373, 0.018782451129, 0.026872779003, 0.0020342575936],
      [0.038513992025, 0.045404891657, 0.86978114145, 0.013147894353, 0.033152080515],
      [0.084524588049, 0.68376416179, 0.13555889843, 0.050159014277, 0.045993337453],
      [0.074561683979, 0.18539571659, 0.51593480259, 0.086692983995, 0.13741481284]
    ],
    [
      [0.047645074515, 0.34434339779, 0.46324221242, 0.073352646588, 0.071416668687],
      [0.4612352852, 0.26468480193, 0.24518828798, 0.019555102788, 0.0093365221066],
      [0.025344968719, 0.88566099657, 0.023671183158, 0.062680974348, 0.0026418772006],
      [0.022078395606, 0.053826515179, 0.86050624932, 0.03089384982, 0.032694990072],
      [0.058039176424, 0.65190968488, 0.12521449229, 0.12253942026, 0.042297226144],
      [0.049546041408, 0.17166012576, 0.45333145398, 0.20464788179, 0.12081449706]
    ],
    [
      [0.073224091889, 0.3544018004, 0.45972472852, 0.050652902295, 0.061996476897],
      [0.56323466269, 0.22092335038, 0.19776886603, 0.011667956238, 0.0064051646665],
      [0.046373096916, 0.88846302617, 0.018449014896, 0.045638855885, 0.0010760061316],
      [0.043465954466, 0.049357542378, 0.85444498594, 0.025186152325, 0.02754536489],
      [0.089006630854, 0.6669504715, 0.12364308506, 0.083770386044, 0.036629426543],
      [0.080204774854, 0.18648303713, 0.47534715068, 0.14731159582, 0.11065344151]
    ],
    [
      [0.084765660287, 0.36504742638, 0.46379941337, 0.029963474777, 0.056424025188],
      [0.60164949758, 0.20686367853, 0.18005572868, 0.0059793071102, 0.005451788103],
      [0.05327153572, 0.90343791899, 0.016287257041, 0.025012447771, 0.0019908404758],
      [0.050748581573, 0.051965604596, 0.85820825685, 0.013192741286, 0.025884815697],
      [0.10307390288, 0.69092101926, 0.12326970327, 0.049534091249, 0.033201283344],
      [0.097376818902, 0.20099367816, 0.50354547739, 0.091827847477, 0.10625617808]
    ],
    [
      [0.057759361966, 0.29341568722, 0.53523167855, 0.03665843608, 0.076934836176],
      [0.5091330937, 0.20922009532, 0.26282231129, 0.0098176165456, 0.0090068831467],
      [0.043543552219, 0.89040757849, 0.024510751585, 0.040283568626, 0.0012545490776],
      [0.028777144328, 0.037263555186, 0.88656536715, 0.017102336791, 0.030291596548],
      [0.080385085895, 0.63364594165, 0.16447873876, 0.069521697125, 0.051968536568],
      [0.062332894948, 0.15210776993, 0.54519678402, 0.10497511472, 0.13538743638]
    ],
    [
      [0.070505826113, 0.27863428913, 0.51302763829, 0.051711181027, 0.086121065445],
      [0.57212873285, 0.17969204428, 0.22637000165, 0.012555122791, 0.0092540984313],
      [0.054614523733, 0.86337272667, 0.021834206437, 0.057908940866, 0.0022696022906],
      [0.038405121636, 0.035043169163, 0.86646225591, 0.024629985432, 0.035459467862],
      [0.096740128622, 0.59581242288, 0.15329723195, 0.097111851374, 0.057038365176],
      [0.072799607219, 0.13788797936, 0.50030509018, 0.14274180877, 0.14626551447]
    ],
    [
      [0.051984827104, 0.31376890059, 0.53071558416, 0.06180797483, 0.041722713318],
      [0.47888726705, 0.23095093818, 0.26906447417, 0.016514876628, 0.0045824439794],
      [0.034069595692, 0.87877601633, 0.02576153856, 0.061392849423, 0],
      [0.024311696197, 0.042970426922, 0.89353293825, 0.025583310163, 0.013601628469],
      [0.068563615091, 0.63960354162, 0.1541571131, 0.11122388038, 0.02645184981],
      [0.05593351546, 0.16065672075, 0.53349821404, 0.17673345804, 0.073178091708]
    ],
    [
      [0.060108620396, 0.3213571024, 0.50396682054, 0.033600748613, 0.08096670805],
      [0.51797643863, 0.22309062295, 0.24095528185, 0.0086928719959, 0.0092847845751],
      [0.041619384273, 0.90121333524, 0.021760391376, 0.033974191993, 0.0014326971146],
      [0.032025602114, 0.04245839214, 0.87601552283, 0.015977514078, 0.033522968835],
      [0.079558482959, 0.66085780315, 0.14703189396, 0.060633377543, 0.051918442394],
      [0.065977637345, 0.16922235075, 0.521787234, 0.097930419733, 0.14508235818]
    ],
    [
      [0.063109193973, 0.29970403184, 0.53809137672, 0.03859034899, 0.060505048472],
      [0.52927849236, 0.20308273409, 0.25101783054, 0.0098520867814, 0.0067688562375],
      [0.046589258358, 0.88716320075, 0.023811107134, 0.041392059229, 0.0010443745246],
      [0.032444918385, 0.037470478287, 0.88810179162, 0.018063551845, 0.023919259859],
      [0.086587654621, 0.63831709115, 0.16273352369, 0.072115568953, 0.040246161582],
      [0.068878200942, 0.15708489691, 0.55448349759, 0.11183326525, 0.10772013931]
    ],
    [
      [0.061771887777, 0.11360191226, 0.62900912312, 0.022844948979, 0.17277212786],
      [0.577579763, 0.082410220524, 0.3153617585, 0.0063276340454, 0.018320623931],
      [0.10121573542, 0.77957793677, 0.061014155175, 0.054058809249, 0.0041333633843],
      [0.031419826085, 0.0045486168982, 0.91095998625, 0.010117105604, 0.042954465162],
      [0.12547707963, 0.3644855221, 0.27870133767, 0.063451307317, 0.16788475328],
      [0.058479224153, 0.05112457563, 0.56189786549, 0.057606830721, 0.270891504]
    ],
    [
      [0.10321660733, 0.17695264512, 0.57062889265, 0.021237658476, 0.12796419643],
      [0.69087351854, 0.092316137538, 0.20328956133, 0.004060431661, 0.009460350931],
      [0.11429239715, 0.81095332496, 0.039460658676, 0.034349838746, 0.00094378046736],
      [0.046674010889, 0.022231675999, 0.88109992953, 0.0087154821422, 0.04127890144],
      [0.17353171796, 0.46607208973, 0.2093020069, 0.048771691124, 0.1023224943],
      [0.10364735598, 0.08510556627, 0.54065336421, 0.056790007079, 0.21380370646]
    ],
    [
      [0.068148984046, 0.16247184659, 0.68868165751, 0.028200445953, 0.052497065903],
      [0.56537168854, 0.10766685393, 0.31420029305, 0.0071099083857, 0.0056512560928],
      [0.084771954997, 0.81314362289, 0.050255104529, 0.050589066406, 0.0012402511749],
      [0.030569296212, 0.013942062581, 0.92794758947, 0.011051572259, 0.016489479482],
      [0.12705157514, 0.47227409742, 0.28159483474, 0.07175915644, 0.047320336264],
      [0.071167342902, 0.081479241149, 0.6793485332, 0.078341478432, 0.089663404317]
    ],
    [
      [0.060756782759, 0.14091098257, 0.736724582, 0.028858175057, 0.032749477619],
      [0.53536386735, 0.098770817772, 0.35513952638, 0.0075803347292, 0.0031454537667],
      [0.084004451715, 0.79634440548, 0.061683124545, 0.057968018264, 0],
      [0.025331411721, 0.0096827399127, 0.95251879399, 0.010820428915, 0.0016466254657],
      [0.12205946964, 0.44267312065, 0.32447579332, 0.079155941022, 0.031635675378],
      [0.063688935524, 0.070670758808, 0.72921304914, 0.080583046913, 0.055844209616]
    ],
    [
      [0.040024345253, 0.068431298703, 0.59786325762, 0.024470119819, 0.2692109786],
      [0.56406879844, 0, 0.3909060967, 0.009038634881, 0.03598646998],
      [0.12499286433, 0.6946574482, 0.086892432872, 0.085189765544, 0.0082674890514],
      [0.012070468307, 0, 0.93438372293, 0.016145975558, 0.037399833203],
      [0.090563058606, 0.24831646955, 0.29538332205, 0.075608322764, 0.29012882704],
      [0.061801364177, 0, 0.49187083357, 0.056608272838, 0.38971952941]
    ],
    [
      [0.068026979828, 0.24869181025, 0.54213486315, 0.047653195842, 0.093493150924],
      [0.56476064707, 0.16554449119, 0.24781193054, 0.01185502977, 0.010027901434],
      [0.058010782289, 0.85491063639, 0.027032448148, 0.058581611085, 0.0014645220918],
      [0.035359856417, 0.031543560504, 0.87650157178, 0.021624067705, 0.034970943593],
      [0.099254770658, 0.56597819379, 0.17390364454, 0.094928404746, 0.065934986265],
      [0.069452245791, 0.12177374283, 0.52270056719, 0.12979853938, 0.15627490481]
    ],
    [
      [0.063513235968, 0.096638924731, 0.53853313395, 0.022802225531, 0.27851247983],
      [0.61455232604, 0.072601453721, 0.27737609408, 0.006616593128, 0.028853533038],
      [0.11914148004, 0.75281933417, 0.064750235151, 0.061718492383, 0.0015704582567],
      [0.040661296313, 0.0087546944464, 0.90042531734, 0.015118467389, 0.03504022451],
      [0.12833655117, 0.30520993115, 0.24240934279, 0.062782768235, 0.26126140665],
      [0.055674266216, 0.040337889507, 0.44527595944, 0.052820840789, 0.40589104405]
    ],
    [
      [0.063057977982, 0.22540786963, 0.52886461156, 0.089506678232, 0.093162862595],
      [0.55518051407, 0.1580966382, 0.25428156902, 0.021824600829, 0.010616677874],
      [0.055588472493, 0.80313420059, 0.028658496848, 0.11081629216, 0.0018025379036],
      [0.034336289472, 0.034324345473, 0.87034001441, 0.024452586446, 0.036546764197],
      [0.090123666168, 0.50373413503, 0.16599828779, 0.17595392573, 0.06418998528],
      [0.059197812909, 0.10160428644, 0.46887400691, 0.22686236933, 0.14346152442]
    ],
    [
      [0.065785654118, 0.1513106614, 0.69063339761, 0.051499947908, 0.040770338959],
      [0.55760291481, 0.10263091685, 0.32295555753, 0.012887417061, 0.0039231937413],
      [0.083138561302, 0.77081956396, 0.052088211508, 0.093642576222, 0.00031108700935],
      [0.029412741329, 0.013233971767, 0.93062214297, 0.018036840656, 0.0086943032756],
      [0.12101544432, 0.43399939929, 0.27917471283, 0.12959847627, 0.036211967285],
      [0.066172296147, 0.072973272894, 0.65564554522, 0.13833479015, 0.066874095584]
    ],
    [
      [0.14270030315, 0.18872736049, 0.56860266797, 0.067596019515, 0.032373648868],
      [0.75024055555, 0.077369472482, 0.16090727931, 0.010232340901, 0.0012503517593],
      [0.13324790281, 0.74123365908, 0.032620129765, 0.092832622326, 6.5686018472e-05],
      [0.062233228234, 0.023102714512, 0.87713425148, 0.028112792831, 0.0094170129388],
      [0.2120320403, 0.44247191934, 0.18309828405, 0.13944652122, 0.022951235089],
      [0.14151063308, 0.089475302219, 0.53220684922, 0.18426254995, 0.052544665526]
    ],
    [
      [0.079330249535, 0.2913608771, 0.54031537322, 0.04407649234, 0.044917007809],
      [0.59055252034, 0.1737803007, 0.22159383506, 0.010081779833, 0.0039915640773],
      [0.05919413555, 0.86946441885, 0.023732763892, 0.047596739942, 1.1941762106e-05],
      [0.042119578534, 0.035961594514, 0.88523841839, 0.021216873155, 0.015463535402],
      [0.10820340329, 0.61851856959, 0.16183421095, 0.082038742326, 0.02940507384],
      [0.086213266936, 0.1518724568, 0.55457889272, 0.12749281421, 0.079842569342]
    ],
    [
      [0.067201916245, 0.11159553721, 0.67235903467, 0.045644559496, 0.10319895238],
      [0.5833306845, 0.076418074614, 0.31711531451, 0.011643698845, 0.011492227532],
      [0.10670596606, 0.7224200403, 0.06303850482, 0.10460302224, 0.0032324665837],
      [0.030785419195, 0.0034387196379, 0.91566918057, 0.016879635793, 0.0332270448],
      [0.13410987737, 0.34808878128, 0.29379505679, 0.12472921696, 0.099277067591],
      [0.064268607081, 0.05081828077, 0.60654124504, 0.11666879772, 0.16170306939]
    ],
    [
      [0.097748565507, 0.22595267622, 0.53199970863, 0.076867107183, 0.067431942464],
      [0.66323027367, 0.12172198006, 0.19523526671, 0.013317126446, 0.0064953531172],
      [0.084123421123, 0.79351196231, 0.027381633616, 0.092672647687, 0.0023103352599],
      [0.050018514458, 0.032262144836, 0.86431919662, 0.024696752951, 0.028703391131],
      [0.13851754089, 0.50122758534, 0.16467564088, 0.14953985427, 0.046039378627],
      [0.095190567575, 0.10578910638, 0.48949614535, 0.20152703877, 0.10799714192]
    ],
    [
      [0.036314580673, 0.15174478878, 0.7371352365, 0.043669248526, 0.031136145519],
      [0.40972956706, 0.13334271411, 0.4386062895, 0.014606914963, 0.0037145143604],
      [0.04468824183, 0.81785997074, 0.055413476118, 0.082038311309, 0],
      [0.0077235964327, 0.016056991922, 0.95307314666, 0.019654862782, 0.0034914022067],
      [0.070349408739, 0.47158227429, 0.31116888529, 0.11831467614, 0.02858475554],
      [0.036782319833, 0.07466904434, 0.71508982067, 0.1215192204, 0.051939594748]
    ],
    [
      [0.067498546251, 0.21691676513, 0.62876562861, 0.039909707298, 0.046909352716],
      [0.55621683525, 0.14353273944, 0.28541129246, 0.010067097378, 0.004772035479],
      [0.065447335778, 0.84242704106, 0.035674803417, 0.056170775927, 0.00028004382069],
      [0.031596322532, 0.024093280312, 0.91263423236, 0.017265410869, 0.014410753926],
      [0.108909794, 0.54419736814, 0.22252660126, 0.088027385726, 0.036338850875],
      [0.071203165727, 0.10983098964, 0.6261210995, 0.11207575914, 0.080768985997]
    ],
    [
      [0.077053032854, 0.23473292363, 0.62990294855, 0.027894574949, 0.030416520018],
      [0.58483591137, 0.14328064485, 0.2642741149, 0.0063024182632, 0.0013069106136],
      [0.068070083236, 0.85970040108, 0.035636149392, 0.036593366289, 0],
      [0.03782934551, 0.027923791758, 0.92174032081, 0.011003956709, 0.0015025852162],
      [0.12164925953, 0.57706307891, 0.21862433527, 0.060065657117, 0.022597669174],
      [0.084760696089, 0.1239742746, 0.65451035643, 0.081695877823, 0.05505879506]
    ],
    [
      [0.10422175937, 0.18162231815, 0.63291218536, 0.031660566679, 0.04958317044],
      [0.68136962417, 0.091177560076, 0.21676888956, 0.0064367335391, 0.0042471926591],
      [0.11028698817, 0.80091779159, 0.038301275865, 0.04914300385, 0.0013509405287],
      [0.045276144967, 0.018097191631, 0.90231092401, 0.016219092418, 0.018096646969],
      [0.17533640194, 0.48149736191, 0.23036187865, 0.072755903986, 0.040048453517],
      [0.10909408117, 0.09086482301, 0.62605989979, 0.08872263799, 0.08525855804]
    ],
    [
      [0.098491397693, 0.15108723981, 0.66503125529, 0.024087592696, 0.061302514518],
      [0.66297031405, 0.080869121505, 0.24567566443, 0.0047518778063, 0.005733022213],
      [0.12476154376, 0.7776250868, 0.051103329708, 0.044357694071, 0.0021523456511],
      [0.03968430026, 0.014132490699, 0.91606472737, 0.0087631764858, 0.021355305189],
      [0.18151774312, 0.43376985706, 0.2692636487, 0.060624361984, 0.05482438914],
      [0.10224899048, 0.075280036566, 0.65185439303, 0.066525249405, 0.10409133052]
    ],
    [
      [0.098020983343, 0.19927861314, 0.58566557169, 0.034553382484, 0.082481449342],
      [0.66119637615, 0.10693782708, 0.21605098798, 0.0078248885712, 0.0079899202082],
      [0.098410057059, 0.81360776436, 0.034430684873, 0.05116213353, 0.0023893601789],
      [0.044754965739, 0.022093543315, 0.88565602753, 0.016453883943, 0.031041579472],
      [0.15694907323, 0.4977264809, 0.20553904238, 0.075748201055, 0.064037202436],
      [0.10064679136, 0.098160832353, 0.56788205957, 0.09438794622, 0.1389223705]
    ],
    [
      [0.091062111265, 0.16963648212, 0.66251077592, 0.027056959607, 0.049733671086],
      [0.63802915016, 0.09511675121, 0.25696714293, 0.0056023365737, 0.0042846191347],
      [0.10676682373, 0.80019444385, 0.046447732078, 0.045713118318, 0.00087788203111],
      [0.040203833711, 0.015482106175, 0.91958194151, 0.0099068658339, 0.01482525277],
      [0.16204503125, 0.47010077465, 0.25927995438, 0.065709159305, 0.042865080405],
      [0.095731054405, 0.085648903906, 0.65741738859, 0.075720974505, 0.085481678596]
    ],
    [
      [0.065129813258, 0.081419504128, 0.68172914385, 0.028532614763, 0.143188924],
      [0.59796593322, 0.055651735519, 0.32313245413, 0.0080775238488, 0.015172353281],
      [0.17141193071, 0.66211712037, 0.079053468032, 0.082775355692, 0.0046421251958],
      [0.022269715167, 0, 0.92091360879, 0.015504560372, 0.041312115669],
      [0.14436714254, 0.29244422446, 0.32539727682, 0.08657874338, 0.1512126128],
      [0.061139764924, 0.036469035261, 0.6049157499, 0.071344941088, 0.22613050883]
    ],
    [
      [0.083616437473, 0.13853771404, 0.72266785267, 0.01540433021, 0.039773665601],
      [0.62184562191, 0.080760130753, 0.29436688159, 0, 0.0030273657528],
      [0.11779607651, 0.79055509767, 0.061229728558, 0.03002094831, 0.00039814895308],
      [0.036648237342, 0.00864011067, 0.94560065725, 0, 0.0091109947354],
      [0.16698588719, 0.4351284024, 0.3160624732, 0.043309676451, 0.038513560764],
      [0.088884024713, 0.070695198965, 0.72598908482, 0.044873443862, 0.069558247645]
    ],
    [
      [0.096573805049, 0.12581365463, 0.77761254032, 0, 0],
      [0.59727369467, 0.078226057256, 0.32450024807, 0, 0],
      [0.11689266622, 0.81547023557, 0.06763709821, 0, 0],
      [0.023712489435, 0.0096118020132, 0.96667570855, 0, 0],
      [0.19867140878, 0.44749785717, 0.35383073405, 0, 0],
      [0.13293196615, 0.065447428374, 0.80162060548, 0, 0]
    ],
    [
      [0.1139613516, 0.19219406525, 0.45534577629, 0.065103937299, 0.17339486957],
      [0.7334106577, 0.09336936255, 0.15158099247, 0.011411864883, 0.010227122395],
      [0.1072991473, 0.77182136719, 0.029717733043, 0.091161752464, 0],
      [0.06184550483, 0.032923286188, 0.82513255519, 0.030177912056, 0.049920741733],
      [0.16602208206, 0.4396187156, 0.14525329573, 0.13084147482, 0.1182644318],
      [0.10300228825, 0.083381084569, 0.38875022946, 0.16075861779, 0.26410777993]
    ],
    [
      [0.062866101552, 0.12525485405, 0.7265573088, 0.033583933589, 0.051737802011],
      [0.57629805327, 0.082602769972, 0.32732605336, 0.008230380281, 0.005542743123],
      [0.085125866247, 0.79117678544, 0.056614244347, 0.065675617974, 0.0014074859939],
      [0.028463395933, 0.00608466512, 0.93030181304, 0.016952991255, 0.018197134648],
      [0.12654660811, 0.41583439236, 0.31528730844, 0.092682413641, 0.049649277456],
      [0.063879291144, 0.060231250824, 0.69671120082, 0.092666183257, 0.086512073951]
    ],
    [
      [0.037023044473, 0.067265564186, 0.70066616758, 0.022878285349, 0.17216693841],
      [0.46852484881, 0.062790924531, 0.43681486628, 0.0082629536405, 0.023606406735],
      [0.13839490131, 0.67915306752, 0.095009585014, 0.081439985174, 0.0060024609797],
      [0.0064415639919, 0, 0.93490630733, 0.014189771355, 0.044462357326],
      [0.091358672755, 0.26762366386, 0.36459535278, 0.078493803038, 0.19792850756],
      [0.034110921787, 0.029056356951, 0.60932359504, 0.05683676671, 0.27067235951]
    ],
    [
      [0.12000503754, 0.23784038635, 0.52883732395, 0.044194467332, 0.069122784826],
      [0.70147203368, 0.11301551751, 0.17157747277, 0.0081635729796, 0.0057714030491],
      [0.099676420856, 0.81581915661, 0.027489683197, 0.055154831605, 0.0018599077346],
      [0.055520801072, 0.033206764133, 0.8627358582, 0.020852727204, 0.027683849391],
      [0.17069628887, 0.52804120667, 0.16682927196, 0.086289186806, 0.048144045689],
      [0.12424564244, 0.11880818413, 0.5180372841, 0.12182095206, 0.11708793727]
    ],
    [
      [0.084360973223, 0.2317878869, 0.5017513034, 0.059075451269, 0.1230243852],
      [0.63015541498, 0.13986380462, 0.20727368049, 0.012162957132, 0.010544142772],
      [0.073932955939, 0.82414795916, 0.029088888957, 0.072830195946, 0],
      [0.048030193773, 0.033499974482, 0.85160054096, 0.024141977883, 0.042727312899],
      [0.12170207246, 0.51881034161, 0.15951708961, 0.1156088619, 0.084361634428],
      [0.082042577639, 0.108502434, 0.46038670616, 0.15316125257, 0.19590702963]
    ],
    [
      [0.073012731577, 0.37604253539, 0.47563257277, 0.03929840968, 0.03601375059],
      [0.55632712584, 0.22970555131, 0.20224001511, 0.0092755328166, 0.002451774918],
      [0.043467758837, 0.90301005909, 0.019143189214, 0.03437899286, 0],
      [0.045244915214, 0.048560478171, 0.87456495491, 0.020693954461, 0.010935697248],
      [0.087762904987, 0.70125127636, 0.12629274996, 0.064327018507, 0.020366050188],
      [0.084299984793, 0.20816111157, 0.51875783477, 0.12068500568, 0.06809606319]
    ],
    [
      [0.070496771091, 0.19242940721, 0.64025811573, 0.044759146197, 0.052056559779],
      [0.57515360203, 0.12464776556, 0.28358950381, 0.011056630466, 0.0055524981359],
      [0.074208400217, 0.81818616004, 0.038176840153, 0.068172701044, 0.0012558985451],
      [0.033089686432, 0.019766055478, 0.91028191809, 0.019039658654, 0.01782268135],
      [0.11791274024, 0.50379620833, 0.23394327969, 0.10234217494, 0.042005596789],
      [0.072542285396, 0.094865428568, 0.62198983886, 0.12295600778, 0.087646439396]
    ],
    [
      [0.13584216135, 0.22672599968, 0.56630862692, 0.071123212042, 0],
      [0.74802560486, 0.089228058166, 0.15195584047, 0.01079049651, 0],
      [0.0883914325, 0.81063974229, 0.022484913496, 0.078483911711, 0],
      [0.056778561644, 0.028803987105, 0.87726191081, 0.037155540442, 0],
      [0.16450869904, 0.5244169368, 0.16252245274, 0.13779045363, 0.010761457787],
      [0.1463041279, 0.10601551473, 0.53766279529, 0.21001756208, 0]
    ],
    [
      [0.082174794522, 0.25049106109, 0.5745898439, 0.042167119826, 0.050577180657],
      [0.60892133413, 0.14649712723, 0.23030448597, 0.0094247333268, 0.0048523193524],
      [0.068318557929, 0.85269741869, 0.027426139992, 0.050688922546, 0.00086896083952],
      [0.041066811252, 0.030288220036, 0.8897192236, 0.020118950344, 0.018806794773],
      [0.12020905833, 0.5759807578, 0.18397021439, 0.084189954373, 0.035650015117],
      [0.087349544185, 0.12735899647, 0.57722509846, 0.1200182855, 0.088048075392]
    ],
    [
      [0.078644472965, 0.388060695, 0.42760404357, 0.024520203495, 0.081170584969],
      [0.58631883858, 0.22676102555, 0.17321594933, 0.0047077297086, 0.0089964568348],
      [0.047280160285, 0.91631221105, 0.014357733644, 0.020005352683, 0.0020445423379],
      [0.053607384889, 0.052367927227, 0.84250123645, 0.011509854209, 0.040013597229],
      [0.092406874656, 0.71338806171, 0.10922798916, 0.039070054238, 0.04590702023],
      [0.090393431796, 0.21335735013, 0.4659461058, 0.075772073979, 0.1545310383]
    ],
    [
      [0.093487481245, 0.26891497102, 0.56381796133, 0.024249793681, 0.049529792718],
      [0.63154217406, 0.14732252844, 0.21258111149, 0.0043859167801, 0.0041682692298],
      [0.075611739472, 0.86840317254, 0.027874867035, 0.02770949619, 0.00040072476719],
      [0.046453917676, 0.035201560781, 0.89402391099, 0.0072804832781, 0.01704012727],
      [0.13511758259, 0.60230895921, 0.17985323335, 0.048023437043, 0.034696787815],
      [0.10381029393, 0.14351521994, 0.59085582481, 0.072061051057, 0.089757610266]
    ],
    [
      [0.085364479647, 0.17864253052, 0.65932636671, 0.03375775895, 0.042908864179],
      [0.62555227381, 0.10280917066, 0.26010877502, 0.0078305601014, 0.0036992204101],
      [0.094546658189, 0.80804231228, 0.042325495202, 0.054593422795, 0.0004921115293],
      [0.038381533213, 0.016707331463, 0.91664994172, 0.015869373767, 0.012391819837],
      [0.14829581034, 0.48631935903, 0.24937370993, 0.08024953615, 0.035761584548],
      [0.089502410175, 0.089636361948, 0.65271559432, 0.09450905445, 0.073636579102]
    ],
    [
      [0.061269541303, 0.12904980541, 0.7386298234, 0.023091906409, 0.047958923476],
      [0.55007459904, 0.089480384848, 0.34907156176, 0.0059771903365, 0.0053962640236],
      [0.090168526925, 0.79619662464, 0.063039443769, 0.049150240512, 0.0014451641572],
      [0.026714102405, 0.0055309781953, 0.94421229256, 0.008702266414, 0.014840360426],
      [0.12760508234, 0.42562567834, 0.33309377015, 0.065736711717, 0.047938757449],
      [0.063876291605, 0.063844417948, 0.72619445893, 0.064195335782, 0.081889495738]
    ],
    [
      [0.13040065006, 0.18281881484, 0.63315186026, 0.018398928854, 0.035229745991],
      [0.73781929495, 0.076582479978, 0.18002048996, 0.0031216747049, 0.0024560604134],
      [0.131081676, 0.80446347638, 0.036694414966, 0.027020112093, 0.00074032055574],
      [0.053277606526, 0.020235725366, 0.90618253, 0.0082623526829, 0.012041785424],
      [0.21722901722, 0.48903626172, 0.22445326456, 0.041535376998, 0.027746079495],
      [0.14120515306, 0.094095997066, 0.64861108195, 0.05323712244, 0.06285064548]
    ],
    [
      [0.051992355419, 0.19935248158, 0.5974958598, 0.022311863511, 0.12884743969],
      [0.50349151195, 0.15518898878, 0.31967813583, 0.0062067801736, 0.015434583265],
      [0.05603876332, 0.86848595233, 0.039570024126, 0.034512403073, 0.0013928571492],
      [0.023465846481, 0.025364034166, 0.90572637598, 0.0068769539187, 0.03856678945],
      [0.088620969646, 0.52919118287, 0.22434629889, 0.051919012488, 0.1059225361],
      [0.052872576723, 0.097475661592, 0.57438843108, 0.060460755691, 0.21480257491]
    ],
    [
      [0.069746890781, 0.16770419789, 0.69262599188, 0.024116685227, 0.045806234227],
      [0.56933003651, 0.1094457184, 0.31101218454, 0.005689810663, 0.0045222498989],
      [0.084842527429, 0.82243133165, 0.049932783592, 0.042131486242, 0.00066187108467],
      [0.03135542319, 0.015430950536, 0.93287016971, 0.0078265769476, 0.012516879613],
      [0.12953796777, 0.48586545595, 0.28236308762, 0.061186857577, 0.041046631082],
      [0.073922026721, 0.085276709058, 0.69321485516, 0.068156966884, 0.079429442177]
    ],
    [
      [0.049873810196, 0.11922287696, 0.70001434605, 0.018379009527, 0.11250995726],
      [0.53655733943, 0.090863658622, 0.35382949317, 0.0053329028672, 0.01341660592],
      [0.074360018707, 0.82548119962, 0.057322160525, 0.039372550137, 0.0034640710103],
      [0.026363593578, 0.0030239282614, 0.91948245927, 0.011445873722, 0.039684145169],
      [0.10643890604, 0.41594289306, 0.31111817823, 0.053243057707, 0.11325696496],
      [0.049750652399, 0.055816611606, 0.65661770174, 0.048154376876, 0.18966065737]
    ],
    [
      [0.085310112224, 0.19842549918, 0.60375519555, 0.034484269324, 0.078024923725],
      [0.62643896417, 0.11603084333, 0.24187356941, 0.0078819585673, 0.0077746645257],
      [0.087675815936, 0.82256103836, 0.035413278254, 0.051913867604, 0.0024359998455],
      [0.039874405723, 0.021263954208, 0.89414487352, 0.015829755262, 0.028887011292],
      [0.13957029243, 0.50553864855, 0.2159918801, 0.077062972556, 0.061836206373],
      [0.087943985394, 0.098096896088, 0.5876716317, 0.094516779069, 0.13177070774]
    ],
    [
      [0.077507488358, 0.20144949762, 0.6415214499, 0.025754178107, 0.053767386015],
      [0.5965872483, 0.12328173387, 0.26857202047, 0.0058734647778, 0.0056855325926],
      [0.080334353664, 0.84157255119, 0.038042120507, 0.038419713216, 0.0016312614213],
      [0.03584194637, 0.02124648395, 0.91375350539, 0.010034916466, 0.019123147828],
      [0.1307798751, 0.53008559222, 0.23591025339, 0.059297745958, 0.043926533333],
      [0.082776165823, 0.10310043023, 0.64680935148, 0.073224431719, 0.094089620751]
    ],
    [
      [0.057314107339, 0.14717514472, 0.70883611825, 0.029950555642, 0.056724074054],
      [0.52453490496, 0.10666648564, 0.35352450743, 0.0083819420315, 0.0068921599416],
      [0.077235039542, 0.80693150587, 0.055679666684, 0.05847538897, 0.0016783989343],
      [0.024668563095, 0.010900754486, 0.93348335336, 0.012335189122, 0.018612139941],
      [0.11225718459, 0.45044478361, 0.30328860001, 0.080311132013, 0.053698299781],
      [0.0591513127, 0.072467046931, 0.69004873023, 0.082504863797, 0.095828046344]
    ],
    [
      [0.055524522667, 0.14320077657, 0.72257872845, 0.037885882872, 0.040810089437],
      [0.52249933225, 0.10378320411, 0.35790049499, 0.011323047525, 0.0044939211299],
      [0.07305304026, 0.79981431096, 0.054324658196, 0.072002630351, 0.0008053602374],
      [0.024370247622, 0.0089416713911, 0.93663997886, 0.019151963706, 0.010896138418],
      [0.10846775409, 0.44685060168, 0.30530141983, 0.1010238984, 0.038356326002],
      [0.057155132865, 0.069398925633, 0.69993153704, 0.10499387054, 0.068520533925]
    ],
    [
      [0.099218589611, 0.14561382844, 0.63377088696, 0.018847598986, 0.102549096],
      [0.67457601165, 0.077910667259, 0.23541509303, 0.003018025374, 0.0090802026916],
      [0.13033967024, 0.77977365527, 0.051446164433, 0.035589870908, 0.0028506391554],
      [0.042214373927, 0.013056212087, 0.90567975777, 0.0044608766986, 0.034588779521],
      [0.1837229977, 0.42045329679, 0.25638563896, 0.048184131131, 0.091253935413],
      [0.10072034479, 0.070837383811, 0.60600690584, 0.051605123293, 0.17083024227]
    ],
    [
      [0.0801392598, 0.24186592548, 0.55061761488, 0.028841672447, 0.098535527401],
      [0.60893392655, 0.14653470515, 0.22833820944, 0.0066319721232, 0.0095611867379],
      [0.07090324304, 0.86265181351, 0.027995842898, 0.036877931072, 0.0015711694754],
      [0.041282343109, 0.030003435568, 0.87907919999, 0.013197740438, 0.036437280899],
      [0.12054261681, 0.56768575074, 0.18120411378, 0.059180875749, 0.071386642931],
      [0.083910739518, 0.12144520797, 0.5446777244, 0.080367406927, 0.16959892119]
    ],
    [
      [0.056334220859, 0.16227255147, 0.59373474299, 0.025666750738, 0.16199173395],
      [0.53933889826, 0.12414587956, 0.3126145332, 0.0075565725201, 0.01634411645],
      [0.071051967323, 0.83538194383, 0.046132249321, 0.046564713994, 0.00086912552663],
      [0.028443529545, 0.018730768924, 0.9013109357, 0.012031681082, 0.039483084744],
      [0.10136375205, 0.4586766642, 0.23509282827, 0.062812682956, 0.14205407253],
      [0.054356366448, 0.075408707414, 0.54157432688, 0.065639046401, 0.26302155286]
    ],
    [
      [0.09024236089, 0.2589512406, 0.58993211279, 0.029038038913, 0.031836246807],
      [0.62664818055, 0.14264921912, 0.22297647073, 0.0061210813123, 0.0016050482941],
      [0.072602628755, 0.86334857023, 0.029404285772, 0.034644515242, 0],
      [0.045059874122, 0.031844912969, 0.90594765246, 0.013154516661, 0.0039930437873],
      [0.13285759554, 0.59663782563, 0.19005144412, 0.058329103448, 0.022124031267],
      [0.10016403564, 0.13766562516, 0.6186101055, 0.085918378342, 0.057641855364]
    ],
    [
      [0.065115458843, 0.20459088542, 0.6214353271, 0.026880700301, 0.081977628339],
      [0.56899213714, 0.13507972906, 0.27601368084, 0.0085832076169, 0.011331245346],
      [0.064380649731, 0.86116599499, 0.032505152137, 0.038786652155, 0.0031615509898],
      [0.030650802509, 0.018932289497, 0.89815084111, 0.01675863143, 0.035507435454],
      [0.10856248015, 0.54443431348, 0.21868571306, 0.061722999211, 0.066594494098],
      [0.067978569762, 0.101653047, 0.6135677615, 0.074357854679, 0.14244276706]
    ],
    [
      [0.030006758217, 0.13711568337, 0.75560041774, 0.035085799692, 0.042191340985],
      [0.36463627338, 0.12964206851, 0.48687403371, 0.012518821566, 0.0063288028295],
      [0.029907826874, 0.83092977721, 0.064650941892, 0.073512006173, 0.00099944784862],
