{
  "Z_true": {},
  "V_true": [
    [45, 53, 50, 1501, 168, 3020, 42],
    [44, 1018, 31, 99, 718, 232, 67],
    [258, 566, 280, 369, 7923, 983, 393],
    [119, 99, 144, 648, 94, 8234, 130],
    [72, 58, 1415, 193, 406, 1293, 75],
    [750, 24, 46, 152, 305, 1046, 79],
    [41, 95, 47, 56, 356, 260, 462]
  ],
  "p_true": [
    [0.0092, 0.0109, 0.0102, 0.3076, 0.0344, 0.619, 0.0086],
    [0.0199, 0.4608, 0.014, 0.0448, 0.325, 0.105, 0.0303],
    [0.024, 0.0525, 0.026, 0.0343, 0.7355, 0.0913, 0.0365],
    [0.0126, 0.0105, 0.0152, 0.0684, 0.0099, 0.8697, 0.0137],
    [0.0205, 0.0165, 0.4029, 0.055, 0.1156, 0.3682, 0.0214],
    [0.3122, 0.01, 0.0192, 0.0633, 0.127, 0.4355, 0.0329],
    [0.0311, 0.0721, 0.0357, 0.0425, 0.2703, 0.1974, 0.3508]
  ],
  "Z_est": [
    [
      [0, 0, 0, 0, 0, 0, 0, 0.1819, 0, 0.1607, 0.67, 0, 0.0011, 0, 0, 0, 0, 0, 0.0475, 0.0241, 0, 0.3828, 0.1177, 0, 0, 0, 0, 0, 0.2493, 0, 0.1288, 0, 0, 0, 0.0091, 0, 0, 0.4839, 0],
      [0, 0, 0, 0.0719, 0, 0, 0, 1.5611, 0, 0, 0, 0, 0, 0.0012, 0, 0, 0, 0, 0, 0, 0.0056, 0.1643, 0, 0, 0.0699, 0, 0.213, 0, 0.2273, 0, 0.0001, 0, 0, 0.0066, 0.0052, 0, 0.1555, 4.9821, 0],
      [0, 0.1434, 0.0427, 0, 0, 0, 0, 0, 0, 0.1026, 0.4366, 0, 0.1445, 0, 0, 0, 0, 0, 0, 0, 0.192, 1.019, 0.7153, 0.0115, 0, 0, 0.0133, 0.0746, 0.4226, 0.081, 0.1028, 0, 0, 0.1637, 0.0278, 0, 0.0951, 0, 0],
      [1.6678, 47.2577, 28.5605, 2.0034, 54.1809, 42.3744, 42.9016, 41.1842, 46.3173, 36.905, 54.3138, 1.4277, 0.9749, 2.8796, 50.5075, 13.2457, 25.2347, 44.0276, 18.3993, 42.9365, 23.5197, 91.2563, 57.7722, 6.6619, 36.8287, 1.3798, 22.8308, 20.0547, 54.3824, 42.5467, 12.987, 26.3955, 35.3118, 18.9086, 1.908, 67.533, 6.2558, 89.5416, 16.5973],
      [0.4176, 8.4762, 7.333, 0.3166, 6.881, 5.4265, 7.7533, 7.6487, 10.3733, 6.9911, 10.7695, 0.1346, 0.3272, 0.3314, 7.3444, 2.8394, 3.0865, 5.9491, 1.6826, 5.8954, 5.3444, 17.6788, 12.86, 0.7652, 7.8739, 1.1581, 3.6202, 4.4839, 10.7611, 7.1618, 3.1044, 5.9822, 1.7908, 2.8349, 0.78, 9.3427, 1.6241, 10.8679, 4.0529],
      [5.9146, 128.1227, 82.896, 5.6081, 167.9381, 122.1991, 147.3451, 100.3645, 118.1567, 76.6302, 132.5947, 1.4376, 2.5327, 4.7863, 141.148, 67.915, 64.6788, 147.0233, 46.8705, 108.1263, 59.812, 202.198, 170.4106, 17.3759, 79.1522, 7.435, 56.2603, 63.34, 139.9019, 133.2105, 39.5925, 95.5501, 98.8974, 43.0862, 10.2415, 238.1244, 20.8268, 219.1245, 54.3197],
      [0, 0, 0.1679, 0, 0, 0, 0, 0.0597, 0.1526, 0.2104, 0.2155, 0.0001, 0.0195, 0.0016, 0, 0, 0, 0, 0, 0.0177, 0.1263, 0.3008, 0.1242, 0.1854, 0.0753, 0.0271, 0.0623, 0.0467, 0.0554, 0, 0.0843, 0.0723, 0, 0, 0.0285, 0, 0.0427, 0, 0.0301]
    ],
    [
      [0.0112, 0.681, 0.6371, 0.0052, 0.3228, 0.3018, 0.2384, 0, 1.0661, 0.9148, 0.8955, 0.1969, 0.6749, 0.0011, 0.5695, 0.9453, 0.6389, 0.3953, 1.8131, 0.4991, 0.2042, 0.4908, 0.6989, 0.0366, 0.2561, 0, 0.2121, 5.1337, 0.613, 0.5484, 0.3022, 0.3611, 0.0993, 0.1017, 0.0405, 0.6471, 0.035, 1.0602, 2.6722],
      [2.4523, 76.7068, 60.5016, 2.583, 39.7813, 36.1946, 29.56, 125.5903, 104.9227, 74.5677, 53.6167, 1, 1.9988, 1.5775, 47.0279, 16.8039, 37.9594, 37.5344, 15.4157, 33.092, 22.7477, 43.9713, 55.0592, 8.1738, 44.8456, 2.9229, 37.9369, 27.4574, 57.1425, 57.719, 21.3711, 32.75, 17.3066, 13.4482, 4.7087, 60.7598, 13.9045, 237.7954, 27.4236],
      [0, 0.0281, 0.0662, 0, 0, 0, 0, 0, 0, 0, 0.0353, 0.0836, 0.1342, 0, 0.0204, 1.8102, 0, 0.021, 0, 0, 0.0138, 0.0322, 0.0505, 0.0084, 0, 0.3765, 0, 0.2705, 0.0308, 0.0164, 0.0111, 0, 0, 0.0092, 0.002, 0, 0.0185, 0, 1.4007],
      [0.2826, 17.9277, 13.1492, 0.2475, 7.6361, 8.1724, 6.2402, 21.559, 24.8702, 20.7159, 13.096, 1.285, 0.5486, 0.2916, 12.2359, 4.4146, 10.2305, 8.7869, 5.6452, 8.9049, 5.0976, 11.1551, 11.7011, 1.7323, 11.2739, 0.7442, 8.4388, 9.2493, 11.7093, 11.8483, 3.9054, 7.5833, 4.2784, 3.4033, 0.4656, 12.2913, 1.5432, 37.2506, 9.1091],
      [0.2349, 11.2856, 10.6909, 0.1487, 4.5417, 4.6194, 4.2766, 13.9143, 17.8736, 12.7038, 8.4808, 0.4125, 0.597, 0.119, 7.0652, 3.3491, 5.1423, 5.3917, 2.7005, 4.7567, 3.5798, 6.6827, 8.5473, 0.7738, 7.2995, 0.9048, 4.6895, 6.9624, 7.7791, 7.587, 3.0591, 5.4159, 1.9481, 1.8192, 0.6459, 7.9057, 1.3472, 17.3469, 6.4257],
      [0.019, 0.7529, 0.1216, 0.004, 0.4608, 0.4887, 0.3591, 0, 0.147, 0, 0.2016, 0.0123, 0, 0.0042, 0.6253, 0.4131, 0.6216, 0.5765, 0.3123, 0.3555, 0.0793, 0.209, 0.3579, 0.0527, 0.0014, 0, 0.2217, 0.3929, 0.2784, 0.6862, 0.0571, 0.4194, 0.2597, 0.1043, 0.0208, 0.8964, 0, 0, 0.5663],
      [0, 0.6179, 0.8334, 0.0117, 0.2574, 0.223, 0.3258, 0.9365, 1.1204, 1.0978, 0.6741, 0.0096, 0.0464, 0.0066, 0.4558, 0.2638, 0.4073, 0.2941, 0.1133, 0.3918, 0.2777, 0.459, 0.5851, 0.2225, 0.3235, 0.0515, 0.501, 0.5338, 0.4469, 0.5947, 0.2941, 0.4704, 0.1079, 0.1141, 0.1164, 0.4996, 0.1516, 1.5468, 0.4025]
    ],
    [
      [0.0772, 5.5408, 5.133, 0.1379, 2.845, 2.2964, 2.6953, 8.6625, 5.6935, 5.3153, 14.0698, 0.0829, 0.1073, 0, 7.869, 1.2963, 4.7013, 6.5362, 5.116, 5.9245, 1.932, 7.799, 9.0845, 0.1454, 1.7607, 0, 1.1839, 4.1341, 11.2559, 4.9772, 3.4656, 4.3645, 0.8536, 1.4401, 1.0626, 7.445, 0.536, 16.6033, 0.2588],
      [0.1659, 6.8128, 0.8177, 1.3203, 5.432, 3.5835, 1.4614, 27.634, 4.3625, 4.2898, 6.2611, 0, 0, 0.7236, 2.4236, 0, 0.9611, 0.9752, 0, 1.8706, 3.4548, 9.6658, 5.0499, 0.4579, 5.5501, 0, 4.3628, 0, 15.9965, 4.4728, 2.5664, 0, 1.6685, 3.2789, 1.7308, 4.927, 4.4696, 62.0982, 0],
      [0.1315, 19.0737, 14.563, 0.3722, 9.0367, 6.5765, 8.3172, 11.5269, 13.8557, 12.2571, 22.7204, 0.5727, 0.258, 0, 17.757, 6.5797, 4.3382, 16.3584, 2.8106, 5.1541, 8.8805, 25.4863, 20.9067, 1.5329, 5.368, 0.141, 5.8023, 15.6991, 32.3489, 13.4118, 6.74, 6.4929, 4.4277, 8.5878, 6.0033, 12.2548, 5.3399, 29.3249, 5.7104],
      [0.1519, 6.799, 2.1243, 0.3565, 3.8313, 4.1038, 3.6581, 7.4303, 4.4116, 4.3895, 6.4686, 0.3863, 0.0047, 0.7553, 7.0632, 1.0923, 3.648, 5.6055, 2.9277, 4.2219, 1.9965, 7.1931, 4.7926, 0.4341, 3.2764, 0, 2.7177, 2.1192, 8.8287, 4.6039, 1.5126, 2.521, 3.2224, 2.9463, 0.3478, 8.2291, 0.6007, 18.2883, 0.9502],
      [6.4837, 398.6824, 288.7582, 15.4122, 186.8333, 167.3456, 185.9586, 384.3428, 360.8044, 288.3744, 415.1788, 11.6622, 2.3563, 18.2946, 329.6356, 111.7097, 126.0512, 276.2805, 95.0201, 167.0636, 177.1271, 445.8637, 379.964, 17.6987, 212.1008, 12.5165, 127.942, 241.216, 595.8567, 259.1971, 129.8495, 192.5035, 90.3121, 140.0915, 97.2119, 349.3002, 80.0288, 623.8432, 106.3048],
      [0.7848, 53.6726, 24.6152, 1.7856, 31.6555, 28.1191, 30.0751, 26.745, 33.4975, 22.2559, 36.0463, 0.9428, 0.1128, 1.8926, 54.8208, 23.4867, 21.0787, 53.9788, 17.694, 24.63, 14.6622, 39.6782, 41.9068, 2.9179, 16.5627, 0.4251, 16.2734, 30.4701, 57.5779, 41.2166, 11.678, 29.0971, 18.4161, 18.0318, 4.8728, 66.1496, 5.4282, 71.8849, 14.9353],
      [0.205, 29.4188, 28.9887, 1.6152, 14.3662, 10.9751, 18.8343, 33.6586, 29.3748, 31.118, 43.2551, 0.3531, 0.1609, 1.3339, 28.4307, 11.8353, 13.2215, 20.2654, 5.4316, 18.1353, 17.947, 40.3139, 34.2954, 5.8131, 12.3814, 0.9175, 17.7179, 24.3615, 45.1353, 27.1206, 16.1878, 22.021, 6.0995, 11.6235, 23.7708, 29.6943, 11.5968, 77.9571, 8.8405]
    ],
    [
      [0.0257, 1.8553, 0.7957, 0.0612, 1.8954, 1.517, 0, 2.9076, 1.7194, 1.6902, 7.3755, 0, 0.0472, 0, 1.7872, 0, 1.7137, 0.2175, 2.5607, 4.6628, 1.2858, 5.6628, 4.3628, 0, 1.0354, 0, 0.6219, 0.5518, 5.5343, 1.9276, 2.1442, 0.0261, 0, 0.748, 0.5574, 3.1563, 0.3038, 8.8887, 0],
      [0.0505, 0, 0, 0.2673, 0.8779, 0, 0, 4.8274, 0, 0, 0, 0, 0, 0.0864, 0, 0, 0, 0, 0, 0, 0.0282, 0.5495, 0, 0, 0.752, 0, 0.7627, 0, 1.2614, 0, 0, 0, 0, 0.1016, 0, 0, 1.1736, 27.6003, 0],
      [0, 5.7059, 4.973, 0.0991, 5.4601, 3.2396, 4.4482, 3.2895, 4.2797, 3.0093, 9.8318, 0.2783, 0.547, 0, 6.0576, 1.6371, 1.2311, 7.802, 0.923, 1.7645, 4.7451, 13.8849, 11.2237, 1.2065, 2.1328, 0, 2.215, 4.9305, 11.5849, 6.5839, 3.1516, 2.3583, 0.5113, 3.5175, 2.4342, 4.1346, 2.3103, 10.6441, 1.2898],
      [0.7213, 20.2161, 12.5973, 0.7857, 21.6419, 19.8104, 19.8022, 18.0287, 17.007, 12.6577, 28.5339, 2.2603, 0.2418, 1.6472, 21.1437, 5.6201, 10.2667, 22.205, 10.9753, 24.102, 13.1466, 39.738, 26.8846, 3.2039, 14.6987, 0.1871, 9.7825, 9.9283, 33.1555, 21.1822, 7.8688, 10.7453, 16.4474, 10.9392, 2.7003, 27.4374, 3.8391, 55.1773, 5.7485],
      [0.6577, 13.2448, 14.6735, 0.4151, 6.5125, 5.8746, 11.125, 12.3143, 15.6331, 9.4043, 23.353, 1.0828, 0.4965, 0.6724, 9.4262, 2.9316, 3.5811, 5.402, 0.5996, 9.4633, 14.2091, 32.0734, 24.686, 1.1267, 13.1242, 2.6941, 5.6223, 9.1562, 26.5815, 11.0006, 8.4281, 9.0469, 0, 5.8264, 6.1001, 8.3835, 4.5896, 14.201, 5.6856],
      [12.5448, 282.8077, 196.934, 11.3097, 333.306, 280.2554, 350.1169, 222.0802, 227.6707, 136.757, 359.3169, 12.3465, 4.5947, 13.5237, 299.6088, 152.6989, 128.5712, 379.3426, 133.9414, 294.1359, 178.5798, 459.1486, 418.8605, 43.0913, 164.3142, 15.9105, 122.7891, 169.1463, 441.2708, 340.6581, 125.807, 200.291, 220.0413, 128.2452, 77.8362, 473.1692, 68.7998, 648.5594, 99.6807],
      [0, 1.1702, 2.0264, 0.062, 0.3062, 0.303, 1.5077, 1.5523, 1.6901, 1.4814, 3.589, 0.0321, 0.0728, 0.0703, 0.9765, 0.1123, 0.6362, 0.031, 0, 1.8716, 2.0055, 3.9427, 2.9824, 1.3716, 0.9427, 0.2083, 1.2064, 1.287, 2.6116, 1.6475, 1.6003, 1.5324, 0, 0.6221, 2.3719, 0.719, 0.9838, 3.9291, 0.5954]
    ],
    [
      [0.0452, 0.773, 0.3792, 0.0217, 0.5402, 0.4129, 0.4357, 0.9326, 0.5087, 0.4437, 1.9259, 0, 0, 0.0659, 0.7537, 0, 0.4864, 0.4341, 0.497, 1.158, 0.3884, 1.3385, 1.5135, 0.0278, 0.3576, 0, 0.1948, 0.3241, 1.6253, 0.6807, 0.5394, 0.2858, 0.1483, 0.207, 0.2148, 1.0613, 0.131, 1.974, 0.0478],
      [0.0323, 0, 0, 0.0239, 0.0266, 0, 0, 0.7563, 0, 0, 0, 0, 0, 0.138, 0, 0, 0, 0, 0, 0, 0, 0.0155, 0, 0, 0.0717, 0, 0.0593, 0, 0.1433, 0, 0, 0, 0, 0, 0, 0, 0.3523, 2.4168, 0],
      [2.8182, 70.9893, 50.1856, 1.4532, 36.7152, 27.9927, 38.3106, 39.66, 33.969, 26.7011, 81.8711, 0, 2.7931, 0.991, 64.9635, 21.9218, 17.9053, 68.0429, 9.7774, 37.8248, 35.2266, 88.053, 101.7002, 6.7972, 23.3609, 0.4012, 17.0905, 34.5085, 95.9204, 55.2248, 25.1639, 24.1479, 24.0726, 21.5698, 32.0081, 58.7383, 22.5457, 92.8915, 10.2581],
      [0.2001, 3.9521, 2.0483, 0.0922, 2.076, 1.9657, 2.0976, 2.7169, 2.003, 1.6649, 3.9479, 0, 0.0067, 0.6182, 3.6798, 0.7019, 1.484, 3.3439, 0.9897, 3.3761, 1.6299, 4.4553, 4.2966, 0.2923, 1.9178, 0.0104, 1.065, 1.2448, 4.5819, 2.8024, 1.016, 1.3764, 2.0622, 1.1585, 0.5449, 3.9443, 0.6414, 5.9463, 0.4277],
      [1.4521, 24.2915, 17.6871, 0.5418, 11.5839, 10.4193, 13.9162, 16.6592, 13.7311, 9.6713, 25.6135, 0, 0.4594, 2.2642, 19.7915, 6.1343, 7.0107, 18.705, 4.3877, 16.3438, 12.0919, 27.0592, 32.5656, 1.2678, 11.9993, 0.1854, 5.6946, 9.7216, 30.3962, 17.1785, 8.1104, 10.3839, 8.2142, 5.9897, 9.6573, 23.2513, 6.247, 27.5608, 3.2102],
      [4.4521, 77.8129, 46.3447, 1.8606, 44.9907, 39.1541, 51.1992, 47.0667, 37.6124, 25.3357, 70.1565, 0, 0.7185, 6.8996, 72.6796, 26.2171, 26.0288, 79.474, 17.3421, 58.0645, 31.4228, 72.6718, 95.4714, 5.506, 30.1841, 0.4009, 18.7806, 30.0523, 86.008, 62.922, 22.9698, 35.6353, 38.5028, 19.0186, 23.7717, 94.8633, 16.8845, 99.8288, 10.0191],
      [0, 0.1811, 0.3552, 0.0066, 0.0674, 0.0552, 0.0408, 0.2083, 0.1758, 0.1833, 0.4851, 0, 0.0222, 0.023, 0.132, 0.025, 0.0848, 0, 0.0062, 0.2329, 0.2405, 0.4067, 0.4527, 0.1089, 0.1086, 0.0021, 0.115, 0.1486, 0.3249, 0.1917, 0.2006, 0.1707, 0, 0.0563, 0.8032, 0.1414, 0.198, 0.3818, 0.0372]
    ],
    [
      [1.3227, 22.1914, 24.508, 1.1434, 27.4731, 20.4868, 26.4682, 25.9394, 27.7314, 29.8265, 73.2558, 0, 0, 0.7008, 30.3008, 10.075, 13.4407, 51.3626, 23.5698, 39.4252, 23.1045, 47.0343, 50.5645, 3.3582, 19.1847, 0, 11.9775, 33.0584, 65.807, 23.6057, 13.7411, 18.3292, 11.5002, 10.7812, 5.1413, 43.111, 6.1163, 67.7857, 2.5556],
      [0.0023, 0, 0, 0.0141, 0.0301, 0, 0, 0.269, 0, 0, 0, 0, 0, 0.0075, 0, 0, 0, 0, 0, 0, 0, 0.0239, 0, 0, 0.0662, 0, 0.0549, 0, 0.1057, 0, 0, 0, 0, 0.005, 0.0004, 0, 0.0567, 1.2656, 0],
      [0.0292, 1.3329, 1.4827, 0.0393, 1.4695, 0.9926, 1.5484, 0.9367, 1.3693, 1.468, 3.3124, 0, 0, 0.009, 1.5943, 0.6783, 0.3521, 3.1627, 0.3898, 0.96, 1.528, 2.8773, 2.6951, 0.3465, 0.9045, 0.0654, 0.7718, 1.8644, 3.6027, 1.3147, 0.5939, 0.7753, 0.695, 0.8687, 0.3736, 1.5209, 0.5301, 2.8107, 0.1541],
      [0.4228, 12.9422, 11.2691, 0.5408, 14.3025, 12.2056, 15.1482, 11.501, 14.5202, 16.3977, 27.3247, 0, 0, 1.3537, 15.2158, 3.9305, 5.5609, 25.8491, 8.5939, 17.7088, 12.7399, 25.1506, 20.0487, 2.6548, 13.9878, 0.5238, 8.5145, 11.6387, 29.6487, 11.4934, 4.3041, 8.0739, 10.4374, 7.9817, 1.3106, 18.8747, 2.905, 30.866, 1.184],
      [0.2572, 5.9935, 6.7027, 0.2411, 6.1428, 5.0143, 7.5533, 5.4252, 7.4644, 7.3249, 13.4339, 0, 0, 0.4052, 6.3951, 2.4971, 2.0841, 10.8305, 2.637, 6.778, 6.8373, 11.3053, 10.92, 0.8701, 6.6582, 0.6777, 3.4821, 6.5811, 14.7262, 5.4193, 2.4998, 4.5557, 3.3527, 3.1326, 1.3601, 8.7244, 1.8479, 11.2942, 0.6394],
      [0.9642, 23.3717, 21.7461, 1.0115, 29.4243, 23.1887, 34.0012, 18.7388, 24.6625, 22.6213, 44.0441, 0, 0, 1.5119, 28.2959, 12.7291, 9.4792, 57.6025, 14.7799, 29.836, 21.4799, 37.1839, 39.3735, 4.6201, 20.0385, 1.712, 14.0033, 24.5832, 50.6674, 23.952, 8.7254, 19.0564, 18.9471, 12.1327, 4.6731, 43.5154, 6.4308, 50.4471, 2.4458],
      [0.0016, 0.1683, 0.2914, 0.0096, 0.1577, 0.112, 0.2807, 0.1898, 0.2523, 0.3616, 0.6291, 0, 0, 0.0118, 0.1981, 0.09, 0.083, 0.1926, 0.0297, 0.2921, 0.3104, 0.4248, 0.3981, 0.1503, 0.16, 0.0211, 0.1961, 0.2742, 0.4423, 0.2148, 0.1357, 0.2094, 0.0676, 0.0981, 0.1409, 0.2536, 0.1133, 0.5307, 0.0211]
    ],
    [
      [0.518, 5.9585, 5.5469, 0.6306, 2.9235, 1.9851, 3.1624, 8.3761, 5.2809, 4.6486, 8.8075, 0.7202, 1.1695, 0.2322, 5.7198, 2.6834, 3.0189, 5.0543, 2.3959, 5.3062, 3.0852, 5.2918, 6.658, 0.432, 2.4056, 1.2631e-16, 0.8098, 5.7978, 9.9152, 3.2603, 2.6788, 2.6332, 2.3985, 1.722, 0.9743, 4.5793, 0.8779, 16.2041, 1.4656],
      [0.2967, 3.4803, 2.6807, 0.7195, 1.8521, 1.2219, 1.9786, 5.3619, 2.7148, 2.1425, 3.1222, 0, 0.0012, 0.4658, 2.5484, 1.1961, 1.0795, 2.4904, 0.5843, 2.0374, 1.7637, 2.6097, 2.8909, 0.3683, 1.6444, 0.0771, 0.6103, 1.5426, 5.1233, 1.8083, 1.0623, 1.25, 2.0249, 1.1597, 0.5549, 2.3132, 0.8878, 11.8416, 0.5764],
      [0.0211, 0.7267, 0.687, 0.0361, 0.3185, 0.1986, 0.3757, 0.5869, 0.5263, 0.4619, 0.7924, 0.0655, 0.1231, 0, 0.6072, 0.3729, 0.1733, 0.613, 0.0992, 0.2966, 0.4142, 0.6472, 0.7085, 0.0971, 0.2338, 0.0159, 0.1071, 0.6524, 1.0897, 0.3675, 0.2367, 0.2257, 0.2934, 0.2834, 0.1511, 0.3513, 0.1605, 1.3287, 0.1869],
      [0.5535, 9.9053, 7.2512, 0.9738, 4.3313, 3.3677, 5.1521, 10.5799, 7.8706, 7.2693, 9.3153, 1.6406, 0.2233, 1.4543, 8.154, 2.9949, 3.5752, 7.1819, 2.4689, 6.7499, 4.8699, 8.0515, 7.5041, 1.0208, 5.0167, 0.1547, 1.6506, 5.7651, 12.6935, 4.523, 2.4061, 3.3046, 6.2404, 3.6624, 0.7228, 5.6903, 1.2148, 20.9299, 1.9832],
      [1.4968, 20.0259, 18.1547, 1.9244, 8.5048, 6.3001, 11.417, 21.6955, 17.1201, 13.5302, 19.1705, 1.7079, 0.7636, 1.9132, 15.342, 8.539, 6.0441, 14.4412, 3.9726, 11.6993, 10.8104, 15.3369, 17.4571, 1.4977, 9.9441, 0.8634, 2.9493, 13.8788, 26.8992, 9.4556, 5.9487, 8.1119, 9.3822, 6.3056, 3.2447, 12.0922, 3.3154, 34.886, 4.6814],
      [0.3204, 4.4595, 3.3424, 0.4206, 2.2246, 1.5949, 2.9034, 4.0048, 3.2532, 2.3999, 3.6399, 0.2607, 0.0412, 0.3817, 3.8216, 2.5401, 1.5417, 4.0023, 1.0598, 2.852, 1.964, 2.9105, 3.6194, 0.436, 1.7469, 0.1166, 0.6715, 3.0151, 5.2957, 2.3546, 1.1702, 1.9507, 2.9357, 1.3812, 0.5838, 3.2817, 0.6298, 8.1552, 1.0331],
      [0.7934, 15.4438, 18.3371, 2.2949, 6.8451, 4.3316, 12.0107, 19.3948, 14.234, 14.5476, 20.1522, 0.6051, 0.6781, 1.5527, 13.8069, 9.6736, 6.5671, 11.2169, 2.4193, 13.0587, 11.0926, 14.1523, 16.162, 5.1481, 6.0085, 0.7724, 4.2013, 14.3481, 20.9835, 10.2307, 7.4972, 9.5239, 7.7251, 5.4858, 7.7684, 10.692, 4.9137, 44.6544, 4.0733]
    ]
  ],
  "V_est": [
    [2.457, 7.4638, 3.7884, 1229.9717, 212.0649, 3421.1478, 2.1063],
    [24.321, 1586.3305, 4.4395, 349.0201, 219.0241, 10.0789, 15.786],
    [162.4025, 198.8451, 386.7188, 144.0105, 8115.1761, 990.0744, 774.7725],
    [67.6391, 38.3389, 153.4355, 583.0752, 349.3985, 8228.0622, 48.0506],
    [20.8741, 4.036, 1404.565, 76.3791, 471.4481, 1528.3236, 6.3741],
    [905.9779, 1.9014, 45.4196, 437.126, 202.0647, 801.9966, 7.5139],
    [145.3283, 76.0842, 14.6332, 198.4174, 400.8236, 88.3165, 393.3968]
  ],
  "p_est": [
    [0.0005, 0.0015, 0.0008, 0.2521, 0.0435, 0.7012, 0.0004],
    [0.011, 0.7181, 0.002, 0.158, 0.0992, 0.0046, 0.0071],
    [0.0151, 0.0185, 0.0359, 0.0134, 0.7534, 0.0919, 0.0719],
    [0.0071, 0.004, 0.0162, 0.0616, 0.0369, 0.869, 0.0051],
    [0.0059, 0.0011, 0.3999, 0.0217, 0.1342, 0.4352, 0.0018],
    [0.3772, 0.0008, 0.0189, 0.182, 0.0841, 0.3339, 0.0031],
    [0.1103, 0.0578, 0.0111, 0.1507, 0.3043, 0.0671, 0.2987]
  ],
  "EI_Z": {},
  "EI_V": 9.403,
  "MAE_Z": {},
  "MAE_V": 132.6361,
  "MAE_p": 0.0426,
  "runtime": 0.008
}
