{
  "X": [
    [5, 9, 11, 0],
    [3, 5, 4, 0],
    [2, 4, 1, 1],
    [7, 11, 16, 0],
    [1, 4, 2, 0],
    [1, 2, 9, 0],
    [0, 3, 7, 0],
    [1, 8, 13, 1],
    [9, 18, 31, 4],
    [2, 15, 24, 3],
    [8, 7, 11, 3],
    [4, 5, 23, 1],
    [17, 20, 25, 0],
    [1, 5, 13, 0],
    [4, 8, 14, 0],
    [3, 1, 10, 0],
    [3, 8, 21, 0],
    [32, 38, 75, 5],
    [0, 2, 6, 1],
    [1, 1, 5, 0],
    [0, 1, 11, 0],
    [0, 2, 10, 3],
    [2, 2, 6, 0],
    [0, 4, 3, 0],
    [0, 4, 20, 1],
    [3, 5, 10, 2],
    [5, 15, 32, 0],
    [3, 7, 3, 1],
    [1, 2, 2, 1],
    [2, 3, 17, 0],
    [3, 5, 11, 0],
    [2, 1, 14, 1],
    [4, 10, 37, 1],
    [3, 25, 34, 1],
    [1, 11, 10, 0],
    [1, 5, 12, 2],
    [9, 24, 41, 2],
    [6, 13, 14, 1],
    [0, 7, 19, 0],
    [0, 1, 6, 0],
    [1, 4, 6, 0],
    [2, 4, 8, 0],
    [0, 4, 13, 0],
    [5, 20, 22, 2],
    [0, 4, 2, 0],
    [1, 5, 9, 1],
    [4, 0, 15, 3],
    [3, 10, 13, 1],
    [15, 20, 66, 3],
    [13, 15, 35, 2],
    [15, 12, 44, 1],
    [11, 4, 17, 0],
    [9, 20, 41, 3],
    [39, 37, 150, 5],
    [20, 13, 58, 3],
    [11, 8, 39, 1],
    [15, 21, 81, 1],
    [48, 22, 167, 4],
    [13, 23, 77, 4],
    [10, 10, 25, 0],
    [3, 7, 20, 2],
    [6, 9, 24, 0],
    [5, 7, 36, 2],
    [13, 14, 37, 3],
    [7, 16, 31, 2],
    [31, 22, 53, 1],
    [4, 8, 20, 0],
    [6, 21, 29, 0],
    [0, 4, 13, 0],
    [14, 19, 53, 3],
    [7, 2, 17, 0],
    [6, 7, 35, 1],
    [21, 29, 79, 4],
    [19, 28, 81, 1],
    [10, 13, 29, 1],
    [13, 14, 45, 4],
    [11, 15, 64, 4],
    [45, 44, 173, 13],
    [20, 30, 97, 6],
    [9, 8, 20, 1],
    [5, 15, 54, 1],
    [12, 14, 44, 4],
    [4, 20, 28, 1],
    [6, 17, 68, 2],
    [13, 13, 32, 1],
    [23, 31, 127, 11],
    [10, 8, 36, 2],
    [24, 18, 92, 2],
    [21, 29, 101, 4],
    [17, 30, 82, 3],
    [7, 10, 40, 2],
    [4, 10, 15, 0],
    [5, 7, 12, 1],
    [2, 9, 39, 4],
    [17, 13, 51, 1],
    [8, 12, 61, 0],
    [21, 35, 66, 8],
    [8, 8, 27, 4],
    [7, 13, 47, 1],
    [1, 6, 2, 0],
    [0, 4, 6, 0],
    [1, 16, 16, 2],
    [2, 5, 8, 3],
    [0, 2, 5, 0],
    [3, 5, 5, 1],
    [1, 3, 4, 0],
    [2, 8, 4, 0],
    [4, 9, 5, 0],
    [1, 8, 3, 1],
    [2, 6, 3, 0],
    [1, 2, 4, 1],
    [5, 10, 14, 0],
    [1, 1, 7, 0],
    [6, 10, 14, 0],
    [1, 5, 13, 1],
    [4, 17, 21, 4],
    [11, 29, 44, 5],
    [33, 52, 155, 20],
    [9, 15, 25, 0],
    [4, 18, 26, 2],
    [2, 3, 5, 0],
    [2, 10, 11, 0],
    [2, 7, 8, 1],
    [2, 2, 6, 0],
    [6, 14, 29, 3],
    [7, 13, 20, 3],
    [2, 5, 12, 1],
    [4, 17, 44, 7],
    [1, 8, 6, 0],
    [2, 1, 6, 0],
    [7, 11, 15, 1],
    [1, 5, 13, 4],
    [4, 7, 12, 1],
    [4, 16, 36, 2],
    [1, 8, 1, 1],
    [0, 4, 5, 1],
    [3, 8, 7, 0],
    [21, 32, 73, 1],
    [3, 3, 6, 1],
    [2, 15, 10, 0],
    [26, 14, 43, 2],
    [23, 40, 100, 6],
    [35, 52, 146, 4],
    [8, 17, 22, 1],
    [15, 17, 56, 3],
    [12, 15, 39, 5],
    [7, 14, 38, 3],
    [4, 9, 25, 0],
    [17, 17, 60, 3],
    [14, 31, 71, 0],
    [19, 50, 71, 4],
    [12, 8, 53, 1],
    [16, 23, 81, 5],
    [8, 17, 31, 2],
    [14, 15, 25, 5],
    [21, 25, 84, 4],
    [3, 4, 7, 0],
    [8, 7, 26, 0],
    [27, 11, 42, 2],
    [18, 44, 60, 7],
    [0, 1, 6, 0],
    [3, 3, 2, 0],
    [0, 5, 9, 1],
    [4, 6, 12, 2],
    [64, 24, 64, 3],
    [1, 3, 10, 1],
    [1, 4, 5, 2],
    [0, 3, 4, 0],
    [1, 1, 10, 2],
    [5, 22, 34, 5],
    [18, 29, 27, 2],
    [9, 11, 26, 3],
    [4, 19, 16, 1],
    [9, 16, 26, 4],
    [3, 9, 9, 1],
    [0, 3, 5, 0],
    [0, 6, 7, 0],
    [2, 5, 8, 0],
    [0, 0, 5, 1],
    [7, 8, 51, 2],
    [3, 3, 4, 3],
    [1, 5, 20, 2],
    [1, 9, 2, 0],
    [2, 11, 9, 0],
    [0, 7, 16, 3],
    [0, 5, 5, 1],
    [5, 22, 28, 3],
    [3, 11, 15, 1],
    [1, 5, 3, 0],
    [0, 2, 5, 0],
    [3, 4, 16, 2],
    [1, 3, 6, 1],
    [13, 21, 68, 0],
    [4, 7, 28, 0],
    [12, 8, 88, 2],
    [21, 23, 195, 12],
    [1, 7, 23, 0],
    [6, 8, 29, 1],
    [1, 0, 3, 2],
    [1, 7, 6, 1],
    [2, 12, 6, 0],
    [4, 7, 9, 0],
    [2, 8, 18, 4],
    [3, 24, 38, 9],
    [8, 9, 30, 3],
    [1, 2, 6, 1],
    [5, 2, 31, 4],
    [9, 11, 36, 3],
    [11, 9, 42, 5],
    [5, 11, 24, 0],
    [1, 7, 9, 0],
    [0, 2, 4, 1],
    [2, 2, 11, 0],
    [20, 37, 167, 6],
    [38, 29, 209, 7],
    [26, 16, 125, 8],
    [0, 1, 4, 1],
    [2, 5, 3, 1],
    [0, 2, 10, 0],
    [2, 3, 8, 0],
    [0, 7, 23, 3],
    [7, 5, 19, 3],
    [1, 8, 10, 0],
    [1, 2, 10, 0],
    [0, 1, 3, 2],
    [4, 5, 9, 0],
    [1, 2, 4, 0],
    [3, 8, 10, 3],
    [3, 6, 40, 0],
    [4, 10, 16, 1],
    [2, 11, 48, 6],
    [4, 12, 26, 4],
    [3, 4, 4, 1],
    [10, 12, 58, 4],
    [14, 26, 99, 5],
    [3, 4, 1, 0],
    [23, 22, 70, 8],
    [5, 0, 7, 1],
    [3, 2, 2, 1],
    [0, 5, 1, 1],
    [1, 4, 5, 0],
    [11, 52, 68, 11],
    [858, 1061, 3042, 162],
    [161, 171, 510, 31],
    [289, 415, 1028, 82],
    [31, 40, 95, 3]
  ],
  "W": [
    [8, 1, 4, 0, 4, 8, 0],
    [4, 2, 3, 2, 1, 0, 0],
    [1, 2, 1, 1, 2, 0, 1],
    [11, 2, 8, 2, 1, 6, 4],
    [0, 0, 2, 0, 1, 4, 0],
    [1, 1, 5, 0, 1, 3, 1],
    [4, 0, 4, 1, 0, 1, 0],
    [1, 0, 10, 2, 3, 6, 1],
    [8, 7, 19, 9, 7, 9, 3],
    [1, 1, 20, 6, 10, 6, 0],
    [3, 6, 7, 5, 2, 5, 1],
    [1, 2, 18, 4, 0, 6, 2],
    [9, 10, 13, 18, 2, 9, 1],
    [3, 1, 8, 3, 2, 2, 0],
    [2, 2, 9, 3, 4, 6, 0],
    [2, 0, 7, 2, 1, 2, 0],
    [5, 2, 11, 5, 2, 6, 1],
    [14, 17, 66, 14, 10, 21, 8],
    [3, 0, 2, 2, 1, 0, 1],
    [0, 3, 3, 0, 0, 1, 0],
    [1, 0, 8, 0, 2, 0, 1],
    [5, 0, 4, 1, 1, 3, 1],
    [0, 0, 3, 0, 3, 3, 1],
    [1, 0, 1, 3, 1, 1, 0],
    [2, 0, 17, 1, 3, 0, 2],
    [0, 2, 9, 3, 2, 2, 2],
    [4, 1, 28, 8, 4, 5, 2],
    [4, 1, 1, 4, 1, 2, 1],
    [3, 0, 2, 0, 0, 1, 0],
    [4, 2, 10, 1, 2, 2, 1],
    [2, 0, 8, 1, 5, 3, 0],
    [4, 1, 5, 0, 3, 4, 1],
    [6, 4, 23, 4, 6, 9, 0],
    [5, 2, 25, 13, 8, 9, 1],
    [3, 1, 6, 5, 1, 5, 1],
    [1, 0, 8, 1, 3, 6, 1],
    [3, 7, 38, 5, 5, 14, 4],
    [3, 6, 7, 2, 6, 7, 3],
    [1, 2, 9, 4, 4, 6, 0],
    [0, 0, 6, 0, 1, 0, 0],
    [3, 0, 3, 2, 1, 1, 1],
    [0, 0, 8, 1, 1, 3, 1],
    [0, 0, 9, 1, 4, 2, 1],
    [16, 1, 8, 5, 8, 11, 0],
    [0, 0, 1, 1, 3, 1, 0],
    [1, 1, 6, 0, 4, 3, 1],
    [3, 1, 5, 0, 2, 8, 3],
    [1, 1, 5, 2, 8, 9, 1],
    [10, 5, 46, 23, 6, 12, 2],
    [12, 2, 18, 8, 8, 14, 3],
    [9, 9, 34, 8, 4, 4, 4],
    [6, 2, 12, 3, 4, 4, 1],
    [10, 6, 31, 10, 6, 5, 5],
    [21, 20, 128, 30, 6, 16, 10],
    [4, 12, 53, 9, 4, 3, 9],
    [7, 4, 32, 3, 2, 11, 0],
    [6, 6, 90, 8, 3, 4, 1],
    [16, 20, 143, 18, 7, 21, 16],
    [8, 9, 61, 14, 6, 15, 4],
    [11, 4, 17, 3, 3, 5, 2],
    [5, 0, 9, 6, 9, 3, 0],
    [3, 1, 14, 8, 5, 8, 0],
    [8, 3, 29, 3, 3, 1, 3],
    [6, 7, 24, 7, 6, 10, 7],
    [14, 2, 21, 9, 4, 6, 0],
    [17, 12, 46, 15, 7, 8, 2],
    [0, 3, 13, 5, 3, 5, 3],
    [3, 2, 21, 6, 14, 10, 0],
    [4, 1, 4, 1, 2, 4, 1],
    [9, 7, 35, 16, 7, 13, 2],
    [8, 2, 11, 1, 3, 0, 1],
    [1, 3, 25, 8, 2, 7, 3],
    [12, 7, 64, 21, 12, 13, 4],
    [12, 8, 65, 14, 13, 12, 5],
    [7, 3, 23, 7, 5, 4, 4],
    [8, 9, 35, 10, 2, 7, 5],
    [9, 9, 47, 13, 4, 11, 1],
    [18, 23, 152, 21, 14, 34, 13],
    [13, 6, 78, 13, 6, 26, 11],
    [3, 6, 12, 7, 0, 7, 3],
    [7, 2, 40, 10, 4, 10, 2],
    [8, 2, 40, 8, 5, 6, 5],
    [3, 2, 18, 12, 5, 8, 5],
    [11, 3, 47, 8, 3, 15, 6],
    [7, 1, 30, 9, 4, 5, 3],
    [12, 9, 117, 23, 4, 23, 4],
    [10, 6, 27, 2, 3, 4, 4],
    [7, 6, 97, 9, 2, 13, 2],
    [19, 5, 92, 15, 5, 13, 6],
    [9, 11, 69, 15, 12, 11, 5],
    [7, 1, 26, 7, 2, 14, 2],
    [1, 1, 7, 6, 5, 8, 1],
    [5, 0, 9, 4, 7, 0, 0],
    [5, 2, 29, 4, 1, 8, 5],
    [8, 7, 43, 8, 4, 9, 3],
    [12, 4, 39, 7, 7, 10, 2],
    [8, 5, 29, 25, 13, 41, 9],
    [6, 3, 25, 3, 2, 5, 3],
    [7, 5, 32, 14, 5, 4, 1],
    [0, 0, 2, 2, 5, 0, 0],
    [1, 0, 3, 1, 1, 4, 0],
    [5, 1, 7, 4, 11, 4, 3],
    [0, 4, 3, 1, 4, 5, 1],
    [1, 0, 2, 0, 2, 2, 0],
    [4, 0, 5, 1, 1, 3, 0],
    [0, 0, 2, 2, 1, 2, 1],
    [2, 1, 2, 3, 3, 3, 0],
    [1, 3, 1, 7, 3, 2, 1],
    [0, 1, 7, 2, 1, 1, 1],
    [0, 1, 2, 1, 2, 5, 0],
    [1, 0, 4, 1, 0, 2, 0],
    [10, 2, 7, 3, 4, 2, 1],
    [1, 0, 2, 0, 0, 5, 1],
    [3, 2, 14, 3, 2, 4, 2],
    [3, 1, 7, 2, 2, 4, 1],
    [2, 2, 18, 4, 9, 7, 4],
    [9, 6, 28, 12, 13, 16, 5],
    [13, 22, 135, 34, 7, 38, 11],
    [8, 3, 19, 1, 6, 12, 0],
    [5, 1, 22, 2, 8, 9, 3],
    [0, 2, 1, 1, 1, 5, 0],
    [3, 1, 6, 4, 7, 1, 1],
    [1, 1, 3, 2, 5, 3, 3],
    [0, 2, 3, 1, 2, 1, 1],
    [2, 3, 20, 10, 6, 11, 0],
    [2, 2, 20, 4, 3, 12, 0],
    [0, 1, 8, 3, 2, 3, 3],
    [11, 2, 17, 7, 8, 24, 3],
    [1, 1, 3, 0, 8, 2, 0],
    [0, 1, 3, 1, 0, 4, 0],
    [1, 5, 14, 5, 3, 5, 1],
    [0, 1, 12, 3, 2, 3, 2],
    [1, 3, 9, 4, 3, 4, 0],
    [3, 2, 21, 4, 13, 12, 3],
    [0, 0, 0, 5, 5, 1, 0],
    [0, 0, 3, 0, 3, 2, 2],
    [1, 2, 5, 2, 3, 4, 1],
    [9, 6, 68, 13, 11, 14, 6],
    [3, 0, 5, 0, 0, 3, 2],
    [3, 2, 3, 3, 10, 5, 1],
    [5, 18, 42, 6, 0, 11, 3],
    [10, 11, 88, 16, 14, 23, 7],
    [13, 15, 127, 29, 12, 32, 9],
    [5, 6, 19, 9, 5, 4, 0],
    [10, 8, 33, 10, 5, 20, 5],
    [8, 2, 34, 6, 5, 10, 6],
    [6, 4, 28, 6, 4, 13, 1],
    [4, 2, 16, 4, 5, 5, 2],
    [6, 10, 49, 4, 7, 19, 2],
    [14, 7, 54, 7, 10, 21, 3],
    [16, 9, 56, 21, 12, 27, 3],
    [3, 7, 38, 7, 4, 12, 3],
    [2, 10, 72, 10, 7, 21, 3],
    [9, 5, 15, 11, 7, 8, 3],
    [6, 6, 24, 9, 3, 8, 3],
    [5, 11, 75, 8, 9, 18, 8],
    [1, 0, 5, 2, 3, 2, 1],
    [5, 0, 16, 7, 7, 4, 2],
    [9, 11, 26, 16, 4, 13, 3],
    [10, 12, 47, 19, 12, 23, 6],
    [0, 0, 5, 0, 0, 2, 0],
    [2, 1, 1, 0, 4, 0, 0],
    [3, 0, 5, 1, 3, 2, 1],
    [4, 0, 7, 4, 1, 7, 1],
    [40, 15, 52, 17, 10, 14, 7],
    [1, 1, 7, 2, 2, 1, 1],
    [1, 0, 2, 0, 5, 2, 2],
    [0, 0, 4, 2, 1, 0, 0],
    [1, 1, 5, 2, 0, 2, 3],
    [3, 3, 18, 13, 7, 17, 5],
    [6, 12, 21, 19, 6, 10, 2],
    [7, 4, 22, 2, 3, 6, 5],
    [0, 4, 15, 8, 5, 8, 0],
    [7, 3, 18, 11, 7, 4, 5],
    [2, 2, 8, 1, 6, 3, 0],
    [1, 0, 2, 1, 1, 2, 1],
    [2, 0, 5, 3, 0, 3, 0],
    [1, 0, 5, 0, 1, 6, 2],
    [0, 0, 4, 0, 1, 1, 0],
    [3, 3, 39, 5, 4, 10, 4],
    [2, 2, 3, 0, 2, 4, 0],
    [2, 0, 12, 3, 7, 2, 2],
    [3, 0, 2, 0, 6, 1, 0],
    [2, 0, 4, 3, 6, 7, 0],
    [4, 1, 12, 3, 3, 3, 0],
    [1, 1, 4, 1, 3, 0, 1],
    [4, 4, 20, 6, 3, 18, 3],
    [6, 0, 13, 3, 3, 4, 1],
    [1, 0, 4, 0, 2, 2, 0],
    [0, 0, 2, 0, 4, 1, 0],
    [4, 1, 10, 5, 0, 1, 4],
    [3, 0, 3, 1, 1, 2, 1],
    [4, 8, 57, 9, 2, 19, 3],
    [4, 1, 19, 5, 2, 8, 0],
    [6, 4, 78, 6, 2, 9, 5],
    [18, 13, 157, 30, 4, 19, 10],
    [2, 0, 19, 0, 2, 7, 1],
    [2, 2, 20, 8, 1, 10, 1],
    [0, 1, 3, 0, 1, 0, 1],
    [6, 0, 3, 1, 4, 1, 0],
    [2, 0, 2, 4, 6, 5, 1],
    [1, 2, 7, 1, 6, 2, 1],
    [2, 2, 19, 3, 3, 2, 1],
    [3, 2, 33, 11, 10, 11, 4],
    [3, 0, 24, 2, 9, 7, 5],
    [0, 1, 4, 1, 0, 4, 0],
    [0, 7, 21, 7, 1, 4, 2],
    [6, 8, 19, 5, 3, 15, 3],
    [5, 7, 32, 7, 0, 12, 4],
    [5, 4, 15, 2, 3, 9, 2],
    [2, 0, 6, 3, 4, 2, 0],
    [0, 0, 2, 1, 2, 2, 0],
    [3, 2, 9, 0, 0, 0, 1],
    [13, 15, 137, 22, 9, 24, 10],
    [21, 22, 186, 21, 7, 16, 10],
    [8, 13, 100, 11, 9, 27, 7],
    [0, 0, 2, 0, 2, 2, 0],
    [2, 1, 4, 1, 2, 1, 0],
    [0, 0, 6, 0, 0, 5, 1],
    [0, 1, 8, 1, 1, 1, 1],
    [2, 0, 16, 6, 5, 4, 0],
    [2, 4, 13, 4, 2, 6, 3],
    [1, 1, 8, 2, 4, 1, 2],
    [3, 0, 8, 1, 0, 1, 0],
    [0, 0, 0, 0, 3, 2, 1],
    [0, 2, 4, 4, 2, 6, 0],
    [0, 0, 0, 0, 3, 4, 0],
    [1, 1, 4, 5, 9, 3, 1],
    [1, 2, 28, 6, 1, 8, 3],
    [2, 2, 12, 7, 3, 4, 1],
    [5, 3, 22, 6, 10, 18, 3],
    [1, 2, 20, 5, 5, 11, 2],
    [2, 0, 1, 3, 2, 3, 1],
    [4, 3, 45, 12, 2, 11, 7],
    [13, 3, 71, 11, 5, 35, 6],
    [1, 0, 2, 0, 3, 1, 1],
    [3, 13, 75, 20, 3, 6, 3],
    [0, 3, 4, 3, 1, 1, 1],
    [1, 1, 0, 0, 1, 5, 0],
    [0, 0, 1, 1, 1, 4, 0],
    [0, 0, 1, 2, 2, 2, 3],
    [22, 6, 37, 14, 30, 27, 6],
    [511, 500, 2296, 679, 325, 621, 191],
    [88, 100, 443, 101, 37, 69, 35],
    [203, 165, 831, 198, 132, 216, 69],
    [28, 18, 68, 28, 8, 15, 4]
  ],
  "method": "mvn_pdf",
  "cond_prob": [
    [
      [0.39493570549, 0.26611732644, 0.33894696807, 0],
      [0.816255293, 0.069879060376, 0.11386564662, 0],
      [0.092780453699, 0.061365748592, 0.84585379771, 0],
      [0.15323969374, 0.52725317904, 0.31568523098, 0.0038218962389],
      [0.028819131103, 0.82446214837, 0.14671872052, 0],
      [0.067232590481, 0.40723384253, 0.52553356699, 0],
      [0.22933596436, 0.10312090723, 0.62837829569, 0.039164832722]
    ],
    [
      [0.27168497115, 0.48071766393, 0.24759736491, 0],
      [0.73610212985, 0.15163186131, 0.11226600884, 0],
      [0.090490956543, 0.099796768205, 0.80971227525, 0],
      [0.07775548038, 0.76994912708, 0.15229539254, 0],
      [0.014072025282, 0.93457706288, 0.051350911841, 0],
      [0.028995765223, 0.66702251601, 0.30088281803, 0.0030989007306],
      [0.17715616457, 0.229685294, 0.58598969075, 0.0071688506724]
    ],
    [
      [0.24643726224, 0.61939853061, 0.088880362803, 0.045283844339],
      [0.7446691355, 0.1545145706, 0, 0.1008162939],
      [0.088040939977, 0.17012165424, 0.66756889273, 0.07426851306],
      [0.052376890963, 0.87315772053, 0.041232389804, 0.033232998702],
      [0.0033460029309, 0.9263190898, 0, 0.070334907268],
      [0.019982213985, 0.75753134384, 0.14275045214, 0.079735990031],
      [0.11711462996, 0.17565477382, 0.20231835467, 0.50491224156]
    ],
    [
      [0.30389817687, 0.3753801166, 0.32072170653, 0],
      [0.73865595799, 0.12723849926, 0.13410554275, 0],
      [0.084075582971, 0.083988920275, 0.83193549675, 0],
      [0.10376906923, 0.65521573583, 0.24101519495, 0],
      [0.021137047228, 0.88105204911, 0.097810903662, 0],
      [0.055654586823, 0.52078886197, 0.4235565512, 0],
      [0.23615019201, 0.15705341602, 0.60679639197, 0]
    ],
    [
      [0.92397511016, 0.056635523307, 0.019186715963, 0.00020265056955],
      [0.99924528312, 0.00050009549408, 0.00024842675893, 6.1946305534e-06],
      [0.2405567172, 0.1251441535, 0.6342991293, 0],
      [0.13800178191, 0.77607077018, 0.084990275301, 0.00093717261133],
      [0.02574333597, 0.95037749814, 0.023879165892, 0],
      [0.12328580741, 0.69983354872, 0.17688064388, 0],
      [0.60275236287, 0.15225475981, 0.2392825767, 0.005710300617]
    ],
    [
      [0.15251205441, 0.19514061559, 0.65234733, 0],
      [0.61213859362, 0.077677436503, 0.31018396987, 0],
      [0.015435554341, 0.050936414767, 0.93362803089, 0],
      [0.054333274275, 0.38086376731, 0.56191441412, 0.0028885443013],
      [0.01591848386, 0.72419125073, 0.25989026541, 0],
      [0.02177322254, 0.23086238949, 0.74736438797, 0],
      [0.076933428779, 0.055721454893, 0.86734511633, 0]
    ],
    [
      [0, 0.44419030979, 0.55580969021, 0],
      [0.42502726675, 0.20388144869, 0.36797173715, 0.0031195474097],
      [0, 0.03812175106, 0.96187824894, 0],
      [0, 0.64861891085, 0.35138108915, 0],
      [0.0028021940705, 0.87205800353, 0.12419984844, 0.00093995396408],
      [0, 0.42213284574, 0.57786715426, 0],
      [0.041263044316, 0.11190328137, 0.84575531718, 0.0010783571255]
    ],
    [
      [0.18179987874, 0.4184572174, 0.38434580771, 0.015397096153],
      [0.61385606572, 0.15985366959, 0.19211546732, 0.034174797377],
      [0.044538740426, 0.06563078931, 0.85053806148, 0.03929240878],
      [0.054609877211, 0.66139343102, 0.26992090474, 0.014075787032],
      [0.0076579602113, 0.85741644885, 0.10077088152, 0.034154709416],
      [0.024425269886, 0.48137440404, 0.43953435564, 0.054665970439],
      [0.094067462626, 0.14195225668, 0.63091298959, 0.1330672911]
    ],
    [
      [0.25496771108, 0.30340803126, 0.40963371866, 0.031990539],
      [0.63336011579, 0.10852542788, 0.18500585367, 0.073108602669],
      [0.052315714507, 0.058068361789, 0.84980452329, 0.039811400416],
      [0.092537428595, 0.53776604715, 0.34222306768, 0.027473456575],
      [0.010883731694, 0.75642378675, 0.14836011393, 0.084332367619],
      [0.031695578114, 0.36729410982, 0.50049167082, 0.10051864125],
      [0.112818581, 0.089750320245, 0.55288329619, 0.24454780257]
    ],
    [
      [0.19391730914, 0.3402659538, 0.42701090317, 0.038805833891],
      [0.56007940736, 0.13083906549, 0.20883043725, 0.1002510899],
      [0.034214455528, 0.061577704416, 0.8562180603, 0.047989779752],
      [0.063855073334, 0.57034950478, 0.33379530692, 0.032000114969],
      [0.0053485460432, 0.75981983682, 0.13619814245, 0.098633474678],
      [0.020849712085, 0.37950758258, 0.47917403124, 0.12046867409],
      [0.076955366963, 0.091568553391, 0.52584818012, 0.30562789953]
    ],
    [
      [0.42451760863, 0.2308510656, 0.29942602511, 0.04520530066],
      [0.75884046009, 0.069711180451, 0.10006518227, 0.071383177186],
      [0.11038879576, 0.069471544509, 0.77060992025, 0.04952973948],
      [0.17980960938, 0.48874408757, 0.2977549662, 0.033691336853],
      [0.02246761427, 0.66275722378, 0.12382764475, 0.1909475172],
      [0.062344431476, 0.3157518424, 0.41029516528, 0.21160856085],
      [0.1449774104, 0.05488481155, 0.31915544241, 0.48098233564]
    ],
    [
      [0.30841944526, 0.22783691556, 0.45215619974, 0.011587439436],
      [0.72758842599, 0.071353041979, 0.17697043356, 0.024088098468],
      [0.066417537672, 0.044987561686, 0.86437589291, 0.02421900773],
      [0.12084426642, 0.45594404876, 0.41042682344, 0.012784861385],
      [0.015813066786, 0.74655060667, 0.20115420124, 0.036482125307],
      [0.043685297643, 0.30794504997, 0.60529798986, 0.04307166252],
      [0.14769958655, 0.074117197641, 0.68082081389, 0.097362401915]
    ],
    [
      [0.40611215034, 0.28324364078, 0.31064420888, 0],
      [0.80272821298, 0.083294062646, 0.11397772438, 0],
      [0.10734264055, 0.07350003581, 0.81915732364, 0],
      [0.15711349385, 0.55317515469, 0.28971135147, 0],
      [0.035947883686, 0.83008956525, 0.13396255106, 0],
      [0.080023559341, 0.43653204087, 0.48344439979, 0],
      [0.3021034994, 0.11624585831, 0.58165064229, 0]
    ],
    [
      [0.11711048659, 0.28012341226, 0.60276610115, 0],
      [0.51394115798, 0.13414389852, 0.35191494349, 0],
      [0, 0.053001049133, 0.94699895087, 0],
      [0.038080540158, 0.47851187044, 0.4834075894, 0],
      [0.00048938273222, 0.77692175824, 0.22258885903, 0],
      [0.0097534981529, 0.30604917192, 0.68419732992, 0],
      [0.05944212647, 0.075565179138, 0.84458205277, 0.020410641622]
    ],
    [
      [0.37023216241, 0.24519537099, 0.3845724666, 0],
      [0.80148040313, 0.067235951201, 0.13128364566, 0],
      [0.078811694351, 0.054634603731, 0.86655370192, 0],
      [0.14288319655, 0.49834276905, 0.35877403441, 0],
      [0.031181599379, 0.80083375632, 0.1679846443, 0],
      [0.065648938766, 0.36417709827, 0.57017396297, 0],
      [0.19648594862, 0.090863132765, 0.67531680014, 0.037334118474]
    ],
    [
      [0.66742015277, 0, 0.33257984723, 0],
      [0.92620511129, 0.0088151627267, 0.063914515879, 0.0010652101049],
      [0.089126171484, 0, 0.91087382852, 0],
      [0.37419039958, 0.12130387724, 0.50450572318, 0],
      [0.073955337191, 0.5361281351, 0.38991652771, 0],
      [0.10947017886, 0.11063205521, 0.77989776592, 0],
      [0.32367256626, 0.023031215336, 0.64616943122, 0.0071267871839]
    ],
    [
      [0.18855539934, 0.26375935132, 0.54768524934, 0],
      [0.60435102198, 0.10942402903, 0.28622494898, 0],
      [0.016923294061, 0.057099629711, 0.92597707623, 0],
      [0.065633031521, 0.47238666858, 0.4619802999, 0],
      [0.02074681864, 0.75619556313, 0.22305761823, 0],
      [0.027846912504, 0.31316099575, 0.65899209174, 0],
      [0.12562445475, 0.080968814865, 0.79340673038, 0]
    ],
    [
      [0.40114723228, 0.30461104415, 0.280449654, 0.013792069562],
      [0.78254020056, 0.088533212121, 0.10325192889, 0.025674658432],
      [0.11270054623, 0.080049413981, 0.78282346038, 0.024426579402],
      [0.15806916427, 0.57639006846, 0.25298321752, 0.012557549753],
      [0.019448383364, 0.82731388512, 0.11376655756, 0.039471173958],
      [0.062763513953, 0.45863688429, 0.42544678232, 0.053152819432],
      [0.2396291701, 0.12164313415, 0.50478257724, 0.13394511851]
    ],
    [
      [0, 0.22624278582, 0.69899295367, 0.074764260509],
      [0.35889941132, 0.080667890088, 0.42061604715, 0.13981665144],
      [0, 0.015765706483, 0.93406434377, 0.050169949742],
      [0, 0.34237769471, 0.6002562969, 0.05736600839],
      [0, 0.56363261667, 0.27682637571, 0.15954100762],
      [0.0088575985824, 0.15197784288, 0.72120045259, 0.11796410595],
      [0, 0.041352223488, 0.55755348192, 0.40109429459]
    ],
    [
      [0.043328436118, 0.21938876114, 0.73663738552, 0.0006454172279],
      [0.32790937757, 0.18326781377, 0.48882280866, 0],
      [0.0034087681184, 0.075428576375, 0.92116265551, 0],
      [0.016620683739, 0.48584158916, 0.49703931539, 0.0004984117032],
      [0.0017354667513, 0.85699080786, 0.14076282033, 0.00051090505913],
      [0.0060455629222, 0.22391082958, 0.7700436075, 0],
      [0.016874982511, 0.038702518228, 0.94414336759, 0.00027913166623]
    ],
    [
      [0, 0.06630022294, 0.93369977706, 0],
      [0.47399310633, 0.033935494786, 0.48473644828, 0.0073349506032],
      [0, 0, 1, 0],
      [0.038650536945, 0.14821321696, 0.81072559796, 0.0024106481405],
      [0, 0.45931712165, 0.54068287835, 0],
      [0.0099876298306, 0.065795317967, 0.91837161279, 0.0058454394098],
      [0, 0.015065533763, 0.98493446624, 0]
    ],
    [
      [0, 0.18574617197, 0.81425382803, 0],
      [0.11950744155, 0.024638696785, 0.1290313829, 0.72682247876],
      [0, 0.044938173203, 0.9550618268, 0],
      [0, 0.2454265262, 0.48198904233, 0.27258443147],
      [0, 0.16070247407, 0.15586773711, 0.68342978882],
      [0, 0.1549158601, 0.44477336828, 0.40031077162],
      [0, 0.020639866757, 0.13630666838, 0.84305346486]
    ],
    [
      [0.96620270728, 0.0044015655824, 0.029228650643, 0.00016707649004],
      [0.99750532782, 0.00028430016678, 0.0021587564931, 5.161552243e-05],
      [0.20900080401, 0.022934177295, 0.76806501869, 0],
      [0.71970924455, 0.07253844809, 0.20661427123, 0.0011380361303],
      [0.053381049413, 0.5255732228, 0.42104572779, 0],
      [0.16933243167, 0.1136863505, 0.71698121783, 0],
      [0.70485714471, 0.013418748212, 0.28172410708, 0]
    ],
    [
      [0, 0.52517859834, 0.47482140166, 0],
      [0.4703778456, 0.23943326568, 0.28806499922, 0.0021238895032],
      [0, 0.06046165402, 0.93953834598, 0],
      [0, 0.67399404609, 0.32600595391, 0],
      [0, 0.89092273078, 0.10907726922, 0],
      [0, 0.5014548786, 0.4985451214, 0],
      [0.034745458336, 0.15458410679, 0.8103860165, 0.00028441838267]
    ],
    [
      [0, 0.36605695675, 0.61664370748, 0.017299335767],
      [0.45940527814, 0.11766368441, 0.37465287035, 0.048278167092],
      [0, 0.021503665534, 0.94414466, 0.034351674467],
      [0, 0.4939210118, 0.4928297777, 0.013249210505],
      [0, 0.72983902948, 0.22449017189, 0.045670798638],
      [0.013541790602, 0.26948670877, 0.67395228458, 0.04301921605],
      [0, 0.1094428361, 0.77497653585, 0.11558062806]
    ],
    [
      [0.32661960502, 0.30384129368, 0.32971107474, 0.039828026559],
      [0.73369715261, 0.080840016297, 0.10974551056, 0.075717320534],
      [0.08957119351, 0.065332192958, 0.7903918536, 0.054704759935],
      [0.11633592674, 0.58155656726, 0.26807508906, 0.034032416937],
      [0.015834272142, 0.77788056615, 0.10204404662, 0.1042411151],
      [0.042844757635, 0.3943195569, 0.41712441099, 0.14571127448],
      [0.1300495567, 0.080630141463, 0.41221005705, 0.37711024478]
    ],
    [
      [0.26624809195, 0.37391413081, 0.35983777724, 0],
      [0.69831085325, 0.13531171003, 0.16637743671, 0],
      [0.062963276445, 0.078648473445, 0.85838825011, 0],
      [0.090488483089, 0.62722878336, 0.28228273356, 0],
      [0.021678149143, 0.86017548569, 0.11814636517, 0],
      [0.050677359976, 0.48337182847, 0.46595081156, 0],
      [0.20485888865, 0.14574157916, 0.64939953219, 0]
    ],
    [
      [0.33972152022, 0.42004044524, 0.18221890205, 0.058019132483],
      [0.75826029701, 0.12283789699, 0.074334026206, 0.044567779797],
      [0.09934821701, 0.11874431319, 0.74110071883, 0.040806750971],
      [0.1195350871, 0.70766662615, 0.11950189953, 0.053296387221],
      [0.016357897075, 0.89362128725, 0.046965267973, 0.043055547699],
      [0.053073544668, 0.59496999881, 0.26869328207, 0.083263174452],
      [0.18286007027, 0.1640282194, 0.39333021652, 0.25978149381]
    ],
    [
      [0.2582128764, 0.51355158594, 0.22823553766, 0],
      [0.43162582529, 0.090057242245, 0.05975139106, 0.4185655414],
      [0.097257915254, 0.12584787254, 0.61420803091, 0.1626861813],
      [0.04329062519, 0.75611060319, 0.10466677326, 0.095931998365],
      [0.0032716867403, 0.57801090798, 0.028170844167, 0.39054656111],
      [0.030845540291, 0.2076494971, 0.0868773252, 0.67462763741],
      [3.457191207e-08, 9.7080097092e-08, 1.1891504216e-07, 0.99999974943]
    ],
    [
      [0.15240942093, 0.15438390942, 0.69320666965, 0],
      [0.54822458037, 0.069437252228, 0.3823381674, 0],
      [0.0052435413845, 0.032656823213, 0.9620996354, 0],
      [0.06393852433, 0.30061240153, 0.63544907414, 0],
      [0.021476649097, 0.61761185454, 0.36091149636, 0],
      [0.025465089758, 0.17009442656, 0.80444048368, 0],
      [0.083655739639, 0.040996661988, 0.87534759837, 0]
    ],
    [
      [0.60439270172, 0.10529557917, 0.29031171911, 0],
      [0.92012315142, 0.017567282284, 0.060230215456, 0.0020793508396],
      [0.1168770441, 0.030899810872, 0.85222314503, 0],
      [0.29181726009, 0.31433713152, 0.39384560838, 0],
      [0.048519013769, 0.70318965251, 0.24829133372, 0],
      [0.10726197162, 0.2373083202, 0.65542970818, 0],
      [0.33802065768, 0.046484499926, 0.59623267, 0.019262172394]
    ],
    [
      [0.22811067682, 0, 0.73251045403, 0.039378869148],
      [0.60010616521, 0.015250816684, 0.34946070977, 0.03518230834],
      [0, 0, 0.95657863032, 0.043421369676],
      [0.081894795679, 0.14364874473, 0.76329763381, 0.011158825776],
      [0.046335576259, 0.32644133618, 0.53932989679, 0.087893190778],
      [0.069537395651, 0, 0.86842670389, 0.062035900464],
      [0.070294816118, 0.0054251747897, 0.84590781659, 0.078372192501]
    ],
    [
      [0.17405555806, 0.20141257695, 0.61374872272, 0.010783142274],
      [0.54688979016, 0.088420755337, 0.33587005426, 0.028819400242],
      [0.013691018178, 0.036612899584, 0.93750704273, 0.012189039506],
      [0.066702806745, 0.37759222814, 0.54626518531, 0.0094397798031],
      [0.0068185124603, 0.6646272502, 0.29227422438, 0.036280012953],
      [0.016165752355, 0.23306804586, 0.71918437514, 0.031581826647],
      [0.075304454051, 0.056595921415, 0.79606776001, 0.072031864524]
    ],
    [
      [0.15667723609, 0.44088711789, 0.39290774399, 0.0095279020327],
      [0.53071305706, 0.20662354714, 0.23292711986, 0.029736275936],
      [0.017274648506, 0.086296707255, 0.8848075269, 0.011621117335],
      [0.040162506211, 0.66474800547, 0.28837569927, 0.0067137890428],
      [0, 0.86145138582, 0.11835982585, 0.020188788328],
      [0.012509988645, 0.50325080545, 0.45528627637, 0.028952929539],
      [0.088619014229, 0.16230722811, 0.65607968311, 0.092994074545]
    ],
    [
      [0.098941087959, 0.58530901318, 0.31574989887, 0],
      [0.48083976486, 0.31059091629, 0.20856931885, 0],
      [0.010066642198, 0.1145141089, 0.8754192489, 0],
      [0.008855913375, 0.77408658355, 0.21705750308, 0],
      [0.0036007724256, 0.92736704074, 0.069032186839, 0],
      [0.00058660083446, 0.63812804278, 0.36128535639, 0],
      [0.1111237746, 0.25795721841, 0.63091900699, 0]
    ],
    [
      [0.22276633811, 0.25728056716, 0.47808304589, 0.041870048832],
      [0.63364720218, 0.081679678108, 0.19495745019, 0.08971566952],
      [0.048469825293, 0.042215011156, 0.86048432192, 0.048830841634],
      [0.077467176271, 0.4826847283, 0.40377734046, 0.036070754963],
      [0.013378810163, 0.69945758159, 0.16381226467, 0.12335134358],
      [0.032736243308, 0.29368045876, 0.53473974955, 0.13884354839],
      [0.075453992931, 0.061859118, 0.53438974701, 0.32829714206]
    ],
    [
      [0.2110882695, 0.50172250201, 0.27710316575, 0.010086062732],
      [0.61782384186, 0.20314280288, 0.15120818306, 0.027825172203],
      [0.07133681608, 0.097685179831, 0.81141583562, 0.019562168472],
      [0.064256069626, 0.73627372915, 0.19220764415, 0.0072625570722],
      [0.0079718605385, 0.89819738268, 0.074562022185, 0.019268734601],
      [0.03011164997, 0.5961092375, 0.3411781483, 0.032600964225],
      [0.13711663427, 0.21072778903, 0.54152226497, 0.11063331173]
    ],
    [
      [0.24023477113, 0.40170664694, 0.34702785445, 0.011030727475],
      [0.66467765556, 0.14161771061, 0.1669997364, 0.02670489743],
      [0.059872983128, 0.078444526932, 0.84523675338, 0.016445736558],
      [0.07725703943, 0.65609234995, 0.25849627429, 0.0081543363289],
      [0.011394869485, 0.85946133918, 0.10504672831, 0.024097063026],
      [0.03346061816, 0.49710794019, 0.43490193292, 0.034529508734],
      [0.13833708282, 0.14911793024, 0.61622476523, 0.096320221712]
    ],
    [
      [0, 0.28342700996, 0.71657299004, 0],
      [0, 0.4640830644, 0.5359169356, 0],
      [0, 0.011576101939, 0.98842389806, 0],
      [0, 0.40044595751, 0.59955404249, 0],
      [0, 0.68395007285, 0.31604992715, 0],
      [0, 0.22443963706, 0.77556036294, 0],
      [0.027301110259, 0.05657090259, 0.8879817816, 0.028146205547]
    ],
    [
      [0.026271886213, 0.16313840547, 0.80975731902, 0.0008323892924],
      [0.57022033162, 0.047596978137, 0.38121237154, 0.00097031871179],
      [0, 0.02142850743, 0.97857149257, 0],
      [0.01168286374, 0.46202162155, 0.52560129194, 0.00069422276774],
      [0, 0.87142895542, 0.12857104458, 0],
      [0.0068617344334, 0.18101590409, 0.81125887437, 0.00086348711085],
      [0.017483127547, 0.036307722088, 0.9461851449, 2.400546619e-05]
    ],
    [
      [0.19454494784, 0.37289859845, 0.43255645371, 0],
      [0.64905589821, 0.13788144105, 0.20772295742, 0.005339703317],
      [0.045218714889, 0.054289029107, 0.900492256, 0],
      [0.06243955475, 0.63370425332, 0.30385619193, 0],
      [0.012873863096, 0.8750141288, 0.11211200811, 0],
      [0.030119890845, 0.45199948259, 0.51788062657, 0],
      [0.11283614838, 0.1240149993, 0.76314885233, 0]
    ],
    [
      [0.5221049946, 0.27234865582, 0.20349743592, 0.0020489136635],
      [0.91701084668, 0.039639049596, 0.041408766764, 0.0019413369627],
      [0.15161940857, 0.081976336237, 0.7664042552, 0],
      [0.16170884235, 0.64749600596, 0.19079515168, 0],
      [0.020904163508, 0.90940223693, 0.069693599563, 0],
      [0.07967620041, 0.55107816899, 0.3692456306, 0],
      [0.36540312438, 0.13405656024, 0.50054031538, 0]
    ],
    [
      [0.099204208445, 0.19876303272, 0.69798298702, 0.0040497718107],
      [0.49274096805, 0.090404628591, 0.40457568367, 0.012278719687],
      [0, 0.021677559073, 0.97832244093, 0],
      [0, 0.41454207432, 0.58545792568, 0],
      [0, 0.70392487387, 0.29607512613, 0],
      [0, 0.23067250548, 0.76932749452, 0],
      [0, 0.11331538759, 0.88668461241, 0]
    ],
    [
      [0.21169623023, 0.34222123524, 0.41518541737, 0.030897117155],
      [0.60550578825, 0.1390283707, 0.20754014079, 0.047925700268],
      [0.042796630716, 0.063969949008, 0.86583280638, 0.027400613896],
      [0.072779858116, 0.5832360755, 0.32573285885, 0.018251207535],
      [0.0059856930734, 0.80278971492, 0.13927433734, 0.051950254663],
      [0.023017877014, 0.4122885615, 0.49817924884, 0.066514312646],
      [0.10645178257, 0.11498258407, 0.61801909463, 0.16054653872]
    ],
    [
      [0.00029792437012, 0.54396400785, 0.45382490495, 0.0019131628279],
      [0.56846121029, 0.2153951926, 0.21360750041, 0.0025360966983],
      [0, 0.057795178683, 0.94220482132, 0],
      [0, 0.74884133716, 0.25115866284, 0],
      [0, 0.88688820789, 0.11311179211, 0],
      [0, 0.53269886048, 0.46730113952, 0],
      [0.0041226572686, 0.16289433217, 0.82912710066, 0.0038559099028]
    ],
    [
      [0.15353823361, 0.31902451316, 0.50489284693, 0.022544406299],
      [0.58271478766, 0.1200696705, 0.24737622972, 0.049839312117],
      [0.022672021634, 0.038162476338, 0.88649389876, 0.052671603272],
      [0.048701713088, 0.55620151679, 0.38246656492, 0.012630205205],
      [0.003783729364, 0.79358229616, 0.13769588253, 0.064938091943],
      [0.015749123564, 0.35609322707, 0.5599341382, 0.068223511166],
      [0.065332560773, 0.089322092467, 0.69818158608, 0.14716376068]
    ],
    [
      [0.47257948708, 0, 0.49127899125, 0.036141521675],
      [0.79960438793, 0, 0.14173155231, 0.058664059763],
      [0.034988835326, 0, 0.92847444469, 0.036536719982],
      [0.22280828778, 0.1449365731, 0.5837448398, 0.048510299319],
      [0.34628542065, 0, 0.39613304119, 0.25758153816],
      [0.06299088844, 0, 0.78131378841, 0.15569532315],
      [0.13707167513, 0, 0.56642762027, 0.2965007046]
    ],
    [
      [0.39973297617, 0.20230740752, 0.38778125264, 0.010178363671],
      [0.81791225372, 0.048746080745, 0.11780530315, 0.015536362386],
      [0.082929962739, 0.036728223423, 0.86338326851, 0.016958545328],
      [0.15978393052, 0.43862879966, 0.39003748693, 0.011549782886],
      [0.032019210623, 0.73815724464, 0.18517319221, 0.04465035253],
      [0.066105075627, 0.30117267122, 0.58566517947, 0.047057073678],
      [0.19703772974, 0.072235797175, 0.6450499749, 0.085676498185]
    ],
    [
      [0.34503949675, 0.19011552584, 0.44889694911, 0.015948028297],
      [0.73186495303, 0.059754737055, 0.17753898874, 0.030841321175],
      [0.073029940574, 0.030862685728, 0.87409611071, 0.022011262985],
      [0.1501387157, 0.39184912804, 0.44061119485, 0.017400961397],
      [0.022684158163, 0.68056624335, 0.23772177727, 0.05902782122],
      [0.05107821039, 0.26349425781, 0.62933976107, 0.056087770732],
      [0.16433453308, 0.061264506995, 0.65122459713, 0.1231763628]
    ],
    [
      [0.47035716927, 0.158213892, 0.35803379045, 0.013395148281],
      [0.82958397009, 0.040326333947, 0.11316790253, 0.016921793423],
      [0.10309651921, 0.032598669667, 0.8458438302, 0.018460980926],
      [0.2214447969, 0.37146586395, 0.39375771771, 0.013331621443],
      [0.031760222799, 0.69179840215, 0.22688862222, 0.049552752831],
      [0.074944970452, 0.26799234276, 0.6082773718, 0.048785314984],
      [0.25531297964, 0.058665882217, 0.59033861377, 0.095682524379]
    ],
    [
      [0.35984947186, 0.21401247946, 0.4188880042, 0.0072500444797],
      [0.75619115363, 0.066230519961, 0.16191462042, 0.015663705991],
      [0.079199123372, 0.044242638299, 0.87082516493, 0.0057330733958],
      [0.15149171223, 0.43689908909, 0.40450196943, 0.0071072292499],
      [0.022129435358, 0.73812095929, 0.2093590045, 0.030390600858],
      [0.053856149077, 0.30690390526, 0.60812789335, 0.031112052313],
      [0.1867470351, 0.074567783034, 0.66468935596, 0.073995825906]
    ],
    [
      [0.70338890867, 0.048237561966, 0.24837352936, 0],
      [0.93190586366, 0.0072855759212, 0.06080856042, 0],
      [0.14889728847, 0.0062640205252, 0.844838691, 0],
      [0.47180272668, 0.19021555008, 0.33798172324, 0],
      [0.10059702611, 0.58588011965, 0.31352285424, 0],
      [0.19346367304, 0.16998739019, 0.63654893676, 0],
      [0.53743638235, 0.026718540463, 0.43584507719, 0]
    ],
    [
      [0.22913942337, 0.35473338386, 0.39535226512, 0.020774927655],
      [0.61894613388, 0.13802664573, 0.19578678673, 0.047240433654],
      [0.046458686237, 0.066321013164, 0.85569965276, 0.031520647835],
      [0.078052410508, 0.59368582499, 0.31114500391, 0.017116760592],
      [0.0085796378699, 0.81399777434, 0.1318549704, 0.045567617389],
      [0.028578448528, 0.43085255293, 0.48223969091, 0.05832930763],
      [0.11596310295, 0.11868944367, 0.60625781533, 0.15908963805]
    ],
    [
      [0.34697282873, 0.23449091524, 0.40630476995, 0.012231486081],
      [0.73517379139, 0.075296158741, 0.16387033421, 0.025659715668],
      [0.077624764768, 0.048594739516, 0.85972270539, 0.014057790323],
      [0.14429761329, 0.46123426963, 0.38297353163, 0.011494585439],
      [0.020357437789, 0.74232922317, 0.19379299012, 0.043520348921],
      [0.051738237525, 0.32796317158, 0.57434270847, 0.045955882427],
      [0.17952400527, 0.081122677388, 0.63042396314, 0.10892935421]
    ],
    [
      [0.41177608695, 0.21597485195, 0.35919798521, 0.013051075884],
      [0.78737615642, 0.06119768933, 0.12696221759, 0.024463936654],
      [0.095050815008, 0.049854408619, 0.83413549065, 0.02095928572],
      [0.1772307329, 0.45362901908, 0.35577390517, 0.013366342847],
      [0.024793319684, 0.74696751703, 0.18035831608, 0.04788084721],
      [0.065103027178, 0.33011472872, 0.55283486395, 0.051947380148],
      [0.21968106926, 0.077618804157, 0.58317527119, 0.1195248554]
    ],
    [
      [0.44451163146, 0.16784974871, 0.37905865399, 0.0085799658451],
      [0.81627720189, 0.044012563556, 0.12543262836, 0.014277606197],
      [0.098569535864, 0.034343212194, 0.85502004042, 0.01206721152],
      [0.20301554475, 0.38212356151, 0.40586688916, 0.0089940045758],
      [0.03119657807, 0.70461013694, 0.22711333376, 0.037079951227],
      [0.072513166745, 0.27222070511, 0.61930820728, 0.035957920862],
      [0.23635350336, 0.061050016151, 0.62533962332, 0.077256857169]
    ],
    [
      [0.29735386459, 0.38731038623, 0.30851604075, 0.0068197084234],
      [0.71129321593, 0.1347791107, 0.13788169608, 0.016045977284],
      [0.085986336886, 0.086988735341, 0.8204101102, 0.006614817573],
      [0.10267990354, 0.64875496941, 0.24331743637, 0.0052476906863],
      [0.011986580184, 0.87014697153, 0.10099333487, 0.016873113414],
      [0.041716764361, 0.51957508513, 0.41390057432, 0.024807576184],
      [0.18508117083, 0.15969582729, 0.57958186817, 0.075641133712]
    ],
    [
      [0.45864785706, 0.14128179844, 0.39137563846, 0.0086947060405],
      [0.81367377495, 0.036857786939, 0.13402633733, 0.015442100781],
      [0.10152338541, 0.019988238292, 0.87232559922, 0.0061627770741],
      [0.22435566994, 0.32970970821, 0.43622451878, 0.0097101030693],
      [0.038212123935, 0.64783529824, 0.26721911611, 0.046733461715],
      [0.079377609938, 0.23236376615, 0.64845547647, 0.039803147441],
      [0.24359362115, 0.049672280364, 0.62342263707, 0.083311461414]
    ],
    [
      [0.25302750902, 0.27124136211, 0.4578083008, 0.017922828068],
      [0.63979547017, 0.1016203114, 0.21560337545, 0.042980842977],
      [0.046639182477, 0.05150984951, 0.87754176199, 0.024309206025],
      [0.09539053093, 0.49281786326, 0.39558718066, 0.016204425145],
      [0.01234891568, 0.74752852229, 0.18718355036, 0.052939011672],
      [0.032321301229, 0.33641255156, 0.57291457859, 0.058351568628],
      [0.11956252992, 0.085643996926, 0.65300380574, 0.14178966742]
    ],
    [
      [0.37141147156, 0.25206576275, 0.37652276569, 0],
      [0.78453197477, 0.074770354204, 0.14069767103, 0],
      [0.079364727153, 0.060408268938, 0.86022700391, 0],
      [0.15281122666, 0.49581957865, 0.35136919469, 0],
      [0.034415464599, 0.7951697725, 0.1704147629, 0],
      [0.071517208488, 0.36813479399, 0.56034799752, 0],
      [0.25393971795, 0.093806298807, 0.65225398324, 0]
    ],
    [
      [0.26931613856, 0.11181219922, 0.58830061385, 0.03057104837],
      [0.65875540824, 0.040981356029, 0.25217839769, 0.048084838043],
      [0.054507673225, 0.0036802868025, 0.90691559316, 0.034896446813],
      [0.12282049797, 0.24751801521, 0.59663771332, 0.033023773494],
      [0.034957772883, 0.49986202281, 0.34295425275, 0.12222595156],
      [0.037102434807, 0.1413167087, 0.74328067921, 0.078300177285],
      [0.0964453002, 0.031508054772, 0.71262080478, 0.15942584024]
    ],
    [
      [0.45110975885, 0.14634525789, 0.40254498326, 0],
      [0.83662227402, 0.036870547109, 0.12650717887, 0],
      [0.088359049517, 0.030485107312, 0.88115584317, 0],
      [0.20637754534, 0.34442557248, 0.44919688218, 0],
      [0.050208379431, 0.68215309242, 0.26763852815, 0],
      [0.083869937039, 0.24139151686, 0.6747385461, 0],
