{
  "X": [
    [5, 9, 11, 0],
    [3, 5, 4, 0],
    [2, 4, 1, 1],
    [7, 11, 16, 0],
    [1, 4, 2, 0],
    [1, 2, 9, 0],
    [0, 3, 7, 0],
    [1, 8, 13, 1],
    [9, 18, 31, 4],
    [2, 15, 24, 3],
    [8, 7, 11, 3],
    [4, 5, 23, 1],
    [17, 20, 25, 0],
    [1, 5, 13, 0],
    [4, 8, 14, 0],
    [3, 1, 10, 0],
    [3, 8, 21, 0],
    [32, 38, 75, 5],
    [0, 2, 6, 1],
    [1, 1, 5, 0],
    [0, 1, 11, 0],
    [0, 2, 10, 3],
    [2, 2, 6, 0],
    [0, 4, 3, 0],
    [0, 4, 20, 1],
    [3, 5, 10, 2],
    [5, 15, 32, 0],
    [3, 7, 3, 1],
    [1, 2, 2, 1],
    [2, 3, 17, 0],
    [3, 5, 11, 0],
    [2, 1, 14, 1],
    [4, 10, 37, 1],
    [3, 25, 34, 1],
    [1, 11, 10, 0],
    [1, 5, 12, 2],
    [9, 24, 41, 2],
    [6, 13, 14, 1],
    [0, 7, 19, 0],
    [0, 1, 6, 0],
    [1, 4, 6, 0],
    [2, 4, 8, 0],
    [0, 4, 13, 0],
    [5, 20, 22, 2],
    [0, 4, 2, 0],
    [1, 5, 9, 1],
    [4, 0, 15, 3],
    [3, 10, 13, 1],
    [15, 20, 66, 3],
    [13, 15, 35, 2],
    [15, 12, 44, 1],
    [11, 4, 17, 0],
    [9, 20, 41, 3],
    [39, 37, 150, 5],
    [20, 13, 58, 3],
    [11, 8, 39, 1],
    [15, 21, 81, 1],
    [48, 22, 167, 4],
    [13, 23, 77, 4],
    [10, 10, 25, 0],
    [3, 7, 20, 2],
    [6, 9, 24, 0],
    [5, 7, 36, 2],
    [13, 14, 37, 3],
    [7, 16, 31, 2],
    [31, 22, 53, 1],
    [4, 8, 20, 0],
    [6, 21, 29, 0],
    [0, 4, 13, 0],
    [14, 19, 53, 3],
    [7, 2, 17, 0],
    [6, 7, 35, 1],
    [21, 29, 79, 4],
    [19, 28, 81, 1],
    [10, 13, 29, 1],
    [13, 14, 45, 4],
    [11, 15, 64, 4],
    [45, 44, 173, 13],
    [20, 30, 97, 6],
    [9, 8, 20, 1],
    [5, 15, 54, 1],
    [12, 14, 44, 4],
    [4, 20, 28, 1],
    [6, 17, 68, 2],
    [13, 13, 32, 1],
    [23, 31, 127, 11],
    [10, 8, 36, 2],
    [24, 18, 92, 2],
    [21, 29, 101, 4],
    [17, 30, 82, 3],
    [7, 10, 40, 2],
    [4, 10, 15, 0],
    [5, 7, 12, 1],
    [2, 9, 39, 4],
    [17, 13, 51, 1],
    [8, 12, 61, 0],
    [21, 35, 66, 8],
    [8, 8, 27, 4],
    [7, 13, 47, 1],
    [1, 6, 2, 0],
    [0, 4, 6, 0],
    [1, 16, 16, 2],
    [2, 5, 8, 3],
    [0, 2, 5, 0],
    [3, 5, 5, 1],
    [1, 3, 4, 0],
    [2, 8, 4, 0],
    [4, 9, 5, 0],
    [1, 8, 3, 1],
    [2, 6, 3, 0],
    [1, 2, 4, 1],
    [5, 10, 14, 0],
    [1, 1, 7, 0],
    [6, 10, 14, 0],
    [1, 5, 13, 1],
    [4, 17, 21, 4],
    [11, 29, 44, 5],
    [33, 52, 155, 20],
    [9, 15, 25, 0],
    [4, 18, 26, 2],
    [2, 3, 5, 0],
    [2, 10, 11, 0],
    [2, 7, 8, 1],
    [2, 2, 6, 0],
    [6, 14, 29, 3],
    [7, 13, 20, 3],
    [2, 5, 12, 1],
    [4, 17, 44, 7],
    [1, 8, 6, 0],
    [2, 1, 6, 0],
    [7, 11, 15, 1],
    [1, 5, 13, 4],
    [4, 7, 12, 1],
    [4, 16, 36, 2],
    [1, 8, 1, 1],
    [0, 4, 5, 1],
    [3, 8, 7, 0],
    [21, 32, 73, 1],
    [3, 3, 6, 1],
    [2, 15, 10, 0],
    [26, 14, 43, 2],
    [23, 40, 100, 6],
    [35, 52, 146, 4],
    [8, 17, 22, 1],
    [15, 17, 56, 3],
    [12, 15, 39, 5],
    [7, 14, 38, 3],
    [4, 9, 25, 0],
    [17, 17, 60, 3],
    [14, 31, 71, 0],
    [19, 50, 71, 4],
    [12, 8, 53, 1],
    [16, 23, 81, 5],
    [8, 17, 31, 2],
    [14, 15, 25, 5],
    [21, 25, 84, 4],
    [3, 4, 7, 0],
    [8, 7, 26, 0],
    [27, 11, 42, 2],
    [18, 44, 60, 7],
    [0, 1, 6, 0],
    [3, 3, 2, 0],
    [0, 5, 9, 1],
    [4, 6, 12, 2],
    [64, 24, 64, 3],
    [1, 3, 10, 1],
    [1, 4, 5, 2],
    [0, 3, 4, 0],
    [1, 1, 10, 2],
    [5, 22, 34, 5],
    [18, 29, 27, 2],
    [9, 11, 26, 3],
    [4, 19, 16, 1],
    [9, 16, 26, 4],
    [3, 9, 9, 1],
    [0, 3, 5, 0],
    [0, 6, 7, 0],
    [2, 5, 8, 0],
    [0, 0, 5, 1],
    [7, 8, 51, 2],
    [3, 3, 4, 3],
    [1, 5, 20, 2],
    [1, 9, 2, 0],
    [2, 11, 9, 0],
    [0, 7, 16, 3],
    [0, 5, 5, 1],
    [5, 22, 28, 3],
    [3, 11, 15, 1],
    [1, 5, 3, 0],
    [0, 2, 5, 0],
    [3, 4, 16, 2],
    [1, 3, 6, 1],
    [13, 21, 68, 0],
    [4, 7, 28, 0],
    [12, 8, 88, 2],
    [21, 23, 195, 12],
    [1, 7, 23, 0],
    [6, 8, 29, 1],
    [1, 0, 3, 2],
    [1, 7, 6, 1],
    [2, 12, 6, 0],
    [4, 7, 9, 0],
    [2, 8, 18, 4],
    [3, 24, 38, 9],
    [8, 9, 30, 3],
    [1, 2, 6, 1],
    [5, 2, 31, 4],
    [9, 11, 36, 3],
    [11, 9, 42, 5],
    [5, 11, 24, 0],
    [1, 7, 9, 0],
    [0, 2, 4, 1],
    [2, 2, 11, 0],
    [20, 37, 167, 6],
    [38, 29, 209, 7],
    [26, 16, 125, 8],
    [0, 1, 4, 1],
    [2, 5, 3, 1],
    [0, 2, 10, 0],
    [2, 3, 8, 0],
    [0, 7, 23, 3],
    [7, 5, 19, 3],
    [1, 8, 10, 0],
    [1, 2, 10, 0],
    [0, 1, 3, 2],
    [4, 5, 9, 0],
    [1, 2, 4, 0],
    [3, 8, 10, 3],
    [3, 6, 40, 0],
    [4, 10, 16, 1],
    [2, 11, 48, 6],
    [4, 12, 26, 4],
    [3, 4, 4, 1],
    [10, 12, 58, 4],
    [14, 26, 99, 5],
    [3, 4, 1, 0],
    [23, 22, 70, 8],
    [5, 0, 7, 1],
    [3, 2, 2, 1],
    [0, 5, 1, 1],
    [1, 4, 5, 0],
    [11, 52, 68, 11],
    [858, 1061, 3042, 162],
    [161, 171, 510, 31],
    [289, 415, 1028, 82],
    [31, 40, 95, 3]
  ],
  "W": [
    [8, 1, 4, 0, 4, 8, 0],
    [4, 2, 3, 2, 1, 0, 0],
    [1, 2, 1, 1, 2, 0, 1],
    [11, 2, 8, 2, 1, 6, 4],
    [0, 0, 2, 0, 1, 4, 0],
    [1, 1, 5, 0, 1, 3, 1],
    [4, 0, 4, 1, 0, 1, 0],
    [1, 0, 10, 2, 3, 6, 1],
    [8, 7, 19, 9, 7, 9, 3],
    [1, 1, 20, 6, 10, 6, 0],
    [3, 6, 7, 5, 2, 5, 1],
    [1, 2, 18, 4, 0, 6, 2],
    [9, 10, 13, 18, 2, 9, 1],
    [3, 1, 8, 3, 2, 2, 0],
    [2, 2, 9, 3, 4, 6, 0],
    [2, 0, 7, 2, 1, 2, 0],
    [5, 2, 11, 5, 2, 6, 1],
    [14, 17, 66, 14, 10, 21, 8],
    [3, 0, 2, 2, 1, 0, 1],
    [0, 3, 3, 0, 0, 1, 0],
    [1, 0, 8, 0, 2, 0, 1],
    [5, 0, 4, 1, 1, 3, 1],
    [0, 0, 3, 0, 3, 3, 1],
    [1, 0, 1, 3, 1, 1, 0],
    [2, 0, 17, 1, 3, 0, 2],
    [0, 2, 9, 3, 2, 2, 2],
    [4, 1, 28, 8, 4, 5, 2],
    [4, 1, 1, 4, 1, 2, 1],
    [3, 0, 2, 0, 0, 1, 0],
    [4, 2, 10, 1, 2, 2, 1],
    [2, 0, 8, 1, 5, 3, 0],
    [4, 1, 5, 0, 3, 4, 1],
    [6, 4, 23, 4, 6, 9, 0],
    [5, 2, 25, 13, 8, 9, 1],
    [3, 1, 6, 5, 1, 5, 1],
    [1, 0, 8, 1, 3, 6, 1],
    [3, 7, 38, 5, 5, 14, 4],
    [3, 6, 7, 2, 6, 7, 3],
    [1, 2, 9, 4, 4, 6, 0],
    [0, 0, 6, 0, 1, 0, 0],
    [3, 0, 3, 2, 1, 1, 1],
    [0, 0, 8, 1, 1, 3, 1],
    [0, 0, 9, 1, 4, 2, 1],
    [16, 1, 8, 5, 8, 11, 0],
    [0, 0, 1, 1, 3, 1, 0],
    [1, 1, 6, 0, 4, 3, 1],
    [3, 1, 5, 0, 2, 8, 3],
    [1, 1, 5, 2, 8, 9, 1],
    [10, 5, 46, 23, 6, 12, 2],
    [12, 2, 18, 8, 8, 14, 3],
    [9, 9, 34, 8, 4, 4, 4],
    [6, 2, 12, 3, 4, 4, 1],
    [10, 6, 31, 10, 6, 5, 5],
    [21, 20, 128, 30, 6, 16, 10],
    [4, 12, 53, 9, 4, 3, 9],
    [7, 4, 32, 3, 2, 11, 0],
    [6, 6, 90, 8, 3, 4, 1],
    [16, 20, 143, 18, 7, 21, 16],
    [8, 9, 61, 14, 6, 15, 4],
    [11, 4, 17, 3, 3, 5, 2],
    [5, 0, 9, 6, 9, 3, 0],
    [3, 1, 14, 8, 5, 8, 0],
    [8, 3, 29, 3, 3, 1, 3],
    [6, 7, 24, 7, 6, 10, 7],
    [14, 2, 21, 9, 4, 6, 0],
    [17, 12, 46, 15, 7, 8, 2],
    [0, 3, 13, 5, 3, 5, 3],
    [3, 2, 21, 6, 14, 10, 0],
    [4, 1, 4, 1, 2, 4, 1],
    [9, 7, 35, 16, 7, 13, 2],
    [8, 2, 11, 1, 3, 0, 1],
    [1, 3, 25, 8, 2, 7, 3],
    [12, 7, 64, 21, 12, 13, 4],
    [12, 8, 65, 14, 13, 12, 5],
    [7, 3, 23, 7, 5, 4, 4],
    [8, 9, 35, 10, 2, 7, 5],
    [9, 9, 47, 13, 4, 11, 1],
    [18, 23, 152, 21, 14, 34, 13],
    [13, 6, 78, 13, 6, 26, 11],
    [3, 6, 12, 7, 0, 7, 3],
    [7, 2, 40, 10, 4, 10, 2],
    [8, 2, 40, 8, 5, 6, 5],
    [3, 2, 18, 12, 5, 8, 5],
    [11, 3, 47, 8, 3, 15, 6],
    [7, 1, 30, 9, 4, 5, 3],
    [12, 9, 117, 23, 4, 23, 4],
    [10, 6, 27, 2, 3, 4, 4],
    [7, 6, 97, 9, 2, 13, 2],
    [19, 5, 92, 15, 5, 13, 6],
    [9, 11, 69, 15, 12, 11, 5],
    [7, 1, 26, 7, 2, 14, 2],
    [1, 1, 7, 6, 5, 8, 1],
    [5, 0, 9, 4, 7, 0, 0],
    [5, 2, 29, 4, 1, 8, 5],
    [8, 7, 43, 8, 4, 9, 3],
    [12, 4, 39, 7, 7, 10, 2],
    [8, 5, 29, 25, 13, 41, 9],
    [6, 3, 25, 3, 2, 5, 3],
    [7, 5, 32, 14, 5, 4, 1],
    [0, 0, 2, 2, 5, 0, 0],
    [1, 0, 3, 1, 1, 4, 0],
    [5, 1, 7, 4, 11, 4, 3],
    [0, 4, 3, 1, 4, 5, 1],
    [1, 0, 2, 0, 2, 2, 0],
    [4, 0, 5, 1, 1, 3, 0],
    [0, 0, 2, 2, 1, 2, 1],
    [2, 1, 2, 3, 3, 3, 0],
    [1, 3, 1, 7, 3, 2, 1],
    [0, 1, 7, 2, 1, 1, 1],
    [0, 1, 2, 1, 2, 5, 0],
    [1, 0, 4, 1, 0, 2, 0],
    [10, 2, 7, 3, 4, 2, 1],
    [1, 0, 2, 0, 0, 5, 1],
    [3, 2, 14, 3, 2, 4, 2],
    [3, 1, 7, 2, 2, 4, 1],
    [2, 2, 18, 4, 9, 7, 4],
    [9, 6, 28, 12, 13, 16, 5],
    [13, 22, 135, 34, 7, 38, 11],
    [8, 3, 19, 1, 6, 12, 0],
    [5, 1, 22, 2, 8, 9, 3],
    [0, 2, 1, 1, 1, 5, 0],
    [3, 1, 6, 4, 7, 1, 1],
    [1, 1, 3, 2, 5, 3, 3],
    [0, 2, 3, 1, 2, 1, 1],
    [2, 3, 20, 10, 6, 11, 0],
    [2, 2, 20, 4, 3, 12, 0],
    [0, 1, 8, 3, 2, 3, 3],
    [11, 2, 17, 7, 8, 24, 3],
    [1, 1, 3, 0, 8, 2, 0],
    [0, 1, 3, 1, 0, 4, 0],
    [1, 5, 14, 5, 3, 5, 1],
    [0, 1, 12, 3, 2, 3, 2],
    [1, 3, 9, 4, 3, 4, 0],
    [3, 2, 21, 4, 13, 12, 3],
    [0, 0, 0, 5, 5, 1, 0],
    [0, 0, 3, 0, 3, 2, 2],
    [1, 2, 5, 2, 3, 4, 1],
    [9, 6, 68, 13, 11, 14, 6],
    [3, 0, 5, 0, 0, 3, 2],
    [3, 2, 3, 3, 10, 5, 1],
    [5, 18, 42, 6, 0, 11, 3],
    [10, 11, 88, 16, 14, 23, 7],
    [13, 15, 127, 29, 12, 32, 9],
    [5, 6, 19, 9, 5, 4, 0],
    [10, 8, 33, 10, 5, 20, 5],
    [8, 2, 34, 6, 5, 10, 6],
    [6, 4, 28, 6, 4, 13, 1],
    [4, 2, 16, 4, 5, 5, 2],
    [6, 10, 49, 4, 7, 19, 2],
    [14, 7, 54, 7, 10, 21, 3],
    [16, 9, 56, 21, 12, 27, 3],
    [3, 7, 38, 7, 4, 12, 3],
    [2, 10, 72, 10, 7, 21, 3],
    [9, 5, 15, 11, 7, 8, 3],
    [6, 6, 24, 9, 3, 8, 3],
    [5, 11, 75, 8, 9, 18, 8],
    [1, 0, 5, 2, 3, 2, 1],
    [5, 0, 16, 7, 7, 4, 2],
    [9, 11, 26, 16, 4, 13, 3],
    [10, 12, 47, 19, 12, 23, 6],
    [0, 0, 5, 0, 0, 2, 0],
    [2, 1, 1, 0, 4, 0, 0],
    [3, 0, 5, 1, 3, 2, 1],
    [4, 0, 7, 4, 1, 7, 1],
    [40, 15, 52, 17, 10, 14, 7],
    [1, 1, 7, 2, 2, 1, 1],
    [1, 0, 2, 0, 5, 2, 2],
    [0, 0, 4, 2, 1, 0, 0],
    [1, 1, 5, 2, 0, 2, 3],
    [3, 3, 18, 13, 7, 17, 5],
    [6, 12, 21, 19, 6, 10, 2],
    [7, 4, 22, 2, 3, 6, 5],
    [0, 4, 15, 8, 5, 8, 0],
    [7, 3, 18, 11, 7, 4, 5],
    [2, 2, 8, 1, 6, 3, 0],
    [1, 0, 2, 1, 1, 2, 1],
    [2, 0, 5, 3, 0, 3, 0],
    [1, 0, 5, 0, 1, 6, 2],
    [0, 0, 4, 0, 1, 1, 0],
    [3, 3, 39, 5, 4, 10, 4],
    [2, 2, 3, 0, 2, 4, 0],
    [2, 0, 12, 3, 7, 2, 2],
    [3, 0, 2, 0, 6, 1, 0],
    [2, 0, 4, 3, 6, 7, 0],
    [4, 1, 12, 3, 3, 3, 0],
    [1, 1, 4, 1, 3, 0, 1],
    [4, 4, 20, 6, 3, 18, 3],
    [6, 0, 13, 3, 3, 4, 1],
    [1, 0, 4, 0, 2, 2, 0],
    [0, 0, 2, 0, 4, 1, 0],
    [4, 1, 10, 5, 0, 1, 4],
    [3, 0, 3, 1, 1, 2, 1],
    [4, 8, 57, 9, 2, 19, 3],
    [4, 1, 19, 5, 2, 8, 0],
    [6, 4, 78, 6, 2, 9, 5],
    [18, 13, 157, 30, 4, 19, 10],
    [2, 0, 19, 0, 2, 7, 1],
    [2, 2, 20, 8, 1, 10, 1],
    [0, 1, 3, 0, 1, 0, 1],
    [6, 0, 3, 1, 4, 1, 0],
    [2, 0, 2, 4, 6, 5, 1],
    [1, 2, 7, 1, 6, 2, 1],
    [2, 2, 19, 3, 3, 2, 1],
    [3, 2, 33, 11, 10, 11, 4],
    [3, 0, 24, 2, 9, 7, 5],
    [0, 1, 4, 1, 0, 4, 0],
    [0, 7, 21, 7, 1, 4, 2],
    [6, 8, 19, 5, 3, 15, 3],
    [5, 7, 32, 7, 0, 12, 4],
    [5, 4, 15, 2, 3, 9, 2],
    [2, 0, 6, 3, 4, 2, 0],
    [0, 0, 2, 1, 2, 2, 0],
    [3, 2, 9, 0, 0, 0, 1],
    [13, 15, 137, 22, 9, 24, 10],
    [21, 22, 186, 21, 7, 16, 10],
    [8, 13, 100, 11, 9, 27, 7],
    [0, 0, 2, 0, 2, 2, 0],
    [2, 1, 4, 1, 2, 1, 0],
    [0, 0, 6, 0, 0, 5, 1],
    [0, 1, 8, 1, 1, 1, 1],
    [2, 0, 16, 6, 5, 4, 0],
    [2, 4, 13, 4, 2, 6, 3],
    [1, 1, 8, 2, 4, 1, 2],
    [3, 0, 8, 1, 0, 1, 0],
    [0, 0, 0, 0, 3, 2, 1],
    [0, 2, 4, 4, 2, 6, 0],
    [0, 0, 0, 0, 3, 4, 0],
    [1, 1, 4, 5, 9, 3, 1],
    [1, 2, 28, 6, 1, 8, 3],
    [2, 2, 12, 7, 3, 4, 1],
    [5, 3, 22, 6, 10, 18, 3],
    [1, 2, 20, 5, 5, 11, 2],
    [2, 0, 1, 3, 2, 3, 1],
    [4, 3, 45, 12, 2, 11, 7],
    [13, 3, 71, 11, 5, 35, 6],
    [1, 0, 2, 0, 3, 1, 1],
    [3, 13, 75, 20, 3, 6, 3],
    [0, 3, 4, 3, 1, 1, 1],
    [1, 1, 0, 0, 1, 5, 0],
    [0, 0, 1, 1, 1, 4, 0],
    [0, 0, 1, 2, 2, 2, 3],
    [22, 6, 37, 14, 30, 27, 6],
    [511, 500, 2296, 679, 325, 621, 191],
    [88, 100, 443, 101, 37, 69, 35],
    [203, 165, 831, 198, 132, 216, 69],
    [28, 18, 68, 28, 8, 15, 4]
  ],
  "method": "mvn_pdf",
  "cond_prob": [
    [
      [0.39345865527, 0.27004674921, 0.33649459552, 0],
      [0.83808642077, 0.036425710142, 0.12548786909, 0],
      [0.090563659225, 0.06223101143, 0.84720532934, 0],
      [0.16430809326, 0.55161264488, 0.27930350418, 0.0047757576732],
      [0.030390508917, 0.817226974, 0.15238251708, 0],
      [0.066303458067, 0.4106710443, 0.52302549763, 0],
      [0.23844983036, 0.11739535624, 0.60586885063, 0.038285962762]
    ],
    [
      [0.25298144038, 0.50090978985, 0.24610876977, 0],
      [0.78686355805, 0.077459927061, 0.13567651489, 0],
      [0.084210147627, 0.10419001303, 0.81159983934, 0],
      [0.074026542872, 0.79734352963, 0.1286299275, 0],
      [0.013663593759, 0.93418388814, 0.052152518099, 0],
      [0.026396421551, 0.67902528254, 0.29134862387, 0.0032296720403],
      [0.17201893019, 0.26514243778, 0.55483109852, 0.0080075335126]
    ],
    [
      [0.18082834108, 0.66380084207, 0.10909107292, 0.046279743933],
      [0.79674831409, 0.08749412189, 0.00017436734932, 0.11558319667],
      [0.076044067575, 0.18481558468, 0.66669488906, 0.072445458677],
      [0.041565936317, 0.89636454056, 0.025694956204, 0.036374566916],
      [0, 0.92921630015, 0, 0.070783699848],
      [0.016057139446, 0.78226865826, 0.13102021138, 0.070653990908],
      [0.10806502684, 0.22159818859, 0.19817034712, 0.47216643745]
    ],
    [
      [0.29880374297, 0.37817655557, 0.32301970146, 0],
      [0.77761611424, 0.066501463663, 0.1558824221, 0],
      [0.080062291108, 0.083881390469, 0.83605631842, 0],
      [0.10981533541, 0.67422532745, 0.21595933714, 0],
      [0.02218782815, 0.8736664813, 0.10414569055, 0],
      [0.054330534505, 0.51869173293, 0.42697773256, 0],
      [0.237406641, 0.17543407595, 0.58715928304, 0]
    ],
    [
      [0.94249549679, 0.042892504992, 0.014461551543, 0.00015044667354],
      [0.99973670381, 0.00013885707033, 0.00012189836782, 2.5407474001e-06],
      [0.24099297356, 0.12603748179, 0.63296954466, 0],
      [0.15635939058, 0.76892557493, 0.073637658495, 0.0010773759991],
      [0.026576738587, 0.94779479459, 0.025628466826, 0],
      [0.12285932857, 0.70003256046, 0.17710811097, 0],
      [0.64416806784, 0.15120358555, 0.20017355184, 0.0044547947744]
    ],
    [
      [0.14734471715, 0.20294949391, 0.64970578894, 0],
      [0.61426688055, 0.042863333316, 0.34286978614, 0],
      [0.015705848504, 0.051545542337, 0.93274860916, 0],
      [0.057886420552, 0.4285657918, 0.50987677133, 0.0036710163127],
      [0.015926500984, 0.71892266437, 0.26515083465, 0],
      [0.021579867832, 0.2374298315, 0.74099030067, 0],
      [0.079193055307, 0.065247302225, 0.85555964247, 0]
    ],
    [
      [0, 0.43915028516, 0.56084971484, 0],
      [0.45574491481, 0.1038513845, 0.43701703915, 0.0033866615355],
      [0, 0.038086690718, 0.96191330928, 0],
      [0, 0.67908975102, 0.32091024898, 0],
      [0.0031321410062, 0.85951102686, 0.13635519196, 0.0010016401742],
      [0, 0.41196234547, 0.58803765453, 0],
      [0.042154685994, 0.12448187326, 0.8322228505, 0.0011405902463]
    ],
    [
      [0.18007008105, 0.41803258685, 0.38628395141, 0.015613380698],
      [0.65724702422, 0.083471984234, 0.22188037575, 0.037400615792],
      [0.04351887937, 0.064763528308, 0.85298344044, 0.038734151887],
      [0.058343888714, 0.68255960328, 0.24239593583, 0.016700572171],
      [0.0084470334, 0.84909141282, 0.10803337076, 0.03442818302],
      [0.02434418344, 0.47722957983, 0.44353982225, 0.054886414483],
      [0.096647146984, 0.15856120609, 0.61375072679, 0.13104092013]
    ],
    [
      [0.24639120549, 0.31037770257, 0.41123863774, 0.031992454198],
      [0.64906532602, 0.058270467002, 0.21397181385, 0.078692393128],
      [0.048927406545, 0.05868693555, 0.85439242904, 0.037993228865],
      [0.09583815575, 0.56436200892, 0.3060338825, 0.033765952834],
      [0.011396753071, 0.75228179954, 0.15499443339, 0.081327014001],
      [0.029981651508, 0.37095322387, 0.50090218129, 0.098162943337],
      [0.11454560426, 0.10340788103, 0.54381548053, 0.23823103418]
    ],
    [
      [0.18932818809, 0.34294445492, 0.42847572289, 0.039251634098],
      [0.58090902074, 0.069211356111, 0.24043356138, 0.10944606177],
      [0.032304531522, 0.061753916412, 0.86022927102, 0.045712281042],
      [0.067310866695, 0.59260992809, 0.29980015095, 0.040279054269],
      [0.0059366828919, 0.75243780524, 0.14398058681, 0.097644925064],
      [0.020073355271, 0.37878803997, 0.48131642025, 0.11982218451],
      [0.078672852987, 0.10365681503, 0.51546146278, 0.30220886919]
    ],
    [
      [0.41298389602, 0.23813675534, 0.30352065717, 0.045358691475],
      [0.76766003662, 0.04274495379, 0.11128905827, 0.078305951316],
      [0.105413126, 0.069109161255, 0.77962476546, 0.045852947291],
      [0.18335834798, 0.50663124435, 0.26182995105, 0.048180456622],
      [0.023754806239, 0.66765502294, 0.12967416098, 0.17891600984],
      [0.060336485448, 0.32248658145, 0.41447421645, 0.20270271665],
      [0.15121243063, 0.064456707583, 0.32346116119, 0.4608697006]
    ],
    [
      [0.30278333427, 0.22861797327, 0.4568739681, 0.011724724365],
      [0.73756523916, 0.036733128991, 0.20018846688, 0.025513164972],
      [0.063684364366, 0.043679692779, 0.86898144033, 0.023654502529],
      [0.12970634143, 0.47914934308, 0.37546051362, 0.015683801863],
      [0.017123512309, 0.73360731967, 0.21318423834, 0.036084929681],
      [0.042354486377, 0.30478894842, 0.61007375889, 0.042782806318],
      [0.15140767241, 0.083175117952, 0.66939928223, 0.096017927403]
    ],
    [
      [0.39151603283, 0.28892218862, 0.31956177855, 0],
      [0.81973135414, 0.045758884369, 0.13450976149, 0],
      [0.099131493884, 0.07254316976, 0.82832533636, 0],
      [0.16288018878, 0.57323402131, 0.26388578991, 0],
      [0.037010775958, 0.82053630141, 0.14245292263, 0],
      [0.076239261166, 0.43437904876, 0.48938169008, 0],
      [0.2983144422, 0.13035382665, 0.57133173116, 0]
    ],
    [
      [0.11081879131, 0.28225244801, 0.60692876068, 0],
      [0.52159250534, 0.075676733168, 0.40273076149, 0],
      [0, 0.051356344954, 0.94864365505, 0],
      [0.041803435614, 0.51182320341, 0.44637336097, 0],
      [0.0010834387895, 0.7629936084, 0.23592295281, 0],
      [0.0091869681486, 0.30262916807, 0.68818386378, 0],
      [0.060421481355, 0.085526059062, 0.83371165787, 0.020340801709]
    ],
    [
      [0.36198953489, 0.25062911756, 0.38738134756, 0],
      [0.81600185886, 0.035551733096, 0.14844640804, 0],
      [0.075251398017, 0.05406540914, 0.87068319284, 0],
      [0.15177169913, 0.52587489758, 0.32235340328, 0],
      [0.032259864512, 0.79212675545, 0.17561338004, 0],
      [0.063733345816, 0.36581965032, 0.57044700387, 0],
      [0.20026504098, 0.10379780099, 0.65894299798, 0.036994160043]
    ],
    [
      [0.66301272148, 0, 0.33698727852, 0],
      [0.92352522895, 0.0046141684222, 0.070787296114, 0.0010733065183],
      [0.081889110534, 0, 0.91811088947, 0],
      [0.40566017168, 0.13335613371, 0.46098369461, 0],
      [0.078304317615, 0.51456976283, 0.40712591956, 0],
      [0.10556306116, 0.10935898488, 0.78507795396, 0],
      [0.33541433721, 0.025774457076, 0.63183908808, 0.0069721176338]
    ],
    [
      [0.18303997147, 0.26432860296, 0.55263142557, 0],
      [0.61410896295, 0.058323516153, 0.3275675209, 0],
      [0.015056811163, 0.056581465762, 0.92836172308, 0],
      [0.072161651585, 0.50082535703, 0.42701299138, 0],
      [0.021282731788, 0.74241241038, 0.23630485783, 0],
      [0.026813611038, 0.30988744472, 0.66329894424, 0],
      [0.12670190624, 0.091037555228, 0.78226053853, 0]
    ],
    [
      [0.39136406911, 0.31331364191, 0.28129480789, 0.014027481089],
      [0.80555107053, 0.04767191497, 0.11871823318, 0.02805878132],
      [0.10818061224, 0.081117024912, 0.78702872872, 0.023673634129],
      [0.16303490157, 0.59850429459, 0.22295895887, 0.01550184497],
      [0.020787921306, 0.82263707562, 0.11792689238, 0.038648110693],
      [0.060233022453, 0.46357529849, 0.42342210292, 0.052769576135],
      [0.24141913986, 0.13861883323, 0.4884010151, 0.13156101181]
    ],
    [
      [0, 0.21685977687, 0.70592083798, 0.077219385149],
      [0.34701953076, 0.039078479236, 0.47304936578, 0.14085262422],
      [0, 0.013701957644, 0.9362807745, 0.050017267857],
      [0, 0.3658304171, 0.56460663691, 0.069562945989],
      [0, 0.54423109905, 0.30143536196, 0.15433353899],
      [0.0084622282134, 0.14591635578, 0.73539249347, 0.11022892254],
      [0, 0.046124820843, 0.57902730129, 0.37484787787]
    ],
    [
      [0.029754006475, 0.3670339227, 0.60265911936, 0.00055295146482],
      [0.31979388064, 0.13251950697, 0.54768661239, 0],
      [0.011129710611, 0.07618068022, 0.91268960917, 0],
      [0.0072732127231, 0.77749336862, 0.21493070087, 0.00030271778718],
      [0.00070794809235, 0.93624641968, 0.062862545012, 0.00018308721275],
      [0.0072292262371, 0.37389943843, 0.61887133533, 0],
      [0.016997860966, 0.071064130507, 0.91158105935, 0.00035694917981]
    ],
    [
      [0, 0.070521757598, 0.9294782424, 0],
      [0.44891086568, 0.017864255603, 0.52608313236, 0.0071417463644],
      [0, 0, 1, 0],
      [0.043227685188, 0.1810698981, 0.7725450859, 0.0031573308079],
      [0, 0.45096478114, 0.54903521886, 0],
      [0.0094746060905, 0.069127831124, 0.91586054952, 0.0055370132627],
      [0, 0.027548680113, 0.97245131989, 0]
    ],
    [
      [0, 0.18459904382, 0.81540095618, 0],
      [0.11013353016, 0.011680605503, 0.13442677258, 0.74375909176],
      [0, 0.031325849564, 0.96867415044, 0],
      [0, 0.23678315379, 0.41058845004, 0.35262839617],
      [0, 0.15845016441, 0.16120351445, 0.68034632114],
      [0, 0.17838011709, 0.44684537836, 0.37477450454],
      [0, 0.021327713182, 0.13597051777, 0.84270176905]
    ],
    [
      [0.96683347159, 0.0045796277438, 0.028421701475, 0.00016519919477],
      [0.99740198832, 0.00017231207125, 0.0023718932424, 5.3806364747e-05],
      [0.19978520908, 0.025811017813, 0.77440377311, 0],
      [0.76320070468, 0.070949390084, 0.16456490285, 0.0012850023787],
      [0.061177232416, 0.51498551309, 0.4238372545, 0],
      [0.16321757578, 0.12084653837, 0.71593588585, 0],
      [0.72745994819, 0.015070792181, 0.25746925963, 0]
    ],
    [
      [0, 0.50850758155, 0.49149241845, 0],
      [0.52508656036, 0.1222108843, 0.35006229926, 0.0026402560825],
      [0, 0.055170546657, 0.94482945334, 0],
      [0, 0.69277457248, 0.30722542752, 0],
      [0, 0.87899320343, 0.12100679657, 0],
      [0, 0.47900495092, 0.52099504908, 0],
      [0.035270265141, 0.16398560839, 0.80016917574, 0.00057495072604]
    ],
    [
      [0, 0.3635295891, 0.61890003615, 0.017570374747],
      [0.46518051519, 0.059934148026, 0.42300345551, 0.051881881273],
      [0, 0.020929523181, 0.94506230669, 0.034008170131],
      [0, 0.52902307638, 0.45396161925, 0.017015304368],
      [0, 0.71633562989, 0.2379128583, 0.045751511817],
      [0.013020378599, 0.26715569601, 0.67678244557, 0.043041479822],
      [0, 0.11955448085, 0.76422025992, 0.11622525923]
    ],
    [
      [0.31499024313, 0.31122833095, 0.33332532126, 0.040456104665],
      [0.74861549344, 0.042417514561, 0.12659908109, 0.082367910903],
      [0.085472267057, 0.06454121132, 0.79743387187, 0.052552649755],
      [0.11845737767, 0.60294231697, 0.23589078392, 0.04270952145],
      [0.016528621489, 0.77375589372, 0.10745004811, 0.10226543668],
      [0.040868581991, 0.39677653008, 0.41825551621, 0.14409937172],
      [0.13167603482, 0.092201135245, 0.40540675531, 0.37071607462]
    ],
    [
      [0.26360043268, 0.37185834625, 0.36454122106, 0],
      [0.73538982329, 0.070804094824, 0.19380608189, 0],
      [0.059735948564, 0.07777006288, 0.86249398856, 0],
      [0.097829373598, 0.6451091048, 0.2570615216, 0],
      [0.022897874447, 0.84975812773, 0.12734399782, 0],
      [0.049982302157, 0.47667472144, 0.4733429764, 0],
      [0.20673194441, 0.16046090149, 0.6328071541, 0]
    ],
    [
      [0.32999483926, 0.4229691293, 0.18819717252, 0.058838858912],
      [0.80126522656, 0.060746053638, 0.089994030669, 0.047994689135],
      [0.093403965397, 0.11687333676, 0.75097706761, 0.038745630238],
      [0.12059684973, 0.71854033031, 0.10399695517, 0.056865864786],
      [0.016755914224, 0.88870804014, 0.051707968791, 0.042828076847],
      [0.050913707884, 0.59147107453, 0.27541691308, 0.082198304503],
      [0.18438072208, 0.18469258194, 0.387710596, 0.24321609998]
    ],
    [
      [0.25956018125, 0.51447604247, 0.22596377628, 0],
      [0.4258729118, 0.042007877705, 0.061791968617, 0.47032724188],
      [0.095164767274, 0.12976646366, 0.6196521543, 0.15541661477],
      [0.043746681878, 0.73592541696, 0.088838182622, 0.13148971854],
      [0.003539359685, 0.55732306898, 0.029006645687, 0.41013092564],
      [0.030989921704, 0.19703894527, 0.082804362557, 0.68916677047],
      [2.9836376397e-08, 9.0823406085e-08, 1.0095295499e-07, 0.99999977839]
    ],
    [
      [0.15009705773, 0.15949781985, 0.69040512242, 0],
      [0.54383927841, 0.0371874452, 0.41897327639, 0],
      [0.0060188593392, 0.033316063443, 0.96066507722, 0],
      [0.071803580129, 0.33831595023, 0.58988046964, 0],
      [0.02164230335, 0.60988358163, 0.36847411502, 0],
      [0.02503409459, 0.1741239661, 0.80084193931, 0],
      [0.086588242882, 0.048142150067, 0.86526960705, 0]
    ],
    [
      [0.60510837087, 0.10785137773, 0.2870402514, 0],
      [0.92472446543, 0.0090138378666, 0.064186143759, 0.0020755529416],
      [0.11242684124, 0.032560812354, 0.85501234641, 0],
      [0.31951357825, 0.33230481249, 0.34818160926, 0],
      [0.050922510456, 0.69321070098, 0.25586678856, 0],
      [0.10541413261, 0.2418174761, 0.65276839129, 0],
      [0.355258355, 0.053183473723, 0.57286898147, 0.018689189801]
    ],
    [
      [0.23298217188, 0, 0.72724646617, 0.039771361954],
      [0.58788625681, 0.0024885712876, 0.37353704732, 0.036088124584],
      [0.00013878328426, 0, 0.95651071641, 0.043350500308],
      [0.095559296563, 0.16605989146, 0.7229255433, 0.015455268676],
      [0.038247940431, 0.32962976433, 0.54630736963, 0.085814925604],
      [0.072408317275, 0, 0.86505152436, 0.062540158369],
      [0.075114048868, 0.0086221357097, 0.83579529965, 0.080468515771]
    ],
    [
      [0.1701186111, 0.20662322358, 0.61238603869, 0.010872126631],
      [0.54855617456, 0.047010774858, 0.37406062775, 0.030372422828],
      [0.013329598042, 0.037169565336, 0.93763229479, 0.011868541834],
      [0.072768082265, 0.41229629882, 0.50283149697, 0.012104121945],
      [0.0076561530194, 0.65665988161, 0.30060398719, 0.035079978187],
      [0.015719292554, 0.23646367461, 0.71654984064, 0.031267192202],
      [0.077811944349, 0.065896638549, 0.78451068619, 0.071780730913]
    ],
    [
      [0.15269032617, 0.43972541279, 0.39803585938, 0.0095484016662],
      [0.57199190998, 0.11268610968, 0.28172987021, 0.033592110134],
      [0.014007334088, 0.086887686926, 0.88842578363, 0.010679195352],
      [0.042332870026, 0.68591483351, 0.26332375283, 0.0084285436365],
      [0, 0.85324725897, 0.12668130953, 0.020071431505],
      [0.011417979834, 0.49795217952, 0.46199701989, 0.028632820765],
      [0.089292068172, 0.17936802051, 0.6410839299, 0.090255981415]
    ],
    [
      [0.094319443042, 0.58633968123, 0.31934087573, 0],
      [0.54407139371, 0.18990353834, 0.26602506796, 0],
      [0.0041255450787, 0.11724573284, 0.87862872208, 0],
      [0.0072522199567, 0.79454116805, 0.198206612, 0],
      [0.0028894536225, 0.92328226206, 0.073828284322, 0],
      [0, 0.6337163351, 0.3662836649, 0],
      [0.10906645329, 0.28303324316, 0.60790030355, 0]
    ],
    [
      [0.21935616631, 0.25970818145, 0.47800071743, 0.042934934815],
      [0.64524604803, 0.041869415285, 0.21628270278, 0.096601833907],
      [0.047675771882, 0.042261980752, 0.86376745682, 0.04629479055],
      [0.082997319994, 0.50711767047, 0.36306644958, 0.04681855995],
      [0.014413851764, 0.68922446671, 0.17273867434, 0.12362300719],
      [0.0325516394, 0.29289110971, 0.53495206974, 0.13960518115],
      [0.077688946952, 0.070058243686, 0.52086473702, 0.33138807235]
    ],
    [
      [0.19880389817, 0.51755928873, 0.27351035617, 0.010126456922],
      [0.66752515833, 0.11573390205, 0.1843251513, 0.032415788326],
      [0.06472525069, 0.10259048341, 0.81354885496, 0.019135410944],
      [0.063160448224, 0.76205008941, 0.16599207122, 0.0087973911396],
      [0.0078313942331, 0.89709754705, 0.07639761986, 0.018673438857],
      [0.027246756113, 0.60532508366, 0.33537859149, 0.032049568728],
      [0.13373471827, 0.24211427407, 0.51677191193, 0.10737909573]
    ],
    [
      [0.22141087537, 0.42452977, 0.3430031431, 0.011056211529],
      [0.6908625384, 0.078038740612, 0.20109828389, 0.030000437096],
      [0.053814917669, 0.083195810416, 0.84703498514, 0.01595428678],
      [0.074114945641, 0.69480353848, 0.22141757629, 0.0096639395856],
      [0.010062300574, 0.8604436698, 0.10655556201, 0.022938467614],
      [0.029095751691, 0.51298323401, 0.42430157356, 0.033619440735],
      [0.13387125442, 0.17755194653, 0.59429214393, 0.094284655124]
    ],
    [
      [0, 0.28314879638, 0.71685120362, 0],
      [0, 0.39778235559, 0.60221764441, 0],
      [0, 0.012577731251, 0.98742226875, 0],
      [0, 0.44125314235, 0.55874685765, 0],
      [0, 0.67251961633, 0.32748038367, 0],
      [0, 0.22549931274, 0.77450068726, 0],
      [0.027494849904, 0.065307887896, 0.87926415302, 0.027933109178]
    ],
    [
      [0.021622063943, 0.17297301418, 0.80466541507, 0.00073950681448],
      [0.58624352934, 0.025710582318, 0.38736211675, 0.00068377159582],
      [0, 0.02259366466, 0.97740633534, 0],
      [0.0097336626688, 0.54407923419, 0.44548807701, 0.00069902613133],
      [0, 0.86443801204, 0.13556198796, 0],
      [0.0062938539731, 0.18955866472, 0.80345883266, 0.00068864864252],
      [0.016349638006, 0.044289012709, 0.93935102451, 1.0324779987e-05]
    ],
    [
      [0.19238287528, 0.36636414442, 0.4412529803, 0],
      [0.68309066679, 0.069577605516, 0.24154612971, 0.0057855979815],
      [0.043228138498, 0.052579824696, 0.90419203681, 0],
      [0.067355367575, 0.65331105251, 0.27933357992, 0],
      [0.013853802811, 0.86184780284, 0.12429839435, 0],
      [0.029801578715, 0.43851254506, 0.53168587623, 0],
      [0.11480084198, 0.13618563976, 0.74901351826, 0]
    ],
    [
      [0.52910325034, 0.26801144456, 0.2008617526, 0.0020235524981],
      [0.93707550685, 0.018754517704, 0.042332658054, 0.0018373173881],
      [0.14776106862, 0.082101862598, 0.77013706878, 0],
      [0.17665410407, 0.65503564832, 0.1683102476, 0],
      [0.022988493626, 0.90161894901, 0.075392557366, 0],
      [0.079741014855, 0.54655145741, 0.37370752774, 0],
      [0.37904580874, 0.14687612966, 0.4740780616, 0]
    ],
    [
      [0.094827709161, 0.20207356968, 0.69908522333, 0.0040134978292],
      [0.48993566162, 0.046461888145, 0.45099158486, 0.01261086537],
      [0, 0.021826979591, 0.97817302041, 0],
      [0, 0.45667679448, 0.54332320552, 0],
      [0, 0.69091150412, 0.30908849588, 0],
      [0, 0.23067150514, 0.76932849486, 0],
      [0, 0.12189136245, 0.87810863755, 0]
    ],
    [
      [0.20897178659, 0.34409143283, 0.4160216803, 0.030915100277],
      [0.63457424585, 0.073547769857, 0.23991124026, 0.051966744031],
      [0.041114246898, 0.063891368131, 0.86877777692, 0.026216608046],
      [0.077925375796, 0.60632219293, 0.29375876659, 0.021993664684],
      [0.0069432033775, 0.79461953679, 0.1471959028, 0.051241357034],
      [0.022526426136, 0.41102646371, 0.5006507822, 0.065796327952],
      [0.1095938296, 0.12940970964, 0.60410021385, 0.15689624691]
    ],
    [
      [0.00055210818516, 0.54506100653, 0.45249176695, 0.0018951183359],
      [0.70821856447, 0.10035831709, 0.18923030305, 0.0021928153954],
      [0, 0.056681313324, 0.94331868668, 0],
      [0, 0.77712907, 0.22287093, 0],
      [0, 0.87938549802, 0.12061450198, 0],
      [0, 0.52803312262, 0.47196687738, 0],
      [0.0045211222277, 0.1853334248, 0.80617464299, 0.0039708099787]
    ],
    [
      [0.14625555464, 0.3319627497, 0.49892129586, 0.022860399791],
      [0.60186609972, 0.063396241314, 0.2808235157, 0.053914143267],
      [0.021074042839, 0.03949286676, 0.88707743891, 0.052355651488],
      [0.04969623006, 0.59921085843, 0.33500785648, 0.016085055029],
      [0.0038088192774, 0.79114125886, 0.14109867898, 0.063951242887],
      [0.014651863369, 0.36579478762, 0.55136981476, 0.068183534249],
      [0.066243221394, 0.10573441012, 0.67928639477, 0.14873597372]
    ],
    [
      [0.47535049291, 0, 0.48812332443, 0.036526182663],
      [0.78653262817, 0, 0.15210790546, 0.061359466373],
      [0.03326479963, 0, 0.93224933972, 0.034485860654],
      [0.24982325855, 0.15595355753, 0.52961094264, 0.064612241286],
      [0.34113241692, 0, 0.40578353235, 0.25308405073],
      [0.061999736299, 0, 0.78157208907, 0.15642817463],
      [0.14760972357, 0, 0.55271054847, 0.29967972796]
    ],
    [
      [0.3914601743, 0.20787173873, 0.3902772716, 0.010390815369],
      [0.82635423543, 0.025091548336, 0.13205355085, 0.016500665378],
      [0.079340043915, 0.037150450824, 0.86691309899, 0.016596406273],
      [0.16986992379, 0.46522288913, 0.35074214053, 0.014165046549],
      [0.0334262531, 0.72931956716, 0.19316869153, 0.044085488217],
      [0.064057809469, 0.30369976347, 0.58514930023, 0.047093126826],
      [0.20181521309, 0.082984272075, 0.62992616721, 0.085274347627]
    ],
    [
      [0.33731845419, 0.18901402026, 0.45780378964, 0.015863735916],
      [0.7349916721, 0.030294447806, 0.20249908394, 0.032214796154],
      [0.069099965382, 0.029510331649, 0.88068203226, 0.020707670705],
      [0.16098151892, 0.40818440983, 0.40954226027, 0.021291810992],
      [0.024467305027, 0.66363805362, 0.25448053961, 0.057414101743],
      [0.049124468321, 0.25789357541, 0.63838804883, 0.05459390744],
      [0.16719315249, 0.068059824969, 0.645540695, 0.11920632754]
    ],
    [
      [0.46525673782, 0.15958433903, 0.36161598927, 0.013542933885],
      [0.83543033923, 0.020532077252, 0.12627676674, 0.017760816778],
      [0.098097200416, 0.032628133432, 0.85144199558, 0.017832670569],
      [0.23790901046, 0.38752768756, 0.35817560071, 0.016387701278],
      [0.034519891872, 0.67814674904, 0.23864908449, 0.048684274601],
      [0.072391139871, 0.26667008133, 0.61248053518, 0.048458243615],
      [0.2624672278, 0.065946914633, 0.57759123359, 0.093994623978]
    ],
    [
      [0.35299688877, 0.21855530312, 0.4211246355, 0.0073231726144],
      [0.76544659885, 0.035100916032, 0.18270807921, 0.016744405903],
      [0.075833536575, 0.044656219753, 0.87435026442, 0.00515997925],
      [0.16114911164, 0.463174637, 0.36637000954, 0.0093062418287],
      [0.023574717067, 0.72915180017, 0.21769283341, 0.029580649352],
      [0.051917512561, 0.30900285709, 0.60829827399, 0.030781356364],
      [0.19112663907, 0.085191707758, 0.65066801784, 0.073013635337]
    ],
    [
      [0.70138986061, 0.050286592768, 0.24832354662, 0],
      [0.93237862635, 0.0032816949053, 0.064339678746, 0],
      [0.13844329153, 0.010765922848, 0.85079078562, 0],
      [0.50542701485, 0.19373626052, 0.30083672462, 0],
      [0.10893402449, 0.56734240078, 0.32372357473, 0],
      [0.19016827016, 0.17051964668, 0.63931208316, 0],
      [0.55289386205, 0.029869008032, 0.41723712992, 0]
    ],
    [
      [0.2219189571, 0.3600057807, 0.39722065487, 0.020854607325],
      [0.64449548139, 0.074339331758, 0.22935424239, 0.051810944457],
      [0.042807268724, 0.06725848067, 0.8595900381, 0.03034421251],
      [0.081129015492, 0.61899179067, 0.27921556335, 0.02066363049],
      [0.009059167118, 0.80758116296, 0.13870626046, 0.044653409465],
      [0.027153103567, 0.43185114923, 0.48349044172, 0.05750530548],
      [0.11708030694, 0.13484653421, 0.59250628222, 0.15556687662]
    ],
    [
      [0.341222943, 0.23695058616, 0.40947696703, 0.012349503805],
      [0.74735419451, 0.03944967672, 0.1858025616, 0.027393567175],
      [0.074214886531, 0.048475725234, 0.86405455678, 0.01325483146],
      [0.15392701101, 0.48300445493, 0.34836905378, 0.014699480287],
      [0.021964407868, 0.73156179366, 0.20377521069, 0.042698587777],
      [0.050089576015, 0.32721448995, 0.57719259553, 0.045503338509],
      [0.18366988373, 0.091521507738, 0.6177144787, 0.10709412983]
    ],
    [
      [0.40424200323, 0.22110720469, 0.3613649043, 0.013285887778],
      [0.79792882185, 0.032503384305, 0.143369804, 0.026197989849],
      [0.090854999545, 0.05055976015, 0.83831421381, 0.020271026492],
      [0.18681721623, 0.47708085727, 0.31929217414, 0.016809752363],
      [0.026449281509, 0.73920102529, 0.1874533373, 0.046896355898],
      [0.062701756362, 0.33285159379, 0.55275694495, 0.051689704896],
      [0.22414597865, 0.088530742627, 0.56908173904, 0.11824153968]
    ],
    [
      [0.44489666124, 0.16941201768, 0.37699628349, 0.0086950375934],
      [0.82588844998, 0.022361766888, 0.13689337341, 0.014856409716],
      [0.095697721284, 0.035091191652, 0.85742241078, 0.011788676281],
      [0.22145964958, 0.40184314448, 0.36521811496, 0.01147909098],
      [0.034174018504, 0.69358047041, 0.23585194135, 0.036393569739],
      [0.071555954962, 0.27355093651, 0.61896155902, 0.035931549507],
      [0.2475428803, 0.069124801543, 0.60701744964, 0.076314868517]
    ],
    [
      [0.2930023047, 0.39372286349, 0.3063702984, 0.0069045334161],
      [0.750713662, 0.07260650577, 0.15895482931, 0.017725002914],
      [0.08318268734, 0.088431969628, 0.82198128063, 0.0064040624035],
      [0.10764278033, 0.67160546552, 0.21408388644, 0.0066678677133],
      [0.012974990005, 0.86541345552, 0.10499130178, 0.016620252693],
      [0.040588978377, 0.52339138249, 0.41135401785, 0.024665621282],
      [0.188839213, 0.18049689728, 0.55667290893, 0.073990980787]
    ],
    [
      [0.45730122775, 0.14188129288, 0.39198532799, 0.0088321513723],
      [0.81850589011, 0.018119856795, 0.147184432, 0.016189821096],
      [0.097428308441, 0.020674667267, 0.8760775446, 0.0058194796933],
      [0.24435878434, 0.3455349392, 0.39738982657, 0.01271644988],
      [0.041712737734, 0.63344223706, 0.27890941355, 0.045935611664],
      [0.078076805907, 0.23148180247, 0.65070265375, 0.039738737873],
      [0.25317214002, 0.056011396365, 0.6084574208, 0.082359042822]
    ],
    [
      [0.24688581224, 0.27531935405, 0.4597567768, 0.018038056915],
      [0.65335962684, 0.054022334985, 0.24641932481, 0.046198713363],
      [0.044171425449, 0.051688753689, 0.88081915544, 0.023320665421],
      [0.10121204225, 0.5195784876, 0.358925645, 0.020283825154],
      [0.013238230929, 0.73908509079, 0.19595423548, 0.051722442804],
      [0.03104295737, 0.33729188569, 0.57403008493, 0.05763507201],
      [0.1220443926, 0.09756063031, 0.64076691594, 0.13962806115]
    ],
    [
      [0.36651538846, 0.25637694667, 0.37710766487, 0],
      [0.80175936606, 0.040015025691, 0.15822560825, 0],
      [0.076222319288, 0.060614919801, 0.86316276091, 0],
      [0.16367826976, 0.52126684107, 0.31505488917, 0],
      [0.035719493526, 0.78678753897, 0.17749296751, 0],
      [0.069849362152, 0.37039598926, 0.55975464859, 0],
      [0.25903686708, 0.10659838043, 0.63436475248, 0]
    ],
    [
      [0.26025417645, 0.11299748432, 0.59585542733, 0.030892911899],
      [0.64492639415, 0.02110673962, 0.28378762091, 0.050179245322],
      [0.05222562774, 0.0040109230872, 0.90954519069, 0.03421825848],
      [0.13260086039, 0.26814219196, 0.55908660563, 0.040170342013],
      [0.03627222879, 0.48558936471, 0.35961481776, 0.11852358874],
      [0.035547748876, 0.13991894548, 0.74792105115, 0.076612254491],
      [0.098120555141, 0.035787638004, 0.70963701349, 0.15645479336]
    ],
    [
      [0.44134440076, 0.14733995085, 0.4113156484, 0],
      [0.83738128103, 0.01905001348, 0.14356870549, 0],
      [0.082370966404, 0.03021983694, 0.88740919666, 0],
      [0.22258096685, 0.36164789681, 0.41577113634, 0],
      [0.052184162304, 0.6641835126, 0.2836323251, 0],
      [0.080477930096, 0.23771895991, 0.68180310999, 0],
