{
  "X": [
    [21, 117, 194, 21],
    [1, 20, 117, 5],
    [13, 110, 195, 17],
    [1, 11, 4, 1],
    [17, 41, 128, 9],
    [3, 29, 59, 6],
    [31, 218, 471, 49],
    [13, 127, 184, 14],
    [55, 268, 638, 64],
    [6, 29, 45, 7],
    [5, 21, 27, 5],
    [14, 52, 118, 7],
    [4, 22, 11, 1],
    [8, 31, 152, 9],
    [43, 155, 211, 15],
    [10, 53, 124, 7],
    [12, 140, 144, 25],
    [17, 175, 180, 42],
    [6, 52, 92, 5],
    [36, 213, 293, 36],
    [41, 359, 505, 60],
    [9, 16, 54, 5],
    [55, 168, 323, 35],
    [2, 12, 16, 1],
    [5, 18, 31, 2],
    [21, 158, 218, 15],
    [141, 568, 1227, 93],
    [56, 243, 670, 50],
    [17, 75, 43, 2],
    [1, 8, 10, 1],
    [131, 359, 877, 78],
    [51, 233, 465, 40],
    [2, 17, 84, 3],
    [1, 22, 47, 9],
    [6, 27, 38, 4],
    [0, 5, 1, 0],
    [30, 207, 409, 69],
    [1, 4, 10, 0],
    [2, 9, 11, 0],
    [13, 112, 45, 16],
    [2, 13, 24, 0],
    [4, 41, 47, 4],
    [12, 39, 99, 12],
    [0, 6, 26, 2],
    [14, 92, 190, 23],
    [0, 1, 14, 6],
    [23, 99, 83, 13],
    [34, 118, 180, 16],
    [8, 17, 37, 12],
    [5, 28, 48, 5],
    [1, 2, 4, 0],
    [47, 246, 633, 55],
    [9, 38, 122, 14],
    [3, 7, 36, 5],
    [11, 58, 116, 9],
    [0, 26, 9, 1],
    [27, 106, 369, 48],
    [0, 6, 2, 1],
    [22, 66, 48, 3],
    [3, 8, 14, 1],
    [14, 54, 186, 21],
    [3, 12, 17, 5],
    [15, 103, 187, 9],
    [2, 17, 39, 3],
    [5, 19, 10, 0],
    [22, 101, 65, 9],
    [1, 15, 6, 2],
    [7, 10, 74, 3],
    [24, 125, 301, 32],
    [104, 169, 335, 24],
    [0, 1, 10, 0],
    [4, 40, 35, 3],
    [42, 201, 301, 19],
    [0, 7, 53, 3],
    [8, 17, 59, 7],
    [12, 38, 99, 10],
    [11, 25, 99, 3],
    [1, 25, 33, 1],
    [1, 12, 13, 6],
    [0, 3, 6, 0],
    [0, 7, 15, 2],
    [2, 20, 8, 1],
    [24, 130, 234, 31],
    [3, 19, 34, 4],
    [8, 30, 60, 4],
    [15, 47, 105, 5],
    [4, 88, 139, 9],
    [14, 32, 74, 5],
    [7, 13, 69, 6],
    [0, 43, 84, 3],
    [2, 12, 59, 1],
    [1, 2, 4, 0],
    [4, 18, 6, 3],
    [19, 59, 68, 10],
    [95, 212, 761, 68],
    [4, 30, 78, 11],
    [9, 21, 43, 5],
    [82, 264, 755, 58],
    [11, 23, 72, 0],
    [1, 18, 53, 7],
    [70, 213, 608, 109],
    [17, 51, 127, 6],
    [7, 20, 38, 2],
    [8, 47, 88, 7],
    [6, 14, 7, 5],
    [3, 72, 97, 9],
    [212, 1027, 2261, 174],
    [39, 154, 245, 25],
    [201, 561, 1037, 111],
    [41, 73, 160, 9]
  ],
  "W": [
    [17, 24, 106, 172, 23, 11],
    [5, 6, 13, 106, 6, 7],
    [9, 13, 84, 182, 28, 19],
    [0, 0, 7, 4, 3, 3],
    [13, 19, 34, 102, 17, 10],
    [4, 4, 19, 49, 11, 10],
    [10, 39, 197, 415, 53, 55],
    [11, 12, 113, 149, 30, 23],
    [44, 49, 250, 540, 78, 64],
    [1, 7, 24, 39, 7, 9],
    [1, 6, 20, 22, 5, 4],
    [11, 14, 40, 100, 16, 10],
    [0, 4, 19, 8, 4, 3],
    [5, 7, 30, 142, 8, 8],
    [14, 45, 130, 184, 25, 26],
    [12, 16, 39, 102, 14, 11],
    [8, 12, 110, 119, 45, 27],
    [13, 16, 159, 155, 39, 32],
    [5, 10, 41, 82, 9, 8],
    [21, 34, 174, 266, 41, 42],
    [26, 38, 308, 447, 87, 59],
    [1, 6, 21, 47, 7, 2],
    [31, 70, 137, 285, 25, 33],
    [1, 1, 5, 17, 5, 2],
    [0, 5, 14, 31, 4, 2],
    [6, 20, 137, 182, 38, 29],
    [102, 171, 503, 1091, 94, 68],
    [62, 76, 224, 584, 42, 31],
    [0, 36, 42, 40, 6, 13],
    [0, 1, 6, 10, 1, 2],
    [84, 111, 308, 798, 86, 58],
    [31, 61, 175, 441, 46, 35],
    [4, 2, 11, 71, 10, 8],
    [4, 1, 12, 44, 16, 2],
    [1, 5, 21, 38, 5, 5],
    [0, 0, 4, 1, 1, 0],
    [35, 41, 181, 363, 40, 55],
    [0, 0, 5, 8, 1, 1],
    [0, 3, 10, 7, 1, 1],
    [2, 3, 102, 41, 23, 15],
    [2, 4, 7, 24, 1, 1],
    [4, 9, 30, 37, 9, 7],
    [9, 7, 37, 90, 10, 9],
    [1, 1, 5, 24, 1, 2],
    [11, 22, 77, 166, 27, 16],
    [9, 0, 0, 8, 0, 4],
    [2, 26, 86, 72, 18, 14],
    [13, 37, 87, 153, 32, 26],
    [7, 7, 13, 37, 5, 5],
    [5, 13, 14, 41, 9, 4],
    [0, 0, 3, 4, 0, 0],
    [32, 50, 229, 576, 56, 38],
    [10, 12, 37, 106, 9, 9],
    [6, 0, 7, 28, 7, 3],
    [6, 18, 38, 101, 14, 17],
    [0, 2, 22, 5, 2, 5],
    [33, 22, 105, 319, 25, 46],
    [0, 4, 2, 1, 2, 0],
    [0, 33, 44, 45, 5, 12],
    [0, 3, 6, 15, 0, 2],
    [20, 15, 35, 169, 22, 14],
    [1, 2, 8, 14, 6, 6],
    [7, 16, 83, 175, 25, 8],
    [2, 5, 12, 37, 1, 4],
    [0, 2, 15, 7, 7, 3],
    [7, 32, 85, 49, 7, 17],
    [0, 3, 10, 5, 2, 4],
    [11, 5, 11, 62, 3, 2],
    [30, 15, 117, 261, 33, 26],
    [13, 74, 167, 296, 50, 32],
    [3, 0, 1, 7, 0, 0],
    [4, 7, 30, 25, 13, 3],
    [19, 35, 149, 286, 38, 36],
    [2, 1, 5, 48, 5, 2],
    [11, 9, 12, 43, 7, 9],
    [7, 13, 32, 84, 7, 16],
    [7, 11, 24, 83, 10, 3],
    [2, 0, 17, 34, 4, 3],
    [0, 4, 9, 15, 0, 4],
    [0, 0, 1, 4, 3, 1],
    [3, 0, 10, 8, 0, 3],
    [1, 0, 19, 7, 1, 3],
    [12, 25, 115, 193, 48, 26],
    [1, 6, 13, 35, 2, 3],
    [2, 5, 24, 58, 8, 5],
    [17, 14, 38, 84, 7, 12],
    [6, 11, 55, 124, 36, 8],
    [5, 9, 32, 70, 6, 3],
    [7, 6, 15, 58, 2, 7],
    [6, 0, 31, 83, 4, 6],
    [3, 4, 10, 52, 4, 1],
    [0, 0, 2, 4, 1, 0],
    [0, 4, 15, 6, 2, 4],
    [2, 22, 50, 52, 11, 19],
    [72, 96, 190, 692, 36, 50],
    [10, 5, 28, 69, 0, 11],
    [4, 5, 19, 43, 2, 5],
    [74, 89, 222, 663, 57, 54],
    [4, 8, 23, 61, 8, 2],
    [4, 1, 13, 48, 8, 5],
    [82, 49, 199, 537, 53, 80],
    [3, 20, 51, 114, 7, 6],
    [3, 6, 17, 32, 7, 2],
    [7, 11, 41, 74, 9, 8],
    [0, 5, 8, 7, 3, 9],
    [2, 6, 67, 87, 9, 10],
    [125, 262, 869, 2028, 230, 160],
    [15, 36, 146, 215, 24, 27],
    [71, 208, 509, 896, 101, 125],
    [6, 55, 61, 146, 3, 12]
  ],
  "method": "mvn_cdf",
  "mvncdf_method": "genz",
  "mvncdf_samples": 5000,
  "mvncdf_error": 0.001,
  "cond_prob": [
    [
      [0.016172787928, 0.0041787514694, 0.69413426937, 0.28551419123],
      [0.50706521722, 0.38063433476, 0.10809595027, 0.0042044977497],
      [0.048902172563, 0.79079425028, 0.12270472587, 0.037598851283],
      [0.014587505089, 0.034486823385, 0.92336652304, 0.027559148484],
      [0.014803732494, 0.5997478181, 0.29303469566, 0.092413753748],
      [0.047484579776, 0.38578302024, 0.094533973473, 0.47219842651]
    ],
    [
      [0.0024330810564, 0.00051669198547, 0.86356835897, 0.13348186799],
      [0.14124187105, 0.57695159183, 0.27692799975, 0.0048785373707],
      [0.0033875961882, 0.75866053463, 0.2100643653, 0.027887503881],
      [0.00047267729863, 0.013305159434, 0.97468027025, 0.011541893019],
      [0.0039208206019, 0.45849257733, 0.48101419634, 0.056572405728],
      [0.00324512867, 0.35883109642, 0.29822280475, 0.33970097015]
    ],
    [
      [0.016301415578, 0.00070435560367, 0.73483466821, 0.24815956061],
      [0.46832542662, 0.44553295317, 0.082903572272, 0.003238047935],
      [0.038929687246, 0.82684228696, 0.10819871605, 0.026029309744],
      [0.01305707243, 0.041639482951, 0.92311223973, 0.022191204889],
      [0.012456706021, 0.65787045464, 0.26276233902, 0.066910500318],
      [0.040515159691, 0.46043271983, 0.15033033027, 0.34872179022]
    ],
    [
      ["NaN", "NaN", "NaN", "NaN"],
      ["NaN", "NaN", "NaN", "NaN"],
      [0.082147206382, 0.88142307864, 0.015643221519, 0.020786493463],
      [0.041950684617, 0.073807995589, 0.86007073362, 0.024170586169],
      [0.022889455752, 0.84960902561, 0.088902389537, 0.038599129099],
      [0.062832816535, 0.66199313012, 0.061169115418, 0.21400493793]
    ],
    [
      [0.017312705123, 0.00023331331571, 0.82711273259, 0.15534124897],
      [0.61538499104, 0.24757735257, 0.13443147815, 0.0026061782294],
      [0.075800203756, 0.68127892655, 0.21393204655, 0.028988823144],
      [0.014472776381, 0.017152807277, 0.9551348202, 0.013239596142],
      [0.02056254756, 0.47731085742, 0.4348796754, 0.067246919621],
      [0.067962657643, 0.32656428068, 0.26029406667, 0.34517899501]
    ],
    [
      [0.009308566099, 0.0094072301946, 0.81902952342, 0.16225468029],
      [0.40404504248, 0.4310877123, 0.16161606966, 0.0032511755557],
      [0.030853198374, 0.78391458584, 0.16129376232, 0.023938453466],
      [0.0065384370886, 0.026731402011, 0.95020698514, 0.016523175758],
      [0.0093316309581, 0.60209236376, 0.3294176357, 0.059158369579],
      [0.033734343869, 0.44107883992, 0.18290998788, 0.34227682833]
    ],
    [
      [0.012849915131, 0.00043458241923, 0.67918001966, 0.30753548279],
      [0.44965183515, 0.37259677921, 0.17296357068, 0.0047878149652],
      [0.039885378391, 0.74536590052, 0.1745275478, 0.040221173288],
      [0.0072598405182, 0.025809109745, 0.94566489924, 0.021266150493],
      [0.011316796113, 0.51806414501, 0.37954073124, 0.091078327634],
      [0.033909740469, 0.3356203119, 0.19116548524, 0.43930446239]
    ],
    [
      [0.012583715803, 0.0053258763834, 0.82839209011, 0.15369831771],
      [0.47624453663, 0.42013695815, 0.10117560259, 0.0024429026305],
      [0.039285836952, 0.78966153368, 0.15089313746, 0.020159491905],
      [0.0092156096053, 0.030673377471, 0.94848655351, 0.011624459416],
      [0.011975457573, 0.58910991662, 0.34809760303, 0.050817022785],
      [0.042389371855, 0.45323425281, 0.21109698612, 0.29327938921]
    ],
    [
      [0.015221204296, 0.0011031765801, 0.76383779587, 0.21983782326],
      [0.56142477955, 0.31111881241, 0.12366103944, 0.0037953685908],
      [0.060894625893, 0.72032182549, 0.18037524693, 0.038408301681],
      [0.012859669219, 0.022567138466, 0.94490643074, 0.019666761578],
      [0.017152589577, 0.5060061403, 0.38862584363, 0.088215426489],
      [0.051791765222, 0.32767888022, 0.19805696741, 0.42247238715]
    ],
    [
      [0.016333959916, 0.00039478820166, 0.65370851358, 0.3295627383],
      [0.5316424787, 0.33409907957, 0.12951254078, 0.0047459009507],
      [0.051157954887, 0.77293300417, 0.13650506188, 0.039403979067],
      [0.013725881564, 0.025124343557, 0.93425149035, 0.02689828453],
      [0.015012906949, 0.56589401123, 0.32920748427, 0.089885597546],
      [0.043775338029, 0.35215689748, 0.15814685583, 0.44592090866]
    ],
    [
      [0.013166202209, 0.0001862017971, 0.65098429598, 0.33566330002],
      [0.558608225, 0.31084953938, 0.12366608945, 0.0068761461713],
      [0.05552047199, 0.74798314147, 0.13982741951, 0.056668967031],
      [0.013314159787, 0.01939651931, 0.93328771089, 0.034001610014],
      [0.015634082548, 0.52446386294, 0.33696413328, 0.12293792123],
      [0.03842326999, 0.28150274826, 0.14833011779, 0.53174386397]
    ],
    [
      [0.022295784902, 0.0010485520848, 0.82723474653, 0.14942091648],
      [0.58827945856, 0.30599156104, 0.10415095045, 0.0015780299497],
      [0.066936121699, 0.77208146627, 0.14237248793, 0.018609924103],
      [0.017960803014, 0.028652901227, 0.94249197466, 0.010894321103],
      [0.020254462114, 0.59486402693, 0.33655985167, 0.048321659285],
      [0.072123738311, 0.4438210868, 0.21132498725, 0.27273018764]
    ],
    [
      ["NaN", "NaN", "NaN", "NaN"],
      [0.5817912308, 0.32904734107, 0.085492593427, 0.0036688347069],
      [0.063784970845, 0.83568684688, 0.088436353064, 0.012091829214],
      [0.021787651016, 0.026628902738, 0.94193631435, 0.0096471318925],
      [0.019824998698, 0.70715980062, 0.24220947244, 0.030805728242],
      [0.069106475945, 0.58803004023, 0.1578035045, 0.18505997933]
    ],
    [
      [0.014168815699, 0.00027424939969, 0.77133930227, 0.21421763263],
      [0.5680635779, 0.27960695186, 0.14841480327, 0.0039146669691],
      [0.06106540726, 0.68991250119, 0.20960858394, 0.039413507611],
      [0.011264453308, 0.016358407514, 0.95382528769, 0.018551851489],
      [0.016249288255, 0.45882118224, 0.43824168776, 0.086687841746],
      [0.048900247821, 0.29381771617, 0.23337724921, 0.4239047868]
    ],
    [
      [0.028749207183, 0.0051580030271, 0.79641795435, 0.16967483544],
      [0.59681210977, 0.32244098734, 0.079376867727, 0.0013700351658],
      [0.069170566643, 0.80184831916, 0.11216536824, 0.016815745959],
      [0.022460148861, 0.039210425242, 0.92570146555, 0.012627960349],
      [0.022220734319, 0.64971444018, 0.28103673745, 0.047028088051],
      [0.079254105693, 0.48923395337, 0.16698860088, 0.26452334005]
    ],
    [
      [0.011309793228, 0.0006093714336, 0.85062693721, 0.13745389813],
      [0.44005507763, 0.41379889272, 0.14408479452, 0.0020612351255],
      [0.036913827111, 0.78457599614, 0.1601030153, 0.018407161449],
      [0.0077261691119, 0.027372097506, 0.95550268116, 0.0093990522266],
      [0.010948971454, 0.57142171999, 0.37246766226, 0.045161646302],
      [0.04021883019, 0.45287121674, 0.23338924502, 0.27352070806]
    ],
    [
      [0.01306967776, 0.00066801264166, 0.69266729856, 0.29359501104],
      [0.45796370166, 0.45052571191, 0.087425593299, 0.0040849931276],
      [0.034454322693, 0.81148624087, 0.11884771384, 0.0352117226],
      [0.010368308992, 0.045091173277, 0.91671226508, 0.027828252653],
      [0.011085701163, 0.64247404068, 0.25275941863, 0.093680839522],
      [0.032489531091, 0.40917331146, 0.14345824397, 0.41487891348]
    ],
    [
      [0.012086390041, 0.00079068583326, 0.58298386917, 0.40413905495],
      [0.47907910696, 0.43633418501, 0.07924520778, 0.0053415002527],
      [0.037662262953, 0.80158336919, 0.10988146169, 0.050872906161],
      [0.011785544635, 0.043760182837, 0.90485457076, 0.039599701768],
      [0.0115528342, 0.60030725027, 0.25405850176, 0.13408141377],
      [0.028499733011, 0.32380647882, 0.11004356033, 0.53765022784]
    ],
    [
      [0.011229282987, 0.0061727876946, 0.82836492924, 0.15423300008],
      [0.38308321391, 0.48348294853, 0.1311687714, 0.00226506617],
      [0.028711472959, 0.83505412105, 0.11922051765, 0.017013888339],
      [0.0071311215426, 0.036151242524, 0.94431321736, 0.012404418574],
      [0.0091456440892, 0.64905540474, 0.29809866113, 0.04370029004],
      [0.033598536425, 0.51139838543, 0.19273433032, 0.26226874782]
    ],
    [
      [0.021913956202, 0.0031407847824, 0.70680161527, 0.26814364374],
      [0.53599945472, 0.38591688486, 0.075030090433, 0.0030535699835],
      [0.052905878766, 0.81876416496, 0.099868257653, 0.028461698624],
      [0.019383835256, 0.043926390706, 0.91158095536, 0.025108818676],
      [0.016984030628, 0.65832731914, 0.2508508182, 0.073837832031],
      [0.05375612191, 0.4445729695, 0.13008686906, 0.37158403953]
    ],
    [
      [0.015323296433, 0.00063564168403, 0.70545933526, 0.27858172662],
      [0.4914528037, 0.41953350999, 0.08513515565, 0.0038785306576],
      [0.041799672423, 0.80444550101, 0.12044375135, 0.033311075215],
      [0.012478995538, 0.038451180648, 0.92402491221, 0.025044911601],
      [0.013093248469, 0.62121163912, 0.28179948849, 0.083895623926],
      [0.039573983452, 0.40743890292, 0.1486534694, 0.40433364423]
    ],
    [
      [0.025371556382, 0.00015372059379, 0.646779383, 0.32769534002],
      [0.76811342354, 0.11981153325, 0.10817760373, 0.0038974394826],
      [0.14240792421, 0.56677630436, 0.22920654323, 0.061609228188],
      [0.019719803742, 0.010066019692, 0.94347079, 0.026743386568],
      [0.036026772334, 0.35932957697, 0.47539755035, 0.12924610034],
      [0.098181655847, 0.19513236197, 0.10995380215, 0.59673218003]
    ],
    [
      [0.019468265987, 0.00073891705953, 0.72258128836, 0.25721152859],
      [0.56208098651, 0.34685349213, 0.087506863827, 0.0035586575354],
      [0.058425794518, 0.77605448566, 0.13199092107, 0.033528798748],
      [0.016910227909, 0.033330387545, 0.92601726483, 0.023742119718],
      [0.017648572028, 0.60586870123, 0.29040829395, 0.08607443279],
      [0.054116714998, 0.38581838198, 0.15807926005, 0.40198564298]
    ],
    [
      [0.041397716543, 0.068230410606, 0.71818200816, 0.17218986469],
      [0.64168047749, 0.34008876067, 0.017188681947, 0.0010420798991],
      [0.054036299219, 0.88321268827, 0.053476656692, 0.009274355816],
      [0.047272685295, 0.083514980214, 0.85064970883, 0.018562625663],
      [0.020511847066, 0.89367955984, 0.055202407081, 0.030606186018],
      [0.070272712263, 0.64373246227, 0.13009447049, 0.15590035498]
    ],
    [
      ["NaN", "NaN", "NaN", "NaN"],
      [0.61118595012, 0.29799587809, 0.073443398342, 0.017374773449],
      [0.065200368726, 0.82945014652, 0.082810202763, 0.022539281994],
      [0.025864041423, 0.040303437746, 0.90999636821, 0.023836152622],
      [0.021084191063, 0.67052947135, 0.25445451928, 0.053931818307],
      [0.072571519436, 0.48309705139, 0.122867339, 0.32146409017]
    ],
    [
      [0.017731792143, 0.00060608712154, 0.81427056037, 0.16739156037],
      [0.50555997808, 0.36833384795, 0.12425100691, 0.001855167061],
      [0.04732965383, 0.78949338158, 0.14551137205, 0.017665592539],
      [0.012215881202, 0.033498974559, 0.94408601566, 0.010199128575],
      [0.014434785189, 0.60030136503, 0.33864139733, 0.04662245245],
      [0.052635686034, 0.46761475865, 0.20697484755, 0.27277470776]
    ],
    [
      [0.017691899462, 0.00078713784874, 0.75843106638, 0.22308989631],
      [0.53003024871, 0.35610365746, 0.11070340245, 0.0031626913723],
      [0.054467366277, 0.77394939249, 0.1416480603, 0.029935180926],
      [0.014579755091, 0.03140468501, 0.93453627091, 0.019479288987],
      [0.016423380018, 0.59311358372, 0.31494455726, 0.075518479003],
      [0.054600852379, 0.40756255696, 0.15113110484, 0.38670548582]
    ],
    [
      [0.012563789091, 0.00047112496609, 0.76650555518, 0.22045953077],
      [0.48885546466, 0.36377469073, 0.14331636997, 0.0040534746351],
      [0.046640209296, 0.74372351862, 0.17416406438, 0.035472207711],
      [0.00976963663, 0.025257434398, 0.94562587737, 0.0193470516],
      [0.013456915313, 0.54059458951, 0.36114029709, 0.084808198082],
      [0.043547246607, 0.36369455287, 0.16640181216, 0.42635638836]
    ],
    [
      ["NaN", "NaN", "NaN", "NaN"],
      [0.39767430382, 0.54600313583, 0.05448547985, 0.0018370805009],
      [0.030237270499, 0.89539962295, 0.072099472205, 0.0022636343432],
      [0.020219239755, 0.09076040796, 0.8859601204, 0.0030602318863],
      [0.010357159211, 0.80235645152, 0.16883110639, 0.01845528288],
      [0.041757473553, 0.71481137835, 0.11991949527, 0.12351165283]
    ],
    [
      ["NaN", "NaN", "NaN", "NaN"],
      [0.48978520541, 0.40455531841, 0.084065045171, 0.021594431005],
      [0.035669565698, 0.89765571223, 0.044510780718, 0.022163941359],
      [0.021226982552, 0.034808911828, 0.91392502566, 0.03003907996],
      [0.010571241192, 0.75072119401, 0.19615745734, 0.042550107455],
      [0.036678166843, 0.55535004797, 0.15673127829, 0.25124050689]
    ],
    [
      [0.030791126957, 0.00063946237938, 0.72140459324, 0.24716481742],
      [0.66353814051, 0.25695784702, 0.076927833923, 0.0025761785516],
      [0.090606043378, 0.75118228189, 0.12658521153, 0.031626463199],
      [0.024296037967, 0.033466840962, 0.91994757494, 0.022289546136],
      [0.028441529806, 0.58490982258, 0.30617638106, 0.080472266549],
      [0.086550698586, 0.38019030155, 0.14526630828, 0.38799269159]
    ],
    [
      [0.02042330156, 0.0022495083721, 0.71678873391, 0.26053845616],
      [0.51238501666, 0.39609922053, 0.088379662565, 0.0031361002502],
      [0.04998868875, 0.82172242728, 0.10040250779, 0.027886376173],
      [0.017776555958, 0.043100472442, 0.91509116937, 0.024031802226],
      [0.015841339529, 0.65801669095, 0.25325376276, 0.072888206758],
      [0.051291665952, 0.4483060538, 0.1318020625, 0.36860021774]
    ],
    [
      [0.0068530853618, 0.0016390030638, 0.91627121659, 0.075236694987],
      [0.43789825609, 0.34757014583, 0.21286310216, 0.0016684959186],
      [0.034944908894, 0.67871310698, 0.27076544287, 0.015576541256],
      [0.0043663749622, 0.016096474769, 0.97672546235, 0.0028116879206],
      [0.0094154741538, 0.45600094352, 0.49936071875, 0.035222863577],
      [0.038528723085, 0.39120004694, 0.32370675544, 0.24656447453]
    ],
    [
      [0.0051569732343, 0.022836787466, 0.55293130618, 0.41907493312],
      [0.38648194534, 0.49605099493, 0.10804825896, 0.0094188007706],
      [0.020195397287, 0.69685982291, 0.21849993889, 0.064444840914],
      [0.0046754989127, 0.045222500089, 0.90747065462, 0.042631346376],
      [0.0070989087029, 0.65952127886, 0.12356316151, 0.20981665093],
      [0.015620451438, 0.25407675731, 0.076253931068, 0.65404886018]
    ],
    [
      [0.034802952077, 0.00080777493426, 0.64273692735, 0.32165234564],
      [0.61003002314, 0.32394488274, 0.063122873152, 0.0029022209668],
      [0.064586610732, 0.83934259957, 0.070296420346, 0.025774369355],
      [0.029416617514, 0.049555129894, 0.89177804144, 0.029250211148],
      [0.021302548278, 0.70145569872, 0.21297526258, 0.064266490424],
      [0.066876779989, 0.47257995818, 0.12259639837, 0.33794686346]
    ],
    [
      ["NaN", "NaN", "NaN", "NaN"],
      ["NaN", "NaN", "NaN", "NaN"],
      [0, 0.99468751127, 0.0053124887341, 0],
      [0, 0.072354890012, 0.92764510999, 0],
      [0, 0.94889506493, 0.051104935075, 0],
      ["NaN", "NaN", "NaN", "NaN"]
    ],
    [
      [0.010032433828, 0.0020007067801, 0.63764424859, 0.35032261081],
      [0.43940567901, 0.4201898364, 0.13388309176, 0.0065213928348],
      [0.036870668396, 0.76896079911, 0.1398605049, 0.054308027592],
      [0.0083062402301, 0.032466537587, 0.92688422831, 0.032342993872],
      [0.010788388718, 0.55272867, 0.30428177805, 0.13220116323],
      [0.027508004454, 0.30228704341, 0.13178631184, 0.5384186403]
    ],
    [
      ["NaN", "NaN", "NaN", "NaN"],
      ["NaN", "NaN", "NaN", "NaN"],
      [0.14108981231, 0.66113112012, 0.19777906757, 0],
      [0.019548161057, 0.0021561766151, 0.97829566233, 0],
      [0.027704754916, 0.35415731447, 0.61813793061, 0],
      [0.11046089507, 0.32293767202, 0.56660143291, 0]
    ],
    [
      ["NaN", "NaN", "NaN", "NaN"],
      [0.45368392681, 0.28401411228, 0.26230196091, 0],
      [0.048083628429, 0.70391069326, 0.24800567831, 0],
      [0.011604280317, 0.041731972275, 0.94666374741, 0],
      [0.012750311278, 0.37354243655, 0.61370725217, 0],
      [0.064131661775, 0.44318448812, 0.4926838501, 0]
    ],
    [
      [0.0372560245, 0.0010291801738, 0.46685904836, 0.49485574696],
      [0.82524761378, 0.14925624209, 0.025018867756, 0.00047727637541],
      [0.073657078308, 0.8374150856, 0.050068567498, 0.03885926859],
      [0.036397514141, 0.080034463037, 0.83432345123, 0.049244571594],
      [0.024008552371, 0.71578685347, 0.15612349813, 0.10408109603],
      [0.059481889198, 0.4259549045, 0.072408630521, 0.44215457578]
    ],
    [
      [0.059005217949, 0.038938173213, 0.90205660884, 0],
      [0.33395913616, 0.61064008491, 0.055400778933, 0],
      [0.020108735547, 0.9583170739, 0.021574190554, 0],
      [0.013870128562, 0.082276772225, 0.90385309921, 0],
      [0.010309405527, 0.93494960241, 0.054740992062, 0],
      [0.062199379628, 0.86175166082, 0.07604895955, 0]
    ],
    [
      [0.0082854655683, 0.021788522971, 0.8161961632, 0.15372984826],
      [0.33406731608, 0.53308030789, 0.12993469626, 0.0029176797659],
      [0.020058935563, 0.84346739785, 0.11812788119, 0.018345785397],
      [0.0033025965789, 0.034054703371, 0.94860874104, 0.014033959008],
      [0.006566823535, 0.65736790471, 0.29150037759, 0.044564894171],
      [0.025312391556, 0.51925229062, 0.18570568978, 0.26972962805]
    ],
    [
      [0.027244567895, 0.0039050282201, 0.68329607138, 0.28555433251],
      [0.72284153791, 0.23200140551, 0.04199726436, 0.0031597922262],
      [0.096261491412, 0.72309771135, 0.13739578398, 0.04324501326],
      [0.023831671069, 0.026991374942, 0.92024480618, 0.028932147813],
      [0.029280189904, 0.53691996552, 0.32896314786, 0.10483669672],
      [0.077286738458, 0.30975624307, 0.15122738505, 0.46172963343]
    ],
    [
      [0, 0.003288457849, 0.80821361559, 0.18849792656],
      [0, 0.61918397946, 0.37342657231, 0.0073894482311],
      [0, 0.79671976082, 0.16557719294, 0.037703046242],
      [0, 0.0098164665167, 0.96238660105, 0.027796932432],
      [0, 0.51813868469, 0.39721433658, 0.084646978733],
      [0, 0.32009743876, 0.2479905428, 0.43191201844]
    ],
    [
      [0.0092999414346, 0.00049218161272, 0.69023844277, 0.29996943418],
      [0.42725726331, 0.41593011105, 0.15067372635, 0.0061388993014],
      [0.034976142226, 0.76089954473, 0.15542381948, 0.048700493557],
      [0.0065677808145, 0.027919393895, 0.93735031092, 0.028162514371],
      [0.0099925618831, 0.53953950505, 0.33641957756, 0.11404835551],
      [0.027801694626, 0.31579203698, 0.15259005269, 0.5038162157]
    ],
    [
      [0, 0.031999911886, 0.56961711295, 0.39838297516],
      ["NaN", "NaN", "NaN", "NaN"],
      ["NaN", "NaN", "NaN", "NaN"],
      [0, 0.012346834986, 0.90458797679, 0.083065188229],
      ["NaN", "NaN", "NaN", "NaN"],
      [0, 0.15330652828, 0.40918554228, 0.43750792943]
    ],
    [
      [0.023476452474, 0.00068741713381, 0.59389464262, 0.38194148778],
      [0.57095647512, 0.33556678007, 0.089763704834, 0.0037130399732],
      [0.061972105032, 0.80868279208, 0.095505899296, 0.03383920359],
      [0.022334209019, 0.045176062061, 0.90357533284, 0.028914396078],
      [0.019619549128, 0.64863267285, 0.24721475003, 0.084533028],
      [0.058383055383, 0.41422172753, 0.12553982746, 0.40185538963]
    ],
    [
      [0.025888798282, 0.0056720441313, 0.78752257471, 0.18091658288],
      [0.59284776156, 0.31814554523, 0.087186781567, 0.0018199116447],
      [0.068197132565, 0.78852337401, 0.12275306525, 0.020526428179],
      [0.020647824061, 0.035480846607, 0.92909385859, 0.014777470747],
      [0.021339942186, 0.63034367038, 0.29367769081, 0.054638696625],
      [0.075112795389, 0.45976068198, 0.16568201786, 0.29944450476]
    ],
    [
      [0.02396598927, 0.002090071029, 0.37407458749, 0.59986935221],
      [0.70412806897, 0.23219999923, 0.057929175033, 0.0057427567632],
      [0.092180175587, 0.75063122325, 0.076514040099, 0.080674561063],
      [0.035604299686, 0.050011084212, 0.85552263005, 0.058861986053],
      [0.02738242372, 0.54340347923, 0.20916594803, 0.22004814903],
      [0.050145620538, 0.2068672188, 0.056224817818, 0.68676234285]
    ],
    [
      [0.0068593671206, 0.025665866363, 0.72533889716, 0.24213586936],
      [0.34262540049, 0.58098020906, 0.069451577683, 0.0069428127625],
      [0.01868471041, 0.81806223241, 0.1332296688, 0.030023388377],
      [0.0029089180361, 0.035890267888, 0.93385867269, 0.027342141386],
      [0.00620659198, 0.62848732647, 0.29345746283, 0.071848618727],
      [0.018715511232, 0.43454244377, 0.16897422383, 0.37776782116]
    ],
    [
      ["NaN", "NaN", "NaN", "NaN"],
      ["NaN", "NaN", "NaN", "NaN"],
      [0.26897632117, 0.66009220193, 0.0709314769, 0],
      [0.048267759126, 0.0049308485493, 0.94680139232, 0],
      ["NaN", "NaN", "NaN", "NaN"],
      ["NaN", "NaN", "NaN", "NaN"]
    ],
    [
      [0.013985950357, 0.00044246980802, 0.72005521766, 0.26551636218],
      [0.51348468255, 0.34972846826, 0.13227215814, 0.0045146910606],
      [0.05106077713, 0.74597266591, 0.1610190314, 0.041947525561],
      [0.011657767871, 0.026293086063, 0.93838582574, 0.023663320323],
      [0.01462811577, 0.53207078048, 0.35522280695, 0.098078296803],
      [0.04345391373, 0.33502357319, 0.15969879263, 0.46182372045]
    ],
    [
      [0.0093588132116, 0.0020179393138, 0.70882580813, 0.27979743934],
      [0.49493657913, 0.32836781413, 0.17003575686, 0.0066598498787],
      [0.046265159222, 0.69630209231, 0.19848782969, 0.058944918778],
      [0.0081193997302, 0.01833800308, 0.94599407974, 0.027548517447],
      [0.012200156103, 0.45185888177, 0.40932700434, 0.12661395779],
      [0.031656027865, 0.25174123996, 0.17421640509, 0.54238632709]
    ],
    [
      [0.084381484102, 0.0032657662752, 0.66743060341, 0.24492214622],
      ["NaN", "NaN", "NaN", "NaN"],
      [0.17029827066, 0.48330866089, 0.29484426919, 0.051548799259],
      [0.022205699995, 0.0096040033644, 0.93998361164, 0.028206685],
      [0.051272398712, 0.40471561342, 0.39874566296, 0.14526632491],
      [0.1069856033, 0.165107796, 0.27358190953, 0.45432469117]
    ],
    [
      [0.012255530889, 0.0021651745574, 0.82539998432, 0.16017931023],
      [0.43550581857, 0.43473536292, 0.12727118586, 0.0024876326464],
      [0.03573298619, 0.80152881073, 0.14261683812, 0.020121364955],
      [0.0087147956813, 0.031336910513, 0.946719869, 0.013228424803],
      [0.011002453139, 0.60068341808, 0.33920796856, 0.049106160226],
      [0.040898817497, 0.4781812822, 0.17468591593, 0.30623398438]
    ],
    [
      ["NaN", "NaN", "NaN", "NaN"],
      [0, 0.77027940584, 0.2268353873, 0.0028852068613],
      [0, 0.88888964416, 0.10464609609, 0.006464259749],
      [0, 0.022733841066, 0.97130992017, 0.0059562387646],
      [0, 0.71690412079, 0.26093555351, 0.022160325709],
      [0, 0.67127831399, 0.1731388807, 0.15558280531]
    ],
    [
      [0.013933921296, 0.00088738331919, 0.72846415823, 0.25671453716],
      [0.58485422611, 0.27695348219, 0.13331862585, 0.0048736658508],
      [0.066063785224, 0.6738654381, 0.20733496505, 0.052735811624],
      [0.01269439911, 0.017854260549, 0.94580424553, 0.023647094814],
      [0.017764289574, 0.45148146011, 0.41460662395, 0.11614762637],
      [0.048762383018, 0.26389832877, 0.1778430817, 0.50949620651]
    ],
    [
      ["NaN", "NaN", "NaN", "NaN"],
      [0, 0.64330647601, 0.21361471716, 0.14307880683],
      [0, 0.84521014811, 0.086012532007, 0.068777319885],
      [0, 0.32068997884, 0.63678445262, 0.042525568545],
      [0, 0.70783191045, 0.16836580737, 0.12380228218],
      ["NaN", "NaN", "NaN", "NaN"]
    ],
    [
      ["NaN", "NaN", "NaN", "NaN"],
      [0.53474799413, 0.40589711474, 0.056476461441, 0.0028784296838],
      [0.051458988003, 0.86388793295, 0.077306182199, 0.0073468968519],
      [0.027251691749, 0.069981010302, 0.89467083267, 0.0080964652794],
      [0.013103854776, 0.77211755386, 0.18573350222, 0.029045089145],
      [0.066439609912, 0.63204941092, 0.12882914787, 0.1726818313]
    ],
    [
      ["NaN", "NaN", "NaN", "NaN"],
      [0.65338931862, 0.30749163074, 0.022511717012, 0.016607333629],
      [0.06381807412, 0.87856297412, 0.040442366395, 0.017176585362],
      [0.03399478099, 0.049792533092, 0.89098980789, 0.025222878026],
      ["NaN", "NaN", "NaN", "NaN"],
      [0.073500942287, 0.52962963333, 0.16248176611, 0.23438765827]
    ],
    [
      [0.016245991212, 0.00043038455472, 0.69107040284, 0.29225322139],
      [0.54269399219, 0.33101963196, 0.12174350161, 0.0045428742388],
      [0.057672009765, 0.77576709827, 0.12235941044, 0.044201481524],
      [0.014868695319, 0.028864108829, 0.92853487065, 0.0277323252],
      [0.016444950959, 0.563404812, 0.31377669954, 0.1063735375],
      [0.045825108662, 0.32866493813, 0.16031282311, 0.4651971301]
    ],
    [
      [0.023986940169, 0.014984232677, 0.65328937453, 0.30773945263],
      [0.71179765398, 0.2215479201, 0.062631629823, 0.0040227960957],
      [0.082053655749, 0.72582636689, 0.14368862646, 0.048431350897],
      [0.025729320722, 0.024292806563, 0.91440853786, 0.03556933485],
      [0.024910707694, 0.60236278129, 0.24642849399, 0.12629801703],
      [0.064385628269, 0.29683883539, 0.13194131002, 0.50683422632]
    ],
    [
      [0.019602928776, 0.00075151041469, 0.78967007155, 0.18997548926],
      [0.48637545749, 0.4118624703, 0.099719597496, 0.0020424747129],
      [0.044238680869, 0.82494109558, 0.11263094044, 0.018189283109],
      [0.014935641219, 0.041079914884, 0.9294308172, 0.0145536267],
      [0.014096359419, 0.66144734692, 0.27634328255, 0.048113011112],
      [0.055351933482, 0.52620752392, 0.12118160116, 0.29725894143]
    ],
    [
      [0.0068872563003, 0.035065930001, 0.75702393421, 0.20102287949],
      [0.31605957808, 0.55859188738, 0.12074779585, 0.0046007386829],
      [0.017813550565, 0.84740861692, 0.11056980546, 0.024208027055],
      [0.0029664724594, 0.035467831325, 0.93790138486, 0.023664311351],
      [0.0065250142311, 0.78264433243, 0.12825699651, 0.082573656828],
      [0.018970123742, 0.46826280216, 0.18119181256, 0.33157526153]
    ],
    [
      ["NaN", "NaN", "NaN", "NaN"],
      [0.89715620564, 0.070976540844, 0.031867253518, 0],
      [0.12495163487, 0.77599559577, 0.099052769366, 0],
      [0.043790397484, 0.081834085635, 0.87437551688, 0],
      [0.04608619754, 0.6931844921, 0.26072931036, 0],
      [0.23409230018, 0.59766097922, 0.1682467206, 0]
    ],
    [
      [0.022181066316, 0.01947971434, 0.75834379085, 0.19999542849],
      [0.50036705156, 0.41839741442, 0.079040322328, 0.0021952116962],
      [0.046652593131, 0.84146960227, 0.093481236008, 0.018396568593],
      [0.017890999173, 0.042961721387, 0.92206061036, 0.017086669076],
      [0.011743858574, 0.69833872052, 0.2337143541, 0.0562030668],
      [0.053450029426, 0.52685371493, 0.14114280602, 0.27855344962]
    ],
    [
      ["NaN", "NaN", "NaN", "NaN"],
      [0.27256785681, 0.62924586429, 0.083281197445, 0.014905081457],
      [0.0094369632006, 0.90692679925, 0.047567871781, 0.036068365765],
      [0.0046563828966, 0.03653884454, 0.92747180662, 0.031332965944],
      [0.0042865730678, 0.79298421119, 0.14833935871, 0.054389857027],
      [0.014017934237, 0.56858294238, 0.085109984835, 0.33228913855]
    ],
    [
      [0.028597684905, 0, 0.83735701253, 0.13404530257],
      [0.74293953883, 0.13890513831, 0.11693185916, 0.0012234637006],
      [0.1248897945, 0.61829250576, 0.23402923377, 0.022788465977],
      [0.020366470779, 0.011068249304, 0.96012579485, 0.0084394850673],
      [0.032924669169, 0.40571256617, 0.51022356104, 0.051139203623],
      [0.1177224183, 0.3004437949, 0.28581101558, 0.29602277122]
    ],
    [
      [0.018647779639, 0.0068051823415, 0.72507707329, 0.24946996473],
      [0.62829029491, 0.3060729255, 0.06218014369, 0.0034566358999],
      [0.065598603566, 0.74044405379, 0.15591938269, 0.038037959953],
      [0.016234053679, 0.026355474275, 0.9345560654, 0.022854406651],
      [0.019443777489, 0.53956960219, 0.35066319446, 0.090323425861],
      [0.056247803953, 0.34185464214, 0.17620766868, 0.42568988523]
    ],
    [
      [0.053145909125, 0.00074544157306, 0.75911092726, 0.18699772204],
      [0.79725194982, 0.14378840002, 0.057468863939, 0.0014907862132],
      [0.1649860068, 0.66452768281, 0.14627029862, 0.02421601177],
      [0.029517380793, 0.032224299079, 0.92279282033, 0.015465499797],
      [0.054377013767, 0.53466710757, 0.34748414276, 0.063471735905],
      [0.16574376114, 0.34694052256, 0.1853387559, 0.3019769604]
    ],
    [
      [0, 0.023990886893, 0.97600911311, 0],
      ["NaN", "NaN", "NaN", "NaN"],
      [0, 0.87813715427, 0.12186284573, 0],
      [0, 0.0071271692922, 0.99287283071, 0],
      ["NaN", "NaN", "NaN", "NaN"],
      ["NaN", "NaN", "NaN", "NaN"]
    ],
    [
      [0.011355319999, 0.031412949019, 0.80077204889, 0.1564596821],
      [0.38537820798, 0.48542280548, 0.12656013398, 0.0026388525567],
      [0.027929229314, 0.83434810106, 0.11945230273, 0.018270366891],
      [0.0079540930205, 0.043465736784, 0.93447681847, 0.014103351723],
      [0.0087159449557, 0.67609591868, 0.26579306063, 0.04939507573],
      [0.03563159159, 0.52335172373, 0.17006384487, 0.27095283981]
    ],
    [
      [0.034762944455, 0.0046675732012, 0.77933867143, 0.18123081091],
      [0.58411830364, 0.3592986544, 0.055435613475, 0.0011474284852],
      [0.063244034099, 0.83943158321, 0.084112197023, 0.013212185672],
      [0.027237704955, 0.055530905909, 0.90440046804, 0.012830921094],
      [0.021621217452, 0.71739812774, 0.22133071984, 0.03964993497],
      [0.079455901861, 0.55882192676, 0.12918056113, 0.23254161024]
    ],
    [
      [0, 0.0016196477, 0.81893409069, 0.17944626161],
      [0, 0.56937603805, 0.42278279559, 0.007841166366],
      [0, 0.7116235671, 0.24259071149, 0.045785721413],
      [0, 0.0065164453021, 0.97223082499, 0.021252729708],
      [0, 0.40591674385, 0.5042519995, 0.089831256651],
      [0, 0.26344686865, 0.26902793431, 0.46752519704]
    ],
    [
      [0.016810055618, 0, 0.79384428754, 0.18934565685],
      [0.6164707941, 0.22028281332, 0.15999024099, 0.0032561515911],
      [0.073848999385, 0.68291965991, 0.21272419371, 0.030507146996],
      [0.014842006789, 0.017155290385, 0.95157029363, 0.0164324092],
      [0.020255020442, 0.45346565798, 0.46031730336, 0.065962018216],
      [0.066741423739, 0.32338685208, 0.23726295492, 0.37260876926]
    ],
    [
      [0.016557177091, 0.0042661730046, 0.81183566808, 0.16734098182],
      [0.57586392449, 0.28647495638, 0.13476792569, 0.0028931934437],
      [0.064365850634, 0.71808737624, 0.18884358505, 0.028703188071],
      [0.014100053883, 0.020441341689, 0.94961656348, 0.015842040948],
      [0.018374124566, 0.51348696784, 0.4017625523, 0.066376355289],
      [0.064071132722, 0.37223030247, 0.18387771059, 0.37982085422]
    ],
    [
      [0.018230467916, 0.0021861079271, 0.8793106018, 0.10027282236],
      [0.64232374651, 0.21594329363, 0.14050272037, 0.0012302394886],
      [0.085203849459, 0.66111725911, 0.23422529655, 0.019453594876],
      [0.015249406537, 0.014545292082, 0.9638799727, 0.0063253286852],
      [0.022646363586, 0.44512095825, 0.48767201389, 0.044560664268],
      [0.089922915854, 0.36134599015, 0.26637695782, 0.28235413618]
    ],
    [
      [0.079406908336, 0.13025912646, 0.65840746964, 0.13192649556],
      ["NaN", "NaN", "NaN", "NaN"],
      [0.017157245828, 0.93257762142, 0.046000896391, 0.004264236361],
      [0.013241567583, 0.096750036, 0.88265728712, 0.0073511092936],
      [0.006391861334, 0.84139636255, 0.13563916037, 0.016572615751],
      [0.024577420367, 0.74352516959, 0.1160884728, 0.11580893725]
    ],
    [
      ["NaN", "NaN", "NaN", "NaN"],
      [0.23458794456, 0.69413748139, 0.045749607863, 0.025524966188],
      [0.0032750432603, 0.81720340193, 0.063401006688, 0.11612054812],
      [0.0016273811569, 0.076266973973, 0.80313930483, 0.11896634004],
      ["NaN", "NaN", "NaN", "NaN"],
      [0.0019405287638, 0.18115371186, 0.049825733961, 0.76708002541]
    ],
    [
      ["NaN", "NaN", "NaN", "NaN"],
      ["NaN", "NaN", "NaN", "NaN"],
      [0, 0.53917156619, 0.46082843381, 0],
      [0, 0.046221173668, 0.95377882633, 0],
      [0, 0.61826490239, 0.38173509761, 0],
      [0, 0.42114903197, 0.57885096803, 0]
    ],
    [
      [0, 0.0022421139189, 0.88451014368, 0.1132477424],
      ["NaN", "NaN", "NaN", "NaN"],
      [0, 0.61542177734, 0.33879374712, 0.045784475544],
      [0, 0.02202556304, 0.95996078797, 0.018013648991],
      ["NaN", "NaN", "NaN", "NaN"],
      [0, 0.22095046018, 0.42628193135, 0.35276760847]
    ],
    [
      [0.25261691853, 0.0012508457308, 0.59182549406, 0.15430674168],
      ["NaN", "NaN", "NaN", "NaN"],
      [0.067551282914, 0.88428527869, 0.037704571609, 0.010458866785],
      [0.034840534557, 0.056390186749, 0.8943389216, 0.014430357091],
      [0.020076422089, 0.80168697823, 0.1435135614, 0.034723038287],
      [0.066649514039, 0.66697019122, 0.095967210919, 0.17041308383]
    ],
    [
      [0.013924589646, 0.00039501653781, 0.71373231411, 0.27194807971],
      [0.53315288317, 0.32551290562, 0.13659889096, 0.0047353202508],
      [0.054828728722, 0.72602851835, 0.17319046597, 0.045952286961],
      [0.012141873233, 0.025956988922, 0.93742806723, 0.024473070615],
      [0.015442340603, 0.52933295671, 0.34236078895, 0.11286391374],
      [0.04285250612, 0.30563372182, 0.1825539048, 0.46895986726]
    ],
    [
      [0.011078344679, 0.00072279466316, 0.56984762041, 0.41835124025],
      [0.37635338652, 0.53619761682, 0.081124465721, 0.0063245309449],
      [0.023614836248, 0.86679258212, 0.073489618473, 0.036102963163],
      [0.0097715575571, 0.050665180213, 0.89667422769, 0.042889034538],
      [0.0078148877118, 0.73485395778, 0.15811186839, 0.099219286113],
      [0.022058058353, 0.42359957131, 0.096072946368, 0.45826942396]
    ],
    [
      [0.037927114559, 0.00068527145714, 0.74367822792, 0.21770938606],
      [0.69802625233, 0.26088220261, 0.03923831825, 0.0018532268134],
      [0.085947098264, 0.79191478199, 0.10093278387, 0.021205335872],
      [0.029084195599, 0.038624370068, 0.9129319559, 0.019359478436],
      [0.028260965993, 0.64866758898, 0.267741496, 0.055329949022],
