{
  "X": [
    [39, 76, 0],
    [50, 89, 5],
    [16, 29, 2],
    [19, 31, 2],
    [23, 35, 5],
    [56, 163, 2],
    [4, 21, 1],
    [2, 4, 0],
    [6, 7, 0],
    [14, 35, 1],
    [12, 23, 1],
    [11, 39, 1],
    [12, 45, 0],
    [19, 11, 0],
    [7, 18, 3],
    [4, 14, 2],
    [16, 36, 9],
    [8, 20, 0],
    [2, 16, 1],
    [11, 8, 0],
    [10, 37, 0],
    [0, 8, 0],
    [16, 35, 1],
    [29, 74, 1],
    [49, 116, 11],
    [36, 63, 1],
    [12, 30, 0],
    [12, 37, 1],
    [3, 13, 0],
    [10, 31, 1],
    [5, 15, 1],
    [20, 52, 1],
    [23, 63, 1],
    [44, 89, 3],
    [34, 129, 3],
    [31, 63, 5],
    [27, 42, 3],
    [20, 43, 4],
    [31, 57, 1],
    [18, 70, 3],
    [8, 19, 1],
    [13, 29, 1],
    [9, 12, 1],
    [4, 6, 0],
    [18, 41, 5],
    [22, 28, 3],
    [19, 38, 1],
    [4, 8, 1],
    [3, 3, 0],
    [1, 8, 0],
    [3, 6, 1],
    [4, 10, 1],
    [5, 18, 0],
    [9, 20, 0],
    [7, 39, 2],
    [0, 5, 1],
    [0, 25, 3],
    [4, 6, 1],
    [13, 44, 2],
    [12, 22, 5],
    [11, 18, 1],
    [19, 39, 1],
    [9, 22, 2],
    [7, 19, 0],
    [12, 29, 1],
    [27, 29, 7],
    [6, 9, 1],
    [6, 27, 0],
    [8, 15, 2],
    [7, 19, 3],
    [3, 10, 0],
    [9, 21, 1],
    [9, 20, 3],
    [5, 19, 1],
    [19, 74, 6],
    [6, 11, 2],
    [3, 13, 1],
    [4, 19, 1],
    [42, 121, 5],
    [29, 68, 5],
    [33, 54, 2],
    [28, 59, 0],
    [5, 19, 0],
    [2, 3, 1],
    [1, 4, 2],
    [14, 13, 0],
    [11, 21, 2],
    [8, 9, 0],
    [4, 25, 1],
    [22, 31, 0],
    [45, 86, 7],
    [20, 14, 1],
    [2, 13, 0],
    [12, 26, 3],
    [33, 94, 3],
    [5, 19, 1],
    [16, 40, 0],
    [41, 99, 4],
    [11, 47, 2],
    [22, 46, 4],
    [33, 76, 6],
    [7, 21, 0],
    [9, 49, 0],
    [42, 220, 1],
    [11, 74, 4],
    [7, 39, 1],
    [14, 69, 2],
    [30, 46, 6],
    [0, 19, 2],
    [9, 27, 2],
    [12, 14, 1],
    [11, 14, 1],
    [8, 25, 2],
    [3, 19, 0],
    [32, 69, 7],
    [2, 11, 0],
    [2, 16, 0],
    [7, 15, 0],
    [3, 9, 2],
    [7, 15, 1],
    [8, 20, 0],
    [12, 22, 2],
    [8, 14, 1],
    [5, 16, 1],
    [37, 60, 4],
    [31, 75, 3],
    [21, 43, 1],
    [14, 21, 1],
    [13, 17, 2],
    [7, 7, 2],
    [7, 26, 0],
    [10, 15, 2],
    [15, 17, 2],
    [23, 53, 0],
    [9, 11, 0],
    [34, 80, 2],
    [13, 45, 2],
    [2, 7, 0],
    [8, 31, 1],
    [8, 30, 2],
    [10, 13, 1],
    [11, 24, 1],
    [5, 17, 0],
    [20, 47, 4],
    [17, 14, 0],
    [22, 61, 2],
    [8, 17, 0],
    [12, 27, 3],
    [4, 5, 0],
    [7, 23, 0],
    [21, 31, 0],
    [15, 19, 2],
    [12, 20, 0],
    [3, 13, 0],
    [55, 99, 10],
    [11, 23, 3],
    [10, 29, 1],
    [23, 60, 2],
    [25, 36, 2],
    [10, 36, 0],
    [31, 67, 1],
    [10, 24, 0],
    [0, 7, 0],
    [15, 45, 2],
    [1, 5, 0],
    [6, 16, 0],
    [12, 30, 1],
    [12, 41, 1],
    [8, 15, 0],
    [5, 1, 0],
    [9, 17, 1],
    [17, 22, 2],
    [9, 18, 0],
    [20, 59, 3],
    [14, 47, 5],
    [22, 56, 2],
    [21, 39, 3],
    [6, 13, 1],
    [1, 5, 0],
    [3, 12, 1],
    [8, 16, 0],
    [1, 6, 0],
    [4, 3, 0],
    [24, 66, 1],
    [4, 4, 0],
    [1, 7, 0],
    [5, 28, 0],
    [11, 37, 3],
    [16, 22, 1],
    [23, 44, 2],
    [3, 3, 0],
    [1, 16, 1],
    [0, 10, 2],
    [7, 13, 0],
    [2, 14, 0],
    [4, 4, 0],
    [8, 37, 1],
    [10, 27, 0],
    [3, 3, 0],
    [2, 7, 1],
    [2, 8, 0],
    [7, 12, 0],
    [4, 6, 3],
    [26, 124, 6],
    [117, 89, 3],
    [4, 8, 0],
    [9, 12, 1],
    [3, 9, 2],
    [23, 103, 3],
    [3, 8, 0],
    [2, 4, 1],
    [9, 16, 0],
    [14, 46, 2],
    [14, 24, 1],
    [21, 72, 2],
    [16, 64, 8],
    [34, 110, 0],
    [5, 14, 0],
    [21, 59, 2],
    [4, 3, 1],
    [6, 26, 0],
    [2, 12, 0],
    [1, 6, 1],
    [7, 6, 2],
    [4, 13, 1],
    [2, 9, 0],
    [5, 19, 0],
    [15, 14, 2],
    [2, 28, 2],
    [4, 7, 0],
    [1, 8, 0],
    [3, 6, 0],
    [0, 8, 0],
    [1, 14, 2],
    [1, 6, 1],
    [1, 8, 0],
    [4, 5, 0],
    [10, 10, 0],
    [1, 6, 1],
    [13, 12, 1],
    [0, 7, 0],
    [19, 61, 1],
    [31, 96, 9],
    [0, 11, 0],
    [18, 35, 2],
    [0, 11, 0],
    [3, 16, 0],
    [10, 20, 0],
    [10, 6, 2],
    [9, 24, 0],
    [8, 15, 3],
    [12, 33, 1],
    [6, 5, 1],
    [51, 85, 8],
    [37, 86, 5],
    [16, 31, 0],
    [32, 77, 8],
    [10, 23, 2],
    [10, 23, 2],
    [4, 3, 0],
    [8, 44, 2],
    [29, 52, 2],
    [1, 7, 0],
    [5, 7, 2],
    [1, 9, 2],
    [1, 5, 1],
    [3, 22, 5],
    [26, 46, 0],
    [31, 44, 3],
    [18, 19, 0],
    [25, 30, 4],
    [5, 12, 1],
    [6, 25, 1],
    [46, 24, 3],
    [26, 31, 2],
    [45, 46, 3],
    [43, 52, 2],
    [25, 51, 0],
    [86, 106, 14],
    [12, 17, 0],
    [24, 49, 3],
    [7, 6, 1],
    [2, 13, 0],
    [6, 2, 0],
    [18, 26, 5],
    [7, 24, 0],
    [10, 30, 1],
    [18, 67, 5],
    [7, 23, 2],
    [2, 22, 0],
    [3, 16, 0],
    [8, 28, 0],
    [3, 6, 0],
    [4, 8, 0],
    [0, 5, 1],
    [8, 9, 0],
    [13, 80, 5],
    [0, 6, 0],
    [4, 12, 1],
    [5, 17, 1],
    [15, 55, 5],
    [1, 7, 0],
    [2, 8, 0],
    [27, 62, 3],
    [15, 45, 5],
    [18, 31, 5],
    [1, 9, 1],
    [3, 30, 0],
    [16, 80, 1],
    [2, 16, 1],
    [15, 72, 0],
    [11, 60, 0],
    [3, 21, 0],
    [37, 82, 1],
    [11, 18, 6],
    [13, 33, 3],
    [28, 41, 2],
    [24, 48, 4],
    [46, 101, 5],
    [20, 33, 0],
    [14, 16, 3],
    [11, 18, 0],
    [5, 25, 0],
    [40, 64, 3],
    [4, 8, 1],
    [11, 29, 1],
    [43, 83, 8],
    [40, 118, 1],
    [58, 130, 7],
    [49, 81, 7],
    [7, 18, 0],
    [6, 23, 0],
    [22, 56, 2],
    [4, 7, 0],
    [12, 49, 2],
    [7, 4, 1],
    [0, 6, 0],
    [48, 148, 16],
    [18, 48, 3],
    [403, 998, 50],
    [55, 184, 12],
    [408, 1104, 38],
    [29, 82, 2]
  ],
  "W": [
    [4, 74, 25, 5, 5, 2],
    [0, 98, 34, 1, 5, 6],
    [0, 30, 11, 0, 2, 4],
    [1, 38, 9, 3, 1, 0],
    [1, 41, 11, 3, 3, 4],
    [6, 105, 79, 9, 15, 7],
    [1, 13, 5, 3, 1, 3],
    [1, 1, 2, 0, 2, 0],
    [3, 7, 1, 1, 0, 1],
    [1, 21, 16, 5, 1, 6],
    [1, 22, 7, 3, 0, 3],
    [2, 24, 11, 10, 3, 1],
    [11, 28, 14, 2, 2, 0],
    [3, 19, 5, 1, 2, 0],
    [0, 13, 6, 4, 1, 4],
    [1, 5, 8, 4, 2, 0],
    [2, 28, 17, 9, 3, 2],
    [1, 11, 7, 6, 2, 1],
    [1, 13, 2, 2, 1, 0],
    [2, 10, 5, 1, 1, 0],
    [2, 19, 23, 3, 0, 0],
    [1, 2, 3, 1, 0, 1],
    [2, 28, 14, 1, 4, 3],
    [5, 56, 32, 4, 6, 1],
    [6, 87, 52, 12, 9, 10],
    [1, 66, 21, 2, 2, 8],
    [1, 23, 9, 5, 2, 2],
    [3, 23, 11, 8, 4, 1],
    [1, 11, 3, 0, 0, 1],
    [13, 17, 9, 2, 0, 1],
    [3, 8, 4, 5, 1, 0],
    [7, 38, 15, 2, 8, 3],
    [3, 52, 23, 1, 5, 3],
    [10, 77, 33, 8, 5, 3],
    [6, 75, 60, 12, 9, 4],
    [3, 62, 13, 5, 6, 10],
    [3, 46, 13, 5, 2, 3],
    [1, 43, 16, 4, 2, 1],
    [0, 58, 22, 1, 7, 1],
    [3, 49, 29, 1, 7, 2],
    [1, 15, 5, 5, 0, 2],
    [0, 24, 7, 11, 0, 1],
    [2, 11, 5, 3, 0, 1],
    [0, 6, 1, 3, 0, 0],
    [5, 32, 18, 1, 5, 3],
    [1, 30, 11, 3, 4, 4],
    [1, 32, 17, 1, 5, 2],
    [2, 4, 3, 3, 0, 1],
    [0, 4, 2, 0, 0, 0],
    [1, 2, 1, 3, 1, 1],
    [0, 5, 3, 1, 0, 1],
    [0, 11, 3, 1, 0, 0],
    [0, 11, 6, 4, 2, 0],
    [2, 16, 7, 2, 0, 2],
    [2, 19, 18, 4, 2, 3],
    [0, 4, 1, 0, 0, 1],
    [2, 10, 6, 6, 1, 3],
    [2, 6, 0, 2, 1, 0],
    [2, 27, 25, 1, 1, 3],
    [1, 17, 12, 6, 0, 3],
    [1, 16, 7, 3, 2, 1],
    [3, 28, 15, 4, 4, 5],
    [2, 16, 8, 3, 1, 3],
    [3, 14, 8, 0, 0, 1],
    [1, 24, 11, 2, 2, 2],
    [5, 31, 15, 2, 2, 8],
    [0, 12, 2, 1, 0, 1],
    [0, 14, 12, 3, 3, 1],
    [0, 13, 5, 4, 0, 3],
    [4, 16, 7, 1, 1, 0],
    [1, 6, 4, 1, 1, 0],
    [5, 13, 7, 3, 0, 3],
    [4, 14, 7, 2, 0, 5],
    [0, 13, 6, 3, 1, 2],
    [2, 40, 41, 8, 2, 6],
    [2, 9, 4, 4, 0, 0],
    [2, 9, 3, 1, 0, 2],
    [3, 10, 10, 0, 0, 1],
    [1, 86, 64, 1, 7, 9],
    [3, 51, 25, 8, 10, 5],
    [1, 65, 13, 1, 4, 5],
    [2, 52, 18, 3, 7, 5],
    [1, 9, 12, 0, 1, 1],
    [0, 3, 1, 1, 1, 0],
    [0, 1, 2, 4, 0, 0],
    [3, 17, 4, 1, 1, 1],
    [4, 16, 8, 4, 0, 2],
    [0, 12, 3, 1, 1, 0],
    [1, 10, 12, 5, 0, 2],
    [1, 31, 9, 3, 4, 5],
    [0, 63, 43, 9, 8, 15],
    [1, 18, 6, 2, 5, 3],
    [0, 6, 6, 3, 0, 0],
    [1, 19, 11, 6, 3, 1],
    [0, 69, 43, 8, 7, 3],
    [1, 11, 5, 1, 5, 2],
    [3, 30, 14, 2, 5, 2],
    [2, 80, 41, 5, 13, 3],
    [3, 31, 20, 0, 3, 3],
    [1, 43, 18, 3, 2, 5],
    [1, 57, 35, 1, 9, 12],
    [1, 11, 12, 3, 1, 0],
    [2, 21, 22, 6, 4, 3],
    [16, 87, 138, 3, 12, 7],
    [5, 30, 46, 3, 4, 1],
    [1, 16, 25, 3, 1, 1],
    [5, 31, 40, 6, 1, 2],
    [2, 46, 17, 7, 7, 3],
    [1, 6, 7, 5, 1, 1],
    [0, 12, 8, 9, 3, 6],
    [1, 14, 3, 8, 1, 0],
    [0, 15, 4, 3, 0, 4],
    [1, 18, 8, 7, 0, 1],
    [0, 12, 8, 1, 1, 0],
    [4, 62, 31, 4, 2, 5],
    [3, 3, 5, 2, 0, 0],
    [1, 8, 7, 1, 1, 0],
    [1, 13, 5, 1, 2, 0],
    [1, 8, 2, 1, 2, 0],
    [1, 10, 3, 3, 3, 3],
    [1, 10, 10, 5, 2, 0],
    [0, 18, 8, 4, 0, 6],
    [0, 10, 8, 4, 1, 0],
    [1, 11, 4, 3, 2, 1],
    [1, 54, 25, 3, 7, 11],
    [7, 53, 26, 10, 6, 7],
    [3, 44, 8, 2, 4, 4],
    [5, 17, 5, 5, 1, 3],
    [1, 15, 4, 5, 4, 3],
    [4, 7, 4, 1, 0, 0],
    [3, 17, 10, 1, 2, 0],
    [3, 18, 4, 2, 0, 0],
    [1, 21, 6, 1, 3, 2],
    [3, 37, 25, 4, 3, 4],
    [1, 12, 5, 1, 0, 1],
    [6, 61, 28, 8, 7, 6],
    [2, 32, 18, 2, 5, 1],
    [0, 7, 0, 0, 1, 1],
    [3, 16, 19, 1, 0, 1],
    [3, 20, 11, 1, 3, 2],
    [0, 10, 4, 4, 1, 5],
    [2, 24, 7, 2, 0, 1],
    [0, 12, 6, 3, 1, 0],
    [0, 32, 27, 3, 3, 6],
    [1, 18, 8, 1, 3, 0],
    [2, 47, 18, 5, 4, 9],
    [1, 12, 6, 3, 1, 2],
    [2, 25, 8, 7, 0, 0],
    [0, 3, 4, 1, 1, 0],
    [2, 12, 5, 4, 1, 6],
    [0, 35, 12, 2, 0, 3],
    [1, 23, 6, 1, 1, 4],
    [1, 18, 11, 2, 0, 0],
    [2, 4, 5, 3, 1, 1],
    [3, 94, 45, 2, 9, 11],
    [3, 19, 12, 1, 0, 2],
    [1, 21, 7, 5, 3, 3],
    [1, 45, 29, 2, 4, 4],
    [3, 35, 17, 6, 2, 0],
    [3, 16, 18, 6, 1, 2],
    [0, 63, 24, 4, 5, 3],
    [3, 17, 6, 5, 1, 2],
    [1, 2, 4, 0, 0, 0],
    [1, 28, 17, 9, 4, 3],
    [1, 2, 0, 2, 0, 1],
    [0, 12, 5, 2, 1, 2],
    [0, 16, 18, 2, 4, 3],
    [3, 19, 13, 10, 4, 5],
    [2, 8, 10, 2, 0, 1],
    [0, 6, 0, 0, 0, 0],
    [0, 14, 5, 5, 3, 0],
    [0, 25, 7, 7, 1, 1],
    [0, 12, 2, 3, 6, 4],
    [3, 39, 25, 4, 8, 3],
    [0, 34, 16, 6, 2, 8],
    [2, 57, 13, 4, 2, 2],
    [0, 35, 14, 7, 3, 4],
    [1, 8, 7, 2, 1, 1],
    [0, 1, 4, 0, 1, 0],
    [1, 7, 3, 4, 0, 1],
    [2, 8, 8, 3, 1, 2],
    [0, 4, 1, 0, 2, 0],
    [0, 3, 2, 1, 0, 1],
    [4, 43, 20, 16, 6, 2],
    [0, 5, 3, 0, 0, 0],
    [0, 2, 2, 3, 0, 1],
    [0, 14, 14, 0, 5, 0],
    [0, 32, 10, 0, 3, 6],
    [2, 22, 4, 5, 3, 3],
    [3, 38, 19, 3, 2, 4],
    [0, 2, 2, 0, 2, 0],
    [0, 7, 8, 1, 2, 0],
    [0, 5, 3, 1, 1, 2],
    [1, 10, 4, 1, 2, 2],
    [0, 6, 7, 2, 1, 0],
    [0, 4, 3, 1, 0, 0],
    [1, 19, 19, 4, 1, 2],
    [1, 11, 19, 3, 0, 3],
    [1, 2, 2, 1, 0, 0],
    [1, 4, 2, 2, 1, 0],
    [1, 5, 3, 0, 1, 0],
    [4, 8, 2, 1, 1, 3],
    [1, 5, 2, 2, 0, 3],
    [5, 77, 54, 4, 10, 6],
    [2, 151, 42, 3, 7, 4],
    [0, 4, 2, 3, 2, 1],
    [0, 11, 2, 4, 4, 1],
    [0, 7, 4, 3, 0, 0],
    [2, 52, 56, 6, 8, 5],
    [0, 8, 1, 1, 1, 0],
    [0, 4, 1, 1, 1, 0],
    [2, 11, 9, 2, 1, 0],
    [0, 25, 25, 5, 4, 3],
    [1, 22, 12, 1, 0, 3],
    [0, 39, 37, 8, 5, 6],
    [0, 43, 35, 0, 2, 8],
    [2, 63, 56, 4, 11, 8],
    [0, 5, 11, 2, 1, 0],
    [1, 33, 35, 8, 2, 3],
    [2, 5, 0, 0, 0, 1],
    [1, 7, 24, 0, 0, 0],
    [0, 6, 6, 0, 1, 1],
    [0, 4, 2, 1, 0, 1],
    [0, 12, 1, 1, 0, 1],
    [0, 8, 5, 4, 0, 1],
    [0, 4, 5, 1, 0, 1],
    [0, 8, 8, 2, 1, 5],
    [0, 20, 5, 3, 3, 0],
    [2, 12, 14, 1, 1, 2],
    [0, 8, 0, 2, 1, 0],
    [0, 1, 4, 2, 1, 1],
    [0, 4, 2, 3, 0, 0],
    [0, 1, 2, 2, 1, 2],
    [0, 7, 6, 3, 0, 1],
    [0, 5, 1, 1, 1, 0],
    [0, 2, 3, 4, 0, 0],
    [0, 4, 4, 0, 1, 0],
    [0, 13, 6, 0, 1, 0],
    [1, 3, 2, 2, 0, 0],
    [1, 15, 6, 0, 2, 2],
    [0, 1, 5, 0, 1, 0],
    [5, 43, 21, 6, 4, 2],
    [3, 60, 50, 10, 10, 3],
    [0, 3, 6, 1, 1, 0],
    [1, 23, 13, 7, 6, 5],
    [0, 3, 6, 1, 1, 0],
    [0, 12, 6, 1, 0, 0],
    [0, 18, 8, 2, 2, 0],
    [0, 12, 1, 2, 1, 2],
    [3, 15, 10, 2, 1, 2],
    [1, 11, 8, 4, 0, 2],
    [3, 23, 16, 3, 1, 0],
    [0, 7, 2, 2, 0, 1],
    [3, 73, 43, 5, 10, 10],
    [1, 62, 41, 8, 13, 3],
    [1, 22, 15, 1, 4, 4],
    [1, 64, 32, 7, 5, 8],
    [3, 14, 7, 4, 4, 3],
    [2, 16, 12, 0, 3, 2],
    [1, 5, 0, 1, 0, 0],
    [0, 25, 26, 0, 3, 0],
    [1, 46, 28, 4, 2, 2],
    [1, 2, 1, 2, 1, 1],
    [1, 7, 5, 0, 0, 1],
    [0, 5, 4, 1, 1, 1],
    [0, 3, 0, 2, 0, 2],
    [1, 16, 5, 6, 0, 2],
    [2, 33, 23, 3, 7, 4],
    [1, 46, 16, 3, 4, 8],
    [1, 23, 7, 2, 3, 1],
    [0, 43, 11, 2, 2, 1],
    [0, 7, 7, 3, 0, 1],
    [0, 14, 11, 2, 3, 2],
    [0, 58, 7, 1, 3, 4],
    [3, 38, 14, 0, 2, 2],
    [4, 71, 11, 2, 1, 5],
    [1, 54, 30, 3, 3, 6],
    [1, 43, 26, 0, 2, 4],
    [6, 124, 43, 9, 9, 15],
    [1, 13, 12, 1, 2, 0],
    [3, 36, 25, 3, 1, 8],
    [0, 7, 4, 1, 0, 2],
    [5, 3, 5, 2, 0, 0],
    [1, 3, 0, 1, 3, 0],
    [3, 24, 15, 3, 2, 2],
    [3, 15, 10, 0, 1, 2],
    [3, 16, 13, 4, 1, 4],
    [0, 45, 25, 9, 3, 8],
    [0, 16, 10, 4, 2, 0],
    [1, 11, 5, 4, 2, 1],
    [0, 3, 12, 2, 2, 0],
    [1, 13, 15, 2, 3, 2],
    [0, 5, 1, 3, 0, 0],
    [0, 8, 2, 1, 1, 0],
    [0, 0, 5, 1, 0, 0],
    [2, 8, 5, 0, 1, 1],
    [2, 33, 40, 7, 8, 8],
    [1, 1, 4, 0, 0, 0],
    [1, 7, 5, 2, 1, 1],
    [0, 10, 9, 1, 1, 2],
    [1, 35, 27, 3, 3, 6],
    [0, 4, 2, 1, 1, 0],
    [1, 2, 3, 1, 3, 0],
    [8, 39, 25, 9, 4, 7],
    [0, 29, 27, 3, 2, 4],
    [0, 29, 20, 2, 1, 2],
    [1, 0, 5, 3, 0, 2],
    [0, 6, 22, 3, 2, 0],
    [1, 34, 50, 1, 9, 2],
    [2, 9, 5, 1, 2, 0],
    [0, 37, 30, 10, 7, 3],
    [0, 19, 50, 0, 1, 1],
    [0, 9, 9, 1, 2, 3],
    [3, 56, 42, 6, 4, 9],
    [1, 20, 10, 1, 0, 3],
    [3, 22, 16, 1, 2, 5],
    [5, 45, 15, 1, 2, 3],
    [4, 38, 22, 7, 4, 1],
    [3, 83, 48, 8, 6, 4],
    [1, 30, 17, 2, 1, 2],
    [0, 21, 7, 1, 2, 2],
    [1, 15, 9, 1, 2, 1],
    [0, 13, 10, 3, 3, 1],
    [5, 58, 35, 4, 3, 2],
    [0, 7, 1, 4, 1, 0],
    [3, 24, 12, 1, 1, 0],
    [2, 75, 39, 3, 5, 10],
    [4, 64, 84, 0, 2, 5],
    [8, 109, 50, 8, 15, 5],
    [4, 65, 46, 7, 6, 9],
    [2, 11, 10, 2, 0, 0],
    [2, 11, 14, 1, 1, 0],
    [3, 48, 20, 3, 2, 4],
    [0, 5, 2, 2, 1, 1],
    [2, 24, 30, 1, 3, 3],
    [2, 4, 2, 3, 0, 1],
    [0, 1, 4, 1, 0, 0],
    [6, 69, 60, 48, 19, 10],
    [0, 31, 25, 3, 6, 4],
    [44, 638, 527, 91, 92, 59],
    [9, 113, 77, 18, 13, 21],
    [68, 802, 453, 85, 75, 67],
    [13, 33, 42, 13, 6, 6]
  ],
  "method": "mult",
  "cond_prob": [
    [
      [0.20053416529, 0.79946583471, 0],
      [0.48473909137, 0.51526090863, 0],
      [0.033078166568, 0.96692183343, 0],
      [0.084154522982, 0.91584547702, 0],
      [0.18042104564, 0.81957895436, 0],
      [0.28742276617, 0.71257723383, 0]
    ],
    [
      [0.20485224692, 0.79038507787, 0.004762675214],
      [0.47638627754, 0.49124830279, 0.032365419669],
      [0.034064763458, 0.96228082526, 0.0036544112822],
      [0.074514759096, 0.78419598939, 0.14128925152],
      [0.18495022826, 0.81295796889, 0.0020918028515],
      [0.21747219186, 0.52219037967, 0.26033742847]
    ],
    [
      [0.20525292409, 0.79016380582, 0.0045832700883],
      [0.48202691147, 0.48664093907, 0.031332149458],
      [0.033762109684, 0.96273439349, 0.0035034968211],
      [0.074231387233, 0.78407935617, 0.1416892566],
      [0.18509004706, 0.81289917121, 0.0020107817226],
      [0.21623276505, 0.51456544144, 0.26920179351]
    ],
    [
      [0.20526719113, 0.78913686444, 0.005595944425],
      [0.47809456216, 0.48374636621, 0.038159071628],
      [0.033852728681, 0.96186654016, 0.0042807311619],
      [0.071957807678, 0.75798934356, 0.17005284876],
      [0.18525383677, 0.81229028902, 0.0024558742092],
      [0.20217971161, 0.48087043951, 0.31694984889]
    ],
    [
      [0.2288889104, 0.76230068722, 0.0088104023771],
      [0.50201808228, 0.44167880963, 0.05630310809],
      [0.038854406089, 0.95421470004, 0.0069308938699],
      [0.07498655601, 0.68363035903, 0.24138308496],
      [0.20763340927, 0.78847817083, 0.0038884198956],
      [0.19495959033, 0.40236993922, 0.40267047045]
    ],
    [
      [0.19094304944, 0.80769237137, 0.0013645791894],
      [0.46425879574, 0.5260522948, 0.0096889094597],
      [0.031288595265, 0.96768010445, 0.0010313002833],
      [0.076272049509, 0.87962394404, 0.044104006455],
      [0.17177220631, 0.82763056575, 0.00059722794731],
      [0.25008959935, 0.65918613704, 0.090724263608]
    ],
    [
      [0.096501689651, 0.90095312679, 0.0025451835584],
      [0.2892184008, 0.68893331703, 0.021848282167],
      [0.013997782051, 0.9842662732, 0.0017359447472],
      [0.034279852535, 0.8863437156, 0.079376431867],
      [0.085577323995, 0.91332339945, 0.0010992765561],
      [0.12127140497, 0.69424912982, 0.18447946521]
    ],
    [
      [0.36532360126, 0.63467639874, 0],
      [0.76450817986, 0.23549182014, 0],
      [0.059891645679, 0.94010835432, 0],
      [0.15605775138, 0.84394224862, -0],
      [0.32979946208, 0.67020053792, 0],
      [0.50041856238, 0.49958143762, -0]
    ],
    [
      [0.28666335942, 0.71333664058, 0],
      [0.62416865225, 0.37583134775, 0],
      [0.049153108236, 0.95084689176, 0],
      [0.12507602915, 0.87492397085, 0],
      [0.25935994782, 0.74064005218, 0],
      [0.40072504541, 0.59927495459, 0]
    ],
    [
      [0.22034084378, 0.77813877355, 0.0015203826736],
      [0.51456421642, 0.47519166347, 0.01024412011],
      [0.036714032677, 0.96210519439, 0.0011807729287],
      [0.08859493659, 0.86020700313, 0.051198060283],
      [0.198685627, 0.80064688409, 0.00066748890519],
      [0.28144253841, 0.61501063028, 0.10354683131]
    ],
    [
      [0.20156277915, 0.79609738396, 0.0023398368927],
      [0.48551693319, 0.49816549194, 0.016317574874],
      [0.03281025378, 0.96541306262, 0.0017766835989],
      [0.077708632858, 0.84465223673, 0.077639130416],
      [0.18133397315, 0.81764152555, 0.0010245012977],
      [0.24475250553, 0.59566491617, 0.1595825783]
    ],
    [
      [0.15632765254, 0.84188212578, 0.0017902216743],
      [0.40916355148, 0.57726859482, 0.013567853695],
      [0.024408139998, 0.97429054307, 0.0013013169309],
      [0.059659429803, 0.88261639668, 0.057724173512],
      [0.13986320842, 0.85935720996, 0.00077958161585],
      [0.2018052715, 0.67262244686, 0.12557228165]
    ],
    [
      [0.14017945498, 0.85982054502, 0],
      [0.38254761651, 0.61745238349, 0],
      [0.021579724168, 0.97842027583, 0],
      [0.056110712972, 0.94388928703, 0],
      [0.12506575939, 0.87493424061, 0],
      [0.20832519462, 0.79167480538, 0]
    ],
    [
      [0.44846523844, 0.55153476156, 0],
      [0.75901133183, 0.24098866817, 0],
      [0.098069959802, 0.9019300402, 0],
      [0.22775839683, 0.77224160317, 0],
      [0.41585860688, 0.58414139312, 0],
      [0.56947771887, 0.43052228113, 0]
    ],
    [
      [0.18908240538, 0.80391821551, 0.0069993791081],
      [0.45600387211, 0.49577626024, 0.048219867651],
      [0.030163496274, 0.96458761874, 0.0052488849882],
      [0.062645548536, 0.73737291505, 0.19998153641],
      [0.17014115778, 0.82679052587, 0.0030683163489],
      [0.17631036034, 0.46027033017, 0.36341930949]
    ],
    [
      [0.24809483954, 0.73927649857, 0.012628661881],
      [0.53592456024, 0.38806314156, 0.076012298199],
      [0.041101383653, 0.94879546366, 0.010103152683],
      [0.068844427682, 0.58012119165, 0.35103438067],
      [0.22508803013, 0.76932389029, 0.0055880795769],
      [0.15309581251, 0.27840745375, 0.56849673374]
    ],
    [
      [0.23013966749, 0.75268189705, 0.017178435457],
      [0.48142491361, 0.41433073466, 0.10424435173],
      [0.039180886673, 0.94722702634, 0.013592086984],
      [0.061595913548, 0.55263010871, 0.38577397774],
      [0.20979630668, 0.78258235351, 0.0076213398043],
      [0.14204848666, 0.2879613918, 0.56999012154]
    ],
    [
      [0.23414821124, 0.76585178876, 0],
      [0.54568910608, 0.45431089392, 0],
      [0.038958063854, 0.96104193615, 0],
      [0.099216688978, 0.90078331102, 0],
      [0.21099129205, 0.78900870795, 0],
      [0.3322732214, 0.6677267786, 0]
    ],
    [
      [0.050167189224, 0.94443822618, 0.0053945845953],
      [0.16528381628, 0.78290760952, 0.0518085742],
      [0.00692053678, 0.98957296775, 0.0035064954748],
      [0.015622821838, 0.81667229586, 0.1677048823],
      [0.044256882486, 0.95342939863, 0.002313718889],
      [0.048530307161, 0.55587292492, 0.39559676792]
    ],
    [
      [0.44664098403, 0.55335901597, 0],
      [0.76349954861, 0.23650045139, 0],
      [0.09574093481, 0.90425906519, 0],
      [0.22450028709, 0.77549971291, 0],
      [0.41350411476, 0.58649588524, 0],
      [0.56974140677, 0.43025859323, 0]
    ],
    [
      [0.19258412073, 0.80741587927, 0],
      [0.47815747337, 0.52184252663, 0],
      [0.031058658499, 0.9689413415, 0],
      [0.079667835984, 0.92033216402, 0],
      [0.17284471675, 0.82715528325, 0],
      [0.2782651833, 0.7217348167, 0]
    ],
    [
      [0, 1, 0],
      [0, 1, 0],
      [0, 1, 0],
      [0, 1, 0],
      [0, 1, 0],
      [0, 1, 0]
    ],
    [
      [0.20553613569, 0.79201157521, 0.0024522891034],
      [0.48858367619, 0.49443215038, 0.016984173435],
      [0.033813488492, 0.96431149586, 0.0018750156482],
      [0.079369440686, 0.83918828888, 0.081442270433],
      [0.18513580821, 0.81378963391, 0.0010745578824],
      [0.24640799752, 0.58771906775, 0.16587293473]
    ],
    [
      [0.1916172414, 0.80671598792, 0.0016667706786],
      [0.46605280796, 0.522090598, 0.011856594042],
      [0.031300211992, 0.96744090818, 0.0012588798306],
      [0.075585791857, 0.86947509004, 0.054939118099],
      [0.17235320164, 0.82691760274, 0.00072919562123],
      [0.24478969286, 0.64072532517, 0.11448498198]
    ],
    [
      [0.20971541197, 0.78296326641, 0.00732132162],
      [0.47609317897, 0.47542780465, 0.048479016385],
      [0.035108604406, 0.95923511265, 0.0056562829453],
      [0.071400516768, 0.72711049897, 0.20148898426],
      [0.18975201723, 0.80702484605, 0.0032231367134],
      [0.19637272409, 0.45658967101, 0.34703760489]
    ],
    [
      [0.20667476591, 0.79231908465, 0.0010061494343],
      [0.49147051682, 0.50155122657, 0.0069782566153],
      [0.034293974457, 0.96493449544, 0.000771530101],
      [0.084259505549, 0.88216008544, 0.033580409009],
      [0.18618097279, 0.81337804401, 0.0004409832069],
      [0.27516528618, 0.6555291128, 0.069305601026]
    ],
    [
      [0.182827742, 0.817172258, 0],
      [0.46167252595, 0.53832747405, 0],
      [0.029228303236, 0.97077169676, 0],
      [0.075244348789, 0.92475565121, 0],
      [0.16390529424, 0.83609470576, 0],
      [0.26592894091, 0.73407105909, 0]
    ],
    [
      [0.17603606349, 0.82189300395, 0.0020709325627],
      [0.44313328655, 0.54175322695, 0.015113486499],
      [0.02803386803, 0.97043047329, 0.0015356586759],
      [0.067428591726, 0.86498875317, 0.067582655108],
      [0.15790951984, 0.8411864028, 0.00090407735732],
      [0.22032411861, 0.63656295451, 0.14311292688]
    ],
    [
      [0.087386101573, 0.91261389843, 0],
      [0.27839576203, 0.72160423797, 0],
      [0.012348983868, 0.98765101613, 0],
      [0.033212638695, 0.9667873613, 0],
      [0.077143394793, 0.92285660521, 0],
      [0.13660840356, 0.86339159644, 0]
    ],
    [
      [0.17590161957, 0.82020729896, 0.0038910814695],
      [0.4387784933, 0.53288132289, 0.028340183814],
      [0.02794257571, 0.96917377029, 0.0028836539954],
      [0.063143580975, 0.81045727618, 0.12639914284],
      [0.15790314848, 0.84039825739, 0.0016985941218],
      [0.19024436309, 0.54808783522, 0.26166780169]
    ],
    [
      [0.19947726006, 0.79592008166, 0.0046026582819],
      [0.48506979633, 0.48313576011, 0.031794443553],
      [0.031693316788, 0.964829935, 0.0034767482128],
      [0.069828758444, 0.77845236799, 0.15171887357],
      [0.17922821721, 0.8187570613, 0.0020147214924],
      [0.20208936734, 0.49270493832, 0.30520569433]
    ],
    [
      [0.17712172779, 0.82096961098, 0.0019086612284],
      [0.44281111232, 0.54325567848, 0.013933209201],
      [0.028417904124, 0.970163341, 0.0014187548735],
      [0.068517886785, 0.86915811092, 0.062324002292],
      [0.15899572399, 0.84017086215, 0.00083341385679],
      [0.2239520386, 0.64413367105, 0.13191429035]
    ],
    [
      [0.16114894888, 0.83718704745, 0.0016640036708],
      [0.41495955379, 0.57251542576, 0.012525020448],
      [0.025488751276, 0.97329367477, 0.0012175739572],
      [0.062245191323, 0.88394388174, 0.053810926933],
      [0.14437748913, 0.85489736719, 0.00072514368813],
      [0.20904723152, 0.67455317333, 0.11639959514]
    ],
    [
      [0.21445220942, 0.78243762728, 0.003110163306],
      [0.49591236766, 0.4830820662, 0.021005566146],
      [0.035975098627, 0.96161590894, 0.0024089924366],
      [0.082350169933, 0.81994442237, 0.0977054077],
      [0.19365086969, 0.80498285016, 0.0013662801436],
      [0.24870206166, 0.56467203191, 0.18662590643]
    ],
    [
      [0.16040469245, 0.83702997314, 0.0025653344011],
      [0.40964648143, 0.57123605012, 0.019117468455],
      [0.025455856762, 0.97266442279, 0.0018797204463],
      [0.06045378289, 0.86083346759, 0.07871274952],
      [0.14382993339, 0.85505093383, 0.0011191327858],
      [0.19726125912, 0.64099870807, 0.16174003282]
    ],
    [
      [0.18069466625, 0.81500252231, 0.0043028114373],
      [0.4405653674, 0.52886672676, 0.030567905838],
      [0.029224446415, 0.96755930292, 0.0032162506648],
      [0.065536236829, 0.80728885702, 0.12717490615],
      [0.16255931133, 0.83555716505, 0.001883523619],
      [0.1990526419, 0.55785868464, 0.24308867346]
    ],
    [
      [0.23275049054, 0.76245749881, 0.0047920106529],
      [0.51879216097, 0.45006403256, 0.031143806471],
      [0.039658574619, 0.95656061196, 0.0037808134193],
      [0.085645093466, 0.76747778912, 0.14687711741],
      [0.21076817044, 0.78712066901, 0.0021111605467],
      [0.24214139663, 0.49205574474, 0.26580285863]
    ],
    [
      [0.18697120088, 0.80466691685, 0.0083618822696],
      [0.44078920064, 0.50162374655, 0.057587052814],
      [0.03037270408, 0.96333370712, 0.006293588797],
      [0.060364548257, 0.71106033153, 0.22857512022],
      [0.16867450757, 0.82765624115, 0.0036692512851],
      [0.16319368326, 0.4355186675, 0.40128764924]
    ],
    [
      [0.21034561894, 0.78767103771, 0.001983343348],
      [0.49436009414, 0.49198471992, 0.013655185937],
      [0.03501976495, 0.96345343586, 0.001526799185],
      [0.083139782165, 0.85074649407, 0.066113723767],
      [0.18966601117, 0.80946429209, 0.00086969674593],
      [0.26026773166, 0.60539418425, 0.13433808409]
    ],
    [
      [0.13319981559, 0.86102908099, 0.0057711034201],
      [0.35166410526, 0.60375216819, 0.044583726555],
      [0.020528666815, 0.97535585746, 0.0041154757269],
      [0.044786535977, 0.79151407926, 0.16369938476],
      [0.11920722242, 0.87828084244, 0.0025119351437],
      [0.13537421777, 0.54372467488, 0.32090110734]
    ],
    [
      [0.18866053033, 0.80875664686, 0.0025828228068],
      [0.46773569328, 0.51388068053, 0.018383626194],
      [0.030062411235, 0.96800599424, 0.0019315945267],
      [0.071178168849, 0.84377841407, 0.085043417077],
      [0.16933321606, 0.82953787956, 0.0011289043731],
      [0.22651411355, 0.59620065425, 0.1772852322]
    ],
    [
      [0.2018039044, 0.79646612716, 0.0017299684408],
      [0.48669387737, 0.50125086808, 0.012055254552],
      [0.032934986962, 0.96574918786, 0.0013158251728],
      [0.079524772033, 0.86297204553, 0.057503182437],
      [0.18154110761, 0.81770128734, 0.0007576050531],
      [0.2563225963, 0.62486962744, 0.11880777626]
    ],
    [
      [0.30918716123, 0.68625111534, 0.0045617234317],
      [0.62414109387, 0.34946414124, 0.026394764892],
      [0.055865672837, 0.94024017071, 0.0038941564552],
      [0.11709898943, 0.72268361817, 0.1602173924],
      [0.28196851665, 0.71600590335, 0.0020255799968],
      [0.30284123119, 0.41095838012, 0.28620038869]
    ],
    [
      [0.24828110889, 0.75171889111, 0],
      [0.58723394313, 0.41276605687, 0],
      [0.039824862406, 0.96017513759, 0],
      [0.10394385534, 0.89605614466, 0],
      [0.22297665555, 0.77702334445, 0],
      [0.35755590679, 0.64244409321, 0]
    ],
    [
      [0.20807976032, 0.77988515046, 0.012035089214],
      [0.46347811591, 0.45829484512, 0.078227038964],
      [0.03456673296, 0.95615658819, 0.0092766788509],
      [0.061698509191, 0.63364825325, 0.30465323756],
      [0.18860425167, 0.80608948353, 0.0053062648046],
      [0.15270351438, 0.35487375923, 0.49242272639]
    ],
    [
      [0.28979398325, 0.7040811374, 0.0061248793542],
      [0.58820430875, 0.37566251117, 0.036133180083],
      [0.052441917808, 0.94240954275, 0.0051485394381],
      [0.10585705679, 0.70533709318, 0.18880585003],
      [0.26444005575, 0.73284035196, 0.002719592288],
      [0.27369576052, 0.41158527535, 0.31471896413]
    ],
    [
      [0.22283477743, 0.77450093036, 0.0026642922053],
      [0.51275113447, 0.4693365866, 0.017912278936],
      [0.037404596214, 0.96051927412, 0.0020761296621],
      [0.086495225269, 0.82415783392, 0.089346940814],
      [0.20121694797, 0.79761295927, 0.0011700927582],
      [0.26072788535, 0.56145624557, 0.17781586907]
    ],
    [
      [0.29424260225, 0.70024770833, 0.0055096894173],
      [0.62171193374, 0.34665550973, 0.031632556524],
      [0.050206977226, 0.9451974389, 0.0045955838769],
      [0.10355940027, 0.70383407656, 0.19260652317],
      [0.26695629152, 0.73060142613, 0.0024422823548],
      [0.26716692943, 0.38282466911, 0.35000840146]
    ],
    [
      [0.31463996629, 0.68536003371, 0],
      [0.68773603432, 0.31226396568, 0],
      [0.051430059998, 0.94856994, 0],
      [0.13542042597, 0.86457957403, -0],
      [0.28359066092, 0.71640933908, 0],
      [0.44539159554, 0.55460840446, -0]
    ],
    [
      [0.10253291736, 0.89746708264, 0],
      [0.34816019851, 0.65183980149, 0],
      [0.01357392084, 0.98642607916, 0],
      [0.037381537008, 0.96261846299, 0],
      [0.089873452831, 0.91012654717, 0],
      [0.16207354063, 0.83792645937, 0]
    ],
    [
      [0.22822005069, 0.76375469584, 0.0080252534745],
      [0.53591779997, 0.41226250209, 0.051819697949],
      [0.035771033684, 0.9580708691, 0.006158097214],
      [0.069322711461, 0.66405119377, 0.26662609477],
      [0.20528405333, 0.79119332853, 0.0035226181411],
      [0.16461366799, 0.3274891425, 0.50789718951]
    ],
    [
      [0.14164261817, 0.84984043974, 0.0085169420954],
      [0.37635452975, 0.55731975663, 0.066325713625],
      [0.021102547977, 0.97288205726, 0.006015394768],
      [0.040906824902, 0.68523135959, 0.2738618155],
      [0.12650496416, 0.86979965782, 0.0036953780187],
      [0.094806250415, 0.34355858416, 0.56163516542]
    ],
    [
      [0.15740322217, 0.84259677783, 0],
      [0.425334361, 0.574665639, 0],
      [0.024050928846, 0.97594907115, 0],
      [0.062925663664, 0.93707433634, 0],
      [0.14036932533, 0.85963067467, 0],
      [0.23379734053, 0.76620265947, 0]
    ],
    [
      [0.19695011996, 0.80304988004, 0],
      [0.48829998571, 0.51170001429, 0],
      [0.031670457999, 0.968329542, 0],
      [0.081536383236, 0.91846361676, 0],
      [0.1767223422, 0.8232776578, 0],
      [0.28527008562, 0.71472991438, 0]
    ],
    [
      [0.12353088848, 0.87193830972, 0.0045308017956],
      [0.33929248732, 0.62473252576, 0.035974986924],
      [0.018647614142, 0.97816026564, 0.003192120214],
      [0.042417373473, 0.82410134904, 0.13348127748],
      [0.11021142351, 0.88782097164, 0.001967604848],
      [0.13490874759, 0.58912160812, 0.2759696443]
    ],
    [
      [0, 0.99165675042, 0.0083432495783],
      [0, 0.90168397297, 0.098316027035],
      [0, 0.99507113515, 0.0049288648455],
      [0, 0.72653147636, 0.27346852364],
      [0, 0.99647173006, 0.0035282699449],
      [0, 0.32313660973, 0.67686339027]
    ],
    [
      [0, 0.99314924779, 0.0068507522058],
      [0, 0.92849485436, 0.071505145644],
      [0, 0.99570467778, 0.0042953222199],
      [0, 0.82278959663, 0.17721040337],
      [0, 0.99706828381, 0.0029317161944],
      [0, 0.61428640553, 0.38571359447]
    ],
    [
      [0.23718788785, 0.75312568219, 0.009686429957],
      [0.53524566177, 0.40240384187, 0.062350496356],
      [0.038171746157, 0.95431355716, 0.0075146966851],
      [0.068217725802, 0.61284381089, 0.31893846331],
      [0.21416057234, 0.78158288067, 0.0042565469923],
      [0.14123150402, 0.26756204825, 0.59120644773]
    ],
    [
      [0.17607075977, 0.81898146661, 0.0049477736222],
      [0.43395337709, 0.53054544897, 0.035501173943],
      [0.028138402024, 0.96818486139, 0.0036767365889],
      [0.061789046209, 0.78883936352, 0.14937159027],
      [0.1582457136, 0.83959089262, 0.0021633937803],
      [0.18288651434, 0.52721843788, 0.28989504778]
    ],
    [
      [0.27695798061, 0.71138966768, 0.01165235171],
      [0.55970041578, 0.37257852882, 0.0677210554],
      [0.049113533939, 0.94121822268, 0.0096682433782],
      [0.085626831388, 0.60657683043, 0.30779633818],
      [0.25295022944, 0.74186749095, 0.0051822796099],
      [0.20395245188, 0.32333189631, 0.47271565181]
    ],
    [
      [0.25963022244, 0.73649937268, 0.0038704048805],
      [0.56403593523, 0.41161443644, 0.02434962833],
      [0.044785009325, 0.95208639358, 0.0031285970967],
      [0.098203609767, 0.7695566588, 0.13223973143],
      [0.23540151302, 0.762890934, 0.0017075529755],
      [0.27316054238, 0.47650154784, 0.25033790978]
    ],
    [
      [0.23132001916, 0.76704207172, 0.0016379091244],
      [0.52818629412, 0.4609601107, 0.01085359518],
      [0.039152157876, 0.95955994913, 0.0012878929925],
      [0.09357206455, 0.85092391196, 0.055504023493],
      [0.2089698734, 0.79031002911, 0.00072009748412],
      [0.29117684454, 0.59825854413, 0.11056461133]
    ],
    [
      [0.19669713167, 0.79798283759, 0.0053200307435],
      [0.47058993254, 0.49273620753, 0.036673859925],
      [0.031775789629, 0.96420004465, 0.0040241657184],
      [0.068726433825, 0.76954550215, 0.16172806403],
      [0.17708948948, 0.82057866275, 0.0023318477725],
      [0.19838144726, 0.49557503892, 0.30604351382]
    ],
    [
      [0.17509327783, 0.82490672217, 0],
      [0.45380249621, 0.54619750379, 0],
      [0.027430815546, 0.97256918445, 0],
      [0.07120599569, 0.92879400431, 0],
      [0.15661513865, 0.84338486135, 0],
      [0.25702485675, 0.74297514325, 0]
    ],
    [
      [0.18374705136, 0.81344883353, 0.0028041151144],
      [0.45455494216, 0.52526163379, 0.020183424054],
      [0.029449303002, 0.96845727924, 0.0020934177614],
      [0.068957610456, 0.83919745314, 0.091844936406],
      [0.16502575481, 0.833749063, 0.0012251821915],
      [0.21656155656, 0.59212498795, 0.19131345549]
    ],
    [
      [0.34389239373, 0.6449926023, 0.01111500397],
      [0.62953791632, 0.31140593697, 0.059056146711],
      [0.066689923838, 0.92330689947, 0.01000317669],
      [0.11336552882, 0.58261278085, 0.30402169033],
      [0.31700249409, 0.6780110138, 0.0049864921012],
      [0.25860064905, 0.30064144, 0.44075791095]
    ],
    [
      [0.19776996035, 0.79653953551, 0.0056905041435],
      [0.47992866941, 0.48018663196, 0.039884698629],
      [0.03128360763, 0.96446129804, 0.0042550943344],
      [0.066550437523, 0.7462627135, 0.18718684897],
      [0.17770346261, 0.81980883087, 0.0024877065172],
      [0.18180063531, 0.44256902795, 0.37563033674]
    ],
    [
      [0.14499874893, 0.85500125107, 0],
      [0.3974705908, 0.6025294092, 0],
      [0.022119588909, 0.97788041109, 0],
      [0.05776503616, 0.94223496384, 0],
      [0.12925248374, 0.87074751626, 0],
      [0.21585577486, 0.78414422514, 0]
    ],
    [
      [0.22810572631, 0.76656878357, 0.0053254901151],
      [0.52032689647, 0.4449812392, 0.03469186433],
      [0.037792654519, 0.95805421344, 0.0041531320423],
      [0.080960912643, 0.7541021827, 0.16493690466],
      [0.20602754652, 0.79162921013, 0.0023432433569],
      [0.22796037195, 0.46931821417, 0.30272141388]
    ],
    [
      [0.16645558705, 0.81287807457, 0.02066633838],
      [0.38140933674, 0.47901866473, 0.13957199853],
      [0.026187765482, 0.95858783386, 0.015224400659],
      [0.037209862528, 0.50194243176, 0.46084770571],
      [0.15061293003, 0.84030319474, 0.0090838752363],
      [0.07401885707, 0.22219345466, 0.70378768827]
    ],
    [
      [0.16844996178, 0.83155003822, 0],
      [0.45892009149, 0.54107990851, 0],
      [0.025223507085, 0.97477649292, 0],
      [0.066748034956, 0.93325196504, 0],
      [0.14993179707, 0.85006820293, 0],
      [0.25157348296, 0.74842651704, 0]
    ],
    [
      [0.21735606185, 0.7798953718, 0.0027485663476],
      [0.51064408662, 0.47080522733, 0.018550686058],
      [0.035754657197, 0.96212347898, 0.0021218638193],
      [0.083139820787, 0.82481652074, 0.092043658473],
      [0.19585976207, 0.80293421916, 0.0012060187657],
      [0.25411374865, 0.56099574286, 0.1848905085]
    ],
    [
      [0.21171369968, 0.78130925116, 0.0069770491681],
      [0.48893746725, 0.46480808143, 0.046254451322],
      [0.034735614759, 0.95989968531, 0.0053646999306],
      [0.07130391425, 0.72673003621, 0.20196604954],
      [0.19114174596, 0.80579056508, 0.0030676889568],
      [0.19595793248, 0.44502930539, 0.35901276213]
    ],
    [
      [0.13209851405, 0.86476680602, 0.0031346799258],
      [0.36575885244, 0.60935433813, 0.024886809432],
      [0.019805158363, 0.97798243912, 0.0022124025175],
      [0.047015873165, 0.85323342598, 0.09975070086],
      [0.11769768452, 0.88094225164, 0.0013600638451],
      [0.15553514811, 0.62401195733, 0.22045289456]
    ],
    [
      [0.17081010886, 0.82222418702, 0.0069657041238],
      [0.41738346992, 0.533136991, 0.049479539085],
      [0.027329792315, 0.96750715168, 0.0051630560002],
      [0.057060089716, 0.75148022517, 0.19145968512],
      [0.15368852768, 0.8432614507, 0.0030500216156],
      [0.16354825866, 0.48937233013, 0.3470794112]
    ],
    [
      [0.2587071343, 0.73001108391, 0.011281781797],
      [0.54748109409, 0.38443466928, 0.068084236629],
      [0.043902807101, 0.94699660506, 0.0091005878353],
      [0.076453688063, 0.60281885595, 0.32072745598],
      [0.23514473187, 0.75986136183, 0.0049939062996],
      [0.17510911525, 0.3011342398, 0.52375664496]
    ],
    [
      [0.10473430171, 0.89096508784, 0.0043006104466],
      [0.30987814145, 0.65386742127, 0.036254437283],
      [0.015069834984, 0.9819920829, 0.0029380821124],
      [0.034924944142, 0.8295901735, 0.13548488236],
      [0.09289649189, 0.90524555271, 0.0018579553995],
      [0.11266998678, 0.58165100158, 0.30567901164]
    ],
    [
      [0.13668950078, 0.85605801331, 0.007252485914],
      [0.36555206225, 0.57796605219, 0.056481885562],
      [0.020526775094, 0.97432323998, 0.0051499849214],
      [0.041811183213, 0.72886250358, 0.22932631321],
      [0.12209498388, 0.87475568831, 0.0031493278076],
      [0.10893614598, 0.41819941227, 0.47286444175]
    ],
    [
      [0.18262186628, 0.81310486974, 0.0042732639811],
      [0.44272104219, 0.52703396636, 0.030244991452],
      [0.029674448553, 0.96712069247, 0.003204858974],
      [0.066444711005, 0.80706006528, 0.12649522371],
      [0.16437703438, 0.83375168893, 0.0018712766837],
      [0.20114916974, 0.5577064395, 0.24114439076]
    ],
    [
      [0.20500873748, 0.78928790667, 0.0057033558461],
      [0.47505151142, 0.48643778471, 0.038510703871],
      [0.034011188491, 0.9616123543, 0.0043764572051],
      [0.072430065088, 0.76204904844, 0.16552088648],
      [0.185143559, 0.81235032289, 0.0025061181042],
      [0.20661118504, 0.49448196832, 0.29890684663]
    ],
    [
      [0.1964883937, 0.80094506907, 0.0025665372316],
      [0.47124910926, 0.51077320195, 0.017977688793],
      [0.032259243547, 0.96579328861, 0.0019474678424],
      [0.075685700984, 0.84268839127, 0.081625907741],
      [0.17692803783, 0.82194772393, 0.0011242382329],
      [0.23707758905, 0.6001016837, 0.16282072725]
    ],
    [
      [0.19302500919, 0.80697499081, 0],
