{
  "X": [
    [23, 45, 242, 304, 39],
    [23, 35, 179, 197, 20],
    [3, 3, 4, 56, 3],
    [6, 7, 12, 104, 5],
    [5, 14, 53, 176, 13],
    [9, 18, 185, 24, 11],
    [6, 15, 96, 108, 9],
    [33, 100, 288, 617, 41],
    [6, 8, 9, 63, 3],
    [5, 24, 22, 98, 7],
    [9, 24, 278, 132, 39],
    [12, 18, 183, 123, 25],
    [3, 14, 141, 67, 15],
    [5, 9, 113, 20, 16],
    [12, 27, 258, 134, 29],
    [55, 65, 371, 777, 79],
    [21, 30, 174, 243, 26],
    [28, 43, 272, 372, 46],
    [15, 25, 145, 142, 30],
    [13, 119, 210, 285, 28],
    [24, 25, 59, 410, 18],
    [9, 23, 83, 281, 10],
    [12, 79, 162, 661, 27],
    [24, 89, 247, 1114, 39],
    [33, 48, 277, 452, 35],
    [23, 27, 159, 502, 21],
    [28, 71, 174, 733, 30],
    [4, 11, 6, 105, 5],
    [21, 34, 253, 303, 34],
    [75, 107, 589, 742, 81],
    [7, 21, 53, 164, 9],
    [9, 24, 44, 251, 11],
    [22, 29, 173, 270, 25],
    [39, 75, 492, 530, 49],
    [6, 13, 49, 166, 18],
    [2, 1, 4, 27, 0],
    [11, 20, 34, 146, 7],
    [17, 45, 106, 183, 24],
    [2, 1, 34, 132, 9],
    [9, 19, 42, 233, 7],
    [7, 19, 89, 123, 23],
    [25, 40, 193, 242, 25],
    [36, 46, 252, 509, 44],
    [12, 13, 107, 106, 10],
    [1, 10, 22, 82, 2],
    [5, 18, 27, 192, 11],
    [4, 15, 24, 196, 12],
    [2, 4, 24, 59, 3],
    [3, 2, 8, 93, 5],
    [17, 30, 172, 205, 20],
    [52, 60, 339, 512, 63],
    [3, 4, 15, 89, 5],
    [8, 0, 7, 52, 4],
    [5, 49, 95, 216, 13],
    [14, 18, 35, 131, 13],
    [9, 15, 37, 267, 11],
    [4, 36, 46, 155, 5],
    [3, 34, 20, 133, 10],
    [16, 16, 28, 122, 6],
    [1, 3, 14, 58, 1],
    [2, 2, 7, 61, 2],
    [2, 9, 30, 83, 5],
    [114, 219, 1103, 2789, 115],
    [3, 8, 26, 105, 1],
    [7, 28, 118, 223, 14],
    [52, 193, 558, 1017, 97],
    [2, 23, 47, 111, 2]
  ],
  "W": [
    [29, 61, 209, 281, 48, 25],
    [33, 51, 151, 185, 21, 13],
    [6, 5, 2, 49, 0, 7],
    [8, 13, 10, 92, 2, 9],
    [4, 24, 34, 161, 13, 25],
    [5, 9, 168, 27, 22, 16],
    [4, 17, 75, 104, 24, 10],
    [44, 163, 232, 538, 59, 43],
    [4, 4, 9, 63, 4, 5],
    [7, 14, 21, 95, 10, 9],
    [14, 26, 252, 105, 53, 32],
    [16, 15, 157, 110, 33, 30],
    [3, 13, 134, 62, 10, 18],
    [3, 4, 110, 12, 16, 18],
    [13, 22, 244, 123, 33, 25],
    [69, 84, 327, 722, 93, 52],
    [24, 54, 138, 208, 46, 24],
    [31, 61, 218, 346, 68, 37],
    [13, 38, 131, 134, 20, 21],
    [10, 147, 157, 278, 33, 30],
    [36, 41, 48, 381, 17, 13],
    [9, 38, 68, 259, 20, 12],
    [35, 105, 130, 614, 34, 23],
    [25, 156, 175, 1056, 59, 42],
    [35, 66, 236, 429, 46, 33],
    [28, 70, 118, 456, 33, 27],
    [31, 94, 132, 698, 37, 44],
    [5, 8, 5, 105, 0, 8],
    [34, 55, 198, 283, 48, 27],
    [81, 160, 476, 681, 126, 70],
    [8, 19, 44, 157, 14, 12],
    [10, 33, 34, 233, 15, 14],
    [27, 38, 147, 233, 38, 36],
    [49, 109, 395, 479, 100, 53],
    [5, 20, 37, 148, 13, 29],
    [4, 4, 0, 22, 2, 2],
    [5, 19, 32, 133, 14, 15],
    [16, 59, 80, 160, 41, 19],
    [6, 7, 28, 118, 6, 13],
    [10, 19, 40, 217, 8, 16],
    [7, 23, 82, 111, 24, 14],
    [27, 41, 174, 227, 34, 22],
    [55, 82, 190, 462, 68, 30],
    [13, 21, 88, 95, 21, 10],
    [1, 14, 16, 79, 5, 2],
    [11, 17, 18, 176, 14, 17],
    [4, 24, 17, 176, 15, 15],
    [5, 14, 14, 54, 2, 3],
    [3, 7, 8, 88, 0, 5],
    [11, 39, 160, 187, 28, 19],
    [66, 90, 286, 457, 73, 54],
    [4, 9, 14, 78, 2, 9],
    [11, 2, 2, 49, 4, 3],
    [12, 77, 64, 197, 13, 15],
    [11, 24, 23, 119, 14, 20],
    [5, 27, 23, 252, 12, 20],
    [5, 60, 28, 136, 11, 6],
    [4, 24, 21, 133, 7, 11],
    [10, 26, 23, 106, 11, 12],
    [0, 6, 9, 56, 4, 2],
    [2, 6, 4, 45, 5, 12],
    [6, 22, 17, 72, 5, 7],
    [153, 349, 927, 2548, 219, 144],
    [8, 8, 17, 98, 4, 8],
    [7, 33, 109, 206, 18, 17],
    [50, 221, 487, 980, 84, 95],
    [3, 38, 30, 102, 7, 5]
  ],
  "method": "mult",
  "cond_prob": [
    [
      [0.51879425398, 0.00056773874627, 0.099585174798, 0.26744490745, 0.11360792503],
      [0.00010088887461, 0.53099569409, 0.21298276224, 0.25277063768, 0.0031500171118],
      [0.0054537734321, 0.029005928733, 0.91337923899, 0.0022523347628, 0.049908724081],
      [0.0028345828605, 0.0093648760158, 0.0022736128248, 0.98266239929, 0.0028645290088],
      [0.084543651729, 0.018508370681, 0.57737655251, 0.071892895791, 0.24767852929],
      [0.069638516219, 0.11030482825, 0.12088639934, 0.26678169181, 0.43238856438]
    ],
    [
      [0.55121300145, 0.00055158551675, 0.1032090981, 0.25099615895, 0.094030155985],
      [0.00010935125525, 0.52908456783, 0.22567099705, 0.24247510715, 0.0026599767196],
      [0.0056400892639, 0.027488265789, 0.92456851312, 0.0020606211105, 0.040242510718],
      [0.0031973982537, 0.0096790109089, 0.0025061324497, 0.98210014026, 0.0025173181259],
      [0.091551314777, 0.018359451252, 0.61144184862, 0.068858847623, 0.20978853772],
      [0.080566149344, 0.11697700308, 0.13666012156, 0.27309879697, 0.39269792904]
    ],
    [
      [0.50315752465, 0.00045718252172, 0.095922439908, 0.31144981848, 0.089013034444],
      [8.6923244001e-05, 0.48981240659, 0.21166493399, 0.2960120164, 0.0024237197885],
      [0.004087008251, 0.020545643226, 0.93938580696, 0.0022821673529, 0.033699374212],
      [0.0020737857043, 0.0064499399725, 0.0018297033585, 0.98777626744, 0.0018703035262],
      [0.073979502051, 0.014989671024, 0.62678732474, 0.083577593398, 0.20066590879],
      [0.064048759717, 0.096399751492, 0.12376831413, 0.32805933531, 0.38772383935]
    ],
    [
      [0.58275507854, 0.00039671722605, 0.071142286113, 0.26403314254, 0.081672775581],
      [0.00013175130606, 0.48999946778, 0.19290757872, 0.31415138137, 0.0028098208289],
      [0.0075393119805, 0.027059977442, 0.91506482731, 0.002955599661, 0.04738028361],
      [0.0029768785505, 0.0066280733241, 0.001634070055, 0.98670703283, 0.0020539452406],
      [0.11392452916, 0.016611681282, 0.5457981379, 0.090887890904, 0.23277776076],
      [0.088313772285, 0.094178603532, 0.10461691745, 0.31849538969, 0.39439531704]
    ],
    [
      [0.50761540935, 0.00045089418713, 0.11413976556, 0.29043758384, 0.087356347067],
      [9.6713710214e-05, 0.4513423913, 0.25727449611, 0.28874720293, 0.0025391959568],
      [0.0044008205784, 0.02040270317, 0.93914332326, 0.0021628281229, 0.033890324866],
      [0.0023840340212, 0.0068638035909, 0.0024003193636, 0.98632668686, 0.0020251561594],
      [0.075726332344, 0.014288837449, 0.6483247001, 0.075809541845, 0.18585058827],
      [0.069931626659, 0.095944969975, 0.15124307084, 0.31610301308, 0.36677731945]
    ],
    [
      [0.68209096687, 0.00077215823243, 0.099075971517, 0.16592989889, 0.052131004493],
      [0.00011230477783, 0.66822318089, 0.18990291034, 0.14046918627, 0.0012924177161],
      [0.006913822193, 0.040302770483, 0.92803944952, 0.0014158822887, 0.023328075512],
      [0.0055038557259, 0.019911908991, 0.0035338876337, 0.96900087862, 0.0020494690315],
      [0.12263536896, 0.029151073103, 0.66502727322, 0.05135103577, 0.13183524894],
      [0.12045961746, 0.20870329, 0.16613508914, 0.22874812177, 0.27595388162]
    ],
    [
      [0.57559593059, 0.00059758746814, 0.10392051575, 0.25549487442, 0.064391091772],
      [0.00010006634512, 0.5521760636, 0.21386371777, 0.23215104392, 0.0017091083537],
      [0.0054912314625, 0.029820569938, 0.93507284652, 0.0020953253974, 0.027520026683],
      [0.0030492544137, 0.010279745873, 0.0024715050834, 0.98251446202, 0.0016850326075],
      [0.095706335672, 0.021144409662, 0.65567060171, 0.074388229328, 0.15309042363],
      [0.088615776114, 0.14262014493, 0.154061629, 0.31122256806, 0.30347988189]
    ],
    [
      [0.51906125471, 0.00056273338621, 0.10022183912, 0.29123657163, 0.088917601153],
      [0.00010018659777, 0.51508186062, 0.21117273164, 0.27121411128, 0.0024311098623],
      [0.005527132619, 0.02890114791, 0.92380447488, 0.0024675274706, 0.039299717124],
      [0.0026315622581, 0.0085496160235, 0.0021079204276, 0.98464399668, 0.0020669046143],
      [0.088996608418, 0.019179938684, 0.60741981147, 0.081895611335, 0.20250803009],
      [0.075471026266, 0.11751103664, 0.13095569228, 0.31271069617, 0.36335154864]
    ],
    [
      [0.74664557516, 0.00076515102965, 0.043299348572, 0.16149109841, 0.047798826821],
      [0.00011462428611, 0.76981231105, 0.086894435924, 0.14197291184, 0.0012057169008],
      [0.013576660809, 0.080147470053, 0.8613290635, 0.0027589458259, 0.042187859814],
      [0.0056171998831, 0.020509461426, 0.0015912236115, 0.97037131125, 0.0019108038251],
      [0.19527918102, 0.046191632948, 0.48083615286, 0.079813490477, 0.1978795427],
      [0.13372614438, 0.23578289537, 0.081027253849, 0.24781715208, 0.30164655433]
    ],
    [
      [0.54204530118, 0.0014394094514, 0.077362381979, 0.28284011823, 0.096312789168],
      [5.3189384814e-05, 0.76294302974, 0.090247649868, 0.14531822862, 0.001437902387],
      [0.0062250560911, 0.086686208527, 0.85480334055, 0.002796593843, 0.049488800991],
      [0.0025585134846, 0.022106104826, 0.0016387620414, 0.9714588579, 0.0022377617476],
      [0.094988111006, 0.053784387828, 0.52093001176, 0.086906074243, 0.24339141516],
      [0.061758801488, 0.25542757734, 0.085066789369, 0.25537615558, 0.34237067622]
    ],
    [
      [0.37750017322, 0.00064583403904, 0.12844924201, 0.36264644142, 0.13075830932],
      [5.9090581992e-05, 0.4950114573, 0.2233374219, 0.27864349764, 0.0029485325822],
      [0.0030816311972, 0.025888896405, 0.92357846102, 0.0023922182999, 0.045058793074],
      [0.0015062750396, 0.007858743999, 0.0021632116136, 0.9860392024, 0.0024325669493],
      [0.05046306146, 0.017420149647, 0.61584781229, 0.080561002499, 0.23570797411],
      [0.042188293254, 0.10555604345, 0.13093405978, 0.30380401945, 0.41751758408]
    ],
    [
      [0.48680706299, 0.00064565017221, 0.11804785585, 0.2965891618, 0.097910269192],
      [8.1194110616e-05, 0.53450080113, 0.219458523, 0.24360140958, 0.0023580721691],
      [0.0043254574998, 0.028276070097, 0.92843934067, 0.0021363090976, 0.03682282264],
      [0.002361199464, 0.0095824093635, 0.002423865194, 0.9834131552, 0.0022193707791],
      [0.072801193555, 0.019542016263, 0.63555444292, 0.073906430814, 0.19819591644],
      [0.064412267755, 0.1255706174, 0.1428689498, 0.29498157204, 0.372166593]
    ],
    [
      [0.44354892349, 0.00070660677583, 0.12691551223, 0.31480463482, 0.11402432268],
      [6.2807764229e-05, 0.54274344054, 0.21697211747, 0.23770353054, 0.0025181036875],
      [0.0033747079024, 0.028687810673, 0.92616623063, 0.0020974869649, 0.039673763832],
      [0.0018641628133, 0.0098384405378, 0.00244401508, 0.98343548363, 0.0024178979425],
      [0.057595127247, 0.019859019477, 0.63480776566, 0.072727925707, 0.21501016191],
      [0.049974881131, 0.12559069884, 0.14009886744, 0.28559889912, 0.39873665348]
    ],
    [
      [0.54901138918, 0.00062043853933, 0.094589616366, 0.26075723989, 0.095021316024],
      [9.1870217918e-05, 0.57646694685, 0.18991124416, 0.23106574916, 0.0024641896175],
      [0.005565876631, 0.033404191582, 0.91497358968, 0.0022783687203, 0.043777973385],
      [0.0027306142476, 0.010163094669, 0.0021416880963, 0.98259504943, 0.0023695535602],
      [0.08941892555, 0.02177636136, 0.59065256851, 0.074630625491, 0.22352151909],
      [0.073472200724, 0.13110341231, 0.12334311808, 0.27965029469, 0.39243097418]
    ],
    [
      [0.51145488148, 0.0006918308041, 0.10745265385, 0.27851462204, 0.10188601183],
      [8.5017364696e-05, 0.56876359816, 0.19982116836, 0.22887471334, 0.0024555027667],
      [0.0049261413491, 0.032956757872, 0.91823307799, 0.0021834059981, 0.041700616787],
      [0.0026281187101, 0.010918609535, 0.0023468582314, 0.9816498149, 0.0024565986229],
      [0.080188564, 0.022018544536, 0.60791029746, 0.073006998682, 0.21687559533],
      [0.067727750075, 0.13488574204, 0.13057682208, 0.27814753599, 0.38866214981]
    ],
    [
      [0.52802158169, 0.00051706093712, 0.090960556812, 0.26545691668, 0.11504388389],
      [0.00011177033166, 0.51768895358, 0.20907195708, 0.26969381034, 0.003433508671],
      [0.0061219871826, 0.02876891664, 0.90757708928, 0.0024364742121, 0.055095532685],
      [0.0029493892026, 0.0086104386536, 0.0020970141467, 0.98341045523, 0.002932702765],
      [0.091285261595, 0.017694295465, 0.55322928221, 0.074945810465, 0.26284535027],
      [0.072870670816, 0.10208732634, 0.11230520935, 0.26932917472, 0.44340761878]
    ],
    [
      [0.54265667925, 0.00043118486119, 0.097349172101, 0.27418216872, 0.08538079507],
      [0.00012026740058, 0.46239212906, 0.23827292618, 0.29650713063, 0.0027075467401],
      [0.0059089417753, 0.022911354603, 0.9297836607, 0.0024005785661, 0.038995464357],
      [0.0028879567142, 0.0069555302058, 0.0021731128924, 0.98587911949, 0.0021042806998],
      [0.095077535951, 0.015164379789, 0.60935464385, 0.079489827373, 0.20091361303],
      [0.083103226995, 0.095947439623, 0.13528856443, 0.3131079266, 0.37255284235]
    ],
    [
      [0.53154771074, 0.00050630998639, 0.10134889361, 0.26461974946, 0.10197733621],
      [0.00010998299477, 0.50182504555, 0.22984593234, 0.26521863278, 0.003000406333],
      [0.0055629116902, 0.025666236274, 0.92208995881, 0.0022116382185, 0.044469255009],
      [0.0029492233224, 0.0084526775072, 0.0023419887544, 0.98365196655, 0.0026041438697],
      [0.088262378303, 0.016771391866, 0.59696626665, 0.072288310542, 0.22571165264],
      [0.075783008396, 0.10416760282, 0.13029648979, 0.27955945687, 0.41019344213]
    ],
    [
      [0.58929101859, 0.00041554494128, 0.081718185865, 0.20943735813, 0.11913789246],
      [0.00014566573511, 0.50994892438, 0.22775186525, 0.25785819142, 0.0042953532193],
      [0.0072620904253, 0.025510699623, 0.90231215745, 0.0021166798069, 0.062798372694],
      [0.0039963794143, 0.0087194438782, 0.002372416457, 0.98109806242, 0.003813697829],
      [0.10468973034, 0.015077389039, 0.52791624116, 0.062603187528, 0.28971345193],
      [0.083947913126, 0.087646211252, 0.107525745, 0.22645428845, 0.49442584217]
    ],
    [
      [0.56583635722, 0.00074554516355, 0.10197852243, 0.23612348075, 0.09531609443],
      [9.4730383781e-05, 0.60954702414, 0.19179901225, 0.19623656506, 0.0023226681668],
      [0.0056899918236, 0.037195980703, 0.91428089875, 0.0019425703729, 0.040890558348],
      [0.0034106972076, 0.013854650601, 0.0026230393475, 0.97740523487, 0.0027063779751],
      [0.092654145356, 0.024851152905, 0.60491749955, 0.064915237364, 0.21266196482],
      [0.079183063215, 0.15357098935, 0.13142160775, 0.25004819214, 0.38577614754]
    ],
    [
      [0.53852792881, 0.00047982130743, 0.081503788098, 0.27094793175, 0.10854053004],
      [0.00011817614517, 0.51025599864, 0.19706538968, 0.28917316637, 0.003387269162],
      [0.0067836096972, 0.029405419411, 0.90400675495, 0.0027366443159, 0.057067571625],
      [0.0029098873548, 0.0078334779145, 0.0018396479898, 0.98471748158, 0.0026995051618],
      [0.098676400963, 0.017602489856, 0.53440695552, 0.081953760408, 0.26736039325],
      [0.075860452399, 0.098040491284, 0.10392280965, 0.28379941525, 0.43837683141]
    ],
    [
      [0.56206998785, 0.00048180284204, 0.0933461195, 0.27526282279, 0.068839267023],
      [0.00011454264315, 0.49589606703, 0.21803195789, 0.28388314737, 0.0020742850639],
      [0.0061418161133, 0.026644382272, 0.93206365998, 0.0025077899665, 0.032642351669],
      [0.0028737432612, 0.0077434042959, 0.002074664624, 0.98562415665, 0.0016840311715],
      [0.10150980207, 0.018009497541, 0.62272229252, 0.084809006153, 0.17294940172],
      [0.088863952586, 0.1143644068, 0.13820845665, 0.33483212396, 0.32373106001]
    ],
    [
      [0.34476128512, 0.00091449896308, 0.13175400289, 0.38940551103, 0.13316470199],
      [4.4622211758e-05, 0.56582286903, 0.18720790385, 0.2444735329, 0.0024510720123],
      [0.0027463736811, 0.035327686655, 0.91521684063, 0.0024813601889, 0.044227738843],
      [0.0012994914277, 0.010385198946, 0.0020707077902, 0.98393425966, 0.0023103421748],
      [0.045168786614, 0.023925494467, 0.6136573924, 0.084046500353, 0.23320182616],
      [0.036214426324, 0.13867741441, 0.12495234817, 0.30344687019, 0.3967089409]
    ],
    [
      [0.51340056854, 0.00050697079792, 0.10606739214, 0.28806673498, 0.091958333539],
      [0.00010283919377, 0.4841783854, 0.23319965109, 0.27989631375, 0.0026228105658],
      [0.0051649763358, 0.02472999084, 0.92918723268, 0.0023186080228, 0.038599192122],
      [0.0026203289456, 0.007795443157, 0.0022576385812, 0.98516355301, 0.0021630363066],
      [0.084386563119, 0.016638615424, 0.61925138287, 0.078012226664, 0.20171121192],
      [0.074007745232, 0.10544000058, 0.13803752475, 0.30805313248, 0.37446159696]
    ],
    [
      [0.57800965294, 0.00049275462589, 0.094131281652, 0.24581958844, 0.081546722343],
      [0.00012584540035, 0.51351528531, 0.22460870617, 0.25922648973, 0.0025236733972],
      [0.0065401327602, 0.027002974704, 0.92579938858, 0.0022213359603, 0.038436167992],
      [0.00345183763, 0.0088534559746, 0.002341053894, 0.98311313304, 0.0022405194613],
      [0.10496321671, 0.017848741014, 0.60629729981, 0.073440707847, 0.19745003462],
      [0.092308191188, 0.11353296367, 0.13554617661, 0.29087377188, 0.36773889665]
    ],
    [
      [0.54769059707, 0.00030739895549, 0.10205212804, 0.27683980395, 0.073110071992],
      [0.00013818425191, 0.37336236597, 0.28377036978, 0.34009593806, 0.0026331419448],
      [0.0057828786031, 0.015802136948, 0.94376251464, 0.0023467146021, 0.032305755207],
      [0.0029039881629, 0.0049295651837, 0.0022646276111, 0.98811080084, 0.0017910181995],
      [0.096288367748, 0.010827388813, 0.64009848217, 0.080425760575, 0.17236000069],
      [0.090398618875, 0.073538661328, 0.15257829072, 0.34008985926, 0.34339456982]
    ],
    [
      [0.55925584209, 0.00059342147081, 0.096397436059, 0.26598553056, 0.077767769825],
      [0.00010760161645, 0.54593678169, 0.20359999648, 0.24822603761, 0.0021295826096],
      [0.0061497013489, 0.031643689069, 0.92419693154, 0.0023396570499, 0.035670020987],
      [0.003083265919, 0.009856554171, 0.0022159210236, 0.98286917327, 0.0019750856208],
      [0.10020961741, 0.021232927209, 0.61399345655, 0.07851552776, 0.18604847107],
      [0.086586927409, 0.13264088767, 0.13474360946, 0.30549265179, 0.34053592368]
    ],
    [
      [0.59726550809, 0.00086878915177, 0.06532301831, 0.23232238316, 0.10422030129],
      [8.1689319262e-05, 0.7064886091, 0.11417710102, 0.17697004744, 0.0022825531268],
      [0.0071946398308, 0.058443813707, 0.87245136877, 0.0025618364294, 0.059348341265],
      [0.0032434048602, 0.016332135066, 0.0016777583182, 0.97581553561, 0.0029311661481],
      [0.10658945073, 0.034870639696, 0.4952913574, 0.07660013855, 0.28664841362],
      [0.072821810374, 0.17534083678, 0.081329891186, 0.23682393682, 0.43368352483]
    ],
    [
      [0.47362210782, 0.00051697816886, 0.12181295407, 0.29589029444, 0.10815766551],
      [8.9874670149e-05, 0.47113306906, 0.25361816767, 0.27223932071, 0.0029195678859],
      [0.0041628669428, 0.022032906068, 0.93209035759, 0.0020786048534, 0.03963526455],
      [0.0023499790506, 0.0077258423171, 0.002519537561, 0.98493379877, 0.0024708422998],
      [0.069307206103, 0.015104673502, 0.6330021896, 0.07128362591, 0.21130230488],
      [0.062531546406, 0.098614494276, 0.14514811227, 0.28972418427, 0.40398166279]
    ],
    [
      [0.57086036375, 0.00048862808424, 0.09608593343, 0.24787994432, 0.084685130419],
      [0.00012570619784, 0.50642194066, 0.22931604063, 0.26151076936, 0.0026255431579],
      [0.0064078331694, 0.026269660468, 0.92592035624, 0.0021987484848, 0.039203401641],
      [0.0034200712205, 0.0087114063767, 0.0023718676235, 0.9831844486, 0.0023122061758],
      [0.10262579822, 0.017360096151, 0.6065513358, 0.072664787221, 0.20079798261],
      [0.090544392444, 0.11062808544, 0.13613196614, 0.28859928014, 0.37409627583]
    ],
    [
      [0.5531394288, 0.00082267646177, 0.094676956868, 0.27134985091, 0.08001108696],
      [8.1461808515e-05, 0.630960743, 0.16215118202, 0.2050431673, 0.0017634458715],
      [0.0057208241235, 0.043692712338, 0.91184850581, 0.0023705474643, 0.036367410261],
      [0.0028082987105, 0.013314549307, 0.002117125008, 0.97979295307, 0.0019670739059],
      [0.094208583019, 0.029354590522, 0.60449629445, 0.079722489567, 0.19221804244],
      [0.076398874839, 0.17328076476, 0.12395069414, 0.29181773337, 0.33455193288]
    ],
    [
      [0.56011949464, 0.00058116933862, 0.083033968936, 0.27010931837, 0.086156048719],
      [0.0001060904571, 0.55801825252, 0.1804786345, 0.25898588324, 0.0024111392891],
      [0.006678180691, 0.035084559444, 0.9109887949, 0.0026855550674, 0.044562909899],
      [0.0029106768972, 0.0094966897291, 0.0018747654353, 0.98357725188, 0.0021406160576],
      [0.10329951141, 0.022191874881, 0.56812080913, 0.084997667142, 0.22139013744],
      [0.08162413975, 0.12728176807, 0.1133749142, 0.30292560723, 0.37479357074]
    ],
    [
      [0.53777816168, 0.00052421810251, 0.099369239881, 0.2868953922, 0.075432988131],
      [0.00010668333622, 0.50350019419, 0.21719351867, 0.27706263243, 0.0021369713743],
      [0.0057558364074, 0.027320238368, 0.9306673412, 0.002463562563, 0.033793021457],
      [0.002740646048, 0.0080792994201, 0.0021192354464, 0.98528398971, 0.0017768293711],
      [0.094840212441, 0.018522996539, 0.62483936001, 0.083564732785, 0.17823269822],
      [0.083043290836, 0.1174653437, 0.13896973616, 0.32969705706, 0.33082457225]
    ],
    [
      [0.51778806146, 0.00055769416813, 0.11410241652, 0.29088130007, 0.076670527773],
      [9.7814809918e-05, 0.49888305211, 0.2346048864, 0.26436711796, 0.0020471287132],
      [0.0049312524275, 0.025547184665, 0.9370900894, 0.0021979106312, 0.030233562876],
      [0.0026355220628, 0.0084828297267, 0.0024028657843, 0.98469342048, 0.0017853619505],
      [0.084317963453, 0.018011534989, 0.65485355979, 0.077500045634, 0.16531689614],
      [0.078120356932, 0.12058789355, 0.15432496768, 0.32330343291, 0.32366334893]
    ],
    [
      [0.51196700112, 0.000445881604, 0.097180614357, 0.28563159821, 0.10477490471],
      [0.00010349588161, 0.46933336054, 0.22963781989, 0.29773009155, 0.0031952321315],
      [0.0051838722198, 0.023291125247, 0.92213536818, 0.0024547841506, 0.0469348502],
      [0.0024727031622, 0.0068981649809, 0.0020771076957, 0.98608192247, 0.0024701016939],
      [0.082045998277, 0.015029505008, 0.58676989777, 0.079286236974, 0.23686836197],
      [0.068203995516, 0.090868522165, 0.12324476359, 0.2975434548, 0.42013926393]
    ],
    [
      [0.53649768096, 0.00022298092899, 0.151401714, 0.31187762412, 0],
      [9.457421993e-05, 0.29024536804, 0.37917385675, 0.33048620099, 0],
      [0.0022687906589, 0.005720258798, 0.99071939923, 0.0012915513123, 0],
      [0.0019974044025, 0.003108423009, 0.0028102443273, 0.99208392826, 0],
      [0.05877116968, 0.0058915796177, 0.86836315884, 0.066974091861, 0],
      [0.099350669116, 0.075182858708, 0.30863485483, 0.51683161734, 0]
    ],
    [
      [0.7282947236, 0.00051636117761, 0.049158180839, 0.1828013071, 0.039229427283],
      [0.00016947095444, 0.639542827, 0.13595292144, 0.22293895261, 0.0013958279942],
      [0.013930990138, 0.051800869441, 0.89756820027, 0.0030155747356, 0.033684365417],
      [0.0053666732349, 0.012388804856, 0.0016288606204, 0.97918555774, 0.0014301035517],
      [0.20214884536, 0.030568063584, 0.52189447985, 0.089084685796, 0.1563039254],
      [0.15617343969, 0.172005137, 0.10178255704, 0.31087327997, 0.2591655863]
    ],
    [
      [0.57462909692, 0.00061014535508, 0.083092359785, 0.24600103658, 0.09566736136],
      [0.00011184798978, 0.58062505549, 0.18052133007, 0.23605245954, 0.002689306912],
      [0.0070389012792, 0.036844709013, 0.90404140297, 0.0024469780393, 0.049628008698],
      [0.003354582799, 0.01090760306, 0.0020550281509, 0.98107235786, 0.0026104281295],
      [0.10632247159, 0.022855807246, 0.55478956484, 0.075947081457, 0.24008507487],
      [0.084021466022, 0.13078090691, 0.11124046985, 0.27060541228, 0.40335174495]
    ],
    [
      [0.30902639347, 0.00010835230819, 0.14081479618, 0.40771142974, 0.1423390283],
      [6.9133098266e-05, 0.13509072582, 0.37788672109, 0.48205644105, 0.0048969789372],
      [0.002144995488, 0.0039850108021, 0.94675844284, 0.0024602584209, 0.044651292445],
      [0.0010263339757, 0.0011821864146, 0.0021190219592, 0.99332046685, 0.0023519908051],
      [0.036087216754, 0.0027212305194, 0.63587926181, 0.084167528725, 0.24114476219],
      [0.032314607456, 0.017873836557, 0.14324612134, 0.34058150618, 0.46598392847]
    ],
    [
      [0.59151812292, 0.00067299611061, 0.080937698756, 0.26980114763, 0.057070034581],
      [0.00010237945948, 0.59968531417, 0.16141185107, 0.23733572531, 0.001464729988],
      [0.0072546506354, 0.041983594748, 0.91751372404, 0.0027700436341, 0.030477986944],
      [0.0030616303857, 0.010999161712, 0.0018273248297, 0.98269449991, 0.0014173831576],
      [0.11818022294, 0.027944004123, 0.60211401757, 0.092276892905, 0.15948486246],
      [0.095943820348, 0.1650376193, 0.12343116163, 0.33794668581, 0.27764071291]
    ],
    [
      [0.49721398057, 0.00059833489559, 0.089205950875, 0.27016684001, 0.14281489364],
      [9.034017635e-05, 0.55867343162, 0.18712134561, 0.25024663891, 0.0038682436729],
      [0.0054021394706, 0.033159589026, 0.89111663779, 0.0024623102944, 0.067859323423],
      [0.002554007276, 0.0097340910715, 0.0020069009545, 0.98216631954, 0.003538681156],
      [0.077743882168, 0.01949049746, 0.51805646325, 0.072449565487, 0.31225959164],
      [0.057811423093, 0.10534788896, 0.097749472048, 0.24325101274, 0.49584020316]
    ],
    [
      [0.58771389812, 0.00064124125191, 0.089206429687, 0.2409544748, 0.081483956139],
      [0.00011130893326, 0.58874984728, 0.18642805567, 0.22250476779, 0.0022060203307],
      [0.0068766460676, 0.036590281195, 0.91431263941, 0.0022653550643, 0.039955078263],
      [0.0035419931272, 0.01170549907, 0.0022535066037, 0.9802269738, 0.0022720273999],
      [0.10898452991, 0.023855646437, 0.59040630239, 0.073891891282, 0.20286162998],
      [0.091180521374, 0.14454631764, 0.12550837004, 0.27857657203, 0.36018821891]
    ],
    [
      [0.49719083463, 0.00046894485773, 0.10719745127, 0.2887879685, 0.10635480074],
      [0.00010352633352, 0.46401423533, 0.24320459103, 0.28954754967, 0.0031300976287],
      [0.0049691021255, 0.022565857359, 0.92614533794, 0.0022918162591, 0.044027886318],
      [0.0025486923875, 0.0071901451053, 0.0022750423959, 0.98549186775, 0.0024942523659],
      [0.079444982858, 0.014873173045, 0.60470314753, 0.075551179469, 0.2254275171],
      [0.068606577255, 0.092862490809, 0.13270966439, 0.29378206005, 0.41203920749]
    ],
    [
      [0.58810430106, 0.00041990071948, 0.097005206223, 0.25030694375, 0.064163648242],
      [0.00013101620437, 0.47354777784, 0.2450308952, 0.279198793, 0.0020915177529],
      [0.0063072091211, 0.022568242458, 0.93936159117, 0.0022113461116, 0.029551611138],
      [0.0033269077764, 0.0073899875836, 0.00236084393, 0.98520355708, 0.0017187036265],
      [0.10634581292, 0.015583800636, 0.6416639391, 0.076449505533, 0.15995694181],
      [0.099445570202, 0.10593742011, 0.15221140975, 0.32273273798, 0.31967286195]
    ],
    [
      [0.55750165304, 0.00063041006586, 0.10241519638, 0.27133485635, 0.068117884166],
      [6.4412659484e-05, 0.56416616317, 0.20051718093, 0.23358309835, 0.0016691448967],
      [0.0036827025051, 0.031000491112, 0.93490087628, 0.0021883735755, 0.028227556532],
      [0.0019517043767, 0.010205764173, 0.0022834263447, 0.98392522865, 0.0016338764536],
      [0.068576227307, 0.022424354816, 0.6611735451, 0.079309107977, 0.1685167648],
      [0.059899541022, 0.14430123271, 0.14508982896, 0.31551147377, 0.33519792354]
    ],
    [
      [0.4034456891, 0.00099682933473, 0.10900487014, 0.37106979878, 0.11548281264],
      [4.8842631035e-05, 0.61999497003, 0.15117522671, 0.22672117973, 0.0020597809055],
      [0.0036120306257, 0.045092333699, 0.90381146365, 0.0027611393496, 0.044723032675],
      [0.0015280154472, 0.011839369482, 0.0017864265061, 0.98276095304, 0.0020852355294],
      [0.058448639094, 0.029842496197, 0.58775456957, 0.091471875738, 0.23248241941],
      [0.043817210644, 0.16287380816, 0.11067652259, 0.30935694351, 0.3732755151]
    ],
    [
      [0.4842387562, 0.0005518228781, 0.080329337347, 0.31722556086, 0.11765452271],
      [8.6464274267e-05, 0.52547046634, 0.17198406663, 0.29922233288, 0.0032366698685],
      [0.0055775735507, 0.033584920402, 0.89636281362, 0.0031772502868, 0.061297442139],
      [0.0020571961604, 0.0076922950664, 0.0015453509559, 0.9862137398, 0.0024914180178],
      [0.081104385084, 0.019839167397, 0.52025049308, 0.093936075748, 0.28486987869],
      [0.058247644219, 0.10367999601, 0.093959429496, 0.30467160606, 0.43944132421]
    ],
    [
      [0.42492077339, 0.00029319537904, 0.1489929409, 0.30920200561, 0.11659108473],
      [7.8465806916e-05, 0.31898974565, 0.35440691252, 0.32305797031, 0.0034669057078],
      [0.0025635115821, 0.010022213715, 0.95210569904, 0.0017310466781, 0.033577528984],
      [0.0017195700298, 0.0041713764838, 0.0029169155421, 0.9887350544, 0.0024570835462],
      [0.046680087418, 0.0073365747833, 0.67951957099, 0.063512274683, 0.20295149213],
      [0.045879243776, 0.052850339593, 0.16620508734, 0.28306733339, 0.45199799591]
    ],
    [
      [0.62544968494, 0.00014792956996, 0.055828208219, 0.19670079086, 0.12187338641],
      [0.00020681579276, 0.32862397137, 0.26147597329, 0.4025977407, 0.0070954988462],
      [0.0083000462643, 0.012183329571, 0.89249645738, 0.0026519938919, 0.084368172893],
      [0.0036485379876, 0.0033194439901, 0.0017151819814, 0.98727020877, 0.0040466272738],
      [0.10954784533, 0.0063820302375, 0.44893519273, 0.069647679777, 0.36548725192],
      [0.077538322962, 0.033419293643, 0.077477128257, 0.22367759728, 0.58788765785]
    ],
    [
      [0.64231523373, 0.00044409744555, 0.075465368156, 0.21385930541, 0.067915995264],
      [0.00015545936151, 0.53338933218, 0.2060550369, 0.25799982927, 0.0024003422867],
      [0.0087347175274, 0.030104650477, 0.91923041132, 0.002387833607, 0.039542387066],
      [0.0042730480892, 0.0091475354213, 0.0021509740914, 0.98229327813, 0.0021351642713],
      [0.13474082523, 0.019037324434, 0.57565421213, 0.075552849944, 0.19501478827],
      [0.1147297161, 0.117489222, 0.12457760823, 0.29010440082, 0.35309905285]
    ],
    [
      [0.54084971634, 0.00047945189608, 0.094681185552, 0.26266451665, 0.10132512956],
      [0.00011820417307, 0.49609496169, 0.22489894222, 0.27576336546, 0.0031245264634],
      [0.0060895272814, 0.025928188304, 0.91847955083, 0.0023427958203, 0.047159937768],
      [0.0030510987565, 0.0080706377194, 0.0022063528597, 0.98406137388, 0.0026105367797],
      [0.094235382417, 0.016547880219, 0.58089990016, 0.074782918179, 0.23353391902],
      [0.079061373438, 0.10034463735, 0.12391612325, 0.28249399658, 0.41418386939]
    ],
    [
      [0.54370061625, 0.00031185807606, 0.081142015059, 0.28425344674, 0.090592063878],
      [0.00011992336805, 0.41154696399, 0.23046267235, 0.3546054701, 0.003264970191],
      [0.0058512619336, 0.019022776498, 0.92535576288, 0.0028412780867, 0.046928920606],
      [0.0024032269456, 0.00484510264, 0.001734123432, 0.98890147123, 0.0021160757515],
      [0.091823131288, 0.011998233855, 0.56899467176, 0.089812941058, 0.23737102204],
      [0.073518907366, 0.070611250884, 0.11331594546, 0.32573182514, 0.41682207115]
    ],
    [
      [0.57982015288, 0, 0.09402378238, 0.2269741439, 0.099181920843],
      [0.00025129933347, 0, 0.48518620774, 0.50821212348, 0.0063503694453],
      [0.0055100561212, 0, 0.95143018388, 0.0018282032721, 0.041231556727],
      [0.0035027188961, 0, 0.00248440224, 0.99114910602, 0.0028637728393],
      [0.092873926665, 0, 0.61261139104, 0.062924492011, 0.23159019028],
      [0.089279266132, 0, 0.13868971554, 0.273859265, 0.49817175333]
    ],
    [
      [0.37899898964, 0.00079074336874, 0.14375513428, 0.35217165107, 0.12428348164],
      [5.1507700756e-05, 0.53441838384, 0.22243994785, 0.24060956009, 0.0024806005088],
      [0.0026977482697, 0.028285634234, 0.9288057228, 0.0020758727197, 0.038135021978],
      [0.0015207738606, 0.0099068305113, 0.0024910288409, 0.98371128057, 0.0023700862169],
      [0.046565210683, 0.019990625028, 0.64876256468, 0.073395860605, 0.21128573901],
      [0.040896454265, 0.12712427761, 0.14444146917, 0.29071913475, 0.3968186642]
    ],
    [
      [0.65171990736, 0.00045668855286, 0.068903911008, 0.20695005845, 0.071969434629],
      [0.00015638270707, 0.55769537467, 0.18916500414, 0.25043878513, 0.0025444533537],
      [0.0093452717025, 0.033049891559, 0.91051230532, 0.0024632606535, 0.044629270767],
      [0.0044166330712, 0.009697466933, 0.0020201808619, 0.9815402796, 0.0023254395315],
      [0.14007471272, 0.02026574208, 0.54944160461, 0.075608475794, 0.2146094648],
      [0.1142605432, 0.12015199521, 0.11285027114, 0.27836096767, 0.37437622278]
    ],
    [
      [0.64484309797, 0.0003299713068, 0.075023809767, 0.21510144944, 0.064701671518],
      [0.00017258408258, 0.4611722321, 0.2367813813, 0.29924526672, 0.0026285357968],
      [0.0084077904674, 0.022366395305, 0.92924444788, 0.002401054495, 0.037580311849],
      [0.0041050370114, 0.0067819826329, 0.0021290822789, 0.98496099805, 0.002022900026],
      [0.13250169809, 0.014354961889, 0.58675838479, 0.077111637116, 0.18927331812],
      [0.11643463232, 0.091673721273, 0.12988142426, 0.30579652309, 0.35621369905]
    ],
    [
      [0.53084993207, 0.00061854775003, 0.10280096288, 0.29210791955, 0.07362263775],
      [8.6780720148e-05, 0.53803083551, 0.20416073148, 0.25585014362, 0.0018715086633],
      [0.0049300457793, 0.030755513966, 0.93064793122, 0.0023915272588, 0.031274981779],
      [0.0024085341316, 0.0093369040187, 0.0021440534426, 0.9844301773, 0.001680331106],
      [0.084591072254, 0.021399403086, 0.63798874052, 0.083264911579, 0.17275587256],
      [0.073418462748, 0.13477895117, 0.13991907248, 0.3265568005, 0.32532671311]
    ],
    [
      [0.49154450984, 0.0013571811883, 0.072684783821, 0.28967877612, 0.14473474903],
      [4.9224569953e-05, 0.74941503671, 0.090090941038, 0.15814896417, 0.0022958335065],
      [0.0056081285623, 0.084422745221, 0.83011307134, 0.0029637036814, 0.07689235119],
      [0.0021829884396, 0.020408434493, 0.001508078199, 0.97260705337, 0.0032934454986],
      [0.077223295605, 0.047005884963, 0.45387872311, 0.082603520201, 0.33928857612],
      [0.04702878923, 0.20852809635, 0.069500613852, 0.22743165847, 0.4475108421]
    ],
    [
      [0.73467335028, 0.00033381775888, 0.048322847486, 0.17799962371, 0.038670360765],
      [0.00023003815374, 0.53834580093, 0.17520617687, 0.28441811767, 0.0017998663712],
      [0.014871215342, 0.034503593154, 0.91340958516, 0.0030251728728, 0.034190433473],
      [0.0057250900673, 0.0082473124816, 0.0016481029256, 0.98293005085, 0.0014494436792],
      [0.21196060921, 0.020082142272, 0.52287048272, 0.088144696662, 0.15694206914],
      [0.17299235495, 0.11916453687, 0.107386181, 0.32485011187, 0.27560681531]
    ],
    [
      [0.85418114513, 0.00013301173521, 0.037789758706, 0.092694527383, 0.015201557049],
      [0.00015262580622, 0.45278174264, 0.26311772844, 0.28264243034, 0.0013054727733],
      [0.0066582472194, 0.017674066908, 0.95680179444, 0.0020100159741, 0.016855875461],
      [0.0038236722888, 0.0063015904652, 0.0024548429705, 0.98636532582, 0.0010545684531],
      [0.13366062633, 0.012905776644, 0.67587692374, 0.073654911913, 0.10390176138],
      [0.13578242573, 0.098862700255, 0.17144070643, 0.34483711564, 0.24907705195]
    ],
    [
      [0.53567620412, 0.00023022024997, 0.0757014308, 0.3556550312, 0.032737113634],
      [0.00011515230275, 0.32090720235, 0.22203809588, 0.45572347892, 0.0012160705481],
      [0.0058287312654, 0.014979918703, 0.95731293237, 0.0037787084545, 0.018099709206],
      [0.0017939082594, 0.0028569057105, 0.0012859532698, 0.9934506639, 0.00061256885956],
      [0.10336861787, 0.010595628531, 0.64987904729, 0.13409322455, 0.10206348176],
      [0.088223320643, 0.066876256382, 0.13503253861, 0.51990326467, 0.18996461969]
    ],
    [
      [0.34894461971, 0.0004906442673, 0.1575500552, 0.37374122635, 0.11927345447],
      [5.2481964643e-05, 0.40432713759, 0.290048684, 0.30277811858, 0.0027935778651],
      [0.0021066030966, 0.015964051875, 0.94689502361, 0.0019965216197, 0.033037799801],
      [0.0012304197597, 0.0057891618075, 0.002562815692, 0.98829894444, 0.0021186582984],
      [0.038245216668, 0.011738403681, 0.68208273238, 0.073524182954, 0.19440946432],
      [0.036332372513, 0.081294028454, 0.16229090918, 0.3160702142, 0.40401247565]
    ],
    [
      [0.51596789895, 0.0005206838531, 0.10716148678, 0.30499364084, 0.07135628958],
      [0.00010202255368, 0.48142752668, 0.22871067319, 0.28778010894, 0.0019796686372],
      [0.0052788743714, 0.025410595954, 0.9368547638, 0.0024567500815, 0.029999015792],
      [0.0025316007089, 0.0075720073653, 0.0021579955836, 0.98614827528, 0.0015901210594],
      [0.088951551309, 0.017679845556, 0.64629243224, 0.085472091759, 0.16160407914],
      [0.080386559452, 0.11533636161, 0.1486207144, 0.3476064277, 0.30804993683]
    ],
    [
      [0.42651329111, 0.00093875726027, 0.16379927642, 0.38554039621, 0.023208278992],
      [4.6297895222e-05, 0.56787845438, 0.21212293325, 0.21956974039, 0.00038257408803],
      [0.0025631141545, 0.029687195618, 0.95951228241, 0.0019988081703, 0.0062385996458],
      [0.0014942610442, 0.010727403222, 0.0025772961764, 0.98480156177, 0.00039947778801],
      [0.053390180479, 0.025123922701, 0.79453328245, 0.08476660065, 0.042186013722],
      [0.058585505839, 0.20244920775, 0.21760941324, 0.42040365869, 0.10095221447]
    ],
    [
      [0.52090405177, 0.00066748191095, 0.1010261286, 0.29208516402, 0.085317173698],
      [8.5926999828e-05, 0.56027880867, 0.19215156129, 0.24538686369, 0.002096839352],
      [0.0051816047277, 0.03381703064, 0.92147675356, 0.0024371465306, 0.03708746454],
      [0.0024867748011, 0.010080414017, 0.0021105729549, 0.98335860088, 0.0019636373424],
      [0.085435142219, 0.022780361579, 0.61425503492, 0.082148442278, 0.195381019],
      [0.071543050588, 0.13842667253, 0.13063981345, 0.31034690993, 0.3490435535]
    ],
    [
      [0.55397911876, 0.00067895399665, 0.09306148794, 0.24765156655, 0.10462887276],
      [0.00010223177269, 0.59085010714, 0.18669588128, 0.21962501355, 0.0027267662533],
      [0.0062615317364, 0.036864317302, 0.90573585207, 0.0022188915249, 0.048919407367],
      [0.003300342392, 0.012073135662, 0.002291280158, 0.97948590937, 0.0028493324222],
      [0.096295147897, 0.023381853751, 0.56945692468, 0.0703782252, 0.24048784847],
      [0.077990073692, 0.13676090388, 0.11733158401, 0.25658781581, 0.41132962261]
    ],
    [
      [0.49346725606, 0.0006945539435, 0.13706968115, 0.32539941129, 0.04336909756],
      [6.4540084283e-05, 0.52170263978, 0.23321264115, 0.24407965333, 0.00094052565879],
      [0.0032855892313, 0.026498702313, 0.95407533653, 0.0020419584642, 0.014098413457],
      [0.0018766391739, 0.0094052763861, 0.0025634930673, 0.98527017262, 0.000884418757],
      [0.064808883327, 0.020988182416, 0.74392372805, 0.080955699104, 0.0893235071],
      [0.066967016874, 0.1578597787, 0.19425690554, 0.37876423235, 0.20215206653]
    ]
  ],
  "expected_outcome": [
    [
