{
  "X": [
    [0, 0, 1, 8, 16, 0],
    [1, 2, 2, 3, 17, 0],
    [1, 3, 2, 11, 37, 1],
    [14, 20, 21, 28, 213, 7],
    [3, 1, 3, 3, 48, 2],
    [5, 12, 17, 48, 88, 4],
    [6, 4, 7, 11, 94, 4],
    [16, 12, 18, 68, 421, 14],
    [2, 0, 1, 10, 20, 0],
    [5, 10, 15, 30, 149, 7],
    [9, 4, 10, 57, 198, 2],
    [8, 9, 9, 27, 217, 1],
    [15, 19, 31, 120, 332, 3],
    [5, 6, 8, 37, 255, 5],
    [12, 23, 22, 157, 141, 9],
    [8, 12, 17, 126, 118, 7],
    [25, 54, 34, 347, 275, 13],
    [11, 20, 15, 136, 98, 6],
    [4, 20, 17, 153, 130, 9],
    [6, 19, 6, 124, 62, 10],
    [9, 21, 18, 79, 184, 8],
    [6, 8, 8, 15, 197, 1],
    [10, 3, 3, 17, 113, 2],
    [8, 1, 7, 10, 149, 1],
    [17, 4, 9, 35, 173, 2],
    [12, 5, 11, 48, 167, 6],
    [11, 7, 7, 33, 176, 2],
    [26, 38, 26, 152, 489, 23],
    [43, 67, 47, 349, 1080, 45],
    [26, 100, 36, 307, 848, 38],
    [18, 29, 41, 177, 610, 15],
    [2, 7, 5, 17, 66, 2],
    [5, 4, 7, 23, 62, 1],
    [43, 45, 38, 347, 753, 15],
    [1, 3, 2, 17, 22, 2],
    [63, 75, 45, 405, 870, 31],
    [29, 25, 37, 186, 406, 19],
    [11, 4, 12, 44, 163, 5],
    [4, 1, 1, 11, 66, 1],
    [26, 14, 36, 83, 403, 10],
    [26, 61, 65, 332, 338, 26],
    [2, 14, 5, 71, 39, 2],
    [12, 37, 32, 256, 190, 18],
    [6, 8, 2, 19, 75, 3],
    [6, 4, 7, 19, 135, 4],
    [23, 17, 34, 76, 284, 10],
    [10, 10, 3, 24, 172, 10],
    [39, 27, 20, 85, 335, 6],
    [8, 14, 17, 69, 77, 2],
    [29, 21, 25, 71, 386, 4],
    [6, 10, 8, 51, 43, 3],
    [14, 4, 13, 62, 313, 3],
    [2, 2, 13, 7, 26, 0],
    [7, 6, 1, 23, 65, 2],
    [5, 2, 5, 14, 62, 2],
    [0, 0, 0, 5, 18, 0],
    [15, 5, 10, 39, 164, 4],
    [19, 20, 47, 173, 921, 14],
    [8, 6, 1, 26, 97, 3],
    [13, 37, 17, 78, 234, 12],
    [11, 10, 32, 87, 320, 4],
    [4, 2, 1, 7, 72, 0],
    [36, 31, 35, 144, 490, 11],
    [5, 6, 4, 26, 69, 4],
    [5, 4, 10, 23, 108, 0],
    [8, 7, 11, 23, 102, 5],
    [10, 10, 6, 34, 161, 6],
    [6, 1, 12, 28, 76, 0],
    [3, 1, 5, 9, 36, 4],
    [6, 6, 9, 21, 196, 5],
    [0, 1, 0, 3, 6, 0],
    [4, 16, 1, 19, 74, 6],
    [4, 0, 3, 14, 53, 3],
    [0, 2, 3, 10, 63, 1],
    [4, 3, 2, 17, 91, 4],
    [13, 5, 16, 32, 224, 4],
    [6, 1, 4, 14, 119, 2],
    [1, 0, 6, 17, 45, 1],
    [8, 6, 21, 45, 97, 6],
    [4, 0, 7, 20, 60, 1],
    [5, 3, 8, 45, 168, 4],
    [3, 18, 6, 117, 180, 11],
    [62, 106, 86, 498, 1682, 41],
    [7, 15, 20, 108, 238, 12],
    [92, 80, 181, 506, 1311, 45],
    [6, 3, 18, 46, 181, 4]
  ],
  "W": [
    [0, 3, 7, 14, 1, 0],
    [0, 0, 5, 13, 5, 2],
    [2, 3, 7, 39, 2, 2],
    [16, 13, 32, 207, 20, 15],
    [7, 2, 4, 41, 0, 6],
    [17, 17, 43, 74, 11, 12],
    [17, 1, 13, 78, 9, 8],
    [51, 12, 67, 370, 19, 30],
    [1, 4, 5, 21, 1, 1],
    [14, 6, 32, 138, 16, 10],
    [19, 18, 50, 178, 10, 5],
    [19, 6, 24, 195, 17, 10],
    [33, 15, 122, 307, 17, 26],
    [17, 10, 30, 232, 9, 18],
    [20, 14, 155, 126, 29, 20],
    [7, 7, 130, 110, 9, 25],
    [18, 22, 346, 269, 59, 34],
    [11, 3, 137, 87, 33, 15],
    [12, 6, 154, 117, 33, 11],
    [8, 8, 114, 61, 16, 20],
    [13, 20, 72, 180, 26, 8],
    [18, 7, 17, 178, 6, 9],
    [14, 1, 14, 111, 1, 7],
    [8, 3, 13, 140, 4, 8],
    [18, 12, 33, 166, 6, 5],
    [20, 13, 45, 157, 6, 8],
    [19, 3, 33, 158, 13, 10],
    [37, 29, 163, 448, 44, 33],
    [78, 44, 359, 983, 102, 65],
    [72, 40, 303, 737, 141, 62],
    [57, 51, 159, 565, 33, 25],
    [8, 3, 15, 59, 10, 4],
    [5, 1, 25, 56, 9, 6],
    [90, 26, 341, 677, 57, 50],
    [2, 1, 19, 21, 2, 2],
    [108, 49, 367, 794, 97, 74],
    [47, 37, 155, 382, 42, 39],
    [18, 12, 43, 146, 7, 13],
    [14, 2, 9, 53, 2, 4],
    [53, 26, 90, 364, 27, 12],
    [24, 24, 354, 334, 57, 55],
    [5, 5, 69, 32, 13, 9],
    [29, 17, 263, 160, 35, 41],
    [7, 4, 21, 71, 7, 3],
    [19, 7, 16, 117, 7, 9],
    [44, 22, 85, 251, 25, 17],
    [18, 4, 24, 167, 8, 8],
    [50, 16, 85, 311, 31, 19],
    [13, 13, 72, 63, 15, 11],
    [57, 18, 60, 349, 34, 18],
    [10, 7, 54, 38, 10, 2],
    [29, 11, 57, 286, 7, 19],
    [5, 4, 10, 23, 2, 6],
    [18, 2, 18, 51, 10, 5],
    [8, 7, 9, 54, 3, 9],
    [4, 0, 4, 12, 1, 2],
    [23, 6, 30, 153, 8, 17],
    [74, 62, 162, 824, 39, 33],
    [13, 5, 20, 94, 6, 3],
    [28, 9, 89, 213, 34, 18],
    [34, 41, 77, 292, 9, 11],
    [13, 0, 10, 62, 1, 0],
    [70, 19, 168, 434, 28, 28],
    [13, 7, 25, 57, 5, 7],
    [3, 9, 23, 106, 6, 3],
    [15, 18, 20, 89, 6, 8],
    [21, 4, 29, 146, 10, 17],
    [7, 15, 25, 68, 1, 7],
    [5, 6, 10, 31, 3, 3],
    [35, 10, 23, 163, 7, 5],
    [2, 0, 2, 4, 1, 1],
    [3, 0, 18, 71, 20, 8],
    [11, 8, 8, 45, 0, 5],
    [10, 2, 11, 52, 3, 1],
    [12, 1, 12, 81, 9, 6],
    [26, 10, 39, 209, 3, 7],
    [27, 3, 15, 94, 4, 3],
    [4, 6, 7, 44, 7, 2],
    [11, 13, 50, 89, 2, 18],
    [5, 9, 14, 57, 3, 4],
    [6, 6, 44, 165, 2, 10],
    [3, 9, 121, 169, 20, 13],
    [114, 79, 514, 1554, 121, 93],
    [23, 22, 96, 220, 20, 19],
    [127, 148, 485, 1226, 91, 138],
    [12, 24, 36, 171, 4, 11]
  ],
  "method": "mcmc",
  "mcmc_stepsize": 3000,
  "mcmc_samples": 1000,
  "burn_in": 10000,
  "cond_prob": [
    [
      [0, 0, 0, 0, 0, 0],
      [0, 0, 0.053521548043, 0.28985524774, 0.65662320422, 0],
      [0, 0, 0.051702267915, 0.38244731171, 0.56585042037, 0],
      [0, 0, 0.032562923686, 0.29484544933, 0.67259162699, 0],
      [0, 0, 0.021638548867, 0.32546678423, 0.6528946669, 0],
      [0, 0, 0, 0, 0, 0]
    ],
    [
      [0, 0, 0, 0, 0, 0],
      [0, 0, 0, 0, 0, 0],
      [0.048935128003, 0.11251804578, 0.11601057158, 0.13243295492, 0.59010329972, 0],
      [0.046892666898, 0.075221554116, 0.083475088874, 0.10694256863, 0.68746812149, 0],
      [0.019691036709, 0.068086185066, 0.045779775625, 0.14065598086, 0.72578702174, 0],
      [0.023632253383, 0.059549321142, 0.052936054298, 0.12215096449, 0.74173140669, 0]
    ],
    [
      [0.17948830139, 0.022621592408, 0.0076914491501, 0.21979349626, 0.56716596378, 0.0032391970117],
      [0.038212765281, 0.25972436636, 0.023544323026, 0.079827998642, 0.59651424043, 0.0021763062575],
      [0.036999328687, 0.023342699769, 0.056060182616, 0.21677750328, 0.66281012158, 0.0040101640721],
      [0.0066684612979, 0.048008915679, 0.037923949639, 0.21656780115, 0.68633738998, 0.0044934822499],
      [0.0022683977115, 0.054977531141, 0.004673758496, 0.10758942213, 0.77506720609, 0.05542368443],
      [0.0013915072645, 0.014941021989, 0.016590650701, 0.071081699667, 0.55958093933, 0.33641418105]
    ],
    [
      [0.125, 0.0625, 0.0625, 0.0625, 0.6875, 2.0221071087e-15],
      [0.15384615385, 0.076923076923, 1.2446266997e-15, 0.076923076923, 0.69230769231, 4.5604359359e-19],
      [0.03125, 0.125, 0.09375, 0.0625, 0.6875, 1.1572326322e-19],
      [0.04347826087, 0.062801932367, 0.072463768116, 0.10144927536, 0.70048309179, 0.019323671498],
      [9.8312051981e-20, 0.05, 0.05, 0.1, 0.8, 4.0449691699e-16],
      [5.3917945203e-16, 1.0791404245e-15, 0.066666666667, 0.066666666667, 0.66666666667, 0.2]
    ],
    [
      [0.22361417818, 0.038087405693, 0.0047038870986, 0.090173108668, 0.63809453086, 0.0053268894975],
      [0.0094814161074, 0.0065330732609, 0.13327953052, 0.015377350156, 0.83065039149, 0.0046782384632],
      [0.012549643892, 0.014169557372, 0.17726028025, 0.077396059112, 0.70910684135, 0.0095176180194],
      [0.031329282094, 0.015966696376, 0.047860256347, 0.047448791886, 0.82071814257, 0.03667683073],
      [0, 0, 0, 0, 0, 0],
      [0.01350646318, 0.0015015387885, 0.0048670163378, 0.013841472539, 0.89769438172, 0.068589127434]
    ],
    [
      [0.11764700027, 0.11764700379, 0.058823526737, 0.23529408134, 0.47058832572, 6.2140043983e-08],
      [8.4451061783e-09, 0.17647066794, 0.1176470187, 0.23529428874, 0.47058801386, 2.3063381927e-09],
      [0.023255833284, 0.046511647448, 0.11627906475, 0.32558136118, 0.48837207061, 2.2727852798e-08],
      [0.027027003213, 0.067567534651, 0.09459460973, 0.27027027307, 0.52702706816, 0.013513511181],
      [1.4562673234e-07, 9.3015176553e-08, 0.090909007858, 0.27272710578, 0.54545464248, 0.090909005234],
      [1.5072701155e-08, 1.2742460051e-08, 0.083333394758, 0.25000006726, 0.49999992332, 0.16666658685]
    ],
    [
      [0.17392118244, 0.057658198114, 0.0024057066631, 0.060006188322, 0.70599269117, 1.6033283859e-05],
      [2.9652350927e-05, 0.97850172892, 2.1320523665e-06, 0.00012628681597, 0.021132828857, 0.00020737100022],
      [3.8174106592e-05, 2.0712223238e-05, 0.22741128059, 0.07696800247, 0.69080668273, 0.0047551478861],
      [0.039008537531, 0.026154332082, 0.051290476523, 0.11458110756, 0.74360757159, 0.025357974712],
      [1.4950491044e-05, 3.0919849636e-05, 0.00017520971622, 0.0023665588061, 0.99738873146, 2.3629681638e-05],
      [1.68761805e-06, 9.0432903435e-05, 6.5018855063e-05, 0.0025698825352, 0.75232692234, 0.24494605575]
    ],
    [
      [0.058823529412, 0.019607843137, 0.019607843137, 0.11764705882, 0.76470588235, 0.019607843137],
      [0.16666666667, 9.4226310686e-24, 4.7281807387e-24, 0.083333333333, 0.75, 9.2900416759e-24],
      [0.014925373134, 0.044776119403, 0.044776119403, 0.11940298507, 0.76119402985, 0.014925373134],
      [0.027027027027, 0.021621621622, 0.037837837838, 0.12432432432, 0.76486486486, 0.024324324324],
      [2.4305105466e-26, 5.891771303e-24, 2.9327551437e-24, 0.21052631579, 0.78947368421, 5.8454599121e-24],
      [3.7427755821e-24, 3.6904671108e-24, 5.6155934533e-24, 0.1, 0.8, 0.1]
    ],
    [
      [0.21154543313, 0, 0.017172856782, 0.23978277387, 0.53149893622, 0],
      [0.055316974546, 0, 0.040594769859, 0.28536768851, 0.61872056708, 0],
      [0.036907806114, 0, 0.042198369109, 0.36580813086, 0.55508569391, 0],
      [0.063318936864, 0, 0.027657128925, 0.29363771037, 0.61538622384, 0],
      [0.022663892543, 0, 0.013858002484, 0.36061933001, 0.60285877497, 0],
      [0.030286071421, 0, 0.014798508316, 0.26269457004, 0.69222085022, 0]
    ],
    [
      [0.14285714285, 0.14285714272, 1.2782450718e-10, 0.071428571469, 0.64285714281, 1.7208176003e-11],
      [5.7885063935e-11, 0.16666666676, 0.1666666665, 9.8430868513e-11, 0.66666666651, 7.4458285476e-11],
      [2.8151768116e-11, 0.031250000015, 0.12499999995, 0.12500000011, 0.68749999988, 0.031250000009],
      [0.021739130424, 0.043478260852, 0.0652173913, 0.15217391299, 0.6884057972, 0.028985507236],
      [1.5164521651e-11, 1.1641144109e-10, 0.062499999958, 0.18750000008, 0.74999999974, 9.9011662654e-11],
      [1.0117660782e-11, 1.3212522645e-10, 1.9720585112e-10, 0.1000000001, 0.69999999966, 0.19999999989]
    ],
    [
      [0.15789468735, 3.5778279629e-09, 5.5968933002e-10, 0.15789480275, 0.68421050573, 2.92869161e-11],
      [1.1272363323e-10, 0.11111110132, 0.055555575105, 0.16666673073, 0.6666665909, 1.8326131754e-09],
      [0.02000000194, 1.0761703343e-08, 0.059999996158, 0.21999998905, 0.70000000135, 7.4645967527e-10],
      [0.028089890644, 0.011235952212, 0.033707862481, 0.20786515294, 0.71348316289, 0.0056179788383],
      [3.060729916e-08, 6.5908397551e-09, 1.5875139145e-08, 0.20000004524, 0.79999990135, 3.3479542668e-10],
      [1.2413911598e-10, 2.1026301662e-09, 2.9824596084e-08, 0.20000009339, 0.59999993605, 0.19999993851]
    ],
    [
      [0.1578947368, 4.770753053e-11, 1.0265160813e-10, 0.052631578949, 0.7894736841, 1.8261744674e-15],
      [2.9498776297e-12, 0.33333333342, 1.4927938232e-10, 2.5680016746e-10, 0.66666666617, 2.1331023099e-12],
      [3.2798858014e-11, 0.041666666635, 0.083333333322, 0.083333333434, 0.79166666658, 7.3307171992e-14],
      [0.025641025639, 0.03076923076, 0.035897435883, 0.10769230767, 0.80000000005, 6.3291908069e-13],
      [1.5626394882e-11, 8.0613134334e-12, 9.5132097921e-12, 0.17647058814, 0.82352941179, 3.7731051565e-11],
      [2.8686993384e-12, 1.0227167424e-10, 3.6500776223e-12, 1.9456744185e-10, 0.89999999977, 0.099999999922]
    ],
    [
      [0.090909090909, 0.030303030303, 0.030303030303, 0.21212121212, 0.63636363636, 1.247621643e-23],
      [0.066666666667, 0.13333333333, 4.1194629596e-17, 0.2, 0.6, 2.5969064033e-23],
      [0.024590163934, 0.040983606557, 0.073770491803, 0.22950819672, 0.63114754098, 2.181397725e-15],
      [0.026058631922, 0.035830618893, 0.061889250814, 0.2345276873, 0.63843648208, 0.0032573289902],
      [3.1316169235e-14, 1.5654736605e-14, 0.058823529412, 0.23529411765, 0.70588235294, 1.5649288658e-14],
      [7.1243746417e-18, 4.7313216392e-18, 0.038461538462, 0.23076923077, 0.65384615385, 0.076923076923]
    ],
    [
      [0.11764705869, 0.058823529274, 1.3818384201e-10, 0.058823529688, 0.76470588221, 1.561141663e-14],
      [2.2256675534e-13, 0.1, 5.7922124926e-14, 0.099999999766, 0.8, 2.3482567144e-10],
      [7.8429730854e-11, 2.523547751e-13, 0.10000000008, 0.1, 0.79999999961, 2.3472171415e-10],
      [0.012931034483, 0.0172413793, 0.021551724108, 0.12499999997, 0.81034482768, 0.012931034463],
      [8.8122624124e-15, 2.8846149968e-14, 2.6088939386e-10, 0.11111111085, 0.88888888889, 4.4880416646e-14],
      [1.3669099411e-13, 2.6064011141e-10, 1.961163394e-13, 0.1111111115, 0.77777777739, 0.11111111085]
    ],
    [
      [0.15000000001, 0.049999999997, 0.049999999997, 0.39999999999, 0.35, 3.3506502443e-12],
      [4.7866052702e-12, 0.21428571431, 1.475600161e-16, 0.42857142855, 0.35714285713, 3.3942928998e-18],
      [0.032258064514, 0.064516129031, 0.070967741937, 0.42580645162, 0.38709677419, 0.019354838709],
      [0.031746031746, 0.055555555554, 0.06349206349, 0.44444444445, 0.38095238095, 0.023809523809],
      [1.2959901797e-17, 0.034482758623, 0.034482758618, 0.44827586207, 0.48275862069, 4.6215324001e-12],
      [3.350618123e-12, 0.049999999997, 0.050000000007, 0.39999999998, 0.35000000001, 0.15]
    ],
    [
      [0.28568310934, 3.1087978908e-05, 3.1088675336e-05, 0.42854034039, 0.28571428615, 8.746901927e-08],
      [1.5256227425e-09, 0.28568328437, 6.2003332251e-05, 0.42860225294, 0.28565245778, 4.6800470114e-11],
      [0.023076932411, 0.038464867648, 0.0769163858, 0.43077759597, 0.40768396129, 0.023080256873],
      [0.027274689033, 0.036359685152, 0.054545465368, 0.45453558531, 0.40910669155, 0.018177883593],
      [1.6476870932e-11, 2.411202068e-05, 1.7750496435e-10, 0.44446862479, 0.55550726224, 7.5807486722e-10],
      [4.8671672728e-08, 0.039991368974, 0.040008680393, 0.39999129454, 0.44000865575, 0.079999951673]
    ],
    [
      [0.16666666667, 0.055555555556, 4.7711816961e-18, 0.44444444444, 0.33333333333, 2.2997424466e-18],
      [0.045454545455, 0.090909090909, 0.045454545455, 0.45454545455, 0.36363636364, 4.7701534833e-20],
      [0.031791907514, 0.075144508671, 0.046242774566, 0.46242774566, 0.36705202312, 0.017341040462],
      [0.029739776952, 0.07063197026, 0.052044609665, 0.46840148699, 0.36431226766, 0.014869888476],
      [0.016949152542, 0.067796610169, 0.033898305085, 0.47457627119, 0.38983050847, 0.016949152542],
      [0.029411764706, 0.058823529412, 0.029411764706, 0.44117647059, 0.38235294118, 0.058823529412]
    ],
    [
      [0.18181818182, 0.090909090911, 6.6464948982e-13, 0.45454545454, 0.27272727273, 7.1111910659e-13],
      [1.2761092714e-12, 0.33333333333, 2.1203636482e-12, 0.33333333333, 0.33333333333, 1.592610433e-12],
      [0.036496350365, 0.065693430657, 0.07299270073, 0.47445255475, 0.33576642336, 0.014598540146],
      [0.034482758621, 0.068965517241, 0.045977011494, 0.49425287356, 0.34482758621, 0.011494252874],
      [0.030303030303, 0.060606060606, 0.030303030303, 0.45454545454, 0.39393939394, 0.030303030303],
      [1.2961115128e-13, 0.066666666667, 6.9550140352e-13, 0.46666666667, 0.33333333333, 0.13333333333]
    ],
    [
      [0.16666666137, 0.083333330677, 5.9731713531e-11, 0.41666667456, 0.33333333333, 4.3522273017e-12],
      [5.2806503317e-09, 0.33333332799, 5.2764285993e-09, 0.33333333327, 0.33333332289, 5.2828193277e-09],
      [0.0064935067006, 0.058441557832, 0.064935064108, 0.45454545744, 0.38961038753, 0.025974026387],
      [0.0085470085466, 0.059829060637, 0.051282051816, 0.47008546574, 0.38461538789, 0.025641025368],
      [8.6506851337e-14, 0.03030303126, 0.030303029356, 0.48484848199, 0.45454545739, 8.3173259925e-12],
      [5.3470728406e-12, 2.8810138396e-09, 5.7953134467e-09, 0.45454546027, 0.36363635503, 0.18181817603]
    ],
    [
      [0.24999999166, 7.4417054654e-07, 5.3367707879e-11, 0.49999961827, 0.2499996455, 3.3493535147e-10],
      [3.7068982321e-09, 0.24999999473, 4.4567524922e-09, 0.49999999597, 0.25000000055, 5.9181496318e-10],
      [0.026315763093, 0.087719348596, 0.026315763635, 0.54385990938, 0.27192966777, 0.043859547526],
      [0.016393396226, 0.081967115939, 0.049180326382, 0.55737694869, 0.26229537561, 0.032786837155],
      [3.6163301109e-07, 0.062499821143, 3.1734145835e-09, 0.62499891735, 0.31250071098, 1.8572779699e-07],
      [4.4249156198e-09, 0.049999856918, 1.4746980007e-07, 0.49999984347, 0.29999957089, 0.15000057683]
    ],
    [
      [0.15384628439, 0.076923338018, 3.0840950558e-13, 0.23076936132, 0.53846101627, 1.4499839532e-13],
      [8.29758802e-13, 0.20000008485, 0.049999915144, 0.20000016972, 0.54999983029, 5.619035568e-13],
      [0.027777777778, 0.055555626268, 0.083333309762, 0.25000002357, 0.56944437373, 0.013888888889],
      [0.027777768349, 0.061111045112, 0.055555574412, 0.26111108283, 0.57222232594, 0.022222203365],
      [1.057727808e-12, 0.038461538462, 0.038461538461, 0.23076923077, 0.69230749649, 1.958203091e-07],
      [6.5014400886e-14, 2.1214222457e-07, 2.5979786165e-14, 0.12499978786, 0.50000021213, 0.37499978786]
    ],
    [
      [0.11111108645, 1.2330619735e-08, 2.8864097798e-12, 0.055555580215, 0.83333330867, 1.2329506607e-08],
      [1.4602209803e-12, 0.28571431742, 6.343857102e-12, 1.8958007301e-12, 0.71428568257, 1.1426912396e-13],
      [1.3056398202e-08, 3.0458584123e-12, 0.11764703271, 0.05882356858, 0.82352938565, 1.1881495221e-12],
      [0.022471910112, 0.033707862674, 0.033707867661, 0.07303369789, 0.83707866166, 2.5963167639e-14],
      [3.6993939984e-08, 2.4558840027e-12, 6.0382397664e-12, 3.699957518e-08, 0.999999926, 2.1814688151e-13],
      [5.769774437e-12, 4.8634666424e-12, 1.417092651e-12, 4.9321139773e-08, 0.88888886422, 0.11111108645]
    ],
    [
      [0.21423158773, 8.0988560103e-06, 1.1502304289e-05, 0.071513792521, 0.71422668851, 8.3300862398e-06],
      [0.00048637868893, 0.99925849787, 4.1351957675e-05, 1.0360843259e-05, 0.00012116548334, 8.2245157176e-05],
      [8.3377762879e-05, 4.6108174756e-05, 0.071428071937, 0.21417338297, 0.7142684241, 6.3505427591e-07],
      [0.063054060327, 0.01801699351, 0.018011304822, 0.11710748299, 0.77480203544, 0.0090081229126],
      [1.7685014178e-05, 1.1029333255e-06, 7.6833453863e-05, 4.5320357098e-05, 0.99985301338, 6.04486408e-06],
      [1.2246164581e-05, 1.3603015117e-05, 6.7562845941e-05, 0.0001990356937, 0.85686690161, 0.14284065067]
    ],
    [
      [0.24999528604, 4.1944982971e-08, 9.0273088498e-08, 1.63047181e-07, 0.75000441854, 1.6066716092e-10],
      [1.9593193754e-07, 0.33332693452, 1.2319653567e-05, 2.7061402392e-08, 0.66666041185, 1.1097833631e-07],
      [2.8411667832e-06, 1.4235530743e-06, 0.15384469019, 1.6644516545e-06, 0.84614937677, 3.8722737759e-09],
      [0.04285700198, 2.4466558176e-09, 0.035714144677, 0.071428000337, 0.85000084529, 5.2730952782e-09],
      [9.2170726844e-08, 1.7559343521e-09, 2.1252790565e-07, 9.2529358008e-06, 0.99999043644, 4.1715379091e-09],
      [2.4428495926e-06, 6.40357637e-10, 3.0187834171e-08, 2.4897085935e-06, 0.87499517905, 0.12499985757]
    ],
    [
      [0.22222120677, 6.5965713137e-10, 3.0930328212e-06, 0.11110906492, 0.66666562636, 1.0082668814e-06],
      [3.0788673481e-06, 0.16666363398, 0.08333186808, 0.083331825052, 0.6666695429, 5.1116660129e-08],
      [0.060604943164, 4.7443538464e-13, 0.060604927285, 0.18181872976, 0.6969713991, 6.8708025974e-10],
      [0.066265056674, 0.012048408226, 0.036144570571, 0.15662639538, 0.72289147304, 0.0060240961126],
      [3.0326713908e-06, 1.024723765e-07, 5.1702463501e-10, 3.0383398032e-06, 0.99999382568, 3.21267841e-10],
      [1.2068898331e-07, 1.3151961247e-12, 1.1803652839e-07, 7.3971826691e-06, 0.79999611239, 0.1999962517]
    ],
    [
      [0.15000000012, 0.049999999998, 4.7675047155e-11, 0.15000000067, 0.64999999905, 1.1159397487e-10],
      [1.7297261169e-10, 0.076923076914, 0.15384615351, 0.15384615407, 0.61538461531, 2.3927533096e-11],
      [0.04444444448, 4.9834293057e-11, 0.066666666613, 0.20000000005, 0.66666666662, 0.022222222187],
      [0.044585987218, 0.019108280241, 0.038216560533, 0.20382165588, 0.67515923588, 0.019108280249],
      [3.8855475839e-12, 8.3993633336e-12, 7.4842802506e-12, 0.1666666674, 0.83333333225, 3.3363045158e-10],
      [4.9626169969e-11, 1.1770291383e-11, 2.537542033e-10, 0.1250000005, 0.62499999943, 0.24999999975]
    ],
    [
      [0.15789473443, 2.678132472e-09, 6.5602353566e-10, 0.105263159, 0.73684210323, 2.4182938158e-12],
      [4.9538555355e-09, 0.3333333283, 1.2756993254e-11, 5.1834153868e-09, 0.66666666154, 4.6861306458e-12],
      [0.030303032204, 0.060606061131, 0.060606059419, 0.1212121217, 0.72727272463, 9.1749851383e-10],
      [0.044303797071, 0.025316455162, 0.031645569518, 0.151898734, 0.74050633049, 0.0063291137514],
      [2.7822745619e-10, 1.4403916235e-09, 1.9047201966e-09, 0.15384615369, 0.84615384268, 2.2064818445e-13],
      [2.740442864e-09, 1.2484488434e-09, 1.8098935489e-09, 0.099999997691, 0.79999999682, 0.099999999694]
    ],
    [
      [0.081081081081, 0.054054054054, 0.027027027027, 0.18918918919, 0.62162162162, 0.027027027027],
      [0.034482758621, 0.10344827586, 0.068965517241, 0.1724137931, 0.62068965517, 3.9432169652e-36],
      [0.030674846626, 0.049079754601, 0.036809815951, 0.21472392638, 0.64417177914, 0.024539877301],
      [0.033482142857, 0.049107142857, 0.033482142857, 0.203125, 0.65178571429, 0.029017857143],
      [0.022727272727, 0.045454545455, 0.022727272727, 0.18181818182, 0.68181818182, 0.045454545455],
      [0.030303030303, 0.030303030303, 0.030303030303, 0.18181818182, 0.63636363636, 0.090909090909]
    ],
    [
      [0.051282051282, 0.038461538462, 0.025641025641, 0.20512820513, 0.65384615385, 0.025641025641],
      [0.045454545455, 0.045454545455, 0.022727272727, 0.20454545455, 0.65909090909, 0.022727272727],
      [0.025069637883, 0.044568245125, 0.033426183844, 0.21169916435, 0.66016713092, 0.025069637883],
      [0.025432349949, 0.040691759919, 0.029501525941, 0.21566632757, 0.66124109868, 0.027466937945],
      [0.019607843137, 0.039215686275, 0.019607843137, 0.22549019608, 0.67647058824, 0.019607843137],
      [0.015384615385, 0.030769230769, 0.015384615385, 0.2, 0.67692307692, 0.061538461538]
    ],
    [
      [0.041666666667, 0.069444444444, 0.013888888889, 0.22222222222, 0.625, 0.027777777778],
      [0.025, 0.075, 0.025, 0.225, 0.625, 0.025],
      [0.016501650165, 0.079207920792, 0.029702970297, 0.22442244224, 0.62376237624, 0.026402640264],
      [0.018995929444, 0.073270013569, 0.028493894166, 0.22659430122, 0.62550881954, 0.027137042062],
      [0.014184397163, 0.070921985816, 0.021276595745, 0.23404255319, 0.63829787234, 0.021276595745],
      [0.016129032258, 0.064516129032, 0.016129032258, 0.22580645161, 0.61290322581, 0.064516129032]
    ],
    [
      [0.052631578947, 0.035087719298, 0.035087719298, 0.19298245614, 0.68421052632, 3.5994368543e-35],
      [0.019607843137, 0.058823529412, 0.058823529412, 0.19607843137, 0.66666666667, 3.7922129767e-35],
      [0.018867924528, 0.031446540881, 0.050314465409, 0.20754716981, 0.67924528302, 0.012578616352],
      [0.019469026549, 0.03185840708, 0.046017699115, 0.2, 0.68672566372, 0.01592920354],
      [1.0476676232e-34, 0.030303030303, 0.030303030303, 0.18181818182, 0.72727272727, 0.030303030303],
      [2.9977046615e-34, 6.5466884017e-35, 0.04, 0.16, 0.68, 0.12]
    ],
    [
      [0.12509291037, 0.12492690298, 0.00021638976178, 0.12498790544, 0.62477476628, 1.1251734272e-06],
      [2.0510045173e-06, 0.33256875165, 0.00047732667844, 0.00037457131811, 0.66657232555, 4.973798555e-06],
      [3.6611364428e-05, 0.06655432482, 0.13316348194, 0.13362747649, 0.66661612856, 1.9768299606e-06],
      [0.016925584098, 0.067779616653, 0.050785197648, 0.18641817089, 0.66113546007, 0.01695597064],
      [7.1409491217e-06, 0.00048490911974, 0.00025596502815, 0.29935604056, 0.69984800821, 4.7936137838e-05],
      [5.1305728933e-06, 0.00017929379704, 0.00012459032827, 0.00058210178218, 0.74934268461, 0.24976619891]
    ],
    [
      [0.19751630648, 0.0016498547107, 0.00020410579448, 0.2000374498, 0.60057007277, 2.2210448713e-05],
      [0.98350482104, 0.0027054475715, 0.00023896292212, 0.0011461961476, 0.012399562885, 5.009436571e-06],
      [0.040182472199, 0.07900080344, 0.080360975274, 0.20025700491, 0.60010590594, 9.2838237275e-05],
      [0.035847294893, 0.035751099715, 0.088828978168, 0.23215564418, 0.60728014974, 0.00013683330955],
      [0.0010521035834, 0.00087305172126, 0.0013596764141, 0.33200615051, 0.66428079544, 0.00042822233621],
      [0.0012390658866, 0.0006843572208, 0.00050937685225, 0.16724500059, 0.66598114678, 0.16434105267]
    ],
    [
      [0.055555555556, 0.033333333333, 0.022222222222, 0.27777777778, 0.6, 0.011111111111],
      [0.076923076923, 0.076923076923, 1.378615748e-40, 0.26923076923, 0.57692307692, 1.0182333774e-41],
      [0.032258064516, 0.038123167155, 0.035190615836, 0.27859237537, 0.60410557185, 0.011730205279],
      [0.033973412112, 0.035450516987, 0.032496307238, 0.28064992614, 0.60561299852, 0.011816838996],
      [0.017543859649, 0.035087719298, 0.017543859649, 0.29824561404, 0.63157894737, 3.6443320035e-41],
      [0.02, 0.02, 0.02, 0.26, 0.64, 0.04]
    ],
    [
      [0.12673212955, 0.051589298473, 0.023546326477, 0.31164888746, 0.47406525079, 0.012418107258],
      [0.021038889931, 0.095240539536, 0.028522262724, 0.34808759032, 0.49542111399, 0.011689603497],
      [0.021493863446, 0.068046248826, 0.041587873685, 0.41799832282, 0.42389447392, 0.026979217296],
      [0.013781767431, 0.062715771945, 0.048484919991, 0.34284679502, 0.49373925638, 0.038431489236],
      [0.0067563480087, 0.087022851629, 0.042890180103, 0.24481435543, 0.56272129521, 0.055794969615],
      [0.0070918167209, 0.0088126108558, 0.015125902138, 0.19861754747, 0.50424320273, 0.26610892009]
    ],
    [
      [0.055555555556, 0.046296296296, 0.027777777778, 0.26851851852, 0.58333333333, 0.018518518519],
      [0.040816326531, 0.081632653061, 0.020408163265, 0.26530612245, 0.57142857143, 0.020408163265],
      [0.040871934605, 0.054495912807, 0.032697547684, 0.26975476839, 0.58310626703, 0.019073569482],
      [0.041561712846, 0.049118387909, 0.031486146096, 0.27455919395, 0.58312342569, 0.020151133501],
      [0.041237113402, 0.041237113402, 0.020618556701, 0.26804123711, 0.60824742268, 0.020618556701],
      [0.040540540541, 0.040540540541, 0.027027027027, 0.27027027027, 0.58108108108, 0.040540540541]
    ],
    [
      [0.085106382979, 0.021276595745, 0.042553191489, 0.25531914894, 0.57446808511, 0.021276595745],
      [0.054054054054, 0.081081081081, 0.027027027027, 0.24324324324, 0.56756756757, 0.027027027027],
      [0.038709677419, 0.038709677419, 0.058064516129, 0.26451612903, 0.57419354839, 0.025806451613],
      [0.039267015707, 0.034031413613, 0.05497382199, 0.26963350785, 0.57591623037, 0.026178010471],
      [0.02380952381, 0.02380952381, 0.047619047619, 0.2619047619, 0.61904761905, 0.02380952381],
      [0.025641025641, 0.025641025641, 0.051282051282, 0.25641025641, 0.58974358974, 0.051282051282]
    ],
    [
      [0.16666664344, 2.4280994227e-08, 1.2424648415e-08, 0.166666705, 0.66666660247, 1.2377368778e-08],
      [0.083333331624, 0.083333331242, 3.8325020449e-10, 0.16666668305, 0.6666666354, 1.8300770764e-08],
      [0.023255814204, 0.023255808776, 0.11627905822, 0.16279072526, 0.67441859287, 6.7214164206e-10],
      [0.041095891537, 0.013698628372, 0.047945205491, 0.19863012421, 0.67808220525, 0.020547945136],
      [3.1355040954e-08, 5.9125440465e-10, 3.7437157898e-08, 0.1428571426, 0.8571427879, 1.17269211e-10],
      [3.3734558006e-09, 4.938321944e-09, 3.562971441e-10, 0.153846138, 0.69230773502, 0.15384611831]
    ],
    [
      [0.105078714, 0.0081266928224, 0.0043966801765, 0.058829737415, 0.82032862815, 0.0032395474377],
      [0.0053991355361, 0.19117502892, 0.010796609277, 0.22196977882, 0.5690844681, 0.001574979353],
      [0.044164258048, 0.0026642367512, 0.050107947731, 0.16740110356, 0.73092761212, 0.0047348417915],
      [0.038744627233, 0.0087526320522, 0.0084057417574, 0.13364232791, 0.80039162259, 0.010063048458],
      [0.0055576718328, 0.0012133351566, 0.0077548348084, 0.28527078398, 0.69988398081, 0.00031939341022],
      [0.014010205856, 0.0033954857037, 0.0012169366579, 0.14306230988, 0.74458945041, 0.093725611491]
    ],
    [
      [0.075471698113, 0.037735849057, 0.056603773585, 0.1320754717, 0.69811320755, 3.2451929169e-26],
      [0.038461538462, 0.076923076923, 0.076923076923, 0.11538461538, 0.69230769231, 5.0505261676e-26],
      [0.044444444444, 0.022222222222, 0.077777777778, 0.14444444444, 0.7, 0.011111111111],
      [0.043956043956, 0.021978021978, 0.063186813187, 0.1510989011, 0.7032967033, 0.016483516484],
      [0.037037037037, 2.5657914883e-25, 0.037037037037, 0.14814814815, 0.77777777778, 1.4058968969e-25],
      [5.9370137572e-25, 3.0226516351e-25, 2.8578413921e-25, 0.083333333333, 0.66666666667, 0.25]
    ],
    [
      [0.16666666667, 0.041666666667, 0.041666666667, 0.375, 0.375, 2.9014765893e-27],
      [5.8028841347e-27, 0.16666666667, 0.083333333333, 0.375, 0.375, 5.8028399655e-27],
      [0.028248587571, 0.070621468927, 0.081920903955, 0.39265536723, 0.39830508475, 0.028248587571],
      [0.02994011976, 0.071856287425, 0.074850299401, 0.39520958084, 0.39820359281, 0.02994011976],
      [0.017543859649, 0.070175438596, 0.070175438596, 0.38596491228, 0.43859649123, 0.017543859649],
      [0.018181818182, 0.054545454545, 0.072727272727, 0.38181818182, 0.38181818182, 0.090909090909]
    ],
    [
      [0.19919604543, 0.19922392951, 0.00078573677798, 0.39930372615, 0.20149029558, 2.6655153106e-07],
      [9.021105956e-07, 0.39993829217, 3.9255536658e-05, 0.40002938867, 0.19998927555, 2.8859619126e-06],
      [0.014491015928, 0.1014507064, 0.05785756423, 0.52169901945, 0.28995594619, 0.014545747808],
      [0.0001249457597, 0.093630322585, 0.031246905811, 0.59396077838, 0.28102940733, 7.6401311432e-06],
      [9.6167213785e-06, 0.077225527158, 0.00029188783713, 0.61502671438, 0.30744505308, 1.2008221915e-06],
      [1.3201777642e-06, 0.00044310823884, 8.4208088022e-07, 0.44488998767, 0.4439905703, 0.11067417154]
    ],
    [
      [0.13793103448, 0.034482758621, 0.034482758621, 0.44827586207, 0.34482758621, 2.7821246991e-24],
      [4.2599185597e-22, 0.29411764706, 1.1805193912e-24, 0.41176470588, 0.29411764706, 8.4134925815e-22],
      [0.019011406844, 0.06463878327, 0.068441064639, 0.47148288973, 0.34600760456, 0.030418250951],
      [0.01875, 0.0625, 0.05625, 0.48125, 0.35, 0.03125],
      [2.3262817963e-24, 0.057142857143, 0.057142857143, 0.45714285714, 0.4, 0.028571428571],
      [8.738838843e-22, 0.048780487805, 0.048780487805, 0.46341463415, 0.34146341463, 0.09756097561]
    ],
    [
      [0.28568865643, 2.5456896637e-05, 1.2382832412e-05, 0.14284753005, 0.57141976044, 6.2133606318e-06],
      [2.2298408191e-05, 0.49990375005, 3.2871000173e-06, 5.5478391712e-05, 0.49999349894, 2.1687108618e-05],
      [0.047610739674, 0.047643388442, 0.047620063451, 0.2380885538, 0.61903113196, 6.1226702191e-06],
      [0.042255816427, 0.070413324289, 0.0140825466, 0.16901249366, 0.6901510577, 0.014084761319],
      [1.2918951104e-05, 1.9886769988e-05, 7.1640954455e-07, 0.14284869497, 0.85709645944, 2.1323459201e-05],
      [3.7597557518e-06, 7.0137433411e-05, 4.3386016773e-06, 5.261048895e-05, 0.33334453235, 0.66652462137]
    ],
    [
      [0.10526315424, 0.052631560094, 5.1049604257e-09, 0.10526314324, 0.73684213425, 3.0779322026e-09],
      [1.412134312e-08, 0.14285715209, 0.14285707466, 2.6852096019e-07, 0.71428548933, 1.2836943645e-09],
      [2.6521789442e-08, 3.0267918266e-08, 0.12499996766, 0.12500000793, 0.74999994701, 2.0610659074e-08],
      [0.03418802818, 0.017094012321, 0.0341880334, 0.1282051046, 0.76923080608, 0.017094015419],
      [8.9531513182e-09, 5.119497615e-08, 2.7776216336e-09, 4.0089167093e-08, 0.99999984226, 5.4728063276e-08],
      [2.0731749913e-08, 1.0452240785e-09, 1.0783971356e-07, 8.3692543518e-08, 0.7777776294, 0.2222221573]
    ],
    [
      [0.090909090909, 0.045454545455, 0.068181818182, 0.15909090909, 0.63636363636, 1.0242889086e-18],
      [0.045454545455, 0.13636363636, 0.045454545455, 0.13636363636, 0.63636363636, 1.0247641268e-18],
      [0.047058823529, 0.035294117647, 0.10588235294, 0.16470588235, 0.63529411765, 0.011764705882],
      [0.051792828685, 0.035856573705, 0.075697211155, 0.17928286853, 0.6374501992, 0.019920318725],
      [0.04, 9.0150655446e-19, 0.04, 0.2, 0.72, 2.8662444531e-22],
      [2.6498061125e-18, 6.6292397046e-19, 0.058823529412, 0.11764705882, 0.58823529412, 0.23529411765]
    ],
    [
      [0.11111111111, 0.11111111113, 3.0062832255e-14, 0.055555555555, 0.72222222221, 1.803136028e-12],
      [2.8053452741e-12, 5.6516901525e-12, 0.24999999992, 8.0651780451e-11, 0.74999999998, 1.048436322e-11],
      [0.041666666669, 0.041666666666, 1.3152295878e-11, 0.12500000002, 0.74999999992, 0.041666666704],
      [0.041916167658, 0.041916167662, 0.011976047902, 0.11377245508, 0.74850299404, 0.04191616766],
      [4.2346956538e-12, 1.3548233594e-11, 3.8238873119e-11, 0.125, 0.8749999999, 4.6716136635e-11],
      [1.184929799e-10, 8.1875957305e-12, 4.8414447434e-12, 1.1585821962e-10, 0.74999999983, 0.24999999992]
    ],
    [
      [0.12, 0.06, 0.02, 0.16, 0.64, 2.2634401981e-21],
      [0.0625, 0.125, 0.0625, 0.125, 0.625, 6.8932159511e-27],
      [0.070588235294, 0.047058823529, 0.058823529412, 0.17647058824, 0.64705882353, 4.4384267608e-22],
      [0.073954983923, 0.051446945338, 0.038585209003, 0.16720257235, 0.65916398714, 0.0096463022508],
      [0.064516129032, 0.032258064516, 0.032258064516, 0.16129032258, 0.67741935484, 0.032258064516],
      [0.052631578947, 0.052631578947, 5.9567866688e-21, 0.15789473684, 0.63157894737, 0.10526315789]
    ],
    [
      [0.23076920663, 2.852425253e-08, 0.076923091775, 0.30769225792, 0.38461540645, 8.7016054389e-09],
      [5.9107480238e-09, 0.23076923326, 0.076923070064, 0.3076923168, 0.38461537311, 8.5368242079e-10],
      [0.041666660663, 0.083333326632, 0.11111110507, 0.36111112969, 0.40277777731, 6.4041255079e-10],
      [0.03174603623, 0.063492057566, 0.079365082355, 0.41269840122, 0.41269842257, 5.9147436829e-11],
      [8.0853587095e-09, 0.066666688438, 0.066666663246, 0.33333334337, 0.53333328384, 1.3013283698e-08],
      [2.4140693811e-08, 1.1458277855e-08, 0.090909108535, 0.36363634213, 0.36363636549, 0.18181814825]
    ],
    [
      [0.087719298246, 0.035087719298, 0.035087719298, 0.12280701754, 0.71929824561, 1.5846214745e-27],
      [0.11111111111, 0.11111111111, 2.440566535e-20, 0.11111111111, 0.66666666667, 3.4285975704e-27],
      [0.05, 0.05, 0.066666666667, 0.11666666667, 0.71666666667, 1.2201939841e-21],
      [0.051575931232, 0.037249283668, 0.051575931232, 0.13467048711, 0.71919770774, 0.0057306590258],
      [0.029411764706, 0.029411764706, 0.029411764706, 0.17647058824, 0.73529411765, 2.6567461979e-27],
      [8.1372963722e-21, 4.0673150887e-21, 4.0664312289e-21, 0.11111111111, 0.77777777778, 0.11111111111]
    ],
    [
      [0.29848994476, 0.0013730802733, 0.00062967144037, 0.39890618037, 0.30048281031, 0.00011831285418],
      [0.00057411029274, 0.42630131554, 0.00047536650568, 0.28607295571, 0.28649463739, 8.1614564121e-05],
      [0.03699794661, 0.074020558988, 0.11067317941, 0.40839607963, 0.35135972879, 0.018552506575],
      [0.026519588594, 0.07868827829, 0.052713447286, 0.49899278818, 0.34282858955, 0.00025730809804],
      [0.00052659448807, 0.00087730897046, 0.0010825311405, 0.39867617686, 0.59869160965, 0.00014577888428],
      [9.1175987894e-05, 0.0030610692131, 4.3861746898e-05, 0.0032757435249, 0.00094079059489, 0.99258735893]
    ],
    [
      [0.10344827586, 7.5661260828e-17, 3.2678238496e-14, 0.13793103448, 0.75862068966, 1.9219200394e-13],
      [0.090909090909, 0.090909090909, 5.0668849654e-13, 0.09090909091, 0.72727272727, 4.7033902761e-17],
      [0.01754385965, 0.017543859649, 0.070175438596, 0.14035087719, 0.75438596491, 1.6578404349e-14],
      [0.031468531468, 0.006993006993, 0.031468531469, 0.16083916084, 0.76223776224, 0.006993006993],
      [1.5167035254e-16, 6.6129596065e-13, 1.5927580752e-12, 0.14285714286, 0.85714285714, 7.9621265957e-13],
      [5.008214555e-14, 4.9733841763e-14, 3.7493536646e-16, 0.10526315789, 0.84210526316, 0.052631578947]
    ],
    [
      [0.15749307203, 0.041744384392, 0.17963083276, 0.11663848566, 0.50449322515, 0],
      [0.044354613409, 0.15109953383, 0.27277343049, 0.070810706352, 0.46096171592, 0],
      [0.023993476447, 0.060528853408, 0.3343231997, 0.12815632541, 0.45299814504, 0],
      [0.027993680963, 0.016150425367, 0.27318067705, 0.15716643395, 0.52550878267, 0],
      [0.012568432138, 0.027109046873, 0.12868065016, 0.29577986536, 0.53586200547, 0],
      [0.021031649216, 0.025985588573, 0.18783387415, 0.10760229675, 0.65754659131, 0]
    ],
    [
      [0.16805061941, 0.055681986167, 0.00030252105425, 0.16740333613, 0.60849130036, 7.0236882603e-05],
      [0.00094713872014, 0.48942149054, 0.00012408036513, 0.019845646192, 0.48962000031, 4.1643879204e-05],
      [0.054428144157, 0.1080625438, 0.052944706421, 0.17164769458, 0.61146748367, 0.0014494273799],
      [0.0582094084, 0.039760249106, 0.00077020633232, 0.27089671614, 0.62908831592, 0.0012751041028],
      [0.0021682484754, 0.00092321470296, 6.9303836689e-05, 0.20278092756, 0.69896002758, 0.095098277841],
      [0.00062513305595, 0.0073501256275, 0.00026563667976, 0.20276967125, 0.59767949982, 0.19130993357]
    ],
    [
      [0.25013199499, 6.7154674461e-06, 1.7079407623e-05, 0.12500049578, 0.62483497695, 8.7374035035e-06],
      [0.00019113531222, 0.14284210467, 0.14266963853, 0.1430250398, 0.57125703837, 1.504331831e-05],
      [1.124087824e-05, 3.8989552208e-06, 0.11098729853, 0.22211557188, 0.66687709483, 4.8949243828e-06],
      [0.055507090492, 0.01851807874, 0.055594570831, 0.16661714678, 0.68526768583, 0.018495427319],
      [2.5152814724e-05, 1.386319891e-06, 3.4207974443e-05, 0.00044727676446, 0.99910831957, 0.00038365655387],
      [5.1755493937e-06, 4.0046701274e-06, 8.9732713503e-06, 0.1112347613, 0.77764967428, 0.11109741093]
    ],
    [
      [0, 0, 0, 0.1882718948, 0.8117281052, 0],
      [0, 0, 0, 0, 0, 0],
      [0, 0, 0, 0.28496195251, 0.71503804749, 0],
      [0, 0, 0, 0.19492787784, 0.80507212216, 0],
      [0, 0, 0, 0.24229223614, 0.75770776386, 0],
      [0, 0, 0, 0.26281892024, 0.73718107976, 0]
    ],
    [
      [0.17391304349, 0.043478260876, 4.6741175445e-11, 0.1304347827, 0.65217391286, 2.3313173604e-11],
      [1.0312469895e-10, 0.16666666665, 0.16666666671, 4.4670836235e-10, 0.66666666609, 1.9821639138e-13],
      [0.033333333412, 9.3208753099e-11, 0.09999999989, 0.20000000017, 0.66666666639, 4.9796223765e-11],
      [0.058823529379, 0.019607843118, 0.03921568627, 0.17647058813, 0.69281045769, 0.013071895414],
      [2.200890702e-10, 9.7905152283e-12, 1.531327848e-10, 0.12500000045, 0.87499999915, 1.9872277676e-11],
      [0.058823529407, 2.2135818752e-13, 8.1190589704e-11, 0.11764705901, 0.7058823527, 0.11764705879]
    ],
    [
      [0.054054054054, 0.013513513514, 0.027027027027, 0.13513513514, 0.77027027027, 6.3944042582e-38],
      [4.7124097505e-37, 0.064516129032, 0.048387096774, 0.12903225806, 0.75806451613, 9.9508263217e-37],
      [0.012345679012, 0.012345679012, 0.049382716049, 0.15432098765, 0.76543209877, 0.0061728395062],
      [0.015776699029, 0.015776699029, 0.038834951456, 0.14684466019, 0.77184466019, 0.010922330097],
