{
  "X": [
    [189, 389, 29],
    [19, 113, 5],
    [573, 779, 84],
    [44, 110, 6],
    [58, 183, 14],
    [195, 425, 29],
    [136, 363, 37],
    [154, 298, 23],
    [16, 132, 4],
    [76, 241, 18],
    [216, 525, 52],
    [249, 409, 61],
    [67, 272, 23],
    [366, 685, 67],
    [460, 1063, 103],
    [402, 706, 101],
    [271, 488, 75],
    [3, 28, 4],
    [39, 222, 7],
    [77, 268, 23],
    [15, 82, 5],
    [1, 27, 1],
    [121, 129, 21],
    [38, 162, 5],
    [87, 303, 17],
    [56, 295, 20],
    [5, 53, 5],
    [28, 13, 0],
    [30, 158, 10],
    [16, 112, 2],
    [37, 148, 14],
    [61, 108, 16],
    [142, 199, 27],
    [86, 281, 24],
    [13, 133, 4],
    [2, 51, 0],
    [32, 131, 14],
    [155, 287, 18],
    [100, 135, 13],
    [114, 291, 26],
    [332, 727, 50],
    [13, 75, 4],
    [10, 33, 4],
    [47, 74, 15],
    [63, 268, 8],
    [10, 28, 4],
    [6, 23, 1],
    [10, 90, 1],
    [94, 215, 29],
    [64, 138, 16],
    [15, 71, 4],
    [2, 37, 2],
    [46, 154, 7],
    [5, 40, 1],
    [45, 142, 14],
    [29, 45, 2],
    [12, 22, 1],
    [11, 14, 1],
    [83, 83, 7],
    [8, 32, 1],
    [87, 166, 7],
    [7, 33, 3],
    [14, 20, 1],
    [17, 18, 1],
    [14, 22, 0],
    [13, 31, 4],
    [17, 12, 1],
    [6, 25, 1],
    [221, 523, 42],
    [20, 22, 4],
    [67, 130, 8],
    [2, 34, 1],
    [116, 180, 21],
    [3, 58, 2],
    [9, 58, 3],
    [4, 2, 2],
    [115, 364, 21],
    [97, 251, 21],
    [28, 70, 2],
    [229, 461, 44],
    [90, 51, 12],
    [50, 144, 10],
    [4, 30, 0],
    [67, 135, 14],
    [110, 158, 25],
    [105, 170, 24],
    [137, 168, 32],
    [52, 27, 6],
    [197, 243, 22],
    [65, 128, 15],
    [69, 133, 7],
    [26, 129, 3],
    [95, 142, 21],
    [8, 131, 6],
    [19, 8, 4],
    [92, 279, 16],
    [13, 44, 3],
    [79, 157, 24],
    [886, 2129, 171],
    [144, 240, 20],
    [627, 1307, 158],
    [84, 260, 22]
  ],
  "W": [
    [31, 64, 135, 320, 25, 32],
    [22, 3, 18, 83, 3, 8],
    [50, 120, 491, 604, 93, 78],
    [9, 16, 37, 86, 1, 11],
    [31, 14, 54, 135, 11, 10],
    [25, 32, 191, 338, 34, 29],
    [24, 13, 149, 279, 36, 35],
    [24, 27, 149, 215, 37, 23],
    [15, 5, 20, 101, 2, 9],
    [16, 17, 50, 216, 26, 10],
    [28, 30, 251, 399, 38, 47],
    [25, 28, 292, 299, 41, 34],
    [12, 18, 76, 232, 11, 13],
    [35, 50, 390, 504, 60, 79],
    [62, 80, 501, 819, 80, 84],
    [41, 66, 452, 521, 56, 73],
    [22, 32, 291, 374, 65, 50],
    [1, 1, 2, 27, 0, 4],
    [13, 13, 37, 189, 4, 12],
    [16, 14, 84, 221, 8, 25],
    [3, 1, 13, 73, 4, 8],
    [3, 2, 0, 23, 0, 1],
    [9, 19, 98, 101, 31, 13],
    [4, 12, 39, 137, 7, 6],
    [24, 13, 80, 247, 31, 12],
    [25, 15, 54, 258, 9, 10],
    [13, 1, 4, 43, 0, 2],
    [1, 5, 21, 9, 4, 1],
    [18, 13, 29, 113, 9, 16],
    [6, 3, 20, 97, 3, 1],
    [10, 3, 36, 125, 15, 10],
    [5, 18, 46, 96, 9, 11],
    [9, 16, 135, 174, 6, 28],
    [28, 16, 81, 235, 16, 15],
    [8, 1, 12, 118, 6, 5],
    [0, 1, 2, 48, 2, 0],
    [8, 9, 26, 113, 15, 6],
    [17, 21, 171, 196, 28, 27],
    [10, 9, 96, 93, 20, 20],
    [16, 18, 136, 210, 28, 23],
    [35, 46, 314, 575, 71, 68],
    [3, 4, 14, 63, 4, 4],
    [3, 0, 11, 31, 1, 1],
    [12, 13, 35, 57, 4, 15],
    [14, 12, 56, 237, 10, 10],
    [2, 0, 11, 25, 0, 4],
    [2, 1, 5, 20, 0, 2],
    [5, 1, 10, 81, 2, 2],
    [12, 24, 73, 188, 23, 18],
    [7, 15, 54, 121, 6, 15],
    [10, 3, 13, 55, 6, 3],
    [5, 1, 2, 31, 1, 1],
    [5, 7, 46, 128, 8, 13],
    [5, 0, 4, 35, 0, 2],
    [9, 17, 22, 130, 16, 7],
    [1, 7, 25, 41, 1, 1],
    [1, 2, 8, 17, 5, 2],
    [0, 1, 10, 12, 2, 1],
    [7, 29, 53, 67, 3, 14],
    [1, 0, 13, 25, 0, 2],
    [14, 21, 75, 141, 1, 8],
    [0, 2, 8, 25, 1, 7],
    [2, 3, 12, 12, 0, 6],
    [3, 2, 17, 12, 2, 0],
    [1, 2, 16, 15, 1, 1],
    [5, 5, 10, 22, 0, 6],
    [0, 1, 16, 10, 1, 2],
    [2, 1, 10, 16, 0, 3],
    [32, 51, 186, 449, 33, 35],
    [4, 3, 13, 20, 3, 3],
    [6, 35, 36, 107, 6, 15],
    [1, 0, 4, 24, 4, 4],
    [6, 14, 88, 160, 23, 26],
    [4, 0, 4, 50, 1, 4],
    [8, 3, 6, 46, 2, 5],
    [0, 0, 4, 1, 1, 2],
    [21, 18, 118, 283, 25, 35],
    [24, 7, 97, 191, 25, 25],
    [8, 2, 23, 53, 11, 3],
    [39, 33, 180, 383, 61, 38],
    [6, 10, 86, 33, 13, 5],
    [7, 7, 46, 124, 9, 11],
    [3, 0, 3, 25, 1, 2],
    [6, 11, 55, 117, 7, 20],
    [15, 15, 92, 134, 17, 20],
    [16, 16, 91, 141, 18, 17],
    [3, 18, 115, 148, 27, 26],
    [1, 3, 44, 20, 3, 14],
    [13, 17, 164, 210, 26, 32],
    [11, 7, 63, 110, 16, 1],
    [9, 37, 32, 118, 9, 4],
    [8, 6, 25, 111, 4, 4],
    [22, 12, 92, 116, 7, 9],
    [12, 3, 14, 106, 3, 7],
    [0, 8, 13, 7, 2, 1],
    [29, 13, 87, 227, 13, 18],
    [2, 3, 11, 37, 3, 4],
    [3, 2, 89, 128, 22, 16],
    [144, 175, 836, 1737, 153, 141],
    [10, 26, 122, 199, 27, 20],
    [69, 169, 538, 1079, 72, 165],
    [18, 31, 82, 221, 4, 10]
  ],
  "method": "mvn_pdf",
  "cond_prob": [
    [
      [0.012674026214, 0.85606528799, 0.1312606858],
      [0.89949749125, 0.10023824686, 0.00026426188574],
      [0.71598248836, 0.20380069225, 0.080216819389],
      [0.03434865449, 0.96349208275, 0.0021592627636],
      [0.53981875923, 0.29500862723, 0.16517261354],
      [0.30920598128, 0.40127977062, 0.2895142481]
    ],
    [
      [0.0098026230088, 0.91540962713, 0.074787749861],
      [0.84397016042, 0.15593403289, 9.5806694966e-05],
      [0.63024756787, 0.30326307936, 0.066489352773],
      [0.019963181569, 0.98003681843, 0],
      [0.44757924247, 0.42021753592, 0.13220322161],
      [0.23853672417, 0.5413427673, 0.22012050853]
    ],
    [
      [0.014253293858, 0.84754158849, 0.13820511766],
      [0.90925097411, 0.090583258364, 0.00016576752533],
      [0.73564259595, 0.18651154239, 0.077845861661],
      [0.039584855401, 0.95860864282, 0.0018065017745],
      [0.56305051468, 0.27427403454, 0.16267545078],
      [0.32953529841, 0.38036739462, 0.29009730697]
    ],
    [
      [0.0091434091428, 0.90492672451, 0.085929866348],
      [0.86424978866, 0.13560098985, 0.00014922148979],
      [0.66449804755, 0.26886445751, 0.06663749494],
      [0.024157519281, 0.97476929904, 0.0010731816765],
      [0.48505509327, 0.38034625463, 0.1345986521],
      [0.26733483528, 0.50250479472, 0.23016037]
    ],
    [
      [0.0087815606106, 0.87302852206, 0.11818991733],
      [0.86373517569, 0.13586383469, 0.00040098961739],
      [0.64686518161, 0.26134677611, 0.091788042285],
      [0.023470364048, 0.97314092678, 0.0033887091758],
      [0.46115358721, 0.35986771278, 0.17897870001],
      [0.24635707489, 0.45887262653, 0.29477029858]
    ],
    [
      [0.010727053567, 0.8845891727, 0.10468377374],
      [0.87914276066, 0.12079237458, 6.486476053e-05],
      [0.68660679455, 0.24090919109, 0.072484014355],
      [0.029075935034, 0.97060217711, 0.0003218878566],
      [0.5091561476, 0.34276033795, 0.14808351445],
      [0.28684077589, 0.45823696013, 0.25492226398]
    ],
    [
      [0.008583191222, 0.86388737708, 0.1275294317],
      [0.85751279978, 0.14220305504, 0.00028414517898],
      [0.63099926311, 0.2672361497, 0.1017645872],
      [0.023164675434, 0.97410194249, 0.0027333820775],
      [0.4438224734, 0.36124197179, 0.19493555481],
      [0.23391123777, 0.45202068546, 0.31406807677]
    ],
    [
      [0.00992419843, 0.89660868151, 0.093467120064],
      [0.8677582339, 0.1322417661, 0],
      [0.67166113647, 0.26075356434, 0.067585299188],
      [0.026719733833, 0.97328026617, 0],
      [0.492008809, 0.36780407671, 0.14018711429],
      [0.2741638644, 0.48672064383, 0.23911549177]
    ],
    [
      [0.0036570260685, 0.94325755479, 0.053085419144],
      [0.73215046, 0.26772382295, 0.00012571705137],
      [0.47815298259, 0.45592097361, 0.065926043798],
      [0.0075826625782, 0.99241733742, 0],
      [0.30713111877, 0.5717073322, 0.12116154903],
      [0.14902461103, 0.66850359413, 0.18247179484]
    ],
    [
      [0.013083638136, 0.80729549135, 0.17962087051],
      [0.90859365525, 0.091120954567, 0.00028539018542],
      [0.7122184298, 0.18293357411, 0.10484799609],
      [0.037654451344, 0.95916219976, 0.0031833488993],
      [0.5263184843, 0.26041531056, 0.21326620514],
      [0.29160060787, 0.3437703983, 0.36462899383]
    ],
    [
      [0.0080728249876, 0.86962511726, 0.12230205776],
      [0.84762460963, 0.15205640276, 0.00031898760701],
      [0.61621573235, 0.2815652704, 0.10221899726],
      [0.022112494188, 0.97523129005, 0.002656215761],
      [0.42926885769, 0.37724158802, 0.19348955429],
      [0.22425472382, 0.46730758913, 0.30843768706]
    ],
    [
      [0.0097535230009, 0.82487863804, 0.16536783896],
      [0.87594496161, 0.1239011352, 0.00015390318521],
      [0.64732548519, 0.23418014941, 0.1184943654],
      [0.028206042686, 0.97086543895, 0.0009285183662],
      [0.45496736167, 0.31490919346, 0.23012344487],
      [0.2389233157, 0.39200457227, 0.36907211203]
    ],
    [
      [0.0064747099855, 0.8128768173, 0.18064847272],
      [0.82878792924, 0.17112244665, 8.9624107726e-05],
      [0.55168024824, 0.28999413867, 0.15832561309],
      [0.017464486757, 0.98253551324, 0],
      [0.35050141145, 0.35695428814, 0.29254430041],
      [0.16685734107, 0.40392179782, 0.42922086111]
    ],
    [
      [0.0097770969301, 0.88081832753, 0.10940457554],
      [0.86857389561, 0.13127046148, 0.00015564291094],
      [0.66365773052, 0.25535711067, 0.080985158808],
      [0.026791795236, 0.97207720952, 0.0011309952431],
      [0.48234778841, 0.35648576382, 0.16116644777],
      [0.26529949139, 0.46458864397, 0.27011186464]
    ],
    [
      [0.008690244834, 0.86267881373, 0.12863094143],
      [0.85725436267, 0.14245962304, 0.00028601429014],
      [0.63089030602, 0.26701524677, 0.10209444722],
      [0.02393774743, 0.97387780738, 0.0021844451873],
      [0.44388529108, 0.36057720085, 0.19553750807],
      [0.23439254835, 0.45107624714, 0.31453120451]
    ],
    [
      [0.0093499672221, 0.82816788123, 0.16248215155],
      [0.87028555715, 0.12962561552, 8.8827331213e-05],
      [0.63754410046, 0.24252657255, 0.11992932699],
      [0.027134013472, 0.9722014828, 0.00066450373171],
      [0.44502501045, 0.32382796026, 0.2311470293],
      [0.23218698025, 0.4002257143, 0.36758730545]
    ],
    [
      [0.010108206189, 0.81123206481, 0.178659729],
      [0.88109933779, 0.11882939559, 7.126661615e-05],
      [0.65151325571, 0.22460968748, 0.12387705681],
      [0.030245687369, 0.96975431263, 0],
      [0.45705016453, 0.30143948677, 0.2415103487],
      [0.23943870946, 0.37414510587, 0.38641618467]
    ],
    [
      [0.0053385714937, 0.50186775657, 0.49279367193],
      [0.89241490384, 0.10758509616, 0],
      [0.44903126352, 0.15671048223, 0.39425825425],
      [0.01488463846, 0.98511536154, 0],
      [0.20588146743, 0.15011531023, 0.64400322233],
      [0.2005746898, 0.11975285531, 0.67967245489]
    ],
    [
      [0.0062375106467, 0.92094253203, 0.072819957323],
      [0.80875575459, 0.19105750195, 0.00018674346276],
      [0.57671819125, 0.35114251538, 0.072139293373],
      [0.015978867966, 0.98288950717, 0.0011316248632],
      [0.39653236464, 0.46663142247, 0.13683621289],
      [0.20503158096, 0.57659032868, 0.21837809036]
    ],
    [
      [0.0079880813329, 0.85064895871, 0.14136295996],
      [0.85214800904, 0.14753435956, 0.00031763140215],
      [0.61200263057, 0.27168857908, 0.11630879035],
      [0.02158363314, 0.97586322626, 0.002553140604],
      [0.42105483668, 0.35949512037, 0.21945004295],
      [0.21581903946, 0.43842244076, 0.34575851978]
    ],
    [
      [0.0088740597032, 0.87428880849, 0.11683713181],
      [0.87198708919, 0.12777160706, 0.00024130374819],
      [0.65847554815, 0.25174812346, 0.089776328394],
      [0.022987247591, 0.97215033516, 0.0048624172484],
      [0.46926263771, 0.35142953146, 0.17930783084],
      [0.2482611226, 0.45049297125, 0.30124590615]
    ],
    [
      [0, 0.91399178174, 0.086008218256],
      [0.48049573693, 0.51809176831, 0.0014124947611],
      [0.28920626118, 0.55607531111, 0.15471842771],
      [0, 0.98672206803, 0.013277931975],
      [0.11914274554, 0.58976039758, 0.29109685689],
      [0.03900852615, 0.52723355356, 0.43375792029]
    ],
    [
      [0.0173218322, 0.80266448413, 0.18001368367],
      [0.9289551143, 0.070297400196, 0.00074748550332],
      [0.76596570987, 0.14485459521, 0.089179694919],
      [0.051188010332, 0.94336632637, 0.0054456632946],
      [0.59337807012, 0.22196320857, 0.18465872131],
      [0.35112365797, 0.3141354061, 0.33474093593]
    ],
    [
      [0.0059411494435, 0.93175749902, 0.062301351533],
      [0.79835084974, 0.20144060049, 0.0002085497646],
      [0.56675781583, 0.36836426843, 0.064877915741],
      [0.017322674296, 0.98129406935, 0.0013832563515],
      [0.38811517318, 0.4894054054, 0.12247942142],
      [0.20040963286, 0.6043918317, 0.19519853545]
    ],
    [
      [0.0090042026485, 0.89058797063, 0.10040782672],
      [0.85992880678, 0.1398827267, 0.00018846651858],
      [0.65055119214, 0.27079435848, 0.078654449384],
      [0.024148525548, 0.97435973445, 0.0014917400014],
      [0.46892060197, 0.37566231478, 0.15541708325],
      [0.25495873381, 0.48595653434, 0.25908473185]
    ],
    [
      [0.0077016694068, 0.80198198081, 0.19031634978],
      [0.85407228169, 0.14571586489, 0.00021185341753],
      [0.58810475281, 0.25728855874, 0.15460668845],
      [0.022735240645, 0.97726475935, 0],
      [0.38713272938, 0.32676833399, 0.28609893663],
      [0.1888830737, 0.37959074151, 0.4315261848]
    ],
    [
      [0.017046528976, 0.73792562397, 0.24502784706],
      [0.89131342804, 0.10842480531, 0.00026176664874],
      [0.60978707259, 0.20668817086, 0.18352475656],
      [0.025971256415, 0.97402874358, 0],
      [0.37963949946, 0.26576537199, 0.35459512856],
      [0.16558468953, 0.29427671277, 0.54013859769]
    ],
    [
      [0.092509143613, 0.90749085639, 0],
      [0.95240792706, 0.047592072938, 0],
      [0.88850578133, 0.11149421867, 0],
      [0.06510928414, 0.93489071586, 0],
      [0.80922008503, 0.19077991497, 0],
      [0.66396591574, 0.33603408426, 0]
    ],
    [
      [0.0040681125184, 0.91994456636, 0.075987321125],
      [0.7447390876, 0.25445171842, 0.00080919397841],
      [0.48197619829, 0.42610138453, 0.091922417182],
      [0.0097420220769, 0.98433891199, 0.0059190659357],
      [0.30910434141, 0.52982030251, 0.16107535607],
      [0.14906678238, 0.61109409609, 0.23983912152]
    ],
    [
      [0.0052572691774, 0.94345286607, 0.051289864756],
      [0.78690696907, 0.21295997239, 0.0001330585381],
      [0.5520539227, 0.39085527491, 0.05709080239],
      [0.012921931231, 0.98652523467, 0.00055283410412],
      [0.37420688218, 0.51770229274, 0.10809082508],
      [0.19060904784, 0.63724274745, 0.17214820471]
    ],
    [
      [0.0086796028747, 0.82503599874, 0.16628439839],
      [0.86821106248, 0.1314998223, 0.00028911521759],
      [0.62734491947, 0.24499488658, 0.12766019394],
      [0.02447272306, 0.97360458649, 0.001922690449],
      [0.43127004751, 0.32526791605, 0.24346203644],
      [0.21960125877, 0.39557325765, 0.38482548359]
    ],
    [
      [0.013764461785, 0.71146320884, 0.27477232937],
      [0.92153902712, 0.078460972875, 0],
      [0.70439305533, 0.15195551574, 0.14365142893],
      [0.04872100147, 0.95127899853, 0],
      [0.49313020298, 0.20833275819, 0.29853703883],
      [0.25690969909, 0.2584230943, 0.48466720662]
    ],
    [
      [0.018137798271, 0.77767096509, 0.20419123664],
      [0.93370061572, 0.065867622584, 0.00043176169597],
      [0.76914061314, 0.13513878338, 0.09572060348],
      [0.055711898759, 0.93887572453, 0.0054123767083],
      [0.59387964143, 0.20696350583, 0.19915685275],
      [0.35022924848, 0.28918523189, 0.36058551963]
    ],
    [
      [0.010239291191, 0.82033963595, 0.16942107286],
      [0.88369936625, 0.11605562275, 0.00024501099621],
      [0.66024447598, 0.22211496905, 0.11764055498],
      [0.029377546838, 0.96865902631, 0.0019634268512],
      [0.4678174321, 0.30271630182, 0.22946626608],
      [0.24703366746, 0.38026371495, 0.37270261758]
    ],
    [
      [0.0061668522673, 0.91412147236, 0.079711675369],
      [0.81915134395, 0.18065312112, 0.00019553493318],
      [0.58515187074, 0.33718748823, 0.077660641032],
      [0.014264835213, 0.98282914305, 0.0029060217406],
      [0.40049823292, 0.45072789787, 0.14877386921],
      [0.20469028729, 0.55638379489, 0.23892591782]
    ],
    [
      [0.0025872915067, 0.99194286288, 0.0054698456143],
      [0.69126251444, 0.30873748556, 0],
      [0.38390122529, 0.61609877471, 0],
      [0, 1, 0],
      [0.27046751749, 0.72953248251, 0],
      [0.12673189875, 0.85088835176, 0.02237974949]
    ],
    [
      [0.0075899719404, 0.76208356679, 0.23032646127],
      [0.85842361391, 0.14157638609, 0],
      [0.59815676775, 0.24310006323, 0.15874316903],
      [0.019346016221, 0.98065398378, 0],
      [0.36358345509, 0.2993109778, 0.3371055671],
      [0.17025667975, 0.33416291882, 0.49558040143]
    ],
    [
      [0.0090356830464, 0.92055779981, 0.070406517148],
      [0.84772932804, 0.15227067196, 0],
      [0.65617050401, 0.29549592212, 0.048333573863],
      [0.023697492856, 0.97630250714, 0],
      [0.4702005133, 0.4139776953, 0.1158217914],
      [0.26031845707, 0.54356902742, 0.19611251551]
    ],
    [
      [0.01318458704, 0.88964896067, 0.097166452291],
      [0.8995476098, 0.1004523902, 0],
      [0.73638595919, 0.21136032894, 0.052253711877],
      [0.032936406161, 0.96706359384, 0],
      [0.5654261901, 0.31044942375, 0.12412438615],
      [0.33537819923, 0.43814723008, 0.22647457069]
    ],
    [
      [0.0068504558247, 0.89580559409, 0.097343950085],
      [0.81920633794, 0.18035833518, 0.0004353268796],
      [0.58203154363, 0.324989945, 0.092978511377],
      [0.019742364518, 0.97651052396, 0.0037471115218],
      [0.39777839254, 0.4306360473, 0.17158556016],
      [0.20455205003, 0.52595689504, 0.26949105493]
    ],
    [
      [0.010951951105, 0.89057727419, 0.098470774707],
      [0.87954699161, 0.12045300839, 0],
      [0.69375532622, 0.24157508617, 0.064669587613],
      [0.029109999352, 0.97089000065, 0],
      [0.51583719724, 0.34529952549, 0.13886327727],
      [0.29346554462, 0.46553475408, 0.2409997013]
    ],
    [
      [0.0047208950573, 0.9066010966, 0.088678008344],
      [0.78392167847, 0.21542035875, 0.00065796277895],
      [0.52139310532, 0.37798419351, 0.10062270117],
      [0.0087494778446, 0.98362178637, 0.0076287357889],
      [0.3374320968, 0.48023940051, 0.18232850268],
      [0.16242540878, 0.55940160573, 0.2781729855]
    ],
    [
      [0.01338268703, 0.6157291051, 0.37088820787],
      [0.9375808633, 0.062023167207, 0.00039596948941],
      [0.70793441438, 0.12132565115, 0.17073993447],
      [0.048861345726, 0.95113865427, 0],
      [0.45402014816, 0.15847158193, 0.38750826991],
      [0.20385151503, 0.17446065763, 0.62168782733]
    ],
    [
      [0.015798998666, 0.7386369334, 0.24556406794],
      [0.92639951222, 0.073600487785, 0],
      [0.72648414404, 0.14760056125, 0.1259152947],
      [0.051159486137, 0.94884051386, 0],
      [0.52879617185, 0.21059988969, 0.26060393846],
      [0.2872665279, 0.27248146435, 0.44025200775]
    ],
    [
      [0.010003835116, 0.90559730982, 0.084398855061],
      [0.87129484916, 0.12864584026, 5.9310584596e-05],
      [0.68244579143, 0.2577041753, 0.059850033263],
      [0.026549173783, 0.97345082622, 0],
      [0.50488584588, 0.36844264411, 0.12667151002],
      [0.28464311529, 0.49541815079, 0.21993873392]
    ],
    [
      [0.012879868752, 0.7398657189, 0.24725441235],
      [0.92791657567, 0.071813928912, 0.00026949541909],
      [0.72028627952, 0.14647945831, 0.13323426217],
      [0.040768912123, 0.95481943736, 0.0044116505203],
      [0.51100889856, 0.20894597304, 0.2800451284],
      [0.25796709617, 0.25962714672, 0.48240575712]
    ],
    [
      [0.010998784116, 0.91535748299, 0.073643732891],
      [0.91900338526, 0.080418254297, 0.00057836044465],
      [0.77103754052, 0.18340011429, 0.045562345186],
      [0.025571259746, 0.96367107034, 0.010757669911],
      [0.6016316859, 0.29848365568, 0.099884658419],
      [0.34619307448, 0.4492224007, 0.20458452482]
    ],
    [
      [0.0069047019134, 0.94718654885, 0.045908749235],
      [0.83454806359, 0.16538351056, 6.8425857703e-05],
      [0.641781676, 0.3284765016, 0.0297418224],
      [0.01645419447, 0.98354580553, 0],
      [0.44910193242, 0.46346633998, 0.087431727608],
      [0.24105902497, 0.60988790065, 0.14905307437]
    ],
    [
      [0.012100158906, 0.73137768724, 0.25652215385],
      [0.90678788481, 0.093212115192, 0],
      [0.68159868905, 0.1757948582, 0.14260645276],
      [0.039202325972, 0.96079767403, 0],
      [0.46435125894, 0.23429982739, 0.30134891367],
      [0.23805935104, 0.28524964406, 0.4766910049]
    ],
    [
      [0.013126607772, 0.77437172864, 0.21250166359],
      [0.91254777791, 0.087286741115, 0.00016548097779],
      [0.70515829995, 0.1727426008, 0.12209909925],
      [0.040745738965, 0.95710894847, 0.0021453125598],
      [0.51153394839, 0.24237239256, 0.24609365905],
      [0.27612738496, 0.31183861458, 0.41203400046]
    ],
    [
      [0.0071183466347, 0.90055374286, 0.09232791051],
      [0.84656190949, 0.1530270337, 0.00041105680174],
      [0.62342855875, 0.29562744914, 0.080943992112],
      [0.018006339867, 0.97660839105, 0.0053852690825],
      [0.43574359114, 0.40627671222, 0.15797969663],
      [0.22658310064, 0.51370095012, 0.25971594924]
    ],
    [
      [0.0018613571622, 0.87079039133, 0.1273482515],
      [0.76851712653, 0.23082036338, 0.00066251008659],
      [0.44109724025, 0.39841246459, 0.16049029516],
      [0.00010454851572, 0.98941984817, 0.010475603317],
      [0.24055097398, 0.46802581368, 0.29142321234],
      [0.096189629181, 0.47836164391, 0.42544872691]
    ],
    [
      [0.0085220727417, 0.91472053721, 0.07675739005],
      [0.85217883121, 0.14775218085, 6.8987947264e-05],
      [0.64949629965, 0.28879785634, 0.061705844011],
      [0.023555976089, 0.97644402391, 0],
      [0.46943002922, 0.4045160975, 0.12605387327],
      [0.25728483546, 0.52972821659, 0.21298694796]
    ],
    [
      [0.011956983018, 0.92108360049, 0.06695941649],
      [0.91666702833, 0.083259714422, 7.3257252561e-05],
      [0.77247978924, 0.18919799122, 0.038322219536],
      [0.032669751837, 0.96290057159, 0.004429676577],
      [0.60557809241, 0.3068578301, 0.08756407749],
      [0.35342730682, 0.46813501357, 0.17843767961]
    ],
    [
      [0.012097721132, 0.71979883351, 0.26810344536],
      [0.91098224458, 0.089017755416, 0],
      [0.68826740273, 0.1685341864, 0.14319841087],
      [0.039998128363, 0.96000187164, 0],
      [0.46390393415, 0.22498403527, 0.31111203058],
      [0.23433140834, 0.27153838261, 0.49413020905]
    ],
    [
      [0.01680596849, 0.87330016799, 0.10989386352],
      [0.92824744627, 0.071189953124, 0.0005626006031],
      [0.78883654146, 0.15658391606, 0.05457954248],
      [0.042366517943, 0.95362402495, 0.0040094571081],
      [0.63457841333, 0.24583570177, 0.1195858849],
      [0.3929427221, 0.36935153399, 0.23770574392]
    ],
    [
      [0.011615704403, 0.92998157564, 0.058402719959],
      [0.90534281602, 0.094657183985, 0],
      [0.76302488386, 0.21015933101, 0.026815785124],
      [0.023685972697, 0.9763140273, 0],
      [0.59240808911, 0.32608848981, 0.08150342108],
      [0.35439880565, 0.48582424753, 0.15977694682]
    ],
    [
      [0.015803844007, 0.89839981574, 0.085796340257],
      [0.93373861212, 0.065543493915, 0.00071789396389],
      [0.79932695745, 0.15200709363, 0.048665948922],
      [0.029354795018, 0.96200898816, 0.0086362168195],
      [0.65588879502, 0.24391543454, 0.10019577044],
      [0.4089566831, 0.3824468428, 0.2085964741]
    ],
    [
      [0.021571072197, 0.85617259654, 0.12225633126],
      [0.94041678909, 0.05958321091, 0],
      [0.81803246429, 0.13291434178, 0.049053193928],
      [0.061004875583, 0.93897647583, 1.8648586891e-05],
      [0.67127685204, 0.21510865962, 0.11361448834],
      [0.43714555597, 0.33411919527, 0.22873524876]
    ],
    [
      [0.0048923781344, 0.95877049333, 0.036337128533],
      [0.78723804052, 0.21265678812, 0.00010517135231],
      [0.55438179205, 0.39901450086, 0.04660370709],
      [0.016605396, 0.97997757887, 0.0034170251257],
      [0.37070337477, 0.54376797094, 0.085528654293],
      [0.18650471263, 0.6773007618, 0.13619452558]
    ],
    [
      [0.015995538993, 0.88162699561, 0.1023774654],
      [0.91733136455, 0.082668635454, 0],
      [0.77314938311, 0.17784690037, 0.049003716523],
      [0.041775185967, 0.95822481403, 0],
      [0.61200330474, 0.27148605142, 0.11651064384],
      [0.37794944242, 0.40018479492, 0.22186576266]
    ],
    [
      [0.0041341186682, 0.92597589673, 0.069889984606],
      [0.76468413933, 0.23395197315, 0.0013638875199],
      [0.49679462531, 0.41106663863, 0.09213873606],
      [0.0058572814028, 0.97893060184, 0.015212116762],
      [0.31534650435, 0.52450973302, 0.16014376263],
      [0.14778516849, 0.60654116654, 0.24567366497]
    ],
    [
      [0.011285415703, 0.94094675507, 0.047767829226],
      [0.89239987091, 0.10760012909, 0],
      [0.75345652478, 0.23817706242, 0.0083664127984],
      [0.018264090121, 0.98173590988, 0],
      [0.57214055658, 0.35359541602, 0.074264027396],
      [0.33993036283, 0.52605840584, 0.13401123133]
    ],
    [
      [0.014482364834, 0.91188544235, 0.07363219282],
      [0.92354577594, 0.076454224062, 0],
      [0.7887893332, 0.17573719314, 0.035473473664],
      [0.035095529753, 0.96490447025, 0],
      [0.63944816613, 0.27252464924, 0.088027184627],
      [0.39978725295, 0.42134112471, 0.17887162233]
    ],
    [
      [0.034946552355, 0.96505344765, 0],
      [0.85668793936, 0.14331206064, 0],
      [0.69498641303, 0.30501358697, 0],
      [0.013357881951, 0.98664211805, 0],
      [0.55597057279, 0.44402942721, 0],
      [0.37555615841, 0.62444384159, 0]
    ],
    [
      [0.0079298613988, 0.85448173591, 0.13758840269],
      [0.88289139996, 0.11510316501, 0.0020054350227],
      [0.6657310318, 0.23138474562, 0.10288422259],
      [0.019892086151, 0.97052310821, 0.0095848056368],
      [0.47109545628, 0.32655953959, 0.20234500413],
      [0.24182624665, 0.41445327642, 0.34372047692]
    ],
    [
      [0.023066266003, 0.88052091163, 0.096412822367],
      [0.95213873773, 0.047861262268, 0],
      [0.85722285761, 0.10912624896, 0.03365089343],
      [0.061567218836, 0.93801004106, 0.00042274010059],
      [0.72783991386, 0.18851495239, 0.083645133748],
      [0.49439171913, 0.31875169568, 0.18685658518]
    ],
    [
      [0.0048027509943, 0.9651505934, 0.030046655609],
      [0.70819492171, 0.29138674558, 0.00041833271373],
      [0.45367791827, 0.49709575313, 0.049226328594],
      [0.02189548326, 0.97293372926, 0.0051707874841],
      [0.27575935368, 0.64246388575, 0.081776760571],
      [0.13169755381, 0.74680495607, 0.12149749013]
    ],
    [
      [0.012533471724, 0.83114540063, 0.15632112764],
      [0.90068686202, 0.099038244976, 0.00027489300547],
      [0.70620673573, 0.19815431635, 0.095638947917],
      [0.035071826769, 0.96225542788, 0.0026727453464],
      [0.52401258623, 0.2823020995, 0.19368531427],
      [0.29342230087, 0.37505821262, 0.33151948651]
    ],
    [
      [0.033102642484, 0.70279528915, 0.26410206837],
      [0.97116024817, 0.026281893855, 0.0025578579737],
      [0.86921934786, 0.053845331083, 0.076935321057],
      [0.10264696468, 0.8776375439, 0.019715491418],
      [0.72806327912, 0.10904509584, 0.16289162505],
      [0.47237601079, 0.17669923076, 0.35092475846]
    ],
    [
      [0.01108236335, 0.88523614029, 0.10368149636],
      [0.88656819332, 0.11310016743, 0.00033163925519],
      [0.70060086844, 0.22959259855, 0.069806533002],
      [0.028723372221, 0.96942644874, 0.0018501790345],
      [0.52449153228, 0.3316294451, 0.14387902262],
      [0.29744251791, 0.44975580426, 0.25280167783]
    ],
    [
      [0.0011425964883, 0.97815519422, 0.020702209289],
      [0.56904777942, 0.43083234429, 0.00011987628594],
      [0.25259399416, 0.70544728608, 0.041958719764],
      [0, 0.99262613764, 0.0073738623645],
      [0.1722977533, 0.76045572082, 0.067246525871],
      [0.074822603414, 0.83380136873, 0.091376027856]
    ],
    [
      [0.019590782482, 0.80336187794, 0.17704733958],
      [0.93694824536, 0.062575286595, 0.00047646804078],
      [0.78844246477, 0.13297726284, 0.078580272387],
      [0.056207591562, 0.9377494911, 0.0060429173364],
      [0.62638014606, 0.20610889854, 0.1675109554],
      [0.38393403697, 0.30082124411, 0.31524471892]
    ],
    [
      [0.003341782271, 0.93125836999, 0.065399847743],
      [0.76375919157, 0.23604492322, 0.00019588521165],
      [0.49546638028, 0.42221009862, 0.082323521106],
      [0.0022654870968, 0.99107626256, 0.006658250342],
      [0.31143077367, 0.53738047558, 0.15118875075],
      [0.14501555533, 0.62373313048, 0.23125131419]
    ],
    [
      [0.0066370210676, 0.90683213623, 0.086530842706],
      [0.84351244486, 0.15601321046, 0.00047434467937],
      [0.61697528884, 0.30497401203, 0.078050699136],
      [0.016858062785, 0.97744713885, 0.0056947983644],
      [0.42609639757, 0.42020071814, 0.1537028843],
      [0.21737021613, 0.52889787664, 0.25373190723]
    ],
    [
      [0.01217636981, 0.71936949669, 0.2684541335],
      [0.94974965819, 0.050015876883, 0.00023446492352],
      [0.74572474389, 0.11957134374, 0.13470391236],
      [0.032408980154, 0.96361901017, 0.0039720096784],
      [0.52391184171, 0.1666217301, 0.30946642819],
      [0.23039010129, 0.19573694238, 0.57387295634]
    ],
    [
      [0.0080263853511, 0.91112796323, 0.080845651414],
      [0.8386295194, 0.16130655318, 6.3927414804e-05],
      [0.62563361461, 0.30621335115, 0.068153034243],
      [0.022757252424, 0.97724274758, 0],
      [0.44401637635, 0.41965686755, 0.1363267561],
      [0.23916103399, 0.53652857505, 0.22431039096]
    ],
    [
      [0.010333034668, 0.88040539446, 0.10926157087],
      [0.87708416514, 0.12274503129, 0.00017080357121],
      [0.67920727858, 0.24318100622, 0.077611715204],
      [0.027705177671, 0.97089644661, 0.001398375715],
      [0.49954431985, 0.3439926992, 0.15646298095],
      [0.27796060235, 0.45525835709, 0.26678104056]
    ],
    [
      [0.012660175295, 0.92801542961, 0.059324395091],
      [0.89259444905, 0.10740555095, 0],
      [0.7636610926, 0.23055058854, 0.0057883188613],
      [0.023442770352, 0.97655722965, 0],
      [0.5711212651, 0.34576903071, 0.083109704191],
      [0.34150794169, 0.49913647186, 0.15935558645]
    ],
    [
      [0.015177622595, 0.83188475708, 0.15293762033],
      [0.91646906156, 0.083268110525, 0.00026282791622],
      [0.74557322769, 0.17260177329, 0.081824999017],
      [0.042221890119, 0.95468933968, 0.0030887702002],
      [0.57354645532, 0.25523817903, 0.17121536565],
      [0.33694986877, 0.35591530566, 0.30713482557]
    ],
    [
      [0.019970530738, 0.80403171073, 0.17599775854],
      [0.93801903571, 0.061183143749, 0.0007978205456],
      [0.79657012129, 0.12166347548, 0.081766403223],
      [0.058080343825, 0.93746515585, 0.0044545003246],
      [0.6277065054, 0.20468013129, 0.16761336331],
      [0.38362402215, 0.30074551135, 0.3156304665]
    ],
    [
      [0.011325022284, 0.86096180747, 0.12771317024],
      [0.89191312739, 0.10780036513, 0.00028650748014],
      [0.69878385985, 0.21703328072, 0.084182859432],
      [0.029746075824, 0.96673128707, 0.0035226371051],
      [0.5181070133, 0.31081860765, 0.17107437905],
      [0.28925444341, 0.41482607391, 0.29591948269]
    ],
    [
      [0.031653870825, 0.96834612918, 0],
      [0.88040620609, 0.11955054839, 4.3245520609e-05],
      [0.73319536675, 0.26680463325, 0],
      [0.014596233248, 0.98540376675, 0],
      [0.5812120106, 0.4187879894, 0],
      [0.37966722274, 0.62033277726, 0]
    ],
    [
      [0.015236869568, 0.82221719028, 0.16254594015],
      [0.92000263142, 0.079576070025, 0.0004212985539],
      [0.74837562921, 0.16558396409, 0.086040406696],
      [0.042032025935, 0.95322150399, 0.0047464700759],
      [0.57446105598, 0.24593085949, 0.17960808453],
      [0.3344457902, 0.34179050399, 0.32376370581]
    ],
    [
      [0.018786774407, 0.75464357658, 0.22656964901],
      [0.93708026414, 0.062464029767, 0.00045570609573],
      [0.76916329168, 0.12767543796, 0.10316127037],
      [0.059627676535, 0.93497714778, 0.0053951756886],
      [0.58999745919, 0.19469514566, 0.21530739515],
      [0.34394530627, 0.27002451673, 0.38603017699]
    ],
    [
      [0.015957731914, 0.77589639313, 0.20814587496],
      [0.92522579612, 0.074432527476, 0.00034167640391],
      [0.7426541857, 0.15114361502, 0.10620219928],
      [0.048916914762, 0.94714196107, 0.0039411241668],
      [0.5591409238, 0.22192423018, 0.21893484602],
      [0.31751241429, 0.29994209701, 0.3825454887]
    ],
    [
      [0.01760409305, 0.73551089598, 0.24688501097],
      [0.93584643571, 0.063758573295, 0.00039499099886],
      [0.75793254195, 0.12647007036, 0.1155973877],
      [0.06157066615, 0.93357157096, 0.0048577628934],
      [0.57000007156, 0.19185478489, 0.23814514356],
      [0.32450957814, 0.25973396955, 0.41575645231]
    ],
    [
      [0.028497515744, 0.82456582909, 0.14693665517],
      [0.95730491385, 0.042402464082, 0.00029262206796],
      [0.8690350451, 0.081449552336, 0.049515402566],
      [0.083114203388, 0.91367411361, 0.0032116829979],
      [0.72735336745, 0.16307393959, 0.10957269296],
      [0.50126439916, 0.26441017035, 0.23432543049]
    ],
    [
      [0.023148109111, 0.83532021763, 0.14153167326],
      [0.94337044235, 0.056603121339, 2.6436309021e-05],
      [0.8225887154, 0.12341174392, 0.053999540683],
      [0.066612948755, 0.93257068176, 0.00081636948036],
      [0.67694652046, 0.19942657553, 0.12362690401],
      [0.44274684268, 0.3098163741, 0.24743678322]
    ],
    [
      [0.013998306367, 0.75974969758, 0.22625199606],
      [0.91806856527, 0.081737751299, 0.00019368343437],
      [0.71360337737, 0.162052931, 0.12434369163],
      [0.044282237148, 0.95373489289, 0.0019828699666],
      [0.51940928775, 0.22846189175, 0.2521288205],
      [0.28093120858, 0.29502592935, 0.42404286208]
    ],
    [
      [0.014531809619, 0.84241670966, 0.14305148072],
      [0.9153041804, 0.083769012845, 0.0009268067598],
      [0.74624450025, 0.17593033877, 0.077825160976],
      [0.039161427681, 0.95656322678, 0.004275345542],
      [0.57368629041, 0.26153989259, 0.164773817],
      [0.33472748765, 0.36517637605, 0.3000961363]
    ],
    [
      [0.0076608593636, 0.92912953873, 0.063209601907],
      [0.83999143164, 0.15997220631, 3.6362050995e-05],
      [0.63614938731, 0.31202764926, 0.051822963429],
      [0.019821858226, 0.98017814177, 0],
      [0.45339455596, 0.43503172799, 0.11157371605],
      [0.2453063414, 0.56663464297, 0.18805901563]
    ],
    [
      [0.018179179123, 0.74519505947, 0.23662576141],
      [0.93482954138, 0.064935442609, 0.00023501601197],
      [0.75823588289, 0.13162818774, 0.11013592937],
      [0.05753144311, 0.93903605974, 0.0034324971531],
      [0.57277160563, 0.19705556864, 0.23017282573],
      [0.32681707744, 0.26767979983, 0.40550312273]
    ],
    [
      [0.0011770343628, 0.91550458838, 0.083318377253],
      [0.67159298286, 0.3278875174, 0.00051949974424],
      [0.32692528727, 0.55411475068, 0.11895996205],
      [0, 0.99244609432, 0.0075539056796],
      [0.2277979677, 0.5749297127, 0.1972723196],
      [0.10153553059, 0.62122867737, 0.27723579204]
    ],
    [
      [0.014007322439, 0.52361456501, 0.46237811255],
      [0.96514995833, 0.034850041667, 0],
      [0.74052685152, 0.070117340029, 0.18935580845],
      [0.077789937826, 0.92221006217, 0],
      [0.45475837699, 0.11564598816, 0.42959563485],
      [0.19790494478, 0.12291183475, 0.67918322047]
    ],
    [
      [0.011388278359, 0.88140162893, 0.10721009271],
      [0.88730074592, 0.11257425747, 0.00012499660968],
      [0.70116188561, 0.22777544267, 0.071062671724],
      [0.030482904802, 0.9686569849, 0.00086011030224],
      [0.52534527614, 0.32820052286, 0.146454201],
      [0.29914656681, 0.4448711963, 0.25598223689]
    ],
    [
      [0.0083131038689, 0.89043451789, 0.10125237824],
      [0.87051294578, 0.12877603973, 0.00071101449377],
      [0.66028787769, 0.25794432882, 0.081767793486],
      [0.018806467489, 0.97331048158, 0.0078830509352],
      [0.47191647674, 0.3648398307, 0.16324369256],
      [0.24926989324, 0.4721019794, 0.27862812735]
    ],
    [
      [0.010575023666, 0.79710798341, 0.19231699293],
      [0.88980905338, 0.10993508011, 0.0002558665045],
      [0.66193496262, 0.2098907913, 0.12817424608],
      [0.032381416362, 0.96751624052, 0.00010234312198],
      [0.46540758009, 0.28332603289, 0.25126638702],
      [0.2432910683, 0.35207962214, 0.40462930956]
    ],
    [
      [0.010683122695, 0.85569825455, 0.13361862275],
      [0.88148175057, 0.11829968247, 0.00021856695273],
      [0.67644161106, 0.23133564975, 0.092222739181],
      [0.029319737536, 0.96880359241, 0.0018766700496],
      [0.49336929716, 0.32328063433, 0.1833500685],
      [0.27151241536, 0.42132359319, 0.30716399145]
    ],
    [
      [0.014264357175, 0.85751339572, 0.12822224711],
      [0.90983660644, 0.090001819568, 0.00016157398706],
      [0.7407520093, 0.18728583566, 0.071962155038],
      [0.038587994487, 0.95968262259, 0.0017293829189],
      [0.57092821655, 0.27722783076, 0.15184395269],
      [0.33678933881, 0.38869767284, 0.27451298835]
    ],
    [
      [0.011233516087, 0.8050584274, 0.18370805651],
      [0.89205977621, 0.10794022379, 0],
      [0.67278289546, 0.20744726806, 0.11976983648],
      [0.033808312816, 0.96556031011, 0.00063137707082],
      [0.48065356255, 0.28389809642, 0.23544834104],
      [0.25711128136, 0.35952850252, 0.38336021613]
    ],
    [
      [0.0079822399719, 0.79018183382, 0.20183592621],
      [0.85766224781, 0.14233775219, 0],
      [0.59474955042, 0.25025991348, 0.1549905361],
      [0.02294701142, 0.97705298858, 0],
      [0.38666763095, 0.31569233615, 0.2976400329],
      [0.18813668161, 0.36514639473, 0.44671692366]
    ]
  ],
  "expected_outcome": [
    [
      [0.39289481263, 0.21565770619, 0.71266469288, 0.082290682286, 0.27222837893, 0.26817633918, 0.20599658933, 0.23818076232, 0.054855391027, 0.20933821017, 0.22603909965, 0.24383807502, 0.077696519826, 0.34219839255, 0.53879517971, 0.38334865611, 0.22238053616, 0.0053385714937, 0.081087638408, 0.12780930133, 0.02662217911, 0, 0.1558964898, 0.023764597774, 0.21610086356, 0.19254173517, 0.22160487669, 0.092509143613, 0.073226025332, 0.031543615064, 0.086796028747, 0.068822308926, 0.16324018444, 0.28670015333, 0.049334818139, 0, 0.060719775524, 0.15360661179, 0.1318458704, 0.1096072932, 0.38331828867, 0.014162685172, 0.040148061089, 0.18958798399, 0.14005369163, 0.025759737505, 0.021997568232, 0.034523509567, 0.14520190687, 0.091886254402, 0.071183466347, 0.009306785811, 0.042610363708, 0.059784915092, 0.10887949019, 0.01680596849, 0.011615704403, 0, 0.15099750538, 0.0048923781344, 0.22393754591, 0, 0.022570831406, 0.043447094501, 0.034946552355, 0.039649306994, 0, 0.0096055019885, 0.40107109517, 0.13241056994, 0.066494180102, 0.0011425964883, 0.11754469489, 0.013367129084, 0.053096168541, 0, 0.16855409237, 0.24799283203, 0.10128140236, 0.59192728122, 0.11982318443, 0.079275155988, 0.094961612474, 0.091421217405, 0.28180161611, 0.25532371062, 0.052812279149, 0.028497515744, 0.30092541845, 0.15398137003, 0.13078628657, 0.061286874909, 0.3999419407, 0.014124412354, 0, 0.33026007241, 0.016626207738, 0.031725070999, 1.5383696681, 0.14264357175, 0.77511261, 0.14368031949],
