{
  "Z_true": {},
  "V_true": [
    [14, 24, 639, 69, 376, 29],
    [45, 121, 115, 966, 667, 88],
    [59, 207, 135, 4748, 548, 261],
    [493, 186, 573, 479, 18094, 483],
    [15, 848, 107, 407, 366, 85],
    [190, 44, 65, 179, 643, 95]
  ],
  "p_true": [
    [0.0122, 0.0209, 0.5552, 0.0599, 0.3267, 0.0252],
    [0.0225, 0.0604, 0.0574, 0.4825, 0.3332, 0.044],
    [0.0099, 0.0347, 0.0227, 0.7969, 0.092, 0.0438],
    [0.0243, 0.0092, 0.0282, 0.0236, 0.891, 0.0238],
    [0.0082, 0.4639, 0.0585, 0.2226, 0.2002, 0.0465],
    [0.1562, 0.0362, 0.0535, 0.1472, 0.5288, 0.0781]
  ],
  "Z_est": [
    [
      [0.2057, 0.1096, 1.2947, 0.4491, 0.7517, 1.0392, 0.3731, 0, 0, 0, 0.3161, 0.3502, 0.3277, 0.6169, 0.6945, 0.058, 0.7396, 0.2877, 0.1452, 0.191, 0.1463, 0.4121, 0.9811, 1.1145, 0.9661, 0.4969, 0.1741, 0.8369, 0, 0, 0.2149, 0, 2.1689, 0.1228, 0.8791, 0.0141],
      [0.3871, 0.1766, 3.4851, 2.8209, 1.7341, 2.289, 1.9581, 0.191, 0.1694, 0, 1.7017, 1.8818, 2.6743, 2.8205, 4.3739, 0.2342, 1.8629, 0.5288, 1.3138, 1.4394, 1.1838, 2.0425, 5.5368, 4.1056, 4.1333, 3.2674, 1.0082, 2.026, 0, 0, 0.7591, 0.122, 16.874, 0.8879, 3.4591, 0.0317],
      [6.3686, 2.1639, 27.8434, 14.589, 15.5515, 22.8814, 12.1267, 0.3482, 1.2328, 0, 8.7859, 13.5706, 9.4013, 20.3042, 23.2139, 0.7413, 14.7792, 1.8294, 6.1303, 7.9582, 5.4368, 10.706, 32.5109, 23.6609, 23.3231, 16.8319, 6.1574, 14.3111, 0, 0, 6.3956, 0.3757, 66.8763, 3.2179, 22.233, 0.3365],
      [1.8462, 0.2621, 8.7665, 3.6074, 3.1904, 6.5135, 3.7059, 0.3648, 0.7072, 0, 2.7047, 3.4693, 3.1867, 4.6597, 4.398, 0.1607, 3.4634, 1.2011, 2.8815, 1.7195, 2.0654, 3.4035, 6.4337, 9.6259, 9.007, 7.4062, 2.0968, 2.7605, 0, 0, 1.8107, 0.1381, 19.7903, 1.4087, 7.1658, 0.19],
      [5.1714, 3.0817, 19.1406, 14.2651, 15.3313, 11.3994, 12.9697, 0.7439, 1.9757, 0, 5.163, 13.7113, 7.6415, 14.8197, 19.063, 0.5471, 15.2784, 1.1532, 3.9158, 6.4506, 3.2705, 6.1896, 26.7914, 17.5702, 11.6843, 8.3474, 3.5075, 14.0196, 0, 0, 6.3528, 0.2535, 60.7122, 2.7513, 16.5432, 0.4276],
      [1.021, 0.206, 10.4697, 5.2685, 3.441, 4.8775, 2.8665, 0.352, 0.9149, 0, 3.3286, 3.0168, 3.7685, 4.7789, 5.2566, 0.2587, 2.8766, 0, 1.6134, 2.2414, 1.8973, 4.2463, 7.746, 8.9228, 7.8876, 6.6502, 2.0559, 4.0459, 0, 0, 1.4668, 0.1106, 25.5783, 1.6114, 5.7199, 0]
    ],
    [
      [0.3464, 0.084, 4.0818, 2.7501, 3.082, 2.4504, 1.6437, 0, 0, 0, 0.9255, 1.4117, 1.0814, 2.8212, 2.2654, 0.1811, 2.6124, 0.2998, 0.3592, 0.7246, 0.4664, 1.8556, 3.1359, 2.5397, 1.8434, 1.4937, 0.5886, 4.0177, 0, 0.1486, 0.7785, 0, 6.4887, 0.3586, 3.9786, 0.5325],
      [0.1682, 0.0614, 2.7313, 4.3316, 1.4816, 1.6562, 1.6466, 0.1308, 0.1815, 0.1295, 1.8592, 1.857, 3.5992, 3.2966, 4.4169, 0.296, 1.5231, 0.2886, 1.4299, 2.0281, 1.7345, 4.0114, 4.7908, 3.2078, 3.4618, 3.7866, 1.5429, 1.999, 0, 0.247, 0.5937, 0.4322, 14.7267, 1.0928, 4.0947, 0.1059],
      [0.5959, 0.1026, 4.6088, 4.5398, 3.9501, 4.2225, 2.0565, 0.0411, 0.3269, 0.23, 1.719, 3.1865, 1.4322, 4.9999, 4.8193, 0.2161, 3.2519, 0.3091, 1.0215, 1.6823, 1.0109, 2.7206, 5.1062, 3.3781, 3.7211, 3.1946, 1.2834, 3.6547, 0, 0.7579, 1.1277, 0.2456, 7.6899, 0.4375, 5.2951, 0.1488],
      [3.6454, 0.4192, 45.5065, 28.4928, 19.5106, 30.9676, 17.2391, 1.2326, 2.8163, 0.2152, 15.662, 20.2845, 21.4098, 37.1715, 24.0835, 1.3267, 15.2476, 2.059, 14.9177, 11.6617, 13.3536, 31.1142, 33.5104, 45.3066, 36.0931, 46.6224, 14.9287, 24.3165, 0, 2.5212, 10.6688, 2.3109, 82.5331, 9.0336, 63.1964, 15.4092],
      [4.9786, 1.2785, 43.2141, 50.3561, 38.1665, 27.4951, 28.7117, 1.4235, 4.9879, 1.4253, 15.5432, 36.3436, 25.711, 53.6499, 50.2837, 1.7806, 29.7294, 1.0435, 12.2276, 24.2793, 11.4892, 32.2565, 57.8189, 45.0356, 26.5881, 31.0048, 14.9102, 43.6033, 0, 6.3252, 16.1641, 2.8177, 117.0568, 8.9176, 72.8937, 18.8037],
      [0.2655, 0.0543, 5.8575, 4.5294, 1.8091, 2.2082, 1.7024, 0.1721, 0.6874, 0, 2.291, 1.9167, 2.7664, 3.0608, 3.1311, 0.1993, 1.6356, 0, 1.0441, 1.624, 1.9454, 5.0418, 3.6377, 4.5321, 4.2945, 4.898, 1.7462, 2.4087, 0, 0, 0.6671, 0.1937, 12.5049, 1.1599, 3.5416, 0]
    ],
    [
      [0.3157, 0.0907, 2.6036, 0.8179, 2.0594, 3.2942, 0.5975, 0, 0, 0, 1.1503, 0.5304, 1.6986, 2.0572, 1.5063, 0.2915, 0.8833, 0.0697, 1.2209, 0.9954, 3.0393, 3.299, 2.6705, 4.3974, 4.7453, 3.942, 1.5284, 2.4728, 0.1328, 0.0193, 0.6159, 0, 5.6488, 0.614, 4.2584, 0.3728],
      [1.0621, 0.3513, 11.1654, 10.9483, 8.566, 9.7433, 6.9014, 0.5335, 0.2416, 0.2352, 8.6374, 5.5098, 19.2569, 13.9053, 15.4235, 1.9336, 4.797, 0.3464, 9.8908, 10.2741, 17.9158, 17.2759, 24.1944, 20.8645, 22.8759, 26.3384, 8.632, 9.9273, 0, 0.3636, 3.4392, 0.5187, 64.3182, 6.0407, 23.6992, 1.0927],
      [1.4371, 0.2903, 6.4466, 2.4564, 3.7133, 9.094, 1.8609, 0.0369, 0.0935, 0.1586, 3.4085, 2.3724, 3.6961, 7.0398, 6.0376, 0.2381, 1.9745, 0.1147, 4.241, 3.8345, 8.6796, 7.3077, 9.1872, 8.8159, 11.9455, 11.9655, 5.0549, 3.3972, 0, 0.1707, 1.6889, 0.0771, 17.7182, 1.1495, 9.0421, 0.1598],
      [30.155, 4.9316, 208.9457, 100.1888, 129.836, 208.0638, 81.5918, 3.8134, 3.8577, 0.6035, 101.4082, 69.549, 172.9934, 194.027, 141.7181, 13.4718, 60.4615, 2.4691, 128.593, 102.4708, 199.406, 227.3842, 272.144, 339.5462, 304.6037, 378.5587, 135.7719, 137.3465, 0, 3.4359, 62.6577, 3.1329, 630.5493, 67.2091, 347.9395, 40.0013],
      [0.2133, 0.0417, 0.6833, 0.447, 1.3803, 0.8819, 0.3328, 0.0191, 0.0098, 0.0027, 0.5455, 0.385, 1.7238, 1.7302, 1.0331, 0.0499, 0.2047, 7.6138e-06, 1.3068, 2.1175, 3.5538, 1.6409, 2.3777, 3.1777, 1.8161, 2.1437, 1.5688, 1.263, 0.8672, 0.0105, 0.7579, 0.0025, 4.8546, 0.6397, 4.0784, 0.3734],
      [1.8168, 0.2945, 23.1555, 12.1415, 9.4451, 12.9228, 5.7156, 0.5971, 0.7976, 0, 10.8502, 5.6534, 14.6311, 14.2405, 12.2814, 1.0152, 4.679, 0, 5.7476, 9.3078, 14.4054, 23.0924, 20.4262, 28.1983, 26.0229, 32.0517, 10.4439, 11.5933, 0, 0, 3.8403, 0.2688, 64.9109, 6.347, 19.9823, 0]
    ],
    [
      [3.4044, 1.2195, 33.9334, 21.894, 33.1033, 27.0388, 17.7598, 0, 0, 0, 10.838, 9.2798, 14.0615, 20.2547, 15.4037, 4.8141, 21.9268, 2.082, 4.0792, 6.06, 7.1162, 18.7705, 31.589, 30.9298, 27.8528, 21.3716, 7.2093, 37.1787, 0.7129, 0.6197, 7.1182, 0, 51.5088, 5.443, 34.9187, 5.0871],
      [0.3514, 0.1362, 4.3845, 9.1732, 4.5505, 2.6857, 7.1167, 0.6299, 0.0942, 0.0392, 3.1912, 3.1116, 7.5331, 5.1775, 6.9346, 1.4084, 3.9295, 0.2484, 2.4765, 3.139, 4.6377, 4.6816, 12.3735, 5.4282, 5.6051, 7.7523, 2.0174, 5.2278, 0, 0.3165, 1.3696, 0.4408, 29.786, 2.2217, 6.3848, 0.2719],
      [9.5252, 1.9529, 51.2059, 41.0841, 38.6475, 46.0135, 36.2768, 0.5274, 1.318, 0.3229, 18.1328, 23.5753, 16.0562, 42.6666, 32.7244, 2.3294, 29.8083, 1.5921, 7.6664, 13.6283, 11.2178, 22.0584, 65.0157, 32.1707, 41.1396, 32.9902, 12.6009, 32.6644, 0, 2.7962, 12.1638, 1.1546, 83.5309, 5.2661, 45.3195, 1.2656],
      [1.4682, 0.0439, 10.8633, 8.3428, 9.1632, 8.6733, 11.5116, 0.703, 0.3102, 0, 3.874, 2.8619, 5.8527, 7.0312, 2.2469, 0.5102, 4.7455, 0.5559, 4.3132, 1.8164, 4.2808, 5.696, 8.7122, 13.2469, 12.9571, 19.2617, 4.1976, 7.2632, 0, 0.4354, 3.8795, 0.1913, 15.7607, 3.4972, 16.9018, 11.4201],
      [131.9017, 42.6017, 856.7317, 995.5379, 973.1539, 571.7942, 853.1164, 29.7881, 35.9358, 3.6379, 317.9979, 513.9573, 550.3392, 806.7913, 688.0411, 74.6969, 625.1272, 13.5215, 197.1114, 360.3566, 273.222, 536.0123, 1404.413, 850.3169, 626.1089, 674.4557, 278.8976, 923.8414, 17.2871, 40.8322, 314.741, 22.1663, 2448.9014, 198.4775, 1084.0633, 182.9554],
      [0.3491, 0.0457, 5.8812, 4.9679, 2.3817, 1.7946, 2.2187, 0.3516, 0.3418, 0, 1.966, 1.2141, 2.1573, 2.0789, 1.6493, 0.2411, 1.4626, 0, 0.3533, 0.9998, 1.5254, 2.7811, 3.8967, 3.9076, 3.3543, 5.1685, 1.0772, 2.8244, 0, 0, 0.7279, 0.0471, 11.5122, 1.0945, 2.4121, 0]
    ],
    [
      [0.005, 0.0089, 0.0365, 0.0054, 0.0158, 0.0492, 0.0081, 0, 0, 0, 0.0172, 0.0058, 0.0264, 0.0298, 0.0543, 0.0122, 0.0138, 0.001, 0.087, 0.202, 0.0196, 0.0993, 0.0899, 0.1023, 0.1605, 0.0357, 0.1295, 0.0369, 0, 0, 0.0038, 0, 0.2284, 0.0043, 0.0243, 0.0002],
      [1.9717, 1.2316, 18.9632, 20.0752, 14.8535, 15.642, 20.4877, 0.4372, 0.3134, 0.5128, 13.881, 14.1209, 33.5312, 24.8434, 40.7139, 4.7226, 13.3686, 0.5442, 14.5109, 18.5526, 22.6812, 32.3164, 60.5715, 28.7081, 26.5839, 36.6907, 14.1757, 18.8552, 0, 0, 5.5256, 1.4047, 143.1342, 8.2644, 24.8835, 1.4528],
      [0.6763, 0.2946, 2.8985, 1.5698, 1.6007, 3.5534, 1.784, 0.0108, 0.0288, 0.1447, 1.6573, 1.886, 2.2008, 3.6314, 5.1672, 0.2152, 1.577, 0.0597, 1.403, 1.9481, 2.5831, 3.7447, 7.4393, 2.9074, 3.0792, 3.7913, 1.7272, 1.8072, 0, 0, 0.7058, 0.0938, 13.8322, 0.4936, 2.2382, 0.0324],
      [3.8847, 1.0827, 22.8814, 12.9158, 11.4954, 20.2656, 15.3467, 0.2901, 0.3086, 0.1011, 11.6586, 12.6694, 23.9719, 23.6096, 26.3083, 2.1938, 9.8753, 0.3639, 10.2414, 9.9217, 17.0706, 30.7083, 48.7329, 23.562, 17.632, 33.8468, 12.0314, 14.9449, 0, 0, 6.0002, 0.9044, 112.1446, 6.7879, 18.5543, 2.1428],
      [1.2587, 1.0757, 5.951, 6.5916, 5.9964, 4.9621, 8.1181, 0.0774, 0.0908, 0.2413, 3.6917, 6.7562, 9.7141, 10.0294, 15.6579, 1.0399, 5.4248, 0.0312, 3.3549, 7.1402, 10.838, 10.7562, 25.4989, 7.681, 4.723, 7.7258, 4.351, 7.6053, 0, 0, 2.556, 0.3193, 52.1115, 2.1416, 6.0426, 0.3718],
      [1.2036, 0.3065, 12.2694, 7.8423, 5.0382, 7.5277, 5.2554, 0.1845, 0.2583, 0, 6.0943, 4.5617, 9.5557, 8.8564, 10.0984, 0.8163, 3.7404, 0, 3.4027, 5.2354, 7.8076, 14.375, 16.6675, 13.0392, 10.8231, 15.9097, 5.5852, 6.7504, 0, 0, 2.2086, 0.2778, 49.549, 3.3081, 8.2572, 0]
    ],
    [
      [0.7227, 0.4873, 9.05, 6.0834, 8.9878, 9.1283, 4.6179, 0, 0, 0, 2.7528, 2.4221, 3.8045, 5.2201, 4.0757, 1.6432, 4.824, 0.2598, 1.1085, 1.8271, 2.2121, 6.5635, 10.5336, 8.9163, 6.432, 6.66, 2.3702, 9.457, 0.1542, 0.2123, 2.2687, 0, 15.9563, 1.4574, 8.941, 0.9933],
      [0.0595, 0.0429, 1.2704, 1.6507, 0.8143, 0.9837, 0.8894, 0.0777, 0, 0.0833, 0.7296, 0.5188, 1.4054, 0.9567, 1.1371, 0.4053, 0.5189, 0.0436, 0.3781, 0.5669, 0.8469, 1.6722, 2.5331, 1.6857, 1.3401, 2.1646, 0.6237, 0.9646, 0, 0.0729, 0.3127, 0.0816, 6.1609, 0.4924, 1.4788, 0.045],
      [0.3969, 0.1956, 3.9968, 2.7609, 2.5369, 4.2352, 1.8951, 0.0356, 0, 0.1437, 1.2965, 1.4093, 1.2134, 2.3581, 2.0375, 0.2599, 1.6091, 0.095, 0.5378, 0.9486, 1.0719, 2.4626, 4.7406, 3.067, 2.7915, 3.2265, 1.1762, 2.1653, 0, 0.2751, 0.9181, 0.0532, 7.3525, 0.4355, 2.8722, 0.0569],
      [1.0005, 0.2604, 18.0367, 11.4524, 8.8045, 15.5162, 8.605, 0.5962, 0, 0.0801, 5.6925, 5.166, 8.5854, 8.501, 5.2452, 1.3367, 4.2067, 0.351, 4.0532, 3.41, 7.8235, 14.6938, 15.4668, 19.7125, 13.7071, 24.3042, 6.9734, 8.3685, 0, 0.6075, 4.9831, 0.3224, 35.222, 4.0635, 17.2422, 2.8367],
      [2.4764, 1.9207, 28.2794, 35.8023, 32.9717, 21.4673, 25.7513, 0.9479, 0, 0.6929, 9.0587, 14.8466, 15.8703, 19.9796, 17.9211, 3.8855, 17.2355, 0.2507, 4.0835, 10.6559, 9.6266, 22.1445, 49.1, 28.2186, 14.0796, 22.3227, 9.7649, 29.6673, 0.8458, 1.8321, 11.4281, 0.4408, 82.3636, 6.0722, 28.3787, 4.0681],
      [0.344, 0.093, 7.3667, 5.2503, 2.8849, 3.6692, 2.2413, 0.3426, 0, 0, 2.4699, 1.6373, 3.1209, 2.9844, 2.5832, 0.4693, 1.6059, 0, 0.8389, 1.5916, 2.4189, 5.4635, 5.6259, 6.3999, 4.6177, 7.322, 2.0916, 3.3773, 0, 0, 1.0893, 0.102, 16.9447, 1.4791, 4.087, 0]
    ]
  ],
  "V_est": [
    [16.4777, 77.4799, 442.193, 130.1113, 350.2437, 134.4957],
    [55.3476, 78.9411, 83.0839, 744.788, 958.3146, 81.5267],
    [57.9393, 387.2195, 154.9045, 4908.8359, 42.2342, 406.876],
    [534.5793, 154.8262, 816.4084, 212.589, 18518.8317, 70.7836],
    [1.513, 698.5257, 76.783, 564.4489, 239.9253, 246.8057],
    [150.1431, 33.0075, 60.6272, 287.2269, 584.4505, 100.5122]
  ],
  "p_est": [
    [0.0143, 0.0673, 0.3842, 0.113, 0.3043, 0.1169],
    [0.0276, 0.0394, 0.0415, 0.372, 0.4787, 0.0407],
    [0.0097, 0.065, 0.026, 0.8239, 0.0071, 0.0683],
    [0.0263, 0.0076, 0.0402, 0.0105, 0.9119, 0.0035],
    [0.0008, 0.3821, 0.042, 0.3088, 0.1313, 0.135],
    [0.1235, 0.0271, 0.0499, 0.2362, 0.4806, 0.0827]
  ],
  "EI_Z": {},
  "EI_V": 6.6965,
  "MAE_Z": {},
  "MAE_V": 120.7709,
  "MAE_p": 0.0407,
  "runtime": 250.346
}
