{
  "X": [
    [16, 25, 31, 119, 346, 23],
    [2, 0, 1, 0, 8, 1],
    [14, 23, 31, 82, 216, 15],
    [25, 15, 14, 86, 164, 14],
    [27, 24, 32, 131, 195, 17],
    [6, 12, 38, 129, 134, 9],
    [13, 90, 95, 280, 520, 52],
    [13, 9, 19, 111, 49, 17],
    [30, 19, 23, 236, 156, 22],
    [1, 15, 31, 84, 143, 10],
    [29, 69, 120, 330, 473, 50],
    [23, 37, 55, 321, 258, 37],
    [14, 38, 51, 286, 229, 28],
    [26, 18, 53, 296, 112, 26],
    [24, 59, 73, 289, 299, 38],
    [29, 40, 36, 294, 310, 35],
    [23, 45, 33, 214, 313, 22],
    [7, 28, 53, 155, 183, 32],
    [20, 66, 53, 264, 353, 33],
    [7, 4, 8, 70, 8, 10],
    [4, 19, 29, 163, 76, 13],
    [4, 0, 4, 14, 13, 1],
    [7, 4, 10, 28, 40, 1],
    [11, 7, 19, 43, 81, 6],
    [6, 26, 27, 99, 302, 16],
    [9, 25, 21, 53, 260, 18],
    [6, 4, 8, 16, 35, 8],
    [8, 14, 18, 56, 121, 6],
    [35, 19, 39, 94, 184, 24],
    [6, 15, 14, 19, 132, 10],
    [2, 3, 6, 17, 34, 3],
    [12, 15, 57, 133, 326, 15],
    [31, 18, 57, 178, 465, 26],
    [1, 0, 5, 11, 7, 0],
    [0, 1, 10, 13, 10, 6],
    [35, 12, 41, 150, 156, 29],
    [62, 20, 62, 259, 401, 44],
    [12, 14, 23, 41, 215, 12],
    [13, 12, 14, 69, 158, 9],
    [7, 13, 17, 50, 146, 10],
    [7, 0, 4, 4, 32, 1],
    [0, 5, 4, 11, 55, 1],
    [0, 0, 1, 6, 0, 0],
    [6, 3, 11, 23, 16, 6],
    [8, 9, 9, 54, 86, 12],
    [4, 0, 6, 19, 4, 5],
    [4, 1, 4, 22, 19, 6],
    [9, 17, 11, 65, 105, 11],
    [3, 0, 4, 16, 7, 0],
    [8, 3, 12, 46, 78, 9],
    [5, 3, 5, 21, 121, 5],
    [3, 0, 3, 13, 5, 4],
    [0, 2, 2, 7, 25, 1],
    [3, 1, 8, 37, 25, 9],
    [22, 3, 18, 73, 80, 10],
    [6, 3, 4, 10, 5, 1],
    [0, 1, 6, 12, 50, 5],
    [6, 6, 9, 15, 54, 6],
    [1, 3, 4, 17, 22, 11],
    [4, 23, 94, 150, 306, 35],
    [47, 30, 66, 270, 323, 40],
    [52, 43, 97, 398, 751, 54],
    [61, 31, 56, 324, 497, 52],
    [29, 10, 43, 218, 213, 28],
    [1, 0, 1, 2, 2, 5],
    [23, 25, 57, 234, 318, 42],
    [2, 3, 2, 13, 35, 3],
    [1, 3, 3, 17, 11, 2],
    [5, 12, 7, 42, 107, 10],
    [176, 174, 304, 1203, 2135, 183],
    [3, 1, 0, 12, 22, 0],
    [12, 11, 38, 97, 204, 19],
    [51, 45, 210, 457, 578, 76],
    [2, 4, 18, 38, 81, 4]
  ],
  "W": [
    [17, 60, 72, 341, 42, 28],
    [0, 1, 1, 7, 2, 1],
    [9, 28, 64, 238, 29, 13],
    [14, 16, 70, 159, 42, 17],
    [26, 33, 111, 191, 44, 21],
    [6, 39, 100, 148, 22, 13],
    [20, 127, 202, 635, 38, 28],
    [6, 22, 92, 55, 36, 7],
    [6, 41, 185, 172, 61, 21],
    [8, 28, 70, 153, 13, 12],
    [23, 153, 252, 536, 71, 36],
    [14, 83, 238, 306, 64, 26],
    [27, 81, 219, 249, 43, 27],
    [9, 62, 260, 124, 47, 29],
    [25, 85, 228, 356, 60, 28],
    [15, 46, 220, 345, 83, 35],
    [25, 41, 171, 330, 49, 34],
    [12, 52, 120, 226, 23, 25],
    [29, 59, 217, 405, 51, 28],
    [1, 10, 59, 13, 14, 10],
    [12, 44, 122, 88, 29, 9],
    [0, 7, 5, 13, 7, 4],
    [6, 7, 18, 37, 17, 5],
    [5, 47, 14, 70, 22, 9],
    [13, 31, 67, 315, 28, 22],
    [9, 31, 42, 274, 17, 13],
    [7, 14, 9, 39, 5, 3],
    [10, 12, 50, 133, 9, 9],
    [20, 38, 72, 191, 64, 10],
    [5, 12, 14, 149, 10, 6],
    [5, 5, 15, 32, 2, 6],
    [10, 74, 82, 334, 32, 26],
    [24, 93, 118, 443, 60, 37],
    [0, 8, 8, 5, 3, 0],
    [0, 9, 9, 14, 2, 6],
    [16, 50, 120, 157, 50, 30],
    [30, 84, 204, 368, 106, 56],
    [8, 24, 27, 231, 19, 8],
    [11, 19, 46, 160, 32, 7],
    [12, 15, 37, 157, 11, 11],
    [1, 7, 2, 26, 9, 3],
    [1, 2, 7, 62, 1, 3],
    [0, 1, 3, 0, 1, 2],
    [2, 10, 20, 15, 8, 10],
    [8, 11, 43, 85, 19, 12],
    [1, 4, 15, 5, 8, 5],
    [1, 10, 13, 16, 10, 6],
    [10, 18, 47, 113, 18, 12],
    [0, 4, 13, 8, 4, 1],
    [6, 11, 31, 78, 14, 16],
    [5, 5, 15, 125, 5, 5],
    [0, 1, 9, 7, 8, 3],
    [1, 7, 3, 25, 1, 0],
    [2, 9, 26, 25, 12, 9],
    [4, 17, 53, 85, 35, 12],
    [0, 4, 7, 6, 10, 2],
    [2, 7, 5, 56, 1, 3],
    [9, 8, 6, 55, 10, 8],
    [3, 7, 12, 21, 2, 13],
    [9, 129, 77, 353, 14, 30],
    [31, 80, 214, 322, 73, 56],
    [47, 141, 280, 744, 126, 57],
    [39, 79, 237, 490, 120, 56],
    [20, 50, 151, 214, 84, 22],
    [0, 2, 3, 1, 1, 4],
    [24, 65, 166, 350, 65, 29],
    [2, 4, 7, 37, 5, 3],
    [3, 1, 18, 12, 2, 1],
    [16, 7, 31, 105, 12, 12],
    [112, 403, 944, 2146, 354, 216],
    [1, 2, 11, 18, 5, 1],
    [12, 47, 82, 198, 19, 23],
    [21, 229, 358, 644, 85, 80],
    [2, 34, 19, 85, 5, 2]
  ],
  "method": "mvn_pdf",
  "cond_prob": [
    [
      [0.026292170904, 0.12603860007, 0.0026096775982, 0.035357752353, 0.78477403026, 0.024927768818],
      [4.0389763635e-05, 0.002367412524, 0.39428726849, 0.35269417294, 0.20624447242, 0.044366283865],
      [0.0015518602507, 0.02088746963, 0.015489826501, 0.94332776506, 0.0051630337871, 0.01358004477],
      [4.6588914251e-06, 0.060952050044, 0.018816783997, 0.022151855022, 0.87997773105, 0.018096920992],
      [0.33684841664, 0.0057340494497, 0.0038739876338, 0.41672549648, 0.17639312462, 0.060424925184],
      [0.044429379917, 0.00076251968358, 0.067267000266, 0.12960835677, 0.39761444487, 0.36031829849]
    ],
    [
      [0.03240220635, 0.015751653436, 0.0014019740124, 0.0032846562035, 0.93166992362, 0.015489586375],
      [4.4253384132e-05, 0.00035949038576, 0.74415060088, 0.027458740281, 0.19829990147, 0.029687013596],
      [0.012603280383, 0.011563868284, 0.040317399463, 0.87896116437, 0.017438305275, 0.039115982228],
      [4.957215861e-06, 0.008142262682, 0.0088668210542, 0.0018333109244, 0.9712130233, 0.0099396248185],
      [0.94947454542, 0.00015474112246, 0.00041669056621, 0.0097987674369, 0.030465595523, 0.0096896599313],
      [0.067026938497, 0.00011754862717, 0.036348730054, 0.012442600518, 0.39405714612, 0.49000703618]
    ],
    [
      [0.039130827605, 0.16406662171, 0.0057578584517, 0.034808676457, 0.72537576294, 0.03086025284],
      [4.0484704746e-05, 0.0020693530321, 0.59780410019, 0.23470577843, 0.12832764805, 0.037052635596],
      [0.0022630260717, 0.026404144149, 0.033412714076, 0.91687332881, 0.0046401747625, 0.016406612129],
      [7.0619457318e-06, 0.080938444811, 0.042488054732, 0.022271749324, 0.83141128307, 0.022883406122],
      [0.43589341808, 0.006282273397, 0.0072339625428, 0.34961772377, 0.13752484331, 0.063447778902],
      [0.057064299398, 0.00085022590255, 0.1283018074, 0.11004700571, 0.31569004461, 0.38804661698]
    ],
    [
      [0.053787036964, 0.13530004326, 0.0031481168106, 0.030469152794, 0.75082680444, 0.026468845726],
      [7.958837673e-05, 0.0024341254859, 0.46854049308, 0.29412780484, 0.18933099747, 0.045486990752],
      [0.0035932691897, 0.025090970416, 0.021074852165, 0.92844630835, 0.0055231606988, 0.016271439179],
      [9.8022846837e-06, 0.067403544172, 0.023445617498, 0.019678080954, 0.86964305315, 0.019819901942],
      [0.537473276, 0.0046750233733, 0.0035732509225, 0.27671274905, 0.12832582857, 0.049239872088],
      [0.086707994459, 0.00077357612999, 0.077449158145, 0.10652344201, 0.36050219826, 0.368043631]
    ],
    [
      [0.05711649777, 0.16648778704, 0.0049270061044, 0.034619258935, 0.71002529722, 0.026824152936],
      [6.5367278407e-05, 0.0023255638681, 0.56473348791, 0.25813017522, 0.1390575922, 0.035687813526],
      [0.003344774293, 0.027295227771, 0.029102098097, 0.92110788878, 0.0046226544194, 0.01452735664],
      [1.0581615119e-05, 0.084280265787, 0.037292486059, 0.022728562098, 0.83527501939, 0.020413085046],
      [0.53320106139, 0.0054334105912, 0.0052722357255, 0.29450559926, 0.11466629052, 0.046921402518],
      [0.087765387309, 0.00091074555276, 0.11583719988, 0.11544423364, 0.32615552202, 0.3538869116]
    ],
    [
      [0.027521729262, 0.13735930654, 0.0093457034552, 0.069922707855, 0.72920079652, 0.026649756364],
      [1.7752963547e-05, 0.0010730751886, 0.6048105584, 0.29443584886, 0.079767806055, 0.01989495853],
      [0.00082079190927, 0.01136258879, 0.028057194918, 0.95005578953, 0.0023921584135, 0.0073114764407],
      [4.7957029859e-06, 0.065260515615, 0.066539476965, 0.043142475766, 0.80599637956, 0.019056356396],
      [0.24844230574, 0.0043128470717, 0.0096859754759, 0.57939128147, 0.11312912293, 0.045038467314],
      [0.035763356861, 0.00063229010958, 0.1862377425, 0.19754662988, 0.28179017854, 0.2980298021]
    ],
    [
      [0.029788392493, 0.26080716452, 0.0049388472611, 0.052996697286, 0.60457602225, 0.046892876199],
      [3.0086409772e-05, 0.0032349274334, 0.48967856035, 0.34706312119, 0.10502754565, 0.054965758957],
      [0.0011624020086, 0.028801962881, 0.01946074849, 0.93095345949, 0.0026548727516, 0.016966554384],
      [5.8174091843e-06, 0.13908422978, 0.039279778386, 0.036621168422, 0.74746712085, 0.037541885149],
      [0.29886176915, 0.0093621923608, 0.0057708191395, 0.48927023782, 0.10734073438, 0.089394247155],
      [0.037031655654, 0.0011647065408, 0.093828814045, 0.14302959368, 0.22624173258, 0.4987034975]
    ],
    [
      [0.043189320492, 0.19498229352, 0.0075179606718, 0.06090471001, 0.58921992484, 0.10418579046],
      [3.1007832439e-05, 0.0016620944674, 0.55393181285, 0.2863967928, 0.07105622558, 0.086922066472],
      [0.0014294081755, 0.01758021323, 0.025107739257, 0.92209157918, 0.0021182560642, 0.031672804089],
      [8.2502187119e-06, 0.10093487306, 0.058882107388, 0.041221719675, 0.71728832431, 0.08166472535],
      [0.33103954639, 0.0051015744952, 0.0066279916213, 0.42958614278, 0.076888846355, 0.15075589835],
      [0.030660162865, 0.0004787486861, 0.081922602886, 0.09403491212, 0.12272790256, 0.67017567088]
    ],
    [
      [0.069936177871, 0.16398756741, 0.0037130947567, 0.072725292865, 0.64910909047, 0.04052877663],
      [6.9878291404e-05, 0.0019962465633, 0.36706229407, 0.47314137738, 0.11071343211, 0.047016771592],
      [0.002041044157, 0.013414082325, 0.01093097507, 0.96055817353, 0.0021077748459, 0.010947950072],
      [1.3584366613e-05, 0.087016884345, 0.029446992361, 0.050037205809, 0.80115745281, 0.032327880305],
      [0.44541678889, 0.0036947848934, 0.0027455766119, 0.42688153933, 0.072324101841, 0.048937208428],
      [0.084470294755, 0.00070463311854, 0.068478691377, 0.19073071372, 0.2341853575, 0.42143030953]
    ],
    [
      [0.010134137876, 0.15984172906, 0.007673077375, 0.03950813882, 0.75671339121, 0.026129525656],
      [8.5528441366e-06, 0.0016149056274, 0.64964533788, 0.2160949975, 0.10731948468, 0.025316721475],
      [0.00051958229654, 0.022401133417, 0.03919829559, 0.92148682852, 0.004211204514, 0.012182955664],
      [1.7658920209e-06, 0.075121927818, 0.054143635278, 0.024176765604, 0.82803870541, 0.018517200001],
      [0.15286285075, 0.0084138279246, 0.013375350306, 0.55366129656, 0.19727672955, 0.074409944915],
      [0.015211515715, 0.00084795848027, 0.1768683797, 0.128974431, 0.33782109716, 0.34027661794]
    ],
    [
      [0.03643495142, 0.21494838834, 0.0057950517884, 0.045725450658, 0.65749716048, 0.039598997311],
      [3.5484148091e-05, 0.0025707247531, 0.55411724681, 0.28842352617, 0.11009275203, 0.044760266096],
      [0.0016396033283, 0.027380169782, 0.026334126108, 0.92478522616, 0.0033284552267, 0.016532419394],
      [6.865806965e-06, 0.11055011828, 0.044447958033, 0.030472237214, 0.78394845692, 0.030574363743],
      [0.36629407697, 0.0077834903865, 0.0068289577816, 0.42523875948, 0.11771064727, 0.076144068121],
      [0.047869938044, 0.0010147685597, 0.11640373373, 0.13042848044, 0.26003068917, 0.44425239006]
    ],
    [
      [0.047935433628, 0.1925127016, 0.0054836881737, 0.086837899161, 0.61437990865, 0.052850368783],
      [3.7665152918e-05, 0.0018510622071, 0.42414828855, 0.44302760195, 0.08275066025, 0.048184721895],
      [0.0011735861436, 0.013287764678, 0.013554221924, 0.95830906927, 0.0016855701287, 0.011989787854],
      [9.2762407023e-06, 0.10172220363, 0.043257391613, 0.059472111001, 0.75359462943, 0.041944388087],
      [0.317873096, 0.0045799233361, 0.0042614783514, 0.53399375041, 0.072287727456, 0.067004024445],
      [0.049975863252, 0.00071836611634, 0.087409043728, 0.19667781396, 0.19224588764, 0.47297302531]
    ],
    [
      [0.033343851527, 0.22242774861, 0.0048421201875, 0.072535805155, 0.62961058805, 0.037239886472],
      [3.0246574774e-05, 0.0024636567515, 0.4329025153, 0.42762039899, 0.097783956381, 0.039199226004],
      [0.00097162379439, 0.018237003044, 0.014255331169, 0.95442669734, 0.0020528296707, 0.010056514978],
      [6.4099109368e-06, 0.11660040745, 0.037924744281, 0.049330821052, 0.76678729721, 0.029350320092],
      [0.27753999887, 0.0066159272149, 0.0047155769725, 0.55928141161, 0.092701117633, 0.059145967694],
      [0.043076489908, 0.0010264216245, 0.095671386934, 0.20359823677, 0.24396268582, 0.41266477895]
    ],
    [
      [0.077239821865, 0.18262332417, 0.0080945602582, 0.071303715839, 0.6140721847, 0.046666393167],
      [5.3920853762e-05, 0.0015556747542, 0.56277680932, 0.32437897838, 0.073317302244, 0.037917314446],
      [0.0022581154295, 0.015020909915, 0.023985347183, 0.94405918115, 0.0020038795415, 0.012672566782],
      [1.4910641756e-05, 0.096265713242, 0.063894015791, 0.048812119698, 0.75398380472, 0.037029435909],
      [0.47201041621, 0.0039308726676, 0.0057240775365, 0.39909198284, 0.065382389195, 0.053860261544],
      [0.082027411153, 0.00068953121813, 0.13167133548, 0.16449544451, 0.19482202587, 0.42629425178]
    ],
    [
      [0.039757284016, 0.27209525544, 0.0062343507974, 0.05749966995, 0.58155867938, 0.04285476042],
      [3.4850128142e-05, 0.0029182613889, 0.53893238078, 0.32702159165, 0.087494278175, 0.043598637869],
      [0.0014296951173, 0.027580628131, 0.022635245309, 0.9317250655, 0.0023459331938, 0.01428343275],
      [7.8587281822e-06, 0.14672084765, 0.050215357791, 0.040213594888, 0.72811287607, 0.034729464879],
      [0.35143296793, 0.0086090821761, 0.0064443155097, 0.47008924532, 0.09113112187, 0.072293267193],
      [0.049513407499, 0.0012125405754, 0.11876536751, 0.15552100859, 0.21758604953, 0.4574016263]
    ],
    [
      [0.038158872463, 0.18632688759, 0.004166571682, 0.065834427688, 0.66831576132, 0.037197479254],
      [3.8278326837e-05, 0.0022867496389, 0.41135508381, 0.42821830188, 0.11484849886, 0.043253087479],
      [0.0012289109708, 0.016900440728, 0.013509773634, 0.95486549076, 0.0024081680567, 0.011087215851],
      [7.2082354723e-06, 0.096023613055, 0.032046688644, 0.043966595459, 0.79916564496, 0.028790249644],
      [0.31910725317, 0.0056094381157, 0.0040909432791, 0.51209444501, 0.099468126129, 0.059629794299],
      [0.049918940201, 0.00087319488915, 0.083304287141, 0.1870555024, 0.26253972343, 0.41630835193]
    ],
    [
      [0.037995397782, 0.21150341057, 0.0035061582033, 0.044527511698, 0.67983185936, 0.022635662394],
      [4.8663497988e-05, 0.0033128910495, 0.44331038287, 0.37045848081, 0.14923476778, 0.033634813983],
      [0.0017760753455, 0.027810716147, 0.016509765617, 0.9405569116, 0.0035526902336, 0.0097938410525],
      [7.1996502968e-06, 0.10938066651, 0.027070048456, 0.029852741139, 0.81609917655, 0.017590167689],
      [0.39408711114, 0.0077993766488, 0.004222106231, 0.42534600079, 0.12403631041, 0.044509094783],
      [0.06483708754, 0.0012902280002, 0.091379412426, 0.16489930204, 0.34798250201, 0.32961146798]
    ],
    [
      [0.03248069983, 0.20370965162, 0.0096678140977, 0.071985675293, 0.61325847782, 0.068897681338],
      [2.0054118355e-05, 0.0015322250582, 0.59463999903, 0.28966323794, 0.064770460077, 0.049374023777],
      [0.00092835317922, 0.016303924623, 0.027913095564, 0.934701829, 0.0019542440045, 0.018198553629],
      [6.0366674053e-06, 0.10333141656, 0.073413182265, 0.047405679961, 0.72327801575, 0.052565668804],
      [0.2616434401, 0.0057697923752, 0.0089987398863, 0.53282080618, 0.086099330276, 0.10466789119],
      [0.029038110823, 0.0006485924672, 0.13251734611, 0.13998129714, 0.16415029373, 0.53366435973]
    ],
    [
      [0.032017708098, 0.27061725285, 0.0046068957051, 0.046457639089, 0.61327974851, 0.033020755743],
      [3.5475972255e-05, 0.003670193096, 0.50330543174, 0.33393778453, 0.11660763717, 0.042443477492],
      [0.0014179601153, 0.033772749388, 0.02057026012, 0.92765313587, 0.0030438572189, 0.01354203729],
      [6.2681101521e-06, 0.14451203023, 0.036732298534, 0.032167893621, 0.7600862926, 0.026495216903],
      [0.3422350575, 0.010337037264, 0.0057423942718, 0.45853521703, 0.11595318096, 0.067197112971],
      [0.047709821033, 0.0014437015111, 0.10493024758, 0.15028552532, 0.27454371666, 0.4210869879]
    ],
    [
      [0.077500379799, 0.35036397041, 0.0071953044557, 0.10333340798, 0.37685690965, 0.084750027702],
      [4.7264896961e-05, 0.0023165661632, 0.47546306874, 0.42353349964, 0.037961673572, 0.060677926988],
      [0.0015100463826, 0.017152075686, 0.01436197362, 0.95099221306, 0.00078330635919, 0.015200384897],
      [1.7537765358e-05, 0.20770447777, 0.068109604811, 0.083553453642, 0.56066449164, 0.079950434369],
      [0.40433983339, 0.0053428856253, 0.0041003053113, 0.47658848238, 0.030780736605, 0.078847756683],
      [0.059012758177, 0.00082501081727, 0.084922937084, 0.17120511742, 0.081894616345, 0.60213956016]
    ],
    [
      [0.020485348415, 0.31051166344, 0.0063039175346, 0.088627087337, 0.53208136847, 0.041990614804],
      [1.5178629989e-05, 0.002737855093, 0.46611812365, 0.42860486224, 0.06651784619, 0.036006134198],
      [0.00048503465704, 0.020137991403, 0.015049065391, 0.95379050025, 0.0013836741561, 0.0091537341418],
      [4.1346582576e-06, 0.16938296702, 0.051880607853, 0.063207104795, 0.68081504585, 0.034710139817],
      [0.16706476581, 0.0088578938978, 0.0060332612143, 0.67659301417, 0.075905864528, 0.065545200378],
      [0.024466327077, 0.0012937931717, 0.11553452852, 0.23048292329, 0.18859574913, 0.43962667881]
    ],
    [
      [0.098525126757, 0.036621371261, 0.005209388733, 0.11820548417, 0.72272635698, 0.01871227209],
      [6.291976438e-05, 0.000279644808, 0.37505715473, 0.54043556786, 0.070384277281, 0.013780435552],
      [0.001588146634, 0.0014997814444, 0.0083996936622, 0.98476308045, 0.0010909994912, 0.0026582983169],
      [1.7223315047e-05, 0.018910776908, 0.039154412923, 0.075385166058, 0.85255933023, 0.013973090568],
      [0.47551563072, 0.00047642120329, 0.0023314168961, 0.4658678596, 0.042390574617, 0.013418096968],
      [0.12433258538, 0.00015855886644, 0.10045885788, 0.32738402025, 0.24206060255, 0.20560537509]
    ],
    [
      [0.032996417465, 0.13859131815, 0.01109068372, 0.044801620813, 0.75964349619, 0.012876463666],
      [1.9179833336e-05, 0.00093117621552, 0.74542130578, 0.17258272224, 0.07239429618, 0.0086513197475],
      [0.0014414898303, 0.015536431661, 0.047934163922, 0.92663452917, 0.0033962266399, 0.0050571587775],
      [5.6029937666e-06, 0.06356252454, 0.078033105644, 0.026989263052, 0.82240267503, 0.0090068287432],
      [0.36955417942, 0.0048573125315, 0.013461054398, 0.45348638387, 0.13300675031, 0.025634319472],
      [0.051899970788, 0.00073483886071, 0.27532606, 0.15387494396, 0.34413631331, 0.17402787308]
    ],
    [
      [0.040253530436, 0.14973594704, 0.0023130884335, 0.036304916933, 0.75347980437, 0.01791271279],
      [6.5038800771e-05, 0.0028639339398, 0.37282814034, 0.38597612691, 0.2046558335, 0.033610926509],
      [0.0022826017437, 0.022927783251, 0.013227801506, 0.9476035961, 0.0046294088217, 0.0093288085727],
      [7.3091825013e-06, 0.073948555882, 0.01717772883, 0.023402950627, 0.87207368961, 0.013389765869],
      [0.45284849854, 0.0055184207924, 0.0028846387273, 0.36315782961, 0.13910695695, 0.036483655384],
      [0.0757779093, 0.0009737433624, 0.066154419272, 0.14794703561, 0.41723208352, 0.29191480894]
    ],
    [
      [0.015466061311, 0.14465831109, 0.0037796022927, 0.038394113486, 0.7750042799, 0.022697631919],
      [1.9766769904e-05, 0.0022499580654, 0.47711715944, 0.31833161475, 0.16878085508, 0.033500645892],
      [0.00083693834062, 0.021817291393, 0.0204506825, 0.94097863711, 0.004642066579, 0.01127438408],
      [2.7284949595e-06, 0.069440940609, 0.027091194543, 0.023900932536, 0.86319276975, 0.01637143407],
      [0.22162830398, 0.0073429908144, 0.0062705777328, 0.50873787618, 0.19448716402, 0.061533087273],
      [0.026510167064, 0.00088545462642, 0.098923523557, 0.14282149504, 0.39767229292, 0.33318706679]
    ],
    [
      [0.030816698721, 0.157224794, 0.0027101597409, 0.021668587435, 0.75426740944, 0.033312350663],
      [5.3028562368e-05, 0.0033026916078, 0.46452357202, 0.24335446529, 0.22217553288, 0.066590709641],
      [0.0027936412004, 0.039713696842, 0.024657821415, 0.89751977901, 0.0075713173606, 0.02774374417],
      [5.5562284054e-06, 0.077553745894, 0.019961826765, 0.013860468263, 0.86393168164, 0.024686721208],
      [0.44692326746, 0.0076017036366, 0.0042930476322, 0.27418554716, 0.18053753026, 0.086458903846],
      [0.048728009244, 0.00088316397901, 0.065135361192, 0.074035731349, 0.35564294204, 0.45557479219]
    ],
    [
      [0.27429385269, 0.096025733278, 0.0035069089428, 0.044765067883, 0.46085227386, 0.12055616335],
      [0.00028714819269, 0.0012533239563, 0.41595306963, 0.34045856509, 0.085396141175, 0.15665175196],
      [0.010782346067, 0.010530644023, 0.014927366412, 0.91685195898, 0.0020270569082, 0.04488062761],
      [6.3163864063e-05, 0.06528655736, 0.035818961332, 0.039190281065, 0.73718986907, 0.1224511673],
      [0.85277210233, 0.00064797174088, 0.00081000433405, 0.084235602105, 0.015518223829, 0.046016095659],
      [0.1531603742, 0.0001807103096, 0.029611722386, 0.053880427965, 0.073516919655, 0.68964984548]
    ],
    [
      [0.090812764524, 0.15763005904, 0.0069485766803, 0.038346490168, 0.68392386658, 0.022338243011],
      [7.9977734975e-05, 0.0017094366617, 0.64496301952, 0.2258035349, 0.1042239628, 0.023220068395],
      [0.0046196108105, 0.022383314571, 0.036022180216, 0.92255933428, 0.0038571391241, 0.010558421001],
      [1.6820333779e-05, 0.081290013395, 0.053806219931, 0.025635409101, 0.82192015777, 0.017331379469],
      [0.66627345165, 0.0034529412301, 0.0050355664275, 0.22445047141, 0.07424305536, 0.026544513916],
      [0.13495054003, 0.00081783538077, 0.15735769419, 0.12289574348, 0.29886262347, 0.28511556345]
    ],
    [
      [0.056997435876, 0.14317197698, 0.0071133682429, 0.033378872519, 0.70314541632, 0.056192930066],
      [5.0918898597e-05, 0.0015603138102, 0.63878371744, 0.19386126051, 0.10743307226, 0.058310717079],
      [0.0033735823212, 0.023665180857, 0.042383217279, 0.89528704704, 0.0046177258669, 0.030673246639],
      [1.0380287835e-05, 0.071202410076, 0.052914989469, 0.021525380541, 0.81236933173, 0.041977507901],
      [0.50951203533, 0.0045084602328, 0.0073447357277, 0.27403840147, 0.10958111538, 0.095015251855],
      [0.060777770799, 0.00054382952945, 0.11615993892, 0.077259212501, 0.22410108538, 0.52115816288]
    ],
    [
      [0.042018148849, 0.17785214489, 0.004704015444, 0.024013796464, 0.71034246, 0.041069434356],
      [5.1297676154e-05, 0.0026360074653, 0.59673395113, 0.19359009239, 0.14844309941, 0.058545551931],
      [0.0033078323661, 0.03810054672, 0.036878265705, 0.88633076073, 0.0060705442627, 0.029312050218],
      [7.641927583e-06, 0.089031068752, 0.035362297023, 0.015616082694, 0.82903159187, 0.030951317736],
      [0.52604149379, 0.0066877518836, 0.0058674888117, 0.24406496426, 0.13291982602, 0.084418475229],
      [0.056796320195, 0.00083992375661, 0.096651417239, 0.069931826728, 0.28323681466, 0.49254369742]
    ],
    [
      [0.042982564173, 0.11984139229, 0.0056842503768, 0.032469360259, 0.77658557555, 0.022436857354],
      [4.0239559383e-05, 0.0013314480304, 0.63809813143, 0.21376476615, 0.12163818887, 0.025127225963],
      [0.0023243218008, 0.01713822863, 0.031983802793, 0.9329728687, 0.0043717874046, 0.011208990673],
      [7.2699118908e-06, 0.0566106916, 0.040920324567, 0.02004286275, 0.86634397964, 0.016074871527],
      [0.57576610746, 0.0034171135377, 0.005631529088, 0.26851290176, 0.10978494759, 0.036887400569],
      [0.069722599149, 0.00063894170992, 0.14105761382, 0.11320177038, 0.35202549125, 0.32335358369]
    ],
    [
      [0.030444741005, 0.096702266433, 0.0053464168532, 0.050011872862, 0.7959210539, 0.021573648948],
      [2.9979200419e-05, 0.0011671384083, 0.51982484292, 0.32013562319, 0.13421268457, 0.024629731716],
      [0.0012813855064, 0.011453842866, 0.022679540145, 0.95245524588, 0.0037384326884, 0.0083915529146],
      [5.2578865612e-06, 0.045656310988, 0.037638107086, 0.030573288396, 0.87084403825, 0.015282997399],
      [0.31988676421, 0.0035948349157, 0.0064825251657, 0.48139372837, 0.14597762077, 0.042664526574],
      [0.047318038263, 0.00053852429412, 0.12693600002, 0.1686762886, 0.37069053288, 0.28584061595]
    ],
    [
      [0.041653975306, 0.086542107552, 0.0032714272895, 0.035423210168, 0.81069512824, 0.022414151444],
      [5.8029766745e-05, 0.0014828318182, 0.44809553958, 0.32015622685, 0.1939635521, 0.036243819878],
      [0.0024668758089, 0.014498602847, 0.019543219125, 0.94580828023, 0.005383679604, 0.012299342387],
      [7.2810864845e-06, 0.041366528901, 0.023288128448, 0.02190973559, 0.89736355623, 0.016064769747],
      [0.44549536236, 0.0033130905526, 0.0040698861997, 0.34856814712, 0.15304287551, 0.045510638253],
      [0.069034286823, 0.00051583157263, 0.082790196235, 0.12738377401, 0.40378882188, 0.31648708947]
    ],
    [
      [0.0092513329281, 0.014341641095, 0.0033526084191, 0.022998319798, 0.94570231502, 0.0043537827365],
      [1.4142293636e-05, 0.00030105315345, 0.58528929218, 0.23854050801, 0.16835389635, 0.00750110801],
      [0.00076945933736, 0.0033263552241, 0.025704633498, 0.96202135861, 0.0050636873854, 0.0031145059413],
      [1.5353538298e-06, 0.0071750612639, 0.021757986711, 0.012919097564, 0.95529096846, 0.0028553506461],
      [0.26701414805, 0.0011829127892, 0.0076221821343, 0.4764472753, 0.23080765736, 0.016925824366],
      [0.025875464356, 0.00016983086661, 0.1400401694, 0.13747123456, 0.60590505996, 0.090538240867]
    ],
    [
      [0.012852702827, 0.10299591615, 0.023247251405, 0.090504488459, 0.64055292183, 0.12984671933],
      [3.6072373576e-06, 0.00029606279929, 0.76204592572, 0.17049880297, 0.026595462614, 0.040560138657],
      [0.00026116606565, 0.0047759665154, 0.04688084152, 0.92445491055, 0.0012119862115, 0.022415129136],
      [2.129680665e-06, 0.043668204088, 0.15692528001, 0.051910609978, 0.66150430705, 0.085989469194],
      [0.084137955292, 0.0022174330882, 0.019236292125, 0.65038932415, 0.070145148315, 0.17387384703],
      [0.0059120106485, 0.00015009827855, 0.17572027196, 0.094918941707, 0.081410736874, 0.64188794053]
    ],
    [
      [0.1046810061, 0.10803176046, 0.0060185555484, 0.049755826845, 0.68056464929, 0.050948201754],
      [9.4929149775e-05, 0.0011998969308, 0.54488526227, 0.29431920154, 0.10571272443, 0.05378798568],
      [0.0043321428161, 0.012579385439, 0.02520576737, 0.93519902782, 0.0031407019518, 0.0195429746],
      [1.990427208e-05, 0.056291201563, 0.046829146166, 0.033572780717, 0.82344243974, 0.03984452754],
      [0.60712093196, 0.0021980943677, 0.0040093603324, 0.26286994781, 0.068361250803, 0.055440414726],
      [0.1104828324, 0.00040683193499, 0.097181939525, 0.11401648194, 0.21464160664, 0.46327030756]
    ],
    [
      [0.055925478082, 0.091984777971, 0.0038415334935, 0.033782294931, 0.78413262431, 0.030333291213],
      [7.2812066857e-05, 0.0014731160761, 0.49228040617, 0.28496750553, 0.17535343595, 0.045852724206],
      [0.0034365230095, 0.016008320275, 0.023820193119, 0.93403874475, 0.0054073827754, 0.017288836075],
      [9.9604266627e-06, 0.044767851988, 0.027851586134, 0.021278128918, 0.88395392921, 0.02213854332],
      [0.51900360576, 0.00308132891, 0.0041802588676, 0.29032472282, 0.12952112585, 0.053888957789],
      [0.081897720715, 0.00048481093222, 0.086001278293, 0.10740478443, 0.34538900511, 0.37882240052]
    ],
    [
      [0.061263263058, 0.11241421239, 0.0045962474058, 0.032222763657, 0.75708372581, 0.03241978768],
      [7.2469836622e-05, 0.0016321133708, 0.54943082989, 0.25030718184, 0.15384873068, 0.044708674381],
      [0.0038163809359, 0.01951763561, 0.028772170945, 0.92412697644, 0.005216720678, 0.018550115388],
      [1.0959080301e-05, 0.055420161811, 0.033839352872, 0.020555805853, 0.86619469135, 0.023979029039],
      [0.5673213462, 0.0034205173443, 0.0045816922893, 0.25791746306, 0.11383576742, 0.052923213693],
      [0.086630830268, 0.00056449059442, 0.098954597189, 0.098534784703, 0.31852308251, 0.39679221473]
    ],
    [
      [0.034289273096, 0.12301022292, 0.0035004267763, 0.041278781448, 0.77170383427, 0.026217461492],
      [4.3770052817e-05, 0.0019004811419, 0.44809598318, 0.34425946873, 0.16699206728, 0.038708229622],
      [0.0017214017581, 0.017008357555, 0.017528046743, 0.94747976043, 0.0042329016358, 0.012029531877],
      [6.0873314958e-06, 0.059654615223, 0.025382422466, 0.025951061137, 0.86989843724, 0.0191073766],
      [0.37772210022, 0.0046651857211, 0.0043704531152, 0.41495522963, 0.14467355778, 0.053613473536],
      [0.05405550819, 0.00068653364771, 0.084146744676, 0.14119200795, 0.36141130616, 0.35850789938]
    ],
    [
      [0.05468015238, 0.13422204888, 0.0054631512367, 0.046358127183, 0.72760121226, 0.031675308061],
      [5.3073742534e-05, 0.0015927412738, 0.54343670776, 0.29794791337, 0.12106414059, 0.035905423264],
      [0.0023765515085, 0.01620574539, 0.02395285478, 0.94130176014, 0.0034887283539, 0.012674359824],
      [9.8319004675e-06, 0.066583715968, 0.040585096192, 0.029793871523, 0.83941709277, 0.023610391644],
      [0.48632894977, 0.0038370588834, 0.0051471797279, 0.35290536227, 0.10291527368, 0.04886617566],
      [0.075014629105, 0.0006491355446, 0.11431117292, 0.13773456103, 0.29556900452, 0.37672149688]
    ],
    [
      [0.054417414532, 0.041654161569, 0.0018217128158, 0.01294115856, 0.87952658796, 0.00963896456],
      [0.00012158274181, 0.0011047429741, 0.46173556554, 0.19706486949, 0.31469252081, 0.025280718445],
      [0.0078180558567, 0.014964518768, 0.025469564448, 0.92765549984, 0.011949216713, 0.012143144369],
      [9.0271738227e-06, 0.019526237659, 0.012586886697, 0.0077296548604, 0.95344869748, 0.006699496131],
      [0.71463413616, 0.0013805745569, 0.0020608691024, 0.12498082256, 0.138718768, 0.018224829629],
      [0.12443674938, 0.00032393637455, 0.062301407016, 0.063217401233, 0.55666046691, 0.19306003908]
    ],
    [
      [0.0031727448025, 0.14975860822, 0.0046906241193, 0.050110111925, 0.77877389463, 0.013494016302],
      [3.7705738446e-06, 0.0017096259651, 0.51324829015, 0.34368346581, 0.12611127949, 0.015243568006],
      [0.0001366583296, 0.013536818256, 0.016085902222, 0.96320157142, 0.0028165739637, 0.0042224758049],
      [6.4999752908e-07, 0.069922782649, 0.033413514855, 0.030726326285, 0.85631964619, 0.0096170800264],
      [0.021503706905, 0.0069648143392, 0.0074918683821, 0.74745122692, 0.18107751062, 0.035510872832],
      [0.0060214554035, 0.00095039215917, 0.13660213541, 0.20937906554, 0.42203417951, 0.22501277198]
    ],
    [
      [0.031978943382, 0.12519127358, 0.0062802450852, 0.1553130925, 0.63745420496, 0.043782240487],
      [1.3160276276e-06, 3.9716587237e-07, 0.26432011719, 0.73165798481, 0.0028684129951, 0.0011517718048],
      [2.1439137245e-05, 7.7617002944e-08, 0.001949563924, 0.99784564967, 4.0723612005e-05, 0.00014254604078],
      [5.5251335925e-06, 0.056685407238, 0.04554027716, 0.094513605726, 0.77203625252, 0.031218932221],
      [0.00021594788112, 7.5249160963e-07, 0.00098379562964, 0.99607452266, 0.0017766118364, 0.00094836949719],
      [0.004620257377, 4.6028897839e-07, 0.11169564203, 0.82501897933, 0.028060266375, 0.030604394604]
    ],
    [
      [0.074303987804, 0.22119462415, 0.0095733791522, 0.036921342145, 0.62078445603, 0.037222210716],
      [4.9158913151e-05, 0.0015844900564, 0.73575236564, 0.16611907493, 0.067332903964, 0.029162006498],
      [0.0036975113662, 0.02714186741, 0.048964476689, 0.90006794801, 0.0031808679404, 0.016947328589],
      [1.3905776444e-05, 0.10980581806, 0.07548296222, 0.024903047047, 0.76059237912, 0.029201887778],
      [0.62204150631, 0.004752209242, 0.0077440799332, 0.24502241999, 0.070968267912, 0.049471516609],
      [0.091113967954, 0.00083395979359, 0.18280154031, 0.098101896917, 0.21440934771, 0.41273928731]
    ],
    [
      [0.030984821336, 0.14974806452, 0.0033954249674, 0.035335715606, 0.74033894387, 0.040197029703],
      [4.1189379327e-05, 0.0023743412529, 0.46174098195, 0.30867341216, 0.16527034365, 0.061899731613],
      [0.0017612049049, 0.023033199422, 0.019230777966, 0.93066354273, 0.0045223703085, 0.02078890467],
      [5.5855693894e-06, 0.073492268113, 0.025043687936, 0.022571364382, 0.8491231545, 0.029763939501],
      [0.37245642872, 0.0059764077377, 0.0045285262379, 0.38227281172, 0.14669663966, 0.088069185928],
      [0.042256170099, 0.00071144019505, 0.070621831953, 0.10452494668, 0.29714444527, 0.4847411658]
    ],
    [
      [0.088447055521, 0.039188277462, 0.030633095017, 0.09792050764, 0.6118728206, 0.13193824376],
      [1.5724611712e-05, 8.7151362422e-05, 0.83392238043, 0.12174469461, 0.016412616859, 0.027817432124],
      [0.0016151484836, 0.0019618818964, 0.057743519504, 0.91633083298, 0.001047065891, 0.021301551244],
      [1.3733711049e-05, 0.017514820574, 0.20879558657, 0.0551419077, 0.63232581763, 0.086208133822],
      [0.43105428068, 0.00058276748766, 0.014963434061, 0.40973180111, 0.0385817554, 0.10508596126],
      [0.037358325956, 5.8481261089e-05, 0.21719588316, 0.092173425215, 0.06650333341, 0.586710551]
    ],
    [
      [0.035694177479, 0.079808776658, 0.0025752381015, 0.047608632432, 0.78066147972, 0.053651695613],
      [4.5830302574e-05, 0.0011587269588, 0.34711040676, 0.4145758383, 0.1575052587, 0.079603938979],
      [0.0014769873643, 0.0083163003327, 0.010609323249, 0.95674534504, 0.0031594711865, 0.019692572831],
      [6.1995768023e-06, 0.037764313124, 0.018416227647, 0.029412267116, 0.87594848045, 0.038452512091],
      [0.36270959749, 0.0024001095036, 0.0027404043492, 0.42350558985, 0.11481879652, 0.093825502287],
      [0.039194221106, 0.00028915024153, 0.042738792975, 0.11347697648, 0.23775884911, 0.56654201008]
    ],
    [
      [0.042815032425, 0.23520841721, 0.0029687511381, 0.046632277894, 0.64095520452, 0.031420316816],
      [5.677318308e-05, 0.0037306333656, 0.39647722164, 0.4075162122, 0.14386800783, 0.048351151785],
      [0.0018693884384, 0.028026981317, 0.01301007041, 0.94146647215, 0.0030551358446, 0.012571951841],
      [8.3131898109e-06, 0.12464047244, 0.023639933591, 0.032172051882, 0.79439287473, 0.025146354172],
      [0.42074724231, 0.0076388530734, 0.0032237576451, 0.40864039968, 0.10391567008, 0.055834077215],
      [0.065535354903, 0.0012529757586, 0.069116984072, 0.1547015075, 0.28972525147, 0.41966792629]
    ],
    [
      [0.15345122277, 0.036456622558, 0.011314488544, 0.087403446017, 0.6988322728, 0.012541947313],
      [6.0722791756e-05, 0.00018261374845, 0.68787812951, 0.26606527294, 0.03985994854, 0.0059533124679],
      [0.0030104814884, 0.0018852953281, 0.023279259531, 0.96842809208, 0.0011572844973, 0.0022395870762],
      [2.5137523629e-05, 0.018796567548, 0.085810420831, 0.054749486339, 0.83139073022, 0.0092276575386],
      [0.73303482828, 0.00031001844137, 0.0033031409948, 0.23380890548, 0.023658793035, 0.0058843137692],
      [0.19401708682, 0.00015379236056, 0.22650318479, 0.24173246749, 0.2085557929, 0.12903767563]
    ],
    [
      [0.061377517441, 0.081833073164, 0.0061536004555, 0.065349540961, 0.75274652945, 0.03253973853],
      [4.9534543373e-05, 0.00079972028658, 0.51567062119, 0.35037684174, 0.10253745716, 0.030565825089],
      [0.0019182918253, 0.0070072766648, 0.019311408666, 0.95991267072, 0.0025429776592, 0.0093073744606],
      [1.0801023194e-05, 0.039750272458, 0.044792369397, 0.041039259545, 0.85068632112, 0.023720976457],
      [0.44490220966, 0.0019375820721, 0.0048378798097, 0.41882187476, 0.087654494551, 0.041845959151],
      [0.076583747636, 0.00035824352339, 0.11767518485, 0.17728432522, 0.27562614791, 0.35247235086]
    ],
    [
      [0.11689761307, 0.067168306654, 0.0027425626739, 0.036632746869, 0.75148084222, 0.025077928512],
      [0.00016453601414, 0.0011964045831, 0.41228709478, 0.35755035602, 0.18632973857, 0.04247187004],
      [0.0061172172232, 0.0099112734192, 0.014633290074, 0.95275684884, 0.0043708302374, 0.01221054021],
      [2.0927117254e-05, 0.034694660903, 0.021115218582, 0.024297187034, 0.90051961839, 0.019352387973],
      [0.76214501267, 0.0010583258518, 0.001415823476, 0.15586896913, 0.058148241351, 0.021363627524],
      [0.17445855844, 0.0003476363144, 0.060904722002, 0.11650862765, 0.32443975189, 0.3233407037]
    ],
    [
      [0.061951377547, 0.032220233429, 0.028641014203, 0.095043594972, 0.61860860275, 0.1635351771],
      [7.6192116552e-06, 5.0565099364e-05, 0.88500756718, 0.079704369105, 0.011198636852, 0.024031242557],
      [0.0011427939057, 0.0015289493153, 0.051274901379, 0.91985030487, 0.00097136242214, 0.025231688108],
      [9.4727010438e-06, 0.014464096823, 0.19998090325, 0.052336077271, 0.62874951244, 0.10445993752],
      [0.33534827293, 0.00052607689704, 0.015122540987, 0.46262888838, 0.040909759262, 0.14546446154],
      [0.021262582183, 3.8616336522e-05, 0.17420233813, 0.072526444363, 0.051145516768, 0.68082450222]
    ],
    [
      [0.0008463360564, 0.12360066646, 0.0014538371677, 0.028788741579, 0.82839928161, 0.016911137125],
      [2.7694505589e-06, 0.0025075353281, 0.30260080268, 0.41582512914, 0.24164226341, 0.037421499998],
      [8.3919542773e-05, 0.01618528123, 0.0085151435843, 0.96258583747, 0.0043615689422, 0.0082682492295],
      [2.3634133694e-07, 0.056210486138, 0.010147038666, 0.017619673025, 0.9041023264, 0.011920239434],
      [1.9561099481e-05, 0.0078204856845, 0.0035751424183, 0.65688914953, 0.26486630753, 0.066829353747],
      [0.0015148355801, 0.00077158017792, 0.043154284682, 0.12455157536, 0.44831100992, 0.38169671428]
    ],
    [
      [0.030102966637, 0.076483432314, 0.0078449150113, 0.076058068397, 0.72920110113, 0.080309516506],
      [1.9194454357e-05, 0.00056945183762, 0.54126746949, 0.3241551801, 0.07491016707, 0.059078537054],
      [0.00079163108612, 0.0052790129916, 0.020594772773, 0.95247884601, 0.00195466667, 0.018901070468],
      [5.1902824712e-06, 0.035948247401, 0.055881959472, 0.046534233737, 0.80469125188, 0.056939117232],
      [0.23582179537, 0.0019506773955, 0.0068489098491, 0.55036201006, 0.090371421613, 0.11464518571],
      [0.02359800851, 0.0002049527996, 0.095344994289, 0.13053996148, 0.16256640878, 0.58774567414]
    ],
    [
      [0.10976699068, 0.077822702502, 0.0079433658848, 0.065152725415, 0.70000891751, 0.039305298007],
      [7.7657838489e-05, 0.00066961949786, 0.57997880077, 0.30304349665, 0.083880013897, 0.032350411354],
      [0.0034788713343, 0.0068199480598, 0.025330280055, 0.9505038487, 0.0024186479204, 0.011448403934],
      [2.0261209311e-05, 0.039554922026, 0.060453454064, 0.042791111302, 0.82723324477, 0.02994700663],
      [0.58200232091, 0.001401043355, 0.0047217994129, 0.31171320628, 0.061926056473, 0.038235573571],
      [0.11901545068, 0.00029800478245, 0.13222967246, 0.15352831752, 0.22383955235, 0.37108900221]
    ],
    [
      [0.0067963459413, 0.92431730245, 0.00080380833201, 0.0039393200531, 0.062412116463, 0.0017311067593],
      [4.1355006996e-05, 0.021870586182, 0.74446273621, 0.16272235169, 0.058306722112, 0.012596248797],
      [0.002325647202, 0.29617556192, 0.027226794554, 0.66698537567, 0.0019662228544, 0.0053203977936],
      [3.5196529266e-06, 0.75418656433, 0.017528011731, 0.0072078501847, 0.21731104124, 0.0037630128591],
      [0.56974016923, 0.070902707485, 0.0062705676017, 0.26498261062, 0.065120363673, 0.022983581391],
      [0.1088682872, 0.016235097376, 0.2074239477, 0.13481791837, 0.26774459524, 0.26491015411]
    ],
    [
      [0.0064349544542, 0.066720919421, 0.0058286884844, 0.084984351106, 0.77038476019, 0.065646326343],
