{
  "Z_true": {},
  "V_true": [
    [402, 836, 151, 64],
    [547, 11037, 854, 495],
    [104, 399, 12549, 301],
    [52, 584, 1196, 342],
    [66, 588, 1096, 865]
  ],
  "p_true": [
    [0.2767, 0.5754, 0.1039, 0.044],
    [0.0423, 0.8534, 0.066, 0.0383],
    [0.0078, 0.0299, 0.9398, 0.0225],
    [0.0239, 0.2686, 0.5501, 0.1573],
    [0.0252, 0.2249, 0.4191, 0.3308]
  ],
  "Z_est": {},
  "V_est": [
    [841.9668, 245.6797, 34.9766, 330.377],
    [142.6199, 12204.6968, 0, 585.6833],
    [0, 0, 13353, 0],
    [0, 51.839, 2122.161, 0],
    [186.4133, 941.7845, 335.8625, 1150.9397]
  ],
  "p_est": [
    [0.5795, 0.1691, 0.0241, 0.2274],
    [0.011, 0.9437, 0, 0.0453],
    [0, 0, 1, 0],
    [0, 0.0238, 0.9762, 0],
    [0.0713, 0.3601, 0.1284, 0.4401]
  ],
  "EI_Z": {},
  "EI_V": 13.696,
  "MAE_Z": {},
  "MAE_V": 445.5022,
  "MAE_p": 0.136,
  "runtime": 0.0242
}
