{
  "X": [
    [16, 25, 31, 119, 346, 23],
    [2, 0, 1, 0, 8, 1],
    [14, 23, 31, 82, 216, 15],
    [25, 15, 14, 86, 164, 14],
    [27, 24, 32, 131, 195, 17],
    [6, 12, 38, 129, 134, 9],
    [13, 90, 95, 280, 520, 52],
    [13, 9, 19, 111, 49, 17],
    [30, 19, 23, 236, 156, 22],
    [1, 15, 31, 84, 143, 10],
    [29, 69, 120, 330, 473, 50],
    [23, 37, 55, 321, 258, 37],
    [14, 38, 51, 286, 229, 28],
    [26, 18, 53, 296, 112, 26],
    [24, 59, 73, 289, 299, 38],
    [29, 40, 36, 294, 310, 35],
    [23, 45, 33, 214, 313, 22],
    [7, 28, 53, 155, 183, 32],
    [20, 66, 53, 264, 353, 33],
    [7, 4, 8, 70, 8, 10],
    [4, 19, 29, 163, 76, 13],
    [4, 0, 4, 14, 13, 1],
    [7, 4, 10, 28, 40, 1],
    [11, 7, 19, 43, 81, 6],
    [6, 26, 27, 99, 302, 16],
    [9, 25, 21, 53, 260, 18],
    [6, 4, 8, 16, 35, 8],
    [8, 14, 18, 56, 121, 6],
    [35, 19, 39, 94, 184, 24],
    [6, 15, 14, 19, 132, 10],
    [2, 3, 6, 17, 34, 3],
    [12, 15, 57, 133, 326, 15],
    [31, 18, 57, 178, 465, 26],
    [1, 0, 5, 11, 7, 0],
    [0, 1, 10, 13, 10, 6],
    [35, 12, 41, 150, 156, 29],
    [62, 20, 62, 259, 401, 44],
    [12, 14, 23, 41, 215, 12],
    [13, 12, 14, 69, 158, 9],
    [7, 13, 17, 50, 146, 10],
    [7, 0, 4, 4, 32, 1],
    [0, 5, 4, 11, 55, 1],
    [0, 0, 1, 6, 0, 0],
    [6, 3, 11, 23, 16, 6],
    [8, 9, 9, 54, 86, 12],
    [4, 0, 6, 19, 4, 5],
    [4, 1, 4, 22, 19, 6],
    [9, 17, 11, 65, 105, 11],
    [3, 0, 4, 16, 7, 0],
    [8, 3, 12, 46, 78, 9],
    [5, 3, 5, 21, 121, 5],
    [3, 0, 3, 13, 5, 4],
    [0, 2, 2, 7, 25, 1],
    [3, 1, 8, 37, 25, 9],
    [22, 3, 18, 73, 80, 10],
    [6, 3, 4, 10, 5, 1],
    [0, 1, 6, 12, 50, 5],
    [6, 6, 9, 15, 54, 6],
    [1, 3, 4, 17, 22, 11],
    [4, 23, 94, 150, 306, 35],
    [47, 30, 66, 270, 323, 40],
    [52, 43, 97, 398, 751, 54],
    [61, 31, 56, 324, 497, 52],
    [29, 10, 43, 218, 213, 28],
    [1, 0, 1, 2, 2, 5],
    [23, 25, 57, 234, 318, 42],
    [2, 3, 2, 13, 35, 3],
    [1, 3, 3, 17, 11, 2],
    [5, 12, 7, 42, 107, 10],
    [176, 174, 304, 1203, 2135, 183],
    [3, 1, 0, 12, 22, 0],
    [12, 11, 38, 97, 204, 19],
    [51, 45, 210, 457, 578, 76],
    [2, 4, 18, 38, 81, 4]
  ],
  "W": [
    [17, 60, 72, 341, 42, 28],
    [0, 1, 1, 7, 2, 1],
    [9, 28, 64, 238, 29, 13],
    [14, 16, 70, 159, 42, 17],
    [26, 33, 111, 191, 44, 21],
    [6, 39, 100, 148, 22, 13],
    [20, 127, 202, 635, 38, 28],
    [6, 22, 92, 55, 36, 7],
    [6, 41, 185, 172, 61, 21],
    [8, 28, 70, 153, 13, 12],
    [23, 153, 252, 536, 71, 36],
    [14, 83, 238, 306, 64, 26],
    [27, 81, 219, 249, 43, 27],
    [9, 62, 260, 124, 47, 29],
    [25, 85, 228, 356, 60, 28],
    [15, 46, 220, 345, 83, 35],
    [25, 41, 171, 330, 49, 34],
    [12, 52, 120, 226, 23, 25],
    [29, 59, 217, 405, 51, 28],
    [1, 10, 59, 13, 14, 10],
    [12, 44, 122, 88, 29, 9],
    [0, 7, 5, 13, 7, 4],
    [6, 7, 18, 37, 17, 5],
    [5, 47, 14, 70, 22, 9],
    [13, 31, 67, 315, 28, 22],
    [9, 31, 42, 274, 17, 13],
    [7, 14, 9, 39, 5, 3],
    [10, 12, 50, 133, 9, 9],
    [20, 38, 72, 191, 64, 10],
    [5, 12, 14, 149, 10, 6],
    [5, 5, 15, 32, 2, 6],
    [10, 74, 82, 334, 32, 26],
    [24, 93, 118, 443, 60, 37],
    [0, 8, 8, 5, 3, 0],
    [0, 9, 9, 14, 2, 6],
    [16, 50, 120, 157, 50, 30],
    [30, 84, 204, 368, 106, 56],
    [8, 24, 27, 231, 19, 8],
    [11, 19, 46, 160, 32, 7],
    [12, 15, 37, 157, 11, 11],
    [1, 7, 2, 26, 9, 3],
    [1, 2, 7, 62, 1, 3],
    [0, 1, 3, 0, 1, 2],
    [2, 10, 20, 15, 8, 10],
    [8, 11, 43, 85, 19, 12],
    [1, 4, 15, 5, 8, 5],
    [1, 10, 13, 16, 10, 6],
    [10, 18, 47, 113, 18, 12],
    [0, 4, 13, 8, 4, 1],
    [6, 11, 31, 78, 14, 16],
    [5, 5, 15, 125, 5, 5],
    [0, 1, 9, 7, 8, 3],
    [1, 7, 3, 25, 1, 0],
    [2, 9, 26, 25, 12, 9],
    [4, 17, 53, 85, 35, 12],
    [0, 4, 7, 6, 10, 2],
    [2, 7, 5, 56, 1, 3],
    [9, 8, 6, 55, 10, 8],
    [3, 7, 12, 21, 2, 13],
    [9, 129, 77, 353, 14, 30],
    [31, 80, 214, 322, 73, 56],
    [47, 141, 280, 744, 126, 57],
    [39, 79, 237, 490, 120, 56],
    [20, 50, 151, 214, 84, 22],
    [0, 2, 3, 1, 1, 4],
    [24, 65, 166, 350, 65, 29],
    [2, 4, 7, 37, 5, 3],
    [3, 1, 18, 12, 2, 1],
    [16, 7, 31, 105, 12, 12],
    [112, 403, 944, 2146, 354, 216],
    [1, 2, 11, 18, 5, 1],
    [12, 47, 82, 198, 19, 23],
    [21, 229, 358, 644, 85, 80],
    [2, 34, 19, 85, 5, 2]
  ],
  "method": "mvn_pdf",
  "cond_prob": [
    [
      [0.026057191669, 0.13606902543, 0.0048879073957, 0.04587550861, 0.73750012716, 0.049610239735],
      [0.00037766006531, 0.0068244992135, 0.37319124354, 0.32609765892, 0.24724508, 0.046263858262],
      [0.003126657772, 0.021996871309, 0.020413606324, 0.91738106691, 0.016081683749, 0.021000113938],
      [0.00013985445077, 0.060224498506, 0.01527848498, 0.028156847678, 0.87930355974, 0.016896754647],
      [0.33819294036, 0.0032008679519, 0.0062304835963, 0.42740679428, 0.17528113252, 0.049687781291],
      [0.037766246971, 0.00080683700584, 0.056571700622, 0.18036605654, 0.36662822756, 0.3578609313]
    ],
    [
      ["NaN", "NaN", "NaN", "NaN", "NaN", "NaN"],
      [0.0003158760611, 0, 0.64564763079, 0, 0.31520863451, 0.038827858646],
      [0.065731029666, 0, 0.24937971177, 0, 0.45943379115, 0.22545546741],
      [0, 0, 0.0086116749432, 0, 0.95935882344, 0.03202950162],
      [0.93777686893, 0, 0.0035588860659, 0, 0.039647058197, 0.01901718681],
      [0.05839935642, 0, 0.037573160706, 0, 0.43055169389, 0.47347578898]
    ],
    [
      [0.039267103744, 0.18050080454, 0.011025722833, 0.043009243625, 0.66435949203, 0.06183763323],
      [0.0003791224561, 0.0061638859142, 0.58092252949, 0.22229554467, 0.15087710292, 0.039361814551],
      [0.0045653445601, 0.027719973837, 0.045269074067, 0.88276415321, 0.014628592166, 0.025052862162],
      [0.00035183824935, 0.081146334698, 0.041694873593, 0.027071033219, 0.82808139759, 0.021654522652],
      [0.43499723937, 0.0035965367924, 0.012484778825, 0.35914316306, 0.13797070617, 0.051807575785],
      [0.049626241579, 0.00089987714625, 0.1117137252, 0.15643677819, 0.29041943741, 0.39090394047]
    ],
    [
      [0.051805281818, 0.14827756837, 0.0058204344119, 0.039381852966, 0.70331648575, 0.051398376678],
      [0.00025421317219, 0.0073734724952, 0.4496627226, 0.27755891703, 0.21733964857, 0.047811026132],
      [0.0067262178039, 0.026912729251, 0.027441966493, 0.89386057766, 0.02066394956, 0.024394559236],
      [0.00011700902822, 0.067839696518, 0.021649155326, 0.023067202463, 0.86897152145, 0.018355415219],
      [0.53637518263, 0.0028425181647, 0.0059374426059, 0.28955624159, 0.1249077271, 0.040380887908],
      [0.07373301715, 0.00096176035588, 0.065375553872, 0.15343668303, 0.34218011206, 0.36431287353]
    ],
    [
      [0.061271032298, 0.19585645647, 0.009166954687, 0.022916069034, 0.65543147712, 0.055358010387],
      [0.0004678569217, 0.006571725085, 0.54233317011, 0.24434518188, 0.17069773883, 0.035584327173],
      [0.0058425742861, 0.027692614434, 0.038787931975, 0.89197278365, 0.015204873921, 0.020499221734],
      [0.00023233323522, 0.080931849608, 0.036825095495, 0.03158335462, 0.83261670035, 0.017810666688],
      [0.52512303529, 0.0030923406521, 0.0092624060467, 0.31087755452, 0.11544458787, 0.036200075619],
      [0.075866615967, 0.0010923208538, 0.10086023857, 0.17241805174, 0.31088874163, 0.33887403124]
    ],
    [
      [0.026306598853, 0.14801142202, 0.017110429265, 0.08599084286, 0.67191728598, 0.050663421019],
      [0.00011210313206, 0.0034058158826, 0.58592957859, 0.28390914395, 0.10573864864, 0.020904709803],
      [0.0010347588226, 0.012972901969, 0.036987870893, 0.9308084727, 0.0076743483073, 0.010521647309],
      [4.1574139237e-05, 0.064747126289, 0.060908035828, 0.053253420452, 0.80517379108, 0.015876052208],
      [0.24290361507, 0.0040848330451, 0.016121886996, 0.5874523054, 0.11377393574, 0.035663423752],
      [0.029559999876, 0.00072103337631, 0.1521712272, 0.27117647023, 0.26219280691, 0.28417846242]
    ],
    [
      [0.028085211695, 0.27624288812, 0.0088077075314, 0.05464539079, 0.53843160574, 0.093787196126],
      [0.00022052274851, 0.0074443585985, 0.48017027069, 0.32251205615, 0.13388542877, 0.055767363049],
      [0.0015727048259, 0.027091712242, 0.027734820176, 0.90228485885, 0.016216150975, 0.02509975293],
      [4.7393732078e-05, 0.12268858608, 0.040019700795, 0.046912450593, 0.75747220295, 0.032859665848],
      [0.29498239805, 0.0037808910989, 0.010492813275, 0.53393873093, 0.07977099629, 0.07703417035],
      [0.030470602011, 0.00022345713041, 0.086733960276, 0.20026577367, 0.1759324715, 0.50637373541]
    ],
    [
      [0.038044970797, 0.19462874986, 0.013541926934, 0.099881279604, 0.49205620866, 0.16184686414],
      [0.00061698898145, 0.0055823844606, 0.5302836445, 0.29346284183, 0.091143619858, 0.078910520365],
      [0.0040679408852, 0.019479057377, 0.033345360341, 0.90416190835, 0.0093073287988, 0.029638404252],
      [0.00089921765572, 0.10529578391, 0.057982664539, 0.055432096697, 0.72115742889, 0.059232808304],
      [0.33680823986, 0.0034358547755, 0.011803878227, 0.46964821993, 0.074562449649, 0.10374135755],
      [0.029907464297, 0.0003404109959, 0.081535563165, 0.11507614262, 0.11976029789, 0.65338012103]
    ],
    [
      [0.072987393497, 0.18970121634, 0.0069934047662, 0.045604751494, 0.60004363716, 0.084669596739],
      [0.00075685630234, 0.0060356687463, 0.35191644951, 0.44931634666, 0.14156192446, 0.05041275432],
      [0.0045198059158, 0.014597582608, 0.013516172661, 0.94304746117, 0.0067004218114, 0.017618555837],
      [0.00054693936535, 0.085851668731, 0.026813888123, 0.062293414815, 0.79434434654, 0.030149742426],
      [0.44461152477, 0.0021594272907, 0.0041678124135, 0.43769289055, 0.071235629141, 0.040132715831],
      [0.070452564495, 0.0007412102021, 0.055368946909, 0.25842320429, 0.20873905984, 0.40627501427]
    ],
    [
      [0.0067663348251, 0.1707597849, 0.014746667485, 0.055902872334, 0.70139952215, 0.050424818301],
      [2.2004556971e-05, 0.0045670641867, 0.62449371892, 0.21062157533, 0.13328927169, 0.027006365309],
      [0.00026020613054, 0.022825839395, 0.050973629822, 0.89561700919, 0.011731137653, 0.018592177813],
      [6.515941701e-06, 0.073368873169, 0.050550754889, 0.032522561661, 0.82587585424, 0.017675440102],
      [0.062863127239, 0.051526679416, 0.023646788345, 0.59557347719, 0.20433812096, 0.062051806845],
      [0.0090684309569, 0.0010792282125, 0.14886455802, 0.18698126094, 0.31834360908, 0.33566291279]
    ],
    [
      [0.036225674649, 0.22626363704, 0.010663804979, 0.052994503127, 0.59647803009, 0.077374350124],
      [0.00033101637256, 0.0065450230232, 0.53806826928, 0.27571698363, 0.13369513384, 0.045643573852],
      [0.0031655915361, 0.0260728619, 0.035651639458, 0.89904106002, 0.011921548104, 0.024147298981],
      [0.00011548723589, 0.10434200921, 0.044523484114, 0.040277479232, 0.78290121847, 0.027840321744],
      [0.36274397943, 0.0038992579099, 0.012012077354, 0.44736806717, 0.1132210861, 0.060755532034],
      [0.041714200359, 0.0005561772545, 0.10357303235, 0.18572831027, 0.22632415267, 0.44210412709]
    ],
    [
      [0.044974362729, 0.19971897116, 0.010048631762, 0.094436956475, 0.55190479862, 0.098916279249],
      [0.00046262092462, 0.0055040285521, 0.41954703172, 0.41409977861, 0.10933115455, 0.051055385639],
      [0.0026779506462, 0.014279876016, 0.019779065531, 0.93751601776, 0.0068668037705, 0.01888028628],
      [0.00046844413727, 0.098607898254, 0.042125796836, 0.068642558347, 0.75291930606, 0.03723599637],
      [0.31960677596, 0.0025124339158, 0.0077207907307, 0.5410446534, 0.074190677478, 0.054924668517],
      [0.042170444753, 0.00052603483919, 0.074802826437, 0.25181954182, 0.17011679548, 0.46056435667]
    ],
    [
      [0.032026150169, 0.23264225692, 0.0090369984723, 0.072471306909, 0.58172800381, 0.072095283724],
      [0.00020159505373, 0.0065397244702, 0.42553008925, 0.40045167912, 0.12637095991, 0.040905952203],
      [0.0014599033958, 0.017972588042, 0.020493083672, 0.93510660609, 0.0089467692654, 0.016021049534],
      [5.8794936797e-05, 0.1087863979, 0.037215834316, 0.059636717568, 0.76769707821, 0.026605177066],
      [0.27538198614, 0.0033092640444, 0.0084678024946, 0.57272818242, 0.091568953385, 0.048543811519],
      [0.034932613307, 0.00084567292315, 0.08034149023, 0.27190694267, 0.22236726686, 0.38960601401]
    ],
    [
      [0.074592256851, 0.18716472066, 0.015249271487, 0.1013690187, 0.53460872731, 0.08701600499],
      [0.0006137038924, 0.0045920572478, 0.53852672177, 0.32840468498, 0.088750531394, 0.039112300711],
      [0.0046096165744, 0.015002305304, 0.030768968721, 0.92623572125, 0.0048182641685, 0.018565123978],
      [0.00030839508558, 0.096853880881, 0.063451334918, 0.05741822165, 0.74750767171, 0.034460495751],
      [0.46887249322, 0.0021105400717, 0.0093544441338, 0.41825537136, 0.058840781194, 0.042566370018],
      [0.069547295362, 0.00072875769363, 0.10919115639, 0.2457737551, 0.17161282122, 0.40314621424]
    ],
    [
      [0.037825634403, 0.26361429076, 0.011889492828, 0.075370360356, 0.53129838691, 0.080001834737],
      [0.00038324445919, 0.0064689048165, 0.52310807959, 0.31160854069, 0.11330675333, 0.045124477116],
      [0.0029737833476, 0.023175967954, 0.031236304101, 0.91033675801, 0.010573801758, 0.02170338483],
      [0.00029611292045, 0.13021334292, 0.049349013919, 0.050577969454, 0.73802692977, 0.031536631018],
      [0.35072860983, 0.0035144147986, 0.011266751162, 0.48535819702, 0.091267617268, 0.057864409917],
      [0.042665284569, 0.000316077222, 0.10258730551, 0.21232090212, 0.19507126636, 0.44703916422]
    ],
    [
      [0.036035840206, 0.20052852319, 0.0075484900741, 0.069585261869, 0.6127170065, 0.073584878155],
      [0.00023011923418, 0.0069455355474, 0.40689269364, 0.39669741481, 0.14093952335, 0.048294713417],
      [0.002255833859, 0.018621715109, 0.018463553611, 0.93167569825, 0.010738344341, 0.018244854833],
      [7.1854652889e-05, 0.093588931217, 0.029520871737, 0.052060935271, 0.79800674206, 0.026750665061],
      [0.31955752768, 0.0030822307222, 0.0069390594156, 0.52019157381, 0.099091301845, 0.051138306531],
      [0.040129394593, 0.00090839352568, 0.067059550474, 0.24578751661, 0.24076248596, 0.40535265883]
    ],
    [
      [0.03725241842, 0.2200134038, 0.0065543225767, 0.057839747219, 0.63602453732, 0.042315570664],
      [0.00044227304765, 0.0092099963091, 0.42973822602, 0.34572549586, 0.18060256874, 0.034281440021],
      [0.0037624905505, 0.02807985849, 0.022393964907, 0.91823407662, 0.013509826534, 0.0140197829],
      [0.00036854325462, 0.1032995699, 0.02544922641, 0.037395193444, 0.81919131784, 0.01429614915],
      [0.39555394875, 0.0040027830192, 0.0071236791323, 0.43369038621, 0.12497472878, 0.034654474114],
      [0.055982579349, 0.0010413182507, 0.077652990491, 0.22852915078, 0.32140012685, 0.31539383428]
    ],
    [
      [0.02782898364, 0.20434461036, 0.016976793216, 0.087370657228, 0.54206440059, 0.12141455497],
      [0.00012008863166, 0.004767882431, 0.57947544181, 0.2764268104, 0.087930097443, 0.051279679282],
      [0.0011001622223, 0.018232014043, 0.036978604867, 0.90816528905, 0.0089731385644, 0.026550791251],
      [4.8552016605e-05, 0.10172614984, 0.066760192669, 0.057373454473, 0.73017598454, 0.043915666467],
      [0.2590927723, 0.0031045886905, 0.015052708308, 0.55544977181, 0.081034121698, 0.086266037201],
      [0.022307264089, 0.0020231080487, 0.11168428356, 0.19423111295, 0.15850112774, 0.51125310361]
    ],
    [
      [0.030742780017, 0.26592505408, 0.0088517622531, 0.061519936604, 0.56999205779, 0.062968409252],
      [0.00031191431961, 0.00867000967, 0.48890661177, 0.31574738758, 0.14225327929, 0.044110797358],
      [0.0027745417925, 0.029074145116, 0.028302817591, 0.9058627562, 0.013405087218, 0.02058065208],
      [6.3500002607e-05, 0.12646299172, 0.036370778606, 0.041606614617, 0.77109424708, 0.024401867972],
      [0.33983872188, 0.0045186630812, 0.010035919945, 0.47643485011, 0.11496538041, 0.054206464576],
      [0.040374591028, 0.00069963948241, 0.089789290364, 0.20949112856, 0.25042780185, 0.40921754871]
    ],
    [
      [0.081486464123, 0.30173358722, 0.014226780263, 0.15662160324, 0.28321061537, 0.16272094978],
      [0.0012142607005, 0.0060200278001, 0.47231865105, 0.41615935204, 0.038349668905, 0.065938039506],
      [0.0023519379943, 0.010438997629, 0.023822214599, 0.93640947012, 0.0010503434022, 0.02592703626],
      [0.011356002012, 0.22928487855, 0.079731911234, 0.091545754487, 0.50129150093, 0.086789952784],
      [0.43405119065, 0.002516176393, 0.0077857486227, 0.48484506784, 0.0092609314169, 0.06154088507],
      [0.054326189188, 0.00062353840076, 0.071156072121, 0.24557003814, 0.06248798829, 0.56583617386]
    ],
    [
      [0.01660265937, 0.30704549686, 0.011743445904, 0.082851998884, 0.499559839, 0.08219655998],
      [6.7460076197e-05, 0.0043553975936, 0.46047965415, 0.40606833412, 0.090174288056, 0.038854866012],
      [0.00044251224939, 0.011671221068, 0.023237743305, 0.93733379945, 0.010993174707, 0.016321549219],
      [2.6988968771e-05, 0.14733357358, 0.051573310362, 0.077281496189, 0.69126295061, 0.032521680293],
      [0.12357191592, 0.025208636824, 0.011634477805, 0.70397582866, 0.080269167279, 0.055339973516],
      [0.017539195432, 0.00039140338761, 0.098568668368, 0.28533056484, 0.17083338206, 0.42733678591]
    ],
    [
      ["NaN", "NaN", "NaN", "NaN", "NaN", "NaN"],
      [0.001133768309, 0, 0.40985426055, 0.47782216723, 0.10079910732, 0.01039069659],
      [0.0037452620029, 0, 0.016698409888, 0.9698345719, 0.0076151066996, 0.002106649513],
      [0.0070031334649, 0, 0.046819177908, 0.087484589237, 0.85286509708, 0.005828002313],
      [0.49116880792, 0, 0.0095137037416, 0.43674312436, 0.056163385439, 0.0064109785487],
      [0.11102873034, 0, 0.093070721928, 0.40289260983, 0.1939851888, 0.1990227491]
    ],
    [
      [0.027891558522, 0.18725459142, 0.016447728971, 0.029276812152, 0.72265719075, 0.016472118184],
      [0.00069377104816, 0.0075473581089, 0.70567702996, 0.16209865563, 0.12183265028, 0.0021505349756],
      [0.0042557690977, 0.019298286237, 0.061150700575, 0.86064826237, 0.052845226114, 0.0018017556073],
      [0.00077799765875, 0.063853498092, 0.063532503201, 0.045390865344, 0.82477317298, 0.0016719627248],
      [0.38345228549, 0.0062330016174, 0.019966386678, 0.49331370591, 0.09017081146, 0.0068638088472],
      [0.040743128206, 0.0015462671054, 0.23414612282, 0.22643695938, 0.3621006077, 0.13502691478]
    ],
    [
      [0.02567045516, 0.15122428367, 0.0071544871755, 0.062428839674, 0.72112025426, 0.03240168006],
      [0.00055820653163, 0.012100645109, 0.36626580016, 0.39284121283, 0.18693838504, 0.041295750324],
      [0.006216653577, 0.024884831663, 0.017413989762, 0.86594681855, 0.071857652663, 0.013680053789],
      [0.0014607392322, 0.07463289764, 0.013715911473, 0.041353521771, 0.85775832871, 0.011078601171],
      [0.45703657412, 0.0039244366297, 0.0054363736485, 0.33735353387, 0.17010849936, 0.026140582376],
      [0.066813610029, 0.0017911308473, 0.047358341845, 0.19828211886, 0.42409083317, 0.26166396524]
    ],
    [
      [0.013609913188, 0.15983316623, 0.0074075898381, 0.047431906927, 0.7272021602, 0.044515263621],
      [9.3218560291e-05, 0.00664825529, 0.46554129043, 0.28929302992, 0.20367016349, 0.034754042308],
      [0.00087752937573, 0.024429239949, 0.029174994064, 0.91274916843, 0.015279238782, 0.017489829403],
      [1.9967578525e-05, 0.06816873694, 0.026361785629, 0.029442486918, 0.86166451973, 0.014342503202],
      [0.18971114417, 0.020867638426, 0.011512132289, 0.52576845858, 0.20054711217, 0.051593514371],
      [0.020144775506, 0.00099399257242, 0.085949752237, 0.1938730354, 0.3713293179, 0.32770912638]
    ],
    [
      [0.031822744679, 0.17915507358, 0.0053782506941, 0.02705702969, 0.6880651188, 0.068521782562],
      [0.00055455053121, 0.0093600045133, 0.43631507886, 0.21817674085, 0.26879068786, 0.066802937379],
      [0.0055860289455, 0.041096891617, 0.033603401532, 0.85476485605, 0.023241202989, 0.04170761887],
      [0.00068726770812, 0.07769259593, 0.018667961249, 0.013826173781, 0.86613174567, 0.02299425566],
      [0.45395537858, 0.0042196733641, 0.0077833207209, 0.28957508344, 0.17175514336, 0.072711400544],
      [0.042787555992, 0.00091300137516, 0.059011353857, 0.10628736753, 0.32760279465, 0.46339792659]
    ],
    [
      [0.22479006695, 0.17830570644, 0.0029212671739, 0.032656757801, 0.35392774876, 0.20739845288],
      [0.00074795987042, 0.004459566152, 0.43295137398, 0.33629921575, 0.10392788607, 0.12161399818],
      [0.0090988701902, 0.018970480485, 0.022371404745, 0.86079259608, 0.042549315036, 0.046217333463],
      [0.0012029752832, 0.064282675708, 0.040695749601, 0.059976363856, 0.77069032587, 0.063151909679],
      [0.77741462086, 0.0016318210217, 0.0043476563562, 0.12907276167, 0.051714702891, 0.035818437197],
      [0.13337304036, 0.0011694489124, 0.036005578382, 0.11054610383, 0.12302509829, 0.59588073023]
    ],
    [
      [0.078517116583, 0.17216068268, 0.012663439397, 0.059180041748, 0.63653657018, 0.040942149409],
      [0.00042424404996, 0.0053165070307, 0.64498732305, 0.22422357868, 0.10027479169, 0.024773555501],
      [0.0045855984214, 0.027274397308, 0.046625689707, 0.88668582836, 0.020072021635, 0.014756464573],
      [0.00013302173242, 0.081400980144, 0.04905446308, 0.033198009955, 0.82214677784, 0.014066747253],
      [0.66860798188, 0.0014524923586, 0.0094581163706, 0.25978856189, 0.035927934421, 0.024764913082],
      [0.10503269524, 0.0012747147803, 0.13254073413, 0.18108809328, 0.30654031713, 0.27352344544]
    ],
    [
      [0.051745030998, 0.15815658177, 0.012737936942, 0.036931858162, 0.63729949648, 0.10312909565],
      [0.00079918910112, 0.0049370815108, 0.60940099949, 0.18525963425, 0.14249873633, 0.057104359318],
      [0.0066437575119, 0.024754712839, 0.055554586835, 0.84484945734, 0.026992453291, 0.041205032186],
      [0.0010709128369, 0.071651967835, 0.050408088164, 0.026868736125, 0.81668983265, 0.03331046239],
      [0.51113518913, 0.0027862743813, 0.012753323826, 0.29908658632, 0.097976681226, 0.076261945115],
      [0.053918319742, 0.00030725258007, 0.11439154643, 0.11188656822, 0.16373358186, 0.55576273117]
    ],
    [
      [0.040869055278, 0.19392605681, 0.0093055835631, 0.028159539801, 0.64498237075, 0.082757393793],
      [0.00049604690898, 0.0077732692801, 0.58821279057, 0.16865514784, 0.17244110091, 0.062421644493],
      [0.0069737556569, 0.042451008546, 0.054963823131, 0.83688898393, 0.010428203001, 0.048294225733],
      [0.00058612252884, 0.089256693756, 0.036768035004, 0.014240685983, 0.82988720043, 0.029261262297],
      [0.53080163342, 0.0038864339783, 0.011246682023, 0.2437088681, 0.13679017674, 0.07356620574],
      [0.049453498421, 0.0007774425858, 0.089086839285, 0.093323976567, 0.25645091028, 0.51090733286]
    ],
    [
      [0.050551939359, 0.1573476625, 0.010791205674, 0.022160551778, 0.71541905251, 0.043729588175],
      [0.00077815450296, 0.0045541557482, 0.60753700816, 0.20222006979, 0.16183474349, 0.023075868305],
      [0.0058432867382, 0.019662129889, 0.045921086333, 0.89092536991, 0.022471079948, 0.01517704718],
      [0.0023053544437, 0.058910139444, 0.043125077148, 0.028403514421, 0.85388478589, 0.013371128656],
      [0.59134218887, 0.0018108406076, 0.010838212803, 0.30256648959, 0.064534471696, 0.028907796429],
      [0.066540751612, 0.0011354695004, 0.13631062358, 0.16669515047, 0.30388045484, 0.32543755001]
    ],
    [
      [0.032658532535, 0.10319616493, 0.010490459718, 0.059990317213, 0.75052279677, 0.043141728833],
      [0.00031187143999, 0.0023786003344, 0.51417197542, 0.29437954188, 0.16461631647, 0.024141694451],
      [0.002676701592, 0.010620956471, 0.032818601656, 0.92928254951, 0.01270654833, 0.011894642437],
      [0.00020953868555, 0.038512334357, 0.038480791589, 0.038495112883, 0.87311422248, 0.011188000006],
      [0.32186937659, 0.0015991427066, 0.011782306114, 0.48501472786, 0.14701518861, 0.032719258123],
      [0.040809257147, 0.0002619712812, 0.11252406537, 0.23219241054, 0.34409966563, 0.27011263003]
    ],
    [
      [0.042893011513, 0.083010858951, 0.0067953296428, 0.047929463779, 0.77558875215, 0.04378258396],
      [0.00060157811435, 0.0027349853631, 0.43435185332, 0.29741718981, 0.22881745174, 0.036076941662],
      [0.0050848512288, 0.012265067759, 0.026918680734, 0.91961341594, 0.018345516534, 0.017772467804],
      [0.00052598239485, 0.032125046136, 0.022830814298, 0.028097942882, 0.90290573916, 0.013514475127],
      [0.44735817876, 0.0011017805604, 0.0071024908231, 0.35782213911, 0.15117509736, 0.035440313381],
      [0.060543448311, 0.00023258050621, 0.073664465406, 0.18267011062, 0.37522507284, 0.30766432231]
    ],
    [
      ["NaN", "NaN", "NaN", "NaN", "NaN", "NaN"],
      [0.0041277432859, 0, 0.57237079821, 0.23971585207, 0.18378560643, 0],
      [0.0046067768257, 0, 0.031834858564, 0.94332192272, 0.02023644189, 0],
      [0.0044828088077, 0, 0.021914187299, 0.0068978508151, 0.96670515308, 0],
      [0.30256993169, 0, 0.018927936441, 0.5004028492, 0.17809928267, 0],
      ["NaN", "NaN", "NaN", "NaN", "NaN", "NaN"]
    ],
    [
      ["NaN", "NaN", "NaN", "NaN", "NaN", "NaN"],
      [0, 0.0047464887365, 0.73354805803, 0.17621640099, 0.038317664964, 0.047171387283],
      [0, 0.0076681457684, 0.053832238408, 0.9035690819, 0, 0.034930533923],
      [0, 0.055894016644, 0.14018623784, 0.078612188347, 0.64698341817, 0.078324138996],
      [0, 0.04196334759, 0.047997928451, 0.68243471854, 0.085635203134, 0.14196880228],
      [0, 0.0036375602097, 0.14249569089, 0.13608176334, 0.071017125782, 0.64676785977]
    ],
    [
      [0.099544854574, 0.11280656768, 0.011589353746, 0.061066355338, 0.61933258419, 0.095660284468],
      [0.00063132880539, 0.0030739873326, 0.52775304606, 0.28237114739, 0.13217114686, 0.053999343543],
      [0.0051024783558, 0.014174204729, 0.034354907192, 0.90856444693, 0.0093745597579, 0.028429403031],
      [0.00016399387191, 0.052680895176, 0.046760413967, 0.043523199815, 0.82127412908, 0.035597368086],
      [0.59826982148, 0.0011984829101, 0.0073430842525, 0.28081753803, 0.067969497966, 0.044401575353],
      [0.094139345724, 0.0003222098278, 0.086526332281, 0.166754268, 0.20062203248, 0.45163581168]
    ],
    [
      [0.055859402531, 0.092200672712, 0.0078833750296, 0.044987049068, 0.73965673034, 0.059412770318],
      [0.00069135022335, 0.0031569809397, 0.47112994429, 0.26656630857, 0.21283061324, 0.045624802739],
      [0.0065825492073, 0.013580558145, 0.03253709532, 0.90337226163, 0.018661714374, 0.025265821326],
      [0.00014385177943, 0.038310168566, 0.028191434875, 0.026636196921, 0.88635131637, 0.020367031486],
      [0.5177272417, 0.00082765763077, 0.0075312847153, 0.30595397122, 0.12471594116, 0.043243903573],
      [0.071272846282, 0.00022296101467, 0.078183067319, 0.15602921108, 0.31657790459, 0.37771400972]
    ],
    [
      [0.058596798237, 0.12230434034, 0.0093359646168, 0.03940032084, 0.70475093697, 0.065611638998],
      [0.00063686086083, 0.0045833698126, 0.53682787872, 0.22096491675, 0.1902499116, 0.046737062259],
      [0.0072110262708, 0.021282546332, 0.042303753715, 0.88852743155, 0.010774347139, 0.029900894996],
      [0.00010261710333, 0.053238230405, 0.034548964061, 0.02261338633, 0.86657479874, 0.022922003358],
      [0.56304493905, 0.0018737129842, 0.0088519185098, 0.26603539258, 0.11404879362, 0.046145243257],
      [0.074960606404, 0.00041298508158, 0.093780586702, 0.13912925982, 0.26992270808, 0.42179385391]
    ],
    [
      [0.03157509506, 0.13181122388, 0.0067661740279, 0.053984379761, 0.7252650885, 0.050598038765],
      [0.00043681444842, 0.0056102263402, 0.42882029012, 0.31458165741, 0.21058405235, 0.039966959342],
      [0.0033625088198, 0.018412334657, 0.024313771425, 0.91410238736, 0.021216325458, 0.018592672277],
      [0.0003283597009, 0.059423072961, 0.02426195926, 0.031516480338, 0.86680528789, 0.017664839851],
      [0.3788366813, 0.0026422182153, 0.0078810987924, 0.43606933974, 0.12883727998, 0.045733381963],
      [0.044912531459, 0.00061031228664, 0.075063492134, 0.19765068391, 0.31905671988, 0.36270626033]
    ],
    [
      [0.05190139015, 0.14553526823, 0.010500531144, 0.055962095205, 0.67484406986, 0.061256645414],
      [0.00049101069364, 0.0048777867607, 0.54332181283, 0.27509217134, 0.1376530287, 0.038564189679],
      [0.0048958523666, 0.018219956423, 0.034556612806, 0.90879117864, 0.013259667227, 0.020276732535],
      [0.00039158940813, 0.066712156873, 0.039910775142, 0.035266323923, 0.83593166769, 0.021787486969],
      [0.49496895024, 0.0021092358282, 0.0094738416534, 0.36582583489, 0.085396516492, 0.0422256209],
      [0.062048511869, 0.00084194264284, 0.097760709502, 0.18326378528, 0.28780313961, 0.3682819111]
    ],
    [
      [0.048799244608, 0, 0.023697705794, 0.015435124639, 0.8952055909, 0.016862334057],
      [0.00090358635662, 0, 0.46920635649, 0.15212968201, 0.35564549911, 0.022114876037],
      [0.01560661951, 0, 0.046662930358, 0.88666417204, 0.033718529292, 0.017347748804],
      [9.4687916797e-05, 0, 0.010062073809, 0.0036379196233, 0.98224566191, 0.0039596567455],
      [0.73268527588, 0, 0.018102512986, 0.09138640063, 0.14480372835, 0.013022082157],
      [0.10567768105, 0, 0.05799846739, 0.076421747123, 0.56873936401, 0.19116274043]
    ],
    [
      [0, 0.20165478422, 0.010324754869, 0.15873975049, 0.60429042896, 0.02499028145],
      [0, 0.0058737223994, 0.62338236297, 0.28807700058, 0.066313150962, 0.016353763084],
      [0, 0.018791381489, 0.027830097316, 0.9404531414, 0.0067690034424, 0.0061563763522],
      [0, 0.074636679565, 0.035208420517, 0.034485470696, 0.85111452726, 0.0045549019585],
      [0, 0.015009695647, 0.018002909545, 0.80884378297, 0.12783765636, 0.03030595548],
      [0, 0.0041914239645, 0.11572495212, 0.24499709748, 0.43958729943, 0.195499227]
    ],
    [
      ["NaN", "NaN", "NaN", "NaN", "NaN", "NaN"],
      [0, 0, 0.24509484672, 0.75490515328, 0, 0],
      [0, 0, 0.037548281184, 0.96245171882, 0, 0],
      ["NaN", "NaN", "NaN", "NaN", "NaN", "NaN"],
      [0, 0, 0.023109941131, 0.97689005887, 0, 0],
      [0, 0, 0.3095751843, 0.6904248157, 0, 0]
    ],
    [
      [0.070232487501, 0.21309304484, 0.028946604865, 0.10537954414, 0.51957648544, 0.06277183321],
      [0.0019210466105, 0.0066623806168, 0.68650087916, 0.18338553633, 0.091626603338, 0.029903553946],
      [0.0054973252748, 0.033111008959, 0.060128918326, 0.86363751915, 0.011949447056, 0.025675781235],
      [0, 0.1192337168, 0.071463422653, 0.027355131114, 0.75564502829, 0.026302701145],
      [0.603903834, 0.0043381365742, 0.014777239027, 0.26858487103, 0.072155459496, 0.036240459876],
      [0.089914738143, 0.0021759080378, 0.16843503801, 0.11236292305, 0.18936729543, 0.43774409732]
    ],
    [
      [0.029739185528, 0.1617264087, 0.0064308246101, 0.047488089532, 0.6780299351, 0.076585556529],
      [0.00034317175027, 0.0073074487526, 0.4430943348, 0.28944134478, 0.19605493572, 0.063758764202],
      [0.0036554356676, 0.025359911775, 0.025994367196, 0.90023791243, 0.013597018974, 0.031155353957],
      [0.00049023708171, 0.075898219337, 0.024460981711, 0.027533752946, 0.8445277227, 0.027089086221],
      [0.37505599398, 0.0037608665689, 0.0078272321404, 0.39887628682, 0.14339783332, 0.071081787176],
      [0.036116154603, 0.0010437899476, 0.060738089568, 0.15058265056, 0.27708909563, 0.47443021969]
    ],
    [
      [0.067231003572, 0, 0.067927090348, 0.28152167164, 0.3774655928, 0.20585464164],
      [0.0014457037376, 0, 0.79408720835, 0.14652774411, 0.020437903584, 0.037501440211],
      [0.0022768170216, 0, 0.051370220324, 0.90839168555, 0.001634276567, 0.036327000534],
      [0.0018281868001, 0, 0.2114294224, 0.068390578626, 0.62802303631, 0.090328775865],
      [0.46237145449, 0, 0.014145841418, 0.42760843199, 0.012810819045, 0.083063453058],
      [0.036944271253, 0, 0.16297138561, 0.14873434391, 0.054733382092, 0.59661661714]
    ],
    [
      [0.028880030439, 0.081666817113, 0.0057786348949, 0.11709586717, 0.66664204414, 0.099936606237],
      [0.00081164951995, 0.0050742665837, 0.336905625, 0.38469058518, 0.18785606701, 0.08466180671],
      [0.0038994029344, 0.010979137914, 0.012126400081, 0.92591721059, 0.016764170576, 0.030313677907],
      [0.001141948416, 0.043261583179, 0.015061933004, 0.037337080342, 0.86822414278, 0.03497331228],
      [0.37044751418, 0.0026219611922, 0.0028258731833, 0.44060319524, 0.10537957697, 0.078121879225],
      [0.031594153285, 0.0010761302284, 0.033045375686, 0.16594155092, 0.21524683569, 0.55309595419]
    ],
    [
      [0.041860121164, 0.23791709081, 0.0055384664968, 0.059854550622, 0.59347894468, 0.06135082623],
      [0.00064764765171, 0.0099478537014, 0.38048183924, 0.37381359012, 0.18421995539, 0.050889113904],
      [0.0040973215243, 0.027938880467, 0.017859166545, 0.92165025194, 0.0078662424218, 0.020588137098],
      [0.00056430220999, 0.11548887015, 0.021835405793, 0.039168996054, 0.79856363344, 0.024378792353],
      [0.42499400151, 0.003706023305, 0.0053964989834, 0.41271739758, 0.10697296352, 0.046213115102],
      [0.055292403512, 0.00097413310468, 0.057668630408, 0.20835319331, 0.26802783666, 0.40968380301]
    ],
    [
      ["NaN", "NaN", "NaN", "NaN", "NaN", "NaN"],
      [0.0022443168481, 0, 0.65778415116, 0.28610001439, 0.053871517601, 0],
      [0.00416080322, 0, 0.021364154809, 0.97447504197, 0, 0],
      [0.00035683531853, 0, 0.098570671175, 0.08803326054, 0.81303923297, 0],
      [0.69483759587, 0, 0.017326423119, 0.26461254791, 0.023223433102, 0],
      [0.15472722473, 0, 0.23325832094, 0.42470812087, 0.18730633346, 0]
    ],
    [
      [0.058769587934, 0.07456318053, 0.012051372105, 0.084695435773, 0.71241257443, 0.057507849224],
      [0.00058332475894, 0.0015278016891, 0.51289154867, 0.31609882139, 0.13820860678, 0.030689896716],
      [0.0044896450592, 0.005428263903, 0.029206578087, 0.92782492632, 0.018674039762, 0.014376546872],
      [0.00087738941901, 0.030285938661, 0.044280379857, 0.048805709962, 0.85560576143, 0.020144820668],
      [0.44815352413, 0.00027734865741, 0.0089213148067, 0.40501862163, 0.10594861477, 0.031680575995],
      [0.072450074416, 8.4551282299e-05, 0.11260704845, 0.23594134715, 0.21286279047, 0.36605418823]
    ],
    [
      [0.07666556227, 0.074160165144, 0.004916166242, 0.098268349742, 0.69591661582, 0.050073140785],
      [0.0011816585532, 0.0028031739429, 0.42593103626, 0.34037407366, 0.17896305595, 0.050747001632],
      [0.0058798923881, 0.013010428403, 0.020760060675, 0.91753443669, 0.021691835593, 0.021123346254],
      [0.00013302279158, 0.019342940257, 0.018070078635, 0.027728885108, 0.91597823326, 0.01874683995],
      [0.77653260256, 0.00029075784728, 0.0038063530037, 0.16247249849, 0.029010581514, 0.027887206583],
      [0.12465492966, 0.00014111144478, 0.051314296592, 0.15305964035, 0.33157840846, 0.33925161349]
    ],
    [
      ["NaN", "NaN", "NaN", "NaN", "NaN", "NaN"],
      [0.000643498859, 0, 0.94240670955, 0.037473902115, 0.005720815784, 0.013755073692],
      [0.0070631800262, 0, 0.053237329765, 0.88496919247, 0.014160138291, 0.040570159452],
      [0.010965836243, 0, 0.16187336461, 0.098526743965, 0.63199850129, 0.096635553892],
      [0.3503270507, 0, 0.012055834594, 0.47924746298, 0.034974136084, 0.12339551564],
      [0.018803540523, 0, 0.11629903118, 0.1580454847, 0.054351780638, 0.65250016296]
    ],
    [
      [0, 0.12610193715, 0.0046732265555, 0.069971176581, 0.71201108369, 0.087242576027],
      [0, 0.019550452241, 0.2709097259, 0.44707563254, 0.21040640816, 0.052057781149],
      [0, 0.018770077796, 0.0078381219144, 0.86171454853, 0.097758514447, 0.013918737308],
      [0, 0.067013491993, 0.0028596501205, 0.025960421858, 0.88579306279, 0.018373373233],
      [0, 0.0053973639423, 0.0039530733668, 0.56634520356, 0.37704194595, 0.047262413182],
      ["NaN", "NaN", "NaN", "NaN", "NaN", "NaN"]
    ],
    [
      [0.023268480457, 0.063966705568, 0.016163607238, 0.14779139347, 0.61114828339, 0.13766152988],
      [0.00014571085466, 0.00086853954788, 0.53100818809, 0.30726281321, 0.10016381479, 0.060550933516],
      [0.00088000500115, 0.0030858973544, 0.03181005895, 0.92741864943, 0.0096014556877, 0.027203933576],
      [1.9520377995e-05, 0.030137009771, 0.057400288422, 0.055432856879, 0.80886889238, 0.048141432167],
      [0.23092807325, 0.0024807476145, 0.013447342136, 0.57065989443, 0.087682780198, 0.094801162371],
      [0.017516291439, 9.1354007316e-05, 0.085018027093, 0.17693631709, 0.1502972867, 0.57014072367]
    ],
    [
      [0.10350543661, 0.068996779007, 0.015202232017, 0.089585735827, 0.64542234376, 0.077287472774],
      [9.1467185363e-05, 0.00094491975815, 0.56703773577, 0.29012829184, 0.10576384746, 0.036033737975],
      [0.0045346827921, 0.0052016922392, 0.034371731206, 0.92764606655, 0.0092717477121, 0.018974079502],
      [0.00016732638937, 0.02853113632, 0.057530443007, 0.055305209964, 0.8292622898, 0.029203594522],
      [0.57602672675, 0.00016093370716, 0.0079243742824, 0.32229129292, 0.060565313103, 0.033031359234],
      [0.097410578668, 0.00012335770148, 0.10920058787, 0.21359137242, 0.21015349983, 0.36952060351]
    ],
    [
      ["NaN", "NaN", "NaN", "NaN", "NaN", "NaN"],
      [0.0025598349201, 0.028651362323, 0.68565688527, 0.16909925943, 0.10000628871, 0.014026369343],
      [0.081109810813, 0.044679578178, 0.065733922283, 0.7460231864, 0.051256206936, 0.011197295395],
      [0.057791321734, 0.42531624459, 0.040322264025, 0.038390096264, 0.43019189677, 0.00798817661],
      [0.49314745098, 0.00097300959548, 0.018778991415, 0.34307023216, 0.1176734399, 0.02635687595],
      [0.071884772189, 0.0055049699707, 0.18375575231, 0.22019887917, 0.2416478085, 0.27700781785]
    ],
    [
      [0, 0.049175092543, 0.012906560735, 0.17099534455, 0.6412966529, 0.12562634927],
      [0, 0.00054759938491, 0.45762060207, 0.34897415664, 0.13197255368, 0.060885088232],
      [0, 0.0030733509792, 0.022031040016, 0.94740828863, 0.0025746216467, 0.024912698723],
      [0, 0.015358841426, 0.043744273864, 0.055867117454, 0.84108176844, 0.043947998818],
      [0, 0.016689759485, 0.013463166784, 0.78751128568, 0.058606198961, 0.12372958909],
      [0, 0.0018883283322, 0.065848320269, 0.18735963606, 0.20718015956, 0.53772355578]
    ],
    [
      [0.063572741159, 0.19900352901, 0.012399969216, 0.076735383541, 0.56970827164, 0.078580105427],
      [0.00075868012506, 0.004747502048, 0.59085461907, 0.228866117, 0.14153278741, 0.033240294352],
      [0.0045632597586, 0.01809446507, 0.043093892261, 0.91075813379, 0.0027053165035, 0.020784932621],
      [0.0007540586125, 0.07315155365, 0.051231991469, 0.03853990735, 0.81190280422, 0.024419684703],
      [0.48671102956, 0.0029886903173, 0.01151827034, 0.34783626765, 0.11014376296, 0.040801979164],
      [0.060726601335, 0.00114988477, 0.12125721709, 0.17698077859, 0.24600493693, 0.39388058129]
    ],
    [
      [0.019966899018, 0.18196454048, 0.0066638948632, 0.075499488504, 0.58867752951, 0.12722764762],
      [0.00079113713634, 0.0092674481858, 0.37410155721, 0.34130930697, 0.17942969062, 0.095100859884],
      [0.0026709615707, 0.023629912306, 0.01867034633, 0.89496714557, 0.025536616788, 0.03452501743],
      [0.0015688310066, 0.09770255462, 0.024422960203, 0.045068525337, 0.79439262589, 0.036844502942],
      [0.28963163092, 0.0037943622939, 0.0069302012758, 0.487435466, 0.10714023309, 0.10506810642],
      [0.022330853166, 0.0035640709192, 0.046962360939, 0.13257082114, 0.13653804352, 0.65803385032]
    ],
    [
      [0.025330211209, 0.14257510311, 0.010126908669, 0.10682583376, 0.60653681099, 0.10860513226],
      [9.3980929157e-05, 0.0028732017599, 0.53428652283, 0.32601985651, 0.091178128096, 0.045548309872],
      [0.0007384334318, 0.010507187398, 0.03113184978, 0.91462460583, 0.022236815581, 0.020761107977],
