{
  "Z_true": {},
  "V_true": [
    [396, 97, 2334, 11261, 773],
    [215, 2929, 361, 200, 351],
    [60, 73, 96, 494, 89],
    [11, 5, 2526, 69, 26],
    [317, 264, 208, 627, 770]
  ],
  "p_true": [
    [0.0266, 0.0065, 0.1571, 0.7578, 0.052],
    [0.053, 0.7221, 0.089, 0.0493, 0.0865],
    [0.0739, 0.0899, 0.1182, 0.6084, 0.1096],
    [0.0042, 0.0019, 0.9579, 0.0262, 0.0099],
    [0.145, 0.1208, 0.0952, 0.2868, 0.3522]
  ],
  "Z_est": [
    [
      [15.6674, 0.2087, 5.7253, 36.9428, 18.2233, 18.7542, 34.3887, 24.0742, 26.3882, 19.5239, 32.112, 48.4477, 3.126, 21.9167, 3.4388, 13.286, 15.6846, 28.4588, 11.3041, 29.5247, 15.3349, 18.8439, 1.0935, 8.0159, 1.8449, 0, 7.3553, 0, 2.8616, 57.24, 8.1019, 61.3136, 1.9541],
      [0, 0, 5.3972, 14.4244, 6.274, 8.9539, 0, 0, 4.1094, 0, 2.7625, 0, 0, 0, 0, 0, 4.5879, 0.8965, 0, 0, 0, 0, 0, 3.5449, 1.0706, 0.2206, 9.0934, 0.0794, 0.2307, 19.726, 0, 0, 0],
      [139.4061, 4.3798, 32.2544, 92.1467, 45.0331, 60.0385, 154.3926, 177.1014, 106.412, 131.4871, 146.7437, 139.8275, 80.2059, 154.0987, 38.0198, 138.9705, 53.121, 70.0954, 133.6998, 186.9694, 84.3158, 97.1333, 9.0024, 26.1121, 4.0034, 1, 20.0392, 5.9728, 7.9692, 185.7957, 45.5672, 291.3662, 18.5227],
      [467.0547, 7.4115, 165.3157, 473.8287, 240.6441, 298.2697, 527.3413, 561.3658, 442.0759, 399.1578, 468.8589, 481.878, 173.2335, 449.1535, 153.4428, 398.3301, 327.5916, 412.9291, 454.6185, 578.1131, 372.4842, 367.1765, 44.1399, 178.5793, 28.2439, 5.5646, 162.798, 12.7944, 35.9385, 1075.399, 161.4539, 1076.0678, 40.8087],
      [7.8718, 0, 5.3074, 20.6575, 6.8254, 6.9836, 9.8774, 7.4586, 7.0146, 4.8312, 12.5229, 9.8468, 1.4345, 11.8312, 2.0986, 9.4135, 8.0148, 7.6203, 5.3776, 10.3929, 3.865, 11.8463, 1.7641, 2.7478, 1.8373, 0.2148, 1.7142, 2.1534, 0, 24.8394, 5.877, 52.2523, 0.7145]
    ],
    [
      [15.4059, 0.9112, 0, 0, 0, 0, 7.2631, 12.5141, 0.8124, 4.6042, 0.6762, 9.0318, 5.8508, 4.019, 0.91, 6.8233, 0.0771, 1.1008, 7.7819, 8.9049, 3.3568, 2.6966, 0.6352, 0, 0.0157, 0, 0, 0, 0.1009, 0, 0.8352, 19.322, 3.145],
      [61.4127, 11.8785, 47.1633, 354.3878, 295.7422, 419.6716, 140.8726, 118.4736, 95.9526, 48.7756, 73.0143, 57.3028, 16.1641, 43.1319, 11.7967, 35.0858, 115.2761, 180.9132, 49.5363, 58.2283, 110.9325, 33.4393, 10.8464, 58.5226, 6.7306, 5.771, 78.8072, 8.6448, 9.4943, 338.9313, 34.1065, 234.6835, 32.7769],
      [0.7314, 0.557, 0, 0, 0, 0, 0.6845, 1.0178, 0, 0.4431, 0.1444, 0.4267, 0.6198, 0.7847, 0.2699, 0.885, 0, 0, 0.3738, 0.8649, 0.0891, 0.0974, 0, 0, 0, 0, 0, 0.061, 0, 0, 0.7254, 0.4546, 1.7529],
      [8.8927, 2.0758, 3.4749, 21.9053, 17.5007, 24.1812, 12.9489, 12.278, 7.802, 4.7201, 5.4736, 6.2488, 2.4227, 4.2378, 1.2436, 4.3254, 10.2144, 17.2288, 5.9116, 6.6208, 11.1358, 3.3824, 1.1183, 5.1683, 0.3506, 0.2524, 5.2632, 0.1243, 0.7555, 29.5997, 3.0583, 24.064, 3.0371],
      [13.5574, 0.5775, 6.3618, 54.7068, 38.7571, 51.1472, 19.2309, 16.7165, 10.433, 6.4571, 9.6915, 8.9899, 3.9427, 7.8266, 1.7798, 7.8805, 15.4324, 21.7572, 8.3965, 10.3812, 13.4858, 6.3842, 2.4001, 6.3092, 0.9032, 0.9767, 6.9295, 3.1699, 0.6493, 42.469, 6.2746, 53.4759, 5.2882]
    ],
    [
      [0.0058, 0, 0, 0, 0, 0, 0.0088, 0.0064, 0, 0.0042, 0.0065, 0.0082, 0.0015, 0.004, 0.0003, 0.0043, 0, 0, 0.0041, 0.0063, 0.0049, 0.0045, 0.0004, 0, 0, 0, 0, 2.2898e-16, 0.0002, 0, 0.002, 0.0102, 0.0012],
      [1.2501, 0.1215, 0.7777, 5.2272, 6.2779, 6.8374, 2.3794, 2.0252, 2.9994, 1.7982, 2.4154, 1.2095, 0.7104, 1.4701, 0.2033, 1.6181, 2.1554, 2.5448, 1.9757, 1.7717, 2.4105, 1.2765, 0.1315, 0.5493, 0, 0, 1.2337, 0.2534, 0.0817, 8.362, 0.6732, 2.2523, 0.2231],
      [0.0124, 0.0087, 0, 0, 0, 0, 0.0142, 0.0194, 0, 0.0227, 0.0144, 0.0039, 0.0306, 0.015, 0.0002, 0.0318, 0, 0, 0.0229, 0.0182, 0, 0.0017, 0, 0, 0, 0, 0, 0.0038, 0, 0, 0.0029, 0.0008, 0.0067],
      [19.4724, 1.8635, 8.0988, 54.8254, 64.7628, 70.207, 28.2357, 25.6476, 32.6246, 21.9229, 25.1901, 15.5839, 11.1105, 18.2263, 2.7621, 22.9919, 25.5062, 31.0997, 27.6636, 23.8845, 30.259, 16.4484, 1.8346, 6.3811, 0, 0, 12.6416, 2.6194, 0.911, 95.4085, 8.1804, 29.1817, 2.7298],
      [0.2593, 0.0063, 0.1235, 0.9474, 0.9593, 0.9556, 0.3619, 0.3014, 0.3761, 0.252, 0.3736, 0.1945, 0.1471, 0.2846, 0.034, 0.3538, 0.3384, 0.3556, 0.3337, 0.3193, 0.3256, 0.2689, 0.0336, 0.0696, 0, 0, 0.1247, 0.1234, 0.0071, 1.2295, 0.1415, 0.555, 0.0392]
    ],
    [
      [0, 0, 0.0013, 0.0057, 0.0009, 0.0005, 0, 0, 0, 0, 0, 0, 0, 0, 0, 0, 0.0024, 0.0034, 0, 0, 0, 0, 0, 0.0006, 0.0002, 0, 0, 0, 0, 0.0242, 0, 0, 0],
      [0, 0, 0.1941, 0.0665, 0.0087, 0.0118, 0, 0, 0.1609, 0, 0, 0, 0, 0, 0, 0, 0.0262, 0.0028, 0, 0, 0, 0, 0, 0.0349, 0.0008, 0, 0.0176, 0, 0.0267, 0.7078, 0, 0, 0],
      [103.6566, 0, 40.7456, 43.8533, 11.9669, 14.9615, 121.7861, 120.7661, 115.588, 102.9599, 156.983, 145.6695, 49, 157, 67.7009, 138, 30.879, 28.9046, 86.7888, 187.9391, 85.5951, 105.7594, 0.9976, 21.8879, 0.9966, 0, 8.9608, 3.9556, 15.8536, 259.2043, 126.6723, 259.1506, 15.9988],
      [0.3434, 0, 0.0214, 0.0354, 0.021, 0.0249, 0.2139, 0.2339, 0.251, 0.0401, 0, 0.3305, 0, 0, 0.2991, 0, 0.0856, 0.0877, 0.2112, 0.0609, 0.4049, 0.1665, 0.0022, 0.0766, 0.0016, 0, 0.0216, 0, 0.1197, 1.0032, 0, 0.3028, 0.0012],
      [0, 0, 0.0376, 0.0391, 0.0026, 0.0013, 0, 0, 0, 0, 0.017, 0, 0, 0, 0, 0, 0.0068, 0.0015, 0, 0, 0, 0.0741, 0.0003, 0, 0.0009, 0, 0, 0.0444, 0, 0.0604, 0.3277, 0.5467, 0]
    ],
    [
      [11.9209, 1.8801, 2.2735, 24.0516, 23.7758, 21.2453, 15.3394, 9.4053, 9.7995, 6.8677, 11.2054, 17.5123, 3.0217, 6.0603, 1.6508, 4.8864, 8.2358, 10.437, 6.9099, 13.5641, 9.3034, 4.455, 0.2709, 2.9835, 1.1392, 0, 4.6447, 0, 3.0373, 21.7358, 3.0609, 24.3541, 5.8998],
      [0.3372, 0, 0.4677, 2.8942, 3.6972, 3.5254, 0.748, 0.5012, 0.7777, 0.4262, 0.8078, 0.4877, 0.1256, 0.398, 0, 0.296, 0.9544, 0.6428, 0.488, 0, 0.657, 0.2842, 0.0221, 0.3482, 0.1981, 0.0084, 0.8481, 0.0224, 0.1665, 2.2729, 0.2203, 1.0642, 0],
      [0.1935, 0.0545, 0, 0, 0, 0, 0.1225, 0.0954, 0, 0.0872, 0.1145, 0.0723, 0.1437, 0.1016, 0.0093, 0.1127, 0, 0, 0.1147, 0.2084, 0, 0.0082, 0, 0, 0, 0, 0, 0.0068, 0.1772, 0, 0.0322, 0.0279, 0.7188],
      [23.2368, 1.6492, 9.0892, 45.4051, 47.0714, 49.3171, 25.2602, 18.4746, 20.2465, 14.1592, 20.4773, 18.9588, 7.2333, 13.3825, 6.2524, 12.3527, 23.6023, 19.6547, 20.5951, 24.3208, 23.716, 9.8261, 0.905, 8.7948, 2.404, 0.1831, 13.2755, 0.4619, 4.2753, 55.5896, 7.3074, 44.3837, 7.4232],
      [47.3115, 1.4162, 21.1696, 113.6491, 104.4555, 104.9122, 49.5298, 33.5235, 36.1763, 25.4598, 46.395, 35.9688, 15.4757, 32.0576, 12.0875, 29.3522, 47.2076, 34.2655, 38.8923, 49.9066, 40.3236, 24.4265, 2.8019, 14.8734, 7.2587, 0.8085, 21.2316, 3.5089, 5.3436, 107.4017, 19.3792, 126.1701, 16.9582]
    ]
  ],
  "V_est": [
    [591.1555, 81.3714, 2881.2033, 11042.0632, 265.2067],
    [116.7942, 3198.4667, 10.9832, 267.0168, 462.7392],
    [0.0838, 63.2156, 0.2305, 738.2747, 10.1954],
    [0.0392, 1.2587, 2630.1816, 4.3602, 1.1603],
    [290.9274, 23.6876, 2.4015, 599.2852, 1269.6984]
  ],
  "p_est": [
    [0.0398, 0.0055, 0.1939, 0.743, 0.0178],
    [0.0288, 0.7886, 0.0027, 0.0658, 0.1141],
    [0.0001, 0.0779, 0.0003, 0.9092, 0.0126],
    [0, 0.0005, 0.9974, 0.0017, 0.0004],
    [0.1331, 0.0108, 0.0011, 0.2741, 0.5808]
  ],
  "EI_Z": {},
  "EI_V": 8.3037,
  "MAE_Z": {},
  "MAE_V": 163.0989,
  "MAE_p": 0.0584,
  "runtime": 0.002
}
