{
  "Z_true": {},
  "V_true": [
    [800, 414, 8088, 1387, 955],
    [138, 348, 77, 18061, 773],
    [34, 1166, 180, 982, 146],
    [452, 82, 612, 1398, 1158]
  ],
  "p_true": [
    [0.0687, 0.0356, 0.6946, 0.1191, 0.082],
    [0.0071, 0.0179, 0.004, 0.9311, 0.0399],
    [0.0136, 0.4649, 0.0718, 0.3915, 0.0582],
    [0.1221, 0.0222, 0.1653, 0.3776, 0.3128]
  ],
  "Z_est": [
    [
      [16.8129, 19.1114, 51.1693, 6.165, 7.398, 2.7896, 31.4412, 7.398, 32.0579, 17.8784, 10.0521, 10.4805, 23.4269, 9.2475, 2.466, 20.3045, 11.7134, 4.3908, 12.3299, 43.7713, 8.0145, 38.2228, 16.0289, 8.0145, 49.7735, 32.0579, 18.5206, 20.9609, 29.3235, 19.1993, 17.2619, 18.6782, 20.4174, 31.4414, 11.0969, 15.4124, 26.5094, 5.5485, 32.0579, 17.2619, 94.3241, 12.3977],
      [3.0538, 2.4458, 12.4394, 0.8329, 1.0179, 0.8953, 2.8456, 1.2956, 4.4419, 3.7016, 1.1105, 1.8508, 3.1463, 3.0538, 0.2776, 2.3135, 30.1164, 0.4627, 3.1463, 4.4197, 2.1284, 9.8092, 6.2001, 2.7762, 6.6133, 10.9196, 7.4452, 6.884, 6.8479, 6.2619, 2.6836, 6.1076, 5.559, 6.8479, 3.9792, 5.2747, 4.6433, 3.1463, 12.4003, 3.3314, 9.8092, 0.7403],
      [165.0405, 56.8746, 240.2462, 49.7846, 35.3015, 27.4567, 111.788, 59.8164, 401.9442, 289.6376, 230.4403, 123.371, 176.5074, 188.5779, 30.3985, 167.0988, 56.8746, 50.0104, 226.6416, 167.6821, 68.5521, 494.7787, 325.7113, 104.6222, 291.5945, 352.2022, 228.4791, 259.5025, 388.5189, 297.0752, 161.3579, 194.0175, 280.6001, 383.4624, 171.4743, 295.0926, 90.2149, 93.1567, 378.5104, 182.87, 750.5402, 73.1682],
      [0.1632, 5.8205, 9.5969, 0, 0, 1.9501, 8.409, 10.6965, 0, 13.8293, 7.4281, 1.268, 9.3482, 1.1849, 1.4097, 6.0726, 3.0363, 3.0117, 13.6784, 6.7233, 0, 19.2305, 0, 0, 25.9591, 50.5015, 8.1059, 19.4324, 14.8736, 10.6271, 0.27, 1.816, 8.4068, 42.3492, 0, 0, 11.5797, 3.6591, 32.2471, 0, 0, 2.6297],
      [37.9295, 10.7477, 40.5482, 9.2176, 14.2826, 3.9083, 22.5161, 8.7936, 87.556, 53.9531, 24.969, 20.0298, 39.5711, 47.9359, 17.4482, 28.2106, 10.2592, 8.1243, 65.2037, 25.4037, 8.305, 78.9588, 40.0596, 17.5872, 40.0596, 50.3188, 36.4493, 33.2202, 65.4361, 58.8365, 24.4266, 26.3807, 33.0166, 46.8991, 23.4495, 33.2202, 19.0528, 17.4894, 51.7844, 41.5367, 140.3265, 8.0641]
    ],
    [
      [0.1157, 0.1281, 0.343, 0.0561, 0.0579, 0.0207, 0.2112, 0.0658, 0.2149, 0.1747, 0.1204, 0.0952, 0.193, 0.062, 0.0165, 0.1763, 0.0785, 0.0289, 0.0827, 3.7608, 0.0537, 0.1417, 0.0558, 0.0322, 0.2975, 0.2136, 0.0983, 0.091, 0.0953, 0.1159, 0.1157, 0.1281, 0.0634, 0.2108, 0.0504, 0.0707, 0.963, 0.0372, 0.2149, 0.1157, 0.6323, 0.1074],
      [1.0735, 0.5433, 16.2276, 0.3156, 0.3259, 0.1646, 1.1874, 0.2305, 0.7903, 1.3057, 0.1976, 0.3293, 0.5598, 0.5433, 0.0494, 0.4116, 1.079, 0.0823, 0.5598, 0.922, 0.3787, 0.7967, 1.1031, 0.4939, 1.1031, 1.2011, 1.2348, 1.0488, 0, 0.6517, 0.4726, 1.0866, 0.6542, 1.2184, 0.708, 0.9385, 2.8287, 0.2849, 2.2062, 0.5927, 1.7452, 0.1317],
      [1.6859, 0.3477, 1.4688, 0.5122, 0.2158, 0, 0.6834, 0.3657, 6.4913, 2.5774, 1.4089, 1.1522, 1.0791, 1.9572, 0.1858, 1.6084, 0.3477, 0.3876, 1.3849, 1.0252, 0.4197, 1.2928, 1.6311, 0.6715, 1.661, 1.9489, 1.3969, 0.8305, 0.8693, 1.0575, 1.0012, 1.187, 0.5786, 2.3441, 1.1331, 1.8525, 0.5516, 0.5695, 1.2691, 1.5807, 31.6235, 0.6976],
      [595.0137, 367.421, 716.3029, 170.0807, 180.9134, 156.8838, 688.2165, 214.2435, 1532.9664, 910.0091, 389.2212, 322.4212, 621.3936, 690.7073, 133.3449, 568.3013, 160.0513, 137.6395, 586.7771, 500.2414, 69.8384, 456.2749, 171.7788, 100.6136, 587.397, 688.6516, 315.3771, 293.1102, 306.7887, 372.1861, 270.3724, 247.9602, 203.9025, 963.0565, 158.8601, 222.7527, 673.1188, 162.6176, 953.9759, 542.0705, 1204.4798, 249.0851],
      [11.1111, 2.5599, 9.6576, 14.0354, 9.487, 0.9309, 5.7015, 2.0944, 28.5372, 16.9331, 6.052, 6.0021, 12.7745, 13.7302, 3.4034, 10.5023, 2.4435, 1.8617, 14.1956, 6.0506, 1.3095, 8.4939, 9.4311, 4.1889, 9.5413, 11.9848, 5.893, 4.9195, 6.2468, 7.9888, 5.0381, 4.638, 3.8013, 11.1703, 5.2485, 7.3856, 4.5379, 3.4907, 12.3339, 26.6403, 67.5192, 1.9781]
    ],
    [
      [1.0301, 1.4421, 3.861, 0.2377, 0.3169, 0.2326, 2.3723, 0.5582, 2.419, 1.2942, 0.5018, 0.7908, 1.7677, 0.6978, 0.1861, 1.5351, 0.8839, 0.2503, 0.9304, 4.3927, 0.6047, 3.7903, 1.2095, 0.6047, 3.3493, 2.9561, 1.3956, 1.5816, 2.7469, 1.4421, 1.3025, 1.8753, 1.5351, 2.3724, 0.8493, 1.1793, 1.215, 0.9817, 2.419, 1.3025, 7.1173, 4.0392],
      [27.7209, 29.8574, 98.0939, 7.7736, 9.6111, 8.8866, 33.7021, 12.4183, 42.5711, 34.8288, 10.6428, 17.738, 30.1545, 29.2676, 2.6607, 22.1725, 19.7356, 4.4345, 30.1545, 50.4647, 17.735, 95.0492, 59.4222, 26.6069, 59.0455, 105.5878, 66.0127, 64.7436, 66.9986, 47.9084, 25.7249, 58.5353, 50.5532, 65.6305, 38.1366, 50.5532, 33.3567, 30.5265, 118.8443, 31.9283, 94.0112, 7.0952],
      [0.3527, 0.1469, 0, 0.0814, 0.0912, 0.0709, 0.2887, 0.16, 1.4684, 0.4431, 0.5951, 0.3191, 0.4558, 3.2545, 0.0785, 0.433, 0.1469, 0.102, 0.4612, 0.6602, 0.1718, 2.8498, 0.8433, 0.2804, 0.7445, 1.4018, 0.59, 0.7959, 3.7962, 0.7622, 1.2133, 0.6421, 0.7217, 0.9044, 0.4786, 0.7825, 0.233, 0.7738, 1.5103, 0.5155, 1.2842, 0.5712],
      [8.5418, 10.9217, 20.6606, 0.5947, 1.564, 4.5801, 14.2292, 7.3463, 24.8532, 10.732, 6.6004, 5.9743, 11.6733, 19.6791, 1.0951, 18.0208, 4.6304, 3.9006, 15.9489, 15.9885, 0, 38.2747, 7.0592, 2.4737, 17.5049, 42.0952, 6.9907, 18.9254, 26.8463, 12.1006, 8.3228, 8.396, 9.1449, 28.3347, 4.9378, 8.297, 10.075, 10.3995, 41.1811, 12.4842, 31.1009, 8.565],
      [1.3545, 0.632, 2.3845, 0.3126, 0.4168, 0.2298, 1.4077, 0.5171, 5.6883, 1.7018, 0.6599, 1.1779, 4.9486, 13.1009, 0.9796, 1.8387, 0.6033, 0.3126, 3.5049, 1.4939, 0.4884, 5.0361, 2.4659, 1.0342, 2.3558, 2.9591, 2.011, 1.9536, 3.6121, 2.7867, 1.4365, 1.5514, 2.0451, 2.758, 1.5976, 2.1881, 1.1204, 3.3185, 3.0453, 10.7695, 8.4863, 0.7294]
    ],
    [
      [10.0413, 10.3184, 27.6267, 3.5412, 4.2271, 1.9572, 16.9754, 3.978, 17.3083, 9.6527, 5.3256, 5.6335, 12.6124, 4.9928, 1.3314, 10.9841, 6.3242, 2.33, 6.657, 19.0752, 4.3271, 19.8452, 8.7058, 4.3486, 18.5797, 16.7724, 9.9856, 11.3664, 8.8343, 10.2427, 9.3198, 10.3184, 10.9841, 16.9754, 6.0033, 8.3376, 14.3126, 2.4326, 17.3083, 9.3198, 50.9263, 9.4557],
      [1.1518, 0.1535, 1.2391, 0.0779, 0.0451, 0.0534, 0.2648, 0.0556, 0.1967, 0.1639, 0.0492, 0.082, 0.1393, 0.1352, 0.0123, 0.1025, 0.069, 0.0205, 0.1393, 0.1936, 2.7579, 0.3449, 0.2746, 0.123, 0.2381, 0.2915, 0.3074, 0.3236, 0.1535, 0.178, 0.1189, 0.2705, 0.2336, 0.3033, 0.1762, 0.2336, 0.1713, 0.0423, 0.5492, 0.1475, 0.4344, 0.0328],
      [2.9208, 0.6308, 3.285, 0.6219, 0.3915, 0.4724, 1.2398, 0.6578, 7.0961, 3.3418, 2.5558, 1.1578, 1.9576, 3.2103, 0.3371, 1.8597, 0.6308, 0.5, 2.5123, 1.6326, 0.8564, 4.0786, 4.8143, 6.426, 0, 3.4471, 2.534, 2.8712, 1.8156, 2.1051, 3.4276, 2.1534, 3.0996, 4.2891, 15.914, 11.2724, 1.0006, 0.5, 4.7102, 2.0338, 7.552, 1.5629],
      [61.2812, 49.8369, 74.4396, 17.3246, 18.5226, 18.586, 81.1453, 13.7137, 153.1804, 74.4296, 37.7503, 23.3365, 40.5849, 70.4287, 8.1503, 54.6053, 16.282, 10.4482, 57.5956, 47.0468, 11.1616, 84.22, 52.1621, 14.9127, 58.139, 72.7517, 39.5263, 50.532, 37.4915, 40.0862, 38.0348, 37.8278, 47.5458, 106.2595, 19.2021, 38.9503, 47.2266, 10.3237, 117.5959, 49.4453, 125.4192, 27.7202],
      [35.6049, 8.0604, 30.4097, 13.4344, 11.8137, 2.9311, 19.3747, 6.5949, 76.2184, 39.4119, 18.3191, 13.7902, 23.7057, 43.233, 5.1688, 23.4484, 7.694, 5.7014, 39.0957, 19.0518, 6.897, 46.5112, 30.0433, 13.1897, 30.0433, 37.7373, 25.6467, 27.9067, 20.705, 27.388, 19.0988, 21.4299, 26.1369, 35.1726, 17.7043, 25.2061, 14.2889, 5.7014, 38.8364, 30.0536, 102.668, 6.2285]
    ]
  ],
  "V_est": [
    [882.9284, 213.2761, 8720.9949, 355.3142, 1471.4863],
    [9.907, 47.7782, 81.053, 18856.4185, 401.8433],
    [71.5702, 1736.8948, 31.4761, 561.0443, 107.0145],
    [459.5944, 12.0509, 123.4759, 2055.223, 1051.6559]
  ],
  "p_est": [
    [0.0758, 0.0183, 0.749, 0.0305, 0.1264],
    [0.0005, 0.0025, 0.0042, 0.9721, 0.0207],
    [0.0285, 0.6925, 0.0126, 0.2237, 0.0427],
    [0.1241, 0.0033, 0.0334, 0.5552, 0.2841]
  ],
  "EI_Z": {},
  "EI_V": 8.8727,
  "MAE_Z": {},
  "MAE_V": 330.5163,
  "MAE_p": 0.0569,
  "runtime": 3.744
}
