{
  "X": [
    [14, 91, 136, 16],
    [44, 183, 483, 72],
    [5, 96, 92, 14],
    [115, 559, 661, 100],
    [40, 149, 226, 46],
    [42, 52, 209, 15],
    [47, 92, 305, 31],
    [57, 163, 417, 72],
    [44, 139, 344, 77],
    [13, 52, 188, 16],
    [23, 99, 215, 20],
    [40, 149, 420, 41],
    [20, 129, 241, 30],
    [20, 38, 44, 8],
    [18, 39, 98, 9],
    [4, 15, 21, 3],
    [13, 31, 50, 9],
    [8, 20, 32, 3],
    [3, 4, 4, 2],
    [8, 12, 25, 3],
    [26, 18, 50, 13],
    [30, 298, 185, 41],
    [70, 618, 639, 90],
    [30, 177, 247, 31],
    [58, 268, 566, 93],
    [28, 185, 374, 50],
    [5, 98, 41, 9],
    [11, 23, 36, 3],
    [4, 51, 8, 4],
    [94, 234, 399, 41],
    [7, 142, 42, 22],
    [8, 29, 38, 6],
    [21, 208, 101, 27],
    [12, 196, 156, 30],
    [48, 390, 532, 80],
    [20, 159, 231, 30],
    [50, 541, 699, 95],
    [7, 208, 269, 16],
    [16, 146, 230, 29],
    [32, 158, 207, 34],
    [52, 487, 583, 90],
    [66, 372, 606, 71],
    [34, 99, 270, 27],
    [25, 144, 304, 24],
    [28, 34, 109, 17],
    [31, 118, 219, 23],
    [7, 16, 33, 3],
    [34, 382, 204, 38],
    [59, 99, 261, 24],
    [1, 19, 2, 0],
    [46, 172, 457, 66],
    [21, 82, 107, 16],
    [55, 195, 568, 73],
    [25, 68, 259, 27],
    [51, 125, 339, 54],
    [20, 72, 211, 31],
    [95, 454, 641, 81],
    [31, 105, 243, 39],
    [22, 63, 155, 15],
    [38, 148, 329, 34],
    [22, 104, 236, 20],
    [42, 553, 428, 67],
    [31, 190, 219, 36],
    [10, 141, 90, 29],
    [2, 2, 1, 0],
    [29, 254, 389, 127],
    [183, 1150, 1387, 189],
    [20, 110, 266, 30],
    [226, 623, 879, 133],
    [50, 110, 143, 26]
  ],
  "W": [
    [13, 129, 86, 8, 21],
    [40, 455, 182, 48, 57],
    [9, 78, 95, 11, 14],
    [154, 609, 526, 43, 103],
    [45, 209, 151, 20, 36],
    [104, 134, 55, 7, 18],
    [38, 282, 89, 14, 52],
    [62, 389, 177, 30, 51],
    [42, 325, 132, 38, 67],
    [13, 172, 51, 10, 23],
    [25, 201, 100, 14, 17],
    [58, 365, 149, 37, 41],
    [29, 214, 116, 33, 28],
    [17, 42, 37, 2, 12],
    [20, 82, 39, 5, 18],
    [6, 15, 14, 2, 6],
    [14, 42, 28, 6, 13],
    [8, 28, 21, 1, 5],
    [2, 5, 2, 2, 2],
    [7, 25, 14, 0, 2],
    [25, 44, 23, 2, 13],
    [36, 152, 323, 24, 19],
    [72, 577, 643, 54, 71],
    [39, 208, 187, 20, 31],
    [60, 504, 275, 74, 72],
    [29, 335, 185, 39, 49],
    [6, 35, 97, 4, 11],
    [12, 31, 23, 1, 6],
    [1, 7, 50, 2, 7],
    [157, 313, 214, 32, 52],
    [11, 34, 137, 4, 27],
    [0, 41, 31, 0, 9],
    [13, 97, 202, 20, 25],
    [17, 138, 189, 28, 22],
    [41, 489, 393, 63, 64],
    [15, 198, 168, 29, 30],
    [71, 624, 520, 80, 90],
    [13, 241, 189, 21, 36],
    [17, 197, 135, 29, 43],
    [15, 211, 158, 10, 37],
    [62, 517, 488, 72, 73],
    [90, 526, 365, 54, 80],
    [29, 246, 100, 28, 27],
    [23, 290, 139, 22, 23],
    [35, 93, 29, 12, 19],
    [31, 193, 118, 16, 33],
    [4, 26, 18, 8, 3],
    [33, 188, 376, 15, 46],
    [80, 219, 96, 25, 23],
    [0, 1, 19, 1, 1],
    [40, 431, 179, 32, 59],
    [28, 95, 87, 2, 14],
    [61, 530, 206, 35, 59],
    [17, 238, 71, 30, 23],
    [52, 318, 135, 27, 37],
    [20, 190, 72, 22, 30],
    [126, 558, 444, 56, 87],
    [31, 230, 103, 26, 28],
    [18, 147, 64, 14, 12],
    [48, 296, 147, 29, 29],
    [20, 215, 104, 25, 18],
    [72, 379, 527, 37, 75],
    [47, 201, 186, 15, 27],
    [13, 89, 138, 12, 18],
    [3, 1, 1, 0, 0],
    [27, 402, 281, 34, 55],
    [249, 1243, 1145, 96, 176],
    [29, 252, 108, 16, 21],
    [227, 805, 623, 57, 149],
    [75, 107, 111, 4, 32]
  ],
  "method": "mvn_cdf",
  "mvncdf_method": "genz",
  "mvncdf_samples": 5000,
  "mvncdf_error": 1e-06,
  "cond_prob": [
    [
      [0.55686474094, 0.0297270417, 0.40054018685, 0.012868030506],
      [0.0024484603169, 0.049338725059, 0.94744404008, 0.00076877453977],
      [0.012824719896, 0.91850495183, 0.02110044275, 0.047569885523],
      [0.027904069759, 0.03545846895, 0.56427698905, 0.37236047224],
      [0.24374992942, 0.23684568172, 0.10684963863, 0.41255475023]
    ],
    [
      [0.6010074989, 0.019954250024, 0.36048181317, 0.018556437901],
      [0.0023907023751, 0.038667199124, 0.9589420985, 0],
      [0.020713744668, 0.85450029484, 0.028046333613, 0.096739626884],
      [0.028379659899, 0.021677646436, 0.46179707215, 0.48814562152],
      [0.24104921506, 0.14120480191, 0.087568078502, 0.53017790453]
    ],
    [
      [0.3273663345, 0.037368386988, 0.62061900259, 0.014646275918],
      [0, 0.040357719328, 0.95806831425, 0.0015739664166],
      [0.00057901679508, 0.92917002141, 0.025914860922, 0.044336100869],
      [0.011851623462, 0.033045906497, 0.64437415881, 0.31072831123],
      [0.13345203827, 0.27722324312, 0.15250520931, 0.43681950929]
    ],
    [
      [0.56358301559, 0.039518613197, 0.37814619033, 0.018752180886],
      [0.0018076841851, 0.068210561041, 0.92822099691, 0.001760757868],
      [0.0099942446194, 0.91962439106, 0.017254872538, 0.053126491778],
      [0.025877732187, 0.041664299084, 0.46529682226, 0.46716114647],
      [0.20133612405, 0.25106706149, 0.081505565644, 0.46609124882]
    ],
    [
      [0.62473163793, 0.024681206773, 0.32913678369, 0.021450371604],
      [0.0030845623291, 0.051486893607, 0.94542854406, 0],
      [0.018169517209, 0.86825560865, 0.020415391801, 0.093159482337],
      [0.02785662993, 0.025193683842, 0.39889763164, 0.54805205459],
      [0.2206020297, 0.15328095411, 0.070377839717, 0.55573917647]
    ],
    [
      [0.354258642, 0.010334023794, 0.62346071648, 0.011946617724],
      [0.0034260169848, 0.010919338101, 0.98282974707, 0.0028248978428],
      [0.016324261808, 0.84839525828, 0.063047587187, 0.072232892726],
      [0.015417812148, 0.014147910174, 0.72667431168, 0.243759966],
      [0.20512532619, 0.15007198019, 0.21703121674, 0.42777147688]
    ],
    [
      [0.64494644055, 0.013159080667, 0.33277753618, 0.0091169426047],
      [0, 0.024572505433, 0.97234827069, 0.0030792238762],
      [0.025507753584, 0.86589639736, 0.039145761013, 0.06945008804],
      [0.042969648899, 0.02066062418, 0.60871705332, 0.3276526736],
      [0.37731288665, 0.13877846729, 0.11819672718, 0.36571191888]
    ],
    [
      [0.62596834106, 0.016700619907, 0.33483448309, 0.022496555946],
      [0, 0.034979345372, 0.96502065463, 0],
      [0.034084573235, 0.80670829845, 0.031318177755, 0.12788895056],
      [0.026871343371, 0.015946520189, 0.38745985454, 0.5697222819],
      [0.22256574688, 0.099839838923, 0.072159103904, 0.6054353103]
    ],
    [
      [0.61387182448, 0.023585575338, 0.33751516946, 0.025027430718],
      [0.001859642862, 0.049681113671, 0.94845924347, 0],
      [0.023662616488, 0.84802972972, 0.021897842398, 0.10640981139],
      [0.025253894293, 0.022138166553, 0.37356127171, 0.57904666744],
      [0.20193859824, 0.13555028717, 0.067003958717, 0.59550715587]
    ],
    [
      [0.45068529413, 0.017063991464, 0.52163181679, 0.010618897617],
      [0.0025624659341, 0.018305646817, 0.97753797445, 0.0015939128024],
      [0.016782361222, 0.87360279114, 0.046070421996, 0.063544425638],
      [0.021126414358, 0.018915291545, 0.67976367983, 0.28019461426],
      [0.24492097694, 0.16898702585, 0.17108810682, 0.41500389038]
    ],
    [
      [0.60455158574, 0.018994522888, 0.36437101254, 0.012082878828],
      [0.0017986338258, 0.034948477313, 0.96123172944, 0.0020211594215],
      [0.020199557337, 0.88283453783, 0.029604887288, 0.067361017545],
      [0.033435073495, 0.024931307501, 0.56213710919, 0.37949650981],
      [0.29627283499, 0.16870593528, 0.10898463598, 0.42603659375]
    ],
    [
      [0.46066343109, 0.019640241803, 0.50714936826, 0.012546958851],
      [0.0019177307096, 0.024948601673, 0.97177774014, 0.0013559274732],
      [0.015653168075, 0.87732367556, 0.040222939735, 0.066800216627],
      [0.021505512572, 0.021126060035, 0.63842933554, 0.31893909186],
      [0.23057373853, 0.17687157279, 0.15295995251, 0.43959473617]
    ],
    [
      [0.45793298052, 0.038619035634, 0.48813747673, 0.015310507121],
      [0.00050610789312, 0.053550617357, 0.94492382053, 0.0010194542215],
      [0.0078357747109, 0.92694065791, 0.020797075442, 0.044426491933],
      [0.019609361441, 0.038540587128, 0.57429873388, 0.36755131755],
      [0.18055634578, 0.27225929139, 0.11664273616, 0.43054162667]
    ],
    [
      [0.79662568021, 0.016677615198, 0.17571145366, 0.010985250938],
      [0.003948054773, 0.058706805099, 0.93012120598, 0.007223934146],
      [0.028416647992, 0.8993146344, 0.010086996948, 0.062181720657],
      [0.06734878308, 0.033296552035, 0.44275015731, 0.45660450757],
      [0.42545263284, 0.15913001254, 0.057424619574, 0.35799273504]
    ],
    [
      [0.53092510785, 0.013198084627, 0.44911139066, 0.0067654168654],
      [0.0015092474188, 0.018507954891, 0.97950523882, 0.00047755886904],
      [0.02349897701, 0.87733103706, 0.048795520768, 0.050374465165],
      [0.030630026424, 0.018763252568, 0.72789638972, 0.22271033129],
      [0.34378496218, 0.16159218324, 0.17532418583, 0.31929866875]
    ],
    [
      [0.39125393925, 0.021969194347, 0.57914565988, 0.0076312065226],
      [0.0066218407002, 0.024655982157, 0.9682706365, 0.00045154064018],
      [0.014338760794, 0.9271520178, 0.025703446319, 0.032805775083],
      [0.017601378792, 0.023900130786, 0.75649354104, 0.20200494938],
      [0.21953389088, 0.24506943179, 0.1880385271, 0.34735815022]
    ],
    [
      [0.6138908467, 0.024781705066, 0.34985487292, 0.011472575318],
      [0.001716516166, 0.046822592101, 0.94977690886, 0.0016839828691],
      [0.014671047978, 0.91725285387, 0.020106680324, 0.047969417829],
      [0.033909203435, 0.033341523579, 0.55837653553, 0.37437273745],
      [0.28609153102, 0.21564447777, 0.099858103428, 0.39840588778]
    ],
    [
      [0.66972078025, 0.010410252028, 0.31301774474, 0.006851222981],
      [0, 0.017094696797, 0.97762774097, 0.0052775622309],
      [0.02027876119, 0.8903247165, 0.038224636349, 0.051171885963],
      [0.045737859383, 0.020644933695, 0.68398728117, 0.24962992576],
      [0.43412838272, 0.14412049866, 0.12711533008, 0.29463578854]
    ],
    [
      [0.67425009165, 0.11323568541, 0.21251422293, 0],
      [0.19604472332, 0.27700624191, 0.52694903476, 0],
      [0, 1, 0, 0],
      [0.25824771464, 0.12524275882, 0.47011319016, 0.14639633638],
      [0.077390385399, 0.069005950981, 0, 0.85360366362]
    ],
    [
      [0.87379113494, 0.0062372661859, 0.1112410077, 0.008730591173],
      [0.0065582519122, 0.031259885235, 0.95509535172, 0.0070865111296],
      [0.058516209972, 0.78973191518, 0.018691610628, 0.13306026422],
      [0.06632438149, 0.012998744756, 0.31297370961, 0.60770316414],
      [0.45013940901, 0.059297596672, 0.041123302106, 0.44943969221]
    ],
    [
      [0.78586350861, 0.0064374172167, 0.20073987264, 0.0069592015355],
      [0.007494082809, 0.021179805313, 0.97132611188, 0],
      [0.060435062184, 0.70503025796, 0.036087437264, 0.19844724259],
      [0.047811315083, 0.0094438554575, 0.34898516405, 0.59375966541],
      [0.34908027545, 0.05173611475, 0.055013298169, 0.54417031164]
    ],
    [
      [0.54270227319, 0.023861986178, 0.41856092473, 0.014874815897],
      [0.0018492423709, 0.038447904004, 0.95830420312, 0.0013986505017],
      [0.015574473018, 0.88881635158, 0.027721523561, 0.067887651844],
      [0.026111851967, 0.026678434906, 0.55010942063, 0.3971002925],
      [0.23812600487, 0.18783805747, 0.11120471734, 0.46283122031]
    ],
    [
      [0.54664983734, 0.024559639026, 0.4156000078, 0.013190515833],
      [0.001836363921, 0.040253011947, 0.95687888961, 0.0010317345227],
      [0.015580222295, 0.89762517839, 0.027498316986, 0.059296282328],
      [0.028042884162, 0.028759083619, 0.57425791255, 0.36894011967],
      [0.25421452181, 0.20112306867, 0.116427254, 0.42823515551]
    ],
    [
      [0.46977934591, 0.019263563392, 0.49975178163, 0.011205309062],
      [0.0020896290171, 0.025645183648, 0.97098889778, 0.0012762895589],
      [0.016781198213, 0.88153005272, 0.04000080603, 0.061687943037],
      [0.022798195013, 0.021648877681, 0.6582265328, 0.29732639451],
      [0.24677144218, 0.18178791667, 0.1580422063, 0.41339843485]
    ],
    [
      [0.5499956957, 0.020207001825, 0.41320553346, 0.016591769019],
      [0.0020905922938, 0.033491981775, 0.96406410273, 0.00035332320333],
      [0.018212168258, 0.86279043386, 0.03223824228, 0.086759155598],
      [0.025849145194, 0.021687152978, 0.52340276581, 0.42906093601],
      [0.23646412121, 0.15326947837, 0.10725054056, 0.50301585986]
    ],
    [
      [0.46956743667, 0.023114476128, 0.49284010765, 0.014477979552],
      [0.0015795543113, 0.031403781351, 0.96557911674, 0.0014375476001],
      [0.013798591251, 0.88498788741, 0.033748372713, 0.067465148626],
      [0.021032465027, 0.023767416448, 0.59895198617, 0.35624813236],
      [0.21388547193, 0.18693316382, 0.1354297216, 0.46375164264]
    ],
    [
      [0.44387928114, 0.046727430244, 0.49506913607, 0.014324152543],
      [2.7555268885e-05, 0.062116112639, 0.93785633209, 0],
      [0.0048167383848, 0.9466616735, 0.01710816873, 0.031413419389],
      [0.018101426084, 0.046506212545, 0.58217236657, 0.3532199948],
      [0.16328459555, 0.32121493608, 0.11058470248, 0.40491576589]
    ],
    [
      [0.66523241393, 0.01428559492, 0.31443709141, 0.0060448997462],
      [0, 0.027860004245, 0.97023908598, 0.0019009097737],
      [0.018646032923, 0.90885493109, 0.03172442521, 0.04077461078],
      [0.047370404355, 0.025552549517, 0.67839418408, 0.24868286205],
      [0.42349697855, 0.17261612747, 0.12354787896, 0.28033901501]
    ],
    [
      [0.77287903673, 0.033825565708, 0.18475700243, 0.0085383951313],
      [0.0035749454446, 0.095456489502, 0.90096856505, 0],
      [0.016240439905, 0.96062049697, 0.0040752018685, 0.019063861252],
      [0.050330133012, 0.065927677316, 0.4630956339, 0.42064655577],
      [0.32705915484, 0.30501411492, 0.054073097282, 0.31385363296]
    ],
    [
      [0.50028677962, 0.033586101181, 0.45467574704, 0.011451372164],
      [0.0011048736598, 0.050326696004, 0.94856843034, 0],
      [0.011994476898, 0.92549159911, 0.022860979674, 0.039652944322],
      [0.024882851233, 0.037533958068, 0.60629791142, 0.33128527928],
      [0.22588617017, 0.26381610381, 0.12346550393, 0.38683222209]
    ],
    [
      [0.425298713, 0.065050385069, 0.4845908178, 0.02506008413],
      [0, 0.08475630029, 0.91273503757, 0.0025086621444],
      [0, 0.94007058212, 0.012453535005, 0.047475882871],
      [0.014243203032, 0.051920540443, 0.45320650299, 0.48062975354],
      [0.083879309069, 0.34834739413, 0.078427756273, 0.48934554052]
    ],
    [
      [0.97969856118, 0.002082107195, 0.016043996992, 0.002175334635],
      [0, 0.057754584402, 0.91315268275, 0.029092732844],
      [0.035649657464, 0.84500263191, 0.014403171244, 0.10494453938],
      [0.23850640171, 0.020577836494, 0.21943419047, 0.52148157132],
      [0.76609562429, 0.048553383373, 0.012693522057, 0.17265747028]
    ],
    [
      [0.72284289014, 0.037764181387, 0.22642249002, 0.012970438455],
      [0.0044832514121, 0.10396142822, 0.89079163721, 0.00076368315606],
      [0.014853486481, 0.93754869242, 0.010031190933, 0.037566630164],
      [0.046601602027, 0.057913745646, 0.41121935976, 0.48426529256],
      [0.28942922926, 0.27526785288, 0.05596124227, 0.37934167558]
    ],
    [
      [0.45304753578, 0.051240553778, 0.47678135497, 0.018930555468],
      [0, 0.070642293926, 0.92840498261, 0.00095272346444],
      [0.0027766686587, 0.93840997649, 0.017030058084, 0.041783296764],
      [0.017409332888, 0.047148540409, 0.51591920428, 0.41952292242],
      [0.14936091793, 0.3045740607, 0.095927757621, 0.45013726376]
    ],
    [
      [0.56702548064, 0.025698210006, 0.39268090121, 0.014595408149],
      [0.00205214331, 0.04425006147, 0.95236117903, 0.0013366161914],
      [0.015343618777, 0.89743312625, 0.024659435738, 0.062563819231],
      [0.028661240053, 0.029771033771, 0.53728099234, 0.40428673383],
      [0.24863682676, 0.19908280602, 0.10399383973, 0.44828652749]
    ],
    [
      [0.49566875444, 0.017876631813, 0.4765759272, 0.0098786865478],
      [0.0021477021789, 0.024632082518, 0.97246255643, 0.0007576588702],
      [0.018801655484, 0.88049420805, 0.041837925409, 0.058866211056],
      [0.025389891192, 0.021199114977, 0.67181091452, 0.28160007931],
      [0.27482462287, 0.17722989657, 0.15974956429, 0.38819591627]
    ],
    [
      [0.42629273325, 0.038076433563, 0.51973534222, 0.015895490967],
      [0, 0.050189981987, 0.94889326434, 0.00091675367519],
      [0.0059279521574, 0.92344149837, 0.023192019326, 0.047438530151],
      [0.017634247017, 0.036297255484, 0.58418610533, 0.36188239217],
      [0.1693326784, 0.26538516521, 0.12438505866, 0.44089709773]
    ],
    [
      [0.25194784952, 0.043278447756, 0.69656225501, 0.0082114477189],
      [0, 0.040726618912, 0.95927338109, 0],
      [0, 0.96521665813, 0.028793786597, 0.0059895552691],
      [0.009736290049, 0.040338880354, 0.75940017163, 0.19052465797],
      [0.097783774035, 0.39858889296, 0.20473268255, 0.29889465046]
    ],
    [
      [0.37943295345, 0.03205185146, 0.57755933063, 0.010955864468],
      [0, 0.039607576862, 0.96039242314, 0],
      [0.0090053966317, 0.92581497957, 0.029244630753, 0.035934993045],
      [0.016462776691, 0.032292820427, 0.6846383332, 0.26660606968],
      [0.18270908656, 0.27281190346, 0.16701505132, 0.37746395866]
    ],
    [
      [0.79875079773, 0.016386171868, 0.17312650571, 0.011736524685],
      [0.0015543446277, 0.063246873443, 0.92970215058, 0.0054966313446],
      [0.028555833486, 0.87808632003, 0.015483613321, 0.077874233167],
      [0.062885782682, 0.030619857989, 0.38532139846, 0.52117296086],
      [0.39324572432, 0.14500756707, 0.052333074368, 0.40941363424]
    ],
    [
      [0.48407995361, 0.03095177488, 0.46927007737, 0.015698194145],
      [0.0010396422467, 0.045035199515, 0.95271130999, 0.0012138482469],
      [0.010692036561, 0.9077966109, 0.024851365486, 0.056659987054],
      [0.021586307958, 0.031563225578, 0.56463517169, 0.38221529478],
      [0.20106328521, 0.22630812942, 0.11742889341, 0.45519969196]
    ],
    [
      [0.46533715073, 0.026792793673, 0.49535984604, 0.012510209556],
      [0.0014968072681, 0.037421112824, 0.96060617433, 0.00047590557992],
      [0.012356102016, 0.90556245579, 0.03009449731, 0.051986944887],
      [0.021939127524, 0.028712304982, 0.62714757097, 0.32220099653],
      [0.22047057112, 0.22280477991, 0.14110382262, 0.41562082636]
    ],
    [
      [0.67008310819, 0.013643450036, 0.30733288122, 0.0089405605529],
      [0, 0.029462462793, 0.96784519571, 0.0026923414955],
      [0.027949437164, 0.86909576728, 0.035348416669, 0.067606378891],
      [0.046004183964, 0.022193406493, 0.59035118801, 0.34145122153],
      [0.38831588871, 0.14168822194, 0.10862049512, 0.36137539423]
    ],
    [
      [0.6094548433, 0.022340176771, 0.35776039891, 0.010444581013],
      [0.0019796257567, 0.042740347202, 0.95445535483, 0.0008246722159],
      [0.018175059273, 0.9047240933, 0.025683829119, 0.05141701831],
      [0.035857864054, 0.030900176903, 0.58504919415, 0.34819276489],
      [0.30840177767, 0.20239227762, 0.11036188726, 0.37884405745]
    ],
    [
      [0.6213716294, 0.021635446408, 0.3421170597, 0.014875864497],
      [0.0019084087924, 0.042857394959, 0.95308970739, 0.0021444888612],
      [0.018112697686, 0.88707268709, 0.023631956765, 0.071182658459],
      [0.032640244002, 0.026487064278, 0.49821056982, 0.4426621219],
      [0.27145051539, 0.16916152356, 0.090774028397, 0.46861393265]
    ],
    [
      [0.56065944956, 0.018215677716, 0.41224409246, 0.0088807802645],
      [0.001415470968, 0.03013893286, 0.96809322945, 0.00035236671938],
      [0.020136883796, 0.89121784558, 0.036056166189, 0.052589104435],
      [0.032383919047, 0.024509996271, 0.65491647247, 0.28818961222],
      [0.31672958103, 0.18371618879, 0.1407620812, 0.35879214898]
    ],
    [
      [0.86079644631, 0.0051223467232, 0.13150038181, 0.0025808251618],
      [0, 0.0038112614014, 0.99141252941, 0.004776209187],
      [0.032126978883, 0.86381177381, 0.054722081391, 0.049339165912],
      [0.099771795416, 0.018001490359, 0.68481050181, 0.19741621242],
      [0.72678474385, 0.062597988379, 0.07793040952, 0.13268685825]
    ],
    [
      [0.57303949117, 0.041322766707, 0.37182239388, 0.013815348247],
      [0.0014211920957, 0.073745857343, 0.92483295056, 0],
      [0.010497828123, 0.9380849017, 0.015861903621, 0.035555366555],
      [0.029454089491, 0.048842038603, 0.52024456302, 0.40145930888],
      [0.22681560785, 0.28955595433, 0.088989610647, 0.39463882718]
    ],
    [
      [0.60426975443, 0.018420478123, 0.36705255845, 0.01025720899],
      [0.0012821655382, 0.034371622841, 0.96299922702, 0.0013469846028],
      [0.021301224967, 0.88867322915, 0.031338179915, 0.058687365969],
      [0.036324649411, 0.025683741711, 0.60029393437, 0.3376976745],
      [0.3228083287, 0.17583707857, 0.11839786851, 0.38295672422]
    ],
    [
      [0.98002114038, 0.0075873162816, 0.011398451962, 0.000993091379],
      [0.00066131308192, 0.04275177525, 0.95658691167, 0],
      [0.0074542957257, 0.98049096126, 0.012054743011, 0],
      [0.19083463013, 0.050307251216, 0.75885811866, 0],
      [0.666872438, 0.27761270953, 0.055514852472, 0]
    ],
    [
      [0.61071854746, 0.016522073072, 0.35536757704, 0.017391802433],
      [0.0015388420624, 0.032461360857, 0.96599979708, 0],
      [0.026282522575, 0.8350450796, 0.033075641935, 0.10559675589],
      [0.029939380732, 0.018634767847, 0.47320834743, 0.47821750399],
      [0.25839636353, 0.12337099539, 0.091121650049, 0.52711099102]
    ],
    [
      [0.57069654808, 0.020872507332, 0.39162611634, 0.016804828248],
      [0.0022394865545, 0.035747223796, 0.96068858556, 0.0013247040852],
      [0.017238569924, 0.8710030424, 0.027769217067, 0.083989170606],
      [0.026255153339, 0.023000032433, 0.49874028439, 0.45200452984],
      [0.23253425292, 0.15687991287, 0.09683219003, 0.51375364418]
    ],
    [
      [0.56857392182, 0.016882103755, 0.3956271121, 0.018916862326],
      [0.00038671589677, 0.02989804564, 0.96971523846, 0],
      [0.027323637033, 0.82726544382, 0.036019631357, 0.10939128779],
      [0.025529457205, 0.017333008784, 0.47937793062, 0.47775960339],
      [0.23033612056, 0.12035408045, 0.096938951613, 0.55237084738]
    ],
    [
      [0.69727435277, 0.010378401726, 0.28311111546, 0.0092361300418],
      [0, 0.021709709918, 0.97468813697, 0.0036021531134],
      [0.03286254003, 0.8393174836, 0.040905711924, 0.086914264444],
      [0.048650304503, 0.017493281939, 0.56554906479, 0.36830734876],
      [0.40667767503, 0.11044853984, 0.10176334557, 0.38111043956]
    ],
    [
      [0.67388625087, 0.014689117273, 0.29248573718, 0.018938894673],
      [0, 0.036428602202, 0.9635713978, 0],
      [0.038610368426, 0.8042834613, 0.030594524015, 0.12651164626],
      [0.033388235689, 0.01634407584, 0.39438956889, 0.55587811958],
      [0.26605494199, 0.098170623754, 0.070169136878, 0.56560529738]
    ],
    [
      [0.53171161073, 0.018229552364, 0.4341951155, 0.015863721409],
      [0.0024732412249, 0.027241614319, 0.96955723023, 0.0007279142228],
      [0.018507112078, 0.8566633823, 0.035996953414, 0.088832552203],
      [0.024322457455, 0.01943487053, 0.54639979659, 0.40984287542],
      [0.23427486063, 0.14507238515, 0.11625492583, 0.50439782838]
    ],
    [
      [0.52359563945, 0.02834095677, 0.43504845166, 0.013014952124],
      [0.00174596176, 0.044607700422, 0.9531641385, 0.0004821993146],
      [0.013185892376, 0.91003413203, 0.025282777628, 0.051497197964],
      [0.026212082721, 0.032218411892, 0.58448470063, 0.35708480476],
      [0.23827919449, 0.22619030946, 0.11909895752, 0.41643153854]
    ],
    [
      [0.65201624875, 0.020997831687, 0.30817235, 0.018813569564],
      [0.0034889822587, 0.047105698661, 0.94916815131, 0.00023716777497],
      [0.02033668125, 0.86259383979, 0.022267862039, 0.094801616923],
      [0.031962054113, 0.023986505404, 0.41576186166, 0.52828957883],
      [0.25211924263, 0.14442649597, 0.072663719879, 0.53079054152]
    ],
    [
      [0.75818899746, 0.012040797407, 0.22137411801, 0.0083960871224],
      [0, 0.036893452172, 0.95857615882, 0.0045303890061],
      [0.033617530596, 0.86719868523, 0.027993481922, 0.071190302252],
      [0.061504828965, 0.023819526271, 0.52453331772, 0.39014232704],
      [0.44500070683, 0.12714491291, 0.080793436494, 0.34706094377]
    ],
    [
      [0.55228883358, 0.021539248667, 0.41312657553, 0.013045342219],
      [0.0018810706687, 0.035234744245, 0.96138777732, 0.0014964077669],
      [0.017114046713, 0.88776934869, 0.030176207232, 0.064940397362],
      [0.028299711889, 0.02556623167, 0.5767340026, 0.36940005385],
      [0.26196146754, 0.18252126866, 0.11855012929, 0.43696713451]
    ],
    [
      [0.61301715304, 0.01748929146, 0.3607681527, 0.0087254027937],
      [0.0012156328508, 0.033114265127, 0.96484721558, 0.00082288643891],
      [0.022252019386, 0.89131015577, 0.032826608765, 0.05361121608],
      [0.037907066087, 0.025715420012, 0.62770603412, 0.30867147978],
      [0.3453560671, 0.17730585934, 0.12421485728, 0.35312321627]
    ],
    [
      [0.41887938182, 0.052884523642, 0.51089160324, 0.017344491295],
      [0, 0.068683650511, 0.93129326713, 2.3082359785e-05],
      [0.00064823261261, 0.94353910958, 0.018667394575, 0.037145263234],
      [0.016577229449, 0.048246671303, 0.55119616758, 0.38397993167],
      [0.1451427791, 0.32174630891, 0.10698241578, 0.42612849621]
    ],
    [
      [0.52306205289, 0.03964845247, 0.41349498614, 0.023794508507],
      [0.00077885767207, 0.063115399041, 0.93371696175, 0.0023887815409],
      [0.0082148976476, 0.90790882898, 0.017572917121, 0.066303356255],
      [0.020121895567, 0.035538283933, 0.4331285475, 0.511211273],
      [0.16406421209, 0.22393374364, 0.078634649759, 0.53336739451]
    ],
    [
      [0.55330963573, 0.059131703025, 0.350954016, 0.036604645242],
      [0, 0.10387374362, 0.89150623469, 0.0046200216883],
      [0.0032146769756, 0.91424347731, 0.012170008098, 0.070371837621],
      [0.016496872248, 0.042762947338, 0.29642088462, 0.6443192958],
      [0.12029926921, 0.23932052457, 0.047612842864, 0.59276736335]
    ],
    [
      [0.66666666667, 0.060606104329, 0.272727229, 0],
      [0, 0.90909092367, 0.090909076335, 0],
      [0, 0.90909076335, 0.090909236653, 0],
      [0.02740493915, 0.029233377278, 0.53797092634, 0.40539075723],
      [0.24003787036, 0.19796724008, 0.10619059329, 0.45580429628]
    ],
    [
      [0.62540637053, 0.028054067701, 0.27207457253, 0.074464989237],
      [0, 0.074498983795, 0.9255010162, 0],
      [0.02353128564, 0.77873527184, 0.012236512345, 0.18549693018],
      [0.012272794833, 0.014860007657, 0.14222409839, 0.83064309912],
      [0.092444758303, 0.072074491616, 0.02415452206, 0.81132622802]
    ],
    [
      [0.51532189809, 0.031088040387, 0.43773048929, 0.015859572233],
      [0.0013503459896, 0.048294938203, 0.94920575679, 0.0011489590183],
      [0.011596298168, 0.90790242839, 0.023377589852, 0.057123683595],
      [0.023956415755, 0.032760807707, 0.54441283345, 0.39886994309],
      [0.21266357953, 0.22463154384, 0.10858738684, 0.45411748978]
    ],
    [
      [0.49963413964, 0.027565010501, 0.45013770227, 0.022663147596],
      [0.0013753036023, 0.042633045497, 0.95545903346, 0.00053261744517],
      [0.011790609476, 0.87522380517, 0.025275444344, 0.087710141007],
      [0.018902171203, 0.024312399282, 0.46716746413, 0.48961796539],
      [0.17086728001, 0.16875799443, 0.093614418491, 0.56676030707]
    ],
    [
      [0.69005716342, 0.019875154227, 0.2776960536, 0.012371628747],
      [0.002118418299, 0.048758646668, 0.94656194116, 0.0025609938769],
      [0.023436030756, 0.88669211347, 0.02196523209, 0.067906623688],
      [0.045593888228, 0.029505214045, 0.49291831963, 0.4319825781],
      [0.33860535827, 0.16876943311, 0.081878854968, 0.41074635365]
    ],
    [
      [0.54031764016, 0.022992851457, 0.42108242629, 0.015607082094],
      [0.0017158044634, 0.03727579402, 0.9593579341, 0.0016504674136],
      [0.015300840247, 0.8863879142, 0.027806412103, 0.070504833448],
      [0.025765031825, 0.025694824159, 0.5427667579, 0.40577338611],
      [0.23409789112, 0.18109963774, 0.1096856345, 0.47511683664]
    ]
  ],
  "expected_outcome": [
    [
      [7.2392416322, 24.0402999561, 2.9462970105, 86.7917844006, 28.1129237068, 36.8428987681, 24.5079647408, 38.8100371455, 25.7826166281, 5.8589088237, 15.1137896435, 26.7184790031, 13.280056435, 13.5426365635, 10.618502157, 2.3475236355, 8.5944718538, 5.357766242, 1.3485001833, 6.1165379446, 19.6465877152, 19.537281835, 39.3587882887, 18.3213944906, 32.9997417419, 13.6174556635, 2.6632756869, 7.9827889671, 0.77287903673, 78.5450243999, 4.678285843, 0, 9.3969575718, 7.7018081083, 23.2480447061, 7.4350313166, 30.2667840607, 3.2753220437, 6.4503602086, 11.981261966, 30.0129571237, 41.8803435656, 19.4324101375, 14.017461396, 21.7480070289, 17.3804429364, 3.4431857852, 18.9103032085, 48.3415803548, 0, 24.4287418982, 15.9795033464, 34.6830092308, 11.8536639971, 35.0420850453, 10.6342322146, 65.9730505703, 20.2125037112, 13.6474019543, 26.5098640118, 12.2603430609, 30.1593154914, 24.5839164856, 7.1930252645, 2, 16.8859720043, 128.3151526236, 14.4893900495, 156.6429760972, 40.5238230118],
      [0.3864515421, 0.79817000098, 0.33631548289, 6.0858664323, 1.1106543048, 1.0747384746, 0.50004506533, 1.0354384342, 0.99059416421, 0.22183188903, 0.47486307219, 1.1391340246, 1.1199520334, 0.28351945836, 0.26396169254, 0.13181516608, 0.34694387092, 0.083282016227, 0.22647137083, 0.043660863301, 0.16093543042, 0.85903150242, 1.7682940099, 0.75127897228, 1.2124201095, 0.67031980771, 0.28036458147, 0.17142713905, 0.033825565708, 5.2730178854, 0.71555423575, 0, 0.49093435803, 0.87108941423, 1.0536266103, 0.26814947719, 2.703426783, 0.56261982083, 0.54488147482, 0.24579257802, 1.9190100426, 2.4113514306, 0.39566005105, 0.51382406573, 0.75724062427, 0.56468600919, 0.020489386893, 1.3636513013, 1.4736382498, 0, 0.66088292289, 0.58443020528, 1.0298083291, 0.17643282934, 0.76383409819, 0.36459104729, 3.5709605531, 0.6509327823, 0.21673435332, 1.033883936, 0.3497858292, 3.8076857022, 1.8634772661, 0.76871213932, 0.18181831299, 0.75745982793, 7.7409220564, 0.79938530454, 4.5116600094, 1.7244638593],
      [5.2070224291, 14.4192725269, 5.5855710233, 58.2345133107, 14.8111552662, 64.8399145141, 12.6455463748, 20.7597379516, 14.1756371175, 6.7812136182, 9.1092753136, 29.414663359, 14.1559868251, 2.9870947122, 8.9822278132, 3.4748739593, 4.8979682209, 2.5041419579, 0.42502844586, 0.77868705392, 5.018496816, 15.0681932903, 29.9232005614, 19.4903194837, 24.7923320074, 14.2923631218, 2.9704148164, 3.7732450969, 0.18475700243, 71.384092285, 5.3304989958, 0, 2.9434923703, 8.1052830345, 16.0999169495, 7.148638908, 36.9012092976, 9.0553093151, 9.8185086206, 2.5968975857, 29.0947447967, 44.5823861438, 8.9126535554, 8.228489175, 11.9740970894, 12.7795668662, 0.52600152723, 12.270138998, 29.3642046762, 0, 14.2147030815, 10.9655312574, 24.1332538383, 4.8128889628, 15.2092583335, 8.6839023099, 54.8161049089, 9.5533428501, 3.9847341242, 19.8300756257, 7.215363054, 36.7841954332, 19.4342643485, 4.562402208, 0.81818168701, 7.3460134584, 108.994891834, 13.0539933657, 63.0370041677, 31.5811819719],
      [0.16728439658, 0.74225751602, 0.13181648326, 2.8878358564, 0.96526672218, 1.2424482433, 0.34644381898, 1.3947864687, 1.0511520902, 0.13804566902, 0.30207197071, 0.72772361338, 0.4440047065, 0.18674926595, 0.13530833731, 0.045787239136, 0.16061605445, 0.054809783848, 0, 0.061114138211, 0.17398003839, 0.5354933723, 0.94971714, 0.43700705341, 0.99550614116, 0.419861407, 0.085944915256, 0.072538796955, 0.0085383951313, 1.7978654298, 0.27566092543, 0, 0.16861569991, 0.32181944296, 0.59841173413, 0.14818029822, 1.1285798587, 0.10674882035, 0.18624969595, 0.17604787027, 0.97328803701, 1.1259188601, 0.25927625603, 0.2402253633, 0.5206552574, 0.2753041882, 0.010323300647, 0.45590649214, 0.8205767192, 0, 0.69567209734, 0.47053519096, 1.1539286019, 0.15701421071, 0.98482252298, 0.31727442817, 1.6398839677, 0.58322065647, 0.1511295682, 0.62617642649, 0.17450805587, 1.2488033732, 1.1183418998, 0.47586038814, 0, 2.0105547094, 3.9490334861, 0.65723128028, 2.8083597256, 1.170531157]
    ],
    [
      [0.31585138088, 1.0877695807, 0, 1.1008796687, 0.64467352678, 0.45908627596, 0, 0, 0.60438393015, 0.44074414067, 0.36152539898, 0.699971709, 0.10830708913, 0.16581830047, 0.12375828834, 0.099327610503, 0.072093678973, 0, 0.98022361662, 0.1639562978, 0.3297396436, 0.28108484037, 1.0595819824, 0.43464283556, 1.0536585161, 0.5291506943, 0.00096443441099, 0, 0.025024618112, 0.34582545553, 0, 0, 0.43487538698, 0, 1.0034980786, 0.42524503141, 0, 0, 0, 0.32796671645, 0.53749504152, 0.78732062302, 0, 0.57409146944, 0.1774820177, 0.27318589683, 0, 0.26718411398, 0.28079425286, 0.00066131308192, 0.66324092888, 0.21275122268, 0.20495942529, 0, 0, 0.46991583273, 0.97424666206, 0.8024659195, 0, 0.55679691793, 0.26136106293, 0, 0.15655039209, 0, 0, 0, 1.6784800651, 0.34657650778, 1.7053267307, 0.18359107758],
      [6.3646955327, 17.5935756015, 3.1479021076, 41.5402316737, 10.7607607639, 1.4631913055, 6.929446532, 13.6069653496, 16.146361943, 3.1485712526, 7.02464394, 9.1062396107, 11.4598321145, 2.4656858142, 1.5176523011, 0.36983973235, 1.9665488682, 0.47865151031, 1.3850312096, 0.78149713088, 0.93191143376, 5.8440814085, 23.2259878932, 5.3341981987, 16.8799588145, 10.5202667525, 2.1740639424, 0.86366013158, 0.66819542652, 15.7522558494, 2.8817142099, 2.3679379605, 10.0842585377, 9.7486365618, 21.6382800588, 4.8771523387, 31.3185487597, 9.8151151579, 7.8026926419, 13.3450902965, 23.283198149, 19.6835053455, 7.2477658471, 12.3947006886, 3.9857377312, 5.8168140419, 0.099092796436, 13.8642211805, 7.5273854022, 0.04275177525, 13.9908465295, 3.3959862606, 15.8459641893, 5.1669109604, 11.5842955001, 5.1759067205, 24.8910968356, 10.8343106921, 5.4233374693, 10.4294842966, 7.1195670023, 26.0311035437, 12.6861952072, 9.2447631821, 0.90909092367, 29.9485914858, 60.030608186, 10.7435274653, 39.2507105675, 3.9885099601],
      [122.2202811708, 436.3186548178, 74.7293285119, 565.286587116, 197.5945657093, 131.6991861076, 274.2022123349, 375.3930346504, 308.2492541268, 168.1365316048, 193.2075776173, 354.6988751526, 202.213697593, 39.0650906512, 80.3194295833, 14.5240595475, 39.8906301723, 27.3735767472, 2.6347451738, 23.8773837931, 42.7383489226, 145.6622388748, 552.1191193048, 201.9656907375, 485.8883077749, 323.4690041071, 32.8249716232, 30.0774116654, 6.3067799554, 296.9019186951, 31.0329912772, 37.4392599929, 86.4067888092, 128.1198876001, 465.704616545, 192.5475861736, 592.109396947, 231.1848848421, 189.1973073581, 196.1671537734, 492.5517472658, 505.2788476964, 238.089918145, 276.7920528993, 88.637342787, 186.8419932844, 25.7767257647, 173.8685947055, 210.8968307169, 0.95658691167, 416.3459125416, 91.2654156286, 513.9490763854, 231.9757765986, 306.4157044999, 184.2158737444, 531.8655892848, 218.3086748002, 140.9106953468, 284.5707820864, 207.4421513504, 352.9601482419, 187.677109311, 79.3440548876, 0.090909076335, 372.0514085142, 1179.8627556891, 240.7756764308, 761.9823626309, 102.651298949],
      [0.09917191563, 0, 0.1227693805, 1.0723015416, 0, 0.37853631094, 0.86834113307, 0, 0, 0.27415300201, 0.40625304371, 0.49491352773, 0.2181632034, 0.30340523413, 0.039159827262, 0.0067731096027, 0.070727280502, 0.14777174247, 0, 0.17716277824, 0, 0.21259487626, 0.59531081963, 0.26546822825, 0.17807489448, 0.48157844603, 0, 0.058928202984, 0, 0, 0.085294512911, 1.1928020466, 0.074077266138, 0.13147583809, 0.65360531759, 0.1500164563, 0.57205429332, 0, 0, 1.1597892137, 0.62755954362, 0.25032633504, 0.6623160079, 0.23915494261, 0.19943746409, 0.068006776839, 0.12418143886, 0, 0.29498962802, 0, 0, 0.1258468881, 0, 0.85731244099, 0, 0.13830370233, 0.26906721755, 0.054548588244, 0.6659671839, 0.44293669901, 0.17692058437, 0.0087482143586, 0.48014508972, 0.41118193026, 0, 0, 1.4281560598, 0.13421959618, 2.0616000709, 0.17660001326]
    ],
    [
      [1.1029259111, 3.7699015295, 0.055006595533, 5.2569726698, 2.7435970985, 0.89783439946, 2.270190069, 6.0329694626, 3.1234653764, 0.85590042231, 2.0199557337, 2.3323220431, 0.90894986646, 1.0514159757, 0.91646010339, 0.20074265111, 0.41078934338, 0.425853985, 0, 0.81922693961, 1.3900064302, 5.0305547848, 10.0180829355, 3.1380840658, 5.0083462709, 2.5527393814, 0.46722362333, 0.42885875722, 0.81202199526, 2.5668180561, 0, 1.1051393814, 3.0004042691, 0.5247903765, 6.0300421793, 3.1586781213, 3.0825351218, 0, 1.2157285453, 4.5118216908, 5.2177138416, 4.5099772358, 2.7949437164, 2.5263332389, 0.52526823289, 2.3761522879, 0.5782856199, 3.9471833741, 2.0449175969, 0.14163161879, 4.7045715409, 1.4997555834, 5.6286692289, 2.3332403421, 5.2123997375, 1.3325120696, 5.854536215, 2.0946781687, 2.1515219582, 2.5157648668, 2.3142100161, 0.34161858685, 1.5279709625, 0.44362542263, 0, 6.6122912648, 13.277761402, 1.2733858234, 14.6006471611, 1.6983932674],
      [78.9914258575, 155.51905366, 88.2711520343, 483.7224297002, 131.1065969067, 46.6617392053, 77.0647793653, 142.7873688255, 111.9399243232, 44.5537423484, 88.283453783, 130.7212276589, 107.525116318, 33.2746414729, 34.2159104452, 12.9801282493, 25.6830799084, 18.6968190464, 2, 11.0562468125, 16.2156959332, 287.0876815593, 577.1729897056, 164.8461198586, 237.2673693127, 163.7227591709, 91.8261823291, 20.903663415, 48.0310248487, 198.0552022089, 128.789669751, 26.1950815892, 189.3848358693, 177.3594855572, 352.691218618, 147.9230269526, 480.1895791501, 182.4259483873, 124.9850222421, 138.7376385642, 443.0047461193, 330.5302963623, 86.9095767276, 125.7566489685, 25.7251079256, 105.1637057785, 15.5486119287, 352.71992304, 85.3126299982, 18.629328264, 149.4730692483, 75.7772646891, 170.4166814278, 59.5915413358, 108.5782672751, 61.679763526, 404.0551546224, 88.8471654981, 55.5007158547, 130.5020942578, 92.6962562, 497.2451107473, 168.8710421895, 126.1655998682, 0.90909076335, 218.8246113871, 1039.5482805014, 94.5241709587, 552.4091866888, 98.3890584764],
      [1.8146380765, 5.1044327176, 2.4619117876, 9.076062955, 3.0827241619, 3.4676172953, 3.4839727302, 5.5433174626, 2.8905151966, 2.3495915218, 2.9604887288, 5.9932180205, 2.4124607513, 0.37321888708, 1.90302531, 0.35984824847, 0.56298704906, 0.80271736333, 0, 0.26168254879, 0.83001105707, 8.9540521102, 17.6814178223, 7.4801507277, 8.8655166269, 6.243448952, 1.6594923668, 0.72966177983, 0.20376009342, 4.8922496502, 1.7061342956, 0.44649830855, 2.0263005685, 3.2186809779, 9.691158245, 7.0287714687, 12.0598500498, 5.4420256669, 3.9480251516, 2.4464109047, 12.127466357, 10.9844915181, 3.5348416669, 3.5700522475, 0.68532674618, 4.2546276103, 0.98499746503, 5.9640757614, 3.0084652719, 0.2290401172, 5.9205399063, 2.4159218848, 7.4200440596, 2.9043055466, 4.130260742, 2.5917806458, 11.2255532667, 2.2935897901, 1.791582843, 4.4359024631, 3.4139673115, 9.8377169413, 3.2685625846, 1.6794611175, 0.090909236653, 3.4384599689, 26.7673403808, 2.7297479891, 13.6843395923, 3.0865117434],
