{
  "Z_true": {},
  "V_true": [
    [191, 339, 224, 15613, 1369],
    [368, 491, 5387, 819, 805],
    [29, 953, 186, 388, 123],
    [352, 85, 295, 979, 1312]
  ],
  "p_true": [
    [0.0108, 0.0191, 0.0126, 0.8803, 0.0772],
    [0.0468, 0.0624, 0.6845, 0.1041, 0.1023],
    [0.0173, 0.5676, 0.1108, 0.2311, 0.0733],
    [0.1164, 0.0281, 0.0976, 0.3239, 0.434]
  ],
  "Z_est": [
    [
      [0.1558, 0, 3.5717, 0.8248, 0, 0.2467, 2.3264, 12.5441, 12.1802, 4.4885, 1.336, 1.3894, 0.6709, 0, 5.3948, 2.9822, 0, 0, 1.0232, 0, 0, 4.4751, 6.4872, 0, 0, 1.6937, 1.8309, 0, 11.5747, 0, 0, 0, 1.3828, 0, 0],
      [0.3752, 0, 8.3636, 0.1473, 4.2436, 0.594, 6.4836, 18.1448, 10.1952, 10.8073, 7.0956, 3.3454, 1.6154, 0, 0.4973, 7.1805, 4.8252, 0, 6.4762, 5.0737, 3.064, 0.5013, 9.7424, 0.8589, 9.425, 0.8442, 13.4399, 0, 18.6771, 8.1778, 5.5895, 7.9018, 1.1147, 10.2489, 0],
      [0.4008, 0.8762, 5.8418, 4.0172, 81.5103, 0.6346, 0, 0, 6.2275, 11.5447, 6.0841, 0, 1.7256, 8.6076, 4.8048, 7.6705, 8.7829, 7.6236, 13.3357, 0, 6.5194, 5.533, 7.9556, 3.1247, 0, 10.3348, 0, 0, 0, 0.0156, 0, 27.0363, 4.5786, 0, 9.1765],
      [31.9991, 263.7442, 688.2226, 230.3686, 1032.1224, 50.6653, 632.5116, 604.3828, 456.6577, 921.753, 474.2617, 284.8724, 137.7741, 699.3709, 175.4342, 612.428, 433.3446, 781.8985, 703.9028, 600.8727, 251.387, 171.802, 581.8349, 385.6615, 384.2931, 61.222, 377.5643, 178.162, 632.098, 385.6097, 56.9704, 641.7403, 180.3087, 1563.3911, 75.5535],
      [3.0691, 29.3796, 91.0003, 15.642, 59.1237, 4.8594, 55.6785, 42.9283, 53.7394, 88.4065, 48.2226, 31.3929, 13.2141, 60.0215, 8.8689, 58.7388, 16.0472, 92.4779, 73.262, 70.0536, 33.0297, 10.6886, 57.9799, 34.3549, 36.2818, 6.9054, 30.1649, 23.838, 42.6502, 17.197, 8.4401, 41.3216, 6.6152, 220.3599, 0.27]
    ],
    [
      [3.4597, 7.6968, 22.535, 1.3334, 56.5282, 2.1907, 14.3344, 35.4204, 15.2011, 70.3191, 5.8671, 9.332, 21.6247, 3.4948, 3.9336, 69.6269, 5.7339, 16.5196, 6.2005, 5.1021, 0, 2.5335, 13.801, 6.7861, 3.1987, 6.4684, 13.1331, 5.802, 28.4021, 1.6001, 0.5144, 30.2078, 5.2004, 32.1242, 1.2227],
      [6.242, 0, 16.7332, 0.9901, 43.7639, 2.9556, 10.6439, 18.4165, 11.2875, 48.4728, 4.3566, 6.773, 2.6965, 2.4729, 2.9209, 34.8411, 5.9017, 16.5225, 4.6041, 5.0992, 8.0093, 1.8813, 10.2479, 6.3368, 3.1684, 1.5193, 5.7583, 3.8348, 41.1577, 1.1882, 1.6832, 30.4372, 3.8615, 25.7434, 0.1497],
      [52.5972, 92.1177, 253.1363, 14.9785, 664.4584, 45.3627, 157.9808, 267.9812, 170.7547, 847.4134, 65.9053, 69.9891, 180.2683, 85.3773, 44.1865, 579.2964, 79.2002, 279.3487, 69.6499, 75.9849, 59.4687, 28.4591, 155.0273, 95.8623, 35.9926, 60.6629, 45.9913, 70.9937, 298.9738, 17.9742, 20.9971, 390.9384, 58.4161, 368.9552, 42.8208],
      [0.7196, 17.7733, 30.7227, 1.8179, 80.3516, 2.6163, 22.5804, 33.8131, 20.7242, 92.0847, 7.9988, 9.3622, 8.4728, 17.6387, 5.3628, 78.323, 9.544, 33.904, 8.4533, 10.8296, 7.0898, 3.454, 18.8154, 13.3825, 18.8241, 7.3625, 6.8172, 9.6349, 38.7215, 2.1815, 3.0904, 47.4474, 7.0898, 47.2656, 9.3427],
      [12.9815, 5.4123, 14.8728, 0.88, 38.898, 9.8748, 9.4605, 16.3688, 10.0325, 3.7099, 3.8722, 7.5437, 12.9377, 5.0163, 2.5961, 25.9126, 4.6202, 26.7052, 4.0922, 5.9842, 3.4322, 1.6721, 9.1085, 5.6323, 2.8161, 4.9869, 3.3002, 15.7347, 18.745, 1.0561, 7.7149, 22.9692, 3.4322, 45.9115, 2.4641]
    ],
    [
      [0.8503, 1.7006, 6.1949, 0.7288, 10.3248, 0.8503, 9.3531, 8.1384, 8.9887, 20.2852, 3.0367, 2.4294, 5.1017, 5.5876, 3.4011, 12.7542, 4.8587, 12.2683, 3.0367, 4.9802, 5.5876, 1.9435, 8.2599, 5.8305, 3.887, 1.2147, 3.7655, 2.5508, 14.2118, 1.5791, 0.7288, 10.2034, 3.0367, 14.2118, 2.065],
      [5.1799, 9, 37.7396, 4.44, 62.8993, 5.1799, 56.9794, 49.5795, 54.7594, 123.5787, 18.4998, 14.7998, 31.0797, 34.0396, 20.7198, 77.6992, 29.5997, 74.7392, 18.4998, 30.3397, 34.0396, 11.8399, 50.3195, 35.5196, 23.6798, 7.3999, 22.9398, 15.5398, 86.5791, 9.6199, 4.44, 62.1594, 18.4998, 86.5791, 12.5799],
      [0, 0, 0, 0, 0, 0, 0, 0, 0, 0, 0, 0, 0, 0, 0, 0, 0, 0, 0, 0, 0, 0, 0, 0, 0, 0, 0, 0, 0, 0, 0, 0, 0, 0, 0],
      [0.9698, 1.9395, 7.0655, 0.8312, 11.7758, 0.9698, 10.6675, 9.2821, 10.2519, 23.136, 3.4635, 2.7708, 5.8186, 6.3728, 3.8791, 14.5466, 5.5416, 13.9925, 3.4635, 5.6801, 6.3728, 2.2166, 9.4207, 6.6499, 4.4333, 1.3854, 4.2947, 2.9093, 16.2091, 1.801, 0.8312, 11.6373, 3.4635, 16.2091, 2.3552],
      [0, 1.3599, 0, 0, 0, 0, 0, 0, 0, 0, 0, 0, 0, 0, 0, 0, 0, 0, 0, 0, 0, 0, 0, 0, 0, 0, 0, 0, 0, 0, 0, 0, 0, 0, 0]
    ],
    [
      [0.5342, 1.6027, 5.6984, 1.113, 8.147, 0.7123, 4.9861, 4.8971, 4.63, 10.9072, 2.7602, 2.8492, 1.6027, 3.9177, 2.2705, 8.6367, 4.4074, 7.2121, 3.7396, 3.9177, 2.4124, 2.0479, 4.4519, 3.3834, 1.9143, 0.6233, 2.2705, 1.6472, 6.8114, 0.8208, 0.7568, 6.5888, 1.3801, 11.664, 0.7123],
      [0.2028, 0, 2.1635, 0.4226, 3.0932, 0.2704, 1.8931, 1.8593, 1.7579, 4.1412, 1.048, 1.0818, 0.6085, 1.4874, 0.862, 3.2791, 1.6734, 2.7382, 1.4198, 1.4874, 1.8871, 0.7775, 1.6903, 1.2846, 0.7268, 0.2366, 0.862, 0.6254, 2.5861, 1.0142, 0.2873, 2.5016, 0.524, 4.4285, 0.2704],
      [0.0021, 0.0062, 0.0219, 0.0043, 0.0313, 0.0027, 0.0192, 0.0188, 0.0178, 0.0419, 0.0106, 0.0109, 0.0062, 0.0151, 0.0087, 0.0332, 0.0169, 0.0277, 0.0144, 0.0151, 0.012, 0.0079, 0.0171, 0.013, 0.0074, 0.0024, 0.0087, 0.0063, 0.0262, 0.0103, 0.0029, 0.0253, 0.0053, 0.0448, 0.0027],
      [4.3115, 13.543, 45.9892, 8.9823, 65.7502, 5.7487, 40.2406, 39.522, 37.3662, 88.0262, 22.276, 22.9946, 12.9345, 31.6176, 18.3238, 69.7024, 35.5698, 58.2051, 30.1804, 31.6176, 25.1503, 16.5274, 35.9291, 27.3061, 15.4495, 5.0301, 18.3238, 13.2938, 54.9715, 23.4078, 6.1079, 53.175, 11.138, 94.1342, 5.7487],
      [6.9494, 20.8482, 74.1269, 14.4779, 105.9783, 9.2659, 64.8611, 63.7028, 60.2281, 141.8835, 35.9052, 37.0635, 20.8482, 50.9623, 29.5349, 112.3486, 57.3325, 93.8169, 48.6458, 50.9623, 40.5382, 26.6394, 57.9117, 44.0129, 24.902, 8.1076, 29.5349, 21.4273, 88.6048, 34.747, 9.845, 85.7092, 17.9526, 151.7285, 9.2659]
    ]
  ],
  "V_est": [
    [76.5792, 185.0495, 243.9621, 15744.1859, 1486.2234],
    [527.4484, 390.6711, 5847.5208, 733.6124, 370.7474],
    [203.9457, 1241.0872, 0, 232.6073, 1.3599],
    [132.0268, 51.1923, 0.5172, 1088.5945, 1750.6693]
  ],
  "p_est": [
    [0.0043, 0.0104, 0.0138, 0.8877, 0.0838],
    [0.067, 0.0496, 0.743, 0.0932, 0.0471],
    [0.1215, 0.7392, 0, 0.1385, 0.0008],
    [0.0437, 0.0169, 0.0002, 0.3601, 0.5791]
  ],
  "EI_Z": {},
  "EI_V": 6.2678,
  "MAE_Z": {},
  "MAE_V": 189.9637,
  "MAE_p": 0.0551,
  "runtime": 0.6678
}
