{
  "Z_true": {},
  "V_true": [
    [191, 339, 224, 15613, 1369],
    [368, 491, 5387, 819, 805],
    [29, 953, 186, 388, 123],
    [352, 85, 295, 979, 1312]
  ],
  "p_true": [
    [0.0108, 0.0191, 0.0126, 0.8803, 0.0772],
    [0.0468, 0.0624, 0.6845, 0.1041, 0.1023],
    [0.0173, 0.5676, 0.1108, 0.2311, 0.0733],
    [0.1164, 0.0281, 0.0976, 0.3239, 0.434]
  ],
  "Z_est": [
    [
      [0.155, 0, 3.5545, 0.8233, 0, 0.2454, 2.3146, 12.4784, 12.1681, 4.4651, 1.3307, 1.3822, 0.6674, 0, 5.391, 2.9667, 0, 0, 1.0171, 0, 0, 4.4723, 6.4761, 0, 0, 0.3488, 1.8213, 0, 11.5533, 0, 0, 0, 1.3788, 0, 0],
      [0.3672, 0, 8.1988, 0.1081, 4.0709, 0.5814, 6.3252, 18.015, 10.0525, 10.5775, 7.0038, 3.2742, 1.581, 0, 0.4193, 7.0278, 4.7226, 0, 6.3481, 4.9397, 2.9988, 0.429, 9.6034, 0.7488, 9.3612, 0.8262, 13.3571, 0, 18.424, 8.0798, 5.5659, 7.7059, 1.0736, 9.8839, 0],
      [0.3986, 0.8604, 5.7958, 4.0129, 81.364, 0.6311, 0, 0, 6.1948, 11.4818, 6.0694, 0, 1.7162, 8.5034, 4.794, 7.6287, 8.7063, 7.5709, 13.3184, 0, 6.4571, 5.5248, 7.9254, 3.1047, 0, 10.3253, 0, 0, 0, 0.0074, 0, 26.97, 4.5679, 0, 9.1496],
      [32.0093, 262.3935, 688.4327, 230.4127, 1032.3946, 50.6813, 632.6704, 604.5585, 456.8331, 922.0448, 474.3688, 284.9819, 137.8177, 699.4691, 175.5237, 612.6218, 433.5183, 782.1698, 704.0495, 601.0629, 251.5103, 171.8833, 582.0043, 385.7849, 384.3536, 62.5924, 377.6527, 178.2224, 632.35, 385.7146, 56.999, 641.9749, 180.3604, 1563.8339, 75.5774],
      [3.0699, 30.746, 91.0182, 15.6431, 59.1705, 4.8607, 55.6898, 42.948, 53.7514, 88.4309, 48.2272, 31.3618, 13.2177, 60.0275, 8.872, 58.7549, 16.0528, 92.2593, 73.2669, 69.9974, 33.0338, 10.6906, 57.9908, 34.3616, 36.2852, 6.9073, 30.1689, 23.7776, 42.6728, 17.1982, 8.4351, 41.3492, 6.6193, 220.2822, 0.273]
    ],
    [
      [3.4601, 7.6957, 22.5484, 1.3342, 56.5228, 2.1915, 14.3429, 35.4829, 15.2102, 70.3353, 5.8706, 9.3374, 21.6272, 3.4922, 3.936, 69.6368, 5.731, 16.5149, 6.2041, 5.0995, 0, 2.535, 13.8092, 6.7838, 3.1974, 7.8129, 13.1412, 5.8009, 28.419, 1.6011, 0.5139, 30.2035, 5.2035, 32.1165, 1.2223],
      [6.2295, 0, 16.6798, 0.987, 43.6241, 2.9409, 10.6099, 18.3576, 11.2515, 48.2819, 4.3427, 6.7353, 2.6682, 2.3224, 2.9116, 34.6618, 5.8355, 16.2447, 4.5894, 5.0829, 8.6582, 1.8752, 10.2151, 6.3166, 3.1583, 1.5132, 5.7537, 3.7714, 41.1475, 1.1844, 1.6778, 30.3797, 3.8492, 25.6612, 0.1219],
      [52.5982, 92.13, 253.1702, 14.9805, 664.5873, 45.3646, 157.9702, 267.9707, 170.7775, 847.453, 65.9141, 69.983, 180.2742, 85.4732, 44.1924, 579.3197, 79.2673, 279.386, 69.6592, 75.9766, 58.8184, 28.4629, 155.048, 95.8751, 35.9886, 60.671, 45.9864, 70.9902, 298.9593, 17.9766, 20.9955, 390.9906, 58.4239, 368.9303, 42.8462],
      [0.7315, 17.7686, 30.7468, 1.8193, 80.4146, 2.6295, 22.6279, 33.8396, 20.7404, 92.2443, 8.0051, 9.3696, 8.4963, 17.702, 5.367, 78.4853, 9.5515, 33.9306, 8.4599, 10.8006, 7.0954, 3.4567, 18.8301, 13.3989, 18.843, 6.018, 6.8225, 9.6425, 38.7519, 2.1832, 3.0929, 47.4847, 7.0954, 47.3027, 9.3485],
      [12.9807, 5.4058, 14.8549, 0.879, 38.8512, 9.8734, 9.4491, 16.3491, 10.0204, 3.6856, 3.8675, 7.5748, 12.9341, 5.0102, 2.593, 25.8964, 4.6147, 26.9238, 4.0873, 6.0404, 3.428, 1.6701, 9.0975, 5.6255, 2.8128, 4.985, 3.2962, 15.7951, 18.7224, 1.0548, 7.7199, 22.9415, 3.428, 45.9893, 2.4612]
    ],
    [
      [0.8503, 1.7006, 6.1949, 0.7288, 10.3248, 0.8503, 9.3531, 8.1384, 8.9887, 20.2852, 3.0367, 2.4294, 5.1017, 5.5876, 3.4011, 12.7542, 4.8587, 12.2683, 3.0367, 4.9802, 5.5876, 1.9435, 8.2599, 5.8305, 3.887, 1.2147, 3.7655, 2.5508, 14.2118, 1.5791, 0.7288, 10.2034, 3.0367, 14.2118, 2.065],
      [5.1803, 9, 37.7419, 4.4402, 62.9031, 5.1803, 56.9828, 49.5825, 54.7627, 123.5862, 18.5009, 14.8007, 31.0816, 34.0417, 20.721, 77.7039, 29.6015, 74.7437, 18.5009, 30.3415, 34.0417, 11.8406, 50.3225, 35.5218, 23.6812, 7.4004, 22.9411, 15.5408, 86.5843, 9.6205, 4.4402, 62.1631, 18.5009, 86.5843, 12.5806],
      [0, 0, 0, 0, 0, 0, 0, 0, 0, 0, 0, 0, 0, 0, 0, 0, 0, 0, 0, 0, 0, 0, 0, 0, 0, 0, 0, 0, 0, 0, 0, 0, 0, 0, 0],
      [0.9695, 3.2994, 7.0632, 0.831, 11.772, 0.9695, 10.6641, 9.2791, 10.2486, 23.1286, 3.4624, 2.7699, 5.8168, 6.3707, 3.8778, 14.5419, 5.5398, 13.9879, 3.4624, 5.6783, 6.3707, 2.2159, 9.4176, 6.6477, 4.4318, 1.3849, 4.2933, 2.9084, 16.2039, 1.8004, 0.831, 11.6335, 3.4624, 16.2039, 2.3544],
      [0, 0, 0, 0, 0, 0, 0, 0, 0, 0, 0, 0, 0, 0, 0, 0, 0, 0, 0, 0, 0, 0, 0, 0, 0, 0, 0, 0, 0, 0, 0, 0, 0, 0, 0]
    ],
    [
      [0.5346, 1.6037, 5.7022, 1.1137, 8.1523, 0.7128, 4.9894, 4.9003, 4.633, 10.9143, 2.762, 2.8511, 1.6037, 3.9202, 2.272, 8.6424, 4.4103, 7.2168, 3.7421, 3.9202, 2.4124, 2.0492, 4.4548, 3.3857, 1.9156, 0.6237, 2.272, 1.6483, 6.8159, 0.8198, 0.7573, 6.5931, 1.381, 11.6716, 0.7128],
      [0.2231, 0, 2.3795, 0.4647, 3.4019, 0.2974, 2.0821, 2.0449, 1.9333, 4.5545, 1.1526, 1.1897, 0.6692, 1.6359, 0.9481, 3.6064, 1.8404, 3.0115, 1.5615, 1.6359, 1.3013, 0.8551, 1.859, 1.4128, 0.7994, 0.2603, 0.9481, 0.6878, 2.8442, 1.1154, 0.316, 2.7513, 0.5763, 4.8705, 0.2974],
      [0.0032, 0.0096, 0.0341, 0.0067, 0.0487, 0.0043, 0.0298, 0.0293, 0.0277, 0.0652, 0.0165, 0.017, 0.0096, 0.0234, 0.0136, 0.0516, 0.0264, 0.0431, 0.0224, 0.0234, 0.7246, 0.0122, 0.0266, 0.0202, 0.0114, 0.0037, 0.0136, 0.0098, 0.0407, 0.016, 0.0045, 0.0394, 0.0083, 0.0697, 0.0043],
      [4.2898, 13.5385, 45.7573, 8.937, 65.4187, 5.7197, 40.0377, 39.3227, 37.1778, 87.5824, 22.1637, 22.8787, 12.8693, 31.4582, 18.2314, 69.351, 35.3904, 57.9116, 30.0283, 31.4582, 25.0235, 16.444, 35.7479, 27.1684, 15.3716, 5.0047, 18.2314, 13.2267, 54.6943, 23.3018, 6.0771, 52.9069, 11.0819, 93.6596, 5.7197],
      [6.9494, 20.8482, 74.1269, 14.4779, 105.9783, 9.2659, 64.8611, 63.7028, 60.2281, 141.8835, 35.9052, 37.0635, 20.8482, 50.9623, 29.5349, 112.3486, 57.3325, 93.8169, 48.6458, 50.9623, 40.5382, 26.6394, 57.9117, 44.0129, 24.902, 8.1076, 29.5349, 21.4273, 88.6048, 34.747, 9.845, 85.7092, 17.9526, 151.7285, 9.2659]
    ]
  ],
  "V_est": [
    [75.0101, 181.6707, 243.0788, 15748.8284, 1487.412],
    [528.9339, 389.64, 5847.4105, 733.0968, 370.9188],
    [203.9457, 1241.1616, 0, 233.8927, 0],
    [132.1103, 55.5277, 1.5107, 1083.182, 1750.6693]
  ],
  "p_est": [
    [0.0042, 0.0102, 0.0137, 0.888, 0.0839],
    [0.0672, 0.0495, 0.743, 0.0932, 0.0471],
    [0.1215, 0.7392, 0, 0.1393, 0],
    [0.0437, 0.0184, 0.0005, 0.3583, 0.5791]
  ],
  "EI_Z": {},
  "EI_V": 6.271,
  "MAE_Z": {},
  "MAE_V": 190.0622,
  "MAE_p": 0.055,
  "runtime": 0.3368
}
