{
  "X": [
    [1, 9, 2, 15, 71, 8],
    [0, 6, 0, 26, 19, 5],
    [62, 90, 79, 671, 1098, 104],
    [30, 41, 28, 274, 468, 43],
    [53, 91, 71, 604, 596, 84],
    [41, 44, 33, 462, 317, 53],
    [28, 21, 24, 234, 375, 40],
    [20, 26, 16, 321, 237, 21],
    [19, 28, 20, 246, 287, 23],
    [43, 61, 50, 461, 555, 49],
    [12, 14, 16, 65, 190, 18],
    [0, 8, 13, 37, 76, 4],
    [15, 14, 30, 129, 192, 30],
    [1, 4, 7, 9, 103, 8],
    [5, 3, 9, 41, 97, 9],
    [3, 5, 3, 12, 17, 3],
    [1, 2, 0, 5, 9, 1],
    [0, 4, 1, 7, 12, 5],
    [36, 36, 42, 158, 330, 34],
    [27, 30, 36, 233, 290, 46],
    [3, 3, 0, 14, 86, 4],
    [8, 24, 32, 107, 304, 28],
    [6, 6, 6, 29, 120, 4],
    [2, 8, 3, 55, 91, 13],
    [24, 35, 16, 124, 105, 15],
    [6, 5, 6, 22, 69, 10],
    [10, 12, 14, 45, 144, 15],
    [5, 5, 8, 16, 66, 5],
    [3, 10, 1, 17, 40, 6],
    [0, 5, 8, 25, 18, 6],
    [11, 10, 12, 59, 181, 15],
    [2, 0, 5, 26, 17, 5],
    [1, 3, 6, 30, 22, 9],
    [19, 18, 13, 81, 183, 26],
    [6, 10, 33, 51, 148, 10],
    [2, 6, 17, 22, 90, 5],
    [17, 20, 25, 92, 240, 28],
    [5, 7, 14, 43, 138, 20],
    [5, 1, 5, 11, 77, 5],
    [1, 8, 22, 31, 80, 3],
    [4, 2, 4, 12, 137, 8],
    [16, 33, 148, 229, 387, 37],
    [43, 45, 69, 271, 398, 51],
    [15, 20, 14, 83, 88, 16],
    [1, 0, 6, 19, 84, 8],
    [9, 11, 14, 42, 237, 12],
    [29, 59, 33, 196, 523, 60],
    [1, 2, 9, 25, 26, 6],
    [3, 5, 1, 12, 85, 2],
    [7, 8, 4, 49, 125, 7],
    [1, 2, 1, 6, 82, 8],
    [34, 18, 51, 281, 355, 59],
    [16, 35, 33, 242, 379, 47],
    [2, 6, 0, 11, 38, 3],
    [74, 77, 134, 598, 670, 116],
    [1, 1, 1, 9, 18, 4],
    [16, 7, 13, 54, 140, 21],
    [2, 0, 1, 3, 15, 1],
    [9, 28, 131, 169, 223, 26],
    [0, 14, 7, 65, 92, 11],
    [7, 10, 37, 107, 180, 30],
    [2, 16, 12, 35, 82, 10],
    [32, 31, 27, 121, 219, 21],
    [18, 40, 59, 468, 344, 85],
    [2, 7, 11, 42, 121, 8],
    [12, 15, 18, 103, 229, 29],
    [42, 46, 63, 221, 539, 71],
    [5, 6, 2, 23, 120, 7],
    [6, 2, 6, 9, 85, 7],
    [14, 25, 22, 135, 264, 50],
    [9, 5, 1, 99, 106, 21],
    [53, 66, 66, 491, 851, 97],
    [4, 10, 16, 62, 97, 12],
    [47, 170, 89, 506, 870, 152],
    [4, 24, 3, 86, 103, 23]
  ],
  "W": [
    [12, 9, 19, 47, 7, 3, 9],
    [9, 8, 23, 7, 5, 1, 3],
    [114, 77, 678, 792, 173, 140, 130],
    [49, 40, 279, 326, 69, 67, 54],
    [75, 69, 598, 404, 131, 97, 125],
    [33, 36, 448, 207, 92, 49, 85],
    [44, 31, 232, 237, 61, 70, 47],
    [17, 20, 305, 169, 60, 30, 40],
    [26, 13, 243, 208, 45, 42, 46],
    [50, 49, 460, 389, 107, 75, 89],
    [48, 19, 54, 118, 37, 20, 19],
    [6, 4, 40, 64, 11, 11, 2],
    [33, 11, 135, 132, 43, 29, 27],
    [19, 4, 14, 75, 4, 12, 4],
    [15, 4, 42, 72, 14, 11, 6],
    [4, 4, 12, 14, 1, 3, 5],
    [2, 3, 7, 4, 1, 0, 1],
    [7, 5, 6, 5, 3, 1, 2],
    [52, 33, 157, 220, 72, 61, 41],
    [37, 24, 231, 194, 63, 53, 60],
    [10, 2, 17, 60, 11, 5, 5],
    [47, 25, 118, 195, 50, 37, 31],
    [19, 3, 30, 91, 9, 12, 7],
    [12, 7, 63, 66, 13, 2, 9],
    [26, 29, 129, 52, 38, 22, 23],
    [18, 8, 20, 41, 12, 14, 5],
    [25, 17, 49, 91, 20, 21, 17],
    [9, 6, 25, 40, 10, 6, 9],
    [10, 11, 18, 24, 1, 4, 9],
    [6, 2, 27, 7, 9, 7, 4],
    [30, 6, 73, 135, 20, 8, 16],
    [8, 1, 26, 9, 4, 4, 3],
    [8, 2, 28, 14, 7, 3, 9],
    [43, 15, 81, 126, 26, 27, 22],
    [30, 8, 60, 98, 22, 27, 13],
    [15, 9, 25, 64, 8, 13, 8],
    [40, 25, 108, 175, 28, 23, 23],
    [19, 10, 52, 105, 20, 14, 7],
    [14, 3, 15, 49, 8, 6, 9],
    [8, 10, 29, 65, 13, 13, 7],
    [17, 3, 18, 97, 11, 14, 7],
    [55, 44, 240, 266, 69, 128, 48],
    [65, 64, 265, 261, 70, 89, 63],
    [17, 27, 73, 60, 12, 26, 21],
    [17, 0, 20, 63, 10, 3, 5],
    [41, 8, 56, 179, 17, 10, 14],
    [86, 53, 217, 383, 57, 46, 58],
    [3, 3, 24, 20, 8, 6, 5],
    [19, 6, 11, 56, 4, 4, 8],
    [10, 9, 49, 87, 12, 22, 11],
    [18, 1, 12, 61, 3, 3, 2],
    [93, 35, 261, 210, 69, 84, 46],
    [46, 30, 249, 260, 72, 37, 58],
    [13, 4, 8, 22, 3, 3, 7],
    [127, 95, 615, 413, 167, 124, 128],
    [2, 0, 11, 11, 7, 2, 1],
    [23, 10, 50, 92, 37, 17, 22],
    [4, 0, 5, 11, 1, 0, 1],
    [30, 37, 172, 190, 30, 80, 47],
    [4, 15, 64, 67, 22, 3, 14],
    [26, 17, 107, 120, 38, 35, 28],
    [13, 10, 29, 54, 31, 10, 10],
    [37, 37, 118, 155, 38, 43, 23],
    [55, 32, 456, 244, 103, 52, 72],
    [15, 5, 41, 98, 12, 12, 8],
    [51, 15, 105, 152, 40, 21, 22],
    [111, 49, 224, 363, 89, 93, 53],
    [20, 3, 24, 84, 12, 11, 9],
    [29, 1, 13, 54, 1, 5, 12],
    [54, 24, 129, 166, 67, 38, 32],
    [0, 3, 104, 97, 17, 3, 17],
    [154, 67, 487, 571, 144, 91, 110],
    [16, 14, 69, 60, 17, 14, 11],
    [166, 176, 506, 603, 118, 133, 132],
    [29, 24, 78, 75, 9, 4, 24]
  ],
  "method": "mult",
  "cond_prob": [
    [
      [0.0046414718213, 0.0010140665917, 0.0021988230651, 0, 0.80934242464, 0.18280321388],
      [0.0065687094226, 0.73063256178, 0.036285397519, 0.0042499778745, 0.1204085508, 0.1018548026],
      [0.0081211941159, 0.039920696157, 0.0076545150221, 0.63409715601, 0.23977311353, 0.070433325174],
      [0.00025264221706, 0.0015865578193, 0.0019574620279, 0.00040390697405, 0.98850342121, 0.0072960097533],
      [0.019541578722, 0.027644791746, 0.031597145731, 0.14818100649, 0.57282772095, 0.20020775636],
      [0.075352865184, 0.006339372877, 0.31740863763, 0.02973866004, 0.55728967773, 0.013870786535],
      [0.039573048259, 0.15183833772, 0.026244790201, 0.19649306463, 0.38968899038, 0.1961617688]
    ],
    [
      [0, 0.0011113136566, 0, 0.0094835757248, 0.76241936662, 0.226985744],
      [0, 0.67056953823, 0, 0.089779359481, 0.13659554201, 0.10305556028],
      [0, 0.006222274432, 0, 0.94178701768, 0.023195903227, 0.028794804658],
      [0, 0.00061718360667, 0, 0.0097151180939, 0.97970397506, 0.0099637232354],
      [0, 0.021039089839, 0, 0.38816563596, 0.41237113359, 0.17842414061],
      [6.9388939039e-17, 0.010720644952, 0, 0.14499011141, 0.81907063933, 0.025218604306],
      [0, 0.12069772664, 0, 0.46049580602, 0.25770048581, 0.16110598153]
    ],
    [
      [0.029698375601, 0.0017580402849, 0.010611698232, 0.0001391742795, 0.78937988614, 0.16841282546],
      [0.026797110174, 0.73954101978, 0.07870378954, 0.010862536206, 0.039312332205, 0.10478321209],
      [0.01393196599, 0.017153758044, 0.0086232164558, 0.84174317466, 0.08230066651, 0.036247218344],
      [0.00095159404001, 0.0034465487614, 0.00403806746, 0.0032556736184, 0.98023299255, 0.0080751235722],
      [0.053861716285, 0.021456678079, 0.045966125119, 0.26993465385, 0.4581780226, 0.15060280407],
      [0.16927432046, 0.0042757824922, 0.35635971645, 0.0522595404, 0.40859530081, 0.009235339396],
      [0.10257684996, 0.10911073427, 0.037252957489, 0.3296332473, 0.27977785681, 0.14164835417]
    ],
    [
      [0.032000498495, 0.001466271362, 0.0076567189005, 0, 0.79588790027, 0.16298861097],
      [0.029089216834, 0.71280377468, 0.05982857276, 0.01521600122, 0.079290145963, 0.10377228854],
      [0.013663019953, 0.015206903168, 0.0055799387203, 0.83772544007, 0.091828594245, 0.035996103843],
      [0.00099758474093, 0.0014683735998, 0.0030305623417, 0.00049199603393, 0.98638096587, 0.007630517413],
      [0.058998273143, 0.025776185325, 0.027240019681, 0.26475269532, 0.4751491775, 0.14808364902],
      [0.19407731876, 0.0041145127969, 0.28776000799, 0.056051634088, 0.44856294139, 0.0094335849771],
      [0.11216945378, 0.10445105174, 0.028285735992, 0.32374400005, 0.29278711222, 0.13856264622]
    ],
    [
      [0.036311781437, 0.0028685422633, 0.015074073246, 0.0010650389196, 0.74884210504, 0.19583845909],
      [0.024590907509, 0.76898024222, 0.080994155561, 0.010793087231, 0.024053840497, 0.090587766985],
      [0.015200732028, 0.023479416546, 0.011051479217, 0.85535429519, 0.0606337491, 0.034280327921],
      [0.0019041368519, 0.0078397137687, 0.0089534336711, 0.0057680399696, 0.96494284844, 0.010591827301],
      [0.059708203715, 0.027337661525, 0.057383100811, 0.30683744639, 0.39455417161, 0.15417941595],
      [0.17997800383, 0.0059214070428, 0.42295830578, 0.055694056373, 0.32614717144, 0.0093010555346],
      [0.1075271494, 0.13089341614, 0.044085873048, 0.34996170758, 0.2300668983, 0.13746495555]
    ],
    [
      [0.04804946945, 0.0019606074717, 0.012887091844, 0.0014054716806, 0.72460978258, 0.21108757698],
      [0.037233965878, 0.7340806747, 0.078388086209, 0.013251694634, 0.029542137285, 0.10750344129],
      [0.017063247044, 0.013420971897, 0.0068283293627, 0.87623746335, 0.05559417089, 0.03085581746],
      [0.0025142487177, 0.0045695535315, 0.0077841223938, 0.0087368420972, 0.96478486419, 0.011610369072],
      [0.073696462198, 0.020628780351, 0.045803899538, 0.34182508541, 0.36584274562, 0.15220302689],
      [0.24306201238, 0.0043135460138, 0.36589305133, 0.056780608843, 0.31999939448, 0.0099513869572],
      [0.1319887935, 0.099302248543, 0.034583902389, 0.38686459816, 0.21259061013, 0.13466984728]
    ],
    [
      [0.031153326589, 0.00044053780507, 0.0058886257976, 0.00026598895477, 0.78921485111, 0.17303666974],
      [0.039431383714, 0.5502877633, 0.071453502795, 0.015100823775, 0.17341580431, 0.1503107221],
      [0.011463264826, 0.0033126780159, 0.0048433064311, 0.84604358481, 0.097168138184, 0.037169027731],
      [0.00095306355201, 0.00073554933617, 0.0027234953044, 0, 0.98831378425, 0.0072741075571],
      [0.057869656647, 0.0039815263129, 0.030007509649, 0.26886752213, 0.48230426552, 0.15696951974],
      [0.19498574517, 0.0015235162512, 0.23932247811, 0.066763479701, 0.48742172038, 0.0099830603891],
      [0.11366970247, 0.055942764665, 0.024972230697, 0.34390844347, 0.31032342699, 0.15118343171]
    ],
    [
      [0.040288440602, 0.0020503763803, 0.010138525677, 0.001391542724, 0.80369195303, 0.14243916159],
      [0.032676242244, 0.78269643431, 0.065008534582, 0.014263455294, 0.029184350269, 0.076170983304],
      [0.011819411196, 0.013378806865, 0.0035871344812, 0.90684751883, 0.04553739665, 0.018829731979],
      [0.0015381702531, 0.0038199428523, 0.0040064503519, 0.013124853098, 0.97082556942, 0.0066850140233],
      [0.0616889268, 0.021367651727, 0.036439376226, 0.37630303742, 0.40031532062, 0.10388568721],
      [0.21978420698, 0.0046985506061, 0.31529593684, 0.072464956664, 0.38044027991, 0.0073160690073],
      [0.1125459665, 0.10405232145, 0.027776689173, 0.42830875766, 0.23407487371, 0.093241391522]
    ],
    [
      [0.032400133792, 0.036264295496, 0.0099580329979, 0.00095038885531, 0.77551863407, 0.14490851479],
      [0.024312980143, 0.8079321128, 0.061524436943, 0.0097920651388, 0.024132916235, 0.072305488745],
      [0.011839181768, 0.027588396772, 0.0050810362346, 0.86499823199, 0.065092794595, 0.025400358639],
      [0.0010622295594, 0.006331295702, 0.0037948285074, 0.0092022437248, 0.97275804587, 0.0068513566355],
      [0.054865650664, 0.030168792325, 0.040257551588, 0.31583652143, 0.43917274531, 0.11969873868],
      [0.18181134619, 0.0067589317607, 0.32879553285, 0.067769267041, 0.40715514901, 0.0077097731461],
      [0.10083982699, 0.14981848132, 0.028179459261, 0.36261746292, 0.25017989518, 0.10836487434]
    ],
    [
      [0.037573448378, 0.0021122087846, 0.013200805242, 0.0004540014644, 0.80130682821, 0.14535270792],
      [0.029460203778, 0.76706469965, 0.082867937621, 0.01111634777, 0.031282720612, 0.078208090565],
      [0.016117770003, 0.017506160288, 0.0098348785032, 0.85207075165, 0.07810855586, 0.026361883698],
      [0.0013889539825, 0.004855035737, 0.0066533044582, 0.0032156872666, 0.97707282614, 0.0068141924205],
      [0.06410479636, 0.023826230061, 0.052624726032, 0.29973871397, 0.43952282134, 0.12018271224],
      [0.1913930523, 0.004632755599, 0.38489881817, 0.051660208781, 0.36040562471, 0.0070095404478],
      [0.11808548497, 0.11763947592, 0.041224653942, 0.35148980594, 0.26214805035, 0.10941252888]
    ],
    [
      [0.032831018304, 0.00076332250495, 0.013539513199, 0.0048398373007, 0.81277272431, 0.13525358438],
      [0.033864073738, 0.60644785199, 0.10987336092, 0.025564737931, 0.12958526668, 0.094664708737],
      [0.021227212291, 0.0065808831413, 0.018017351782, 0.88216038644, 0.036743932134, 0.035270234215],
      [0.00110051763, 0.001104785773, 0.0050932918985, 0.0078470096844, 0.97986078839, 0.0049936066249],
      [0.068673538149, 0.0083426531724, 0.065452311843, 0.24508269973, 0.48398711334, 0.12846168377],
      [0.17690098121, 0.001810616862, 0.41445026128, 0.039204952851, 0.36122269681, 0.0064104909846],
      [0.1276643495, 0.084748864021, 0.051464384467, 0.30879951746, 0.30447719323, 0.12284569132]
    ],
    [
      [0, 0.091210634528, 0.088259114674, 0, 0.68748923691, 0.13304101389],
      [0, 0.88641030175, 0.046252853834, 0.0054485920747, 0.014811589539, 0.047076662801],
      [0, 0.052119364429, 0.036010577883, 0.8189553987, 0.064989950744, 0.027924708241],
      [0, 0.012309262968, 0.024690983325, 0.0075542286492, 0.95000667897, 0.0054388460841],
      [0, 0.044705327558, 0.12566667477, 0.2554988632, 0.45804401081, 0.11608512366],
      [2.9490299092e-17, 0.0075822152606, 0.69787369468, 0.027710295415, 0.26217346721, 0.0046603274292],
      [0, 0.22968230385, 0.10292189225, 0.31060915262, 0.24670023905, 0.11008641224]
    ],
    [
      [0.034231886019, 0.0017480692004, 0.033860531706, 0, 0.71092897731, 0.21923053576],
      [0.031992252664, 0.70038957789, 0.10067545153, 0.0093509012476, 0.026063261101, 0.13152855556],
      [0.022402331024, 0.017026029292, 0.028805227193, 0.8089978458, 0.073797170203, 0.048971396488],
      [0.0013285303541, 0.0033318528925, 0.018564367172, 0.0023023479682, 0.96190051451, 0.012572387105],
      [0.061878401033, 0.018945442325, 0.087973379616, 0.24459996627, 0.39964469305, 0.18695811771],
      [0.15513911178, 0.0029991986653, 0.54169403844, 0.028743142074, 0.26242819867, 0.0089963103736],
      [0.11699802967, 0.096225149709, 0.071999552255, 0.29730264081, 0.24163046006, 0.1758441675]
    ],
    [
      [0.0050806709101, 0.0027801055002, 0.0043164495403, 0.00032134139395, 0.79678937745, 0.19071205521],
      [0.0077355950489, 0.7310147231, 0.10851885439, 0.0043965833007, 0.028562140879, 0.11977210329],
      [0.0084178099027, 0.025936342136, 0.024035911135, 0.54747290396, 0.29501722185, 0.099119811013],
      [0.00017967988468, 0.00077970698155, 0.003729662477, 0.00058571033969, 0.98678100895, 0.0079442313718],
      [0.01588339656, 0.019671671348, 0.062733661558, 0.11010016637, 0.5779908287, 0.21362027546],
      [0.044715709919, 0.0057293651903, 0.44834197619, 0.014821992214, 0.47541079081, 0.010980165681],
      [0.035269359313, 0.11352330548, 0.059161559756, 0.16237366934, 0.39776092092, 0.23191118519]
    ],
    [
      [0.031691301805, 0.00035895612501, 0.01610405778, 0.0016175035836, 0.77494380739, 0.17528437332],
      [0.04288900188, 0.56489151576, 0.17401015687, 0.01262521926, 0.051598346243, 0.15398575998],
      [0.021609335223, 0.0047133919384, 0.022668285358, 0.8352824597, 0.072224773762, 0.043501754016],
      [0.0010121446595, 0.00056910948956, 0.0080838772129, 0.0046995642607, 0.97773329832, 0.0079020060531],
      [0.060928724013, 0.010303937338, 0.07052785755, 0.23535178657, 0.45902036968, 0.16386732485],
      [0.1618836744, 0.0011300935766, 0.47064152312, 0.033399348503, 0.32491079412, 0.008034566287],
      [0.12314756934, 0.056570849723, 0.060640766901, 0.30711446489, 0.28981793601, 0.16270841313]
    ],
    [
      [0.072059066769, 0.016080264567, 0.02387195547, 0.0039711317657, 0.64736034114, 0.23665724029],
      [0.032538648391, 0.80099140561, 0.079474105694, 0.0076074518402, 0.0062196887879, 0.073168699674],
      [0.031148831093, 0.039966471917, 0.025930072094, 0.84140561005, 0.013859428689, 0.047689586158],
      [0.017299653928, 0.025695963879, 0.022040088082, 0.01811994972, 0.90001094459, 0.016833399802],
      [0.119545729, 0.035844861757, 0.083333769985, 0.24799463538, 0.32816812414, 0.18511287974],
      [0.28137404591, 0.0061565946437, 0.52729513723, 0.016974116201, 0.16057111207, 0.0076289939473],
      [0.20039202891, 0.16761150326, 0.060334895078, 0.26084441299, 0.16186641028, 0.14895074949]
    ],
    [
      [0.042990409931, 0, 0, 0, 0.81950793852, 0.13750165155],
      [0.048152071755, 0.61321953803, 0, 0, 0.2685282942, 0.070100096022],
      [0.049828191605, 0.0090155799854, 0, 0.66231016987, 0.24311937483, 0.035726683716],
      [0.0012277158122, 0, 0, 0, 0.99311265226, 0.0056596319277],
      [0.14276761904, 0.013135922297, 0, 0.16616498806, 0.54590416495, 0.13202730565],
      ["NaN", "NaN", "NaN", "NaN", "NaN", "NaN"],
      [0.27308714135, 0.084096403725, 0, 0.19766382286, 0.3352088426, 0.10994378946]
    ],
    [
      [9.8081265632e-20, 0.0069419084603, 0.0032847424526, 0.0064542515652, 0.65396358539, 0.32935551213],
      [0, 0.69046241982, 0.036608538588, 0.037474745681, 0.091115309152, 0.14433898676],
      [0, 0.0180016391, 0.0063253539231, 0.88986756904, 0.012942547475, 0.072862890459],
      [0, 0.0031984792771, 0.0037656808187, 0.0050165530646, 0.97024359906, 0.017775687775],
      [0, 0.028854782569, 0.037215629663, 0.25026271556, 0.38577633235, 0.29789053985],
      [2.8474136632e-33, 0.0023429550369, 0.56803383341, 0.040981223335, 0.37306144898, 0.01558053924],
      [0, 0.14309250396, 0.028751429931, 0.30569448052, 0.25370731516, 0.26875427043]
    ],
    [
      [0.048319414809, 0.0025630079479, 0.01649582063, 0.0008658894405, 0.77635014778, 0.15540571939],
      [0.037811068809, 0.72541072398, 0.098558817343, 0.010347623046, 0.044365261326, 0.083506505497],
      [0.032874222475, 0.025172110637, 0.02035360611, 0.80953314683, 0.074307459434, 0.037759454511],
      [0.0017132250126, 0.0044175938493, 0.011929588444, 0.0021864070185, 0.97181243235, 0.0079407533263],
      [0.090436579679, 0.024900580653, 0.067617525467, 0.23097553042, 0.44757089961, 0.13849888417],
      [0.22114082506, 0.0045359067915, 0.41000384646, 0.035998983282, 0.32161635126, 0.0067040871541],
      [0.16342533323, 0.12035964774, 0.053440348055, 0.27340518101, 0.26480561574, 0.12456387423]
    ],
    [
      [0.035876797256, 0.0019548792526, 0.014379860137, 0.00054110265067, 0.72838217309, 0.21886518761],
      [0.030000541921, 0.71569194864, 0.096498931315, 0.010610391488, 0.026983723754, 0.12021446288],
      [0.017665898464, 0.017041032753, 0.012878017174, 0.83465974194, 0.072568109591, 0.045187200075],
      [0.0021319699553, 0.0050412584603, 0.008810376634, 0.0029105460415, 0.96868880786, 0.012417041045],
      [0.062297120439, 0.021153945206, 0.057728975533, 0.27236768643, 0.40345692424, 0.18299534815],
      [0.18144179203, 0.004179430353, 0.41650553049, 0.053406067893, 0.33366301154, 0.010804167699],
      [0.11528312023, 0.10470619394, 0.045936953579, 0.32274329403, 0.24352437242, 0.1678060658]
    ],
    [
      [0.027515732607, 0.0015448486768, 3.081487911e-34, 0.00017768147656, 0.85749047121, 0.11327126603],
      [0.011812315805, 0.90772360177, 0, 0.006190397179, 0.030300536574, 0.043973148669],
      [0.014164809825, 0.019247491125, 0, 0.6478266705, 0.27879556122, 0.039965467334],
      [0.00061651048995, 0.00071313090979, 0, 0.00088927300346, 0.99527703335, 0.0025040522518],
      [0.046802262033, 0.020415636748, 0, 0.15287671642, 0.66122832093, 0.11867706387],
      [0.25289854532, 0.0041766189918, 0, 0.03461361087, 0.70015860052, 0.0081526243028],
      [0.12882160739, 0.11073080136, 0, 0.21294413545, 0.4268086281, 0.1206948277]
    ],
    [
      [0.013507529184, 0.0011527132405, 0.011602060443, 0, 0.82275313044, 0.15098456669],
      [0.012707390939, 0.67262402026, 0.11902331646, 0.011210143211, 0.087297769674, 0.097137359455],
      [0.0093807004118, 0.019218492694, 0.028214950727, 0.74107177677, 0.15900091966, 0.043113159739],
      [0.00041822397246, 0.0012710451435, 0.0058180983714, 0.00042805219155, 0.98632146269, 0.0057431176268],
      [0.027797717028, 0.020317225771, 0.07493449996, 0.19835580848, 0.53042118649, 0.14817356228],
      [0.073686586656, 0.0031683781395, 0.4931032321, 0.028285736756, 0.39439990687, 0.0073561594743],
      [0.056215983032, 0.11230628228, 0.065280073987, 0.26533689999, 0.35288738721, 0.1479733735]
    ],
    [
      [0.041592760356, 0.031212699261, 0.010224643746, 0, 0.83495717741, 0.082012719231],
      [0.011524907103, 0.83599448869, 0.077565083305, 0.0070198226117, 0.021601848631, 0.046293849659],
      [0.025658004016, 0.044578766592, 0.015274596519, 0.81742835361, 0.07303534055, 0.024024938716],
      [0.0010233006368, 0.0014734785456, 0.0031778162232, 0.0028091772268, 0.98876699076, 0.0027492366072],
      [0.078304180223, 0.030675421599, 0.04972251887, 0.21394694396, 0.54532256733, 0.082028368018],
      [0.21214842937, 0.0050738794376, 0.34093344571, 0.032502295092, 0.40531444104, 0.0040275093478],
      [0.15168336844, 0.15579433642, 0.040987618385, 0.26927210851, 0.30435361559, 0.077908952654]
    ],
    [
      [0.015249461535, 0.001641383861, 0.0064258111867, 0, 0.74208675459, 0.23459658882],
      [0.013937683057, 0.75339959045, 0.063365097067, 0.0072795662809, 0.028425162638, 0.13359290051],
      [0.0087257286512, 0.021057167845, 0.010573065863, 0.77948616958, 0.12251755874, 0.057640309322],
      [0.00052338738861, 0.0014702824357, 0.0031107331623, 0, 0.98231245352, 0.012583143495],
      [0.029200346209, 0.021092138072, 0.039820311286, 0.23683979761, 0.45404334701, 0.21900405981],
      [0.11765649714, 0.0048353089372, 0.39835171634, 0.031230804323, 0.43187401126, 0.016051661993],
      [0.057806745834, 0.11099973697, 0.032617285422, 0.30000393056, 0.28649368219, 0.21207861902]
    ],
    [
      [0.07754006883, 0.0052059312058, 0.01665888019, 0, 0.75322831641, 0.14736680336],
      [0.037725017898, 0.81074231285, 0.061128996154, 0.0074921979475, 0.032997696849, 0.049913778298],
      [0.034758974798, 0.0402760925, 0.01463271359, 0.81435099973, 0.071577919165, 0.024403300219],
      [0.0030888526388, 0.011329048112, 0.011650081448, 0, 0.96598661692, 0.0079454008825],
      [0.12299251734, 0.040459083969, 0.058009401409, 0.29009256641, 0.38143142989, 0.10701500097],
      [0.31801404922, 0.0084121447785, 0.37102899573, 0.035412930213, 0.26172800076, 0.0054038792939],
      [0.19892955928, 0.16721216981, 0.040596033847, 0.30125414375, 0.20616802434, 0.085840068972]
    ],
    [
      [0.035916162739, 0.0005699700358, 0.003995400673, 0.0014838647579, 0.7541054786, 0.2039291232],
      [0.038411348902, 0.54998783116, 0.076799608285, 0.024210119419, 0.16085191899, 0.14973917324],
      [0.021630811534, 0.0057687934409, 0.010019543225, 0.85628255918, 0.046498936694, 0.059799355929],
      [0.0012465449543, 0.00089905774547, 0.0037455173789, 0.0016183434399, 0.98115112099, 0.011339415496],
      [0.072049198709, 0.0050176766597, 0.040186252943, 0.21726640393, 0.46804072221, 0.19743974555],
      [0.2141310319, 0.0016951841733, 0.3076646413, 0.044591977415, 0.42001597698, 0.011901188227],
      [0.14001377491, 0.070731191074, 0.034037766204, 0.2712243367, 0.29707979894, 0.18691313218]
    ],
    [
      [0.02736742689, 0.00063335977157, 0.012661261756, 0, 0.79737609271, 0.16196185887],
      [0.032909544698, 0.58175708383, 0.10227441335, 0.016663607439, 0.15249977159, 0.11389557909],
      [0.024518710448, 0.0075866663562, 0.021904249113, 0.74195399709, 0.15421652595, 0.049819851043],
      [0.0010251827946, 0.0010063562102, 0.0049519027049, 0.00021422728997, 0.98622015302, 0.0065821779825],
      [0.075591168415, 0.0069251203744, 0.060251984781, 0.18585342994, 0.51158528509, 0.1597930114],
      [0.17682820519, 0.0018941570662, 0.39770854857, 0.025874575286, 0.38984536966, 0.0078491442386],
      [0.13155458496, 0.085452400475, 0.050820756527, 0.24006137957, 0.33835290616, 0.15375797231]
    ],
    [
      [0.040356571375, 0.00053627611972, 0.010064233297, 0, 0.83206095506, 0.11698196414],
      [0.037994083819, 0.60751784132, 0.16153988601, 0, 0.11469285856, 0.078255330292],
      [0.039596588665, 0.013260378981, 0.065078496085, 0.53848954311, 0.30001334403, 0.043561649135],
      [0.001047855393, 0.00084236204193, 0.0073350933848, 0, 0.98750240803, 0.00327228115],
      [0.083717949205, 0.015907389719, 0.10219044543, 0.11252376933, 0.56690297823, 0.11875746809],
      [0.17237607928, 0.0012948335755, 0.53478213617, 0.0056587601574, 0.28175054382, 0.0041376470026],
      [0.16728460607, 0.090891068017, 0.087691019494, 0.15317457423, 0.38481458733, 0.11614414486]
    ],
    [
      [0.027235667098, 0.0022579426835, 0.0013784682739, 0, 0.77072031629, 0.19840760566],
      [0.019342177268, 0.7169872773, 0.011845379162, 0.012244540913, 0.14734110051, 0.092239524849],
      [0.017961077995, 0.033482549295, 0.002964020562, 0.79095797367, 0.099697066998, 0.054937311484],
      [0.0010400475993, 0.0015988396682, 0.0013087768478, 0, 0.98478105877, 0.011271277116],
      [0.065749429544, 0.030388895299, 0.015692826148, 0.21666780119, 0.47956791025, 0.19193313757],
      [0.26308382907, 0.008011454109, 0.16447796001, 0.044529504348, 0.50549366608, 0.01440358638],
      [0.11650378744, 0.15411864131, 0.010838718424, 0.2481423006, 0.30457883784, 0.16581771439]
    ],
    [
      [0, 0.0045079973106, 0.032238983905, 0, 0.67376359632, 0.28948942247],
      [2.8235744026e-17, 0.90341399872, 0.037344312831, 0.0037719770294, 0.01100392904, 0.044465782382],
      [1.135256717e-17, 0.060870552509, 0.041280353638, 0.77860079226, 0.068730335379, 0.050517966213],
      [0, 0.010828095702, 0.021669282993, 0, 0.95360537944, 0.013897241864],
      [0, 0.049980935545, 0.11818600858, 0.27685673697, 0.34402395965, 0.21095235926],
      [0, 0.010996463803, 0.72042709123, 0.040197232275, 0.21871300103, 0.0096662116588],
      [0, 0.23000469113, 0.089739806477, 0.29928584907, 0.19431180216, 0.18665785116]
    ],
    [
      [0.043615238072, 0.0009101961396, 0.03643918162, 0, 0.7564845032, 0.16255088097],
      [0.029286701592, 0.83331151615, 0.051977202831, 0.0060629908066, 0.024867118686, 0.054494469937],
      [0.040284573101, 0.032181955961, 0.040542215178, 0.70276675599, 0.1374085477, 0.046815952068],
      [0.0014126536034, 0.0014323414324, 0.0060360293777, 0.0027557834154, 0.98041289244, 0.007950299732],
      [0.090148434326, 0.023505923317, 0.083090485444, 0.17878067589, 0.47552747702, 0.148947004],
      [0.22445154433, 0.0034940552847, 0.50827767679, 0.015169049252, 0.24180047516, 0.0068071991904],
      [0.17410997089, 0.12075657699, 0.068280283577, 0.22454076219, 0.2702965243, 0.14201588206]
    ],
    [
      [0.038609511909, 0, 0.032180753785, 0.0051759066662, 0.64816789314, 0.2758659345],
      [0.071554430226, 0, 0.45874620785, 0.02567785906, 0.11154217588, 0.33247932699],
      [0.016464280135, 0, 0.027472426992, 0.89511293337, 0.024550796303, 0.0363995632],
      [0.0033089086696, 0, 0.024575984973, 0.0065083935085, 0.95135761952, 0.014249093331],
      [0.058588813586, 0, 0.10625184729, 0.33136614968, 0.30758688226, 0.19620630719],
      [0.14365158387, 0, 0.66435960947, 0.014605181688, 0.17061080821, 0.0067728167577],
      [0.11758547438, 0, 0.088631656097, 0.40583925098, 0.19659487919, 0.19134873935]
    ],
    [
      [0.013478562913, 0.0023866199573, 0.034720051358, 0.0055334371436, 0.58249567529, 0.36138565334],
      [0.0095140628468, 0.72955787631, 0.14477309257, 0.0099694387605, 0.015094439941, 0.091091089577],
      [0.0028318273885, 0.0074210685485, 0.034675079091, 0.86997428141, 0.026238860653, 0.058858882909],
      [0.0082216069791, 0.021260677723, 0.029427383792, 0.010341998355, 0.90758485931, 0.023163473845],
      [0.020981392455, 0.019088940608, 0.11715671318, 0.30526891431, 0.28239018389, 0.25511385556],
      [0.056884927469, 0.002742803628, 0.79178649161, 0.01420942824, 0.12654246423, 0.0078338848291],
      [0.040136130759, 0.097166765011, 0.094927927699, 0.36135723155, 0.16806787881, 0.23834406616]
    ],
    [
      [0.049275621262, 0.0033446335043, 0.0092671931732, 0.0019986526007, 0.72245786688, 0.21365603258],
      [0.039693301663, 0.76243988846, 0.062802829755, 0.0090643296325, 0.023736227886, 0.1022634226],
      [0.030072827344, 0.023498635111, 0.010914734601, 0.82793126173, 0.052522251097, 0.055060290113],
      [0.0030156663742, 0.0085836965519, 0.0048426730243, 0.0062499496659, 0.96352485885, 0.013783155537],
      [0.092119983683, 0.024990273822, 0.041548961293, 0.22764776934, 0.42201927504, 0.19167373682],
      [0.27392173291, 0.0054249607847, 0.31003443171, 0.041601553498, 0.3573720711, 0.01164525],
      [0.1672213372, 0.11992846192, 0.03245433153, 0.26754923582, 0.24083121279, 0.17201542073]
    ],
    [
      [0.015338635899, 0.001044393477, 0.054973000588, 0, 0.81262108536, 0.11602288468],
      [0.017474317688, 0.73551054506, 0.15237173702, 0.005705770407, 0.026261239546, 0.062676390282],
      [0.021882911711, 0.027931852754, 0.091381715969, 0.71702833262, 0.11065283212, 0.031122354823],
      [0.00069660451859, 0.0015646513205, 0.018308457541, 0.0021358882584, 0.97374745646, 0.0035469418996],
      [0.041328569998, 0.023751580528, 0.14684091545, 0.18849362141, 0.49290772426, 0.10667758836],
      [0.075750178555, 0.0027101889394, 0.66530057679, 0.012689429478, 0.24039043336, 0.0031591928812],
      [0.081870851929, 0.12766361289, 0.1277760443, 0.2487586587, 0.30848809449, 0.10544273769]
    ],
    [
      [0.011515926774, 0.00063372977369, 0.034502808102, 0.00037229598713, 0.84773034368, 0.10524489568],
      [0.012503993157, 0.54243331238, 0.23349122134, 0.012013395792, 0.12863838141, 0.070919695922],
      [0.014228335086, 0.0076073917304, 0.10824559729, 0.72610102162, 0.11059613097, 0.0332215233],
      [0.00039749165163, 0.00093589457854, 0.011502271271, 0.0015894881373, 0.98262007325, 0.002954781116],
      [0.027312368803, 0.01533416798, 0.14372524056, 0.18083232618, 0.52674643117, 0.10604946531],
      [0.050600659113, 0.001137197694, 0.67189537071, 0.013864287447, 0.25940195239, 0.0031005326506],
      [0.057158724779, 0.090131910231, 0.13178873113, 0.25064348383, 0.36093932745, 0.10933782257]
    ],
    [
      [0.038735356999, 0.00077596442366, 0.019187274002, 1.6575851818e-05, 0.74798073434, 0.19330409438],
      [0.038861844768, 0.60426411128, 0.13452337083, 0.013263235911, 0.084302905262, 0.12478453195],
      [0.035481291964, 0.018436969389, 0.040929343716, 0.73960751136, 0.10959927203, 0.055945611534],
      [0.0014280038666, 0.0013150757105, 0.0071042437722, 0.0024704137743, 0.97713510371, 0.010547159162],
      [0.080765822096, 0.01744214421, 0.081246446885, 0.19170749294, 0.44672292644, 0.18211516743],
      [0.19950809656, 0.0024184270138, 0.49510288479, 0.020287339514, 0.27421058219, 0.0084726699354],
      [0.15421870229, 0.091174949505, 0.067110701074, 0.24014799214, 0.27490209281, 0.17244556218]
    ],
    [
      [0.022224766419, 0.00067176565267, 0.013733249677, 0, 0.70637071635, 0.2569995019],
      [0.025036233569, 0.54358750473, 0.15230490904, 0.010884514065, 0.070352543561, 0.19783429503],
      [0.020237588439, 0.013023559854, 0.041852639522, 0.71724571626, 0.12276337744, 0.084877118478],
      [0.00073289247997, 0.00083752896522, 0.0064970951492, 0.0024779491286, 0.97350478753, 0.015949746747],
      [0.044230414225, 0.012909796698, 0.077301857446, 0.17009900577, 0.44157175987, 0.25388716599],
      [0.12013225669, 0.0018802345945, 0.52416319844, 0.02295725045, 0.31774296451, 0.013124095317],
      [0.090228416421, 0.071668076184, 0.067594998975, 0.23011590477, 0.28484227649, 0.25555032716]
    ],
    [
      [0.035994383613, 8.687739593e-05, 0.012539775972, 7.6861859152e-05, 0.84702149896, 0.1042806022],
      [0.08098950592, 0.29713917237, 0.2181132322, 0.015193828083, 0.22879179541, 0.15977246602],
      [0.039234534045, 0.0016168508482, 0.027285356128, 0.56015095745, 0.32246985264, 0.049242448887],
      [0.0010326281707, 0.00013125478401, 0.0040185220134, 0.00053319216549, 0.99133396702, 0.0029504358437],
      [0.086644398546, 0.00099333366202, 0.066481273401, 0.11691165283, 0.60615922839, 0.12281011317],
      [0.2046747745, 0.00025460273965, 0.4030748245, 0.012084026759, 0.37511843716, 0.004793334333],
      [0.18808772058, 0.007467518496, 0.068179598334, 0.16857269874, 0.43810300049, 0.12958946336]
    ],
    [
      [0.008053017456, 0.0015097891249, 0.050447795582, 0.0028710621591, 0.85822282773, 0.078895507945],
      [0.0054525724877, 0.62768454776, 0.25723961697, 0.014627987901, 0.056623258361, 0.038372016517],
      [0.006202089588, 0.016321677882, 0.068666851458, 0.85344225428, 0.038791647805, 0.016575478993],
      [0.00023409497569, 0.0017375065276, 0.05025746268, 0.00525389588, 0.94042668808, 0.0020903518611],
      [0.014268620884, 0.021080381403, 0.19169143187, 0.24792860222, 0.45754021734, 0.067490746283],
      [0.023147581366, 0.0014813097623, 0.77723408881, 0.018559055687, 0.17784386216, 0.0017341022108],
      [0.028508962107, 0.11878680591, 0.16713084719, 0.32501192354, 0.29361417852, 0.066947282729]
    ],
    [
      [0.0074860427504, 0.0001649320264, 0.0017848217938, 1.4598178033e-05, 0.84603317007, 0.14451643519],
      [0.039529076706, 0.54173350799, 0.083789643337, 0.01153150832, 0.13703728658, 0.18637897707],
      [0.015350500911, 0.0041109212069, 0.010250788002, 0.5207584371, 0.37511976862, 0.074409584168],
      [0.000482315309, 0.00024751733411, 0.001486429773, 0.00048532515823, 0.99380128234, 0.0034971300824],
      [0.047542311034, 0.0021222355243, 0.028254368298, 0.10646325099, 0.64624066477, 0.16937716938],
      [0.15358208639, 0.00067915118467, 0.20638043131, 0.016968202294, 0.61314828067, 0.0092418481523],
      [0.10827740156, 0.03444816587, 0.027066733984, 0.16225404355, 0.48038868356, 0.18756497147]
    ],
    [
      [0.014908409848, 0.00086753413054, 0.043614188771, 0, 0.78362439325, 0.156985474],
      [0.013745320879, 0.55695319578, 0.2610606389, 0.012043194613, 0.067259326922, 0.088938322905],
      [0.012432200573, 0.01012497551, 0.074564221275, 0.80599495642, 0.065304916563, 0.031578729662],
      [0.00063747639003, 0.0014117745175, 0.03740113331, 0, 0.95515549831, 0.0053941174739],
      [0.029605427657, 0.016290012112, 0.16029480575, 0.24232423661, 0.42221725038, 0.12926826749],
      [0.051692969045, 0.0013311631486, 0.69126988745, 0.026112100024, 0.22628228961, 0.0033115907196],
      [0.057551498674, 0.090550398869, 0.14015728644, 0.31184559932, 0.27290796073, 0.12698725596]
    ],
    [
      [0.043190016817, 0.00081479659641, 0.019445851621, 0.00085060459199, 0.75405968106, 0.18163904931],
      [0.03778977335, 0.56865316084, 0.12982598228, 0.03069670796, 0.12272641221, 0.11030796335],
      [0.025297136103, 0.0066438797911, 0.021430583645, 0.84942900794, 0.060239417697, 0.036959974824],
      [0.0015650274683, 0.0014054182339, 0.014166567238, 0.003622525582, 0.97068930495, 0.0085511565247],
      [0.076296825901, 0.015460819727, 0.076047116506, 0.26590899759, 0.41385693282, 0.15242930746],
      [0.1850996125, 0.0019917185856, 0.45903584404, 0.047010879525, 0.29970582607, 0.0071561192797],
      [0.14043248969, 0.082004337912, 0.061477615696, 0.31965646036, 0.25673765475, 0.1396914416]
    ],
    [
      [0.056101917363, 0.0012847801515, 0.013372209183, 0.0060718605875, 0.69424720281, 0.22892202991],
      [0.038048053426, 0.61569680208, 0.071114727173, 0.073207818231, 0.093536198058, 0.10839640103],
      [0.02381431744, 0.010265613956, 0.0088974257938, 0.90894004069, 0.0089064600421, 0.039176142078],
      [0.0028128485378, 0.0025524153545, 0.0079284350124, 0.022385751673, 0.95116410366, 0.013156445767],
      [0.09194704904, 0.020323767386, 0.050852068764, 0.31108007729, 0.34928265884, 0.17651437869],
      [0.2569699313, 0.0040688223545, 0.35872985968, 0.07942606743, 0.29060091717, 0.010204402056],
      [0.15843671784, 0.10010170245, 0.037626449982, 0.35363621554, 0.20025174522, 0.14994716896]
    ],
    [
      [0.0073415084302, 0, 0.024232207493, 0.00093984309749, 0.7796201802, 0.18786626077],
      ["NaN", "NaN", "NaN", "NaN", "NaN", "NaN"],
      [0.011842308472, 1.3126415554e-18, 0.064807798857, 0.77739115156, 0.082963162638, 0.062995578472],
      [0.0002865660756, 0, 0.0074246730752, 0.0023819177658, 0.98172559137, 0.008181251711],
      [0.021301647832, 0, 0.11295612902, 0.1835135306, 0.490380698, 0.19184799455],
      [0.053208141723, 0, 0.71469230053, 0.018469096433, 0.20543462197, 0.0081958393367],
      [0.049530724199, 0, 0.11010077998, 0.27911924432, 0.34367411628, 0.21757513522]
    ],
    [
      [0.03635608337, 0.0018122543419, 0.032034598703, 0.00011581334951, 0.816675549, 0.11300570124],
      [0.035713528961, 0.8046660725, 0.056372384686, 0.0056296932985, 0.026903542381, 0.070714778172],
      [0.034642421806, 0.037213690743, 0.060561217318, 0.6461591588, 0.17882561923, 0.042597892111],
      [0.00093008530656, 0.0011243024785, 0.0053869577721, 0.0014506136426, 0.98695980597, 0.0041482348254],
      [0.074328978534, 0.023624964098, 0.090775369772, 0.14936200568, 0.54515450878, 0.11675417313],
      [0.17430950571, 0.0032357220363, 0.52414432036, 0.016584788796, 0.27653870302, 0.005186960079],
      [0.15075312621, 0.12636932548, 0.078234591068, 0.20004567051, 0.32771575189, 0.11688153485]
    ],
    [
      [0.030231457963, 0.0031931718496, 0.011265139042, 0.00066298227896, 0.76032270025, 0.19432454861],
      [0.025165659795, 0.74354380416, 0.069298090004, 0.0087202109566, 0.047580724381, 0.1056915107],
      [0.023864124459, 0.040382799638, 0.017961208609, 0.76705858969, 0.094800717178, 0.055932560428],
      [0.0010778407442, 0.0021315484416, 0.0041774434709, 0.0031203944184, 0.97825506073, 0.011237712195],
      [0.064074848873, 0.027156234835, 0.051410758426, 0.20592717097, 0.46426115917, 0.18716982772],
      [0.1926440976, 0.0056522326196, 0.38125632015, 0.032864693013, 0.37653915161, 0.011043505015],
      [0.12001882342, 0.13672770586, 0.041252624098, 0.25145452922, 0.27695411125, 0.17359220616]
    ],
    [
      [0.013923360191, 0.00062235258714, 0.038066503216, 0.0011854546214, 0.64952312801, 0.29667920138],
      [0.012375294035, 0.5009441078, 0.26135406767, 0.012678568727, 0.042168575961, 0.17047938581],
      [0.0076313266358, 0.0043164524614, 0.04737283737, 0.85783491692, 0.029837597349, 0.053006869266],
      [0.0016723682273, 0.0010438797314, 0.039491225726, 0.012857803005, 0.92805414951, 0.016880573803],
      [0.023042977215, 0.0098572755974, 0.13892255615, 0.27732290757, 0.3226314172, 0.22822286627],
      [0.048703425829, 0.00082955093887, 0.74569952017, 0.025401575736, 0.17089975624, 0.008466171085],
      [0.045588092165, 0.057398530945, 0.11787762115, 0.34844422977, 0.2082579373, 0.22243358867]
    ],
    [
      [0.01745159391, 0.00055434726812, 0.0010310415105, 0.00024964744743, 0.93530148594, 0.04541188392],
      [0.030219476656, 0.71934255249, 0.026470419664, 0.015061842393, 0.17295671917, 0.035948989621],
      [0.024141735915, 0.0093050679475, 0.0044476282151, 0.79971385691, 0.14422997888, 0.018161732131],
      [0.00066640556706, 0.00076569245162, 0.00081046297145, 0.0010633129111, 0.99552473344, 0.0011693926549],
      [0.064456230875, 0.018819933098, 0.017044526863, 0.19634200111, 0.64968461102, 0.053652697037],
      [0.21688904153, 0.002917254852, 0.15075818326, 0.037034912568, 0.58924196633, 0.0031586414522],
      [0.13235549492, 0.055153601304, 0.0070083770046, 0.26437250505, 0.48748878776, 0.053621233966]
    ],
    [
      [0.027763636646, 0.00074816111445, 0.0032529889566, 0, 0.84280676015, 0.12542845313],
      [0.029375994374, 0.69823703593, 0.032713877225, 0.021366089998, 0.12477527116, 0.093531731317],
      [0.0089814330016, 0.0072025925274, 0.0031914186354, 0.83835393, 0.1108268964, 0.031443729442],
      [0.00074216879181, 0.00093904503268, 0.0012414788904, 0.0011451828471, 0.99136389247, 0.0045682319657],
      [0.055479733082, 0.017247939937, 0.017465726522, 0.2459348716, 0.54021188074, 0.12365984812],
      [0.1854034632, 0.0026426474428, 0.13822774171, 0.055623330616, 0.61027160964, 0.00783120739],
