{
  "X": [
    [26, 44, 130, 124, 73, 25],
    [8, 16, 72, 32, 148, 41],
    [8, 33, 106, 39, 127, 42],
    [11, 20, 93, 32, 167, 41],
    [3, 34, 90, 34, 133, 41],
    [9, 20, 77, 30, 119, 37],
    [11, 25, 99, 44, 154, 57],
    [18, 37, 89, 110, 105, 26],
    [10, 26, 68, 102, 118, 30],
    [12, 39, 89, 120, 99, 38],
    [8, 22, 78, 121, 113, 39],
    [8, 30, 71, 131, 110, 29],
    [6, 10, 68, 34, 71, 41],
    [13, 18, 83, 35, 89, 55],
    [8, 25, 77, 140, 58, 43],
    [9, 20, 71, 113, 60, 44],
    [6, 32, 87, 83, 97, 37],
    [21, 31, 84, 117, 63, 33],
    [11, 27, 83, 102, 106, 25],
    [12, 20, 98, 25, 150, 38],
    [18, 17, 79, 69, 146, 44],
    [10, 30, 94, 50, 127, 43],
    [7, 25, 84, 64, 100, 21],
    [7, 17, 62, 47, 133, 41],
    [15, 18, 102, 26, 153, 68],
    [13, 32, 136, 64, 142, 93],
    [11, 16, 87, 30, 163, 45],
    [11, 22, 93, 34, 166, 54],
    [9, 12, 84, 40, 144, 48],
    [5, 15, 76, 18, 147, 44],
    [11, 22, 86, 30, 155, 56],
    [8, 9, 65, 32, 182, 63],
    [6, 12, 122, 10, 189, 51],
    [7, 11, 66, 17, 175, 52],
    [4, 4, 76, 15, 212, 42],
    [4, 3, 85, 9, 153, 56],
    [12, 14, 93, 13, 164, 59],
    [17, 19, 86, 55, 154, 55],
    [11, 29, 102, 64, 154, 58],
    [22, 30, 102, 85, 97, 46],
    [13, 21, 70, 49, 109, 46],
    [15, 25, 82, 46, 80, 24],
    [29, 36, 113, 99, 83, 49],
    [19, 55, 75, 117, 106, 47],
    [20, 47, 98, 85, 101, 52],
    [15, 51, 96, 119, 98, 41],
    [25, 40, 98, 99, 107, 53],
    [12, 37, 57, 93, 80, 43],
    [13, 48, 94, 129, 96, 59],
    [17, 42, 101, 95, 108, 46],
    [13, 38, 80, 76, 100, 48],
    [19, 45, 97, 76, 75, 47],
    [27, 48, 98, 85, 114, 45],
    [24, 68, 99, 93, 120, 48],
    [26, 55, 93, 115, 91, 51],
    [17, 36, 96, 152, 101, 49],
    [14, 41, 109, 132, 96, 46],
    [16, 34, 73, 56, 128, 38],
    [21, 37, 125, 88, 154, 53],
    [32, 41, 89, 126, 180, 78],
    [20, 20, 126, 84, 116, 58],
    [19, 37, 88, 101, 103, 56],
    [12, 44, 104, 140, 124, 49],
    [14, 34, 87, 106, 116, 36],
    [18, 32, 78, 152, 105, 31],
    [12, 23, 53, 146, 64, 27],
    [14, 24, 50, 173, 49, 27],
    [16, 37, 60, 185, 69, 56],
    [9, 28, 65, 204, 67, 31],
    [10, 40, 71, 194, 79, 40],
    [17, 21, 82, 135, 93, 40],
    [12, 32, 71, 151, 71, 36],
    [16, 27, 61, 165, 88, 33],
    [8, 24, 90, 114, 92, 50],
    [14, 18, 74, 166, 95, 32],
    [10, 22, 49, 151, 62, 49],
    [12, 44, 84, 172, 83, 38],
    [10, 29, 81, 193, 44, 32],
    [15, 30, 60, 152, 63, 25],
    [12, 23, 93, 62, 142, 44],
    [13, 28, 72, 64, 94, 53],
    [14, 28, 77, 71, 137, 53],
    [15, 28, 95, 87, 126, 57],
    [14, 36, 94, 79, 77, 36],
    [16, 39, 96, 128, 127, 48],
    [17, 29, 94, 110, 106, 40],
    [23, 51, 97, 120, 108, 42],
    [15, 36, 96, 113, 112, 32],
    [19, 36, 74, 114, 121, 45],
    [14, 13, 47, 43, 60, 27],
    [17, 37, 78, 118, 67, 34],
    [10, 51, 72, 100, 74, 39],
    [16, 29, 88, 101, 66, 33],
    [11, 29, 83, 125, 73, 36],
    [17, 36, 69, 123, 84, 45],
    [201, 506, 1365, 2758, 1865, 839]
  ],
  "W": [
    [5, 47, 115, 154, 95, 6],
    [7, 23, 72, 40, 158, 17],
    [12, 38, 95, 49, 151, 10],
    [9, 17, 103, 39, 179, 17],
    [3, 37, 85, 41, 158, 11],
    [18, 18, 72, 33, 134, 17],
    [13, 25, 87, 64, 185, 16],
    [9, 40, 77, 130, 125, 4],
    [8, 24, 65, 137, 118, 2],
    [20, 35, 73, 138, 123, 8],
    [8, 25, 64, 156, 126, 2],
    [14, 26, 55, 151, 127, 6],
    [17, 16, 63, 48, 78, 8],
    [13, 20, 83, 49, 119, 9],
    [7, 24, 61, 165, 86, 8],
    [6, 26, 63, 134, 76, 12],
    [15, 36, 67, 103, 112, 9],
    [7, 37, 72, 147, 82, 4],
    [4, 36, 66, 125, 119, 4],
    [15, 20, 93, 33, 171, 11],
    [13, 22, 80, 76, 175, 7],
    [21, 23, 97, 62, 145, 6],
    [5, 27, 68, 61, 124, 16],
    [14, 21, 58, 55, 151, 8],
    [27, 17, 93, 35, 177, 33],
    [42, 32, 128, 78, 170, 30],
    [14, 15, 77, 43, 186, 17],
    [10, 25, 85, 45, 191, 24],
    [15, 15, 76, 46, 168, 17],
    [15, 14, 67, 24, 161, 24],
    [10, 22, 75, 44, 190, 19],
    [14, 12, 66, 33, 196, 38],
    [13, 11, 112, 17, 223, 14],
    [22, 11, 56, 20, 195, 24],
    [10, 2, 68, 20, 225, 28],
    [26, 8, 74, 13, 177, 12],
    [19, 16, 92, 18, 197, 13],
    [7, 21, 77, 82, 186, 13],
    [10, 28, 95, 89, 184, 12],
    [8, 32, 90, 111, 133, 8],
    [4, 28, 66, 66, 140, 4],
    [4, 31, 67, 61, 101, 8],
    [11, 49, 95, 128, 119, 7],
    [6, 59, 71, 147, 126, 10],
    [6, 50, 87, 129, 124, 7],
    [8, 53, 75, 145, 131, 8],
    [6, 49, 89, 137, 133, 8],
    [6, 32, 55, 117, 100, 12],
    [3, 49, 78, 184, 113, 12],
    [2, 49, 91, 136, 124, 7],
    [9, 42, 65, 100, 132, 7],
    [9, 59, 81, 101, 102, 7],
    [22, 63, 79, 93, 151, 9],
    [19, 63, 75, 130, 163, 2],
    [30, 46, 70, 145, 130, 10],
    [22, 34, 80, 191, 116, 8],
    [24, 36, 88, 154, 131, 5],
    [22, 46, 58, 68, 142, 9],
    [13, 55, 106, 118, 181, 5],
    [17, 67, 61, 175, 219, 7],
    [13, 27, 111, 112, 151, 10],
    [18, 38, 58, 145, 139, 6],
    [14, 46, 83, 172, 151, 7],
    [16, 37, 73, 131, 134, 2],
    [11, 31, 56, 172, 146, 0],
    [5, 21, 23, 165, 104, 7],
    [6, 19, 32, 200, 71, 9],
    [15, 36, 44, 237, 85, 6],
    [7, 26, 41, 233, 93, 4],
    [9, 40, 37, 240, 100, 8],
    [2, 34, 63, 164, 121, 4],
    [7, 25, 62, 187, 84, 8],
    [6, 31, 40, 191, 119, 3],
    [11, 24, 65, 158, 117, 3],
    [5, 26, 46, 197, 120, 5],
    [7, 24, 38, 191, 82, 1],
    [4, 49, 55, 221, 100, 4],
    [7, 25, 53, 246, 53, 5],
    [7, 35, 50, 183, 68, 2],
    [3, 22, 71, 81, 188, 11],
    [8, 31, 60, 85, 131, 9],
    [12, 29, 70, 91, 172, 6],
    [8, 37, 81, 113, 166, 3],
    [3, 43, 74, 111, 102, 3],
    [13, 37, 91, 154, 150, 9],
    [17, 37, 79, 131, 124, 8],
    [9, 41, 86, 161, 141, 3],
    [7, 33, 81, 137, 140, 6],
    [10, 39, 77, 137, 145, 1],
    [6, 16, 40, 58, 79, 5],
    [6, 36, 69, 145, 87, 8],
    [4, 48, 70, 122, 99, 3],
    [7, 38, 62, 128, 83, 15],
    [6, 33, 73, 155, 87, 3],
    [2, 46, 56, 160, 102, 8],
    [268, 539, 1100, 3239, 2289, 99]
  ],
  "method": "mvn_pdf",
  "cond_prob": [
    [
      [0.04886029361, 0.13824636262, 0.20799030024, 0.06448921148, 0.15164028925, 0.3887735428],
      [0.23934488813, 0.62298978249, 0.11121788392, 0.0055330181358, 0.0030865298513, 0.017827897474],
      [0.053223979967, 0.033353358325, 0.78677390845, 0.0030327978469, 0.075570875007, 0.048045080401],
      [0.027047957865, 0.056783683602, 0.08302509109, 0.79684168493, 0.0032029586563, 0.033098623861],
      [0.044408809791, 0.015227902941, 0.2080816362, 0.0037258961419, 0.62956381687, 0.098991938062],
      [0.00025144205998, 0.00021235807414, 0.11669816931, 0.00019178761103, 0.51737713161, 0.36526911134]
    ],
    [
      [0.013887087807, 0.047245418272, 0.1221342642, 0.037384560714, 0.24245985603, 0.53688881298],
      [0.17834485546, 0.56640388552, 0.1670172841, 0.0064705175641, 0.0095683939825, 0.072195063371],
      [0.023264060828, 0.015415413073, 0.67764929334, 0, 0.17360638847, 0.11006484428],
      [0.015851706785, 0.029844786975, 0.072976709691, 0.78973715428, 0.0016491507586, 0.089940491515],
      [0.0094416332829, 0.0021410853475, 0.093444099204, 0, 0.78149012367, 0.1134830585],
      [0, 0, 0.048804554928, 0, 0.5906848474, 0.36051059767]
    ],
    [
      [0.013370815321, 0.085156101662, 0.16172065461, 0.043448392356, 0.19280805611, 0.50349597994],
      [0.11609694548, 0.67856383221, 0.14935026109, 0.0049510410286, 0.0050721062601, 0.045965813939],
      [0.01694784893, 0.025491575609, 0.75454839269, 0, 0.11585490934, 0.087157273427],
      [0.011896970805, 0.047628614933, 0.084459639351, 0.78143836189, 0.00092058688101, 0.073655826139],
      [0.0081779408622, 0.0095173619789, 0.14449829348, 0, 0.71564443393, 0.12216196975],
      [0, 7.7682797046e-06, 0.074418027304, 0, 0.53799286217, 0.38758134225]
    ],
    [
      [0.022113050365, 0.10249470728, 0.12471672163, 0.048609459414, 0.230313502, 0.47175255932],
      [0.15897531103, 0.69879653825, 0.096530605193, 0.0047621048194, 0.0050175941739, 0.035917846532],
      [0.037560874372, 0.034461929488, 0.67381108941, 0, 0.16037390562, 0.093792201106],
      [0.020387345062, 0.051385654409, 0.058266021743, 0.80721946368, 0.00088253486229, 0.061858980248],
      [0.019161377823, 0.0091726637281, 0.09858028132, 0, 0.77104979204, 0.10203588509],
      [0.00027288889056, 0.00014590692219, 0.053867164907, 0, 0.60417855691, 0.34153548237]
    ],
    [
      [0.00890251444, 0.088984659897, 0.13416123695, 0.050243596685, 0.18892896105, 0.52877903097],
      [0.077165327838, 0.73403755571, 0.12772025905, 0.0059767097206, 0.0054016390578, 0.049698508621],
      [0, 0.039101090731, 0.72286669651, 0.00073849513015, 0.13142038913, 0.1058733285],
      [0.0028823250413, 0.045828743487, 0.062805379226, 0.81866728937, 0.0011439311453, 0.068672331729],
      [0, 0.0086777548343, 0.12768152348, 0, 0.72906467357, 0.13457604811],
      [0, 0, 0.061772385621, 0, 0.52940907222, 0.40881854216]
    ],
    [
      [0.022484285711, 0.11255004064, 0.1451128219, 0.073436895172, 0.19153846679, 0.45487748979],
      [0.14789180652, 0.70689062682, 0.10322334515, 0.0067010173426, 0.0036956110333, 0.031597593131],
      [0.035347967164, 0.034639397814, 0.72486119987, 0.00025226474272, 0.12240397489, 0.082495195525],
      [0.013165282645, 0.039037900367, 0.0472066242, 0.85934347259, 0.0002573141982, 0.040989406],
      [0.021984105001, 0.010934228656, 0.13128072779, 0.0013469105352, 0.72474319641, 0.10971083161],
      [0.00046190039411, 0.00015258771002, 0.070029792933, 3.1406239775e-05, 0.56168357176, 0.36764074097]
    ],
    [
      [0.017137715452, 0.077072837541, 0.13954399816, 0.024302311673, 0.18932408043, 0.55261905674],
      [0.15428133097, 0.6494646747, 0.13524980646, 0.0034966694896, 0.005032295865, 0.05247522252],
      [0.027480033696, 0.024416883563, 0.71761073149, 0.0017784028953, 0.12492218191, 0.10379176645],
      [0.024726713215, 0.067297304565, 0.11396934102, 0.66702471692, 0.00092848292982, 0.12605344135],
      [0.015913073461, 0.0071848242671, 0.12470617956, 0.0040389562133, 0.71453311198, 0.13362385452],
      [0.00018657858307, 5.9212059897e-05, 0.062991761192, 0.0003214610354, 0.5185438192, 0.41789716793]
    ],
    [
      [0.03259799396, 0.11641998677, 0.16659974657, 0.070993266664, 0.2056143249, 0.40777468114],
      [0.19927442839, 0.65585564444, 0.1098643923, 0.0064185502542, 0.0043142536733, 0.024272730944],
      [0.045152674951, 0.0323357776, 0.74047832676, 0.0010764036931, 0.11838284525, 0.062573971742],
      [0.021269918324, 0.044972885085, 0.06139212795, 0.83609569526, 0.002302342643, 0.033967030742],
      [0.027941257192, 0.011049103006, 0.14232909821, 0.0026292884673, 0.72945193903, 0.086599314104],
      [0.00028460410199, 0.0001316323532, 0.079270379775, 8.3515938828e-05, 0.59515623071, 0.32507363712]
    ],
    [
      [0.016795751584, 0.072617304546, 0.1247663439, 0.030964956939, 0.3218733701, 0.43298227294],
      [0.1619616874, 0.65137417727, 0.12914715561, 0.004185394281, 0.0099359285004, 0.043395656928],
      [0.027161104961, 0.023330099191, 0.65093694413, 0.00025587944759, 0.2172105027, 0.081105469567],
      [0.021721363815, 0.056356661266, 0.090759485528, 0.74131216523, 0.0053875673337, 0.084462756828],
      [0.010483460772, 0.0046497012341, 0.076851632418, 0.00063896313903, 0.83842348086, 0.068952761574],
      [0.00010322671428, 4.8761260302e-05, 0.044447001443, 1.7215477507e-05, 0.69790030654, 0.25748348856]
    ],
    [
      [0.022230111362, 0.13265519341, 0.15893669347, 0.079793424685, 0.16302852931, 0.44335604776],
      [0.13147284462, 0.72959938145, 0.10162968043, 0.0071886284358, 0.0029869701497, 0.027122494913],
      [0.032640565948, 0.03859221442, 0.75229822927, 0.0016592796904, 0.099344349525, 0.075465361148],
      [0.013198419497, 0.045674346447, 0.051644189771, 0.8517193435, 0.0006489929423, 0.037114707842],
      [0.02234044069, 0.013736551103, 0.15892960057, 0.0040044037223, 0.68380533866, 0.11718366525],
      [0.00022885019064, 0.00012881660669, 0.083902189988, 0.00019887909634, 0.52314128277, 0.39239998135]
    ],
    [
      [0.012555291737, 0.052271748293, 0.14002938299, 0.037266304656, 0.25189883252, 0.5059784398],
      [0.15250303943, 0.58527189822, 0.18199901616, 0.0063019178636, 0.0093885518134, 0.064535576515],
      [0.018947273732, 0.016141869289, 0.70709759068, 0.00030894757255, 0.16387013002, 0.093634188714],
      [0.01217380098, 0.034893788073, 0.088994893852, 0.77186369729, 0.0026347970917, 0.089439022714],
      [0.007739080796, 0.0037575210423, 0.10381796446, 0.00090290838827, 0.78281282998, 0.10096969534],
      [5.9514195378e-05, 3.5166490701e-05, 0.05563838308, 2.2868636719e-05, 0.60848114987, 0.33576291773]
    ],
    [
      [0.017630869418, 0.11291238423, 0.1557749035, 0.075246928103, 0.21733993326, 0.42109498149],
      [0.12137452503, 0.72130795625, 0.1153234151, 0.0076756678542, 0.0047098870956, 0.029608548667],
      [0.025457033764, 0.03325712748, 0.73659501651, 0.0014080473963, 0.13238222586, 0.070900548992],
      [0.0097614230862, 0.042817896029, 0.055624975603, 0.85543290984, 0.0017722018494, 0.034590593597],
      [0.013564936899, 0.010784816794, 0.12977001475, 0.0039226997907, 0.7531806807, 0.08877685106],
      [9.5241338788e-05, 0.0001506189345, 0.071308910147, 0.00016346281286, 0.60536875319, 0.32291301357]
    ],
    [
      [0.011626521669, 0.031971530942, 0.1376111677, 0.023525144326, 0.18552193183, 0.60974370353],
      [0.18189859684, 0.47652472061, 0.22871136848, 0.005991182025, 0.0091110149996, 0.097763117047],
      [0.019623881499, 0.0070651091516, 0.72809478288, 0.0048999032253, 0.12709092971, 0.11322539353],
      [0.018114284387, 0.028895553492, 0.1218579565, 0.68108644179, 0.0028780960906, 0.14716766774],
      [0.010079248682, 0, 0.1256626526, 0.0063896941281, 0.71294772915, 0.14492067544],
      [0, 0, 0.06004851463, 0.00062179787379, 0.49319385763, 0.44613582986]
    ],
    [
      [0.022407116346, 0.062194424087, 0.11466696581, 0.026693853831, 0.12815545141, 0.64588218852],
      [0.2239420531, 0.57944053366, 0.12276383552, 0.0040481073007, 0.0044643601873, 0.065341110231],
      [0.042556977022, 0.024213925639, 0.69527634595, 0.0017972702772, 0.1020891479, 0.13406633321],
      [0.03028671047, 0.051209125263, 0.089028207863, 0.69503125176, 0.0023395482305, 0.13210515642],
      [0.026983794856, 0.0090932117338, 0.13831612437, 0.0030633702623, 0.6312545173, 0.19128898148],
      [0.0002796590854, 0.00017407237859, 0.058235003864, 0.00019688042784, 0.39304080332, 0.54807358092]
    ],
    [
      [0.015557984017, 0.085042911919, 0.14683322302, 0.069515278373, 0.10698291735, 0.57606768532],
      [0.13224873922, 0.67115847719, 0.1342063222, 0.0082830659774, 0.0027783563536, 0.051325039057],
      [0.024752755979, 0.027450020171, 0.76638151038, 0.00057149947919, 0.071711590039, 0.10913262395],
      [0.0093572903527, 0.034051145571, 0.054981165349, 0.8429005191, 0.00054350545366, 0.058166374178],
      [0.019329974809, 0.011663407193, 0.18911499671, 0.0023311866911, 0.57869442533, 0.19886600928],
      [0.00010943925696, 0.0001191119827, 0.083270196693, 8.378668432e-05, 0.36907913198, 0.5473383334]
    ],
    [
      [0.014675571995, 0.054250139166, 0.1283004404, 0.059222903614, 0.12856986996, 0.61498107487],
      [0.16998994904, 0.58216997807, 0.15943640586, 0.009752428027, 0.0047043618008, 0.073946877194],
      [0.02602993843, 0.017982242547, 0.73360098259, 0.0010201662353, 0.094710582899, 0.1266560873],
      [0.011558554642, 0.022429288503, 0.056792947681, 0.83688270158, 0.0016595583641, 0.070676949235],
      [0.017149094626, 0.0052588657282, 0.1508243826, 0.0024000825093, 0.63260905635, 0.19175851819],
      [1.2021521947e-05, 0, 0.066256736301, 0.00017839124188, 0.40323596231, 0.53031688863]
    ],
    [
      [0.011298664955, 0.078735843405, 0.17542673957, 0.04900372928, 0.20154515761, 0.48398986519],
      [0.10725947759, 0.6621981601, 0.17174645734, 0.0060764245441, 0.0059537941871, 0.046765686239],
      [0.01308235489, 0.022609653776, 0.77140361569, 0, 0.11442040404, 0.078483971607],
      [0.0054132091676, 0.042932740404, 0.086675957425, 0.79592350728, 0.0020314497755, 0.067023135948],
      [0.0047776831311, 0.0093116921476, 0.15053827702, 0.00058992435269, 0.72231034337, 0.11247207997],
      [0, 0, 0.079308172252, 0, 0.55425790995, 0.36643391779]
    ],
    [
      [0.040099968744, 0.091268749139, 0.16318902026, 0.054763468206, 0.15306218126, 0.49761661239],
      [0.27209630963, 0.56557233719, 0.11849036958, 0.0049328550804, 0.0031838279786, 0.035724300537],
      [0.053911032052, 0.026744630842, 0.7455840235, 0, 0.089863136707, 0.083897176904],
      [0.025500541151, 0.04502575251, 0.074009129826, 0.79160802755, 0.00085328933601, 0.063003259621],
      [0.036839110123, 0.010852841591, 0.16553563162, 0.00082555340047, 0.64977480213, 0.13617206114],
      [0.00018896888573, 0.00015255745696, 0.084554903625, 1.6163791142e-05, 0.48341248653, 0.43167491971]
    ],
    [
      [0.017362223978, 0.064689779647, 0.17548889368, 0.052053932441, 0.25711306444, 0.43329210582],
      [0.17030488079, 0.58554311119, 0.18516959303, 0.0069869823913, 0.0083472670622, 0.043648165541],
      [0.022967472901, 0.016855395124, 0.7517115699, 4.9435215736e-05, 0.14256653684, 0.065849590016],
      [0.014490927905, 0.032146770999, 0.084707049297, 0.81175289531, 0.0036452921654, 0.053257064324],
      [0.012368681502, 0.0044599689045, 0.12727532916, 0.0005698143278, 0.77534821568, 0.079977990422],
      [0.00012077432439, 3.7531526806e-05, 0.071207532683, 1.7590275522e-05, 0.63488887733, 0.29372769386]
    ],
    [
      [0.025000046723, 0.091684593119, 0.15813560122, 0.034403850448, 0.22456118082, 0.46621472767],
      [0.18605058764, 0.6421658672, 0.12673441983, 0.003505098442, 0.0050618828695, 0.036482144024],
      [0.036173715033, 0.026235093867, 0.72716240128, 0, 0.13285383637, 0.077574953446],
      [0.026559318419, 0.059039649141, 0.095503791604, 0.73949167826, 0.0011129698483, 0.078292592723],
      [0.021404737901, 0.0081404166519, 0.12607907925, 6.2075390087e-05, 0.74636212499, 0.097951565809],
      [0.00028766904916, 0.00011185095115, 0.068729690056, 0, 0.59184422441, 0.33902656553]
    ],
    [
      [0.03454886377, 0.065520032337, 0.11835779728, 0.081899561565, 0.19403752598, 0.50563621907],
      [0.30279430866, 0.52577129293, 0.10979420506, 0.010188301958, 0.0051740424531, 0.046277848935],
      [0.059230388039, 0.022828873089, 0.66889043819, 0.0019531596602, 0.1415444719, 0.10555266912],
      [0.017765170409, 0.022112537012, 0.036724937092, 0.87725777568, 0.00086686716141, 0.04527271265],
      [0.027428041277, 0.0061371793222, 0.10489535836, 0.0050401825306, 0.73216491344, 0.12433432507],
      [0.00012839467638, 5.7441953706e-05, 0.055265447944, 0.00018391280121, 0.54934053154, 0.39502427109]
    ],
    [
      [0.019576723404, 0.13309744837, 0.1310123699, 0.047913273909, 0.19414929007, 0.47425089434],
      [0.11765490737, 0.7587648671, 0.085456908608, 0.0040022760154, 0.0035186239965, 0.030602416902],
      [0.032695829591, 0.042167633128, 0.69823892811, 8.9328837954e-05, 0.13308394807, 0.093724332258],
      [0.0168644595, 0.067522626124, 0.063536284975, 0.78681497098, 0.00065161699314, 0.064610041429],
      [0.018376206415, 0.010183169053, 0.1189047651, 0.00076175570718, 0.73469558383, 0.11707851989],
      [0.00019734157228, 2.3149164791e-05, 0.062269116465, 2.0204009277e-05, 0.56025561409, 0.3772345747]
    ],
    [
      [0.017639445063, 0.11942154308, 0.17407208322, 0.20373622271, 0.1473322722, 0.33779843373],
      [0.1135585772, 0.72184220525, 0.11907986571, 0.022701871981, 0.0040999714184, 0.018717508436],
      [0.023629535615, 0.033237590527, 0.7948050187, 0.01272204349, 0.08953263496, 0.046073176711],
      [0.0029764014204, 0.016811524781, 0.020730773841, 0.9534162864, 0.0029764690558, 0.0030885444979],
      [0.016591550659, 0.013124948188, 0.18478614584, 0.026592333279, 0.67845318277, 0.080451839258],
      [0, 0, 0.1056051656, 0.0029641617781, 0.54716630982, 0.3442643628]
    ],
    [
      [0.013607357302, 0.056883685659, 0.11790484308, 0.052666128829, 0.22081266915, 0.53812531598],
      [0.15800112054, 0.61517178521, 0.1453816394, 0.0083186475706, 0.0077577250242, 0.065369082254],
      [0.023886389731, 0.019838981724, 0.67853499807, 8.5265442479e-05, 0.16337071211, 0.11428365292],
      [0.010650571059, 0.027710780047, 0.053955476128, 0.83644453517, 0.0011346404453, 0.070103997151],
      [0.010066141347, 0.0040415037666, 0.096514056455, 0.00052021164567, 0.76596347329, 0.1228946135],
      [3.6763793379e-05, 0, 0.050014271246, 4.4761172119e-06, 0.56841492656, 0.38152956228]
    ],
    [
      [0.029193696673, 0.078778963893, 0.14191601111, 0.030652156563, 0.17242487508, 0.54703429668],
      [0.23547493981, 0.58849162918, 0.1221631424, 0.0034110815504, 0.0040904773857, 0.046368729671],
      [0.045423980593, 0.025018811674, 0.71606465837, 0.00018506241383, 0.11158889064, 0.10171859631],
      [0.033904501851, 0.055890054472, 0.094401476595, 0.71325103998, 0.00075261114025, 0.10180031596],
      [0.02707750055, 0.0089074715424, 0.13540740773, 0.00074662375806, 0.68634158483, 0.14151941159],
      [0.00014820775006, 0.00027534616812, 0.067464187934, 3.7993259596e-05, 0.49661883404, 0.43545543085]
    ],
    [
      [0.015847740273, 0.07459624435, 0.13283496745, 0.046185336998, 0.13992843729, 0.59060727364],
      [0.14820487425, 0.64799745207, 0.13502348493, 0.0059633338286, 0.0041283946967, 0.058682460214],
      [0.026948290917, 0.02596485439, 0.7297652223, 0, 0.099684647615, 0.11763698477],
      [0.014257277383, 0.040822373784, 0.068618340232, 0.79217521254, 0.00088463585234, 0.08324216021],
      [0.017800241156, 0.0095091481669, 0.14888992167, 0.00046895638576, 0.64865497499, 0.17467675763],
      [0.00014496875616, 0.00022791884746, 0.067557139077, 0, 0.42969715879, 0.50237281453]
    ],
    [
      [0.023258357094, 0.076510069675, 0.14886030308, 0.025258429538, 0.22537073993, 0.50074210068],
      [0.19762123368, 0.61289986876, 0.13582833612, 0.0030869005661, 0.0057211979568, 0.044842462922],
      [0.034937351583, 0.022756045002, 0.7148130821, 0.00069392946774, 0.13888826319, 0.087911328651],
      [0.031834411583, 0.063639304099, 0.11563236997, 0.6789797628, 0.0012492655329, 0.10866488601],
      [0.019602027763, 0.006693759959, 0.11716048288, 0.001871320664, 0.74808484338, 0.10658756535],
      [0.00029597421692, 9.506466726e-05, 0.06316950994, 0.00014414500035, 0.58041741875, 0.35587788743]
    ],
    [
      [0.018060690662, 0.071943602429, 0.13596191472, 0.033461390272, 0.20079483064, 0.53977757128],
      [0.16910746804, 0.63078950268, 0.1368258266, 0.0042740365208, 0.0055214906289, 0.053481675526],
      [0.029378472121, 0.023293960724, 0.70915757334, 0, 0.13428660286, 0.10388339095],
      [0.020450725212, 0.049220868247, 0.087043506282, 0.74574522632, 0.00076036033271, 0.096779313608],
      [0.016592606206, 0.0068765525287, 0.11821503042, 0, 0.73019540156, 0.12812040929],
      [0.00021107675564, 0.00010329762622, 0.060221369205, 0, 0.53908813632, 0.40037612009]
    ],
    [
      [0.018200764372, 0.053693505919, 0.13971545035, 0.058735553507, 0.19651736943, 0.53313735642],
      [0.2002390779, 0.55715440537, 0.16522342132, 0.0089263523961, 0.0064283809147, 0.062028362104],
      [0.029440222809, 0.016334257628, 0.72218501962, 0.00014233524268, 0.13008689117, 0.10181127353],
      [0.013356910178, 0.02316561299, 0.057524830517, 0.84400801449, 0.00031952757982, 0.061625104246],
      [0.017079292064, 0.0031563068655, 0.12395975418, 0.00089137103483, 0.72586118374, 0.12905209212],
      [0.0001297939752, 0, 0.062851442855, 7.9372152391e-06, 0.53587252226, 0.40113830369]
    ],
    [
      [0.013411689888, 0.079348520813, 0.14667902959, 0.029363828637, 0.2194573484, 0.51173958268],
      [0.12186886476, 0.67934620769, 0.14093271686, 0.0036061392029, 0.0059201154064, 0.048325956075],
      [0.019652363652, 0.02450735604, 0.7239342272, 0, 0.13903291219, 0.092873140918],
      [0.016166235578, 0.05753897213, 0.099075470322, 0.7295440259, 0.0012042387798, 0.09647105729],
      [0.0086208852576, 0.0079254477908, 0.12072099705, 0, 0.74904697352, 0.11368569638],
      [0, 0, 0.062886311835, 0, 0.57019119058, 0.36692249758]
    ],
    [
      [0.018994737632, 0.081786604368, 0.13117869872, 0.023093960992, 0.18030797736, 0.56463802093],
      [0.1624288236, 0.65877905014, 0.1204946407, 0.0030290815054, 0.0045192796547, 0.050749124395],
      [0.031985390111, 0.026997766189, 0.70492538059, 0.0011187251794, 0.12420249423, 0.1107702437],
      [0.027789254173, 0.072347883274, 0.10867326217, 0.65987770563, 0.00094319379666, 0.13036870095],
      [0.018996914721, 0.0077888964232, 0.12230876095, 0.003046101738, 0.70617859216, 0.141680734],
      [0.00029332976894, 5.0800242036e-05, 0.060402066126, 0.00027041212484, 0.50351978785, 0.43546360389]
    ],
    [
      [0.015678636579, 0.043941197295, 0.098883089222, 0.081345224338, 0.19727985033, 0.56287200223],
      [0.20721111476, 0.55134273373, 0.14016340831, 0.014921294356, 0.0080488949324, 0.078312553916],
      [0.031823897087, 0.016780515583, 0.64728964372, 0.0014167844684, 0.1668481359, 0.13584102324],
      [0.0084324425746, 0.013858601605, 0.029187192311, 0.89940067766, 0.0010551972552, 0.048065888593],
      [0.014874070908, 0.0010401150598, 0.084768811753, 0.0045165547928, 0.75397030359, 0.1408301439],
      [0, 0, 0.043018287267, 0.00060885394425, 0.53464519404, 0.42172766475]
    ],
    [
      [0.013631597118, 0.063181591482, 0.16580805865, 0.013141754645, 0.21749314445, 0.52674385366],
      [0.14020305141, 0.61216701894, 0.18202192667, 0.0019422574137, 0.0067979131105, 0.05686783245],
      [0.017855919465, 0.017613600503, 0.74883621213, 0.0008475978499, 0.12726078485, 0.087585885199],
      [0.026624630674, 0.075226186984, 0.18463444838, 0.54735715615, 0.0021157356673, 0.16404184215],
      [0.0081976411228, 0.0053508236201, 0.1338656977, 0.0018219619804, 0.73547668174, 0.11528719384],
      [0, 0, 0.070125862594, 0.00010658733575, 0.55695261724, 0.37281493283]
    ],
    [
      [0.01696192158, 0.062067279259, 0.12801550558, 0.040363554888, 0.22178121393, 0.53081052476],
      [0.17536639985, 0.61179085952, 0.14219807456, 0.0057413985516, 0.0069108758821, 0.05799239163],
      [0.028309921582, 0.020625063684, 0.69167019304, 0, 0.15382056481, 0.10557425688],
      [0.015661638344, 0.035046671333, 0.067592670823, 0.8022637158, 0.00092739071573, 0.078507912988],
      [0.014337576023, 0.0053714362971, 0.10376490552, 1.8318422914e-05, 0.75768283828, 0.11882492546],
      [0.00014131778375, 6.0555444613e-05, 0.054164135585, 0, 0.56933919796, 0.37629479323]
    ],
    [
      [0.014347300549, 0.050116217175, 0.14386703031, 0.026904206942, 0.27323324789, 0.49153199714],
      [0.16911911575, 0.5746715748, 0.18118439823, 0.0044001896198, 0.0097322419317, 0.060892479669],
      [0.02108105067, 0.014713024827, 0.70335762221, 0, 0.1732811496, 0.087567152697],
      [0.020651860115, 0.038737221231, 0.10389688871, 0.73610787757, 0.0021106688019, 0.098495483574],
      [0.0074299560674, 0.002552286959, 0.10116279232, 0, 0.79881143827, 0.090043526388],
      [0, 0, 0.054681305175, 0, 0.63179635279, 0.31352234204]
    ],
    [
      [0.01018170706, 0, 0.16877785742, 0.017021633285, 0.21058808463, 0.5934307176],
      [0.22460186428, 0.375, 0.2752046796, 0.004148883348, 0.011368765298, 0.10967580747],
      [0.01845720297, 0, 0.7319300807, 0.00019208102523, 0.13828277472, 0.11113786058],
      [0.044048283261, 0, 0.14342574922, 0.64640694591, 0.0021288867897, 0.16399013481],
      [0, 0, 0.12241722279, 0.00060114582037, 0.73916501951, 0.13781661189],
      [0, 0, 0.059577427112, 2.8280403606e-05, 0.52841253056, 0.41198176193]
    ],
    [
      [0.021511887376, 0.058329168543, 0.12524443101, 0.023160467483, 0.18910071531, 0.58265333028],
      [0.22188436704, 0.56641584303, 0.13904302577, 0.0033080039726, 0.0058767993777, 0.063471960802],
      [0.037174714948, 0.019896986294, 0.69088296827, 4.1253716105e-05, 0.13411749772, 0.11788657905],
      [0.029759462746, 0.049417178025, 0.099393366919, 0.69110071829, 0.0011998352654, 0.12912943875],
      [0.020720764429, 0.0056260707107, 0.11330125458, 0.00032167386582, 0.71737802494, 0.14265221147],
      [0.00026073615334, 5.5725820199e-05, 0.055769735418, 3.4639670795e-06, 0.50993691388, 0.43397342477]
    ],
    [
      [0.027969130814, 0.059151253792, 0.12532584132, 0.021756096621, 0.19796909019, 0.56782858726],
      [0.27238378082, 0.53103094564, 0.12976855583, 0.0037426509465, 0.0057448673601, 0.057329199393],
      [0.046056939517, 0.020246987785, 0.6804704743, 0.0032694299063, 0.13830234483, 0.11165382367],
      [0.0428792744, 0.057067043735, 0.11177512897, 0.64644173264, 0.0013576407383, 0.14047917951],
      [0.021620570197, 0.006420505576, 0.10817679629, 0.008075432019, 0.72516093611, 0.13054575981],
      [1.8906674116e-05, 0.00012012938679, 0.054992940857, 0.00054716298719, 0.52715638042, 0.41716447968]
    ],
    [
      [0.015567375154, 0.078913694898, 0.12844462036, 0.028831997341, 0.18976876883, 0.55847354342],
      [0.14164212872, 0.66967591711, 0.12592270464, 0.0039697487457, 0.0051742302117, 0.053615270567],
      [0.026303426894, 0.026649211644, 0.70110236356, 0.0012636947055, 0.13325563275, 0.11142567044],
      [0.020128991495, 0.062105822744, 0.094702475385, 0.7075202203, 0.00095438927283, 0.1145881008],
      [0.014057547099, 0.0076084037375, 0.11663162311, 0.0027677610914, 0.72271117205, 0.13622349291],
      [0.00012101499284, 7.4812819803e-05, 0.058021213848, 0.00015903477423, 0.51952937094, 0.42209455262]
    ],
    [
      [0.040649004222, 0.099103428325, 0.15292516625, 0.045446922134, 0.1411786833, 0.52069679577],
      [0.26335516096, 0.58779931312, 0.10596138582, 0.0041091607299, 0.0029815117594, 0.035793467617],
      [0.056035309035, 0.030148452104, 0.73292666368, 0.00037309212363, 0.08761601137, 0.09290047169],
      [0.030483994632, 0.054354473225, 0.079057122686, 0.75938903319, 0.001421025558, 0.075294350709],
      [0.03624467367, 0.012405150189, 0.16538857757, 0.0013443432626, 0.63226257676, 0.15235467855],
      [0, 0.0001252951397, 0.081301644801, 4.6606308538e-05, 0.45513307352, 0.46339338023]
    ],
    [
      [0.01882952526, 0.053414945728, 0.11027466671, 0.03028956606, 0.16489993803, 0.62229135821],
      [0.21531140253, 0.56634989577, 0.13466333399, 0.0050506507357, 0.005975653277, 0.072649063694],
      [0.036415411124, 0.020459317388, 0.67597294949, 0.00084340051955, 0.13047686843, 0.13583205306],
      [0.024403348827, 0.041025682522, 0.079401277986, 0.73308406162, 0.0017571010116, 0.12032852803],
      [0.020579471927, 0.0062162497211, 0.11234601644, 0.0021283931186, 0.69704096571, 0.16168890308],
      [0.00019960038601, 6.4545126258e-05, 0.051296666491, 5.8994332951e-05, 0.46497619339, 0.48340400027]
    ],
    [
      [0.035155661469, 0.099862803856, 0.1997632949, 0.042481261162, 0.18175866713, 0.44097831148],
      [0.22791083824, 0.59777836827, 0.13705349475, 0.0039441192224, 0.0040881069572, 0.029225072572],
      [0.041981590035, 0.024607154378, 0.77906077756, 0.00051571626544, 0.092100528084, 0.061734233674],
      [0.031515483888, 0.05547690488, 0.10215739728, 0.74642950375, 0.0019100419805, 0.062510668221],
      [0.030266505979, 0.010249904021, 0.17567863234, 0.0013909928439, 0.67852105781, 0.10389290701],
      [0.00025165191957, 0.00017606514417, 0.097509160764, 7.0532994621e-05, 0.54104490435, 0.36094768483]
    ],
    [
      [0.043817954341, 0.081574979989, 0.16523298395, 0.047397862242, 0.12804906979, 0.53392714969],
      [0.30820192798, 0.51905799245, 0.12457360566, 0.0048536831873, 0.0030923319305, 0.040220458805],
      [0.054941131439, 0.025103139902, 0.75246392545, 0.00076060562946, 0.075671710611, 0.091059486966],
      [0.02769994897, 0.045476290589, 0.084174073146, 0.76519033706, 0.0015589293658, 0.075900420867],
      [0.039084933417, 0.012290601556, 0.18647176677, 0.0018794263805, 0.59740145405, 0.16287181783],
      [0, 6.9788434836e-05, 0.089976567595, 7.4374431665e-05, 0.42297249555, 0.48690677399]
    ],
    [
      [0.02335938344, 0.11053037332, 0.11207893175, 0.048690054165, 0.17387503013, 0.53146622719],
      [0.16244883997, 0.70661976025, 0.083171460824, 0.0045655764004, 0.0036546382731, 0.039539724284],
      [0.043534572173, 0.04024233232, 0.66628496569, 9.2911646481e-05, 0.13313547483, 0.11670974334],
      [0.021691581206, 0.057444431293, 0.053868383877, 0.79138419045, 0.00071384147512, 0.074897571698],
      [0.023752770527, 0.010668140074, 0.10834856053, 0.00078044953951, 0.71469573673, 0.1417543426],
      [0.00028959932269, 5.292611432e-05, 0.054360659994, 8.1302406851e-06, 0.51319099232, 0.43209769201]
    ],
    [
      [0.023737406661, 0.092696295281, 0.1327144627, 0.022704631049, 0.17162551675, 0.55652168756],
      [0.18229680424, 0.65508195291, 0.10878667474, 0.0066297808664, 0.0037964964244, 0.043408290817],
      [0.038788279727, 0.027987897077, 0.70332441623, 0.007523328409, 0.11690507921, 0.10547099935],
      [0.035635534232, 0.081606988897, 0.11252735731, 0.63955852172, 0.00074165369254, 0.12992994415],
      [0.022344703616, 0.0058667416888, 0.12595730095, 0.011051870375, 0.69396439345, 0.14081498993],
      [6.1121028577e-05, 0, 0.06291726642, 0.00061033865771, 0.49463172476, 0.44177954913]
    ],
    [
      [0.021705654235, 0.12459858445, 0.16073860452, 0.062404946226, 0.1490108247, 0.48154138587],
      [0.13529763669, 0.71665125786, 0.1081109462, 0.0053083771383, 0.0027212645716, 0.03191051754],
      [0.031827601681, 0.036045825343, 0.7581949347, 0.00011286149729, 0.090299255884, 0.083519520892],
      [0.015613536202, 0.052208532907, 0.064043560957, 0.81415924286, 0.00022195214851, 0.053753174925],
      [0.022921941578, 0.013329486248, 0.1690612248, 0.0012034207411, 0.6564358416, 0.13704808504],
      [0.00022159989582, 0.00010722336839, 0.085781765709, 2.6687215665e-05, 0.48324548471, 0.4306172391]
    ],
    [
      [0.0309213754, 0.077182859682, 0.13002557775, 0.032035602622, 0.16831866537, 0.56151591917],
      [0.25228856173, 0.57695163773, 0.11404204806, 0.0047303147828, 0.0041686782531, 0.047818759445],
      [0.049151709868, 0.026161039169, 0.69669774016, 0.0022008339995, 0.11612559173, 0.10966308507],
      [0.033364914131, 0.056703578839, 0.089059846486, 0.71444449013, 0.0010150125635, 0.10541215785],
      [0.026364966539, 0.0087859797028, 0.12727065214, 0.0037564049253, 0.68725362265, 0.14656837405],
      [3.7032376363e-05, 0.00012681318765, 0.062186450151, 0.00020371641245, 0.48835707197, 0.4490889159]
    ],
    [
      [0.022463852248, 0.13583718089, 0.10298531106, 0.04956364598, 0.13909030645, 0.55005970338],
      [0.13445932882, 0.75793290233, 0.065745821048, 0.0044398558945, 0.0029276768025, 0.034494415108],
      [0.044940225335, 0.051853441713, 0.65890550324, 0.00085491635689, 0.1149340113, 0.12851190206],
      [0.020659458792, 0.066235841376, 0.048490162857, 0.78871927292, 0.0021080159354, 0.073787248117],
      [0.026715702029, 0.01329591305, 0.1170547372, 0.0023142709023, 0.67076582181, 0.16985355501],
      [0.00017325743677, 0, 0.054966367291, 0.00016169282198, 0.45226515308, 0.49243352937]
    ],
    [
      [0.013461313317, 0.075922732816, 0.12374164043, 0.026318461217, 0.17107371801, 0.58948213422],
      [0.12933076993, 0.67348234742, 0.12835475174, 0.0060744811708, 0.0051254999057, 0.057632149835],
      [0.023359024164, 0.026458369066, 0.70195665682, 0.0042265846016, 0.12508603369, 0.11891333165],
      [0.018335631307, 0.064433649813, 0.099144965493, 0.69321199677, 0.0016639697452, 0.12320978687],
      [0.012618171165, 0.0075355387638, 0.12082623915, 0.0065040706683, 0.70240015938, 0.15011582088],
      [6.6245524897e-05, 4.4712077098e-05, 0.057561194761, 0.00064617073015, 0.48346085665, 0.45822082025]
    ],
    [
      [0.018886946273, 0.073870741222, 0.13932455483, 0.026526420379, 0.2060288263, 0.535362511],
      [0.17417276229, 0.62647771414, 0.13725226932, 0.005356384765, 0.0054926533244, 0.051248216163],
      [0.030244337996, 0.022878423707, 0.70949403502, 0.0037850574003, 0.13485515084, 0.098742995036],
      [0.026705064158, 0.061245437238, 0.1072720231, 0.68864944662, 0.00066242633065, 0.11546560256],
      [0.01647118358, 0.0059945833832, 0.11626841124, 0.0054971176477, 0.73488287262, 0.12088583153],
      [0.00017292970644, 2.9451938522e-05, 0.060822053198, 0.00029667913981, 0.54734534602, 0.39133354]
    ],
    [
      [0.018231878937, 0.089562346284, 0.13351591535, 0.03888418852, 0.15227534112, 0.56753032979],
      [0.14872617968, 0.67744264165, 0.11743484759, 0.0042603141705, 0.0036107962525, 0.048525220666],
      [0.030813795376, 0.029718025356, 0.72202642524, 0, 0.1055892882, 0.11185246583],
      [0.019470073172, 0.055478631867, 0.078690711531, 0.7541448101, 0.00038552579097, 0.091830247534],
      [0.019984955804, 0.009555363194, 0.14090834838, 0.00042898666349, 0.66934680532, 0.15977554064],
      [0.00021362290643, 7.216539455e-05, 0.066486054677, 2.6545689042e-07, 0.46031912478, 0.47290876678]
    ],
    [
      [0.022067149085, 0.079348218662, 0.15137030132, 0.038455819343, 0.13393733422, 0.57482117737],
      [0.18674516738, 0.61698114585, 0.13769079004, 0.0045279851835, 0.0032031545353, 0.050851757022],
      [0.034654392325, 0.024300550072, 0.75172763123, 0.00019599582424, 0.085210199362, 0.10391123118],
      [0.023705083187, 0.049285429469, 0.088376176678, 0.745253623, 0.00026325306001, 0.093116434609],
      [0.025296928525, 0.0091888660952, 0.16812331602, 0.00098099500258, 0.62473004231, 0.17167985205],
      [0.00027498475184, 7.7307586444e-05, 0.07848578105, 2.7632197672e-05, 0.42207126456, 0.49906302986]
    ],
    [
      [0.037226649819, 0.10407946985, 0.15469972702, 0.095073936672, 0.14807505144, 0.4608451652],
      [0.24048577818, 0.60944016891, 0.10649591077, 0.0096734743306, 0.0034444616886, 0.030460206114],
      [0.05380021615, 0.031395943839, 0.74064650075, 0.0020238997345, 0.091887043219, 0.080246396307],
      [0.015746100037, 0.031253122635, 0.04277267501, 0.87454341792, 0.0011908679507, 0.034493816445],
      [0.035198020789, 0.0127616438, 0.16315221787, 0.00532622229, 0.65384739952, 0.12971449573],
      [0.0001004622154, 0.00018809331391, 0.084716265985, 0.00025099986737, 0.49161814668, 0.42312603193]
    ],
    [
      [0.033830371045, 0.17628919155, 0.14954517646, 0.035975589419, 0.1527726738, 0.45158699773],
      [0.15434115181, 0.7406490105, 0.073834737682, 0.0056265695537, 0.0028863843721, 0.022662146074],
      [0.050000720791, 0.047159490004, 0.72168615826, 0.0042050752209, 0.095768310126, 0.081180245598],
      [0.03432481568, 0.10274775588, 0.090351551513, 0.69289967514, 0.0023532581072, 0.077322943672],
      [0.033256913089, 0.0067201625337, 0.15626863624, 0.0096281478143, 0.66513131804, 0.12899482228],
      [0.0002867273138, 3.0595331693e-05, 0.081550950415, 0.00013170752971, 0.50526266397, 0.41273735544]
    ],
    [
      [0.048413773835, 0.19106164476, 0.15077147585, 0.057477503495, 0.11634064772, 0.43593495435],
      [0.1991069864, 0.70719598155, 0.065941618458, 0.0052026374905, 0.0029965997491, 0.019556176344],
      [0.069952159485, 0.052538893563, 0.7218034478, 0.0034066417255, 0.073724175735, 0.078574681695],
      [0.026396584717, 0.075687552106, 0.067068662909, 0.77124453347, 0.0054321478666, 0.054170518928],
      [0.051265457404, 0.016036291546, 0.18652186962, 0.0074034662967, 0.59224631233, 0.1465266028],
      [0, 0, 0.094450075677, 0.00049806776156, 0.44315626349, 0.46189559307]
    ],
    [
      [0.025217323424, 0.091611206305, 0.15063059524, 0.049952887681, 0.19026264144, 0.4923253459],
      [0.19012813865, 0.6380958447, 0.12291072785, 0.0049622094256, 0.0042595529889, 0.039643526382],
      [0.037468328707, 0.027501506796, 0.72888777484, 0, 0.118293803, 0.08784858666],
