{
  "X": [
    [36, 53, 258, 845, 35],
    [18, 31, 87, 510, 24],
    [3, 14, 101, 198, 14],
    [14, 17, 63, 201, 9],
    [2, 12, 64, 76, 3],
    [4, 6, 49, 61, 4],
    [1, 4, 6, 25, 3],
    [7, 17, 75, 125, 5],
    [10, 23, 173, 379, 28],
    [12, 13, 64, 259, 22],
    [17, 30, 118, 321, 12],
    [28, 47, 188, 552, 31],
    [3, 7, 26, 140, 1],
    [43, 67, 236, 896, 42],
    [12, 27, 126, 423, 8],
    [17, 11, 81, 277, 33],
    [19, 29, 157, 418, 22],
    [13, 9, 59, 230, 16],
    [9, 14, 20, 269, 10],
    [25, 93, 301, 941, 37],
    [13, 17, 36, 210, 20],
    [13, 18, 65, 400, 14],
    [3, 9, 18, 75, 2],
    [5, 27, 95, 385, 9],
    [0, 10, 55, 124, 7],
    [12, 34, 125, 377, 25],
    [22, 36, 83, 368, 18],
    [19, 46, 140, 559, 16],
    [24, 32, 144, 490, 27],
    [22, 56, 154, 763, 28],
    [20, 26, 112, 523, 27],
    [35, 27, 109, 355, 22],
    [18, 43, 102, 373, 22],
    [16, 18, 49, 328, 11],
    [36, 41, 149, 747, 30],
    [27, 34, 130, 543, 20],
    [10, 21, 73, 242, 10],
    [50, 81, 309, 1191, 37],
    [22, 33, 86, 374, 14],
    [56, 68, 217, 458, 25],
    [37, 17, 130, 203, 15],
    [9, 10, 66, 126, 7],
    [25, 17, 127, 752, 29],
    [16, 19, 124, 603, 15],
    [7, 1, 4, 73, 1],
    [14, 15, 55, 355, 7],
    [7, 5, 180, 336, 44],
    [48, 72, 435, 1125, 55],
    [16, 5, 41, 252, 13],
    [99, 92, 268, 928, 60],
    [10, 5, 42, 121, 6]
  ],
  "W": [
    [67, 51, 539, 260, 170, 76, 64],
    [21, 30, 323, 114, 84, 62, 36],
    [8, 11, 101, 106, 48, 31, 25],
    [10, 14, 128, 72, 42, 20, 18],
    [23, 8, 30, 60, 16, 11, 9],
    [12, 7, 27, 37, 23, 6, 12],
    [3, 3, 14, 9, 2, 4, 4],
    [23, 7, 66, 68, 24, 37, 4],
    [46, 28, 187, 206, 67, 53, 26],
    [10, 32, 142, 81, 42, 34, 29],
    [28, 31, 181, 135, 56, 44, 23],
    [72, 91, 285, 202, 80, 75, 41],
    [4, 9, 90, 33, 24, 9, 8],
    [48, 80, 552, 262, 173, 106, 63],
    [39, 39, 206, 160, 71, 56, 25],
    [32, 29, 143, 103, 38, 55, 19],
    [34, 35, 248, 177, 61, 61, 29],
    [18, 23, 143, 72, 32, 18, 21],
    [5, 22, 197, 31, 20, 19, 28],
    [78, 66, 549, 343, 157, 137, 67],
    [14, 21, 133, 40, 40, 18, 30],
    [11, 34, 282, 64, 63, 24, 32],
    [9, 4, 54, 14, 12, 8, 6],
    [15, 25, 207, 122, 79, 45, 28],
    [18, 7, 67, 50, 31, 13, 10],
    [34, 39, 210, 148, 64, 50, 28],
    [28, 46, 224, 86, 48, 48, 47],
    [33, 29, 334, 158, 100, 91, 35],
    [30, 54, 317, 148, 89, 44, 35],
    [31, 52, 465, 161, 147, 104, 63],
    [26, 41, 307, 115, 114, 54, 51],
    [36, 61, 194, 122, 54, 39, 42],
    [29, 42, 222, 107, 63, 70, 25],
    [9, 29, 208, 70, 45, 25, 36],
    [39, 68, 463, 155, 131, 73, 74],
    [27, 48, 345, 148, 84, 61, 41],
    [25, 33, 137, 76, 38, 30, 17],
    [74, 104, 745, 343, 193, 137, 72],
    [27, 43, 212, 114, 49, 59, 25],
    [63, 100, 247, 217, 97, 56, 44],
    [25, 49, 100, 123, 58, 19, 28],
    [27, 22, 59, 62, 29, 11, 8],
    [13, 34, 503, 143, 135, 55, 67],
    [20, 37, 365, 117, 141, 48, 49],
    [2, 10, 51, 5, 11, 1, 6],
    [8, 20, 259, 49, 64, 18, 28],
    [3, 8, 279, 212, 44, 6, 20],
    [101, 110, 662, 469, 193, 127, 73],
    [8, 21, 177, 52, 34, 14, 21],
    [100, 185, 511, 341, 116, 93, 101],
    [21, 26, 73, 42, 10, 3, 9]
  ],
  "method": "mult",
  "cond_prob": [
    [
      [0.011069811002, 0.20262894387, 0.5532019968, 0.22402068811, 0.0090785602224],
      [0.44405963977, 0.12952415143, 0.026388506051, 0.35562391356, 0.04440378919],
      [0.010352119347, 0.0059921624588, 0.029028436048, 0.93650491365, 0.018122368493],
      [0.003250449896, 0.01078174559, 0.66976906768, 0.25038702938, 0.065811707451],
      [0.0021486709363, 0.010549673461, 0.14821486511, 0.83405013601, 0.0050366544792],
      [0.00090576375211, 0.30619214057, 0.047356316844, 0.63640294611, 0.0091428327156],
      [0.089879056712, 0.026891444486, 0.015746259853, 0.80971673718, 0.057766501769]
    ],
    [
      [0.010911692697, 0.22340313397, 0.4845880981, 0.26726327575, 0.013833799479],
      [0.40191664901, 0.12972920601, 0.020959851048, 0.38580813017, 0.061586163772],
      [0.0056752466257, 0.0035781847107, 0, 0.97080529102, 0.019941277648],
      [0.0086422725382, 0.011842658046, 0.56195018216, 0.31724773695, 0.10031715031],
      [0.0018469686138, 0.010119643187, 0.11299831665, 0.86834185554, 0.0066932160064],
      [0.00077371035238, 0.29295869618, 0.035861499032, 0.65833051604, 0.012075578397],
      [0.074775440231, 0.024926448249, 0.011590613996, 0.81443523428, 0.074272263244]
    ],
    [
      [0.0036068278521, 0.17693519553, 0.60434819365, 0.20450989842, 0.010599884552],
      [0.22548750992, 0.16848913512, 0.042907705095, 0.48545610219, 0.077659547669],
      [0, 0.0037777419308, 0.021331819789, 0.95059613972, 0.02429429856],
      [0, 0.00095443992347, 0.77987410502, 0.14351793003, 0.075653525026],
      [0, 0.0097080476639, 0.17241832648, 0.81162033807, 0.0062532877904],
      [0, 0.29418345269, 0.05677182434, 0.63735143136, 0.011693291605],
      [0.019631310721, 0.02650968245, 0.033442181552, 0.84340489575, 0.077011929529]
    ],
    [
      [0.015115576177, 0.26524823801, 0.50638482167, 0.20489250229, 0.0083588618574],
      [0.5293486434, 0.1420723601, 0.020199884974, 0.27386638707, 0.034512724464],
      [0.028427163261, 0.01748596125, 0.01928447368, 0.91672556634, 0.01807683547],
      [0.0048100074327, 0.015115944009, 0.66570193923, 0.24835622156, 0.066015887768],
      [0.0031844339622, 0.014813824304, 0.14663441391, 0.83033228037, 0.0050350474615],
      [0.00118954461, 0.38813533389, 0.041473747038, 0.56109866109, 0.008102713368],
      [0.12752381553, 0.035948126184, 0.014793378523, 0.76658311762, 0.055151562152]
    ],
    [
      [0, 0.21942447493, 0.57526727188, 0.20085302835, 0.004455224836],
      [0.24799215401, 0.20680379957, 0.040116367502, 0.47346370364, 0.031623975287],
      [0, 0.004774349971, 0.023288354853, 0.96275691775, 0.0091803774232],
      [0, 0.011952712238, 0.76892474896, 0.18615982687, 0.032962711928],
      [0, 0.012233667917, 0.16638440669, 0.81876654208, 0.0026153833098],
      [0, 0.34776801646, 0.050904442245, 0.5967799571, 0.0045475841965],
      [0.0017847519953, 0.046358508762, 0.043520761308, 0.87505881916, 0.033277158778]
    ],
    [
      [0, 0.17007869564, 0.65005984328, 0.16459584815, 0.01526561292],
      [0.43971276947, 0.13813434453, 0.039272833008, 0.33585661427, 0.047023438719],
      [0, 0.0043610637326, 0.030580485212, 0.94254258159, 0.022515869467],
      [0, 0.0083018431529, 0.92714499257, 0.012048189163, 0.052504975114],
      [0, 0.010710043765, 0.21632052724, 0.76784516607, 0.0051242629281],
      [0.00080600340291, 0.32827965368, 0.069259247161, 0.59222218869, 0.0094329070672],
      [0.076431216108, 0.02926578287, 0.033617217854, 0.79713740572, 0.063548377446]
    ],
    [
      [0.0056363791625, 0.342805291, 0.40174172859, 0.22869439231, 0.021122208941],
      [0.2946809429, 0.21393455492, 0.01806778633, 0.36652095584, 0.10679576001],
      [0, 0.0058873742687, 0, 0.96140582999, 0.032706795738],
      [0, 0.028765364842, 0.48816402651, 0.31044193527, 0.17262867338],
      [0.0010850792114, 0.0164511693, 0.10210163814, 0.86872595362, 0.011636159733],
      [0, 0.43032376291, 0.02584124041, 0.52686530211, 0.016969694577],
      [0.02421946885, 0.058567887167, 0.0098817446798, 0.77894545065, 0.12838544866]
    ],
    [
      [0.01561721163, 0.17948059957, 0.59817413022, 0.20048632561, 0.0062417329746],
      [0.58246582024, 0.097115437525, 0.024064979259, 0.27033059679, 0.02602316618],
      [0.010726008178, 0.003911205307, 0.021457362967, 0.95079077313, 0.013114650414],
      [0.017283238881, 0.006236338879, 0.78463827726, 0.14345512367, 0.048387021312],
      [0.0032733029399, 0.010036317146, 0.1725262233, 0.81042041362, 0.0037437429998],
      [0.0014145503396, 0.30183708399, 0.056460716797, 0.63331596798, 0.0069716808901],
      [0.1373672435, 0.025270958482, 0.018068864957, 0.77664503884, 0.042647894214]
    ],
    [
      [0.0026479886958, 0.150198099, 0.56959350935, 0.26326614022, 0.014294262742],
      [0.30816512707, 0.11040486598, 0.031240339047, 0.47584445297, 0.074345214937],
      [0, 0.002069601641, 0.015961054559, 0.96043621302, 0.021533130783],
      [0, 0, 0.63584490246, 0.2759948744, 0.08816022314],
      [0, 0.0068490095452, 0.13497201857, 0.85175259666, 0.0064263752295],
      [0, 0.22056814767, 0.047823690933, 0.71870296324, 0.012905198157],
      [0.048060344697, 0.017828470221, 0.014516196286, 0.84426599535, 0.07532899345]
    ],
    [
      [0.007754246598, 0.15310522425, 0.55326480904, 0.26647776539, 0.019397954719],
      [0.32443899816, 0.10206201731, 0.0274352797, 0.44568682692, 0.10037687791],
      [0, 0, 0.013045021279, 0.95632259083, 0.030632387892],
      [0, 0, 0.59879304387, 0.27522786746, 0.12597908867],
      [0, 0.0058685874546, 0.1270735364, 0.85779561004, 0.0092622660987],
      [0, 0.21950506336, 0.044565216241, 0.71745254456, 0.018477175833],
      [0.053117572165, 0.017010702625, 0.013189224242, 0.81245436504, 0.10422813593]
    ],
    [
      [0.0098403590885, 0.22526153262, 0.52929368116, 0.22876869776, 0.0068357293731],
      [0.41381830811, 0.14900514769, 0.026099338499, 0.37638968107, 0.034687524639],
      [0.0083025456465, 0.0093635361351, 0.01242092349, 0.95745524817, 0.012457746563],
      [0.003005096745, 0.012423386196, 0.666927277, 0.26599460317, 0.051649636885],
      [0.0018875597583, 0.011550835894, 0.13991993218, 0.84289363688, 0.0037480352883],
      [0.00077081352125, 0.32651907564, 0.043291365699, 0.62282669243, 0.0065920527114],
      [0.08034932305, 0.029907573623, 0.015086591054, 0.83092638571, 0.043730126565]
    ],
    [
      [0.006472700165, 0.18105393575, 0.54542044496, 0.25591613815, 0.011136780971],
      [0.27942755029, 0.13440058895, 0.030194691785, 0.49270411895, 0.063273050027],
      [0, 0, 0.011220724057, 0.97184634359, 0.016932932357],
      [0, 0.0038723742588, 0.63577294595, 0.2825979564, 0.077756723396],
      [0.0011257069265, 0.0084472743025, 0.13086535114, 0.85402631925, 0.0055353483843],
      [0.00050005546275, 0.25827076531, 0.044056516943, 0.68658396997, 0.010588692311],
      [0.048256043857, 0.022081807051, 0.014256163689, 0.8502698738, 0.065136111605]
    ],
    [
      [0.0058613370948, 0.25043878617, 0.48931835311, 0.25245455218, 0.0019269714445],
      [0.28847333316, 0.18764475812, 0.027211696426, 0.4854303882, 0.0112398241],
      [0, 0.0032458650726, 0, 0.99407486229, 0.0026792726398],
      [0, 0.014286997269, 0.62152203588, 0.34860153041, 0.015589436441],
      [0, 0.011632419456, 0.11902369095, 0.86836202249, 0.00098186710363],
      [0.00041757871904, 0.33485129317, 0.035976698657, 0.6270622708, 0.0016921586615],
      [0.047067055593, 0.031625445053, 0.013404408114, 0.8958089014, 0.012094189844]
    ],
    [
      [0.0097156238084, 0.22120530751, 0.5280532863, 0.23049810654, 0.010527675838],
      [0.39936636327, 0.1454526522, 0.025904626696, 0.37632170477, 0.052954653058],
      [0.0082850701057, 0.0072082582566, 0.017201622998, 0.94768598329, 0.019619065355],
      [0.0028879549535, 0.01192114496, 0.64716242436, 0.26078319492, 0.0772452808],
      [0.0018510472393, 0.011310070199, 0.13885208427, 0.84225427135, 0.0057325269462],
      [0.00076038196559, 0.31961064435, 0.043231407135, 0.62625734691, 0.010140219639],
      [0.077039784735, 0.028702604457, 0.014687004913, 0.81411471342, 0.065455892478]
    ],
    [
      [0, 0.17796182028, 0.52327631528, 0.29441058884, 0.0043512755935],
      [0.27912334236, 0.13004075454, 0.02851041142, 0.53795665885, 0.02436883283],
      [0, 0, 0, 0.99579670317, 0.0042032968344],
      [0, 0.0043378441632, 0.58656622991, 0.37746388356, 0.031632042369],
      [0, 0.0075405039798, 0.11418780966, 0.87630339477, 0.0019682915876],
      [0, 0.2366133897, 0.039318864652, 0.72021574703, 0.0038519986145],
      [0.044567585919, 0.020324756404, 0.012821198679, 0.89838849022, 0.02389796878]
    ],
    [
      [0.01360815618, 0.093471435955, 0.56197417728, 0.30152625798, 0.029419972598],
      [0.43833163027, 0.047256981272, 0.02115328459, 0.37911551932, 0.11414258455],
      [0.0061545091943, 0, 0, 0.94846565814, 0.045379832668],
      [0.004535513041, 0, 0.53734994798, 0.28573060365, 0.17238393533],
      [0.002033814894, 0.0037374867489, 0.11566539652, 0.86599505749, 0.012568244351],
      [0.017177396618, 0.11510333501, 0.044499531046, 0.79572642599, 0.027493311333],
      [0.078085646653, 0.0087238774001, 0.011240902975, 0.7696422516, 0.13230732137]
    ],
    [
      [0.0098085057695, 0.17455284483, 0.56855181041, 0.23705542165, 0.010031417336],
      [0.4128892318, 0.11605597858, 0.028190723911, 0.39175696441, 0.0511071013],
      [0.0054122571632, 0.00042084561309, 0.028533632737, 0.94652124665, 0.019112017838],
      [0.0027730372945, 0.0089266222059, 0.66304273583, 0.25515098869, 0.07010661598],
      [0.0018095532601, 0.0086224869123, 0.14465606362, 0.83962187215, 0.0052900240514],
      [0.00080458963592, 0.2647263237, 0.048740063401, 0.67559926413, 0.010129759129],
      [0.076650261947, 0.022227059846, 0.015534282741, 0.82417718723, 0.061411208234]
    ],
    [
      [0.011583498553, 0.14484010348, 0.5538939991, 0.272940631, 0.016741767857],
      [0.42774978908, 0.083264634631, 0.023703245784, 0.39118643603, 0.074095894479],
      [0.0058628371213, 0, 0, 0.96815426202, 0.025982900857],
      [0.0058308285769, 0.0030519866915, 0.60315169806, 0.27811947317, 0.10984601351],
      [0.0018967322544, 0.0063018434632, 0.12466705872, 0.85929835179, 0.0078360137716],
      [0.00089266338273, 0.20720386373, 0.044426160489, 0.73159110322, 0.015886209179],
      [0.077061101827, 0.015558093385, 0.012799730237, 0.80728247433, 0.08729860022]
    ],
    [
      [0.0080996024824, 0.28417532599, 0.41050368141, 0.28435908321, 0.012862306913],
      [0.31668395981, 0.17286066548, 0.018442354227, 0.43166556123, 0.060347459246],
      [0.0018815397064, 0.0041246607721, 0, 0.97730513742, 0.016688662101],
      [0.0025635134076, 0.016094625736, 0.48209886293, 0.39817460388, 0.10106839404],
      [0.0013179058292, 0.012247732564, 0.09116623018, 0.8892864296, 0.005981701828],
      [0.00051388885367, 0.33520433908, 0.026873535181, 0.62736002875, 0.010048208137],
      [0.053792879613, 0.030387859491, 0.0093844027531, 0.83940958237, 0.067025275771]
    ],
    [
      [0.0062617796633, 0.24351088768, 0.51287089277, 0.22944826311, 0.0079081767746],
      [0.30057387575, 0.18678416864, 0.029357750881, 0.43689752606, 0.046386678671],
      [0.00049394946735, 0.010564465048, 0.012343735105, 0.96299297748, 0.013604872897],
      [0.0019366127275, 0.013662784431, 0.65393472305, 0.27010417598, 0.060361703806],
      [0.0012034900798, 0.012567864946, 0.13609936865, 0.84578511924, 0.0043441570851],
      [0.00047798892807, 0.34307490018, 0.040973541648, 0.60804401393, 0.0074295553077],
      [0.05199756027, 0.033100793092, 0.014942718543, 0.84848698699, 0.051471941101]
    ],
    [
      [0.010770719104, 0.27010120615, 0.46409790992, 0.23162428374, 0.02340588109],
      [0.3946361252, 0.15386573854, 0.019608636527, 0.32910226482, 0.10278723492],
      [0.015038107756, 0.010617975409, 0.0072281764524, 0.92289474484, 0.044220995538],
      [0.0031303612803, 0.014074817296, 0.55751345967, 0.25635701782, 0.16892434394],
      [0.0020558535729, 0.013682667187, 0.12137626618, 0.85011605147, 0.012769161595],
      [0.00077744318957, 0.36213758032, 0.034729486603, 0.58155252356, 0.020802966323],
      [0.078011346676, 0.031547868341, 0.011626021111, 0.74580810689, 0.13300665698]
    ],
    [
      [0.0067025698655, 0.20818555459, 0.54266411771, 0.23274356256, 0.0097041952694],
      [0.3203211426, 0.15674376732, 0.03038407375, 0.43639748404, 0.056153532285],
      [0.00026673378517, 0.0028822485783, 0.019643371645, 0.95968432792, 0.01752331807],
      [0.0019648571926, 0.010978357352, 0.65686312495, 0.25975756999, 0.070436090517],
      [0.0012636237153, 0.010450724162, 0.14057268687, 0.84248400852, 0.0052289567321],
      [0.00053039550348, 0.30540769177, 0.044674512947, 0.63993404253, 0.0094533572458],
      [0.054438915915, 0.027408800504, 0.015334306668, 0.84099787012, 0.061820106795]
    ],
    [
      [0.0096915564504, 0.29763191195, 0.4960494939, 0.19052331191, 0.0061037257891],
      [0.45534857018, 0.18819488176, 0.02300777617, 0.30315648828, 0.030292283619],
      [0.0084325737385, 0.025293566973, 0.03006142856, 0.9225491238, 0.013663306927],
      [0.0032235925282, 0.017403849363, 0.68616731366, 0.24189411151, 0.051311132936],
      [0.0021697469214, 0.01734411264, 0.15031696861, 0.82625840587, 0.0039107659622],
      [0.00075340862821, 0.43565340667, 0.039374120241, 0.51836061905, 0.0058584454165],
      [0.093138033646, 0.044278358791, 0.015844555252, 0.80108469508, 0.045654357234]
    ],
    [
      [0.0034678749966, 0.23836763705, 0.49714355207, 0.25549834381, 0.0055225920653],
      [0.188408812, 0.2028994517, 0.031539117626, 0.54107678921, 0.036075829463],
      [0, 0.0032436329005, 0, 0.98988031257, 0.0068760545316],
      [0, 0.013409498775, 0.61602820539, 0.32795580094, 0.042606494886],
      [0, 0.011219385656, 0.12069285395, 0.86530582458, 0.0027819358114],
      [0, 0.31788217415, 0.037375159673, 0.63984502703, 0.0048976391465],
      [0.0084914848252, 0.030484963827, 0.013653931161, 0.91330665492, 0.034062965272]
    ],
    [
      [0, 0.19624156455, 0.57664225423, 0.21663739882, 0.0104787824],
      [0, 0.22771232095, 0.04978178525, 0.62842608865, 0.094079805156],
      [9.0026641536e-18, 0, 0.065120905851, 0.91466365697, 0.020215437177],
      [3.3921039639e-34, 0.0057205676781, 0.68432546504, 0.23547612628, 0.074477841007],
      [0, 0.010267576583, 0.15672345883, 0.8270756568, 0.0059333077926],
      [0, 0.30636080072, 0.050185638449, 0.63263616216, 0.010817398668],
      [0, 0.028665192418, 0.018175245978, 0.87816574008, 0.074993821526]
    ],
    [
      [0.0057729661609, 0.22433821179, 0.51720806927, 0.239758541, 0.012922211772],
      [0.27029775434, 0.16955111706, 0.029142205596, 0.45613755561, 0.074871367391],
      [0, 0.0036189141731, 0.013681498558, 0.96114227929, 0.021557307983],
      [0, 0.01188505454, 0.62528021309, 0.26918704867, 0.093647683697],
      [0, 0.011076966286, 0.13155982992, 0.8505478974, 0.0068153063917],
      [0, 0.31466393507, 0.04097487624, 0.63229627043, 0.012064918265],
      [0.045075240407, 0.02853302106, 0.014115016626, 0.83319300456, 0.079083717343]
    ],
    [
      [0.0085609887725, 0.24023099922, 0.51214496207, 0.22842788439, 0.010635165541],
      [0.36770585963, 0.16370510486, 0.025966495531, 0.38703742014, 0.055585119836],
      [0.0056953503447, 0.0098183678929, 0.014301152952, 0.95068653803, 0.019498590783],
      [0.0025956194211, 0.013163172435, 0.64081216789, 0.26365068992, 0.079778350328],
      [0.0016482831971, 0.012372988635, 0.13569690234, 0.84442979322, 0.0058520326106],
      [0.00065588754142, 0.34037640734, 0.040898191865, 0.60804029413, 0.010029219123],
      [0.068856187837, 0.031484658592, 0.01437474566, 0.81816999715, 0.067114410757]
    ],
    [
      [0.010599268949, 0.22028922603, 0.52169067124, 0.24038240543, 0.0070384283466],
      [0.4247163862, 0.13921916785, 0.024575092924, 0.37741998911, 0.034069363927],
      [0.0079829044913, 0.007044021392, 0.0036295109042, 0.96951156105, 0.011832002165],
      [0.0032199856135, 0.012119598798, 0.65378294112, 0.27802410665, 0.052853367824],
      [0.0019545961956, 0.010889923051, 0.13266887259, 0.85077636688, 0.0037102412753],
      [0.00081138883003, 0.3116192201, 0.041733082873, 0.63920328064, 0.0066330275584],
      [0.082545859854, 0.027975959561, 0.014199171844, 0.83235415628, 0.042924852461]
    ],
    [
      [0.0081466741386, 0.20063880007, 0.55790640479, 0.22178894168, 0.011519179325],
      [0.36752757471, 0.14390028886, 0.029833256506, 0.39542372689, 0.063315153029],
      [0.0032733648095, 0.0042510329379, 0.036556833171, 0.93253267695, 0.023386092131],
      [0.0023445949608, 0.010438421751, 0.66230149089, 0.24297862787, 0.08193686453],
      [0.0015910691858, 0.010485221647, 0.15019990002, 0.83129394191, 0.0064298672357],
      [0.00067074234455, 0.30544502578, 0.047978061044, 0.63423275418, 0.011673416658],
      [0.067238177764, 0.026999733654, 0.016109984295, 0.81509579903, 0.074556305256]
    ],
    [
      [0.0070895794125, 0.22118724646, 0.52601987993, 0.23602038401, 0.0096829101878],
      [0.32587659548, 0.16195411838, 0.028708434135, 0.42919258239, 0.054268269615],
      [0.0014524995234, 0.0054990400886, 0.01459413868, 0.96154943312, 0.01690488859],
      [0.0021136405919, 0.011949251679, 0.6467859581, 0.26784581591, 0.071305333718],
      [0.0013258704739, 0.011095183296, 0.13566311447, 0.84674014511, 0.0051756866528],
      [0.00054720473704, 0.3152960557, 0.04242865562, 0.63252938447, 0.0091986994778],
      [0.056620942971, 0.028871687386, 0.01470910152, 0.83917196403, 0.060626304093]
    ],
    [
      [0.0087273535865, 0.17365940828, 0.55468623709, 0.24914200284, 0.013784998212],
      [0.36932306691, 0.11652066379, 0.027728873417, 0.41553255831, 0.070894837579],
      [0.0027599562367, 0, 0.016312545187, 0.95714326571, 0.023784232862],
      [0.0024123399073, 0.008372762934, 0.63285185178, 0.26215790037, 0.094205145003],
      [0.0015473185949, 0.0082399739253, 0.13549901422, 0.84772832353, 0.0069853697335],
      [0.00069143951074, 0.25439770228, 0.045874013631, 0.68559357683, 0.013443267749],
      [0.06455657561, 0.020937401597, 0.01433873218, 0.82022058603, 0.079946704585]
    ],
    [
      [0.011814520321, 0.18563333768, 0.54316526267, 0.24730722072, 0.012079658603],
      [0.44290464137, 0.11077397416, 0.024149634844, 0.36690936871, 0.055262380907],
      [0.0173251567, 0.0025262781871, 0.0046587154129, 0.95408055825, 0.021409291453],
      [0.0033504758931, 0.0095159206619, 0.6354525577, 0.26697307158, 0.084707974159],
      [0.0021124796374, 0.008880898211, 0.1338011217, 0.84903280029, 0.0061727001614],
      [0.00092648155317, 0.26916335118, 0.044458450134, 0.67379267296, 0.011659044169],
      [0.086605928688, 0.022190665025, 0.013923330032, 0.80779619211, 0.069483884149]
    ],
    [
      [0.0079871986381, 0.23637978307, 0.5203814323, 0.22255930041, 0.012692285582],
      [0.35278552138, 0.16528826598, 0.027090050464, 0.3867944738, 0.068041688374],
      [0.0041753395573, 0.01078698354, 0.0233450072, 0.93718258707, 0.024510082635],
      [0.0023776753338, 0.012731379693, 0.63918825337, 0.25222287157, 0.093479820028],
      [0.0015668874569, 0.012419050266, 0.14060308236, 0.83829456788, 0.0071164120362],
      [0.0006235403189, 0.34111580966, 0.042387614145, 0.60367606904, 0.012196966841],
      [0.06510723868, 0.031416172159, 0.014811778237, 0.80752592767, 0.081138883253]
    ],
    [
      [0.010454938456, 0.24819735296, 0.46325842739, 0.26892295685, 0.0091663243374],
      [0.39422761676, 0.14695572371, 0.020400899468, 0.39668290215, 0.04173285791],
      [0.0054438565812, 0.0040923711903, 0, 0.97812899684, 0.012334775385],
      [0.008707082817, 0.017591619882, 0.54507068919, 0.35809764272, 0.070532965393],
      [0.001770531623, 0.011183803797, 0.10779104452, 0.87481781066, 0.0044368094043],
      [0.00071828251671, 0.31625158738, 0.033108903834, 0.64216830571, 0.0077529205529],
      [0.073162658771, 0.028120010582, 0.011271672968, 0.83714482693, 0.050300830748]
    ],
    [
      [0.0097366269619, 0.18929874834, 0.54191961896, 0.2484520795, 0.010592926241],
      [0.39651478038, 0.12311243729, 0.026272774401, 0.40136147905, 0.052738528879],
      [0.0055122890659, 0.0020013330628, 0.010738567992, 0.96377590738, 0.0179719025],
      [0.0027928393182, 0.009834298221, 0.64106941224, 0.27125957542, 0.075043874801],
      [0.0017374536187, 0.0090558828562, 0.13334493758, 0.85045939955, 0.0054023263983],
      [0.00075894013548, 0.27254718635, 0.044137955696, 0.67239389516, 0.010162022662],
      [0.072826722931, 0.023141951205, 0.014197469404, 0.82769423418, 0.062139622282]
    ],
    [
      [0.010398133688, 0.20077925186, 0.53727605262, 0.24278329747, 0.0087632643632],
      [0.41802949412, 0.12821537949, 0.025573837539, 0.38530644381, 0.042874845051],
      [0.0079023850087, 0.0038795440939, 0.0095831405303, 0.96346572139, 0.015169208976],
      [0.0030549250163, 0.01067083448, 0.6511193991, 0.27152587533, 0.063628966074],
      [0.0018943931487, 0.0097947122707, 0.13493027488, 0.84881747523, 0.0045631444724],
      [0.00081090076419, 0.28942958194, 0.043763486588, 0.6575842129, 0.0084118178097],
      [0.079677779789, 0.025095986343, 0.014400781868, 0.82817886171, 0.052646590291]
    ],
    [
      [0.0059717736005, 0.20567768418, 0.53807744886, 0.2416003846, 0.0086727087616],
      [0.27357735601, 0.15896978331, 0.030940899744, 0.48499146433, 0.051520496612],
      [0, 0.00057762941793, 0.015784554034, 0.96951705036, 0.014120766188],
      [0, 0.010905164375, 0.65348474731, 0.2723719236, 0.063238164706],
      [0, 0.010032190031, 0.13529345054, 0.85014253592, 0.0045318235017],
      [0.0004635033901, 0.29569464947, 0.043495435928, 0.6520593642, 0.0082870470128],
      [0.04757340058, 0.02659203638, 0.014922069987, 0.85670427518, 0.054208217878]
    ],
    [
      [0.0089604813251, 0.20550911308, 0.5363448049, 0.24190048992, 0.0072851107724],
      [0.38262043783, 0.1407133013, 0.027405071171, 0.41112290693, 0.038138282765],
      [0.004247809326, 0.0041143474053, 0.0099251772832, 0.96933723482, 0.012375431169],
      [0.0026686154146, 0.011104927134, 0.65849310185, 0.2741986032, 0.053534752401],
      [0.0016399036351, 0.010101063064, 0.1355247309, 0.84892378622, 0.0038105161802],
      [0.00069738211601, 0.29515500927, 0.043686011732, 0.65348394185, 0.0069776550316],
      [0.070172264731, 0.026364194891, 0.014745963235, 0.84398096966, 0.044736607482]
    ],
    [
      [0.010750891383, 0.22589427154, 0.48621066741, 0.26820891979, 0.0089352498803],
      [0.40505018224, 0.13474674363, 0.021597555069, 0.39773562515, 0.040869893905],
      [0.0056134992967, 0.0037579470429, 0, 0.97900335581, 0.011625197851],
      [0.0094999441612, 0.015054923647, 0.56123335793, 0.34722203303, 0.066989741236],
      [0.001817042665, 0.01021856349, 0.11318462534, 0.87046354295, 0.0043162255524],
      [0.00076115323566, 0.29571960545, 0.03591823142, 0.65981394845, 0.00778706144],
      [0.075422779177, 0.025825291629, 0.011911680516, 0.83767870096, 0.049161547719]
    ],
    [
      [0.010392858867, 0.25606200205, 0.53138687727, 0.19456834338, 0.0075899184349],
      [0.43680208691, 0.17227827194, 0.026668716918, 0.32516373553, 0.039087188698],
      [0.026298552192, 0.026394816543, 0.049641811709, 0.87939301662, 0.018271802938],
      [0.0032724406136, 0.014606191704, 0.6899133518, 0.23318676355, 0.059021252337],
      [0.0022754094691, 0.015032899845, 0.16051303827, 0.81742964362, 0.0047490087937],
      [0.00085571427876, 0.38936508946, 0.045748596744, 0.55633975635, 0.0076908431668],
      [0.09523964721, 0.038376524923, 0.017076001771, 0.79473900529, 0.05456882081]
    ],
    [
      [0.014421591883, 0.15962526741, 0.6263316688, 0.19060621473, 0.0090152571825],
      [0.5482931566, 0.096129284736, 0.028124777827, 0.28576476528, 0.04168801556],
      [0.010360859563, 0.0036407496788, 0.023562060675, 0.94264976173, 0.01978656835],
      [0.039825866155, 0.010775507796, 0.79675211419, 0.083990126054, 0.0686563858],
      [0.0031292872055, 0.009238248278, 0.18720021745, 0.7948415815, 0.0055906655669],
      [0.0013917848627, 0.28530548466, 0.063075586682, 0.639517875, 0.010709268798],
      [0.12966019521, 0.023319583121, 0.019672474793, 0.76374850368, 0.063599243196]
    ],
    [
      [0, 0.15634154367, 0.59356562593, 0.23785973328, 0.012233097127],
      [0.38450770195, 0.11112795369, 0.032364316409, 0.4219303939, 0.050069634055],
      [0, 0.002880454878, 0.022807010584, 0.95802558444, 0.016286950098],
      [0, 0.001686677918, 0.69177477608, 0.24347156796, 0.063066978045],
      [0, 0.0075890602534, 0.14937453612, 0.83826304462, 0.0047733590128],
      [0.00070409186701, 0.24358166821, 0.051330808015, 0.69495231938, 0.0094311125225],
      [0.066635693329, 0.019995171655, 0.016195370227, 0.8403085042, 0.056865260586]
    ],
    [
      [0.011894121085, 0.12751923301, 0.58061402747, 0.26784949334, 0.012123125095],
      [0.44674223809, 0.075901162746, 0.025766235979, 0.39630198598, 0.055288377206],
      [0.0061836110686, 0, 0.011232571476, 0.96329622555, 0.0192875919],
      [0.0050190134076, 0.004174606386, 0.63882955334, 0.272088272, 0.079888554866],
      [0.0019758457929, 0.0056674180888, 0.13295613366, 0.85364424496, 0.0057563574939],
      [0.00095711525133, 0.18976864053, 0.04880040217, 0.74846562411, 0.012008217943],
      [0.082219172017, 0.014362164977, 0.014033669792, 0.82372361667, 0.065661376543]
    ],
    [
      [0.0073772507787, 0.13920562061, 0.59562031713, 0.25052823203, 0.0072685794533],
      [0.35082466037, 0.10481461312, 0.033423508804, 0.46898269148, 0.04195452622],
      [0, 0, 0.019042910228, 0.96873377593, 0.012223313846],
      [0.0003229169687, 0.0069420620619, 0.67991830334, 0.2632239588, 0.049592758835],
      [0, 0.0025509236969, 0.14943376684, 0.84436641637, 0.0036488930939],
      [0.00061504662127, 0.21466542545, 0.051841829692, 0.7254183448, 0.0074593534352],
      [0.057237531171, 0.01758989751, 0.016147982836, 0.86482243109, 0.044202157391]
    ],
    [
      [0.020429234896, 0.1240759765, 0.48142626178, 0.36751555852, 0.0065529683056],
      [0.5516459004, 0.048401219935, 0.013364332801, 0.36615635279, 0.020432194078],
      [0.0078032443932, 0, 0, 0.98514122386, 0.0070555317516],
      [0.0056305331069, 0.0057629226165, 0.55661684102, 0.38615214702, 0.045837556236],
      [0.034276970413, 0.0027057261717, 0.0038484150928, 0.95677354646, 0.0023953418651],
      [0.0012926683482, 0.15074993762, 0.029732206724, 0.81311451641, 0.0051106708896],
      [0.10637084229, 0.009751384843, 0.0080591950921, 0.84880311266, 0.027015465116]
    ],
    [
      [0.01035895732, 0.22614491395, 0.54111843579, 0.21676239291, 0.005615300029],
      [0.43928886715, 0.14913729516, 0.026523763904, 0.35652900581, 0.028521067965],
      [0.0090298018133, 0.0071133283968, 0.021849350081, 0.95072005072, 0.011287468985],
      [0.0031862127734, 0.012462475636, 0.68765554667, 0.25388144827, 0.04281431665],
      [0.0020749384276, 0.012013332445, 0.14872919367, 0.83396735223, 0.0032151832266],
      [0.00083690082033, 0.33947806239, 0.045404561182, 0.60869440424, 0.0055860713667],
      [0.088880272452, 0.031272250883, 0.016090117195, 0.82600810067, 0.037749258801]
    ],
    [
      [0.0094505302673, 0.13122425061, 0.63518827111, 0.20465167905, 0.019485268966],
      [0.42618339921, 0.089499585929, 0.032524997688, 0.34927652023, 0.10251549694],
      [0.0049394378999, 0.0020336881957, 0.097834575816, 0.84554259455, 0.049649703542],
      [0.0024132972004, 0.0059486178965, 0.66948345596, 0.19908232167, 0.12307230727],
      [0.0019253041643, 0.0070249902109, 0.17858919545, 0.80110562536, 0.011354884817],
      [0.00090163489184, 0.23385270188, 0.063383150034, 0.67895956982, 0.022902943372],
      [0.079116792118, 0.017480438976, 0.018483619437, 0.7578795897, 0.12703955977]
    ],
    [
      [0.008145608672, 0.17195045271, 0.57503047448, 0.23559772497, 0.0092757391687],
      [0.36840686572, 0.12475096786, 0.031143167992, 0.42425413439, 0.051444864033],
      [0.00067406117799, 0.0001576607628, 0.034900623065, 0.94665926852, 0.017608386479],
      [0.0023041535818, 0.0088261930181, 0.67049212046, 0.25364749482, 0.064730038121],
      [0.0015104762027, 0.0085643560608, 0.14726414994, 0.83774512794, 0.004915889852],
      [0.00067458958947, 0.2627661531, 0.049856764279, 0.67724893083, 0.0094535622018],
      [0.065047492884, 0.022497530102, 0.016128310039, 0.83824849668, 0.058078170292]
    ],
    [
      [0.016183608992, 0.11432648058, 0.56509992891, 0.28833639527, 0.016053586241],
      [0.51063621343, 0.055941546819, 0.020553759199, 0.35227234226, 0.060596138294],
      [0.013013118976, 0, 0, 0.96358558532, 0.0234012957],
      [0.012026130498, 0.0040648508827, 0.59706887189, 0.28385604095, 0.10298410578],
      [0.0025247686388, 0.0047179754348, 0.12089851848, 0.86469987806, 0.0071588593776],
      [0.0012492098297, 0.16419024108, 0.045269633783, 0.7740320121, 0.015258903206],
      [0.10072184429, 0.011436613633, 0.012174561236, 0.79734204263, 0.078324938209]
    ],
    [
      [0.01140422418, 0.2366255865, 0.48803247576, 0.25184102466, 0.012096688898],
      [0.41720427707, 0.13920624386, 0.021424723616, 0.367756329, 0.054408426454],
      [0.0062968938194, 0.0047353826717, 0, 0.97043253429, 0.018535189218],
      [0.025938872132, 0.01923453569, 0.57658008183, 0.28843285981, 0.089813650534],
      [0.0020317989163, 0.011322258748, 0.12003966145, 0.86044716366, 0.0061591172268],
      [0.00082765805118, 0.31687180682, 0.037064891577, 0.6344323062, 0.010803337349],
      [0.082190666465, 0.027951177918, 0.012353811943, 0.80911159395, 0.068392749722]
    ],
    [
      [0.0087699413861, 0.11478431568, 0.59139766651, 0.27501883878, 0.010029237646],
      [0.35569312174, 0.073470345777, 0.029506824695, 0.48922176479, 0.052107942991],
      [0, 0, 0, 0.98517774394, 0.014822256058],
      [0, 0, 0.64824657678, 0.28554830499, 0.066205118231],
      [0.0014191615497, 0.0049042979419, 0.13109953182, 0.85793922592, 0.0046377827726],
      [0.00070352812136, 0.1714654353, 0.049172073975, 0.76875245703, 0.0099065055651],
      [0.061278651744, 0.01287345502, 0.014289310726, 0.85646497259, 0.055093609919]
    ]
  ],
  "expected_outcome": [
    [
      [0.74167733711, 0.22914554665, 0.028854622817, 0.15115576177, 0, 0, 0.016909137487, 0.3591958675, 0.12180748001, 0.07754246598, 0.27553005448, 0.46603441188, 0.023445348379, 0.4663499428, 0, 0.43546099775, 0.33348919616, 0.20850297395, 0.040498012412, 0.48841881374, 0.15079006745, 0.07372826852, 0.087224008054, 0.052018124949, 0, 0.19628084947, 0.23970768563, 0.34977587533, 0.24440022416, 0.21977696179, 0.22691119325, 0.42532273157, 0.2316287605, 0.094094446107, 0.37972845151, 0.28074960958, 0.14929434001, 0.66307561806, 0.29027406734, 0.65475010865, 0.36053979707, 0, 0.15462357411, 0.14754501557, 0.040858469791, 0.082871658564, 0.028351590802, 0.82270647587, 0.12946887194, 1.140422418, 0.18416876911],
      [13.5761392391, 4.6914658134, 1.4154815642, 2.6524823801, 5.0467629235, 2.0409443477, 1.028415873, 4.1280537901, 6.9091125539, 1.5310522425, 6.3073229134, 13.0358833741, 1.0017551447, 10.6178547605, 6.9405109909, 2.9910859505, 5.9347967242, 2.6071218627, 1.4208766299, 18.9938492394, 3.781416886, 2.2900411005, 2.6786872076, 3.5755145558, 3.5323481619, 7.6274992009, 6.7264679782, 7.269544459, 6.0191640021, 6.8568046404, 4.5151446152, 6.6828001564, 6.855013709, 2.2337761767, 7.3826511853, 5.4210398002, 5.1419421044, 15.2076743676, 6.0991453315, 16.1319061292, 3.9906316852, 4.2212216791, 1.6577500291, 2.7841124122, 0.248151953, 1.8091593116, 0.39367275182, 17.3669957236, 0.91461184466, 23.6625586505, 2.4104706293],
      [37.0645337854, 10.1763500601, 4.8347855492, 5.0638482167, 13.2311472532, 7.8007181194, 1.2052251858, 13.7580049951, 26.2013014299, 5.5326480904, 14.8202230724, 39.2702720371, 1.9572734125, 25.3465577423, 20.4077762961, 17.9831736731, 19.3307615541, 9.9700919839, 2.0525184071, 40.0039296362, 6.4973707389, 5.9693052948, 4.4644454451, 7.4571532811, 10.3795605761, 17.5850743553, 14.340058938, 17.215792151, 16.7371921437, 16.3066162778, 14.4218421643, 19.5539494562, 15.0910615367, 4.1693258465, 21.1348651394, 14.5064534206, 13.4519362216, 39.6895155629, 13.1276880201, 33.4773732679, 15.6582917201, 16.0262719, 7.5479823571, 11.9124063426, 0.96285252357, 4.3289474863, 1.9055648133, 58.0780779221, 4.5207994313, 48.8032475759, 12.4193509967],
      [15.0093861035, 5.6125287908, 1.6360791874, 2.0489250229, 4.6196196521, 1.9751501778, 0.68608317694, 4.6111854889, 12.1102424501, 2.6647776539, 6.4055235373, 18.425961947, 1.0098182087, 11.0639091141, 11.4820129649, 9.6488402555, 8.0598843361, 4.9129313581, 1.421795416, 17.8969645223, 3.2427399724, 2.5601791882, 1.7147098072, 3.8324751572, 3.8994731788, 8.1517903941, 6.395980763, 7.9326193792, 6.6536682503, 7.3166319042, 6.4776920737, 8.9030599461, 6.4542197119, 2.4203066117, 9.6896311004, 6.5551490318, 6.040009615, 17.9006362543, 7.2416408343, 12.2578056329, 4.7651553682, 6.4222127984, 3.4820434134, 5.0105646405, 0.73503111704, 1.7340991433, 0.61395503714, 23.7953702224, 2.3066911622, 25.1841024658, 5.7753956143],
      [0.6082635349, 0.29050978906, 0.084799076414, 0.083588618574, 0.10247017123, 0.18318735504, 0.063366626823, 0.14355985842, 0.65753608611, 0.19397954719, 0.19140042245, 0.80184822991, 0.0077078857781, 0.50532844024, 0.16969974815, 0.94143912313, 0.34106818943, 0.30135182143, 0.064311534566, 0.61683778842, 0.32768233526, 0.10674614796, 0.054933532102, 0.08283888098, 0.1886180832, 0.43935520024, 0.29778463515, 0.23226813544, 0.34557537975, 0.30017021582, 0.35840995351, 0.4348677097, 0.36807628187, 0.082496919037, 0.41312412341, 0.23660813781, 0.21681771904, 0.53909819716, 0.24125174677, 0.4781648614, 0.22538142956, 0.33029362243, 0.15760062624, 0.14537158907, 0.013105936611, 0.044922400232, 0.058455806899, 0.93684965603, 0.12842868992, 1.2096688898, 0.21061399056]
    ],
    [
      [22.6470416281, 12.0574994702, 2.4803626092, 7.4108810075, 1.983937232, 3.0779893863, 0.88404282869, 4.0772607417, 8.6286235579, 10.3820479412, 12.8283675514, 25.4279070762, 2.5962599984, 31.949309062, 10.885810352, 12.7116172779, 14.4511231131, 9.8382451488, 6.9670471158, 19.8378757994, 8.2873586292, 10.8909188483, 1.8213942807, 4.7102202999, 0, 10.5416124191, 16.9144695432, 12.3167751997, 19.8464890346, 16.945582965, 15.1422457432, 27.0171831237, 14.816991898, 11.4326008861, 26.9630050658, 20.0654157175, 9.0280527484, 39.7925255348, 17.4171578365, 43.6802086915, 26.8663646734, 8.4591694428, 15.1892360951, 12.9805124339, 5.516459004, 8.7857773431, 3.4094671937, 40.5247552289, 10.723360482, 77.1827912574, 9.2480211653],
      [6.6057317231, 3.8918761802, 1.8533804864, 1.9890130414, 1.6544303965, 0.96694041172, 0.64180366477, 0.67980806267, 3.0913362473, 3.2659845539, 4.6191595783, 12.2304535942, 1.688802823, 11.6362121758, 5.071589427, 1.3704524569, 4.0619592502, 1.9150865965, 3.8029346406, 12.3277551301, 3.2311805093, 5.329288089, 0.75277952702, 5.0724862925, 1.5939862466, 6.6124935654, 7.5304348236, 4.0373558676, 7.7706155987, 8.4216141557, 4.7773472152, 6.7572124239, 6.9421071711, 4.2617159876, 8.3716457356, 6.1543382155, 5.2460028491, 14.6341833352, 5.7941099762, 17.2278271936, 4.7103349521, 2.4448149812, 2.5806395334, 3.8781406855, 0.48401219935, 2.9827459033, 0.71599668743, 13.7226064649, 1.1747724832, 25.753155115, 1.9102289902],
      [1.3458138086, 0.62879553143, 0.47198475604, 0.28279838964, 0.32093094002, 0.27490983105, 0.05420335899, 0.16845485481, 0.87472949332, 0.87792895039, 0.80907949348, 2.7477169525, 0.24490526783, 2.0723701356, 1.1119060454, 0.61344525312, 0.98667533688, 0.54517465303, 0.40573179299, 1.9376115582, 0.41178136706, 1.0330585075, 0.09203110468, 0.78847794065, 0.34847249675, 1.1365460182, 1.1944587944, 0.7126776948, 1.6109958513, 1.492838575, 1.1368838101, 1.4731277255, 1.1377821195, 0.59162608458, 1.7865486593, 1.2275442019, 1.0210496916, 2.8501274018, 0.92869486795, 2.6668716918, 1.3781141135, 0.712014961, 0.87605202328, 1.2366698258, 0.13364332801, 0.53047527808, 0.2601999815, 3.4257484791, 0.43162894318, 3.963573869, 0.76717744208],
