{
  "Z_true": {},
  "V_true": [
    [1056, 64, 83, 384, 14],
    [122, 6734, 259, 1261, 184],
    [91, 213, 7443, 841, 283],
    [38, 56, 49, 8719, 121],
    [434, 885, 879, 1414, 271]
  ],
  "p_true": [
    [0.6596, 0.04, 0.0518, 0.2399, 0.0087],
    [0.0143, 0.7867, 0.0303, 0.1473, 0.0215],
    [0.0103, 0.024, 0.839, 0.0948, 0.0319],
    [0.0042, 0.0062, 0.0055, 0.9706, 0.0135],
    [0.1118, 0.2279, 0.2264, 0.3642, 0.0698]
  ],
  "Z_est": {},
  "V_est": [
    [1307.9931, 0, 0, 293.0069, 0],
    [256.6969, 6428.7752, 0, 1874.5278, 0],
    [0, 623.0068, 8247.9932, 0, 0],
    [0, 0, 0, 8983, 0],
    [176.31, 900.2179, 465.0068, 1468.4653, 873]
  ],
  "p_est": [
    [0.817, 0, 0, 0.183, 0],
    [0.03, 0.751, 0, 0.219, 0],
    [0, 0.0702, 0.9298, 0, 0],
    [0, 0, 0, 1, 0],
    [0.0454, 0.2318, 0.1198, 0.3782, 0.2248]
  ],
  "EI_Z": {},
  "EI_V": 9.8781,
  "MAE_Z": {},
  "MAE_V": 252.0721,
  "MAE_p": 0.0467,
  "runtime": 0.0323
}
