{
  "Z_true": {},
  "V_true": [
    [1155, 1550, 648, 27],
    [1041, 9389, 2985, 170],
    [197, 230, 14610, 257],
    [63, 471, 475, 90],
    [149, 360, 1753, 453]
  ],
  "p_true": [
    [0.3417, 0.4586, 0.1917, 0.008],
    [0.0766, 0.6911, 0.2197, 0.0125],
    [0.0129, 0.015, 0.9553, 0.0168],
    [0.0573, 0.4286, 0.4322, 0.0819],
    [0.0549, 0.1326, 0.6457, 0.1669]
  ],
  "Z_est": [
    [
      [2.3081, 63.532, 31.58, 33.0679, 19.6077, 66.4094, 77.1466, 97.1894, 84.1643, 80.3046, 126.8396, 31.4748, 69.7779, 99.9824, 41.6786, 11.9654, 48.2051, 59.2021, 31.0467, 27.194, 67.7076, 63.3284, 51.9456, 24.726, 85.0065, 31.3134, 25.9862, 58.1354, 1.9966, 20.4708, 193.0406, 38.4224, 186.4623, 58.1788],
      [0.7984, 21.9936, 10.7999, 13.0657, 7.2483, 24.5173, 28.9111, 34.467, 27.4728, 28.7662, 45.8138, 9.7802, 24.9412, 32.8809, 14.2122, 5.1129, 14.1242, 21.6571, 10.5756, 10.3925, 22.5237, 18.9495, 15.5745, 7.3851, 30.6855, 10.2696, 16.8472, 20.0906, 0.5988, 5.3891, 84.7489, 12.1233, 55.4436, 24.1627],
      [0.0305, 12.6381, 4.1032, 13.4018, 4.4998, 20.8716, 25.434, 26.1308, 9.8758, 20.8402, 36.5746, 3.8872, 21.5181, 13.0854, 6.3901, 4.1715, 0.534, 9.249, 2.4579, 7.1006, 2.9503, 0.7094, 0.5797, 0.2822, 21.0999, 4.5332, 10.8657, 10.2623, 0.0229, 0.206, 97.9909, 4.9424, 10.5164, 17.6331],
      [0.863, 6.8363, 4.5169, 3.4646, 3.6442, 7.2016, 8.5082, 9.2128, 9.4871, 9.089, 12.772, 3.8578, 5.7628, 9.0514, 5.7191, 2.7503, 7.1367, 9.8919, 4.9198, 4.313, 9.8184, 10.0126, 7.9001, 4.6067, 10.208, 3.8839, 1.3008, 7.5117, 0.3817, 0.9341, 22.2197, 3.5119, 16.5777, 5.0253]
    ],
    [
      [1.4289, 14.8049, 9.5579, 3.7991, 3.8997, 11.5918, 13.9445, 16.5779, 26.7916, 15.113, 26.5188, 10.181, 14.8864, 33.0243, 11.3094, 0.7678, 17.2213, 15.238, 10.0913, 5.1287, 24.363, 21.7451, 18.1152, 13.5127, 18.0321, 4.9604, 1.4391, 14.5222, 1.1264, 8.7285, 10.6901, 7.1921, 73.5078, 7.8963],
      [20.2344, 318.1589, 199.6227, 88.8844, 81.6206, 229.8014, 288.6244, 329.6926, 419.4533, 306.9411, 463.2929, 257.3108, 174.3692, 626.233, 203.1007, 104.1197, 360.9785, 546.4812, 259.9935, 197.7303, 635.1357, 501.492, 529.1645, 252.8509, 421.7346, 86.8449, 73.6854, 296.7359, 9.6049, 279.8213, 979.6993, 106.2947, 535.3578, 104.6077],
      [6.2293, 66.744, 105.6409, 14.9527, 20.1856, 39.7568, 47.7584, 42.2337, 41.0702, 53.4651, 58.3764, 48.9621, 9.0967, 80.1039, 106.9394, 48.7871, 140.3031, 159.551, 105.2338, 66.0193, 179.0787, 125.465, 194.1928, 90.6205, 100.2219, 13.7918, 6.681, 90.1881, 2.8436, 40.4387, 174.7367, 22.3335, 131.6344, 16.7163],
      [1.1075, 10.2922, 8.1785, 4.3638, 5.2941, 7.8501, 9.6727, 10.4958, 14.6849, 10.4808, 15.8119, 6.5461, 4.6476, 10.6387, 8.6505, 5.3254, 13.4971, 18.7298, 9.6815, 7.1217, 19.4226, 17.2978, 14.5276, 10.0159, 15.0114, 3.4028, 0.1946, 11.5538, 0.4252, 26.0115, 26.8739, 4.1798, 21.4999, 3.7796]
    ],
    [
      [1.2165, 3.891, 0.4714, 0.7795, 0.2693, 2.2453, 1.0437, 8.0885, 2.9744, 4.6428, 3.1718, 0.9442, 1.5263, 2.7189, 1.5003, 0.1459, 2.9317, 0.8529, 0.4714, 0.3704, 1.0549, 4.0892, 3.2508, 1.3892, 2.966, 5.3355, 0.3142, 2.6354, 3.8119, 1.5123, 2.3343, 6.8925, 5.5367, 2.9228],
      [0.0955, 12.4091, 0.3222, 1.2537, 0.1363, 6.6218, 11.9115, 23.1167, 5.923, 12.1483, 5.1288, 1.4353, 2.0163, 3.6727, 0.3322, 0.1675, 0.5735, 7.1043, 0.4131, 0.318, 10.445, 18.2376, 8.3679, 3.3265, 6.1863, 1.1989, 2.9647, 0.4826, 0.0457, 4.9197, 19.1445, 0.1803, 8.7723, 0.1902],
      [74.3947, 499.5794, 485.4953, 101.5979, 433.4032, 280.0821, 377.9732, 381.5069, 485.4202, 409.0119, 402.2449, 133.1322, 157.8903, 340.4061, 704.9478, 221.948, 577.6234, 1145.3788, 506.5456, 306.3739, 881.2903, 646.8292, 699.0454, 271.3373, 509.0836, 208.1206, 104.7077, 549.055, 19.621, 335.3451, 1636.173, 171.3265, 728.151, 193.6064],
      [1.2933, 0.1205, 0.7111, 0.3689, 2.1912, 3.0508, 3.0716, 1.2879, 1.6824, 4.197, 1.4545, 0.4882, 0.567, 1.2024, 1.2197, 0.7386, 1.8714, 1.664, 0.57, 0.9378, 0.2098, 4.844, 2.3358, 0.947, 1.7641, 4.345, 0.0134, 1.827, 0.5214, 1.2229, 0.3482, 0.6007, 2.54, 1.2805]
    ],
    [
      [0.0464, 0.7697, 0.3895, 0.3524, 0.2226, 0.7511, 0.8624, 1.1406, 1.0664, 0.9366, 1.4652, 0.3988, 0.8068, 1.2704, 0.51, 0.1206, 0.6399, 0.7048, 0.3895, 0.306, 0.8717, 0.8346, 0.6862, 0.3709, 0.9922, 0.3895, 0.2597, 0.7048, 0.0649, 0.2875, 1.9288, 0.4915, 2.4852, 0],
      [1.0068, 12.1854, 7.7184, 2.6594, 3.3846, 8.5295, 11.2402, 12.1169, 13.9115, 12.0795, 15.0808, 5.0853, 6.5502, 22.5553, 7.555, 4.1623, 13.1307, 22.4036, 9.0743, 7.1353, 23.8563, 20.4713, 18.5547, 9.7572, 14.8911, 3.7003, 2.742, 9.9045, 0.3369, 11.0989, 32.7834, 3.6257, 17.3203, 0],
      [3.9436, 27.0276, 19.8786, 1.9805, 9.3813, 15.702, 23.8769, 18.722, 19.9963, 26.9608, 16.4245, 8.505, 11.6321, 28.153, 16.9183, 11.7081, 30.207, 65.8608, 18.5208, 15.5458, 58.2418, 45.662, 34.7341, 25.8565, 27.0897, 9.8993, 2.9965, 15.3695, 0.5969, 31.5873, 44.2376, 4.8745, 16.1539, 0],
      [0.0032, 0.0173, 0.0135, 0.0077, 0.0116, 0.0173, 0.0206, 0.0206, 0.0257, 0.0231, 0.0295, 0.0109, 0.0109, 0.0212, 0.0167, 0.009, 0.0225, 0.0308, 0.0154, 0.0128, 0.0302, 0.0321, 0.025, 0.0154, 0.027, 0.0109, 0.0019, 0.0212, 0.0013, 0.0263, 0.0501, 0.0083, 0.0405, 0]
    ],
    [
      [0.0001, 0.0024, 0.0012, 0.0011, 0.0007, 0.0024, 0.0027, 0.0036, 0.0034, 0.003, 0.0046, 0.0013, 0.0026, 0.004, 0.0016, 0.0004, 0.002, 0.0022, 0.0012, 0.001, 0.0028, 0.0026, 0.0022, 0.0012, 0.0031, 0.0012, 0.0008, 0.0022, 0.0002, 0.0009, 0.0061, 0.0016, 0.0079, 0.002],
      [0.865, 14.253, 8.5367, 4.1367, 3.6103, 10.5299, 13.3128, 15.6068, 18.2393, 14.0649, 20.6837, 12.3883, 8.1231, 25.6581, 8.8, 4.4376, 15.1931, 23.3538, 10.9436, 8.4239, 27.0393, 21.8495, 22.3384, 10.6803, 18.5025, 3.9863, 3.7607, 12.7863, 0.4137, 11.7709, 43.6239, 4.7761, 24.106, 5.0393],
      [9.4019, 54.011, 44.8819, 8.0671, 54.5301, 28.5875, 39.9575, 46.4066, 72.6374, 50.722, 73.3795, 29.5134, 30.8627, 64.2515, 91.8043, 35.3854, 68.3326, 110.9604, 55.2419, 55.9604, 111.4389, 97.3343, 81.448, 41.9034, 82.5048, 12.6551, 17.7492, 77.1251, 2.9157, 24.423, 166.8618, 28.5232, 122.5442, 16.0442],
      [1.733, 9.7336, 7.5801, 3.795, 6.8589, 8.8802, 10.727, 10.983, 14.1199, 12.2101, 15.9321, 6.097, 6.0116, 12.0863, 10.3941, 5.1767, 12.4723, 17.6835, 8.8133, 7.6147, 17.519, 17.8135, 14.2114, 8.4151, 14.9895, 5.3573, 1.4893, 12.0863, 0.6704, 12.8052, 28.5082, 4.6992, 22.342, 4.9145]
    ]
  ],
  "V_est": [
    [2009.3972, 712.3231, 425.3885, 232.8912],
    [487.7072, 10289.6734, 2450.3524, 357.2671],
    [84.302, 179.5618, 14978.6484, 51.4878],
    [23.5171, 366.6077, 708.2445, 0.6307],
    [0.0765, 451.834, 1908.3663, 354.7232]
  ],
  "p_est": [
    [0.5945, 0.2107, 0.1259, 0.0689],
    [0.0359, 0.7574, 0.1804, 0.0263],
    [0.0055, 0.0117, 0.9794, 0.0034],
    [0.0214, 0.3336, 0.6444, 0.0006],
    [0, 0.1664, 0.7029, 0.1307]
  ],
  "EI_Z": {},
  "EI_V": 8.309,
  "MAE_Z": {},
  "MAE_V": 299.7322,
  "MAE_p": 0.0721,
  "runtime": 0.936
}
