{
  "X": [
    [84, 80, 495, 828, 86],
    [16, 8, 117, 180, 25],
    [10, 8, 50, 73, 6],
    [8, 14, 109, 213, 6],
    [170, 240, 1294, 2230, 264],
    [1, 3, 10, 9, 1],
    [0, 2, 6, 4, 1],
    [3, 5, 12, 25, 4],
    [8, 25, 140, 277, 25],
    [114, 193, 1198, 1878, 180],
    [21, 37, 159, 363, 36],
    [78, 109, 733, 1264, 119],
    [1, 1, 1, 6, 0],
    [4, 2, 14, 39, 1],
    [1, 2, 11, 9, 4],
    [0, 1, 18, 20, 3],
    [0, 1, 10, 7, 0],
    [8, 1, 26, 86, 11],
    [18, 70, 352, 783, 63],
    [15, 13, 102, 201, 25],
    [1, 0, 10, 12, 0],
    [43, 64, 519, 884, 74],
    [36, 66, 316, 580, 60],
    [14, 21, 105, 181, 11],
    [11, 13, 89, 164, 15],
    [0, 5, 7, 8, 3],
    [0, 3, 7, 15, 3],
    [16, 40, 156, 281, 23],
    [17, 17, 155, 278, 45],
    [10, 27, 131, 258, 22],
    [3, 5, 14, 34, 2],
    [0, 0, 3, 7, 0],
    [4, 11, 30, 55, 2],
    [19, 40, 192, 361, 41],
    [17, 24, 114, 207, 17],
    [68, 145, 692, 986, 90],
    [8, 1, 57, 84, 9],
    [6, 7, 21, 53, 9],
    [8, 6, 25, 48, 4],
    [9, 16, 93, 174, 16],
    [4, 3, 15, 47, 1],
    [11, 19, 72, 203, 6],
    [14, 16, 117, 189, 27],
    [20, 41, 134, 342, 21],
    [28, 24, 157, 284, 25],
    [12, 17, 65, 187, 16],
    [18, 14, 142, 262, 48],
    [14, 21, 117, 272, 28],
    [1, 2, 2, 11, 2],
    [1, 0, 5, 1, 0],
    [1, 1, 0, 4, 0],
    [0, 0, 2, 5, 3],
    [1, 2, 20, 51, 3],
    [15, 21, 89, 265, 24],
    [3, 3, 18, 69, 5],
    [0, 0, 4, 6, 0],
    [15, 23, 102, 224, 22],
    [9, 15, 39, 87, 12],
    [0, 1, 4, 13, 3],
    [11, 17, 61, 164, 7],
    [6, 8, 57, 172, 9],
    [6, 6, 34, 84, 11],
    [21, 27, 118, 226, 31],
    [8, 13, 55, 186, 24],
    [15, 6, 50, 145, 12],
    [2, 0, 1, 6, 3],
    [0, 1, 2, 7, 0],
    [0, 2, 2, 8, 0],
    [25, 34, 192, 390, 44],
    [12, 39, 164, 365, 16],
    [21, 36, 177, 401, 40],
    [16, 138, 334, 311, 34],
    [122, 276, 1093, 1394, 205],
    [115, 217, 660, 906, 177],
    [0, 1, 5, 14, 2]
  ],
  "W": [
    [170, 81, 593, 636, 93],
    [28, 14, 131, 148, 25],
    [23, 11, 56, 54, 3],
    [37, 18, 129, 155, 11],
    [334, 239, 1633, 1740, 252],
    [1, 3, 16, 4, 0],
    [0, 2, 6, 3, 2],
    [3, 9, 17, 16, 4],
    [45, 40, 177, 192, 21],
    [317, 207, 1513, 1269, 257],
    [48, 28, 213, 287, 40],
    [218, 131, 933, 869, 152],
    [3, 0, 2, 4, 0],
    [8, 0, 22, 27, 3],
    [1, 1, 10, 10, 5],
    [4, 3, 19, 14, 2],
    [1, 0, 11, 6, 0],
    [19, 3, 30, 71, 9],
    [104, 82, 529, 490, 81],
    [44, 16, 135, 135, 26],
    [1, 2, 8, 10, 2],
    [139, 81, 623, 657, 84],
    [86, 66, 410, 424, 72],
    [28, 17, 141, 129, 17],
    [38, 18, 107, 112, 17],
    [2, 3, 11, 4, 3],
    [5, 0, 11, 11, 1],
    [53, 41, 191, 205, 26],
    [43, 22, 200, 225, 22],
    [35, 19, 149, 213, 32],
    [5, 3, 20, 26, 4],
    [3, 0, 4, 3, 0],
    [8, 8, 39, 39, 8],
    [60, 42, 287, 222, 42],
    [39, 37, 160, 114, 29],
    [181, 155, 940, 569, 136],
    [15, 1, 65, 75, 3],
    [7, 8, 27, 41, 13],
    [7, 3, 31, 41, 9],
    [15, 16, 119, 138, 20],
    [11, 1, 22, 31, 5],
    [33, 19, 96, 144, 19],
    [26, 16, 139, 162, 20],
    [65, 37, 224, 202, 30],
    [44, 28, 222, 184, 40],
    [44, 16, 96, 122, 19],
    [46, 15, 202, 185, 36],
    [26, 25, 181, 183, 37],
    [2, 1, 3, 11, 1],
    [1, 0, 5, 1, 0],
    [1, 0, 3, 2, 0],
    [0, 0, 1, 5, 4],
    [8, 3, 23, 42, 1],
    [28, 36, 141, 177, 32],
    [7, 5, 25, 54, 7],
    [0, 0, 3, 7, 0],
    [40, 24, 138, 159, 25],
    [8, 12, 53, 76, 13],
    [1, 2, 4, 11, 3],
    [28, 7, 92, 123, 10],
    [22, 9, 89, 113, 19],
    [10, 11, 46, 55, 19],
    [29, 27, 165, 175, 27],
    [37, 16, 86, 121, 26],
    [27, 8, 61, 115, 17],
    [1, 0, 3, 7, 1],
    [1, 1, 3, 5, 0],
    [2, 1, 2, 4, 3],
    [70, 24, 304, 229, 58],
    [49, 40, 241, 224, 42],
    [65, 40, 271, 232, 67],
    [41, 127, 421, 196, 48],
    [232, 233, 1299, 1085, 241],
    [154, 112, 866, 734, 209],
    [6, 1, 7, 5, 3]
  ],
  "method": "mult",
  "cond_prob": [
    [
      [0.042018760517, 0.0037975085751, 0.14907892644, 0.7919145203, 0.013190284163],
      [2.5165376251e-05, 0.44066932995, 0.34240013125, 0.20835626202, 0.0085491114026],
      [0.024917812843, 0.052347599188, 0.62113717775, 0.29317288879, 0.0084245214237],
      [0.085428161199, 0.0043425706603, 0.095303898539, 0.73882287244, 0.076102497157],
      [0.083292459978, 0.10598071568, 0.13951124725, 0.35220219782, 0.31901337928]
    ],
    [
      [0.035156794367, 0.001367648466, 0.16135356092, 0.78627777665, 0.015844219594],
      [6.7959949864e-05, 0.2704878224, 0.46057420439, 0.25612537459, 0.012744638669],
      [0.02102786989, 0.022172259502, 0.66240269542, 0.28464880394, 0.0097483712503],
      [0.071161580224, 0, 0.1047332146, 0.73284702665, 0.091258178527],
      [0.069123739588, 0.050812413382, 0.15035170285, 0.34592455001, 0.38378759417]
    ],
    [
      [0.059304184224, 0.0031589504925, 0.16274293657, 0.76143707476, 0.013356853953],
      [0, 0.43718918541, 0.36083467125, 0.19351307312, 0.0084630702138],
      [0.033250337752, 0.047548511913, 0.64683405635, 0.26450253734, 0.0078645566362],
      [0.1191989658, 0.0029547117924, 0.10444923979, 0.69602100692, 0.077376075695],
      [0.11241356512, 0.098663998404, 0.14158832365, 0.32034233698, 0.32699177585]
    ],
    [
      [0.016549059209, 0.0024537461614, 0.14113661642, 0.83585803181, 0.0040025463988],
      [0, 0.39255627834, 0.36017218761, 0.24430341165, 0.0029681224027],
      [0.010107605016, 0.041496933982, 0.62013389285, 0.32651856904, 0.0017429991183],
      [0.036021716798, 0.0014494494922, 0.098763289147, 0.83822135498, 0.025544189586],
      [0.045494332594, 0.11503902062, 0.18084216551, 0.51187145328, 0.146753028]
    ],
    [
      [0.03164920619, 0.0040981963738, 0.14092627788, 0.80823200885, 0.015094310709],
      [4.8840127898e-05, 0.45762292175, 0.32221314837, 0.21046155633, 0.0096535334167],
      [0.019460932789, 0.056992619074, 0.60358957271, 0.30917511033, 0.010781765095],
      [0.06450243189, 0.0050162954605, 0.087173424418, 0.75655556128, 0.086752286954],
      [0.061125228612, 0.10897628199, 0.12927837301, 0.35103398925, 0.34958612713]
    ],
    [
      [0.052455770594, 0.0050233903078, 0.12035806975, 0.79574859239, 0.026414176957],
      [0.00013778190519, 0.58774910663, 0.23387084516, 0.16427212486, 0.013970141442],
      [0.033620481158, 0.075639690654, 0.55779515905, 0.31410238924, 0.018842279896],
      [0.10230079629, 0.0053735598342, 0.063326712493, 0.67144920128, 0.1575497301],
      [0.044504824247, 0.05865062728, 0.046064995708, 0.13664170601, 0.71413784676]
    ],
    [
      [1.734723476e-18, 0.0059171905466, 0.19655775774, 0.78191590562, 0.015609146093],
      [0, 0.59264208224, 0.30669773781, 0.10066017995, 0],
      [0, 0.056666255455, 0.76754417196, 0.17578957258, 0],
      [0, 0.06043389708, 0.14950898498, 0.75037399556, 0.039683122375],
      [0, 0.14670830577, 0.16640626883, 0.24641010897, 0.44047531644]
    ],
    [
      [0.052661115028, 0.00061741180924, 0.096143684236, 0.83144233786, 0.019135451062],
      [0.0028100903582, 0.46354497157, 0.25815589053, 0.25793590434, 0.017553143202],
      [0.05264833665, 0.030059562021, 0.50030243247, 0.39422333131, 0.022766337554],
      [0.096640487148, 0, 0.035642342661, 0.76098172157, 0.10673544862],
      [0.093864081066, 0.078807616525, 0.078186774495, 0.32668641749, 0.42245511042]
    ],
    [
      [0.013014164713, 0.0019697276157, 0.12700518938, 0.84478055745, 0.013230360841],
      [8.716173611e-05, 0.39715823244, 0.33806950736, 0.25491625825, 0.0097688402141],
      [0.0097033116329, 0.04033341781, 0.58507275986, 0.35498904354, 0.0099014671587],
      [0.026607954458, 0, 0.07538455126, 0.81982788538, 0.078179608907],
      [0.027841081118, 0.0898103813, 0.13001304033, 0.40705761361, 0.34527788364]
    ],
    [
      [0.025708909322, 0.0032599033817, 0.14212645984, 0.81741279774, 0.011491929717],
      [1.4664144423e-05, 0.42301109133, 0.34335818268, 0.22581831982, 0.0077977420275],
      [0.015744442021, 0.048562960563, 0.61361445278, 0.31546568465, 0.0066124599836],
      [0.053515693937, 0.0031638517646, 0.091797156878, 0.78331295197, 0.068210345447],
      [0.054920170752, 0.10471839495, 0.14389692328, 0.39226472365, 0.30419978736]
    ],
    [
      [0.024253664776, 0.0048973735075, 0.12360358884, 0.83481386217, 0.0124315107],
      [5.4960804693e-05, 0.51283848868, 0.27176625494, 0.20775043403, 0.0075898615413],
      [0.015926723745, 0.070674299967, 0.56224717114, 0.34199392005, 0.0091578850947],
      [0.050346746525, 0.0068468368867, 0.072723497176, 0.79739801195, 0.072684907463],
      [0.049809419446, 0.13466950773, 0.12068203636, 0.38534970156, 0.3094893349]
    ],
    [
      [0.026441241653, 0.0025746617336, 0.13640550396, 0.82273616443, 0.011842428229],
      [7.0944933859e-05, 0.4009032947, 0.34994971017, 0.24056709459, 0.0085089556074],
      [0.016923899535, 0.043236039172, 0.60283958115, 0.32931462987, 0.007685850275],
      [0.055019165405, 0.0014474809624, 0.084949307893, 0.78877703446, 0.069807011275],
      [0.056742516645, 0.094232280478, 0.13914414696, 0.39757522462, 0.3123058313]
    ],
    [
      [0.078359048374, 0.017925808103, 0.071896283611, 0.83181885991, 0],
      [0, 1, 0, 0, 0],
      [0.035748816293, 0.43404952954, 0.3038656312, 0.22633602297, 0],
      [0.17335630557, 0.019530879154, 0.044144971694, 0.76296784358, 0],
      [0.047529682789, 0.84022317015, 0.017841852766, 0.094405294296, 0]
    ],
    [
      [0.044901700679, 0.0031199839938, 0.10099038319, 0.84769103774, 0.0032968943966],
      [7.9280788009e-05, 0.57962357857, 0.22129073072, 0.19688390382, 0.0021225061102],
      [0.032226026945, 0.066451606009, 0.51852734773, 0.3808810831, 0.0019139362227],
      [0.095800511496, 0.0014680712945, 0.052161302165, 0.82975721356, 0.020812901483],
      [0.1150666638, 0.1578222903, 0.12537337536, 0.47854770125, 0.1231899693]
    ],
    [
      [0.03298946615, 0.0067982274888, 0.24183631738, 0.69243141914, 0.025944569845],
      [0, 0.55628345704, 0.33507062838, 0.099045018726, 0.0096008958539],
      [0.010237699946, 0.067266992353, 0.77779693097, 0.13599060572, 0.0087077710114],
      [0.064531848416, 0.014725269847, 0.17931009149, 0.59397491535, 0.14745787489],
      [0.043863010045, 0.12339913869, 0.17040456592, 0.18177367028, 0.48055961506]
    ],
    [
      [0, 0.00020795643249, 0.18163845473, 0.79849796893, 0.019655619901],
      [1.5532539858e-31, 0.24006560244, 0.50066065475, 0.24406604536, 0.015207697447],
      [0, 0.010847802596, 0.7238447083, 0.25719774421, 0.0081097448944],
      [0, 0, 0.12302232418, 0.75554199471, 0.12143568111],
      [1.5014236233e-32, 0.036431558809, 0.14805111029, 0.30473246115, 0.51078486975]
    ],
    [
      [0, 0.0074545419516, 0.22096674452, 0.77157871353, 0],
      [0, 0.77709087098, 0.1621330966, 0.060776032428, 0],
      [0, 0.082914799874, 0.78693291177, 0.13015228836, 0],
      [0, 0.013413776573, 0.18712853767, 0.79945768576, 0],
      [0, 0.29567794847, 0.26780716497, 0.43651488656, 0]
    ],
    [
      [0.039379628865, 0.00010395323258, 0.11657720553, 0.82739896113, 0.016540251243],
      [0.00022042423609, 0.17682824092, 0.45721104239, 0.34898720836, 0.016753084094],
      [0.032134505064, 0.0081851997438, 0.58554760785, 0.3608681267, 0.013264560642],
      [0.078484949185, 0, 0.053695582054, 0.77492686971, 0.092892599054],
      [0.079406581643, 0.024664908169, 0.11495393405, 0.37628961814, 0.40468495801]
    ],
    [
      [0.010401209679, 0.0024320045633, 0.10615839501, 0.87007558313, 0.010932807619],
      [8.265324132e-05, 0.43241328632, 0.29102241493, 0.26825843228, 0.0082232132264],
      [0.0078019525081, 0.048838184459, 0.52937817253, 0.40497435001, 0.0090073404997],
      [0.022144899762, 0.00011813932132, 0.056264463698, 0.85648606807, 0.064986429146],
      [0.023867442809, 0.10365301483, 0.11709936316, 0.45191781974, 0.30346235947]
    ],
    [
      [0.032412111267, 0.0015638901581, 0.12561077749, 0.82403619663, 0.016377024459],
      [0.00019719895644, 0.37664499215, 0.35308664601, 0.25777534244, 0.012295820444],
      [0.022527185886, 0.036846374713, 0.58102349164, 0.34587099315, 0.013731954611],
      [0.065751831168, 0, 0.068889157824, 0.77352852859, 0.091830482414],
      [0.06357863918, 0.074254168169, 0.11867429911, 0.36534870899, 0.37814418455]
    ],
    [
      [0.030197829178, 0, 0.1943567671, 0.77544540373, 0],
      [0, 0, 0.70563508085, 0.29436491915, 0],
      [0.011558108606, 0, 0.76886683282, 0.21957505858, 0],
      [0.06609127564, 0, 0.16069106349, 0.77321766087, 0],
      [0.10821227279, 0, 0.31826388687, 0.57352384035, 0]
    ],
    [
      [0.020638051175, 0.002509276035, 0.14632000837, 0.81965797952, 0.010874684901],
      [1.1399060268e-05, 0.37632591453, 0.37511643986, 0.24065543576, 0.0078908107931],
      [0.01253267928, 0.039410010566, 0.62810761762, 0.31394273928, 0.0060069532523],
      [0.043338847456, 0.0015160341646, 0.097533018366, 0.79251509973, 0.06509700028],
      [0.045820304679, 0.090718339591, 0.1534148615, 0.40840123156, 0.30164526267]
    ],
    [
      [0.026223932096, 0.004085103558, 0.13254895924, 0.82433651366, 0.012805491449],
      [5.1585594557e-05, 0.46823221229, 0.30667971315, 0.21678193718, 0.008254551774],
      [0.016720597342, 0.059169182968, 0.58685055106, 0.32832926691, 0.0089304017174],
      [0.054266461773, 0.0048759642936, 0.081228077714, 0.78487047888, 0.074759017344],
      [0.05384600679, 0.11692473896, 0.12931246601, 0.38054679852, 0.31936998973]
    ],
    [
      [0.033036443086, 0.0046507425191, 0.13315322047, 0.82114557816, 0.008014015766],
      [0, 0.49726074411, 0.29276137875, 0.20505204885, 0.0049258282918],
      [0.020439048168, 0.065389179119, 0.58771440497, 0.32215645459, 0.0043009131532],
      [0.069199260003, 0.0062329731719, 0.085401131598, 0.79119058196, 0.047976053263],
      [0.074492309502, 0.14073051557, 0.14178172416, 0.41378787124, 0.22920757953]
    ],
    [
      [0.029372458223, 0.0018961761733, 0.13884012859, 0.81776076732, 0.012130469695],
      [9.2152252419e-05, 0.39351188409, 0.35813333564, 0.23945979305, 0.0088028349672],
      [0.018639458652, 0.040199293938, 0.60984403573, 0.32340077506, 0.0079164366184],
      [0.061003769074, 0.00029452117352, 0.086241170256, 0.78055651953, 0.07190401997],
      [0.06207903735, 0.088848268762, 0.13913836355, 0.38756479108, 0.32236953926]
    ],
    [
      [0, 0.020278599199, 0.12664893417, 0.81759753306, 0.035474933571],
      [0, 0.73635515661, 0.15380655293, 0.094636602728, 0.015201687733],
      [0, 0.18994599225, 0.53119326983, 0.24200000405, 0.03686073387],
      [0, 0.031805670739, 0.06383334672, 0.71326520314, 0.1910957794],
      [0, 0.17791624471, 0.062274372617, 0.18861142285, 0.57119795983]
    ],
    [
      [0, 0.019154086562, 0.12517106018, 0.82141895273, 0.034255900528],
      [0, 0.88479293559, 0.064468988632, 0.046232163516, 0.0045059122635],
      [0, 0.21583673587, 0.50090145531, 0.25855589514, 0.024705913683],
      [0, 0.025069067418, 0.073154952757, 0.71523521848, 0.18654076134],
      [0, 0.25426573098, 0.059524210433, 0.18120298653, 0.50500707206]
    ],
    [
      [0.024683147291, 0.0057584967653, 0.1394738027, 0.8191193028, 0.010965250448],
      [0, 0.50360481557, 0.2938831064, 0.19610409418, 0.006407983848],
      [0.014755009358, 0.070470376783, 0.59858220027, 0.30974851328, 0.0064439003138],
      [0.051353716104, 0.0096217687505, 0.090999297912, 0.78249460486, 0.065530612374],
      [0.051772100187, 0.1390268336, 0.13748556814, 0.38357880992, 0.28813668815]
    ],
    [
      [0.025739005631, 0.0022072415404, 0.13862328445, 0.81007198691, 0.023358481476],
      [0.00012423608436, 0.36572395311, 0.37190858391, 0.24510142616, 0.017141800732],
      [0.016704861164, 0.036753559674, 0.60613116082, 0.32049924235, 0.01991117599],
      [0.051492324744, 0.00033376516174, 0.076224812347, 0.74151481618, 0.13043428157],
      [0.043806557444, 0.065152388598, 0.11274522636, 0.31063595808, 0.46765986952]
    ],
    [
      [0.015719631492, 0.005541006379, 0.14911334856, 0.81999113594, 0.0096348776318],
      [0, 0.50417468179, 0.30111304019, 0.18921725203, 0.0054950259919],
      [0.0088978654538, 0.069496111799, 0.6203892382, 0.2966600037, 0.0045567808486],
      [0.033007249465, 0.0098525651875, 0.1067167373, 0.79247347172, 0.05794997633],
      [0.034171462788, 0.14916339937, 0.15285073437, 0.39706226334, 0.26675214014]
    ],
    [
      [0.036788646098, 0.0071866565795, 0.11282027057, 0.83643004952, 0.0067743772353],
      [0, 0.62947856874, 0.20224730959, 0.16498724095, 0.003286880719],
      [0.023884025754, 0.09844112953, 0.53279072417, 0.34116777662, 0.0037163439224],
      [0.077477105707, 0.012638401393, 0.065663353547, 0.80336461931, 0.040856520041],
      [0.080992876508, 0.19455249602, 0.11652376068, 0.40301309875, 0.20491776804]
    ],
    [
      [0, 0, 0.098945147975, 0.90105485203, 0],
      [0, -0, 0.57302674871, 0.42697325129, 0],
      [0, 0, 0.63002145274, 0.36997854726, 0],
      [0, 0, 0.061026248376, 0.93897375162, 0],
      [0, 0, 0.22728749925, 0.77271250075, -0]
    ],
    [
      [0.030242817113, 0.0081870018662, 0.13039182995, 0.82744929696, 0.0037290541084],
      [0, 0.5927667812, 0.23781172085, 0.16778749032, 0.001634007632],
      [0.017058760529, 0.098163661611, 0.57486106105, 0.30952012836, 0.00039638844912],
      [0.06425207291, 0.017483302744, 0.088518508568, 0.80632747178, 0.023418643996],
      [0.073366869873, 0.2102672657, 0.1478210473, 0.44000616204, 0.12853865509]
    ],
    [
      [0.023556955876, 0.0031119116954, 0.11329184015, 0.84420971169, 0.015829580581],
      [0.00018395785715, 0.45928991712, 0.28853563112, 0.24094477327, 0.011045720636],
      [0.01696655954, 0.054889149143, 0.54084072854, 0.37248180008, 0.014821762702],
      [0.048438940865, 0.0021966650757, 0.060107567894, 0.79943503869, 0.089821787479],
      [0.046571641843, 0.10195865068, 0.10759104575, 0.3774019431, 0.36647671863]
    ],
    [
      [0.037172668651, 0.0011192574677, 0.11249984981, 0.83889117148, 0.010317052596],
      [0.00047393524276, 0.41021137997, 0.3160565449, 0.26531887755, 0.0079392623392],
      [0.028565417207, 0.038176087345, 0.54604310729, 0.37915276426, 0.0080626238965],
      [0.075111648123, 0, 0.061874463812, 0.80303875108, 0.059975136988],
      [0.082742609638, 0.092081169822, 0.12061474674, 0.42260641165, 0.28195506214]
    ],
    [
      [0.030360416421, 0.0039421636635, 0.13366570981, 0.82038181155, 0.01164989856],
      [4.6971773371e-05, 0.46241029038, 0.31197554007, 0.21800843766, 0.0075587601217],
      [0.019231701978, 0.057535254034, 0.58972028248, 0.32593481981, 0.0075779416962],
      [0.06284360832, 0.0045754042245, 0.082602744066, 0.78155861915, 0.068419624241],
      [0.063688757419, 0.1171053645, 0.13317846254, 0.38701470117, 0.29901271437]
    ],
    [
      [0.038296919539, 0.00080286430612, 0.17119334103, 0.77368177689, 0.016025098232],
      [9.4591434959e-05, 0.14808731859, 0.55150865789, 0.28543906166, 0.014870370423],
      [0.021271091416, 0.010917299217, 0.69004525942, 0.26888848606, 0.0088778638832],
      [0.077544378255, 0.00080093198737, 0.1140678305, 0.71482925851, 0.092757600753],
      [0.075667434769, 0.023391789564, 0.1575206924, 0.33979610085, 0.40362398242]
    ],
    [
      [0.04457263455, 0.0032771715053, 0.11206047686, 0.82411744303, 0.015972274055],
      [0.00053196243814, 0.49780595701, 0.26981563383, 0.22092102774, 0.010925418978],
      [0.031472250379, 0.059490303917, 0.54086803532, 0.35348131043, 0.01468809995],
      [0.091001319349, 0.00034369965386, 0.053085190063, 0.76496952708, 0.090600263859],
      [0.084840846547, 0.10571401937, 0.098240141931, 0.35046643732, 0.36073855484]
    ],
    [
      [0.062941731112, 0.0059367254319, 0.13946694224, 0.7837228837, 0.0079317175119],
      [0, 0.56947409078, 0.26150554749, 0.16484638732, 0.0041739744075],
      [0.036843555832, 0.078304627361, 0.59254318613, 0.28840464976, 0.0039039809165],
      [0.12799388394, 0.0088097595839, 0.088962300824, 0.7284040217, 0.045830033945],
      [0.12994537886, 0.16237522872, 0.13588018423, 0.35714351329, 0.21465569489]
    ],
    [
      [0.021246711182, 0.0035209216527, 0.13451616355, 0.82968470698, 0.01103149664],
      [3.0768437593e-05, 0.44359290143, 0.32312356565, 0.22593128599, 0.0073214784921],
      [0.013444361513, 0.051979059014, 0.59818522617, 0.32970721231, 0.0066841409866],
      [0.044597391275, 0.0031816535305, 0.085837684087, 0.80145658237, 0.064926688739],
      [0.046324401063, 0.11125617712, 0.13913190889, 0.40518310937, 0.29810440356]
    ],
    [
      [0.037525689693, 0.0026435122531, 0.099677970921, 0.85796096771, 0.0021918594207],
      [7.2995181825e-05, 0.57128083668, 0.22277703897, 0.20426413706, 0.0016049921006],
      [0.026659402892, 0.069763534203, 0.51640727286, 0.38615671929, 0.0010130707571],
      [0.080628710591, 0.00036784560368, 0.054095861966, 0.84962669208, 0.015280889764],
      [0.10022950525, 0.17068791247, 0.12856671142, 0.50485798788, 0.095657882987]
    ],
    [
      [0.023865484873, 0.0035280275068, 0.10922079398, 0.85983863993, 0.0035470537042],
      [3.2525258143e-05, 0.49820347198, 0.26494271695, 0.23441452558, 0.0024067602287],
      [0.016639727283, 0.063921351454, 0.53634106966, 0.38117822791, 0.0019196236842],
      [0.051402567056, 0.0025413579659, 0.064051504457, 0.85973222025, 0.02227235027],
      [0.063812502322, 0.15343704411, 0.13945488667, 0.51457364738, 0.12872191952]
    ],
    [
      [0.029775381227, 0.003557533543, 0.1547183926, 0.79394367584, 0.018005016793],
      [2.3327558457e-05, 0.4221130194, 0.35754626565, 0.20866682711, 0.011650560292],
      [0.017265771627, 0.048120826574, 0.63649728762, 0.28595049607, 0.01216561811],
      [0.060137319768, 0.0039129697474, 0.099493939938, 0.73340442077, 0.10305134978],
      [0.054163939434, 0.091549991232, 0.13327201462, 0.32300800384, 0.39800605087]
    ],
    [
      [0.027446761823, 0.0038711214898, 0.091446920081, 0.86802481451, 0.0092103820988],
      [0.00022264163171, 0.52758098235, 0.22846368656, 0.23759853273, 0.0061341567355],
      [0.021166851185, 0.07271847971, 0.48081027166, 0.41723577685, 0.0080686206006],
      [0.057446372722, 0.0035950180226, 0.043736665838, 0.8415871187, 0.053634824719],
      [0.062072692857, 0.14042492202, 0.10221621472, 0.44419431185, 0.25109185855]
    ],
    [
      [0.041943984923, 0.0020640850261, 0.12015932707, 0.82528070905, 0.010551893929],
      [0.00026026010025, 0.40275249285, 0.33216029101, 0.25678373356, 0.0080432224722],
      [0.029624435932, 0.040681444476, 0.56341691674, 0.35845788444, 0.0078193184058],
      [0.086356464134, 0, 0.066851615696, 0.78569224281, 0.061099677361],
      [0.092024080077, 0.090020744634, 0.12583121639, 0.40881703097, 0.28330692793]
    ],
    [
      [0.029472184743, 0.0030246727805, 0.098447822072, 0.85681199847, 0.012243321937],
      [0.00021120826358, 0.50523648643, 0.25061249171, 0.23581455707, 0.0081252565299],
      [0.021767089454, 0.065022597652, 0.50933561886, 0.39342317804, 0.010451515988],
      [0.060938824348, 0.0018409211217, 0.0476756872, 0.81984723094, 0.069697336387],
      [0.061877230581, 0.1219141507, 0.10241277433, 0.40722378353, 0.30657206085]
    ],
    [
      [0.02907854732, 0.0017323684357, 0.12406936927, 0.82076061393, 0.02435910104],
      [0.00017333402713, 0.34438995876, 0.36766257831, 0.26911548998, 0.018658638928],
      [0.020474837316, 0.033095318269, 0.57392019028, 0.3471277712, 0.025381882933],
      [0.057968744154, 0.00010421505166, 0.060403941232, 0.7491653307, 0.13235776886],
      [0.049990333514, 0.056942433214, 0.10197952152, 0.31924676239, 0.47184094936]
    ],
    [
      [0.022064907991, 0.0021503113505, 0.10317725978, 0.860244819, 0.012362701881],
      [0.00021608143714, 0.41060220812, 0.29904584737, 0.28026252935, 0.0098733337234],
      [0.018884847984, 0.041030981844, 0.51965440202, 0.40891639619, 0.011513371957],
      [0.044819965271, 0, 0.048137964247, 0.83457681948, 0.072465251007],
      [0.048667546669, 0.087903486169, 0.10742029291, 0.42934177831, 0.32666689594]
    ],
    [
      [0.037021622791, 0.014426020133, 0.082139359209, 0.84338377299, 0.023029224881],
      [0, 0.86393259876, 0.064864915714, 0.066250089548, 0.004952395979],
      [0.024266576895, 0.17280529621, 0.4517724046, 0.33347381037, 0.017681911926],
      [0.073109417492, 0.034219914682, 0.033249282479, 0.72866546045, 0.13075592489],
      [0.048953431324, 0.21238041085, 0.049797044802, 0.23124086836, 0.45762824466]
    ],
    [
      [0.24645525491, 0, 0.30786433696, 0.44568040813, 0],
      [0.00051916637241, -0, 0.88278387107, 0.11669696256, 0],
      [0.047637233889, 0, 0.90734950362, 0.045013262494, 0],
      [0.51535857565, 0, 0.15538814495, 0.3292532794, 0],
      [0.58336792824, 0, 0.25759889824, 0.15903317353, -0]
    ],
    [
      [0.10213800421, 0, 0, 0.89786199579, 0],
      [0, 1, 0, 0, 0],
      [0.15364141199, 0.33333333333, 0, 0.51302525467, 0],
      [0.2184688799, 0, 0, 0.7815311201, 0],
      [0.16533710425, 0.62964443787, 0, 0.20501845788, -0]
    ],
    [
      [0, 0, 0.18358172867, 0.79397359802, 0.022444673315],
      [0, 0, 0.70828575076, 0.2707001148, 0.021014134433],
      [0, 0, 0.80105688554, 0.18776406245, 0.01117905201],
      [0, 0, 0.11613867274, 0.74386010996, 0.1400012173],
      [0, 0, 0.15456243769, 0.27323384694, 0.57220371537]
    ],
    [
      [0.0086071049542, 0.001682726633, 0.13385389851, 0.84636912561, 0.0094871442922],
      [2.03332511e-05, 0.38286060912, 0.35784355715, 0.25219550517, 0.0070799953108],
      [0.007713658185, 0.032734658138, 0.61348648171, 0.33965985927, 0.0064053427016],
      [0.017456456209, 0, 0.085604885592, 0.83845739751, 0.058481260691],
      [0.020496861569, 0.085059222409, 0.15004386638, 0.44507302109, 0.29932702855]
    ],
    [
      [0.025118246902, 0.00093062536117, 0.088224955549, 0.87432669027, 0.011399481922],
      [0.00052836008038, 0.3987671175, 0.27984335957, 0.31089423159, 0.0099669312603],
      [0.030505035232, 0.028414142113, 0.48144773249, 0.44816011605, 0.011472974111],
      [0.045978699231, 0, 0.03102474267, 0.85638989618, 0.066606661916],
      [0.057444637259, 0.08162288193, 0.096244705186, 0.45484601087, 0.30984176475]
    ],
    [
      [0.018615939318, 0.0010663233387, 0.094702340212, 0.87692816673, 0.0086872304025],
      [0.00016765361973, 0.38149334376, 0.30280226555, 0.30799693883, 0.0075397982364],
      [0.028702488309, 0.021353310995, 0.51647662841, 0.4265170813, 0.0069504909848],
      [0.033857082941, 0, 0.039405609092, 0.87503263562, 0.05170467235],
      [0.04614363859, 0.078748034708, 0.11189338423, 0.48668982612, 0.27652511635]
    ],
    [
      [0, 0, 0.21641733924, 0.78358266076, 0],
      [0, -0, 0.74502077033, 0.25497922967, 0],
      [0, 0, 0.83533997668, 0.16466002332, 0],
      [0, 0, 0.21342572428, 0.78657427572, 0],
      [0, 0, 0.38588376349, 0.61411623651, 0]
    ],
    [
      [0.029129865506, 0.0035309442899, 0.11901939854, 0.83542057666, 0.012899215007],
      [0.00015142941038, 0.47551413084, 0.28837378374, 0.22737025084, 0.0085904051709],
      [0.019913237747, 0.05883057797, 0.55685042878, 0.35427673315, 0.010129022352],
      [0.06027065084, 0.002985107113, 0.066270629476, 0.79588572371, 0.074587888856],
      [0.060004431249, 0.11412685189, 0.11743455963, 0.38761086671, 0.32082329052]
    ],
    [
      [0.041183309973, 0.0067194207471, 0.12134941178, 0.81538514947, 0.015362708025],
      [5.9090847736e-05, 0.58245973943, 0.23319361811, 0.17587137784, 0.0084161737686],
      [0.026424012278, 0.092068994954, 0.54530433808, 0.32379164401, 0.012411010678],
      [0.082853273621, 0.014547565084, 0.065541774069, 0.74889935218, 0.088158035042],
      [0.074807921853, 0.15165046784, 0.103736657, 0.32993495166, 0.33987000165]
    ],
    [
      [0, 0.0007851591725, 0.11446624797, 0.86455964741, 0.020188945444],
      [0, 0.43000460697, 0.30924347707, 0.24545945608, 0.015292459881],
      [2.1633954423e-18, 0, 0.62793233308, 0.35500616236, 0.01706150456],
      [0, 0, 0.039499494793, 0.83667395253, 0.12382655268],
      [5.522482107e-33, 0.046401875631, 0.10694100761, 0.34036110439, 0.50629601237]
    ],
    [
      [0.029497693455, 0.0069829006349, 0.10905068644, 0.84822609268, 0.0062426267867],
      [4.3154024235e-05, 0.61078407811, 0.20624262229, 0.17963881827, 0.0032913272995],
      [0.019889972405, 0.10004808813, 0.51643455786, 0.35928392277, 0.0043434588402],
      [0.06237320196, 0.010510244536, 0.063449643623, 0.82614519731, 0.037521712566],
      [0.067198120274, 0.20318060498, 0.1186596935, 0.43222175125, 0.17873983]
    ],
    [
      [0.015450447362, 0.001168810444, 0.093751490131, 0.88337457794, 0.0062546741193],
      [9.5224497227e-05, 0.37833174362, 0.30334682571, 0.31261624403, 0.0056099621395],
      [0.016424187843, 0.032493527213, 0.50680633805, 0.4400822203, 0.0041937265907],
      [0.030211367658, 0, 0.042524065105, 0.88915146113, 0.03811310611],
      [0.041241888115, 0.088282976618, 0.1208611759, 0.53214633552, 0.21746762385]
    ],
    [
      [0.029389824425, 0.00048116525553, 0.10476978878, 0.85305677469, 0.012302446843],
      [0.00050760944545, 0.34880080447, 0.335659506, 0.30427612265, 0.010755957441],
      [0.030894909126, 0.020203029319, 0.53534518785, 0.40294331945, 0.01061355425],
      [0.055247672768, 0, 0.047159110972, 0.82606034849, 0.071532867767],
      [0.065301591043, 0.064686323664, 0.10739041061, 0.42914121273, 0.33348046195]
    ],
    [
      [0.038693769549, 0.0040559358079, 0.12351921944, 0.81618634031, 0.017544734896],
      [0.00023212499933, 0.4861604658, 0.28760223412, 0.21453367205, 0.011471503029],
      [0.026111604033, 0.06161348322, 0.55976001688, 0.33675632317, 0.0157585727],
      [0.078020023596, 0.00394963317, 0.065117922529, 0.75375380229, 0.099158618417],
      [0.070729426422, 0.10735684255, 0.10728307731, 0.3357954912, 0.37883516251]
    ],
    [
      [0.019581029223, 0.00080826468328, 0.085876685562, 0.87635987008, 0.017374150447],
      [0.00024965626223, 0.43996040557, 0.26348647148, 0.28318682885, 0.013116637836],
      [0.021100536351, 0.043064974805, 0.48449779685, 0.4337764904, 0.0175602016],
      [0.036666015712, 0, 0.030830570497, 0.8371817143, 0.09532169949],
      [0.039241284278, 0.085659226318, 0.08497959737, 0.40153576695, 0.38858412508]
    ],
    [
      [0.043266839127, 0.0011535647848, 0.11757859636, 0.82829338665, 0.0097076130771],
      [0.0002178662962, 0.36014791326, 0.35495209868, 0.27656723199, 0.0081148897765],
      [0.034622958832, 0.029752988967, 0.56921140857, 0.35937914317, 0.0070335004573],
      [0.087443294942, 0, 0.061642951364, 0.7941760775, 0.056737676196],
      [0.09776900036, 0.074866948102, 0.12793681055, 0.42183317991, 0.27759406108]
    ],
    [
      [0.11884615503, 0, 0.048225004436, 0.77696226211, 0.055966578427],
      [0.00060703371756, 0, 0.39838415959, 0.5165471289, 0.084461677795],
      [0.20968022455, 0, 0.31291540853, 0.40531082399, 0.072093542933],
      [0.16386905592, 0, 0, 0.55293968161, 0.28319126247],
      [0.10502977993, 1.6801754961e-17, 0.013028769973, 0.13652749462, 0.74541395548]
    ],
    [
      [0, 0.0017943576588, 0.084565467581, 0.91364017476, 0],
      [0, 0.80657793784, 0.093532249588, 0.099889812568, 0],
      [0, 0.063875901499, 0.5443730439, 0.3917510546, 0],
      [0, 0, 0.037756630224, 0.96224336978, 0],
      [0, 0.26411639888, 0.13194153202, 0.6039420691, 0]
    ],
    [
      [0, 0.0063095515338, 0.092307246809, 0.90138320166, 0],
      [0, 0.77406954057, 0.11690938442, 0.10902107501, 0],
      [0, 0.11196407379, 0.53797447508, 0.35006145113, 0],
      [0, 0.007790968308, 0.059712872861, 0.93249615883, 0],
      [0, 0.31940644518, 0.12789189345, 0.55270166136, 0]
    ],
    [
      [0.028230036002, 0.0028935845588, 0.10637149711, 0.84807772204, 0.014427160293],
      [0.00016341631756, 0.45732836536, 0.28341894313, 0.24896201258, 0.010127262615],
      [0.021004475496, 0.054183725497, 0.52392989967, 0.38703125069, 0.013850648646],
      [0.058024629225, 0.0020197715115, 0.054224212146, 0.80437282537, 0.081358561747],
      [0.05770646284, 0.10150324284, 0.1044811463, 0.39311368857, 0.34319545945]
    ],
    [
      [0.014713930089, 0.0031342182901, 0.10739539208, 0.86944253504, 0.0053139245028],
      [4.6648912143e-05, 0.47084473141, 0.27438702464, 0.2510172059, 0.0037043891317],
      [0.010554332747, 0.057602200158, 0.53171143705, 0.39747365452, 0.0026583755235],
      [0.031781533222, 0.0018682298792, 0.062473800783, 0.87097780553, 0.03289863059],
      [0.038440329414, 0.13600048372, 0.13394183568, 0.51110591355, 0.18051143764]
    ],
    [
      [0.023115514771, 0.001835358777, 0.10123365345, 0.86228852652, 0.011526946482],
      [0.00022025243508, 0.42820499215, 0.28958032328, 0.27311207958, 0.0088823525587],
      [0.018481661987, 0.045479576062, 0.51625161207, 0.40970303844, 0.010084111443],
      [0.04754127334, 0, 0.050437482489, 0.83505803913, 0.066963205045],
      [0.05150112879, 0.095933386279, 0.10792413114, 0.43677274774, 0.30786860604]
    ],
    [
      [0.0223838047, 0.010008495704, 0.16351086566, 0.79031716492, 0.013779669012],
      [0, 0.58635723257, 0.27057059014, 0.13791993178, 0.0051522455128],
      [0.0097442086684, 0.11858340643, 0.63035518936, 0.23714569874, 0.0041714967964],
      [0.046008328855, 0.022411578332, 0.10590049971, 0.74420225419, 0.081477338911],
      [0.040881660464, 0.18345832662, 0.14161576866, 0.32039966483, 0.31364457943]
    ],
    [
      [0.034862956592, 0.0071838906569, 0.16401840461, 0.77754986015, 0.016384887991],
      [0, 0.52166767497, 0.30625982727, 0.16355818147, 0.0085143162898],
      [0.017807381773, 0.080048281337, 0.64031714304, 0.25245619571, 0.0093709981331],
      [0.069927117298, 0.013936220094, 0.10920204684, 0.71297044431, 0.093964171467],
      [0.061863414436, 0.13975623585, 0.13831120642, 0.30699521103, 0.35307393226]
    ],
    [
      [0.048557914437, 0.010224551053, 0.15279609441, 0.76829608018, 0.020125359929],
      [0, 0.60537989813, 0.24619519315, 0.13916652159, 0.0092583871266],
      [0.025548783817, 0.11151758124, 0.59711311259, 0.24978877916, 0.016031743196],
      [0.094551142864, 0.021262297656, 0.092374952029, 0.68075683256, 0.11105477489],
      [0.076537299179, 0.16957951539, 0.11479602648, 0.26843615019, 0.37065100877]
    ],
    [
      [0, 0, 0.080736113844, 0.9061020906, 0.013161795557],
      [0, 0.51997449395, 0.24205362231, 0.22811265566, 0.0098592280755],
      [2.4651903288e-32, 0.034329607476, 0.54155877283, 0.41433387614, 0.0097777435611],
      [0, 0, 0.04600683441, 0.85987639673, 0.094116768856],
      [1.5407439555e-33, 0.079906084571, 0.084194704264, 0.37851856137, 0.45738064979]
    ]
  ],
  "expected_outcome": [
    [
      [7.1431892879, 0.98439024228, 1.3639962372, 0.61231519072, 10.5708348675, 0.052455770594, 0, 0.15798334508, 0.5856374121, 8.1497242551, 1.1641759092, 5.7641906803, 0.23507714512, 0.35921360543, 0.03298946615, 0, 0, 0.74821294843, 1.0817258066, 1.4261328958, 0.030197829178, 2.8686891133, 2.2552581602, 0.9250204064, 1.1161534125, 0, 0, 1.3082068064, 1.1067772421, 0.55018710224, 0.18394323049, 0, 0.24194253691, 1.4134173526, 1.4497340774, 5.4952353722, 0.57445379309, 0.31200844185, 0.44059211779, 0.31870066774, 0.41278258662, 0.78756100081, 0.77415991191, 1.7840395185, 1.8455353366, 1.2967761287, 1.3376131767, 0.57368760776, 0.074043245582, 0.24645525491, 0.10213800421, 0, 0.068856839634, 0.70331091325, 0.13031157523, 0, 1.1651946202, 0.32946647978, 0, 0.82593541674, 0.33990984196, 0.29389824425, 1.1221193169, 0.72449808124, 1.1682046564, 0.11884615503, 0, 0, 1.9761025201, 0.72098257437, 1.5025084601, 0.91773599269, 8.0882059294, 7.4779188233, 0],
      [0.64557645777, 0.038294157047, 0.072655861328, 0.090788607971, 1.3687975888, 0.0050233903078, 0, 0.0018522354277, 0.088637742705, 1.033389372, 0.23507392836, 0.56127625793, 0.05377742431, 0.02495987195, 0.0067982274888, 0.00083182572996, 0.0074545419516, 0.001975111419, 0.25292847458, 0.068811166957, 0, 0.34878936886, 0.35131890599, 0.13022079054, 0.072054694586, 0.040557198398, 0.095770432809, 0.30520032856, 0.094911386237, 0.19393522326, 0.035933282898, 0, 0.06549601493, 0.18671470172, 0.043651041241, 0.7135316231, 0.012042964592, 0.022940200537, 0.041557078024, 0.052813824791, 0.029078634784, 0.11642490772, 0.092495872119, 0.25162289683, 0.090819741147, 0.13308560234, 0.079688948043, 0.055908095112, 0.028852040265, 0, 0, 0, 0.013461813064, 0.026057510113, 0.0074642633707, 0, 0.1412377716, 0.053755365977, 0.0007851591725, 0.19552121778, 0.025713829767, 0.0048116525553, 0.11762213843, 0.029905793281, 0.031146249191, 0, 0.0017943576588, 0.012619103068, 0.20255091911, 0.15357669622, 0.1192983205, 0.41034832388, 1.6666626324, 1.5745808621, 0],
      [25.343417495, 4.5178997058, 3.743087541, 5.2220548076, 47.0693768109, 0.12035806975, 0, 0.28843105271, 5.7152335221, 45.0540877687, 5.9329722645, 29.7363998626, 0.21568885083, 0.80792306552, 0.24183631738, 0.72655381893, 0.22096674452, 2.2149669051, 11.040473081, 5.5268742095, 0.1943567671, 20.3384811629, 11.3992104948, 3.7282901731, 5.2759248864, 0.25329786835, 0.62585530088, 7.3921115431, 5.9608012312, 5.2189671995, 0.56410135285, 0.29683544392, 1.0431346396, 6.7975104093, 4.3874941425, 24.1934934751, 2.5679001155, 0.78442333805, 0.97626859568, 2.0177424532, 1.0964576801, 3.6042862014, 4.0226782076, 5.9440498053, 5.287010391, 4.3317041712, 5.7071909865, 2.6826087542, 0.16427871842, 0.30786433696, 0, 0, 1.0708311881, 2.4702987554, 0.66291638149, 0, 4.7607759416, 0.97079529427, 0.11446624797, 3.0534192203, 2.0625327829, 1.0476978878, 3.5820573637, 3.1774373658, 3.1746221016, 0.048225004436, 0.084565467581, 0.18461449362, 7.4460047975, 5.2623742118, 6.5801874742, 6.7039454922, 38.0522698685, 23.5305985385, 0.48441668307],
      [134.6254684517, 22.0157777462, 17.5130527196, 30.9267471769, 269.9494909558, 0.79574859239, 0, 2.4943270136, 38.0151250852, 259.119856884, 40.0710653843, 179.3564838453, 2.4954565797, 6.7815283019, 0.69243141914, 3.1939918757, 0.77157871353, 15.7205802615, 90.4878606454, 36.2575926516, 0.77544540373, 113.9324591537, 70.8929401744, 22.9920761885, 31.0749091582, 1.6351950661, 4.1070947637, 43.4133230482, 34.8330954369, 28.6996897579, 4.1821502476, 2.7031645561, 6.6195943757, 50.6525827016, 32.7167556876, 148.4891078903, 11.6052266534, 5.7688221012, 5.4860601859, 12.4452706047, 9.4375706448, 28.3746751178, 20.6425355717, 56.421612943, 36.3123511984, 37.6997279326, 37.7549882408, 22.366365294, 1.686767546, 0.44568040813, 0.89786199579, 0, 6.7709530049, 24.4811473275, 6.1384971671, 0, 33.4168230663, 6.5230811958, 0.86455964741, 23.7503305951, 19.4342407148, 8.5305677469, 23.669403869, 32.4253151931, 22.3639214397, 0.77696226211, 0.91364017476, 1.8027664033, 59.3654405428, 42.602684217, 56.0487542238, 32.4030037617, 180.3915675558, 118.317596347, 5.4366125436],
      [2.2423483077, 0.44363814864, 0.30720764093, 0.14809421675, 5.0414997769, 0.026414176957, 0, 0.057406353186, 0.59536623786, 3.6429417202, 0.59671251361, 2.581649354, 0, 0.026375155173, 0.025944569845, 0.078622479603, 0, 0.31426477361, 1.1370119924, 0.72058907617, 0, 1.5115812013, 1.1012722646, 0.22439244145, 0.4609578484, 0.070949867142, 0.17127950264, 0.58115827373, 1.0044147035, 0.33722071711, 0.033871886176, 0, 0.029832432868, 0.94977483483, 0.40236505123, 2.1086316393, 0.24037647347, 0.11180591839, 0.055522022583, 0.1654724496, 0.024110453628, 0.11705277224, 0.46813043661, 0.59867483642, 0.46428333287, 0.53870616521, 1.1205186479, 0.3214302489, 0.046058449761, 0, 0, 0, 0.075897154337, 0.31918549381, 0.060810612818, 0, 0.51596860028, 0.1229016642, 0.020188945444, 0.17479355003, 0.13760283062, 0.12302446843, 0.50879731198, 0.64284356655, 0.26210555308, 0.055966578427, 0, 0, 1.0099012205, 0.26038230064, 0.74925152136, 0.56496642949, 3.801294014, 3.099305429, 0.078970773342]
    ],
    [
