{
  "X": [
    [9, 21, 30, 59, 5],
    [50, 133, 158, 315, 27],
    [35, 54, 75, 141, 14],
    [44, 68, 54, 163, 17],
    [53, 522, 373, 1259, 102],
    [16, 25, 49, 78, 5],
    [2, 15, 65, 40, 7],
    [12, 163, 98, 213, 22],
    [2, 6, 11, 8, 2],
    [5, 27, 24, 70, 11],
    [81, 206, 392, 606, 78],
    [15, 49, 87, 179, 14],
    [89, 273, 480, 762, 67],
    [57, 331, 437, 765, 81],
    [35, 200, 253, 576, 47],
    [2, 4, 4, 8, 2],
    [52, 267, 205, 432, 49],
    [26, 156, 125, 286, 21],
    [102, 502, 398, 949, 88],
    [24, 161, 105, 293, 34],
    [50, 123, 183, 224, 26],
    [6, 27, 43, 52, 12],
    [9, 66, 85, 106, 11],
    [53, 315, 396, 633, 79],
    [42, 149, 350, 590, 50],
    [55, 211, 381, 588, 61],
    [18, 107, 196, 432, 34],
    [30, 59, 134, 201, 11],
    [243, 522, 748, 935, 135],
    [56, 161, 228, 328, 37],
    [8, 48, 22, 85, 7],
    [21, 146, 212, 533, 43],
    [5, 12, 18, 28, 3],
    [4, 10, 32, 31, 1],
    [6, 18, 26, 27, 4],
    [12, 46, 51, 144, 10],
    [16, 97, 50, 252, 17],
    [13, 31, 39, 89, 3],
    [22, 58, 185, 208, 30],
    [31, 134, 185, 351, 37],
    [28, 210, 144, 499, 36],
    [45, 180, 236, 439, 51],
    [4, 73, 77, 99, 18],
    [104, 586, 650, 1297, 127],
    [2, 12, 34, 26, 6],
    [216, 529, 779, 1056, 161],
    [67, 216, 235, 389, 45]
  ],
  "W": [
    [10, 45, 52, 9, 8],
    [52, 252, 302, 35, 42],
    [48, 99, 134, 22, 16],
    [50, 100, 168, 9, 19],
    [57, 730, 1276, 134, 112],
    [21, 73, 68, 4, 7],
    [4, 80, 31, 3, 11],
    [18, 150, 290, 28, 22],
    [4, 10, 11, 1, 3],
    [7, 41, 70, 4, 15],
    [61, 621, 493, 91, 97],
    [20, 153, 124, 22, 25],
    [87, 769, 603, 102, 110],
    [85, 717, 667, 99, 103],
    [49, 443, 493, 76, 50],
    [2, 8, 7, 0, 3],
    [66, 304, 554, 21, 60],
    [42, 180, 341, 27, 24],
    [124, 619, 1111, 73, 112],
    [31, 187, 349, 20, 30],
    [51, 227, 250, 38, 40],
    [3, 67, 54, 7, 9],
    [21, 104, 124, 13, 15],
    [56, 582, 650, 82, 106],
    [40, 617, 354, 78, 92],
    [52, 620, 461, 84, 79],
    [22, 379, 270, 53, 63],
    [35, 216, 140, 24, 20],
    [302, 1006, 1066, 94, 115],
    [54, 342, 331, 41, 42],
    [11, 47, 102, 2, 8],
    [32, 430, 347, 86, 60],
    [7, 20, 32, 3, 4],
    [8, 38, 21, 5, 6],
    [4, 37, 30, 6, 4],
    [9, 107, 98, 30, 19],
    [23, 117, 244, 25, 23],
    [12, 75, 67, 11, 10],
    [21, 278, 153, 23, 28],
    [26, 299, 281, 65, 67],
    [37, 264, 508, 59, 49],
    [55, 368, 387, 74, 67],
    [4, 107, 112, 16, 32],
    [166, 1000, 1217, 184, 197],
    [7, 36, 28, 5, 4],
    [186, 1189, 1074, 128, 164],
    [71, 398, 401, 35, 47]
  ],
  "method": "mvn_pdf",
  "cond_prob": [
    [
      [0.71537450633, 0.078093739184, 0.1585670377, 0.037075126407, 0.010889590385],
      [0.0003368913227, 0.002391580903, 0.56272418207, 0.38819832255, 0.04634902316],
      [0.00037605604571, 0.3521669226, 0.034368114339, 0.57197124888, 0.041117658132],
      [0.075050659897, 0.06400977527, 0.013351392087, 0.8249250036, 0.022663169143],
      [0.14201049672, 0.15283418934, 0.14805461944, 0.49918678089, 0.057913913603]
    ],
    [
      [0.748297191, 0.080879411248, 0.12849260115, 0.032924144524, 0.0094066520733],
      [0.00011199878725, 0.0035553374341, 0.54055088998, 0.40808280637, 0.047698967436],
      [8.2800482127e-05, 0.3914005142, 0.030597356605, 0.54037650649, 0.037542822218],
      [0.099711082257, 0.073701809731, 0.012155435221, 0.79189526843, 0.022536404363],
      [0.17965306545, 0.16942397505, 0.12937425092, 0.46526280774, 0.056285900848]
    ],
    [
      [0.65392924102, 0.087465732985, 0.20045405404, 0.043080838807, 0.01507013315],
      [0.00032717974042, 0.0015253907213, 0.57989827003, 0.36677921905, 0.051469940459],
      [0.00041385137577, 0.3423668976, 0.037599684421, 0.5714514583, 0.048168108301],
      [0.068614656675, 0.063367246994, 0.01487151546, 0.82548918381, 0.027657397059],
      [0.1258766941, 0.14871171396, 0.16267160129, 0.49285747466, 0.069882515986]
    ],
    [
      [0.78231550463, 0.075336229051, 0.094658572326, 0.035313933635, 0.012375760359],
      [0.0014802072526, 0.0035611382071, 0.44300496417, 0.48483169059, 0.067121999773],
      [0.0022789066832, 0.35907950905, 0.018396368324, 0.57203467436, 0.048210541592],
      [0.096619178159, 0.064681966312, 0.0082999353441, 0.80375941457, 0.026639505617],
      [0.18335658511, 0.15629365843, 0.09480450894, 0.49555127558, 0.069993971938]
    ],
    [
      [0.62587559971, 0.13667954901, 0.16022788994, 0.060428818462, 0.016788142876],
      [0, 0.0043777216908, 0.44436965169, 0.49472911777, 0.056523508855],
      [0, 0.37644853861, 0.020904891637, 0.5639371833, 0.038709386457],
      [0.047238581973, 0.074876076362, 0.0087562157492, 0.84563506104, 0.023494064877],
      [0.098170721717, 0.18421249442, 0.10383205269, 0.54914604743, 0.06463868374]
    ],
    [
      [0.70125714791, 0.074973619869, 0.17420487372, 0.041218871679, 0.0083454868247],
      [0, 0.0014115473048, 0.57006295602, 0.39561921873, 0.032906277945],
      [0, 0.32522849168, 0.038006289644, 0.60689397801, 0.029871240671],
      [0.072984370924, 0.057372330443, 0.013829853741, 0.83845666988, 0.017356775013],
      [0.14023748717, 0.13964061051, 0.15533639312, 0.51879764905, 0.045987860146]
    ],
    [
      [0.35512684362, 0.12528770132, 0.44883744165, 0.047864348299, 0.022883665104],
      [0, 0.0067846300641, 0.72507659628, 0.2176473758, 0.050491397853],
      [0, 0.38400950564, 0.065556425474, 0.49186022404, 0.058573844846],
      [0.029220988746, 0.079514486654, 0.029513089486, 0.82363349877, 0.038117936344],
      [0.044711787207, 0.16484005952, 0.27979400659, 0.42528955468, 0.085364592005]
    ],
    [
      [0.50747614422, 0.21103360482, 0.21312878213, 0.050450993491, 0.017910475334],
      [6.1398128766e-05, 0.0029611761336, 0.55442059109, 0.38596141221, 0.056595422436],
      [1.4429821195e-05, 0.51428796666, 0.026455530364, 0.42156634839, 0.037675724758],
      [0.043178446247, 0.12525990513, 0.013208790535, 0.7903025306, 0.028050327488],
      [0.074683570074, 0.27756504622, 0.13448378716, 0.4461344725, 0.067133124055]
    ],
    [
      [0.39943107924, 0.11153948913, 0.43414482218, 0.026814051099, 0.028070558356],
      [0.0088620037855, 0.011670553368, 0.77292228335, 0.14611705574, 0.060428103749],
      [0.0097749078742, 0.43892269316, 0.05067724583, 0.4160314917, 0.084593661437],
      [0.037499359382, 0.092027113726, 0.03369464642, 0.78900198583, 0.047776894642],
      [0.0562107664, 0.17231992377, 0.31435117573, 0.35540828122, 0.10170985288]
    ],
    [
      [0.55913595807, 0.13233724483, 0.20498313193, 0.067063956483, 0.036479708681],
      [0, 0.0033521314265, 0.46024247398, 0.44085223037, 0.095553164221],
      [0, 0.33241953035, 0.027362640536, 0.57227462938, 0.067943199734],
      [0.034647170644, 0.063103560291, 0.010166978167, 0.84564790544, 0.04643438546],
      [0.063163974061, 0.16096136879, 0.11594159286, 0.5342530121, 0.1256800522]
    ],
    [
      [0.79257122265, 0.057590109715, 0.11405820344, 0.025155710403, 0.010624753799],
      [0, 0.0005225593855, 0.56789338941, 0.36791020486, 0.063673846346],
      [0, 0.36631508563, 0.03634675297, 0.54145172246, 0.055886438944],
      [0.13445064982, 0.066057391469, 0.013675875385, 0.75367621622, 0.032139867106],
      [0.21049635346, 0.1603910731, 0.136259803, 0.41724772786, 0.075605042587]
    ],
    [
      [0.59791600871, 0.11849753342, 0.20411887549, 0.063684702546, 0.01578287983],
      [0, 0.0021123052164, 0.49592551069, 0.4551082484, 0.046853935688],
      [0, 0.33040837328, 0.028801040576, 0.60392307087, 0.036867515277],
      [0.0433914275, 0.060478103152, 0.010962075421, 0.86397249573, 0.021195898192],
      [0.083482736829, 0.16022840311, 0.12914098654, 0.56803552998, 0.059112343542]
    ],
    [
      [0.71322208594, 0.088889739003, 0.15156097359, 0.036030066834, 0.010297134628],
      [8.9141080293e-05, 0.0034510993439, 0.55911124958, 0.39178898496, 0.045559525039],
      [0.00011233432915, 0.39148979837, 0.033149294733, 0.5380321386, 0.037216433967],
      [0.089561058209, 0.074900407395, 0.013308413459, 0.79932546317, 0.022904657762],
      [0.16071057722, 0.17185915766, 0.14101055885, 0.46922798119, 0.05719172508]
    ],
    [
      [0.53439019996, 0.16454849798, 0.22385756079, 0.057509871472, 0.019693869798],
      [0, 0.0030097683006, 0.53469321998, 0.40527727655, 0.057019735166],
      [0, 0.42460909817, 0.02861043386, 0.50450360976, 0.042276858211],
      [0.043458414592, 0.089741846726, 0.012700388889, 0.8258261452, 0.028273204597],
      [0.070625727751, 0.22093847083, 0.138413308, 0.4977393937, 0.072283099718]
    ],
    [
      [0.57288842648, 0.13594692305, 0.21009743838, 0.063660260392, 0.017406951686],
      [0, 0.0028285476181, 0.50024497973, 0.4466978947, 0.050228577957],
      [0, 0.36021382244, 0.027971909572, 0.57337938644, 0.038434881544],
      [0.035538934802, 0.076473276299, 0.011164047147, 0.85352585304, 0.023297888713],
      [0.084550161147, 0.17376341425, 0.12916160996, 0.54898955085, 0.063535263786]
    ],
    [
      [0.8312182543, 0.070363388484, 0.062549073498, 0.01936919436, 0.016500089361],
      [0, 0.0087316506359, 0.43739376968, 0.42671656676, 0.12715801292],
      [0, 0.45095534747, 0.016195610717, 0.45427246876, 0.078576573049],
      [0.05840556284, 0.085522898988, 0.0080270861435, 0.80022444326, 0.047820008771],
      [0.1125211638, 0.21091086188, 0.087460806841, 0.45587393196, 0.13323323551]
    ],
    [
      [0.64864095326, 0.12383391261, 0.17194910525, 0.040315288503, 0.01526074038],
      [0.00017806929899, 0.0038790624011, 0.55374859691, 0.38286643968, 0.059327831715],
      [0.00018996854461, 0.43910028228, 0.03019351498, 0.4854609104, 0.045055323792],
      [0.071379819458, 0.092326120687, 0.01330999019, 0.79316372755, 0.029820342112],
      [0.1255224206, 0.20745536466, 0.13841780835, 0.45576684426, 0.072837562137]
    ],
    [
      [0.54300934053, 0.15238025393, 0.23375446831, 0.056292421196, 0.01456351604],
      [0, 0.0038965639247, 0.55841302914, 0.39592568371, 0.041764723232],
      [0, 0.41554041775, 0.031375222918, 0.52100194427, 0.03208241506],
      [0.044552169087, 0.085627610624, 0.013622600428, 0.8345499303, 0.021647689561],
      [0.08294579719, 0.20364249538, 0.15005024415, 0.50727433865, 0.056087124629]
    ],
    [
      [0.66250894871, 0.11593629619, 0.16491103634, 0.043044407865, 0.013599310889],
      [0.00016952824908, 0.003911117935, 0.53269645099, 0.4101941981, 0.053028704731],
      [0.00016855695428, 0.41187629832, 0.028945234358, 0.51904907762, 0.039960832757],
      [0.070592492664, 0.082659467308, 0.012221180823, 0.80902431265, 0.025502546554],
      [0.12860208601, 0.19262686365, 0.13180023892, 0.48241057812, 0.064560233301]
    ],
    [
      [0.63233190738, 0.14186838305, 0.15625320114, 0.049964619163, 0.019581889266],
      [0.00020937128332, 0.0044966918396, 0.47533096789, 0.44805701988, 0.071905949101],
      [0.0002502743339, 0.42338456387, 0.022254186594, 0.50585077528, 0.04826019992],
      [0.056292348792, 0.087625950013, 0.0099741955266, 0.81428121202, 0.031826293651],
      [0.1048455241, 0.20824889867, 0.1101021579, 0.4945629758, 0.082240443532]
    ],
    [
      [0.72554452438, 0.077328202446, 0.165346622, 0.022495319478, 0.0092853316914],
      [0, 0.003311992295, 0.67648892607, 0.27460526445, 0.045593817186],
      [0, 0.43264158702, 0.050252455615, 0.47072345307, 0.04638250429],
      [0.12945974524, 0.086324271519, 0.020878202029, 0.73449539745, 0.028842383759],
      [0.20194397343, 0.17159300877, 0.19119626198, 0.37314138264, 0.062125373181]
    ],
    [
      [0.86007396483, 0.045030729106, 0.07141969514, 0.013157610688, 0.010318000237],
      [0, 0.0059122207465, 0.58798736556, 0.3114741283, 0.094626285397],
      [0, 0.44632902275, 0.039825072404, 0.43534767257, 0.078498232284],
      [0.17647092338, 0.086817002711, 0.014946397075, 0.66804396191, 0.053721714929],
      [0.24272018243, 0.19547808616, 0.12615652586, 0.32296428001, 0.11268092554]
    ],
    [
      [0.37330136203, 0.18747025726, 0.36556307059, 0.054856439169, 0.018808870946],
      [0, 0.0038670129051, 0.66179468065, 0.29237480631, 0.041963500132],
      [0, 0.45922632651, 0.040656870557, 0.46047483826, 0.039641964673],
      [0.030370053193, 0.10417388661, 0.020926048337, 0.81691573063, 0.027614281222],
      [0.051057380385, 0.2241753495, 0.21220254347, 0.44815003192, 0.064414694732]
    ],
    [
      [0.61819464949, 0.12077328229, 0.20346936578, 0.04058074639, 0.01698195605],
      [0.00028196107583, 0.003818755975, 0.58977704423, 0.34662475232, 0.059497486399],
      [0.00030339223445, 0.42737055857, 0.035606325009, 0.48700923699, 0.049710487205],
      [0.068144731748, 0.089504689841, 0.015680038632, 0.79355391503, 0.033116624746],
      [0.1172823144, 0.19701823188, 0.15967548442, 0.44683440831, 0.079189560986]
    ],
    [
      [0.65465682267, 0.10303145537, 0.17817414062, 0.050701902134, 0.01343567921],
      [0.00029318820346, 0.0025933273138, 0.5170345332, 0.43314032844, 0.046938622841],
      [0.00022452370027, 0.34899273584, 0.030262443924, 0.5829872493, 0.037533047235],
      [0.060866724754, 0.06467875663, 0.0117388387, 0.84049119925, 0.022224480663],
      [0.11745373968, 0.15967703616, 0.13298035679, 0.53031023339, 0.059578633975]
    ],
    [
      [0.69417649035, 0.096113692334, 0.15961691809, 0.037511850786, 0.012581048441],
      [0.00020766597249, 0.0034954834428, 0.55708470183, 0.38598942131, 0.053222727448],
      [0.00019897005546, 0.39764426472, 0.032529421778, 0.52652687848, 0.043100464964],
      [0.082990983561, 0.077622399416, 0.013391188729, 0.79926028196, 0.026735146332],
      [0.14824179474, 0.17722279339, 0.14160103584, 0.4666985808, 0.066235795229]
    ],
    [
      [0.56119306741, 0.13715730558, 0.2094458576, 0.07406185865, 0.018141910764],
      [0, 0.0012885699946, 0.46549414377, 0.48383536301, 0.049381923219],
      [0, 0.33014829407, 0.025930251491, 0.60716068542, 0.036760769021],
      [0.036366950695, 0.06108210918, 0.0098883350799, 0.87130653092, 0.021356074123],
      [0.059147684606, 0.17645682641, 0.11816922193, 0.5854667512, 0.060759515855]
    ],
    [
      [0.71131901014, 0.083652729352, 0.15822720631, 0.039769339019, 0.0070317151787],
      [0.00040491726122, 0.0035181845814, 0.55725969064, 0.41061828498, 0.028198922533],
      [0.0003296102943, 0.36118086505, 0.035014819529, 0.57886561813, 0.024609087001],
      [0.080664120997, 0.066000437959, 0.013203374514, 0.82438298179, 0.015749084742],
      [0.15171440858, 0.15814474928, 0.14374994388, 0.50440727389, 0.041983624386]
    ],
    [
      [0.7038669554, 0.087577656699, 0.16771491633, 0.027524917806, 0.013315553758],
      [0.00019607987866, 0.0040280562583, 0.627626514, 0.30802717506, 0.0601221748],
      [0.00021839644803, 0.43350043207, 0.042107760968, 0.4697533165, 0.054420094016],
      [0.10744613264, 0.088787672185, 0.017772313455, 0.75047870724, 0.035515174489],
      [0.17306240025, 0.18297235921, 0.1686987089, 0.39574002475, 0.079526506896]
    ],
    [
      [0.76568223256, 0.081831267994, 0.11970813934, 0.023880533243, 0.0088978268585],
      [0, 0.0031064285703, 0.59436292922, 0.34922439873, 0.053306243474],
      [0, 0.436369776, 0.035359359008, 0.4842486495, 0.0440222155],
      [0.13301027739, 0.085754674242, 0.014608518401, 0.73942539453, 0.027201135432],
      [0.21904138258, 0.18010417759, 0.14192241892, 0.39697530191, 0.061956719001]
    ],
    [
      [0.64529660328, 0.15921101332, 0.12392018186, 0.05669646158, 0.014875739954],
      [0.00037031609309, 0.0057166897226, 0.39779456632, 0.53835879204, 0.057759635822],
      [0.00061708861155, 0.43145272389, 0.012370293872, 0.52019066593, 0.035369227694],
      [0.045410170467, 0.08819217682, 0.0070070478831, 0.8381389222, 0.021251682627],
      [0.091321141029, 0.22442903075, 0.083093663948, 0.54221874092, 0.058937423352]
    ],
    [
      [0.52101839287, 0.1653434128, 0.21117613026, 0.081403879236, 0.021058184831],
      [0, 0.0013367774674, 0.44207929666, 0.50229247593, 0.054291449946],
      [0, 0.35050380636, 0.022648972091, 0.58886926592, 0.03797795563],
      [0.0057864015654, 0.091947758481, 0.0090071118554, 0.87060905597, 0.022649672127],
      [0.06382968156, 0.17669780737, 0.10857435556, 0.58665495214, 0.064243203369]
    ],
    [
      [0.61424218346, 0.073649921436, 0.26217915434, 0.035919476941, 0.014009263828],
      [0.0013423622631, 0.0017802367101, 0.6820349102, 0.27240131111, 0.042441179726],
      [0.0021359285809, 0.33494126865, 0.04823255341, 0.56127116565, 0.053419083711],
      [0.060031166328, 0.061663171162, 0.021344466312, 0.82967219758, 0.027288998619],
      [0.10625356424, 0.13643392637, 0.22914315192, 0.46271088646, 0.065458471017]
    ],
    [
      [0.41651209976, 0.11810806737, 0.40022834738, 0.058062269493, 0.0070892159931],
      [0.0035152831284, 0.0093517487768, 0.68666874176, 0.2917033872, 0.0087608391398],
      [0.0019832284484, 0.35437545765, 0.052070448146, 0.5748762364, 0.016694629362],
      [0.0311183953, 0.066807078732, 0.022148075829, 0.86751158263, 0.012414867504],
      [0.056180444852, 0.15397483389, 0.25009020732, 0.5068023755, 0.032952138438]
    ],
    [
      [0.89627743722, 0.038426315726, 0.052719474753, 0.0081263254851, 0.0044504468203],
      [0, 0, 0.64989746677, 0.29019497983, 0.059907553401],
      [0, 0.53691363641, 0.035013108426, 0.38150385611, 0.046569399055],
      [0.16711082928, 0.16131314737, 0.031345692913, 0.61300815767, 0.027222172761],
      [0.35305631886, 0.19275169015, 0.12611210509, 0.27677895374, 0.051300932167]
    ],
    [
      [0.74207131887, 0.10132655929, 0.10474138332, 0.042099568723, 0.009761169803],
      [0.0015192758503, 0.0059833303842, 0.4321664399, 0.51120445735, 0.04912649651],
      [0.0013666480556, 0.39456818657, 0.018724006154, 0.55354396527, 0.031797193945],
      [0.074707841985, 0.074832138603, 0.0076326505005, 0.82380432003, 0.019023048877],
      [0.14650678133, 0.18606306175, 0.092188755914, 0.52425203931, 0.050989361698]
    ],
    [
      [0.5919875569, 0.16194972498, 0.14707372687, 0.08078570895, 0.018203282293],
      [0, 0.0052207086815, 0.35816817321, 0.58250305356, 0.054108064544],
      [0, 0.35521858613, 0.011315536601, 0.5989023582, 0.034563519069],
      [0.027543691624, 0.073295090619, 0.0057883534041, 0.87377736703, 0.019595497319],
      [0.073725821765, 0.18080961431, 0.078518619566, 0.60923747176, 0.057708472601]
    ],
    [
      [0.8080164575, 0.073802689091, 0.084401013693, 0.030526214366, 0.0032536253467],
      [0.0011567951875, 0.0077959211089, 0.47081849499, 0.49796641754, 0.022262371179],
      [0.0010137128132, 0.4022610895, 0.023919914209, 0.5597242027, 0.013081080782],
      [0.10409270763, 0.073329524173, 0.0089413104413, 0.80303223052, 0.01060422724],
      [0.20041043285, 0.17715558857, 0.097481204472, 0.49513279958, 0.029819974537]
    ],
    [
      [0.71407245784, 0.065025338426, 0.17442358964, 0.031959527118, 0.01451908698],
      [0.00057516424354, 0.00075101117347, 0.60899499119, 0.32841709017, 0.061261743226],
      [0.00043520903857, 0.33511901317, 0.044493223502, 0.55822162504, 0.061730929251],
      [0.095037095491, 0.060942879107, 0.017030099374, 0.79115597354, 0.03583395249],
      [0.16400509095, 0.13395684117, 0.17276219949, 0.4437286729, 0.085547195499]
    ],
    [
      [0.66764874125, 0.10821408266, 0.16778276963, 0.04164869304, 0.014705713417],
      [0.00043748195662, 0.0036505667138, 0.54203258947, 0.39617223828, 0.057707123574],
      [0.00041516062225, 0.40078318753, 0.030468013717, 0.52301178062, 0.045321857505],
      [0.071872399552, 0.079398863331, 0.012755934559, 0.80753372331, 0.028439079252],
      [0.13017850025, 0.18378974015, 0.13700382294, 0.47769600544, 0.071331931225]
    ],
    [
      [0.58903931462, 0.14733380463, 0.18079054685, 0.066186658177, 0.016649675723],
      [0, 0.004056807202, 0.45459181706, 0.49074416907, 0.050607206667],
      [0, 0.37342791685, 0.022460473756, 0.5690146745, 0.0350969349],
      [0.034653980826, 0.079777284447, 0.0091728831586, 0.85493906038, 0.021456791185],
      [0.084917561025, 0.18509001196, 0.10913039366, 0.5610974246, 0.059764608757]
    ],
    [
      [0.60978578978, 0.12322563991, 0.20045349211, 0.047739817438, 0.018795260762],
      [3.7932132956e-05, 0.0036610360176, 0.54887052742, 0.38531687545, 0.062113628982],
      [3.2507955946e-05, 0.3968267832, 0.031776760003, 0.52141954122, 0.049944407615],
      [0.058515882653, 0.079848876202, 0.013482972574, 0.81609658475, 0.032055683819],
      [0.10604577078, 0.18499323301, 0.14470683212, 0.48354015151, 0.080714012582]
    ],
    [
      [0.43928283784, 0.22229048751, 0.26700311452, 0.04500993021, 0.026413629919],
      [0, 0.00032231762932, 0.62031979542, 0.30478578689, 0.074572100064],
      [0, 0.53884878817, 0.035452375688, 0.37138776865, 0.054311067495],
      [0.039054609293, 0.14086743528, 0.018089036495, 0.75763704595, 0.044351872985],
      [0.050562340624, 0.29598146325, 0.1655524616, 0.39032057058, 0.097583163946]
    ],
    [
      [0.51138998498, 0.16389126469, 0.24354488712, 0.061124038973, 0.020049824248],
      [0, 0.002677762533, 0.54205011991, 0.40127214464, 0.053999972922],
      [0, 0.40901381634, 0.030058275339, 0.51927619917, 0.041651709153],
      [0.039755711351, 0.085151115179, 0.013144374982, 0.83453711884, 0.027411679644],
      [0.059869094444, 0.216642984, 0.14478143527, 0.50795584081, 0.070750645481]
    ],
    [
      [0.23857775051, 0.11507729129, 0.56091864409, 0.047120173394, 0.038306140722],
      [0.0019350350733, 0.01474616093, 0.74050494444, 0.18039880545, 0.062415054099],
      [0.0015279615825, 0.34878188087, 0.07084598537, 0.48434463374, 0.094499538433],
      [0.02005064337, 0.071846984919, 0.033977385726, 0.8114650766, 0.062659909383],
      [0.02931458566, 0.13461739462, 0.3154542431, 0.38920666554, 0.13140711108]
    ],
    [
      [0.79782752365, 0.080732268603, 0.093873719774, 0.018485945657, 0.0090805423141],
      [0, 0.0027101390664, 0.58886708721, 0.33952895251, 0.068893821212],
      [0, 0.43991269241, 0.035733241872, 0.46790693742, 0.056447128303],
      [0.17610121293, 0.084144143263, 0.014087870609, 0.69100274547, 0.034664027731],
      [0.27477515455, 0.16783390675, 0.12924251352, 0.35293467908, 0.075213746107]
    ],
    [
      [0.7559340511, 0.099302074261, 0.10707150829, 0.027593647081, 0.010098719264],
      [0.00033277907909, 0.0044205926044, 0.5319810884, 0.40276960832, 0.06049593159],
      [0.00028545759193, 0.48196814005, 0.024714451163, 0.45242419163, 0.040607759574],
      [0.11457822946, 0.10225372665, 0.011387157527, 0.74468641322, 0.02709447314],
      [0.19301127177, 0.22004366552, 0.11405115524, 0.40962599235, 0.06326791512]
    ]
  ],
  "expected_outcome": [
    [
      [7.1537450633, 38.9114539322, 31.3886035688, 39.1157752314, 35.6749091833, 14.7264001061, 1.4205073745, 9.134570596, 1.5977243169, 3.9139517065, 48.3468445815, 11.9583201743, 62.050321477, 45.423166997, 28.0715328977, 1.6624365086, 42.8103029149, 22.8063923021, 82.1511096405, 19.6022891288, 37.0027707436, 2.5802218945, 7.8393286027, 34.6189003714, 26.1862729069, 36.097177498, 12.346247483, 24.8961653549, 212.567820532, 41.3468405584, 7.0982626361, 16.6725885717, 4.2996952842, 3.3320967981, 3.5851097489, 6.6786418698, 13.6157138088, 9.69619749, 14.9955216146, 17.3588672726, 21.794454641, 33.5382184378, 1.7571313514, 84.8907375059, 1.6700442536, 148.3959193993, 53.671317628],
      [0.78093739184, 4.2057293849, 4.1983551833, 3.7668114525, 7.7907342937, 1.5744460173, 0.50115080529, 3.7986048867, 0.44615795651, 0.92636071381, 3.5129966926, 2.3699506683, 7.7334072932, 13.9866223279, 6.6613992297, 0.14072677697, 8.1730382326, 6.399970665, 14.3761007275, 4.3979198746, 3.9437383248, 0.13509218732, 3.9368754024, 6.763303808, 4.1212582147, 4.9979120013, 3.0174607228, 2.9278455273, 26.448452323, 4.4188884717, 1.7513211465, 5.2909892097, 0.51554945005, 0.94486453894, 0.1537052629, 0.91193903359, 3.7248436746, 0.88563226909, 1.3655321069, 2.8135661491, 5.4513507712, 6.7774101951, 0.88916195003, 27.2059499381, 0.80554103901, 15.0162019601, 7.0504472725],
      [1.585670377, 6.6816152599, 9.621794594, 4.7329286163, 9.1329897267, 3.658302348, 1.7953497666, 3.8363180784, 1.7365792887, 1.4348819235, 6.9575504096, 4.0823775099, 13.1858047026, 19.0278926671, 10.2947744808, 0.125098147, 11.3486409463, 9.817687669, 20.4489685066, 4.8438492353, 8.432677722, 0.21425908542, 7.6768244825, 11.3942844839, 7.1269656247, 8.3000797408, 4.6078088671, 5.5379522208, 50.6499047326, 6.4642395244, 1.3631220005, 6.7576361684, 1.8352540804, 3.2018267791, 0.21087789901, 0.94267244986, 3.382695718, 1.0128121643, 3.6628953824, 4.3623520103, 6.6892502334, 11.0249420662, 1.0680124581, 40.4284512614, 3.9264305086, 17.460511878, 7.6020770889],
      [0.37075126407, 1.7120555152, 2.0678802628, 1.7656966817, 3.4444426524, 0.86559630527, 0.1914573932, 0.90811788283, 0.1072562044, 0.46944769538, 1.5344983346, 1.2736940509, 3.1346158146, 4.8883390751, 3.1193527592, 0.03873838872, 2.6608090412, 2.3642816902, 5.3375065752, 1.5489031941, 1.1472612934, 0.039472832065, 1.1519852226, 2.2725217978, 2.0280760854, 1.9506162409, 1.6293608903, 1.3919268657, 8.3125251774, 1.2895487951, 0.62366107738, 2.6049241356, 0.25143633859, 0.46449815594, 0.03250530194, 0.3788961185, 1.8580713059, 0.36631457239, 0.67115006948, 1.082866019, 2.4489063525, 2.6256899591, 0.18003972084, 10.1465904695, 0.32984121376, 3.4383858922, 1.9591489428],
      [0.10889590385, 0.48914590781, 0.72336639118, 0.61878801797, 0.95692414391, 0.17525522332, 0.091534660415, 0.32238855602, 0.11228223342, 0.25535796076, 0.64810998172, 0.3156575966, 0.89585071261, 1.6739789328, 0.85294063263, 0.033000178722, 1.0072088651, 0.61166767369, 1.6863145502, 0.60703856723, 0.47355191626, 0.030954000711, 0.39498628987, 0.95098953883, 0.5374271684, 0.65421451893, 0.3991220368, 0.24611003125, 4.0212972351, 0.48048265036, 0.16363313949, 0.67386191458, 0.098064846793, 0.056713727945, 0.017801787281, 0.087850528227, 0.41867549274, 0.03904350416, 0.30490082659, 0.38234854885, 0.61603800175, 1.0337393419, 0.10565451968, 3.3282708252, 0.26814298505, 1.6889808704, 0.71700906778]
    ],
    [
      [0.015160109521, 0.028223694386, 0.032390794302, 0.14802072526, 0, 0, 0, 0.0092097193149, 0.088620037855, 0, 0, 0, 0.068549490746, 0, 0, 0, 0.054133066892, 0, 0.10493798618, 0.03915242998, 0, 0, 0, 0.16410134613, 0.18089712153, 0.12875290295, 0, 0.087462128425, 0.19725635794, 0, 0.017404856375, 0, 0.026847245261, 0.13358075888, 0, 0.16256251598, 0, 0.086759639064, 0.15989565971, 0.13080710503, 0, 0.013959024928, 0, 0, 0.06966126264, 0, 0.13244607348],
      [0.10762114063, 0.89594503339, 0.15101368141, 0.35611382071, 3.1957368343, 0.10304295325, 0.54277040512, 0.44417642003, 0.11670553368, 0.13743738849, 0.32450937839, 0.32318269811, 2.6538953954, 2.1580038716, 1.2530465948, 0.069853205088, 1.1792349699, 0.70138150645, 2.4209820018, 0.84088137401, 0.75182225097, 0.39611879001, 0.40216934213, 2.2225159774, 1.6000829526, 2.1671997345, 0.48836802797, 0.75992786958, 4.0522245958, 1.062398571, 0.26868441696, 0.574814311, 0.035604734202, 0.35536645352, 0, 0.64021635111, 0.61082291573, 0.58469408317, 0.20878110623, 1.0915194474, 1.0709971013, 1.3472612545, 0.034487986337, 2.677762533, 0.53086179347, 3.22235535, 1.7593958565],
      [25.3225881931, 136.218824274, 57.4099287329, 44.3004964174, 324.3898457328, 41.6145957893, 58.0061277028, 83.1630886635, 7.7292228335, 18.8699414334, 352.6617948253, 75.876603136, 429.9565509271, 383.3750387244, 221.6085260187, 3.4991501575, 168.3395734602, 100.5143452449, 329.7391031628, 88.8868909958, 153.5629862181, 39.3951534925, 68.8266467881, 343.2502397441, 319.0103069831, 345.3925151347, 176.4222804895, 120.3680931793, 631.3922730871, 203.2721217949, 18.6963446172, 190.094097563, 13.6406982039, 26.0934121868, 24.0462062704, 46.2418090697, 41.9056762661, 35.3113871241, 169.3006075506, 162.0677442518, 120.0122397028, 201.9843540899, 66.3742181096, 542.0501199069, 26.658178, 700.1629666973, 211.7284731851],
      [17.4689245146, 102.8368672042, 36.311142686, 48.4831690594, 361.1522559687, 28.8802029674, 17.4117900638, 57.8942118318, 1.4611705574, 18.0749414451, 228.4722372152, 69.6315620056, 301.2857294319, 290.5838072897, 197.8871673516, 3.4137325341, 116.3913976616, 71.2666230669, 253.9102086208, 83.7866627184, 62.3353950299, 20.8687665959, 30.406979856, 201.7356058483, 267.2475826498, 239.31344121, 183.3736025825, 88.6935495557, 309.8753381101, 119.4347443658, 25.3028632259, 215.9857646492, 5.4480262221, 11.0847287135, 10.7372142538, 54.6988769366, 68.1528572665, 37.3474813153, 91.2999510666, 118.455499247, 129.5564606358, 141.7966101652, 32.6120791972, 401.2721446383, 6.4943569963, 403.6999245312, 160.3023041122],
      [2.0857060422, 12.020139794, 5.0955241054, 6.7121999773, 41.2621614641, 2.40215829, 4.0393118283, 8.4893133654, 0.60428103749, 3.9176797331, 39.5414585811, 7.1686521603, 35.0352747549, 40.8831501142, 22.2512600348, 1.0172641034, 18.0356608414, 7.5176501817, 32.8247682285, 13.4464124818, 10.3497965011, 6.3399611216, 4.3642040138, 34.627537084, 28.961130293, 32.9980910179, 18.7157489001, 6.0909672671, 60.482907849, 18.2307352682, 2.7147028836, 23.3453234768, 0.84882359452, 0.33291188731, 2.2165794758, 5.2565351266, 6.3306435516, 1.6696778384, 17.0307646168, 17.2544299487, 13.3603025601, 22.8578154655, 7.9792147069, 53.9999729219, 2.2469419476, 81.9147534215, 24.0773807727]
    ],
    [
      [0.019554914377, 0.025005745602, 0.055456084353, 0.38285632278, 0, 0, 0, 0.0041846481466, 0.10752398662, 0, 0, 0, 0.06773760048, 0, 0, 0, 0.10524257371, 0, 0.1872667762, 0.087345742531, 0, 0, 0, 0.19720495239, 0.079481389896, 0.091725195566, 0, 0.046145441202, 0.2328106136, 0, 0.062943038378, 0, 0.068349714588, 0.041647797415, 0, 0.13393150945, 0, 0.067918758481, 0.066586982901, 0.11666013485, 0, 0.012580578951, 0, 0, 0.042782924311, 0, 0.11446849436],
      [18.3126799753, 118.2029552891, 45.8771642781, 60.3253575197, 480.3483352645, 22.1155374341, 11.9042946749, 149.1435103328, 4.8281496248, 23.2693671247, 180.5933372143, 40.9706382865, 236.0683484149, 283.2142684792, 177.5854144642, 3.1566874323, 243.2615563835, 141.6992824526, 457.5945674282, 147.7612127909, 108.1603967557, 24.1017672282, 56.944064487, 277.7908630679, 123.5434284886, 183.3140060353, 89.1400393991, 50.5653211066, 462.1114605871, 144.4383958547, 44.0081778369, 121.6248208075, 10.7181205968, 7.4418846105, 16.1074090923, 38.667682284, 86.6733350151, 26.9514929962, 51.2732090146, 112.6200756968, 189.7013817589, 153.5719650998, 60.3510642752, 497.769814488, 9.7658926645, 472.4662316449, 193.2692241586],
      [1.7871419456, 9.2404016947, 5.0383577124, 3.0905898784, 26.6746417286, 2.5844276958, 2.0322491897, 7.6721038057, 0.55744970413, 1.9153848375, 17.9189492143, 3.5713290314, 19.9890247242, 19.0831593848, 13.7901514192, 0.11336927502, 16.7272072989, 10.698951015, 32.1581553713, 7.7667111212, 12.5631139038, 2.1505539098, 5.0414519491, 23.1441112556, 10.7129051492, 14.9960634397, 7.0011679025, 4.9020747341, 44.8868731917, 11.7039478316, 1.261769975, 7.8591933155, 1.5434417091, 1.0934794111, 1.0503932528, 1.8349526031, 2.7609909307, 1.602634252, 6.8074631958, 8.5615118546, 11.4099206681, 12.2976061212, 3.970666077, 36.5809210876, 1.9836875904, 38.3775017701, 9.9104949162],
      [29.7425049418, 163.1937049607, 76.5744954128, 96.1018252918, 719.5838458874, 41.2687905044, 15.2476669452, 122.2542410337, 4.5763464087, 40.0592240563, 266.9356991718, 74.8864607878, 324.4333795784, 336.5039077091, 282.6760375156, 3.1799072813, 268.945344363, 177.6616629971, 576.663525231, 176.5419205733, 117.680863268, 23.5087743186, 57.0988799444, 316.5560040406, 206.3774862512, 242.7288909812, 163.9333850626, 81.041186538, 500.7570353866, 160.286302983, 53.059447925, 204.3376352735, 17.9606773007, 12.0724009644, 11.4451156833, 54.2473085969, 146.1321754014, 37.5015215809, 85.4079086313, 146.9663103547, 289.0594546439, 201.7893624531, 41.5954300884, 631.9591343855, 13.5616497448, 502.532050788, 181.4221008418],
      [2.1381182229, 11.3379323099, 6.4545265123, 8.0993709874, 49.3931771195, 2.0312443656, 1.8157891902, 10.9259601798, 0.9305302758, 4.7560239814, 27.5520143996, 4.5715718943, 22.441509682, 28.1986644269, 18.948396601, 0.55003601134, 24.9606493809, 10.9401035353, 44.3964851932, 16.842809772, 11.5956260725, 4.2389045433, 4.9156036195, 32.3118166834, 13.2866987212, 19.8693143482, 9.9254076358, 3.4452721801, 58.011820221, 14.5713533307, 3.6076612248, 13.1783506035, 1.7094106788, 0.3505872166, 1.3970819716, 3.1161250066, 8.4334986528, 0.87643241242, 9.4448321753, 12.735441959, 17.8292429291, 19.328485747, 6.0828395594, 50.6901300389, 2.6459870761, 60.624215797, 16.283711589]
    ],
    [
      [0.67545593907, 3.489887879, 1.5095224469, 0.86957260343, 6.3299699844, 0.2919374837, 0.087662966237, 1.2089964949, 0.037499359382, 0.13858868258, 12.2350091332, 0.954611405, 9.1352279373, 4.3023830446, 2.700959045, 0, 1.4989762086, 1.2029085653, 5.1532519645, 1.1258469758, 4.9194703192, 1.2352964637, 0.39481069151, 5.5878680033, 4.7476045308, 6.9712426191, 1.9274483868, 1.9359389039, 10.0999364678, 5.4534213731, 0.090820340935, 0.49763053463, 0.18009349898, 0.1555919765, 1.0026649757, 2.2412352596, 0.68859229061, 1.1450197839, 2.1858531963, 4.6717059709, 2.0445848688, 4.3301753163, 0.62487374868, 7.3150508887, 0.10025321685, 22.5409552548, 4.0102380311],
      [0.57608797743, 2.5795633406, 1.3940794339, 0.5821376968, 10.0333942325, 0.22948932177, 0.23854345996, 3.5072773437, 0.092027113726, 0.25241424116, 6.0112226237, 1.3305182693, 7.6398415543, 8.8844428259, 5.8119689987, 0, 1.9388485344, 2.3119454868, 6.0341411135, 1.7525190003, 3.2803223177, 0.60771901897, 1.354260526, 7.339384567, 5.0449430171, 6.520281551, 3.2373517865, 1.584010511, 8.3460411853, 3.5159416439, 0.17638435364, 7.9075072294, 0.18498951349, 0.33403539366, 0.96787888424, 2.2449641581, 1.8323772655, 0.8066247659, 1.4016862195, 5.1609261165, 4.7068597824, 5.9088168389, 2.2538789645, 15.667805193, 0.3592349246, 10.7704503376, 3.5788804328],
      [0.12016252878, 0.42544023275, 0.32717334013, 0.074699418097, 1.1733329104, 0.055319414964, 0.088539268459, 0.36984613497, 0.03369464642, 0.040667912667, 1.24450466, 0.24116565927, 1.3574581728, 1.2573385, 0.84846758315, 0, 0.27950979398, 0.36781021156, 0.89214620009, 0.19948391053, 0.79337167711, 0.10462477953, 0.27203862838, 1.2857631679, 0.91562941858, 1.1248598532, 0.52408175924, 0.31688098833, 1.6705974648, 0.59894925445, 0.014014095766, 0.77461161957, 0.064033398935, 0.11074037915, 0.18807415748, 0.22897951502, 0.1447088351, 0.098354414854, 0.3916922856, 0.82913574633, 0.54120010636, 0.99773997044, 0.28942458393, 2.4185649967, 0.16988692863, 1.8032474379, 0.39855051343],
      [7.4243250324, 27.716334395, 18.1607620438, 7.2338347311, 113.3150981792, 3.3538266795, 2.4709004963, 22.1284708568, 0.78900198583, 3.3825916218, 68.5845356765, 19.0073949062, 81.5311972438, 81.7567883745, 64.867964831, 0, 16.6564382786, 22.5328481181, 59.0587748235, 16.2856242404, 27.9108251031, 4.6763077333, 10.6199044982, 65.0714210326, 65.5583135418, 67.1378636848, 46.1792461389, 19.7851915629, 70.5449984801, 30.3164411758, 1.6762778444, 74.8723788135, 2.4890165927, 4.3375579132, 3.678048946, 24.714129601, 21.8444341758, 8.8333545357, 18.1965873914, 52.4896920149, 50.4414045626, 60.3911472717, 12.1221927352, 153.5548298672, 4.057325383, 88.4483514202, 26.0640244628],
      [0.20396852228, 0.78877415269, 0.6084627353, 0.23975555056, 3.1482046935, 0.069427100051, 0.11435380903, 0.78540916966, 0.047776894642, 0.18573754184, 2.9247279066, 0.46630976021, 2.3362750918, 2.7990472551, 1.7706395422, 0, 0.62622718435, 0.58448761815, 1.8616858984, 0.63652587301, 1.0960105829, 0.3760520045, 0.35898565588, 2.7155632292, 1.7335094917, 2.2457522919, 1.1318719285, 0.3779780338, 3.3384264019, 1.1152465527, 0.042503365255, 1.947871803, 0.081866995858, 0.062074337518, 0.16333303657, 0.5706914663, 0.48988743297, 0.11664649964, 0.82418090726, 1.8485401514, 1.2659506799, 2.3721206026, 0.70962996776, 5.0437490544, 0.31329954691, 4.4369955495, 0.94830655992]
    ],
    [
      [1.1360839738, 7.5454287488, 2.0140271057, 3.4837751171, 10.9951208323, 0.98166241018, 0.49182965928, 1.6430385416, 0.1686322992, 0.94745961092, 20.4181462853, 2.0870684207, 17.6781634945, 7.2744499584, 4.2275080573, 0.33756349141, 7.5313452358, 1.9906991326, 14.4034336326, 3.1453657229, 8.0777589372, 2.1844816419, 0.76586070578, 12.4319253268, 10.8057440509, 11.7111017843, 3.7263041302, 3.0342881715, 19.9021760287, 9.1997380684, 0.73056912824, 3.8297808936, 0.42501425695, 0.33708266911, 1.4122252754, 2.7836288452, 1.6956939006, 2.0041043285, 4.5921425465, 8.7219595166, 4.1609604902, 7.1050666421, 1.6179949, 11.7942116055, 0.11725834264, 45.0631253459, 9.0715297731],
      [1.2226735148, 7.115806952, 2.3793874234, 2.9695795103, 20.631799375, 0.9774842736, 1.8132406547, 6.1064310168, 0.5169597713, 2.4144205318, 15.557934091, 4.0057100778, 18.9045073421, 22.7566624955, 8.6881707126, 0.63273258564, 12.4473218796, 4.8874198891, 21.574208729, 6.2474669602, 6.8637203509, 1.7593027755, 3.3626302425, 20.8839325796, 14.690287327, 14.0006006779, 11.1167800636, 3.1628949855, 21.0418213088, 7.5643754587, 1.795432246, 10.6018684424, 0.54573570549, 0.92384900333, 0.77100676058, 3.5351981732, 4.1586211291, 1.7715558857, 3.7507915527, 12.3139125901, 9.0694105862, 12.3945466117, 9.471406824, 42.6786678478, 0.53846957846, 27.5247607074, 10.3420522795],
      [1.1844369555, 5.4337185387, 2.6027456206, 1.8012856699, 11.6291899015, 1.0873547518, 3.0777340725, 2.9586433174, 0.9430535272, 1.7391238929, 13.2172008908, 3.2285246634, 15.5111614733, 14.2565707236, 6.4580804981, 0.26238242052, 8.3050685008, 3.6012058595, 14.7616267592, 3.3030647371, 7.647850479, 1.1354087327, 3.183038152, 16.9256013485, 12.2341928245, 11.1864818316, 7.4446609817, 2.8749988775, 19.4003515238, 5.9607415946, 0.66474931158, 6.5144613335, 0.91657260767, 1.5005412439, 0.50444842035, 1.7515863624, 1.80592825, 0.97481204472, 4.8373415856, 9.1792561369, 5.3473892894, 9.6953577523, 5.2976787713, 28.5219427475, 1.2618169724, 21.1957722167, 5.3604042963],
      [3.9934942471, 19.5410379249, 7.8857195946, 9.415474236, 61.5043573123, 3.6315835434, 4.6781851015, 9.8149583949, 1.0662248437, 8.0137951814, 40.473029602, 14.2008882495, 51.6150779314, 51.2671575516, 27.4494775427, 1.3676217959, 27.3460106556, 12.1745841277, 54.0299847495, 14.8368892739, 14.9256553057, 2.9066785201, 6.7222504788, 47.3644472806, 48.7885414719, 36.8691878832, 36.8844053257, 10.0881454777, 45.5101028457, 16.6729626803, 4.3377499274, 35.1992971282, 1.8508435458, 3.040814253, 1.107115815, 9.960788747, 14.0124618504, 4.9513279958, 12.4244028412, 32.0056323643, 27.4937738052, 32.3971901509, 12.4902582585, 100.0673006396, 1.5568266622, 57.8812873684, 19.2524216405],
      [0.46331130882, 2.3640078356, 1.1181202558, 1.3298854668, 7.2395325789, 0.32191502102, 0.93901051205, 1.4769287292, 0.30512955865, 1.8852007829, 7.333689131, 1.4778085885, 6.2910897588, 7.4451592709, 3.1767631893, 0.39969970654, 4.3702537282, 1.3460909911, 7.2307461297, 2.467213306, 2.4850149272, 1.0141283299, 0.96622042099, 8.3940934646, 5.4812343257, 5.2326278231, 3.8278494988, 0.83967248772, 9.145548293, 2.602182198, 0.47149938682, 3.8545922022, 0.26183388407, 0.19771283063, 0.20520372867, 0.96879787226, 1.3272948698, 0.29819974537, 2.395321474, 4.7792393921, 2.9284658291, 5.407838843, 3.1226612463, 13.9378771597, 0.52562844434, 12.3350543615, 2.9735920106]
    ]
  ],
  "prob": [
    [0.66260255337, 0.11043995159, 0.1707327518, 0.041818514394, 0.014406228857],
    [0.0001570549447, 0.0036857600906, 0.54592677466, 0.39460868738, 0.055621722927],
    [0.00015168811259, 0.40484636825, 0.030992081954, 0.52039322019, 0.043616641494],
