{
  "Z_true": {},
  "V_true": [
    [54, 712, 19, 808, 116, 34],
    [288, 1384, 445, 10680, 556, 358],
    [218, 289, 392, 252, 15551, 188],
    [80, 128, 1942, 644, 879, 88],
    [502, 192, 118, 326, 415, 274]
  ],
  "p_true": [
    [0.031, 0.4085, 0.0109, 0.4636, 0.0666, 0.0195],
    [0.021, 0.1009, 0.0325, 0.7789, 0.0406, 0.0261],
    [0.0129, 0.0171, 0.0232, 0.0149, 0.9207, 0.0111],
    [0.0213, 0.034, 0.5164, 0.1712, 0.2337, 0.0234],
    [0.2748, 0.1051, 0.0646, 0.1784, 0.2271, 0.15]
  ],
  "Z_est": {},
  "V_est": [
    [0, 1435.1469, 0, 307.8531, 0, 0],
    [0, 1032.5421, 342.395, 11692.6515, 0, 643.4113],
    [169.7541, 0, 135.2406, 0, 16585.0053, 0],
    [108.2435, 0, 2438.3644, 709.4954, 475.8316, 29.0652],
    [864.0024, 237.311, 0, 0, 456.1631, 269.5235]
  ],
  "p_est": [
    [0, 0.8234, 0, 0.1766, 0, 0],
    [0, 0.0753, 0.025, 0.8528, 0, 0.0469],
    [0.0101, 0, 0.008, 0, 0.9819, 0],
    [0.0288, 0, 0.6483, 0.1886, 0.1265, 0.0077],
    [0.4729, 0.1299, 0, 0, 0.2497, 0.1475]
  ],
  "EI_Z": {},
  "EI_V": 10.7925,
  "MAE_Z": {},
  "MAE_V": 272.9197,
  "MAE_p": 0.0649,
  "runtime": 0.0556
}
