{
  "Z_true": {},
  "V_true": [
    [32, 639, 968, 189, 99],
    [335, 1041, 9338, 1049, 689],
    [565, 232, 238, 16053, 748],
    [118, 47, 261, 578, 233],
    [591, 9, 116, 539, 45],
    [75, 66, 268, 602, 485]
  ],
  "p_true": [
    [0.0166, 0.3316, 0.5023, 0.0981, 0.0514],
    [0.0269, 0.0836, 0.7499, 0.0842, 0.0553],
    [0.0317, 0.013, 0.0133, 0.9, 0.0419],
    [0.0954, 0.038, 0.211, 0.4673, 0.1884],
    [0.4546, 0.0069, 0.0892, 0.4146, 0.0346],
    [0.0501, 0.0441, 0.1791, 0.4024, 0.3242]
  ],
  "Z_est": [
    [
      [0.3952, 0.5886, 0.4867, 0.1123, 0.454, 0.412, 0.2171, 0.1647, 0.3279, 0.3744, 0.3616, 0.7063, 0.1513, 0.4204, 0.3444, 0.1123, 0.0674, 0.0147, 1.313, 0.3519, 0.1513, 0.6889, 0.2522, 0.2775, 0.0841, 4.6686, 0.4036, 0.4642, 0.3163, 0.5391, 0.1345, 0.3195, 0.1766, 0.4036, 0.2171, 0.042, 0.1934, 0.0674, 0.1498, 0.1722, 0.0749, 0.7413, 0.1722, 0.639, 0.5017],
      [29.0064, 31.2377, 51.0284, 11.7758, 17.8501, 17.8501, 22.7665, 17.2712, 29.6745, 39.2526, 23.8001, 57.7876, 23.5516, 17.8501, 36.1124, 11.7758, 7.0183, 0.7851, 8.2082, 36.8975, 17.9644, 72.2248, 31.1526, 22.8556, 3.7188, 119.328, 29.1912, 48.6733, 18.138, 58.2712, 27.2696, 25.9067, 14.3577, 63.5893, 22.7665, 10.0454, 24.0944, 6.9696, 16.5691, 19.0545, 7.8505, 77.7202, 14.8751, 165.8572, 46.7141],
      [1.6927, 13.7256, 2.8212, 0.651, 1.6968, 8.7776, 1.2587, 0.9549, 1.51, 1.4502, 2.1469, 3.1684, 1.4277, 7.6437, 1.9965, 0.651, 0.3906, 0.0434, 0.1346, 2.0399, 0.5831, 3.4607, 3.0635, 0.9578, 0.3663, 6.5973, 1.9061, 2.691, 1.1285, 3.125, 0.9045, 1.4323, 0.9867, 6.5972, 1.2587, 0.1786, 9.0803, 0.3906, 0, 0, 0.434, 4.2969, 2.1895, 9.0279, 5.2601],
      [5.1415, 11.6092, 7.767, 1.7924, 3.0566, 3.9432, 3.4653, 2.6288, 2.1803, 7.1672, 3.8237, 8.7229, 3.5848, 3.7042, 5.4966, 1.7924, 1.0754, 0.1195, 1.8095, 5.6161, 2.6288, 11.7371, 11.1496, 3.4653, 0.608, 9.8389, 4.6602, 7.4085, 5.5581, 7.098, 11.7949, 3.9432, 1.844, 7.9072, 4.0106, 1.1991, 2.693, 1.0754, 2.3898, 2.7483, 1.1949, 12.693, 4.9414, 26.1257, 13.5903],
      [2.7642, 2.8389, 2.8967, 0.6685, 1.9424, 2.0171, 1.2924, 0.9804, 1.3074, 1.7556, 1.8677, 2.6148, 1.2846, 1.3815, 2.05, 0.6685, 0.4482, 0.0374, 0.5348, 2.0945, 0.6724, 3.8885, 1.3821, 1.4439, 0.2228, 11.5672, 2.8389, 2.763, 0.8591, 2.9667, 0.8965, 1.3982, 0.635, 2.5027, 0.7471, 0.5348, 2.9389, 0.4969, 0.8913, 1.025, 0.4456, 3.5486, 0.8218, 6.3501, 0.9338]
    ],
    [
      [4.0374, 4.2091, 5.5306, 4.2858, 3.5554, 3.2262, 2.3703, 3.3572, 5.8881, 2.897, 2.8311, 7.8255, 1.1851, 2.2139, 3.8187, 2.9065, 0.1975, 0.7454, 0.3292, 2.0411, 1.1851, 3.6871, 0.728, 2.1727, 0.6584, 7.4127, 2.8808, 3.4237, 1.9094, 2.8128, 1.0534, 5.0441, 2.2195, 2.0642, 0.8236, 0.3292, 0, 2.6983, 1.7119, 6.39, 0.7242, 6.0573, 1.1218, 5.0039, 1.7777],
      [6.0059, 6.4679, 12.7041, 10.2234, 3.6959, 3.6959, 13.1566, 6.5075, 8.0247, 6.9066, 4.9279, 18.5908, 4.8953, 3.6959, 11.2515, 20.0617, 0.4812, 1.9945, 0.5875, 4.7291, 4.1579, 11.4462, 4.7291, 3.7732, 0.77, 22.8749, 0.8326, 11.7038, 3.1474, 12.3197, 4.1285, 11.714, 3.572, 10.5651, 2.7672, 2.156, 0.3175, 1.2901, 5.9929, 11.9553, 3.6033, 17.2237, 3.0799, 34.3413, 6.4648],
      [314.3787, 372.5043, 505.0085, 170.2206, 211.5567, 304.6855, 411.7627, 316.3275, 193.7624, 184.4849, 247.2478, 444.236, 182.0082, 218.6683, 425.8793, 218.3188, 35.0344, 15.431, 17.09, 160.6457, 74.1743, 358.5093, 161.7188, 121.722, 46.5967, 660.3233, 239.8929, 324.275, 108.0458, 261.794, 115.0653, 205.4059, 125.8504, 372.8329, 83.4896, 35.9789, 93.9948, 28.0405, 157.8582, 173.0735, 201.2262, 610.5276, 124.5748, 717.0186, 232.0325],
      [5.5186, 6.1543, 10.6977, 3.1073, 0, 0, 9.4726, 16.3133, 1.9795, 8.1805, 0.6705, 8.7431, 13.9882, 0, 9.8957, 3.8878, 0, 2.3062, 0.2945, 0, 4.5038, 9.3472, 2.7686, 2.209, 1.3145, 7.5144, 0, 0, 1.8703, 3.2669, 3.2026, 7.4421, 1.4684, 0, 1.4579, 0.6921, 0, 3.6448, 12.3939, 3.6666, 3.7405, 16.5137, 3.7191, 12.6059, 3.6519],
      [42.0594, 34.6644, 57.0591, 23.1629, 27.192, 27.3924, 28.2378, 27.4946, 20.3454, 23.531, 27.3227, 36.6046, 10.9233, 19.4219, 49.1547, 18.8252, 5.2869, 0.5229, 1.6988, 20.5841, 8.9788, 44.0102, 18.0554, 20.123, 3.6605, 80.8746, 37.3937, 58.5976, 12.0272, 29.8066, 12.5501, 20.394, 8.8897, 34.5378, 9.4616, 7.8438, 15.6877, 5.3263, 27.0431, 26.9147, 44.7057, 49.6777, 11.5043, 87.0303, 13.0731]
    ],
    [
      [2.7426, 4.0847, 5.9004, 7.9152, 16.5578, 2.8593, 1.4709, 1.6, 2.2757, 2.1558, 8.6539, 4.9016, 1.0503, 1.7996, 0.8585, 2.8297, 0.247, 0.1751, 0.2288, 4.6104, 2.8912, 4.7779, 1.7506, 4.9978, 1.1632, 5.4268, 2.8009, 7.9338, 3.7996, 9.9788, 0.5513, 2.2174, 1.2254, 2.8009, 0.7002, 0.2918, 1.3421, 0.4668, 0, 1.2463, 0.6419, 5.3684, 0.8169, 2.0982, 1.5755],
      [0.8493, 0.939, 2.6796, 2.2237, 0.5366, 0.5366, 0.9614, 0.6036, 0.9167, 0.9791, 0.7154, 2.0569, 0.6247, 0.5366, 1.1218, 3.3263, 0.1789, 0.0765, 0, 2.4777, 2.8696, 2.3482, 0.8943, 1.5366, 0.1118, 1.8714, 0.7602, 10.558, 0.5366, 6.1194, 0.7602, 0.939, 0.3467, 1.8333, 0.6113, 0.6613, 0.6036, 0, 0.8669, 0.7825, 0.2906, 2.3699, 0.4471, 4.9857, 0.8643],
      [0, 1.7707, 2.6434, 0.7788, 4.7933, 1.4313, 0.7151, 0.7778, 0, 0, 2.9358, 0.7861, 0.689, 1.0746, 1.2009, 0.9919, 2.7028, 0.0696, 0, 7.0816, 0.3393, 1.8516, 2.7114, 0.5569, 0.3821, 2.0033, 1.1845, 3.852, 0.496, 1.5748, 0, 0.046, 0.5743, 3.3552, 0, 0.1653, 5.4225, 0, 0, 0, 0, 2.7974, 0.7014, 2.4637, 1.0615],
      [408.9962, 578.1004, 1034.1283, 367.818, 418.2953, 332.0808, 258.8527, 280.3247, 165.7973, 378.6981, 224.9478, 452.2554, 241.7139, 279.8954, 432.5922, 404.1922, 36.2569, 29.6327, 20.6464, 419.3055, 507.6355, 907.4453, 428.9377, 640.0398, 138.0202, 717.598, 414.4186, 622.652, 344.1074, 555.8978, 297.793, 199.7976, 133.0698, 452.9214, 159.2985, 92.2113, 199.2485, 50.1414, 336.92, 218.2624, 178.9358, 1389.0841, 254.0201, 1087.8913, 334.3459],
      [3.4119, 3.1052, 5.6483, 2.2643, 3.817, 2.092, 0, 1.6938, 1.0103, 2.167, 2.7471, 0, 0.9221, 1.6938, 4.2266, 1.6599, 4.6145, 0.0461, 0.1248, 4.5248, 1.2642, 4.5769, 1.706, 3.8689, 0.3228, 7.1005, 14.8359, 31.0042, 1.0605, 3.4292, 0.8956, 0, 0.7838, 3.0892, 0.39, 1.6703, 1.3832, 0.3918, 2.2132, 1.7088, 2.1316, 4.3802, 1.0144, 6.5612, 1.1527]
    ],
    [
      [13.5924, 15.4228, 24.2721, 10.3547, 7.7671, 11.9742, 8.3985, 8.4849, 7.9477, 8.9022, 10.0315, 21.3594, 3.2363, 12.6215, 16.1871, 8.4143, 0.3236, 0.3968, 0.3236, 5.178, 4.1992, 12.9451, 6.1489, 3.2363, 0.9709, 14.2396, 11.327, 8.0907, 4.3734, 6.7962, 3.7327, 10.8281, 4.8991, 9.3852, 4.5308, 1.6894, 5.8253, 0, 6.0656, 13.391, 2.8051, 21.4628, 3.2661, 20.0667, 3.5599],
      [0.2769, 0.2737, 0.8038, 0.2894, 0.1564, 0.1564, 0.5144, 0.176, 0.1929, 0.2786, 0.2086, 4.0542, 0.1072, 0.1564, 0.6216, 0.4525, 0.0107, 0.0107, 0.0107, 0.1715, 0.176, 0.4287, 0.2036, 0.1072, 0.0322, 0.4716, 0.2216, 0.2679, 0.1393, 0.2251, 0.2358, 0.5021, 0.1393, 0.3108, 0.1825, 0.2863, 0.1929, 0, 1.1577, 0.418, 0.3108, 0.6909, 0.1179, 1.4535, 0.1179],
      [7.1229, 7.6317, 12.7195, 3.3561, 4.0702, 8.8107, 8.1405, 5.7938, 3.0527, 3.6374, 4.1583, 11.1932, 1.6959, 8.9583, 9.8364, 4.4094, 0.1696, 0.1696, 0.1696, 2.7135, 1.4625, 6.7837, 3.2223, 1.6959, 0.5088, 7.4621, 5.9358, 4.2398, 2.1374, 3.5615, 2.6797, 5.5966, 2.4749, 4.9182, 2.3743, 1.1872, 3.0527, 0, 4.5483, 4.2805, 4.9182, 12.0559, 2.1594, 12.3803, 1.8655],
      [14.1779, 15.1906, 25.3177, 8.7205, 8.1017, 10.1945, 24.966, 9.452, 3.9539, 9.1737, 5.3377, 23.4238, 3.3757, 11.0827, 22.1624, 8.7768, 0.3376, 0.3376, 0.3376, 5.4011, 4.6273, 13.5028, 6.4138, 3.3757, 1.0127, 14.8531, 11.0345, 8.4392, 4.3884, 7.089, 11.8651, 11.1398, 4.0369, 9.7895, 4.726, 2.363, 6.0763, 0, 11.5309, 13.5625, 9.7895, 31.689, 3.7133, 26.8205, 3.7133],
      [6.8299, 6.4811, 11.8869, 4.2793, 3.9046, 5.8642, 5.9807, 4.0933, 2.8529, 4.0081, 4.2639, 5.9695, 1.5849, 6.1812, 9.1925, 3.947, 0.1585, 0.0853, 0.1585, 2.5359, 1.535, 6.3397, 3.0113, 1.5849, 0.4755, 6.9736, 6.4811, 3.9623, 1.9614, 3.3283, 3.4868, 4.9334, 1.4497, 4.5963, 2.1864, 1.4742, 2.8529, 0, 6.6975, 7.348, 11.1764, 8.1014, 1.7434, 12.279, 1.7434]
    ],
    [
      [20.0617, 36.5043, 36.6657, 36.5669, 21.1476, 24.0949, 18.8166, 15.9291, 17.821, 23.8937, 15.4762, 35.8835, 10.7203, 27.876, 29.1762, 15.2733, 1.7706, 1.3528, 2.6549, 14.6017, 6.7116, 26.5486, 17.1814, 16.5929, 3.3751, 48.4511, 25.8848, 24.5574, 10.2244, 7.3009, 8.5703, 14.6017, 7.4508, 27.044, 3.3186, 1.9911, 13.3802, 3.5627, 14.6592, 24.6379, 5.3097, 47.2257, 5.3097, 38.2138, 15.2178],
      [0.7383, 0.7951, 1.4677, 3.6372, 0.4544, 0.4544, 1.7194, 0.5111, 0.7109, 1.0663, 0.6058, 1.5995, 1.0071, 0.4544, 1.3033, 0.6813, 0.0889, 0.0592, 0.1195, 0.6516, 0.3621, 1.1848, 0.7997, 0.7109, 0.0947, 2.1623, 1.1434, 1.096, 0.4443, 0.3258, 0.6437, 0.6516, 0.3258, 1.4931, 0.1481, 0.0889, 0.6813, 0.1481, 0.7109, 1.0663, 0.237, 2.5177, 0.237, 4.2217, 0.6813],
      [4.4918, 8.652, 8.235, 3.8009, 4.6415, 4.941, 10.6573, 3.7932, 3.514, 4.2189, 3.294, 8.0853, 5.0907, 10.3894, 6.588, 3.4437, 0.6784, 0.2783, 0.5978, 3.294, 1.3569, 5.9891, 4.0426, 2.9297, 0.7486, 10.9301, 5.8394, 5.5399, 1.9832, 1.647, 2.2459, 3.294, 1.647, 6.8715, 0.7486, 0.4492, 5.329, 0.5045, 3.5935, 4.646, 1.1978, 12.7268, 1.1978, 12.1279, 3.5178],
      [4.6188, 8.8848, 8.4678, 8.1599, 4.6642, 3.4188, 5.6965, 3.695, 1.8951, 6.7139, 2.5584, 8.3138, 17.0806, 3.2112, 6.7742, 3.5411, 0.4419, 0.3079, 0.6158, 3.3871, 1.5396, 6.1584, 4.8958, 3.695, 0.7698, 11.1971, 6.0044, 5.6965, 2.3094, 1.6936, 3.4955, 3.3871, 1.5477, 6.4663, 0.7698, 0.4619, 3.5411, 0.7698, 4.9556, 5.5426, 1.2317, 22.3698, 1.2317, 26.1503, 3.5411],
      [0.0893, 0.1638, 0.1638, 0.8351, 0.0923, 0.0909, 0.1102, 0.0715, 0.0589, 0.1072, 0.0655, 0.1179, 0.1013, 0.069, 0.1583, 0.0606, 0.0202, 0.0017, 0.0119, 0.0655, 0.0298, 0.1191, 0.0804, 0.0715, 0.0118, 0.2594, 0.128, 0.1102, 0.0387, 0.0328, 0.0447, 0.0655, 0.0286, 0.1251, 0.0149, 0.0089, 0.0685, 0.0149, 0.0808, 0.1072, 0.0238, 0.16, 0.0238, 0.2863, 0.0421]
    ],
    [
      [6.1708, 9.1906, 11.1446, 3.7651, 4.5181, 6.4334, 4.7266, 4.464, 4.7396, 5.777, 5.6457, 13.3237, 1.6566, 5.0686, 7.6151, 3.4639, 0.3939, 0.3152, 0.1506, 4.2169, 2.8614, 7.3525, 3.9388, 5.7229, 3.7483, 12.8012, 4.7029, 7.5301, 8.3769, 5.5723, 1.9578, 4.9892, 5.0286, 6.3021, 2.4096, 0.6565, 2.259, 1.2048, 3.4137, 3.1627, 1.4442, 11.1446, 3.3133, 9.9784, 4.3675],
      [2.1232, 2.2866, 5.3164, 1.8505, 1.3066, 1.3066, 3.8817, 1.9306, 1.4804, 2.5167, 1.7422, 7.911, 0.8142, 1.3066, 4.5893, 1.7025, 0.2221, 0.074, 0.074, 2.0726, 1.4699, 4.3672, 2.2206, 2.0165, 0.2726, 6.2918, 1.851, 3.7011, 1.5945, 2.7388, 0.9623, 2.2866, 1.2584, 4.2084, 1.5244, 0.7622, 1.1103, 0.5922, 1.7025, 1.7234, 0.7077, 5.4776, 1.243, 12.1406, 3.1576],
      [0.3138, 2.7157, 0.5723, 0.1926, 0.2414, 0.3539, 0.4658, 0.3529, 0.1609, 0.2087, 0.2172, 0.531, 0.0885, 0.2657, 0.4989, 0.1851, 0.0241, 0.008, 0.008, 0.2253, 0.0839, 0.4056, 0.2414, 0.1377, 0.3975, 0.6839, 0.2414, 0.4023, 0.2092, 0.2977, 0.1046, 0.2253, 0.4666, 0.4249, 0.1287, 0.0409, 0.1207, 0.0644, 0, 0, 0.2238, 0.5954, 0.177, 0.9816, 0.2625],
      [11.5469, 18.0606, 22.6215, 7.4019, 8.8823, 10.3626, 11.5469, 8.5862, 4.194, 10.0666, 5.6618, 19.541, 3.2568, 7.1064, 20.079, 6.8097, 0.8882, 0.2961, 0.2961, 8.2901, 9.0649, 20.8091, 10.8344, 12.2152, 5.2748, 17.9984, 8.8823, 14.8038, 8.7664, 10.9548, 3.849, 8.2901, 5.0333, 13.9156, 4.7372, 2.0725, 4.4411, 2.3686, 6.8097, 6.2176, 7.1075, 27.6503, 10.3744, 41.4063, 13.1575],
      [18.8452, 28.7465, 34.3452, 11.79, 15.0517, 16.5434, 18.3789, 13.6664, 9.4251, 15.4311, 13.7331, 24.6933, 5.1838, 12.2526, 29.2178, 10.8389, 1.4717, 0.3067, 0.4713, 13.1951, 5.5198, 26.0656, 12.7648, 17.9077, 2.3067, 47.2247, 14.3224, 23.5627, 7.053, 17.4364, 6.1263, 12.2088, 5.2131, 22.149, 7.2, 3.4679, 7.0688, 3.77, 11.0741, 9.8964, 24.5168, 29.1321, 6.8923, 57.4931, 8.0549]
    ]
  ],
  "V_est": [
    [19.2274, 1456.6578, 120.098, 246.8002, 84.2166],
    [127.3407, 343.5306, 10583.2732, 208.2039, 1189.6516],
    [139.781, 66.3089, 61.9817, 17425.2239, 142.7044],
    [379.0234, 17.312, 209.311, 435.3735, 195.9801],
    [823.6084, 40.3018, 199.7891, 231.8687, 4.432],
    [227.0191, 109.889, 14.5469, 462.5298, 682.0153]
  ],
  "p_est": [
    [0.01, 0.7559, 0.0623, 0.1281, 0.0437],
    [0.0102, 0.0276, 0.8499, 0.0167, 0.0955],
    [0.0078, 0.0037, 0.0035, 0.977, 0.008],
    [0.3064, 0.014, 0.1692, 0.352, 0.1584],
    [0.6335, 0.031, 0.1537, 0.1784, 0.0034],
    [0.1518, 0.0735, 0.0097, 0.3092, 0.4559]
  ],
  "EI_Z": {},
  "EI_V": 13.7808,
  "MAE_Z": {},
  "MAE_V": 333.0168,
  "MAE_p": 0.0942,
  "runtime": 6.99
}
