{
  "X": [
    [17, 13, 116, 100, 1],
    [18, 15, 108, 149, 6],
    [14, 19, 114, 101, 7],
    [25, 32, 122, 136, 1],
    [21, 37, 121, 202, 7],
    [16, 27, 81, 91, 12],
    [45, 25, 107, 202, 4],
    [26, 31, 82, 194, 14],
    [31, 25, 98, 186, 11],
    [20, 40, 79, 189, 15],
    [26, 32, 109, 244, 10],
    [27, 31, 114, 163, 12],
    [30, 38, 115, 139, 4],
    [21, 34, 96, 212, 6],
    [20, 18, 111, 99, 8],
    [15, 15, 82, 97, 4],
    [44, 27, 164, 191, 9],
    [36, 42, 102, 136, 9],
    [30, 27, 74, 145, 10],
    [31, 51, 57, 159, 20],
    [37, 44, 78, 127, 18],
    [43, 50, 61, 179, 15],
    [32, 49, 67, 151, 21],
    [25, 37, 26, 151, 14],
    [18, 44, 31, 114, 16],
    [27, 24, 34, 126, 11],
    [31, 41, 71, 127, 13],
    [30, 39, 106, 143, 17],
    [28, 37, 105, 183, 16],
    [38, 43, 107, 161, 14],
    [29, 45, 81, 158, 6],
    [44, 48, 130, 162, 20],
    [27, 32, 44, 132, 11],
    [43, 51, 103, 190, 7],
    [31, 52, 45, 206, 18],
    [44, 45, 84, 190, 15],
    [26, 48, 103, 163, 11],
    [30, 18, 56, 118, 2],
    [45, 57, 83, 243, 30],
    [22, 39, 66, 143, 2],
    [22, 40, 62, 163, 8],
    [19, 39, 53, 115, 8],
    [20, 31, 109, 113, 9],
    [54, 37, 88, 143, 13],
    [18, 17, 119, 172, 10],
    [20, 22, 81, 206, 9],
    [14, 26, 67, 193, 20],
    [18, 18, 122, 150, 2],
    [35, 32, 157, 180, 9],
    [19, 22, 81, 180, 6],
    [17, 26, 67, 178, 16],
    [9, 19, 46, 192, 4],
    [11, 16, 79, 147, 7],
    [22, 18, 85, 123, 8],
    [19, 22, 83, 130, 18],
    [33, 29, 107, 118, 4],
    [63, 45, 55, 146, 21],
    [66, 59, 115, 187, 31],
    [52, 35, 112, 145, 11],
    [71, 34, 151, 149, 14],
    [74, 48, 116, 149, 15],
    [35, 24, 108, 183, 15],
    [28, 16, 121, 186, 6],
    [27, 27, 147, 192, 9],
    [33, 15, 106, 116, 6],
    [17, 23, 67, 225, 4],
    [30, 32, 114, 184, 9],
    [15, 33, 78, 245, 12],
    [23, 29, 87, 196, 13],
    [16, 34, 50, 253, 18],
    [21, 27, 95, 264, 7],
    [26, 9, 65, 174, 4],
    [22, 15, 147, 118, 4],
    [20, 18, 86, 148, 5],
    [29, 16, 53, 187, 8],
    [20, 29, 71, 201, 14],
    [31, 20, 87, 220, 10],
    [21, 24, 114, 182, 9],
    [23, 9, 88, 138, 3],
    [21, 18, 93, 235, 16],
    [32, 16, 109, 199, 6],
    [32, 33, 108, 287, 5],
    [39, 32, 79, 249, 12],
    [40, 29, 140, 265, 11],
    [26, 19, 78, 124, 3],
    [18, 19, 75, 144, 8],
    [22, 16, 83, 171, 3],
    [25, 22, 74, 148, 5],
    [28, 27, 113, 219, 7],
    [41, 31, 95, 192, 8],
    [20, 43, 94, 158, 11],
    [27, 22, 99, 166, 18],
    [16, 20, 126, 115, 2],
    [44, 36, 88, 180, 2],
    [37, 46, 75, 202, 4],
    [431, 357, 1996, 2234, 58]
  ],
  "W": [
    [15, 20, 14, 101, 82, 15],
    [12, 15, 17, 97, 134, 21],
    [17, 12, 19, 92, 89, 26],
    [13, 22, 36, 102, 124, 19],
    [12, 33, 52, 109, 160, 22],
    [10, 13, 31, 66, 78, 29],
    [13, 47, 43, 88, 164, 28],
    [13, 25, 38, 66, 160, 45],
    [8, 20, 44, 94, 147, 38],
    [14, 21, 40, 71, 165, 32],
    [13, 24, 50, 82, 210, 42],
    [25, 27, 36, 92, 138, 29],
    [13, 37, 37, 96, 116, 27],
    [22, 21, 33, 86, 183, 24],
    [5, 18, 17, 90, 93, 33],
    [8, 22, 22, 69, 75, 17],
    [20, 47, 38, 147, 159, 24],
    [7, 31, 56, 88, 116, 27],
    [7, 27, 45, 59, 119, 29],
    [5, 36, 60, 48, 137, 32],
    [6, 40, 52, 64, 106, 36],
    [15, 36, 57, 56, 145, 39],
    [9, 27, 45, 61, 138, 40],
    [4, 22, 43, 25, 130, 29],
    [9, 11, 42, 21, 104, 36],
    [7, 20, 31, 31, 105, 28],
    [11, 24, 46, 60, 109, 33],
    [6, 32, 54, 80, 127, 36],
    [12, 30, 60, 81, 155, 31],
    [7, 37, 64, 88, 139, 28],
    [9, 26, 45, 69, 134, 36],
    [9, 38, 62, 110, 135, 50],
    [3, 22, 34, 42, 122, 23],
    [18, 26, 64, 82, 158, 46],
    [9, 27, 61, 34, 189, 32],
    [4, 47, 68, 68, 160, 31],
    [8, 22, 64, 91, 139, 27],
    [9, 27, 24, 37, 96, 31],
    [17, 35, 67, 58, 227, 54],
    [5, 15, 53, 52, 126, 21],
    [8, 20, 55, 51, 137, 24],
    [7, 18, 38, 42, 99, 30],
    [8, 24, 30, 93, 95, 32],
    [21, 49, 51, 83, 112, 19],
    [10, 18, 28, 99, 148, 33],
    [13, 20, 26, 67, 181, 31],
    [10, 18, 35, 56, 163, 38],
    [15, 16, 27, 111, 114, 27],
    [30, 28, 40, 133, 157, 25],
    [7, 21, 28, 77, 150, 25],
    [8, 15, 47, 58, 138, 38],
    [6, 14, 31, 46, 156, 17],
    [9, 14, 18, 72, 106, 41],
    [19, 22, 26, 72, 95, 22],
    [5, 19, 38, 79, 109, 22],
    [7, 33, 35, 91, 95, 30],
    [14, 61, 47, 47, 126, 35],
    [26, 56, 77, 94, 147, 58],
    [14, 50, 49, 98, 122, 22],
    [21, 71, 54, 115, 114, 44],
    [23, 71, 60, 101, 120, 27],
    [9, 31, 31, 98, 160, 36],
    [6, 35, 28, 105, 151, 32],
    [11, 31, 34, 126, 153, 47],
    [3, 29, 22, 98, 104, 20],
    [12, 15, 27, 61, 191, 30],
    [16, 26, 30, 103, 150, 44],
    [10, 18, 51, 76, 200, 28],
    [22, 21, 35, 75, 161, 34],
    [15, 16, 41, 42, 226, 31],
    [9, 24, 32, 90, 219, 40],
    [14, 32, 13, 52, 135, 32],
    [11, 20, 18, 134, 95, 28],
    [16, 25, 17, 77, 122, 20],
    [10, 32, 26, 61, 146, 18],
    [8, 26, 40, 61, 158, 42],
    [14, 30, 33, 81, 176, 34],
    [13, 32, 40, 108, 130, 27],
    [20, 31, 15, 81, 94, 20],
    [16, 33, 28, 87, 191, 28],
    [14, 42, 24, 101, 141, 40],
    [30, 45, 53, 106, 199, 32],
    [20, 43, 45, 67, 197, 39],
    [38, 45, 36, 126, 193, 47],
    [20, 19, 27, 78, 92, 14],
    [17, 17, 20, 65, 116, 29],
    [23, 18, 21, 83, 128, 22],
    [22, 30, 31, 59, 116, 16],
    [18, 23, 38, 92, 186, 37],
    [21, 35, 35, 80, 164, 32],
    [12, 21, 36, 85, 143, 29],
    [11, 29, 32, 85, 140, 35],
    [9, 13, 22, 113, 102, 20],
    [15, 43, 55, 71, 138, 28],
    [8, 37, 61, 54, 174, 30],
    [155, 411, 433, 1805, 1814, 458]
  ],
  "method": "mvn_pdf",
  "cond_prob": [
    [
      [0.081079409063, 0.0087472547979, 0.33051897059, 0.57934596047, 0.00030840506933],
      [0.61525717784, 0.011783996332, 0.16891041531, 0.20053211401, 0.0035162965164],
      [0.10913865756, 0.57845310755, 0.05074330283, 0.22283193209, 0.038832999974],
      [0.0031282787301, 0.00010396549703, 0.95594600826, 0.040821111711, 6.3580416714e-07],
      [0.0064879104024, 0.029432893425, 0.059676005989, 0.89782851696, 0.0065746732204],
      [0.052822628095, 0.10983007683, 0.39602187788, 0.39375140154, 0.047574015654]
    ],
    [
      [0.11746529114, 0.0086532818217, 0.25181470582, 0.62136404791, 0.00070267331407],
      [0.71192431206, 0.009232189773, 0.10206692825, 0.17042766666, 0.0063489032539],
      [0.14595911185, 0.51531344055, 0.035845083559, 0.22087061154, 0.082011752495],
      [0.0058151173559, 0.00013254609731, 0.937574131, 0.056476339025, 1.8665266256e-06],
      [0.0088270377141, 0.027409440413, 0.042988280255, 0.90663679244, 0.014138449177],
      [0.075013656612, 0.1063137637, 0.29595648081, 0.41479934834, 0.10791675053]
    ],
    [
      [0.092712118734, 0.011376993281, 0.37637979477, 0.51869718511, 0.00083390810543],
      [0.64045288862, 0.013903737289, 0.17415263504, 0.16286044049, 0.0086302985584],
      [0.10144822049, 0.60301215067, 0.047030541867, 0.16242291325, 0.086086173723],
      [0.0031687311192, 0.00012020113522, 0.96420082521, 0.032508714034, 1.5284987565e-06],
      [0.0079192594441, 0.040924981466, 0.072649120127, 0.85945669381, 0.01904994515],
      [0.053074312732, 0.12561162922, 0.3961332133, 0.31006765703, 0.11511318772]
    ],
    [
      [0.11453996305, 0.012062662811, 0.34038741783, 0.53269576274, 0.00031419357209],
      [0.69475898845, 0.013116626052, 0.14026920091, 0.14896391802, 0.0028912665604],
      [0.12570447124, 0.63210054665, 0.042703021982, 0.16740202061, 0.032089939515],
      [0.0043114530016, 0.00014019911901, 0.95878303634, 0.036764678436, 6.3310288976e-07],
      [0.0097147873185, 0.042995381949, 0.065251284628, 0.87493670924, 0.0071018368641],
      [0.071463914677, 0.14451029833, 0.39054723982, 0.34710344301, 0.046375104164]
    ],
    [
      [0.050310818785, 0.0089885595829, 0.21650722152, 0.7236570559, 0.00053634421465],
      [0.4943041361, 0.016080144507, 0.14772375275, 0.33375853452, 0.0081334321211],
      [0.066512427291, 0.56014163861, 0.032922845598, 0.27414298117, 0.066280107335],
      [0.0028859586013, 0.00015829168412, 0.9214064148, 0.075547698704, 1.6362113621e-06],
      [0.00336674509, 0.025086014599, 0.032666529499, 0.92937865905, 0.0095020517578],
      [0.033539563423, 0.11444267232, 0.26463950979, 0.50246763536, 0.084910619117]
    ],
    [
      [0.11097334212, 0.014361919073, 0.29971559854, 0.57338806018, 0.0015610800822],
      [0.68474010835, 0.015724375199, 0.12410843371, 0.16095282387, 0.014474258864],
      [0.09692476637, 0.60101976556, 0.02991554994, 0.14316551978, 0.12897439835],
      [0.0046653013332, 0.00018673199056, 0.95096659441, 0.044177850144, 3.5221177912e-06],
      [0.0085775561064, 0.046732686884, 0.052383440958, 0.86001269609, 0.032293619961],
      [0.057948287742, 0.14452994291, 0.28744287891, 0.31232799728, 0.19775089314]
    ],
    [
      [0.10776862864, 0.0061611606546, 0.23629166248, 0.64941201457, 0.00036653364999],
      [0.68953451707, 0.0071664614045, 0.10479732341, 0.19488921985, 0.0036124782618],
      [0.16711561426, 0.44873697339, 0.042189967878, 0.28900560578, 0.052951838698],
      [0.0057136220331, 0.00010061269489, 0.93128324312, 0.062901485044, 1.0371095028e-06],
      [0.0079754086531, 0.019071472132, 0.039550827039, 0.92620151995, 0.0072007722207],
      [0.075658554281, 0.082576205225, 0.30492314516, 0.47592290354, 0.06091919179]
    ],
    [
      [0.09570441286, 0.010136906069, 0.20258587278, 0.6905795784, 0.00099322988221],
      [0.65946762716, 0.012608531749, 0.096061575362, 0.2213921867, 0.010470079027],
      [0.10777656319, 0.53813840705, 0.026305256354, 0.22309731155, 0.10468246184],
      [0.0058165889992, 0.00018996126045, 0.91727101314, 0.076719209811, 3.2267850551e-06],
      [0.006576097035, 0.029157678772, 0.031529172925, 0.9145909125, 0.018146138773],
      [0.059087132841, 0.11980987843, 0.22965921186, 0.44488597851, 0.14655779837]
    ],
    [
      [0.14762016664, 0.0068320698853, 0.15389586225, 0.6909372995, 0.00071460173023],
      [0.76783096902, 0.0063666344076, 0.05459742241, 0.16556589615, 0.0056390780119],
      [0.19696046645, 0.42663456463, 0.023653855189, 0.26378584681, 0.088965266923],
      [0.011402709353, 0.00016321661973, 0.89053137879, 0.097899735526, 2.959714316e-06],
      [0.010291420798, 0.019993728796, 0.024425124995, 0.93200311593, 0.013286609482],
      [0.10154363848, 0.089902553624, 0.19467170671, 0.49651211517, 0.11736998602]
    ],
    [
      [0.088538618609, 0.017503813593, 0.17836190031, 0.71410318008, 0.0014924874039],
      [0.63545760364, 0.022629026377, 0.087862808476, 0.23769579128, 0.016354770236],
      [0.068833120464, 0.64673599734, 0.015997896202, 0.1593071839, 0.10912580209],
      [0.0060122325981, 0.00036620796489, 0.90500713097, 0.0886090146, 5.4138704084e-06],
      [0.0057562071854, 0.047663105626, 0.026268388859, 0.89448960055, 0.025822697784],
      [0.047723887213, 0.18119138918, 0.1762722769, 0.40135977675, 0.19345266995]
    ],
    [
      [0.081150750215, 0.0068610621125, 0.2685094096, 0.64292063879, 0.00055813928816],
      [0.61551599784, 0.0094298945931, 0.14057222885, 0.22798242891, 0.0064994498097],
      [0.12124866345, 0.47948398777, 0.046135303686, 0.27548260271, 0.077649442392],
      [0.0038321357658, 9.9837466971e-05, 0.94055994914, 0.055506670326, 1.4072966509e-06],
      [0.0060113008369, 0.021242607945, 0.04494936327, 0.91682528599, 0.010971441962],
      [0.053792625428, 0.086780059301, 0.32689320386, 0.4447446419, 0.087789469507]
    ],
    [
      [0.098537034419, 0.012150932784, 0.28409289101, 0.60409239108, 0.0011267507059],
      [0.6561891477, 0.014632778132, 0.1301676267, 0.18750787094, 0.011502576526],
      [0.099711731546, 0.58440405638, 0.033069170705, 0.17548855875, 0.10732648262],
      [0.0044117020478, 0.00016769370509, 0.94593736127, 0.049480547562, 2.6954202834e-06],
      [0.0074646778247, 0.038568516735, 0.048655566182, 0.88258757515, 0.022723664107],
      [0.056171855707, 0.13291784404, 0.2972382075, 0.35937446154, 0.15429763122]
    ],
    [
      [0.088423255379, 0.016887418442, 0.2867202103, 0.60746799099, 0.00050112488482],
      [0.62966749565, 0.021806622035, 0.14089682591, 0.20214606707, 0.0054829893438],
      [0.07675978549, 0.70257074022, 0.028614622961, 0.1513693531, 0.040685498233],
      [0.0039225515401, 0.00023056889922, 0.94664807311, 0.049197620158, 1.1862949927e-06],
      [0.006655425458, 0.053238281928, 0.048708033442, 0.88137764018, 0.010020618995],
      [0.052266838377, 0.19181095678, 0.31104817196, 0.37446056509, 0.070413467788]
    ],
    [
      [0.088111754226, 0.014739094492, 0.19168867658, 0.70484264394, 0.0006178307566],
      [0.64067458795, 0.019284147285, 0.095585712935, 0.2376072404, 0.0068483114265],
      [0.082133734418, 0.65491344884, 0.020593333759, 0.1885210649, 0.053838418083],
      [0.0056210347911, 0.00028964326019, 0.91187381039, 0.082213406949, 2.10460792e-06],
      [0.0059187303905, 0.041475202264, 0.029170663739, 0.91240101644, 0.011034387168],
      [0.05488058805, 0.17626152609, 0.21911006897, 0.45801420519, 0.0917336117]
    ],
    [
      [0.12428316255, 0.01071617831, 0.36629946532, 0.49785020919, 0.00085098463456],
      [0.7120414129, 0.010838510423, 0.14038418925, 0.12944620002, 0.0072896874106],
      [0.13720316836, 0.57067005568, 0.046249548138, 0.15747812666, 0.088399101156],
      [0.004350056396, 0.00011622180143, 0.96351341679, 0.032018703623, 1.6013872926e-06],
      [0.010975680229, 0.039949093652, 0.073285991472, 0.85564586602, 0.020143368631],
      [0.071798692425, 0.11939372471, 0.38963178595, 0.30073546167, 0.11844033525]
    ],
    [
      [0.057194616394, 0.0071474912866, 0.29305884695, 0.64209111174, 0.00050793363653],
      [0.52663977235, 0.011770587888, 0.18311433023, 0.27138992357, 0.0070853859552],
      [0.085919735498, 0.51706296275, 0.050115740028, 0.27501739145, 0.071884170277],
      [0.0024573347809, 9.4281088595e-05, 0.94738613986, 0.050061082419, 1.1618496829e-06],
      [0.0042248641697, 0.02209889067, 0.04859390953, 0.91511362459, 0.0099687110404],
      [0.037575112023, 0.090006504885, 0.35366523246, 0.43899483813, 0.079758312495]
    ],
    [
      [0.11190980174, 0.0086472528047, 0.25866029412, 0.62005069299, 0.00073195834292],
      [0.69229584189, 0.0097300294585, 0.11094828015, 0.18004306093, 0.0069827875596],
      [0.14034735286, 0.51273216211, 0.0373885592, 0.22338866279, 0.086143263044],
      [0.0054848279731, 0.00013055557996, 0.93879390037, 0.055588801413, 1.9146630469e-06],
      [0.0084772478567, 0.027417257856, 0.04434912319, 0.90501513083, 0.014741240265],
      [0.071075906576, 0.10513528594, 0.30160480547, 0.41111935583, 0.11106464618]
    ],
    [
      [0.13881914036, 0.012370278981, 0.25416724919, 0.59390575724, 0.00073757423594],
      [0.74131924008, 0.011941421232, 0.093190727094, 0.14751662688, 0.0060319847131],
      [0.14007352959, 0.58902209107, 0.029454740035, 0.17179711815, 0.06965252116],
      [0.0068540610036, 0.0001884928563, 0.93926497522, 0.053690522659, 1.9482598662e-06],
      [0.010753309915, 0.040191240622, 0.044552155524, 0.88928451608, 0.015218777857],
      [0.084710633577, 0.14466953522, 0.28489677771, 0.37827751142, 0.10744554207]
    ],
    [
      [0.11399876281, 0.0076459808246, 0.23774706079, 0.63984997502, 0.00075822055569],
      [0.70174094027, 0.0084775242438, 0.10018051389, 0.18247945208, 0.0071215695239],
      [0.15099164336, 0.47624798398, 0.03612555577, 0.24260156919, 0.094033247698],
      [0.0059563765211, 0.00012324839299, 0.93281304913, 0.061105207048, 2.1189109059e-06],
      [0.0084188923449, 0.023670214043, 0.039702938847, 0.91329658606, 0.01491136871],
      [0.07372531111, 0.094599545588, 0.28266178, 0.43181862834, 0.11719473497]
    ],
    [
      [0.097818749954, 0.017870285029, 0.17872933678, 0.70355702039, 0.0020246078466],
      [0.65447012921, 0.021714959451, 0.082786820769, 0.22016518825, 0.020862902324],
      [0.072176060384, 0.62296328961, 0.015215022764, 0.14897642248, 0.14066920477],
      [0.0066192558607, 0.00037226397151, 0.90616793766, 0.08683323087, 7.3116381049e-06],
      [0.0063781766261, 0.048756465156, 0.026356165034, 0.88339975905, 0.035109434131],
      [0.049192141016, 0.17233729599, 0.16472725196, 0.3687284899, 0.24501482113]
    ],
    [
      [0.11763259795, 0.016588658058, 0.23070884521, 0.63325419354, 0.0018157052422],
      [0.69604051657, 0.017822162998, 0.094359322456, 0.17523708556, 0.016540912416],
      [0.091691072111, 0.61251736995, 0.02072068952, 0.14171303433, 0.13335783408],
      [0.0063508113455, 0.00027597265541, 0.93093192294, 0.062436055486, 5.2375739818e-06],
      [0.0083831828831, 0.049523175871, 0.037167564922, 0.87047740053, 0.034448675797],
      [0.060118062094, 0.16272263975, 0.21627480874, 0.33748154032, 0.22340294909]
    ],
    [
      [0.15330216403, 0.016622824952, 0.13911844482, 0.68980088383, 0.0011556823625],
      [0.76680308711, 0.015073350688, 0.048118176833, 0.16112324322, 0.0088821421457],
      [0.12166797185, 0.62244530088, 0.012773072414, 0.1571903462, 0.08592330865],
      [0.012967362678, 0.00043384107629, 0.87981742328, 0.10677614338, 5.2295856537e-06],
      [0.010372563204, 0.047132233935, 0.021383384948, 0.90029645583, 0.020815362079],
      [0.088916980134, 0.18494156462, 0.14809509474, 0.41757445726, 0.16047190325]
    ],
    [
      [0.16060412948, 0.025829763183, 0.16739073384, 0.64363609402, 0.0025392794772],
      [0.76324751935, 0.022100278695, 0.05452550491, 0.14171023372, 0.01841646332],
      [0.087588668962, 0.67041543177, 0.010553868454, 0.10085368941, 0.13058834141],
      [0.011550966396, 0.0005740330578, 0.90300640969, 0.084858802117, 9.7887429444e-06],
      [0.010889575905, 0.073582485338, 0.025792877513, 0.84375289656, 0.045982164684],
      [0.071354564687, 0.22099890667, 0.13643163538, 0.29851168388, 0.27270320939]
    ],
    [
      [0.12628975599, 0.015721167316, 0.11045734829, 0.74608084728, 0.0014508811163],
      [0.72974913358, 0.016242416217, 0.043504726351, 0.19780377277, 0.012699951082],
      [0.10228890405, 0.60389151711, 0.010341309966, 0.17293675266, 0.11054151621],
      [0.012755559726, 0.00049021299709, 0.84908768955, 0.13765868824, 7.8494916113e-06],
      [0.0079673541713, 0.041654297127, 0.015862770188, 0.91007978564, 0.024435792877],
      [0.071785617397, 0.17181039441, 0.11524327447, 0.44222321459, 0.19893749913]
    ],
    [
      [0.15428376722, 0.025240227174, 0.18644743703, 0.63203780709, 0.0019907614936],
      [0.75991412844, 0.02205601939, 0.061727569034, 0.14157391611, 0.01472836702],
      [0.088213067401, 0.68879016766, 0.012264839854, 0.10350086044, 0.10723106465],
      [0.0099401072357, 0.00050406674271, 0.91477360837, 0.074775315326, 6.9023210559e-06],
      [0.010678901979, 0.073625624686, 0.029330350508, 0.84945487186, 0.03691025097],
      [0.072616738784, 0.2291263382, 0.16111984819, 0.31044805977, 0.22668901505]
    ],
    [
      [0.17336071035, 0.011341127442, 0.12750939794, 0.6865972047, 0.001191559572],
      [0.79924624792, 0.0092588413451, 0.039597077767, 0.14366012171, 0.0082377112552],
      [0.16740793165, 0.52052357968, 0.014196567173, 0.18953536679, 0.10833655471],
      [0.01550995133, 0.00031430439491, 0.87156963603, 0.11260037648, 5.7317670685e-06],
      [0.011869612262, 0.032739121371, 0.019922486726, 0.91359905391, 0.021869725732],
      [0.10623312489, 0.13384509493, 0.14377084484, 0.43947333976, 0.17667759557]
    ],
    [
      [0.16103962122, 0.017334358203, 0.2072349475, 0.61311503531, 0.001276037763],
      [0.77217740552, 0.01493320122, 0.06781202202, 0.13576485224, 0.0093125189999],
      [0.12354032743, 0.63131962299, 0.018298194748, 0.13485813026, 0.091983724578],
      [0.0095412376867, 0.00031749578581, 0.92353629802, 0.066600914487, 4.0540185622e-06],
      [0.011864846506, 0.053679728707, 0.034646656837, 0.87470134134, 0.02510742661],
      [0.08838856962, 0.18295846113, 0.20889032816, 0.35130656399, 0.1684560771]
    ],
    [
      [0.093104269866, 0.01048419536, 0.34341998276, 0.55169816186, 0.0012933901489],
      [0.63563947306, 0.012988493086, 0.16163393707, 0.17615577062, 0.013582326159],
      [0.10274959898, 0.54495166917, 0.043486378082, 0.17473690609, 0.13407544768],
      [0.0034907382968, 0.0001211430109, 0.95857887678, 0.037806651532, 2.5903823214e-06],
      [0.0075749471369, 0.035707310421, 0.062984447158, 0.86574345717, 0.02798983811],
      [0.051452522078, 0.11088549451, 0.34832992248, 0.31804297756, 0.17128908337]
    ],
    [
      [0.079029935507, 0.0080951304906, 0.29654353209, 0.61528134765, 0.0010500542594],
      [0.60115836319, 0.011193741088, 0.15599034037, 0.21934900713, 0.012308548216],
      [0.1029715036, 0.49446813669, 0.044369961452, 0.22993724615, 0.12825315211],
      [0.0033989637954, 0.00010719809436, 0.94816793398, 0.048323494828, 2.4092989834e-06],
      [0.0059826041666, 0.025612576612, 0.050621704306, 0.89667386187, 0.021109253046],
      [0.047311826445, 0.092563920536, 0.32578763976, 0.38413844071, 0.15019817255]
    ],
    [
      [0.11195624821, 0.010234932817, 0.27901102923, 0.59781512248, 0.00098266726082],
      [0.68848337423, 0.01143948088, 0.11858091435, 0.17218645247, 0.0093097780683],
      [0.12600705359, 0.54115162524, 0.036087257068, 0.19308345898, 0.10367060511],
      [0.0050886434354, 0.00014336693347, 0.94508544395, 0.049680160419, 2.3852582719e-06],
      [0.0086382406546, 0.033055689282, 0.048619188307, 0.889523872, 0.020163009752],
      [0.066701055766, 0.11663506967, 0.30514681975, 0.37161575732, 0.13990129749]
    ],
    [
      [0.1230439145, 0.017669873153, 0.20335394868, 0.65534726929, 0.00058499438108],
      [0.71762872714, 0.018570184047, 0.081332088746, 0.17726214881, 0.0052068512595],
      [0.10019287404, 0.68325491754, 0.019073947693, 0.15304467947, 0.044433581258],
      [0.0074338391751, 0.00032943812067, 0.91977576811, 0.072459063077, 1.8915215114e-06],
      [0.0087027240039, 0.052421031232, 0.03260057476, 0.89526273046, 0.011012939548],
      [0.074174592535, 0.20451027492, 0.22513277246, 0.41226933144, 0.083913028651]
    ],
    [
      [0.14093487577, 0.012701264547, 0.25246589743, 0.59255393595, 0.0013440263083],
      [0.73947895585, 0.012118507915, 0.091728174526, 0.14580462528, 0.010869736434],
      [0.1325931396, 0.56138722375, 0.027398417479, 0.16017983607, 0.1184413831],
      [0.0070594537906, 0.00019631524184, 0.93837736644, 0.054363263824, 3.6006993765e-06],
      [0.010816032463, 0.040817988451, 0.043887685783, 0.87703823935, 0.027440053953],
      [0.078844955011, 0.13602371808, 0.2592532185, 0.34607892943, 0.17979917898]
    ],
    [
      [0.17461030803, 0.017821922206, 0.1413925195, 0.66479758355, 0.0013776667066],
      [0.79509714181, 0.014396247662, 0.043404973045, 0.13767669931, 0.0094249381763],
      [0.12805039167, 0.62512626117, 0.011950199515, 0.13959355779, 0.095279589855],
      [0.014320339829, 0.00045237208359, 0.88523635494, 0.099984864584, 6.068565813e-06],
      [0.012013942853, 0.051720617845, 0.022171139646, 0.88867771284, 0.025416586818],
      [0.096653454997, 0.19042062046, 0.14381617042, 0.38431211189, 0.18479764224]
    ],
    [
      [0.17901317864, 0.011855253313, 0.22412890427, 0.58450971933, 0.00049294444536],
      [0.79699188505, 0.0095530744897, 0.068708279276, 0.12138272739, 0.0033640337854],
      [0.18367312306, 0.57061352308, 0.026503755489, 0.17216470784, 0.047044890541],
      [0.0099736281755, 0.00020418546148, 0.93004033214, 0.059780382454, 1.4717688932e-06],
      [0.014195020719, 0.039422317449, 0.040341555765, 0.89563620687, 0.010404899196],
      [0.11581868258, 0.14679503727, 0.26653743305, 0.39516770504, 0.075681142058]
    ],
    [
      [0.1244575157, 0.016224299389, 0.17111418313, 0.68673103236, 0.0014729694251],
      [0.71766675093, 0.016919240978, 0.067959476069, 0.18443632558, 0.01301820645],
      [0.10010685743, 0.61438386756, 0.015879026578, 0.15855377375, 0.11107647467],
      [0.0087493924405, 0.00035184944052, 0.90256350762, 0.088329713076, 5.5374191116e-06],
      [0.0083923041581, 0.045836510283, 0.02615362125, 0.89317471531, 0.026442849],
      [0.068422888992, 0.17093679828, 0.17259489989, 0.39393865822, 0.19410675462]
    ],
    [
      [0.10482071593, 0.0099440509605, 0.22053308611, 0.66374083052, 0.00096131648479],
      [0.67778032634, 0.011722742052, 0.099092891294, 0.20179612322, 0.0096079170926],
      [0.11950466816, 0.53162097077, 0.0289741245, 0.21728772867, 0.1026125079],
      [0.0059048497835, 0.00017246650914, 0.92566176962, 0.068258025054, 2.8890359314e-06],
      [0.0074580376211, 0.029580920619, 0.035458998861, 0.90933673432, 0.018165308576],
      [0.064648575986, 0.11721754712, 0.24965094087, 0.42702392363, 0.14145901239]
    ],
    [
      [0.10535976494, 0.012706842567, 0.23385583702, 0.64724614076, 0.00083141471475],
      [0.67934585884, 0.014809261779, 0.10356057795, 0.1940750148, 0.008209286632],
      [0.10609836636, 0.60187206008, 0.027047914669, 0.18669580013, 0.078285858757],
      [0.0056112125011, 0.00020868584965, 0.931113863, 0.063063872116, 2.3665343578e-06],
      [0.007594513302, 0.03835751052, 0.038128277603, 0.89997926033, 0.015940438241],
      [0.063809629922, 0.14730100337, 0.25991426823, 0.4088380849, 0.12013701357]
    ],
    [
      [0.13733205976, 0.0074528615075, 0.26607541957, 0.58880794726, 0.00033171190126],
      [0.74540559123, 0.0072213446688, 0.097918900806, 0.14673383626, 0.0027203270396],
      [0.19024603758, 0.4913668284, 0.042196991733, 0.23343643401, 0.042753708271],
      [0.0064458342326, 0.00010815188032, 0.9428788542, 0.050566324543, 8.3513979519e-07],
      [0.010925138272, 0.024935308484, 0.047884136514, 0.90921691319, 0.0070385035402],
      [0.093781463635, 0.097606250911, 0.33486454829, 0.42006013066, 0.053687606504]
    ],
    [
      [0.1522028651, 0.014633655702, 0.22763274027, 0.6034102519, 0.0021204870291],
      [0.75248848402, 0.013164239735, 0.078038051618, 0.1401369911, 0.016172233518],
      [0.12307236149, 0.55461492886, 0.02126934329, 0.14038894496, 0.1606544214],
      [0.0083843822955, 0.0002488304146, 0.930428494, 0.060932044393, 6.2488987448e-06],
      [0.011294714041, 0.045467557038, 0.038288022285, 0.86308284628, 0.041866860357],
      [0.076563740239, 0.14088254906, 0.21014357428, 0.31703190261, 0.2553782338]
    ],
    [
      [0.11813380077, 0.010592357337, 0.25896916502, 0.61195676614, 0.00034791073774],
      [0.71112895198, 0.011394054643, 0.10539498997, 0.16891577523, 0.0031662281772],
      [0.1383957909, 0.58445511635, 0.03461068303, 0.20470666862, 0.037831741105],
      [0.0056655652643, 0.00015698021632, 0.94041027095, 0.053766289567, 8.9400497266e-07],
      [0.0090204354267, 0.033964711958, 0.044681142067, 0.9052553365, 0.0070783740517],
      [0.077788327935, 0.1335408424, 0.31384057766, 0.42059761477, 0.05423263724]
    ],
    [
      [0.09149422398, 0.011087020818, 0.202392122, 0.69437120641, 0.00065542679109],
      [0.65122506191, 0.014213470574, 0.098620311655, 0.22882431338, 0.0071168424797],
      [0.10204196101, 0.58228469112, 0.025898864714, 0.22150554978, 0.068268933381],
      [0.0055123251397, 0.00020584316151, 0.91789862613, 0.076381096148, 2.1094176419e-06],
      [0.0062747229939, 0.031835987463, 0.031370773424, 0.9185679178, 0.011950598321],
      [0.058827468139, 0.13642088646, 0.2389474403, 0.46540006704, 0.10040413806]
    ],
    [
      [0.10843096974, 0.020692455692, 0.21600139234, 0.65399088715, 0.00088429507648],
      [0.68586397659, 0.023381203308, 0.09263027976, 0.18966401124, 0.0084605291044],
      [0.077760121181, 0.71076571553, 0.017779940068, 0.13422625919, 0.059467964033],
      [0.0061428600753, 0.00036184677668, 0.92577757916, 0.067715030404, 2.6835795351e-06],
      [0.007551995735, 0.060549676275, 0.034035423958, 0.88143625571, 0.016426648317],
      [0.06033400138, 0.22173087933, 0.22064223473, 0.37934516705, 0.1179477175]
    ],
    [
      [0.084746808216, 0.016476917402, 0.29076306715, 0.60705322592, 0.00095998131235],
      [0.6181482119, 0.021602853286, 0.14484701628, 0.20473709805, 0.010664820491],
      [0.072138779656, 0.67444597062, 0.028412347816, 0.14811081703, 0.076892084878],
      [0.0036984689111, 0.00022153314795, 0.94770131352, 0.048376445611, 2.2388092168e-06],
      [0.0063206742285, 0.0515418729, 0.048957654209, 0.87411467961, 0.019065119051],
      [0.047114929566, 0.17633117648, 0.29660961759, 0.35181737479, 0.12812690157]
    ],
    [
      [0.17095828111, 0.013541430023, 0.16971532449, 0.64437567306, 0.001409291313],
      [0.78599714978, 0.011315094716, 0.054036209756, 0.13866372248, 0.0099878232676],
      [0.14863558104, 0.55777186193, 0.017033204504, 0.16084227862, 0.11571707391],
      [0.012177740703, 0.0002973338462, 0.90355802148, 0.083961541345, 5.3626217396e-06],
      [0.012267882032, 0.040738430113, 0.027624179032, 0.89241403236, 0.026955476459],
      [0.0974034978, 0.14820955453, 0.17740956478, 0.383135178, 0.19384220489]
    ],
    [
      [0.077068888121, 0.0059970833464, 0.29136178824, 0.62480093615, 0.00077130414132],
      [0.60217729908, 0.0083934783524, 0.15508252494, 0.22520062917, 0.0091460684564],
      [0.11971074319, 0.43862085755, 0.05185036714, 0.27762701952, 0.11219101259],
      [0.0033623389477, 8.0657142095e-05, 0.94673685727, 0.049818348693, 1.7979473754e-06],
      [0.005817650434, 0.018956411424, 0.049692583025, 0.91004363646, 0.015489718659],
      [0.049297410563, 0.073296627262, 0.34242481938, 0.41701627609, 0.11796486671]
    ],
    [
      [0.087109839406, 0.0088692435428, 0.20966353712, 0.69359642403, 0.00076095590213],
      [0.63979046663, 0.01166290132, 0.10506522043, 0.23500239051, 0.0084790211133],
      [0.1087232512, 0.52418873277, 0.030105097145, 0.24810158036, 0.088881338513],
      [0.0051157223456, 0.00016057716369, 0.92026158993, 0.074459722156, 2.3884013046e-06],
      [0.0060003649908, 0.025600512817, 0.03270510561, 0.92174451634, 0.013949500243],
      [0.056274258337, 0.10975600177, 0.24883148097, 0.46762897439, 0.11750928453]
    ],
    [
      [0.060056405992, 0.0093495938042, 0.18255350662, 0.74602984332, 0.0020106502665],
      [0.53656944297, 0.015038131358, 0.11196935585, 0.3090007932, 0.027422276626],
      [0.064912049647, 0.47658138187, 0.022729733588, 0.23100045487, 0.20477638002],
      [0.0039909822065, 0.00019110157543, 0.90550694212, 0.090303849786, 7.1243086985e-06],
      [0.0038157860685, 0.024816223902, 0.026205380909, 0.91122905342, 0.033933555699],
      [0.032719665646, 0.097463273549, 0.18233710262, 0.42342837068, 0.2640515875]
    ],
    [
      [0.083741979116, 0.0065666619282, 0.23066454739, 0.67870470332, 0.00032210824101],
      [0.63341353746, 0.0088664032077, 0.11844547699, 0.23559360266, 0.0036809796815],
      [0.12985185078, 0.48233753696, 0.040971498967, 0.30041052708, 0.046428586206],
      [0.0045147878668, 0.00010916283859, 0.92850234218, 0.066872778825, 9.2828673679e-07],
      [0.005950144774, 0.019550942923, 0.037115852996, 0.93129918203, 0.0060838772802],
      [0.059073387705, 0.088601137145, 0.29910497358, 0.49946198792, 0.053758513646]
    ],
    [
      [0.13333370667, 0.010605171422, 0.29970626313, 0.55560848474, 0.00074637403324],
      [0.72892337825, 0.010485304451, 0.11270523471, 0.14163292707, 0.0062531555208],
      [0.14823968783, 0.55824218317, 0.03833601239, 0.17737954418, 0.077802572419],
      [0.0056974877487, 0.00013990005229, 0.95060788411, 0.043553021849, 1.7062401728e-06],
      [0.010941578501, 0.036503138729, 0.055722674289, 0.88051464979, 0.016317958691],
      [0.081001642558, 0.12352934192, 0.33443848411, 0.35263001365, 0.10840051775]
    ],
    [
      [0.078098308243, 0.0088965357428, 0.16115265512, 0.75126848115, 0.00058401974416],
      [0.61937504438, 0.012611983899, 0.087104251725, 0.2738958906, 0.0070128293947],
      [0.099061390958, 0.53568085586, 0.023513486765, 0.27249529486, 0.069248971561],
      [0.0057676330406, 0.00020226299195, 0.89284428886, 0.10118351305, 2.3020583649e-06],
      [0.0050526368048, 0.024104956637, 0.023624821305, 0.93717094618, 0.010046639075],
      [0.053235157053, 0.1162022044, 0.20172289513, 0.53385587931, 0.094983864111]
    ],
    [
      [0.071830666638, 0.0067955787193, 0.16730555685, 0.75294617499, 0.0011220228018],
      [0.59347714229, 0.010095742628, 0.094674546327, 0.28762924997, 0.01412331879],
      [0.098494539052, 0.43604604449, 0.026378943299, 0.29503041455, 0.14405005861],
      [0.005138892878, 0.00014975646936, 0.89647947161, 0.098227592528, 4.2865150075e-06],
      [0.0046254737661, 0.018291434319, 0.024380439745, 0.93350859541, 0.019194056756],
      [0.045991147337, 0.083087471978, 0.1965989166, 0.50232906438, 0.17199339971]
    ],
    [
      [0.038886988253, 0.0061778096945, 0.10945409723, 0.84506368266, 0.00041742216868],
      [0.44816242884, 0.012697565432, 0.085970977757, 0.44590404533, 0.0072649826343],
      [0.062481040957, 0.46848894488, 0.020189735835, 0.38634495542, 0.0624953229],
      [0.0039528874179, 0.00019229232518, 0.8403906011, 0.15546196754, 2.2516106776e-06],
      [0.00230746805, 0.015269408247, 0.014663167629, 0.96121130921, 0.0065486468592],
      [0.029138781591, 0.088324052829, 0.15038712982, 0.65788248169, 0.074267554076]
    ],
    [
      [0.054021644757, 0.0077192117602, 0.16277204275, 0.77487829575, 0.00060880497774],
      [0.52528949944, 0.013361898188, 0.10752813073, 0.34489100774, 0.0089294639095],
      [0.07516874805, 0.51177254995, 0.026053970772, 0.30783631211, 0.079168419119],
      [0.0039647093481, 0.00017416289391, 0.89252434329, 0.10333440212, 2.3823418794e-06],
      [0.0034166979265, 0.020397646221, 0.023277111934, 0.94269603678, 0.010212507135],
      [0.037197168255, 0.1017687256, 0.2056701074, 0.55539626998, 0.099967728768]
    ],
    [
      [0.096732297564, 0.0083903619563, 0.241497121, 0.65247597383, 0.00090424564882],
      [0.66215630149, 0.01028743894, 0.1125311075, 0.20562983828, 0.0093953137868],
      [0.12137994557, 0.50253157296, 0.034743070882, 0.23419153693, 0.10715387366],
      [0.0049825691396, 0.00013325092718, 0.93349019019, 0.061391499683, 2.490059849e-06],
      [0.0069850645252, 0.025420302026, 0.039438797471, 0.91074362475, 0.017412211232],
      [0.060451631042, 0.10067032201, 0.27728288706, 0.42532962056, 0.13626553933]
    ],
    [
      [0.092720961751, 0.008832220173, 0.19178744214, 0.70379162913, 0.0028677468076],
      [0.64407496444, 0.010969922576, 0.090490886072, 0.22426221845, 0.030202008464],
      [0.09217730918, 0.41471883783, 0.021876227356, 0.19989223831, 0.27133538732],
      [0.005855591952, 0.00017193716111, 0.91282059567, 0.081142197054, 9.6781651166e-06],
      [0.00607664503, 0.02427548489, 0.028457031045, 0.89099104117, 0.050199797868],
      [0.045271600054, 0.082729883102, 0.17169206998, 0.3580401626, 0.34226628426]
    ],
    [
      [0.12081851835, 0.011057444316, 0.27385942637, 0.59380804157, 0.00045656939833],
      [0.71147341431, 0.01173694753, 0.11048691194, 0.16219849151, 0.0041042347086],
      [0.13548215974, 0.59062839596, 0.035251350625, 0.19082174231, 0.047816351363],
      [0.0055700446183, 0.000157263593, 0.94420634783, 0.050065217862, 1.1260955831e-06],
      [0.0094315939257, 0.036221605597, 0.048350912033, 0.89650688488, 0.0094890035669],
      [0.077210703358, 0.13560969674, 0.32172496967, 0.39609249376, 0.069362136475]
    ],
    [
      [0.18498727959, 0.021069782656, 0.16199564055, 0.62935935561, 0.0025879415931],
      [0.79176769395, 0.016424116171, 0.048188402925, 0.12650474099, 0.017115045969],
      [0.11345711059, 0.61402084881, 0.011501848401, 0.11102829437, 0.14999189784],
      [0.01376432015, 0.00048324963024, 0.90013196672, 0.085610171671, 1.0291828927e-05],
      [0.012967734482, 0.061924182432, 0.025754512412, 0.85099749811, 0.048356072565],
      [0.085223251262, 0.18676143168, 0.13688826029, 0.30262786484, 0.28849919192]
    ],
    [
      [0.16572710941, 0.014347461905, 0.21138715764, 0.60630328659, 0.0022349844514],
      [0.76999321264, 0.012198243857, 0.068563572007, 0.13312963131, 0.016115340185],
      [0.13293269841, 0.53932628665, 0.019620793432, 0.13995827728, 0.16816194423],
      [0.0098012013455, 0.00026166585708, 0.92427120549, 0.065658863792, 7.0635197305e-06],
      [0.012265984823, 0.044412586777, 0.035458605407, 0.86389823751, 0.043964585482],
      [0.083019865332, 0.13752761576, 0.19425163357, 0.31708453301, 0.26811635233]
    ],
    [
      [0.15334047778, 0.011329036153, 0.24254552608, 0.59180044584, 0.00098451415106],
      [0.76124646497, 0.010225462176, 0.083328710848, 0.13766512966, 0.0075342323391],
      [0.15650037366, 0.54697583006, 0.028508480783, 0.17347652746, 0.094538788039],
      [0.0079386541956, 0.00018080448475, 0.93582095322, 0.056056865237, 2.7228671129e-06],
      [0.011920225151, 0.036914234491, 0.042673337496, 0.88810857728, 0.020383625585],
      [0.091824892006, 0.13009959405, 0.26667149654, 0.36995339617, 0.14145062124]
    ],
    [
      [0.13998449102, 0.0078367069178, 0.32810691462, 0.52324820663, 0.00082368082186],
      [0.73542362004, 0.0075382049588, 0.12028175406, 0.13003816408, 0.0067182568641],
      [0.18092699459, 0.47581729972, 0.04891360946, 0.19459042385, 0.09975167238],
      [0.0055256134739, 9.534622461e-05, 0.95658725281, 0.03779005106, 1.7364357157e-06],
      [0.012162838981, 0.028477221345, 0.064436591735, 0.87591327872, 0.019010069215],
      [0.085614599717, 0.091608468149, 0.36849875751, 0.3341651218, 0.12011305283]
    ],
    [
      [0.17631583778, 0.015800172922, 0.22087151519, 0.58566520535, 0.0013472687558],
      [0.78589417668, 0.012883045927, 0.068659760216, 0.12324478911, 0.0093182280631],
      [0.14171744031, 0.60042977503, 0.020509134217, 0.13541922834, 0.1019244221],
      [0.0099972048939, 0.00027602751434, 0.92896990051, 0.06075278854, 4.0785443152e-06],
      [0.013581573744, 0.050956455951, 0.038522597082, 0.86932990687, 0.027609466357],
      [0.096907462969, 0.16660563635, 0.22269417854, 0.33599795788, 0.17779476427]
    ],
    [
      [0.14377041861, 0.0094177188658, 0.20026474589, 0.64521457572, 0.0013325409117],
      [0.75223459644, 0.0088625503144, 0.071816754885, 0.15645611846, 0.010629979898],
      [0.15589974918, 0.4823841398, 0.025045708466, 0.20081592877, 0.13585447378],
      [0.0088330060119, 0.00017873277802, 0.91832930398, 0.072654573049, 4.3841849506e-06],
      [0.010400804885, 0.028600854322, 0.032904323379, 0.9023709935, 0.025723023919],
      [0.085213401367, 0.10705219534, 0.21811830212, 0.39954422389, 0.19007187728]
    ],
    [
      [0.074175124652, 0.0053758836398, 0.24127747981, 0.67869593294, 0.00047557895202],
      [0.59747814775, 0.0078280467775, 0.13398970382, 0.25483536735, 0.0058687343033],
      [0.12488021445, 0.42630312338, 0.046695795003, 0.32735214711, 0.074768720063],
      [0.0038545265232, 8.5964891675e-05, 0.93174405301, 0.064314137692, 1.3178812265e-06],
      [0.0052827022186, 0.016004325286, 0.038825613612, 0.93089847515, 0.0089888837311],
      [0.051477176839, 0.071200469077, 0.307634501, 0.49128379923, 0.078404053853]
    ],
    [
      [0.078103160796, 0.0082486441776, 0.2559911759, 0.65705468705, 0.00060233207545],
      [0.60576571137, 0.011593120315, 0.13720231264, 0.23826424395, 0.0071746117286],
      [0.10535134544, 0.52473660887, 0.039781347252, 0.25429855881, 0.075832139625],
      [0.0038615050004, 0.00012559711328, 0.93667560269, 0.05933570569, 1.5895105363e-06],
      [0.0056560009267, 0.024971568652, 0.04192329556, 0.91587378744, 0.011575347425],
      [0.050901208849, 0.10276637321, 0.30627560296, 0.44674733027, 0.093309484718]
    ],
    [
      [0.18110566902, 0.0075612157257, 0.24086324795, 0.5697919534, 0.00067791389989],
      [0.80238013004, 0.005950657787, 0.071963075085, 0.11518788506, 0.0045182520335],
      [0.22739116709, 0.4531083481, 0.034657692679, 0.20474673791, 0.080096054221],
      [0.0093351124789, 0.00012066800251, 0.93660428333, 0.053938059955, 1.8762338532e-06],
