{
  "X": [
    [0, 4, 4, 19, 0, 0],
    [28, 70, 107, 289, 25, 24],
    [47, 119, 172, 543, 54, 38],
    [33, 129, 228, 666, 61, 21],
    [0, 5, 9, 26, 4, 0],
    [12, 36, 47, 187, 13, 6],
    [16, 33, 92, 141, 23, 9],
    [27, 85, 206, 528, 56, 14],
    [43, 84, 220, 514, 75, 26],
    [24, 73, 137, 298, 46, 17],
    [37, 71, 223, 352, 64, 17],
    [32, 84, 164, 267, 36, 34],
    [54, 152, 229, 475, 59, 33],
    [19, 68, 105, 273, 44, 13],
    [21, 67, 117, 303, 18, 26],
    [21, 63, 91, 394, 27, 19],
    [29, 68, 133, 362, 56, 20],
    [0, 4, 2, 6, 0, 0],
    [2, 9, 9, 27, 1, 2],
    [2, 2, 7, 14, 1, 0],
    [0, 4, 2, 12, 3, 0],
    [22, 65, 77, 435, 26, 22],
    [7, 25, 30, 272, 7, 3],
    [23, 122, 134, 813, 48, 20],
    [14, 47, 46, 335, 10, 6],
    [23, 42, 59, 441, 15, 8],
    [5, 15, 36, 167, 21, 7],
    [7, 66, 66, 227, 13, 22],
    [48, 206, 189, 575, 61, 56],
    [48, 170, 249, 721, 57, 53],
    [17, 61, 52, 378, 20, 18],
    [20, 114, 84, 542, 22, 16],
    [7, 1, 10, 10, 1, 0],
    [1, 4, 4, 29, 2, 3],
    [3, 19, 21, 73, 5, 3],
    [2, 5, 6, 48, 6, 1],
    [18, 51, 78, 230, 24, 6],
    [3, 6, 13, 44, 4, 1],
    [31, 145, 155, 509, 42, 17],
    [3, 1, 4, 5, 3, 2],
    [6, 52, 64, 191, 15, 9],
    [7, 11, 20, 67, 9, 7],
    [0, 0, 1, 9, 4, 0],
    [2, 3, 9, 6, 1, 0],
    [0, 3, 2, 18, 0, 1],
    [0, 2, 3, 13, 2, 1],
    [0, 2, 1, 2, 0, 1],
    [4, 3, 3, 5, 1, 1],
    [0, 16, 7, 17, 3, 2],
    [15, 39, 57, 172, 18, 13],
    [1, 1, 0, 10, 0, 0],
    [383, 1178, 1559, 5847, 470, 273],
    [26, 174, 183, 567, 49, 40],
    [71, 350, 463, 1268, 129, 90],
    [19, 252, 125, 411, 16, 29]
  ],
  "W": [
    [0, 4, 4, 19, 0],
    [17, 65, 134, 297, 30],
    [39, 108, 235, 553, 38],
    [40, 117, 269, 675, 37],
    [0, 7, 9, 26, 2],
    [4, 29, 69, 190, 9],
    [16, 45, 111, 135, 7],
    [24, 95, 252, 518, 27],
    [34, 101, 283, 514, 30],
    [25, 83, 182, 287, 18],
    [44, 90, 263, 337, 30],
    [24, 90, 185, 272, 46],
    [34, 142, 303, 477, 46],
    [17, 75, 135, 278, 17],
    [19, 68, 134, 303, 28],
    [30, 50, 122, 390, 23],
    [34, 87, 178, 337, 32],
    [0, 2, 3, 6, 1],
    [1, 10, 10, 26, 3],
    [0, 1, 7, 18, 0],
    [0, 2, 7, 12, 0],
    [29, 73, 101, 429, 15],
    [9, 40, 27, 259, 9],
    [27, 109, 197, 788, 39],
    [9, 44, 63, 325, 17],
    [14, 46, 67, 452, 9],
    [11, 23, 48, 158, 11],
    [4, 52, 96, 227, 22],
    [51, 166, 263, 592, 63],
    [38, 175, 326, 684, 75],
    [14, 58, 64, 386, 24],
    [19, 102, 123, 525, 29],
    [3, 2, 11, 12, 1],
    [3, 7, 6, 25, 2],
    [4, 18, 36, 64, 2],
    [1, 5, 7, 49, 6],
    [17, 52, 102, 220, 16],
    [3, 8, 16, 43, 1],
    [32, 145, 192, 506, 24],
    [2, 2, 5, 7, 2],
    [10, 38, 82, 193, 14],
    [4, 10, 27, 72, 8],
    [1, 0, 5, 8, 0],
    [1, 4, 8, 6, 2],
    [0, 3, 4, 16, 1],
    [0, 1, 4, 14, 2],
    [0, 2, 2, 2, 0],
    [2, 2, 6, 7, 0],
    [2, 8, 17, 16, 2],
    [12, 40, 77, 166, 19],
    [1, 1, 1, 9, 0],
    [328, 980, 2147, 5886, 369],
    [35, 154, 243, 550, 57],
    [74, 392, 580, 1210, 115],
    [10, 168, 235, 405, 34]
  ],
  "method": "mult",
  "cond_prob": [
    [
      [0, 0.0096114551277, 0.60820474858, 0.38218379629, 0, 0],
      [0, 0.65419672157, 0.18889853016, 0.15690474827, 0, 0],
      [0, 0.16030091956, 0.77093751115, 0.068761569283, 0, 0],
      [0, 0.039053128183, 0.0084555702487, 0.95249130157, 0, 0],
      [0, 0.37388215653, 0.34435139764, 0.28176644583, 0, -0]
    ],
    [
      [0.50874258079, 0.0017527798563, 0.10398339281, 0.06915545185, 0.29200866064, 0.024357134053],
      [0.0082653340815, 0.56693461221, 0.19485958388, 0.16873462109, 0.017038910729, 0.044166938007],
      [0.071666245997, 0.1388201555, 0.60274151911, 0.055946185091, 0.10839597877, 0.02242991554],
      [0.027195513677, 0.034622152322, 0.025997793236, 0.89500480419, 0.010921521622, 0.0062582149529],
      [0.037792829517, 0.14115909574, 0.13592337395, 0.11811304336, 0.038652349851, 0.52835930757]
    ],
    [
      [0.44900441523, 0.0017659153544, 0.098970357543, 0.073123303429, 0.34876892735, 0.028367081098],
      [0.006993315993, 0.57011888705, 0.17906897676, 0.17457253073, 0.019508629135, 0.04973766033],
      [0.063646272421, 0.1440282776, 0.57270116241, 0.063929906023, 0.12957155823, 0.026122823318],
      [0.022798361147, 0.033278782086, 0.017573102458, 0.90758114295, 0.011268383246, 0.0075002281166],
      [0.030767945936, 0.13443362551, 0.11836862475, 0.11522257586, 0.042377572865, 0.55882965509]
    ],
    [
      [0.33584833675, 0.0020042663498, 0.13728467749, 0.088099496304, 0.41904928206, 0.017713941042],
      [0.0040326357265, 0.55827312693, 0.21272269886, 0.17919425232, 0.019668074109, 0.026109212054],
      [0.03945970017, 0.13177106663, 0.63433775502, 0.062055032419, 0.12349188555, 0.0088845602129],
      [0.011147124685, 0.032166018562, 0.029833095611, 0.91708093133, 0.0097728298089, 0],
      [0.025818368711, 0.17414578492, 0.18502328366, 0.15642865555, 0.057321262537, 0.40126264461]
    ],
    [
      [0, 0.00099211531388, 0.095817557578, 0.056781726962, 0.84640860015, 0],
      [0, 0.50842252954, 0.25276528713, 0.18581560266, 0.052996580669, 0],
      [0, 0.081750076705, 0.6065578565, 0.046559681201, 0.26513238559, 0],
      [0, 0.010275330813, 0.043782196368, 0.91523155691, 0.030710915909, 0],
      [0, 0.21906650087, 0.31664258801, 0.24211658545, 0.22217432567, 0]
    ],
    [
      [0.49276516976, 0.0016791563937, 0.087798024613, 0.070622449153, 0.33060217531, 0.016533024773],
      [0.007353024181, 0.59936682723, 0.16679030174, 0.17779555218, 0.018596846569, 0.030097448095],
      [0.07289932297, 0.15461121977, 0.55484727879, 0.072889907991, 0.13040124106, 0.014351029425],
      [0.023185734152, 0.033591548534, 0.012086790604, 0.92228935438, 0.0088465723335, 0],
      [0.04226209399, 0.17345299992, 0.13677074442, 0.14411757857, 0.051083152439, 0.45231343065]
    ],
    [
      [0.41345540929, 0.00013331804779, 0.12332254985, 0.074790695781, 0.36299508664, 0.025302940389],
      [0.0076261129477, 0.46277346031, 0.25359718607, 0.2023111237, 0.023815223252, 0.049876893715],
      [0.05439732924, 0.08701463733, 0.65870343057, 0.054325611363, 0.12569129284, 0.019867698655],
      [0.020744951638, 0.013439228286, 0.032846673432, 0.91704285429, 0.013704204227, 0.0022220881266],
      [0.028980907415, 0.1000200907, 0.15208344609, 0.12406001578, 0.045513213043, 0.54934232697]
    ],
    [
      [0.33769233794, 0.0010755910047, 0.127517572, 0.084663071847, 0.43491291819, 0.014138509014],
      [0.0051497961822, 0.49490335852, 0.23982668152, 0.20997804075, 0.024957408763, 0.025184714259],
      [0.045546196603, 0.10071026199, 0.64087003567, 0.068797824369, 0.13972102368, 0.0043546576945],
      [0.011797634159, 0.01656234641, 0.025554939439, 0.93429315309, 0.0117919269, 0],
      [0.030271748651, 0.14815130723, 0.2007161448, 0.17478768005, 0.069378519636, 0.37669459963]
    ],
    [
      [0.38529140131, 0.00056396648653, 0.10340522855, 0.068451329865, 0.42211993131, 0.020168142475],
      [0.0079503933702, 0.4704216188, 0.23808402314, 0.20828183827, 0.030657471716, 0.044604654692],
      [0.057285392271, 0.091058769555, 0.61275682381, 0.058693332247, 0.1627956385, 0.017410043616],
      [0.023139698619, 0.014456269883, 0.028021113772, 0.91433933472, 0.018585763518, 0.0014578194916],
      [0.033051050735, 0.10893623787, 0.1541567425, 0.1351852683, 0.06424231826, 0.50442838233]
    ],
    [
      [0.36070943362, 0.00094110405383, 0.10755034594, 0.076961921189, 0.43128039583, 0.022556799367],
      [0.0060844778981, 0.52492329946, 0.20671076824, 0.19478745849, 0.025894355152, 0.041599640761],
      [0.049105597021, 0.11568155407, 0.59640644455, 0.066514390772, 0.15390898748, 0.018383026107],
      [0.017589535775, 0.02096442973, 0.021032013493, 0.92466082571, 0.013975542315, 0.0017776529775],
      [0.027324281587, 0.12983357613, 0.14289371151, 0.13473982313, 0.058130125615, 0.50707848204]
    ],
    [
      [0.37150529734, 0, 0.12884898155, 0.076716965176, 0.40810395794, 0.014824798006],
      [0.0068873005829, 0.45843056841, 0.26662177387, 0.2114663664, 0.026999558563, 0.029594432179],
      [0.051581060838, 0.082961517938, 0.66609839021, 0.055552017927, 0.13839544995, 0.0054115631321],
      [0.016173283633, 0.012341097712, 0.035776979029, 0.92019067637, 0.015517963254, 0],
      [0.033923142665, 0.12544732322, 0.20313222018, 0.1626013968, 0.066196954202, 0.40869896293]
    ],
    [
      [0.46556659964, 0.0015103578096, 0.12201165168, 0.066717901299, 0.31995939965, 0.024234089921],
      [0.0082802114894, 0.53194370044, 0.23352347609, 0.16170878075, 0.020030050023, 0.044513781218],
      [0.061863088145, 0.11794118058, 0.65286249807, 0.034253906696, 0.11175315357, 0.021326172937],
      [0.025837610939, 0.030319042139, 0.043796503385, 0.87982602939, 0.014222641576, 0.005998172571],
      [0.034971328094, 0.13093305444, 0.16005209669, 0.11294189933, 0.042942999723, 0.51815862173]
    ],
    [
      [0.48715203323, 0.0018806166357, 0.10105135327, 0.06811397864, 0.3225403048, 0.019261713423],
      [0.0083931766841, 0.583018954, 0.18968920393, 0.16508932348, 0.019308668445, 0.034500673465],
      [0.070892899401, 0.14561186345, 0.59169790702, 0.052714669467, 0.12244173024, 0.016640930421],
      [0.027003074564, 0.036702649329, 0.02630331609, 0.89564611736, 0.012532084744, 0.0018127579081],
      [0.040956189039, 0.16347411326, 0.14776607453, 0.13142821654, 0.048133696369, 0.46824171026]
    ],
    [
      [0.33273678384, 0.0012663655045, 0.095474209907, 0.064512953138, 0.48877107542, 0.017238612192],
      [0.0065434554104, 0.5494908464, 0.20107232868, 0.1753809771, 0.033017075795, 0.034495316619],
      [0.049210965702, 0.12247445897, 0.57220524094, 0.052038723365, 0.18916790228, 0.014902708748],
      [0.020516637214, 0.027787564481, 0.030588793324, 0.89725068923, 0.022854122125, 0.0010021936258],
      [0.029741764913, 0.14750961296, 0.14971304176, 0.13463454438, 0.077852839683, 0.46054819631]
    ],
    [
      [0.46601864512, 0.0020124073601, 0.1440595666, 0.091688788709, 0.26111609005, 0.035104502167],
      [0.0050090250328, 0.53904645269, 0.21479061377, 0.17868095061, 0.011543973982, 0.050928983908],
      [0.0496297643, 0.1299827355, 0.6566013986, 0.062791048598, 0.075073921325, 0.025921131682],
      [0.014667079777, 0.030942579789, 0.02556905513, 0.91561713647, 0.0048841355588, 0.0083200132763],
      [0.025375658993, 0.12547561588, 0.14018197791, 0.11648626824, 0.025500197373, 0.5669802816]
    ],
    [
      [0.38074391401, 0.0021452957921, 0.12369284277, 0.099120344173, 0.36387206141, 0.030425541844],
      [0.003850265398, 0.57635797892, 0.17618429927, 0.1867669713, 0.015057140502, 0.041783344601],
      [0.042572486218, 0.15178769703, 0.59372624008, 0.080737604844, 0.1093910048, 0.021784967033],
      [0.0094417489349, 0.03123721994, 0.0079448653404, 0.94554121415, 0.0028653195285, 0.002969632103],
      [0.022132343766, 0.14857075505, 0.12812612959, 0.13378173039, 0.037730605704, 0.5296584355]
    ],
    [
      [0.35197363786, 0, 0.097784887361, 0.078898628331, 0.45417318956, 0.017169656882],
      [0.0068524128755, 0.49303842769, 0.21006480588, 0.2241549567, 0.030292797504, 0.035596599359],
      [0.05598469807, 0.10036155316, 0.57940760197, 0.082378836314, 0.17271579049, 0.0091515199898],
      [0.016225284052, 0.0094771183366, 0.010063390268, 0.94973073041, 0.014503476931, 0],
      [0.03136060658, 0.12648473277, 0.15230500146, 0.15916488723, 0.071611116845, 0.45907365511]
    ],
    [
      [0, 0.021160753747, 0.53747797986, 0.44136126639, 0, 0],
      [6.5453748805e-17, 0.848317765, 0.070023707458, 0.08165852754, 0, 0],
      [0, 0.39024821282, 0.55365309539, 0.056098691786, 0, 0],
      [0, 0.09136126605, 0, 0.90863873395, 0, 0],
      [2.7755575616e-17, 0.58445223524, 0.1989932989, 0.21655446586, 0, 0]
    ],
    [
      [0.63306420016, 0.0018655181461, 0.09979074973, 0.071228193884, 0.17503405606, 0.019017282019],
      [0.015343867844, 0.60421708446, 0.180074132, 0.17041180917, 0.0079419406219, 0.022011165906],
      [0.068880814951, 0.15306897624, 0.63305616297, 0.070894279182, 0.059091177421, 0.015008589242],
      [0.016084317615, 0.0373369577, 0.014301379812, 0.92863103772, 0.0036463071568, 0],
      [0.035498904633, 0.15150432489, 0.1323568085, 0.12376798066, 0.019943592476, 0.53692838883]
    ],
    [
      [0.80007457048, 0.00043582388905, 0.043874375664, 0.017060144293, 0.13855508567, 0],
      [0.0142026498, 0.60231070406, 0.24899250078, 0.11885502483, 0.015639120534, 0],
      [0.11155698885, 0.096133432207, 0.69996622904, 0, 0.092343349907, 0],
      [0.06693880157, 0.040264181694, 0.10284688311, 0.77117472084, 0.018775412784, 0],
      [0.14692902958, 0.2475587853, 0.35149932887, 0.17845296549, 0.075559890757, 0]
    ],
    [
      [1.1102230246e-16, 0.0015781990963, 0.0261382663, 0.045203815701, 0.9270797189, 0],
      [1.7308780699e-18, 0.78442076191, 0.053621247771, 0.12673393698, 0.035224053342, 0],
      [0, 0.24916934811, 0.27039392921, 0.076388201179, 0.4040485215, 0],
      [0, 0.057247753281, 0, 0.93431789315, 0.0084343535688, 0],
      [0, 0.42871215261, 0.10130065895, 0.22910171574, 0.24088547269, -0]
    ],
    [
      [0.39187495167, 0.0014851051748, 0.10895241968, 0.094224312611, 0.36153075938, 0.041932451476],
      [0.0045789937492, 0.5406236146, 0.1735196763, 0.19967167743, 0.016773369401, 0.064832668525],
      [0.048799112796, 0.13875651603, 0.575535863, 0.083617795113, 0.11986037174, 0.033430341318],
      [0.01183199131, 0.022991686373, 0.003679625932, 0.95011605156, 0.0039588796986, 0.0074217651259],
      [0.019781679551, 0.10757110072, 0.097717451456, 0.10975193708, 0.032459671673, 0.63271815952]
    ],
    [
      [0.38883012947, 0.0010942658357, 0.14479109537, 0.11686670931, 0.3406007024, 0.0078170976163],
      [0.02802002007, 0.48485137097, 0.22326395508, 0.24870499996, 0.015159653921, 0],
      [0.048042145788, 0.10633997279, 0.66119927297, 0.089242659416, 0.09517594904, 0],
      [0.0031020054305, 0.0050071300751, 0, 0.99066657094, 0.001224293557, 0],
      [0.031018965468, 0.15867453489, 0.21266017424, 0.223089549, 0.049040540696, 0.32551623572]
    ],
    [
      [0.30478441151, 0.0019656542932, 0.11049769823, 0.10358354904, 0.46042870785, 0.018739979077],
      [0.0032705009949, 0.58902763, 0.15998847902, 0.20223348859, 0.019480406507, 0.025999494881],
      [0.052265505623, 0.15841190705, 0.54804887429, 0.091827879726, 0.14591803593, 0.0035277973805],
      [0.0041121789377, 0.024403339159, 0, 0.96850953421, 0.0029749476944, 0],
      [0.022503453084, 0.18733176197, 0.14390229999, 0.17651765787, 0.060383300444, 0.40936152664]
    ],
    [
      [0.50451897394, 0.0018459146893, 0.10724721035, 0.10033101768, 0.27297366255, 0.013083220786],
      [0.023208014741, 0.59563123151, 0.16239288216, 0.20568821577, 0.011907898098, 0.0011717577146],
      [0.09422196974, 0.16258487922, 0.55742266173, 0.094131679451, 0.09163880986, 0],
      [0.005465507735, 0.021414332876, 0, 0.97144250925, 0.0016776501388, 0],
      [0.04270014579, 0.21018276502, 0.16305062371, 0.19986047266, 0.041224012027, 0.34298198079]
    ],
    [
      [0.51416769051, 0.0012267714602, 0.10548045156, 0.07861998961, 0.28021426145, 0.020290835407],
      [0.0081402568985, 0.51978372556, 0.20964688621, 0.20700037839, 0.016598948655, 0.038829804282],
      [0.071064232131, 0.11815509394, 0.61538572454, 0.07548209554, 0.10262726706, 0.017285586788],
      [0.022786595335, 0.019870762292, 0.01175115084, 0.93809323051, 0.0068195306206, 0.00067873040346],
      [0.040706207909, 0.13053310819, 0.14857257654, 0.1446513498, 0.039443774211, 0.49609298336]
    ],
    [
      [0.19565386837, 9.3864973262e-06, 0.098537011568, 0.085124873746, 0.6010966991, 0.019578160718],
      [0.0035831354922, 0.42358672309, 0.22877713205, 0.2592616056, 0.041007242833, 0.043784160936],
      [0.036992926243, 0.078184555663, 0.57531342768, 0.087018925921, 0.2173371155, 0.005153048993],
      [0.0051707438397, 0.0030757979591, 0.0029475637525, 0.97574175491, 0.013064139539, 0],
      [0.015705213204, 0.092597033456, 0.14304174856, 0.15968215819, 0.086223103046, 0.50275074354]
    ],
    [
      [0.34186817555, 0.0031736221134, 0.1318824036, 0.10821507346, 0.36954557964, 0.045315145635],
      [0.0025739351228, 0.62893046503, 0.14640085318, 0.1592313212, 0.011690066313, 0.051173359159],
      [0.033903372081, 0.1930901971, 0.56776961951, 0.072838615824, 0.099278031371, 0.033120164115],
      [0.0084762061396, 0.050012127188, 0.0049432775891, 0.92023675395, 0.00334949786, 0.012982137275],
      [0.014539098091, 0.15425043352, 0.1014372061, 0.10913003356, 0.028313963966, 0.59232926476]
    ],
    [
      [0.42174913186, 0.0040008271982, 0.10211430231, 0.077330637597, 0.36408317946, 0.030721921583],
      [0.0046369174268, 0.64622637132, 0.14656224714, 0.14325509437, 0.015706532407, 0.043612837338],
      [0.053790223028, 0.19587031026, 0.5429740411, 0.056826515825, 0.12340158981, 0.027137319976],
      [0.016789512066, 0.060829026222, 0.016388883029, 0.88750233791, 0.0082067018042, 0.010283538974],
      [0.025949939409, 0.17456674686, 0.11045152371, 0.1099846685, 0.039864886996, 0.53918223453]
    ],
    [
      [0.4379210577, 0.0016069621701, 0.11615099068, 0.090681284966, 0.32835005571, 0.02528964878],
      [0.0054315856024, 0.55480428278, 0.18774391563, 0.19673047815, 0.015756922418, 0.039532815426],
      [0.054154138852, 0.13747916987, 0.59941902053, 0.081983239615, 0.10767310916, 0.019291321973],
      [0.015370042617, 0.024975825691, 0.0086014094927, 0.9439843654, 0.0053797654542, 0.0016885913428],
      [0.029881518816, 0.14595349069, 0.13916149778, 0.14285913927, 0.039787244038, 0.5023571094]
    ],
    [
      [0.41201478535, 0.0018661925327, 0.093803471377, 0.080293082044, 0.38696258689, 0.025059881805],
      [0.0055331156232, 0.59347034406, 0.15936299957, 0.18091381708, 0.019539005568, 0.041180718101],
      [0.056663643952, 0.15833423664, 0.54590686315, 0.076165349119, 0.1412879444, 0.021641962729],
      [0.017087423751, 0.032996086946, 0.0096275215474, 0.92844471589, 0.0084357664157, 0.0034084854531],
      [0.028693896593, 0.15344636011, 0.11622645278, 0.13036053269, 0.047942799273, 0.52332995856]
    ],
    [
      [0.42065697333, 0.0026947075617, 0.10921609958, 0.10885510147, 0.33734990478, 0.021227213288],
      [0.0034707108635, 0.63725428919, 0.13595179899, 0.18614099312, 0.011811224152, 0.025370983685],
      [0.076092482029, 0.19612925174, 0.52291087034, 0.093878137651, 0.1048987679, 0.0060904903402],
      [0.0028258329326, 0.035583532107, 0, 0.9609699404, 0.00062069456505, 0],
      [0.027950600673, 0.21184864617, 0.12895770895, 0.16859110812, 0.039903236096, 0.42274869999]
    ],
    [
      [0.84094519261, 0, 0.075819384825, 0.00538433921, 0.077851083353, 0],
      [0.042022238091, 0.33031147414, 0.39892361471, 0.21622620174, 0.012516471316, 5.7297902153e-17],
      [0.21619412031, 0, 0.73394987591, 0, 0.049856003778, 0],
      [0.14928241622, 0.019548134889, 0.041282255776, 0.77705098834, 0.01283620477, 0],
      [0.22359562784, 0.10479943306, 0.40585891182, 0.22678271877, 0.038963308512, 0]
    ],
    [
      [0.28682298881, 0, 0.087343106893, 0.12167560136, 0.44607660739, 0.058081695541],
      [0, 0.45645574086, 0.051411978201, 0.39880135385, 0, 0.09333092708],
      [0.020961763505, 0.11608893077, 0.5466200717, 0.16381658716, 0.10342744255, 0.04908520432],
      [0, 0, 0, 0.9872562569, 0, 0.012743743096],
      [0.0068802262645, 0.054138114667, 0.04918320085, 0.089528886702, 0.020602761264, 0.77966681025]
    ],
    [
      [0.36356225877, 0.0021676986508, 0.11350917392, 0.12360179038, 0.36101327703, 0.036145801258],
      [0.0015870079548, 0.60143264371, 0.13297208168, 0.21138918175, 0.010014334167, 0.042604750745],
      [0.041285348292, 0.21791646225, 0.49906458726, 0.12506399892, 0.092200935465, 0.024468667812],
      [0, 0.00065592889447, 0, 0.99904185045, 0, 0.00030222066049],
      [0.015456141623, 0.13928476414, 0.09307034639, 0.12980258875, 0.028227600068, 0.59415855903]
    ],
    [
      [0.27889039665, 0.00046919730915, 0.04757931945, 0.03984066816, 0.63011724168, 0.003103176751],
      [0.0069885816621, 0.53547726588, 0.18355642885, 0.20172305988, 0.061060261849, 0.011194401885],
      [0.05296705999, 0.093479948465, 0.46975151418, 0.060367628327, 0.32343384904, 0],
      [0.012662540827, 0.013372110608, 0.014408534405, 0.92635105444, 0.033205759715, 0],
      [0.11582212909, 0.16875856904, 0.17339329186, 0.18962816107, 0.19557704662, 0.1568208023]
    ],
    [
      [0.42464197963, 0.0011476249047, 0.1063264226, 0.082057737453, 0.37552732888, 0.010298906529],
      [0.01038131027, 0.56494926319, 0.19288495769, 0.19784462154, 0.020504293013, 0.013435554302],
      [0.063044455665, 0.13275514322, 0.59270031929, 0.079212556989, 0.13228752484, 0],
      [0.014255122851, 0.022480260504, 0.012285874518, 0.94192252853, 0.0090562135974, 0],
      [0.04216229419, 0.19477792325, 0.18775675339, 0.18840381586, 0.066507352974, 0.32039186033]
    ],
    [
      [0.42551211322, 0.00033466521373, 0.10331063164, 0.074032477914, 0.38060170314, 0.016208408875],
      [0.0067384347591, 0.49200995154, 0.22800705774, 0.21538943495, 0.023363477121, 0.034491643889],
      [0.059711299804, 0.094811003619, 0.63045122504, 0.074440583885, 0.1339509044, 0.0066349832545],
      [0.015970708714, 0.010400240792, 0.014992005686, 0.94741942689, 0.011217617915, 0],
      [0.027434910683, 0.09872998006, 0.13413579808, 0.12470238807, 0.045715032917, 0.56928189019]
    ],
    [
      [0.40415929902, 0.002569858105, 0.11711909286, 0.086088262833, 0.37153790058, 0.018525586592],
      [0.0045446753888, 0.60672179828, 0.17596787991, 0.16970379466, 0.016612565556, 0.026449286207],
      [0.048449699818, 0.16214619437, 0.58890082262, 0.068628224204, 0.11859146586, 0.013283593129],
      [0.014560814394, 0.041852899959, 0.017596677161, 0.91862674396, 0.0073628645303, 0],
      [0.030742085484, 0.19306112885, 0.15683207729, 0.15151557812, 0.050283094913, 0.41756603534]
    ],
    [
      [0.54645838297, 0, 0.050971722292, 0, 0.38329265942, 0.019277235322],
      [0.038287806107, 0.41230917533, 0.26992197435, 0.1210390379, 0.068802132118, 0.089639874196],
      [0.097612552258, 0.022626347779, 0.58319022656, 0, 0.26200480659, 0.03456606681],
      [0.17460725203, 0, 0.038422068705, 0.67785706208, 0.091742150007, 0.017371467174],
      [0.060097048168, 0.031124955219, 0.086653496486, 0.0064612448168, 0.071795666961, 0.74386758835]
    ],
    [
      [0.27155635057, 0.0037295519294, 0.15305771495, 0.10736055562, 0.43764111055, 0.026654716377],
      [0.0017783585594, 0.63167768739, 0.16954565565, 0.15523947241, 0.013616544072, 0.028142281922],
      [0.02404389332, 0.18155066568, 0.60747621141, 0.064616949983, 0.10722115107, 0.015091128548],
      [0.0053838381037, 0.053202799946, 0.02123047217, 0.91599426012, 0.0036995276041, 0.00048910206025],
      [0.014727061626, 0.20026124178, 0.15115410513, 0.13870088508, 0.042858357485, 0.4522983489]
    ],
    [
      [0.46118153734, 0.00091104497713, 0.073791412341, 0.049811520431, 0.39189781848, 0.022406666431],
      [0.010244936829, 0.53041626057, 0.19499828206, 0.17625886812, 0.031101199348, 0.05698045307],
      [0.079266017044, 0.11218019246, 0.55328448724, 0.04729737882, 0.18070858942, 0.027263335015],
      [0.036305553754, 0.025445358647, 0.026804020562, 0.87473508729, 0.024738299986, 0.011971679763],
      [0.037330268979, 0.10390777443, 0.11078511176, 0.097526215521, 0.057638402399, 0.59281222691]
    ],
    [
      [0, 0, 0.01165609539, 0.050450401605, 0.937893503, 0],
      [0, 0, 0.17690398678, 0.61939059736, 0.20370541586, 0],
      [0, 0, 0.19766878092, 0.18990991968, 0.6124212994, 0],
      [0, 0, 0, 1, 0, 0],
      [1.1102230246e-16, 0, 0.11732773169, 0.40974074819, 0.47293152011, -0]
    ],
    [
      [0.71475797663, 0, 0.098376805456, 0.026974352845, 0.15989086507, 0],
      [0.016870921062, 0.50956889866, 0.3274274133, 0.12916033132, 0.016972435663, 0],
      [0.075089972018, 0.060024449204, 0.79242131854, 0, 0.072464260238, 0],
      [0.065354098001, 0.0073273619987, 0.071116436361, 0.84352290636, 0.012679197275, 0],
      [0.11245698749, 0.21878231987, 0.41292218744, 0.19762344184, 0.058215063358, 0]
    ],
    [
      [0, 0.0093755468754, 0.34661049419, 0.4740607808, 0, 0.16995317813],
      [0, 0.64735554406, 0.096976450604, 0.20710765437, 0, 0.048560350961],
      [6.162975822e-33, 0.24913721907, 0.4197708752, 0.32845538517, 0, 0.0026365205574],
      [0, 0, 0, 1, 0, 0],
      [0, 0.06138449151, 0.029987147399, 0.064855496204, 0, 0.84377286489]
    ],
    [
      [1.2143064332e-17, 0.00085588576735, 0.049992777291, 0.034904505947, 0.90487918833, 0.0093676426626],
      [0, 0.65242088358, 0.14947801301, 0.13191870816, 0.040872791063, 0.025309604192],
      [0, 0.12899037954, 0.52764180953, 0.040102803322, 0.30326500761, 0],
      [0, 0.029830063405, 0.037173160221, 0.89455216213, 0.038444614248, 0],
      [8.6736173799e-18, 0.20699835529, 0.1097652529, 0.091969904398, 0.10392128952, 0.4873451979]
    ],
    [
      [0, 0.0061216201002, 0.18593008373, 0.17971190746, -0, 0.62823638871],
      [0, 0.68586534738, 0, 0.05265330485, 0, 0.26148134777],
      [0, 0.26849754081, 0.5, 0.028812554006, 0, 0.20268990519],
      [0, 0.045637111808, 0, 0.91853414114, 0, 0.035828747048],
      [0, 0, 0, 0, 0, 1]
    ],
    [
      [0.79002710393, 0.0033256139979, 0.032407205085, 0, 0.12778023199, 0.046459844998],
      [0.03338978416, 0.68870477156, 0.090281923731, 0.052100757055, 0.012600089867, 0.12292267363],
      [0.1755801639, 0.19919873525, 0.44662867376, 0, 0.093206256155, 0.085386170934],
      [0.18566932006, 0.060106688197, 0.010692814257, 0.6993997837, 0.022857402764, 0.021273991021],
      [0, 0, 0, 0, 0, 1]
    ],
    [
      [0, 0.014285438509, 0.11149339902, 0.14078098499, 0.68252064108, 0.050919536398],
      [1.2325951644e-32, 0.81461226274, 0.052076807697, 0.10442684963, 0, 0.02888407993],
      [0, 0.44395926074, 0.36770271863, 0.069048559108, 0.092839382769, 0.026450078756],
      [0, 0.089409812295, 0, 0.90773598812, 0, 0.0028541995823],
      [0, 0.23833329587, 0.054726261858, 0.092710959089, 0.028344605388, 0.5858848778]
    ],
    [
      [0.4519723789, 0.0011487235605, 0.09560890758, 0.075955105039, 0.3540848577, 0.021230027216],
      [0.0073500130561, 0.55507011111, 0.18379483028, 0.1938672936, 0.020624687616, 0.039293064338],
      [0.064756700551, 0.13250951483, 0.57403597367, 0.076169000731, 0.13403811111, 0.018490699103],
      [0.021843397707, 0.023441456787, 0.010701377247, 0.93279173843, 0.01005119129, 0.0011708385434],
      [0.035266366795, 0.14152086336, 0.13282638431, 0.13817922952, 0.049292731233, 0.50291442478]
    ],
    [
      [0.73616223033, 0, 0, 0.26383776967, 0, 0],
      [0.0006988056273, 0.51857901968, 0, 0.48072217469, 0, 0],
      [0.26313896404, 0.48142098032, 0, 0.25544005564, 0, 0],
      [0, 0, 0, 1, 0, 0],
      [0.12666794373, 0.46514364664, 0, 0.40818840963, 0, -0]
    ],
    [
      [0.42715689036, 0.0020188207298, 0.10547511853, 0.082265487863, 0.36016961257, 0.022914069947],
      [0.005668892549, 0.58990835372, 0.17238894718, 0.17805792139, 0.017876125296, 0.036099759873],
      [0.056444979305, 0.15520339698, 0.57189944292, 0.072704747831, 0.12522857891, 0.018518854054],
      [0.017758166844, 0.034828490131, 0.013194193281, 0.92395334316, 0.008177127177, 0.0020886794096],
      [0.031504294447, 0.1653264334, 0.13532213359, 0.13830267101, 0.047017438481, 0.48252702906]
    ],
    [
      [0.33200406014, 0.0031908384663, 0.12757335488, 0.10087123632, 0.40814049458, 0.028220015624],
      [0.0025165906396, 0.61811760564, 0.16099877523, 0.16936431818, 0.014461085797, 0.034541624519],
      [0.034899773255, 0.17738736248, 0.57751602809, 0.074993757624, 0.11606768278, 0.019135395767],
      [0.0080128736231, 0.045944591999, 0.010623995896, 0.92967876745, 0.0033746674441, 0.0023651035848],
      [0.019378553385, 0.1811149948, 0.13265839694, 0.13755432505, 0.04258879765, 0.48670493218]
    ],
    [
      [0.35472481021, 0.0017703340303, 0.11905013331, 0.089175077199, 0.40927121571, 0.026008429545],
      [0.0043397980239, 0.55815559957, 0.18960219557, 0.18832923618, 0.019547098827, 0.04002607182],
      [0.042704056606, 0.13774752757, 0.59547430754, 0.07382328634, 0.13066849282, 0.019582329119],
      [0.012844432694, 0.028320695561, 0.015207120685, 0.93303254075, 0.0079774130789, 0.0026177972304],
      [0.02381779851, 0.14704689245, 0.13991752232, 0.13729655058, 0.048791927247, 0.50312930889]
    ],
    [
      [0.48862102965, 0.0060485923142, 0.11874565302, 0.12458880486, 0.22449877549, 0.037497144654],
      [0.00065866609305, 0.7535439643, 0.085528766285, 0.12717719701, 0.0034821104216, 0.029609295887],
      [0.056542948708, 0.33687177961, 0.45257258637, 0.076654924707, 0.053544926219, 0.023812834379],
      [0, 0.092317058119, 0, 0.90390224129, 0, 0.0037807005912],
      [0.021045319217, 0.2585544508, 0.090857439291, 0.12629493602, 0.017263530376, 0.48598432429]
    ]
  ],
  "expected_outcome": [
    [
      [0, 8.6486238735, 17.5111721938, 13.4339334698, 0, 1.971060679, 6.6152865487, 8.1046161105, 13.0999076446, 9.0177358406, 16.3462330828, 11.1735983914, 16.5631691297, 5.6565253253, 8.8543542573, 11.4223174203, 11.9671036874, 0, 0.63306420016, 0, 0, 11.3643735985, 3.4994711652, 8.2291791108, 4.5406707654, 7.1983476672, 2.1521925521, 1.3674727022, 21.5092057248, 16.6410001925, 5.768206995, 7.9924824932, 2.5228355778, 0.86046896644, 1.4542490351, 0.27889039665, 7.2189136538, 1.2765363397, 12.9330975687, 1.0929167659, 2.7155635057, 1.8447261494, 0, 0.71475797663, 0, 0, 0, 1.5800542079, 0, 5.4236685468, 0.73616223033, 140.1074600371, 11.6201421048, 26.2496359552, 4.8862102965],
      [0, 0.029797257556, 0.068870698823, 0.08017065399, 0, 0.0067166255748, 0.0021330887647, 0.025814184114, 0.019174860542, 0.023527601346, 0, 0.036248587431, 0.063940965613, 0.021528213577, 0.038235739841, 0.064358873763, 0, 0, 0.0018655181461, 0, 0, 0.04306805007, 0.0098483925211, 0.053072665917, 0.016613232204, 0.017174800443, 0.00010325147059, 0.012694488454, 0.20404218711, 0.061064562464, 0.026126695458, 0.051199443672, 0, 0, 0.0086707946034, 0.00046919730915, 0.01950962338, 0.0010039956412, 0.082235459361, 0, 0.037295519294, 0.0036441799085, 0, 0, 0, 0, 0, 0.0066512279958, 0.028570877019, 0.013784682726, 0, 0.66217319936, 0.11167934632, 0.13100471824, 0.060485923142],
      [0, 1.7677176777, 3.8598439442, 5.4913870997, 0, 0.35119209845, 1.9731607977, 3.0604217281, 3.5157777709, 2.6887586485, 5.669355188, 2.9282796403, 3.4357460113, 1.6230615684, 2.7371317653, 3.710785283, 3.3246861703, 0, 0.09979074973, 0, 0, 3.1596201708, 1.3031198584, 2.9834378521, 0.96522489317, 1.4767263218, 1.0839071273, 0.52752961439, 5.2078294176, 4.4137376457, 1.3132485993, 2.075105892, 0.22745815447, 0.26202932068, 0.45403669566, 0.04757931945, 1.8075491841, 0.30993189492, 3.7478109716, 0.10194344458, 1.5305771495, 0.29516564936, 0.01165609539, 0.098376805456, 0, 0, 0, 0.06481441017, 0.22298679805, 1.147306891, 0, 34.5958388791, 4.4650674207, 8.8097098646, 1.1874565302],
      [0, 1.1756426815, 2.8518088337, 3.5239798522, 0, 0.28248979661, 1.1966511325, 2.0319137243, 2.3273452154, 1.9240480297, 3.3755464677, 1.6012296312, 2.3158752738, 1.0967202033, 1.7420869855, 2.9736103252, 2.6825533633, 0, 0.071228193884, 0, 0, 2.7325050657, 1.0518003838, 2.7967558241, 0.90297915913, 1.1006798545, 0.93637361121, 0.43286029384, 3.9438625175, 3.4458888287, 1.1241031486, 2.0682469278, 0.01615301763, 0.36502680407, 0.49440716152, 0.03984066816, 1.3949815367, 0.22209743374, 2.7548244107, 0, 1.0736055562, 0.19924608172, 0.050450401605, 0.026974352845, 0, 0, 0, 0, 0.28156196998, 0.91146126046, 0.26383776967, 26.983080019, 3.5304932711, 6.5989557127, 1.2458880486],
      [0, 4.9641472309, 13.6019881666, 16.7619712826, 0, 1.3224087012, 5.8079213862, 10.4379100367, 14.3520776645, 10.7820098957, 17.9565741492, 7.6790255916, 10.9663703633, 8.3091082821, 4.9612057109, 10.9161618424, 15.4418884451, 0, 0.17503405606, 0, 0, 10.4843920221, 3.0654063216, 12.431575112, 2.456762963, 3.9229996604, 6.6120636901, 1.4781823186, 18.5682421523, 12.477302117, 5.4174762164, 6.4096481909, 0.23355325006, 1.3382298222, 1.4440531081, 0.63011724168, 6.383964591, 1.1418051094, 11.8892128187, 0.76658531884, 4.3764111055, 1.5675912739, 0.937893503, 0.15989086507, 0, 0, 0, 0.25556046398, 1.3650412822, 4.2490182924, 0, 118.135632923, 14.2849173102, 30.2860699629, 2.2449877549],
      [0, 0.4140712789, 1.1063161628, 0.70855764169, 0, 0.066132099092, 0.40484704622, 0.33932421633, 0.68571684417, 0.56391998417, 0.65229111227, 0.58161815811, 0.65489825639, 0.29305640727, 0.66698554117, 0.91276625533, 0.58376833399, 0, 0.019017282019, 0, 0, 1.2160410928, 0.070353878546, 0.50597943508, 0.11774898707, 0.2840716957, 0.2153597679, 0.18126058254, 1.5668180007, 0.96100665366, 0.35083834527, 0.40331705248, 0, 0.17424508662, 0.14458320503, 0.003103176751, 0.17508141099, 0.048625226624, 0.59281877095, 0.038554470644, 0.26654716377, 0.089626665724, 0, 0, 0, 0, 0, 0.092919689995, 0.1018390728, 0.25476032659, 0, 7.5158149425, 0.98770054683, 1.9246237864, 0.37497144654]
    ],
    [
      [0, 0.5372467153, 0.75527812724, 0.47181838001, 0, 0.21323770125, 0.34317508265, 0.48923063731, 0.80298973039, 0.50501166554, 0.61985705246, 0.74521903404, 1.1918310891, 0.49075915578, 0.34061370223, 0.1925132699, 0.59615992017, 1.3090749761e-16, 0.15343867844, 0.0142026498, 3.4617561397e-18, 0.33426654369, 1.1208008028, 0.35648460844, 1.0211526486, 0.37445181733, 0.08241211632, 0.13384462638, 0.76972829285, 0.95052748042, 0.32092070615, 0.35401250808, 0.084044476182, 0, 0.028566143186, 0.034942908311, 0.53982813403, 0.053907478073, 0.65897793138, 0.076575612214, 0.067577625258, 0.10244936829, 0, 0.067483684248, 0, 0, 0, 0.066779568321, 9.8607613153e-32, 0.29400052224, 0.0006988056273, 5.555514698, 0.3875549585, 1.7012008254, 0.11065590363],
      [2.6167868863, 36.8507497939, 61.5728398015, 65.3179558504, 3.5589577068, 17.3816379897, 20.8248057142, 47.0158190599, 47.5125834992, 43.568633855, 41.2587511568, 47.8749330393, 82.7886914678, 41.2118134798, 36.6551587831, 28.8178989462, 42.8943432087, 1.69663553, 6.0421708446, 0.60231070406, 1.5688415238, 39.4655238657, 19.3940548388, 64.2040116704, 26.2077741865, 23.9100513756, 9.7424946312, 32.7043841814, 107.2735776389, 97.0907494858, 34.4212799555, 64.9999374975, 0.66062294828, 3.1951901861, 10.8257875867, 2.6773863294, 29.3773616857, 3.9360796123, 87.9746607504, 0.82461835067, 24.0037521208, 5.3041626057, 0, 2.0382755946, 1.9420666322, 0.65242088358, 1.3717306948, 1.3774095431, 6.5168981019, 22.2028044445, 0.51857901968, 578.1101866435, 95.1901112679, 218.7969950322, 126.5953860029],
      [0.75559412066, 12.6658729519, 19.3394494901, 24.8885557666, 1.7693570099, 4.8369187505, 11.4118733731, 22.7835347441, 24.0464863375, 17.1569937637, 23.995959648, 21.0171128477, 26.9358669583, 15.0804246512, 14.6057617365, 8.8092149636, 18.2756381116, 0.14004741492, 1.80074132, 0.24899250078, 0.10724249554, 12.6669363697, 8.9305582034, 17.4387442137, 7.1452868151, 9.6437567658, 5.2618740371, 7.6128443652, 24.3293330252, 32.8551852348, 9.2430539748, 13.8670834971, 0.79784722942, 0.35988384741, 2.3934974702, 0.91778214426, 10.0300177999, 1.8240564619, 25.5153425875, 0.5398439487, 6.4427349147, 1.9499828206, 0, 1.3097096532, 0.29092935181, 0.14947801301, 0, 0.18056384746, 0.41661446157, 7.3517932112, 0, 168.9411682318, 24.7938113853, 74.3240606653, 14.3688327359],
      [0.62761899307, 10.9677503711, 18.8538333188, 20.9657275218, 1.3007092186, 5.1560710133, 9.1040005666, 19.9479138716, 21.0364656658, 16.167359055, 19.0319729759, 14.5537902672, 23.4426839337, 13.1535732822, 12.1503046416, 9.3383485651, 19.5014812325, 0.16331705508, 1.7041180917, 0.11885502483, 0.25346787395, 14.5760324523, 9.9481999982, 22.0434502561, 9.050281494, 9.5220174061, 5.9630169287, 8.2800287024, 23.7803456653, 34.4278336761, 10.4930013907, 18.9863812981, 0.43245240349, 2.791609477, 3.8050052715, 1.0086152994, 10.28792032, 1.7231154796, 24.6070502251, 0.24207807579, 5.8990999515, 1.7625886812, 0, 0.51664132528, 0.62132296311, 0.13191870816, 0.1053066097, 0.10420151411, 0.83541479704, 7.7546917439, 0.48072217469, 174.496762961, 26.0821049995, 73.8250605835, 21.3657690978],
      [0, 1.1075291974, 2.1069319466, 2.3011646708, 0.37097606468, 0.53930855051, 1.0716850463, 2.3709538325, 3.0964046433, 2.1492314776, 2.4299602707, 1.8027045021, 2.7418309192, 2.4762806847, 0.78499023077, 0.75285702508, 2.6354733828, 0, 0.079419406219, 0.015639120534, 0.070448106684, 1.2244559663, 0.60638615683, 2.1233643093, 0.52394751632, 0.76355163813, 0.94316658515, 0.6078834483, 2.6072843796, 2.7574614232, 1.1332623229, 1.2047448635, 0.025032942633, 0, 0.18025801501, 0.30530130925, 1.0662232367, 0.18690781697, 2.4088220056, 0.13760426424, 0.51742867473, 0.31101199348, 0, 0.067889742653, 0, 0.040872791063, 0, 0.025200179734, 0, 0.82498750466, 0, 17.5186027905, 2.2270072128, 7.6624627402, 0.58499455083],
      [0, 2.8708509705, 5.3716673157, 3.0547778103, 0, 0.87282599474, 2.2444602172, 2.3925478546, 4.5050701239, 3.4527701832, 2.6634988961, 4.0062403096, 4.899095632, 2.5871487465, 3.4631709058, 2.0891672301, 3.0969041443, 0, 0.22011165906, 0, 0, 4.7327848023, 0, 2.833944942, 0.05155733944, 1.786170997, 1.0070357015, 2.6610146763, 7.2397309981, 6.9182426996, 2.3884816498, 2.5878403358, 1.1459580431e-16, 0.65331648956, 0.7668855134, 0.055972009425, 0.6986488237, 0.27593315111, 3.8351465, 0.17927974839, 1.069406713, 0.5698045307, 0, 0, 0.14568105288, 0.025309604192, 0.52296269553, 0.24584534726, 0.23107263944, 1.5717225735, 0, 35.3777646752, 5.319410176, 15.6902201536, 4.9743617089]
    ],
    [
      [0, 9.6032769636, 14.956874019, 10.6146593457, 0, 5.030053285, 6.0381035456, 11.477641544, 16.2117660127, 8.9372186579, 13.5658190005, 11.4446713068, 21.4805485185, 6.6434803698, 6.6503884162, 5.1938433186, 9.9652762565, 0, 0.68880814951, 0.78089892193, 0, 4.9287103924, 1.2971379363, 10.2963046076, 5.9359840936, 4.7613035527, 1.7756604597, 3.2547237197, 14.1468286564, 17.6542492656, 3.6264732129, 9.3593752896, 2.3781353235, 0.12577058103, 1.4862725385, 0.37076941993, 6.4305344779, 0.95538079686, 9.3023423651, 0.48806276129, 1.9715992522, 2.1401824602, 0, 0.60071977615, 2.4651903288e-32, 0, 0, 1.0534809834, 0, 4.9862659424, 0.26313896404, 121.1873705673, 8.480644901, 24.7683528316, 13.2875929465],
      [0.64120367825, 18.6019008365, 33.8466452364, 35.4464169241, 0.73575069034, 10.6681741641, 9.6586247436, 25.3789860204, 25.7696317841, 21.0540428407, 21.8188792177, 21.8191184072, 44.1203946264, 16.5340519606, 17.4176865565, 18.5180990373, 17.8643564633, 1.1707446385, 1.5306897624, 0.67293402545, 1.7441854368, 14.0144081194, 2.8711792653, 31.2071456895, 10.2428473911, 7.9163912942, 3.7528586718, 18.5366589211, 51.5138915984, 44.8182093775, 10.1333911453, 24.1238979639, 0, 0.69653358461, 7.8449926412, 0.65435963926, 13.541024608, 1.5169760579, 31.1320693187, 0.11313173889, 14.8871545855, 3.0288651964, 0, 0.48019559363, 0.9965488763, 0.51596151817, 0.53699508162, 1.1951924115, 7.5473074326, 10.2032326422, 0.48142098032, 333.2216933191, 43.1051290827, 79.8935659897, 79.1648682087],
