{
  "Z_true": {},
  "V_true": [
    [191, 339, 224, 15613, 1369],
    [368, 491, 5387, 819, 805],
    [29, 953, 186, 388, 123],
    [352, 85, 295, 979, 1312]
  ],
  "p_true": [
    [0.0108, 0.0191, 0.0126, 0.8803, 0.0772],
    [0.0468, 0.0624, 0.6845, 0.1041, 0.1023],
    [0.0173, 0.5676, 0.1108, 0.2311, 0.0733],
    [0.1164, 0.0281, 0.0976, 0.3239, 0.434]
  ],
  "Z_est": [
    [
      [0.0901, 0, 2.0525, 0.4992, 0, 0.1426, 1.4069, 9.6065, 6.7941, 2.5946, 0.8244, 0.8032, 0.3878, 0, 3.0466, 1.7239, 0, 0, 0.7009, 0, 0, 2.5426, 3.6699, 0, 0, 0.2027, 1.0584, 0, 6.4536, 0, 0, 0, 0.784, 0, 0],
      [0.2197, 0.0063, 4.7016, 0.0918, 2.4916, 0.3409, 3.752, 10.1304, 5.7862, 6.2185, 3.9571, 1.9027, 0.9351, 0.0265, 0.3397, 4.1308, 2.7475, 0.0656, 3.6114, 2.8843, 1.7588, 0.3098, 5.5219, 0.587, 2.5503, 0.4825, 8.019, 0.014, 13.6347, 3.6305, 3.0866, 4.5546, 0.6741, 5.8895, 0.0091],
      [0.335, 2.0807, 8.644, 3.5051, 56.7835, 0.8819, 1.2072, 2.0476, 6.4057, 16.2132, 4.5135, 0.5348, 1.4424, 6.2483, 3.4264, 10.8966, 6.3896, 9.0544, 8.9739, 0.6666, 4.7881, 3.5597, 7.0956, 3.382, 0.2751, 6.8099, 0.3515, 0.5425, 2.2845, 0.2974, 0.1604, 21.8216, 3.5571, 2.8193, 5.7266],
      [29.6219, 265.3366, 700.5359, 231.5087, 1052.3907, 48.7771, 637.6798, 612.1624, 469.2514, 923.4476, 484.1518, 286.5914, 136.8527, 708.4739, 176.2253, 606.0051, 431.5298, 785.1987, 715.0718, 610.8763, 255.8575, 173.8977, 594.3553, 386.6609, 396.0595, 66.2822, 386.0407, 177.058, 634.1206, 385.628, 58.3448, 644.241, 180.6637, 1587.6098, 77.1186],
      [5.7333, 26.5765, 81.066, 15.3952, 65.3342, 6.8575, 52.9541, 44.0531, 50.7625, 88.526, 43.5531, 31.1679, 15.382, 53.2513, 11.9619, 66.2435, 22.3331, 87.6814, 69.6421, 61.5729, 31.5955, 12.6902, 53.3573, 33.3701, 31.1152, 7.2227, 27.5305, 24.3856, 48.5067, 21.4441, 9.4082, 47.3828, 8.3212, 197.6814, 2.1457]
    ],
    [
      [4.1773, 9.2692, 29.7119, 2.5473, 65.2784, 3.0362, 21.9763, 44.4883, 26.9663, 86.8396, 9.1354, 12.4461, 25.0127, 7.9831, 8.9563, 80.9764, 10.1401, 25.6753, 9.7722, 9.3168, 3.6046, 6.3718, 22.5795, 11.1151, 5.913, 8.8202, 16.7444, 7.7799, 43.353, 2.6963, 1.2234, 38.1195, 7.8617, 44.3949, 2.5115],
      [3.6179, 0.052, 9.599, 0.5804, 24.7814, 1.6804, 6.3062, 10.6597, 6.6725, 27.8997, 2.5805, 3.8575, 1.7577, 1.6665, 1.7545, 19.9564, 3.4898, 9.8219, 2.717, 3.0534, 4.8852, 1.1236, 6.0648, 3.7472, 4.674, 0.9011, 2.8688, 2.2635, 20.4453, 0.7705, 1.5582, 17.3408, 2.2672, 14.9238, 0.1937],
      [52.6589, 89.7997, 248.2494, 15.2571, 682.2658, 44.7474, 154.8648, 262.7229, 168.4453, 832.4905, 66.6022, 68.6036, 179.8186, 86.5937, 41.6215, 569.0538, 79.2702, 274.4645, 73.0004, 74.3885, 60.3946, 27.4358, 153.9233, 94.407, 35.2767, 63.3423, 45.0778, 69.5979, 293.097, 17.4588, 20.6654, 391.1533, 58.6811, 361.6776, 45.6495],
      [5.4397, 17.7552, 32.5271, 1.0496, 77.2077, 6.8563, 19.739, 37.9006, 13.713, 99.9832, 4.6182, 10.7511, 9.8391, 9.7673, 3.0963, 93.3785, 5.5103, 37.2653, 4.8806, 7.434, 4.0934, 1.9942, 12.777, 11.2123, 13.3559, 4.1207, 5.2641, 15.2636, 50.0959, 1.2595, 4.4254, 53.6628, 5.6847, 56.2464, 5.5861],
      [10.1062, 6.1239, 17.9127, 0.5656, 34.4666, 6.6796, 12.1137, 16.2285, 12.2028, 14.7871, 5.0637, 7.3417, 9.5719, 7.9894, 3.5714, 24.6348, 6.5895, 25.773, 2.6299, 8.8073, 5.0221, 1.0746, 11.6554, 7.5184, 4.7803, 3.8157, 5.045, 11.0951, 19.0087, 1.8149, 6.1275, 21.7235, 3.5053, 42.7572, 2.0592]
    ],
    [
      [0.4672, 0.9343, 3.4036, 0.4004, 5.6727, 0.4672, 5.1388, 4.4714, 4.9386, 11.1451, 1.6684, 1.3347, 2.803, 3.0699, 1.8686, 7.0074, 2.6695, 6.7405, 1.6684, 2.7362, 3.0699, 1.0678, 4.5381, 3.2034, 2.1356, 0.6674, 2.0689, 1.4015, 7.8083, 0.8676, 0.4004, 5.6059, 1.6684, 7.8083, 1.1345],
      [5.9836, 7.3932, 38.298, 4.0576, 65.3717, 5.2779, 51.8001, 51.0226, 51.1316, 118.3767, 18.5388, 15.1575, 26.7707, 28.9317, 18.1192, 75.9044, 27.5946, 66.3981, 18.5388, 27.9988, 31.3801, 10.5481, 47.074, 31.3724, 23.0006, 6.7626, 24.2287, 13.9295, 87.8282, 10.6957, 5.1288, 61.9749, 16.6345, 81.8432, 10.4083],
      [0, 0.3682, 0, 0.0752, 0.9778, 0, 0.6256, 1.0611, 0.7008, 3.4012, 0.2851, 0.2772, 0.7206, 0.3722, 3.2628, 2.3242, 1.1228, 1.1364, 0.3286, 0.3009, 0.2613, 0.1346, 0.6454, 0.392, 0.1425, 0.2811, 0.1821, 0.2811, 1.1839, 0.0713, 0, 1.655, 0.2494, 1.461, 0.2059],
      [0.5493, 3.5417, 4.0019, 0.5082, 6.6698, 0.5493, 15.4157, 6.6415, 13.3947, 26.8413, 1.9617, 1.5694, 10.2524, 9.4209, 3.4816, 13.6724, 6.2012, 20.1387, 1.9617, 6.037, 8.1502, 3.0435, 11.8772, 10.4348, 4.7422, 1.6704, 2.5722, 3.5017, 15.5414, 1.0201, 0.4708, 10.1258, 5.5818, 12.9622, 4.8802],
      [0, 1.7626, 5.2965, 0.9586, 6.3081, 0.7056, 4.0199, 3.8034, 3.8343, 7.2357, 2.5459, 1.6612, 1.4533, 4.2054, 1.2678, 6.0916, 2.4119, 6.5864, 2.5024, 3.9271, 3.1385, 1.206, 3.8652, 2.5974, 1.979, 0.6184, 1.9481, 1.8862, 4.6383, 0.3453, 0, 4.6383, 0.8658, 12.9254, 0.3711]
    ],
    [
      [0.2655, 0.7965, 2.832, 0.5531, 4.0489, 0.354, 2.478, 2.4338, 2.301, 5.4207, 1.3718, 1.416, 0.7965, 1.947, 1.1284, 4.2923, 2.1904, 3.5843, 1.8585, 1.947, 1.3254, 1.0178, 2.2125, 1.6815, 0.9514, 0.3098, 1.1284, 0.8186, 3.3852, 0.4361, 0.3761, 3.2745, 0.6859, 5.7968, 0.354],
      [2.1788, 1.5485, 12.4013, 1.2702, 21.3553, 1.7007, 14.1417, 16.1873, 14.4097, 34.5051, 5.9235, 5.0823, 6.5365, 7.3753, 4.7866, 23.0084, 8.1682, 17.7144, 6.1329, 8.0635, 8.9759, 3.0185, 13.3393, 8.2935, 6.7751, 1.8537, 7.8836, 3.7931, 27.0918, 4.9033, 2.2264, 19.1297, 4.4242, 24.3435, 2.3889],
      [0.0061, 0.7513, 2.1066, 0.1625, 5.9729, 0.3707, 1.3025, 2.1684, 1.4481, 6.8951, 0.5991, 0.5844, 0.0184, 0.7858, 0.6893, 4.7254, 1.2173, 2.3447, 0.6971, 0.6439, 0.5559, 2.8699, 1.3357, 0.8191, 0.3057, 0.5667, 0.3886, 0.5785, 2.4347, 0.1725, 0.1742, 3.37, 0.5124, 3.042, 0.418],
      [2.3891, 10.3665, 34.9351, 8.9336, 53.7319, 3.8173, 33.1655, 30.2956, 28.6409, 74.728, 17.2683, 21.0881, 8.0558, 27.3379, 20.1969, 61.9439, 40.7587, 45.3974, 24.0859, 24.6528, 21.8989, 15.0646, 26.9904, 24.692, 8.8424, 2.9266, 13.1231, 8.1767, 42.2421, 25.0924, 3.759, 45.9704, 10.0699, 64.1816, 5.415],
      [7.1604, 22.5371, 75.7249, 14.0806, 97.8911, 9.7573, 60.9123, 58.9149, 57.2003, 123.4511, 36.8372, 35.8292, 20.5928, 50.554, 24.1989, 100.03, 46.6655, 92.9592, 51.2256, 52.6928, 37.2439, 24.0293, 56.122, 40.514, 26.1254, 8.3432, 28.4764, 23.6331, 77.8463, 29.3957, 10.4643, 76.2554, 15.3077, 164.636, 7.4241]
    ]
  ],
  "V_est": [
    [45.3845, 105.0617, 213.722, 15915.6269, 1456.205],
    [716.7939, 226.5324, 5802.7571, 743.7542, 380.1623],
    [112.0517, 1185.4754, 24.4875, 249.3846, 107.6007],
    [65.7699, 350.9305, 51.0334, 890.2343, 1665.032]
  ],
  "p_est": [
    [0.0026, 0.0059, 0.0121, 0.8974, 0.0821],
    [0.0911, 0.0288, 0.7373, 0.0945, 0.0483],
    [0.0667, 0.7061, 0.0146, 0.1485, 0.0641],
    [0.0218, 0.1161, 0.0169, 0.2945, 0.5508]
  ],
  "EI_Z": {},
  "EI_V": 6.8921,
  "MAE_Z": {},
  "MAE_V": 208.8872,
  "MAE_p": 0.0512,
  "runtime": 0.9807
}
