{
  "Z_true": {},
  "V_true": [
    [191, 339, 224, 15613, 1369],
    [368, 491, 5387, 819, 805],
    [29, 953, 186, 388, 123],
    [352, 85, 295, 979, 1312]
  ],
  "p_true": [
    [0.0108, 0.0191, 0.0126, 0.8803, 0.0772],
    [0.0468, 0.0624, 0.6845, 0.1041, 0.1023],
    [0.0173, 0.5676, 0.1108, 0.2311, 0.0733],
    [0.1164, 0.0281, 0.0976, 0.3239, 0.434]
  ],
  "Z_est": [
    [
      [0.088, 0, 2.0089, 0.4965, 0, 0.1394, 1.3791, 9.5588, 6.764, 2.5353, 0.813, 0.7848, 0.3789, 0, 3.0387, 1.6845, 0, 0, 0.6888, 0, 0, 2.5375, 3.6429, 0, 0, 1.1711, 1.0342, 0, 6.3981, 0, 0, 0, 0.7739, 0, 0],
      [0.2136, 0.0063, 4.575, 0.0553, 2.4144, 0.3312, 3.6205, 10.0419, 5.6712, 6.0422, 3.876, 1.848, 0.9088, 0.0266, 0.27, 4.0137, 2.6687, 0.0658, 3.495, 2.7639, 1.7088, 0.2429, 5.4081, 0.4933, 2.4771, 0.007, 7.9672, 0.014, 13.4895, 3.5332, 3.0667, 4.3752, 0.6425, 5.5865, 0.0091],
      [0.335, 2.081, 8.621, 3.505, 56.6677, 0.882, 1.2074, 2.0479, 6.406, 16.2144, 4.5134, 0.5349, 1.4424, 6.2481, 3.4263, 10.8974, 6.3165, 9.055, 8.9733, 0.667, 4.7312, 3.5595, 7.0957, 3.3821, 0.2751, 6.8095, 0.3515, 0.5425, 2.2848, 0.2974, 0.1605, 21.8215, 3.557, 2.8197, 3.4081],
      [29.6669, 265.4689, 701.1277, 231.625, 1053.2702, 48.8332, 638.1304, 612.6468, 469.6849, 924.2217, 484.409, 286.8341, 136.9831, 708.69, 176.3921, 606.5699, 431.8421, 785.8958, 715.4146, 611.2192, 256.115, 174.042, 594.7741, 386.9369, 396.2553, 65.834, 386.2422, 177.238, 634.748, 385.8072, 58.419, 644.8767, 180.7857, 1588.7848, 79.4517],
      [5.6965, 26.4438, 80.6674, 15.3181, 64.6478, 6.8143, 52.6626, 43.7045, 50.4739, 87.9865, 43.3885, 30.9981, 15.2867, 53.0353, 11.8729, 65.8346, 22.1728, 86.9833, 69.4283, 61.3499, 31.4449, 12.6181, 53.0792, 33.1876, 30.9926, 7.1785, 27.4049, 24.2054, 48.0795, 21.3622, 9.3538, 46.9266, 8.2409, 196.809, 2.1311]
    ],
    [
      [4.1794, 9.2694, 29.7561, 2.55, 65.2795, 3.0396, 22.0049, 44.5368, 26.9972, 86.9007, 9.1471, 12.4647, 25.022, 7.9836, 8.9646, 81.017, 10.1406, 25.6764, 9.7846, 9.3173, 3.6052, 6.3772, 22.6072, 11.1156, 5.9134, 7.8519, 16.7689, 7.7801, 43.4097, 2.6995, 1.2235, 38.1205, 7.8721, 44.3964, 2.5116],
      [3.6036, 0.052, 9.5108, 0.5752, 24.5507, 1.6632, 6.25, 10.5626, 6.6129, 27.664, 2.5575, 3.8049, 1.7238, 1.5196, 1.7391, 19.7476, 3.4029, 9.5507, 2.6927, 3.0265, 4.8178, 1.1137, 6.0107, 3.7137, 4.6748, 1.3532, 2.8344, 2.2015, 20.3318, 0.7642, 1.5494, 17.2712, 2.2468, 14.788, 0.167],
      [52.6588, 89.7992, 248.2481, 15.2572, 682.3118, 44.743, 154.8642, 262.7219, 168.4446, 832.4872, 66.6022, 68.6034, 179.8351, 86.5937, 41.6201, 569.0516, 79.3411, 274.4632, 73.0008, 74.388, 60.4513, 27.4356, 153.9228, 94.4065, 35.2766, 63.3425, 45.0776, 69.5977, 293.0959, 17.4587, 20.6634, 391.1525, 58.681, 361.6763, 47.9679],
      [5.4181, 17.6987, 32.4153, 1.0431, 76.9892, 6.8637, 19.6668, 37.7797, 13.6364, 99.9759, 4.5896, 10.7166, 9.8272, 9.8618, 3.0771, 93.4236, 5.4763, 37.1418, 4.8504, 7.4108, 4.0681, 1.9819, 12.7073, 11.1857, 13.3243, 4.6212, 5.2385, 15.2291, 49.9584, 1.2517, 4.4161, 53.4939, 5.659, 56.0717, 3.3014],
      [10.14, 6.1807, 18.0697, 0.5745, 34.8689, 6.6905, 12.2141, 16.399, 12.3089, 14.9721, 5.1036, 7.4104, 9.5918, 8.0412, 3.5991, 24.7602, 6.639, 26.168, 2.6715, 8.8575, 5.0576, 1.0916, 11.7521, 7.5784, 4.811, 3.8312, 5.0806, 11.1915, 19.2042, 1.8259, 6.1476, 21.9619, 3.5411, 43.0676, 2.0521]
    ],
    [
      [0.4671, 0.9342, 3.4032, 0.4004, 5.672, 0.4671, 5.1382, 4.4709, 4.938, 11.1438, 1.6682, 1.3346, 2.8026, 3.0696, 1.8684, 7.0066, 2.6692, 6.7397, 1.6682, 2.7359, 3.0696, 1.0677, 4.5376, 3.203, 2.1353, 0.6673, 2.0686, 1.4013, 7.8073, 0.8675, 0.4004, 5.6053, 1.6682, 7.8073, 1.1344],
      [5.9837, 7.393, 38.2982, 4.0575, 65.3721, 5.2779, 51.7995, 51.0228, 51.1311, 118.3761, 18.5389, 15.1576, 26.7701, 28.931, 18.1188, 75.9042, 27.5943, 66.397, 18.5389, 27.9985, 31.3798, 10.548, 47.0736, 31.3718, 23.0006, 6.7625, 24.2289, 13.9292, 87.8285, 10.6959, 5.1289, 61.975, 16.6343, 81.8426, 10.408],
      [0, 0.3597, 0, 0.0735, 0.9778, 0, 0.6112, 1.0367, 0.6847, 3.3228, 0.2785, 0.2708, 0.704, 0.3636, 3.2569, 2.2706, 1.1078, 1.1102, 0.3211, 0.294, 0.2553, 0.1315, 0.6305, 0.383, 0.1393, 0.2746, 0.1779, 0.2746, 1.1566, 0.0696, 0, 1.6169, 0.2437, 1.4274, 0.2011],
      [0.5462, 3.5442, 3.9795, 0.5073, 6.6326, 0.5462, 15.3977, 6.6369, 13.3795, 26.8487, 1.9508, 1.5606, 10.2516, 9.4073, 3.4758, 13.6809, 6.1992, 20.1223, 1.9508, 6.0263, 8.1349, 3.0398, 11.8632, 10.4237, 4.7318, 1.6727, 2.5628, 3.4992, 15.5184, 1.0144, 0.4682, 10.1278, 5.5771, 12.945, 4.8781],
      [0.003, 1.7688, 5.3191, 0.9613, 6.3456, 0.7087, 4.0535, 3.8328, 3.8667, 7.3086, 2.5636, 1.6764, 1.4716, 4.2286, 1.28, 6.1377, 2.4295, 6.6308, 2.5211, 3.9453, 3.1605, 1.213, 3.895, 2.6185, 1.9931, 0.6228, 1.9617, 1.8956, 4.6892, 0.3526, 0.0026, 4.6751, 0.8767, 12.9777, 0.3784]
    ],
    [
      [0.2655, 0.7964, 2.8318, 0.5531, 4.0485, 0.354, 2.4778, 2.4335, 2.3008, 5.4202, 1.3716, 1.4159, 0.7964, 1.9468, 1.1283, 4.2919, 2.1902, 3.5839, 1.8583, 1.9468, 1.3253, 1.0177, 2.2123, 1.6814, 0.9513, 0.3097, 1.1283, 0.8186, 3.3848, 0.433, 0.3761, 3.2742, 0.6858, 5.7962, 0.354],
      [2.1991, 1.5487, 12.6161, 1.312, 21.6628, 1.7276, 14.3301, 16.3727, 14.5848, 34.9177, 6.0276, 5.1895, 6.5973, 7.5228, 4.8721, 23.3345, 8.3341, 17.9865, 6.2735, 8.2111, 9.0936, 3.0954, 13.5076, 8.4211, 6.8476, 1.8773, 7.9695, 3.8552, 27.3502, 5.0067, 2.255, 19.3787, 4.4765, 24.783, 2.4159],
      [0.0061, 0.7601, 2.1309, 0.1643, 6.0428, 0.375, 1.3173, 2.1935, 1.4647, 6.9756, 0.6059, 0.591, 0.0184, 0.7946, 0.6967, 4.7804, 1.2346, 2.3716, 0.7049, 0.6511, 0.5621, 2.8734, 1.351, 0.8284, 0.3091, 0.5734, 0.3929, 0.5851, 2.4627, 0.1742, 0.1762, 3.4091, 0.5183, 3.0767, 0.4229],
      [2.3688, 10.2882, 34.4774, 8.8246, 53.1081, 3.7569, 32.8051, 29.9366, 28.2991, 73.9537, 17.0507, 20.8886, 7.938, 27.0409, 20.0549, 61.3256, 40.4824, 44.8401, 23.7842, 24.3437, 21.682, 14.9363, 26.6554, 24.4536, 8.6886, 2.8721, 12.9565, 8.0336, 41.7752, 24.9267, 3.6968, 45.5016, 9.9782, 63.1984, 5.3689],
      [7.1605, 22.6066, 75.9438, 14.1461, 98.1378, 9.7865, 61.0697, 59.0637, 57.3505, 123.7328, 36.9443, 35.915, 20.6499, 50.6949, 24.2479, 100.2676, 46.7587, 93.2179, 51.3791, 52.8473, 37.337, 24.0773, 56.2736, 40.6155, 26.2033, 8.3675, 28.5528, 23.7075, 78.027, 29.4593, 10.496, 76.4363, 15.3413, 165.1456, 7.4384]
    ]
  ],
  "V_est": [
    [45.9164, 101.929, 211.1378, 15929.2364, 1447.7805],
    [716.2844, 224.6485, 5805.2414, 740.3705, 383.4553],
    [112.0388, 1185.4686, 24.026, 249.1015, 108.3652],
    [65.7604, 355.954, 51.5949, 880.2916, 1669.399]
  ],
  "p_est": [
    [0.0026, 0.0057, 0.0119, 0.8981, 0.0816],
    [0.091, 0.0285, 0.7376, 0.0941, 0.0487],
    [0.0667, 0.7061, 0.0143, 0.1484, 0.0645],
    [0.0218, 0.1177, 0.0171, 0.2912, 0.5522]
  ],
  "EI_Z": {},
  "EI_V": 6.9467,
  "MAE_Z": {},
  "MAE_V": 210.5403,
  "MAE_p": 0.0515,
  "runtime": 0.6106
}
