{
  "X": [
    [7, 8, 47, 90, 4],
    [39, 67, 210, 296, 10],
    [1, 9, 48, 91, 3],
    [26, 85, 239, 708, 25],
    [1, 7, 20, 36, 0],
    [55, 45, 273, 289, 11],
    [36, 39, 280, 387, 11],
    [50, 99, 735, 604, 35],
    [25, 32, 211, 362, 16],
    [51, 60, 367, 727, 20],
    [23, 41, 284, 331, 7],
    [1, 6, 27, 42, 1],
    [3, 3, 20, 17, 0],
    [1, 6, 19, 19, 0],
    [38, 99, 491, 439, 15],
    [60, 135, 568, 506, 16],
    [2, 4, 6, 39, 6],
    [1, 3, 4, 2, 0],
    [1, 2, 29, 21, 0],
    [23, 44, 280, 290, 12],
    [1, 6, 37, 68, 2],
    [25, 32, 189, 316, 20],
    [45, 36, 296, 520, 15],
    [29, 35, 258, 327, 8],
    [3, 1, 3, 20, 1],
    [45, 118, 577, 586, 22],
    [17, 63, 214, 446, 18],
    [39, 84, 295, 563, 21],
    [27, 54, 285, 623, 34],
    [51, 70, 349, 580, 33],
    [15, 34, 135, 250, 15],
    [7, 12, 59, 111, 4],
    [45, 82, 526, 702, 34],
    [13, 73, 346, 244, 2],
    [16, 87, 198, 199, 2],
    [19, 119, 338, 296, 4],
    [0, 6, 28, 31, 4],
    [295, 393, 2452, 3149, 150],
    [40, 117, 322, 634, 20],
    [84, 297, 804, 1384, 52],
    [9, 66, 108, 189, 5]
  ],
  "W": [
    [4, 10, 65, 50, 20, 7],
    [28, 92, 218, 213, 43, 28],
    [3, 12, 70, 48, 9, 10],
    [25, 103, 550, 269, 82, 54],
    [0, 1, 32, 27, 2, 2],
    [44, 48, 196, 296, 49, 40],
    [43, 42, 284, 319, 39, 26],
    [62, 139, 377, 802, 95, 48],
    [24, 50, 267, 234, 46, 25],
    [41, 75, 568, 434, 64, 43],
    [26, 44, 234, 323, 47, 12],
    [3, 7, 20, 29, 17, 1],
    [2, 5, 15, 19, 1, 1],
    [1, 6, 14, 20, 2, 2],
    [35, 100, 286, 497, 121, 43],
    [52, 171, 310, 594, 124, 34],
    [3, 4, 34, 10, 4, 2],
    [0, 1, 3, 5, 1, 0],
    [2, 2, 13, 29, 2, 5],
    [28, 46, 199, 320, 37, 19],
    [1, 5, 43, 50, 11, 4],
    [29, 28, 240, 229, 34, 22],
    [43, 50, 400, 338, 44, 37],
    [42, 40, 237, 272, 44, 22],
    [3, 2, 15, 4, 2, 2],
    [30, 145, 386, 648, 93, 46],
    [16, 84, 297, 251, 60, 50],
    [36, 117, 391, 312, 95, 51],
    [32, 61, 479, 330, 58, 63],
    [40, 83, 433, 401, 73, 53],
    [10, 40, 192, 158, 24, 25],
    [4, 18, 82, 71, 6, 12],
    [42, 91, 491, 610, 81, 74],
    [12, 106, 153, 342, 46, 19],
    [14, 120, 105, 217, 34, 12],
    [22, 177, 170, 338, 41, 28],
    [0, 11, 19, 31, 6, 2],
    [315, 558, 2269, 2505, 547, 245],
    [29, 162, 471, 347, 78, 46],
    [73, 341, 1030, 862, 165, 150],
    [4, 101, 111, 121, 18, 22]
  ],
  "method": "mvn_pdf",
  "cond_prob": [
    [
      [0.70586926255, 3.2697543982e-05, 0.16944902524, 0.10188282251, 0.022766192154],
      [0.0077051563137, 0.53197878568, 0.20702477753, 0.25309182512, 0.00019945535036],
      [0.016393453661, 0.010736887984, 0.010406705919, 0.92408224208, 0.038380710354],
      [0.024596011488, 0.025294441989, 0.73131257403, 0.21332724388, 0.0054697286049],
      [0.068780248631, 0.021616018698, 0.35342203399, 0.53331793736, 0.022863761325],
      [0.039163244084, 0.022694215293, 0.023327343013, 0.88298923275, 0.031825964864]
    ],
    [
      [0.75370126974, 3.6279268594e-05, 0.16169773053, 0.070758738282, 0.013805982178],
      [0.010096240818, 0.5890080416, 0.21211772481, 0.18864711357, 0.00013087921093],
      [0.028550280535, 0.017027608749, 0.014332208345, 0.9070390611, 0.033050841269],
      [0.033221168463, 0.031056358399, 0.76691202604, 0.16509086926, 0.0037195778338],
      [0.10041044884, 0.028934274442, 0.40783665134, 0.44603942711, 0.016779198272],
      [0.065931275372, 0.034871026331, 0.031152944539, 0.841411649, 0.026633104758]
    ],
    [
      [0.3217570593, 7.268428746e-05, 0.44805014387, 0.19718897497, 0.032931137568],
      [0.001719817058, 0.53111316059, 0.24589281579, 0.22114405032, 0.00013015624346],
      [0.0042376013597, 0.012497936983, 0.014276455865, 0.93991851888, 0.029069486912],
      [0.0049966909604, 0.02321429784, 0.79829164792, 0.17023990314, 0.0032574601463],
      [0.016096485578, 0.023126112411, 0.44841386608, 0.49650291127, 0.015860624668],
      [0.010154853764, 0.026673162001, 0.032304297445, 0.90652756914, 0.024340117651]
    ],
    [
      [0.53752764454, 7.6072968015e-05, 0.24332522184, 0.18309697068, 0.035974089982],
      [0.003603421757, 0.60159124996, 0.15603561439, 0.23860281509, 0.00016689880118],
      [0.0083116240753, 0.014244121142, 0.0086144312927, 0.93451695541, 0.034312868082],
      [0.014425634564, 0.038770868724, 0.68655591686, 0.25446976367, 0.0057778161851],
      [0.03756717189, 0.031191789306, 0.31541630651, 0.59333473914, 0.022489993153],
      [0.019926834474, 0.030323134662, 0.019464111494, 0.90152773884, 0.028758180535]
    ],
    [
      [0.63739503564, 0.00080460529309, 0.23934276204, 0.11512828205, 0.0073293149847],
      [0.00015840385129, 0.97973346315, 0.010184990272, 0.0099208426501, 2.300075363e-06],
      [0.0070187838669, 0.19638784224, 0.010431782689, 0.77702300876, 0.0091385824522],
      [0.0073080990052, 0.33494736504, 0.53625393919, 0.12059366766, 0.00089692910546],
      [0.023732996516, 0.32746749361, 0.29246791557, 0.35200695742, 0.0043246368922],
      [0.013809201211, 0.35324415323, 0.019279372494, 0.60744579998, 0.0062214730817]
    ],
    [
      [0.75986300368, 3.6222322601e-05, 0.16033517275, 0.065765822813, 0.013999778431],
      [0.010419757455, 0.59892719436, 0.21296988221, 0.17754878106, 0.00013438491253],
      [0.031061420801, 0.018155414675, 0.015182115086, 0.89983474903, 0.035766300405],
      [0.034469781625, 0.031583610949, 0.77381055485, 0.15629462404, 0.0038414285359],
      [0.10571536142, 0.029881634937, 0.41813849495, 0.42867305822, 0.017591450469],
      [0.071313151234, 0.036986452946, 0.032820003957, 0.83021492803, 0.028665463836]
    ],
    [
      [0.5760643415, 5.6772623274e-05, 0.26254583286, 0.13887049605, 0.022462556964],
      [0.00477716876, 0.56162324462, 0.20886523949, 0.2246051216, 0.00012922553818],
      [0.011682316114, 0.013988209297, 0.012220754035, 0.93391386366, 0.028194856899],
      [0.015706410701, 0.029485015025, 0.75453081595, 0.19660539261, 0.0036723657176],
      [0.046265055147, 0.026827484648, 0.39206947345, 0.51866774783, 0.016170238925],
      [0.027741829437, 0.029493766405, 0.027343916625, 0.89202390421, 0.023396583321]
    ],
    [
      [0.5050423867, 5.2096629575e-05, 0.3112117081, 0.13577660544, 0.047917203126],
      [0.0043286764935, 0.51870572651, 0.25268666575, 0.22399768607, 0.00028124518274],
      [0.010282088533, 0.012718260093, 0.01438514559, 0.90303919321, 0.059575312571],
      [0.012289367782, 0.02382839287, 0.78745217831, 0.16952014384, 0.0069099171899],
      [0.038295628761, 0.022953306944, 0.43377517007, 0.47279126863, 0.03218462559],
      [0.024518577046, 0.026927713047, 0.032329355319, 0.86656523783, 0.04965911676]
    ],
    [
      [0.59235606612, 3.8158938972e-05, 0.23454331197, 0.13914191836, 0.033920544614],
      [0.0061319987954, 0.47459850866, 0.23528307332, 0.2837406349, 0.00024578432307],
      [0.011767482464, 0.0092982185168, 0.010794172996, 0.92599245041, 0.042147675615],
      [0.017519394576, 0.021702182984, 0.73897742229, 0.21573236829, 0.0060686318649],
      [0.049123955589, 0.018783552469, 0.36499762519, 0.54164882558, 0.025446041181],
      [0.028201351904, 0.01977554107, 0.024367967165, 0.89237491038, 0.035280229483]
    ],
    [
      [0.65439439424, 4.1447507442e-05, 0.19962067777, 0.12552652818, 0.020416952303],
      [0.0070383087915, 0.52513050789, 0.20532804371, 0.26235115128, 0.00015198833294],
      [0.014777250928, 0.011328678503, 0.01032228673, 0.93514321704, 0.028428566805],
      [0.022544474843, 0.027094772487, 0.72228851869, 0.22386269534, 0.0042095386392],
      [0.061766683906, 0.022928297372, 0.34924768858, 0.54883104901, 0.017226281134],
      [0.035127446257, 0.023904079003, 0.023119001488, 0.89423023083, 0.023619242425]
    ],
    [
      [0.53845913917, 6.6062367659e-05, 0.2911092981, 0.14990958579, 0.020455914576],
      [0.0039236387529, 0.57744684009, 0.20446874469, 0.21405687955, 0.00010389692481],
      [0.010111581686, 0.015143684818, 0.012607842171, 0.93824935825, 0.023887533076],
      [0.013268939767, 0.031161421793, 0.75977852184, 0.1927538185, 0.0030372981041],
      [0.039718331747, 0.028807813226, 0.40116694816, 0.5167192432, 0.013587663658],
      [0.024009883236, 0.031927949008, 0.028206266841, 0.89603580626, 0.019820094651]
    ],
    [
      [0.335986512, 9.2476938984e-05, 0.33724200352, 0.29670086177, 0.029978145765],
      [0.0013680442803, 0.58577234114, 0.14719609666, 0.2655706248, 9.2893111914e-05],
      [0.0028367957619, 0.010710120159, 0.0072210348021, 0.96176845276, 0.017463596513],
      [0.0055889457134, 0.033226410876, 0.67100989642, 0.28690300355, 0.0032717434334],
      [0.013933781977, 0.025684410206, 0.29178512732, 0.65617268673, 0.012423993775],
      [0.0068573691516, 0.023152290538, 0.016523118306, 0.93865442512, 0.014812796887]
    ],
    [
      [0.84547772096, 1.0927710169e-05, 0.12620643377, 0.026845186568, 0.0014597309903],
      [0.011207977348, 0.47353335539, 0.35900862664, 0.15621891313, 3.1127489327e-05],
      [0.036453469058, 0.012664085722, 0.02619452249, 0.91558839824, 0.0090995244902],
      [0.024221307148, 0.013116818221, 0.87634233618, 0.085763852704, 0.00055568575033],
      [0.098600453524, 0.015673188959, 0.57737307748, 0.30513395009, 0.0032193299472],
      [0.085063294268, 0.025552768187, 0.05610149433, 0.82609677279, 0.0071856704265]
    ],
    [
      [0.51229301962, 0.00010897544671, 0.36141644709, 0.12043377785, 0.0057477799939],
      [0.001325341845, 0.74769726148, 0.14908179337, 0.10187797935, 1.7623958013e-05],
      [0.0067647811916, 0.029321923881, 0.017411765357, 0.93845074488, 0.0080507846897],
      [0.0063841127848, 0.043890510729, 0.82107418458, 0.12793417855, 0.00071701335932],
      [0.023062845318, 0.048507078255, 0.50174040286, 0.42283767401, 0.0038519995549],
      [0.015892988625, 0.061488327037, 0.038482973585, 0.87754906875, 0.0065866420042]
    ],
    [
      [0.55850871604, 8.4254052105e-05, 0.30548011588, 0.11373486615, 0.022192047884],
      [0.0037008389489, 0.65699866979, 0.19310785294, 0.14609116416, 0.0001014741571],
      [0.013596334755, 0.02477159362, 0.016991869444, 0.91140792312, 0.033232279058],
      [0.013906077128, 0.039725391857, 0.7967845579, 0.14628561786, 0.0032983552606],
      [0.045935876227, 0.040542964457, 0.46486804409, 0.43237861572, 0.016274499512],
      [0.031630925989, 0.051168164653, 0.037247532511, 0.85293551434, 0.027017862503]
    ],
    [
      [0.63653682326, 5.7581200927e-05, 0.23958604431, 0.10418034374, 0.019639207486],
      [0.0057349244557, 0.60677882089, 0.20565526742, 0.18170904429, 0.00012194294991],
      [0.01705692232, 0.018607427464, 0.014655034534, 0.91736275102, 0.032317864665],
      [0.019724097804, 0.033727447383, 0.77637805386, 0.16654218275, 0.0036282182074],
      [0.061310821067, 0.03239075738, 0.42632089827, 0.46313426204, 0.016843261242],
      [0.039879333548, 0.038618307025, 0.032283844701, 0.86281146612, 0.026407048604]
    ],
    [
      [0.34895092393, 5.2450778309e-05, 0.090061006628, 0.1632725347, 0.39766308396],
      [0.0019887887321, 0.68178008899, 0.066367416868, 0.2478837113, 0.0019799941084],
      [0.0031118730698, 0.0077631274391, 0.0024116210966, 0.68138420556, 0.30532917283],
      [0.01195698884, 0.047149370456, 0.45550013015, 0.38436115769, 0.10103235287],
      [0.019187151355, 0.023173868546, 0.12029149293, 0.57683812349, 0.26050936368],
      [0.0079224362317, 0.017681084393, 0.0057983026, 0.69967447555, 0.26892370122]
    ],
    [
      [0.89755124145, 8.0438477517e-05, 0.066941560131, 0.018618657719, 0.016808102222],
      [2.7489199618e-06, 0.99997228778, 1.9233450808e-05, 5.7296865177e-06, 1.6051745105e-10],
      [0.086868016285, 0.50226765612, 0.010620230044, 0.40005570321, 0.00018839433668],
      [0.051233198195, 0.53321104586, 0.39031541484, 0.025222312342, 1.8028756048e-05],
      [0.32565025311, 0.44152927497, 0.16872997926, 0.064041284147, 4.9208503399e-05],
      [0.15739947524, 0.65006402319, 0.012656959222, 0.17979188994, 8.7652404319e-05]
    ],
    [
      [0.3462983081, 4.9730868126e-05, 0.51715550512, 0.12947106181, 0.0070253941029],
      [0.0018074108245, 0.50744716422, 0.32408725009, 0.16662580629, 3.2368575672e-05],
      [0.005732276622, 0.01263440069, 0.023725139102, 0.94869285668, 0.0092153269058],
      [0.0042988827173, 0.014940561322, 0.87617545167, 0.10393114907, 0.00065395522704],
      [0.01677900271, 0.018057617634, 0.58909435362, 0.37224712303, 0.0038219030013],
      [0.013576991778, 0.026720195861, 0.053012327833, 0.89906141861, 0.0076290659176]
    ],
    [
      [0.52919001254, 7.2373303843e-05, 0.29471876591, 0.14368670204, 0.032332146213],
      [0.003674308347, 0.60345635138, 0.19723121943, 0.19548189703, 0.00015622380444],
      [0.010177270369, 0.016990127276, 0.013069388292, 0.9210880592, 0.038675154865],
      [0.012964787074, 0.033940490788, 0.76468079793, 0.1836479883, 0.0047659359102],
      [0.039294594239, 0.031770485884, 0.40880315407, 0.49852645434, 0.021605311466],
      [0.024143356687, 0.035789972082, 0.029211786971, 0.87880527896, 0.032049605296]
    ],
    [
      [0.42037893278, 8.5123648606e-05, 0.27433380132, 0.26674369621, 0.038458446038],
      [0.0018455919193, 0.59580335098, 0.13479658402, 0.26741940958, 0.00013506349812],
      [0.0037967418531, 0.010945724144, 0.0065696658947, 0.95342252575, 0.025265342358],
      [0.0079500322394, 0.036148864344, 0.64572217709, 0.30516588424, 0.0050130420828],
      [0.019095782863, 0.02676318574, 0.26980744998, 0.66606219748, 0.018271383937],
      [0.0091985204966, 0.023657315484, 0.015033520824, 0.93069999816, 0.021410645039]
    ],
    [
      [0.56446879054, 7.0026721732e-05, 0.23230446346, 0.14820890568, 0.0549478136],
      [0.0041072303607, 0.61989416952, 0.16355446652, 0.21216503767, 0.00027909593282],
      [0.01026142639, 0.015603856992, 0.0097680150138, 0.90195154085, 0.062415160755],
      [0.016260667989, 0.03878430711, 0.71190682074, 0.22349972709, 0.009548477068],
      [0.044163068464, 0.032519014853, 0.3405969844, 0.54389314408, 0.038827788206],
      [0.024557659324, 0.03316383959, 0.022024587875, 0.86808863778, 0.052165275429]
    ],
    [
      [0.64139425676, 3.5018825016e-05, 0.21629842031, 0.12198255469, 0.020289749421],
      [0.0073949648568, 0.47885492395, 0.23929603878, 0.27429167207, 0.00016240034496],
      [0.014832984852, 0.0098370730821, 0.011485438972, 0.93479979766, 0.02904470543],
      [0.020983486244, 0.021813059221, 0.74598699585, 0.20723334448, 0.0039831142054],
      [0.059825721535, 0.01920601511, 0.37512204525, 0.52887872449, 0.016967493619],
      [0.035273965704, 0.020762945148, 0.025732124815, 0.89409533384, 0.024135630488]
    ],
    [
      [0.50921308207, 6.2221440202e-05, 0.32155434203, 0.14775563651, 0.021414717951],
      [0.0037885108959, 0.55271187177, 0.22920826647, 0.21418096317, 0.00011038768733],
      [0.0097356158108, 0.014439854894, 0.01408814791, 0.93642064942, 0.025315731969],
      [0.011746633954, 0.027314121047, 0.78120290614, 0.17677821832, 0.0029581205409],
      [0.036613878565, 0.026306509735, 0.42956490638, 0.49372796695, 0.013786738375],
      [0.023105564677, 0.030433976284, 0.031507900754, 0.89395543091, 0.020997127372]
    ],
    [
      [0.81381949099, 1.0191507032e-05, 0.065988876576, 0.1039090779, 0.01627236303],
      [0.0087103274516, 0.40305811984, 0.13639709577, 0.45159963146, 0.00023482547151],
      [0.010038146103, 0.0031208903001, 0.0035100421596, 0.95731386032, 0.026017061122],
      [0.030515767852, 0.014466682138, 0.5626965719, 0.38568170175, 0.0066392763591],
      [0.06050156319, 0.0086941170896, 0.16851967368, 0.74111974405, 0.021164901996],
      [0.024773389579, 0.0066941793927, 0.008079708628, 0.93832580395, 0.022126918448]
    ],
    [
      [0.62381039437, 5.6150976404e-05, 0.23841607478, 0.11286585702, 0.024851522861],
      [0.005611768601, 0.59238087446, 0.20483636878, 0.19701653569, 0.00015445247344],
      [0.015383517358, 0.016737010188, 0.013453011725, 0.9166914557, 0.037735005031],
      [0.019096195471, 0.032569598855, 0.7651204931, 0.17866694925, 0.0045467633196],
      [0.057708672284, 0.030404296235, 0.40838196946, 0.48298406595, 0.020520996078],
      [0.036208688101, 0.034968268804, 0.029833619288, 0.86795080515, 0.031038618661]
    ],
    [
      [0.51965638783, 6.7128120687e-05, 0.24767158723, 0.18919388235, 0.043411014473],
      [0.0036702771703, 0.56540705399, 0.16873597655, 0.2619730204, 0.00021367188915],
      [0.0076818789258, 0.012117276793, 0.0084493709141, 0.931824405, 0.039927068371],
      [0.013601538141, 0.033647050677, 0.68735933683, 0.25854498939, 0.0068470849632],
      [0.035147997242, 0.026852603025, 0.31315022528, 0.59838494572, 0.026464228734],
      [0.018499029288, 0.025908297354, 0.019174373127, 0.90281574266, 0.03360255757]
    ],
    [
      [0.60014718546, 5.3673218056e-05, 0.22766945022, 0.14236167017, 0.029768020937],
      [0.0052946374267, 0.55797003006, 0.19225501992, 0.24429852981, 0.00018178278279],
      [0.011852461377, 0.01284278646, 0.010303024038, 0.92871777015, 0.036283957977],
      [0.018124743317, 0.030788921831, 0.72294027582, 0.22276471448, 0.0053813445579],
      [0.049979989553, 0.02622560845, 0.35178565761, 0.54983347289, 0.022175271494],
      [0.028270251939, 0.027192640407, 0.023155556665, 0.89113564845, 0.030245902537]
    ],
    [
      [0.50283395731, 6.4693777192e-05, 0.26983681351, 0.17308334924, 0.054181186163],
      [0.0036910637241, 0.56045155881, 0.18908282269, 0.24650002848, 0.00027452629438],
      [0.0080745031567, 0.012556281285, 0.0099002739725, 0.91588813855, 0.053580803034],
      [0.012792216364, 0.031193689238, 0.72021063939, 0.22757566209, 0.0082277929104],
      [0.034986380794, 0.026361928382, 0.34759808142, 0.55740092286, 0.033652686547],
      [0.019417835262, 0.02681405288, 0.022439008176, 0.88628934955, 0.045039754134]
    ],
    [
      [0.66681676098, 4.5202954845e-05, 0.18900490279, 0.10792672317, 0.036206410097],
      [0.0071524483982, 0.57293519513, 0.19426118045, 0.22538215484, 0.00026902117951],
      [0.016854585408, 0.013855718413, 0.010959368849, 0.90177811284, 0.056552214488],
      [0.024489407944, 0.031562361759, 0.73043256929, 0.20555040268, 0.0079652583264],
      [0.068229816656, 0.027154634904, 0.35907669748, 0.51237977089, 0.033159080068],
      [0.039945180518, 0.029147269448, 0.024469668207, 0.85961088355, 0.046826998273]
    ],
    [
      [0.63456527035, 5.3937135035e-05, 0.20319097985, 0.1192914679, 0.042898344761],
      [0.0056308081357, 0.59950724356, 0.1799303139, 0.21465789001, 0.00027374439751],
      [0.013869356679, 0.014882504656, 0.010570366844, 0.90022233509, 0.060455436731],
      [0.020658899661, 0.034781975696, 0.72656654091, 0.20932095363, 0.0086716300991],
      [0.057527368843, 0.029828928484, 0.3550406609, 0.52148792149, 0.036115120281],
      [0.033045772658, 0.031455273241, 0.023705317652, 0.8615592054, 0.050234431048]
    ],
    [
      [0.70143404505, 3.1384059828e-05, 0.17028136879, 0.10767954004, 0.02057366205],
      [0.0078647110965, 0.50580954097, 0.21274796527, 0.27339314564, 0.00018463702153],
      [0.015636124278, 0.0098386056003, 0.010002056865, 0.93141125256, 0.0331119607],
      [0.024232865849, 0.023934279563, 0.72435355395, 0.22259091124, 0.0048883894035],
      [0.066731873369, 0.020149661914, 0.34523380328, 0.54777939262, 0.020105268819],
      [0.037412977261, 0.020819004836, 0.022459812478, 0.89178515154, 0.027523053889]
    ],
    [
      [0.56329172202, 5.8572448802e-05, 0.25969144525, 0.13849113331, 0.038467126971],
      [0.0046711690892, 0.56830693242, 0.20484568164, 0.22195674457, 0.00021947228706],
      [0.01134500591, 0.014203427231, 0.011919073539, 0.91501884091, 0.047513652407],
      [0.01558092176, 0.030582659988, 0.75018939892, 0.19731386284, 0.0063331564923],
      [0.045345353009, 0.02750387165, 0.38569439152, 0.51391448956, 0.027541894263],
      [0.027013782199, 0.030027614657, 0.026745430578, 0.87666709735, 0.039546075211]
    ],
    [
      [0.48141684037, 6.4690562144e-05, 0.38090151071, 0.12435305505, 0.013263903308],
      [0.0034595863968, 0.55547057253, 0.2650685485, 0.17593449216, 6.6800420857e-05],
      [0.010788242416, 0.017775115142, 0.019777131221, 0.93308798871, 0.018571522508],
      [0.0098525834341, 0.02544988614, 0.8296162452, 0.1334364662, 0.0016448190289],
      [0.034455998022, 0.027485319959, 0.51182749285, 0.41764410326, 0.0085870859057],
      [0.02527443733, 0.036958583635, 0.043643799294, 0.87892333673, 0.01519984301]
    ],
    [
      [0.5988526657, 7.2671812343e-05, 0.24668883854, 0.14001546535, 0.014370358592],
      [0.004225335375, 0.62568543968, 0.17174301097, 0.19827392733, 7.2286652136e-05],
      [0.011779696234, 0.017863314314, 0.011448974479, 0.94092948607, 0.017978528902],
      [0.016483333036, 0.039165870201, 0.73615792674, 0.20575633742, 0.0024365326068],
      [0.047643531019, 0.03492119429, 0.37463414081, 0.5322874892, 0.010513644684],
      [0.027859776805, 0.037479728954, 0.025495273909, 0.89431720005, 0.014848020282]
    ],
    [
      [0.50197539127, 7.2014350085e-05, 0.3396457327, 0.14147994659, 0.016826915096],
      [0.0034329219857, 0.583234383, 0.22375785045, 0.18949468178, 8.0162774696e-05],
      [0.0099775326247, 0.017460597225, 0.015566522182, 0.93622051553, 0.020774832438],
      [0.011079733717, 0.030390093978, 0.7934080084, 0.16288488826, 0.0022372756519],
      [0.035781281916, 0.030317924446, 0.45220187249, 0.47090636879, 0.010792552352],
      [0.023535039999, 0.036556880599, 0.034594478736, 0.88818972039, 0.017123880272]
    ],
    [
      [0.20926893875, 3.9511537021e-05, 0.27245529355, 0.16466298395, 0.35357327221],
      [0.0015772206926, 0.46687766335, 0.23709395514, 0.29243227644, 0.002018884375],
      [0.0021517875913, 0.0059762224385, 0.0076162361589, 0.7025717968, 0.28168395701],
      [0.0042502140448, 0.018598562783, 0.72070182397, 0.20879207631, 0.047657322894],
      [0.010449977923, 0.014291709223, 0.30974236605, 0.47614227501, 0.18937367179],
      [0.0054160683043, 0.013488957991, 0.01823835055, 0.71753254985, 0.2453240733]
    ],
    [
      [0.58129642808, 4.5185931861e-05, 0.26656192209, 0.11998636634, 0.032110097558],
      [0.0058005623002, 0.51603920428, 0.24966751806, 0.22827490799, 0.00021780737036],
      [0.013697368016, 0.012648447431, 0.014142181703, 0.91376107693, 0.045750925917],
      [0.016531111786, 0.023926853376, 0.78064516214, 0.17352395054, 0.0053729221595],
      [0.050809918528, 0.022743343543, 0.4245965281, 0.47718731148, 0.024662898357],
      [0.032451046696, 0.026608616104, 0.031583253134, 0.87144597928, 0.037911104789]
    ],
    [
      [0.64223746647, 5.3727487253e-05, 0.2092006246, 0.12536500467, 0.023143176771],
      [0.0059185237084, 0.58368271146, 0.18500396106, 0.2252467477, 0.00014805606785],
      [0.014366633927, 0.014594448766, 0.010750720015, 0.92825917977, 0.032029017523],
      [0.021151302326, 0.033686799541, 0.72615259001, 0.21443390101, 0.0045754071171],
      [0.059024238867, 0.029028710065, 0.35752004908, 0.53535752008, 0.019069481909],
      [0.034043104074, 0.030694199581, 0.024000374732, 0.88474046813, 0.026521853481]
    ],
    [
      [0.58440433635, 8.4104511128e-05, 0.25791796963, 0.12980487858, 0.027788710922],
      [0.0039742926311, 0.66079191328, 0.16569832069, 0.16940622266, 0.00012925074351],
      [0.012673174314, 0.02180680244, 0.012666194358, 0.91616890648, 0.036684922409],
      [0.016365191578, 0.044144849557, 0.74888928902, 0.18599519335, 0.0046054764944],
      [0.04874755434, 0.040649403916, 0.39440704822, 0.49570689286, 0.020489100664],
      [0.02978289923, 0.045502878806, 0.028055417206, 0.86651289071, 0.030145914047]
    ],
    [
      [0.64745340927, 5.393557141e-05, 0.18976830557, 0.13954372903, 0.023180620557],
      [0.0054631585224, 0.58200613945, 0.1653221507, 0.24706305975, 0.00014549158224],
      [0.012160647835, 0.013222137233, 0.0087753533309, 0.93683114199, 0.029010719613],
      [0.020731912809, 0.035341495964, 0.6901281197, 0.24903285669, 0.0047656148329],
      [0.054246413358, 0.028435485457, 0.31625231923, 0.58244494558, 0.018620836381],
      [0.029070843653, 0.028009879437, 0.019731922316, 0.89900999719, 0.024177357407]
    ]
  ],
  "expected_outcome": [
    [
      [2.8234770502, 21.1036355526, 0.96527117791, 13.4381911135, 0, 33.433972162, 24.7707666846, 31.3126279753, 14.2165455868, 26.8301701638, 13.9999376184, 1.007959536, 1.6909554419, 0.51229301962, 19.5478050615, 33.0999148095, 1.0468527718, 0, 0.6925966162, 14.817320351, 0.42037893278, 16.3695949256, 27.5799530405, 21.3869494468, 2.441458473, 18.714311831, 8.3145022052, 21.6052986765, 16.0906866339, 26.6726704393, 6.3456527035, 2.8057361802, 23.6582523248, 5.7770020844, 8.3839373199, 11.0434586078, 0, 183.1083748454, 18.6248865275, 42.6615165534, 2.5898136371],
      [0.00013079017593, 0.0010158195206, 0.00021805286238, 0.0019018242004, 0, 0.0015937821944, 0.0024412228008, 0.0032299910336, 0.00091581453532, 0.0016993478051, 0.0017176215591, 0.00027743081695, 2.1855420338e-05, 0.00010897544671, 0.0029488918237, 0.0029942224482, 0.00015735233493, 0, 9.9461736251e-05, 0.0020264525076, 8.5123648606e-05, 0.0020307749302, 0.0015058094757, 0.0026133004885, 3.0574521096e-05, 0.0016845292921, 0.001074049931, 0.00193223585, 0.0020702008702, 0.0018081181938, 0.00053937135035, 0.00012553623931, 0.0024600428497, 0.00077628674573, 0.0010174053728, 0.0015843157019, 0, 0.014233568536, 0.0015580971303, 0.0061396293124, 0.00021574228564],
      [0.67779610096, 4.527536455, 1.3441504316, 6.0831305459, 0, 7.0547476011, 11.2894708128, 19.2951259023, 5.6290394873, 8.1844477884, 7.5688417505, 1.0117260106, 0.25241286755, 0.36141644709, 10.6918040557, 12.4584743042, 0.27018301988, 0, 1.0343110102, 8.2521254454, 0.27433380132, 6.7368294403, 9.3008320735, 13.5052823652, 0.19796662973, 7.1524822433, 3.9627453957, 8.196100208, 8.6347780324, 7.5601961118, 2.0319097985, 0.68112547517, 10.9070407004, 4.5708181285, 3.4536437396, 7.4722061193, 0, 83.967005457, 6.0668181135, 18.8280117833, 0.75907322227],
      [0.40753129006, 1.9812446719, 0.59156692492, 4.5774242669, 0, 2.8936962038, 5.9714313303, 8.4181495375, 3.3394060406, 5.1465876556, 3.8976492306, 0.89010258532, 0.053690373135, 0.12043377785, 3.9807203151, 5.4173778747, 0.48981760411, 0, 0.25894212362, 4.0232276571, 0.26674369621, 4.2980582648, 5.2452498515, 6.2057367336, 0.31172723369, 3.3859757106, 3.0271021176, 5.125020126, 5.5386671757, 4.3170689269, 1.192914679, 0.43071816018, 5.8166275992, 1.4922366606, 1.9602165149, 3.112558825, 0, 37.7957053982, 3.6355851355, 9.4757561366, 0.55817491613],
      [0.091064768617, 0.38656750098, 0.098793412705, 0.89935224954, 0, 0.61599025096, 0.96588994946, 2.9708665938, 0.81409307074, 0.83709504441, 0.53185377898, 0.089934437295, 0.0029194619806, 0.0057477799939, 0.77672167593, 1.0212387893, 1.1929892519, 0, 0.014050788206, 0.90530009397, 0.038458446038, 1.5934865944, 0.87245922509, 0.89941815393, 0.048817089089, 0.74554568583, 0.69457623157, 1.0716487537, 1.7337979572, 1.4482564039, 0.42898344761, 0.082294648201, 1.6156193328, 0.1591668397, 0.20118502029, 0.37019213211, 0, 10.1146807308, 0.67115212637, 2.0285758973, 0.092722482227]
    ],
    [
      [0.077051563137, 0.92885415524, 0.020637804696, 0.37115244097, 0.00015840385129, 0.50014835786, 0.20064108792, 0.60168603259, 0.30659993977, 0.52787315936, 0.17264010513, 0.0095763099623, 0.056039886738, 0.0079520510698, 0.37008389489, 0.98067208193, 0.0079551549285, 2.7489199618e-06, 0.003614821649, 0.16901818396, 0.0092279595963, 0.1150024501, 0.36974824284, 0.15154043584, 0.017420654903, 0.81370644714, 0.30830328231, 0.61947257893, 0.22515488717, 0.59365321705, 0.22523232543, 0.14156479974, 0.42507638712, 0.36671615806, 0.507040245, 0.60762719147, 0.017349427618, 3.2367137635, 0.95880084076, 1.3552337872, 0.55177901076],
      [5.3197878568, 54.1887398268, 6.3733579271, 61.9638987456, 0.97973346315, 28.7485053294, 23.5881762739, 72.1000959849, 23.7299254328, 39.3847880916, 25.4076609638, 4.100406388, 2.3676667769, 4.4861835689, 65.6998669788, 103.7591783718, 2.727120356, 0.99997228778, 1.0148943284, 27.7589921636, 2.9790167549, 17.3570367466, 23.9427461975, 22.108474871, 0.80611623969, 85.8952267971, 47.4941925349, 65.2824935167, 34.1875450873, 47.5536211959, 23.9802897424, 9.1045717375, 51.7159308499, 58.879880688, 75.0822527617, 103.2324857915, 5.1356542969, 287.9498759893, 94.5565992568, 225.3300424279, 58.7826200847],
      [2.0702477753, 19.5148306821, 2.9507137895, 16.0716682824, 0.010184990272, 10.2225543461, 8.7723400584, 35.1234465388, 11.7641536662, 15.399603278, 8.9966247662, 1.0303726766, 1.7950431332, 0.89449076022, 19.3107852942, 35.1670507291, 0.26546966747, 1.9233450808e-05, 0.64817450018, 9.0726360939, 0.6739829201, 4.5795250625, 11.9648019388, 9.168330659, 0.27279419154, 29.7012734726, 14.1738220306, 22.4938373306, 11.5340521841, 16.1236779777, 7.197212556, 3.8294633749, 18.6409570289, 28.0972661407, 20.609161316, 39.6051395304, 2.6080335065, 139.3144750759, 29.9706416924, 56.5031273538, 16.6975372202],
      [2.5309182512, 17.3555344485, 2.6537286038, 24.5760899545, 0.0099208426501, 8.5223414908, 9.4334151072, 31.1356783633, 14.1870317451, 19.676336346, 9.4185027002, 1.8589943736, 0.78109456565, 0.6112678761, 14.6091164164, 31.0722465728, 0.9915348452, 5.7296865177e-06, 0.33325161258, 8.9921672635, 1.3370970479, 5.9406210547, 13.7145836037, 8.5672385267, 0.90319926293, 28.5673976745, 22.0057337136, 28.5829279882, 15.0365017374, 18.7067188515, 8.5863156003, 4.9210766214, 20.198063756, 18.6490561687, 23.792871279, 33.5405586755, 3.2167550409, 127.3773986586, 36.4899731271, 57.7675219276, 24.9533690345],
      [0.0019945535036, 0.012040887406, 0.0015618749216, 0.017190576522, 2.300075363e-06, 0.0064504758014, 0.0054274726037, 0.039093080401, 0.012289216154, 0.011399124971, 0.0045714646915, 0.0006502517834, 0.00015563744664, 0.00010574374808, 0.01014741571, 0.020852244434, 0.0079199764336, 1.6051745105e-10, 6.4737151343e-05, 0.0071862950044, 0.00067531749062, 0.007814686119, 0.0081200172482, 0.0044155074934, 0.00046965094301, 0.022395608649, 0.017948438688, 0.021268585587, 0.016746103957, 0.0223287579, 0.010949775901, 0.0033234663876, 0.019971978122, 0.0070808446109, 0.0086743982563, 0.014188811121, 0.022207728125, 0.12153651266, 0.023985082992, 0.044074503537, 0.014694649806]
    ],
    [
      [1.065574488, 6.2239611565, 0.29663209518, 4.5713932414, 0.22460108374, 6.088038477, 3.3177777764, 3.876347377, 3.1419178178, 8.3934785269, 2.3661101144, 0.056735915238, 0.54680203587, 0.094706936682, 3.8885517399, 5.2876459191, 0.10580368437, 0.26060404886, 0.074519596085, 2.0252768035, 0.16325989968, 2.4627423336, 5.9331939407, 2.3073409472, 0.15057219155, 5.9380377002, 2.281518041, 4.6343123984, 3.8676870121, 7.2980354818, 2.6629164823, 1.2821621908, 5.5703979017, 1.6506010896, 1.2368681046, 1.6961805462, 0.040883964234, 31.0793280285, 6.7666845798, 13.0533695429, 1.3498319097],
      [0.69789771893, 3.7120187073, 0.8748555888, 7.8342666281, 6.2844109515, 3.5584612764, 3.9726514403, 4.7947840549, 2.482624344, 6.4346893894, 3.5436222473, 0.21420240318, 0.18996128584, 0.41050693433, 7.0846757752, 5.7683025137, 0.26394633293, 1.5068029684, 0.16424720897, 3.3810353278, 0.47066613817, 3.7449256781, 3.9348292328, 3.4222456099, 0.046813354502, 6.4604859326, 3.5988312075, 5.021529506, 6.0144587357, 5.9995260727, 2.8574408939, 0.80676565922, 6.9738827702, 2.7195926167, 1.8756480029, 2.9683015283, 0.11354822633, 28.6993272204, 6.8739853687, 22.461006513, 1.4676572329],
      [0.67643588472, 3.1244214191, 0.99935191055, 4.737937211, 0.33381704604, 2.9756945569, 3.4706941459, 5.4231998873, 2.88204419, 5.8630588625, 2.9502350681, 0.14442069604, 0.39291783735, 0.243764715, 4.8596746611, 4.5430607054, 0.081995117285, 0.031860690132, 0.30842680833, 2.6008082701, 0.28249563347, 2.3443236033, 4.5941755889, 3.3388910547, 0.052650632394, 5.1928625258, 2.5094631615, 4.0284823988, 4.7422312328, 4.7454067115, 2.0295104341, 0.82016866291, 5.8522651076, 3.0259010768, 1.2021423203, 2.646308771, 0.14470848702, 32.0886102838, 5.0635891272, 13.0461801888, 0.97406421973],
      [60.0653457354, 197.7345153205, 65.7942963216, 513.9843254742, 24.8647362802, 176.3676108102, 265.2315372782, 340.4457758414, 247.239984259, 531.161347276, 219.5503498304, 19.2353690553, 13.7338259736, 13.1383104283, 260.6626660132, 284.3824528156, 23.1670629891, 1.2001671096, 12.3330071368, 183.2965237804, 40.9971686073, 216.4683698039, 373.9199190656, 221.9316939115, 14.3597079047, 353.8429018992, 276.7518482838, 363.1286481279, 438.7104183663, 390.4699228607, 172.8426883373, 76.3757227097, 449.2742508886, 142.7624622731, 98.7975960375, 159.1574876401, 13.3488641392, 2073.3238835606, 437.2100736711, 943.6539736743, 103.9882567607],
      [2.494746173, 7.2050833966, 2.0348640839, 18.8720774453, 0.29243463847, 7.0101948794, 8.0073393592, 22.4598928394, 11.2534293892, 16.1474259452, 5.5896827398, 0.34927193026, 0.13649286735, 0.11271098566, 9.5044318106, 10.0185380462, 10.3811918763, 0.00056518301003, 0.11979924977, 7.6963558182, 1.0864097214, 14.9796385812, 11.617882172, 5.9998284768, 0.39025591683, 14.5657119421, 11.8583393062, 14.187027569, 25.6652046531, 24.4871088733, 11.6074438524, 2.7151807774, 23.329203332, 2.8414429437, 1.8877455347, 3.5317215144, 5.3519951832, 103.8088509068, 15.0856672532, 37.7854700809, 3.2201898771]
    ],
    [
      [1.2298005744, 7.0761088827, 0.2398411661, 3.8804956977, 0.19731867314, 10.2030553609, 5.0103450135, 9.8560729612, 4.0995383307, 9.7843020817, 4.2858675446, 0.16207942569, 0.4602048358, 0.1276822557, 6.9113203329, 11.7161140953, 0.1195698884, 0.25616599098, 0.1246675988, 4.1487318638, 0.39750161197, 3.7236929694, 7.0924183505, 3.1950844356, 0.12206307141, 12.3743346653, 3.4139860733, 5.654919915, 4.2214314001, 9.8202525855, 3.2641061464, 1.7205334752, 9.5043622734, 3.3695835345, 3.5768832688, 3.7449499964, 0.13175663539, 41.4104350232, 7.3395019071, 14.1067951399, 2.5085614498],
      [1.2647220995, 6.6150043389, 1.1142862963, 10.4293636866, 9.0435788561, 9.3487488409, 9.4057197931, 19.1103710818, 5.0783108182, 11.7591312595, 10.0651392391, 0.96356591541, 0.24921954621, 0.87781021459, 19.7435197529, 20.0341037456, 0.47149370456, 2.6660552293, 0.43327627834, 10.8609570521, 1.8074432172, 8.8816063282, 7.3728140166, 7.4294409248, 0.057866728552, 21.1051000581, 8.44540972, 9.6061436114, 10.2939174484, 12.6565070653, 5.4955521599, 1.699333849, 18.6554225925, 8.7038610598, 8.4989938336, 10.2718517647, 0.57655544627, 59.9367677059, 11.6893194408, 38.0528603182, 4.2763210116],
      [36.5656287017, 163.3522615468, 38.3179991001, 184.6835416354, 14.4788563581, 229.0479242348, 240.6953302883, 631.5366470077, 172.920716816, 313.4732171132, 245.4084625535, 19.4592869962, 16.6505043874, 16.4214836916, 396.0019252748, 461.1685639928, 4.5550013015, 1.9515770742, 25.4090880983, 244.6978553367, 32.2861088547, 163.0266619492, 252.1436045965, 212.4871904695, 2.2507862876, 495.7980795301, 172.5271935433, 225.5573660545, 237.6695110001, 292.903460284, 114.797513464, 51.4291023304, 457.6155333412, 283.7287558591, 159.7462701027, 268.1719068381, 22.3417565431, 1955.5161311557, 251.9749487326, 645.5425671335, 83.5055024837],
      [10.6663621942, 35.164355153, 8.1715153505, 68.4523664265, 3.2560290268, 46.2632087168, 62.7171202412, 135.955155363, 50.4813741787, 97.1564097762, 62.2594833751, 8.3201871031, 1.6295132014, 2.558683571, 72.703952075, 98.9260565511, 3.8436115769, 0.12611156171, 3.0140033229, 58.7673562562, 15.258294212, 51.1814375046, 70.0448704351, 48.083675383, 1.542726807, 115.7761831154, 64.8947923375, 69.5025909171, 75.099968491, 82.4257114764, 33.072710674, 15.8039546978, 120.3614563326, 45.6352714388, 44.6491252192, 55.0550922305, 6.4725543655, 434.6774961058, 74.4085636499, 160.3278566702, 30.13297566],
      [0.27348643025, 0.79227007861, 0.15635808702, 1.5542325538, 0.024217085847, 1.1370628466, 1.1714846639, 5.5417535863, 1.4200598564, 1.8269397694, 0.98104728762, 0.094880559569, 0.010558029256, 0.014340267186, 1.6392825645, 2.1551616152, 1.0103235287, 9.0143780239e-05, 0.018964701584, 1.5250994913, 0.25065210414, 2.1866012486, 1.3462926014, 0.80460878711, 0.026557105436, 2.9463026311, 1.7186183258, 1.6789795021, 2.7151716604, 3.1940685889, 1.3701175557, 0.34707564765, 3.8632254603, 0.56252810789, 0.52872757567, 0.75619917036, 1.4773770097, 13.4591700095, 1.5876662696, 3.9699207381, 0.57663939478]
    ],
    [
      [1.3756049726, 4.3176493001, 0.1448683702, 3.0805080949, 0.047465993031, 5.1800527096, 1.8043371507, 3.6380847323, 2.2597019571, 3.95306777, 1.8667615921, 0.23687429361, 0.098600453524, 0.046125690637, 5.5582410235, 7.6025418122, 0.076748605419, 0.32565025311, 0.03355800542, 1.4538999868, 0.21005361149, 1.5015443278, 2.6323317476, 1.6110106569, 0.12100312638, 5.3669065224, 2.1088798345, 4.7480990075, 2.0292100861, 4.9807766159, 1.3806568522, 0.40039124022, 3.6729735938, 1.584975909, 1.6198800547, 1.4670325586, 0.062699867539, 27.7930254346, 4.6038906316, 8.0433464661, 0.97643544045],
      [0.43232037396, 1.244173801, 0.2081350117, 2.5577267231, 0.65493498722, 1.4642001119, 1.0462719013, 2.1805641597, 0.86404341358, 1.4674110318, 1.3539672216, 0.4366349735, 0.015673188959, 0.09701415651, 4.9056986993, 4.0164539152, 0.092695474185, 0.44152927497, 0.036115235268, 1.1755079777, 0.29439504314, 1.105646505, 0.84506466483, 1.1574864283, 0.017388234179, 2.8275995499, 1.6111561815, 2.4914328027, 1.5289918461, 1.982288348, 0.71589428362, 0.12089797149, 2.2278136036, 1.2643247181, 1.1873206059, 1.2430349023, 0.085750255341, 12.4406089181, 2.2642393851, 6.7071516461, 0.51183873823],
      [7.0684406798, 17.5369760075, 4.0357247947, 25.864137134, 0.58493583114, 20.4887862526, 15.2907094646, 41.2086411571, 16.7898907585, 22.3518520689, 18.8548465637, 4.9603471644, 0.57737307748, 1.0034808057, 56.2490333344, 52.8637913858, 0.48116597171, 0.16872997926, 1.1781887072, 15.1257167005, 2.9678819498, 11.5802974697, 16.5053699909, 18.9008558806, 0.33703934735, 37.9795231594, 18.7890135167, 33.419637473, 20.1606887223, 26.2125989161, 8.5209758616, 2.0714028197, 31.2412457129, 23.5440646712, 12.7375607875, 18.5402767723, 1.8584541963, 232.2543008685, 27.8865638284, 65.0771629556, 5.6925417461],
      [10.6663587472, 19.1796953657, 4.4685262014, 48.6534486094, 0.70401391483, 21.004979853, 20.2280421654, 44.9151705199, 24.9158459765, 35.1251871368, 24.2858044306, 11.1549356743, 0.30513395009, 0.84567534802, 52.3178125018, 57.4286484927, 2.307352494, 0.064041284147, 0.74449424606, 18.4454788107, 7.3266841722, 18.4923668986, 23.2706638775, 21.7240305457, 1.4822394881, 44.9175181331, 35.9030967433, 52.2341799249, 32.3292535258, 37.4037232751, 12.5157101158, 3.2866763557, 41.6270736544, 19.21162875, 18.0977746327, 19.3071611205, 2.8568536501, 261.0214593774, 41.757886566, 81.7916373227, 10.4840090204],
      [0.4572752265, 0.72150552571, 0.14274562201, 1.8441794386, 0.0086492737843, 0.86198107299, 0.63063931807, 3.0575394311, 1.1705178943, 1.1024819926, 0.63862019193, 0.21120789417, 0.0032193299472, 0.0077039991097, 1.9692144409, 2.088564394, 1.0420374547, 4.9208503399e-05, 0.0076438060027, 0.79939652424, 0.2009852233, 1.320144799, 0.74656971926, 0.60661648852, 0.042329803993, 1.9084526353, 1.587853724, 2.1066507919, 1.9518558197, 2.420612845, 0.86676288674, 0.12063161292, 2.2308934353, 0.39500595166, 0.35746391926, 0.44249464642, 1.1362420308, 13.4906054015, 1.4874195889, 3.3807016095, 0.33517505486]
    ],
    [
