{
  "Z_true": {},
  "V_true": [
    [400, 24, 83, 493, 35],
    [485, 541, 339, 11923, 452],
    [87, 171, 6339, 558, 274],
    [91, 1224, 356, 719, 120],
    [64, 55, 519, 345, 668]
  ],
  "p_true": [
    [0.3865, 0.0232, 0.0802, 0.4763, 0.0338],
    [0.0353, 0.0394, 0.0247, 0.8678, 0.0329],
    [0.0117, 0.023, 0.8533, 0.0751, 0.0369],
    [0.0363, 0.4876, 0.1418, 0.2865, 0.0478],
    [0.0388, 0.0333, 0.3144, 0.209, 0.4046]
  ],
  "Z_est": [
    [
      [0, 3.1204, 6.0148, 1.83, 1.9694, 36.4707, 14.9712, 6.5397, 0.5536, 6.0912, 0, 9.9299, 2.61, 31.3563, 7.2613, 4.5749, 7.7716, 3.6453, 16.9539, 3.3609, 5.1762, 13.9034, 10.3053, 4.3197, 10.2907, 10.0355, 9.6162, 0, 1.7097, 0.5249, 0, 4.4546, 0.39, 0, 1.5602, 19.6989, 86.9002, 18.3467, 44.4, 7.247],
      [0.3001, 0.1111, 0.2924, 0.0717, 0.0052, 1.4872, 0.7011, 0.3589, 0.0341, 0.4073, 0, 0.621, 0.2478, 1.1569, 0.3802, 0.5785, 0.3297, 0.2207, 0.6465, 0.2764, 0.3714, 0.7484, 0.7756, 0.2531, 0.6586, 0.9153, 1.0871, 0, 0.0484, 0.0125, 0, 0.4797, 0.1184, 0.0691, 0.0501, 1.1857, 6.8943, 0.8463, 1.8036, 0.2852],
      [0.3091, 2.4741, 1.9557, 0.316, 0.0167, 28.932, 7.7083, 0.9057, 0.0056, 2.7913, 0, 4.0205, 1.1249, 19.1256, 2.8881, 1.1603, 4.688, 1.4385, 9.8577, 2.4318, 3.581, 3.4077, 3.3859, 1.4385, 4.7314, 4.7765, 2.916, 1.5066, 0.3104, 0.0323, 0, 0.7862, 0.0857, 0.5557, 0.7431, 10.1047, 49.0131, 9.4824, 15.4549, 2.1028],
      [0.2414, 1.9868, 2.794, 1.3113, 0.6448, 25.1732, 10.0765, 4.5682, 0.2149, 5.5921, 0, 5.0705, 1.2895, 31.75, 7.7497, 2.1492, 7.5293, 2.9846, 17.8123, 3.2396, 4.771, 6.3848, 7.6798, 2.2355, 6.7666, 6.5461, 9.247, 0.4934, 0.6945, 0.3231, 0, 1.9343, 0.341, 0.3103, 1.387, 19.8072, 45.1492, 13.3245, 29.357, 11.614],
      [0.1495, 0.3077, 1.9431, 0.471, 0.3638, 5.9368, 3.5429, 1.6274, 0.1918, 2.1181, 0, 2.358, 0.7277, 4.6112, 1.7208, 1.537, 1.6814, 0.7109, 3.7296, 0.6912, 1.1003, 2.5556, 1.8535, 0.7532, 2.5527, 1.7266, 2.1338, 0, 0.237, 0.1072, 0, 1.3452, 0.0649, 0.0649, 0.2596, 4.2035, 22.0433, 4.0001, 8.9845, 0.7511]
    ],
    [
      [0, 0.4255, 3.9632, 1.8329, 4.414, 8.5647, 4.2753, 5.0084, 1.5604, 0.2651, 0.3582, 8.0615, 1.5655, 4.6846, 0.9179, 2.9309, 0.076, 1.7227, 0.1567, 0.0285, 0.0475, 16.8935, 7.3767, 4.3088, 5.2247, 5.1955, 4.0576, 0, 1.5801, 1.3203, 0.3697, 3.3915, 0.1683, 0, 0.358, 1.0025, 38.258, 8.4441, 21.4249, 0.057],
      [0.4201, 0.7579, 5.5569, 4.16, 7.8251, 13.7946, 6.1242, 8.3142, 0.0963, 3.6547, 0.3099, 14.1854, 1.9254, 2.9864, 5.4299, 8.0413, 3.2305, 2.2514, 1.6698, 2.2462, 4.1808, 10.8559, 14.6603, 2.209, 5.831, 10.2767, 6.7704, 0, 1.0633, 0.0348, 0.4379, 5.0883, 0.6191, 0.1943, 0.1284, 3.2433, 83.4351, 13.1085, 21.3634, 1.2708],
      [0.0385, 5.4332, 6.9488, 4.1695, 3.8212, 12.9136, 7.7006, 7.0497, 1.6375, 4.1035, 0.0848, 20.1464, 2.5115, 13.4546, 2.85, 2.6582, 12.3244, 1.425, 19.5054, 6.604, 7.6283, 22.1673, 9.5409, 3.5258, 7.9889, 4.6095, 11.0403, 1.4011, 1.0886, 0.6746, 0.6043, 3.3433, 0.0822, 0.7199, 1.0096, 28.8015, 79.6696, 11.0011, 15.2915, 2.2074],
      [3.399, 25.335, 224.0029, 70.8079, 79.9569, 627.9138, 304.4134, 374.6245, 33.7495, 367.4225, 7.011, 654.1187, 118.4066, 335.0905, 245.7815, 252.4636, 152.8578, 104.202, 443.8127, 128.9094, 237.478, 546.8321, 453.2359, 144.6623, 319.0247, 240.3874, 324.0513, 10.5989, 20.0324, 21.0092, 17.588, 235.8942, 3.932, 16.8603, 25.6875, 310.2647, 3202.0764, 605.2104, 1239.7119, 63.368],
      [0.1423, 0.0484, 7.528, 6.0296, 2.9828, 10.8132, 14.4866, 10.0032, 0.9562, 13.5542, 0.2361, 13.488, 2.5911, 4.7839, 8.0207, 6.9061, 4.5113, 2.3989, 10.8553, 1.2119, 3.6654, 12.2513, 8.1862, 3.294, 13.9308, 6.5309, 9.0805, 0, 1.2355, 0.961, 0, 5.2827, 0.1984, 0.2255, 0.8164, 13.6881, 87.561, 17.2358, 46.2083, 0.0969]
    ],
    [
      [0, 4.1799, 9.3342, 2.2647, 4.4965, 36.3883, 20.2665, 9.9429, 3.4251, 5.8912, 1.5977, 13.0935, 3.3376, 27.1208, 7.1153, 6.7072, 7.2519, 4.2583, 13.9346, 2.1727, 4.2454, 19.9946, 12.502, 6.0103, 12.444, 12.9734, 9.866, 0, 3.6361, 0, 0.4692, 7.2864, 0.408, 0, 1.791, 19.0566, 109.5119, 20.3967, 70.7261, 4.4504],
      [0.2676, 2.4594, 0.5849, 0.0428, 0.1023, 0.9913, 1.0328, 0.0969, 0.0082, 0.389, 1.9985, 0.5317, 0.1715, 0.2533, 0.416, 0.4588, 0.5316, 1.0371, 0.1416, 0.3003, 0.4571, 0.4942, 0.5141, 0.2097, 0.6427, 0.395, 0.3948, 0, 0.0491, 0, 0.1234, 1.9951, 0.9045, 0.0262, 0.0109, 0.552, 6.6454, 0.8658, 2.1437, 0.6862],
      [16.083, 75.9018, 139.9836, 5.8967, 14.2407, 970.9397, 240.4676, 18.1906, 35.6435, 84.459, 19.5631, 109.8603, 32.2533, 590.6354, 87.956, 82.2291, 138.4737, 43.6329, 295.9364, 72.3452, 110.5928, 80.8613, 92.8687, 42.0476, 143.0068, 71.5732, 86.2277, 18.8726, 8.5863, 0, 7.7314, 104.8461, 2.4209, 7.2767, 23.1957, 288.5796, 1477.749, 194.9248, 473.5131, 48.4254],
      [0.6135, 0.3186, 14.2043, 0.3185, 0.7077, 70.5658, 27.6887, 1.9264, 0.3823, 6.7166, 0.2583, 4.6356, 1.3447, 46.0913, 14.4075, 14.8914, 7.3563, 3.1783, 18.9938, 4.1659, 9.0728, 3.8217, 3.9633, 1.8047, 6.6678, 3.1848, 3.6094, 0.1274, 0.46, 0, 0.6761, 9.8196, 0.1946, 0.6002, 3.6334, 11.5006, 78.2959, 8.1035, 32.4825, 2.9991],
      [1.0359, 0.1403, 11.893, 0.4773, 0.4527, 4.1149, 7.5444, 2.8432, 0.5409, 2.5442, 1.5823, 2.8789, 0.8929, 2.8991, 2.1051, 3.7135, 2.3864, 0.8935, 4.9936, 1.016, 1.6318, 2.8282, 2.1519, 0.9277, 3.2387, 1.8737, 1.9021, 0, 0.2686, 0, 0, 2.0526, 0.0718, 0.0969, 0.3689, 5.3112, 29.7978, 4.7092, 11.1346, 0.4389]
    ],
    [
      [0, 0.033, 0.1308, 0.0167, 0.0644, 0.8476, 0.4104, 0.1748, 0.4052, 0.2328, 0.0255, 0.284, 0.1528, 0.7779, 0.1858, 0.3044, 0.1766, 0.1138, 0.4328, 0.1596, 0.1968, 0.4102, 0.3519, 0.1569, 0.3909, 0.2572, 0.2003, 0, 0.0184, 0.1362, 0.0151, 0.2549, 0.0151, 0, 0.2165, 0.7942, 3.7544, 0.4203, 1.0173, 0.0415],
      [2.9, 3.6818, 18.0544, 1.6129, 8.0602, 103.2302, 49.966, 22.1866, 2.8015, 29.8669, 3.6892, 37.6315, 19.2255, 86.7028, 25.1445, 41.9454, 22.3401, 15.1234, 48.4314, 20.7195, 26.3852, 51.6563, 50.7954, 18.9153, 48.7822, 35.5001, 26.714, 0, 2.7618, 0.9327, 2.3193, 34.6021, 2.2853, 0.6904, 3.7306, 94.0572, 496.2863, 54.7517, 122.7216, 6.5732],
      [0.1349, 0.1687, 0.7759, 0.0675, 0.3711, 15.024, 4.9053, 1.0795, 1.082, 2.4028, 0.1687, 1.7878, 4.0724, 21.0029, 1.6245, 2.8765, 2.5308, 1.163, 6.421, 1.8335, 2.4095, 3.5173, 2.8405, 1.4328, 6.2825, 1.6192, 1.2481, 2.5161, 0.1349, 0.0756, 0.174, 2.8123, 0.1255, 0.0383, 0.4884, 12.6957, 39.7348, 2.6312, 10.689, 0.3036],
      [0.5015, 0.6268, 2.8834, 0.2507, 1.379, 27.1577, 13.0185, 4.0117, 1.0757, 8.361, 0.6268, 6.6444, 5.0636, 31.1502, 4.5132, 11.5431, 4.7121, 3.5886, 20.0719, 8.1088, 7.8089, 11.95, 8.5248, 7.1551, 13.9063, 6.0175, 4.6385, 0.4839, 0.5015, 0.5639, 0.4916, 8.7662, 0.3761, 0.1254, 2.8767, 40.8676, 139.7218, 9.7785, 24.7556, 1.1283],
      [0.4637, 0.4898, 1.1555, 0.0522, 1.1254, 14.7406, 9.6998, 4.5474, 0.6356, 6.1364, 0.4898, 6.6523, 2.4857, 11.3663, 4.5321, 5.3307, 4.2404, 2.0113, 9.6431, 2.1787, 3.1997, 7.4662, 5.4873, 2.3399, 7.6381, 4.6059, 4.199, 0, 0.5834, 0.2917, 0, 4.5645, 0.1981, 0.1458, 0.6878, 12.5853, 68.5028, 10.4182, 23.8165, 0.9534]
    ],
    [
      [0, 0.2413, 0.5569, 0.0557, 0.0557, 2.7286, 1.0766, 0.3341, 0.0557, 0.5197, 0.0186, 0.6311, 0.3341, 2.0604, 0.5197, 0.4826, 0.7239, 0.2599, 1.522, 0.2784, 0.3341, 0.7982, 0.4641, 0.2042, 0.6497, 0.5383, 0.2599, 0, 0.0557, 0.0186, 0.1461, 0.6125, 0.0186, 0, 0.0743, 1.4478, 8.5756, 1.3922, 2.4317, 0.2042],
      [0.1122, 1.9898, 0.5113, 0.1126, 0.0072, 2.4967, 1.1759, 0.0433, 0.0599, 0.6822, 0.0024, 1.0304, 0.4298, 1.9007, 0.6295, 0.976, 0.5681, 0.3674, 1.1107, 0.4577, 0.6054, 1.2452, 1.2546, 0.4129, 1.0855, 0.9129, 0.0337, 0, 0.0775, 0.02, 0.1194, 0.8347, 0.0727, 0.02, 0.0799, 1.9618, 11.7389, 1.4276, 2.9676, 0.1846],
      [0.4345, 7.0223, 9.336, 0.5503, 0.5503, 64.1907, 20.2182, 3.7746, 0.6313, 7.2434, 0.1834, 10.185, 5.0379, 53.7815, 8.6814, 8.0759, 12.9831, 4.3407, 27.2795, 5.7855, 6.7884, 12.0464, 7.3641, 3.5554, 9.9905, 8.4216, 2.568, 1.7037, 0.8797, 0.2175, 0.4902, 10.2121, 0.2857, 0.4094, 1.5632, 26.8186, 145.8336, 25.9605, 43.0515, 3.9609],
      [0.2446, 1.7328, 3.1154, 0.3115, 0.3115, 25.1894, 6.8029, 1.8692, 0.5775, 2.9077, 0.1038, 3.5308, 4.8956, 14.9179, 4.5481, 2.9527, 9.5444, 3.0466, 19.3093, 2.5763, 1.8692, 8.0114, 2.5962, 1.1423, 3.6346, 5.8642, 1.4539, 0.2963, 0.3115, 0.1038, 0.2443, 7.5857, 0.1562, 0.1038, 0.4154, 13.5599, 94.7568, 12.5831, 13.693, 2.8906],
      [1.2087, 2.0138, 16.4804, 1.9699, 2.0753, 52.3945, 28.7263, 11.9787, 1.6755, 16.647, 0.6918, 18.6228, 7.3026, 38.3394, 13.6213, 13.5128, 15.1805, 5.9854, 32.7784, 5.9021, 8.4029, 20.8987, 13.3211, 5.6852, 19.6397, 13.2629, 9.6846, 0, 1.6755, 0.6401, 0, 13.7549, 0.4668, 0.4668, 1.8673, 34.2119, 201.0952, 33.6366, 68.8561, 3.7598]
    ]
  ],
  "V_est": [
    [413.9045, 24.8297, 206.5645, 300.5444, 89.1569],
    [170.2904, 277.7517, 347.7764, 12592.1849, 351.9966],
    [498.5472, 28.9255, 6357.9913, 419.7831, 123.753],
    [13.5771, 1643.7746, 161.2614, 445.7267, 245.6601],
    [30.6808, 39.7186, 562.4065, 279.7608, 738.4334]
  ],
  "p_est": [
    [0.3999, 0.024, 0.1996, 0.2904, 0.0861],
    [0.0124, 0.0202, 0.0253, 0.9165, 0.0256],
    [0.0671, 0.0039, 0.8558, 0.0565, 0.0167],
    [0.0054, 0.6549, 0.0642, 0.1776, 0.0979],
    [0.0186, 0.0241, 0.3406, 0.1694, 0.4473]
  ],
  "EI_Z": {},
  "EI_V": 7.435,
  "MAE_Z": {},
  "MAE_V": 156.8184,
  "MAE_p": 0.0464,
  "runtime": 1.208
}
