{
  "Z_true": {},
  "V_true": [
    [371, 146, 602, 89, 58],
    [670, 1355, 8508, 623, 527],
    [157, 2933, 266, 15119, 821],
    [31, 324, 215, 546, 636],
    [58, 1051, 336, 836, 650]
  ],
  "p_true": [
    [0.293, 0.1153, 0.4755, 0.0703, 0.0458],
    [0.0573, 0.116, 0.7282, 0.0533, 0.0451],
    [0.0081, 0.152, 0.0138, 0.7835, 0.0425],
    [0.0177, 0.1849, 0.1227, 0.3116, 0.363],
    [0.0198, 0.3586, 0.1146, 0.2852, 0.2218]
  ],
  "Z_est": [
    [
      [13.0162, 4.4894, 28.0931, 21.0603, 43.8678, 26.7066, 23.673, 1.5976, 36.8805, 3.195, 10.0974, 14.8856, 36.8422, 21.1295, 36.5052, 22.7839, 16.3869, 5.0487, 4.4511, 33.2566, 0.6359, 27.5647, 1.6741, 35.2025, 11.4457, 3.777, 9.2077, 0.8447, 2.3963, 39.3092, 46.3307, 43.1627, 12.9397, 3.777, 47.4607, 8.6799, 86.0193, 21.0603],
      [3.7472, 1.4196, 7.9028, 6.3678, 8.7004, 6.8917, 5.2429, 1.9289, 7.9641, 1.63, 1.7748, 3.2765, 8.2738, 2.8707, 9.5907, 6.1941, 8.3847, 0.9565, 1.0688, 8.6866, 0.2352, 6.1445, 0.1733, 9.7597, 3.223, 0.4332, 0.953, 0.1527, 0.7675, 11.6339, 12.5282, 10.8864, 2.2127, 0.8416, 12.1746, 4.2028, 16.5718, 3.4451],
      [0.7576, 0.2971, 3.0058, 1.67, 0.1462, 1.1053, 0.0791, 0.0676, 2.2039, 4.3496, 0.0335, 0.0527, 2.3298, 0.0695, 2.2414, 6.5475, 0.4738, 0.0168, 0.2305, 1.7355, 0.0089, 1.2526, 0.0048, 1.5527, 0.0431, 0.012, 0.0264, 0.0024, 0.9781, 1.3933, 16.8205, 2.0478, 0.0431, 0.012, 0.1653, 0.2607, 3.1658, 1.8402],
      [0.083, 0.7434, 1.9992, 1.4327, 0.0105, 2.6335, 0.0057, 0.8761, 3.8419, 0.5997, 0.0024, 0.5738, 2.1959, 0.005, 0.0096, 1.1157, 2.0591, 0.0012, 0.5031, 6.8153, 0.0002, 1.2647, 0.0003, 8.0298, 0.0031, 0.0009, 0.0019, 0.0002, 1.1854, 0.0101, 2.9533, 2.8488, 0.0031, 0.0009, 0.0119, 1.078, 3.3191, 5.1986],
      [2.3959, 1.0505, 5.999, 4.4693, 8.2751, 4.6629, 3.9994, 0.5299, 7.1095, 1.2256, 2.0918, 3.2114, 7.3583, 4.9253, 7.6531, 4.3589, 2.6956, 0.9768, 0.7464, 6.506, 0.1198, 4.7735, 0.1475, 6.4554, 3.2851, 0.777, 0.811, 0, 0.6727, 6.6534, 9.3674, 7.0543, 2.8013, 0.3686, 9.1874, 1.7785, 14.924, 3.4558]
    ],
    [
      [4.229, 0.5278, 6.2966, 4.9387, 13.3056, 6.6271, 11.1163, 0.1196, 11.2163, 0.2392, 4.721, 5.6526, 11.8473, 9.7861, 13.3079, 2.4609, 1.4176, 2.177, 1.3459, 6.3947, 0.1984, 7.4961, 1.0761, 6.1169, 3.2209, 1.995, 8.4972, 1.4907, 0.1794, 14.0001, 3.468, 14.8565, 5.7199, 2.1469, 16.0043, 0.667, 36.6589, 3.9188],
      [19.2125, 8.9776, 32.9979, 29.4317, 43.3437, 29.5211, 35.9534, 2.1591, 27.5665, 8.0365, 11.8682, 10.6187, 30.9904, 35.7011, 44.049, 25.5806, 14.7492, 7.7061, 4.2951, 33.0379, 1.8811, 23.0221, 0.8956, 39.3726, 48.9841, 9.2572, 9.8225, 0.6024, 2.2634, 78.2244, 43.2984, 51.8588, 20.0484, 3.5822, 62.1738, 4.4644, 54.7892, 3.1984],
      [152.9948, 60.6432, 275.9601, 319.8072, 459.9828, 211.7062, 208.8458, 12.0099, 428.7102, 93.5945, 218.0862, 315.055, 458.2438, 388.6292, 653.7488, 154.9857, 86.8359, 68.6382, 45.7709, 345.2397, 13.7062, 251.1431, 12.6609, 303.8845, 242.5806, 92.3444, 167.0803, 5.6117, 30.7565, 430.4014, 474.2758, 409.9444, 205.0865, 93.6939, 595.0774, 41.1245, 634.3713, 112.8217],
      [6.8985, 3.073, 5.8796, 2.2903, 3.4123, 1.6252, 4.7344, 0.1743, 3.0595, 0.3767, 1.9969, 5.7437, 3.2851, 18.0193, 17.24, 1.2088, 0.642, 3.8322, 1.0649, 8.0545, 2.1665, 6.4227, 0.1669, 23.4908, 1.9375, 1.8464, 8.848, 2.2953, 0.3952, 10.3425, 3.3834, 6.0939, 14.6818, 2.9499, 4.4071, 0.3181, 22.6398, 4.5551],
      [19.6652, 9.7783, 44.8657, 39.5321, 69.9556, 31.5204, 32.3501, 3.5371, 58.4475, 8.7531, 22.3278, 33.93, 63.6334, 60.8643, 80.6542, 24.764, 7.3554, 9.6465, 5.5233, 48.2732, 1.0478, 35.916, 3.2005, 37.1352, 38.2769, 12.5568, 22.7521, 0, 4.4056, 45.0316, 60.5744, 43.2464, 30.4634, 15.627, 84.3374, 8.426, 103.5408, 16.506]
    ],
    [
      [3.4857, 0.845, 5.774, 4.3657, 19.6936, 8.1408, 6.6795, 0.2817, 9.3071, 0.5633, 2.8109, 3.9405, 9.5977, 6.3843, 8.3089, 4.2248, 2.9574, 1.5981, 1.1684, 6.6189, 0.1408, 10.4299, 0.5806, 6.9006, 2.5349, 0.9858, 4.9948, 1.2826, 0.4225, 10.7552, 8.168, 11.1704, 3.8629, 0.9922, 16.2351, 1.5491, 24.0335, 5.7405],
      [52.0931, 16.1521, 89.8664, 78.0493, 102.7237, 84.0679, 98.5022, 5.981, 59.4659, 15.8835, 27.0991, 19.7414, 66.0926, 76.9542, 105.6383, 65.2426, 40.4703, 21.4527, 17.4658, 91.7745, 4.5825, 62.5502, 2.0905, 114.6695, 105.279, 27.8702, 25.1533, 1.367, 5.4642, 172.3082, 119.7432, 135.4192, 49.8127, 5.2822, 176.451, 13.4271, 140.9301, 4.6681],
      [2.179, 0.8532, 4.0036, 23.1979, 8.8703, 3.3806, 8.2209, 0.1706, 26.6396, 0.9161, 0.8055, 16.0447, 25.8104, 5.4213, 24.6469, 2.284, 1.5386, 0.9451, 2.5791, 7.5928, 0.1838, 3.5442, 0.0503, 4.3186, 4.9427, 4.1184, 3.217, 0.0788, 0.7336, 5.9988, 25.2846, 7.1631, 2.8485, 2.4577, 13.8774, 10.167, 20.3176, 5.9154],
      [391.1834, 102.6976, 674.8263, 850.2666, 795.052, 584.7112, 417.4177, 40.3922, 473.4266, 80.2683, 160.5463, 251.152, 551.3766, 507.1757, 699.1811, 376.9756, 170.0029, 205.9748, 105.7721, 750.2849, 34.0899, 683.9874, 9.2205, 734.9864, 643.214, 274.9873, 178.8277, 15.2716, 43.5207, 924.7908, 751.6205, 759.1076, 375.1567, 149.2343, 1329.0572, 86.0114, 982.0192, 212.1187],
      [0.0588, 0.4521, 9.5298, 0.1205, 13.6604, 0.6994, 1.1795, 0.1745, 8.1607, 0.3688, 0.7383, 1.1214, 10.1228, 5.0645, 0.2249, 1.273, 0.0309, 0.0294, 0.0147, 0.7289, 0.0029, 2.4883, 0.0581, 0.1249, 2.0294, 0.0382, 0.8072, 0, 0.859, 0.147, 0.1837, 0.1396, 2.3192, 10.0336, 4.3793, 6.8454, 33.6996, 1.5573]
    ],
    [
      [0.0025, 0.0007, 0.0047, 0.0039, 0.0087, 0.0046, 0.0042, 0.0002, 0.0063, 0.0005, 0.0019, 0.0027, 0.0066, 0.0043, 0.0071, 0.0031, 0.0021, 0.0009, 0.0007, 0.0051, 0, 0.0047, 0.0004, 0.0055, 0.0026, 0.0008, 0.0023, 0.0319, 0.0003, 0.0067, 0.0049, 0.0073, 0.0025, 0.0012, 0.0094, 0.001, 0.0138, 0.0029],
      [21.5064, 5.4881, 33.2019, 33.2325, 52.8852, 27.7703, 20.4954, 1.4267, 34.1754, 5.0319, 10.221, 14.6991, 38.8091, 28.6399, 51.2974, 18.3167, 10.3766, 5.4164, 3.1644, 31.3481, 0, 22.453, 0.6271, 37.1643, 31.2032, 6.9986, 9.7938, 0.4989, 2.281, 40.1654, 45.4937, 38.6305, 15.88, 10.9731, 66.9575, 1.3122, 38.7606, 5.6606],
      [10.0089, 2.7319, 17.9531, 23.6514, 31.3107, 17.0887, 5.2086, 0.6561, 25.3154, 2.0043, 3.7023, 8.4785, 23.1532, 15.9058, 31.1981, 8.2342, 4.4582, 1.8691, 1.4124, 16.718, 0, 12.1066, 0.1063, 16.8257, 13.3066, 2.4729, 5.4025, 0.262, 1.3619, 15.881, 30.8618, 19.6513, 7.434, 6.8179, 40.1284, 0.4251, 8.2895, 3.5091],
      [6.0134, 0.3757, 6.2901, 7.3157, 13.2107, 5.2839, 1.1955, 0.1025, 6.3007, 0.7969, 1.6822, 2.652, 13.0424, 2.0836, 17.0124, 1.3781, 1.4047, 0.3416, 0.2049, 5.5646, 0, 4.107, 0.0342, 12.8049, 5.8237, 0.444, 0.7173, 0.2073, 0.1708, 2.4252, 7.633, 6.5143, 1.093, 4.6321, 15.0293, 0.1366, 2.6643, 0.4782],
      [5.4687, 2.4035, 13.5501, 10.7965, 20.5847, 8.8525, 8.0963, 0.8144, 15.2022, 2.1663, 5.3926, 8.1676, 16.9887, 14.3663, 19.485, 7.0679, 2.7584, 2.372, 1.2175, 12.3641, 0, 9.3287, 0.2321, 11.1996, 10.6639, 3.0836, 5.084, 0, 1.186, 12.5217, 16.0066, 12.1965, 7.5904, 11.5758, 22.8753, 2.1251, 28.2718, 4.3492]
    ],
    [
      [0.2666, 0.1372, 0.8316, 0.6314, 1.1243, 0.5209, 0.527, 0.001, 0.5898, 0.002, 0.3688, 0.5187, 0.7062, 0.6959, 0.8709, 0.5272, 0.236, 0.1753, 0.0339, 0.7247, 0.0249, 0.5046, 0.6688, 0.7745, 0.7959, 0.2414, 0.298, 0.3501, 0.0015, 0.9288, 0.0284, 0.8031, 0.475, 0.0827, 1.2905, 0.103, 1.2745, 0.2776],
      [25.4407, 11.9625, 68.031, 54.9187, 89.347, 48.749, 50.8061, 2.5042, 48.8281, 10.418, 27.0369, 34.6642, 57.834, 57.834, 76.4246, 44.6661, 23.0192, 14.4683, 2.0059, 62.1529, 2.3011, 42.8301, 3.2136, 70.0339, 73.3107, 19.4407, 22.2774, 1.379, 4.2239, 92.6681, 75.9365, 76.2051, 38.0461, 7.321, 114.243, 7.5935, 101.9482, 8.0278],
      [0.0597, 0.4745, 4.0773, 2.6736, 3.6901, 1.7191, 1.6456, 0.0958, 0.1309, 0.1354, 2.3725, 10.369, 3.4629, 2.9742, 3.1647, 1.9486, 0.6936, 0.5308, 0.0071, 2.714, 0.1012, 1.9535, 1.1777, 2.4185, 2.127, 1.0522, 1.2738, 0.0452, 0.1699, 3.3255, 4.7573, 3.1933, 1.5879, 0.0185, 4.7513, 0.0228, 4.8559, 0.9136],
      [3.8216, 3.1102, 24.0048, 15.6948, 32.3145, 8.7462, 7.6467, 0.455, 8.3712, 1.9584, 13.7723, 14.8786, 10.1, 13.7163, 12.5568, 16.3218, 4.8914, 5.8503, 0.455, 17.2806, 0.7434, 10.2182, 4.5781, 19.6882, 22.0217, 8.7213, 9.6051, 1.2257, 0.7279, 14.4313, 12.4099, 13.4354, 15.0653, 1.1829, 27.4946, 1.4559, 18.3576, 21.6494],
      [12.4113, 6.3156, 36.0553, 27.0815, 51.5242, 22.2647, 22.3747, 1.9441, 34.0801, 5.4861, 15.4495, 22.5695, 38.8969, 35.7795, 44.9829, 20.5363, 8.1597, 6.9753, 2.4981, 32.1278, 0.8295, 23.4936, 7.3618, 30.0849, 30.7447, 9.5443, 13.5456, 0, 2.8768, 35.6463, 38.8679, 32.3631, 20.8257, 4.3949, 57.2205, 6.8249, 70.5638, 12.1316]
    ]
  ],
  "V_est": [
    [805.4545, 199.2122, 57.043, 51.4169, 152.8735],
    [245.4382, 913.5353, 9076.053, 209.5522, 1238.4214],
    [217.5257, 2301.7846, 281.3178, 16375.906, 119.466],
    [0.1691, 822.3565, 435.9018, 157.1667, 336.406],
    [18.4126, 1572.1114, 76.6845, 418.9583, 844.8332]
  ],
  "p_est": [
    [0.6362, 0.1574, 0.0451, 0.0406, 0.1208],
    [0.021, 0.0782, 0.7769, 0.0179, 0.106],
    [0.0113, 0.1193, 0.0146, 0.8487, 0.0062],
    [0.0001, 0.4694, 0.2488, 0.0897, 0.192],
    [0.0063, 0.5364, 0.0262, 0.1429, 0.2882]
  ],
  "EI_Z": {},
  "EI_V": 12.5378,
  "MAE_Z": {},
  "MAE_V": 370.3973,
  "MAE_p": 0.1035,
  "runtime": 1.293
}
